node_id	error
0	0.0004272046839
1	0.0009751057873
2	0.0008534836104
3	0.0002187160541
4	0.001159035001
5	0.0004352262109
6	0.00010043806
7	0.0001305135655
8	0.0003286254132
9	0.0006075935903
10	0.0004152307984
11	0.0002952610388
12	0.0009779512181
13	0.0004594386028
14	0.0002950219574
15	0.000660990793
16	0.0004226590474
17	0.0001463199277
18	8.331859396e-06
19	0.000377719252
20	0.0003964791165
21	4.59869463e-05
22	0.001985851211
23	0.0002861604827
24	0.0006225944609
25	8.356105128e-06
26	0.001073290848
27	0.0002509830176
28	0.003761488872
29	0.001209974056
30	0.0006201445804
31	0.002186731218
32	0.0001542714955
33	0.0004934736069
34	0.001009025283
35	0.001008695142
36	0.000489852465
37	0.000371390707
38	0.0005578220437
39	0.0001367208407
40	0.0005700644124
41	6.692959084e-05
42	0.0006350464539
43	0.0002599183062
44	0.0002187349229
45	0.0002509556357
46	0.0002696604273
47	0.0005896694924
48	0.0005585777996
49	0.0003848728688
50	8.017365276e-05
51	0.0007784481823
52	0.0005960329731
53	0.0004109132669
54	0.000239878747
55	0.0009000793147
56	0.0005579912573
57	0.001097848888
58	0.0009126342365
59	0.0005033076212
60	0.0001382647276
61	0.0006520082119
62	0.002604801348
63	0.0001530527591
64	0.0004665843548
65	0.0003133004795
66	0.005679062066
67	0.0003839141913
68	0.0003853984874
69	5.496188536e-05
70	0.0001411426668
71	0.0001875677462
72	0.0001972865211
73	0.0001593525295
74	0.0004500385253
75	0.001587784833
76	0.001027900209
77	0.0009082566924
78	0.00493662297
79	0.002507267023
80	0.001917338554
81	8.001843817e-05
82	8.656545177e-05
83	0.00864378331
84	0.0007272926941
85	0.006126249285
86	0.0001039092992
87	0.001203168059
88	0.001523807476
89	0.0007587585815
90	0.001242680115
91	0.0003837542639
92	0.001216018519
93	8.651107193e-05
94	0.001505140678
95	0.0001774508844
96	0.0003810066277
97	0.0007435176393
98	0.0001343993386
99	0.0001160318658
100	5.081438295e-05
101	0.0007540100008
102	0.0002032645811
103	8.074038207e-05
104	0.003287782864
105	0.000606513061
106	0.0005148162949
107	0.0009112179296
108	0.0005391405183
109	0.002685169802
110	0.0001471181701
111	0.0003734190668
112	0.006369438342
113	0.0002062665691
114	1.607400342e-05
115	0.0002507215246
116	0.0003817999838
117	0.0006613331545
118	0.0001820793982
119	0.0003639988732
120	0.001482653105
121	0.0001310524829
122	0.0002845527581
123	0.0008306565537
124	0.0007203269282
125	0.0002756273617
126	0.000117883738
127	0.0007375492129
128	0.0004994122738
129	0.0004685845285
130	0.0007737343939
131	0.0004264936327
132	9.25670608e-05
133	0.0002626030536
134	0.0001375062858
135	0.0003154240199
136	0.0006978554106
137	6.302644814e-05
138	0.0001045302768
139	0.0003005526271
140	0.001155491664
141	0.0001534337712
142	0.0003657873898
143	0.0002658190767
144	4.269455238e-05
145	0.0003732225077
146	0.0003631730637
147	7.737680834e-05
148	0.0003308792813
149	2.164036842e-05
150	0.002171411934
151	3.825745683e-05
152	3.233312016e-05
153	0.0001345863528
154	0.000646810499
155	0.0002312975716
156	0.0001331704611
157	0.0006766809025
158	0.0007105160238
159	0.000337208858
160	0.0003160817592
161	0.0006004590266
162	0.0003806971887
163	0.0004376917773
164	0.0001136012085
165	0.001198281905
166	0.0004397969913
167	0.0001698288266
168	5.361081743e-05
169	4.68369214e-06
170	0.0009167753867
171	0.000609679352
172	8.659501933e-06
173	0.002234848234
174	0.0007927700895
175	0.0003734933918
176	5.490428251e-05
177	7.773389476e-05
178	2.949245408e-05
179	0.004297989862
180	0.0004727722414
181	0.0001217196357
182	0.0003081798423
183	0.001673374182
184	0.0003151274144
185	0.0002605136632
186	0.0001173954882
187	0.0001817202205
188	0.001597267696
189	0.0005211958331
190	0.0004488913759
191	0.0005208378341
192	0.0003817798624
193	0.0001043126263
194	0.002541185728
195	0.0001586528355
196	0.002252831873
197	0.0001297633093
198	0.001184155457
199	0.000829314654
200	0.001137231429
201	0.0007690930659
202	0.0001692211926
203	0.0004716690264
204	0.0007967032771
205	3.083245601e-05
206	0.0007222041841
207	0.0001395649965
208	1.430559866e-05
209	0.00314327208
210	0.0003403778366
211	0.0005271086194
212	2.966031559e-05
213	0.0005383688486
214	0.0002569973663
215	6.292196806e-05
216	0.0004625766042
217	0.0004892851595
218	4.575134772e-05
219	5.365703781e-05
220	0.0003070620071
221	2.845110797e-06
222	0.0002892654152
223	0.0004752086357
224	0.00142399223
225	0.0005215849242
226	0.0001641470162
227	0.0007835250705
228	0.001076640631
229	0.0001908696092
230	0.002403018309
231	3.953329648e-06
232	0.0003624721038
233	0.000304361738
234	0.0005137824798
235	0.000477001367
236	0.000222662725
237	0.004642320537
238	0.001294568244
239	0.0002710251463
240	0.0004600667183
241	0.00115445732
242	0.0007208098995
243	0.0005418820476
244	0.0005606354446
245	0.0009455538065
246	0.0003600279841
247	0.0003393904795
248	0.001687762726
249	0.0007319206909
250	0.003787157729
251	0.004294777095
252	0.001607125161
253	9.610179295e-05
254	0.0005048543367
255	0.0006915792455
256	0.0003517806977
257	0.001227672953
258	0.0003048755046
259	0.0002381448355
260	0.0004760739815
261	0.0008531903807
262	0.0002173524466
263	0.0006474768997
264	0.0007373792345
265	0.001124853276
266	0.0001216481105
267	0.0008610407369
268	0.001450139539
269	0.0004959571224
270	0.00244866461
271	0.0003578180722
272	0.0005116069456
273	0.0001915917094
274	0.0001410325967
275	0.0009859657913
276	0.002471706172
277	0.000371170726
278	0.002078506692
279	3.706643443e-05
280	0.0003949187589
281	0.002926768305
282	0.0001936594149
283	0.0002565866115
284	0.0003476793888
285	0.0005628211825
286	0.004123499168
287	0.0003110247719
288	0.0002604850655
289	0.001624835172
290	0.001460123638
291	0.001071313624
292	0.001862187625
293	0.001084698841
294	0.001117536664
295	0.001936299528
296	0.000917668752
297	0.0005313701233
298	0.008346931483
299	0.005053242183
300	0.00310456798
301	0.0008394111917
302	0.00236473631
303	0.0005411124594
304	0.0006634102649
305	0.0007842474988
306	0.0003737719489
307	0.0002881357307
308	0.006562034687
309	0.01021099432
310	0.004742800836
311	0.001154550942
312	0.0017337641
313	0.002220654564
314	0.0001841242136
315	9.889820483e-05
316	0.0005124380371
317	0.001610621134
318	0.0006395420666
319	0.001693529743
320	4.889100814e-05
321	0.0008793386708
322	0.0004860267345
323	0.002238972686
324	0.0003718521333
325	0.004579484311
326	0.0001109690363
327	0.0001559290311
328	0.0008771298171
329	0.001521496876
330	0.0007726595736
331	0.000513288727
332	0.005914794223
333	0.006320588418
334	0.002495904321
335	0.001127350685
336	1.867761696e-06
337	0.0009050603483
338	0.001577938026
339	0.00192588574
340	0.001037641805
341	0.006914676789
342	0.001886093281
343	0.002678958817
344	0.003530692338
345	0.001345827509
346	0.0004782084474
347	0.002021967347
348	0.001721274957
349	0.006431010001
350	0.001442720518
351	0.001189685479
352	0.003606723058
353	0.002086419571
354	2.892761432e-05
355	3.359648426e-05
356	0.0003992982839
357	0.001662477477
358	0.000318029809
359	0.002080247134
360	6.613314666e-07
361	0.0005832708816
362	0.005866002388
363	9.25521166e-05
364	0.0005894149183
365	0.001550157566
366	0.001397521012
367	0.001795168614
368	0.0008725242755
369	0.004006147024
370	0.001159846727
371	0.001239836124
372	0.000896713349
373	0.0007545554783
374	0.002894773341
375	0.002025394886
376	0.0001284966189
377	1.87022984e-05
378	0.004206493414
379	0.0007114370053
380	0.0004811220488
381	0.001761167945
382	0.003543780005
383	0.0006953807837
384	0.0004314203493
385	0.004701960529
386	0.000241267528
387	7.649883962e-05
388	0.0002810935735
389	0.004013632903
390	0.0002066922906
391	0.0006942138603
392	0.0003900655916
393	0.002441660889
394	0.001628655502
395	1.700448718e-05
396	0.00216530777
397	0.001947059283
398	0.001978069598
399	0.001501387637
400	0.01109300168
401	0.00130364296
402	9.308268501e-05
403	0.0001719266023
404	0.004144010058
405	0.003155770152
406	0.0009410552618
407	0.005099387184
408	0.0005897085439
409	0.000329568416
410	0.001018898871
411	0.0009713021408
412	0.002460908064
413	0.001397519442
414	0.001359672631
415	0.0005876502139
416	0.0008877976847
417	0.001329946295
418	0.004359473252
419	0.0001157478586
420	0.001597468553
421	0.001548398947
422	0.0001644333212
423	0.001546795364
424	0.0004608306078
425	0.000162133132
426	0.003111458235
427	0.002030523402
428	0.001235348037
429	0.004042165043
430	0.0004766030824
431	0.0005001617129
432	0.001223388412
433	0.0001960945528
434	0.009055619903
435	0.0002758203094
436	0.0006281224153
437	0.0002164169991
438	0.001377228921
439	0.01020926406
440	0.0007906906017
441	0.001653299596
442	0.0004020779642
443	0.00112009894
444	0.0003470040215
445	0.003567064924
446	0.006937267481
447	3.157972126e-05
448	0.0008235489461
449	0.004104269354
450	0.001682281707
451	0.006740350577
452	0.002499196053
453	0.001083239838
454	0.00802827856
455	0.001700898014
456	0.001414948967
457	0.0024035913
458	0.00432819162
459	0.002865939506
460	0.001045692423
461	5.502627341e-05
462	0.000818790199
463	3.056760385e-05
464	0.0001623990544
465	0.0004577502307
466	0.0003143794394
467	0.00473966596
468	0.0001267727571
469	0.002038970835
470	0.0001580101528
471	0.002768304653
472	0.0007006479128
473	0.002647578636
474	0.0005440558886
475	0.001118855841
476	0.002040249512
477	0.005871174406
478	0.002295275915
479	0.004488242003
480	0.003586801247
481	0.003409454714
482	9.906595088e-05
483	0.0008440164274
484	9.732701564e-05
485	0.0002708109309
486	0.001691515894
487	0.003239330704
488	0.0004781742744
489	0.001775750331
490	0.001966478781
491	0.0004628038351
492	0.002377424751
493	0.0002163572967
494	0.002832360502
495	0.0006131174831
496	0.001535452598
497	0.002207408362
498	0.0003278146789
499	0.005538055305
500	0.003876560003
501	0.0006402448365
502	0.005262904527
503	0.000139341413
504	0.0007609618314
505	0.0006579918453
506	1.420763396e-05
507	0.004541654495
508	0.005524483909
509	0.003387211781
510	0.002991269537
511	0.009201674272
512	0.0006446346979
513	0.001919790327
514	4.023025065e-05
515	0.002110088533
516	0.0001866089824
517	0.001647867954
518	0.0002928359967
519	0.0008393027081
520	0.0009014577653
521	0.001040978423
522	0.0003826640724
523	5.129965785e-05
524	0.001327853412
525	0.0008003053915
526	0.0006473396099
527	0.001240634845
528	0.002038475397
529	0.0004808148661
530	0.002769363204
531	0.0006583965428
532	0.001175314868
533	0.001080116502
534	0.0002826073842
535	0.005456175223
536	0.004180123539
537	0.000152987097
538	0.002613930246
539	0.001809381626
540	0.002452038523
541	0.0004406665758
542	0.0008733124735
543	8.74115836e-07
544	0.003013003947
545	0.0001244176107
546	0.001450433607
547	5.856898364e-05
548	0.0009519594663
549	0.002169376108
550	0.0001986502073
551	0.001653546646
552	0.001417773075
553	0.002052526868
554	0.001025859275
555	0.001501856885
556	0.002063996409
557	0.0009006593751
558	0.00180496193
559	0.008765048712
560	0.001583530174
561	0.002159985224
562	0.005077604446
563	0.002186289828
564	0.006677351179
565	0.0009447704055
566	0.005030801367
567	0.0004025365466
568	0.002662174757
569	0.0006632999504
570	0.0007426844184
571	0.0006664251621
572	0.00212820644
573	0.002003194623
574	0.002543245034
575	0.0004518217623
576	8.839407541e-05
577	0.003687106525
578	0.0004164793386
579	0.004063937007
580	0.001544640102
581	0.001354422504
582	0.003873803896
583	0.001019580347
584	5.586060537e-05
585	0.0005416017066
586	0.001418476084
587	0.0009457415291
588	0.0003515854978
589	0.0003847290505
590	0.00132713057
591	0.0003077226905
592	0.003478999303
593	0.0006946146965
594	0.000176413905
595	0.000262180601
596	0.0001937684659
597	0.001041309055
598	0.001298666501
599	0.002038560473
600	0.0001423856488
601	0.0001784010319
602	0.0002305597606
603	0.0002243710558
604	0.0001899653276
605	0.000432751152
606	0.0003717557507
607	0.00142596379
608	0.0004188350311
609	0.001045790467
610	0.0006690446658
611	0.000188618114
612	0.0002998088456
613	0.0007160151127
614	0.0002804008287
615	9.667115291e-05
616	0.0008328600136
617	0.0005395513331
618	0.0002093107924
619	0.0006081693886
620	0.0007187288956
621	0.0003559170984
622	0.0003241179651
623	0.0007570744966
624	0.0005420724621
625	0.0005232309959
626	0.001893229161
627	0.002399701585
628	0.000534651463
629	0.002116514524
630	9.658842084e-05
631	0.001553529014
632	0.0007361350409
633	0.001626217537
634	0.00408748946
635	0.002763717171
636	0.0009022762301
637	0.001132170613
638	0.0001514139165
639	0.0002902203537
640	0.0002680624326
641	0.001976226376
642	0.00427441449
643	0.00247696024
644	0.0001822185337
645	0.0007562215452
646	8.158633462e-05
647	0.002517627667
648	0.001771795216
649	0.000660271886
650	0.001537452902
651	0.005077512048
652	0.0005174643124
653	0.000500885962
654	0.004476432016
655	0.002504098566
656	0.002169655262
657	0.0009999875532
658	0.004280277703
659	0.0002538347533
660	0.0001622270728
661	0.001023314961
662	0.0007185530434
663	0.001000959238
664	0.000534715507
665	0.007498446876
666	0.0007964463676
667	3.483361722e-05
668	0.002892841959
669	3.56175995e-05
670	0.006295922153
671	0.0004636635112
672	0.0008691376047
673	0.0003764941237
674	0.0007679512541
675	0.001255726309
676	0.001413874596
677	0.0001092160368
678	9.190679251e-05
679	0.001418091502
680	0.001019064168
681	0.0008148043922
682	0.005029386906
683	0.0007908428775
684	0.0002910926922
685	0.0003408374971
686	0.002269117784
687	0.0007433284718
688	0.0001564271773
689	0.0003166687181
690	0.003639537382
691	0.0001826537487
692	0.000286717388
693	0.003435073831
694	0.0001396914997
695	0.0003274466545
696	0.000381491941
697	0.0008757075259
698	4.899160489e-06
699	0.002041996667
700	0.0004012190722
701	0.0005296508247
702	0.00440165604
703	0.005908067479
704	0.001275851569
705	0.001375913728
706	0.002436572057
707	1.445490487e-06
708	6.065612583e-05
709	0.0009250805234
710	0.0004456862647
711	0.003402201596
712	0.0004447374472
713	1.032327611e-05
714	0.005764957942
715	0.0007856785092
716	0.001728743236
717	0.006318257094
718	0.0002929480289
719	7.597662544e-05
720	0.0002497685213
721	0.001251283308
722	0.0002993225236
723	0.0004134743661
724	0.0007914137578
725	0.002272534375
726	0.001298945067
727	0.0005093216995
728	0.001071990715
729	0.001556627169
730	0.0004983660539
731	0.00045138712
732	6.722977164e-05
733	0.0002549393418
734	0.0005572362311
735	8.558448057e-05
736	0.002803489352
737	0.001307732135
738	8.787090227e-05
739	0.0001476014945
740	0.0007848577159
741	0.0002807397182
742	0.0005453668913
743	5.902764003e-05
744	0.00100381819
745	0.006228377703
746	0.0003127381793
747	0.0007985110847
748	9.538313628e-05
749	6.23142823e-05
750	0.0009265880129
751	0.0003367195998
752	0.003722745889
753	0.000885824801
754	0.001117402581
755	0.0007771068286
756	0.000241700491
757	0.004304233797
758	0.000637526355
759	0.0009081046476
760	0.003817346394
761	0.001943018164
762	0.0002405003679
763	0.0004208638468
764	0.0009730333851
765	0.0004040736996
766	0.0003977958815
767	0.0002032805188
768	0.0007225764336
769	0.0001540841529
770	0.0006975213879
771	0.0004873023928
772	0.002024242401
773	0.001754719374
774	0.0008207956118
775	0.002685797549
776	0.0001160398816
777	0.0009657379652
778	0.0001206786848
779	0.0004904868822
780	0.0005739989945
781	3.87635332e-05
782	0.001549567338
783	0.0001517673917
784	0.001888309661
785	0.0005912712932
786	0.0003769864512
787	0.001042366341
788	0.001243885731
789	0.004177373852
790	0.0008115706023
791	0.0006128643761
792	0.007158505883
793	0.001338248278
794	0.0001811403661
795	1.737600621e-05
796	0.002056577985
797	0.0003494057822
798	0.004743469546
799	0.002637235193
800	0.0002760206513
801	0.003117725174
802	0.00025059573
803	0.0001917424574
804	0.0006359616053
805	7.678820647e-05
806	9.46414131e-05
807	0.001328012195
808	7.097927992e-05
809	0.0002788537723
810	0.0001447230014
811	0.002139140763
812	0.001273099052
813	0.003282432151
814	0.002924469385
815	0.002367928869
816	0.0008105509166
817	0.002779947571
818	0.002054188719
819	0.007121787262
820	0.0001091230013
821	0.0005052432178
822	0.0004097091204
823	0.000400733108
824	0.002968296858
825	0.0003252439061
826	7.880957358e-05
827	0.009347815048
828	0.001815969145
829	0.000259618799
830	0.001035290827
831	0.001377021863
832	0.0004113799058
833	0.0003416486052
834	0.0007680804684
835	0.0001339223964
836	0.0001738815384
837	5.280912683e-05
838	0.001086139503
839	0.001668943103
840	0.000216699605
841	8.586756739e-05
842	0.0002445977771
843	0.001111656235
844	0.0008413481501
845	7.63756388e-05
846	0.0006714967129
847	0.0008832333226
848	0.0007111561431
849	0.0003062203237
850	0.0001797831153
851	0.0006082994415
852	0.0005608698654
853	0.005461371363
854	0.0005335033724
855	0.001626085303
856	0.00185319606
857	0.001515762023
858	0.003699791234
859	0.0005376113517
860	0.000993067999
861	0.004127136436
862	0.0004379419378
863	0.0008157069053
864	0.001051608116
865	0.0001559797389
866	0.002391220743
867	0.006794589912
868	0.001904869799
869	0.0003130454919
870	0.0003502233095
871	0.001939509067
872	0.0002638542768
873	0.001693708632
874	0.0001259743913
875	0.0001641724071
876	0.001779227229
877	0.009893552318
878	0.0006095321458
879	0.001339791167
880	0.0001147198543
881	0.003479224807
882	0.003896662929
883	0.0007251153414
884	0.008598313023
885	0.0002934499268
886	0.0008792940574
887	0.0004098840523
888	0.001813146955
889	0.003706514202
890	0.0003538002623
891	0.005012738801
892	0.0006329608483
893	6.270512962e-06
894	7.391979478e-05
895	0.001537036496
896	0.001854657266
897	0.002144511908
898	0.002598425795
899	6.554539232e-05
900	0.00085481253
901	0.0002212333754
902	0.0003934168346
903	0.003266877697
904	0.0007430452329
905	0.001379179652
906	0.0009482002997
907	9.382766285e-05
908	0.0009535599868
909	0.0005442264987
910	0.0007240993731
911	0.0007575149157
912	0.0001910487002
913	0.001002404094
914	0.0006463954825
915	0.001172045272
916	0.001508252994
917	0.002414332484
918	0.0001894401792
919	0.001398831903
920	0.0004615378072
921	0.0007022298947
922	0.0008009646721
923	0.001191355543
924	0.0004134932517
925	0.008311272359
926	0.002303430217
927	0.0002967391861
928	0.0009009780457
929	0.0001368791033
930	0.0001622290742
931	0.0003819042694
932	0.001919355335
933	0.0007454011489
934	0.001960688528
935	0.0006337344579
936	0.001214808895
937	0.001145644829
938	0.003019276741
939	0.0003647503342
940	0.001051307178
941	0.0009858415865
942	0.0003706707816
943	0.002293782704
944	0.00184085844
945	0.0007618955027
946	0.00191620572
947	0.006546922613
948	0.005323080664
949	0.003852440357
950	0.0001610312779
951	0.002653453888
952	0.0009611279322
953	0.001817454802
954	9.347107613e-05
955	0.0002826988314
956	0.0007160761632
957	0.0005131470582
958	0.001390240823
959	0.0001083843289
960	0.0001155228195
961	0.0002043752001
962	0.001187523763
963	0.001367108526
964	0.0002804257013
965	0.0003989753574
966	0.0007056563498
967	0.0003951391322
968	0.003341101832
969	0.002621902151
970	0.0001403974643
971	5.645047198e-05
972	0.000695122191
973	0.003532035316
974	0.00302103532
975	0.002347875002
976	0.000792774486
977	0.0002320117278
978	0.004734065924
979	0.000610675405
980	0.0005630015263
981	0.0008657964319
982	5.013376836e-05
983	0.0002865570888
984	0.007877291575
985	0.0004122903462
986	0.001543128516
987	5.463570748e-05
988	9.862072998e-05
989	0.0002035171411
990	0.0001388004031
991	3.545115719e-05
992	0.000634635814
993	0.001486406066
994	3.006038666e-05
995	0.001053279656
996	0.0004782888788
997	0.0003769960359
998	0.001439468183
999	0.0002958500686
1000	0.001803265061
1001	0.006153108405
1002	0.0007335517715
1003	0.001660945303
1004	0.0003704203158
1005	0.0005142338042
1006	0.00552396061
1007	0.0006691723229
1008	0.001251956359
1009	0.001056800211
1010	0.001950433309
1011	0.0008648016303
1012	0.002229622013
1013	0.01103045721
1014	0.002479182713
1015	0.0006876840844
1016	0.0007078193887
1017	0.0003314493695
1018	0.0005080678092
1019	0.001641122409
1020	0.002354696753
1021	0.001528938047
1022	0.0009770940582
1023	0.0001579907649
1024	0.0007757560882
1025	0.0009357919332
1026	0.004312212746
1027	0.00133073314
1028	0.002017432003
1029	0.00035852027
1030	0.0003007440093
1031	0.001550393508
1032	0.001786639297
1033	0.0007423717626
1034	2.081124932e-05
1035	0.005040407873
1036	0.001899519628
1037	0.0001510952487
1038	0.0001519217147
1039	0.005413331882
1040	0.001209188033
1041	0.0007557505709
1042	0.00158394407
1043	0.002043415336
1044	0.004050773901
1045	0.001047102853
1046	0.001127889109
1047	0.00444988605
1048	0.002243626516
1049	0.0002289122293
1050	0.001160497005
1051	0.001537276505
1052	0.0008616209734
1053	0.001395979193
1054	0.0004808290406
1055	8.432268289e-05
1056	0.001589836473
1057	0.0006226646318
1058	0.001311514253
1059	0.0004925610818
1060	0.001187488228
1061	0.0005104702467
1062	0.0002219670646
1063	0.000877337261
1064	0.0005232881486
1065	0.001723915342
1066	0.0009781165534
1067	0.008196817703
1068	0.003100254495
1069	9.422601044e-05
1070	0.002283329334
1071	0.0005581376365
1072	0.006254923429
1073	0.002206611341
1074	0.0005099173782
1075	0.004103667773
1076	0.0008676859675
1077	0.001333050178
1078	0.0002213722856
1079	0.0005820613694
1080	0.003327615528
1081	0.001458720478
1082	0.0008604658723
1083	0.004430267343
1084	0.004066198664
1085	9.416733673e-05
1086	0.00220255439
1087	0.001212436705
1088	0.0003041087524
1089	0.00246984491
1090	0.004531093338
1091	0.004187231791
1092	5.324375052e-06
1093	0.0005927429821
1094	0.0002504680214
1095	0.0009145884542
1096	0.0002835954452
1097	0.00186516491
1098	0.0005178430442
1099	0.0003672049217
1100	0.001041306311
1101	0.0005355069397
1102	4.990387927e-05
1103	0.0001095368458
1104	0.0007124648339
1105	0.001386707465
1106	0.002822376848
1107	0.0001942436264
1108	0.0003595679901
1109	4.249974718e-05
1110	8.030425263e-05
1111	0.0001179388028
1112	0.0004136457406
1113	0.001043612303
1114	0.002310577363
1115	0.002880421116
1116	0.007789268702
1117	0.00221802922
1118	0.001062600492
1119	0.0005682478874
1120	0.0007851937377
1121	0.006175997769
1122	0.0005641595765
1123	0.0006270990183
1124	0.001838309223
1125	0.00207911012
1126	0.001342082869
1127	0.001765925394
1128	0.00208467795
1129	0.004268530486
1130	0.00108072059
1131	0.001730257091
1132	0.001106830878
1133	0.0008892671047
1134	0.001973752964
1135	0.0005530093318
1136	0.0001414776079
1137	5.84905573e-05
1138	0.005575039433
1139	0.0003383557968
1140	0.0003921411328
1141	0.0006419458592
1142	0.004384935139
1143	0.001417185851
1144	0.0002724597365
1145	0.0002104445914
1146	0.0004287460657
1147	0.001745038072
1148	7.160718474e-05
1149	0.0004142172325
1150	2.755192364e-06
1151	0.0007833361025
1152	0.001571123042
1153	9.683636449e-05
1154	0.000239295399
1155	0.0007196391855
1156	0.0005731046378
1157	2.414628981e-05
1158	0.0002608478673
1159	0.0001509730371
1160	0.0001847926129
1161	0.0005620068546
1162	0.001826824144
1163	0.004061364088
1164	0.0001936456472
1165	0.001161089815
1166	0.0005438818095
1167	0.002503289207
1168	0.001264939436
1169	0.0006840975892
1170	0.0004409374296
1171	0.0002308658011
1172	0.0003671319352
1173	0.0001513933867
1174	0.000507656348
1175	0.0003523578557
1176	0.0002566439661
1177	0.0007089995404
1178	0.002353210357
1179	0.000134499292
1180	0.001337649873
1181	0.004312951914
1182	0.0004233472039
1183	0.0001438898703
1184	0.0009563357161
1185	0.000195154851
1186	0.001360355517
1187	0.001830114482
1188	0.0002002859836
1189	0.0008018992594
1190	0.0002939707945
1191	0.001088022504
1192	3.738372423e-05
1193	0.0009136734604
1194	0.001444827198
1195	0.001234097842
1196	0.0007135316179
1197	0.0002418776519
1198	0.001623414606
1199	0.003384758941
1200	0.001314900164
1201	0.0005888187707
1202	0.004770201228
1203	0.001901356573
1204	0.003336725647
1205	7.116361442e-07
1206	0.00596417331
1207	1.066939447e-05
1208	0.0001168411551
1209	0.005315923183
1210	0.0006621595317
1211	0.001061643725
1212	9.970089858e-05
1213	0.002107433798
1214	0.00395003487
1215	0.00111320604
1216	0.00160852942
1217	0.001178432889
1218	0.002892254794
1219	0.0001291491384
1220	0.0001175577579
1221	0.001409463302
1222	0.004077261093
1223	0.006135256581
1224	0.000114708049
1225	4.698891892e-05
1226	0.001488822664
1227	0.003706172588
1228	0.0006331065177
1229	0.00094466238
1230	0.0005429536888
1231	0.001534724786
1232	0.0008786118216
1233	0.0007345176869
1234	0.002579862027
1235	0.0009169606204
1236	0.000221833539
1237	2.711778176e-07
1238	0.0001366888654
1239	0.0002744705496
1240	0.00129512934
1241	0.0006293938451
1242	0.004947372861
1243	0.001515875954
1244	0.0003932308889
1245	0.003283928574
1246	0.001529733434
1247	0.0005802966213
1248	0.004114518876
1249	0.0003203483341
1250	0.000370648677
1251	0.0006747430208
1252	0.0004867014397
1253	0.006092252177
1254	3.958465123e-05
1255	0.0005694329125
1256	0.0009846999304
1257	0.0003562714359
1258	0.0003327359445
1259	7.217267096e-05
1260	0.002338848864
1261	0.0001954910043
1262	0.00357944748
1263	0.0001250147138
1264	0.006563731208
1265	0.001958940049
1266	0.0004619672213
1267	0.00116327562
1268	0.0002137526987
1269	3.791212888e-05
1270	0.0002553566521
1271	0.0005056864725
1272	0.0009812371867
1273	8.100139811e-05
1274	0.0002711169034
1275	0.0003977418713
1276	0.000193574779
1277	0.0005387236823
1278	0.0002416413902
1279	0.0006822162241
1280	0.0005297024646
1281	0.00103969892
1282	0.0002054243724
1283	8.185282427e-05
1284	4.634656093e-05
1285	0.0005599693995
1286	0.0006684444393
1287	0.004561437935
1288	0.0007198755923
1289	0.0002469113094
1290	0.000351131391
1291	0.0004656901281
1292	0.002373722518
1293	0.001937100599
1294	0.0004465128995
1295	6.439286983e-05
1296	2.327995797e-05
1297	0.0005441018028
1298	1.477905335e-06
1299	0.001644849622
1300	4.935164283e-05
1301	0.0005732432211
1302	0.007782893051
1303	0.0004143009691
1304	0.001863965683
1305	0.001218376481
1306	0.0009964475836
1307	0.0001882911426
1308	0.004528022235
1309	0.002333875661
1310	0.001639855397
1311	0.000933585666
1312	0.00205465138
1313	0.002304371615
1314	0.002297188946
1315	0.00214454662
1316	0.005921149219
1317	0.0006070510789
1318	0.002722969184
1319	0.003669698494
1320	0.002158564881
1321	0.002661962811
1322	0.0002594175854
1323	0.003073840324
1324	0.002008162381
1325	0.002898911929
1326	0.008247606956
1327	0.001891846627
1328	0.0006919373832
1329	0.002445364921
1330	0.0001099976561
1331	0.00212421574
1332	0.0002447430775
1333	0.0002319131512
1334	0.0006035792198
1335	0.003592521824
1336	2.552889774e-05
1337	0.0003190579445
1338	0.003644337839
1339	0.0006298744171
1340	0.001165962288
1341	0.0003561344429
1342	0.001102643254
1343	0.002450771414
1344	0.0009410492548
1345	0.001363137012
1346	6.53926083e-05
1347	0.002081894833
1348	0.002833018392
1349	0.001788552593
1350	0.002127460438
1351	0.00139183213
1352	0.008239334611
1353	0.000962012276
1354	0.003333698585
1355	0.003481321623
1356	0.0005730653635
1357	0.003370392175
1358	0.003251605591
1359	0.0005199038382
1360	0.002798100678
1361	0.0039872765
1362	2.150556091e-05
1363	0.002626072881
1364	0.004641956056
1365	0.0007833388617
1366	0.003350539158
1367	0.0001826135133
1368	0.003441777718
1369	0.000392928724
1370	0.0005683694327
1371	0.0002064422367
1372	0.004555483732
1373	0.002091331363
1374	0.00220859485
1375	0.003495137076
1376	0.002432101297
1377	0.003821102976
1378	0.0004594148763
1379	0.0001905056659
1380	0.002147118297
1381	0.005601307006
1382	0.0008948371785
1383	0.001972614636
1384	0.0003537693312
1385	5.553671259e-05
1386	7.101815434e-05
1387	0.004286892966
1388	0.000492648288
1389	0.002301231262
1390	0.0002619927277
1391	0.00176597086
1392	0.002051024933
1393	0.0004461167975
1394	0.0003745865578
1395	0.0001400003365
1396	0.002093635711
1397	0.001220844091
1398	0.003733848975
1399	0.001093704479
1400	0.004125396772
1401	0.0005803718463
1402	0.0009987350176
1403	0.000123941379
1404	0.002298810453
1405	6.201535511e-05
1406	0.0008190429182
1407	0.000413180389
1408	9.755176496e-05
1409	0.001157761979
1410	0.001363059752
1411	0.003852072338
1412	0.002357241726
1413	0.004316705915
1414	0.001424878309
1415	0.001917292198
1416	0.0006733241658
1417	0.001861722533
1418	0.003186785244
1419	0.00294477479
1420	0.0002159609465
1421	0.002179923054
1422	0.001825445795
1423	0.001667628174
1424	0.001138927939
1425	5.323826725e-06
1426	0.002619597489
1427	0.003810926597
1428	4.586864317e-05
1429	0.0008202085747
1430	0.0001811269483
1431	0.0005631427661
1432	0.00509305907
1433	0.0002581894623
1434	0.0001164091389
1435	0.0007526425253
1436	0.0001292463752
1437	7.377734353e-05
1438	0.0003806106652
1439	0.00074855689
1440	0.000499748586
1441	0.0008582033378
1442	0.0002208246153
1443	0.0001920255655
1444	0.0001072348522
1445	0.001035024541
1446	7.207045504e-05
1447	0.002762777196
1448	0.0009859422953
1449	0.00124027092
1450	0.001867305924
1451	0.002548364428
1452	0.0008102434805
1453	0.006000307383
1454	0.001637166379
1455	0.0004609139686
1456	6.386324745e-05
1457	0.0005612194098
1458	0.001051715247
1459	0.0005731505719
1460	1.466131701e-05
1461	0.002302738813
1462	0.0001882483865
1463	0.0001437976218
1464	0.006087043537
1465	0.002922604295
1466	0.002621859276
1467	0.003334648613
1468	0.005821669175
1469	0.0004443851119
1470	0.0005508418583
1471	0.0005735237695
1472	0.00034813962
1473	0.0007288821018
1474	6.571469066e-05
1475	4.627481767e-05
1476	0.0006059189626
1477	0.0001513881689
1478	0.0002929863057
1479	0.0003963693633
1480	0.0002886451745
1481	0.0001246975605
1482	0.00103873103
1483	0.003035697031
1484	0.0004135579945
1485	0.001631250308
1486	5.551681812e-05
1487	0.00169955707
1488	0.005981192615
1489	0.005349088969
1490	8.121634589e-05
1491	0.0005810208751
1492	0.001878869868
1493	0.00120744813
1494	0.0009737359197
1495	0.004255142221
1496	0.0008538372676
1497	0.0005031545454
1498	0.0006988801065
1499	0.00170839072
1500	0.0001031567866
1501	0.0002745640134
1502	0.0008849416975
1503	0.0002741146319
1504	0.002039958912
1505	0.002806909854
1506	0.0002990336131
1507	5.585210121e-06
1508	0.0002141613201
1509	0.0009024237422
1510	0.002116108027
1511	0.0005588901296
1512	0.004049398022
1513	0.002421211593
1514	0.0005463369089
1515	0.001599979089
1516	0.000294669027
1517	0.004342519664
1518	2.076848651e-05
1519	0.0010024712
1520	0.003088428051
1521	0.0004647736586
1522	0.004716927997
1523	0.002906626438
1524	0.0009611474299
1525	0.0006429609636
1526	0.0005443285254
1527	0.0001575509249
1528	4.350151673e-05
1529	0.003404607903
1530	0.00284794906
1531	0.002714239286
1532	0.001291526638
1533	0.001721057681
1534	0.00709168679
1535	0.0003645792863
1536	0.001127254221
1537	0.003200516625
1538	0.002032049348
1539	0.0003885595898
1540	0.005808377023
1541	0.001658752581
1542	0.0001397924175
1543	0.0007567982547
1544	0.0001704014203
1545	0.001442750144
1546	0.00101796439
1547	0.0002309170503
1548	0.005103573305
1549	0.003062906045
1550	7.496084516e-05
1551	4.496428339e-05
1552	0.002653180407
1553	0.004704496531
1554	0.003103627906
1555	0.002186834357
1556	0.005040506751
1557	0.004639993874
1558	0.006547754066
1559	0.0005404087988
1560	0.0001992855069
1561	0.0005730508658
1562	0.002657739508
1563	0.005478832674
1564	0.0001677216157
1565	0.003285769944
1566	0.001076716553
1567	0.001303625745
1568	0.0003168256963
1569	0.003764152129
1570	0.001013788078
1571	0.003102170804
1572	0.0004088486153
1573	0.0002078372816
1574	0.005159068049
1575	0.0001650335225
1576	0.007800766039
1577	2.247662676e-05
1578	0.0001766695473
1579	0.0008189760041
1580	0.002089264307
1581	0.001843291739
1582	0.001084462032
1583	0.0007624902502
1584	0.0008057942767
1585	0.004468399061
1586	0.002224740841
1587	0.003557509167
1588	0.00536639734
1589	0.005469829043
1590	0.001364439241
1591	0.0004185859791
1592	0.001225676873
1593	0.004737866269
1594	0.001213937075
1595	0.0001997756458
1596	0.001391980033
1597	0.0002563588151
1598	0.001608989853
1599	0.003648076624
1600	0.004707766957
1601	0.0001328795816
1602	0.001548580756
1603	0.005010254305
1604	0.002328053836
1605	0.001593822714
1606	0.01025646103
1607	0.005661637741
1608	0.003527512089
1609	0.001407283289
1610	1.786902414e-05
1611	0.0003626309626
1612	0.000490055758
1613	0.0002159187663
1614	0.002978200421
1615	0.0004262949317
1616	0.0001366858763
1617	0.001961940859
1618	6.429232695e-05
1619	0.0004003878159
1620	0.0006543396596
1621	0.0004537674626
1622	0.001979368171
1623	0.001612141864
1624	0.002646767825
1625	0.0002193009302
1626	0.0001427341168
1627	0.001102752644
1628	0.007936526571
1629	0.001325501841
1630	0.0004500718966
1631	0.0004552211189
1632	0.0006189313966
1633	0.0005214444321
1634	1.929422409e-05
1635	0.004002473606
1636	0.0005558442623
1637	0.001314092388
1638	0.0001976854525
1639	0.002200743356
1640	0.0001879806016
1641	0.0002589592904
1642	0.0005375643194
1643	0.0002635822163
1644	0.001463787862
1645	0.003584424601
1646	0.006603934829
1647	0.001362689792
1648	0.001235157105
1649	4.437575848e-05
1650	0.004457399395
1651	0.004978103296
1652	0.004037945016
1653	0.004851653587
1654	0.0008450267276
1655	0.00235287752
1656	0.002063174687
1657	0.00387727072
1658	0.001994990019
1659	0.0002957226736
1660	0.0004673826105
1661	8.476428917e-05
1662	0.000125941856
1663	0.001024220392
1664	0.0001732882424
1665	0.0005065015836
1666	0.0002143630376
1667	2.033103299e-05
1668	0.000617370147
1669	0.0002862722744
1670	0.0006243120732
1671	0.0002329043339
1672	0.0001100780004
1673	0.0003279945864
1674	0.0007943813361
1675	0.0006479862936
1676	0.0002732938791
1677	0.0001440447474
1678	0.0001937904778
1679	0.0004153889418
1680	0.001083385477
1681	0.001283432977
1682	0.0001430392431
1683	0.0001830715593
1684	0.0004482300802
1685	5.157530949e-05
1686	0.0001869855139
1687	0.0002267478635
1688	0.0005372891222
1689	0.0005551043508
1690	0.001410692929
1691	0.0007642108472
1692	0.0001351755216
1693	0.0004372346228
1694	0.0008469334805
1695	0.0002844012003
1696	0.000494522293
1697	2.729447144e-05
1698	0.0002787635076
1699	0.0006821427361
1700	0.0002132816015
1701	9.996805938e-05
1702	0.0004183325482
1703	0.0004195106123
1704	0.0006193114904
1705	0.0005170777254
1706	0.0002738066601
1707	0.0002356312515
1708	0.0002889211536
1709	0.0004429407279
1710	0.0003479142761
1711	0.0003854659912
1712	0.0005154672741
1713	0.0004020892817
1714	6.42128121e-05
1715	0.001825365428
1716	0.003347824641
1717	0.0001552365456
1718	0.0002021500802
1719	0.0002303606188
1720	0.0003044525875
1721	0.0001002293777
1722	0.0006021910336
1723	0.0007151402749
1724	0.00112603
1725	0.0008076436422
1726	0.001519537746
1727	0.0004791991702
1728	0.00187470977
1729	0.0002918352176
1730	0.00258053167
1731	0.001163179905
1732	0.003850296508
1733	0.002524562573
1734	0.001597423495
1735	0.0008503935521
1736	0.001740684344
1737	0.002787342244
1738	0.003909300268
1739	0.004704317877
1740	0.002546902575
1741	0.001301087093
1742	0.00104362762
1743	0.0003802256214
1744	0.0033005162
1745	0.0006125162833
1746	0.00171865771
1747	0.001178276379
1748	0.0007158960308
1749	0.0002077537857
1750	0.002200903915
1751	0.0002417340046
1752	0.001362362981
1753	0.0005875877143
1754	0.0002418810076
1755	0.001946185014
1756	0.0007243142769
1757	0.0003497078007
1758	0.0002935028325
1759	0.001392340064
1760	0.001819701188
1761	0.002463144506
1762	0.0005518209615
1763	0.0001630882947
1764	0.001810720137
1765	0.002229003883
1766	0.0009248482182
1767	0.001653212376
1768	0.0003849119447
1769	0.0003941757491
1770	0.0005927282302
1771	0.0003305816133
1772	0.001062357969
1773	0.0001309599706
1774	0.001713799523
1775	0.004417393949
1776	0.003853742728
1777	0.003742044234
1778	0.002015183676
1779	0.0005872428762
1780	0.0003334824521
1781	0.0001205251633
1782	0.0003336426409
1783	0.0002894869611
1784	0.0003113871715
1785	0.0009203100989
1786	0.0003786640113
1787	0.0003674736088
1788	0.000217019507
1789	2.820725209e-05
1790	0.0003964755236
1791	0.001030425192
1792	0.001155065757
1793	0.000775678872
1794	0.0008743509257
1795	0.0002664342334
1796	0.0002035017293
1797	0.0003159698643
1798	0.0002323232469
1799	0.0005117071574
1800	0.0005174680053
1801	5.615805928e-05
1802	0.0003875210395
1803	0.0001378117249
1804	0.0001319910816
1805	7.784495611e-05
1806	0.0008892707044
1807	0.0005752156068
1808	0.000355798114
1809	2.921276153e-05
1810	0.0008368243603
1811	0.0003892102227
1812	0.0001720624467
1813	0.0002509676876
1814	0.0001022924581
1815	0.0006896534098
1816	0.001377343205
1817	0.0007768120419
1818	0.0004333317458
1819	0.0006123164252
1820	0.0002247415872
1821	4.229237096e-05
1822	0.001426102731
1823	8.813703263e-05
1824	0.0006415162364
1825	0.000159504726
1826	0.0001165649976
1827	0.0006591084729
1828	7.00649364e-05
1829	0.001120496306
1830	0.0008275242691
1831	0.000468177086
1832	0.003938689872
1833	0.0006226551798
1834	0.0005181610992
1835	0.0005387308231
1836	0.0001066555386
1837	0.0001730519928
1838	0.001140360198
1839	0.0001354198802
1840	0.003579119452
1841	0.0007380860816
1842	0.0004471708346
1843	0.0001490305274
1844	0.0005128024224
1845	0.0009610367332
1846	0.001717046406
1847	0.000309073991
1848	0.0005290811675
1849	0.00200819495
1850	0.0006738714192
1851	0.0008606646476
1852	0.001925923028
1853	0.0004190583589
1854	0.000233844193
1855	0.00056634311
1856	0.0005065132504
1857	0.001270855775
1858	0.0002642673401
1859	0.002683415603
1860	0.0003111664956
1861	0.002231506925
1862	0.0008281662962
1863	0.0009564330425
1864	0.0002477508987
1865	0.004818613564
1866	0.004237095464
1867	0.002238848297
1868	0.001663860496
1869	0.002390059915
1870	0.0002381617559
1871	0.0001284900319
1872	0.0001866806379
1873	0.0002239847274
1874	0.0003249064712
1875	0.0001807027681
1876	0.0008283835043
1877	0.0004699390655
1878	0.001285193172
1879	0.001363085173
1880	6.939665732e-05
1881	0.0002029838144
1882	0.0002017151959
1883	0.0009952475549
1884	0.000248941618
1885	5.49313279e-05
1886	0.0003953758559
1887	0.0003126667398
1888	0.001119726713
1889	0.0006206152017
1890	0.0001310448528
1891	0.001679350156
1892	0.000271896337
1893	0.0004917256858
1894	0.0007932481036
1895	0.0009463532437
1896	0.0005628364064
1897	4.628694122e-05
1898	0.0004560906778
1899	0.0001361064351
1900	8.895803586e-05
1901	0.0001748132866
1902	0.0001293835011
1903	0.0003141289539
1904	4.486027081e-05
1905	0.0004952307953
1906	0.0007298828998
1907	0.001690811931
1908	0.001477887907
1909	0.0003899948387
1910	0.001489323894
1911	0.001330538559
1912	1.197501099e-05
1913	0.0008194540687
1914	0.0004009614695
1915	0.0002904268245
1916	0.0003043102572
1917	0.0007485485762
1918	0.00013694739
1919	7.179553394e-05
1920	0.001119902337
1921	0.0009982203929
1922	0.00630394733
1923	0.005120023516
1924	0.007209230828
1925	0.004169787085
1926	0.003349731001
1927	0.001308700263
1928	0.0003789993241
1929	0.00151674178
1930	0.001014296086
1931	0.001445408234
1932	0.000890808543
1933	0.007467186622
1934	0.001615307713
1935	0.0004214692317
1936	0.000765839133
1937	0.00201452913
1938	0.0004876479396
1939	0.0008547619541
1940	0.000528026044
1941	0.0001966760224
1942	0.0008197083334
1943	0.002929451219
1944	3.850808529e-05
1945	0.0009667535555
1946	0.0001134965951
1947	0.0004574859991
1948	0.0009810959051
1949	0.001162558897
1950	0.0002612988058
1951	0.0003149138566
1952	0.001083876107
1953	0.0005106739693
1954	8.694411412e-05
1955	1.18531143e-05
1956	5.650325731e-05
1957	6.020675681e-05
1958	3.752009294e-05
1959	0.0007193375202
1960	0.001389908443
1961	0.002547087425
1962	0.0006467076085
1963	0.001025910226
1964	0.00175155914
1965	0.0002860731015
1966	0.0009564081639
1967	0.001478161455
1968	3.993097956e-05
1969	0.0001828465647
1970	0.0007292791742
1971	0.0002509204578
1972	0.0001121215227
1973	0.0004796616565
1974	0.0004404090462
1975	0.0007788485022
1976	2.049805833e-05
1977	0.0005254003149
1978	0.0005694159948
1979	0.0005950060459
1980	0.001709703929
1981	0.0009695760322
1982	0.00321104372
1983	0.0009553380092
1984	0.001015164945
1985	0.0001820393687
1986	0.0006701253159
1987	0.0002964468841
1988	0.0003018355706
1989	8.20723176e-05
1990	0.0009027441036
1991	0.002530083662
1992	0.001012227381
1993	0.005275337851
1994	0.001172004591
1995	0.001865942446
1996	0.004372210967
1997	0.000267046126
1998	0.003627801917
1999	0.001395910669
2000	0.000449093936
2001	0.001850121821
2002	0.0004297919905
2003	0.002404538645
2004	0.0005362074049
2005	0.0002006043395
2006	0.0001997956414
2007	0.0009101479261
2008	0.000703503283
2009	0.0001383763104
2010	0.003049815053
2011	0.0002248775632
2012	0.0002186173493
2013	0.0005700151191
2014	0.0007179967393
2015	8.345677684e-05
2016	0.0009001761354
2017	0.001972750604
2018	0.001620352664
2019	0.0009730061506
2020	0.002028730312
2021	0.004543556002
2022	0.003214923669
2023	0.0007687471966
2024	0.00601489003
2025	0.002041778527
2026	0.002380169381
2027	0.001274538704
2028	0.0009820436595
2029	0.003835557023
2030	0.002021009139
2031	0.002554641511
2032	0.000865403312
2033	0.006330676501
2034	0.00304059027
2035	0.0004658529031
2036	0.001757097679
2037	0.001107008621
2038	0.001811845459
2039	0.003631171926
2040	0.002300527633
2041	0.00249245114
2042	0.001354177791
2043	0.0008012991722
2044	0.0001785744389
2045	0.001362303269
2046	0.001454144564
2047	0.003309272899
2048	0.005915347864
2049	0.0004751536108
2050	0.0001591854803
2051	0.0005343736634
2052	0.0008530422932
2053	0.0003448220274
2054	0.002663124666
2055	0.002535871032
2056	0.005764555211
2057	0.004438115305
2058	0.002089035833
2059	0.004197302048
2060	0.003216250004
2061	0.001397848643
2062	0.003348024236
2063	0.00850304519
2064	0.00326958648
2065	0.002028907967
2066	0.0006277065175
2067	0.0005207565361
2068	0.0004756219562
2069	0.001140743623
2070	0.00262269512
2071	6.746804733e-05
2072	0.002110982607
2073	0.001801848648
2074	0.003099456327
2075	0.0005181994555
2076	0.001781227058
2077	0.002849816006
2078	0.0004293588837
2079	0.0007310230685
2080	0.0008256746336
2081	0.0003176257447
2082	0.0008577962217
2083	0.0005682108116
2084	0.002486663075
2085	0.009994468903
2086	0.0004797118692
2087	0.001996073395
2088	0.003741138977
2089	0.004442415358
2090	0.0001464300847
2091	0.001874061428
2092	0.001271164129
2093	0.002549854795
2094	0.000488440081
2095	0.002536746475
2096	0.000317853435
2097	0.0007895268512
2098	0.002119908664
2099	0.003954763742
2100	0.002549407706
2101	0.002373198162
2102	5.829744253e-05
2103	0.0003371870798
2104	0.003741013341
2105	0.000424628497
2106	0.001173902164
2107	0.001604514334
2108	0.00499007392
2109	0.006140482959
2110	0.0006953242037
2111	0.0004417299086
2112	0.002881405665
2113	0.000645268896
2114	0.002556972151
2115	0.0009013606277
2116	0.001915004541
2117	0.003082976287
2118	0.0003771997213
2119	0.001715397824
2120	0.0003485359773
2121	0.002986362413
2122	0.001315286657
2123	0.004006419798
2124	0.001807393141
2125	0.001663501024
2126	0.003776439838
2127	0.001255113363
2128	0.001353634539
2129	0.0005243148704
2130	0.0009306763646
2131	0.0009079853953
2132	0.000346518484
2133	0.004606176384
2134	0.002782511444
2135	0.001497502304
2136	0.003059777425
2137	0.001793388533
2138	0.002591125301
2139	0.002093273498
2140	0.001350811496
2141	0.002775261349
2142	0.002565046333
2143	0.003408819457
2144	0.005492582781
2145	0.0004340824616
2146	0.002251804047
2147	0.0009299040933
2148	0.0004052018839
2149	0.0006481171871
2150	0.0001276125322
2151	0.00108787403
2152	0.002367110172
2153	0.0004580980511
2154	0.0007217156153
2155	0.00213418388
2156	0.001450701425
2157	0.0004661523436
2158	0.003435448154
2159	0.001249973101
2160	0.000933722496
2161	0.0006446269874
2162	0.0008181147959
2163	0.009018940311
2164	0.001207866359
2165	0.000462567108
2166	0.003823290587
2167	0.0005066451681
2168	0.005463457709
2169	0.001040411786
2170	4.004634161e-05
2171	0.001359777675
2172	0.002691489397
2173	0.007131189863
2174	0.005620279856
2175	0.0002004169607
2176	0.00100905369
2177	0.001113206834
2178	0.001742140904
2179	0.002273376055
2180	0.0005001558627
2181	0.0008813439207
2182	0.0007653668739
2183	0.0001446940809
2184	0.002912737863
2185	0.0002211410374
2186	0.002980748299
2187	0.006935257813
2188	0.00281587721
2189	0.001857470704
2190	0.004298170811
2191	0.000757285132
2192	0.003003097145
2193	0.004459470993
2194	0.002652282723
2195	0.0009996469571
2196	0.007052136706
2197	0.002023848645
2198	0.004184955237
2199	0.0007481334484
2200	0.0001362821786
2201	4.832415679e-05
2202	0.0009261012289
2203	0.002162051749
2204	0.007901177827
2205	0.001040344431
2206	0.0001440148249
2207	0.002016091832
2208	0.01034821035
2209	0.004301130502
2210	0.0004847021458
2211	0.001903854972
2212	0.001092272391
2213	0.0002799735834
2214	0.002452470844
2215	0.00166130304
2216	0.001656664767
2217	0.001546080969
2218	0.0001153872136
2219	0.0001189357154
2220	0.001238641469
2221	0.0003831996323
2222	7.292218893e-06
2223	0.000565970181
2224	2.626232903e-05
2225	0.0002793175104
2226	2.466181388e-06
2227	0.0004297363639
2228	0.003103742741
2229	0.000295429539
2230	0.002628800831
2231	0.01012182323
2232	0.001760819633
2233	0.001831415655
2234	0.001698724312
2235	0.002178990532
2236	0.0002442621363
2237	0.0006251263224
2238	0.0007559452002
2239	0.001158983642
2240	0.0001991426261
2241	0.001614246398
2242	0.009132299391
2243	0.002064494684
2244	0.000684987867
2245	0.004564562773
2246	0.003286457368
2247	0.005277884616
2248	0.005101455891
2249	0.0002434425817
2250	0.0009804476728
2251	0.006923302934
2252	0.0009144698075
2253	0.002051456328
2254	0.001370415231
2255	0.003073996245
2256	0.000620496721
2257	0.00161680582
2258	0.0002683372493
2259	0.005630450553
2260	0.003216584904
2261	0.001232031421
2262	0.003560291045
2263	0.00416503849
2264	0.002984844417
2265	0.002666696197
2266	0.002509745433
2267	0.006147389441
2268	0.0007844944972
2269	0.004511799687
2270	0.001713908218
2271	0.00167006186
2272	0.000700569168
2273	0.003723948643
2274	0.002369419949
2275	0.002302393437
2276	0.001227562677
2277	0.002265433764
2278	0.001456458553
2279	0.002726747342
2280	0.0003559466685
2281	0.002176299813
2282	0.0007873510229
2283	0.0005717631829
2284	0.006014984524
2285	0.0009813066303
2286	0.0008108661282
2287	0.0002441041724
2288	0.003130948103
2289	0.003982761925
2290	0.004487009338
2291	0.005506386051
2292	0.0007637796442
2293	6.039049586e-06
2294	0.00236659715
2295	0.002399420798
2296	0.002097758433
2297	0.0006579887787
2298	0.002397525994
2299	0.005541890677
2300	0.004905508031
2301	0.002106740409
2302	0.001739528208
2303	0.002135231765
2304	0.002071651036
2305	0.006662702185
2306	0.004529917131
2307	0.001522200591
2308	0.003373811672
2309	0.001543672845
2310	0.000896018866
2311	0.000312167506
2312	0.0006134233602
2313	1.772549317e-05
2314	1.71766362e-06
2315	0.0002832973132
2316	7.101917027e-05
2317	2.544896764e-05
2318	0.0001263470102
2319	0.0003925605152
2320	0.005393824904
2321	0.004716767739
2322	0.001541164173
2323	0.002549976291
2324	0.002675370452
2325	0.003725001269
2326	0.003219254296
2327	0.0002869067598
2328	0.0005840900459
2329	0.0008264139664
2330	0.001219072893
2331	0.0003552600899
2332	0.0006642938597
2333	0.0006451021449
2334	0.0004723404635
2335	0.001448951323
2336	0.001033529596
2337	0.0004446146658
2338	0.0005065127727
2339	0.0007319571573
2340	0.0007482760117
2341	0.002141998606
2342	0.0004163549902
2343	0.0002655274791
2344	1.883280357e-05
2345	0.003003956651
2346	0.001635962514
2347	0.002763920797
2348	0.0002953570726
2349	0.006793444093
2350	0.009003131461
2351	0.002986931482
2352	0.001132605713
2353	0.002499951111
2354	0.01090771311
2355	0.00582308171
2356	0.003425862407
2357	6.23273369e-05
2358	0.001718718983
2359	0.001518405781
2360	0.001620694958
2361	0.002159048819
2362	0.003350091802
2363	0.00468271295
2364	0.00554008108
2365	0.006781808579
2366	0.000763497376
2367	0.0007480334256
2368	0.004113656705
2369	0.002669051397
2370	0.001263512449
2371	0.002081839936
2372	0.003388526739
2373	0.0004791894042
2374	0.004074367891
2375	0.003485928143
2376	0.0001629397964
2377	0.0006531751947
2378	0.007281958283
2379	0.007407732378
2380	0.002974340063
2381	0.001377957109
2382	0.001893262105
2383	0.00202348193
2384	0.0007459258169
2385	0.003895632025
2386	0.005464218267
2387	0.001495554538
2388	0.001832712094
2389	0.001729043008
2390	0.001947398288
2391	0.004649135373
2392	0.00330839665
2393	0.0004576253319
2394	3.472494127e-05
2395	0.003952174386
2396	0.003162633259
2397	0.002004425597
2398	0.00134062294
2399	0.002104970537
2400	0.001155184641
2401	0.001506089962
2402	0.005307176743
2403	0.002263092188
2404	0.00174677866
2405	0.003690611209
2406	0.001888361684
2407	0.004131078713
2408	0.0006857118183
2409	0.003443880951
2410	0.0009343721915
2411	0.007588220751
2412	0.002656074429
2413	0.0008579948001
2414	0.0044247074
2415	0.000170384377
2416	0.001139067403
2417	0.000634287407
2418	0.0009458769328
2419	0.002006221196
2420	0.0002726413737
2421	0.002534594342
2422	0.0009059337043
2423	0.001148618957
2424	0.0006119457233
2425	0.003646835835
2426	0.006369413696
2427	0.002127844644
2428	0.001205986536
2429	0.00405926155
2430	0.00407251138
2431	0.001044653882
2432	0.0008735255821
2433	0.0004410223673
2434	0.005341324177
2435	0.001714509537
2436	0.0004255388132
2437	0.002335123603
2438	0.002804182853
2439	0.003193330928
2440	0.006507533891
2441	0.0003397756048
2442	0.002963960205
2443	0.00255664371
2444	0.002253683835
2445	0.003688015665
2446	0.001464936323
2447	0.001078269449
2448	0.005593183784
2449	0.001304836285
2450	0.0006530086874
2451	0.001551160686
2452	0.003839179841
2453	0.001996212853
2454	0.002899984523
2455	0.002972375937
2456	0.0007860677736
2457	0.002342676821
2458	0.0002824655806
2459	0.0005194615607
2460	0.0004639873326
2461	0.0001413935702
2462	0.0004659455058
2463	3.602759746e-05
2464	0.0002154275126
2465	0.0007211019115
2466	0.0008613842875
2467	0.0003514721823
2468	0.0003407544898
2469	0.0001022425172
2470	0.006214428659
2471	0.003890533228
2472	0.0005435182041
2473	0.00019817258
2474	0.003115396034
2475	0.002442324026
2476	0.0025836627
2477	0.0007286326107
2478	0.007404139811
2479	0.004672263854
2480	0.002057702815
2481	0.004687575932
2482	0.004140753862
2483	0.0002560812755
2484	0.004078296491
2485	0.007947754563
2486	0.0003609976903
2487	0.00679849561
2488	0.0003814049193
2489	0.0003390658792
2490	0.0003918569858
2491	0.0007317090036
2492	0.0002504502972
2493	0.0008851991298
2494	0.0007780513884
2495	8.149720201e-06
2496	0.001781484878
2497	0.004572751633
2498	0.002869709105
2499	0.001805430403
2500	0.001188079271
2501	0.001163866588
2502	0.0001248765549
2503	0.001467780092
2504	0.008272370407
2505	0.0001254534195
2506	0.0001977429332
2507	0.002059760162
2508	0.0004181111643
2509	0.0007066243482
2510	5.077932279e-05
2511	0.0008984633821
2512	6.069736452e-05
2513	0.0006745095521
2514	0.0004139971754
2515	0.0003448561396
2516	0.006522697439
2517	0.001767921828
2518	0.001549324281
2519	0.005249870517
2520	0.001530564778
2521	0.002254067049
2522	0.0008328077556
2523	0.006899527486
2524	0.0004287198993
2525	0.0007686080477
2526	0.0002384393222
2527	0.009407221707
2528	0.007153500945
2529	0.003572090373
2530	0.001665044771
2531	0.001525788776
2532	0.0009916918779
2533	0.00164010299
2534	0.002153562257
2535	0.001155344995
2536	0.002436246477
2537	0.0006054098397
2538	0.0009156535863
2539	0.001113135376
2540	0.004963731421
2541	0.002233954152
2542	9.660069155e-05
2543	0.002280996877
2544	0.003041078422
2545	0.001919473614
2546	0.0005776948785
2547	0.0005673634391
2548	0.001909711545
2549	0.002876195063
2550	0.0006825013598
2551	0.0007591417548
2552	0.001318252295
2553	0.0009488199335
2554	0.0002929141085
2555	0.000391817886
2556	0.000400121332
2557	0.0009744031111
2558	0.000253625026
2559	0.006124519935
2560	0.006132784826
2561	0.002952981253
2562	0.001420217833
2563	0.002590173988
2564	0.0008219049441
2565	0.001544136604
2566	0.0006551180625
2567	0.0004972880937
2568	0.001678627448
2569	0.002774232022
2570	0.002199638913
2571	0.002655933324
2572	0.001256251536
2573	5.79902547e-05
2574	0.0009722101659
2575	0.0009220834566
2576	0.004047435725
2577	0.003960023209
2578	0.001207004639
2579	0.00330694736
2580	0.007193965241
2581	0.005510643777
2582	0.004437049128
2583	0.003977934135
2584	0.001782929148
2585	0.001536987652
2586	0.007085057242
2587	0.00108717031
2588	0.003165785547
2589	0.01026766195
2590	0.001073231702
2591	0.002448074776
2592	0.004660518887
2593	0.004264904823
2594	0.001328583174
2595	0.001404562907
2596	0.0005412320323
2597	0.004387446229
2598	0.0006103083267
2599	0.00129370413
2600	0.001804209567
2601	0.0003719565859
2602	0.004656354524
2603	0.001302758734
2604	0.0002859391967
2605	0.001840522302
2606	0.008169767863
2607	0.001839142592
2608	4.934856153e-05
2609	0.001086408187
2610	0.001761393291
2611	0.0005208398636
2612	0.005195784859
2613	0.0004447801387
2614	0.0008008962674
2615	0.002584676181
2616	0.001699243515
2617	0.004914654361
2618	0.0004513048596
2619	0.002440800712
2620	1.108503105e-05
2621	0.003227440906
2622	0.0009061621334
2623	0.009045613434
2624	5.721946839e-05
2625	0.0001718115741
2626	3.811212944e-05
2627	0.003582474005
2628	0.002684452163
2629	0.001279864295
2630	0.00215318264
2631	0.000134457744
2632	0.000733539658
2633	0.001661607716
2634	1.066447901e-05
2635	0.003492605401
2636	0.005075355838
2637	0.001553046724
2638	0.003557903336
2639	0.0008774827701
2640	0.0009920198621
2641	0.0007934843878
2642	0.0005408618463
2643	0.002426484481
2644	0.007373712223
2645	0.0008323243643
2646	0.001270063326
2647	0.0009324352284
2648	0.0004746216566
2649	3.461633779e-05
2650	0.001127046129
2651	0.002739704387
2652	0.0003183288385
2653	0.005964065918
2654	0.002468275375
2655	0.003961772841
2656	0.0001543312036
2657	0.0007980943518
2658	0.007311880454
2659	0.001518736647
2660	0.0002647422625
2661	0.0015939918
2662	0.008628621059
2663	0.001495754959
2664	0.001385282723
2665	0.002408132343
2666	0.0004153334841
2667	0.003371649435
2668	0.0005277170175
2669	0.001978800142
2670	0.0007011341528
2671	0.003086469162
2672	0.0001595223817
2673	0.006476940399
2674	0.0003385831777
2675	5.014596129e-05
2676	0.001995589245
2677	0.002423711924
2678	0.005954327311
2679	0.00112462966
2680	0.002366636905
2681	0.001228569416
2682	0.004598604869
2683	0.003082618509
2684	0.0005775384006
2685	0.00154551395
2686	0.0004108922733
2687	0.002483511844
2688	0.0004268094086
2689	0.003357958071
2690	0.001252403796
2691	0.003539786124
2692	0.005520158225
2693	0.003919495228
2694	0.001101118087
2695	0.001642927588
2696	8.095152052e-05
2697	0.0002504893834
2698	0.0006531023039
2699	0.0006829301384
2700	0.0003867758985
2701	0.005927576468
2702	0.004087716579
2703	0.001650513757
2704	0.0008409958742
2705	0.0005230422094
2706	0.0003135631305
2707	0.0006912983849
2708	0.0005385938621
2709	0.001906647133
2710	0.001160419373
2711	0.006725201213
2712	0.006496931931
2713	0.005836149526
2714	0.00642916984
2715	0.006112605937
2716	0.006645611072
2717	0.005670752228
2718	0.006698462104
2719	0.006594801807
2720	8.977342697e-05
2721	0.001992519324
2722	0.003469158604
2723	3.067318832e-05
2724	0.007024214967
2725	0.0002206278081
2726	0.0009514542705
2727	0.001989795331
2728	0.003351766481
2729	0.005055307974
2730	2.325399154e-05
2731	0.0003269789054
2732	0.0006046821534
2733	0.0007565751275
2734	0.002385313397
2735	0.003553284306
2736	0.0005723899865
2737	0.0009376102057
2738	0.00120535178
2739	0.002904470846
2740	0.003091680549
2741	1.291675579e-05
2742	0.0001133143586
2743	0.0003247508759
2744	0.000513066703
2745	0.0002982900699
2746	0.003618816763
2747	0.001777433325
2748	0.004019328209
2749	0.005953615878
2750	0.0029110352
2751	0.0009363244925
2752	0.0004555838727
2753	0.004822369177
2754	0.003541918903
2755	0.00107250508
2756	0.0004983290723
2757	0.0008178246476
2758	0.00663291588
2759	0.0001979944327
2760	6.769601152e-05
2761	0.0002023024164
2762	0.002076403204
2763	0.005885349642
2764	0.0008042911757
2765	0.001358412782
2766	0.001281443579
2767	0.004193074463
2768	0.001264036325
2769	0.000221239685
2770	0.0001982026236
2771	0.003152345462
2772	0.002609941856
2773	0.0008885578091
2774	0.002639151228
2775	0.0009320766333
2776	0.003116919593
2777	0.0002396454095
2778	0.003509853157
2779	0.0008308889983
2780	0.005806622423
2781	0.0005636360934
2782	0.003928463699
2783	0.0001470708685
2784	0.002818411175
2785	0.004057380485
2786	0.004683056448
2787	0.001393515986
2788	0.0008097832041
2789	0.0007989150305
2790	5.040558026e-05
2791	0.0001910963714
2792	0.004490476085
2793	0.0009307959656
2794	0.002571942874
2795	0.0007158830843
2796	0.001706869241
2797	4.299499463e-05
2798	0.0003480200151
2799	0.0003987067804
2800	0.00183909666
2801	0.0001332720129
2802	0.0001444246012
2803	0.0009365189992
2804	0.001527463032
2805	1.454813386e-05
2806	0.0009079514656
2807	0.0004884192951
2808	0.0003862791624
2809	0.001026051758
2810	0.0007305769183
2811	0.001515076532
2812	0.0004247607866
2813	0.0005837238651
2814	0.0005707295579
2815	0.0001688901788
2816	0.00132319171
2817	0.0004104257798
2818	0.0006748941918
2819	0.007165603017
2820	0.0003530999393
2821	0.0004495380409
2822	0.0005511995363
2823	0.001473915625
2824	0.003660541263
2825	0.001716454773
2826	0.002063330815
2827	0.002204528234
2828	0.0003425514945
2829	0.0002350890724
2830	0.004326680466
2831	0.001177825705
2832	0.004157660698
2833	0.0003639939606
2834	0.001866004678
2835	0.0001693183438
2836	0.001604526161
2837	0.00671477046
2838	0.005561451788
2839	2.764381442e-06
2840	0.000395960534
2841	0.0007143552795
2842	0.0003311997762
2843	0.0008399623219
2844	0.0004920954771
2845	0.000706894187
2846	3.665237031e-05
2847	0.0003934141858
2848	0.002957872383
2849	0.000956787706
2850	0.001524468256
2851	0.0007583817387
2852	0.001825061011
2853	0.0006306062885
2854	0.00401266989
2855	9.051197648e-05
2856	0.002329756108
2857	0.0008490310149
2858	6.112507827e-05
2859	0.0004983149035
2860	0.0005596983281
2861	0.0005050352866
2862	0.0006750900632
2863	0.0009271084118
2864	0.0002371308627
2865	0.0002034625448
2866	0.001379487777
2867	0.0004373862968
2868	0.0004547125494
2869	0.001498637528
2870	0.001064970453
2871	0.0005872182469
2872	0.0003335591867
2873	0.0004633046568
2874	0.0003937990382
2875	0.001548167356
2876	0.0003300172366
2877	0.0001374788841
2878	0.003820818281
2879	0.004520291285
2880	0.00946466384
2881	0.001177529352
2882	0.0009276019039
2883	0.003626266547
2884	0.001646324459
2885	9.77030928e-05
2886	0.000477009369
2887	0.0001681812485
2888	0.001738012859
2889	0.002488339797
2890	0.001925103323
2891	0.003045032582
2892	0.001005383728
2893	0.001230223909
2894	0.0005880480625
2895	0.0006262641211
2896	0.0006952617597
2897	0.0003477152287
2898	0.0005622170879
2899	0.0003614119983
2900	0.001470015544
2901	0.0005979788282
2902	0.0005924348318
2903	0.0006757957687
2904	0.001395955169
2905	0.0001974923868
2906	0.001096019624
2907	0.004795987626
2908	0.001231718699
2909	0.0008199738024
2910	4.953467608e-05
2911	0.001888410304
2912	0.002483218479
2913	0.000916691248
2914	0.003243171322
2915	0.0002917630066
2916	0.003871596663
2917	0.0020351817
2918	0.0008999259558
2919	0.001514889941
2920	0.0003713882145
2921	0.000260872951
2922	0.0004651062833
2923	0.0007449484129
2924	0.0001404298607
2925	0.009942200721
2926	0.0003979905448
2927	0.00446647589
2928	0.002065143654
2929	0.0008616464957
2930	0.004752686295
2931	0.0022330379
2932	0.0006510309134
2933	0.002541341441
2934	0.0001386661029
2935	0.004928858837
2936	0.007811369107
2937	0.0002809690335
2938	8.033797407e-05
2939	0.002300285565
2940	0.003241029734
2941	0.002442239347
2942	0.0002383881062
2943	0.001290921694
2944	0.002557409005
2945	0.000681058251
2946	0.000799494793
2947	0.0006575959406
2948	0.0004623912023
2949	0.003225285791
2950	0.0003438827223
2951	0.001477004109
2952	0.008636261654
2953	0.0006489940589
2954	0.007594390931
2955	0.001040983164
2956	0.001881888224
2957	0.001853792771
2958	0.002082967771
2959	0.003946917078
2960	0.001153357203
2961	0.002696637297
2962	0.002148525106
2963	0.006419461606
2964	1.373432227e-05
2965	0.001243422046
2966	0.001712465309
2967	0.003625792518
2968	0.002207957726
2969	0.005361635513
2970	0.001196748402
2971	0.004244984974
2972	0.0005343680719
2973	0.001970505984
2974	3.056664164e-05
2975	0.004672747262
2976	0.001863902318
2977	0.005395223102
2978	0.001350138388
2979	0.001227349513
2980	0.00107444196
2981	0.0004193239407
2982	0.0007134581112
2983	0.0006497064938
2984	0.001146348302
2985	0.001540143306
2986	0.000431695674
2987	0.002385433262
2988	0.001968796241
2989	0.00356847141
2990	0.001841129589
2991	0.001565105059
2992	3.896726394e-05
2993	0.0007321487881
2994	0.0002276775158
2995	0.0007396049515
2996	0.004354406569
2997	0.005558386818
2998	0.0003839735689
2999	0.004340576782
3000	7.833258271e-05
3001	0.0003975873455
3002	0.0005409796345
3003	0.002802778908
3004	0.005161416622
3005	0.0005146647407
3006	0.004085508693
3007	0.000160311977
3008	0.008552315866
3009	0.001214161855
3010	0.0009671870641
3011	0.0003453611278
3012	0.009427783188
3013	0.001878212834
3014	0.002362387744
3015	0.002315687486
3016	0.003218737987
3017	0.002392970983
3018	0.002173695431
3019	0.003834608448
3020	0.0006978857172
3021	0.001195431174
3022	0.003040550635
3023	0.001982010585
3024	0.00192455889
3025	0.005124856149
3026	0.0003564719632
3027	0.0007896768728
3028	0.005136322696
3029	0.004090795201
3030	0.00243704306
3031	0.0007479246479
3032	0.001682648733
3033	6.615010956e-05
3034	0.0001475848041
3035	0.003825279194
3036	0.0001770907207
3037	5.486592751e-05
3038	0.001971833123
3039	0.001924649608
3040	0.004174737932
3041	0.001417368926
3042	0.0007197892058
3043	0.001920080575
3044	0.001080479915
3045	0.0003334164877
3046	0.0001508641632
3047	0.001437413666
3048	0.005023314723
3049	0.0002000619963
3050	0.0005717702158
3051	0.0009103724538
3052	0.006856864936
3053	0.006833324597
3054	0.002266910237
3055	0.001135544789
3056	0.01097972514
3057	0.001687361396
3058	0.002717646316
3059	0.001593186415
3060	0.001720655092
3061	0.002630039401
3062	0.001192231868
3063	0.001214603961
3064	0.0004424998474
3065	0.00120627654
3066	0.006932101205
3067	0.00489456929
3068	0.004268171296
3069	0.0008871584355
3070	0.0002318931415
3071	0.0003087042064
3072	0.0003457184719
3073	0.0004217404164
3074	0.001403833388
3075	0.0005169197487
3076	0.003986340446
3077	0.001925381216
3078	0.003256791295
3079	6.976408861e-05
3080	0.0005622351529
3081	0.00210193551
3082	0.004005537106
3083	4.466672884e-06
3084	0.002746409958
3085	0.003711133796
3086	1.547429122e-05
3087	0.0004836215519
3088	0.0008343188026
3089	1.964093713e-05
3090	0.0004889579809
3091	0.001085247561
3092	0.0003705354161
3093	0.002039852279
3094	9.592639492e-05
3095	0.001928366719
3096	0.003391923781
3097	0.00101818565
3098	0.0006887026566
3099	0.004487653265
3100	3.056450327e-05
3101	0.003265317283
3102	0.003706079021
3103	0.002025727751
3104	0.003312060271
3105	0.0003575162568
3106	0.001314163515
3107	0.003423662767
3108	0.000486167372
3109	0.003961303537
3110	0.002720888689
3111	0.001710593702
3112	0.001127341631
3113	0.00156254371
3114	0.002964990712
3115	0.001691250169
3116	0.003253899869
3117	0.003021232876
3118	0.004436723667
3119	0.0005525853597
3120	0.0001730201765
3121	7.719939149e-05
3122	0.0003209879025
3123	0.0005428055657
3124	1.965991711e-05
3125	0.0003455464238
3126	0.00112450658
3127	9.263988211e-05
3128	0.0003169387454
3129	0.0008134100743
3130	0.0007389561669
3131	0.001335698211
3132	5.865389153e-05
3133	0.0001411605969
3134	3.871997773e-05
3135	0.001344704057
3136	0.001388879505
3137	0.0004382170284
3138	0.001200364268
3139	0.0002299835606
3140	0.0004021290347
3141	0.001196120551
3142	0.0005670747284
3143	0.0001430578748
3144	7.141742939e-05
3145	0.0001202232623
3146	0.000628381539
3147	0.001433386539
3148	0.004524269706
3149	0.002790385712
3150	0.002709615609
3151	0.002331468205
3152	5.771752302e-05
3153	0.002939639401
3154	0.0004277139941
3155	0.0006932511144
3156	3.61147377e-07
3157	0.0001368510335
3158	5.257858725e-05
3159	0.0005254029347
3160	5.50763667e-05
3161	3.453260455e-05
3162	9.497154143e-05
3163	0.001637583138
3164	0.00132612095
3165	0.001644934127
3166	0.001139084535
3167	0.00176268152
3168	0.0008035625654
3169	0.0001773677126
3170	0.0005410051201
3171	0.0003448007443
3172	0.0002470829314
3173	0.0003860059482
3174	0.001856516504
3175	0.003846046471
3176	0.007053167929
3177	0.0004086584057
3178	0.0006352900505
3179	0.001697743703
3180	0.0011736773
3181	0.001956368403
3182	0.0009455097442
3183	0.000214077273
3184	0.0002423118662
3185	0.003590125634
3186	0.002903800949
3187	0.00627310034
3188	0.001766502688
3189	0.0004480397689
3190	0.007366322392
3191	0.001657039979
3192	0.004172771941
3193	0.003416453418
3194	9.829378278e-05
3195	0.001425939112
3196	0.007578766917
3197	0.001933570259
3198	0.0001988350561
3199	0.003862866261
3200	8.15900658e-05
3201	0.0008354372746
3202	0.005209558271
3203	0.004004735436
3204	0.0005785729359
3205	0.0002997624523
3206	0.000409040875
3207	0.00733574666
3208	0.001261318188
3209	0.001340734605
3210	0.0006962436003
3211	0.003334394778
3212	9.030859446e-05
3213	0.003194597893
3214	0.008063134709
3215	0.002136341138
3216	0.0006001069341
3217	0.001159356356
3218	0.000522922012
3219	0.002814608205
3220	0.0003672335778
3221	0.00403103024
3222	0.0007611248573
3223	0.0005600482072
3224	0.0009348749603
3225	0.006234106325
3226	0.003707655117
3227	0.003906449242
3228	0.003981678647
3229	0.000410960759
3230	3.672418475e-05
3231	0.003821459824
3232	0.00481652233
3233	0.0005824558307
3234	0.003026191182
3235	0.001433831205
3236	0.0004642122523
3237	0.0003580067971
3238	0.0006856342199
3239	0.0008455922856
3240	0.0008416514654
3241	0.001409379431
3242	0.0001110259253
3243	0.002459395633
3244	0.0004706240101
3245	0.002916123785
3246	0.0002604354376
3247	0.0025810262
3248	0.004930266219
3249	0.0001026798823
3250	0.0006978584579
3251	0.0007767911726
3252	0.002401802826
3253	0.007022487751
3254	0.0001101899523
3255	0.00165724204
3256	0.005269206191
3257	0.002574259654
3258	0.0009599715755
3259	0.0007048393176
3260	0.002316222433
3261	0.0005396617964
3262	0.006925707152
3263	0.001577976539
3264	0.002189858979
3265	0.004953746589
3266	0.0007600362933
3267	0.002284621166
3268	0.0005346899009
3269	0.0001856992561
3270	0.0001333413701
3271	0.001852514832
3272	0.002582243282
3273	0.00166425484
3274	0.0005868519322
3275	0.002976859579
3276	0.0002486394211
3277	0.008720495978
3278	0.0007627032618
3279	0.002290984782
3280	0.002509424133
3281	0.002165010037
3282	0.0001123253155
3283	0.0002363753082
3284	0.008313794888
3285	0.001129021285
3286	0.007143145611
3287	0.0006993040049
3288	0.002852316968
3289	0.001304385657
3290	0.005674693609
3291	0.004193438411
3292	0.004164778064
3293	0.001050050393
3294	3.396028797e-05
3295	0.002495629056
3296	0.009252009797
3297	0.007909735033
3298	0.0004381236978
3299	0.0005575282448
3300	0.003394630857
3301	0.003639694997
3302	0.0005458472265
3303	0.003694193091
3304	0.001524500396
3305	0.001039017436
3306	0.0008177003345
3307	0.008692830202
3308	0.002323517953
3309	0.006193306227
3310	0.0004778999893
3311	0.001464650123
3312	0.003528119867
3313	0.0003719199254
3314	0.001752437532
3315	0.000315030815
3316	0.002242838423
3317	5.998216815e-05
3318	0.002075846226
3319	0.0006702515104
3320	0.00277573695
3321	0.001524889708
3322	0.00285579426
3323	0.0002909836086
3324	0.002625968333
3325	0.004167376754
3326	0.0006594690573
3327	0.002493245625
3328	0.001215427687
3329	0.008542421659
3330	0.0004701079221
3331	0.005437663309
3332	0.006908230464
3333	0.001337200389
3334	0.001633446127
3335	0.0002262444063
3336	0.0002385129919
3337	0.003144921274
3338	0.0002215497492
3339	0.0009786041737
3340	6.399643265e-05
3341	0.0006228958015
3342	0.0006987257436
3343	6.63937552e-05
3344	0.0004150460093
3345	0.0004979626257
3346	4.551549349e-05
3347	0.0007220245496
3348	0.0007233676641
3349	0.002886370931
3350	0.00306424777
3351	0.001282418271
3352	0.005169862912
3353	0.0006724779974
3354	0.009018274241
3355	0.001670857919
3356	0.004243496895
3357	0.004588788536
3358	0.002274959032
3359	0.002440680462
3360	0.004080127385
3361	0.001426123346
3362	0.008531347418
3363	0.0007861341227
3364	0.0003353179471
3365	0.004606150044
3366	0.00037430606
3367	5.172137109e-05
3368	7.009923165e-05
3369	0.002887243889
3370	0.00260426657
3371	0.0001631937336
3372	0.0001363228551
3373	0.001170289571
3374	0.0001387724753
3375	0.0001439602676
3376	0.0007695040432
3377	0.0007148697677
3378	0.001238237681
3379	0.001350902184
3380	0.0002208691707
3381	7.467726718e-05
3382	0.0003806146941
3383	0.001187237721
3384	0.000924875085
3385	0.0001536977986
3386	0.003627179865
3387	0.0008242705985
3388	0.00147168201
3389	0.0001227126624
3390	0.001065854401
3391	0.001131129177
3392	0.0007915598681
3393	0.001263049574
3394	0.000643070362
3395	0.000392550991
3396	0.001920223007
3397	0.0004878482787
3398	0.001482440829
3399	0.006921834285
3400	0.002457614869
3401	0.001969580148
3402	2.444477647e-06
3403	0.0003234291555
3404	0.00396983942
3405	0.0006570038177
3406	0.00117652252
3407	0.0002374362148
3408	0.0003437373024
3409	0.0003760180924
3410	0.0106715476
3411	0.0008972412526
3412	0.0002775491095
3413	0.002347535661
3414	0.0009370401826
3415	0.003215409988
3416	0.001889482162
3417	0.009031801116
3418	0.003915407205
3419	0.001787353402
3420	0.000156087643
3421	0.001263378963
3422	0.000432649206
3423	0.001460705722
3424	0.001324499814
3425	0.001351188269
3426	0.001996167784
3427	0.001414414793
3428	0.0001675042541
3429	0.00123885569
3430	0.0009623333642
3431	0.001204247656
3432	0.002887572783
3433	0.0007591609335
3434	0.001739300704
3435	0.0009531517833
3436	0.001980688435
3437	0.0002967542876
3438	0.0006296408552
3439	0.001437486394
3440	7.093508158e-05
3441	0.001931866895
3442	0.003901322909
3443	0.003895253031
3444	8.25916067e-05
3445	0.0005705183053
3446	0.003899723566
3447	0.0003964283166
3448	0.001993153683
3449	0.0002502719066
3450	0.0006715169928
3451	0.0002797973099
3452	0.002439679519
3453	0.0004281553404
3454	0.000250157437
3455	4.188513858e-05
3456	0.00159505894
3457	0.00138415777
3458	0.001270644374
3459	0.0008605838155
3460	0.002881897106
3461	0.001131474696
3462	0.0001142543267
3463	0.0001858377497
3464	0.0001050606507
3465	0.0001312227453
3466	0.0003500412565
3467	7.926003747e-05
3468	0.0001393968641
3469	0.0006228200739
3470	0.0005924674966
3471	0.0004339986888
3472	0.0009397976564
3473	0.0002220638238
3474	0.001703573152
3475	0.0001874428558
3476	0.0006381109601
3477	0.0001582760281
3478	0.0002273650021
3479	0.0001874912746
3480	7.284726086e-05
3481	0.0009461972762
3482	1.478427477e-05
3483	0.0001266755002
3484	0.0001074718288
3485	0.0003661221508
3486	0.007422909687
3487	0.001722838402
3488	0.001110425127
3489	0.004357104134
3490	3.430260027e-05
3491	6.026334366e-05
3492	0.001714031213
3493	0.0002818209817
3494	0.001273875875
3495	0.002610826248
3496	0.002261095251
3497	0.002725184589
3498	0.001732182574
3499	0.001226650445
3500	9.686017355e-05
3501	0.004402683491
3502	0.0005850136552
3503	0.001303773846
3504	0.00193117573
3505	0.001384260231
3506	0.002332656558
3507	0.001693125461
3508	0.0009141545869
3509	0.001437527378
3510	0.003110826443
3511	0.005521146896
3512	0.003472650639
3513	0.00118060409
3514	0.005033111748
3515	0.005340435269
3516	0.001551114918
3517	0.002681266498
3518	0.002090932938
3519	0.0002723912965
3520	0.003436417001
3521	0.0006759095718
3522	0.005066843853
3523	0.002605295927
3524	0.0007137706182
3525	0.0009724230113
3526	0.00496998113
3527	0.002095399073
3528	0.0006784961112
3529	0.0004087250578
3530	0.003828493069
3531	0.004401915571
3532	0.003335312677
3533	0.0005097868665
3534	0.0005763192406
3535	0.0001179220144
3536	0.002967879945
3537	0.004767280779
3538	0.001594410272
3539	0.0005086882544
3540	0.0008604761481
3541	0.004055593413
3542	0.003186730782
3543	0.004628246273
3544	0.002216505419
3545	0.002883572751
3546	0.0006444112907
3547	0.0003947828935
3548	0.0008089471553
3549	0.004988335266
3550	0.001042596548
3551	0.009379715225
3552	0.0001624682808
3553	0.001651156112
3554	0.004717540794
3555	0.0009255424008
3556	0.0002844028578
3557	0.005451329093
3558	0.008214516006
3559	0.006600336218
3560	0.002645541771
3561	0.008115756125
3562	9.920047288e-05
3563	0.0007710616605
3564	0.003501320957
3565	4.65752994e-05
3566	0.002481014044
3567	0.001005800537
3568	0.001156392735
3569	0.005343028121
3570	0.001523029206
3571	0.0003459253296
3572	0.002239122799
3573	0.0009832579387
3574	0.003368860933
3575	0.00430303509
3576	0.006794157592
3577	0.002734246994
3578	0.003509542049
3579	0.003818029815
3580	0.002511065784
3581	0.002823616551
3582	0.002194769778
3583	0.007617490102
3584	0.003614397598
3585	0.0006273206288
3586	0.004103280456
3587	0.00492606268
3588	0.004942608772
3589	0.003608227078
3590	0.002746489597
3591	7.305244344e-05
3592	1.988276318e-05
3593	0.0005237315884
3594	0.002342422585
3595	0.00536577286
3596	0.0008452983528
3597	0.0003811441718
3598	0.00187064881
3599	0.0007193009537
3600	0.002014345322
3601	0.000205757362
3602	0.0008522125659
3603	0.001866645921
3604	0.001134071057
3605	0.002231318276
3606	1.476948324e-05
3607	0.0003875451224
3608	0.0003607977396
3609	3.184434168e-05
3610	0.0003406667403
3611	0.0009069167078
3612	0.001437899173
3613	0.000231917322
3614	4.510555605e-05
3615	0.0004089639946
3616	0.0002454778564
3617	0.0006497865739
3618	0.0002597814485
3619	0.0004985363628
3620	0.0003840889196
3621	0.0006223442916
3622	0.0003678672895
3623	2.751795411e-05
3624	0.0003606305828
3625	0.001058477042
3626	0.0003311760774
3627	0.0003976080811
3628	0.001049550918
3629	0.0002245408338
3630	0.0007791098279
3631	0.00182808343
3632	0.003153746084
3633	0.0003742391424
3634	0.0003505179279
3635	0.002729330957
3636	2.534635374e-05
3637	0.001977032103
3638	0.0008097407257
3639	0.0001118051815
3640	1.288496374e-06
3641	0.004268057612
3642	0.0006350756358
3643	0.0001493188518
3644	0.001237182638
3645	0.0006196642067
3646	0.0004461160643
3647	0.000497715116
3648	8.422533173e-05
3649	0.001094108192
3650	0.0006973903444
3651	0.003306490499
3652	0.001383161533
3653	0.005380477592
3654	0.003196045982
3655	0.0002041305427
3656	0.0009285654786
3657	0.0001558371594
3658	0.0005120552757
3659	0.0007050079311
3660	0.001194366836
3661	0.001678941494
3662	0.001590727929
3663	0.003518462197
3664	0.001996966809
3665	0.0003291841524
3666	0.0006733247331
3667	0.002124666158
3668	0.001001970441
3669	0.00143707171
3670	0.0002431083969
3671	0.0001995261636
3672	0.0047910329
3673	2.046574713e-05
3674	0.004969558498
3675	0.003480788391
3676	0.002229633995
3677	0.0002011855978
3678	4.355822255e-05
3679	0.002149967661
3680	0.0005838491297
3681	0.001103863106
3682	0.001541080229
3683	0.004746580117
3684	0.0008639986191
3685	0.0005163393253
3686	0.0004375513296
3687	0.0006125054192
3688	0.001658467382
3689	0.003065920055
3690	0.01136649864
3691	0.002948660445
3692	0.006760072438
3693	0.001232953323
3694	0.001689008736
3695	0.0007642349858
3696	0.001557619131
3697	0.002444505557
3698	0.002105614854
3699	0.002573299259
3700	0.0005007305138
3701	9.950596274e-05
3702	0.008030324842
3703	0.0003859520042
3704	0.0001978819603
3705	0.002284394874
3706	0.0002686697281
3707	0.0008408781662
3708	0.0008615605092
3709	0.004903803843
3710	0.0001425293816
3711	0.0001602723
3712	0.001432211662
3713	0.001188265494
3714	0.0001470879009
3715	0.0003697210371
3716	0.001758458433
3717	0.0004467169611
3718	0.0002772407229
3719	0.0008795555486
3720	0.0004630146761
3721	0.001572674434
3722	0.001215879486
3723	0.00153931837
3724	0.0005925990256
3725	0.0003987332239
3726	0.0005860433169
3727	0.000361756664
3728	0.005074111124
3729	0.005888503299
3730	0.0004423194302
3731	0.0002867303395
3732	0.001118782484
3733	0.003620713532
3734	0.001838884103
3735	0.001028934144
3736	0.0002202318821
3737	7.911695232e-06
3738	0.001741855173
3739	6.75604506e-05
3740	0.002023881593
3741	0.00125205046
3742	0.003699870854
3743	0.0002325483008
3744	0.0008337107331
3745	0.0001086832994
3746	0.000366123684
3747	0.0003440814599
3748	0.0001745944425
3749	0.0003357408941
3750	0.001864820712
3751	0.0001398482558
3752	0.000292589886
3753	0.0009396763735
3754	0.002916179696
3755	0.0001691704723
3756	1.381773044e-05
3757	0.0003908614523
3758	0.0007213314993
3759	0.001137740779
3760	0.0005110273977
3761	0.0002888932755
3762	0.0002808744067
3763	0.0008831835513
3764	0.001165528986
3765	6.323104689e-05
3766	0.001023252272
3767	0.000873025777
3768	0.001173363526
3769	0.002465218604
3770	0.0001937801859
3771	0.0002466107392
3772	0.000262268225
3773	0.0001440544808
3774	0.0009937047368
3775	0.002210360374
3776	0.003550275628
3777	0.0007991177651
3778	0.0009983027366
3779	0.0004422021459
3780	0.0004743651052
3781	0.0009357927072
3782	0.0001851794386
3783	0.0007645457572
3784	0.000700012544
3785	0.0008823014846
3786	0.00147928561
3787	0.001202470529
3788	0.003685454961
3789	0.00525118111
3790	0.0008045064316
3791	0.0008545407403
3792	0.0002389475079
3793	0.0001464228133
3794	0.0003629000297
3795	0.0001614845441
3796	0.001133302094
3797	0.0007544834993
3798	0.0001061794095
3799	0.0002071726379
3800	0.001748104075
3801	0.001531963041
3802	0.001975332052
3803	0.0001895835352
3804	0.0003081497741
3805	0.000402506902
3806	0.002093644652
3807	0.001902649562
3808	0.0009361878006
3809	0.008690538698
3810	0.0005176693067
3811	0.000381385916
3812	0.0005846144951
3813	0.0007469757527
3814	0.001776570744
3815	0.000886029256
3816	3.61663204e-05
3817	0.0003725024388
3818	0.002938393434
3819	4.235353796e-05
3820	0.001142637919
3821	0.0005983345338
3822	0.0003262267311
3823	0.00114519691
3824	0.000835377252
3825	0.001274356605
3826	0.0002757167683
3827	7.337893898e-05
3828	0.0007156733838
3829	0.00284279753
3830	0.002511110085
3831	0.0005850685317
3832	0.001283650078
3833	0.003361330977
3834	0.001090827122
3835	0.00302547495
3836	0.001637540182
3837	0.005196658455
3838	0.004094907917
3839	0.002526631803
3840	0.003548831916
3841	0.005908443504
3842	0.0005436518834
3843	0.001115178458
3844	0.001507148871
3845	0.001212902331
3846	0.0007962791619
3847	0.009507888496
3848	0.002641403453
3849	0.0008612947482
3850	0.001232229682
3851	0.0004051512068
3852	0.0007702216071
3853	0.0005188325017
3854	0.002621257378
3855	0.001864474571
3856	0.002046467799
3857	0.000759437341
3858	0.005910966111
3859	0.003931852434
3860	0.0008421334536
3861	0.001410416976
3862	0.006496421284
3863	0.0002436619071
3864	0.001615187713
3865	0.0002334895591
3866	0.0005146391351
3867	2.822087953e-05
3868	0.005681227637
3869	0.0058972294
3870	0.0008889970776
3871	0.0001376295912
3872	0.0005287045
3873	0.000772889669
3874	0.003041096496
3875	9.143308938e-05
3876	0.0008723101873
3877	0.0008945787264
3878	0.0001721941335
3879	0.001138980367
3880	8.170476067e-05
3881	0.0008000902766
3882	0.0003648609371
3883	0.0005312020603
3884	0.0006202603858
3885	0.001229219706
3886	0.001967295294
3887	0.001710124115
3888	0.0004002103439
3889	0.0001630981795
3890	0.0004115229262
3891	0.0003303921694
3892	0.0001774694489
3893	0.0006792886461
3894	0.001510012452
3895	0.000617318158
3896	1.061175432e-05
3897	0.0003188074582
3898	0.0004013895411
3899	0.0005832936482
3900	0.0007349185409
3901	0.0008389754539
3902	0.001666977164
3903	0.006343030744
3904	0.0001082804497
3905	0.000715429549
3906	0.0004271484167
3907	0.00194296399
3908	0.003136674561
3909	0.00280723587
3910	0.004969333976
3911	0.0006394321969
3912	0.0004002782755
3913	0.0008232214661
3914	0.002698540161
3915	0.002494461659
3916	0.0001374743928
3917	0.0005046308248
3918	0.002996654781
3919	0.001006611558
3920	0.0002989265445
3921	0.003173449581
3922	0.003104435951
3923	0.001855968873
3924	0.002209476949
3925	0.002565678681
3926	0.001411654964
3927	0.003102180498
3928	0.004182780168
3929	0.008637364656
3930	0.002664232879
3931	0.003053351487
3932	1.123503745e-05
3933	0.0005571039859
3934	0.0005634599954
3935	0.0005682487266
3936	3.427994369e-05
3937	0.0008579347264
3938	0.0008441249509
3939	0.001112190687
3940	0.0004493880808
3941	0.0002430763411
3942	0.001322089448
3943	0.001251513197
3944	0.0005484468517
3945	0.0001640386252
3946	6.721995806e-06
3947	0.0002867166195
3948	0.0003791467898
3949	7.207823678e-05
3950	0.0003755960389
3951	0.0001091414614
3952	0.0001763095399
3953	0.0003466714091
3954	0.00235175879
3955	0.004100980971
3956	0.00494733448
3957	0.0001466802347
3958	0.008104343555
3959	0.00573570285
3960	0.007059628856
3961	0.0001606422728
3962	0.0002640670901
3963	0.00172485537
3964	0.0004177363749
3965	0.0004842385424
3966	0.002160976749
3967	0.0001913061121
3968	0.006506534367
3969	0.0006749574358
3970	0.001764073536
3971	0.0009530726429
3972	0.00203502879
3973	0.0002449519593
3974	0.0006593155499
3975	0.0001756925023
3976	0.000524486435
3977	0.003650805347
3978	0.00203325366
3979	0.0003346537464
3980	0.0005432705758
3981	1.446973132e-05
3982	0.00118580716
3983	6.137615622e-05
3984	0.0002181633807
3985	0.0005541146019
3986	0.0009150184978
3987	0.000727803029
3988	0.0008968817445
3989	0.001236022268
3990	0.0001402959003
3991	0.002005315855
3992	0.01290082776
3993	0.004373552175
3994	0.001588227143
3995	0.002539026122
3996	0.0002526303266
3997	0.001135217233
3998	0.001138146431
3999	0.002664703717
4000	0.004849310962
4001	0.002427286133
4002	0.004885151535
4003	0.0003529810713
4004	0.0002539511363
4005	0.0008864210608
4006	0.0001475938695
4007	0.006842036722
4008	0.0004171779812
4009	0.003261739561
4010	0.002619452564
4011	0.0004039997784
4012	0.000903951195
4013	0.001390563497
4014	0.001433896406
4015	0.003689051569
4016	0.002618441333
4017	0.004187240225
4018	0.003851335831
4019	0.0004189050187
4020	0.001102978449
4021	3.53938779e-05
4022	0.0001084077487
4023	0.0001646284903
4024	0.0002480111304
4025	0.0001210440151
4026	0.0002429258443
4027	0.0002936887608
4028	0.001634100087
4029	0.0007080914434
4030	0.0001208726544
4031	0.0005304101324
4032	0.003717553068
4033	0.0008423026991
4034	0.000658480266
4035	0.0002913833703
4036	0.008849178702
4037	0.0001262538727
4038	0.002689289937
4039	0.0008123951036
4040	0.0006659942843
4041	0.002714588791
4042	0.001800955256
4043	0.001002953547
4044	0.003478733789
4045	0.003631335778
4046	0.001788874159
4047	0.001377499399
4048	0.001083416233
4049	0.001003162733
4050	0.0006828970495
4051	0.0008655705657
4052	5.215431364e-06
4053	8.673243993e-07
4054	0.004773265979
4055	0.001135650665
4056	0.0002729968702
4057	0.0004461304723
4058	0.0002073699905
4059	0.005809013909
4060	0.00926070456
4061	0.001257619066
4062	0.0007027301102
4063	0.003832995452
4064	0.001176762067
4065	0.0001508862558
4066	0.002683793453
4067	0.001318356536
4068	0.002301474257
4069	0.001334714885
4070	0.0008514276441
4071	0.004506915662
4072	0.009210523421
4073	0.001400005856
4074	0.0002671279862
4075	0.0006126625236
4076	0.001207007648
4077	0.0006657023247
4078	0.003570886569
4079	0.004538901085
4080	0.004975970023
4081	0.0009366762172
4082	0.003650260407
4083	0.001937949399
4084	0.001353958612
4085	0.007909155947
4086	0.00687807805
4087	0.004842248071
4088	0.001627611207
4089	0.0005032352232
4090	0.003595142658
4091	0.003717801207
4092	0.000526844312
4093	0.004651974966
4094	0.00586938676
4095	0.003680602116
4096	6.366030827e-05
4097	0.002169563213
4098	0.003631937155
4099	0.003135509594
4100	0.0005908693526
4101	0.002313981905
4102	0.006107828805
4103	0.003220248701
4104	0.004658915298
4105	0.009580414197
4106	0.002927201734
4107	0.0003617883306
4108	0.0008050480223
4109	0.0001703399077
4110	0.0001840369432
4111	0.0001809930504
4112	0.000455030523
4113	0.0003680308091
4114	0.0003522056577
4115	0.0007461717497
4116	0.0003065966385
4117	0.0008378020448
4118	0.001715435223
4119	0.0006989801937
4120	5.438152054e-05
4121	0.000198376707
4122	4.136410935e-05
4123	0.001581433992
4124	0.0008150622329
4125	0.001909061663
4126	0.002365136672
4127	0.001759459699
4128	0.002696844504
4129	0.001332189735
4130	0.0002667748124
4131	4.811030226e-05
4132	0.002283710476
4133	0.001012272888
4134	0.00426349369
4135	0.00111274685
4136	0.0006060784918
4137	6.82860146e-06
4138	0.0002089242425
4139	0.0003039413054
4140	0.0001690694291
4141	0.001347348053
4142	0.001908805947
4143	0.002316742484
4144	0.0009778998397
4145	0.001366961345
4146	0.006461305695
4147	0.003050229486
4148	0.0001861270842
4149	0.0001601958169
4150	0.0007469823824
4151	0.0002678298764
4152	0.000112849213
4153	4.020849798e-05
4154	0.000699230012
4155	0.001276432363
4156	0.000144151547
4157	0.0009396392833
4158	0.001436279942
4159	0.0002835336777
4160	0.0002447257543
4161	0.001850164253
4162	0.002161568255
4163	0.0003496160177
4164	0.000813339266
4165	0.001668763617
4166	0.002002436936
4167	0.0012484403
4168	0.0008875383594
4169	0.0001655683244
4170	0.000198407306
4171	0.00699680186
4172	0.003815921579
4173	0.0007648916699
4174	0.005461333998
4175	0.003214250427
4176	0.002441221963
4177	0.005627710901
4178	0.003091959887
4179	0.0006169064237
4180	0.004457341663
4181	0.0005497154762
4182	0.001806161999
4183	0.003600346776
4184	0.003575513765
4185	0.0008101449612
4186	0.004935474372
4187	0.0005868934688
4188	0.001209441681
4189	0.0004073898976
4190	0.0002713229898
4191	0.002044637286
4192	0.0005886428528
4193	0.005008941884
4194	0.0001004568234
4195	0.0009533998579
4196	5.51341383e-05
4197	0.005892002138
4198	0.004257932031
4199	0.001830870566
4200	0.001396531655
4201	0.002338122655
4202	0.001110367093
4203	0.001655556001
4204	0.0004772320609
4205	0.007670992557
4206	0.0006488232562
4207	0.0004102265393
4208	0.002578845511
4209	0.0002510131063
4210	0.00500019173
4211	0.001535981987
4212	0.00196039631
4213	0.0002379878705
4214	0.001730161351
4215	0.002807554558
4216	0.006637069028
4217	0.00036369298
4218	4.52279029e-05
4219	0.0008881907792
4220	0.0005007924938
4221	0.005461150834
4222	0.0008604761852
4223	0.003512850422
4224	0.000584834333
4225	0.0008868064664
4226	0.0007378885175
4227	0.0006052477726
4228	0.001606177136
4229	0.0004952984099
4230	5.732088435e-05
4231	0.004341230093
4232	0.003942840582
4233	0.005030221676
4234	0.001298431987
4235	0.009492097206
4236	0.0009961012764
4237	0.00633157952
4238	0.00638721698
4239	0.005999562892
4240	0.001814090493
4241	0.005545638816
4242	0.001492583744
4243	0.001718815798
4244	0.000313857942
4245	0.003505908915
4246	0.003700714855
4247	0.00304362159
4248	0.0003478947466
4249	0.0009443976016
4250	0.0006876686063
4251	0.001411180419
4252	0.008477070849
4253	0.00945779008
4254	0.002746722137
4255	0.001166425689
4256	0.000438394272
4257	0.0008752298889
4258	0.0009037204331
4259	0.004703443569
4260	0.003924004039
4261	0.0001994149242
4262	0.001650307276
4263	0.004538425683
4264	0.0002560944193
4265	0.003223100797
4266	0.004100700994
4267	0.004080964145
4268	0.0001010039801
4269	0.00174260328
4270	0.003654445927
4271	0.0009238192514
4272	0.0009121418102
4273	0.002478199687
4274	0.0005116818764
4275	0.001912161614
4276	0.002145450249
4277	0.00331478426
4278	0.0002140192742
4279	0.0006170737221
4280	0.004645513183
4281	0.001367398191
4282	0.001291170054
4283	0.001306836748
4284	0.0005725968801
4285	0.0002647796457
4286	0.007782667489
4287	0.002197421444
4288	0.0006046690248
4289	0.001235088814
4290	0.0006112418328
4291	0.00106498763
4292	0.000928194554
4293	0.0002859365265
4294	0.004340245049
4295	0.001397141872
4296	0.001758916461
4297	0.004782223707
4298	0.001123312301
4299	0.0009897970173
4300	0.003560676408
4301	0.002810066947
4302	0.003879006927
4303	0.003979266714
4304	0.001151850508
4305	0.0009248244405
4306	0.0008865730503
4307	0.000821652977
4308	0.0002900274589
4309	0.0003312031404
4310	0.001455226505
4311	8.8749032e-05
4312	0.0001579755753
4313	0.001379178168
4314	0.0004430653144
4315	7.412678139e-05
4316	0.00377959787
4317	0.001734977891
4318	0.001114771536
4319	0.0009172056062
4320	0.0001352335723
4321	2.618483941e-05
4322	0.001526419066
4323	0.0009488791498
4324	0.003576745432
4325	0.0002158769379
4326	0.007252833335
4327	0.004603389492
4328	0.0009359817435
4329	0.0002051326863
4330	0.0005409299925
4331	0.001685217604
4332	0.003632475088
4333	0.004329082081
4334	0.003003741861
4335	0.007704876223
4336	0.003003974671
4337	0.0004657295105
4338	0.001188977801
4339	0.004862147591
4340	0.0004205253664
4341	0.0003632373414
4342	0.0001774353101
4343	0.005602323378
4344	0.004447795934
4345	0.002288400027
4346	0.001504689702
4347	0.005705499805
4348	0.001732224633
4349	0.0003806635772
4350	0.00163955408
4351	0.0002426269492
4352	0.0007942646354
4353	0.0001913328726
4354	2.850310179e-05
4355	0.0007862035862
4356	0.0006293148358
4357	0.000102584054
4358	0.0001332012181
4359	0.0002531628788
4360	0.001233360022
4361	0.001802748963
4362	0.001137113835
4363	0.0004082903043
4364	0.0004925107493
4365	0.0009778390897
4366	0.0001184168945
4367	0.0004510070037
4368	0.001264839269
4369	0.0004932532691
4370	0.0007979691904
4371	0.0003088011141
4372	0.0003559267822
4373	0.001089574783
4374	0.0007036697491
4375	0.0001691387454
4376	0.003588826898
4377	0.003994647239
4378	0.001536221104
4379	0.002205351184
4380	0.0001836434974
4381	0.001996335796
4382	0.001539100419
4383	0.0004961375725
4384	0.001463045873
4385	0.005155295116
4386	0.004199716674
4387	0.003138241706
4388	0.0004075466436
4389	0.001584978136
4390	0.00108825537
4391	9.970208221e-07
4392	0.0008874681712
4393	0.003252208974
4394	0.0008780333097
4395	0.0001235117583
4396	0.001004831023
4397	0.0004392654312
4398	0.000111808336
4399	9.774540763e-06
4400	0.002579299051
4401	0.0004535218868
4402	0.0005521302908
4403	0.0001094872893
4404	0.0008290457837
4405	0.000184803508
4406	0.0001532651955
4407	3.428929357e-06
4408	0.0001149097549
4409	0.007510151429
4410	0.001818852264
4411	0.0001860883186
4412	0.002104381391
4413	0.01726748192
4414	0.002111177703
4415	8.513301255e-05
4416	0.0005162016806
4417	0.001875068889
4418	0.01143844128
4419	0.002479959281
4420	0.004945957405
4421	0.002363388852
4422	0.0001096743862
4423	0.002167213306
4424	0.0006252885962
4425	0.005292243283
4426	0.0002675334032
4427	0.001072383095
4428	0.001242338162
4429	0.001736302086
4430	0.005498526757
4431	0.007026137119
4432	0.002146262417
4433	0.001942368246
4434	0.00151474479
4435	0.005057488449
4436	0.0003249988563
4437	0.004730234545
4438	0.001196177912
4439	0.001674182634
4440	0.0120753393
4441	0.003155191883
4442	0.004155832913
4443	0.0003533110569
4444	0.003981752694
4445	0.001202009684
4446	0.001998899911
4447	0.0004864673869
4448	0.001132901956
4449	0.005414371216
4450	0.004588550989
4451	0.004199323363
4452	0.001903704727
4453	0.002042337724
4454	0.0002516482917
4455	0.005252269074
4456	0.0001510360358
4457	0.001423385461
4458	0.002255213266
4459	0.0001425796603
4460	0.005322168747
4461	0.005917374156
4462	0.0001545359744
4463	0.003414638661
4464	0.003978212103
4465	0.004532182209
4466	0.0001573313378
4467	4.465263676e-05
4468	0.002782525492
4469	0.001209095314
4470	0.001712022305
4471	0.0002106036806
4472	0.000468922895
4473	0.000790843137
4474	0.0006415077276
4475	0.003663782365
4476	0.0008754247763
4477	0.0004362850124
4478	0.0004306767034
4479	0.001844437372
4480	0.0005575033472
4481	0.001773300273
4482	0.0001398995647
4483	0.0003766978494
4484	0.0002016909405
4485	0.0004697657109
4486	0.0001767766567
4487	0.00307219181
4488	0.001725740637
4489	0.0009001541271
4490	0.0002131038672
4491	0.0005021541371
4492	0.001149182838
4493	0.003690851936
4494	0.002567963564
4495	0.001595447013
4496	0.006641096703
4497	0.002626178684
4498	0.005815353062
4499	0.001380995048
4500	0.0005193036858
4501	0.01061087809
4502	0.0004720221292
4503	0.001802286472
4504	0.002445735935
4505	9.990449469e-05
4506	0.003348044214
4507	0.0002704769005
4508	0.003534979956
4509	0.00148942048
4510	0.003725299515
4511	0.0008875331269
4512	0.001721630608
4513	0.0005892447551
4514	0.0004641472848
4515	0.002153311297
4516	0.002703057733
4517	0.0001814439231
4518	0.0003207902662
4519	0.001129559182
4520	0.0001261733863
4521	0.0001498327429
4522	0.0004047502798
4523	0.001419349629
4524	0.0002155217918
4525	5.667410269e-05
4526	0.0007716023827
4527	0.0009318307466
4528	0.0008643759999
4529	0.0001739153896
4530	0.002008172049
4531	0.003627884002
4532	0.001721339235
4533	0.002526493869
4534	0.001541986421
4535	0.0009024369915
4536	0.003073055368
4537	0.0009672799491
4538	0.0004156084405
4539	0.002251091104
4540	0.000919190845
4541	0.0005382974238
4542	0.00283260304
4543	0.0005823719658
4544	0.0002541807011
4545	0.008130157894
4546	0.0005642950102
4547	0.0002471004702
4548	0.00112519669
4549	0.001080970761
4550	0.001348705709
4551	0.001036006298
4552	0.001986555459
4553	0.005978971113
4554	0.003246336589
4555	0.004035665249
4556	0.0005778487284
4557	0.0001196995426
4558	0.002983039566
4559	0.004480173099
4560	0.00331152013
4561	0.001102437069
4562	0.002708884602
4563	0.0005614390135
4564	0.0002805098001
4565	0.0003174937786
4566	0.006609296167
4567	0.002277312233
4568	0.003369516538
4569	0.001621246128
4570	0.003734072484
4571	0.001637325532
4572	0.002105477759
4573	0.001940528608
4574	0.0003250020419
4575	0.002236696617
4576	0.001743234899
4577	0.001021472478
4578	0.002860739242
4579	0.0001682773874
4580	0.004505640083
4581	0.001415829595
4582	0.003357279709
4583	0.005375812943
4584	0.0007485454812
4585	0.001937399799
4586	0.006116854952
4587	0.0008097743419
4588	0.003330249534
4589	2.971899404e-05
4590	0.0009176065962
4591	0.0001960925206
4592	0.0009652593604
4593	0.0004062958084
4594	0.004686439469
4595	0.003842505049
4596	0.002055168218
4597	0.002861203325
4598	0.0004426403283
4599	0.002945262033
4600	0.004038156427
4601	0.003508531297
4602	0.002972171741
4603	0.000487237879
4604	0.003232326309
4605	0.00451245597
4606	0.004248277078
4607	0.002759914302
4608	0.002783013398
4609	0.004683275073
4610	0.001543701439
4611	0.002892158573
4612	0.003522429447
4613	0.00504333858
4614	0.00117668731
4615	0.000183432427
4616	0.002463570896
4617	0.00419130775
4618	0.0006915959242
4619	1.634243697e-05
4620	0.002610400558
4621	0.002946046916
4622	0.001478853053
4623	0.002434316636
4624	0.003472763784
4625	0.002281806598
4626	0.001665516096
4627	0.005261343534
4628	0.0001401201105
4629	0.008474211661
4630	0.004082126436
4631	0.001896658298
4632	0.004707426428
4633	0.001162272886
4634	0.002670791546
4635	0.000987697605
4636	0.0007854974722
4637	0.006708298809
4638	0.00314962274
4639	1.966699385e-05
4640	0.00552745181
4641	0.004002526244
4642	0.006191439738
4643	0.001358283858
4644	0.00274455132
4645	0.006744274837
4646	0.001733697531
4647	0.002777097737
4648	0.004251181864
4649	0.0008235343782
4650	0.0003398466085
4651	0.003589348127
4652	0.005926412288
4653	0.006562041323
4654	0.0007207826579
4655	0.0035840149
4656	0.00270190405
4657	0.002614890213
4658	0.0007661422223
4659	0.004243051758
4660	0.00219109891
4661	0.002122730332
4662	0.001752381148
4663	0.002053351201
4664	6.585268468e-05
4665	0.003172777375
4666	0.0006105230072
4667	0.001579082419
4668	0.005448992783
4669	0.003029787988
4670	0.00111802054
4671	0.003395937255
4672	0.008896840054
4673	0.002020099932
4674	0.0001334635379
4675	0.008028285771
4676	0.0004132065406
4677	0.005252525519
4678	0.007251986412
4679	0.003563364949
4680	0.002945862101
4681	0.001889455695
4682	0.004339758229
4683	0.0004892395736
4684	0.003298142466
4685	0.005212155493
4686	0.001933403732
4687	0.007184434774
4688	0.0007416423663
4689	0.0003736478092
4690	0.00109925852
4691	0.005802491981
4692	0.002098110937
4693	0.006763997361
4694	0.006294266083
4695	0.004093576383
4696	0.0001450540433
4697	0.008155071088
4698	0.003683432515
4699	0.008182919265
4700	0.00123850338
4701	0.001488252166
4702	0.001312390021
4703	0.003019100508
4704	0.001251378442
4705	6.396624331e-06
4706	0.0005707888081
4707	0.0009668132337
4708	0.0008746187662
4709	0.003990604998
4710	0.008701419546
4711	0.008622594505
4712	0.002027526818
4713	0.001531640587
4714	0.008115666666
4715	0.001361019598
4716	0.0004755530423
4717	9.469729799e-05
4718	0.00486822688
4719	0.006781818901
4720	0.006272726003
4721	0.003873455372
4722	0.002581563325
4723	0.002940343062
4724	0.001045541887
4725	0.001718281629
4726	0.0013913313
4727	0.0008935448415
4728	0.001872049812
4729	0.007510248024
4730	0.002206606939
4731	0.004214103276
4732	0.002887134465
4733	0.002640504141
4734	0.001538346764
4735	0.003486169623
4736	0.003174407149
4737	0.001735460111
4738	0.005970551277
4739	0.001153592461
4740	0.003818494718
4741	0.001409385907
4742	0.001353711724
4743	0.001364420126
4744	0.004559374965
4745	0.00115778054
4746	0.003920677492
4747	0.0024737109
4748	0.002374297212
4749	0.0008089670845
4750	0.004588627219
4751	0.001155193373
4752	0.0001123766702
4753	0.005912151249
4754	0.0001648227495
4755	0.001465335058
4756	0.002205946324
4757	0.009978263958
4758	0.002401561392
4759	0.006154616422
4760	0.001316980931
4761	0.001309948887
4762	0.00176151792
4763	0.001974357967
4764	0.0006529841571
4765	0.001232884008
4766	0.003497858573
4767	0.00134203978
4768	0.001617754517
4769	0.006383253875
4770	8.605150363e-05
4771	0.002015777339
4772	0.0009128691053
4773	0.0008896571113
4774	0.0007908403934
4775	0.00105713965
4776	0.001180863806
4777	0.0003132248331
4778	0.0009808249999
4779	0.00161348127
4780	0.001027529778
4781	0.0005084522362
4782	0.005341114075
4783	0.007380833302
4784	0.001204682246
4785	0.0002189541682
4786	0.005104007567
4787	0.005724767975
4788	0.000734563041
4789	0.003262621578
4790	0.0006495275526
4791	0.000909280246
4792	0.0003141749202
4793	0.004110652455
4794	0.0004094335521
4795	0.0002498386112
4796	0.002576351859
4797	0.0004675370642
4798	0.0009786353732
4799	0.003577267802
4800	0.0001299686921
4801	0.006008917326
4802	4.061173599e-05
4803	0.0005306493311
4804	0.003777904316
4805	5.92093036e-05
4806	0.005921599113
4807	0.002511112376
4808	0.002465938268
4809	0.001753834549
4810	0.004838874682
4811	0.006867178419
4812	0.001231323014
4813	0.009601441506
4814	0.002649334224
4815	0.0005792808025
4816	0.00042600027
4817	0.006630532938
4818	0.0007963494217
4819	0.002063024852
4820	0.001611467046
4821	0.0003442639859
4822	0.007688989675
4823	0.0005544143188
4824	0.003628677723
4825	0.004309842254
4826	0.001035952996
4827	0.00515766827
4828	1.664230172e-05
4829	0.001979429686
4830	0.0005488903109
4831	0.0001087903987
4832	0.0003079193896
4833	0.002679598857
4834	0.0002304912866
4835	0.0001426542968
4836	0.0002273784692
4837	0.001354219729
4838	0.003024040377
4839	0.002391776303
4840	0.002228539241
4841	0.002174351291
4842	0.00333200688
4843	0.0004198872812
4844	0.001870018218
4845	0.0003522497782
4846	0.003734635313
4847	0.001933823816
4848	0.000351385515
4849	0.005599242919
4850	0.0004260710467
4851	0.003955832377
4852	0.001190073765
4853	0.0004415250072
4854	0.001841088484
4855	0.001792700504
4856	0.003467097446
4857	0.003087765329
4858	0.0003716050536
4859	0.002285080504
4860	0.00103117786
4861	0.0007445639603
4862	0.004013891361
4863	0.002704344746
4864	0.0004481982305
4865	0.0006988239284
4866	0.005705527564
4867	0.0009497514068
4868	0.002188237542
4869	0.005250462828
4870	0.0009691588372
4871	0.0002658913694
4872	5.877722738e-05
4873	0.006512598241
4874	1.753211042e-06
4875	0.0001527826028
4876	0.002346388433
4877	0.00195777644
4878	0.002124950995
4879	0.001361731364
4880	0.002225508767
4881	0.006899637328
4882	0.001181578844
4883	0.0008164817684
4884	0.00262657188
4885	0.0009909190514
4886	0.001437274269
4887	0.002515024466
4888	0.0002524978961
4889	0.003379678077
4890	0.009016855072
4891	0.0007393682942
4892	0.001538121565
4893	0.001057621425
4894	0.00244803552
4895	0.002346455862
4896	0.0008801771481
4897	0.001822482315
4898	0.001092472394
4899	0.002686045551
4900	9.02285958e-05
4901	0.007034291108
4902	0.004490286804
4903	0.001512044423
4904	0.0009862160947
4905	0.0009291416973
4906	0.002405378381
4907	0.004106542578
4908	0.002723177815
4909	0.005425999174
4910	0.0001671972558
4911	0.003989003608
4912	0.002846739681
4913	0.001237575849
4914	0.0009505457301
4915	0.002409171521
4916	0.003037940769
4917	0.0003694753038
4918	0.0005098306298
4919	0.0004246453339
4920	0.001216818114
4921	0.005294171397
4922	0.002591812758
4923	0.00222096856
4924	0.001382468569
4925	0.000443533229
4926	0.002287248444
4927	0.0009160337975
4928	0.00288984844
4929	0.001557773045
4930	0.003238067007
4931	0.0006946032046
4932	0.008955671408
4933	0.0009310446306
4934	4.815268838e-05
4935	0.000548484752
4936	0.005878692424
4937	0.0005978115854
4938	0.0001003807786
4939	0.001719879841
4940	0.004839808775
4941	0.003164397746
4942	0.001983914875
4943	0.001549106414
4944	0.002996709491
4945	0.0008203946691
4946	0.007121361219
4947	0.0009067131064
4948	7.411138615e-06
4949	0.0002264708402
4950	0.002356818973
4951	0.0020097224
4952	0.001661775067
4953	0.0005774790307
4954	0.005105526361
4955	0.00121730214
4956	0.0005357327161
4957	0.0004010038881
4958	0.002029001442
4959	0.0004351752034
4960	0.00385380418
4961	0.0001386376777
4962	5.926071594e-05
4963	8.80172546e-05
4964	0.002519544539
4965	0.000719158429
4966	4.420969902e-05
4967	0.001212359541
4968	0.005652231251
4969	0.005402453913
4970	0.004956433463
4971	0.0003821321393
4972	0.003623633387
4973	0.0001377567998
4974	0.0008874704841
4975	0.002014015139
4976	0.001502725473
4977	0.004704646284
4978	0.0005043869923
4979	0.005250293593
4980	0.004503049359
4981	0.005051180056
4982	0.003119781326
4983	0.004972672585
4984	0.001112683463
4985	0.000340188681
4986	0.00143217469
4987	0.001230904633
4988	0.002570378291
4989	0.0008488255789
4990	0.0004055475047
4991	0.003285261795
4992	0.000347756125
4993	0.00250704061
4994	0.002050341
4995	0.0005560151962
4996	0.001378528057
4997	0.003157495203
4998	0.005563392198
4999	0.001600053186
5000	0.0009185923966
5001	0.001072088461
5002	0.0009278286031
5003	0.0006194384571
5004	1.945637922e-05
5005	0.0009925591842
5006	0.002091628577
5007	0.0007642713057
5008	0.0001209217877
5009	4.083465488e-05
5010	0.002701090867
5011	0.0005532353237
5012	0.001670546703
5013	0.000565834297
5014	0.001784896878
5015	0.003207272922
5016	0.000681916522
5017	0.001259742414
5018	0.001999558188
5019	0.002764806484
5020	0.004510284289
5021	0.001865658452
5022	0.002109628049
5023	0.0007231066107
5024	0.004746776764
5025	0.000129048769
5026	0.001106316666
5027	0.001498726548
5028	0.0005624510738
5029	0.002594181279
5030	0.001280575992
5031	0.002007222054
5032	0.00178999334
5033	0.0001898642744
5034	6.075957216e-05
5035	0.001514157378
5036	0.0007250009453
5037	0.0006505349517
5038	0.00144383904
5039	0.001016607337
5040	0.000373624683
5041	0.0001687162239
5042	0.001738468098
5043	0.00546992078
5044	0.005818809396
5045	0.003712578452
5046	0.00391409546
5047	3.760538807e-05
5048	0.002941194987
5049	6.629232483e-05
5050	0.0008624787876
5051	0.001967995864
5052	0.00275273078
5053	0.000960819001
5054	0.0006664934508
5055	0.0007970070213
5056	0.004760396575
5057	0.0007342530975
5058	0.0001791755847
5059	0.000622581751
5060	2.825804617e-06
5061	0.001272836472
5062	0.0002229597335
5063	0.0006797179761
5064	0.001968980225
5065	0.0002497703697
5066	0.006713264829
5067	0.004196458866
5068	0.001807201285
5069	0.001127585602
5070	0.000344342894
5071	0.0003645736641
5072	0.0006446614959
5073	0.0001463562668
5074	0.0006056008585
5075	0.0004695260073
5076	0.0001486728491
5077	0.0002558959846
5078	0.0006657777923
5079	2.232567174e-05
5080	0.0007539673862
5081	0.002026253863
5082	5.912148815e-05
5083	0.001885107501
5084	0.0008901971602
5085	0.0004254489312
5086	0.0006006387492
5087	7.918678055e-05
5088	0.001254887188
5089	0.0006849916745
5090	0.001536985488
5091	0.004222368395
5092	0.007833856481
5093	0.001024642601
5094	0.002703659259
5095	0.004654880176
5096	0.0001282976276
5097	0.004685757213
5098	0.0005434376728
5099	0.002141192373
5100	0.0008025522852
5101	0.001509986442
5102	0.009290138505
5103	0.003705978819
5104	0.0008866140289
5105	0.005495624315
5106	0.0005687520829
5107	0.0007472538355
5108	0.0002242017883
5109	0.003436473526
5110	0.001228245237
5111	0.0001179863169
5112	0.0001127708025
5113	0.0001329672193
5114	0.0002863618632
5115	2.187351105e-05
5116	0.0005172220625
5117	0.0002620641736
5118	0.0009736886235
5119	0.0002047810573
5120	0.001743981521
5121	0.0003500194174
5122	0.0003041248055
5123	0.000285207416
5124	0.002900028906
5125	0.0006763999456
5126	0.002017777312
5127	0.004909730896
5128	0.0001550585459
5129	0.0001862840096
5130	3.098537198e-05
5131	0.0001390356765
5132	0.0001721500859
5133	0.0004926494047
5134	0.0002430686666
5135	0.0003881648727
5136	0.0001321934923
5137	6.681657214e-05
5138	0.0007851620543
5139	0.0002036342619
5140	0.0009641659577
5141	0.002407072579
5142	0.00178682381
5143	0.0002072757558
5144	0.0001296599485
5145	0.0001651588048
5146	0.0002492910016
5147	0.002205892685
5148	0.0005864722448
5149	0.0005178756866
5150	0.001604064938
5151	0.003855010862
5152	0.001202446588
5153	0.001218092995
5154	0.0004614207135
5155	0.0003801156136
5156	0.000209186463
5157	7.409102678e-05
5158	0.0005246882291
5159	0.0007451924125
5160	0.001154570834
5161	0.0003414362126
5162	0.0002867036248
5163	0.000310556525
5164	0.0001174264646
5165	0.0006318285687
5166	0.0005249919103
5167	0.000344560375
5168	6.006454185e-05
5169	0.0009270849523
5170	0.0002421997507
5171	0.0003334774693
5172	9.234036135e-06
5173	0.004169829431
5174	3.46471951e-05
5175	0.001426437304
5176	0.002653435233
5177	6.15644405e-05
5178	0.001021379873
5179	0.0003023387509
5180	0.0002389539173
5181	0.0007848654068
5182	0.001239465907
5183	0.004082415306
5184	0.0009714357812
5185	0.0008514408501
5186	0.0003336542896
5187	0.0001042042405
5188	0.001615145299
5189	0.00139337916
5190	0.0007896295371
5191	0.001806883191
5192	0.0003695174561
5193	0.001415899128
5194	0.004945674372
5195	0.00213470744
5196	0.001542209186
5197	0.001622268707
5198	0.003205735606
5199	0.0009775902568
5200	5.843492158e-05
5201	0.003360342921
5202	0.001746266761
5203	8.544865263e-05
5204	0.002640119537
5205	0.0008598476846
5206	4.84711743e-05
5207	0.005013446094
5208	0.0005707417216
5209	0.0004385427433
5210	0.001966806074
5211	0.001330726866
5212	0.0005705154106
5213	0.0001191577949
5214	0.0001738948167
5215	0.0001204361605
5216	0.0002919301089
5217	0.001967264919
5218	2.561195587e-05
5219	6.399617047e-05
5220	0.00254980882
5221	0.0009516226944
5222	0.0008886230225
5223	0.0004054349489
5224	0.0001907828473
5225	0.0003257541494
5226	0.0004867551436
5227	0.000676005603
5228	0.003341389001
5229	0.0001494423831
5230	0.0004568785654
5231	0.0005922219353
5232	0.0004570593448
5233	0.002947262034
5234	0.0003431112566
5235	0.0005815700632
5236	0.0007833908144
5237	0.001166507174
5238	0.0003268443663
5239	0.000191750135
5240	0.0001276177893
5241	0.001286767793
5242	0.0005206071302
5243	0.0002193728314
5244	0.0006427524132
5245	0.00243213726
5246	0.0003208045672
5247	0.0002206236464
5248	0.00320338905
5249	0.0008407373431
5250	2.369475455e-05
5251	0.0001292489587
5252	0.0004495301243
5253	0.002469004591
5254	0.002517745103
5255	0.0005736146346
5256	0.0004093107836
5257	0.0001300481856
5258	0.0005760686537
5259	0.003954939341
5260	0.003227230448
5261	0.001012038768
5262	0.01003599469
5263	0.0008918599651
5264	0.001571040343
5265	0.0005238877922
5266	0.0007523187047
5267	0.001003761573
5268	0.0003319825229
5269	0.000133469331
5270	0.001470464188
5271	0.001864367016
5272	1.886471903e-05
5273	0.0003170568712
5274	0.001461804742
5275	0.0001691549671
5276	0.0007186683478
5277	0.003365350999
5278	0.000995004633
5279	0.000179163218
5280	0.0007500508508
5281	0.000308725094
5282	0.0002896537509
5283	0.0004331673512
5284	0.0004227456925
5285	0.0001176688563
5286	0.0003004274811
5287	0.005221393148
5288	0.002044848726
5289	0.001189762674
5290	0.001483608894
5291	0.0003720416942
5292	0.003081505232
5293	8.634573565e-05
5294	0.0001201200652
5295	0.0003624917141
5296	0.000616742393
5297	0.0005620914374
5298	9.417111849e-05
5299	0.0009177668853
5300	0.0005431764076
5301	0.001410569693
5302	0.003825459715
5303	0.0004893871549
5304	0.0004061244819
5305	0.0005364027133
5306	0.0003095120201
5307	0.004494960392
5308	4.225499815e-05
5309	0.002685632272
5310	0.000878516271
5311	0.0005007385301
5312	0.0009192624194
5313	0.0002545890933
5314	0.000171757088
5315	0.0006202766517
5316	0.0002855731842
5317	0.0002988155324
5318	0.005403337143
5319	4.042726447e-06
5320	0.0001637825593
5321	0.0002666618362
5322	0.006010985115
5323	0.002394970522
5324	0.0003110434344
5325	0.0009452508499
5326	0.000111711834
5327	0.0004499006218
5328	0.000563787269
5329	7.415004735e-05
5330	1.677805775e-05
5331	0.00227079888
5332	0.0002465661886
5333	0.00932530507
5334	0.001896217401
5335	0.000207111565
5336	0.0003346574234
5337	0.001874803811
5338	0.0007285025196
5339	0.0009204251278
5340	0.0002039047947
5341	0.001198019569
5342	6.389123937e-05
5343	0.0004542122103
5344	0.002816720396
5345	0.001473118662
5346	0.000947012537
5347	0.001433895479
5348	0.0002496129398
5349	0.0002574863368
5350	0.0002287513275
5351	0.0006840184861
5352	0.002134366136
5353	0.002154274242
5354	0.002131386794
5355	0.0003856942088
5356	0.001221686789
5357	0.0008083666323
5358	0.000681187417
5359	0.0008035329846
5360	3.469025576e-05
5361	0.001773054006
5362	0.002392827369
5363	0.001485267027
5364	0.0003266124548
5365	0.0003502646335
5366	0.002128713484
5367	0.0001132374033
5368	0.003297661692
5369	1.883962806e-05
5370	0.003068273363
5371	0.0008918519961
5372	0.0007457807175
5373	0.0009971583916
5374	0.00160693699
5375	0.001747516559
5376	0.0002118058109
5377	0.0006720107046
5378	0.002397107904
5379	0.0002852613545
5380	0.0001383639186
5381	0.0004906725644
5382	0.002346627869
5383	0.0006017905633
5384	0.001294634818
5385	0.001461884643
5386	0.0001625675786
5387	0.004865269452
5388	0.002922143302
5389	0.0001684132392
5390	0.0002582463095
5391	0.000302301314
5392	0.001162696095
5393	0.001152082475
5394	0.0005180511439
5395	0.00225288311
5396	0.0004927450246
5397	9.126060889e-05
5398	3.699857659e-06
5399	0.001120187441
5400	0.001693875207
5401	9.713232146e-05
5402	0.001817025362
5403	0.00168709724
5404	0.0009924113824
5405	0.0002526495424
5406	0.0008421028474
5407	0.007744642315
5408	0.001082397462
5409	0.0001456617543
5410	0.0004285807514
5411	0.0002964681488
5412	0.0004667968441
5413	0.001182105786
5414	0.001320857066
5415	0.0004006256282
5416	0.001428672231
5417	0.002078611578
5418	0.000744744052
5419	0.0003925773959
5420	0.001974973553
5421	0.0003997585476
5422	0.0001575185331
5423	0.001465091047
5424	0.0004268945596
5425	0.005224553438
5426	0.000342209939
5427	0.0002026831809
5428	0.002878382679
5429	0.001042291568
5430	4.918670791e-05
5431	0.00407999218
5432	0.001094227412
5433	0.0002494100508
5434	0.0002397198124
5435	0.0001871647458
5436	0.003729975664
5437	5.658810865e-05
5438	0.002920245615
5439	0.0001334242842
5440	0.001076001702
5441	0.0006765300057
5442	0.0007560601327
5443	0.0004398223602
5444	0.0005937109291
5445	0.00289204834
5446	0.0004334275626
5447	0.003302068836
5448	0.0004837378051
5449	0.0005474919268
5450	0.001050150982
5451	0.0005119566712
5452	0.0005930521889
5453	3.341642527e-05
5454	0.004565997946
5455	0.0002789607002
5456	0.006278952886
5457	0.004733651399
5458	0.005233558215
5459	0.0005826880603
5460	0.0004112933305
5461	0.0002741968277
5462	0.001888502353
5463	0.0006567841915
5464	0.004359712487
5465	0.002842053501
5466	0.000512326709
5467	0.002480008836
5468	0.0005323335613
5469	0.0003146474405
5470	0.0001709892055
5471	0.0002527596972
5472	0.0002584211664
5473	0.005463647002
5474	0.000555466847
5475	0.001556317478
5476	8.195789348e-05
5477	0.0005987356801
5478	0.009088608332
5479	0.000369697887
5480	0.0002367867793
5481	0.004059916345
5482	0.001772381055
5483	0.001139387088
5484	0.0007343969023
5485	0.0004381479704
5486	0.001490904996
5487	0.00117756149
5488	0.0027512159
5489	0.001174087707
5490	0.0004010265609
5491	0.001851715709
5492	0.001365148459
5493	0.001939001704
5494	0.0001942648557
5495	0.0004168736588
5496	0.00384166914
5497	0.004700375419
5498	0.001916447383
5499	0.0008372366836
5500	0.0006597350475
5501	0.0005031676656
5502	0.0009598873613
5503	0.0006977604626
5504	0.0007815994701
5505	0.001442775153
5506	0.0002802778144
5507	0.001400287342
5508	0.002592368319
5509	0.0002714326952
5510	0.0009743792733
5511	0.0007091962787
5512	0.009090492096
5513	0.002188143765
5514	6.559812817e-05
5515	0.001234510141
5516	0.0005119485329
5517	0.0002924631405
5518	0.0009812495448
5519	0.0002103358236
5520	0.001163771546
5521	0.0006779036677
5522	0.003586209642
5523	0.0002597177568
5524	0.0005310310582
5525	0.0003032209538
5526	0.0001691329131
5527	0.0006203517172
5528	0.0001683189578
5529	0.0005272611546
5530	0.001132681464
5531	0.0002750358987
5532	0.001627710175
5533	0.0002302126463
5534	7.198369934e-07
5535	0.0001087097253
5536	0.001250384551
5537	0.00343589681
5538	0.002730275468
5539	0.0003278832885
5540	2.104833923e-05
5541	0.002646059384
5542	0.0009504865724
5543	0.0006745072947
5544	0.000303947963
5545	0.009068554592
5546	0.0003921279909
5547	0.001695881161
5548	0.002862885663
5549	0.002022787631
5550	0.0005693036352
5551	0.003392133976
5552	5.712086205e-05
5553	9.570685426e-05
5554	0.0009457180512
5555	0.0009469164526
5556	0.00142470536
5557	0.001321184136
5558	0.001390190337
5559	0.0002863517656
5560	0.0001010073718
5561	0.001095813401
5562	0.0007444229381
5563	0.0003372468388
5564	0.005042263858
5565	0.0005472411038
5566	5.096450524e-06
5567	0.0008324259742
5568	0.002113845469
5569	0.0001965343706
5570	0.002126797332
5571	0.0004720757223
5572	0.001046423816
5573	0.0001690106028
5574	0.0003188431895
5575	8.570221169e-05
5576	0.001067286936
5577	0.00159296738
5578	0.001826979631
5579	0.001528351596
5580	0.0004363453148
5581	0.0005957712815
5582	0.0004460538146
5583	0.0004054636348
5584	0.001229770517
5585	0.007729572537
5586	0.0003515290761
5587	0.002564216922
5588	0.002409107872
5589	0.005283632694
5590	0.0005597020604
5591	0.00477748999
5592	0.0007778991886
5593	1.159658907e-05
5594	1.308376904e-05
5595	0.001710697553
5596	0.005558276803
5597	0.000392128658
5598	0.0008172538642
5599	0.0003844042771
5600	0.0005759679249
5601	0.0009822984018
5602	0.002750702101
5603	0.0004646080312
5604	0.0008478583114
5605	0.0001583258769
5606	0.0004121469067
5607	0.001098478734
5608	0.002494088656
5609	0.001506476293
5610	0.0002657896157
5611	0.0006670315956
5612	0.002041822065
5613	0.0005548239349
5614	0.0007828286646
5615	0.0006124225983
5616	0.001637467424
5617	0.002166127019
5618	0.0006766633349
5619	0.0005086141243
5620	0.004022243547
5621	0.001937269531
5622	0.0007586055006
5623	0.0001021128206
5624	0.0004009680698
5625	0.002721758489
5626	0.001088901765
5627	0.002819815511
5628	0.001342321597
5629	0.001861306644
5630	0.0004536147782
5631	0.002372086389
5632	0.0001482328331
5633	0.0001337529687
5634	0.001664704419
5635	0.0004237206099
5636	0.001214102179
5637	0.002655977824
5638	0.000211857291
5639	0.001669309526
5640	0.0001359802729
5641	0.003025581439
5642	0.001425833314
5643	8.944475341e-06
5644	0.001348474429
5645	0.002066343796
5646	0.0009285262856
5647	0.000407861881
5648	0.001337519968
5649	0.00101801256
5650	0.001825085585
5651	0.0008318290903
5652	0.0005601675334
5653	0.001265916949
5654	1.122069191e-05
5655	0.003695541766
5656	0.000363227353
5657	0.002045715765
5658	0.001393647564
5659	0.0009164184623
5660	0.0001845249232
5661	0.0002007290511
5662	0.0007081687961
5663	0.002686309112
5664	0.001670375582
5665	0.0008380524347
5666	0.001967780126
5667	0.001121651071
5668	0.004843801933
5669	0.0006799294522
5670	0.0001789039311
5671	0.003000106774
5672	0.00423821402
5673	0.004721856706
5674	0.0003822893904
5675	0.0005005312993
5676	0.00102998233
5677	0.0002702360462
5678	7.617638008e-06
5679	0.0005540985565
5680	0.0008924860853
5681	0.001121195612
5682	0.0003248922959
5683	0.001294759056
5684	0.0006604379959
5685	0.001675572902
5686	0.0004079645537
5687	0.001937450231
5688	0.005247057808
5689	0.002094157954
5690	0.0008792732943
5691	0.0006685975603
5692	0.0001341117561
5693	0.001220543838
5694	0.001311357615
5695	0.0002103852817
5696	0.001505087016
5697	0.00364058363
5698	0.0007179329189
5699	0.00125071867
5700	0.001186261696
5701	0.004028219179
5702	4.369802864e-05
5703	0.002837967768
5704	0.002849201142
5705	0.0006707030469
5706	0.003386757108
5707	0.003437995506
5708	0.0005355417865
5709	0.004441782103
5710	0.009188840496
5711	0.002299474771
5712	0.0007202125177
5713	0.002053381817
5714	0.004600541476
5715	0.0006416964468
5716	0.0002066175038
5717	0.0007916637952
5718	0.0002267912599
5719	0.0007855174177
5720	0.001706085107
5721	6.616314238e-05
5722	0.0006407841784
5723	0.003661905503
5724	0.0006004763326
5725	0.00212706351
5726	0.0004611165169
5727	0.002461884801
5728	0.002867386063
5729	0.001180068891
5730	0.0008939068825
5731	0.004431104113
5732	0.000610631778
5733	0.0008145050825
5734	0.004717313702
5735	0.004782539881
5736	0.0006726730046
5737	0.004332424827
5738	0.001215938407
5739	6.954564404e-05
5740	0.0008088434039
5741	0.002114719637
5742	0.009892500093
5743	0.003801283662
5744	0.0002096479917
5745	0.001076217176
5746	0.001843426885
5747	0.001003039653
5748	3.405059021e-05
5749	0.003287096047
5750	0.004006964561
5751	0.0002299177019
5752	0.001701638121
5753	0.001172212527
5754	0.0003540954967
5755	0.0008313972404
5756	0.005070270243
5757	0.0002116010416
5758	0.005769415064
5759	0.001358658605
5760	0.001232747696
5761	0.000499677815
5762	0.003462673931
5763	0.000986814555
5764	0.0004993490261
5765	0.0006028159661
5766	0.0001899890679
5767	0.001630969467
5768	0.002823186747
5769	5.700520716e-05
5770	0.001058832679
5771	0.000345187979
5772	0.0009353865419
5773	0.0006375781649
5774	0.00567666884
5775	0.0004275876599
5776	0.0003496256565
5777	0.001070957257
5778	0.0003810533531
5779	0.0005543279039
5780	0.0007818203626
5781	0.0003434882029
5782	0.001328040869
5783	0.001251023409
5784	0.001413188992
5785	0.002281657268
5786	0.0002462989419
5787	0.0002985948453
5788	7.002341822e-05
5789	0.0005430931247
5790	0.001990327114
5791	0.0005789103472
5792	0.0002695647996
5793	0.001297814774
5794	0.0002067633606
5795	0.002087201159
5796	0.0001484228329
5797	0.0001434090267
5798	4.835816354e-05
5799	5.32379025e-05
5800	0.00126334675
5801	0.002418570493
5802	0.001217509115
5803	0.0009152916164
5804	0.000970282426
5805	0.0001522383547
5806	0.0007548169441
5807	6.389597257e-05
5808	0.001478370085
5809	0.0003763553832
5810	0.00386182404
5811	0.001893576521
5812	0.0001106373465
5813	0.0004965689611
5814	0.0003992139267
5815	0.001460570565
5816	0.0002519337757
5817	0.001672961731
5818	0.001911903492
5819	0.001455928734
5820	0.004648554265
5821	8.082476831e-05
5822	0.002442815122
5823	0.0006382094547
5824	0.000386593716
5825	0.002188294995
5826	0.001151314884
5827	0.0004355071687
5828	0.00562229815
5829	0.0007285575626
5830	0.0002409051078
5831	0.000225261847
5832	9.175124918e-06
5833	0.004858687709
5834	0.0007315328076
5835	0.0002521724857
5836	0.0005780302768
5837	8.382927467e-05
5838	0.0003129882413
5839	0.0003833773551
5840	0.0001057497589
5841	0.0001840882587
5842	0.0002220240948
5843	0.004055495781
5844	0.001177677101
5845	0.0003853827452
5846	0.009732973664
5847	0.001438514455
5848	6.273660066e-05
5849	0.001725230435
5850	0.0005062544527
5851	0.001911671696
5852	0.0007361530729
5853	0.0005535672561
5854	1.50936841e-05
5855	0.0002677343118
5856	6.021992244e-05
5857	0.002275631593
5858	0.005137501995
5859	0.004544112761
5860	0.002397090544
5861	0.003642728234
5862	0.000757963333
5863	0.001281062417
5864	0.001173080838
5865	0.003100611201
5866	0.0008832649393
5867	0.002422200901
5868	0.003836571017
5869	0.002740992438
5870	0.005278703446
5871	0.003533473971
5872	0.0002481875644
5873	0.001073485217
5874	0.001271435359
5875	0.000173368237
5876	0.0005049387817
5877	0.0004995184608
5878	0.005603742702
5879	0.00420359527
5880	0.00221291669
5881	0.000357789091
5882	0.0001566057886
5883	0.0002280360629
5884	0.0004656361013
5885	0.0007439569157
5886	0.001943247113
5887	0.001036511454
5888	0.001735973487
5889	0.004472784814
5890	0.0006085719255
5891	0.0002621654809
5892	0.001041198306
5893	0.002604997701
5894	0.0007529860767
5895	0.00168766419
5896	0.0007914084288
5897	0.000810420312
5898	0.0002514527857
5899	0.0001055192332
5900	0.000378296735
5901	0.0016024601
5902	0.0009685089002
5903	0.00071309907
5904	0.0005778360112
5905	0.0003052250178
5906	0.002994785082
5907	0.0007413132045
5908	0.003093268451
5909	0.001680918233
5910	0.002886860577
5911	0.00135834681
5912	0.002470681511
5913	0.0005567115642
5914	0.000432272191
5915	0.002386367071
5916	0.0005153444541
5917	6.082677589e-05
5918	8.378016587e-05
5919	0.000534437526
5920	0.001702940587
5921	0.001009083763
5922	0.001531171747
5923	0.0001103712208
5924	0.0006469049476
5925	0.0002970824054
5926	4.816579091e-05
5927	0.0007194476443
5928	0.002269748597
5929	0.002108825364
5930	0.0004911800549
5931	0.0009028331152
5932	0.0004244743672
5933	0.0009607064345
5934	0.002127857055
5935	0.002248099351
5936	0.002730195238
5937	0.0003546166893
5938	0.0008517708383
5939	0.00471688363
5940	0.00188593708
5941	0.00129771313
5942	0.0007547159259
5943	0.0007592785858
5944	0.0001418014451
5945	0.0007555796556
5946	0.0006012415754
5947	0.001314414455
5948	0.00322629803
5949	3.882649338e-05
5950	0.01149673949
5951	0.003591883125
5952	0.0004126344732
5953	0.005378348064
5954	0.0003560133054
5955	0.000265007242
5956	0.0009348497579
5957	0.0005789317852
5958	0.001564098924
5959	2.900558209e-05
5960	0.0006927326262
5961	0.001004222882
5962	9.85929516e-06
5963	0.0004230969679
5964	0.002396707559
5965	0.000599797112
5966	0.004208455597
5967	0.000176168382
5968	4.127044619e-05
5969	0.00318746181
5970	0.009046989819
5971	0.0009131346483
5972	0.0001109371934
5973	0.002331750554
5974	0.001390912889
5975	0.001964316402
5976	0.0009675245435
5977	0.001819946569
5978	0.002299807844
5979	0.0008714538223
5980	0.0006679369541
5981	0.0003040744674
5982	0.007650667584
5983	0.00165393972
5984	0.00159572671
5985	0.0007533881379
5986	0.0009507856003
5987	0.00426310699
5988	0.0001572987993
5989	0.0007620118592
5990	0.004774845461
5991	0.0003270396523
5992	0.0004038839603
5993	0.0004562679389
5994	0.001395720978
5995	0.0007220309977
5996	1.517962e-05
5997	0.0005709623595
5998	0.0003133727195
5999	8.952122082e-05
6000	0.001046833802
6001	0.00109109371
6002	0.006044947116
6003	0.0009183552411
6004	0.0001240335538
6005	0.0002029146873
6006	0.0002898046289
6007	0.002885969993
6008	0.001286559804
6009	0.0001702858677
6010	0.006826476837
6011	0.0008917716045
6012	0.001772200289
6013	0.001443230126
6014	0.004998506259
6015	0.002070655279
6016	8.853784374e-05
6017	0.0003186527085
6018	0.001799053182
6019	0.003028058627
6020	0.001203414678
6021	0.006045567293
6022	0.0009626018006
6023	0.003345609672
6024	0.001591061687
6025	0.005882020833
6026	0.001682415713
6027	0.001169068902
6028	0.0018688689
6029	0.0002272621284
6030	0.002077474117
6031	0.001220915965
6032	0.0004549110218
6033	0.000345260009
6034	0.0001556263452
6035	0.0001213109752
6036	0.0001025825477
6037	0.003322373536
6038	0.002635009621
6039	0.0007009215645
6040	0.003203831661
6041	0.007620997284
6042	0.0002319032599
6043	4.318988076e-05
6044	0.0001903992259
6045	1.068804915e-05
6046	1.942079217e-06
6047	0.0007476048624
6048	0.001052054107
6049	0.003489305437
6050	0.001320962685
6051	0.0006180655664
6052	0.0001552266747
6053	0.001076877317
6054	0.0007612478347
6055	0.004077628171
6056	7.658337472e-05
6057	0.0002364348714
6058	0.000101388064
6059	0.0003486885939
6060	0.002371976824
6061	0.00327817777
6062	0.0001503917267
6063	0.001338630544
6064	0.0005132224266
6065	0.002869038356
6066	0.0005054323139
6067	0.0004406915354
6068	0.0006763740826
6069	0.002171806484
6070	0.001587414951
6071	0.0007440624248
6072	0.001428244667
6073	0.000212509645
6074	0.00109553313
6075	0.003739006952
6076	0.0006013783778
6077	0.001590135252
6078	7.713423173e-06
6079	0.003763698259
6080	0.0003553530538
6081	0.002146913351
6082	0.002996998978
6083	0.0002316554633
6084	0.002208666579
6085	0.002760535045
6086	0.001969834023
6087	0.0003270101703
6088	7.846765033e-05
6089	0.002758004493
6090	0.003142566592
6091	0.0004911319791
6092	0.000249866351
6093	0.0001885338528
6094	0.002152694259
6095	0.001747575347
6096	0.00248683949
6097	0.0007714176019
6098	0.01106830323
6099	0.001033392606
6100	0.004123387556
6101	0.002484089493
6102	0.0002222068015
6103	0.002836529175
6104	0.0003251139305
6105	0.002467719523
6106	0.001100655946
6107	0.001973079457
6108	0.0009478403323
6109	0.001971573206
6110	0.001456556419
6111	0.0008875292051
6112	0.003526162703
6113	0.0009492706935
6114	0.0009529272291
6115	0.001209668396
6116	0.001170495999
6117	0.0005466100725
6118	0.002780836603
6119	0.0003902378558
6120	0.001126522712
6121	0.0001211517939
6122	0.0002183459976
6123	0.0006390013839
6124	0.003094348486
6125	0.001356485418
6126	0.001154019222
6127	3.187586782e-05
6128	0.001526698721
6129	0.000420513681
6130	0.0004852795831
6131	0.001719573453
6132	0.001132475834
6133	0.000377300451
6134	0.0007154738557
6135	0.001223465279
6136	0.0009895594512
6137	0.003873887776
6138	0.0001013079753
6139	0.0008691123903
6140	0.001394335165
6141	0.004106142048
6142	0.0003530785528
6143	0.0005755708729
6144	0.0007985525268
6145	0.0003025483295
6146	0.001770867913
6147	5.799891042e-05
6148	0.001238887055
6149	0.003256833087
6150	0.001560665708
6151	0.000911637616
6152	5.031675541e-05
6153	0.002275263959
6154	0.0002874678766
6155	0.001354172883
6156	6.107350325e-05
6157	6.507019699e-06
6158	0.0001318871174
6159	0.004179926731
6160	0.0018720788
6161	0.001272880827
6162	0.0003099383545
6163	0.0004799171152
6164	0.003242968359
6165	0.0005444453826
6166	0.0001024079385
6167	0.001592255541
6168	0.001454799873
6169	0.0009995477937
6170	0.001006961452
6171	0.0004148442828
6172	8.149641257e-05
6173	0.002559660309
6174	7.411422877e-05
6175	0.0004432689254
6176	0.00363872823
6177	0.002030760603
6178	0.001058680122
6179	0.0005573615506
6180	0.0006549042457
6181	1.57235402e-05
6182	0.001061850913
6183	0.006520915689
6184	0.0006634957485
6185	0.001543043461
6186	0.000842694856
6187	0.003573448005
6188	0.00145224474
6189	0.0003589908247
6190	0.0004848560241
6191	0.009181956666
6192	0.0006026441784
6193	0.001018087481
6194	5.024024567e-06
6195	0.007582009504
6196	0.0003357390371
6197	0.001506557072
6198	0.0004876134967
6199	0.003975124543
6200	0.0007609719294
6201	0.0001081986606
6202	0.0002224566381
6203	0.000634111524
6204	0.00022424579
6205	0.0005442429654
6206	0.0001476875366
6207	0.0002078109355
6208	0.002680124885
6209	0.003501066034
6210	0.0003905427702
6211	0.002595915573
6212	0.0006415200869
6213	0.0003482085553
6214	0.0003779474275
6215	0.004339824032
6216	0.004472400239
6217	0.0001148256109
6218	0.003078916084
6219	0.0002271819519
6220	0.0009255483392
6221	0.0004356500638
6222	4.146746385e-05
6223	2.939470063e-05
6224	0.0005010486082
6225	0.001736881602
6226	7.909610003e-06
6227	0.0009963709757
6228	0.002645414908
6229	0.001300612057
6230	0.0005279961277
6231	0.001174384492
6232	0.00109883588
6233	9.82741685e-05
6234	0.001837121883
6235	0.0002953178533
6236	0.001037129243
6237	0.003930076605
6238	0.001456393324
6239	0.00159366682
6240	0.003303175114
6241	0.003461393936
6242	0.0001559189667
6243	0.0006230451658
6244	0.009562467348
6245	0.01056677444
6246	0.0003958162146
6247	0.001899367147
6248	0.001061582964
6249	0.001519180841
6250	0.001306898681
6251	0.003174568486
6252	0.0009413897619
6253	0.004475791556
6254	0.00289542767
6255	0.000622613049
6256	0.005963312387
6257	0.001482553345
6258	0.0001234200968
6259	0.001056106372
6260	0.001056668447
6261	1.226043607e-06
6262	5.960823852e-05
6263	0.0007482214004
6264	8.887512325e-05
6265	0.0008694824507
6266	0.001725682963
6267	0.002292519303
6268	0.003837564701
6269	0.0001052321871
6270	0.002573842126
6271	0.000235861529
6272	0.0005181879011
6273	0.00175143193
6274	0.0007601353296
6275	3.056663581e-05
6276	0.0001667039144
6277	0.0001697513646
6278	0.0001286236403
6279	0.003149619001
6280	0.002115649417
6281	0.003323405151
6282	0.0008479478932
6283	0.004210463269
6284	0.002828725955
6285	0.0001906843596
6286	0.003495493574
6287	0.0009195043522
6288	0.00131448249
6289	0.000578524354
6290	0.002209907957
6291	0.0001557272672
6292	0.000385379487
6293	0.000725673669
6294	0.001777030917
6295	0.002080639234
6296	0.0001527439857
6297	0.001489477504
6298	4.223912794e-06
6299	0.001102297711
6300	0.0006949682598
6301	0.0009408840629
6302	0.006366716753
6303	0.0006322594097
6304	0.001216439154
6305	0.002319022181
6306	0.008047096618
6307	0.004366058629
6308	0.001191785463
6309	0.003145804739
6310	0.007855064426
6311	0.0002320508367
6312	0.003028622183
6313	0.001981506478
6314	0.0007201018111
6315	0.0002447573874
6316	0.0008647479066
6317	0.0003191128174
6318	0.0006192935986
6319	0.001092063777
6320	0.005126747173
6321	0.0004056856338
6322	0.01240968465
6323	0.003644797671
6324	0.0003683835056
6325	0.0008716312717
6326	0.006869835692
6327	0.006439125762
6328	0.0001465638103
6329	0.002747817301
6330	0.002543857661
6331	0.001949326726
6332	0.0002423128114
6333	0.0004077118769
6334	0.0001260146886
6335	0.007688264689
6336	0.001665822875
6337	0.0001715284962
6338	9.703429714e-05
6339	0.001149913542
6340	0.006194745066
6341	0.005895416671
6342	0.0008365962299
6343	0.0004861689003
6344	0.004388793552
6345	0.0002782913341
6346	0.003598694733
6347	0.0009185650583
6348	0.000200575346
6349	4.979434799e-05
6350	0.0002681005342
6351	0.007254804192
6352	0.002644697336
6353	0.0006135485841
6354	0.003788218786
6355	0.0001751226729
6356	0.0002937238949
6357	0.001907864575
6358	0.0002643703835
6359	0.0008829292821
6360	0.00158180802
6361	0.002814882681
6362	0.003546996571
6363	0.001722125073
6364	0.0001442339713
6365	0.001334917878
6366	5.050902728e-05
6367	0.001338836074
6368	0.0008587425843
6369	0.0008286143052
6370	0.0007732068889
6371	0.0007868475004
6372	0.000301008102
6373	0.003901721363
6374	0.0001573966498
6375	0.001459139618
6376	0.001739851052
6377	0.0003718992657
6378	0.002639450758
6379	0.000592636303
6380	0.0004917636779
6381	7.275357711e-06
6382	0.0001134011333
6383	0.001843923245
6384	0.0003004772525
6385	0.0009785088606
6386	0.003741149809
6387	0.0009703991155
6388	0.0001830480377
6389	0.0004904460389
6390	0.001950943006
6391	0.002200014601
6392	0.000358339579
6393	0.003898306397
6394	2.216272621e-05
6395	0.002029158174
6396	0.0008337496576
6397	0.0007450510928
6398	0.0006287419468
6399	0.0008794062922
6400	0.001848492877
6401	0.003468450168
6402	0.0001652660589
6403	0.00583185578
6404	0.0003695110356
6405	0.001400678629
6406	0.0009552444112
6407	0.0005683352706
6408	0.0001430875573
6409	0.001693569001
6410	0.0006293232291
6411	0.0007870480876
6412	0.005995258367
6413	0.005333572303
6414	0.002384248719
6415	0.0003544123177
6416	0.002103393991
6417	0.0002645485939
6418	0.0002072460583
6419	0.003513632315
6420	0.002183087455
6421	0.0001288932625
6422	0.002648958907
6423	0.0004646225625
6424	0.000121304689
6425	0.0007765834868
6426	0.0002406336484
6427	0.00057508101
6428	0.0009736556392
6429	0.001771399675
6430	0.005969224665
6431	0.005020585219
6432	0.0008892167358
6433	0.002316076761
6434	0.004609965001
6435	0.003227832811
6436	0.0001294855757
6437	0.0002831358559
6438	0.0003996309312
6439	0.0006639518282
6440	0.003544884716
6441	0.001255598692
6442	0.000458874382
6443	0.0002621162053
6444	0.001272364313
6445	2.142735427e-05
6446	9.289643309e-05
6447	0.0003684199839
6448	0.002593915889
6449	0.002354187147
6450	0.003162807973
6451	0.002150558501
6452	0.0006079039803
6453	0.0005001330475
6454	2.386757045e-05
6455	0.0001990508979
6456	0.009919214173
6457	0.0006293839259
6458	0.001201789361
6459	6.824828005e-05
6460	0.0007400146819
6461	0.0008437864487
6462	0.000612966073
6463	0.002376867363
6464	0.001781389496
6465	7.586901229e-05
6466	0.001728603629
6467	0.002452092504
6468	0.0002708742174
6469	0.0006897559857
6470	0.003335515399
6471	0.0003647538998
6472	0.002699944634
6473	0.0001261990615
6474	0.002075490283
6475	0.0001060242019
6476	0.0005622515498
6477	0.001799104039
6478	0.0002817186592
6479	0.0005024055485
6480	0.00289713571
6481	0.0009082614068
6482	0.003948298098
6483	0.0002246221185
6484	0.0001490395921
6485	0.0008851946444
6486	0.003463389443
6487	0.001969107057
6488	0.0003312256033
6489	0.007497031618
6490	0.002825833847
6491	0.001409478261
6492	0.001611182086
6493	0.0008440329025
6494	0.0002449671284
6495	0.0009370622721
6496	0.002037485475
6497	0.001105309259
6498	0.005703947229
6499	0.002277181497
6500	0.002498534245
6501	0.0003221384635
6502	0.001170892644
6503	0.0003510619016
6504	0.001611238705
6505	0.001220076229
6506	0.003733721647
6507	0.0003237774842
6508	0.001996032606
6509	0.002090515365
6510	0.0005998103831
6511	0.0002348586186
6512	0.00312283528
6513	4.493890369e-05
6514	0.008570390034
6515	0.003175885052
6516	0.0002802640864
6517	0.001762265414
6518	0.000451994277
6519	0.001999967584
6520	0.0006240774263
6521	0.00275885909
6522	0.0001195612079
6523	0.001430135745
6524	0.0001954681748
6525	0.001085528896
6526	2.72248107e-05
6527	0.0002075656433
6528	0.0003626988417
6529	6.78167629e-05
6530	0.00240743861
6531	0.002516090708
6532	0.004119553194
6533	0.007582215048
6534	0.0001855426717
6535	1.151986543e-05
6536	2.542406987e-05
6537	0.001768660306
6538	0.00166590911
6539	0.0005768022964
6540	0.0001945313902
6541	0.00453450273
6542	0.000924301696
6543	0.006357907851
6544	0.0002975702335
6545	0.0002310862645
6546	0.0003227226883
6547	0.0004236530711
6548	0.000416649831
6549	0.003463743003
6550	0.0008715057204
6551	0.002639303727
6552	0.01071239324
6553	0.0008962338357
6554	0.001049495922
6555	0.002320153031
6556	0.0001490874835
6557	0.0001258507032
6558	0.000210358816
6559	0.002431180436
6560	0.001711769131
6561	0.001073429038
6562	0.0002911145295
6563	0.001118532238
6564	0.0004916986825
6565	8.943642483e-05
6566	0.001997078645
6567	0.0001785866794
6568	0.0002580602962
6569	0.005050218877
6570	0.001067871774
6571	0.001168384323
6572	0.0004692965315
6573	0.001614440528
6574	0.0006166160237
6575	0.004251341945
6576	0.001586256498
6577	0.0008182612059
6578	0.0005437828002
6579	7.633949981e-05
6580	1.18760861e-05
6581	6.011731753e-05
6582	0.001314602347
6583	0.002264544345
6584	0.001967304893
6585	0.0001870997095
6586	0.003273158317
6587	0.000816579388
6588	1.98517268e-05
6589	0.0006816786003
6590	0.0007107631207
6591	0.0003975729728
6592	0.0007879225596
6593	0.002531926878
6594	0.0001873789055
6595	0.0005494890927
6596	2.684790676e-05
6597	0.0002203705713
6598	0.0006927443494
6599	0.0009922214959
6600	0.0004013225068
6601	0.001166141802
6602	0.0009844971358
6603	0.0008622373688
6604	0.000649658404
6605	7.376631285e-05
6606	0.001612324105
6607	0.002901269074
6608	0.002704579378
6609	0.00221149469
6610	0.0002322456294
6611	0.001866240085
6612	0.000440978582
6613	0.0002104150457
6614	0.004328863662
6615	0.001070177758
6616	0.0005516649651
6617	0.0003636885618
6618	0.003075455381
6619	8.394054643e-05
6620	0.001227230318
6621	0.002044824823
6622	0.0007743784827
6623	0.00124024813
6624	0.0001705475859
6625	0.001130469156
6626	0.0006896062312
6627	0.001851440123
6628	0.0004167418937
6629	0.001915264547
6630	0.005300196747
6631	0.0002176911372
6632	0.0005462036225
6633	0.0001069397449
6634	0.0007256851616
6635	0.001665703121
6636	0.003817202594
6637	0.001587608464
6638	0.000971871149
6639	0.003089631719
6640	0.0001355023262
6641	0.0006653203025
6642	0.0004389460995
6643	0.002267303536
6644	0.0007865203306
6645	0.0002855065237
6646	0.0001812956544
6647	0.0003634283778
6648	0.0005908874609
6649	0.00122711574
6650	0.0003312463306
6651	0.002130947168
6652	0.0005552699855
6653	0.0002744373884
6654	0.002082113283
6655	0.00168607857
6656	0.0008125345473
6657	0.003456482475
6658	0.004451882841
6659	0.002182947881
6660	0.0009732101659
6661	0.001443981786
6662	0.006638811787
6663	0.00131962855
6664	0.005508849858
6665	0.0008677084695
6666	0.001007538917
6667	0.0002215798425
6668	0.0001817999882
6669	0.0005101369474
6670	0.004298064386
6671	0.009421467408
6672	0.00101159847
6673	0.0009378957037
6674	2.541472237e-05
6675	0.0004628135076
6676	0.0007331058385
6677	0.0001949625546
6678	0.005993368353
6679	0.0008120568653
6680	0.0003102445796
6681	2.564763139e-05
6682	0.0002859978736
6683	0.0021555683
6684	0.0003524813216
6685	0.001377848794
6686	0.0004298948782
6687	0.0005877785287
6688	0.001498350315
6689	0.002655446315
6690	0.004009031064
6691	0.00357827729
6692	0.001047425243
6693	0.002988462915
6694	0.003903648631
6695	0.005997197372
6696	0.0002583328752
6697	0.00150970986
6698	0.0005021318997
6699	0.004972884016
6700	0.01209363849
6701	0.001964933599
6702	0.008532098954
6703	0.001027711022
6704	0.002231981823
6705	0.0009936493268
6706	0.007996733258
6707	0.003362702399
6708	0.001842050227
6709	0.002786395115
6710	0.002084111559
6711	0.0004333282875
6712	0.003301923529
6713	0.001576589278
6714	0.0002890661867
6715	0.0008887326231
6716	0.004693800078
6717	0.003095525955
6718	4.697854007e-05
6719	0.008286773241
6720	0.001362807034
6721	0.0007551651963
6722	0.006491322337
6723	0.00313675771
6724	0.0004120602839
6725	0.00482107392
6726	0.001112166923
6727	0.0009196822565
6728	0.003720549729
6729	0.004091764133
6730	0.004100053061
6731	0.003678003253
6732	0.002111457701
6733	0.002191652745
6734	0.00122621886
6735	0.0004041278064
6736	0.005938465708
6737	0.001874215778
6738	0.0005924072896
6739	0.0004077759757
6740	0.001285372081
6741	0.002536499096
6742	0.0002482532301
6743	0.00576147146
6744	0.0009451621077
6745	0.000107907332
6746	0.0003722337869
6747	0.001686973801
6748	0.0001413303282
6749	0.001265198612
6750	0.001629460072
6751	0.000152474669
6752	0.0002035018879
6753	0.001622622787
6754	0.003170254978
6755	0.003795253899
6756	0.002457052349
6757	0.0008473902555
6758	0.002193503551
6759	0.0001866876331
6760	0.002019396987
6761	0.0004155133484
6762	0.0001743164565
6763	0.00107916637
6764	0.00054555966
6765	0.001113278741
6766	0.001474857309
6767	0.000808712841
6768	0.0004942748134
6769	0.00482535765
6770	0.004604580513
6771	0.001148587454
6772	0.001083896107
6773	0.00024843955
6774	0.001362312918
6775	0.002289312613
6776	0.001126869004
6777	0.006577003176
6778	8.67977801e-05
6779	0.0009770093514
6780	0.002919385628
6781	0.001413860216
6782	0.0005225054468
6783	0.002751260215
6784	0.003041370053
6785	0.006441640782
6786	0.002154617569
6787	0.008283435434
6788	0.004262535571
6789	0.0001860925264
6790	8.084629201e-05
6791	6.545701459e-06
6792	0.0008085334048
6793	0.002948359336
6794	0.004595894756
6795	0.0003345971302
6796	0.001568369793
6797	0.003815981958
6798	0.0005485724799
6799	0.0004575058232
6800	0.001338713706
6801	0.0005984730249
6802	0.0002740160016
6803	0.01017194192
6804	0.004993080251
6805	0.0003527447188
6806	0.0006126511295
6807	0.0002149533429
6808	0.001248633432
6809	0.001045609498
6810	0.003901645693
6811	0.000175759952
6812	0.0009797604952
6813	0.001454316223
6814	0.001260535086
6815	1.867189834e-05
6816	0.001346051922
6817	0.000978796807
6818	0.002739062848
6819	0.0006126016628
6820	0.0007240547999
6821	0.001827445459
6822	0.005247025104
6823	0.001968134059
6824	0.001823535195
6825	0.0002203437818
6826	0.005740950103
6827	0.002180182317
6828	0.004832576733
6829	0.003170089428
6830	0.0001351890024
6831	0.0006346763092
6832	0.0003405387373
6833	0.002036005778
6834	0.002299212707
6835	8.817459989e-05
6836	0.004671167347
6837	0.001443904947
6838	0.0001432314316
6839	0.0006023896616
6840	0.001132027074
6841	0.0005264884917
6842	0.002143112002
6843	0.004569983027
6844	0.001487949151
6845	0.0002151319584
6846	0.002461591643
6847	0.002625506753
6848	0.004103542135
6849	0.002634553546
6850	0.0006556852972
6851	0.002897334592
6852	0.0008680630025
6853	0.0007015034969
6854	0.004889954182
6855	0.00460781694
6856	0.001853283328
6857	0.004905008506
6858	0.0003664189219
6859	0.001476947447
6860	0.001654902054
6861	0.0004075944585
6862	0.001443712626
6863	0.002815612121
6864	0.001525803913
6865	0.001292961739
6866	0.003032311992
6867	0.002611154232
6868	0.001216874835
6869	0.005089076442
6870	0.0003251484578
6871	0.0006135611574
6872	0.00331343232
6873	0.0003341016691
6874	0.002730971054
6875	0.00598678447
6876	0.001531593479
6877	0.005971419184
6878	0.002402411062
6879	0.001201748985
6880	0.002463788841
6881	0.001288976815
6882	0.001100594038
6883	0.001098762404
6884	0.00238906695
6885	6.062270376e-05
6886	3.794323359e-05
6887	0.003541732125
6888	0.002749637081
6889	0.001723198424
6890	0.002372125769
6891	0.003756401558
6892	0.003620430638
6893	0.002244829561
6894	0.0008424006074
6895	0.00230849071
6896	0.0002971704748
6897	0.0002326873145
6898	0.0002006664056
6899	0.001409206902
6900	0.0005408894919
6901	0.001855494028
6902	0.0008635966933
6903	0.004099153466
6904	0.003368012533
6905	0.0003813628533
6906	0.0007225631021
6907	0.002293017379
6908	0.001313939317
6909	0.0004172869155
6910	0.00374822398
6911	0.0002519764364
6912	0.0009058790254
6913	0.002546686729
6914	0.005225827345
6915	0.00515753554
6916	0.003066152294
6917	0.0004189314159
6918	0.003339698219
6919	0.0006278222762
6920	0.0006394626039
6921	0.001559578304
6922	0.006916574712
6923	0.0001281745515
6924	0.00402913082
6925	0.003830353505
6926	0.0006463934996
6927	0.0003273523877
6928	0.001512726198
6929	0.002988896063
6930	0.002415557691
6931	0.004051353217
6932	0.001632722305
6933	0.005282085884
6934	0.0005458255733
6935	0.003213204021
6936	0.0007245220366
6937	0.0009345562134
6938	0.002230856041
6939	0.0001354511116
6940	0.007209367077
6941	0.00403176019
6942	0.003792381427
6943	0.00135794863
6944	0.00182631688
6945	0.0004573240972
6946	0.0003171557133
6947	0.005400786357
6948	0.006145324784
6949	0.002861928963
6950	0.003910232976
6951	0.0004538436398
6952	0.0006227480691
6953	0.0002513728631
6954	0.0005493372747
6955	0.003104302734
6956	0.001939087505
6957	0.005656995236
6958	0.005268260643
6959	0.002319550523
6960	0.003233803244
6961	0.0005557177372
6962	0.001063628421
6963	0.0006239886601
6964	0.003342837593
6965	0.001594495702
6966	0.001779973886
6967	0.002481763367
6968	0.002104608171
6969	0.004809622134
6970	0.001723254375
6971	0.000895791618
6972	0.01009648028
6973	0.0002312703129
6974	0.002561388368
6975	0.0008801682552
6976	0.0004670231588
6977	0.0001543019345
6978	0.00207792932
6979	0.006704947517
6980	0.003149564123
6981	0.001501847956
6982	0.004833235672
6983	0.004814311067
6984	0.001371205422
6985	0.00335118376
6986	0.002728674798
6987	0.0001265892589
6988	0.001987570813
6989	0.00422966954
6990	0.002741173291
6991	0.005087806318
6992	0.0003432624094
6993	0.0001849666269
6994	0.001411246794
6995	0.007149705006
6996	0.0008898566333
6997	0.001801842573
6998	0.0004044835374
6999	0.002350093101
7000	0.002060552751
7001	0.002736496017
7002	0.0003974239007
7003	0.002624846471
7004	0.004179071754
7005	0.001492108084
7006	0.003469168809
7007	0.0006194609435
7008	0.0008378000767
7009	0.003072721784
7010	0.001870872095
7011	0.0003510121766
7012	0.002040315645
7013	0.0001236299866
7014	0.001260175853
7015	0.0002918217338
7016	0.001866488517
7017	0.004665017863
7018	0.001165734699
7019	0.0006875285606
7020	0.0009545256801
7021	0.0007216932173
7022	0.001384903604
7023	0.003518383741
7024	8.556248918e-05
7025	0.0007923646068
7026	0.0004684415733
7027	0.0004390584334
7028	0.003501994459
7029	0.0007981263887
7030	0.0002673088149
7031	0.003209202874
7032	0.0002478153241
7033	0.0001932006827
7034	0.0001921575843
7035	0.00125478556
7036	0.0007175529742
7037	0.0001292120294
7038	0.0005434902443
7039	0.0003303513636
7040	0.0005161110937
7041	0.000253344686
7042	0.0002606033794
7043	0.0004666131605
7044	0.0003504696264
7045	0.0002103599761
7046	0.0002563986916
7047	4.499269449e-05
7048	0.0001579832221
7049	7.827005164e-05
7050	1.610261265e-05
7051	3.227390663e-05
7052	0.0002726779622
7053	4.864282207e-05
7054	0.0006254209776
7055	0.0002311255003
7056	0.0004178669966
7057	0.0005751543764
7058	0.0001078731801
7059	0.0001776729283
7060	0.0003833186338
7061	0.0005317310342
7062	0.0006652657023
7063	0.001978698009
7064	0.0007697323037
7065	0.005690277514
7066	0.00192003621
7067	0.002217054401
7068	0.006877668445
7069	0.0003044927374
7070	0.000320431883
7071	0.001038812351
7072	0.002369154975
7073	0.0002057798141
7074	0.0008929110186
7075	1.550893421e-05
7076	0.0005974845638
7077	0.0002180308423
7078	0.0004528350289
7079	0.001015688614
7080	0.0009399633196
7081	0.002654774611
7082	0.001012526632
7083	0.001133092059
7084	0.001278974091
7085	0.001859611421
7086	0.0004659022275
7087	0.0002522008359
7088	0.00131624336
7089	4.143016746e-05
7090	0.001133775154
7091	0.001295209484
7092	0.0001830552256
7093	0.0001426123401
7094	0.003285608065
7095	0.0069040193
7096	0.001792456637
7097	0.0002730779256
7098	0.0009261298965
7099	0.0006751077109
7100	0.005809818079
7101	0.0001507290727
7102	0.0001872015078
7103	0.002437121144
7104	0.0005581554497
7105	4.308090302e-05
7106	0.0004975036793
7107	0.001475816328
7108	0.0001669889049
7109	0.001080883855
7110	6.0454402e-05
7111	0.0007031281932
7112	0.00135156167
7113	5.743714436e-05
7114	0.0001593415668
7115	0.0003370395595
7116	0.0001620674483
7117	0.000125978233
7118	0.001776821508
7119	0.0002703567857
7120	0.0004179159881
7121	0.001655607004
7122	0.0004244871102
7123	0.0003781632459
7124	0.0001385050532
7125	0.001146339592
7126	0.0001138743779
7127	0.001880838808
7128	7.539565985e-05
7129	0.0002852441037
7130	8.67010627e-05
7131	0.002560476837
7132	0.00136191258
7133	0.0001649260607
7134	0.0002520496471
7135	0.002081586636
7136	0.0001875100559
7137	0.0005057260325
7138	0.0002327769806
7139	0.0009006725627
7140	0.000536741796
7141	0.0003968802124
7142	0.001350191139
7143	0.0001618932343
7144	0.0003567409187
7145	0.001507010816
7146	0.0005882967063
7147	0.001395259816
7148	0.000329174113
7149	0.0002818113927
7150	2.650344351e-05
7151	0.0003814013444
7152	0.001320804769
7153	0.000420070057
7154	0.0002785110085
7155	0.006668905521
7156	0.001402847628
7157	0.001724980703
7158	0.0001166952687
7159	0.007434027755
7160	0.0007528137087
7161	0.0005809259545
7162	0.001117341089
7163	0.0005010030347
7164	0.001021029209
7165	0.004315511096
7166	0.0001771187424
7167	0.0008296007795
7168	0.001866406268
7169	0.001392148426
7170	0.001250981302
7171	0.0001252097008
7172	0.002001413489
7173	0.0002183484654
7174	0.00374075064
7175	0.000136911642
7176	0.0016761086
7177	0.004754621822
7178	0.007259611495
7179	0.0008431384651
7180	0.0006490765979
7181	0.001247520325
7182	0.004836372331
7183	0.002127746029
7184	0.001976132952
7185	0.00307943062
7186	0.0007897898052
7187	0.001127217471
7188	0.0002085737979
7189	0.001812793924
7190	0.0002267751755
7191	0.004237891401
7192	0.002716030395
7193	0.001443601772
7194	0.001508419878
7195	0.0004901608026
7196	0.003411760172
7197	0.002350975613
7198	0.0008121395965
7199	0.0003447757761
7200	0.0001095790651
7201	0.004070017413
7202	0.001144549149
7203	0.0005108312294
7204	0.003117976056
7205	0.002430086927
7206	0.005129646596
7207	0.0004081396904
7208	0.001799606448
7209	0.002333649525
7210	0.0006267505923
7211	0.0095737
7212	0.0007480106209
7213	0.0006577384673
7214	3.869420861e-05
7215	0.007115991075
7216	0.00424454723
7217	0.004314922142
7218	0.002434879356
7219	0.001906574557
7220	0.001811660137
7221	0.007238043202
7222	0.0006474301878
7223	0.0001688626912
7224	0.00455987627
7225	0.001027156059
7226	0.002051079634
7227	0.002245732357
7228	0.0023147242
7229	0.00201882633
7230	0.001744414741
7231	0.000967032946
7232	0.0005060421434
7233	0.001617317397
7234	0.001621336754
7235	0.0007368824409
7236	0.006828366326
7237	0.003404619824
7238	0.0005788617601
7239	0.006509940851
7240	0.003186944395
7241	0.002313151004
7242	0.003953859287
7243	0.0006071457298
7244	0.007856039577
7245	0.001442184601
7246	0.006169525642
7247	0.00152790283
7248	0.001074030203
7249	0.001517447038
7250	0.002704237653
7251	0.002002909956
7252	0.001312390823
7253	0.0005702430674
7254	0.003502880662
7255	0.0004239546362
7256	0.003433382908
7257	5.777494702e-05
7258	0.003435594471
7259	6.734850983e-05
7260	0.002849905735
7261	2.7267121e-06
7262	0.0002960650904
7263	0.001033606653
7264	0.0005273604877
7265	0.003003711352
7266	0.00553011044
7267	0.00548321862
7268	0.005079522568
7269	0
7270	0.001415845227
7271	0.00120811542
7272	0.002378618913
7273	0.001758268423
7274	0.004264197949
7275	0.006961236267
7276	0.0002014377162
7277	0.00176345546
7278	0.008178406078
7279	0.000537567712
7280	7.06913434e-05
7281	2.158935057e-05
7282	5.927161291e-05
7283	0.0008663791961
7284	0.0003083967735
7285	0.001480196658
7286	0.0006587058187
7287	0.001576309306
7288	0.0001858044597
7289	0.004132050094
7290	0.003207484411
7291	0.001081611527
7292	0.0001956839111
7293	0.0005602157457
7294	0.001179761706
7295	0.003050243727
7296	0.001046464102
7297	0.004173943548
7298	0.002749786093
7299	0.0009141118547
7300	0.002626723065
7301	0.002127671457
7302	0.002712651635
7303	0.002332171481
7304	0.0003868155943
7305	0.002186186733
7306	0.0009518865684
7307	0.0007863974771
7308	0.0006132108871
7309	0.0009737523793
7310	3.756772566e-05
7311	0.0001876229879
7312	0.000428645751
7313	0.0002935440327
7314	0.0001800945808
7315	0.0002419557529
7316	0.0003498198484
7317	0.000488493509
7318	0.001430268744
7319	0.0007303807758
7320	0.001172559494
7321	0.001671125105
7322	2.370023084e-05
7323	0.000527441151
7324	0.001092585896
7325	0.0002080029627
7326	0.0002534133786
7327	0.0003624720478
7328	0.0003325490883
7329	0.0005788578027
7330	0.0003766205676
7331	0.001352889292
7332	0.002062826482
7333	0.0002453487106
7334	0.0001056364385
7335	0.002977349911
7336	0.001197386153
7337	0.0001459790938
7338	0.0004644172654
7339	0.003306970667
7340	0.0004644006632
7341	0.001784191839
7342	0.000884063287
7343	0.00070410936
7344	0.0003985491556
7345	0.000240354055
7346	0.0007283900242
7347	0.0009719292276
7348	0.0003143824599
7349	0.003478369188
7350	0.001296343829
7351	0.0006662482191
7352	0.0001622950831
7353	0.001303894808
7354	0.0007840179375
7355	0.0005293675377
7356	0.0008901916918
7357	0.0007788162785
7358	0.0004067139853
7359	0.001029004616
7360	0.001618231464
7361	0.0008738952536
7362	0.0002250268435
7363	4.521363857e-05
7364	0.0009825900305
7365	0.001934417435
7366	0.0004882925855
7367	0.0007812848732
7368	0.0002368367332
7369	1.039883645e-05
7370	0.000645366886
7371	0.00054594094
7372	0.0003932084577
7373	0.0003508183795
7374	0.002090924716
7375	0.005016412851
7376	0.001085906876
7377	0.0005558335379
7378	0.000581752191
7379	0.001934120873
7380	0.001839162424
7381	0.003125513221
7382	0.001556166464
7383	0.0002323656819
7384	8.517983539e-06
7385	0.001188131896
7386	0.0006366105387
7387	6.004812435e-05
7388	0.001079011023
7389	0.002353841007
7390	2.304393943e-05
7391	0.0003701980151
7392	0.0004070725916
7393	0.001582394376
7394	0.002539433976
7395	0.0001212209252
7396	0.0002559615969
7397	0.0001989116071
7398	0.0003740728764
7399	0.001059008994
7400	0.001323012526
7401	0.001368748928
7402	0.0006757546854
7403	0.001597429624
7404	0.0001499421276
7405	0.0002132143772
7406	0.0004802960021
7407	0.0005219108487
7408	0.0003056917389
7409	0.002937946161
7410	0.002981147127
7411	0.002266368568
7412	0.005305443419
7413	0.003173751078
7414	0.0004670543893
7415	0.0007783547155
7416	0.002329059818
7417	0.001871028157
7418	0.001871594976
7419	0.0002974164034
7420	0.0003167830552
7421	0.002901559244
7422	0.0008593208451
7423	0.004064978
7424	0.003735967531
7425	0.002174968822
7426	0.002030473211
7427	0.0001179718945
7428	0.0006236925197
7429	0.0008492700347
7430	0.007015560468
7431	9.238986902e-05
7432	0.005652134342
7433	0.0009814491418
7434	0.0004791927801
7435	0.00820252983
7436	0.0002789734117
7437	0.005507433504
7438	0.002447156724
7439	0.001533341782
7440	0.000732802195
7441	0.001292438929
7442	0.002755155903
7443	0.0006379035255
7444	0.0001415785694
7445	0.002446024358
7446	0.0003252420267
7447	0.0007631670283
7448	0.004284422904
7449	0.003347057011
7450	0.0006977304444
7451	0.0004958868749
7452	0.00114953743
7453	0.005395325204
7454	0.0002173081592
7455	0.001710553658
7456	0.00148629065
7457	0.002589268003
7458	0.0006355758096
7459	0.002697180068
7460	0.0003822315203
7461	0.0008305431505
7462	0.0009308403656
7463	0.001301487922
7464	0.001454621706
7465	0.0006812947952
7466	0.000625271792
7467	0.0004429132861
7468	0.003847339765
7469	0.001691898732
7470	0.008834393961
7471	0.004834915723
7472	0.003315181052
7473	1.979472704e-05
7474	0.0001872302295
7475	0.008209011822
7476	0.001348902804
7477	0.001649795536
7478	0.002845260408
7479	0.001709186532
7480	0.006162902603
7481	0.01097748966
7482	0.0004795212546
7483	0.0002972058287
7484	1.754173616e-05
7485	0.003677401305
7486	0.000574829354
7487	0.002734957279
7488	0.005030312274
7489	0.001919337546
7490	0.001564060138
7491	0.0001888495547
7492	0.001469899429
7493	0.001930925411
7494	0.001586523424
7495	0.002256422
7496	0.0003565293839
7497	0.001008577338
7498	0.002504897463
7499	0.002337920299
7500	0.001299024302
7501	0.001553759983
7502	0.00580438346
7503	0.002153653486
7504	0.004722617187
7505	0.0009747582344
7506	0.0006637795555
7507	9.010587619e-05
7508	0.002257222502
7509	0.002183373542
7510	0.003918016323
7511	0.0003320944362
7512	0.001306449757
7513	0.0006250199537
7514	0.004060887935
7515	0.001439121049
7516	0.00253361432
7517	0.002661047934
7518	0.001670361323
7519	0.0005935811785
7520	0.001120283054
7521	0.0009211449761
7522	0.001849998639
7523	0.0003447923685
7524	0.0004602706901
7525	0.0004937712129
7526	0.0003806565793
7527	0.0001933972322
7528	0.0004846727715
7529	0.0004512792438
7530	0.0004009277181
7531	0.001075476552
7532	0.0001446025545
7533	0.007330978792
7534	0.00244933999
7535	0.002914631062
7536	8.265970533e-05
7537	0.001560772381
7538	0.001226823009
7539	0.002001194181
7540	0.0009097030754
7541	0.00209946415
7542	0.002293600606
7543	0.007030993716
7544	0.0004028402803
7545	0.001933360219
7546	0.005515788478
7547	0.0007723250393
7548	0.002520108447
7549	0.0004248583773
7550	0.005708048932
7551	0.006587563182
7552	0.002864325999
7553	0.002768889941
7554	0.00548889447
7555	0.001387196522
7556	0.004493434637
7557	0.0003634479837
7558	0.0003459759191
7559	0.0002027156642
7560	0.0001838937098
7561	0.0001736345137
7562	0.0007717040327
7563	0.0004465606951
7564	0.003686448844
7565	0.001577889947
7566	0.001525066026
7567	0.0001793325806
7568	0.009503469139
7569	0.001820618271
7570	0.0008202537486
7571	0.003420049084
7572	0.001691167361
7573	0.0007974488096
7574	0.0003430644144
7575	0.002371149828
7576	0.00215039869
7577	0.007903840659
7578	0.001276781585
7579	0.004978964369
7580	0.004501156746
7581	0.001401318182
7582	0.0005182511107
7583	0.0002615913434
7584	0.004178536199
7585	0.002566160303
7586	0.003164102421
7587	0.001298838906
7588	0.001238529294
7589	0.005442304731
7590	0.002940047869
7591	0.0009887522415
7592	0.001626510305
7593	0.000409252794
7594	0.003768612458
7595	9.223431541e-06
7596	0.0003977493997
7597	0.0008618960123
7598	0.004509024286
7599	0.003075924732
7600	0.001176548401
7601	0.001199869743
7602	0.004301251701
7603	2.968572929e-05
7604	0.002105964453
7605	0.0001852448977
7606	8.368835868e-05
7607	0.0001915099686
7608	0.0004362169365
7609	0.0009093900016
7610	9.225093994e-05
7611	9.494993946e-05
7612	0.0009707621291
7613	0.0004626356897
7614	0.0005535207497
7615	0.001172505346
7616	0.0008342689325
7617	0.0001684815822
7618	7.028866679e-05
7619	0.0007969026759
7620	0.0002904925501
7621	0.006076754867
7622	0.00325779536
7623	0.001104466097
7624	0.0002848892477
7625	5.008615982e-05
7626	0.001336045786
7627	0.001209266912
7628	0.0003286784009
7629	0.0005416314552
7630	0.0004958802542
7631	8.17084869e-05
7632	0.0001727784453
7633	0.0002803632335
7634	0.0005428396036
7635	0.0001152563968
7636	0.001186502313
7637	0.0002551084472
7638	0.0005149500174
7639	0.00159604034
7640	0.0004014085051
7641	0.0003110488847
7642	0.0005409552291
7643	0.0002845371731
7644	7.075425441e-05
7645	0.0003646026862
7646	0.0003084302061
7647	0.0004464050884
7648	0.0006684686167
7649	9.426357044e-05
7650	0.00017113831
7651	0.0003516502496
7652	0.0004466555843
7653	0.00406126367
7654	0.000316307357
7655	1.968257839e-05
7656	0.0001735292996
7657	0.001712098464
7658	0.0001689875759
7659	6.228186303e-05
7660	0.0003894165102
7661	9.95758238e-05
7662	0.0005501441503
7663	2.726328576e-05
7664	7.806032918e-05
7665	4.788519472e-05
7666	6.507339174e-05
7667	0.0004022991119
7668	0.0004053859514
7669	0.0001830538566
7670	0.0006802669233
7671	0.0001062595403
7672	0.0006944827609
7673	0.00117742678
7674	0.0006964613753
7675	0.0007670836129
7676	0.000348698666
7677	0.0005452894992
7678	0.0009471788042
7679	5.951323363e-05
7680	4.223100892e-05
7681	0.0002847149468
7682	0.0003281052144
7683	2.254368004e-05
7684	0.0001776114295
7685	0.0002148436427
7686	0.0002128285578
7687	0.0003027261552
7688	0.0002921308143
7689	0.0002583310736
7690	0.0005353808646
7691	0.0006610244265
7692	0.001064331527
7693	0.0009459241991
7694	0.0002536567286
7695	1.848969212e-05
7696	0.0004379566242
7697	2.706519176e-05
7698	0.002627774111
7699	0.0002183111648
7700	0.0008362196766
7701	0.0002436585717
7702	0.0001540735516
7703	0.0006833643308
7704	0.001076446733
7705	3.979942603e-06
7706	0.0004159918394
7707	0.0001059466593
7708	0.0001052915209
7709	0.0003776348176
7710	0.0003225389101
7711	3.614066902e-05
7712	0.00024768741
7713	0.0008533320008
7714	0.0009458282109
7715	0.00307721138
7716	2.095482869e-05
7717	0.0005318738925
7718	0.0003080184023
7719	0.0001440320207
7720	0.0009635769598
7721	0.001621619711
7722	0.0006198980614
7723	0.0002508926691
7724	0.0002602020442
7725	0.001342818846
7726	0.0007442783879
7727	0.0001279455527
7728	0.0003325238445
7729	0.0001425906676
7730	0.0001951493949
7731	1.068528865e-05
7732	0.0006381492614
7733	0.001965394977
7734	5.542900493e-05
7735	0.0007689646278
7736	0.0004878957273
7737	0.0001639563024
7738	0.0002805107859
7739	0.0006220847365
7740	0.0006419990735
7741	6.950452087e-05
7742	0.0001641961441
7743	4.649818671e-05
7744	0.0001307815911
7745	0.0004896376479
7746	0.0001684030128
7747	0.0004501193733
7748	0.0006240853146
7749	2.000520251e-05
7750	0.00148600916
7751	5.255329219e-05
7752	0.0006834742785
7753	1.445576493e-05
7754	0.001291801811
7755	5.253087916e-05
7756	0.001145205269
7757	0.0002374994536
7758	0.0008458333326
7759	1.68164867e-05
7760	9.841694808e-05
7761	0.0002321949354
7762	0.0006177550404
7763	0.0002045429049
7764	0.0001098999967
7765	0.002023483536
7766	0.0004636123299
7767	7.760931319e-05
7768	0.0002902592286
7769	0.0004550093484
7770	0.0003580419698
7771	0.0007954184308
7772	0.0007308379156
7773	0.00050266713
7774	0.000532917714
7775	0.001195055074
7776	0.002691264036
7777	0.0005079361549
7778	0.000206503715
7779	0.0004171751252
7780	0.0003243152609
7781	0.0003877509279
7782	0.0006864429859
7783	0.0003096583545
7784	0.002780363677
7785	0.0003156370359
7786	3.423651728e-05
7787	0.002879233078
7788	0.0003795371401
7789	0.001899865114
7790	5.06135684e-05
7791	0.0004206992049
7792	0.0003108854318
7793	0.0001132187307
7794	0.0001856087115
7795	0.0002599704543
7796	0.000196572375
7797	0.001211978713
7798	0.0001203908473
7799	0.0001928652503
7800	4.975583594e-05
7801	3.534317753e-06
7802	0.0008502502963
7803	0.000447410676
7804	1.495214991e-05
7805	0.001517848703
7806	0.000784060395
7807	0.008613548384
7808	0.0001681283721
7809	0.01021731341
7810	0.0002573068924
7811	0.0001050537229
7812	0.000475788606
7813	0.003095695389
7814	0.01358230514
7815	0.0002671922182
7816	0.00525104931
7817	0.001251001965
7818	0.002913369335
7819	0.001637977309
7820	0.001047072453
7821	0.0008649288571
7822	0.001068702897
7823	0.00335928309
7824	0.0002678996769
7825	0.0006982285513
7826	0.001039333714
7827	0.0010994099
7828	0.0002465119997
7829	0.001037064241
7830	0.0001991950737
7831	9.241756599e-05
7832	0.0001515583246
7833	0.0003743916586
7834	0.0001760727048
7835	0.0001805819135
7836	9.251461931e-05
7837	0.005819950685
7838	0.0001300126809
7839	6.791421063e-05
7840	0.002407713783
7841	0.0004772386663
7842	0.006071836854
7843	9.198185585e-05
7844	0.0006439648459
7845	0.002288512922
7846	0.000185270638
7847	0.0002926919537
7848	0.001038912048
7849	0.0007102969626
7850	0.002050320928
7851	0.006463633523
7852	0.002202342341
7853	0.002657437895
7854	0.001149812909
7855	0.0008429688267
7856	0.0005637030047
7857	0.001148577534
7858	0.001319783972
7859	0.003420466083
7860	0.002824323265
7861	0.002255110069
7862	0.001141356098
7863	0.0005873111749
7864	4.238160667e-05
7865	0.002528074286
7866	0.0001254282569
7867	0.0001433690158
7868	0.002076894528
7869	0.003232548322
7870	0.001129785939
7871	0.003589599136
7872	0.002058647197
7873	0.004846015394
7874	0.001110426657
7875	0.001253409486
7876	0.003540130537
7877	0.0002157700097
7878	0.003635998262
7879	0.001874315264
7880	0.0003123935771
7881	0.005732085813
7882	0.00248398995
7883	0.0007737248809
7884	7.842330389e-05
7885	0.001202826993
7886	0.000326442844
7887	0.0008754802857
7888	0.0007771307438
7889	0.0003236144073
7890	0.0002701374003
7891	0.004580698013
7892	0.0001201764363
7893	0.001523243859
7894	0.000183237801
7895	6.513023338e-05
7896	0.0005820798732
7897	0.0001444990891
7898	2.616375742e-05
7899	7.32998435e-05
7900	0.0004040370222
7901	0.001144903408
7902	0.0003224585457
7903	0.001038152209
7904	0.003284517671
7905	0.0003986331087
7906	0.0001548891631
7907	0.0007346377093
7908	0.002556580738
7909	0.0005373416119
7910	0.0004671529888
7911	0.0007776937138
7912	0.0001340593403
7913	0.002215674375
7914	0.0001395883721
7915	0.0006955210924
7916	0.0005256808682
7917	0.0005524209014
7918	0.0008193778829
7919	0.0008878767848
7920	6.296554369e-05
7921	0.0003747315905
7922	0.002132684857
7923	0.00124190149
7924	0.0006103077782
7925	0.0002927782453
7926	0.000298175314
7927	0.002725020194
7928	0.0009134044044
7929	0.0007320553959
7930	0.0001037774967
7931	0.0001229887142
7932	0.000685623405
7933	0.0002842788335
7934	0.0002825323668
7935	0.002660856636
7936	0.0004931963035
7937	0.0004111849741
7938	4.066304752e-05
7939	0.0003584831669
7940	8.271732163e-05
7941	0.0007337951355
7942	0.000789080191
7943	0.0002071918062
7944	0.00067246826
7945	0.001248192828
7946	0.0007399632833
7947	0.00158412115
7948	0.0003756229794
7949	0.001020943347
7950	0.0001225145884
7951	0.0002392577158
7952	0.000135334907
7953	0.0002758748699
7954	0.0007004093744
7955	0.0002446906902
7956	0.0001431714376
7957	0.0001752400911
7958	0.002173640408
7959	0.0002103421069
7960	0.0005651085454
7961	0.001974472749
7962	0.0006557716861
7963	0.0002493246473
7964	0.0003215574673
7965	0.001941776342
7966	0.0003627413709
7967	0.0002117226477
7968	0.0003023918842
7969	0.00467218954
7970	0.001226026762
7971	0.0009765902086
7972	0.000325221161
7973	0.0005753003554
7974	0.0008703930534
7975	7.628145033e-05
7976	0.0002639556708
7977	0.0002401527108
7978	0.003438212202
7979	0.0001017399402
7980	8.366799673e-05
7981	8.050869576e-05
7982	0.000232528545
7983	0.0002679422273
7984	0.0004663406882
7985	0.0002398022799
7986	0.0003188360622
7987	0.0002746132959
7988	0.0003226591088
7989	0.0003413860832
7990	0.0001010018531
7991	9.951562547e-05
7992	0.0003794122774
7993	2.994485766e-05
7994	0.0007737062024
7995	0.000500967822
7996	0.001186610015
7997	0.0002156016795
7998	2.800905855e-05
7999	1.108091794e-05
8000	0.0001339092606
8001	9.106309933e-05
8002	4.167535095e-05
8003	0.0001171374774
8004	0.0001590382774
8005	8.659663928e-05
8006	0.0002334736269
8007	0.0007719441386
8008	0.0002768610523
8009	0.000194391985
8010	0.0003221408988
8011	0.0001639957377
8012	0.000108140722
8013	0.0002314685123
8014	1.544365594e-06
8015	4.558152758e-05
8016	0.0003732085449
8017	0.0005650349805
8018	1.686463207e-05
8019	0.0001832113434
8020	0.0002021337292
8021	3.042211753e-05
8022	0.0001462351625
8023	0.000130941393
8024	0.0003355855272
8025	0.000506077638
8026	0.0001083669824
8027	0.0001721400446
8028	4.324677725e-05
8029	0.000489814082
8030	0.0001368397565
8031	0.0002864749258
8032	3.994183652e-05
8033	0.0011654439
8034	0.0002749890604
8035	0.0006467919362
8036	0.0004189959085
8037	1.748968988e-05
8038	4.837038349e-05
8039	0.00035420008
8040	0.0004403084114
8041	0.0002170523027
8042	6.755563019e-05
8043	0.0007507054642
8044	0.0001932553362
8045	0.0001420898944
8046	0.001388815473
8047	0.000174549487
8048	0.001323344129
8049	0.0002002623861
8050	0.001116475735
8051	0.0002432149362
8052	0.0003376398139
8053	0.0001684842763
8054	0.0009045602012
8055	0.000107382737
8056	0.0006572396648
8057	0.001006310745
8058	0.001170327976
8059	0.0002325559996
8060	0.0002216055382
8061	0.0007149794054
8062	0.0004894560767
8063	6.368567356e-05
8064	0.0006191654857
8065	0.001089577839
8066	8.579647435e-05
8067	0.0005866590146
8068	0.001294363413
8069	0.002961587003
8070	0.001876033482
8071	0.001533634271
8072	0.0002165980503
8073	0.0001005375769
8074	0.002933600216
8075	0.0004877969391
8076	0.000131132805
8077	0.0002718948361
8078	0.0006659668887
8079	0.0003347022207
8080	0.0006798651746
8081	0.002301157238
8082	0.001469288151
8083	1.079898289e-05
8084	0.000115643158
8085	0.001971371516
8086	0.0002470537424
8087	0.002301162603
8088	0.0004041360594
8089	0.001125549651
8090	4.034832453e-05
8091	0.0001528621891
8092	0.0003899886711
8093	0.006431416207
8094	0.0006844969226
8095	0.0001957676394
8096	0.0004775148182
8097	0.0004012083295
8098	0.0001688485444
8099	2.165239396e-05
8100	0.000775585735
8101	0.0007361256421
8102	0.0008509942236
8103	0.0001858866204
8104	0.0005849749053
8105	0.001705471143
8106	0.000170743608
8107	0.001075400219
8108	5.226442448e-05
8109	4.828268688e-05
8110	0.0001429283722
8111	0.000306910913
8112	0.001113942597
8113	0.0007341682745
8114	0.002035098407
8115	0.0003939669848
8116	0.0005703293283
8117	5.208171533e-05
8118	0.0001650872744
8119	7.275656653e-05
8120	0.000218179681
8121	0.0008371881959
8122	0.001392288121
8123	0.0002897562783
8124	0.0003841512189
8125	0.0005224909055
8126	8.668042705e-05
8127	0.001352685701
8128	0.0002265145535
8129	0.0003197775672
8130	0.0001261400467
8131	0.0001226665518
8132	0.0001734390425
8133	0.005066754517
8134	0.002816982557
8135	0.0002950348949
8136	0.0008890170667
8137	0.0001307053324
8138	7.040682659e-05
8139	0.001737538742
8140	0.0003798470744
8141	0.0005455915933
8142	0.002017599801
8143	0.0001499041062
8144	0.0003146129711
8145	0.001504455997
8146	0.0002169427734
8147	0.000295601119
8148	0.0003093130545
8149	0.0001701532613
8150	4.727233844e-05
8151	0.002135419679
8152	0.001047961174
8153	8.178777063e-05
8154	2.417670355e-05
8155	9.096970539e-05
8156	0.0002700035116
8157	0.0004860669005
8158	5.310130441e-05
8159	0.0001279558305
8160	0.0001893741606
8161	0.001155661219
8162	0.0001519007404
8163	0.0002990687953
8164	0.0003200115325
8165	0.0001433276873
8166	0.000749158174
8167	1.639207422e-05
8168	0.001712411254
8169	0.0004992622168
8170	0.001759838116
8171	0.0001198355557
8172	0.0004256513742
8173	0.0003652554366
8174	0.0004777340495
8175	5.149186938e-05
8176	0.0002091073787
8177	0.001185410738
8178	1.295297871e-05
8179	0.001365131837
8180	0.000265921595
8181	0.0001870867685
8182	0.0003113873334
8183	0.003602734133
8184	0.002248486803
8185	0.001810402954
8186	1.390230749e-05
8187	0.003386766789
8188	0.0005608502415
8189	0.0002412115709
8190	0.002067415977
8191	0.002988609293
8192	0.0005337961803
8193	0.002109957768
8194	0.001772329296
8195	0.0007123104414
8196	0.0003491677927
8197	0.0003785332769
8198	0.0002704791695
8199	0.001096602896
8200	0.002102959539
8201	0.001352766918
8202	0.001191862204
8203	0.0001035749628
8204	0.0007656528261
8205	0.001737103144
8206	0.0007991428456
8207	0.0006487280804
8208	0.001446456061
8209	0.0002933496787
8210	0.0006231997056
8211	0.0002651077493
8212	0.001407684023
8213	0.001920066543
8214	0.002011717889
8215	0.001631547977
8216	0.001264530499
8217	0.0003855799267
8218	0.00126177611
8219	3.068794811e-05
8220	0.0007473185491
8221	0.0006519855988
8222	0.003341381311
8223	0.0016803985
8224	0.0009015572843
8225	0.00237693996
8226	0.00353344697
8227	0.0007401680383
8228	0.0005910888075
8229	0.003156944356
8230	0.000177155054
8231	0.004042990196
8232	0.00110580756
8233	0.004244746351
8234	0.002609453316
8235	0.001888787957
8236	0.0006670892245
8237	0.006557371151
8238	0.002925487613
8239	0.004974846019
8240	0.004637236949
8241	0.0003717373129
8242	0.0001319707803
8243	0.0009779540781
8244	0.002177617083
8245	0.0005988561934
8246	0.004112546873
8247	0.001134972275
8248	0.003464604828
8249	0.001841213118
8250	0.0001097598027
8251	0.001056787154
8252	0.004201883758
8253	0.002338563565
8254	0.003221018791
8255	0.001847330937
8256	0.002109096826
8257	0.005523422721
8258	0.0009412078698
8259	0.0002255558111
8260	0.0006751831988
8261	3.807269448e-05
8262	0.0002330623754
8263	0.0009295989705
8264	0.0004677789085
8265	0.001470941018
8266	0.0009977326446
8267	0.001290692079
8268	0.00418891036
8269	0.00387110668
8270	0.001064406929
8271	0.002448054682
8272	0.0006917633122
8273	0.001047743311
8274	0.0003225657801
8275	0.0004092694255
8276	0.0005755042878
8277	0.001486355132
8278	0.0007395567978
8279	0.00533613344
8280	5.470477239e-05
8281	0.002137610491
8282	0.0005991807673
8283	0.003310463233
8284	0.000164062353
8285	0.003569989594
8286	0.0003969554682
8287	0.0008213007644
8288	0.002606094492
8289	0.002192170629
8290	0.0004292216867
8291	0.00132618307
8292	0.005723040601
8293	0.0001942131701
8294	0.001030445585
8295	0.0004702732099
8296	0.0006016201145
8297	0.000240663023
8298	8.851515903e-05
8299	0.001274165176
8300	0.0006350256756
8301	0.0002958410167
8302	0.0004025064679
8303	0.000872145867
8304	0.003922613632
8305	0.0001404602428
8306	0.0030375052
8307	0.002510139673
8308	0.00372150478
8309	0.0007526865835
8310	0.0002886446864
8311	0.00148090649
8312	0.002330907679
8313	0.0006534843988
8314	0.004629215936
8315	0.0003806783244
8316	0.003032883146
8317	0.001485883029
8318	0.0004267054037
8319	0.001272636254
8320	0.0007096049862
8321	0.004628375759
8322	0.004221291163
8323	0.004548728561
8324	0.002377791175
8325	0.0003945960922
8326	0.00170848962
8327	6.174607245e-05
8328	0.003278642168
8329	0.004002688419
8330	0.000889170218
8331	0.002347829838
8332	0.001001334521
8333	0.0002265759963
8334	0.0005429366909
8335	0.005697349706
8336	0.0007984329683
8337	0.0007210924329
8338	0.001413782761
8339	0.007326585828
8340	0.005884807951
8341	0.0004768148382
8342	0.007192705174
8343	0.001885412302
8344	0.0002490052866
8345	0.0007938932596
8346	0.0002076245441
8347	0.004497100166
8348	0.0008355787053
8349	0.0004568776683
8350	0.0005167694214
8351	0.0009899850067
8352	0.004617799959
8353	1.507147228e-05
8354	0.003330339427
8355	0.001301041951
8356	0.003310890191
8357	0.003517292639
8358	0.0009554207845
8359	0.007361474384
8360	0.000182154762
8361	0.008490176972
8362	0.00145409302
8363	0.005637731951
8364	0.002935709151
8365	0.001482302453
8366	0.0001076176688
8367	0.001156216021
8368	0.002477719246
8369	0.0003028400707
8370	0.0007554799877
8371	7.146535124e-05
8372	0.003297434371
8373	0.005713140118
8374	0.004031190094
8375	0.003499664908
8376	0.0005092116865
8377	0.002782349977
8378	0.003653897632
8379	0.001075869312
8380	3.531414941e-05
8381	0.001318823655
8382	0.0006748949565
8383	0.001597770396
8384	0.001202763474
8385	0.001928882965
8386	0.001202784319
8387	0.003331269829
8388	0.004279614088
8389	0.0005234300869
8390	0.003314061577
8391	0.0009064601683
8392	0.001576869935
8393	0.002025834981
8394	0.0004001087242
8395	0.002667726662
8396	0.002429606321
8397	0.001536050972
8398	0.002645750547
8399	0.0003285703976
8400	0.002614952384
8401	0.003982199399
8402	0.00243112512
8403	0.001821265199
8404	0.0008292533715
8405	6.060900841e-05
8406	0.0004249228712
8407	0.0004906752229
8408	0.0001952545622
8409	0.0015167085
8410	0.001833837207
8411	0.0006494803158
8412	0.001734067344
8413	0.0004666777705
8414	7.196613974e-05
8415	0.0006039380875
8416	0.004100511366
8417	0.0003733241107
8418	0.0002954691122
8419	0.003815310207
8420	0.002121310542
8421	0.0006582997641
8422	0.0002628529426
8423	0.0002020211843
8424	0.003608655366
8425	0.0005980591821
8426	0.0003316514259
8427	0.000792855629
8428	0.003068068736
8429	0.001043472511
8430	0.0002295774719
8431	0.002314824866
8432	0.0003827246777
8433	0.001812620769
8434	0.001042335152
8435	0.0009529641663
8436	0.0003821362445
8437	0.003052830045
8438	0.003154012116
8439	0.0004005323747
8440	0.001017719241
8441	0.003537430128
8442	0.003284363404
8443	0.0002982566128
8444	0.0004269961103
8445	0.0002855402489
8446	0.0003064155867
8447	0.001817613317
8448	0.001987252171
8449	5.728629331e-05
8450	0.0002201596441
8451	0.001216033417
8452	0.0002380040478
8453	0.005681433484
8454	0.00521597361
8455	0.002571776594
8456	0.0007854754571
8457	0.0007912729627
8458	0.0002375843327
8459	0.0003882017295
8460	0.00508311554
8461	0.0002382620419
8462	0.0001555076784
8463	0.002805963705
8464	0.003214984593
8465	0.00251834419
8466	6.306382088e-06
8467	0.001221844691
8468	0.0004975954089
8469	0.007054666762
8470	0.006554574583
8471	0.0009872576157
8472	0.003587035441
8473	0.006308584894
8474	0.003001510593
8475	0.0003000608499
8476	0.0006872499747
8477	0.002268960852
8478	0.0006981833631
8479	0.002415457651
8480	0.0006433732569
8481	0.005342882488
8482	0.0002360344019
8483	0.0060103748
8484	0.0009439212031
8485	0.002008695113
8486	0.0001029199108
8487	0.0006729145548
8488	0.002569622116
8489	1.095287332e-05
8490	0.002326369229
8491	0.003309382213
8492	0.003532872392
8493	0.0002984667754
8494	0.0007914928659
8495	0.00205098327
8496	0.0002461858935
8497	1.391907146e-05
8498	0.001684563714
8499	0.001085672286
8500	0.003468599733
8501	0.002110354051
8502	0.0005670542104
8503	0.001228334331
8504	0.002090914032
8505	0.001996521586
8506	0.001832168111
8507	0.005212841944
8508	0.001061752086
8509	0.002431966231
8510	0.0002365556027
8511	0.0002756866536
8512	0.0005485565948
8513	0.001049786698
8514	0.004562168177
8515	0.002169039544
8516	0.000338587471
8517	0.0005724804587
8518	0.0002108477713
8519	0.002599325418
8520	0.00198444132
8521	0.0004676963624
8522	0.0005123778016
8523	0.0003411686487
8524	0.0004565523949
8525	0.000562012082
8526	0.0009756083899
8527	0.0001727929734
8528	0.0002855347975
8529	0.0006483379697
8530	0.0006984452155
8531	0.0002757464654
8532	0.0001040161801
8533	0.0002726912642
8534	0.0003178774159
8535	0.0001572911448
8536	0.0005210435428
8537	0.0002892565273
8538	0.000222464905
8539	0.0005972594897
8540	3.924653386e-05
8541	0.0003333148248
8542	0.007033299428
8543	0.0007502488829
8544	0.004452238417
8545	0.004548140221
8546	0.0009332517944
8547	0.00217405693
8548	0.0003420915549
8549	0.0002819886827
8550	0.001899922708
8551	0.002672292305
8552	0.001747986461
8553	0.002543094943
8554	0.001516311151
8555	0.001804136457
8556	0.002204394488
8557	0.006895028211
8558	9.04817961e-05
8559	0.003106130513
8560	0.007263035812
8561	0.00370424405
8562	0.007036177077
8563	0.003759430437
8564	0.001885503162
8565	0.0001404407365
8566	0.004305987349
8567	0.001878473355
8568	0.001366970453
8569	0.003175263406
8570	0.004811412072
8571	0.0002832430267
8572	4.904334069e-05
8573	0.002650134866
8574	0.002439306327
8575	0.003602730431
8576	0.004940484988
8577	0.004848136007
8578	0.001071378155
8579	0.002807691051
8580	0.00521438179
8581	0.004896275173
8582	0.001638801457
8583	0.0003801122029
8584	0.00163143432
8585	0.001653471522
8586	0.001484933265
8587	0.0009134889706
8588	0.00398319172
8589	0.003673615937
8590	0.001303754751
8591	0.001543394178
8592	0.0007290018906
8593	0.001552990396
8594	0.003993313417
8595	0.002747287793
8596	0.001019543387
8597	0.0009253929867
8598	0.0006733435552
8599	0.0003715096809
8600	0.001659411777
8601	0.001495886196
8602	0.001574648704
8603	0.002568685077
8604	0.004398331022
8605	0.0001104748872
8606	0.00062908311
8607	0.004000985558
8608	0.000112764707
8609	0.003592295265
8610	0.0002841614588
8611	0.0006799943326
8612	0.0003533841172
8613	0.005343122411
8614	0.0008292250462
8615	0.002015188035
8616	0.005549010659
8617	0.00441251416
8618	0.0006043740342
8619	0.0001298255953
8620	0.0002567877136
8621	0.0001202686602
8622	0.0006729496287
8623	0.0002973067743
8624	0.002097789053
8625	0.0005716212586
8626	0.003195783598
8627	0.001793997451
8628	0.008003677236
8629	0.001826059205
8630	0.001291096005
8631	0.002228982731
8632	0.00105726308
8633	0.002853207233
8634	0.0001416242995
8635	0.001250801456
8636	0.001109259741
8637	3.365763449e-05
8638	0.0002350015698
8639	0.0006878876925
8640	0.0002878491752
8641	0.0003168437986
8642	7.222353564e-05
8643	0.0005450371317
8644	0.0003011452496
8645	0.0008398959633
8646	0.0005579628775
8647	0.0004993115149
8648	0.0005153762884
8649	0.0002951271811
8650	0.0007835734595
8651	0.0004138201283
8652	0.0002339701904
8653	0.0002984362657
8654	0.0003219684864
8655	0.004204246146
8656	0.0007643396561
8657	0.003022052116
8658	0.0006238620108
8659	0.001745390169
8660	0.001456468343
8661	2.622728481e-05
8662	0.000416986947
8663	0.001894941345
8664	0.0005893780708
8665	0.001657369675
8666	0.00874239982
8667	0.0008381834258
8668	0.003025623014
8669	0.001038872087
8670	5.276431615e-05
8671	0.0007085962225
8672	0.0004623467108
8673	0.0001095101634
8674	0.003242408011
8675	0.001727844429
8676	0.00099714765
8677	0.0008204823395
8678	0.001062190241
8679	0.0009630689405
8680	5.06096181e-05
8681	0.0003403628277
8682	0.003487663231
8683	0.003806893597
8684	0.0007609289799
8685	0.004987651872
8686	0.0006880996684
8687	0.001621016033
8688	0.0002564290172
8689	0.0003139866607
8690	0.0008625266869
8691	0.0006367256848
8692	0.004099738347
8693	0.002200007691
8694	6.215860848e-05
8695	0.001210919739
8696	0.0006791337793
8697	0.000599510263
8698	7.081012349e-05
8699	0.0003678972888
8700	0.0009905278531
8701	0.0002038611154
8702	0.000768022916
8703	0.002558508685
8704	0.003390108937
8705	0.003205657602
8706	0.0005754763297
8707	0.004449087805
8708	0.0009603663511
8709	0.001282070826
8710	0.001337909574
8711	0.00128067058
8712	0.0007520994657
8713	0.0002027995246
8714	0.001642492957
8715	0.002562781778
8716	0.001443202263
8717	0.001985722997
8718	7.227355428e-05
8719	0.0001841867057
8720	0.001896370586
8721	0.002722340818
8722	0.003286326972
8723	0.003211487553
8724	0.0001230661548
8725	0.001958875399
8726	0.0004250961949
8727	1.5469683e-06
8728	0.0003585959323
8729	0.0004483244995
8730	0.003374069996
8731	0.001477471401
8732	0.00517991682
8733	0.0001969470356
8734	0.000957766566
8735	0.0002929620783
8736	0.001218980176
8737	0.0002845028067
8738	0.001770439271
8739	6.258681507e-05
8740	0.003200770337
8741	0.0001267887342
8742	0.006179306191
8743	0.000314510427
8744	0.002387392071
8745	0.0003921265985
8746	0.0002918072826
8747	0.002105276455
8748	0.0003748286001
8749	0.0005498519724
8750	0.001050558742
8751	0.0004819148347
8752	0.0001118278116
8753	0.0005543808272
8754	0.0008034847752
8755	0.0008759209484
8756	0.005856170428
8757	4.263944836e-05
8758	0.001266471219
8759	0.00013287964
8760	0.002947266656
8761	0.001089806154
8762	0.005045969187
8763	0.007465351989
8764	0.006474750333
8765	0.002346862729
8766	0.007045426708
8767	0.0006362477921
8768	0.000911387129
8769	0.0009552414788
8770	0.0005400941969
8771	0.0008416493919
8772	0.0008154784726
8773	0.0007389542227
8774	0.000507988791
8775	0.0002260328591
8776	0.0007471988953
8777	0.0005345293286
8778	2.813856516e-05
8779	0.0005440213594
8780	0.0002335566272
8781	0.002568043363
8782	0.0007852899191
8783	0.0002546554248
8784	0.002294492159
8785	0.0001095658973
8786	0.0006602415058
8787	0.001989851045
8788	0.0006221391596
8789	0.0007753491623
8790	0.00101413547
8791	0.0009212875099
8792	0.001085411299
8793	0.0004677728601
8794	7.772377094e-05
8795	0.001948044819
8796	0.0002093740261
8797	0.001171227573
8798	0.007539368705
8799	0.0005049096191
8800	0.0005146648656
8801	0.0005224328273
8802	0.0005142725919
8803	0.00147548294
8804	0.001003926214
8805	0.0005064992139
8806	0.0006108508276
8807	0.0003127590783
8808	0.000291937929
8809	0.0001300548903
8810	0.0007121000971
8811	0.0004731466353
8812	0.000282523873
8813	0.001434612891
8814	0.0008377675376
8815	0.00276359794
8816	5.803854205e-05
8817	0.001522924792
8818	0.001686518535
8819	0.0006263696861
8820	0.0001094675011
8821	0.00313302416
8822	0.0006521296947
8823	0.001306865486
8824	0.0009797164884
8825	0.0004129868331
8826	0.0004531109238
8827	0.000664692481
8828	0.002661244148
8829	0.00121679911
8830	0.002766761999
8831	0.0004063061212
8832	1.945413892e-05
8833	0.0006259981084
8834	0.003999851046
8835	0.0007223789796
8836	0.001840621304
8837	0.0007161931837
8838	0.004178894001
8839	0.004760659791
8840	0.002836980694
8841	0.003507747978
8842	0.002775334146
8843	0.005338374839
8844	0.0008598213319
8845	0.003885335286
8846	0.0008616896652
8847	0.001250486438
8848	0.0003747133172
8849	0.000228259512
8850	7.054257719e-05
8851	0.0003073062336
8852	0.0003613509974
8853	5.652050708e-05
8854	0.0004155959778
8855	0.0003566795263
8856	0.001942136634
8857	0.001771022157
8858	0.0009014127072
8859	0.0003796847248
8860	0.001048219807
8861	0.002944251018
8862	0.0009380819219
8863	0.0003590887652
8864	0.0008571972665
8865	0.0001058127856
8866	0.0003959165881
8867	0.000165023395
8868	0.00187695623
8869	0.0004765149306
8870	0.000169973697
8871	9.791713234e-05
8872	0.0004504170748
8873	4.847862224e-05
8874	0.000993570961
8875	0.0007557821321
8876	0.0009706632726
8877	0.002951805755
8878	0.001452682782
8879	0.0009088015515
8880	0.0009428146578
8881	0.001127134476
8882	0.0002413786046
8883	0.001012460185
8884	0.0003679335688
8885	0.0002279325766
8886	0.003291183517
8887	0.0005585774136
8888	0.0006029043399
8889	0.0003605644192
8890	0.0001327582773
8891	0.0008623256026
8892	0.001462713184
8893	0.002089536344
8894	0.0007972191861
8895	0.0005641169583
8896	0.002338532361
8897	0.0006477674535
8898	0.0002244415689
8899	0.00455682294
8900	0.0001632899999
8901	0.004921444289
8902	0.001670141285
8903	0.0005575238814
8904	0.001297609175
8905	0.002269716275
8906	0.0005041058148
8907	0.0003491875585
8908	0.002214126265
8909	0.0008869059338
8910	0.001049832158
8911	0.0003065142086
8912	0.001661391694
8913	0.0002968617898
8914	0.0004079896221
8915	0.001636940432
8916	0.0002411926204
8917	0.002139175534
8918	0.0002324482076
8919	0.0008550886797
8920	0.001706473869
8921	0.0002688524071
8922	0.004918976416
8923	0.0003703436762
8924	0.001238634122
8925	0.0004892693046
8926	0.0006864601734
8927	0.002689043609
8928	0.0003084974137
8929	0.0007623279772
8930	0.001136127938
8931	0.003736197718
8932	0.003887138709
8933	0.001697414973
8934	0.0001457671348
8935	0.0002916660592
8936	0.001439905819
8937	0.0005676851367
8938	0.0001292391617
8939	0.003808537025
8940	0.002383820248
8941	0.0006600423473
8942	0.003410132159
8943	0.0009357810672
8944	0.000983640818
8945	0.0005696489525
8946	0.001213611823
8947	2.415072372e-06
8948	3.126502387e-05
8949	0.001646751551
8950	0.0001016840909
8951	0.00430534949
8952	0.0001809789013
8953	0.0002927175433
8954	0.001197525505
8955	0.001698043702
8956	0.0006245175682
8957	0.002437829147
8958	0.0007240139726
8959	0.001453864903
8960	0.00353803933
8961	0.0007484493763
8962	0.0007311514904
8963	0.0003415835468
8964	0.001184692808
8965	0.000236125321
8966	0.002565871702
8967	9.155027761e-05
8968	0.0003118854314
8969	0.0003870667548
8970	0.0009513237124
8971	0.001939303151
8972	0.0005654152793
8973	8.51970788e-05
8974	0.003792388188
8975	0.0003144155982
8976	0.0008741180921
8977	0.0003195616297
8978	0.00139792733
8979	0.0031125774
8980	0.001715423099
8981	0.001258710762
8982	0.0008326246892
8983	0.001608557517
8984	0.002677367367
8985	0.001350826056
8986	0.001069172984
8987	0.0002957725848
8988	0.003125099733
8989	0.002720640662
8990	0.0007066532274
8991	0.0007183513783
8992	0.004405293061
8993	0.000235511457
8994	0.001074263386
8995	4.531216002e-05
8996	3.769878265e-05
8997	0.0002109502319
8998	0.00125992509
8999	0.001404710588
9000	0.002748275103
9001	0.000167944567
9002	0.0001151296127
9003	0.002728888224
9004	0.0001162091273
9005	0.00206534508
9006	0.004405824838
9007	0.002638068531
9008	0.007282879559
9009	0.003956587729
9010	0.001816441885
9011	0.0002091696244
9012	0.0003070985935
9013	0.0002313997992
9014	0.0009412566635
9015	0.0005781069179
9016	0.0003539539541
9017	0.0005738111734
9018	0.0003822925174
9019	3.714307692e-05
9020	0.0007959971316
9021	0.0001932487052
9022	0.0002382608665
9023	0.0002682654048
9024	0.0006591549284
9025	0.003036828603
9026	0.001243703039
9027	0.004645753007
9028	0.0009642724773
9029	0.001394584023
9030	9.46000708e-06
9031	0.002151755473
9032	0.001045984642
9033	0.002627189591
9034	0.0003328465897
9035	0.001762412649
9036	0.002993836546
9037	0.0001381004033
9038	0.001105644887
9039	0.0002692676963
9040	0.0001013620103
9041	0.00190388251
9042	0.0005571431346
9043	0.003776048048
9044	0.00131658615
9045	0.003516018429
9046	0.0006732393759
9047	0.001883031914
9048	0.0004613766745
9049	0.001360481702
9050	0.001312866095
9051	0.002111453101
9052	0.001517357275
9053	0.001799894242
9054	0.001433087245
9055	0.001598917839
9056	0.0002337494412
9057	1.406842685e-05
9058	0.002959013307
9059	0.003395693223
9060	0.004794737977
9061	0.001368122081
9062	0.0001138765088
9063	0.0001390871219
9064	0.003709702311
9065	8.833295662e-05
9066	0.0009740417809
9067	0.0008461780637
9068	0.0008766733889
9069	0.000957781807
9070	0.001767023427
9071	0.0003901780567
9072	0.0005802909098
9073	0.001196623581
9074	0.001438966364
9075	0.0007957590406
9076	0.004685733526
9077	0.0005330380983
9078	0.0009500604847
9079	0.00300417544
9080	0.0005579189598
9081	0.0001463689447
9082	0.001575905782
9083	0.0007125791155
9084	8.060974358e-05
9085	0.002633789881
9086	0.0001586020148
9087	0.0006016385334
9088	0.001764955297
9089	0.0007205661617
9090	5.959317793e-05
9091	6.317616178e-05
9092	0.0004783393913
9093	0.0003316575959
9094	0.000266015502
9095	0.00478524919
9096	0.0004794199292
9097	0.0003571513637
9098	0.0004169997069
9099	0.000916190699
9100	0.00135971985
9101	0.0003802249796
9102	0.0005046163064
9103	4.815156552e-05
9104	0.005075313202
9105	5.283004966e-06
9106	0.001057593777
9107	0.001269847104
9108	7.293905039e-05
9109	0.00668484745
9110	0.002185048658
9111	0.00122991436
9112	0.0006653430229
9113	0.0001531599027
9114	0.001018586801
9115	4.865042504e-05
9116	0.002181355442
9117	0.001570978898
9118	0.0004622509519
9119	0.001071834784
9120	0.0008677860554
9121	0.0005807511174
9122	0.0006894254644
9123	0.0002894355578
9124	0.001403933458
9125	0.0008637282571
9126	0.0001268341996
9127	0.001030455944
9128	0.0001135858803
9129	0.0001063977582
9130	0.000715808133
9131	0.0005417193922
9132	0.0005986317818
9133	0.000259151081
9134	0.003215331422
9135	0.001538763059
9136	0.002042841613
9137	0.0006885937696
9138	0.0005951691515
9139	0.00126647023
9140	0.000595876806
9141	0.0001125256244
9142	0.0008535611691
9143	0.0005282959465
9144	0.003791006285
9145	0.001604696922
9146	0.001639054152
9147	0.000759557178
9148	0.002363825878
9149	0.0005111139105
9150	0.0006892033819
9151	0.005189151287
9152	0.0001436341811
9153	0.002304705271
9154	3.200613263e-05
9155	0.001331860909
9156	0.0002473467182
9157	0.0005907706303
9158	0.002501511231
9159	0.0005292014789
9160	0.003814675762
9161	0.001192612611
9162	0.003107796033
9163	0.0004505367826
9164	0.002429948863
9165	0.001467559474
9166	0.0004877912169
9167	2.790733285e-05
9168	0.004221276629
9169	4.27250012e-05
9170	0.0001483393704
9171	0.001214920911
9172	0.00144784812
9173	0.0002471692879
9174	0.001045700131
9175	2.662275359e-05
9176	0.0009302439283
9177	0.001955894728
9178	0.0001669928342
9179	0.0009004547534
9180	0.002117247335
9181	0.0004613713715
9182	0.0009192039732
9183	0.003290743677
9184	0.00114605069
9185	0.0004470194481
9186	0.005697330724
9187	0.0005378831375
9188	0.0001241167563
9189	0.0003480365388
9190	0.0001125398337
9191	0.002488225952
9192	0.0009141973422
9193	0.0001633315855
9194	0.002465430096
9195	0.0005124821229
9196	0.0005710246729
9197	0.0002325637387
9198	2.017944136e-05
9199	0.0005022455883
9200	0.0002832917176
9201	0.000163854697
9202	0.0004964189788
9203	0.001856773269
9204	0.0009109528161
9205	6.748260109e-05
9206	0.001833760827
9207	0.0001111988845
9208	0.004415233913
9209	0.0006820871637
9210	0.0004174463063
9211	9.707549299e-05
9212	0.001254613551
9213	0.001630961816
9214	0.0007721825292
9215	0.0004923273016
9216	0.001089330278
9217	0.000250991039
9218	0.0003223903642
9219	0.00186759899
9220	0.0001527639062
9221	0.001381422192
9222	0.0007521875186
9223	0.002919768312
9224	9.286634412e-06
9225	0.0007815762018
9226	0.0006791895548
9227	0.001649448468
9228	0.005057869928
9229	0.005443780796
9230	0.0003661758674
9231	0.004298353934
9232	0.001544749885
9233	0.005976518479
9234	0.002072125505
9235	0.00228861656
9236	0.003089147298
9237	0.0013544692
9238	0.002160699265
9239	0.001362176745
9240	0.003670648693
9241	0.01118047265
9242	0.001666413097
9243	0.0007189811813
9244	0.0009760635587
9245	0.002037866918
9246	0.003036629399
9247	0.0005590596028
9248	0.0006325597144
9249	0.001632883317
9250	0.001927366943
9251	0.0002659105947
9252	0.001306327463
9253	0.0008066262688
9254	0.0006249517136
9255	0.00318558034
9256	0.0004881329032
9257	0.0003381339074
9258	0.004040999031
9259	0.002615821577
9260	0.0007535510729
9261	0.003341638942
9262	0.0008727774048
9263	0.000214942881
9264	0.000398752782
9265	0.000284105651
9266	0.0004705215036
9267	0.0001076720921
9268	0.0002400167291
9269	0.0006560655577
9270	0.0009742209375
9271	0.0003161745466
9272	0.0006171912276
9273	0.0008105148048
9274	0.0006579713072
9275	0.001070342087
9276	0.0003091204165
9277	0.001152757475
9278	0.0004378463694
9279	0.0005266486472
9280	7.762542297e-05
9281	0.0003116697222
9282	0.001152786354
9283	0.0002847968323
9284	0.0001257015014
9285	0.0002199509691
9286	0.0003175693573
9287	0.001667116915
9288	0.001711463839
9289	0.0004185564666
9290	0.0005241865585
9291	9.427410236e-05
9292	0.0009439591758
9293	0.0003141284345
9294	0.0007881307024
9295	0.0005380264193
9296	2.956115562e-05
9297	0.0007434355456
9298	0.0001408296384
9299	0.0007359920101
9300	9.355302849e-05
9301	8.842857962e-05
9302	0.001004815328
9303	0.001304217353
9304	0.0001585968967
9305	0.000754578753
9306	0.0001996939379
9307	0.0002765612116
9308	0.0004771453645
9309	0.0003731558568
9310	0.0005170174079
9311	0.00075150544
9312	0.0004275390889
9313	0.001242278722
9314	7.522763041e-05
9315	0.0005765655294
9316	0.0006584297236
9317	0.0003903491619
9318	0.0001706941102
9319	0.001377310189
9320	5.961060444e-05
9321	0.0003295804744
9322	0.000591246445
9323	0.0007990891623
9324	1.141607746e-05
9325	0.001459275125
9326	0.0003059636609
9327	0.0005927453631
9328	0.0002143839233
9329	0.0001241021299
9330	0.0005888715069
9331	6.438070116e-05
9332	0.0008258806758
9333	0.0005285554538
9334	0.0001750573823
9335	0.0005448505769
9336	0.001272937917
9337	0.0003494561531
9338	0.0004930758078
9339	0.0001334783989
9340	0.0006669298429
9341	0.0007534423475
9342	0.0006640767714
9343	0.0003213577436
9344	0.0009672771861
9345	0.000254543827
9346	1.785185754e-05
9347	0.0002711300463
9348	0.0003735733377
9349	7.061561263e-05
9350	0.000892976434
9351	0.0009701849245
9352	0.0005106120912
9353	0.000298681853
9354	0.0002884510975
9355	0.0001446542555
9356	0.0009870609294
9357	6.137490566e-05
9358	0.001406400863
9359	0.000897598807
9360	0.0007999404718
9361	0.0006720582651
9362	0.0007479282547
9363	0.000685374104
9364	0.000306483078
9365	0.0006515777429
9366	2.739141356e-05
9367	0.0002354563577
9368	0.0009852048453
9369	0.0007936639548
9370	0.000765613892
9371	0.001131982064
9372	0.0002602949873
9373	0.0002199648883
9374	0.0009578938393
9375	2.649491953e-05
9376	9.320308372e-05
9377	0.0003942609822
9378	0.0004718293504
9379	0.0007372099623
9380	0.001581441741
9381	0.0009992012756
9382	0.001133667668
9383	0.0006407721788
9384	0.0001498110607
9385	0.0001599919197
9386	0.0009214698167
9387	0.0001040634303
9388	8.552990132e-05
9389	0.0002666589932
9390	0.0003531831621
9391	0.0008399396344
9392	0.0003042983125
9393	9.499572323e-05
9394	0.0003627575787
9395	0.0005841307908
9396	0.0004352677804
9397	0.0001513416379
9398	0.0008649022666
9399	0.0005156889757
9400	0.0002920594889
9401	0.0002701693089
9402	0.001917071596
9403	0.0004457094837
9404	0.0007929771626
9405	0.000840434591
9406	0.0003119182925
9407	0.0006564926416
9408	0.0003420216187
9409	0.0008283423972
9410	0.0009250506834
9411	0.001132851659
9412	0.0004287254978
9413	0.0003015926777
9414	0.0004474432586
9415	0.0005101492007
9416	0.0004970350142
9417	0.0009698941828
9418	2.449640075e-05
9419	0.000529268506
9420	0.0001545053782
9421	0.0001884186756
9422	0.0003227208693
9423	0.0001177110803
9424	0.0007351650069
9425	0.0003799591751
9426	0.0001665030853
9427	0.001171433427
9428	0.0001850085858
9429	0.000157379791
9430	8.703325489e-05
9431	0.0002223479402
9432	0.000530481094
9433	0.0005503198016
9434	0.0002163982688
9435	0.0005679796988
9436	0.0003419527306
9437	0.000323763715
9438	0.0005660878766
9439	0.000639393067
9440	0.0003336675724
9441	0.0004289728722
9442	0.0001745711865
9443	0.001100105076
9444	0.0002987963702
9445	0.0003721007645
9446	0.0004428683459
9447	0.0002429806513
9448	0.001199707166
9449	0.0001971357066
9450	0.0008335309544
9451	0.0003127845985
9452	0.0006432229252
9453	0.0004772340311
9454	0.0003982401936
9455	0.0009952547267
9456	0.0004563989907
9457	0.0002383106257
9458	0.0001005154797
9459	0.0001584934985
9460	0.0008021145445
9461	0.000673891438
9462	0.0001769746892
9463	0.0005602651757
9464	0.000918612357
9465	0.0001678605862
9466	0.001369639316
9467	0.00134782524
9468	0.0008135502884
9469	0.001059945002
9470	6.498327658e-05
9471	7.344493704e-05
9472	0.0001848479558
9473	7.798137213e-05
9474	0.000957016592
9475	6.965297695e-05
9476	0.0003537258242
9477	0.0008758195888
9478	0.0006726969571
9479	0.000282124505
9480	0.001150558349
9481	0.0002256184365
9482	0.0001326335798
9483	5.950105441e-05
9484	8.027002249e-05
9485	0.0005775253205
9486	0.001026867161
9487	0.0004758275802
9488	0.001059127012
9489	0.0005462952285
9490	0.001029435831
9491	0.0002907088025
9492	0.0007151333661
9493	0.0005879563056
9494	0.0002738694442
9495	0.0002106629234
9496	0.0001149965507
9497	0.0001166043268
9498	0.0008901224345
9499	0.0003260887851
9500	2.245951266e-05
9501	0.0004299882816
9502	0.0006632053941
9503	0.0003882767149
9504	0.001008156703
9505	0.0005477069042
9506	0.0008774225975
9507	0.0001017701601
9508	0.0006564408289
9509	3.210792276e-05
9510	0.001372824178
9511	0.0002750803801
9512	5.578482835e-05
9513	0.0003491012474
9514	0.0003221319083
9515	0.0003783705676
9516	0.0006174986401
9517	0.0002025292538
9518	0.0008373634588
9519	0.0004716812855
9520	0.0004783842388
9521	0.0002843058301
9522	0.0005377863078
9523	0.0007380051205
9524	0.001789841401
9525	0.0001771259758
9526	0.0007501328915
9527	8.413240122e-05
9528	0.0002303453505
9529	9.913461138e-05
9530	0.001023063285
9531	0.0003825272604
9532	0.0002015100865
9533	0.0004263982604
9534	0.0008054426054
9535	0.0007823140958
9536	0.0002696932878
9537	0.0001339419157
9538	0.0003499667259
9539	0.0002689508669
9540	0.0001439405151
9541	0.0001392592538
9542	0.0008124687495
9543	0.0001291028957
9544	0.0006690479769
9545	0.0004304782797
9546	0.0004790329846
9547	0.000565064818
9548	4.223579644e-05
9549	0.0008051683966
9550	0.000784721434
9551	0.000498353598
9552	0.0004638686186
9553	0.0006772485712
9554	0.000329062506
9555	0.0006005667431
9556	0.0001025158819
9557	0.001223917845
9558	0.0002324439384
9559	0.0003423915088
9560	6.655022635e-05
9561	0.0001184641759
9562	0.0002595096963
9563	0.001083301999
9564	0.001078597076
9565	0.0008686280727
9566	0.0004634667181
9567	6.997710895e-06
9568	0.0001710042247
9569	0.0006504115343
9570	0.0003958951995
9571	0.000202819364
9572	0.001499356299
9573	0.0005880704963
9574	0.0003846470809
9575	5.73322597e-05
9576	0.0001342247718
9577	0.0003889208454
9578	0.0007157416551
9579	0.0004193558862
9580	0.0002941815772
9581	0.0001104971271
9582	0.0004424000498
9583	0.0002839670677
9584	0.0001616337936
9585	5.381478973e-06
9586	0.0003963992785
9587	0.001221750875
9588	1.903322806e-05
9589	0.0001026446447
9590	1.169694163e-05
9591	2.822379547e-05
9592	0.001092191711
9593	0.0007059783568
9594	0.0003076017554
9595	0.0001721268566
9596	0.0005304763638
9597	0.0001447326735
9598	0.0008153255198
9599	0.0002540815682
9600	0.000739590636
9601	0.0004298097199
9602	0.0001400588713
9603	0.0005258633855
9604	0.0003281564826
9605	5.237164314e-05
9606	0.001083348125
9607	0.000445456144
9608	4.056786271e-06
9609	0.0004583202012
9610	0.0003315626447
9611	0.0001921381219
9612	0.0005825773672
9613	2.651611171e-05
9614	0.0002183640768
9615	0.000105581722
9616	0.001305766838
9617	0.0003837973337
9618	6.669366289e-05
9619	2.178059829e-05
9620	0.0005513162963
9621	0.0007968766708
9622	0.000977741109
9623	0.0002026822218
9624	0.0006140882837
9625	0.000713526742
9626	0.0009182945077
9627	0.0002034230194
9628	7.104642535e-05
9629	0.0005979082009
9630	0.0005962493042
9631	0.001201603152
9632	0.0001596879672
9633	0.0001087054749
9634	2.994717912e-06
9635	0.001245124975
9636	0.0002201422189
9637	6.951151712e-05
9638	0.0003464902113
9639	0.0009624004228
9640	0.001102011503
9641	0.0001751303533
9642	0.0008813105556
9643	0.0003144802691
9644	0.0002236616578
9645	0.0001318401386
9646	0.0005641781369
9647	0.0008896987944
9648	3.743037914e-05
9649	0.000277943233
9650	0.0007840700359
9651	0.0003364469503
9652	0.001321720501
9653	0.0004421408259
9654	0.0007210840064
9655	0.0003473965375
9656	0.0002255867234
9657	0.0008356237471
9658	0.000647814684
9659	0.000604547737
9660	0.000896282745
9661	0.0006508717656
9662	0.0004384670454
9663	0.0004305787954
9664	0.0005746051877
9665	6.524954235e-05
9666	0.0003583299905
9667	0.0003909764659
9668	0.0008306269781
9669	0.0003341294749
9670	0.0005583368052
9671	0.001322528125
9672	3.87631293e-05
9673	0.0001867047751
9674	0.0002274808591
9675	0.0009723136935
9676	0.0007473587235
9677	0.0005011074869
9678	0.001074245472
9679	0.0001899910563
9680	0.0006387213797
9681	0.0001398051848
9682	0.00054662674
9683	0.0003777935314
9684	0.0001831489635
9685	0.000688506826
9686	0.001568864188
9687	0.000408183627
9688	0.0003120347031
9689	0.0001939488829
9690	0.0003936170589
9691	0.0007089693309
9692	0.0007988609422
9693	0.0005026646376
9694	0.001089249288
9695	9.459770259e-05
9696	0.0008959679341
9697	0.00103885829
9698	0.000395169988
9699	0.0001032240511
9700	7.781021582e-05
9701	0.0005992795397
9702	0.000901894427
9703	0.0003674473887
9704	0.000774387154
9705	0.0002204660705
9706	0.0002392397959
9707	0.001224475608
9708	0.0002384456096
9709	0.0004528483211
9710	0.0004439074762
9711	0.0003918480404
9712	0.0005707106898
9713	0.0006861817612
9714	0.0004709197374
9715	0.0004940721193
9716	0.000347501104
9717	0.0002194057441
9718	7.762618379e-05
9719	0.0006677746373
9720	0.0006469261618
9721	0.0001842251286
9722	0.0001534239506
9723	0.0007079963831
9724	0.0001569319705
9725	0.0007314077133
9726	6.670390295e-05
9727	0.001079108896
9728	0.0008089635316
9729	0.0006292452925
9730	0.0003909801558
9731	0.0005580984674
9732	6.077651109e-06
9733	0.0003425967523
9734	0.000307315586
9735	0.0005470380448
9736	0.0009001989122
9737	0.0002998719338
9738	0.0004969574699
9739	0.0002147574489
9740	0.0002866023289
9741	0.0005580229363
9742	0.0004398434598
9743	3.427552861e-05
9744	1.211127681e-05
9745	0.001121165558
9746	0.0007937468488
9747	0.0007343271934
9748	0.0006045529729
9749	0.0004993384596
9750	9.265834207e-05
9751	0.000330278273
9752	0.000143534306
9753	0.0003420593316
9754	0.0001266472513
9755	0.0009559850646
9756	0.0004417263825
9757	0.0002962216874
9758	0.0006325211478
9759	0.0002086583618
9760	0.0005774300975
9761	0.0005149741553
9762	0.0002081641927
9763	0.0008675650431
9764	0.0001592539894
9765	0.0003179508247
9766	0.0006213807792
9767	6.212376241e-05
9768	0.000563714455
9769	0.0002573910142
9770	1.233465088e-06
9771	0.0001500642695
9772	0.0002605063331
9773	0.000387129914
9774	7.627395595e-05
9775	5.391173191e-05
9776	0.0007977658188
9777	0.0004649351213
9778	0.000510638354
9779	0.0006718404749
9780	0.0003615811111
9781	0.000320195946
9782	0.0003735523079
9783	0.0003528757292
9784	0.0002569856522
9785	0.0007269523966
9786	0.0007700366292
9787	0.0006159099041
9788	0.0003381692425
9789	0.0003269885145
9790	0.0001832085181
9791	0.000253425381
9792	0.0005902112806
9793	0.0006362258812
9794	0.0002536299058
9795	9.854005804e-05
9796	0.00098191029
9797	0.0005904921148
9798	0.0001742159591
9799	0.0008315976841
9800	0.000199814272
9801	0.0002849033257
9802	0.004263832798
9803	0.00373077844
9804	0.0005571958562
9805	0.00277801795
9806	0.0007497802326
9807	0.001455642363
9808	0.0003408097308
9809	0.0001241867248
9810	0.0004519404804
9811	0.0007399562845
9812	0.002969731405
9813	0.000261701279
9814	0.002185203756
9815	0.0006350322078
9816	0.00244742372
9817	0.003950012356
9818	0.009216800886
9819	0.001397101952
9820	4.106538023e-05
9821	0.001074868116
9822	0.00184175436
9823	0.001063651851
9824	0.000424340005
9825	0.002510683704
9826	0.001026141854
9827	0.005902980936
9828	0.002841918488
9829	0.0003212042434
9830	0.003061154283
9831	0.002761824512
9832	0.003606304482
9833	0.0002262254054
9834	0.0008706108212
9835	0.005193688155
9836	0.001802216092
9837	0.00239687538
9838	0.006351618481
9839	0.005695494355
9840	0.001020658506
9841	0.002356353552
9842	0.001367219586
9843	0.002270499273
9844	0.0007450117787
9845	0.0006261981175
9846	0.0006865472086
9847	0.0007999221942
9848	0.001760958465
9849	0.0004335805022
9850	0.004318792462
9851	0.001699424705
9852	0.0006122658322
9853	2.644294137e-05
9854	0.00160537439
9855	0.004545548183
9856	4.118656971e-05
9857	0.002410043154
9858	0.0001441536848
9859	0.001266544569
9860	0.0006652785008
9861	0.001575076308
9862	0.002304911304
9863	0.0005637382862
9864	0.002073527322
9865	0.003881536156
9866	0.001076998094
9867	0.001068669804
9868	0.000103539884
9869	0.0003417983664
9870	0.001165774137
9871	0.0003110193673
9872	0.002770748133
9873	0.0002799668249
9874	0.001620393902
9875	6.76855123e-05
9876	0.001184477049
9877	0.001009676325
9878	0.002462608848
9879	0.001882484084
9880	0.003898798621
9881	0.003076608701
9882	0.008765234135
9883	0.0009560307949
9884	0.002123152546
9885	0.002232538835
9886	5.652980792e-06
9887	0.007832290225
9888	0.002319540124
9889	0.0006817900134
9890	0.006339013947
9891	0.004156441213
9892	0.002688723784
9893	0.002378437745
9894	0.0016227915
9895	0.002222961526
9896	0.00452391898
9897	0.00037702606
9898	0.001711944995
9899	0.005049356668
9900	0.003206909757
9901	0.0009819742078
9902	0.004309522854
9903	0.001869340115
9904	0.001843161578
9905	0.00105953855
9906	0.002085320146
9907	3.813456854e-05
9908	0.0004072511884
9909	0.0005600634239
9910	0.0007850582301
9911	0.0001998578404
9912	0.000440297926
9913	0.0003895439551
9914	0.0001358269953
9915	0.001005195135
9916	0.001648923737
9917	0.002114666307
9918	0.0001364404655
9919	0.0003162280604
9920	0.0004653870881
9921	0.0004620833433
9922	0.0008021967344
9923	0.001757685578
9924	0.002887036585
9925	0.001526513591
9926	0.008143473042
9927	0.002078831919
9928	0.000161440357
9929	0.0005821761669
9930	0.003890388009
9931	5.448335071e-05
9932	0.002859661452
9933	0.0001644606784
9934	0.0004079665509
9935	0.002193484347
9936	1.214991476e-05
9937	0.0007294608183
9938	0.001322469919
9939	0.00256553023
9940	0.001953773808
9941	0.0001364909414
9942	0.0005300589336
9943	0.0003540460457
9944	0.003546200646
9945	0.0003836293431
9946	0.0002984413682
9947	0.0004657308487
9948	0.0007362863044
9949	0.0004203447708
9950	0.0001375125778
9951	0.001633409265
9952	0.001037406255
9953	0.001072635938
9954	0.0006631890031
9955	0.0008490811377
9956	0.001481141037
9957	6.953122529e-05
9958	0.002167320667
9959	0.003226413063
9960	0.001523381192
9961	0.001226613699
9962	0.00125858314
9963	0.0003541462624
9964	6.424224875e-05
9965	0.0019021397
9966	0.002178632298
9967	0.001971497185
9968	0.0004420911866
9969	0.0005191267862
9970	0.0005847145958
9971	0.003203068745
9972	0.002523549286
9973	6.016669155e-05
9974	0.0008518101687
9975	0.002165831465
9976	0.000404103966
9977	0.000247589728
9978	9.236381883e-05
9979	0.001308016711
9980	1.367498676e-06
9981	0.001008510398
9982	0.0002899211439
9983	0.006505903027
9984	0.004029345584
9985	0.0001485130261
9986	0.0008207243822
9987	0.002291888536
9988	0.003926447567
9989	0.004728479043
9990	0.0006505722801
9991	0.003830448271
9992	0.002196624088
9993	0.001775070083
9994	0.001390478843
9995	0.001123010512
9996	0.002450171113
9997	0.001538455892
9998	0.0004350505586
9999	0.0003955985727
10000	0.001758274085
10001	0.001879170101
10002	0.0008907580777
10003	0.008197657583
10004	0.000143740814
10005	0.0004978948019
10006	0.001904480904
10007	0.001739862748
10008	0.0003711795817
10009	0.004378117055
10010	0.0007181235546
10011	0.001215158605
10012	0.00476566239
10013	0.0003391816195
10014	0.001214750511
10015	0.002800930215
10016	0.000226437106
10017	0.0001086452918
10018	0.001907697834
10019	0.001340487548
10020	0.0004333155283
10021	0.001273190751
10022	0.001488089985
10023	0.002308422792
10024	0.001223355511
10025	0.0005774869746
10026	0.0007497216233
10027	0.001112799991
10028	0.0006756992377
10029	0.002499315965
10030	0.00774192018
10031	0.001233373126
10032	0.001445173663
10033	0.002884739829
10034	0.007908448913
10035	8.538611123e-05
10036	0.000140857915
10037	0.0007434600302
10038	0.0005192514496
10039	0.0003176090378
10040	2.949560744e-05
10041	6.366618749e-05
10042	0.0002523629744
10043	0.0001458755239
10044	0.0003144668449
10045	3.115015145e-05
10046	0.0005415970228
10047	0.0004181259535
10048	3.382043209e-05
10049	0.0001344791778
10050	1.375279769e-05
10051	0.0005282123004
10052	3.409755916e-05
10053	0.003335739256
10054	0.00167199779
10055	0.0004986083959
10056	0.007517912796
10057	0.0009831145295
10058	0.0004726253285
10059	0.0009563447109
10060	0.003910673133
10061	0.001208305526
10062	9.474026609e-05
10063	0.002687283752
10064	0.001066945558
10065	0.0001524098561
10066	0.000550233946
10067	0.0002437884467
10068	4.531951102e-05
10069	0.0004667788563
10070	0.0001119823471
10071	0.0002687852752
10072	0.000442361666
10073	0.0002641651956
10074	0.0006281700746
10075	0.000684327158
10076	0.0003938301192
10077	0.002758345347
10078	0.0006728043371
10079	0.00121901085
10080	5.649322542e-05
10081	0.007924132591
10082	0.0006417018348
10083	0.005601312586
10084	0.0002930988141
10085	0.000100373002
10086	0.0007810325724
10087	0.00204468514
10088	0.0001715876105
10089	5.261368384e-05
10090	9.743205099e-05
10091	0.006468983012
10092	0.0004879506854
10093	0.0001412022293
10094	0.0003737108079
10095	0.0005755351222
10096	0.002187997474
10097	0.006561622889
10098	0.004627021874
10099	0.0005506111301
10100	0.002595952567
10101	0.0006367403203
10102	0.0002287839092
10103	0.0004770687898
10104	0.0009117036776
10105	0.000639475567
10106	0.0002410027174
10107	0.001883639427
10108	0.002579607245
10109	0.004367802363
10110	0.001074391953
10111	0.00174662234
10112	0.001029795234
10113	0.0007470026994
10114	0.000949991552
10115	0.006982245554
10116	9.824792217e-05
10117	0.0002280706246
10118	0.002868586838
10119	0.003685518325
10120	0.006003813602
10121	0.001131056852
10122	0.0008774370152
10123	0.0001512918349
10124	0.006775243892
10125	0.0003604482667
10126	0.004967376436
10127	0.00113150892
10128	4.249396645e-05
10129	0.0006445071108
10130	0.0004607491521
10131	0.00129373743
10132	5.40942515e-05
10133	0.009784870669
10134	0.002573770914
10135	0.001911933124
10136	0.005557878025
10137	0.002257456522
10138	0.003310104563
10139	0.0006777746701
10140	0.001851905325
10141	0.001487713017
10142	0.002382439093
10143	0.0006730839188
10144	0.0004811985415
10145	0.0002828452214
10146	7.033896621e-05
10147	0.002384536028
10148	8.441307829e-05
10149	0.0009890076719
10150	0.001172855963
10151	0.0003238880414
10152	0.0006329836838
10153	0.004814935322
10154	0.001008620617
10155	0.006232889373
10156	0.00544164156
10157	0.0005664551476
10158	0.001388733864
10159	0.003376938157
10160	0.003552642146
10161	0.00310041917
10162	0.0007515270994
10163	0.0005178152158
10164	1.361557304e-05
10165	0.0008148088644
10166	0.002664412726
10167	0.005684336178
10168	0.0003198721487
10169	0.0003434451384
10170	8.54339822e-05
10171	0.003375235951
10172	0.0006999329934
10173	0.002646507061
10174	0.006914760933
10175	0.0004897513352
10176	0.0001477527083
10177	0.003269370495
10178	0.0001465210726
10179	2.45355835e-05
10180	0.0008388680301
10181	0.0006849076579
10182	0.0002767904857
10183	0.0002053120519
10184	0.0001856693938
10185	0.0002185145701
10186	0.0005358248797
10187	0.0005687708211
10188	0.0004686861338
10189	0.00104467719
10190	0.003117340609
10191	0.003049120721
10192	0.0008787255194
10193	0.001571518531
10194	0.0009214947444
10195	0.003136465422
10196	0.002260650117
10197	0.001128808048
10198	0.00365421149
10199	0.002437570259
10200	0.0008154600386
10201	0.001894098544
10202	0.001059325611
10203	0.0002094549868
10204	0.001317512929
10205	0.001236197435
10206	4.588291456e-05
10207	1.069004073e-06
10208	0.001070731837
10209	0.003348952181
10210	0.0004545759555
10211	0.001246421297
10212	0.0003521177825
10213	0.001059895665
10214	0.004223060814
10215	0.0008801999402
10216	0.0001697151539
10217	0.002202981412
10218	0.002643116912
10219	0.001238103652
10220	0.001646291741
10221	0.001643175802
10222	0.005061847797
10223	0.0006374924859
10224	0.0009152909807
10225	8.436492943e-05
10226	0.003922566219
10227	0.00639307749
10228	0.0002285940664
10229	0.001174413159
10230	0.0008791577095
10231	0.0003948710684
10232	0.0006316592824
10233	0.0008703501233
10234	0.003645759528
10235	0.0006632587713
10236	0.0007698986839
10237	0.0001774846499
10238	0.0003528048596
10239	0.0006939142109
10240	0.0001407449378
10241	0.0006702461734
10242	0.0006818052729
10243	0.0003611244275
10244	0.0005568408523
10245	0.000251096869
10246	0.0005353769475
10247	0.0005681175975
10248	0.001060861876
10249	0.00100638674
10250	0.0001508493983
10251	0.002452294559
10252	0.0003968012559
10253	0.000761922689
10254	0.001734126041
10255	0.0009805015648
10256	0.001004661497
10257	0.0008546570787
10258	0.0002360664699
10259	0.001269303119
10260	0.002025851299
10261	0.002011839961
10262	0.001263154197
10263	0.001354592188
10264	0.002584833699
10265	0.0001529504302
10266	0.001493381547
10267	0.002246661401
10268	0.0004903042982
10269	0.0002355162815
10270	0.0004193990487
10271	0.005779407575
10272	0.0007231115395
10273	0.002213657966
10274	0.001026180517
10275	6.834456546e-05
10276	2.551999054e-05
10277	0.002976240923
10278	0.003951860247
10279	0.0003645519306
10280	0.009412041975
10281	0.005075538301
10282	0.0007957575358
10283	0.0001896666636
10284	0.002399297199
10285	0.002638667449
10286	0.006765749056
10287	0.001756789291
10288	0.003455643583
10289	0.0003672380962
10290	0.002426039691
10291	0.0008138601708
10292	0.0007974808212
10293	0.003316102607
10294	0.005185676507
10295	0.0002987120599
10296	0.0002106718733
10297	0.0003525497557
10298	0.0006931514445
10299	0.0003201510885
10300	0.0004305580516
10301	0.0002610840569
10302	0.0003118872217
10303	0.0002996421715
10304	0.0001239266482
10305	7.755668475e-05
10306	0.0003682506123
10307	0.0009747734565
10308	3.996429455e-05
10309	0.0001948317309
10310	0.001819395839
10311	0.001668720801
10312	0.0009862851216
10313	0.0007504209717
10314	0.0006960544614
10315	0.001047122311
10316	0.001017372665
10317	0.005801631403
10318	0.0008027640846
10319	0.001861207586
10320	0.003548206487
10321	0.002006301884
10322	0.003194130401
10323	0.000404080808
10324	0.0002673600976
10325	0.0004616487834
10326	0.00219662464
10327	0.007839528328
10328	8.173972405e-05
10329	0.0003548546554
10330	0.0006496502456
10331	0.001675515519
10332	0.001455250864
10333	0.0001979834853
10334	0.0003768898925
10335	0.0001553601751
10336	0.003413128234
10337	0.0007724546138
10338	0.003659520108
10339	0.001005333395
10340	0.004329180128
10341	0.007010434226
10342	2.733738399e-05
10343	0.001725261955
10344	0.0009438681037
10345	0.0006154921391
10346	0.0007696333499
10347	0.0002744053072
10348	0.0001564218517
10349	7.242172007e-05
10350	0.0005957714183
10351	0.0002436793044
10352	0.0007331839167
10353	0.00078583979
10354	0.0003643864397
10355	0.0001687795824
10356	0.0006930291533
10357	0.0003629537437
10358	0.0007871824796
10359	0.001971707699
10360	0.0003570870605
10361	0.001095903502
10362	5.784904026e-06
10363	0.0008875774854
10364	0.0009184664028
10365	0.0004280765328
10366	0.0003448777379
10367	0.0005033037394
10368	0.0006213385707
10369	0.003132145208
10370	0.001603284994
10371	0.00169690041
10372	0.001098590292
10373	0.0003589255111
10374	0.005382616298
10375	0.005335787857
10376	0.0007056938289
10377	0.0005448463272
10378	0.0009156987065
10379	0.0003973358343
10380	0.0003283111851
10381	0.001307462634
10382	9.559662645e-05
10383	0.0005403236531
10384	0.0004841779838
10385	6.830436948e-05
10386	0.0004210159913
10387	0.0002767829968
10388	0.002976229519
10389	0.0007610806658
10390	0.0002651976855
10391	0.002049857799
10392	0.0002500657453
10393	0.002126103116
10394	0.0002014882717
10395	0.003168129573
10396	0.001479168017
10397	0.0002789529844
10398	0.001351480751
10399	0.003686980334
10400	0.001118236153
10401	0.002214609166
10402	0.0022025555
10403	0.0004613729224
10404	0.002462265414
10405	0.0005546331781
10406	0.003106532503
10407	0.0009572464824
10408	0.006678325928
10409	0.003666043095
10410	0.002057389173
10411	0.002610220521
10412	0.004567671059
10413	0.002967976612
10414	0.001450448986
10415	0.00350356357
10416	0.0001027882034
10417	0.005500670127
10418	0.001821677915
10419	0.002065933351
10420	0.001393991512
10421	0.002059764641
10422	0.001376174545
10423	0.001858102133
10424	0.001574887886
10425	0.003380791148
10426	0.0003958586073
10427	0.002102444125
10428	0.002086336432
10429	0.003883612369
10430	0.0001074325073
10431	0.001158707335
10432	0.0001117343801
10433	0.002563089768
10434	0.005492663936
10435	0.002713210526
10436	0.0004503739187
10437	0.001425950282
10438	0.0003270745319
10439	0.0001618214511
10440	0.0001009066284
10441	0.002359633817
10442	0.002908691243
10443	0.005214421094
10444	0.002066309268
10445	0.00161190887
10446	9.430677315e-05
10447	0.002035183257
10448	0.00449840484
10449	0.0004491937581
10450	0.001245365481
10451	0.00269990155
10452	0.0008007917283
10453	0.002088194441
10454	0.002255220676
10455	0.003892388351
10456	0.002111662114
10457	0.004543090643
10458	0.001436221776
10459	0.00115698119
10460	0.0002299875572
10461	0.002353393108
10462	0.00427843503
10463	0.0009751662467
10464	0.003385990073
10465	0.005321224827
10466	0.003846139339
10467	0.001169864963
10468	0.004828940522
10469	0.004072182062
10470	3.394649199e-06
10471	0.0003278088895
10472	0.0001394716711
10473	0.0006476555754
10474	0.0003449629698
10475	0.002098974738
10476	0.002741320571
10477	0.000428697079
10478	0.0006541545408
10479	0.0001003754462
10480	0.004829180452
10481	0.001640380563
10482	0.0005283854645
10483	0.002381669888
10484	0.0005649545386
10485	0.00108938213
10486	0.00369408387
10487	0.0021865059
10488	0.005397814556
10489	0.004037912996
10490	0.00175463692
10491	0.001568535038
10492	0.001755454365
10493	0.002837152653
10494	0.0004429524805
10495	0.001770031157
10496	0.001093231699
10497	0.0006338897032
10498	0.002792832184
10499	0.004363026389
10500	0.002570828928
10501	0.001941739022
10502	0.001511836647
10503	0.003698876426
10504	0.002747925748
10505	0.003177005146
10506	0.006804641369
10507	0.001129399057
10508	0.003893449575
10509	0.003022317838
10510	0.001922567452
10511	0.001434053285
10512	0.001558907235
10513	0.0008489558232
10514	0.002580350922
10515	0.002180850776
10516	0.005287048198
10517	0.00237807896
10518	9.661737951e-06
10519	0.002233330786
10520	0.000263681748
10521	0.001093373381
10522	8.766423754e-05
10523	2.084225998e-05
10524	0.00190095083
10525	0.0004528350288
10526	0.0005095716468
10527	0.0006352684093
10528	0.0004371049547
10529	0.000712141689
10530	0.001516617364
10531	7.687382964e-05
10532	0.001012298451
10533	0.00386043088
10534	0.003606555312
10535	0.0009881403724
10536	0.0019212763
10537	0.002387538584
10538	0.002071596755
10539	0.004036879842
10540	0.001199734501
10541	0.000831182177
10542	0.0001913020434
10543	0.000314491816
10544	0.004541876636
10545	0.003263614391
10546	0.0001791171505
10547	0.004366011252
10548	0.0041111047
10549	0.00317399669
10550	0.000524836123
10551	0.0007446463632
10552	0.00201498693
10553	0.003027636916
10554	0.003406848878
10555	6.029169455e-05
10556	0.001264606031
10557	0.001696779833
10558	0.001980872797
10559	2.676146541e-05
10560	6.057996561e-05
10561	0.001898902084
10562	0.0006413791172
10563	0.0002724686628
10564	0.001431841633
10565	0.002903162205
10566	0.002864534705
10567	0.004178704751
10568	0.00169723025
10569	0.00511599746
10570	0.00345801522
10571	0.001478394162
10572	0.003245853228
10573	0.0005606954527
10574	0.001109031178
10575	0.003555263959
10576	0.0033080029
10577	0.0005449187779
10578	0.003567534982
10579	0.002627275381
10580	0.0004858988694
10581	0.00361447111
10582	0.0007313745361
10583	0.0006861738798
10584	0.004086437682
10585	0.0001140279251
10586	0.0003637608715
10587	0.004494558337
10588	0.0005763818706
10589	0.001891180078
10590	0.0008917646647
10591	0.00516426369
10592	0.001169902043
10593	0.0001704972063
10594	0.003747796094
10595	0.002488490203
10596	0.002315352089
10597	0.0005141118046
10598	0.004955912148
10599	0.002394492908
10600	0.0009700261705
10601	0.0006439795897
10602	0.008295146286
10603	0.00156302575
10604	0.003379432866
10605	0.0001863571456
10606	0.003055381466
10607	0.001794958681
10608	0.000520414522
10609	0.001892578439
10610	0.0003249487745
10611	0.0009156075719
10612	0.002769858887
10613	0.001843946029
10614	0.0001585573338
10615	0.0006129719837
10616	0.001588808763
10617	0.000849655636
10618	0.002887982959
10619	0.002427284905
10620	0.00357461101
10621	0.001666829404
10622	0.0005242634847
10623	0.005824548977
10624	0.00171574409
10625	0.002950334905
10626	0.001924917269
10627	0.001433543566
10628	0.002323819221
10629	0.001368948744
10630	0.001772979958
10631	0.00080543937
10632	0.001103516474
10633	0.002565331163
10634	0.002534739196
10635	0.0005977490268
10636	0.001147363448
10637	0.003622941943
10638	0.002669310112
10639	0.001337237045
10640	0.004022648052
10641	0.003337724518
10642	0.0006571094751
10643	0.0008149904507
10644	0.000420095333
10645	0.003685303507
10646	0.0005250383896
10647	0.0001406115165
10648	0.0008480315488
10649	0.001342590399
10650	0.001516094861
10651	0.0007585809175
10652	0.0003493905936
10653	0.002091702349
10654	0.001108764534
10655	0.001292489968
10656	1.20608001e-05
10657	0.007162093594
10658	0.0003260963273
10659	0.0003871913141
10660	0.001209806502
10661	0.001292102204
10662	0.002198829215
10663	0.0008188638561
10664	0.004840111413
10665	0.002260744845
10666	0.0001446414264
10667	0.0001172557025
10668	0.00386155529
10669	0.0002265506045
10670	0.001049274057
10671	0.002836063204
10672	0.001443584668
10673	0.001792490014
10674	0.003072198929
10675	0.0006099762404
10676	0.0006278583069
10677	0.003115716808
10678	0.003193608023
10679	0.0002007362075
10680	0.001365984662
10681	2.645428006e-05
10682	0.0006138258663
10683	0.0006767398679
10684	0.0001086112318
10685	0.002128892608
10686	0.001818733639
10687	0.000875354876
10688	0.0005198759375
10689	0.0001806928988
10690	0.0005452104409
10691	0.001097070441
10692	0.005165917635
10693	5.615409799e-05
10694	0.001415717904
10695	1.427734266e-05
10696	0.002423710812
10697	0.0005368582176
10698	0.003222923074
10699	0.0003351128206
10700	0.00101079569
10701	0.0004380699383
10702	0.002219663502
10703	0.001810321356
10704	0.002578114505
10705	0.0022307136
10706	0.001413721469
10707	0.002220149899
10708	0.004441206558
10709	2.269190096e-05
10710	0.0009692036122
10711	0.002155052371
10712	0.0006177522376
10713	0.005622410113
10714	0.002100950405
10715	0.0006149878464
10716	0.002782367146
10717	0.0003033189295
10718	0.007541117185
10719	0.0005096935905
10720	0.002750077816
10721	0.0009049153372
10722	0.002008079769
10723	0.005643272666
10724	0.005091798369
10725	3.260572781e-05
10726	0.001078227578
10727	0.00607547567
10728	0.001439620645
10729	0.0003410881892
10730	0.004542555917
10731	0.008987654604
10732	0.004703972812
10733	0.0006047755179
10734	0.0008777273481
10735	0.004895021791
10736	0.001581789096
10737	0.0003008774977
10738	0.003624204138
10739	0.0003279403361
10740	0.0004716065975
10741	0.002265436358
10742	0.001502481836
10743	0.000966289274
10744	0.0004840886602
10745	0.00121483991
10746	0.004772691998
10747	0.004352629804
10748	0.00237020678
10749	0.003966673808
10750	0.001120620423
10751	0.000856321059
10752	0.002114819285
10753	0.002764871815
10754	0.004583016647
10755	0.0006786610106
10756	0.001610889779
10757	0.002197523281
10758	0.0001965369216
10759	0.001697443809
10760	0.00126718933
10761	0.00348498929
10762	0.0001782398069
10763	0.0001495612505
10764	0.000438718996
10765	0.004428619848
10766	0.0005478670654
10767	0.001400883686
10768	0.00134399923
10769	0.003360802384
10770	0.00317383898
10771	6.504851583e-05
10772	0.001116086979
10773	0.002001325146
10774	0.002673047382
10775	0.001832175343
10776	0.000295364368
10777	0.005208206466
10778	0.000159100748
10779	0.0004328118494
10780	0.0008844946412
10781	0.003241148241
10782	0.0004942445915
10783	0.00120469761
10784	0.0003574585125
10785	0.001858782006
10786	0.003794301676
10787	0.003444915566
10788	0.004819436768
10789	0.003901476145
10790	0.001357193686
10791	0.001787838619
10792	0.001626152051
10793	0.002006503752
10794	0.00270380051
10795	0.002266067215
10796	0.001412437915
10797	0.0001623488278
10798	0.0003695414133
10799	0.0001296915949
10800	9.786719143e-05
10801	1.782314842e-05
10802	0.000308202686
10803	0.001672040842
10804	0.0003654559189
10805	0.0005238180779
10806	0.0001144611189
10807	0.002547999446
10808	0.001673820355
10809	0.004457704266
10810	0.003671547182
10811	0.0006263504718
10812	0.00475561932
10813	0.00163279897
10814	8.419902103e-06
10815	7.283288109e-05
10816	0.000104227427
10817	4.854559415e-06
10818	0.0003407946765
10819	8.117993681e-05
10820	0.000350117634
10821	0.0004760177237
10822	0.001058727852
10823	0.0007161646333
10824	0.0006034287971
10825	0.0007853377737
10826	0.0003580370703
10827	0.001099409097
10828	0.0008396258045
10829	0.0002405181659
10830	0.0008751667091
10831	0.0007010349861
10832	0.001174684386
10833	7.302113381e-05
10834	0.002488092532
10835	0.001168188553
10836	0.006003735411
10837	0.001195381033
10838	0.0007961709953
10839	0.0001566747978
10840	0.002186567968
10841	0.001938884198
10842	0.006547760379
10843	0.001231929083
10844	0.0006850796756
10845	0.000495456778
10846	0.001913007066
10847	0.001708908834
10848	0.0008617317334
10849	5.817406748e-05
10850	0.0007224369248
10851	0.002018830902
10852	0.005822910292
10853	0.0006728100163
10854	0.001394381639
10855	0.001301232326
10856	0.0005617130355
10857	0.002715107599
10858	0.0001627325567
10859	0.001362499461
10860	0.003994933385
10861	0.002600579236
10862	0.0006598670246
10863	0.0005933879471
10864	0.0006309704617
10865	0.002982216425
10866	0.001534454661
10867	0.001010635705
10868	8.947128793e-05
10869	0.003408913908
10870	0.0001579117605
10871	0.002880099438
10872	0.002033092721
10873	0.000525708015
10874	0.001121299526
10875	0.006662269155
10876	0.01038543728
10877	0.003906433884
10878	0.003934157232
10879	0.003219004986
10880	0.003221876331
10881	0.001066528139
10882	0.001017487609
10883	0.001857037856
10884	0.005097106868
10885	0.004167800269
10886	0.002339689403
10887	0.001985430203
10888	0.0004493972526
10889	0.001133624829
10890	0.004063344299
10891	0.001260506731
10892	0.001687752342
10893	0.001560519967
10894	0.001541657661
10895	0.001649828891
10896	0.0009774619411
10897	0.0008856141101
10898	0.00312436849
10899	0.001481172864
10900	0.002318506953
10901	0.001134149659
10902	0.005776933586
10903	0.003769782741
10904	0.0009898777436
10905	0.004525773915
10906	0.0009386615086
10907	0.003950659925
10908	0.0002989250341
10909	0.001069195699
10910	0.003452611376
10911	0.003644166377
10912	0.002057224963
10913	0.005012838051
10914	0.001458242617
10915	0.001229916021
10916	0.0008425915123
10917	0.002877803619
10918	0.0005077349751
10919	0.002534017311
10920	0.005123142694
10921	0.01029521937
10922	0.001050638497
10923	0.007472511154
10924	0.002420666586
10925	7.675843974e-05
10926	0.003633118985
10927	0.00187244619
10928	0.004535670692
10929	0.003656480477
10930	0.0009251504915
10931	0.0007640448639
10932	0.0007416536098
10933	0.0003785403901
10934	0.0006800545732
10935	0.000793208799
10936	0.001359189586
10937	0.001905209956
10938	0.0030097267
10939	0.0006490656806
10940	0.000203516816
10941	0.0008832861288
10942	0.002483358785
10943	6.915638428e-05
10944	0.002398233699
10945	0.002363803961
10946	0.002628593955
10947	0.0003349427914
10948	0.000730194581
10949	3.327130007e-05
10950	3.286494515e-05
10951	0.0003896222365
10952	0.003383562472
10953	0.005702982247
10954	0.0001960232565
10955	0.002128613822
10956	0.001961313544
10957	0.0002573590885
10958	0.0006809072811
10959	0.0008520296267
10960	0.008407383173
10961	0.002614644215
10962	0.0115401922
10963	0.001425708284
10964	0.007043966313
10965	0.005644369772
10966	0.003593049661
10967	0.005884230652
10968	0.001208022837
10969	0.0001741243592
10970	0.0004009406144
10971	0.0001216765634
10972	0.0001261494655
10973	0.005518849981
10974	0.0002945399442
10975	0.004884979982
10976	0.003739865773
10977	0.004490501618
10978	0.008101216509
10979	0.00183936933
10980	0.002338598503
10981	0.004805050959
10982	4.93639192e-05
10983	0.001281929463
10984	0.00118268669
10985	0.002983761057
10986	0.005405479765
10987	0.002404910673
10988	0.002884592907
10989	0.001328006726
10990	0.005161387465
10991	0.00198898156
10992	0.0004064694339
10993	0.0002355124204
10994	0.00113432303
10995	0.001904404293
10996	0.003656023201
10997	0.002270849263
10998	0.00356482285
10999	0.001715702878
11000	0.003011589109
11001	0.0007919542206
11002	0.0005055126487
11003	0.0008217651797
11004	0.004945375587
11005	0.0001816053208
11006	0.0001295947244
11007	0.0004104202431
11008	0.00316807332
11009	0.005204799924
11010	3.85263107e-05
11011	0.0005280028848
11012	0.0002965301388
11013	0.001049052411
11014	0.0002861470914
11015	0.002129275949
11016	0.0006116213689
11017	0.002362161141
11018	0.001661250025
11019	0.005175205677
11020	0.001110632915
11021	1.462971824e-05
11022	0.0004416055473
11023	0.00102722751
11024	0.003686387032
11025	0.0006260962677
11026	0.0005076596702
11027	0.0003085714538
11028	0.004345598929
11029	0.006162298187
11030	0.0009012435222
11031	0.000686855539
11032	0.001583583961
11033	0.0003381536385
11034	0.001006383698
11035	0.0006155341546
11036	0.001684174178
11037	0.0008915081993
11038	0.000621904167
11039	0.0005344718468
11040	0.0005996460785
11041	0.001617209278
11042	0.0003711712522
11043	0.000355063551
11044	0.0008885963523
11045	0.0007257692665
11046	0.001485182089
11047	0.001199912939
11048	0.0002242669692
11049	0.005817080014
11050	0.0004734391923
11051	0.0001240801116
11052	0.001160536515
11053	0.0002432571018
11054	0.002175743276
11055	0.002026148408
11056	0.0005357937796
11057	7.602188514e-05
11058	0.004605474657
11059	0.0003454100785
11060	0.0002167182834
11061	0.0004438852588
11062	0.0003242752656
11063	0.0006530128283
11064	0.001353326426
11065	0.0001979221703
11066	0.00134324238
11067	0.000961865869
11068	0.002127589932
11069	0.0005770929929
11070	0.00132945519
11071	0.0004210340083
11072	0.002804694708
11073	0.0008967705223
11074	0.001891571603
11075	0.00159013613
11076	0.002931604927
11077	0.001708653268
11078	0.0002641087693
11079	0.004122891105
11080	0.0005035138972
11081	0.0005138924012
11082	0.0007134486232
11083	7.545712026e-05
11084	0.0002043218393
11085	0.0003451414137
11086	0.001029479653
11087	8.595155086e-05
11088	0.008007689933
11089	5.438572846e-05
11090	0.001086266049
11091	0.001553435663
11092	0.004749698698
11093	0.0003444595216
11094	0.002238859904
11095	0.0005335693393
11096	0.0004114719832
11097	8.833409356e-05
11098	0.001186259241
11099	0.002445821132
11100	0.000311813484
11101	1.167071385e-05
11102	0.0004313157241
11103	0.001809204713
11104	0.002138198968
11105	0.0006522098527
11106	0.001782612732
11107	0.0005779185359
11108	0.001375420916
11109	0.002768373145
11110	0.0002996935325
11111	0.00041093436
11112	0.001954156657
11113	0.001383560903
11114	0.002691290766
11115	0.001045776264
11116	0.002993009212
11117	0.001758114274
11118	0.003821044274
11119	0.0005437978091
11120	0.0005085529922
11121	0.0005964982806
11122	0.000532688484
11123	0.0007919896329
11124	0.0003371708216
11125	0.0006908695648
11126	0.001357223332
11127	0.002227610874
11128	0.008242469079
11129	0.003999049602
11130	0.004924669932
11131	0.002252522974
11132	0.005318732541
11133	0.001571984749
11134	0.007634247577
11135	0.005581918202
11136	0.002540791657
11137	0.005140929313
11138	0.0007386642316
11139	0.003530063433
11140	0.001368048736
11141	0.009156607734
11142	0.001143043174
11143	0.003611533449
11144	0.0006947701755
11145	0.003924442997
11146	0.00208606032
11147	0.00273894891
11148	0.001029151508
11149	0.004376315499
11150	0.0002712716635
11151	0.0003884316564
11152	0.003830347344
11153	2.771081791e-05
11154	0.001647674415
11155	0.001178512009
11156	0.001139148014
11157	0.0008878990828
11158	0.001586729965
11159	0.005320079647
11160	0.002401349571
11161	0.0002178598366
11162	0.0004003947609
11163	0.001839902882
11164	0.0009433726434
11165	0.006391355215
11166	0.001838640687
11167	0.001680582568
11168	0.001387190998
11169	0.001910408378
11170	0.000806344626
11171	0.0001310082856
11172	0.003087243706
11173	0.0007797537206
11174	0.002694010265
11175	0.002190556941
11176	0.001757758788
11177	0.002264306136
11178	0.00353339335
11179	0.00144941953
11180	0.00317105551
11181	0.006467095123
11182	0.0009719571264
11183	0.0002852719797
11184	0.0003757816551
11185	0.005655448245
11186	0.003962511429
11187	0.0006766313721
11188	0.002516943856
11189	0.004760223626
11190	0.0005424413639
11191	0.0001091895139
11192	0.0005082913367
11193	0.0006209925675
11194	0.001113857219
11195	0.0003971349939
11196	0.00125463066
11197	0.001344515397
11198	0.0003589519116
11199	0.0009093323567
11200	0.001085714494
11201	0.0001199982764
11202	0.001584056639
11203	0.00203401783
11204	0.003009241913
11205	0.001656320534
11206	0.0004393740908
11207	0.003077247116
11208	0.0005706390659
11209	0.002138505122
11210	0.00370178806
11211	0.001012228333
11212	0.0007345329445
11213	0.000511962613
11214	0.00107266524
11215	0.001603628186
11216	0.003455046738
11217	0.0008855794251
11218	3.573528417e-05
11219	0.0006495265297
11220	0.001849130301
11221	0.00163755991
11222	0.002471614206
11223	0.004866055001
11224	0.00100447502
11225	0.006041508589
11226	0.005626835463
11227	0.000119278458
11228	0.0006180342312
11229	0.0001334803129
11230	0.001883899844
11231	0.001348294926
11232	0.003373586168
11233	0.0008321853445
11234	0.002129827015
11235	0.004132691674
11236	0.004070755944
11237	0.004420022071
11238	0.0008424104974
11239	0.006168922729
11240	0.0002442579321
11241	0.0009436123105
11242	0.001785692768
11243	0.00258829022
11244	0.006135941289
11245	0.001530495
11246	0.0004337746088
11247	0.0005955200137
11248	0.005522518524
11249	0.0003775099761
11250	0.0005904021412
11251	0.000221199025
11252	6.30448608e-05
11253	0.001509243963
11254	0.000177129116
11255	0.0006639701205
11256	0.0001330661505
11257	0.0008645551794
11258	0.0006186176
11259	0.0009003122361
11260	0.00169854857
11261	0.002923282488
11262	0.0005937007881
11263	0.004808453742
11264	0.001480999856
11265	0.001011877768
11266	0.001727850961
11267	0.0003807846191
11268	0.003747776581
11269	0.0002167257766
11270	0.0006573568727
11271	0.001806926193
11272	0.0004476312239
11273	0.0001338021671
11274	0.002871039634
11275	8.258809194e-06
11276	0.004480608278
11277	0.0001748471359
11278	0.001429029158
11279	0.0006355912085
11280	0.004377807799
11281	0.002126574775
11282	0.001460044398
11283	0.001066388897
11284	0.002713849468
11285	0.001079370459
11286	0.001314159769
11287	0.001164938576
11288	0.0001386626212
11289	0.0004158915707
11290	0.0005416515905
11291	2.809754089e-05
11292	5.727684346e-05
11293	0.002816744838
11294	0.0004161671286
11295	0.0006717301665
11296	0.0009596596558
11297	0.002622623061
11298	0.0004798673686
11299	0.00352471978
11300	0.001954938816
11301	0.0004268902824
11302	0.0008214734889
11303	0.0004110550297
11304	2.16091771e-05
11305	0.0008853061272
11306	0.000337321988
11307	0.0001258123019
11308	1.325734973e-05
11309	0.0008120657224
11310	0
11311	0.0005131821013
11312	0.001948434683
11313	0.001705703803
11314	0.0006967095295
11315	0.0005034975085
11316	0.0003212767301
11317	0.0008657737403
11318	0.01011436987
11319	0.007177502147
11320	0.00831395045
11321	0.005396515246
11322	0.001476925985
11323	0.006575936696
11324	0.003542837784
11325	0.005868539517
11326	0.001686985741
11327	0.0002430267226
11328	0.001443202376
11329	0.0007494473833
11330	0.002737603622
11331	0.0008223692268
11332	0.0003343906577
11333	0.002160420977
11334	0.001668301153
11335	0.0054585633
11336	2.924784831e-05
11337	0.0007706044732
11338	0.001716313798
11339	0.001167279246
11340	0.002712599683
11341	0.002990815526
11342	0.003334824293
11343	0.0003423460528
11344	0.004314897105
11345	0.001070149703
11346	0.004994634443
11347	0.002702195128
11348	4.37606143e-05
11349	0.00169035929
11350	0.000649415274
11351	0.0006479056225
11352	0.0008490208788
11353	0.002571303686
11354	0.0006371555441
11355	0.0003076320323
11356	0.0008544204529
11357	0.0004282045697
11358	0.00108943739
11359	0.0007663980865
11360	0.001905327589
11361	0.00197249568
11362	0.000352898188
11363	0.002767960518
11364	0.005605388392
11365	0.002202137631
11366	0.000669786271
11367	0.001656748679
11368	0.00177498984
11369	0.0007468626595
11370	0.00288996519
11371	0.0004579766516
11372	0.004657874192
11373	0.002488636443
11374	0.006275237222
11375	0.004430390844
11376	0.002781687077
11377	0.0009037035587
11378	0.0001240468431
11379	0.003241455745
11380	0.002746553884
11381	0.0009427992069
11382	0.002472013377
11383	0.0004346269046
11384	0.001443171282
11385	0.005434142989
11386	0.0002008276175
11387	0.000316560191
11388	0.000258529007
11389	0.002925300264
11390	0.001007080098
11391	0.0001844214695
11392	0.002657090611
11393	0.0034869648
11394	0.001633446013
11395	0.001074027326
11396	0.001566578691
11397	0.00268495194
11398	0.0009443422912
11399	0.00271613799
11400	0.0001723803069
11401	0.001453794984
11402	0.0003434173061
11403	0.0009919704744
11404	0.001497635588
11405	0.0009166710122
11406	0.003474031133
11407	0.0002633094312
11408	0.001706830492
11409	0.001917226959
11410	0.005423798444
11411	0.00966400745
11412	0.002782067169
11413	0.003533308706
11414	0.00144297887
11415	0.002363194933
11416	0.00599408366
11417	0.0001831584684
11418	0.001645211641
11419	0.0008172460601
11420	3.178940641e-05
11421	0.001806964563
11422	0.001972514142
11423	0.0001394128902
11424	0.001195715576
11425	0.002531403968
11426	0.0001162734869
11427	0.002371923033
11428	0.0009933044322
11429	0.003738277388
11430	0.002224271384
11431	0.0008392885907
11432	0.002508620255
11433	0.0007166493957
11434	0.001732016321
11435	0.005308681425
11436	0.0004584666512
11437	0.0008942969904
11438	4.56474368e-06
11439	0.0005046228812
11440	0.000208430465
11441	0.006423388648
11442	0.001378997096
11443	0.007518700688
11444	3.398227616e-05
11445	0.0004939737739
11446	0.001900267094
11447	0.001366145874
11448	0.002468755245
11449	0.0006051251493
11450	0.001829506052
11451	0.001325590007
11452	0.002955518881
11453	0.002890767408
11454	0.001030444826
11455	0.001368925421
11456	0.0005993907068
11457	0.003549725114
11458	0.0005431409481
11459	0.0006566786535
11460	0.0002428069174
11461	0.002299541571
11462	0.0007905816776
11463	0.00124370328
11464	0.00485202008
11465	0.0008704144712
11466	0.0005480167311
11467	0.0004980039363
11468	0.004531592436
11469	0.0004959430878
11470	0.002808065347
11471	0.0001286700707
11472	0.001566363411
11473	0.001770415277
11474	0.0006977543339
11475	4.632631e-06
11476	0.005377567649
11477	0.001673628366
11478	0.002019970519
11479	0.006287615473
11480	0.003201346751
11481	0.003998046616
11482	0.0001830508977
11483	0.0002410917426
11484	0.004205324668
11485	0.002267303129
11486	0.002741270673
11487	0.0001339752318
11488	0.0005131021354
11489	0.001401569408
11490	0.0007491995995
11491	0.0009931825771
11492	0.0006172515419
11493	0.0007049791532
11494	0.00694269664
11495	0.001170552101
11496	0.004135112653
11497	0.0007334931705
11498	0.0009620925256
11499	0.0006678651231
11500	0.0005629032788
11501	0.0002466401688
11502	0.004637711456
11503	1.701437656e-05
11504	0.001986606801
11505	0.001950417732
11506	0.002500425739
11507	0.002204485519
11508	0.001757488895
11509	0.003592164571
11510	0.002249109234
11511	0.0003984857365
11512	2.183321577e-05
11513	0.0006152489608
11514	0.002280010717
11515	0.001472130833
11516	0.004056490443
11517	0.00333317274
11518	0.003508611083
11519	0.001157799483
11520	0.0009176016482
11521	0.0029997702
11522	0.002037064088
11523	0.001577825246
11524	0.0005871217349
11525	0.004245347876
11526	6.28762469e-05
11527	0.0003761093022
11528	0.003856254443
11529	0.0008653925064
11530	0.002062828876
11531	0.002219938693
11532	4.723004363e-05
11533	0.00388929875
11534	0.002765809377
11535	0.002402864954
11536	0.002861531944
11537	0.0003236369565
11538	0.002188587002
11539	0.001502768991
11540	0.0009979007592
11541	0.006817866103
11542	0.002945257312
11543	0.0008191144934
11544	0.004284489888
11545	0.007298747394
11546	0.002161002943
11547	0.003517181066
11548	0.002663131051
11549	0.002556290133
11550	0.004929628162
11551	0.00116336794
11552	0.00039685783
11553	0.002909449272
11554	0.0003998694475
11555	0.001803223386
11556	0.00352107491
11557	0.003585014302
11558	0.0011933848
11559	0.003146777262
11560	0.001148677772
11561	0.0005512485827
11562	0.004434854116
11563	0.001755714259
11564	0.0002247009622
11565	0.001389460437
11566	0.0008392342976
11567	0.001645161009
11568	0.00159017908
11569	0.0008288892063
11570	0.002776845227
11571	0.0001121379275
11572	0.0005124179452
11573	0.003450399783
11574	0.001464204292
11575	0.0005007303894
11576	0.003229364707
11577	0.0001009608099
11578	0.00202271013
11579	0.0005141870664
11580	0.003908322886
11581	0.001248898319
11582	0.001419688791
11583	0.005091369292
11584	0.001083395353
11585	0.004189829166
11586	0.003446274432
11587	0.005021501167
11588	0.005541331938
11589	0.0005836687941
11590	0.001304376767
11591	0.0002162234921
11592	0.004531007553
11593	0.002587508806
11594	0.003216405941
11595	0.0003556541234
11596	0.001951247013
11597	0.001304904218
11598	0.008636900492
11599	0.0009672544754
11600	0.001523243241
11601	0.003475473036
11602	0.005053103836
11603	0.003066707311
11604	0.0011739864
11605	4.466321128e-05
11606	0.007598176561
11607	0.0006261093694
11608	0.001092398897
11609	0.0008187025977
11610	0.002810635329
11611	6.477793142e-05
11612	0.001138924855
11613	0.002379100409
11614	0.002890620817
11615	0.001490381901
11616	0.0002917960372
11617	0.003523417574
11618	0.001678865808
11619	0.0004590661033
11620	0.0005358910301
11621	0.003035231258
11622	4.001383574e-05
11623	0.0007716913451
11624	0.003341230993
11625	0.003772913722
11626	0.0001625155423
11627	1.268547992e-05
11628	0.001658590674
11629	9.466565249e-05
11630	0.005110539305
11631	0.005656082905
11632	0.002121044227
11633	0.005686742738
11634	0.001294266695
11635	0.00204233652
11636	0.001770584004
11637	0.0006914406468
11638	0.002024679531
11639	0.002737599637
11640	0.0006479862027
11641	0.0002624583818
11642	0.0004989836947
11643	2.308851102e-05
11644	2.361388973e-05
11645	7.42858209e-06
11646	0.0002119243517
11647	0.002162035211
11648	0.000105110941
11649	0.003650487821
11650	0.0001333240803
11651	0.000360027449
11652	0.0007648856603
11653	0.0009581050827
11654	2.822377746e-05
11655	0.0003360845689
11656	0.0004209627578
11657	0.003878127285
11658	0.0007335118817
11659	0.0003899001969
11660	5.289558764e-05
11661	6.114868523e-05
11662	0.0001998429637
11663	0.005106297015
11664	0.0004780722135
11665	0.003764601086
11666	0.002093757229
11667	0.002148519406
11668	0.002066981171
11669	0.0005657771273
11670	0.003039729448
11671	0.0007559361667
11672	0
11673	0.003332522221
11674	0.006534896199
11675	0.003156987346
11676	0.00697557332
11677	0.003866213268
11678	0.004942139815
11679	0.003945879082
11680	0.002861784265
11681	0.001596439552
11682	0.0004064279927
11683	0.00367790615
11684	0.003965910436
11685	9.96167052e-06
11686	0.002962222717
11687	0.002365886013
11688	5.55289114e-05
11689	0.001405340504
11690	0.000873038607
11691	0.0003756169162
11692	7.258447275e-05
11693	0.004109275044
11694	0.0009488330573
11695	0.004620981996
11696	0.0002932136423
11697	0.002454074293
11698	0.004768763804
11699	0.001658169827
11700	0.001576554842
11701	0.00133437671
11702	0.00192689563
11703	0.0001043385446
11704	0.0004378243843
11705	0.001017787648
11706	0.0002477709037
11707	0.003162841466
11708	0.002999603086
11709	0.003310856561
11710	0.004373259022
11711	0.004184353814
11712	0.006452187459
11713	0.006117082756
11714	0.0009664099763
11715	0.004358424191
11716	0.0007920529729
11717	0.003015777977
11718	0.001833754563
11719	8.284660931e-05
11720	0.0002279474021
11721	0.0001041924656
11722	0.002225818616
11723	0.007345663618
11724	0.001262396647
11725	0.0007801949385
11726	0.0004893892095
11727	0.001646557971
11728	0.0002100931984
11729	8.307961272e-05
11730	0.0005635946355
11731	0.00302505424
11732	0.0005740322798
11733	0.001899549648
11734	0.0005502222465
11735	0.004474995185
11736	0.0004590638515
11737	0.0007439968841
11738	2.997769186e-05
11739	3.87251536e-05
11740	0.001797086001
11741	0.000154369815
11742	0.0003490506474
11743	0.0001516383358
11744	0.001072705642
11745	0.007392335098
11746	0.0004905887695
11747	2.122691029e-05
11748	0.0008526927397
11749	0.001424507116
11750	0.001881191996
11751	0.004294573752
11752	0.001634214846
11753	0.002394680127
11754	0.00199550106
11755	0.0006472736782
11756	0.0004588273899
11757	0.0001762101479
11758	0.001561082158
11759	0.006970935452
11760	0.001639162996
11761	0.0001709390634
11762	0.001323115594
11763	0.001038488253
11764	0.002375152373
11765	2.627541426e-05
11766	0.0003625647851
11767	0.004718658989
11768	0.0003672828965
11769	0.004126488161
11770	0.0001500908375
11771	0.0005112502782
11772	0.0007784132813
11773	0.001862998094
11774	0.005281383479
11775	0.005586808427
11776	0.002319575775
11777	0.0009902192448
11778	0.003927010324
11779	0.003132447406
11780	0.002416296084
11781	0.0008999598873
11782	0.001508892336
11783	0.001441785984
11784	0.002027663523
11785	0.002127070266
11786	0.0006681226642
11787	0.0005322898686
11788	0.0005636285006
11789	0.001282742455
11790	0.000265829958
11791	6.818071711e-05
11792	0.001111582258
11793	0.002847468568
11794	0.001075880777
11795	0.00709789988
11796	0.002373973048
11797	0.002306801748
11798	0.0007760782861
11799	0.0005421802799
11800	0.003467931708
11801	0.0005075559915
11802	0.002113947561
11803	0.003695028294
11804	0.004217683215
11805	0.0003809500908
11806	0.008675083734
11807	0.002737852487
11808	0.003169099492
11809	0.0006275381919
11810	0.0001315772503
11811	0.0004440979276
11812	0.0009632498815
11813	0.0003774010049
11814	0.001549808002
11815	0.0003791957745
11816	0.0004805516127
11817	1.812929288e-05
11818	0.0009484108931
11819	0.001274459614
11820	0.002132913192
11821	0.00146908243
11822	0.003648970187
11823	0.001194434647
11824	0.00230398188
11825	0.002457297114
11826	0.0006536786799
11827	0.001524506982
11828	0.007105805414
11829	3.788744172e-05
11830	0.0004899645349
11831	0.0009348342951
11832	0.0009854739788
11833	0.0005414036245
11834	0.0002519676562
11835	0.000770494471
11836	0.0003974199867
11837	0.0002375235817
11838	0.0006089771033
11839	0.003189574498
11840	0.0008749891756
11841	0.001405022877
11842	0.001685271185
11843	0.002927907035
11844	0.003428892783
11845	0.00253561549
11846	0.000101354276
11847	0.0003935552005
11848	0.01173573562
11849	0.0001597464314
11850	0.00547661903
11851	0.0009449599363
11852	0.001515201842
11853	3.022784836e-05
11854	0.002540161172
11855	0.001652779718
11856	0.005871146832
11857	0.0002707394408
11858	0.00078736818
11859	0.0003389924338
11860	0.002099582816
11861	0.00157351428
11862	0.004007528053
11863	0.001141624021
11864	0.0006907349259
11865	0.0001719587147
11866	0.006032085745
11867	0.001161363329
11868	0.000334892282
11869	0.0001079593631
11870	3.513959129e-05
11871	0.0007521041977
11872	9.436675183e-05
11873	0.0007928935072
11874	5.885521526e-05
11875	0.0003070358474
11876	0.0006841442146
11877	0.0002977971515
11878	0.0002234965887
11879	0.000591398162
11880	0.0007003070484
11881	0.0009307371826
11882	0.0003618064658
11883	0.0002681876342
11884	0.001008045915
11885	0.002204899345
11886	0.001346794594
11887	0.0009649738067
11888	0.003920388956
11889	0.0003540471341
11890	0.001150656156
11891	0.001256655301
11892	0.0005684593777
11893	9.780653035e-05
11894	0.0008714300088
11895	0.003137065368
11896	0.004889972644
11897	0.003912691635
11898	3.18541517e-05
11899	0.005295007048
11900	0.0003980092142
11901	0.00109023516
11902	1.465832783e-05
11903	0.001976637999
11904	0.003356945426
11905	0.004777954395
11906	0.006579965379
11907	0.001670980272
11908	0.001028639284
11909	0.003220342422
11910	0.00656685077
11911	0.003349356001
11912	0.003142335876
11913	0.001413416198
11914	0.001823525161
11915	0.001882974404
11916	0.002210060823
11917	0.001861852912
11918	0.001480692824
11919	0.002745502715
11920	0.0004076429208
11921	0.002015910052
11922	0.0009561836607
11923	0.003639163707
11924	0.000876594146
11925	0.0004782939185
11926	0.006510403172
11927	0.009082887173
11928	0.00164293635
11929	8.812932125e-05
11930	0.0001882518318
11931	0.0002004123967
11932	0.001770522493
11933	0.001681299285
11934	0.004809494705
11935	0.001355411998
11936	0.001871468727
11937	0.0007527942729
11938	0.004964398718
11939	0.001252528301
11940	0.0003682837571
11941	0.006494729697
11942	0.001163970876
11943	0.0009761439601
11944	0.004407854274
11945	0.0004727556683
11946	0.01116698079
11947	0.001490025005
11948	0.0005390554016
11949	0.0003702133249
11950	0.006730460962
11951	0.003766992611
11952	0.003262454059
11953	0.003167815973
11954	0.0006897958234
11955	0.001103849322
11956	0.008641677885
11957	0.0002170413609
11958	0.0005852749231
11959	0.001746108381
11960	0.007460848066
11961	0.002948488537
11962	0.002630847643
11963	0.0003225352008
11964	0.0003883109608
11965	0.001594805797
11966	0.0004039672332
11967	0.007946287858
11968	0.0006383073044
11969	0.0003393116133
11970	0.00359107452
11971	0.0003234075429
11972	0.0009468688074
11973	0.0005381416472
11974	0.004632879229
11975	0.002831916432
11976	0.000399672923
11977	0.0005257758624
11978	0.0003754945018
11979	0.0004906812106
11980	0.0007383841632
11981	0.0004625437096
11982	0.0004657678789
11983	0.006568401192
11984	0.005705453082
11985	0.0006013789158
11986	0.0001447345823
11987	0.002567535304
11988	0.0005993348755
11989	0.0003249677055
11990	3.153769092e-06
11991	6.6979652e-05
11992	0.0001196627459
11993	0.004081477465
11994	0.002011795203
11995	0.0009827446195
11996	2.31213965e-05
11997	0.001123397241
11998	0.0001433806474
11999	0.0001985907927
12000	0.0003719208923
12001	0.0001450202589
12002	0.0002417011614
12003	0.0003585357993
12004	2.451640609e-05
12005	0.000219400974
12006	0.0004413285157
12007	0.003811927894
12008	0.0005629165322
12009	0.001043627144
12010	0.0007548864362
12011	0.0002807786004
12012	0.0001266935944
12013	0.0005596149378
12014	0.0001881518385
12015	0.004178506863
12016	0.003209462176
12017	0.002050372393
12018	0.0003518142052
12019	0.0004883791266
12020	0.001070510078
12021	0.0008623676097
12022	0.002352631826
12023	0.003075556889
12024	0.001565571119
12025	0.00299628785
12026	0.0001799556344
12027	0.001567654655
12028	0.002508876723
12029	0.002447093755
12030	0.005745415252
12031	0.001406360893
12032	0.005100295189
12033	0.0005299236526
12034	0.001284211287
12035	0.003092903654
12036	1.042982046e-05
12037	0.001748300891
12038	0.0006468541126
12039	0.001162015841
12040	0.0004887637992
12041	0.0008037499924
12042	0.001218870686
12043	0.0002766597257
12044	0.001801510137
12045	0.0002252988112
12046	0.001130437949
12047	0.003906250451
12048	0.007571126927
12049	0.0007390535379
12050	0.003624134893
12051	0.001025368969
12052	0.00213237483
12053	0.002244162541
12054	0.0008055660853
12055	0.0007365575134
12056	0.002112017815
12057	0.00103692345
12058	0.0007288169057
12059	0.0005763196588
12060	0.0003641537357
12061	0.001034779259
12062	0.0002230539441
12063	0.001152977028
12064	0.0003316289384
12065	0.000719781747
12066	0.007186799058
12067	0.000184469425
12068	9.564833829e-05
12069	0.0003134160576
12070	0.0002745061154
12071	0.0001777486155
12072	0.001660944589
12073	9.844480903e-05
12074	0.000185469311
12075	0.001216643025
12076	7.333578928e-05
12077	0.004116890574
12078	0.000800379555
12079	0.0005972262525
12080	0.004041179845
12081	0.003760113038
12082	8.208972323e-05
12083	0.0005407877934
12084	0.0003777275828
12085	0.001394314555
12086	0.0006219197482
12087	0.002640643438
12088	0.003538288997
12089	0.002919651782
12090	0.0002620546472
12091	0.0006096754307
12092	0.001752780063
12093	0.0001373411593
12094	0.003275327471
12095	0.0001058656432
12096	0.0001189163419
12097	2.241366453e-05
12098	0.0008949354637
12099	2.67889893e-05
12100	4.006182747e-05
12101	4.7700071e-05
12102	0.001076404434
12103	4.487704026e-05
12104	0.000854736658
12105	3.065254099e-05
12106	4.742873432e-05
12107	0.0001601705746
12108	0.00148590045
12109	0.0001026249743
12110	0.000417057518
12111	0.002873996186
12112	4.311383408e-05
12113	0.0001937554444
12114	0.0003014053518
12115	0.001099138165
12116	0.0002282175335
12117	0.0007356951644
12118	0.001102785709
12119	0.0007045748186
12120	0.0006479325113
12121	0.0003210719994
12122	0.0005847855807
12123	0.002147035945
12124	0.0003238726502
12125	0.0003666978711
12126	0.0005007371617
12127	0.0007272153238
12128	0.00109755889
12129	6.939645337e-05
12130	0.0006570108793
12131	0.0002945853998
12132	0.001121438143
12133	0.001950334448
12134	0.000104007943
12135	4.739838962e-05
12136	0.005541551584
12137	0.0004683991161
12138	0.0001358578853
12139	0.0003449450444
12140	0.00169069362
12141	0.0002752004949
12142	0.001815424393
12143	0.000236725542
12144	3.620649655e-05
12145	0.0007493317481
12146	0.0005506429741
12147	0.001982290401
12148	0.0007524677267
12149	0.001335775784
12150	0.0003033545621
12151	0.003986152164
12152	0.007332711449
12153	0.004665201076
12154	0.0002794262844
12155	0.004596647248
12156	0.00105854917
12157	0.0008930258981
12158	0.0009898218437
12159	0.0002978556854
12160	0.0006440891517
12161	0.001176316676
12162	0.004871685528
12163	0.005797302997
12164	0.003504907767
12165	0.003691431731
12166	0.004869692329
12167	0.005967869304
12168	0.006062440263
12169	0.0004806366761
12170	0.007703884369
12171	0.004840368292
12172	0.001258454295
12173	0.00151068729
12174	0.001230107007
12175	0.003218669181
12176	0.002786761086
12177	0.002025790898
12178	0.005563527836
12179	0.005835060222
12180	0.001300660601
12181	0.002810131373
12182	0.00466443393
12183	0.004460135835
12184	0.001643555312
12185	0.0009086200712
12186	0.00522364268
12187	0.001012355762
12188	0.000984119931
12189	0.0087368399
12190	0.0005789302611
12191	0.00133779814
12192	0.005263761911
12193	0.001433878473
12194	0.0006789527824
12195	0.001573324512
12196	0.001483308994
12197	0.0001777343696
12198	0.003848786275
12199	0.003825531727
12200	0.004814872463
12201	0.0006643830023
12202	0.001033314251
12203	0.001220866817
12204	0.006306077857
12205	0.001585979767
12206	9.704278796e-05
12207	0.004577863256
12208	0.002528123458
12209	0.005462900846
12210	0.001125889818
12211	0.003595235174
12212	0.001066495681
12213	0.00294895685
12214	0.0008786618551
12215	0.006304692126
12216	0.002447221527
12217	0.000175568382
12218	0.003511302143
12219	0.008036762411
12220	0.003609250652
12221	0.002133999608
12222	0.009026836588
12223	0.004787149052
12224	0.0002641504714
12225	0.0008854372876
12226	0.003759559187
12227	0.0006202785523
12228	0.001959853176
12229	0.003008520399
12230	0.0007627472948
12231	0.002773164761
12232	0.001871765872
12233	0.002397001662
12234	0.003509642163
12235	0.00172550716
12236	0.001628385967
12237	0.0003770992239
12238	0.0002635822315
12239	0.0001254239185
12240	0.0001539218667
12241	0.0006033693414
12242	6.337991088e-07
12243	0.002644763032
12244	0.003279968431
12245	0.003216708461
12246	0.005011996183
12247	0.002210895041
12248	0.00243632579
12249	0.001527376326
12250	0.0007552850598
12251	0.002039918525
12252	0.0004706338913
12253	0.0005109327333
12254	0.000289423778
12255	0.0006369294349
12256	0.0001486708683
12257	0.00158659168
12258	0.001882167393
12259	0.003895401964
12260	0.002324045926
12261	0.001999024592
12262	0.006656814848
12263	0.001515208319
12264	0.003447473064
12265	3.848352523e-05
12266	0.001973139929
12267	0.0006593384398
12268	0.00609786449
12269	0.004541364083
12270	0.0004709954712
12271	0.0004321756202
12272	0.0001884182782
12273	0.002146587741
12274	0.002148512123
12275	0.0007555945702
12276	3.015741072e-05
12277	0.0002796544914
12278	0.000479775793
12279	0.0006204845839
12280	1.121945679e-05
12281	9.547479286e-06
12282	0.00179120121
12283	5.264130971e-05
12284	6.47526633e-05
12285	0.001305672424
12286	0.0005212490404
12287	0.0006866113114
12288	0.0001952045469
12289	0.00059914925
12290	0.000708847653
12291	0.0006320894831
12292	0.0008934538509
12293	0.001687381954
12294	0.00362326405
12295	0.002152089026
12296	0.001460071958
12297	0.001793620075
12298	0.003913948474
12299	0.003469460575
12300	0.002067710593
12301	0.006005371711
12302	0.003612230463
12303	0.001508532536
12304	0.0005507835361
12305	5.543538592e-05
12306	0.0003121825203
12307	0.0015165435
12308	0.001473903625
12309	0.001147474526
12310	0.003235328174
12311	0.006991398681
12312	0.009226297054
12313	0.001806292651
12314	0.001559903357
12315	0.007112019736
12316	0.001503645817
12317	0.00062755163
12318	5.01282223e-05
12319	0.00306235046
12320	0.001469678313
12321	0.001369402254
12322	0.003169011472
12323	0.001079314117
12324	0.0004084906144
12325	0.0004022371286
12326	0.002216009341
12327	0.0001992780348
12328	0.002850213287
12329	0.0007342977147
12330	0.0002576601944
12331	0.002611509578
12332	0.002825748405
12333	0.002097944467
12334	3.679716885e-05
12335	0.001459578434
12336	0.003027029188
12337	0.0006579706384
12338	0.002985498953
12339	0.0003890852356
12340	0.0004552581552
12341	0.001320555917
12342	0.0006189889183
12343	0.002657781908
12344	0.001206098228
12345	0.0006681364902
12346	0.002019263099
12347	0.001647624731
12348	0.003239400763
12349	0.002936753503
12350	0.0009471942962
12351	0.001943151992
12352	0.000956545778
12353	0.0006379140607
12354	0.001652409405
12355	0.0001954399176
12356	9.960467625e-05
12357	0.0004016632018
12358	0.0003960229609
12359	0.0009818629776
12360	0.0005578036506
12361	0.001914337735
12362	0.002135595109
12363	0.0007474122372
12364	0.004073950085
12365	0.0009390648145
12366	0.004435065038
12367	0.004954824382
12368	7.62542084e-05
12369	0.0008097424686
12370	0.001310239019
12371	0.0005102949786
12372	0.001481234237
12373	0.001538382339
12374	0.001585847572
12375	0.005197196639
12376	0.001531199348
12377	0.002542081321
12378	0.00533020232
12379	0.0008227024847
12380	0.004047099746
12381	8.225181865e-05
12382	0.003193262768
12383	0.002597246447
12384	0.0006795436154
12385	0.002291265574
12386	0.000183808119
12387	0.001459750931
12388	0.004058387425
12389	0.001744403718
12390	0.00367532988
12391	0.001232994278
12392	0.00259581175
12393	0.006967583934
12394	0.0005987822661
12395	0.0003129451689
12396	1.299001507e-05
12397	0.000570541586
12398	0.00395668336
12399	0.001306828025
12400	0.0004838996022
12401	0.001375595766
12402	4.536149171e-05
12403	0.001977949443
12404	0.002710848631
12405	0.001684612237
12406	0.0001012117681
12407	0.0006189039461
12408	0.001584026352
12409	0.0003560112863
12410	0.0006448312428
12411	0.0003769504446
12412	0.00242818601
12413	0.003608700705
12414	0.0004377401477
12415	0.0009453857947
12416	0.001066445068
12417	0.003280570144
12418	0.003032670596
12419	0.002279198344
12420	0.0018644952
12421	2.202510665e-05
12422	0.002010535935
12423	0.00025812722
12424	0.0002352277802
12425	0.0005707222155
12426	0.0004465962787
12427	9.2988127e-05
12428	0.0004343785815
12429	0.0001487628163
12430	5.828569935e-05
12431	0.0001286628062
12432	2.916543865e-07
12433	0.0005368190181
12434	8.411926516e-07
12435	0.0005827415271
12436	0.0003850338249
12437	7.882411371e-05
12438	0.0005766429495
12439	0.001968617978
12440	0.0007457559306
12441	0.0002092700768
12442	0.001561847586
12443	0.002234375777
12444	0.001602405857
12445	0.001917533346
12446	0.0006931607102
12447	0.0002919930254
12448	0.002624091863
12449	0.001504305724
12450	0.0008406746114
12451	0.00110455982
12452	0.004215054877
12453	0.001429011988
12454	0.0005159848212
12455	0.0004418030776
12456	0.0006875112795
12457	0.006416603392
12458	0.0004641116814
12459	0.001303833229
12460	0.00324116512
12461	0.0003488838269
12462	0.0008332274503
12463	0.003117172392
12464	0.002339750143
12465	0.0008039404026
12466	0.0004209413868
12467	0.0003271219569
12468	0.004959689036
12469	4.146392505e-05
12470	0.0007524170561
12471	0.003571938563
12472	0.007907042316
12473	0.005296425479
12474	0.001916313172
12475	0.004103796839
12476	0.001459756859
12477	0.0004141710694
12478	0.001656226182
12479	0.001852266166
12480	0.001133708959
12481	0.006083955855
12482	0.001674288471
12483	0.0001721060276
12484	0.0001122995725
12485	0.001114396112
12486	0.001733082687
12487	0.002465214317
12488	0.004700876874
12489	0.006471132142
12490	0.003596595903
12491	0.005981432419
12492	0.003289983012
12493	0.0005022642041
12494	0.002644689213
12495	0.003112171319
12496	0.001152666053
12497	0.0003926150109
12498	0.00395184331
12499	0.005597574331
12500	0.004772277256
12501	0.0005111412244
12502	0.001043048211
12503	0.0006917826129
12504	0.001628186885
12505	0.004772889097
12506	0.001262966303
12507	0.002755430739
12508	0.001826648476
12509	0.002381817853
12510	0.00278590545
12511	0.00253306693
12512	0.003074359636
12513	0.004170006758
12514	0.00184949688
12515	0.001547043901
12516	0.00205205977
12517	0.002400515327
12518	0.0003500614807
12519	4.956243601e-05
12520	0.004887427636
12521	0.001073601451
12522	0.00119015548
12523	0.001333382844
12524	0.001207391998
12525	0.001216831947
12526	0.002084242948
12527	0.0003581052465
12528	0.001679768598
12529	0.004648700872
12530	0.001599436774
12531	0.0001253361747
12532	0.0005724085011
12533	0.004242555682
12534	0.00177395683
12535	0.0008616712521
12536	0.003210999816
12537	0.001016820798
12538	0.001912124156
12539	0.001239871203
12540	0.002134175885
12541	0.003934114291
12542	0.0001769835774
12543	0.002179316415
12544	0.0003624715523
12545	0.0004935094396
12546	0.001230726984
12547	0.0002058483803
12548	0.003236574341
12549	0.0007053091098
12550	0.0001501901476
12551	0.0003564082448
12552	6.859208558e-05
12553	0.0001095734351
12554	0.0003811751827
12555	1.866096574e-06
12556	0.0005709579629
12557	8.136241909e-05
12558	6.219563686e-05
12559	4.681271686e-05
12560	0.000398364278
12561	0.0008132685503
12562	0.003034356956
12563	0.001554014407
12564	0.0008059346099
12565	0.001497881455
12566	0.001787255582
12567	0.0003049870863
12568	0.000974747764
12569	0.0003843757928
12570	2.325331765e-05
12571	0.002110526564
12572	0.001968142115
12573	0.003818220522
12574	0.003812392055
12575	0.003440833547
12576	3.2317056e-05
12577	0.001829244157
12578	0.0003137489256
12579	0.0005020517507
12580	0.0002567339442
12581	0.0003856156504
12582	0.0001004153197
12583	5.087909307e-05
12584	0.001463596196
12585	0.0003577841562
12586	0.002448784347
12587	0.002342005987
12588	0.0045913732
12589	0.000702662103
12590	0.001112478401
12591	0.0006801953658
12592	0.0001833915286
12593	0.006144953203
12594	0.000604287448
12595	0.004107481914
12596	0.0007061972805
12597	0.002602566326
12598	0.000616482661
12599	0.0008776013363
12600	0.0001624604586
12601	0.0001306120326
12602	0.0003094754335
12603	7.530147995e-05
12604	0.0006477666242
12605	0.0004401320452
12606	0.0009483610925
12607	7.435968845e-05
12608	0.001066728639
12609	0.0001457744443
12610	8.673671223e-05
12611	8.151942015e-05
12612	1.630860399e-05
12613	0.000701607196
12614	7.415820228e-05
12615	0.0001186426354
12616	0.00032589977
12617	2.0681897e-05
12618	0.0006721640011
12619	0.0007581329718
12620	0.0001432243583
12621	0.0002858826574
12622	0.0001272441875
12623	0.0004723746248
12624	0.0002810143588
12625	0.0003702737381
12626	0.007523487174
12627	0.000291048217
12628	0.0001684552967
12629	6.180288303e-05
12630	0.0001498044334
12631	0.0003260364255
12632	0.0001151469667
12633	0.0002118474122
12634	0.0004831063635
12635	0.0003564797855
12636	9.449843983e-05
12637	0.0006967599877
12638	0.0003761249518
12639	0.000110930349
12640	0.0005623775737
12641	0.0002527521575
12642	0.000254948801
12643	3.571789348e-05
12644	0.0001835692622
12645	9.000341595e-05
12646	0.000238710813
12647	0.0001850876659
12648	0.0001760814653
12649	0.001720352404
12650	0.0001386433378
12651	0.0001007847772
12652	0.0001475103638
12653	7.462003897e-05
12654	0.002087738997
12655	0.000499310503
12656	0.0001415784813
12657	0.004166437725
12658	5.42062107e-05
12659	0.0001714464286
12660	0.0004424252488
12661	0.0009216197878
12662	0.0005906205614
12663	2.417568663e-05
12664	0.0002524075467
12665	0.0006169064379
12666	0.0001008270892
12667	0.0005258463973
12668	0.002231999601
12669	0.0003079628685
12670	0.004814105801
12671	0.0001106895779
12672	6.381784396e-06
12673	0.0005743968072
12674	0.0001935853893
12675	0.000225392004
12676	1.780805995e-05
12677	0.0001703717409
12678	1.09356593e-05
12679	0.0001593475996
12680	0.0001109357518
12681	4.757919494e-05
12682	5.51022711e-05
12683	0.000330735506
12684	0.001796403389
12685	0.000457641507
12686	0.0002657330319
12687	0.0008523291912
12688	6.577684831e-05
12689	0.00499289919
12690	0.004294150138
12691	0.001050904666
12692	1.149933539e-05
12693	0.0006232041305
12694	0.002081866308
12695	0.000126111368
12696	0.003544323925
12697	0.001795763227
12698	0.009925871432
12699	0.0004467523143
12700	0.002236551392
12701	0.002205961218
12702	8.095581788e-05
12703	0.003356046432
12704	0.00176643035
12705	0.000236816212
12706	0.0002596350804
12707	0.0006084483909
12708	0.0008105189547
12709	0.000523763325
12710	0.0001539266971
12711	0.0006422313761
12712	0.001765334896
12713	0.001026270963
12714	0.001026545918
12715	0.0001419353598
12716	0.000156708508
12717	0.000282449093
12718	0.001427864356
12719	0.0001483869997
12720	6.477073418e-05
12721	0.006890421605
12722	0.0003579795344
12723	0.0001736002795
12724	0.008764003722
12725	0.0001335231735
12726	0.001327205329
12727	0.001597458233
12728	0.001944823833
12729	0.00434202817
12730	0.008957797816
12731	0.0007387311954
12732	0.00429840594
12733	0.0004135856171
12734	0.0001474025833
12735	0.003350826469
12736	0.0001714977234
12737	0.0006881541111
12738	0.003456406716
12739	0.001719823816
12740	0.000753664285
12741	0.002238451144
12742	0.0001663061054
12743	0.0005989708414
12744	0.002052759584
12745	0.005373535892
12746	0.004008018923
12747	0.0004678749425
12748	0.0006680660171
12749	0.0005823443999
12750	0.003443880185
12751	0.0004686086345
12752	0.000279218606
12753	0.001150520696
12754	0.0009201867299
12755	0.003341152339
12756	0.0008205214538
12757	0.004606367308
12758	0.002945084533
12759	0.004751541446
12760	0.001756174492
12761	0.0008933283135
12762	0.004887196497
12763	0.0003048214883
12764	0.001375876724
12765	0.0001167365869
12766	0.001334985924
12767	0.002282440059
12768	0.002059156806
12769	0.0001808333743
12770	0.003608169489
12771	0.00352310025
12772	0.001522830695
12773	0.001166449421
12774	0.003411801707
12775	0.0004982396544
12776	0.002363702394
12777	0.002865406531
12778	0.004482774525
12779	0.008734400185
12780	0.0002058217419
12781	0.0007680051228
12782	0.0002979074781
12783	0.0008110003965
12784	0.0001604163509
12785	0.001277420733
12786	0.0001133562607
12787	0.004563461826
12788	0.00273194086
12789	0.00152047553
12790	0.00269032843
12791	0.0001037237177
12792	0.0003865119091
12793	0.002179601229
12794	0.007238403295
12795	0.002401514296
12796	0.0001021375663
12797	0.00152775385
12798	0.002689959571
12799	0.004840201127
12800	0.002049785499
12801	0.001281069725
12802	0.003385368917
12803	0.001344274628
12804	0.004213511021
12805	0.001588499577
12806	0.005089319755
12807	0.0006289971265
12808	0.0001929629753
12809	0.006116298742
12810	0.0003874505827
12811	0.0009033149212
12812	0.001657334703
12813	0.002620706474
12814	0.003525222254
12815	0.003147520701
12816	0.009337058662
12817	0.005675839425
12818	0.003202340228
12819	0.0007737712294
12820	0.002701758984
12821	0.002162958339
12822	4.289264026e-05
12823	4.7854269e-05
12824	0.002895448145
12825	0.0005417332189
12826	0.004301133949
12827	0.003637277767
12828	0.004350658772
12829	0.004915370232
12830	7.2673804e-05
12831	0.0001940138302
12832	0.0004551536847
12833	0.0002067794395
12834	0.0001902931287
12835	0.000925991716
12836	0.001319103008
12837	0.003464500645
12838	0.0001182076114
12839	0.001514188438
12840	0.001531864254
12841	0.0003404056285
12842	0.00262317674
12843	0.001052959621
12844	0.0001217960545
12845	0.0004523841486
12846	0.001091820125
12847	0.00246650014
12848	0.003874008162
12849	0.004341163919
12850	0.002773759178
12851	0.002958448979
12852	0.005450781929
12853	0.002061908878
12854	0.0003979599418
12855	0.002579207303
12856	0.003680986586
12857	0.005039016353
12858	0.005363574895
12859	0.002392985088
12860	0.004566763238
12861	0.0009611833996
12862	0.0005253774191
12863	0.0001936924351
12864	0.0009029245914
12865	0.003010447127
12866	0.0002778525333
12867	0.002252464127
12868	0.00187717895
12869	0.0007321644852
12870	0.0002520099387
12871	0.0001596778476
12872	0.0004599693247
12873	0.001492678728
12874	0.0002177891017
12875	0.001576730228
12876	0.004085323715
12877	0.002707995715
12878	0.002261314703
12879	0.004542327582
12880	0.004829451299
12881	0.001477162592
12882	0.0003589019482
12883	0.005071820476
12884	0.004737758507
12885	0.004325116352
12886	0.001364432254
12887	0.002376330308
12888	0.003858419047
12889	0.005948586721
12890	0.002075034165
12891	0.0001475217909
12892	0.0020882061
12893	0.001249777675
12894	0.0002128079305
12895	3.580950359e-06
12896	0.0002483713909
12897	0.00149100869
12898	0.00125423045
12899	0.0002419890541
12900	0.004813016787
12901	0.004941770904
12902	0.0002935910983
12903	0.001520220682
12904	0.004198231104
12905	0.001952441199
12906	0.00341086804
12907	0.002138276554
12908	0.001319980092
12909	2.135127844e-05
12910	0.002488460929
12911	0.0008195226675
12912	0.0001545860076
12913	0.000556193018
12914	0.005577308395
12915	0.0007430618483
12916	0.006813644585
12917	0.00312641337
12918	0.0007094880358
12919	0.002570855694
12920	0.001430305154
12921	0.001124081735
12922	0.001349464708
12923	0.00521996448
12924	0.001786036352
12925	0.001443639931
12926	0.001438679028
12927	0.005128184182
12928	0.0004246563601
12929	0.0002004818988
12930	0.0001603158743
12931	2.748002635e-05
12932	0.0003566468949
12933	0.0002743368858
12934	0.0005306285828
12935	0.0004834125708
12936	0.0008134050678
12937	0.0009516899624
12938	9.355354486e-05
12939	0.0004698688826
12940	0.0003836026639
12941	0.0003037080493
12942	0.000332263985
12943	0.0003373347026
12944	0.0006086552487
12945	0.0001729456271
12946	0.0001335900072
12947	0.0005068091301
12948	5.579356023e-06
12949	0.0004986259818
12950	0.0001487546973
12951	0.0005921318617
12952	0.000192637996
12953	0.00101945153
12954	0.001181282457
12955	0.0009168289011
12956	0.0006141098921
12957	9.097719717e-05
12958	0.001578842274
12959	0.000726039966
12960	0.003062947791
12961	0.0001999303339
12962	0.0006723182494
12963	0.001896022429
12964	0.0003517387779
12965	0.0003281386691
12966	0.000298145858
12967	0.0006824720117
12968	3.432097296e-05
12969	9.480060173e-06
12970	0.001192469831
12971	0.0007005780051
12972	0.0007286780777
12973	0.0001440279392
12974	0.000167516752
12975	0.0002753359607
12976	0.003975365108
12977	0.000581888928
12978	0.002309954576
12979	0.0002059388568
12980	0.001570361074
12981	0.001469643674
12982	0.0003189755602
12983	6.043397864e-05
12984	0.002732550094
12985	0.002202079973
12986	0.005888091534
12987	0.002524930869
12988	0.0007959530346
12989	0.002270613529
12990	0.0005385562162
12991	0.006441682281
12992	0.002740493506
12993	0.002035770271
12994	0.006418893659
12995	0.001171892566
12996	0.0007865550683
12997	0.0002215594134
12998	0.0002018843876
12999	0.001903354796
13000	0.0008193920876
13001	0.0049789458
13002	0.0002371967703
13003	0.003505914046
13004	0.001754526973
13005	0.002542919317
13006	0.0008333373814
13007	0.0012150725
13008	0.001013518724
13009	0.001483580955
13010	0.0005677842396
13011	0.000605595097
13012	0.001037705129
13013	0.0002006633313
13014	0.0001815400953
13015	0.0005900986098
13016	0.0002152337514
13017	0.0003159731388
13018	0.0009161265618
13019	0.001479816307
13020	0.001443885172
13021	0.0001196408978
13022	0.0009257966261
13023	0.0001985584291
13024	0.002783553874
13025	0.000461787894
13026	0.001510353861
13027	0.0002192720271
13028	0.0004007973706
13029	0.001563482486
13030	6.906643617e-05
13031	0.002520908803
13032	0.0007289832421
13033	0.0002833323711
13034	0.0007623190113
13035	0.002521395029
13036	0.0006190904627
13037	0.00275165911
13038	0.0002145754822
13039	0.0008999440112
13040	0.000325531124
13041	0.0002076296417
13042	0.0003341505885
13043	0.0005955275048
13044	0.0001837918013
13045	0.0002384913413
13046	0.001856779367
13047	7.114807982e-05
13048	0.0003353457126
13049	0.0005801876906
13050	3.552015281e-06
13051	0.002889577815
13052	9.968985312e-05
13053	0.004717183719
13054	0.0006841922806
13055	0.002685404713
13056	0.0009188567027
13057	9.899222596e-05
13058	0.000905783221
13059	0.0005978118733
13060	0.003038506003
13061	0.0001629315381
13062	0.002675872428
13063	0.0003267558994
13064	0.0003648913845
13065	0.0007880595773
13066	0.0009548568172
13067	0.0007027684952
13068	0.0004176226303
13069	0.0001782785254
13070	0.0007183661217
13071	0.001972725099
13072	0.0002709886894
13073	0.0004292138045
13074	0.000787887922
13075	0.001458753069
13076	0.0003263972194
13077	0.00220083063
13078	0.0004264810615
13079	0.0003516856574
13080	0.002960800676
13081	0.001145423893
13082	0.0001682045821
13083	0.0002537051905
13084	0.0001287525483
13085	4.890965377e-05
13086	0.006808704359
13087	0.00742119323
13088	0.001024780747
13089	0.0005240379091
13090	0.005606173588
13091	0.003199217704
13092	0.002583921961
13093	0.0008304430631
13094	0.0007302322065
13095	0.005222700819
13096	0.002204416893
13097	3.760279289e-05
13098	0.0001837814201
13099	0.001267291063
13100	0.0003987553185
13101	0.0003768004407
13102	0.0004478267426
13103	0.0005773395939
13104	0.000303036034
13105	0.0008487852842
13106	9.335855657e-05
13107	0.0008190224641
13108	0.001646652053
13109	0.001897353271
13110	0.006859415702
13111	0.0001043304506
13112	0.0005987949797
13113	9.338652604e-05
13114	0.0004014492117
13115	0.0006632101746
13116	3.228117376e-05
13117	0.0004495298972
13118	0.0005655008851
13119	0.0009067456445
13120	0.0002489461132
13121	0.0004535173954
13122	0.001360534011
13123	0.001909474607
13124	0.001467953847
13125	0.008388420609
13126	0.006810578853
13127	0.001325172569
13128	8.870453004e-06
13129	0.001888293977
13130	0.000625988843
13131	0.0007772498244
13132	0.0001855726328
13133	0.0002949096305
13134	0.0005644815167
13135	0.0007229315165
13136	0.0001451644146
13137	0.0002249496548
13138	0.0006222881548
13139	0.001073888239
13140	0.0005455577139
13141	0.0006290960666
13142	0.0002992293003
13143	8.43589047e-05
13144	0.0001768226393
13145	0.000110765365
13146	0.0006335986936
13147	0.0002201215898
13148	1.180567792e-05
13149	0.0002874902405
13150	0.0002373720689
13151	0.000688671124
13152	0.0007254163743
13153	0.001056364665
13154	0.0005089576386
13155	0.0005006062258
13156	0.0002998494381
13157	0.0006217456724
13158	0.0009696299938
13159	0.001005468385
13160	0.0006366857759
13161	0.001234186628
13162	3.016035937e-05
13163	0.001076913425
13164	0.0002442151012
13165	0.0003622637707
13166	0.002311190667
13167	0.0005780351462
13168	0.003660553888
13169	0.006232817564
13170	0.001888907903
13171	6.344623263e-06
13172	2.565723338e-05
13173	0.0003694983023
13174	5.158239916e-05
13175	0.0009729961965
13176	0.0004601186865
13177	0.005030514766
13178	0.003024535676
13179	0.0003429151012
13180	0.001162149147
13181	5.82656904e-05
13182	0.002629115358
13183	0.000868486186
13184	0.001206300376
13185	0.0002286185258
13186	0.0006738397442
13187	0.0009104913935
13188	0.0003762138825
13189	0.0008739261612
13190	0.001507404127
13191	0.0004186456245
13192	0.0002952144958
13193	0.001598350099
13194	0.002533196769
13195	0.0003059657886
13196	0.0005096534492
13197	0.000598864572
13198	0.0007839980332
13199	9.312532085e-05
13200	0.0007392131397
13201	0.000376227444
13202	0.0004943795984
13203	0.0004448533696
13204	0.0002264030315
13205	0.0006246549169
13206	0.0007523451726
13207	0.000278801089
13208	0.001986054101
13209	0.001950650513
13210	0.003714314934
13211	0.0008195429583
13212	0.0002732353051
13213	0.0004497604879
13214	0.0003361643804
13215	0.002705647789
13216	0.002032046778
13217	0.002125559575
13218	8.245214201e-05
13219	0.000387213147
13220	0.000541419198
13221	0.0002839731558
13222	0.0008910506423
13223	0.000322510601
13224	0.002319001014
13225	0.0005448806255
13226	0.0006961709383
13227	0.0008260076148
13228	0.001210045102
13229	0.0006169022654
13230	0.0004418316673
13231	0.0006588777669
13232	0.00019276932
13233	0.0001843358241
13234	0.001081088066
13235	0.004697511059
13236	0.0009365725047
13237	0.002086723481
13238	0.003030759894
13239	1.54879839e-05
13240	7.357130281e-05
13241	0.0009158539265
13242	0.0006688575506
13243	0.0004392213557
13244	0.0003598140759
13245	0.0004619668422
13246	0.002545811568
13247	0.0001892297408
13248	0.001438120098
13249	0.002745368126
13250	0.0002099915777
13251	0.001197769696
13252	0.0008892688165
13253	0.00038000916
13254	0.0008595876429
13255	0.0002025091475
13256	2.932438276e-05
13257	0.001044331262
13258	0.0009436348834
13259	0.0007706509505
13260	0.004648102725
13261	2.952195775e-05
13262	0.002496369468
13263	0.001641612627
13264	0.00123785773
13265	7.184212967e-05
13266	8.010631898e-05
13267	4.592005951e-05
13268	0.001263715332
13269	0.0009219085368
13270	0.000240038257
13271	0.002701376101
13272	0.0003690575707
13273	0.0009422932602
13274	0.0003624541566
13275	0.0004549751943
13276	0.0006952388922
13277	0.0009605215627
13278	6.567793057e-05
13279	0.003018458492
13280	0.001528035087
13281	0.008367809517
13282	0.002395925191
13283	0.003890880108
13284	0.002928174195
13285	0.005077688069
13286	0.009590734158
13287	7.47425097e-05
13288	0.001067883066
13289	0.001069639223
13290	0.0001323742609
13291	0.0002227732663
13292	0.0002675931813
13293	0.0001519044655
13294	0.0001827031407
13295	0.0002678127424
13296	0.0006782102986
13297	0.001600734633
13298	0.000429305385
13299	0.0008531197341
13300	0.001108101926
13301	0.00011583609
13302	0.0001787896908
13303	0.0006014397723
13304	0.001353982953
13305	0.001736984879
13306	0.0005130374377
13307	7.616039687e-05
13308	1.450653318e-06
13309	0.002322422916
13310	3.221798535e-05
13311	0.0003386170945
13312	3.283499309e-05
13313	7.435358898e-05
13314	0.0001573595846
13315	4.691001235e-05
13316	0.0002143623493
13317	0.0009572751312
13318	0.003469255932
13319	0.0008437725916
13320	0.004726286142
13321	0.001020198521
13322	6.629244943e-05
13323	0.0003867421099
13324	0.0004668766824
13325	0.001613515038
13326	0.0002695433201
13327	2.720227985e-05
13328	0.003338678918
13329	0.001918249501
13330	0.0002775606303
13331	0.0006171187275
13332	0.0004419720134
13333	0.0002744650199
13334	0.0007793638745
13335	0.0007031505808
13336	2.810301662e-05
13337	0.001572909463
13338	0.0002797270295
13339	0.0006082198673
13340	0.001740965158
13341	0.001647164151
13342	0.0008136230219
13343	0.0008134689919
13344	0.0009667726059
13345	0.001430356958
13346	0.001126887521
13347	0.0005891512666
13348	0.0003753989701
13349	0.0008791161348
13350	0.0009312651056
13351	0.0004128869592
13352	0.00109450507
13353	4.104635998e-05
13354	0.0008812288727
13355	0.0003772962862
13356	0.0003423395666
13357	0.003166580423
13358	0.001551387478
13359	0.0007944287275
13360	0.0001929072271
13361	0.0007578836553
13362	0.0006697344544
13363	0.0009225683864
13364	0.003368338444
13365	0.0007539485849
13366	0.002705645865
13367	0.0003185169784
13368	0.0004679199536
13369	0.003812297644
13370	0.001271951527
13371	0.0003123814563
13372	0.003246441427
13373	0.0006136283388
13374	0.005290436596
13375	0.001674534485
13376	0.0003002048006
13377	1.502305385e-05
13378	7.186230313e-05
13379	0.0005956282506
13380	0.0009738108505
13381	2.112800249e-05
13382	0.001192117626
13383	0.0004553112925
13384	0.0005571104538
13385	0.0001535456363
13386	0.0006823658522
13387	5.652839348e-05
13388	0.0003309558693
13389	0.0003119744959
13390	0.0003277791882
13391	0.0001918656205
13392	0.000204379754
13393	5.3730111e-05
13394	9.776572733e-05
13395	0.004363606372
13396	0.003181739891
13397	0.001861980444
13398	0.00224077424
13399	0.0001873169669
13400	3.304864036e-05
13401	0.003343503215
13402	0.001613086875
13403	0.002510830023
13404	0.001266569733
13405	0.001055298077
13406	0.0002202400309
13407	0.0007456496091
13408	0.0009167943667
13409	0.0004685960315
13410	0.002857116918
13411	0.002298191456
13412	0.001522093584
13413	0.00264867018
13414	0.0001936967303
13415	0.001350313311
13416	0.0004926619178
13417	0.0001507984455
13418	0.001713707145
13419	0.0005321571896
13420	0.002896961259
13421	0.001916689731
13422	0.0005864066291
13423	0.006211557451
13424	1.98846846e-05
13425	0.0005322853407
13426	0.00253764171
13427	0.00297757173
13428	0.008153677967
13429	0.0004102853306
13430	0.000330824684
13431	0.0002481344394
13432	0.001519511071
13433	0.000774182798
13434	0.0007543981941
13435	0.0009679153685
13436	0.001316232034
13437	0.0007723667072
13438	0.0001981053315
13439	0.0005975832074
13440	4.420083614e-05
13441	0.002621358724
13442	0.002222868211
13443	0.00129666261
13444	0.0008509284857
13445	0.0005633323538
13446	0.0004130881018
13447	0.001018550772
13448	0.002216241456
13449	0.0008822044722
13450	0.001077669316
13451	0.005867167893
13452	0.001412984841
13453	0.001372444336
13454	0.0004249518232
13455	0.003232585738
13456	0.003748967979
13457	0.005439426183
13458	0.001117509475
13459	7.335969586e-05
13460	0.001040148787
13461	0.0001151426745
13462	0.0003555955092
13463	0.0006458631146
13464	0.0007977322427
13465	0.0003773657599
13466	0.0005643711585
13467	0.0005102593425
13468	0.0002506850532
13469	8.422158605e-06
13470	0.001751612839
13471	0.0005160753618
13472	0.0002781431699
13473	0.001622752283
13474	0.0004123836289
13475	0.0007415420037
13476	0.001121593363
13477	0.0001894916597
13478	0.0001078271816
13479	2.159845954e-05
13480	0.001353969728
13481	0.001494058734
13482	0.0006567868917
13483	0.0001167904893
13484	0.000113991979
13485	0.0007607855681
13486	0.0001278227379
13487	0.000123678536
13488	0.0007217873624
13489	4.87305762e-06
13490	0.0007026597687
13491	0.0003884005451
13492	0.004937888121
13493	0.001595179261
13494	0.0001743409604
13495	0.0002950581027
13496	0.000735735696
13497	3.489997283e-05
13498	0.0003161844012
13499	0.0001404188488
13500	3.077913876e-07
13501	0.0004385588173
13502	4.014995709e-05
13503	0.0003351414729
13504	0.0004606101143
13505	9.506844914e-05
13506	8.16449971e-05
13507	0.000556468671
13508	0.0003401417962
13509	0.0001370295511
13510	0.0004157516794
13511	0.0002125970605
13512	0.0003031828714
13513	0.0003629023008
13514	0.0006909021835
13515	0.0003087808182
13516	0.0004143295431
13517	0.000133095319
13518	0.0038408301
13519	0.001497501112
13520	0.001536449714
13521	0.0002455477642
13522	0.000585236467
13523	0.0003797280251
13524	0.0004291826108
13525	0.0008303266779
13526	0.0004657637482
13527	0.0003825300711
13528	0.003724339771
13529	0.0006483976809
13530	0.0007977270135
13531	0.0009293429095
13532	8.490586326e-05
13533	0.0009730776689
13534	0.0005947377396
13535	0.0003337449954
13536	0.0003681159412
13537	0.0009596745792
13538	0.001873929835
13539	0.001587515216
13540	0.00137261692
13541	0.000371169503
13542	5.586153961e-05
13543	0.0004513464561
13544	0.002991534307
13545	0.001140114333
13546	0.0001706578634
13547	0.001233169117
13548	0.001125170711
13549	0.0009998650281
13550	0.002127749847
13551	0.0006311601866
13552	2.493196086e-06
13553	0.0003377572695
13554	0.00414775549
13555	0.0007237805898
13556	0.0003716297479
13557	0.0005733121862
13558	0.0002066937748
13559	0.002143971952
13560	0.0005102034001
13561	0.001524683008
13562	0.0006926472481
13563	0.0005583504437
13564	0.0008526707443
13565	0.004180776692
13566	0.005000745685
13567	0.003969618045
13568	0.001789855657
13569	0.0008816398303
13570	0.002540909224
13571	0.0003571994924
13572	0.007771954432
13573	0.000227220979
13574	0.001435220794
13575	0.0001670780392
13576	8.284469919e-05
13577	0.0001365668388
13578	0.0001628984833
13579	0.001016600056
13580	0.003183712088
13581	0.0006128700451
13582	0.0008607911771
13583	0.0007531799943
13584	0.001923495808
13585	0.007799319206
13586	0.005874178484
13587	0.001287146492
13588	0.0002493926554
13589	0.002024889314
13590	0.001889402497
13591	0.0002615439507
13592	0.0007024971309
13593	0.002810384742
13594	0.004054974214
13595	0.0008635217795
13596	0.001104712783
13597	0.005015117411
13598	0.0009227333486
13599	0.0003301046815
13600	0.002069989589
13601	0.003626580321
13602	0.001362585215
13603	0.002862968278
13604	0.0006882276096
13605	0.0001199958674
13606	0.006792729714
13607	0.008086838993
13608	0.0001757690521
13609	6.380810515e-05
13610	0.002063395781
13611	0.001290986047
13612	0.002519397951
13613	0.0001484825634
13614	0.0003977209238
13615	0.0002805798492
13616	0.0003085846315
13617	0.0003922288856
13618	0.00229771694
13619	0.0005409467907
13620	0.0009567704627
13621	0.002591252811
13622	0.0001598126668
13623	0.0008162784541
13624	0.0003305325795
13625	0.0003980910591
13626	0.0009717519436
13627	0.0006083101235
13628	0.0004215806476
13629	0.001758532507
13630	0.0005491274772
13631	0.0001795799441
13632	0.0006803436031
13633	0.000194605483
13634	0.001263332534
13635	0.0008066818189
13636	0.001245864317
13637	0.0002241376015
13638	0.0001828118513
13639	0.0004250326426
13640	0.0003895488614
13641	0.0001252748876
13642	0.001007974286
13643	0.0001772625077
13644	0.0006077185872
13645	0.000436399126
13646	0.0003100682224
13647	0.002083584784
13648	0.002128135069
13649	0.005438136509
13650	0.001350295323
13651	4.719656639e-05
13652	0.0006648502554
13653	0.001024106687
13654	0.0007634542826
13655	1.075848159e-06
13656	0.0004955422357
13657	5.736636509e-05
13658	5.60324162e-05
13659	0.0002937511761
13660	0.002536469496
13661	0.0005072404436
13662	0.001131400228
13663	5.454776169e-05
13664	0.0003093365194
13665	0.002183759325
13666	0.0002640325076
13667	0.0004303041852
13668	8.422405412e-05
13669	0.0004600298773
13670	0.0004301999637
13671	0.001685825124
13672	0.005435938386
13673	3.751753697e-05
13674	6.540765183e-06
13675	0.008107821518
13676	0.001395584508
13677	0.004306616461
13678	0.001383135615
13679	0.003522932398
13680	0.0004738319276
13681	0.0004911364822
13682	0.0005709266788
13683	0.0006357436061
13684	0.0001860920396
13685	0.0007256918292
13686	0.0004416658035
13687	0.002771449931
13688	0.002403953472
13689	0.0003372880957
13690	0.001474162914
13691	0.0005709998406
13692	4.587941479e-05
13693	0.0007864311598
13694	0.001999452031
13695	0.001559104734
13696	0.0006277835605
13697	0.0003649466661
13698	0.001252723447
13699	0.003221343333
13700	0.002930189001
13701	0.001421314627
13702	0.0002982444233
13703	0.0002146662614
13704	0.0002115314297
13705	0.002648851724
13706	0.001869000589
13707	0.004052998152
13708	0.000303947885
13709	3.631756499e-05
13710	0.001006828876
13711	0.0003018714162
13712	0.001781260843
13713	0.002100937597
13714	2.506319219e-05
13715	0.0005131930747
13716	0.0004379157828
13717	0.0006204071162
13718	0.002242104352
13719	0.003109578403
13720	0.0003916905079
13721	0.0003803290582
13722	0.003272218021
13723	0.004492155527
13724	0.003950218765
13725	0.003681002197
13726	0.0005136852047
13727	0.001526674981
13728	0.005870219977
13729	0.001760746268
13730	5.002178647e-05
13731	0.005535384456
13732	0.001926761697
13733	0.00421744251
13734	0.004465244797
13735	0.003565026233
13736	0.0002398461443
13737	0.004756472398
13738	0.001398524964
13739	0.001492477002
13740	0.0001673554101
13741	0.00379776609
13742	0.0007751862826
13743	0.0004063240193
13744	0.001219694283
13745	0.0004332613881
13746	0.0002938356747
13747	8.734032477e-05
13748	1.351574389e-06
13749	0.0006833006236
13750	0.001692730386
13751	0.005315606681
13752	0.006771224288
13753	0.000691689715
13754	0.0009140778728
13755	0.004900456518
13756	0.0003606308899
13757	0.002025448595
13758	0.0004971824868
13759	0.001450483131
13760	0.0006570955568
13761	0.006171148321
13762	0.00644481165
13763	0.004084616156
13764	0.005726517677
13765	0.0005235174789
13766	0.0005329478834
13767	0.002927682426
13768	0.0001110854317
13769	0.001137541855
13770	0.002338458253
13771	0.0001829579854
13772	0.001823397973
13773	0.005715375067
13774	0.000124890474
13775	0.0001473386824
13776	0.000327103154
13777	0.006710126058
13778	0.0005198296133
13779	0.0002334473857
13780	0.002228227879
13781	0.0005998681262
13782	0.0001029474085
13783	0.0008047953831
13784	0.0002131155962
13785	0.003979803424
13786	0.001187710133
13787	0.004031770373
13788	0.003182079611
13789	0.00186090217
13790	0.003025968591
13791	0.003799080027
13792	0.003422101952
13793	1.521393463e-05
13794	0.002760409331
13795	0.0005556270624
13796	0.004125842973
13797	0.003364056911
13798	0.001745590534
13799	0.001147816677
13800	0.00214471171
13801	3.043896671e-05
13802	1.881686829e-05
13803	0.002359130326
13804	0.0004502513394
13805	0.007027168682
13806	0.001931112086
13807	0.001103259611
13808	0.001620283077
13809	0.001432098193
13810	0.0006651973978
13811	0.001293726664
13812	0.005314881976
13813	0.01087859141
13814	0.003446497417
13815	0.001147526891
13816	3.421615048e-05
13817	0.00274332119
13818	0.0001054621511
13819	0.002025039597
13820	0.00222091625
13821	0.003078278763
13822	0.004135088794
13823	0.00602001306
13824	0.002254762841
13825	0.002091280839
13826	0.001113459981
13827	6.471626746e-05
13828	0.007268166827
13829	0.0002707846766
13830	0.0007447106865
13831	0.0009727489267
13832	0.002777721011
13833	5.34377934e-05
13834	0.0001720852347
13835	0.0008321273811
13836	0.0008299999672
13837	0.006264528421
13838	0.003640059224
13839	0.003015218736
13840	0.0007507127343
13841	0.005115918493
13842	0.006752029643
13843	0.001318367318
13844	0.001334300352
13845	0.0005061086087
13846	0.0006980416405
13847	0.0008427574368
13848	0.005041812435
13849	0.003995881881
13850	0.0004806763492
13851	0.0005417635976
13852	0.00341810583
13853	4.00401503e-05
13854	0.002229679783
13855	0.001674216013
13856	0.001467867668
13857	0.004155843667
13858	0.005398501257
13859	0.0006385404149
13860	0.004092541618
13861	0.003853935356
13862	0.002613881246
13863	0.004171369164
13864	0.005954751981
13865	0.002587513069
13866	0.0003756752
13867	0.0001722868024
13868	0.001847528612
13869	0.001078246209
13870	0.002195339765
13871	0.002724752032
13872	0.0001023057979
13873	0.007117895748
13874	0.0001150392435
13875	0.001258430214
13876	0.001772540108
13877	0.001689445568
13878	0.001892716409
13879	0.00255066804
13880	0.004125980842
13881	0.004666669325
13882	0.003212321633
13883	0.001215819283
13884	0.002349380597
13885	0.0007831432647
13886	0.001783818919
13887	0.0001153536291
13888	0.003679671655
13889	0.003841071172
13890	9.199342599e-05
13891	0.0002823328354
13892	0.0001674095972
13893	0.0007650605492
13894	0.000427201552
13895	0.001319545807
13896	0.001124284005
13897	0.0005583400061
13898	0.0004367566409
13899	0.002077632739
13900	0.002427792743
13901	0.0007530482128
13902	0.001092696279
13903	0.0004570783154
13904	0.000307501974
13905	3.222977971e-05
13906	0.001202857611
13907	0.0009892395779
13908	0.001082695632
13909	0.001811211957
13910	0.001095506067
13911	0.0004769029125
13912	2.737931059e-05
13913	0.002444203242
13914	0.001071474707
13915	0.0007738188588
13916	0.001140409806
13917	0.0006786118762
13918	0.0009131636874
13919	0.0009721180583
13920	0.001280714651
13921	0.001346282168
13922	0.002047373594
13923	0.0007602741434
13924	0.005258576819
13925	0.0001417238802
13926	0.000507593685
13927	0.0002476769413
13928	0.0004659466149
13929	6.314740994e-05
13930	0.001385801394
13931	4.686293829e-05
13932	5.299739562e-06
13933	0.001531982083
13934	0.0002821324968
13935	0.0006698803161
13936	0.0004746042538
13937	0.001172085961
13938	8.06563026e-05
13939	0.0009728394115
13940	0.0001260610443
13941	0.004075559388
13942	1.950937002e-06
13943	0.001333125408
13944	8.874310659e-05
13945	0.001252670156
13946	0.0004754725788
13947	0.001508230361
13948	0.0001040997626
13949	0.001043353057
13950	0.004324389123
13951	0.0002560009638
13952	0.0005485207116
13953	0.002983648216
13954	0.0007255790152
13955	0.001836564047
13956	0.0001516979349
13957	0.005408819861
13958	8.579238988e-05
13959	5.260809614e-06
13960	0.000695455062
13961	0.0002945057348
13962	0.0001823387898
13963	0.001119899968
13964	0.0002390704482
13965	5.560974799e-08
13966	0.0001521265908
13967	0.001114309297
13968	0.0009727168464
13969	0.0001715794518
13970	0.004636718391
13971	0.0002271583311
13972	0.0002040290234
13973	0.001557331977
13974	0.001737521385
13975	0.0005934977458
13976	0.001064006097
13977	0.00149850653
13978	0.001955234587
13979	0.00082665479
13980	0.001084666633
13981	0.003790505403
13982	0.004211515762
13983	0.0008326332645
13984	0.0001662797242
13985	0.004638390758
13986	0.000198787634
13987	0.0003466444205
13988	0.001835309066
13989	0.0003413058671
13990	0.001331524837
13991	0.001536456987
13992	0.003854113082
13993	0.003223371566
13994	9.026963126e-05
13995	0.0021967187
13996	0.001137793369
13997	0.0004376109895
13998	0.000964530943
13999	0.001607433015
14000	0.00020681167
14001	0.003252944129
14002	0.001811642216
14003	0.002925731764
14004	0.003426484162
14005	0.0008818539103
14006	0.000150764344
14007	0.007101777184
14008	0.001578270614
14009	0.002483874792
14010	0.003332185597
14011	0.004348781152
14012	0.001039648712
14013	9.592885013e-05
14014	0.0001601216243
14015	0.004143206886
14016	0.0009709723581
14017	9.964627178e-05
14018	0.000286143441
14019	0.0008961145323
14020	0.0001295867501
14021	0.0003069044013
14022	0.0003108957389
14023	0.0007010742698
14024	0.003152643979
14025	0.0001076726225
14026	0.00136691875
14027	7.708742148e-06
14028	0.002758435134
14029	0.0004272988956
14030	0.002152770038
14031	0.002816869878
14032	0.0003466551141
14033	0.0003235077066
14034	0.004966987906
14035	0.005401339371
14036	0.0001704051144
14037	0.003866013139
14038	6.76038286e-05
14039	0.0007152889198
14040	0.002374948864
14041	0.00159758779
14042	0.001846022759
14043	0.006497576035
14044	0.003971810999
14045	0.002391885123
14046	0.001975329639
14047	0.002516894528
14048	0.008296806479
14049	0.0007195038488
14050	0.0004415857844
14051	0.001142123466
14052	0.005361959086
14053	0.002701496702
14054	2.208880176e-05
14055	0.0006539950436
14056	0.00111859946
14057	0.003395020078
14058	0.0002962913581
14059	3.758534191e-05
14060	0.001900469361
14061	0.004642342536
14062	0.001728884431
14063	0.001013341878
14064	0.001192194338
14065	0.001152919612
14066	8.138616157e-05
14067	0.0003346903005
14068	0.0003277457928
14069	0.002411919867
14070	0.0006161344536
14071	0.001199660889
14072	0.001462737917
14073	4.181587335e-06
14074	0.003770569317
14075	0.0002795673098
14076	0.0003348577401
14077	0.0003797442496
14078	0.001505862769
14079	0.0004467711859
14080	0.0002274026148
14081	0.0003161078753
14082	0.004557688785
14083	0.003908827351
14084	0.004244648182
14085	0.002015422603
14086	0.001769384927
14087	0.001310654111
14088	0.0007930294726
14089	0.001625159789
14090	0.003530477217
14091	0.0005699133413
14092	0.0006963760096
14093	0.004737401555
14094	0.00869569731
14095	0.001942788963
14096	0.0004624772767
14097	0.001166402194
14098	0.002311196824
14099	0.0005158219496
14100	0.0003608539133
14101	0.007676074861
14102	0.007481258997
14103	0.009089850631
14104	0.0008738631406
14105	0.004390609911
14106	0.0008943087891
14107	0.001445525789
14108	0.008071821277
14109	0.0003270327277
14110	0.00101474375
14111	0.0004239826729
14112	0.005655547527
14113	0.0006752158275
14114	0.004773539715
14115	0.003963182589
14116	0.000423338746
14117	0.001866689981
14118	0.0004219450423
14119	0.001482558817
14120	0.0004227755365
14121	0.0002825341733
14122	0.001435719423
14123	0.0006105996346
14124	0.001524619923
14125	3.182963537e-05
14126	0.001382781172
14127	8.402651264e-06
14128	0.0008485544674
14129	2.633418378e-05
14130	0.001218449969
14131	3.958362266e-05
14132	0.0007210453074
14133	7.99274517e-06
14134	0.0001672870524
14135	0.0007551894863
14136	0.0005491303562
14137	0.002351581603
14138	0.002590734924
14139	0.000639222097
14140	0.0009183498583
14141	0.001021457999
14142	0.0001782035156
14143	0.002746208941
14144	0.0007154081028
14145	0.001010120485
14146	0.0004057092381
14147	0.001365579019
14148	0.0007615533928
14149	0.000153395121
14150	0.003424223172
14151	1.093734412e-05
14152	0.001689681945
14153	0.001055635169
14154	0.0005140727608
14155	0.0001795538331
14156	0.001406432441
14157	0.001261687573
14158	0.000977295031
14159	0.000531436893
14160	0.003017620982
14161	0.001283734703
14162	0.002871334273
14163	0.001929244592
14164	0.002776056773
14165	9.770113203e-05
14166	0.004663043945
14167	0.002034030844
14168	0.001718597757
14169	0.0002286110044
14170	0.0001735200147
14171	0.001892562774
14172	0.0003029823864
14173	0.005956388547
14174	0.001090392003
14175	0.00203428319
14176	0.003807166811
14177	0.0001074328696
14178	0.0002592744306
14179	0.0001094847507
14180	0.001759836784
14181	0.00991921545
14182	0.0005946642058
14183	0.002522747061
14184	0.001646630419
14185	4.647396514e-05
14186	0.002319815417
14187	0.003868679436
14188	0.002563158063
14189	0.006357260151
14190	0.001431566265
14191	0.002455606847
14192	0.0001860120133
14193	0.0008005296953
14194	0.000312379061
14195	0.00335168889
14196	0.002774064667
14197	0.001152352596
14198	0.001449474744
14199	0.004546936173
14200	0.00411033136
14201	0.0002198556968
14202	0.002855214766
14203	0.002764696841
14204	0.004473355209
14205	1.077554708e-05
14206	0.0009281211389
14207	0.0009903596705
14208	0.004038829532
14209	0.0006514793882
14210	0.003425636869
14211	0.0002111810007
14212	0.003732875432
14213	0.0002923161629
14214	0.002279768343
14215	0.0007349116288
14216	0.001632366537
14217	0.0008167691105
14218	0.00238745382
14219	0.008062602715
14220	0.002709092614
14221	0.0003839003916
14222	0.001273406703
14223	0.001509625638
14224	0.000450143865
14225	0.001156017457
14226	0.001755977169
14227	0.0004464526041
14228	0.0001198609523
14229	0.001000297614
14230	0.00118620926
14231	0.004013562305
14232	0.0008266456097
14233	0.004968009851
14234	0.003047156661
14235	0.004163302074
14236	6.652107635e-05
14237	0.0009937719375
14238	0.0007413138377
14239	0.003961796219
14240	0.003688169397
14241	0.001250545093
14242	0.003590460134
14243	0.002739210801
14244	0.002263220443
14245	0.001271439763
14246	0.0005057186779
14247	0.003575285749
14248	0.003736475868
14249	0.00191332915
14250	0.0004098731753
14251	0.006519212497
14252	0.0006619504691
14253	0.006900346504
14254	0.001959177944
14255	0.0004759078974
14256	0.003341762474
14257	0.002122291797
14258	0.0009613181951
14259	0.00278887559
14260	0.0002280896458
14261	0.0002564012753
14262	0.00137221121
14263	0.0005663555775
14264	0.0005013262297
14265	0.002179235426
14266	0.002465949422
14267	0.000799656428
14268	0.003134749706
14269	0.006987583173
14270	0.00446457322
14271	0.0006307785673
14272	0.001634050018
14273	0.001270860569
14274	0.002242829648
14275	0.0004511546416
14276	0.002253005269
14277	0.001467832013
14278	0.00129003473
14279	0.001522229897
14280	7.199763129e-05
14281	0.001328514774
14282	0.003161379018
14283	0.003407334924
14284	0.000927589782
14285	0.0008521188853
14286	0.001984058285
14287	0.003704558834
14288	0.004626559458
14289	0.0001733938049
14290	0.0002421791624
14291	0.0008059355214
14292	0.005296656401
14293	0.0003026709324
14294	0.001219089919
14295	0.00472807748
14296	0
14297	0.0008078948659
14298	0.004014078923
14299	0.001117998259
14300	0.0002686410664
14301	0.006982925797
14302	0.004350348429
14303	0.00433045441
14304	0.0003739936362
14305	0.001807462005
14306	0.004063443466
14307	0.003513357986
14308	0.0008998929812
14309	0.001042918519
14310	0.0007154321
14311	0.0006383090869
14312	0.001225230801
14313	0.002009808199
14314	0.007056036652
14315	0.0003262089028
14316	0.0003919263059
14317	0.004427137149
14318	0.002046868777
14319	0.005355478153
14320	0.0001097127773
14321	0.0001282939987
14322	0.001039466136
14323	0.003659763234
14324	0.002711739384
14325	0.001034698053
14326	0.002400834248
14327	0.008124672155
14328	0.006717530268
14329	0.001068725283
14330	0.001399348982
14331	0.0001061304631
14332	0.001648997668
14333	0.003494203446
14334	0.00174613989
14335	0.0007456435118
14336	0.004670896883
14337	0.0008526339336
14338	0.0006415382813
14339	0.001458432842
14340	0.0005425531327
14341	0.002626285676
14342	0.00588108765
14343	0.001311996974
14344	0.001231330875
14345	0.001436137698
14346	0.002508395213
14347	0.002207937274
14348	0.0006440444016
14349	0.0004724270426
14350	0.002366282771
14351	0.0005659509991
14352	0.002090716936
14353	0.00455166361
14354	0.003286961352
14355	0.001470836648
14356	0.0004084337593
14357	0.006255613524
14358	0.0009851469729
14359	0.002693055951
14360	0.0007968769281
14361	0.0003793286498
14362	0.003866484894
14363	0.002281568897
14364	0.002687419499
14365	0.000756371043
14366	0.0006561399936
14367	0.001413270819
14368	0.001436636751
14369	0.0005647573749
14370	0.0006938359767
14371	0.002717133041
14372	0.001177176204
14373	0.001256979567
14374	0.002616857858
14375	2.209883177e-05
14376	0.0002016871814
14377	0.005225741512
14378	0.007384636765
14379	0.0006838800452
14380	4.155917348e-05
14381	0.0006443557186
14382	0.002850495244
14383	0.00122892246
14384	0.001636894797
14385	0.002238955555
14386	0.002964368213
14387	0.002986575353
14388	0.001286516523
14389	5.952762622e-05
14390	0.003159522422
14391	0.0029003174
14392	0.000998634537
14393	0.007985014032
14394	0.001900774409
14395	7.635629014e-06
14396	0.0009910964478
14397	0.0002059818624
14398	0.003925849025
14399	0.000976781824
14400	0.001096706433
14401	0.009709218914
14402	0.003358855287
14403	0.000569275376
14404	5.487578395e-05
14405	0.004370309992
14406	0.0003693984173
14407	0.002331769647
14408	0.0009083541578
14409	0.0005917588479
14410	0.006000843672
14411	0.002608165133
14412	0.002319090764
14413	0.0008836537592
14414	0.002197849298
14415	8.45705958e-05
14416	0.004994738884
14417	0.0007484878563
14418	0.0002816915367
14419	0.001864645226
14420	0.003076270033
14421	0.0003422466763
14422	0.005472399086
14423	0.0007088098303
14424	0.0004544327377
14425	0.002332975406
14426	0.001423412466
14427	0.000902119512
14428	0.00155529827
14429	0.0009942164228
14430	0.0010968845
14431	0.001001397497
14432	0.004654657942
14433	0.00872867798
14434	0.001578436263
14435	0.0001902643537
14436	0.001896993864
14437	0.002824421703
14438	0.001913112512
14439	0.005235433061
14440	0.001568805227
14441	0.0004993670694
14442	0.0002206637583
14443	0.005791675687
14444	0.006137983391
14445	0.0004917015365
14446	0.0002692370112
14447	0.0009577068142
14448	0.003051219255
14449	0.001088805844
14450	0.001450631215
14451	0.002869550367
14452	0.003590134727
14453	0.003243980371
14454	0.004661770661
14455	0.003703682174
14456	0.001498670003
14457	0.0005264753979
14458	0.001453982456
14459	0.00355136481
14460	0.002362418264
14461	0.002235540687
14462	0.003904283039
14463	0.002965896286
14464	0.003693410243
14465	0.0008787684314
14466	1.197187324e-08
14467	0.001345209605
14468	0.0006921237662
14469	0.0004574532353
14470	0.005471321886
14471	0.004442574324
14472	0.005517492809
14473	0.007111219401
14474	0.005989716867
14475	0.003406086147
14476	0.005663990293
14477	0.003932285548
14478	0.004060202741
14479	0.000532308418
14480	0.005280859494
14481	0.001038352522
14482	0.001754751044
14483	0.008364653584
14484	0.0009814497456
14485	0.001313296312
14486	0.001857323918
14487	0.0006882295691
14488	0.0006357110069
14489	8.931281981e-05
14490	0.0001758389043
14491	0.00164495969
14492	0.0007888269102
14493	0.0007420668589
14494	0.001808701499
14495	0.0001997688142
14496	0.0006541865762
14497	0.003144412166
14498	1.534086713e-05
14499	0.002041699558
14500	5.026838544e-05
14501	0.001079000818
14502	0.002109235125
14503	0.002096368651
14504	0.002082889314
14505	0.001054973673
14506	6.940877752e-05
14507	0.003101770024
14508	0.0006488969364
14509	0.002643424143
14510	0.0007068160662
14511	0.000854912099
14512	0.002242652128
14513	0.005767764272
14514	0.002684131235
14515	0.002087303953
14516	0.0001079170877
14517	0.001770697517
14518	0.002396132303
14519	0.0006317645947
14520	0.002392638196
14521	0.001816701451
14522	0.003826591924
14523	7.953306984e-05
14524	0.001808843518
14525	0.003232722337
14526	0.0003572288605
14527	0.0008718307596
14528	2.730902221e-05
14529	0.004133814223
14530	0.004640051759
14531	0.0002597708899
14532	0.0004785688651
14533	0.0008023991655
14534	0.0003624143187
14535	0.0005966673066
14536	2.006670619e-05
14537	0.00179132506
14538	0.0003829865926
14539	0.0007918004214
14540	0.0009461698992
14541	0.0006647745344
14542	0.0004526876362
14543	1.613757758e-05
14544	0.0003012464986
14545	0.0003925001343
14546	0.0002564763477
14547	0.001318871465
14548	0.0007663678965
14549	0.000668300913
14550	0.003492411542
14551	0.003476117347
14552	0.003200446321
14553	0.003316596873
14554	0.001216919068
14555	0.0004929709818
14556	0.002653219535
14557	0.001778919252
14558	0.00146353364
14559	0.004321637721
14560	0.005904148984
14561	0.001723696417
14562	0.003026108809
14563	0.003272688011
14564	0.000906456887
14565	0.0006381872753
14566	6.541781681e-05
14567	0.0006232213182
14568	0.002067263291
14569	0.001032883198
14570	0.001480624328
14571	0.0003452888468
14572	0.001594669377
14573	0.002848180285
14574	0.00211806182
14575	0.0009784204349
14576	0.00142553726
14577	0.001426525006
14578	0.003693436518
14579	0.0005208375819
14580	0.0002766617391
14581	0.003587623285
14582	0.002729525819
14583	0.0007773636254
14584	0.002893037109
14585	0.0006192915877
14586	0.002072100375
14587	0.003659875952
14588	0.0005257764489
14589	0.003850044936
14590	0.002183512027
14591	0.001733094436
14592	0.001037024397
14593	0.0004604645631
14594	0.0006173132822
14595	0.0004892652159
14596	0.001809652367
14597	0.00421628795
14598	0.001921391799
14599	0.00105095564
14600	0.0006652149273
14601	0.001598418043
14602	0.000831326704
14603	0.00363473684
14604	0.0007031366285
14605	0.001129504572
14606	0.00301043437
14607	0.003918245435
14608	0.005284664448
14609	0.0003035107444
14610	0.003144160713
14611	0.001111359204
14612	0.0009309673512
14613	0.002127690144
14614	0.002446881068
14615	0.001643839346
14616	0.001067983473
14617	0.00230161256
14618	0.0006747046294
14619	0.0008154274433
14620	0.004515838057
14621	0.003141284372
14622	0.002917966531
14623	0.0005713148321
14624	0.002339353202
14625	0.006374906908
14626	0.001253320865
14627	0.001328302195
14628	0.0001550250109
14629	0.0003698140307
14630	0.0003220157136
14631	0.001740737525
14632	0.0008589371891
14633	0.002338776619
14634	0.0009212579084
14635	0.00428279503
14636	0.000360382278
14637	0.0003001437896
14638	0.002393337232
14639	0.000721773201
14640	0.004023235292
14641	0.0009250340451
14642	0.004815219515
14643	0.003052928812
14644	0.005536861979
14645	0.003484178168
14646	0.0007066301671
14647	0.003092338801
14648	0.005569036732
14649	0.002469825564
14650	0.006014168512
14651	2.9895915e-05
14652	0.001665400652
14653	0.0001447837846
14654	0.00207745084
14655	6.968136357e-05
14656	0.002738321601
14657	0.005100066346
14658	0.002312394672
14659	0.0005773272459
14660	0.001858138702
14661	0.001255848036
14662	0.0005780291539
14663	0.0001911823243
14664	0.0002809888637
14665	0.002059178925
14666	0.0008544858397
14667	0.001124538213
14668	0.001608225528
14669	0.001460054045
14670	0.001084259776
14671	0.004796083316
14672	0.003833186936
14673	0.00330606011
14674	0.0001877309347
14675	0.0005077498399
14676	0.002179561947
14677	0.002287077134
14678	0.0006118160344
14679	0.001893758727
14680	0.0008022750201
14681	0.00503185739
14682	0.00285725923
14683	0.005618440277
14684	0.003249543036
14685	0.005747377601
14686	2.279056018e-05
14687	0.00159171531
14688	0.001042960577
14689	0.004583827057
14690	0.001835521303
14691	0.003221672892
14692	0.002832733796
14693	0.001812422362
14694	0.003374326694
14695	0.003419903931
14696	0.001442886456
14697	0.003363199141
14698	0.005081734877
14699	0.00273054167
14700	0.001512558998
14701	0.001498012295
14702	0.007392306786
14703	9.753100114e-05
14704	0.001303533157
14705	0.004036877265
14706	0.00300199092
14707	0.001521145168
14708	0.002110814102
14709	0.002774396305
14710	0.003477423713
14711	0.000837192783
14712	0.0007426248998
14713	0.0005521818949
14714	0.00281294422
14715	0.0007097594119
14716	0.001852770665
14717	0.0006556122452
14718	0.0009381897999
14719	0.002037159539
14720	0.0004652239667
14721	0.001158072015
14722	0.001677502697
14723	0.001052684754
14724	0.002435675386
14725	0.0006483723778
14726	0.003871864687
14727	0.003822336411
14728	0.001855113745
14729	0.002898134378
14730	0.0008666583126
14731	0.003846898942
14732	0.00274780219
14733	0.00289283812
14734	0.0008967269485
14735	0.002205003875
14736	0.005226743717
14737	0.001007388826
14738	0.002795283761
14739	0.0007474221415
14740	0.001768733768
14741	0.001596029782
14742	0.001040087442
14743	0.001350751128
14744	0.003313861811
14745	0.0004404142914
14746	0.001811233897
14747	0.002124406451
14748	0.001666651697
14749	0.005045358199
14750	0.002646856883
14751	0.00100166338
14752	0.0001555156347
14753	0.0001423040343
14754	0.002384777027
14755	0.001820527813
14756	0.007501992418
14757	0.007958016201
14758	0.004830597481
14759	0.005399491213
14760	0.0027359958
14761	0.001595610266
14762	0.0004635127051
14763	0.0008843341251
14764	0.003233582203
14765	0.000341108737
14766	0.007369162636
14767	0.001196236074
14768	0.003228881122
14769	0.005708297902
14770	0.001099381965
14771	0.0003643053111
14772	0.004716324273
14773	0.002157361477
14774	0.0009170533108
14775	0.002112507992
14776	0.003860943273
14777	0.00229910421
14778	0.0001065706671
14779	0.002650626859
14780	0.001035340438
14781	4.525351084e-05
14782	0.005683791854
14783	0.00556306299
14784	0.000950686694
14785	0.0004941416826
14786	0.0006506519716
14787	0.002236567367
14788	0.001414432583
14789	0.003148756837
14790	0.0009940166172
14791	0.0009344926048
14792	0.005211981183
14793	0.002615276455
14794	0.004271676722
14795	0.0009364118776
14796	0.003814724722
14797	0.005405202102
14798	0.0005135435575
14799	0.0003544990092
14800	0.004497130092
14801	0.001826853841
14802	0.0003664275947
14803	0.000197043542
14804	0.0009634056559
14805	0.007306574128
14806	0.0008713543378
14807	0.004275935514
14808	0.004392645787
14809	0.001203496262
14810	0.001231283208
14811	0.0006832099017
14812	0.001291577483
14813	0.001903128787
14814	0.0001875151101
14815	0.0005745300712
14816	0.005770476627
14817	0.000374352205
14818	0.00330345503
14819	0.004449550411
14820	0.00136521713
14821	0.0003735415984
14822	0.004970953227
14823	0.002248196072
14824	0.007154320569
14825	0.0007276424099
14826	0.000303680334
14827	0.0005725938591
14828	5.674060264e-05
14829	0.004634084861
14830	0.004563343232
14831	0.002055666989
14832	0.001061691263
14833	0.0001938871862
14834	0.0005758582293
14835	0.002574126058
14836	0.003081289394
14837	0.004001989273
14838	0.0006653196271
14839	0.001288396908
14840	0.0009079884082
14841	0.0009986788944
14842	0.001636906558
14843	0.003006393028
14844	0.003511237165
14845	0.006834266112
14846	0.0003265288238
14847	0.001893353547
14848	0.005983862688
14849	0.002968190675
14850	0.001482893162
14851	0.001356486972
14852	0.002514664808
14853	0.004408059464
14854	0.0006481858382
14855	0.0008089314774
14856	0.006158502895
14857	0.0004781440378
14858	0.000877152585
14859	0.00120407968
14860	0.005436255765
14861	0.002330984897
14862	0.0001421957505
14863	0.002004846067
14864	0.005529917825
14865	0.001021769503
14866	0.001463164209
14867	0.002758956801
14868	3.864420407e-06
14869	0.002960502582
14870	0.002165812382
14871	0.001357725529
14872	0.0004075927139
14873	0.003744508059
14874	0.00526825157
14875	0.0003577432219
14876	0.0001859163351
14877	0.003647427698
14878	0.0009584315974
14879	0.001728683068
14880	0.001428734993
14881	0.002137323473
14882	0.0009857342029
14883	0.003802491258
14884	0.006380144488
14885	0.0008002353349
14886	0.001143090308
14887	0.0054100166
14888	0.00567105047
14889	0.003840473336
14890	0.002273321232
14891	0.006626816082
14892	0.001123577993
14893	0.001012562617
14894	0.002642895058
14895	0.001394555177
14896	0.0001454976079
14897	0.0005426390903
14898	0.001657926662
14899	0.003965230421
14900	0.002650221536
14901	0.004866868313
14902	0.0001088539563
14903	0.001532205794
14904	0.001228673709
14905	0.005404712271
14906	0.004564036592
14907	0.001667548343
14908	0.003318651511
14909	0.0001245723551
14910	0.003523389293
14911	0.0005820729891
14912	0.005603202206
14913	6.078511298e-05
14914	0.001282827121
14915	0.001653774169
14916	0.00245745236
14917	0.002682574966
14918	0.0002611235914
14919	0.0007345958699
14920	0.003169898983
14921	0.000661287642
14922	8.66837692e-05
14923	0.003996520932
14924	0.004178842903
14925	0.001898511756
14926	0.004306599071
14927	0.002694187142
14928	0.001779091841
14929	0.004924356773
14930	0.001812161121
14931	0.001366821479
14932	0.0001110490768
14933	0.00529816292
14934	0.002091345446
14935	0.002542320362
14936	9.352168082e-06
14937	0.0003709539754
14938	0.002555233191
14939	0.006750620182
14940	0.003118078459
14941	0.0006324235206
14942	0.001541852625
14943	0.00218129713
14944	0.0003509734023
14945	0.001176626493
14946	0.002077458109
14947	0.002885818913
14948	0.008528215783
14949	0.0008879477256
14950	0.002705046903
14951	0.005404981224
14952	0.003352704121
14953	0.003493629697
14954	0.001581668951
14955	0.0005271072024
14956	3.031830165e-05
14957	0.0003180135355
14958	0.0006848111796
14959	6.059065588e-05
14960	0.001756507769
14961	0.002516273115
14962	3.62000452e-05
14963	0.0001842966316
14964	0.0002195758882
14965	0.0001384916958
14966	0.0005363062868
14967	0.0001263809918
14968	1.861409994e-05
14969	0.0003682288318
14970	0.000736406588
14971	0.000130721913
14972	0.003206276701
14973	8.664488116e-05
14974	1.532206431e-05
14975	0.001810934353
14976	0.007941112953
14977	0.0008076722751
14978	0.0001570570731
14979	0.0003010304462
14980	0.003944127808
14981	0.003785246121
14982	0.001860247284
14983	0.001670804612
14984	0.0009178549112
14985	0.001791927601
14986	0.001406816496
14987	0.0003864457599
14988	0.001447107599
14989	0.002616003123
14990	0.001196319333
14991	0.0003821328717
14992	0.003539917237
14993	0.001300931403
14994	0.001360691368
14995	0.003701833651
14996	0.0003552787011
14997	0.001929670116
14998	0.002371204627
14999	0.00238168653
15000	0.005204718368
15001	0.0006104692877
15002	0.0003654296762
15003	0.006159350927
15004	6.340072573e-05
15005	0.0001499528119
15006	0.0002696385361
15007	0.001629526714
15008	0.001285972563
15009	0.0006976892237
15010	0.003307929596
15011	0.002268483178
15012	0.001114743211
15013	0.0008009210357
15014	0.002382985398
15015	0.001499293999
15016	0.002187406544
15017	0.0001530899807
15018	0.002664799077
15019	0.001721811377
15020	0.002538850905
15021	6.688799386e-06
15022	0.000447679507
15023	0.0003148833978
15024	0.001047556666
15025	0.003847479457
15026	0.001838693676
15027	0.004976438612
15028	0.002365238557
15029	0.001888904551
15030	0.002572698829
15031	0.004669043204
15032	0.005819865932
15033	0.0006793161767
15034	0.0009180196345
15035	0.004955241695
15036	0.002953364373
15037	0.001744754004
15038	0.0001525476779
15039	0.003001796968
15040	0.002400226483
15041	0.0008837844917
15042	0.002840493812
15043	0.0003904627391
15044	0.004699781745
15045	0.0002112361389
15046	0.002262404944
15047	0.001860813052
15048	0.004991371494
15049	0.003614943494
15050	0.003079776934
15051	0.003556407162
15052	0.001293253262
15053	0.0001587802442
15054	0.001362526303
15055	0.001242748397
15056	0.0008789512402
15057	0.0002417715822
15058	0.001954165519
15059	0.0005752082051
15060	0.002384565158
15061	0.001263263245
15062	0.003119396327
15063	0.002175053144
15064	0.0008134064389
15065	0.001215055014
15066	0.0008276554959
15067	0.0001350859823
15068	0.004532762637
15069	0.001041985823
15070	0.004985328194
15071	0.007700477337
15072	0.0003649216598
15073	0.002918972289
15074	0.0008814686278
15075	0.005956534312
15076	0.002764203882
15077	0.002675467157
15078	0.00299279064
15079	0.00110651755
15080	0.002822879618
15081	0.001326723464
15082	0.002185945082
15083	0.0005123205645
15084	0.001727972254
15085	0.001218875826
15086	0.0007671469595
15087	0.0002264278605
15088	0.001320635876
15089	0.00333053035
15090	0.002699749258
15091	0.001774113722
15092	0.002464857262
15093	0.001388177257
15094	0.002413420679
15095	0.0003268002923
15096	0.005072381849
15097	0.004528320556
15098	0.006268208728
15099	0.0001511395013
15100	0.001374456115
15101	0
15102	0.001348992588
15103	0.00129616691
15104	0.001002376968
15105	0.00131140041
15106	0.001889950446
15107	0.003311074751
15108	0.002885726083
15109	0.00206849827
15110	0.002392821807
15111	0.00257833366
15112	0.004522823847
15113	0.001680753936
15114	0.0003045744284
15115	0.003875876384
15116	0.0005619161412
15117	0.003718676372
15118	0.003258174835
15119	0.002459772942
15120	0.002320934836
15121	0.0007616534855
15122	0.001759213139
15123	0.005243000325
15124	0.002776764214
15125	0.005258962461
15126	0.002727131996
15127	0.003252963212
15128	0.001116359584
15129	0.000251231654
15130	0.00284021671
15131	0.00338870343
15132	0.001006893739
15133	0.006076731051
15134	0.0007624368707
15135	0.003171166483
15136	0.001526156439
15137	0.001705477509
15138	0.001777366073
15139	0.0007887947322
15140	0.0004643357676
15141	0.000402486164
15142	0.003519276328
15143	0.001198460941
15144	0.00245966834
15145	0.003271425011
15146	0.0006945126986
15147	0.0008433289605
15148	0.006680434869
15149	0.00275427276
15150	0.001209496946
15151	0.0009499079775
15152	0.002749055708
15153	0.001064322219
15154	0.001413652692
15155	0.006212571249
15156	7.144304964e-05
15157	0.0006367060701
15158	0.001810959188
15159	0.004378574639
15160	5.945653955e-05
15161	0.001157911341
15162	0.002524206815
15163	0.001130581426
15164	0.006846985939
15165	0.001080092325
15166	0.0002599156746
15167	0.001367655747
15168	0.004531424333
15169	0.001253501951
15170	2.793742018e-07
15171	0.002647396674
15172	0.001692588301
15173	0.004825458918
15174	0.004218517616
15175	0.0003884204811
15176	0.0003414696156
15177	0.001322048047
15178	0.0009029666521
15179	2.160979721e-05
15180	0.001758863689
15181	0.00124867433
15182	0.0003627829352
15183	0.0003004738765
15184	0.005743069707
15185	0.0003876303588
15186	0.0001610145364
15187	0.001340698262
15188	7.513523393e-05
15189	0.001891161759
15190	0.0001063469524
15191	0.0003549898446
15192	0.001207669696
15193	0.0009254702589
15194	0.001743099716
15195	0.003382754515
15196	0.001789972303
15197	0.00289597517
15198	0.001683490054
15199	0.001727217942
15200	0.00421876134
15201	0.001827274362
15202	0.003973991301
15203	0.0006078717453
15204	0.003613060834
15205	0.001097985863
15206	0.000573119173
15207	0.004834687857
15208	0.002123727895
15209	0.002406038699
15210	0.0007701489377
15211	0.001495504613
15212	0.003447726385
15213	0.0003241570639
15214	0.002335514629
15215	0.006566278586
15216	0.0002259060406
15217	0.004642560399
15218	0.0008086795438
15219	0.003069312546
15220	0.003292478682
15221	0.0006065357261
15222	0.005520878924
15223	0.0002572115263
15224	0.0007732861858
15225	1.773045133e-05
15226	0.0008732220407
15227	0.001848411224
15228	0.003038274961
15229	0.001812188819
15230	0.001805487041
15231	0.001234002434
15232	0.003070370049
15233	0.00337853927
15234	6.39502779e-05
15235	0.001517984166
15236	0.005444345394
15237	0.005060981523
15238	0.00138047636
15239	0.003731429144
15240	0.003652528981
15241	0.004082213273
15242	0.001991063983
15243	0.0003739137923
15244	0.001862042876
15245	0.003637416137
15246	0.003229970188
15247	1.63320464e-05
15248	0.0009798542913
15249	0.0001626600104
15250	0.001387546841
15251	0.003409993489
15252	0.0002452973175
15253	0.002765022351
15254	0.004282399337
15255	0.004051000502
15256	0.003936910053
15257	0.001612689865
15258	0.002229294564
15259	0.002212355242
15260	0.001528176577
15261	0.003650180997
15262	0.0002738600623
15263	0.002079753191
15264	0.0003016885064
15265	0.001977398968
15266	0.003611178755
15267	0.003495984464
15268	0.003892585915
15269	0.002352169843
15270	0.00298043738
15271	0.00234375639
15272	0.003176557033
15273	0.003153244189
15274	0.003653239189
15275	0.002547058701
15276	0.004685416455
15277	0.0008830776181
15278	0.002915406374
15279	0.006635110658
15280	0.003494812274
15281	0.0006782509054
15282	0.004296466006
15283	0.002930050345
15284	0.003448226795
15285	0.0005347415691
15286	0.0007162763228
15287	0.0003720333448
15288	0.0004696796333
15289	0.005308261939
15290	0.002664614703
15291	0.0009278781849
15292	0.0004897264618
15293	0.002367992627
15294	0.0004655970229
15295	0.0003959440024
15296	0.002752913193
15297	0.004928347672
15298	0.002019721372
15299	0.000862912981
15300	0.002596912398
15301	0.003744969114
15302	0.005308640286
15303	0.002325375768
15304	0.002372142965
15305	7.38401797e-05
15306	0.003337319847
15307	0.000454741187
15308	0.001516959044
15309	0.0004597928447
15310	0.001463524667
15311	0.0054532586
15312	0.0004578043382
15313	0.004346584788
15314	0.000895357278
15315	0.003681266567
15316	0.001106519883
15317	0.002615976942
15318	0.004846707084
15319	0.002848317883
15320	0.005770784159
15321	0.002722638873
15322	0.001025094289
15323	0.0005885470503
15324	0.00243305827
15325	0.002999759638
15326	0.003945605986
15327	0.002041427578
15328	0.0009268496728
15329	0.002117265956
15330	0.0002233355697
15331	0.008425080857
15332	0.00488779146
15333	0.001528476796
15334	0.001486764755
15335	0.001923293736
15336	0.002772202845
15337	0.001625210869
15338	0.002020188625
15339	0.003486848217
15340	0.006498617041
15341	0.00663260374
15342	0.0001500002215
15343	0.0006020844072
15344	0.002239166301
15345	0.004855001713
15346	0.0001898442019
15347	0.002750675587
15348	0.005401687091
15349	0.001467496587
15350	0.000714790051
15351	0.0003337345464
15352	0.003425295608
15353	0.004294435148
15354	0.0004004320009
15355	0.002107488819
15356	0.0005204684465
15357	0.0004043072214
15358	0.001095648396
15359	5.30002602e-05
15360	2.977160253e-05
15361	0.002384063964
15362	2.753335478e-05
15363	0.000256762742
15364	0.0007418698134
15365	0.0004754080864
15366	0.0001808878428
15367	0.0004452294289
15368	0.001374510969
15369	0.002742859143
15370	0.0008948219535
15371	0.001798378652
15372	0.0007062735362
15373	0.0001708873709
15374	0.002082475048
15375	0.0005521732292
15376	0.0002275663025
15377	0.0003721489318
15378	0.0002360630529
15379	0.0004653988622
15380	0.0004053987724
15381	0.0003658109068
15382	0.003333922882
15383	0.001016736412
15384	0.0007870449355
15385	0.0002299947666
15386	0.002224035809
15387	0.0003235944596
15388	0.001237726015
15389	0.001228436111
15390	1.46609512e-05
15391	0.00655747293
15392	0.006686263066
15393	0.006117577737
15394	0.007058626684
15395	0.0006638258338
15396	0.005731790194
15397	0.004894815125
15398	0.005618103028
15399	0.002361375332
15400	0.002755005088
15401	0.00032415415
15402	4.607944492e-05
15403	0.002011153253
15404	0.0006888260916
15405	0.0001211846893
15406	0.0003898854132
15407	0.002213015488
15408	0.0007768824365
15409	0.0001613262674
15410	0.001489060175
15411	0.004293603198
15412	0.007508960009
15413	5.86921278e-05
15414	3.383182666e-05
15415	0.00115481258
15416	0.0002981118749
15417	0.002686413407
15418	5.216866274e-05
15419	0.0008161610896
15420	2.809430721e-05
15421	0.0006929738529
15422	0.0001172070118
15423	0.00393766284
15424	0.0001270209479
15425	0.0007857067404
15426	0.0007596318874
15427	0.0007018263317
15428	0.0006468436856
15429	0.0002128906244
15430	0.001289919004
15431	0.002443414007
15432	0.002451911651
15433	0.001350002336
15434	0.0001295691372
15435	0.00197745006
15436	0.002459716836
15437	0.001257867584
15438	0.004514371116
15439	0.002086568931
15440	0.001626818614
15441	0.00253099455
15442	0.005609313789
15443	0.0003656326306
15444	0.002974717335
15445	0.001816401683
15446	0.003249009267
15447	0.003019714836
15448	0.008345662648
15449	0.0002649710773
15450	0.0005067309753
15451	0.00340656015
15452	0.008341180188
15453	0.0007610738027
15454	0.0004921698531
15455	0.0004939160648
15456	9.822070453e-05
15457	0.0004252243884
15458	0.0003598153778
15459	0.001210108813
15460	0.001586037224
15461	0.000711684735
15462	0.0001188180464
15463	0.002538381321
15464	0.003894596471
15465	0.001127496298
15466	0.0001515123667
15467	0.0003350307405
15468	0.004561483516
15469	0.002777428369
15470	0.0008624808453
15471	0.004484069885
15472	0.002470657334
15473	0.0004104088026
15474	0.0003426913753
15475	0.001723848364
15476	5.539703867e-05
15477	0.0003815087
15478	0.009374563723
15479	0.001240136071
15480	0.005662746517
15481	0.002826818493
15482	0.0007393843313
15483	0.0005643254935
15484	0.0003026093999
15485	3.314447219e-05
15486	0.000567470932
15487	0.002267502368
15488	0.00386163762
15489	0.0001870345448
15490	0.009235923879
15491	0.002385316526
15492	2.39041156e-05
15493	0.0004641992457
15494	0.000176248623
15495	0.000282921517
15496	0.000527442298
15497	0.00147878563
15498	0.002567101184
15499	0.0001289239606
15500	0.0002894590308
15501	0.0005064324493
15502	0.001622913082
15503	0.001447550828
15504	0.002159504488
15505	0.0001661914553
15506	0.0001062702791
15507	0.004526925957
15508	0.003478227296
15509	0.0003889618427
15510	1.80616929e-05
15511	0.001024124256
15512	0.001924389394
15513	0.004077284898
15514	0.0001778305273
15515	0.0002681698494
15516	0.004197535094
15517	0.0008718012448
15518	0.001992988
15519	0.001859838901
15520	0.001551265373
15521	0.0008279143351
15522	0.0003798348188
15523	0.0002387034366
15524	0.00383682768
15525	0.0001859218486
15526	0.00850582341
15527	0.0008069185227
15528	0.006060584173
15529	0.006062310383
15530	0.0002314544685
15531	0.002411680837
15532	0.0004179064025
15533	0.002279785484
15534	0.002755543081
15535	0.002450561168
15536	0.005558066541
15537	0.002143495304
15538	0.005347736096
15539	0.002427701996
15540	0.001573335942
15541	0.002243321804
15542	0.004393326052
15543	0.000238153258
15544	0.001432722335
15545	0.0007645446966
15546	0.002954440047
15547	0.003827965821
15548	0.006818975369
15549	0.000422711175
15550	0.003840302581
15551	0.0007207227668
15552	0.007691666007
15553	0.001783125844
15554	7.820612558e-05
15555	0.0009938544882
15556	0.001405302628
15557	0.003871927822
15558	0.0007708538978
15559	0.0004016630574
15560	0.0003785648881
15561	0.001759084795
15562	0.004925906998
15563	0.002088869416
15564	0.007161888314
15565	0.003130787173
15566	0.002007488071
15567	1.139197483e-05
15568	0.003912972254
15569	0.0008850447902
15570	0.001381355555
15571	0.007937370418
15572	0.001085916721
15573	0.0005208396754
15574	0.002441437573
15575	0.0002056967483
15576	0.003361787969
15577	0.000218199895
15578	7.332067139e-05
15579	0.003743027504
15580	0.0007928923595
15581	0.001130258482
15582	0.0002590547493
15583	0.0003781442429
15584	0.00228681199
15585	0.004722154231
15586	0.0007069407366
15587	0.0002945928829
15588	0.000609772049
15589	0.001530354841
15590	0.002594495226
15591	0.0002876621176
15592	0.0009370444713
15593	0.0005115357594
15594	0.0008424201277
15595	0.0006049123771
15596	0.005247449248
15597	0.004784643952
15598	0.000753109808
15599	0.002848562613
15600	0.0008696592014
15601	3.038801751e-05
15602	0.0002486084981
15603	0.0001668763121
15604	0.0004080281456
15605	0.0003949109461
15606	0.0005178052076
15607	0.0002896445352
15608	0.000175180589
15609	0.001373444742
15610	0.0005653616125
15611	7.550889361e-05
15612	0.0001896631908
15613	0.0005498808316
15614	0.000453477132
15615	0.0005730972343
15616	0.003840779943
15617	0.0002854136989
15618	4.987187618e-05
15619	0.0009330007923
15620	8.51484322e-05
15621	0.001394315401
15622	0.0001775777652
15623	8.513714844e-05
15624	0.0003657973715
15625	6.572206446e-05
15626	0.0002149162186
15627	0.006039228207
15628	0.0006929112615
15629	0.0005936441102
15630	4.553952049e-05
15631	0.002214374036
15632	0.001361746252
15633	0.001262751408
15634	0.0003268105006
15635	0.0006931428902
15636	0.001124368409
15637	0.00011055464
15638	0.001553307001
15639	9.894671661e-05
15640	0.0003297204605
15641	0.0001159390629
15642	0.000785910826
15643	0.0002787589149
15644	0.0001462068878
15645	0.0005617802745
15646	0.0004997505472
15647	0.0005009766754
15648	0.0006828125053
15649	0.0006240897152
15650	0.0002615663532
15651	3.954652249e-06
15652	0.0007722726042
15653	5.719304552e-05
15654	0.0005616624736
15655	0.0005914707183
15656	0.001129781189
15657	0.0008246186483
15658	0.001073662309
15659	0.0007533560435
15660	0.0003425976449
15661	0.0007104695803
15662	0.001589861622
15663	0.0006287531445
15664	0.0001061461244
15665	0.0004977498862
15666	0.000451135345
15667	0.002106942892
15668	3.914487383e-05
15669	0.001071535926
15670	0.0009634190418
15671	0.0009401534459
15672	0.0005590770808
15673	0.002145254588
15674	0.003398914767
15675	0.0001300269937
15676	0.0001925764123
15677	0.001266932589
15678	0.001386298346
15679	0.0007220353173
15680	0.0009503213611
15681	0.001043160839
15682	0.0004217638938
15683	0.0001744305483
15684	0.0002444878348
15685	0.0004644959932
15686	0.0002259824089
15687	0.0004132734754
15688	0.0007599125643
15689	0.0007971375616
15690	0.0001457298456
15691	0.0002463967114
15692	0.0004106617944
15693	0.0002741392767
15694	0.0001875077474
15695	0.001317158291
15696	5.493477221e-06
15697	0.0005304122212
15698	0.0006210888138
15699	5.142757602e-05
15700	3.903648917e-05
15701	0.00291543652
15702	0.002578186124
15703	0.0007466357582
15704	0.0005564462509
15705	0.0001190563119
15706	0.0001161909148
15707	0.0002872327894
15708	0.001199677155
15709	0.0005730397354
15710	0.0008081195038
15711	9.726936738e-05
15712	7.900086626e-05
15713	4.588474857e-05
15714	0.0002068988278
15715	0.0001636850823
15716	0.0005403770297
15717	0.0009016016614
15718	0.001194375087
15719	0.0003395375544
15720	0.002483598352
15721	2.662905042e-05
15722	0.0008284503074
15723	0.000345155414
15724	0.002195015884
15725	0.0008013270967
15726	0.0005044326402
15727	6.964248415e-05
15728	0.0002669984721
15729	9.301930306e-07
15730	0.0006973742513
15731	1.570945673e-05
15732	0.0009583893278
15733	0.0002389646735
15734	0.003009192575
15735	0.0004502624259
15736	0.0002624132741
15737	0.0002898329383
15738	0.00144316881
15739	1.021355164e-06
15740	0.003427209944
15741	0.0006540270365
15742	0.0004292456076
15743	0.0002758355997
15744	0.001535182901
15745	0.0002747982096
15746	0.001444145028
15747	0.002681958072
15748	0.000785211105
15749	9.225176717e-05
15750	0.001928000998
15751	0.0007332663315
15752	0.001827941404
15753	0.00180291841
15754	0.0006978287769
15755	0.0004350766748
15756	0.0003272742676
15757	0.0006907067431
15758	0.001480877331
15759	0.0003043600654
15760	0.000172813241
15761	0.001902522725
15762	0.00131501386
15763	0.001330563427
15764	0.0006906021495
15765	0.000245877376
15766	0.001540330115
15767	0.002476315145
15768	0.004189732207
15769	0.0002874748304
15770	0.005728039655
15771	0.0003140110684
15772	0.004392297702
15773	0.0002235510368
15774	0.0001756943663
15775	0.0001147157901
15776	4.020334524e-05
15777	0.0003170631896
15778	8.51633994e-05
15779	0.001095870934
15780	0.000424350804
15781	0.0002278630962
15782	0.0008480960248
15783	0.0001743096319
15784	0.0001876037025
15785	0.0002593811874
15786	8.688965494e-05
15787	0.001172262192
15788	0.003109484815
15789	0.001439049929
15790	0.0001403897798
15791	0.0002533146819
15792	0.001858126179
15793	0.0004541932049
15794	0.002418118743
15795	0.0003480291659
15796	0.001604428923
15797	0.002049502839
15798	0.002528738097
15799	0.0006837500541
15800	0.0001856311662
15801	0.001011970488
15802	0.0006002781786
15803	0.000207103915
15804	0.003482758825
15805	0.003076888704
15806	0.0007330166328
15807	0.001858750688
15808	0.003720496349
15809	0.0003237895023
15810	0.0001867373876
15811	0.0008244145993
15812	9.561498901e-05
15813	0.0006926323594
15814	0.0002510824284
15815	0.0004328999317
15816	0.0003593456823
15817	0.001957705608
15818	0.0003120043005
15819	4.939441564e-05
15820	0.000342230176
15821	0.00155055426
15822	0.0006228787798
15823	0.0005295166341
15824	0.002217240806
15825	0.0009239836106
15826	0.001649112175
15827	0.00346085437
15828	0.00198111455
15829	0.000715392983
15830	0.0005465531177
15831	0.001430288229
15832	0.001599448879
15833	0.000931497271
15834	0.0005110868083
15835	0.002183313069
15836	0.0003528812169
15837	0.0003064646653
15838	0.001101470822
15839	0.001515506266
15840	0.0007689451239
15841	0.001696099434
15842	0.0008464747527
15843	0.0004889869401
15844	0.002635406533
15845	0.001280647604
15846	0.001233194773
15847	0.0009014497876
15848	0.001296208599
15849	0.0006765868047
15850	0.0002854535236
15851	0.006435384736
15852	0.0002830801947
15853	0.004276956278
15854	0.003169078279
15855	0.00125329236
15856	0.002430064885
15857	5.910440822e-05
15858	0.003170261042
15859	0.0003774797206
15860	6.075681262e-05
15861	0.004910018544
15862	0.0004832439535
15863	0.002902624512
15864	0.003494124788
15865	0.0003074218896
15866	0.004201490155
15867	9.193022844e-05
15868	0.0005212790686
15869	0.001077871095
15870	6.603430731e-05
15871	0.0009169453022
15872	0.00145840501
15873	0.0001103018334
15874	0.0007389259781
15875	0.003934156675
15876	0.0004478550069
15877	0.0005696124653
15878	0.001048810698
15879	0.0002329914133
15880	0.0005273489258
15881	0.002576289401
15882	2.47835509e-05
15883	5.777773211e-05
15884	0.0009106029613
15885	0.0001683288655
15886	0.002404456943
15887	0.003592868183
15888	4.167710591e-05
15889	9.537675556e-05
15890	0.0004997732052
15891	0.000719723165
15892	0.000157958539
15893	0.0005001185711
15894	0.002181648232
15895	0.0003009774313
15896	0.0008734602248
15897	0.000675567206
15898	0.002716746881
15899	0.001311297221
15900	0.002664816412
15901	0.000259543395
15902	0.0009033075544
15903	0.0005834744823
15904	0.0002004327654
15905	0.001000149598
15906	0.001945900986
15907	3.206058585e-05
15908	0.002399588931
15909	0.002099304968
15910	0.0008591468991
15911	0.002247715596
15912	0.002025581187
15913	5.537548086e-06
15914	0.001178479451
15915	0.00204321586
15916	0.00410361243
15917	0.0013127019
15918	0.0003059562549
15919	0.0001923339142
15920	0.002283991691
15921	0.0005663508302
15922	0.001227011676
15923	0.001371154353
15924	0.001656562876
15925	0.0006198362688
15926	0.0005787073099
15927	0.0005219722573
15928	0.0006218204603
15929	0.0007341337089
15930	0.001401743012
15931	0.0008099215831
15932	0.0005471964129
15933	0.0002764295773
15934	0.0005325595002
15935	0.002112893245
15936	0.001227871568
15937	0.0009677938241
15938	0.0001767717062
15939	0.001083648196
15940	0.0005913262731
15941	0.001068535486
15942	0.0001942277482
15943	0.0001399310587
15944	0.002964423952
15945	0.0007233330036
15946	4.470339923e-05
15947	0.001850466398
15948	0.003445640565
15949	0.0003418134638
15950	0.006072108959
15951	7.598111874e-06
15952	0.0001370204712
15953	0.0006325400906
15954	0.001274381975
15955	0.0002909842618
15956	9.708734403e-05
15957	0.0005677618747
15958	0.0001264373977
15959	0.0004907488306
15960	0.000192672829
15961	0.001346627323
15962	0.0004461471594
15963	0.0001779129625
15964	0.0004012233245
15965	0.0002289579923
15966	0.0004324109021
15967	0.0007407996111
15968	0.0007676209635
15969	0.0009745548351
15970	0.00106061892
15971	0.0004144705219
15972	0.0006677991908
15973	0.0001125867871
15974	0.001221455095
15975	0.0009497907465
15976	0.0003107591706
15977	0.000759538306
15978	0.0001655389378
15979	0.0001189867356
15980	0.0002858738081
15981	0.0004198226185
15982	0.001090331799
15983	2.178402859e-05
15984	0.002558756503
15985	0.003357214397
15986	0.003248493905
15987	0.0003311731826
15988	0.003067559536
15989	5.843276071e-05
15990	0.0002833077551
15991	0.000968109192
15992	8.387814098e-05
15993	0.0001489258246
15994	0.0003159734792
15995	8.502539828e-05
15996	0.0004166877099
15997	0.001723223808
15998	0.000715810476
15999	0.0003803304067
16000	0.0003230456793
16001	0.0007937234318
16002	0.00269779408
16003	0.0002492635853
16004	0.0002535648337
16005	0.001391324677
16006	5.385401682e-06
16007	6.168251579e-05
16008	0.001330223769
16009	0.0007580286803
16010	0.006572608403
16011	0.001064696703
16012	0.0007578489097
16013	7.330880204e-06
16014	0.0004552944454
16015	0.00135757825
16016	0.0006959238108
16017	0.0001083963936
16018	0.001874833696
16019	0.0002702410058
16020	0.001996650738
16021	0.0003039303367
16022	0.0005411328251
16023	0.0002650784316
16024	0.002598910352
16025	0.0001878621515
16026	0.0002320574468
16027	0.0001799466677
16028	0.0004309076368
16029	0.0001998632465
16030	0.0002035860859
16031	0.0002661516745
16032	0.001711387616
16033	0.003691590495
16034	0.0005179879026
16035	0.0002191522951
16036	0.0001121341704
16037	0.0007159224973
16038	0.003007166896
16039	0.001440149643
16040	0.0005954407801
16041	0.0003942329886
16042	0.000339709675
16043	8.286185723e-05
16044	0.0009797671952
16045	0.0007464771719
16046	1.904994104e-05
16047	0.0003354556429
16048	0.0005349275946
16049	0.0008586258056
16050	0.0005466416249
16051	0.0008096063067
16052	0.000945288452
16053	0.002762640654
16054	0.0001247005483
16055	0.0007759992364
16056	0.0002877247369
16057	0.001277396389
16058	0.002334662132
16059	8.8856837e-05
16060	0.001160511144
16061	0.002194115472
16062	0.0001929631027
16063	0.0001937786337
16064	0.003229478245
16065	9.051249108e-05
16066	0.0005282863524
16067	0.0008068492282
16068	0.0007451802284
16069	0.0008923911769
16070	0.0003529727011
16071	0.0002839772856
16072	0.0002183840691
16073	0.0007627324587
16074	0.0001389300944
16075	0.0001105469286
16076	0.0001991937687
16077	0.0002229639386
16078	0.0001795097195
16079	5.533760066e-05
16080	0.0006599114907
16081	0.0009337487637
16082	0.001150060255
16083	0.002968939478
16084	0.0006628195562
16085	0.0008697967635
16086	4.854143254e-05
16087	0.00213841812
16088	0.0009707823237
16089	0.005653090641
16090	0.0001944093115
16091	0.004446441824
16092	0.001466814537
16093	0.00141512845
16094	0.0002316617379
16095	2.844094186e-05
16096	4.5738164e-05
16097	0.0003238719281
16098	0.001440966263
16099	0.002421785703
16100	0.0003468708398
16101	0.001055216834
16102	0.0002082056062
16103	0.000495039667
16104	0.0002851787712
16105	0.001573054449
16106	0.0005302724358
16107	0.0007672668046
16108	0.0001035749384
16109	0.0006496223996
16110	0.0001296662722
16111	0.0001976751679
16112	0.0002728723964
16113	0.001408352445
16114	0.0004178541375
16115	0.005689826952
16116	0.002962701198
16117	0.0003540457608
16118	0.0009753152551
16119	0.000190982228
16120	6.690279642e-06
16121	0.000168558231
16122	0.0003698830247
16123	0.00584450516
16124	0.0009381742889
16125	0.001055404067
16126	0.0008361499382
16127	8.396542696e-05
16128	3.064078644e-05
16129	0.005840803258
16130	0.001536602569
16131	5.130388122e-05
16132	0.001574446958
16133	0.0002424225042
16134	0.001409636107
16135	0.000993583897
16136	0.001330126888
16137	0.003253080466
16138	0.0005404772491
16139	0.0002383029636
16140	0.00167558808
16141	0.000804077842
16142	0.0002431131517
16143	0.0009102133318
16144	0.001333534164
16145	9.690619669e-06
16146	0.001408334554
16147	0.0003536349757
16148	0.001408545036
16149	0.0003127614311
16150	0.000498801061
16151	0.001329947291
16152	0.0004882190265
16153	0.0007472151721
16154	0.00218676275
16155	0.0007818811693
16156	7.714129055e-05
16157	0.0008951933213
16158	0.0001339558
16159	0.00214858114
16160	0.0004994728449
16161	0.0004840517907
16162	0.0002432148514
16163	0.001832985786
16164	0.003010670469
16165	0.001252663101
16166	0.001198058052
16167	0.0007082737642
16168	0.006683868889
16169	0.001756089901
16170	0.001573944307
16171	0.001064471968
16172	0.0005797572941
16173	0.0005384928632
16174	0.0004532932176
16175	0.00778055751
16176	0.004250325615
16177	0.0001469952552
16178	0.001623924056
16179	0.001826084924
16180	0.0003878997832
16181	0.0005281614272
16182	3.908705199e-05
16183	0.0008682710766
16184	0.0001497762567
16185	0.0005752718696
16186	0.0007920090857
16187	0.0004856331136
16188	0.0001061731101
16189	0.003040901407
16190	0.002307805048
16191	0.0001306910567
16192	0.0004467006483
16193	0.0001693486203
16194	0.0005294181996
16195	8.695401744e-05
16196	0.0001047765155
16197	0.0006082435277
16198	0.0002247017474
16199	0.000372759511
16200	0.0007795926239
16201	0.00101311619
16202	0.0004396089378
16203	0.0008787754709
16204	3.637068288e-05
16205	0.002194655153
16206	0.003076355851
16207	0.002290617712
16208	0.0001032306768
16209	0.0002818820587
16210	0.003380270528
16211	3.718557868e-05
16212	0.0005099399745
16213	0.005570260286
16214	0.0003710389429
16215	0.00188474911
16216	0.0002418240463
16217	0.002181919465
16218	0.0008087858247
16219	0.0001704580761
16220	0.006464573556
16221	0.001046627889
16222	0.007467717551
16223	0.004358227737
16224	0.0001883509583
16225	0.0006195492153
16226	0.004825568086
16227	0.00588478661
16228	0.002966895421
16229	0.001357824246
16230	0.00152622688
16231	0.00115598854
16232	0.001472475808
16233	5.789103729e-05
16234	0.0009947631447
16235	0.002598241437
16236	0.0001753912925
16237	0.003458076319
16238	0.002350905677
16239	0.0008009854247
16240	0.0022712228
16241	0.0001840158524
16242	0.005038615323
16243	0.0009079976566
16244	0.0002371282228
16245	0.004200636689
16246	0.0027044787
16247	0.0004196195273
16248	0.000545292409
16249	0.006674852696
16250	0.0001794693422
16251	0.0009288779053
16252	0.0004280467693
16253	0.002760363894
16254	0.0005233564062
16255	0.0003088021713
16256	0.000190878665
16257	0.0002278081024
16258	0.00212363446
16259	0.0006781059608
16260	0.000388025331
16261	0.0004632309463
16262	0.001919959663
16263	0.001884725897
16264	1.223239808e-05
16265	0.0003230074475
16266	0.0003975480041
16267	0.001279880289
16268	0.001956085801
16269	0.0008980754954
16270	0.002135254067
16271	0.0007255431242
16272	0.001851394856
16273	3.512654385e-05
16274	0.002468924095
16275	0.004657838259
16276	8.349646186e-05
16277	0.000565868971
16278	0.0005622743163
16279	0.0001664274341
16280	0.008999250748
16281	0.0004940451154
16282	0.0001249069675
16283	0.002710133974
16284	0.0008704077146
16285	0.0008280204682
16286	0.0005248644015
16287	0.003250394013
16288	0.003428974076
16289	0.0003659271884
16290	0.006217900456
16291	0.003053440017
16292	0.0001261527358
16293	0.002795299999
16294	1.18974812e-05
16295	6.221311101e-05
16296	0.0001249400001
16297	0.003942128848
16298	0.001926201266
16299	0.002319454001
16300	0.0002889854373
16301	0.0007623953263
16302	0.006218330953
16303	0.00138718717
16304	0.0001295131526
16305	0.0004470691987
16306	0.001121261627
16307	0.0003659826482
16308	0.00401293809
16309	0.005386970082
16310	0.0011778938
16311	0.003452128019
16312	0.004158341905
16313	0.003890627774
16314	0.002724161565
16315	0.0008398637393
16316	0.001787474205
16317	0.005460222002
16318	0.0001900605741
16319	0.002578857173
16320	0.0006798528782
16321	0.002321956205
16322	0.0008788971703
16323	0.0003352337772
16324	0.003494087516
16325	0.002959887833
16326	0.0007435774938
16327	0.005795839157
16328	0.003093326638
16329	0.003563669574
16330	0.001145152423
16331	0.0001784872259
16332	0.00259859234
16333	0.001447374475
16334	0.0003738348678
16335	0.001573934912
16336	0.001637565784
16337	0.0003214600821
16338	0.003230044677
16339	0.002308667223
16340	0.0008280848026
16341	0.002693250992
16342	0.0008122620345
16343	0.00214932348
16344	0.0002673211709
16345	0.0004461574621
16346	0.003724298668
16347	0.003357800119
16348	0.002387400543
16349	0.006071795405
16350	0.002795730418
16351	0.002573321649
16352	0.0008107250017
16353	0.00096728029
16354	0.001076145543
16355	0.00133729086
16356	0.0005662947487
16357	0.004903618108
16358	0.004193139688
16359	0.001118876639
16360	0.002304835146
16361	0.004391507929
16362	0.001968290072
16363	0.001199261704
16364	0.003514957452
16365	0.0006346454244
16366	0.0005859893838
16367	5.863358185e-05
16368	0.0006809267306
16369	0.002114618925
16370	0.006296381798
16371	0.006268782129
16372	7.909387647e-05
16373	0.0007071458005
16374	9.190499087e-05
16375	0.006219140962
16376	0.001559652448
16377	0.00042761537
16378	1.259144185e-05
16379	0.00159584112
16380	0.001318457806
16381	0.0001936103411
16382	0.0006590652544
16383	0.0005840247196
16384	0.0004649823278
16385	9.428620199e-05
16386	0.007520636186
16387	0.0001091299916
16388	0.009664223644
16389	0.0004878147364
16390	0.0002833839549
16391	0.0005289208603
16392	0.002109339544
16393	0.0007869114642
16394	0.003583776264
16395	0.001426870417
16396	0.0005802131237
16397	0.002522004743
16398	0.0003203852415
16399	0.001076176119
16400	0.001833440603
16401	0.00263691476
16402	0.0005103197607
16403	0.001944614526
16404	0.006144125603
16405	0.002432838282
16406	0.002327358336
16407	0.0006696696901
16408	0.00144882512
16409	0.0005976969482
16410	8.993630557e-05
16411	0.0007977608061
16412	0.003394690926
16413	0.0008072191573
16414	0.0006262039105
16415	0.001837488006
16416	0.0004918470837
16417	0.001942763787
16418	0.00335567846
16419	0.001147375369
16420	0.000397263383
16421	0.001524152658
16422	0.002643269234
16423	0.003154828528
16424	0.0001148104519
16425	0.0001159864273
16426	0.0002252147159
16427	0.002986820559
16428	0.00037992336
16429	0.0008427863848
16430	0.001216541014
16431	0.001767542347
16432	0.0004843839574
16433	0.003715382026
16434	0.0002916531411
16435	0.0009614105227
16436	0.002797654037
16437	0.003140724427
16438	0.002784245456
16439	0.002360026341
16440	0.002186559581
16441	0.006515687753
16442	0.002620466447
16443	0.0002114475246
16444	3.311881349e-05
16445	0.004601486789
16446	0.0006280374967
16447	0.0004705623869
16448	0.001245190299
16449	0.005675688998
16450	0.002007058127
16451	3.32065782e-05
16452	0.001121538232
16453	0.001806829273
16454	0.001633969776
16455	0.002029052685
16456	0.001281492627
16457	0.0006203609555
16458	3.690417609e-05
16459	0.00257855476
16460	0.001816138007
16461	0.00250559097
16462	0.002329431479
16463	0.003934664183
16464	0.00131213574
16465	0.0002881506006
16466	0.002067569767
16467	0.004456395044
16468	0.002498853953
16469	0.001889843799
16470	0.001008500632
16471	0.0006828879739
16472	0.004490237983
16473	0.002893889676
16474	0.0002410613917
16475	0.005385458916
16476	0.0009648073651
16477	0.00590811768
16478	0.002017113482
16479	0.002567109243
16480	0.000160037017
16481	0.0002936787982
16482	0.005136760951
16483	0.001999753074
16484	0.003766141821
16485	0.001664212873
16486	0.000160959773
16487	0.0008650732611
16488	0.001393731325
16489	0.001847188784
16490	0.0001770474875
16491	0.001038670018
16492	0.004169851422
16493	0.0001108220097
16494	0.0008749449149
16495	0.0006786394566
16496	0.002399665163
16497	0.0006612710378
16498	0.0008302672783
16499	0.0004189174824
16500	0.001337209596
16501	0.003706170967
16502	0.001095439224
16503	0.0004880323392
16504	0.0007678930045
16505	0.002417444023
16506	0.0004595589975
16507	0.002461047273
16508	0.0006526063115
16509	0.002853162323
16510	0.003403771741
16511	0.0002703025459
16512	0.001193062885
16513	0.0005868924436
16514	0.0008524443296
16515	0.0051225323
16516	0.0009566806128
16517	0.002873447648
16518	0.0006510544158
16519	6.835830005e-05
16520	0.001093464414
16521	0.001747220795
16522	0.001229777923
16523	0.0008293977433
16524	0.001064396135
16525	0.001574426551
16526	0.002090018345
16527	0.005218292829
16528	0.005151737482
16529	0.0002534185898
16530	0.005610303914
16531	0.004017945754
16532	0.002801401045
16533	0.001015166789
16534	0.0003203710115
16535	0.001957269215
16536	0.0005791870863
16537	0.0003350007387
16538	0.002873255955
16539	0.001232660759
16540	0.003181803812
16541	0.004200714281
16542	0.0008194332065
16543	0.005364019395
16544	0.0003867145774
16545	0.0009407972562
16546	0.0004914183899
16547	0.00143332395
16548	0.002896139995
16549	0.0004227636935
16550	0.0006266995714
16551	0.000261288585
16552	0.003389764784
16553	0.0005948663889
16554	0.0007067144257
16555	0.0002141943122
16556	0.0004395222252
16557	0.003324387999
16558	0.0006947405976
16559	0.0009704159571
16560	0.002394293228
16561	0.001970972533
16562	0.002216537648
16563	0.003485128215
16564	0.001053076639
16565	0.001864399227
16566	0.0003698500904
16567	0.003560834234
16568	0.0002381633593
16569	0.004800439249
16570	0.000833775473
16571	0.0009451610797
16572	0.000344012699
16573	0.007025194677
16574	0.0004870074988
16575	0.00362739759
16576	0.0009162917042
16577	8.858417297e-05
16578	0.0003294963811
16579	0.00352037903
16580	0.000817301317
16581	0.002416427529
16582	0.0001419448148
16583	0.000397956651
16584	0.001631349296
16585	0.0001285697134
16586	0.002155858472
16587	0.002311547734
16588	0.0001735044459
16589	0.001007893644
16590	4.145530672e-05
16591	0.0005690796262
16592	0.00683642548
16593	0.0009134480864
16594	0.001672732523
16595	0.00469282705
16596	0.0003231090674
16597	0.006676383701
16598	0.00208178425
16599	0.0008011176132
16600	0.002137909292
16601	0.002235807358
16602	0.0008236838039
16603	0.0008511331116
16604	0.002151186433
16605	0.0005025516849
16606	0.0007100921117
16607	0.000319844431
16608	7.568119191e-05
16609	0.004241442571
16610	4.429917923e-05
16611	0.006103380207
16612	0.002439914208
16613	0.0003440995522
16614	0.01137230575
16615	0.00583303428
16616	0.0009393269557
16617	0.003251721796
16618	0.001148121817
16619	0.001568882373
16620	0.0008214590936
16621	0.001287440951
16622	3.814335972e-05
16623	0.001535081715
16624	0.004743070991
16625	0.001316063674
16626	0.002658830115
16627	0.0073222566
16628	0.004141804435
16629	0.009588795972
16630	0.0007092281078
16631	0.0002308730802
16632	0.0008721335926
16633	0.001723363982
16634	0.001945336968
16635	0.002971661987
16636	0.0004124556077
16637	0.004801027756
16638	0.004541095526
16639	0.0008611363326
16640	0.0009595386093
16641	0.0001567231865
16642	0.0004491307307
16643	0.001003028046
16644	0.002094246134
16645	0.0003843243313
16646	4.574605339e-05
16647	0.0009086783453
16648	0.000303725631
16649	0.0005198793458
16650	0.0001078725882
16651	0.004009130543
16652	0.0004831987654
16653	0.001742478985
16654	0.002169479282
16655	0.003826210159
16656	0.003133933579
16657	0.004360263223
16658	0.0005505905781
16659	0.002538166328
16660	0.0006225178841
16661	0.0007086717989
16662	0.0006633804563
16663	0.0003128647538
16664	0.004243330804
16665	0.002241846898
16666	0.003632291439
16667	0.002172661196
16668	0.003350201668
16669	0.0004621946068
16670	0.001020616382
16671	0.0005559562597
16672	0.0005790319016
16673	0.001682913728
16674	0.0009408688131
16675	0.00267294975
16676	0.00509676653
16677	0.002763462816
16678	9.131481259e-05
16679	0.0007465198911
16680	0.002531566728
16681	0.000559579663
16682	0.0001790197352
16683	0.0005224360722
16684	0.001153267832
16685	0.0002043034525
16686	3.354881617e-06
16687	0.001013473784
16688	0.0005287499707
16689	0.007938833892
16690	0.001048705794
16691	5.71799779e-05
16692	0.003623773523
16693	0.003697046371
16694	0.001435242826
16695	0.0006538055228
16696	0.001920549168
16697	0.001174281705
16698	0.003194035484
16699	0.0008739720751
16700	0.003414670197
16701	0.001297940963
16702	0.001570586494
16703	0.001865638107
16704	0.002842916687
16705	0.0001728100513
16706	0.0002806794297
16707	0.0008936161056
16708	0.003386289884
16709	0.002454577482
16710	0.001574187817
16711	0.003767406325
16712	0.0001960171787
16713	0.000272726443
16714	0.001368590291
16715	0.0004876927283
16716	0.000399713532
16717	0.0009195505826
16718	0.005558193525
16719	0.002902879657
16720	0.00108020415
16721	0.001082267792
16722	0.000703978036
16723	0.0009239928619
16724	0.0008095681952
16725	0.0002468129545
16726	0.004759360189
16727	0.0001106882816
16728	3.689710329e-05
16729	0.0004871495478
16730	0.002003316528
16731	0.000474808008
16732	0.001706742426
16733	0.001215856177
16734	0.00330388809
16735	0.0002214915553
16736	0.0003196407381
16737	0.00167201683
16738	0.00288962601
16739	0.0005385860538
16740	0.004149470587
16741	0.001408876356
16742	0.0002024836422
16743	0.002062147697
16744	0.005174856876
16745	0.003643837194
16746	0.0002957564774
16747	0.0004901808536
16748	0.001766771757
16749	0.0002335381673
16750	0.0007328034042
16751	0.004125482844
16752	0.0003669537353
16753	0.001180006938
16754	0.0008396073471
16755	8.311500601e-06
16756	0.0001257472895
16757	0.006201720569
16758	0.001037086535
16759	0.002352039005
16760	0.002531765626
16761	0.00142156429
16762	0.0009069250047
16763	0.0002966680436
16764	0.005144130911
16765	0.001647110839
16766	0.002644894079
16767	0.0004651681832
16768	0.001029203123
16769	0.0009966890684
16770	0.00130772485
16771	0.001457535618
16772	0.003838118434
16773	0.008051137345
16774	0.002171361012
16775	0.001871390873
16776	0.0009614496912
16777	2.431365611e-05
16778	0.0006247403395
16779	0.001559878081
16780	0.006021175483
16781	0.004660543331
16782	0.004271612569
16783	0.003838952003
16784	0.002495526259
16785	7.917728931e-05
16786	0.001092432439
16787	0.0003357310613
16788	0.002959735807
16789	0.007351959388
16790	0.001252890562
16791	0.0003389212247
16792	0.0004040898956
16793	0.0002420775762
16794	0.003408912155
16795	0.00058379726
16796	0.003187621733
16797	2.318366874e-05
16798	0.0006098901601
16799	0.000842251499
16800	0.001694887876
16801	0.003042547887
16802	0.00211285407
16803	0.0006399243889
16804	0.0005480062545
16805	0.001647432941
16806	0.0001469062552
16807	4.923556395e-05
16808	0.0004958323305
16809	0.0004678920481
16810	0.002570012682
16811	0.001473392967
16812	0.001476527099
16813	0.003027959138
16814	0.007579133789
16815	0.001335361175
16816	0.003343332708
16817	0.00131088693
16818	0.001322954148
16819	0.003608126281
16820	0.001397874174
16821	0.0002330157823
16822	0.00257608375
16823	0.0006175976783
16824	0.0007049292449
16825	0.000817059155
16826	0.002457757732
16827	3.556079409e-05
16828	0.00518261083
16829	0.003984486526
16830	0.0003950776509
16831	0.001199751025
16832	0.001688873391
16833	0.002686431314
16834	0.0005551617689
16835	0.0001264007653
16836	0.0002730101006
16837	0.002847072647
16838	0.009661838045
16839	0.001222361687
16840	0.002217262946
16841	0.0008872545608
16842	0.0005681754405
16843	0.0005301375238
16844	0.0002218459672
16845	2.396257613e-05
16846	0.001467103517
16847	0.0003964799926
16848	0.0002034408739
16849	1.43824676e-05
16850	0.001299952322
16851	0.0008152389983
16852	0.0005227611584
16853	0.00376480679
16854	0.007461988804
16855	0.0006768049626
16856	6.385099397e-05
16857	0.0005238328369
16858	0.004555071014
16859	0.004146420876
16860	0.002988571206
16861	0.003162650295
16862	0.005264338597
16863	0.002314286918
16864	0.00219938713
16865	0.0005648589165
16866	0.001563953873
16867	0.002342459195
16868	0.0005201935906
16869	0.00768788868
16870	0.0002460151285
16871	0.004709637069
16872	0.00447741038
16873	0.0001250598626
16874	0.004507000515
16875	0.003061573362
16876	0.005505982516
16877	0.0002434608662
16878	0.004633577118
16879	0.002537068081
16880	0.003028755544
16881	0.006072380486
16882	0.0004838499933
16883	0.001580854301
16884	0.0009839693167
16885	4.049271665e-05
16886	0.004464711478
16887	0.00221179462
16888	0.0001430513038
16889	0.00471652581
16890	0.0008987860697
16891	0.0006638982687
16892	0.00165087053
16893	0.0001009685774
16894	0.0008894706122
16895	0.000559512861
16896	0.004619932355
16897	0.007740944049
16898	0.0003476574128
16899	0.0005745893811
16900	0.001382527234
16901	0.00496952776
16902	0.0005849685398
16903	0.00473319607
16904	0.002843093867
16905	2.725509604e-05
16906	0.000192986461
16907	0.002006617181
16908	0.0007525912053
16909	0.002479234093
16910	0.001965513996
16911	0.001797675832
16912	0.002315649925
16913	0.004612887395
16914	0.005235174824
16915	7.29529515e-05
16916	0.002347035605
16917	8.563781583e-05
16918	0.0007855223691
16919	0.0003893211634
16920	0.0005463611763
16921	0.0006337749169
16922	0.00250572936
16923	0.003687670453
16924	0.002070844257
16925	9.825030064e-05
16926	0.005002445198
16927	0.001764601818
16928	0.001570046059
16929	0.0007905292424
16930	0.004256652482
16931	0.001805214034
16932	0.0008393438956
16933	0.0001416041181
16934	0.001630648206
16935	0.0005980413205
16936	8.007394771e-05
16937	0.0005337108897
16938	0.002558577268
16939	0.0006979990626
16940	0.0002303718005
16941	9.589122627e-05
16942	2.508816529e-05
16943	0.0002284987804
16944	0.002171614102
16945	0.003780151741
16946	0.0002235235575
16947	0.0003597277479
16948	0.003160353948
16949	0.0002731934602
16950	0.005112439478
16951	4.532054618e-05
16952	0.001357529978
16953	0.001491694456
16954	0.002053014761
16955	0.004294868478
16956	3.424816895e-05
16957	0.0004603550735
16958	0.0002550104214
16959	0.004682951809
16960	0.006670313603
16961	0.00124722273
16962	0.001161052221
16963	0.003472099187
16964	0.001507163322
16965	0.0008674700963
16966	0.003582341332
16967	0.001334784802
16968	0.00132645691
16969	0.00579423062
16970	0.002019737636
16971	0.00264546674
16972	0.0008597478622
16973	0.006839997103
16974	0.0006528881109
16975	0.0007072390674
16976	0.0009598144535
16977	0.001028345613
16978	0.001119000869
16979	0.002573039895
16980	0.00209713073
16981	0.003030665589
16982	0.0003847093514
16983	0.0006858166392
16984	0.0009893007607
16985	0.004904452484
16986	0.004166774729
16987	0.01228965018
16988	0.002968260715
16989	0.004918137823
16990	0.004289426794
16991	9.445875452e-05
16992	0.004720605745
16993	0.0003178561547
16994	0.004662165432
16995	0.0003221271296
16996	0.001156849196
16997	0.001827774025
16998	0.0005498193949
16999	0.00175548346
17000	0.002485808233
17001	0.007674801423
17002	0.001362691349
17003	0.00172494201
17004	0.001304641894
17005	0.0006517785902
17006	0.001538103485
17007	0.002055069378
17008	0.005606479071
17009	0.002365591532
17010	0.0008645987991
17011	0.001874209534
17012	0.002197430709
17013	0.0002091559341
17014	7.902268868e-05
17015	0.002403764022
17016	0.004544594468
17017	0.00307860719
17018	0.005043448228
17019	0.0001648142663
17020	0.003934319771
17021	0.0004684360717
17022	0.0006430979049
17023	0.0007596859559
17024	0.00475085199
17025	0.0008628252195
17026	0.000271918952
17027	0.001809451358
17028	0.001898587545
17029	0.0007406990683
17030	0.0001105917739
17031	3.927611503e-05
17032	0.003575428401
17033	0.0008672477713
17034	0.001954773579
17035	0.003197232862
17036	0.001767249011
17037	0.00339089569
17038	0.001326944543
17039	0.00541580759
17040	0.0004481990996
17041	0.0003645862082
17042	0.002594942589
17043	0.0005106067015
17044	0.008964475598
17045	0.004971691081
17046	0.0001645398385
17047	6.349271775e-05
17048	0.0009324843253
17049	0.001017671265
17050	0.0005263822642
17051	0.004847848196
17052	0.002187502565
17053	0.0009605900041
17054	0.004198358705
17055	0.0002456593115
17056	0.0009827243681
17057	0.004771828092
17058	0.00369316682
17059	0.0008905703585
17060	0.008204469322
17061	0.005355089037
17062	0.0005344618459
17063	0.001319152725
17064	0.0001463354895
17065	0.0004008501272
17066	0.0005295407763
17067	0.001284319464
17068	0.0007689261939
17069	0.0008196868619
17070	0.0007866889049
17071	0.001033246414
17072	0.0003597141555
17073	0.002729586707
17074	0.002459169504
17075	0.0005217736722
17076	0.0002694146074
17077	0.00141630531
17078	0.0002605570554
17079	0.0004949601448
17080	0.0009026032566
17081	5.24937395e-05
17082	0.002241893613
17083	0.004865732389
17084	0.004768717951
17085	0.0003499344771
17086	0.0003299128482
17087	0.007650042814
17088	0.005140172087
17089	0.000336244234
17090	0.0005929010078
17091	0.0004498738543
17092	0.00259368854
17093	0.0008898943489
17094	0.002083939966
17095	0.0009384154314
17096	0.001586943291
17097	0.005002094088
17098	0.004393269208
17099	0.0002679577569
17100	0.001547721381
17101	0.001506364407
17102	0.0001408485873
17103	0.0002658535428
17104	0.0001706603032
17105	0.001116195315
17106	0.000255791069
17107	0.001254675847
17108	0.002066761832
17109	0.0001107696462
17110	0.001637185024
17111	1.647952765e-05
17112	0.005574570366
17113	0.001717199563
17114	0.0002985797334
17115	0.005056733962
17116	0.007257756011
17117	0.002180502909
17118	0.0009581735125
17119	8.804896039e-05
17120	0.001655474909
17121	0.000812797344
17122	0.0002390034232
17123	0.006534240456
17124	0.000995893924
17125	0.0005742513583
17126	0.0004547291742
17127	0.004153475141
17128	0.0006595653611
17129	0.003176791364
17130	0.004337263232
17131	0.00268793216
17132	0.002615270808
17133	0.002143954016
17134	0.001379221322
17135	0.001163703329
17136	0.001945354389
17137	0.002475800321
17138	0.005841266385
17139	6.892025221e-05
17140	0.0002947144837
17141	0.004535524548
17142	0.00223028997
17143	0.007184158274
17144	2.770599182e-05
17145	9.588142555e-05
17146	0.002550114346
17147	0.0007975020171
17148	5.02268302e-06
17149	0.002499804161
17150	0.0004075792442
17151	0.001712729122
17152	0.001695921134
17153	0.001804784814
17154	0.001536584414
17155	0.001441028591
17156	0.000258266822
17157	0.0008973542878
17158	0.00107717761
17159	0.0002845646761
17160	0.00138542594
17161	0.006766809009
17162	0.0009235514329
17163	0.002201250522
17164	0.001188031426
17165	0.001307635626
17166	0.002048528714
17167	0.002166167569
17168	0.003029577033
17169	0.004444677935
17170	0.001609395582
17171	0.002412032235
17172	0.001653391925
17173	0.003172842712
17174	0.001448176933
17175	0.0029679817
17176	0.005944174753
17177	0.0008529258745
17178	0.004383152009
17179	0.0005645064087
17180	0.003574525711
17181	0.004672908642
17182	3.454924986e-05
17183	0.0007542746969
17184	0.002578016985
17185	0.002191949696
17186	0.005521156643
17187	0.007319340204
17188	0.001954491362
17189	0.003733204222
17190	0.001894418643
17191	7.390213383e-05
17192	0.0003627140365
17193	0.003474665642
17194	0.002820431998
17195	0.0008902106264
17196	0.001221278363
17197	0.001474086958
17198	0.0001320963507
17199	0.001313303525
17200	0.001014523115
17201	0.003165026699
17202	0.002858610799
17203	0.0008182104469
17204	5.233661764e-05
17205	0.000156430249
17206	0.001474539733
17207	0.0003409806352
17208	0.0001504876892
17209	0.0004999202735
17210	0.0001989927039
17211	4.396262501e-05
17212	0.0014638709
17213	1.393857443e-05
17214	0.0005745900315
17215	0.002997303677
17216	0.0002014286133
17217	9.802485636e-05
17218	0.001335702418
17219	0.0007363119088
17220	0.0008115676763
17221	0.002212860325
17222	0.00093993422
17223	0.001740250949
17224	0.003424175277
17225	0.005833839848
17226	0.00197726149
17227	0.0005052554792
17228	0.003197580925
17229	0.009707051358
17230	0.0006466609663
17231	0.001139255756
17232	0.003916988561
17233	0.001562966589
17234	0.007935500888
17235	5.861545458e-06
17236	0.000111759549
17237	0.001113632116
17238	0.001446008723
17239	0.003868970349
17240	1.92193149e-05
17241	0.005609007959
17242	0.004705740291
17243	0.002831765243
17244	0.002018428256
17245	9.111874223e-08
17246	0.004799157963
17247	0.0006813571587
17248	0.003555738689
17249	0.0009055737209
17250	0.002972310475
17251	0.0002838503357
17252	0.002235911041
17253	0.0003993465661
17254	0.005002428653
17255	0.001925748428
17256	0.004453002028
17257	0.006309130407
17258	0.0005295162818
17259	0.001428598944
17260	0.001075453996
17261	0.0009275408528
17262	0.001385537027
17263	0.0009615505858
17264	4.912073697e-08
17265	0.007791580128
17266	0.007296240555
17267	0.000744198222
17268	0.003166332272
17269	0.005232037247
17270	0.004147345072
17271	0.001948404718
17272	0.004873430719
17273	0.0005013212474
17274	0.0005824172184
17275	0.00360857032
17276	0.0003481376826
17277	0.003635193491
17278	0.0002116487758
17279	0.003787315248
17280	0.0004154709482
17281	0.001484203377
17282	0.004003381407
17283	0.000677641172
17284	1.734628285e-05
17285	0.0001436718327
17286	0.001050404131
17287	0.003284180556
17288	0.003802743204
17289	0.0002033773676
17290	0.0002366257958
17291	0.00159788311
17292	0.002482918654
17293	0.00414749484
17294	0.001775299977
17295	0.000395173257
17296	0.0006511117975
17297	0.0002392339673
17298	9.178603953e-06
17299	0.002041281465
17300	0.002089377302
17301	0.003309971008
17302	0.001961732552
17303	2.254852785e-05
17304	0.002450251822
17305	0.00252509087
17306	0.001573094063
17307	0.0002071918038
17308	0.001044081172
17309	0.0008076135692
17310	0.002913278048
17311	0.0007391903489
17312	0.0005429305715
17313	0.002650436352
17314	0.0001235267835
17315	0.0002218728516
17316	0.0003843768711
17317	0.0003037646422
17318	7.175284384e-05
17319	0.003240254405
17320	0.002356952886
17321	0.00339163202
17322	0.0009371099979
17323	0.0005125126126
17324	0.002168539475
17325	0.000984848433
17326	0.0004176903036
17327	0.0001312012778
17328	0.004471739318
17329	0.0003000020265
17330	0.003761098075
17331	0.0006081208346
17332	3.601982934e-05
17333	9.683646007e-05
17334	0.0001333689159
17335	0.0002451612669
17336	0.001635513626
17337	0.0068868887
17338	0.0005010072624
17339	0.000466675586
17340	0.0009350616717
17341	0.006641000507
17342	0.005836168396
17343	0.003898904869
17344	0.001232611633
17345	0.000127186601
17346	0.002724809733
17347	0.0009067762661
17348	0.002950516826
17349	0.003154745355
17350	0.0003293642628
17351	0.00170245204
17352	0.0009533449967
17353	0.0006799936331
17354	0.0001642110926
17355	0.0006055790544
17356	0.000730901767
17357	0.0004585511103
17358	5.773800098e-05
17359	0.0005034804646
17360	3.32322422e-05
17361	0.002835345307
17362	0.0007504432866
17363	0.002650802213
17364	0.002212459802
17365	0.002598783937
17366	0.004338927543
17367	0.004692301252
17368	0.0001899917883
17369	0.0003016346869
17370	0.001296870276
17371	0.0007977051656
17372	0.001766338208
17373	0.0005593285918
17374	2.674835032e-05
17375	1.728691378e-05
17376	8.563389305e-05
17377	3.38276413e-05
17378	0.0008346775241
17379	0.0007102486082
17380	0.001098465994
17381	0.0008241486864
17382	0.00117533808
17383	0.0004458194774
17384	0.0005074083412
17385	0.0003983058124
17386	0.0002118560197
17387	0.00106740356
17388	0.0008689459008
17389	0.0005107526481
17390	0.0001272080757
17391	0.003551560938
17392	0.004523609229
17393	0.001441555385
17394	0.001493747741
17395	0.0002158387467
17396	0.0001831518804
17397	0.001180391499
17398	0.002133253173
17399	0.001863866585
17400	0.0067257027
17401	0.0001596625715
17402	0.001160300479
17403	0.002173486164
17404	6.798738972e-05
17405	0.0002705337201
17406	0.001285015436
17407	0.0009614072687
17408	0.0001616623221
17409	0.003428077949
17410	0.001362348618
17411	0.002940662172
17412	0.000919446981
17413	0.00314185023
17414	0.005860752363
17415	0.0003822950646
17416	0.0007139074477
17417	0.002046193447
17418	0.004131623231
17419	0.01015156798
17420	0.005070658179
17421	0.005564227612
17422	0.002317861455
17423	0.005045584355
17424	0.001789673565
17425	0.006502550647
17426	0.006311184962
17427	0.003560430349
17428	0.0003291735532
17429	0.0006108138157
17430	0.0002672074173
17431	0.003452722274
17432	0.004518757054
17433	0.003815199881
17434	0.002323706928
17435	0.006636118533
17436	0.003814151229
17437	0.002008093103
17438	0.003540442863
17439	0.004787533369
17440	0.001998774903
17441	0.0002162845439
17442	0.00265045072
17443	0.0001060189974
17444	0.0001363956759
17445	0.0001889425301
17446	0.002171429482
17447	0.007851732943
17448	0.002031128999
17449	0.004870040738
17450	0.0008029203617
17451	0.001387051992
17452	0.00477656915
17453	0.0007563357624
17454	0.004664651698
17455	4.593421463e-05
17456	0.002432151647
17457	0.0004674409043
17458	0.001964605779
17459	0.0007849016685
17460	0.005062591648
17461	0.0006309866128
17462	0.001448513273
17463	0.005355324273
17464	0.0002828222864
17465	0.002287244143
17466	0.001410115303
17467	0.0008813279544
17468	0.001354685266
17469	0.001806895309
17470	0.001619962466
17471	0.00215924364
17472	0.002701717392
17473	0.002810658077
17474	0.003243119379
17475	0.0008495883625
17476	0.0006375341174
17477	0.0006416658752
17478	0.002625774851
17479	0.003408573745
17480	0.0005709668158
17481	0.003732278795
17482	0.002861745494
17483	0.001944032891
17484	0.001800497186
17485	0.001558653176
17486	0.004055061931
17487	0.003306671821
17488	0.006586032215
17489	0.001296478134
17490	0.003480904259
17491	0.002368879886
17492	0.001362405388
17493	0.00371435826
17494	0.001054321875
17495	4.841917455e-05
17496	0.0007428837075
17497	0.004669381291
17498	0.001933765424
17499	0.004336170101
17500	0.000198348222
17501	0.0008928202322
17502	0.004313657618
17503	0.0002114516397
17504	0.002370670176
17505	4.690684378e-05
17506	0.0008615923733
17507	0.003976794313
17508	0.01036445624
17509	0.00140729339
17510	0.002170292967
17511	0.00333763369
17512	0.0007260711613
17513	0.001996081569
17514	2.158258696e-05
17515	0.0001217520215
17516	0.002547801218
17517	0.004288007262
17518	0.001821506109
17519	0.004220599998
17520	0.00126581419
17521	0.0006739865831
17522	0.003392537304
17523	0.001924725917
17524	0.001421666603
17525	0.002863456069
17526	0.002961733314
17527	0.000665786866
17528	0.001588651798
17529	0.006522294112
17530	0.0002150614926
17531	0.001559695316
17532	0.001748707721
17533	0.0009163624769
17534	0.0002178215608
17535	0.0001803949109
17536	0.0005506680109
17537	0.0001646729485
17538	0.0001187600106
17539	0.001059420436
17540	0.0004953751951
17541	0.0002948014182
17542	0.0006183467679
17543	0.0003959003074
17544	0.001491824898
17545	0.001594284241
17546	0.0006482739289
17547	0.001723591841
17548	0.0002468863394
17549	0.0003706694019
17550	0.0009525131068
17551	0.00359165803
17552	0.0006490493501
17553	0.002478990836
17554	0.0002004294426
17555	0.002661303742
17556	0.003793430568
17557	0.0007537520663
17558	0.001950474227
17559	0.0005286275861
17560	0.001142410855
17561	0.004829990603
17562	0.0006750700227
17563	0.004164297487
17564	0.000152407195
17565	0.001522191251
17566	0.0007410935398
17567	0.0007284159434
17568	0.0001941715464
17569	0.0007484011469
17570	0.0004551505497
17571	0.001031701214
17572	0.0001954955711
17573	0.002007593496
17574	0.0003326369205
17575	0.000830371373
17576	0.002317030974
17577	0.003507670409
17578	0.003542696001
17579	0.002413908237
17580	0.007978999538
17581	0.001502947338
17582	0.005660121398
17583	0.003056852723
17584	0.0007023606156
17585	0.005402137665
17586	0.0003747699594
17587	0.0005279675919
17588	0.004099761313
17589	0.002332027431
17590	0.002734652847
17591	0.0001022190376
17592	0.0009422840613
17593	0.004222382015
17594	0.008482145206
17595	0.001278402362
17596	0.0002933752424
17597	0.000984483499
17598	0.0007511052101
17599	0.001147759368
17600	0.001012246382
17601	0.004338779562
17602	0.0006884775157
17603	5.030663312e-05
17604	0.002410987746
17605	0.003130233058
17606	0.004276059031
17607	0.002436394489
17608	0.002413515425
17609	0.001110339087
17610	0.007918721205
17611	0.001930210629
17612	0.004638992689
17613	0.002814468215
17614	0.002893413961
17615	0.001299481163
17616	0.007050637756
17617	0.0008927651665
17618	0.001986003912
17619	0.009314331808
17620	0.003622637961
17621	0.00176606259
17622	0.001282477691
17623	0.002354592365
17624	0.002306066919
17625	0.005018453119
17626	0.002955714568
17627	0.006995288485
17628	0.002359750119
17629	0.0009798897698
17630	0.00182421482
17631	0.004583195034
17632	0.001680818878
17633	0.002990983156
17634	0.0005602003648
17635	0.002896783094
17636	0.0006399777412
17637	0.006341081668
17638	0.00275613646
17639	0.0002530553877
17640	0.002995768671
17641	0.0008570980329
17642	0.001310163078
17643	0.000167714822
17644	0.0008651083674
17645	0.0003576601166
17646	0.004347449991
17647	0.000849724845
17648	4.89912393e-05
17649	6.084894599e-05
17650	0.008298962934
17651	0.004619717909
17652	0.0005551268928
17653	0.001364774215
17654	0.005354182731
17655	0.0007927133529
17656	0.002365409785
17657	0.0002945873382
17658	0.00178673843
17659	0.001381719391
17660	0.0002565439747
17661	0.001935599449
17662	0.000507758367
17663	0.003115031228
17664	0.0006540346581
17665	0.005874909148
17666	0.0006765388385
17667	0.002431123358
17668	0.0001604661948
17669	0.001078639168
17670	0.001855566245
17671	0.002443812352
17672	0.006261891679
17673	0.005284271595
17674	0.001291293432
17675	0.0008180959621
17676	0.000594471654
17677	0.001118360515
17678	0.0002005170948
17679	5.472315706e-05
17680	0.002749582895
17681	0.001545880931
17682	0.0002222377952
17683	0.00134340827
17684	8.657438415e-05
17685	0.0008431322872
17686	0.005533739718
17687	0.003330232241
17688	0.0003815147445
17689	0.004800224403
17690	0.005008069399
17691	0.0003886161705
17692	0.008028136069
17693	0.001801441141
17694	0.00245045826
17695	0.002459284326
17696	0.001723121492
17697	0.002169410989
17698	0.001519297888
17699	0.004692036705
17700	0.001796370801
17701	0.0005174605516
17702	0.001946355626
17703	0.004459984503
17704	0.000156215267
17705	0.001177405506
17706	0.001073003215
17707	0.001768657077
17708	0.002426311888
17709	0.0006831967918
17710	0.001151082334
17711	0.0001412497218
17712	0.002758630754
17713	0.006300312572
17714	0.006963078796
17715	0.006142276417
17716	0.007128521517
17717	0.005829337267
17718	0.003397860509
17719	0.002920983986
17720	0.001885987032
17721	0.002678284921
17722	0.0009972651567
17723	0.001535491261
17724	0.0004562355907
17725	0.00937641852
17726	0.001579304903
17727	0.0002978811474
17728	0.003332026627
17729	0.001184106445
17730	0.001782936138
17731	0.0008381263459
17732	0.009008438774
17733	0.001039251724
17734	0.0002325074758
17735	0.0006398976217
17736	0.0003796106209
17737	0.001691908479
17738	0.007568355189
17739	0.005908417126
17740	0.002391764098
17741	0.01007716823
17742	0.003989174428
17743	0.0002914533586
17744	0.001450627523
17745	0.0004514722247
17746	0.003116077663
17747	0.003275618484
17748	0.0007037821145
17749	0.002181622038
17750	0.003539911409
17751	4.643206628e-05
17752	0.003203059299
17753	0.00272401917
17754	0.0003224510603
17755	0.00424457426
17756	6.140092012e-09
17757	0.001274350867
17758	0.002256753787
17759	0.0008151894801
17760	0.0009069390464
17761	0.004453417714
17762	0.002201907425
17763	0.0006373077316
17764	0.000916317431
17765	0.001960271951
17766	0.0006542791956
17767	0.003819800298
17768	0.0041778868
17769	0.0024963702
17770	0.001268863267
17771	0.0001247603
17772	0.002120489044
17773	0.0001350440293
17774	0.003347084978
17775	0.005957477764
17776	0.0007024739308
17777	0.0001127572276
17778	0.004807702341
17779	0.00151966279
17780	0.001720947016
17781	0.002061221351
17782	0.0009511434069
17783	0.003734126434
17784	0.0006365812412
17785	0.002293273053
17786	0.006079649447
17787	0.005978283433
17788	0.003417826569
17789	6.839117154e-05
17790	0.001441583523
17791	0.002232174414
17792	0.0006216717524
17793	0.006176620044
17794	0.0005244666683
17795	0.002836868023
17796	0.0005928649282
17797	0.00110220251
17798	0.001442160518
17799	0.004439341238
17800	0.0004336811357
17801	0.0003092362774
17802	0.000101391358
17803	0.0004262442552
17804	0.005016828472
17805	0.00125073435
17806	0.003426283955
17807	0.002031308017
17808	0.002777355676
17809	0.0005653177577
17810	0.0001035842948
17811	0.003839853593
17812	0.001458806456
17813	0.002703355891
17814	0.004176488289
17815	0.006682192172
17816	0.003487545086
17817	0.0006703158101
17818	0.000828798841
17819	0.000585201469
17820	0.006302293482
17821	0.0003384958136
17822	0.0009394752214
17823	0.001369182183
17824	0.0005567453149
17825	0.004465868925
17826	0.001223133256
17827	0.005137860723
17828	0.01004172503
17829	0.0006474053307
17830	0.004820150275
17831	0.001777195944
17832	0.003229285782
17833	0.0007111108677
17834	3.643908991e-05
17835	0.001720721616
17836	0.001304542411
17837	0.001140128508
17838	0.000343800394
17839	0.002326231556
17840	0.00422845446
17841	0.005521353654
17842	0.005615015727
17843	0.0003568528501
17844	9.677516475e-05
17845	6.384343554e-06
17846	0.0003807616534
17847	0.003890327796
17848	0.00119463517
17849	0.005551017583
17850	0.0001752132636
17851	0.0004952899048
17852	0.0006461937769
17853	0.002807036352
17854	0.0004816913051
17855	0.00276124824
17856	0.00179353199
17857	0.002609462807
17858	0.0001576156127
17859	0.001173206116
17860	0.0008498461175
17861	0.00196960873
17862	0.001232273822
17863	0.002558967876
17864	0.001797706371
17865	0.00100231215
17866	0.001066802671
17867	0.003410659979
17868	0.002341186872
17869	0.001859503022
17870	0.0002252485588
17871	0.0003082744726
17872	0.0004549507384
17873	0.003602762711
17874	0.002041937361
17875	0.00118182983
17876	0.001484268012
17877	4.839750465e-05
17878	0.0001762428344
17879	0.0002267017303
17880	0.0003340141144
17881	0.0001414301456
17882	0.0003351679895
17883	0.003851099863
17884	0.002880829969
17885	0.0003445851079
17886	0.002809851849
17887	0.0002025770097
17888	0.005737967678
17889	0.002017385591
17890	0.004206082719
17891	0.0001600959113
17892	0.005399914824
17893	0.001321170932
17894	0.007648435416
17895	0.0004943121551
17896	0.001779896616
17897	0.0005087079653
17898	0.001759797251
17899	0.001027443453
17900	0.0006597804444
17901	0.002497391431
17902	0.003487902472
17903	0.0002413283847
17904	0.0004747718025
17905	0.001401801714
17906	0.0002021147745
17907	7.249886197e-05
17908	0.0009718809565
17909	0.005890705553
17910	0.003619125904
17911	0.0003191736352
17912	0.0005716816588
17913	0.001234934572
17914	0.001062761978
17915	0.0002286382041
17916	0.004252332173
17917	1.833816429e-06
17918	0.001084694991
17919	0.0001790696941
17920	0.0005455758515
17921	0.0008877185376
17922	0.004871763145
17923	0.001400782146
17924	0.002832928
17925	0.0005208503253
17926	2.937762186e-05
17927	0.001413970277
17928	0.0003552852198
17929	0.007409068508
17930	0.0004973472615
17931	0.001055469956
17932	0.0007462507259
17933	0.002458170686
17934	0.0005218859686
17935	0.0002771964461
17936	0.005376442785
17937	0.003438436827
17938	0.002762131569
17939	0.00819972431
17940	0.002570884432
17941	0.005002652269
17942	0.004229657722
17943	8.87815786e-05
17944	0.0001878857655
17945	0.001464788496
17946	0.004653108994
17947	0.005858584267
17948	0.0008477730263
17949	0.001763466801
17950	0.005633809134
17951	0.0006083066145
17952	0.004818014918
17953	0.004455330172
17954	0.001118368871
17955	0.002490610976
17956	0.001541580695
17957	6.298109551e-05
17958	0.001022604721
17959	0.008198939422
17960	0.003404842342
17961	0.002478329419
17962	0.003069888388
17963	0.0005863418558
17964	0.002571790585
17965	0.001375005477
17966	0.0001748264833
17967	0.001104338646
17968	0.002851934759
17969	0.0006290769735
17970	0.0002246329474
17971	0.002255088897
17972	0.0009719718726
17973	0.0005767786671
17974	0.003025889738
17975	0.002749151157
17976	0.000996239157
17977	0.005150068862
17978	0.005285662017
17979	0.001577418707
17980	5.246959368e-05
17981	0.002489406991
17982	0.0003295632868
17983	0.003397854238
17984	0.0004338069201
17985	0.001788694292
17986	0.002022000934
17987	5.392022637e-05
17988	0.003945028009
17989	0.004507614513
17990	0.004917742949
17991	0.001215692971
17992	0.002461256268
17993	0.0009249010025
17994	0.000153340186
17995	0.003954162977
17996	0.0008467135149
17997	0.0006599290318
17998	0.00218821576
17999	0.002529638323
18000	0.004129477782
18001	0.001485977972
18002	0.006775649179
18003	9.334645609e-05
18004	0.003777539699
18005	0.002850690696
18006	0.01559149054
18007	0.003421103924
18008	0.003373097964
18009	0.0002965110729
18010	0.000898345493
18011	0.0006259200744
18012	0.004725591929
18013	0.002526461421
18014	0.001704717421
18015	0.0004990331432
18016	0.0008250085187
18017	0.00087099807
18018	0.002715451534
18019	9.14767548e-06
18020	0.003253223144
18021	0.000698330088
18022	0.001297824725
18023	0.001224979201
18024	0.0008080887588
18025	0.002368024232
18026	0.003214657687
18027	0.0009053099683
18028	0.0009491196902
18029	0.001542114648
18030	0.0001234230782
18031	0.003639266936
18032	0.005473752202
18033	0.001183804735
18034	0.003484274682
18035	0.005964812433
18036	0.0001167076084
18037	0.000578185311
18038	0.002355049087
18039	0.005844155107
18040	0.0004921840336
18041	0.0002970930556
18042	0.001161401748
18043	0.002638190294
18044	0.0005680347721
18045	0.004835400878
18046	0.002733396448
18047	0.0006990252594
18048	0.003862436262
18049	0.0008650728991
18050	0.005577735704
18051	0.005770407829
18052	0.006498563436
18053	0.001218735893
18054	0.001221662003
18055	0.004421211689
18056	0.001676858742
18057	0.0001056413634
18058	0.0002121143605
18059	0.00425297197
18060	0.0006952346022
18061	0.0009256490408
18062	0.0009894883812
18063	0.001908706493
18064	0.003036089114
18065	0.0008201266016
18066	2.750340974e-05
18067	0.004601464955
18068	0.004877500522
18069	0.001772970238
18070	0.002888274828
18071	0.002638868863
18072	0.0008398385095
18073	0.0005240714792
18074	0.007611482967
18075	0.005204961582
18076	0.001804401498
18077	0.001471239174
18078	0.0002192515447
18079	0.0002432812407
18080	0.0002128217057
18081	0.001608144501
18082	6.213772749e-06
18083	0.001143034993
18084	0.001992200904
18085	0.001575581921
18086	0.00201409905
18087	0.003781904182
18088	0.0007290249266
18089	0.00337815045
18090	0.000502164423
18091	0.0008327036183
18092	0.002630370384
18093	0.0008060798832
18094	0.003039787973
18095	0.002039931586
18096	0.004049015481
18097	0.0009345764307
18098	0.0004306666455
18099	0.003213718028
18100	4.844764182e-05
18101	0.003864025058
18102	0.001511409812
18103	0.003580729355
18104	0.0009085802601
18105	0.001075724199
18106	0.0006771464735
18107	5.284914355e-05
18108	0.000152140063
18109	0.001477551103
18110	0.008653061077
18111	0.001235938404
18112	0.001184831589
18113	0.002991130523
18114	0.001262341556
18115	4.557025455e-05
18116	0.002924525037
18117	0.00341018825
18118	0.001958362016
18119	0.001892601845
18120	0.001230437319
18121	0.0002049025616
18122	0.003847883849
18123	0.001962580224
18124	0.002313359187
18125	0.004805697135
18126	0.0005375708266
18127	0.004744025263
18128	0.004473961998
18129	0.0004580368739
18130	0.002688017096
18131	0.0001325060778
18132	0.009379506384
18133	0.008323247693
18134	0.002240598563
18135	0.003307413314
18136	3.622661302e-05
18137	0.00335499965
18138	0.002368130827
18139	0.0001189532357
18140	0.002753829463
18141	0.001208134815
18142	0.0003627078092
18143	0.006536964727
18144	0.00055775534
18145	0.001110099098
18146	0.0005030708793
18147	0.0002266927976
18148	0.0007111840542
18149	0.003286679856
18150	0.000913279077
18151	0.003635822074
18152	0.003220080891
18153	0.002176277253
18154	0.004188811286
18155	0.0008740134251
18156	0
18157	0.00287846146
18158	0.0030974628
18159	0.00268973686
18160	0.002390829186
18161	0.001003128995
18162	0.006195394724
18163	0.0002854151261
18164	0.0002007754579
18165	0.0004143946119
18166	0.0001718423902
18167	0.0002557433451
18168	0.002667009675
18169	0.0002434882456
18170	0.0002376176775
18171	0.004776009708
18172	0.0007393821056
18173	0.00199853548
18174	0.001401200923
18175	0.006317354366
18176	0.001874119789
18177	0.004059330058
18178	0.002311708529
18179	0.004085775624
18180	0.001322871126
18181	0.00243362623
18182	0.001328098707
18183	0.004026272217
18184	0.002566972367
18185	0.01113604202
18186	0.003084456718
18187	0.000451346162
18188	0.008233193431
18189	0.0005531980136
18190	0.001302006969
18191	0.0004951366529
18192	0.0002560954342
18193	0.001215420557
18194	0.0002208545791
18195	0.0001818752504
18196	0.004676593314
18197	0.0007275038402
18198	0.000783409117
18199	0.004399045139
18200	0.0004718263883
18201	0.0005454797128
18202	0.0008721381915
18203	0.002877555323
18204	0.003902143796
18205	1.132854076e-05
18206	0.008272086551
18207	0.001415712625
18208	0.000994551639
18209	0.0002222851623
18210	0.000365767986
18211	0.0002120739739
18212	0.0001536264628
18213	0.0001088227993
18214	0.000278399425
18215	0.006503605369
18216	0.0002177171577
18217	0.004417928606
18218	0.001843478836
18219	0.001589179398
18220	0.005342220173
18221	0.002232518457
18222	0.005935653196
18223	0.001520880387
18224	0.000205702003
18225	0.00179108444
18226	0.001103716139
18227	0.0003885011074
18228	0.002346743085
18229	0.0003404555463
18230	0.005761580555
18231	8.813171432e-05
18232	0.0004114898039
18233	0.002995849805
18234	0.0001779912592
18235	0.0004898310383
18236	0.0002359057998
18237	0.0007744797242
18238	0.008689785629
18239	0.008084281176
18240	0.005970276221
18241	0.0006106635401
18242	0.001124367614
18243	1.062526477e-05
18244	0.0003990279564
18245	0.001208572132
18246	0.0006188964693
18247	0.0004728618834
18248	0.0001710337569
18249	0.00193840324
18250	0.0001433453171
18251	0.0004833318489
18252	0.001503206728
18253	5.655446976e-05
18254	2.020787033e-05
18255	0.0004833624422
18256	0.001115409207
18257	0.0001668030638
18258	0.0002862081783
18259	0.003665044801
18260	0.0001815256016
18261	0.000794305217
18262	0.009312381009
18263	0.0002129820129
18264	0.0004164050385
18265	8.850420628e-05
18266	0.0006348227238
18267	0.0006842604804
18268	0.0001369051566
18269	0.0003605314298
18270	0.00073270992
18271	0.001389850305
18272	0.003290288083
18273	0.004680264641
18274	0.001852804546
18275	0.001364181945
18276	0.003925060581
18277	0.0001413111819
18278	0.0007049198932
18279	0.0003987041081
18280	0.001229755493
18281	0.0007550592829
18282	0.001623201832
18283	0.002241015196
18284	0.001253034881
18285	0.0004084088592
18286	0.002651881583
18287	0.0003639548511
18288	0.0008542368262
18289	3.405849183e-05
18290	0.001715277314
18291	0.0006909393203
18292	0.004676291726
18293	0.0001135648396
18294	0.001454120986
18295	0.001233916564
18296	0.001061105752
18297	0.004462614059
18298	0.0002575976606
18299	2.061010744e-06
18300	0.001296761744
18301	0.006530922433
18302	0.0003309497228
18303	0.0002070874578
18304	0.006047176161
18305	0.00196155174
18306	0.0006715258778
18307	1.410315833e-05
18308	0.0001051266966
18309	0.0005627723251
18310	0.004193591378
18311	0.002499249418
18312	0.0004061184975
18313	0.004793062894
18314	0.0001366792349
18315	0.002728732583
18316	0.0009712821315
18317	0.000842847084
18318	0.002817708561
18319	0.001332540141
18320	0.001496060618
18321	0.006412928711
18322	4.48921659e-05
18323	0.000515717064
18324	0.0009562079055
18325	0.001930970703
18326	0.0008114528649
18327	0.0004975703481
18328	0.0006264893904
18329	0.001179213995
18330	0.00403698792
18331	8.088232206e-05
18332	0.0004897212573
18333	5.485644561e-05
18334	0.002110387545
18335	0.002893301128
18336	0.0007411104744
18337	0.001804754677
18338	0.006510679511
18339	0.00197902753
18340	0.002746300814
18341	0.004460222862
18342	0.0003492874855
18343	0.003469115637
18344	0.0002753094925
18345	0.0003503485244
18346	0.00747310755
18347	0.007893432528
18348	0.001022369642
18349	0.001095587659
18350	0.0006599187141
18351	0.002519107924
18352	0.0002026498074
18353	0.0002358873764
18354	0.0003221690878
18355	0.0005876584008
18356	0.0005848099441
18357	0.001836733639
18358	0.0004307560752
18359	0.0008928536134
18360	0.003215704027
18361	8.870443291e-05
18362	0.001570617181
18363	0.008333961256
18364	0.004185293244
18365	0.003187932226
18366	0.001405590543
18367	0.004920767954
18368	0.001408816436
18369	0.000409523055
18370	0.0002430560501
18371	0.001541321393
18372	0.0001579332903
18373	0.0007249900332
18374	0.000863598616
18375	0.0006833500796
18376	0.0005859565922
18377	0.001367276987
18378	0.002953364412
18379	0.0002717166334
18380	0.004572244473
18381	0.00122431801
18382	0.0002173761192
18383	0.0002055882377
18384	0.001078518472
18385	0.0006905190616
18386	0.000942678845
18387	0.00106293344
18388	0.0004409780734
18389	0.0005735715212
18390	0.001748574719
18391	0.004711172702
18392	0.0009918960455
18393	0.002772403182
18394	0.001272263659
18395	0.0001567042939
18396	0.0004572349463
18397	0.0008491927988
18398	0.00126221557
18399	0.006572404993
18400	0.0008107059935
18401	0.0003789759601
18402	0.000656326958
18403	0.006676970121
18404	0.0052538952
18405	0.001602247075
18406	0.0002279743606
18407	0.0006064921518
18408	0.003162847666
18409	0.0006651413907
18410	0.002432970551
18411	0.00246360684
18412	0.0007559608249
18413	0.000230657439
18414	0.003116337612
18415	0.001670707121
18416	0.0005146713287
18417	0.0002986042206
18418	0.000219279124
18419	0.002923000601
18420	0.0002893161914
18421	0.002267953479
18422	9.084638377e-05
18423	0.002963173072
18424	0.001499663077
18425	0.0004385097004
18426	0.001310503642
18427	0.005269745594
18428	0.004031709761
18429	0.00148476394
18430	0.005868437259
18431	0.0006854840088
18432	0.002862186254
18433	0.0001171467826
18434	0.00495554817
18435	7.157336549e-07
18436	0.006710163065
18437	0.003490880549
18438	0.004798331012
18439	0.001695964763
18440	4.464176278e-05
18441	0.0009863260186
18442	0.0001968014627
18443	0.005000246157
18444	0.003009435379
18445	0.006761336391
18446	0.0004018707749
18447	0.0007384700786
18448	0.0001576187513
18449	0.0001890309334
18450	0.004061014935
18451	0.003977566011
18452	0.003310261067
18453	0.002634698188
18454	0.0004265386213
18455	0.0003093590036
18456	7.13464659e-05
18457	0.0002734047862
18458	0.0008750939905
18459	0.002413348829
18460	0.0002189210492
18461	0.0002330440874
18462	0.0002843508502
18463	0.0005797658314
18464	6.599931073e-05
18465	0.003766054687
18466	0.0008758194321
18467	0.006659128726
18468	0.003845301228
18469	3.924851614e-05
18470	0.005877935371
18471	0.0002047437634
18472	0.0003052372937
18473	7.944524778e-05
18474	1.106613466e-05
18475	0.002980427256
18476	0.002890516325
18477	0.003985909581
18478	0.006081225472
18479	0.00221068491
18480	0.001647695954
18481	9.632628737e-05
18482	0.001186589307
18483	0.0006504542331
18484	1.05990102e-05
18485	0.0001618642343
18486	0.000194271789
18487	0.001234009836
18488	2.804819018e-05
18489	0.001783854516
18490	0.003212765519
18491	0.006332799037
18492	0.000186801008
18493	0.00721835969
18494	0.00215396842
18495	0.0007807778384
18496	0.0003640871769
18497	0.0003444532525
18498	0.0003101149622
18499	0.0005567331008
18500	0.007328508955
18501	0.0003821716
18502	0.001641520423
18503	0.0009269294024
18504	0.001797265812
18505	0.000424809874
18506	0.0003071904072
18507	0.005451726369
18508	0.0003465865945
18509	0.0001816830628
18510	0.001892156452
18511	0.002109237385
18512	0.001657573265
18513	0.001103198722
18514	0.001357725399
18515	0.002593969542
18516	0.003602433274
18517	0.005344835444
18518	0.0003859288234
18519	0.001555959339
18520	0.006413515441
18521	0.002878801912
18522	0.0009495109425
18523	0.0008567181705
18524	0.000694592844
18525	0.003244394915
18526	0.006863640718
18527	0.005432502223
18528	0.003292997694
18529	0.005680331321
18530	0.008669303368
18531	0.004195836578
18532	0.00189993736
18533	0.0002275689357
18534	0.003707614758
18535	0.002702172904
18536	0.0001495043743
18537	0.004310172256
18538	0.0003467234357
18539	0.0004861153896
18540	0.00102689854
18541	0.0002175260713
18542	0.004917292644
18543	0.001536871793
18544	0.0008755248789
18545	0.0004625805111
18546	0.002717555467
18547	0.0005669469953
18548	0.001372751529
18549	0.0001101182826
18550	0.002985966665
18551	0.001101847252
18552	0.001393176039
18553	0.0007695588556
18554	0.0002783486317
18555	0.0003570914802
18556	0.006399551708
18557	0.0055525449
18558	0.001262879454
18559	0.001580551846
18560	0.0007172637419
18561	0.006062890318
18562	0.0005803196997
18563	0.003168055208
18564	0.002319916691
18565	0.0004120610761
18566	6.987724114e-05
18567	0.0002464771873
18568	0.003702138678
18569	0.0003291954817
18570	0.0008872472679
18571	0.0001867552154
18572	0.004311279669
18573	0.003333449815
18574	0.0001606359805
18575	0.005495889837
18576	0.006824219717
18577	0.001596299669
18578	0.0001701409859
18579	0.002492021152
18580	0.003154100167
18581	0.0003131207171
18582	0.0066028639
18583	0.001359486071
18584	0.002126212741
18585	0.004121935846
18586	0.00277641949
18587	0.005531477986
18588	0.007457764236
18589	0.0003908885279
18590	0.00340187248
18591	0.004185129001
18592	0.004628420987
18593	0.0008863823603
18594	0.00513925259
18595	0.005325815705
18596	0.0008393899174
18597	0.01198485708
18598	0.0007949387235
18599	0.001699645995
18600	0.00153369305
18601	0.000947422534
18602	0.002955911609
18603	0.003372558249
18604	0.0005428341588
18605	0.002735966317
18606	0.002288449005
18607	0.002503421524
18608	0.0008757119846
18609	0.005718914488
18610	0.002284593962
18611	0.001024318694
18612	0.002690308213
18613	0.007093695049
18614	0.004075102496
18615	0.008264612374
18616	0.003049949219
18617	0.00442087777
18618	0.00341394664
18619	0.004309310606
18620	0.003148229736
18621	0.002364198158
18622	8.004887283e-05
18623	0.005181077527
18624	0.006291803153
18625	0.002741006621
18626	0.001126442462
18627	9.186979882e-05
18628	0.002885558915
18629	0.004510644581
18630	0.001789021364
18631	0.001859768062
18632	0.005088951218
18633	0.003807965553
18634	0.005170957754
18635	0.00497878994
18636	0.007935248311
18637	0.002498098841
18638	0.003521809435
18639	0.0016652669
18640	0.009005245038
18641	0.008272754675
18642	0.0005759521205
18643	0.003001302724
18644	0.0005130294151
18645	0.001063952111
18646	0.005575193889
18647	0.00193657482
18648	0.001854516577
18649	0.006196746097
18650	0.0009557034514
18651	0.001216574745
18652	0.001881009718
18653	0.0003610901467
18654	0.0008596574584
18655	0.004227445698
18656	0.007747162556
18657	0.001921760607
18658	0.0007760189456
18659	0.007726165319
18660	0.003493330751
18661	0.01094701606
18662	0.001096049526
18663	0.002537724341
18664	0.003478920096
18665	0.0001164950875
18666	0.0001692893444
18667	0.0006951015879
18668	0.002768949363
18669	0.005031655736
18670	0.00105410945
18671	0.00252847168
18672	0.002028277351
18673	0.0005545649133
18674	0.001085908439
18675	0.001426063044
18676	0.003620682195
18677	0.004897072667
18678	0.001052124014
18679	0.00218052608
18680	0.004748401196
18681	0.002707965475
18682	4.646377855e-05
18683	0.00107071366
18684	0.0007990900508
18685	0.0009857091956
18686	0.001278379483
18687	0.0005045962628
18688	0.005626605224
18689	0.0004648216911
18690	0.0001377183229
18691	0.001702118087
18692	0.002107178153
18693	7.397339166e-05
18694	0.003443232514
18695	0.009413956058
18696	0.001826902731
18697	0.006155030554
18698	0.009284441855
18699	0.004735744914
18700	0.001449289778
18701	0.005318095233
18702	0.003580588493
18703	0.001118973873
18704	0.0001787353042
18705	0.0007697729328
18706	0.0003994907994
18707	0.0001753918898
18708	0.003032180766
18709	0.00017257379
18710	0.0002229782114
18711	0.0006993163833
18712	0.0007696726744
18713	0.002129574723
18714	0.0008211549875
18715	0.00603542634
18716	0.004361572704
18717	0.002444021929
18718	0.005510091294
18719	0.001290870704
18720	0.0003625730054
18721	0.0006618441002
18722	4.58051812e-05
18723	7.563616571e-05
18724	0.001136452805
18725	0.001561820326
18726	0.0009370798301
18727	0.003193784104
18728	1.198304278e-05
18729	0.002525558946
18730	0.0002409335897
18731	0.007331441142
18732	0.001485313622
18733	0.0043446701
18734	3.828575196e-06
18735	9.99395935e-05
18736	0.001468543892
18737	0.003415387451
18738	0.000676038819
18739	0.003661195869
18740	0.000125661719
18741	0.00584259736
18742	0.003373401183
18743	2.881826871e-05
18744	0.004478612106
18745	0.002192283227
18746	0.001012133722
18747	0.0004597636035
18748	0.001255052382
18749	0.001392372686
18750	0.002236605608
18751	0.003557041679
18752	0.005270678471
18753	0.0004642410848
18754	0.0005585559117
18755	0.001545586772
18756	3.158705199e-05
18757	0.0003677864349
18758	0.004517914221
18759	6.419558344e-05
18760	0.002002359731
18761	1.027872307e-05
18762	4.374538362e-06
18763	0.00024193977
18764	0.0001593848181
18765	0.0003509572283
18766	0.0004376322829
18767	0.0008379287933
18768	0.0003212205298
18769	0.0001913441299
18770	0.001713744377
18771	0.000625849957
18772	0.003041388842
18773	0.001469423341
18774	0.001111868964
18775	0.001255899717
18776	0.001404670969
18777	0.0001563460732
18778	0.004823712207
18779	0.0003766212019
18780	0.006803730066
18781	0.001574366077
18782	0.0006452252443
18783	0.0006936623115
18784	0.001044697698
18785	0.001158781874
18786	0.002100646033
18787	0.0004768066173
18788	0.0005624489262
18789	0.002928316314
18790	0.001879422971
18791	0.0003506130155
18792	0.001128165685
18793	0.003265539659
18794	0.002188338858
18795	0.0001664859574
18796	0.003120394477
18797	0.001243631205
18798	0.0004042431381
18799	0.0003613423819
18800	0.001732319291
18801	0.005881519315
18802	0.002003863414
18803	0.0001904409257
18804	0.004260168407
18805	3.897535221e-05
18806	0.0006904821393
18807	0.002110298825
18808	0.002557364903
18809	0.00147773445
18810	0.0001095651067
18811	0.001945684779
18812	0.003798434623
18813	0.0003084438104
18814	0.002143420836
18815	0.0007648050538
18816	0.0002865414814
18817	0.0001321957778
18818	0.0005227529614
18819	0.0009655833732
18820	0.0002827437682
18821	0.002390485469
18822	0.0006686379084
18823	0.0009440967883
18824	0.002882662383
18825	0.005474250915
18826	0.001814015814
18827	0.002726168814
18828	0.004397780395
18829	0.0011926942
18830	0.001574560689
18831	0.002730717087
18832	0.002804244682
18833	0.0004365031363
18834	0.0007103017599
18835	0.001505318612
18836	0.003395116436
18837	0.003378615541
18838	0.001241759802
18839	4.432601971e-05
18840	0.005227492102
18841	0.005834803055
18842	8.619239085e-05
18843	0.002515117977
18844	0.0006827509324
18845	0.0001340151324
18846	0.004131683385
18847	0.004651190764
18848	0.001234577513
18849	0.0003240857247
18850	0.006399572174
18851	0.0006863971515
18852	0.0019129588
18853	0.0004866619077
18854	0.0005852713623
18855	0.00393491797
18856	0.009189160597
18857	0.005047468399
18858	0.002013596344
18859	0.004167255876
18860	0.002882158436
18861	0.0004469763379
18862	0.003637037394
18863	0.005878781649
18864	0.008017522849
18865	6.126906151e-05
18866	0.001947613829
18867	0.002888367946
18868	0.0002854759541
18869	0.003081875791
18870	0.0005593650694
18871	0.002648839951
18872	0.0004755450924
18873	0.002757130146
18874	0.003791698465
18875	0.0006999906449
18876	0.003008256891
18877	0.001062515225
18878	0.002025250908
18879	0.001153206364
18880	0.001774433779
18881	0.002934607582
18882	0.001630714057
18883	0.0005112450577
18884	0.0004898106196
18885	0.002507797159
18886	0.005734406477
18887	0.001712976831
18888	0.003789029539
18889	0.005653724642
18890	0.002810152062
18891	0.001960222228
18892	0.002598995671
18893	0.0008075421701
18894	0.0004616364169
18895	0.0005583069381
18896	0.001690950455
18897	0.001350622035
18898	0.003377520943
18899	0.002679966093
18900	0.004920069426
18901	0.007309863001
18902	0.005338262235
18903	0.001981267124
18904	0.006278411685
18905	0.0001387621321
18906	0.002704121776
18907	0.0003571912255
18908	0.002229966958
18909	0.005315628776
18910	0.001604579699
18911	0.0003099377356
18912	0.009245722875
18913	0.002467617727
18914	0.003198484436
18915	0.005910597184
18916	0.001956593729
18917	0.001460689752
18918	0.003103979382
18919	0.003917047452
18920	0.00421315374
18921	0.0008211854379
18922	0.0001481256323
18923	0.001599567476
18924	0.0004238824601
18925	0.001720104131
18926	0.007623209131
18927	0.0008066021426
18928	0.001434414935
18929	0.00406870373
18930	0.005435619371
18931	0.002385739826
18932	0.003901352895
18933	0.001757326944
18934	0.001290176529
18935	0.0006638014877
18936	0.0002152920831
18937	0.0004690841065
18938	0.0001599683371
18939	0.003191914692
18940	0.003246224684
18941	0.003427514934
18942	0.0008566627291
18943	8.87811658e-05
18944	0.0006284996523
18945	0.002251859095
18946	0.001934516683
18947	0.0002925741586
18948	0.0006633281846
18949	0.001303928727
18950	0.0003410157667
18951	0.0004581399549
18952	4.33640738e-05
18953	0.0006496399945
18954	0.0002939962995
18955	0.00163108019
18956	0.00168902965
18957	0.002186173541
18958	0.0007633199419
18959	0.004018457349
18960	0.003292173465
18961	0.0002270492156
18962	0.0005889141509
18963	4.298064642e-07
18964	0.0001671783074
18965	0.0001673072493
18966	5.526083112e-08
18967	9.82414776e-08
18968	3.331514844e-06
18969	0.000921736799
18970	0.002178790478
18971	0.001898901571
18972	0.0006926435894
18973	0.0002524780521
18974	0.003861135834
18975	0.0002699145953
18976	0.004633521302
18977	0.0005128891248
18978	0.00057080794
18979	0.0005411783884
18980	0.002395367819
18981	0.001719118708
18982	0.0007318699876
18983	0.001794579339
18984	0.001357367961
18985	0.0004504151017
18986	0.003208588043
18987	9.126723737e-05
18988	0.0008479354205
18989	0.0002972399338
18990	0.003402498426
18991	0.0001380363127
18992	0.0002047381298
18993	0.0002805696882
18994	0.0003694864921
18995	0.001837409313
18996	0.0008689246661
18997	0.00218924435
18998	5.077996825e-05
18999	0.001312049812
19000	0.001020669781
19001	0.0017012343
19002	0.000590823672
19003	0.002400288202
19004	0.002090649039
19005	0.001511980086
19006	0.00323770912
19007	0.005788542998
19008	0.002622414575
19009	0.001763309447
19010	4.049834047e-05
19011	0.002891168907
19012	0.000246381294
19013	0.001959207033
19014	0.0001986976832
19015	0.0009227312095
19016	0.004876482543
19017	0.0001178225439
19018	0.001189872627
19019	0.0002176974647
19020	0.001345355168
19021	0.002107918755
19022	0.004253597627
19023	0.005128917282
19024	0.004083093026
19025	9.793957843e-05
19026	0.0001451181804
19027	0.001136461999
19028	0.001586571292
19029	0.003429484463
19030	0.001365071854
19031	0.004840704537
19032	0.006129214986
19033	0.001953804927
19034	0.0003219729391
19035	0.001081260096
19036	0.003485933007
19037	0.0003173267058
19038	0.003631484664
19039	0.00122247334
19040	0.003669045135
19041	0.001745117444
19042	0.004948450725
19043	0.0004845751729
19044	0.004036137596
19045	0.002894853849
19046	0.004573208561
19047	0.002529109438
19048	0.0002715692205
19049	0.0006707865187
19050	0.006371507779
19051	0.0004595297409
19052	0.00179868823
19053	0.001364075718
19054	0.0005267266324
19055	0.0007755398304
19056	0.0008787230383
19057	0.0009934910928
19058	0.001649364123
19059	0.002519181482
19060	0.005922991234
19061	0.00365267905
19062	0.001842541974
19063	0.002828549865
19064	0.001938074505
19065	0.002284132226
19066	0.002535052925
19067	0.003665196406
19068	0.0003757677957
19069	0.0009946093996
19070	0.003410341588
19071	0.001269182507
19072	0.002331505252
19073	0.0004815534302
19074	0.001998120187
19075	0.0009781867139
19076	0.00180166219
19077	0.001136414427
19078	0.009386401749
19079	0.003043611143
19080	0.003256621814
19081	5.754990067e-05
19082	0.0007171714959
19083	0.0006161804164
19084	0.0006804655327
19085	0.001640548438
19086	0.001835654922
19087	0.0001948676449
19088	0.001481802571
19089	0.002643836452
19090	9.009494646e-05
19091	0.0002583984125
19092	0.0002473639814
19093	0.0001964149922
19094	0.0006664752308
19095	0.0001792059655
19096	0
19097	0.00681530785
19098	0.003597901588
19099	0.003027807524
19100	0.000602425404
19101	0.002144846736
19102	0.0002659571806
19103	0.004438564114
19104	0.002591860403
19105	0.003125295365
19106	0.004099860207
19107	0.00205637361
19108	0.0007905482055
19109	0.001981553885
19110	0.001120001645
19111	0.0009143601302
19112	0.006660973027
19113	0.004187028821
19114	0.0002696276395
19115	0.0001429794381
19116	0.0004661802317
19117	5.075794264e-05
19118	0.0003241453337
19119	7.731798458e-08
19120	0.0001483789641
19121	0.0001867377411
19122	0.0004270421272
19123	0.0007998511936
19124	0.00752330699
19125	0.0006981840192
19126	0.0004900411639
19127	0.0001641798892
19128	0.0007336729947
19129	0.001592046035
19130	0.001032704476
19131	0.0001614613405
19132	0.003768348031
19133	0.004471746948
19134	0.002050855142
19135	0.0006119605017
19136	0.002926014023
19137	0.009126142257
19138	0.002639300578
19139	0.004622819375
19140	0.002436519711
19141	0.002797868832
19142	0.0005168614792
19143	0.0001465867649
19144	0.002268262601
19145	0.0003719400508
19146	0.001136221568
19147	0.001588981753
19148	0.001096888909
19149	0.0002055396083
19150	0.0009282458934
19151	0.005406071517
19152	0.0002268708352
19153	0.002592064659
19154	0.0001386861014
19155	0.00152125046
19156	0.002971584195
19157	0.005481531345
19158	0.004332150035
19159	0.001556766615
19160	0.0008962587384
19161	0.0008862462346
19162	0.004135908852
19163	0.0001245016652
19164	0.00113478282
19165	0.001282593817
19166	0.004458054819
19167	0.0004211124244
19168	0.005126369265
19169	0.0009463557437
19170	0.0002213551708
19171	0.008809991031
19172	0.002065414913
19173	0.0001526444811
19174	0.002738116077
19175	0.001936411396
19176	0.00259296562
19177	0.000965132264
19178	0.002938833339
19179	0.0002153616
19180	0.0009520606751
19181	0.00097676691
19182	0.0003041658178
19183	0.004658418921
19184	0.0008000442699
19185	0.002077503876
19186	0.003045464263
19187	0.0001328974902
19188	0.002345604872
19189	0.001232714769
19190	0.0001280675687
19191	0.002752616125
19192	0.0006674609891
19193	0.003017233536
19194	0.00196612655
19195	0.001615108573
19196	0.0004169312383
19197	0.0006708713762
19198	0.0001002573037
19199	0.0005195475037
19200	0.0005575203388
19201	0.0001020924426
19202	0.0006320848858
19203	0.0006625024526
19204	0.0003052733413
19205	0.002624940297
19206	0.001020674211
19207	0.001489065142
19208	0.001681981028
19209	0.009442304149
19210	0.004532466024
19211	0.001490662076
19212	0.0004624282595
19213	0.001221027786
19214	0.0008235727123
19215	0.001633384246
19216	0.005350349721
19217	0.003963207152
19218	0.007681762865
19219	0.001085530575
19220	0.00188195265
19221	0.002730415054
19222	0.002292992514
19223	0.0005814593377
19224	0.0005161236769
19225	5.814760927e-05
19226	1.62215534e-05
19227	0.001458542321
19228	0.003246815474
19229	0.004821498706
19230	0.0009853911699
19231	4.119119345e-05
19232	0.003495908617
19233	0.001289818124
19234	0.001301031277
19235	0.005939842622
19236	0.0006414532281
19237	0.003610933767
19238	0.001294864039
19239	0.001760196307
19240	2.76794533e-05
19241	0.003842794653
19242	0.003086430103
19243	0.0008435312619
19244	0.001252667261
19245	0.002211631735
19246	0.000555476064
19247	0.0002937695079
19248	0.004472397939
19249	0.001198891011
19250	0.003054053754
19251	0.001144811968
19252	0.004036416791
19253	0.001964220205
19254	0.003177718974
19255	0.0006218187882
19256	1.64283497e-05
19257	0.0004710817274
19258	0.00067387223
19259	8.243149184e-05
19260	2.626871113e-05
19261	0.004507733975
19262	0.001157755136
19263	0.007345135434
19264	0.003141508077
19265	0.0004292223726
19266	0.001415151322
19267	0.001463080428
19268	0.001086452501
19269	0.0001531293046
19270	0.002679472239
19271	0.0009599234955
19272	0.002065390233
19273	0.004177149517
19274	0.001790014846
19275	0.0005596099702
19276	0.007278505438
19277	0.0008772837328
19278	0.004091132779
19279	0.003178398184
19280	0.005100214354
19281	0.00173916246
19282	0.000245489319
19283	0.0006368530608
19284	2.216752256e-05
19285	0.002409719603
19286	0.0005554840451
19287	0.002949444588
19288	0.001366415948
19289	0.001889793921
19290	0.002422491829
19291	0.005561344692
19292	0.001064562282
19293	0.002755875753
19294	0.001703380804
19295	0.001897055864
19296	0.00625165998
19297	0.001208302415
19298	0.0007315919084
19299	0.002331169868
19300	0.001281840669
19301	0.002345998085
19302	0.004466312667
19303	0.001239103796
19304	0.000968723692
19305	0.0008828738651
19306	0.001499699331
19307	0.001935089857
19308	0.001189272284
19309	0.001415592864
19310	0.0008662540971
19311	0.00143208972
19312	0.0009367946235
19313	0.003785883094
19314	0.001142052548
19315	0.000147587807
19316	0.003575329579
19317	2.832474418e-05
19318	0.004184530414
19319	0.003641180663
19320	0.001902065428
19321	0.002486148822
19322	0.002975077702
19323	0.006228860578
19324	0.0004624507043
19325	7.916225546e-05
19326	0.007971705939
19327	0.0009267180172
19328	0.0003655697667
19329	0.003987668932
19330	0.0002250079554
19331	0.002891628021
19332	0.0007625036132
19333	0.00232251333
19334	0.004673050975
19335	0.003316573873
19336	0.001538070084
19337	0.004402190609
19338	0.0001887874678
19339	0.0002803011394
19340	0.001922186132
19341	0.0010516581
19342	0.005067819742
19343	0.000317755091
19344	0.0063700645
19345	0.0005794212421
19346	0.004225998205
19347	0.002301231469
19348	0.0003416585521
19349	0.002819030255
19350	0.002048980519
19351	0.0008104414467
19352	0.0001274452998
19353	0.002752935376
19354	0.00012219732
19355	0.0002543046644
19356	0.003145005769
19357	0.0001995949427
19358	0.0004454430223
19359	0.0001472704912
19360	0.0001231697149
19361	0.00199546554
19362	0.004653291434
19363	0.001706309027
19364	0.0007171120078
19365	0.001835872168
19366	0.0007753635464
19367	0.001270042928
19368	0.002024659083
19369	0.0004039287635
19370	0.003175732552
19371	0.004105586702
19372	0.003420060095
19373	0.0009668164365
19374	0.0005739520316
19375	0.00137907675
19376	0.0009664414164
19377	0.000152489278
19378	0.001284080706
19379	0.0002534302074
19380	0.0003172699582
19381	0.00206793506
19382	0.004659756003
19383	0.0110326367
19384	0.0007281061782
19385	6.522980446e-05
19386	0.001520508507
19387	0.0006215085701
19388	0.003060469633
19389	0.0002989154974
19390	0.003306864386
19391	0.0005064287722
19392	0.001079342364
19393	0.0005813631408
19394	0.001475860766
19395	0.000253373401
19396	0.00115976941
19397	0.0006136273517
19398	0.000551224453
19399	0.001728048948
19400	0.001447143518
19401	0.001088966772
19402	0.001223275196
19403	0.002376659173
19404	0.001006703657
19405	0.0003101813496
19406	7.162370631e-05
19407	0.0001805554953
19408	0.0001461776181
19409	0.000785047811
19410	0.0002197841489
19411	0.00286241708
19412	0.003028093971
19413	0.004745313924
19414	0.001754151505
19415	0.001951619108
19416	0.0009256536909
19417	0.001523097817
19418	0.001016756208
19419	0.003018776458
19420	0.00851742209
19421	0.006165835713
19422	0.001370521761
19423	0.007354728864
19424	0.003555925059
19425	0.000524131565
19426	0.0004075897134
19427	0.001482846625
19428	0.001191181392
19429	0.003588395295
19430	2.472254995e-05
19431	0.002562632146
19432	0.001387894502
19433	0.001915982837
19434	0.0002384941724
19435	0.000128330384
19436	3.550088231e-05
19437	0.001144074707
19438	0.0002453282035
19439	0.000353615069
19440	0.0001313446424
19441	0.0005945942143
19442	0.0006796741086
19443	0.0007793394519
19444	0.007991514276
19445	0.002098095436
19446	0.003545980179
19447	0.0002061661915
19448	0.001284811581
19449	0.003508113734
19450	0.006304330579
19451	0.008052848112
19452	0.001044623767
19453	0.003102979222
19454	4.895767665e-05
19455	0.0006559443993
19456	0.002912443958
19457	0.0006355418038
19458	0.002844290135
19459	0.000876635777
19460	0.0045078345
19461	0.003079789512
19462	0.0001951597274
19463	0.00106753689
19464	0.0003297554026
19465	0.001684291088
19466	0.004222972627
19467	0.001379939853
19468	0.007757552446
19469	0.002142468411
19470	9.385056671e-05
19471	0.0003901430832
19472	0.00131416538
19473	0.001272158244
19474	0.0004705107328
19475	0.004509592473
19476	0.0006389526796
19477	0.004519172314
19478	0.002995290253
19479	0.0005839045819
19480	0.000331761586
19481	0.0007520795303
19482	0.001086188476
19483	0.0005607231277
19484	0.002172434801
19485	0.0004566679272
19486	0.002186989666
19487	0.0004014804914
19488	0.003866017306
19489	0.002238739089
19490	0.000477837483
19491	0.0006158428551
19492	0.0003689110271
19493	0.00378548569
19494	0.001352038205
19495	0.001925906972
19496	0.0005606332202
19497	0.0007297881823
19498	0.002315839057
19499	0.004230230946
19500	0.003224194075
19501	0.001741887268
19502	0.002311257544
19503	0.008271561068
19504	0.002821033281
19505	0.001553428735
19506	0.003480883471
19507	0.0001605082375
19508	0.001369386811
19509	0.001443713968
19510	0.002129890169
19511	0.0009715859006
19512	0.002137587723
19513	5.434365824e-05
19514	0.001214598226
19515	0.0009138082727
19516	0.0008932789222
19517	0.001094727395
19518	0.004340281386
19519	0.001402296176
19520	0.003102936669
19521	0.003948528481
19522	0.003940432999
19523	0.001929209859
19524	0.004289294211
19525	0.002152653901
19526	0.001616887141
19527	0.002720971005
19528	0.002466856739
19529	3.667395294e-06
19530	0.0002095670009
19531	0.001805675402
19532	0.004530020946
19533	0.0009626738071
19534	0.00245697557
19535	0.0003703250004
19536	0.002827537685
19537	6.750731016e-05
19538	0.0001548257461
19539	0.0007012080241
19540	0.005815471169
19541	0.004427327753
19542	0.00184420219
19543	0.002815377564
19544	0.0007830834614
19545	0.004480469492
19546	0.004010783215
19547	0.001068346597
19548	0.004432741517
19549	0.009225344233
19550	0.003131149391
19551	0.003562970908
19552	0.007842187884
19553	0.00208955896
19554	0.0005786532437
19555	0.002793307793
19556	0.003639996462
19557	8.159218392e-06
19558	0.001180095849
19559	5.694378712e-05
19560	0.006000114966
19561	0.0007591020914
19562	0.005002578235
19563	0.002218994087
19564	0.0006984982046
19565	0.003771921107
19566	0.01188810105
19567	0.0020642204
19568	0.000160503809
19569	0.001225736494
19570	0.0008610855698
19571	0.001062420409
19572	0.001335899554
19573	0.004792069147
19574	0.003123648994
19575	0.0007361304151
19576	0.002200758203
19577	0.002975436647
19578	0.001554145491
19579	0.0003985902746
19580	0.009327398753
19581	0.001017094181
19582	0.002410438482
19583	0.007095453483
19584	0.003736332822
19585	0.002275101047
19586	0.0006548622424
19587	0.0003567773901
19588	0.003718407949
19589	0.002400538685
19590	0.000861844346
19591	0.001562346946
19592	0.0007411355244
19593	0.008794069331
19594	0.001574879962
19595	0.00122726066
19596	0.004714461993
19597	0.002870761914
19598	0.0002718956439
19599	0.006532566058
19600	0.0006387447513
19601	0.002154630588
19602	0.0003704105592
19603	0.001369919267
19604	0.0004283519637
19605	0.008172006756
19606	0.002266761188
19607	0.0006295042163
19608	0.01001897767
19609	0.002894860034
19610	0.0003606948464
19611	0.0003899625337
19612	0.002172007998
19613	7.20945016e-05
19614	0.002806229381
19615	0.001109860702
19616	0.0009597748313
19617	0.0009741049376
19618	0.001435024787
19619	0.0007099749357
19620	5.940368324e-05
19621	0.0007957673399
19622	0.003299398384
19623	0.003327690753
19624	0.0002987729675
19625	0.0006619016293
19626	0.00459585112
19627	0.001805146814
19628	0.001765656942
19629	0.00161416873
19630	0.003430313221
19631	0.001169295269
19632	0.0002930511434
19633	0.0009324930505
19634	0.005255204884
19635	0.001123269669
19636	0.001585858277
19637	0.004018442703
19638	0.006578754396
19639	0.001153434728
19640	0.0007629104088
19641	0.006171975106
19642	0.002331447146
19643	0.002028607549
19644	0.0002953933495
19645	0.0006760848795
19646	0.003492902132
19647	0.0001393160206
19648	0.007083800392
19649	0.0009241412894
19650	0.005099341097
19651	0.0003642536002
19652	0.007730055703
19653	0.004177053892
19654	0.002814133166
19655	0.002666336074
19656	0.0005163921312
19657	0.0009796251017
19658	0.000726195752
19659	0.006887730946
19660	0.002077056383
19661	0.0008633777581
19662	0.003711117185
19663	0.004863995804
19664	0.004842651506
19665	0.0004986066213
19666	0.001268326993
19667	5.956852394e-05
19668	0.0009834380338
19669	0.0004167244243
19670	0.003898382255
19671	0.002605186359
19672	0.003561071885
19673	0.0004221170269
19674	0.001496560433
19675	0.005075023943
19676	0.001979931886
19677	0.0004839887552
19678	0.005378987692
19679	0.001957330297
19680	0.000111535693
19681	0.001102319111
19682	0.003398272927
19683	0.0001994885173
19684	0.002843214183
19685	0.0007809082088
19686	0.0005018039461
19687	0.005169392365
19688	0.003817187631
19689	0.0004049154499
19690	0.0003954783016
19691	0.00603533738
19692	0.002202667526
19693	0.0009295700542
19694	0.001870800342
19695	0.00323784134
19696	0.007018160472
19697	0.00314612148
19698	3.701694475e-05
19699	0.0005818188003
19700	0.0001705282777
19701	0.0008017470938
19702	0.0008120412715
19703	0.003711000406
19704	0.0002483322285
19705	0.0008980298176
19706	0.001200153128
19707	4.704668367e-05
19708	2.483945295e-05
19709	0.0009075819693
19710	0.0005404983767
19711	0.001218489781
19712	0.0009992204181
19713	0.0005135979762
19714	3.57992373e-05
19715	0.0008794113229
19716	0.0003688816405
19717	5.697106085e-05
19718	0.001675738423
19719	0.001710518558
19720	0.0005059660582
19721	0.003588359712
19722	0.0007775664908
19723	0.001203961569
19724	0.0003472276529
19725	0.0002228891426
19726	0.001168199591
19727	0.004198244212
19728	0.0009584720577
19729	0.002955989418
19730	0.003793268966
19731	0.0001860619209
19732	1.301513476e-05
19733	0.0008949284577
19734	0.004940097159
19735	0.001040375607
19736	0.002108604364
19737	0.0001951028906
19738	0.0008040708279
19739	0.002947658882
19740	0.001327383535
19741	0.004134077904
19742	0.003019071048
19743	0.002379464926
19744	0.002109482186
19745	0.005970030747
19746	0.002591690334
19747	0.003087787017
19748	0.004581617408
19749	0.002171252136
19750	0.00497395179
19751	0.01296950001
19752	0.00594884497
19753	0.0007600820611
19754	0.001611720943
19755	0.0007243909148
19756	0.000216577925
19757	0.002322996043
19758	0.00190622164
19759	0.0001073241775
19760	0.004531665077
19761	0.0009747076112
19762	0.004181427788
19763	0.001095034342
19764	0.0007596939264
19765	0.001718713469
19766	0.003058640038
19767	0.0001399691675
19768	0.005489488964
19769	0.002638557725
19770	0.002383255835
19771	0.0007676166527
19772	0.0003390047344
19773	0.002021800829
19774	0.003064271372
19775	0.003385324258
19776	0.0027148554
19777	0.004402695806
19778	0.008033773116
19779	0.0009458806075
19780	0.002367738859
19781	0.001888983899
19782	0.0004047403154
19783	0.0007386762378
19784	0.002414828546
19785	0.01010525016
19786	0.001665408188
19787	0.002729369551
19788	0.003058020064
19789	0.002802140163
19790	0.000811941635
19791	0.0005255058145
19792	0.002062959086
19793	0.001751004456
19794	0.0005799166714
19795	0.002029915518
19796	0.003316528945
19797	0.002624086477
19798	0.005085206943
19799	0.001422809625
19800	0.002908342422
19801	0.0001916118524
19802	0.0008460214466
19803	0.005533110295
19804	0.002277096883
19805	0.001857861893
19806	0.004119386755
19807	0.001718783583
19808	0.0002316921942
19809	0.002126124733
19810	0.001858549737
19811	0.001357526953
19812	0.004535142658
19813	0.0009528371203
19814	0.00250437443
19815	0.001542510601
19816	0.001433772705
19817	0.001967871376
19818	2.607145315e-06
19819	0.001803047979
19820	3.604713406e-05
19821	8.46578812e-05
19822	0.002906752285
19823	0.003459707982
19824	0.0005589153175
19825	0.003226440492
19826	0.003519433971
19827	0.00116059305
19828	0.001415799019
19829	0.00135502648
19830	0.001682278681
19831	0.0007598694946
19832	0.000708492869
19833	0.004746050794
19834	0.008618197876
19835	0.0006355734517
19836	0.002214126081
19837	0.008730860948
19838	2.425911701e-05
19839	0.002681161604
19840	0.003713731088
19841	0.0002801727583
19842	0.0006223785081
19843	0.003549000299
19844	0.000857048203
19845	0.001028662336
19846	0.00032454304
19847	0.0003318527361
19848	0.002283552884
19849	0.000579955821
19850	0.0002726778952
19851	0.003308405771
19852	0.0001645001555
19853	0.001123517733
19854	0.0004588651774
19855	0.001186626927
19856	0.004067192544
19857	0.002039305206
19858	0.0005320175948
19859	0.0002445407273
19860	0.002854410191
19861	0.001813911324
19862	0.009059883581
19863	0.005933152193
19864	0.001638000347
19865	0.005707069943
19866	0.004015605313
19867	0.001704228076
19868	0.007424012566
19869	0.003729952651
19870	9.432909389e-05
19871	0.002540882823
19872	0.003331161566
19873	0.0004789913512
19874	0.001271258265
19875	0.0001889496584
19876	0.001396845192
19877	0.000192802823
19878	0.000130335581
19879	4.227572444e-06
19880	0.0009163007236
19881	0.0002687820226
19882	0.0001292782436
19883	0.0001020972581
19884	0.0001586149707
19885	0.0003686414098
19886	0.002597899907
19887	0.002149615811
19888	0.003256969956
19889	0.001611181856
19890	0.00106892913
19891	3.390323427e-05
19892	0.002926761896
19893	0.0009668031319
19894	0.00670296234
19895	0.002137518652
19896	0.001244442244
19897	0.008136113075
19898	0.000915060865
19899	0.001428378471
19900	0.000676374707
19901	4.16381334e-05
19902	0.001827704048
19903	0.001995054067
19904	0.0001066178737
19905	0.001209015687
19906	0.0002228897786
19907	0.007582567511
19908	0.0004108749251
19909	0.000656320113
19910	0.0009452143976
19911	0.0006974581566
19912	0.0002839970706
19913	0.006504958569
19914	0.0005137149176
19915	0.006497123014
19916	0.003725403485
19917	0.003580355134
19918	0.006584763397
19919	0.001000260818
19920	0.003247016906
19921	0.00218456734
19922	0.004586094916
19923	0.0004986962386
19924	0.0001821724568
19925	0.0002293949587
19926	0.002563605158
19927	0.0002406714661
19928	0.003525381668
19929	0.002500656017
19930	0.002372797674
19931	0.002540520045
19932	0.001079011966
19933	0.0002538437702
19934	0.001823128772
19935	0.001143606168
19936	0.001502139747
19937	0.0007064080347
19938	0.004606112807
19939	1.698618248e-05
19940	3.127219635e-05
19941	0.001742998789
19942	0.006328915637
19943	0.001677101064
19944	0.0009748188165
19945	0.0001614346433
19946	0.0012597756
19947	0.008954249569
19948	0.0001593058173
19949	0.0004385604756
19950	0.0005113938717
19951	0.002172573515
19952	0.00251266595
19953	0.003233124157
19954	0.007310848965
19955	4.990296606e-07
19956	0.001564573651
19957	8.696535652e-05
19958	0.0005866702202
19959	0.004289010776
19960	0.003832820969
19961	0.0005073335692
19962	0.002506268263
19963	0.008850816845
19964	0.002690785181
19965	0.002448160982
19966	0.00781645843
19967	0.004039133295
19968	0.0001068099633
19969	0.003805088748
19970	0.0005311450903
19971	0.0001869196037
19972	9.875311362e-05
19973	9.793249818e-05
19974	0.00142956893
19975	0.0006901203832
19976	0.0002143059923
19977	0.0003659067992
19978	0.002232108122
19979	0.001076217439
19980	0.001726149632
19981	0.003117014193
19982	0.001270625809
19983	0.008200793865
19984	0.001804730851
19985	0.001268903496
19986	0.003417501124
19987	0.002072738475
19988	0.003050269556
19989	0.00168947561
19990	0.003141622268
19991	0.00636744098
19992	0.0008278773664
19993	5.258886853e-05
19994	0.0004804021332
19995	0.0005335903048
19996	0.0004375527553
19997	0.0005106497746
19998	0.00249656532
19999	0.00134637664
20000	0.0009897588439
20001	0.000353591156
20002	0.002428603888
20003	0.005229136406
20004	0.0003839215309
20005	0.00211005094
20006	0.001425238532
20007	0.0007961527212
20008	0.002008261673
20009	0.005237497621
20010	0.0006224371607
20011	0.0006957017778
20012	4.598103476e-05
20013	0.003808099803
20014	0.003229317369
20015	0.002283659493
20016	0.001650974268
20017	0.0007771382165
20018	0.007868869113
20019	0.000158849121
20020	0.0006653557027
20021	0.004177678939
20022	0.01167595896
20023	0.001213611414
20024	0.001673963558
20025	0.0009522309344
20026	0.002943486246
20027	0.002591059316
20028	0.00518407493
20029	0.0003392311773
20030	0.0006674541388
20031	0.004827510228
20032	0.004515239588
20033	0.003106287657
20034	0.00583467815
20035	0.005300877572
20036	0.002797002298
20037	0.004904913006
20038	0.0004104643468
20039	0.002971217344
20040	0.007217759915
20041	8.106430323e-05
20042	0.001613179132
20043	0.004572253401
20044	0.002093588432
20045	0.0007235513905
20046	0.005691897209
20047	0.0009142427321
20048	0.001146316414
20049	0.005052458657
20050	0.003640530782
20051	0.001245058674
20052	0.0002101375668
20053	0.001587849382
20054	0.002819741747
20055	0.0008942491443
20056	0.0006444990707
20057	0.001809290934
20058	0.001826360519
20059	0.002742080375
20060	0.002879771561
20061	0.007082557323
20062	7.610910441e-06
20063	0.002071954707
20064	0.0006512532352
20065	0.0006958393104
20066	0.0009399985773
20067	0.0002943585595
20068	0.0005275229665
20069	0.000287274841
20070	0.005762956174
20071	0.0009752272051
20072	0.0001767203082
20073	0.0005321542067
20074	0.001822674167
20075	0.0008921580715
20076	0.0007806105302
20077	0.00150793513
20078	0.002793313544
20079	0.003695221347
20080	0.002003114204
20081	0.00603501587
20082	0.0001601456871
20083	0.0001969335372
20084	0.000596178419
20085	0.004112356965
20086	0.001282635224
20087	0.004858712496
20088	0.0005357100532
20089	0.005201884272
20090	0.001384592168
20091	0.0002829477405
20092	0.0004248701046
20093	0.001174278721
20094	0.00202351765
20095	0.00398640156
20096	0.0005354732515
20097	0.003811655539
20098	0.0007136469583
20099	0.002703248392
20100	0.008470800283
20101	0.001130663667
20102	0.0003135767796
20103	0.001245305806
20104	0.001539293019
20105	0.0005746342895
20106	4.934598918e-06
20107	0.0003897187477
20108	0.0006685778938
20109	0.0005240349594
20110	0.002855704604
20111	0.003886038592
20112	0.001061108801
20113	4.046224797e-05
20114	0.001989625887
20115	0.0017913501
20116	0.00362569749
20117	0.0001825712498
20118	0.0003285196887
20119	0.0007617667319
20120	0.0006885707821
20121	0.0005495503779
20122	0.003823734615
20123	0.000720221797
20124	0.0001355874459
20125	0.001942525958
20126	0.0005803481646
20127	0.0025066857
20128	0.005131819768
20129	0.0002052054301
20130	0.0009963111811
20131	0.0001099755743
20132	0.0003329108112
20133	0.0005238178319
20134	0.0002632014767
20135	0.004028436637
20136	0.0004375634193
20137	0.0006410271598
20138	0.003929060996
20139	0.002088186455
20140	0.0009864601593
20141	0.001608613708
20142	9.065689622e-05
20143	0.002246311181
20144	0.004958488917
20145	0.0001436809694
20146	0.0007724523064
20147	0.002439632103
20148	0.001949294484
20149	0.003427120135
20150	0.001276638515
20151	0.0009106181222
20152	0.0001774502142
20153	0.002182640721
20154	0.001462032073
20155	0.001407302732
20156	0.0004744390259
20157	0.001871036913
20158	0.0002857493636
20159	0.0007270378471
20160	0.004347932568
20161	0.003781437345
20162	0.0005380151711
20163	0.007329504229
20164	0.001204207494
20165	0.005042661377
20166	6.256957736e-05
20167	0.00219260857
20168	0.000468151364
20169	0.001784284326
20170	0.00444397819
20171	0.003198197703
20172	4.418664536e-05
20173	0.0008821510098
20174	0.0009025542306
20175	0.0002169846322
20176	0.002069456526
20177	0.0002627559435
20178	0.002703564442
20179	0.003114213515
20180	0.0001163162453
20181	0.003090469895
20182	0.0003833367605
20183	0.002311685856
20184	0.007149801033
20185	0.0001902988266
20186	0.004649240033
20187	0.0006517902185
20188	0.0003010157216
20189	5.417093933e-05
20190	0.0006711022238
20191	0.001796659823
20192	0.003888655051
20193	0.0009800271165
20194	0.002116090826
20195	0.001087097085
20196	0.0005835238544
20197	0.00187010239
20198	0.0004354918017
20199	0.001146733865
20200	0.0003848476765
20201	0.0007973607289
20202	0.0009316982578
20203	0.0003829754001
20204	0.0001346732963
20205	0.0002825611474
20206	0.000214139923
20207	0.0001831027869
20208	0.006194166369
20209	0.001696893523
20210	3.281031802e-05
20211	5.921246715e-05
20212	0.0005871287478
20213	0.0001945999176
20214	0.007919342972
20215	0.0005606235386
20216	0.0009352176091
20217	0.000796919285
20218	0.002973988559
20219	0.003719053947
20220	0.002129433678
20221	5.345981204e-05
20222	0.001756789878
20223	0.002845780474
20224	0.001042138777
20225	0.003837379363
20226	0.00199208918
20227	0.002085202261
20228	8.232380729e-05
20229	0.0001491314382
20230	0.00174352564
20231	0.001909867451
20232	0.000422931572
20233	0.0001803108672
20234	0.009055898946
20235	0.001421091125
20236	0.009838674935
20237	0.002194742647
20238	0.002015353885
20239	0.001193042205
20240	0.0008664495705
20241	0.003592078899
20242	0.0004171964681
20243	0.001328693862
20244	0.003045956884
20245	0.001078760586
20246	0.002702355232
20247	0.002855181576
20248	0.007726874993
20249	0.0006394668846
20250	0.0008386410894
20251	0.0003466046584
20252	0.000326143788
20253	0.0004745332085
20254	2.678115726e-05
20255	0.0004771530069
20256	0.0009813748837
20257	0.0003108350166
20258	0.0004887260394
20259	0.0003385613313
20260	0.000675855614
20261	0.0001608957112
20262	0.0008695854596
20263	0.003045630122
20264	0.000162257515
20265	0.001009128839
20266	0.006260179548
20267	0.001535128601
20268	0.000848167178
20269	0.003068898749
20270	0.000492101774
20271	1.045670626e-05
20272	0.0007849517175
20273	0.0002626094923
20274	0.001056884553
20275	0.003830303881
20276	0.001153692976
20277	0.0009615120458
20278	0.0002304591492
20279	0.002515577505
20280	0.0001113336645
20281	0.0006514875052
20282	0.003785808357
20283	0.00110305797
20284	0.003060287173
20285	0.00084146388
20286	0.001045854236
20287	0.001213105525
20288	0.0005296909546
20289	0.0001676976465
20290	0.0002014469186
20291	0.00287964935
20292	0.002649919542
20293	0.001522094279
20294	0.005631796194
20295	0.001337856349
20296	0.0002692873258
20297	0.001303612008
20298	0.0004361269449
20299	0.002428614018
20300	0.0001554328515
20301	0.0001790180682
20302	0.003169074618
20303	0.001573644808
20304	0.0003736626387
20305	0.004432075642
20306	0.004710153793
20307	0.001535072773
20308	0.003331025215
20309	0.007466941497
20310	0.0006720372091
20311	0.005203526543
20312	0.004069940023
20313	0.001532881563
20314	0.002499645569
20315	0.007047501418
20316	0.003908978335
20317	0.007911178418
20318	0.007034241095
20319	0.003026289821
20320	0.002061275386
20321	0.0009858946086
20322	0.0006484651417
20323	0.0005084404462
20324	0.0001862344779
20325	0.005649682047
20326	0.007834844704
20327	0.001716472808
20328	0.0004712885933
20329	0.005839482503
20330	0.000717636137
20331	0.0003088441832
20332	0.0003382277052
20333	0.0007687325967
20334	0.002391195174
20335	9.67460027e-05
20336	0.0004682623214
20337	0.0001263674178
20338	0.001548082681
20339	0.001028212147
20340	0.001198850745
20341	0.001333112754
20342	0.001443600741
20343	0.0007976081014
20344	0.002246048146
20345	0.002526059462
20346	0.002210496643
20347	0.003281328541
20348	0.0009916144506
20349	0.003097822266
20350	0.0008971190713
20351	0.0005160600941
20352	0.0006243630161
20353	0.00204725756
20354	0.004174766133
20355	0.004114661204
20356	0.001136039439
20357	0.003747712255
20358	0.0003716414415
20359	0.003796506924
20360	0.00110835691
20361	0.001435636811
20362	0.0002454503629
20363	0.001178829407
20364	0.00532342121
20365	0.002747759119
20366	0.000973046515
20367	0.0009727959087
20368	0.002973837586
20369	0.000235872337
20370	0.002879115121
20371	0.006015279877
20372	2.57238053e-06
20373	0.001994154533
20374	0.001009289753
20375	0.002427580707
20376	0.003422079303
20377	0.0007860022945
20378	0.0007791688892
20379	0.0003588105071
20380	0.002531264698
20381	0.0005116718565
20382	0.000155321775
20383	0.0008723554179
20384	9.469092005e-05
20385	0.0001766423269
20386	3.424927391e-05
20387	0.0004931487897
20388	0.000107748803
20389	0.0004455705409
20390	0.0001757149577
20391	0.0002628112259
20392	0.0001273384837
20393	0.000123141937
20394	0.0001732360363
20395	0.0002335077956
20396	0.0009080199346
20397	0.001251150157
20398	0.001074948599
20399	0.003427946211
20400	0.0009900322067
20401	0.001985178585
20402	0.00170857217
20403	0.0002308468917
20404	0.002997912451
20405	0.003465905705
20406	0.001575670599
20407	0.0001598086843
20408	0.001464051396
20409	0.004243065876
20410	0.0001973696812
20411	0.0001308118555
20412	0.004157282469
20413	0.006274291434
20414	0.0005863442013
20415	0.002393613473
20416	0.001606319155
20417	0.001050517165
20418	0.0003998182749
20419	0.003311423893
20420	0.003478374417
20421	0.002680208711
20422	0.0009679784719
20423	0.002170249224
20424	0.002339520404
20425	0.001028405124
20426	9.480475768e-05
20427	0.0004364844186
20428	0.0007677337977
20429	0.002431573247
20430	0.003898890933
20431	0.003002789955
20432	0.001098399751
20433	0.001128768272
20434	0.005204545922
20435	0.000196795637
20436	0.004599997718
20437	0.0005719022672
20438	0.0003999381642
20439	0.0007256938425
20440	0.0008613691385
20441	0.0008772638479
20442	0.0009915343704
20443	0.0005844696836
20444	0.001515492337
20445	0.002504474393
20446	0.002428830215
20447	0.001075294127
20448	0.002657366811
20449	0.004784420879
20450	0.0009255247809
20451	0.0009557337364
20452	0.0004365182344
20453	0.0005994595219
20454	0.00108814158
20455	0.0008325282803
20456	0.001186615877
20457	0.0003276996426
20458	0.002336005238
20459	0.002291799423
20460	0.0004814152691
20461	0.002550884749
20462	0.002165428229
20463	0.003127472008
20464	0.004232262248
20465	0.003675131536
20466	0.007252988654
20467	0.001002631468
20468	0.002025870583
20469	8.468681302e-05
20470	0.0004043191144
20471	0.00580533493
20472	0.0003013353215
20473	0.0007475878884
20474	0.0003805436927
20475	0.001431527522
20476	0.001445261378
20477	0.001554930189
20478	0.001294617721
20479	0.00188502429
20480	0.00211272869
20481	0.001424531161
20482	0.001197896386
20483	0.0004029014184
20484	0.0007437310792
20485	0.005288851974
20486	0.00113625576
20487	0.0006326634396
20488	0.0009298227521
20489	0.0001329233373
20490	0.0007726084749
20491	0.0002220141766
20492	0.001733053026
20493	0.0001058898603
20494	0.002958152407
20495	0.000726733052
20496	0.00151863411
20497	0.002340222138
20498	0.001882463147
20499	0.003670640996
20500	0.001015285753
20501	0.000640605657
20502	0.0005931351237
20503	0.005953538223
20504	0.008089856351
20505	0.001250364186
20506	0.00147795886
20507	0.0007342921193
20508	0.004036306166
20509	0.0008854749591
20510	0.002350554674
20511	0.0001242735301
20512	0.002145099926
20513	0.0004475376952
20514	0.0003942840403
20515	0.001174567318
20516	0.0001303890854
20517	0.001399138127
20518	0.001989413117
20519	0.003693876437
20520	0.003562410598
20521	0.0001323150985
20522	0.0003392331116
20523	0.0001911759896
20524	0.0004547410289
20525	0.003176489957
20526	0.006942890069
20527	0.001604279055
20528	0.002635671273
20529	0.002252355572
20530	0.003622247329
20531	0.001685901408
20532	0.0007232371101
20533	0.0009940732585
20534	0.005169670217
20535	0.002621161278
20536	0.001238739724
20537	0.0009008061649
20538	0.001932085133
20539	0.005347275606
20540	0.0006286646652
20541	0.0015042814
20542	0.004024433061
20543	0.0006013136165
20544	0.002205554829
20545	0.0006018519715
20546	0.00305516762
20547	0.001310414483
20548	0.001619732813
20549	0.00720135814
20550	0.001940903113
20551	0.005554558648
20552	0.0001058986884
20553	0.004628110326
20554	0.001042879012
20555	0.0001765726723
20556	0.008347639232
20557	0.005106726591
20558	0.0006284383995
20559	0.002936146495
20560	0.001077735568
20561	0.001353420644
20562	0.001555366277
20563	0.0008536851553
20564	0.001738427997
20565	5.378241335e-05
20566	0.0004816116345
20567	0.001888566827
20568	0.0009053359003
20569	0.003345413284
20570	0.002567419011
20571	0.002337836943
20572	0.002573272717
20573	0.0005705339107
20574	6.411877679e-05
20575	0.0005194509173
20576	0.0003373445109
20577	0.00405059872
20578	0.001021673205
20579	0.0006965959322
20580	0.003206775304
20581	0.002639604318
20582	0.0007475402602
20583	0.004256107991
20584	0.003356339607
20585	2.435642218e-06
20586	0.0002700822905
20587	0.001313188478
20588	0.001660853234
20589	0.005476167159
20590	0.002739289073
20591	0.000656651095
20592	0.001837072972
20593	0.0005347676025
20594	0.0005302391628
20595	0.001895482984
20596	0.0001491144791
20597	0.0007819833962
20598	0.0003231089324
20599	0.002202527641
20600	0.001052780337
20601	0.00107494583
20602	0.0007372852998
20603	0.001827755959
20604	0.002035903518
20605	0.004756948937
20606	0.000166566271
20607	0.0002522600391
20608	0.001985438004
20609	0.001240907525
20610	0.0003510818987
20611	0.00113423399
20612	0.001685385203
20613	0.003141337273
20614	0.002145626854
20615	0.003310702335
20616	0.001115786283
20617	0.008061642162
20618	0.004131633467
20619	0.006280211395
20620	0.0002141032656
20621	0.005418720717
20622	0.004018730015
20623	0.003639865964
20624	0.0009478131613
20625	0.002032778704
20626	2.099862735e-05
20627	0.003802431661
20628	0.001081223214
20629	0.004489208883
20630	0.002170442714
20631	0.0008368812476
20632	0.002007876106
20633	0.004238495999
20634	0.0001191483143
20635	0.002449945671
20636	0.0007198642959
20637	0.003604750254
20638	0.002178328374
20639	0.000283848533
20640	0.0004629488075
20641	0.001169121877
20642	0.005510093619
20643	0.002876316455
20644	0.001222621259
20645	0.001907755406
20646	0.0001896121637
20647	0.002136998512
20648	0.006606955086
20649	0.001111551505
20650	0.0003824248757
20651	0.004794012931
20652	0.0003358323176
20653	0.003337727782
20654	0.001715641812
20655	0.0005991874367
20656	0.002359211204
20657	0.002847636293
20658	0.003947708008
20659	0.001222966377
20660	0.0003860980625
20661	0.0039971028
20662	0.0003833968417
20663	0.0003947479268
20664	0.007856466501
20665	0.001963795077
20666	0.0009451410541
20667	0.001039260392
20668	0.0003737637111
20669	0.001040523956
20670	0.0007599021544
20671	0.0003354101297
20672	0.00487183437
20673	0.0006715913058
20674	0.004031519323
20675	0.001274645164
20676	0.001925001944
20677	0.003897466135
20678	0.0008449088781
20679	0.003800980029
20680	0.0006995787005
20681	0.0003324778251
20682	0.00143441871
20683	0.002057196852
20684	0.0006287091764
20685	0.001855886362
20686	4.947219994e-05
20687	5.77383216e-05
20688	0.003719818869
20689	0.001595224557
20690	0.001068708703
20691	0.001424197277
20692	0.002533303312
20693	0.001009474502
20694	3.056876381e-05
20695	0.001120492914
20696	0.0003787419967
20697	0.001369346273
20698	0.0007094686158
20699	0.0004794985935
20700	0.0006681355257
20701	0.004959377325
20702	0.00504278267
20703	0.0008398155995
20704	1.363166578e-05
20705	0.0001980604369
20706	0.001821171319
20707	0.001158052736
20708	0.006183665884
20709	0.0003714430067
20710	0.006009771241
20711	0.004606986051
20712	0.000366861163
20713	0.001383221376
20714	0.0003018366195
20715	0.0009539351368
20716	0.0005393556655
20717	0.0004356490477
20718	0.001112994605
20719	0.0001656974035
20720	0.0003438140416
20721	0.002654437124
20722	0.00243807148
20723	0.0004387806839
20724	0.0020130537
20725	0.002720549125
20726	0.001125197412
20727	0.006105609093
20728	0.002902031073
20729	0.0008398078819
20730	7.209798795e-06
20731	0.002164055007
20732	0.0001464404546
20733	0.0007862244607
20734	2.29383052e-05
20735	0.001970908634
20736	0.002245076658
20737	0.008806340863
20738	0.002357073429
20739	0.0005294158921
20740	0.0003286344977
20741	0.002675844873
20742	0.004144505311
20743	0.001741910011
20744	0.003040154155
20745	0.0008987313507
20746	0.0001866210017
20747	0.003302405908
20748	0.0005229981635
20749	2.658508576e-07
20750	0.001978446791
20751	0.001196229719
20752	0.001493380639
20753	0.0001829396815
20754	0.001332672373
20755	0.0001575810752
20756	0.002006288221
20757	0.002603555671
20758	0.0005626312927
20759	8.031953051e-06
20760	0.0003147174257
20761	0.0002827555774
20762	0.0007569475388
20763	0.002972034587
20764	0.003242946947
20765	0.000324672648
20766	0.00327838944
20767	0.0006774541288
20768	0.0002736387677
20769	0.008212500182
20770	5.49279583e-05
20771	4.523848782e-05
20772	0.0002565118392
20773	0.0008314522009
20774	0.001529200715
20775	0.002009225576
20776	0.0001120629317
20777	0.002363430983
20778	0.002589942329
20779	0.0005715750564
20780	1.671834331e-05
20781	0.002406780067
20782	0.0008075631296
20783	0.00117226212
20784	0.001888191312
20785	0.0005113756927
20786	0.0001738131792
20787	0.0007677480417
20788	0.002712502846
20789	0.007943023557
20790	0.0004870500175
20791	0.004049957547
20792	0.0002508770294
20793	0.005843555431
20794	0.000717320196
20795	0.002978550597
20796	0.00169888054
20797	0.001112694439
20798	0.003601122903
20799	0.0008998635297
20800	0.0003695383127
20801	0.002987148883
20802	0.001946678196
20803	0.002619473173
20804	0.004136196906
20805	0.0003808850305
20806	0.0001280311986
20807	0.00224974489
20808	0.000558823382
20809	8.906795726e-06
20810	0.003448402398
20811	0.0001233973181
20812	0.002192926621
20813	0.002499916997
20814	0.002196632932
20815	0.000108584713
20816	0.002613168014
20817	0.002629526371
20818	0.000686112371
20819	0.0009462016267
20820	0.001301721944
20821	0.0002233121559
20822	0.01232406803
20823	0.001472250434
20824	0.001568939861
20825	0.008643927214
20826	0.0007794945354
20827	0.0005814326093
20828	0.002252971211
20829	0.005120391597
20830	0.001440720241
20831	0.003240808454
20832	0.0006787547645
20833	0.001423621103
20834	0.0002192993644
20835	0.002842087673
20836	0.002524927809
20837	0.005964753268
20838	0.004134250145
20839	0.002653539752
20840	0.0003459657477
20841	0.005051284314
20842	0.003000075557
20843	9.54771915e-05
20844	0.001165677408
20845	0.002540989916
20846	0.0002493131933
20847	0.00205786209
20848	0.0006845062296
20849	0.001518409967
20850	0.001922135355
20851	0.004342933962
20852	0.0002995963989
20853	0.004806950133
20854	0.008006868941
20855	0.0001792301222
20856	0.001664971166
20857	0.002575061571
20858	0.000475430981
20859	0.00048259276
20860	0.006262134376
20861	0.0008406816613
20862	0.0004014012177
20863	0.001640485243
20864	0.0001113229387
20865	0.002248780425
20866	0.004998696064
20867	0.001373232243
20868	8.07274467e-05
20869	0.0006401575763
20870	9.943099429e-05
20871	8.220808858e-05
20872	0.00560196648
20873	0.002975301011
20874	0.0006141813387
20875	0.005072529674
20876	0.0001584560475
20877	0.003576013744
20878	0.0006606693258
20879	0.003907572722
20880	0.00358264101
20881	0.002523646256
20882	0.005639283205
20883	0.001926525823
20884	0.003534293329
20885	0.001603616442
20886	0.0006838060487
20887	0.001298700049
20888	0.002938211043
20889	0.001035504902
20890	0.002246165527
20891	0.001157877574
20892	0.003009108492
20893	0.003708259921
20894	0.0051441345
20895	0.0002045280635
20896	0.0005367342312
20897	0.0005947503056
20898	0.0006116284969
20899	0.001157709306
20900	0.0007827588315
20901	3.498259605e-05
20902	0.0002769674585
20903	0.0004707663045
20904	0.001246235074
20905	0.0002785985584
20906	0.006547604528
20907	0.0003020000356
20908	0.0007311111732
20909	7.408290273e-05
20910	0.0008379401135
20911	0.0007761972201
20912	0.0002657013207
20913	0.003173884842
20914	0.002256459537
20915	0.0006084294924
20916	0.002572571533
20917	0.0001452080944
20918	0.00033089436
20919	0.01023857562
20920	3.787161694e-06
20921	0.001336518327
20922	0.004463530374
20923	0.001224673787
20924	0.001908383592
20925	0.0001905580036
20926	0.0008372873186
20927	0.004358463756
20928	0.01216934514
20929	0.001426133222
20930	0.002321178432
20931	0.0001417722764
20932	0.003120878486
20933	8.775925014e-05
20934	0.001751335395
20935	0.002040480583
20936	0.001434502626
20937	0.002250421273
20938	0.002382877744
20939	0.001597326283
20940	0.001765275926
20941	8.125828869e-05
20942	0.006028254729
20943	0.005390474768
20944	0.0002116444235
20945	0.0003799233758
20946	0.0004393350677
20947	0.006174831736
20948	0.001412924731
20949	0.001230829097
20950	0.0002022476648
20951	0.0006082430779
20952	0.00465141326
20953	0.003774893853
20954	0.003552081061
20955	0.0001412043089
20956	0.0005753306089
20957	0.0003455215635
20958	0.002826092891
20959	0.0001055881063
20960	0.002554347469
20961	0.006284825509
20962	0.0006126028294
20963	0.001448769741
20964	0.001600042148
20965	0.001018152003
20966	0.004955722775
20967	0.0004145048057
20968	0.0002821689304
20969	0.0001099638588
20970	0.003762636969
20971	0.002046239393
20972	0.0003211987746
20973	0.0004590721745
20974	0.001621599093
20975	0.002033604404
20976	0.00363418341
20977	0.00298033926
20978	0.0002522704506
20979	0.000644133037
20980	0.001077886229
20981	0.0003487774596
20982	0.0001490158833
20983	0.002283625442
20984	0.001658985224
20985	0.005153063375
20986	0.001042219808
20987	0.004156207305
20988	0.002405735969
20989	0.002131956338
20990	0.0008207943215
20991	0.003402208692
20992	0.001512926775
20993	0.00252058689
20994	0.001050295806
20995	0.00614134968
20996	0.001657763885
20997	0.003213846858
20998	0.0008880917773
20999	0.005276622556
21000	0.0001793454641
21001	0.0008246305261
21002	0.002407058264
21003	0.00609418426
21004	0.002603537643
21005	0.005862498286
21006	0.00454743509
21007	0.002923779583
21008	0.004406047007
21009	8.730493703e-05
21010	0.00208174778
21011	0.00632652254
21012	0.0005677385444
21013	0.003901096239
21014	0.00442755011
21015	0.0004666413004
21016	0.001381245387
21017	0.004347558684
21018	0.0001584350459
21019	0.002535103343
21020	0.00188912819
21021	0.0001485381339
21022	0.002863531714
21023	0.001043698416
21024	0.0001647645023
21025	0.00168583682
21026	0.004274092593
21027	0.0008621436284
21028	0.0002012169783
21029	0.0002161247007
21030	0.0003068887087
21031	0.001422606627
21032	0.00182249097
21033	0.006459742686
21034	4.071999261e-05
21035	0.001512497988
21036	0.0004222669099
21037	0.00138921782
21038	3.015816871e-05
21039	0.001693809354
21040	0.002960007771
21041	0.0004928138623
21042	0.0001290736984
21043	0.001163655073
21044	0.0004940193904
21045	0.003853476378
21046	0.003276706447
21047	0.003080518242
21048	0.0007935279256
21049	0.003026417686
21050	0.002275069364
21051	1.423578494e-05
21052	0.002429482794
21053	0.001115517282
21054	0.000971403587
21055	0.0001974355262
21056	0.0004212304354
21057	0.00159729463
21058	1.303215257e-05
21059	0.008441649182
21060	0.005303871528
21061	0.0009570517103
21062	0.006044890939
21063	0.0005519068188
21064	0.0004781782851
21065	0.00107725139
21066	0.001122611521
21067	0.003107838917
21068	0.008048691725
21069	0.002591072478
21070	0.001017327676
21071	0.001016522093
21072	0.0001141823932
21073	0.009563255199
21074	0.003522958158
21075	0.001849159938
21076	0.003512282907
21077	0.0007687250254
21078	0.0002268409549
21079	0.002251065532
21080	0.0002510369713
21081	0.00329277098
21082	0.006794539091
21083	0.00412257833
21084	0.0005586073925
21085	0.0003935978148
21086	0.001234844097
21087	0.002169135661
21088	0.002515580332
21089	0.006349170193
21090	0.0001004954974
21091	0.006107648167
21092	0.003262042844
21093	0.001940008554
21094	0.000987218819
21095	0.0009518118402
21096	0.0006855079996
21097	0.006640106128
21098	0.0009719722254
21099	0.004237409375
21100	0.00560796221
21101	0.002258129839
21102	0.003412422769
21103	0.0003693630215
21104	0.002099929303
21105	0.004907899715
21106	0.004137137731
21107	0.0002190764504
21108	0.00458788554
21109	0.00307154591
21110	0.004726687282
21111	0.006021030342
21112	0.003457537366
21113	0.00268300558
21114	0.001728655453
21115	0.0008326152922
21116	0.001748715533
21117	8.841187909e-05
21118	0.0008725735713
21119	0.00792009188
21120	5.856388161e-05
21121	0.002425438587
21122	0.0002179387076
21123	0.002837260515
21124	0.001923875626
21125	0.002947608936
21126	0.005675975068
21127	0.0002547692396
21128	0.002637291381
21129	0.001280396803
21130	0.0008729248273
21131	0.000709881176
21132	0.005878791998
21133	0.005338775477
21134	0
21135	0.006763132615
21136	0.0045494204
21137	0.0008247672623
21138	0.0006051070052
21139	0.001504759581
21140	0.0005972281747
21141	0.004427685707
21142	0.00387958092
21143	0.002379530408
21144	0.003180978343
21145	9.590753913e-05
21146	0.0002767234797
21147	0.002366124664
21148	0.0002818680777
21149	0.0006627934982
21150	0.0005351808955
21151	0.0004551510622
21152	0.005781924072
21153	0.001011131671
21154	0.001063258675
21155	0.0002587850712
21156	0.0009541724426
21157	0.001027565907
21158	0.0002223901349
21159	0.0005555909282
21160	0.0001275507081
21161	0.001708748249
21162	0.0004929986623
21163	0.0006397766136
21164	0.0007157694652
21165	0.00106896091
21166	0.0005106132839
21167	0.000539504292
21168	0.0007518046706
21169	0.000475466095
21170	0.0009942574231
21171	0.001127485863
21172	0.00161805541
21173	0.0003052421197
21174	0.006693717746
21175	0.005595441204
21176	0.001060082518
21177	0.006534304859
21178	0.001302777043
21179	0.0005037325076
21180	0.0007160939899
21181	0.0009401021054
21182	0.001498569052
21183	0.0009597310127
21184	0.005056815308
21185	0.0006589631861
21186	0.0001015506511
21187	0.0004402302587
21188	0.003104685942
21189	0.0006057951918
21190	0.001891797429
21191	0.00179012283
21192	0.005772987774
21193	0.004112075815
21194	0.0009690643668
21195	0.0005381307369
21196	0.000563685177
21197	0.004072524964
21198	0.005003791685
21199	0.006284624024
21200	0.0076590634
21201	0.001550858552
21202	0.001607563889
21203	0.0005491466282
21204	0.001262775028
21205	1.495884952e-05
21206	0.004193813995
21207	0.0004609399739
21208	0.0005648765079
21209	0.002171460774
21210	0.0008174732788
21211	0.003432130839
21212	0.001291411177
21213	0.003209586381
21214	0.002463415161
21215	0.002752628016
21216	0.0007964736184
21217	0.001215267336
21218	0.001654302763
21219	0.002739012233
21220	0.00196393873
21221	0.00246613319
21222	0.0008799504198
21223	0.0002206163542
21224	0.0018084469
21225	0.00189258227
21226	4.905678964e-05
21227	0.002368554075
21228	0.0003849673282
21229	0.002982411736
21230	0.004814999516
21231	0.005206269612
21232	0.003692810757
21233	7.090521224e-05
21234	0.003971369422
21235	0.00162044766
21236	0.00338064526
21237	0.001527696826
21238	0.004692011898
21239	0.0003834340559
21240	6.514224827e-05
21241	0.001139188532
21242	0.007200440297
21243	0.006334113374
21244	0.001660936669
21245	0.001651135634
21246	0.0005407989346
21247	0.0004760590909
21248	1.905821485e-05
21249	0.005280580297
21250	0.0007962950035
21251	0.001158074319
21252	0.001487164506
21253	0.0008205514734
21254	0.001445085526
21255	1.689381962e-05
21256	0.002709453153
21257	0.003008301394
21258	0.00246555638
21259	0.001258825559
21260	0.0001430845905
21261	0.00128128306
21262	0.0004105791676
21263	0.0008205840824
21264	0.0002936765017
21265	0.001650790878
21266	0.001952305128
21267	0.01005343515
21268	0.004477541345
21269	0.001454564381
21270	0.001217579917
21271	0.002818499777
21272	0.003305306161
21273	0.000488587802
21274	0.0005187236856
21275	0.0001784843391
21276	0.005436278698
21277	0.0003318508134
21278	3.944973994e-05
21279	0.0001727608082
21280	0.0005976218406
21281	0.000221474855
21282	3.433170758e-06
21283	5.074219102e-05
21284	0.0008054407007
21285	0.0004563505515
21286	0.003618797705
21287	0.0004968653629
21288	0.00242167867
21289	0.002490733973
21290	0.00429694113
21291	0.0004437672677
21292	0.002624696279
21293	0.004753976162
21294	0.006609363492
21295	9.644538288e-05
21296	0.001452680647
21297	0.0007093863767
21298	0.004680937996
21299	0.000694802833
21300	0.001279273151
21301	0.0004354163529
21302	0.0005292603785
21303	0.0005037062119
21304	0.0003720703481
21305	0.0009420074033
21306	0.0001881749774
21307	0.0004733520198
21308	0.0005260009705
21309	0.0011575642
21310	5.709785679e-06
21311	0.000855621727
21312	0.006279239105
21313	0.007679046192
21314	0.001388850639
21315	0.003225798618
21316	6.828969464e-05
21317	0.002745373626
21318	0.001908858081
21319	0.004832272879
21320	0.0003706064698
21321	0.0003737271412
21322	0.002445081116
21323	0.00217044801
21324	0.004915358577
21325	0.0008928114538
21326	0.00036132813
21327	0.001496967374
21328	0.000209763633
21329	0.005443946066
21330	3.211069509e-05
21331	0.001000855472
21332	2.300923102e-05
21333	0.0005979998996
21334	0.002616494336
21335	0.003365493293
21336	0.0003918633098
21337	0.001469202479
21338	9.173740428e-05
21339	0.0007026169866
21340	0.0003888057865
21341	0.00507159656
21342	0.0002638105741
21343	0.0008653465848
21344	0.003627654775
21345	0.001357335304
21346	0.003462073647
21347	0.001793296726
21348	0.003266506857
21349	3.375116559e-07
21350	8.429221147e-05
21351	0.0003324455317
21352	0.001068971
21353	0.0002767571945
21354	0.002904201621
21355	0.002041636508
21356	0.003093261462
21357	0.0001844389495
21358	0.003680197075
21359	0.001796226746
21360	0.0003049303025
21361	0.0003384201786
21362	0.001089260908
21363	0.002852574071
21364	8.817995493e-05
21365	0.002651678748
21366	0.001412895957
21367	0.001031730471
21368	0.002119038274
21369	0.00376056238
21370	0.005143486297
21371	0.0006177141882
21372	0.003200349609
21373	0.001115137128
21374	0.004421769957
21375	0.002394292287
21376	0.002408293975
21377	0.0009398289813
21378	0.004943936509
21379	0.005607057732
21380	0.001315555376
21381	0.003131581779
21382	0.001628283382
21383	0.0002723773682
21384	0.001579606252
21385	0.0009392387864
21386	0.002514312514
21387	0.008946525662
21388	0.001043126314
21389	0.00187824524
21390	0.003702662667
21391	0.0019393608
21392	0.002604496828
21393	0.002799066487
21394	0.001410116753
21395	0.00365509031
21396	0.003184673338
21397	0.002772945242
21398	0.006287244684
21399	0.0002473323507
21400	0.0009659332294
21401	0.002855520264
21402	0.001510878596
21403	0.00521527191
21404	0.004753522869
21405	0.004411880966
21406	9.542181265e-05
21407	0.01077287776
21408	0.01034083465
21409	0.002821931523
21410	0.001589022179
21411	0.001368203058
21412	0.007224881775
21413	0.006828209945
21414	0.003278236357
21415	0.0004548588631
21416	0.003248398573
21417	0.001239628739
21418	0.0009116174728
21419	0.003911813444
21420	0.0001322397975
21421	0.005483940434
21422	0.002265880349
21423	0.0007931117291
21424	0.001412166006
21425	0.001274710222
21426	0.0002661113563
21427	0.007940080982
21428	0.002055212245
21429	0.004057270393
21430	0.001783203676
21431	0.001775497333
21432	0.003064597413
21433	0.002798523659
21434	0.001099568874
21435	0.003289046503
21436	0.006831446405
21437	0.003853576822
21438	0.002119412983
21439	0.002475872467
21440	0.001694474485
21441	0.003470646443
21442	0.003677665419
21443	0.008341780211
21444	0.00133208247
21445	0.002263410461
21446	0.0008885375134
21447	0.001211481803
21448	0.001145452759
21449	0.0006034752791
21450	0.001931075974
21451	0.00523751138
21452	0.0002827453967
21453	0.002836514082
21454	0.001015866052
21455	0.001515895729
21456	0.001425639246
21457	0.001407686687
21458	0.002332388642
21459	0.005967017968
21460	0.0008062243099
21461	0.0001620213231
21462	0.002098226746
21463	0.002646687231
21464	0.001532205927
21465	0.0008071543419
21466	0.0008475461925
21467	0.004732822142
21468	0.00371070778
21469	0.0002399576524
21470	0.0001621746909
21471	0.00237773246
21472	0.0001061437053
21473	0.003339359495
21474	0.000834888345
21475	0.004242379714
21476	0.0001304991853
21477	0.001840613681
21478	0.001714992496
21479	0.003334885749
21480	0.0008219097076
21481	0.005781577719
21482	0.0002670763943
21483	0.0002038595505
21484	0.003807126897
21485	0.0002410135959
21486	0.000694771904
21487	0.007778815424
21488	0.005188182119
21489	0.00152615269
21490	0.003401998927
21491	0.00112614133
21492	0.001702316455
21493	0.0004696474824
21494	0.0001177409674
21495	0.0005622010593
21496	0.0001633546009
21497	0.00186124527
21498	0.003948223413
21499	0.001745428184
21500	0.003775468235
21501	0.003020864101
21502	0.002621949532
21503	0.001711863835
21504	4.618221095e-05
21505	0.003066962076
21506	0.002249442903
21507	0.00807146953
21508	0.004888781391
21509	0.0008575711038
21510	0.0003945531378
21511	0.0003282919356
21512	0.001822335388
21513	0.003031194671
21514	0.0037048113
21515	0.009028719884
21516	0.007994829728
21517	0.003307390402
21518	0.0054389525
21519	0.002285209515
21520	0.003488602339
21521	0.004169898558
21522	0.001795720951
21523	0.0006109108084
21524	0.003260428812
21525	0.003127331502
21526	0.003461467443
21527	0.00733988925
21528	0.003278294595
21529	0.0005615914174
21530	0.002033990794
21531	0.001691230774
21532	0.002744612152
21533	0.003764979909
21534	0.001285552284
21535	0.0005968572123
21536	0.001521855937
21537	0.01058468726
21538	0.0006724470445
21539	9.857162542e-05
21540	0.003262143162
21541	0.0003959013929
21542	0.003525091413
21543	0.002553949766
21544	0.0005946044492
21545	0.006778694734
21546	0.001196084291
21547	0.001506104412
21548	0.001349993844
21549	0.003481814346
21550	0.00209146464
21551	0.002608265726
21552	0.005952005426
21553	0.001413927085
21554	0.0004846899508
21555	0.002397479176
21556	0.0006939428037
21557	0.003672897515
21558	0.004386128459
21559	0.001297002578
21560	0.0001149574218
21561	0.002572420267
21562	0.001372032759
21563	0.006779739183
21564	0.002204634129
21565	0.002443164955
21566	0.0009405893484
21567	0.002887232
21568	0.001329788263
21569	0.001610753983
21570	0.002440001171
21571	0.0003702940154
21572	0.0003529595115
21573	6.76866917e-05
21574	0.0001322036743
21575	0.007388346969
21576	0.002425636402
21577	0.002322576174
21578	0.006160349467
21579	0.002490476543
21580	0.002839083552
21581	0.003143982269
21582	0.0001000686606
21583	0.0002435564253
21584	0.0005411668864
21585	0.001285777295
21586	0.00323137956
21587	0.003515653554
21588	0.002542682507
21589	0.00646843048
21590	0.0008214720177
21591	0.001721460443
21592	0.0008585858893
21593	0.002210879965
21594	0.0008689116684
21595	0.0006410332337
21596	0.00202920534
21597	0.001830662483
21598	0.0003453914449
21599	0.0002543441015
21600	0.0006864799466
21601	0.007261825357
21602	0.003451076915
21603	0.005402986647
21604	0.003747181648
21605	0.0003637631807
21606	0.001529199928
21607	0.003579794781
21608	0.004687028544
21609	0.006949005714
21610	0.0003880451371
21611	0.0005098997714
21612	0.004444550941
21613	1.07483623e-05
21614	0.002873543356
21615	0.001243556832
21616	0.0006706359252
21617	0.001656578721
21618	0.00358825847
21619	0.00198906435
21620	0.0002867529647
21621	0.0008969153026
21622	0.001056330515
21623	0.003544193972
21624	0.002998736388
21625	0.001959996501
21626	0.003432989434
21627	6.262039119e-05
21628	0.0007733768186
21629	0.002580032799
21630	0.002027788196
21631	0.0007881018107
21632	0.004228336905
21633	0.001392633489
21634	0.004488964786
21635	0.002522195958
21636	0.001681679052
21637	0.001558213944
21638	0.003348232074
21639	0.001270726021
21640	0.002642964775
21641	0.001315842396
21642	0.001927773545
21643	0.003858550444
21644	0.001566769033
21645	0.0001225652015
21646	0.0007314727372
21647	0.001338731542
21648	0.001901940958
21649	0.003107445698
21650	0.004696584156
21651	0.001693774696
21652	0.001004929027
21653	0.002233921226
21654	9.871930977e-05
21655	0.0006075627658
21656	0.004432222309
21657	0.005396710005
21658	1.321924947e-05
21659	0.00741554527
21660	0.0008441907073
21661	0.005303152516
21662	0.007724495083
21663	0.002337463549
21664	0.0006496674535
21665	0.0001389279435
21666	0.0008639040984
21667	0.0009328320956
21668	0.00395245545
21669	0.0008534910835
21670	0.002680396873
21671	0.001547740652
21672	0.0002870293214
21673	0.001574422406
21674	0.001459542772
21675	0.007602152884
21676	0.002538988276
21677	0.0002229133996
21678	0.004435090497
21679	0.001283576857
21680	0.002917099774
21681	0.005947537068
21682	0.002026116133
21683	0.004399815914
21684	0.003675950614
21685	0.002919138065
21686	0.0009684669592
21687	0.001861207662
21688	0.0007392704176
21689	0.002120752118
21690	0.004790825748
21691	0.003703329091
21692	0.0008380300277
21693	0.003273842626
21694	0.001504278236
21695	0.004152235618
21696	0.00123466378
21697	0.002497693728
21698	0.000399909987
21699	0.00032805483
21700	0.0009267705781
21701	0.003994830417
21702	0.003085599514
21703	0.00362115514
21704	0.001954151948
21705	0.001080051772
21706	0.001127440426
21707	0.002836410999
21708	0.0009758674683
21709	0.003649341477
21710	0.002928614607
21711	0.000341877892
21712	0.002273951468
21713	0.0036830971
21714	0.0007981086895
21715	0.003179213682
21716	0.0003016232312
21717	0.006101091168
21718	0.002617910808
21719	0.005980840279
21720	0.002233918155
21721	0.004322667401
21722	0.0009085759229
21723	0.00076460755
21724	0.006144509299
21725	1.000356602e-05
21726	0.000455152786
21727	0.004644509083
21728	0.0006301661937
21729	7.294573543e-05
21730	0.007543175351
21731	0.0006582419577
21732	0.003011949234
21733	0.002759321569
21734	0.00247784196
21735	0.003314237252
21736	0.002894653791
21737	0.002009042732
21738	0.0001185808568
21739	0.003793592313
21740	0.002440636299
21741	0.0002663976571
21742	0.0002772648834
21743	0.000127032929
21744	0.0006938869748
21745	3.096685622e-05
21746	0.001331559726
21747	0.0006422682797
21748	0.0007359343129
21749	0.000414978068
21750	0.00308290926
21751	0.0001443727665
21752	0.001833862228
21753	0.001294553046
21754	0.0007880087384
21755	0.0005886756569
21756	0.002124911124
21757	0.002473600453
21758	0.002024871101
21759	0.002189421586
21760	0.003415251326
21761	0.003316848433
21762	0.0004630411532
21763	0.005394011374
21764	0.00337455478
21765	0.004000410091
21766	0.002671064277
21767	0.004242318569
21768	0.0004315608739
21769	0.001165978782
21770	7.548689381e-05
21771	0.001165944221
21772	0.0006091277335
21773	0.00300973069
21774	0.0004853803223
21775	0.0003246052017
21776	0.000152836707
21777	0.002119758053
21778	0.001420724182
21779	0.0005508832081
21780	0.002244282483
21781	0.002248481523
21782	0.001045326255
21783	0.001306660032
21784	0.0004423248508
21785	0.00164201181
21786	0.0008127351554
21787	0.004457370931
21788	0.003087376559
21789	0.0133366302
21790	0.003119067349
21791	0.002040885784
21792	0.004787832375
21793	0.002262005182
21794	0.0002037103744
21795	0.0001231632167
21796	0.001000435881
21797	0.0007867104975
21798	0.001191655598
21799	0.006813013183
21800	0.0009303765666
21801	0.0005257267761
21802	0.0007727521942
21803	0.001530509635
21804	0.0001047197668
21805	0.00381279191
21806	0.0005994962696
21807	0.000224545733
21808	0.002222608519
21809	0.008807218359
21810	0.0005375140645
21811	0.001263910036
21812	0.001324038632
21813	0.001541100759
21814	0.002850188538
21815	0.006360599049
21816	0.002198250178
21817	0.0004971525271
21818	0.0004074813489
21819	0.009693047852
21820	0.004655279819
21821	0.002845266312
21822	0.0006618206323
21823	0.001023897788
21824	0.0005918108501
21825	0.0001813426309
21826	0.0001834050703
21827	0.00782281083
21828	0.0004914855726
21829	0.00088958287
21830	4.193687424e-05
21831	0.000687141645
21832	0.003935980039
21833	0.00126071756
21834	0.004419844614
21835	0.003173566588
21836	0.0001848774947
21837	0.001793796071
21838	0.0007935507397
21839	0.002217585067
21840	0.0006367993791
21841	5.00437193e-05
21842	0.003804844091
21843	0.007087413113
21844	0.003131884078
21845	3.891603805e-05
21846	0.001979221081
21847	0.0004085854829
21848	0.0001128993162
21849	0.001517600228
21850	0.004024092531
21851	0.003694003156
21852	0.0008742020976
21853	0.0004489511684
21854	0.0002959013693
21855	0.0004218133936
21856	0.002103296186
21857	0.002678784476
21858	0.0005897557646
21859	0.001893037707
21860	0.0002609489231
21861	0.007352111596
21862	0.001275854334
21863	0.0003059840052
21864	0.005614445522
21865	0.0003100103258
21866	0.001312971814
21867	0.0004365173469
21868	2.720878902e-05
21869	0.001948354542
21870	0.003901090347
21871	0.001083472389
21872	0.001803933593
21873	0.0001436875087
21874	0.00175494717
21875	0.002235415426
21876	0.002588639014
21877	0.001096359083
21878	0.001558966487
21879	0.005456837419
21880	0.001488526854
21881	0.0007554693223
21882	0.007334056807
21883	0.006845645752
21884	0.001466657461
21885	5.549961352e-05
21886	0.0001724481741
21887	0.006309469854
21888	0.002280556684
21889	9.588066583e-05
21890	0.002458218532
21891	0.002892970321
21892	0.007488528827
21893	0.004651005742
21894	0.001856139187
21895	0.001541080549
21896	0.006173163649
21897	0.004587764441
21898	0.00081459895
21899	0.002909396876
21900	0.00312866931
21901	0.000336024402
21902	0.0009106735526
21903	0.0005414727216
21904	0.002196048111
21905	0.001795668733
21906	0.002409682065
21907	0.003640411496
21908	0.0003913377099
21909	0.005296736583
21910	0.002023930098
21911	0.0001952102167
21912	0.0009740016607
21913	0.002827993785
21914	0.002685572718
21915	0.002040102011
21916	0.00250132291
21917	0.004561415109
21918	0.0004686388001
21919	0.001820520215
21920	0.001749279571
21921	0.003493728163
21922	0.002532274596
21923	0.001561176496
21924	0.0004894062854
21925	0.001953307777
21926	0.004549714161
21927	0.0001259665417
21928	0.002040566149
21929	0.0007374230172
21930	0.0002650440689
21931	0.0002627344613
21932	0.004839024321
21933	0.004711499696
21934	0.001947388342
21935	0.008919192337
21936	0.0008572596148
21937	0.004474284183
21938	0.002012815886
21939	0.002746601543
21940	0.0009886271702
21941	0.003695083359
21942	0.002887953774
21943	0.005443835623
21944	0.007066541943
21945	0.003180047177
21946	0.0001758766673
21947	0.005105594916
21948	0.001637515074
21949	0.003707232874
21950	0.002682286157
21951	0.002338308054
21952	0.005176903896
21953	0.001740656221
21954	0.0007853689143
21955	0.0003103448653
21956	0.002492350281
21957	0.00424051198
21958	0.0005288049444
21959	0.001934796287
21960	1.640670249e-05
21961	0.0004010968884
21962	0.0002260008812
21963	0.003009052469
21964	0.0003464086767
21965	0.006065723327
21966	0.001357880995
21967	0.004792936397
21968	0.002192388867
21969	0.001518772838
21970	0.001096554351
21971	0.0006858087852
21972	0.003597549611
21973	0.0009725108472
21974	0.002180002058
21975	0.0001597099534
21976	0.0003276483423
21977	0.002697112945
21978	0.007779155909
21979	0.0007526490825
21980	0.0006132519306
21981	0.001270281195
21982	0.0009480832304
21983	0.001847500642
21984	0.002898227612
21985	0.0003397286811
21986	0.0003706650982
21987	0.0001665313651
21988	0.00105741168
21989	0.001212648849
21990	0.006987849733
21991	0.001262657362
21992	0.006669561537
21993	0
21994	0.0001651823885
21995	0.0002847690297
21996	0.003137275226
21997	0.002045165653
21998	0.0007781713113
21999	0.0006398578836
22000	0.0008526265723
22001	0.0008505478034
22002	0.00153969086
22003	0.001556304229
22004	0.00352190103
22005	0.0008281713263
22006	0.0006284197182
22007	0.0008262654768
22008	0.000497039981
22009	0.0008985361491
22010	0.0007107158176
22011	0.002623046561
22012	0.0003193687972
22013	0.0005684218313
22014	0.001286186713
22015	0.003349895694
22016	0.004164060867
22017	0.0002165407661
22018	0.001506304354
22019	0.0009295237712
22020	5.135121242e-05
22021	0.001778339479
22022	0.002033741031
22023	0.00016841403
22024	0.0005296218526
22025	0.0009802241216
22026	0.003512379176
22027	0.0007740041988
22028	6.651767177e-05
22029	0.0007430952298
22030	0.0001562016384
22031	0.001961294943
22032	0.001533225272
22033	8.606730107e-05
22034	0.001811156256
22035	0.0003055172501
22036	0.0001041571715
22037	0.002303112707
22038	0.00238658541
22039	0.0001740391562
22040	0.005224637858
22041	0.00353340396
22042	0.0003336284504
22043	0.003171055212
22044	0.001998100986
22045	0.0003414188809
22046	0.003487257985
22047	0.0008500274831
22048	0.006376335082
22049	9.319952009e-06
22050	0.005863578741
22051	0.00456114119
22052	0.0001554340555
22053	0.002022889908
22054	0.003116959195
22055	0.003264762419
22056	9.255458373e-05
22057	0.001545143506
22058	0.00162572849
22059	0.005711552774
22060	0.004664647575
22061	0.001619724876
22062	0.0007957096161
22063	7.891901868e-05
22064	0.001525803441
22065	0.001238478821
22066	0.001934118879
22067	0.001169709268
22068	0.0002395012337
22069	0.001038992489
22070	0.00311927682
22071	0.003605623313
22072	0.00150978744
22073	0.001920970746
22074	8.761422307e-05
22075	0.00224952232
22076	0.001991312937
22077	0.0003593569034
22078	0.0003558833141
22079	0.002169543892
22080	0.0009870581882
22081	0.0009972321437
22082	0.001234785333
22083	0.005218815128
22084	0.0008397486046
22085	4.960520584e-05
22086	0.001545746872
22087	0.003414344113
22088	0.0008912246145
22089	0.0006425487686
22090	0.001796418533
22091	0.008574485204
22092	0.0003304453561
22093	0.002231057677
22094	0.0007457196654
22095	0.003715555821
22096	0.001214971688
22097	0.001511893509
22098	0.002617789457
22099	0.00132608367
22100	0.0001489027941
22101	0.001604724483
22102	0.001200117877
22103	0.005459125768
22104	0.001783975461
22105	0.000749347207
22106	0.002402019416
22107	0.0002863476454
22108	0.003841075857
22109	0.003155849795
22110	0.00330558707
22111	0.004232549377
22112	0.0002669091721
22113	0.001113868406
22114	0.002013628939
22115	0.005888076072
22116	0.001386052672
22117	0.0001397107618
22118	0.0002627495466
22119	0.0004873742042
22120	0.0003290015786
22121	0.0003194438522
22122	0.001162174164
22123	0.003036067048
22124	0.001198707308
22125	0.002081916142
22126	0.001016377663
22127	0.004818238753
22128	2.070628542e-05
22129	0.005173973499
22130	0.002307360646
22131	0.002513286041
22132	0.000486619346
22133	0.003645895691
22134	0.004019687905
22135	0.002247533746
22136	0.002061380103
22137	0.005167214365
22138	0.001272512713
22139	0.0005787196123
22140	0.0006415079973
22141	0.001568979182
22142	0.000394971884
22143	0.000124363349
22144	0.004992513817
22145	0.007456367718
22146	0.0003760272789
22147	0.002195970992
22148	0.004295586011
22149	0.006799670623
22150	0.0005323335373
22151	8.469281603e-05
22152	0.004595372713
22153	0.002375889509
22154	0.001406544351
22155	0.0002414617215
22156	0.00123673799
22157	0.000863039392
22158	0.0003686064681
22159	0.001309072182
22160	5.688062374e-05
22161	0.0002003119946
22162	0.0007734987668
22163	0.000407891096
22164	0.0005198825976
22165	0.0009894095317
22166	0.001615417048
22167	0.001550152781
22168	0.0042266533
22169	0.001219079106
22170	0.001697545939
22171	0.0007535807218
22172	0.0008079899677
22173	0.001839544333
22174	0.001010219127
22175	0.001504267846
22176	0.001363190256
22177	0.002134963561
22178	0.0008910319127
22179	0.001532419618
22180	0.00265982779
22181	0.002134522371
22182	0.00141352772
22183	0.002221357661
22184	0.001315207088
22185	0.007630057254
22186	0.0004983835749
22187	0.003554817507
22188	0.0009901188986
22189	0.00281447342
22190	0.002496906319
22191	0.0002381983884
22192	0.0001661730234
22193	0.00295981966
22194	0.001672604725
22195	0.001283234271
22196	0.0008219016661
22197	0.0003672102864
22198	0.0001601768665
22199	0.0008685295501
22200	0.0002168830073
22201	0.0006613197491
22202	0.0001869700052
22203	0.002608337959
22204	0.00271369837
22205	5.694164373e-06
22206	5.289976655e-05
22207	0.001182320547
22208	0.00128846152
22209	0.0006499222916
22210	0.001717887778
22211	0.0002122147493
22212	0.0005823152155
22213	0.0007202816593
22214	0.00174127739
22215	0.0005928792996
22216	0.0002395349346
22217	0.0003314818123
22218	0.0002477331432
22219	0.0005938630035
22220	0.0007367496885
22221	0.0004088777906
22222	0.002650222346
22223	0.003339356301
22224	0.0003183987057
22225	0.0006924321905
22226	0.001378391186
22227	0.00675041864
22228	0.003646718072
22229	0.004841035569
22230	0.0001987763801
22231	0.001276418579
22232	0.0004043034728
22233	0.002707484348
22234	0.000286971336
22235	7.389836501e-05
22236	0.001920476519
22237	0.0004757997647
22238	0.007279754882
22239	2.942194124e-05
22240	0.001919845949
22241	0.001966696964
22242	0.000307319119
22243	0.0004113908989
22244	0.003926814156
22245	0.001867827218
22246	7.297098367e-05
22247	0.002076788251
22248	0.0006099236998
22249	0.002189858767
22250	0.002958199999
22251	5.124523173e-05
22252	0.002470448974
22253	0.0005767049866
22254	0.004958626121
22255	0.002158830413
22256	6.990385615e-05
22257	0.0002134497567
22258	0.00324498959
22259	0.001217966242
22260	0.0008392082245
22261	0.001124907792
22262	0.0003292748047
22263	0.004976660187
22264	0.00181662079
22265	0.00168607891
22266	0.002544880803
22267	0.0007559989694
22268	0.0004461900696
22269	0.001009548419
22270	0.0006022884628
22271	0.0008125000813
22272	0.001342401347
22273	0.00160105472
22274	0.0004825499951
22275	0.001226944502
22276	1.26167066e-07
22277	0.001597099162
22278	0.002289480658
22279	0.000599551254
22280	0.005754917799
22281	0.001636329916
22282	0.0007320771377
22283	0.0009868652536
22284	0.004248779863
22285	0.00151041365
22286	0.0006949344983
22287	0.000902799441
22288	0.005373986376
22289	0.002113064419
22290	0.002004909391
22291	0.0007658215689
22292	0.003119848951
22293	0.003634116242
22294	0.0006438469365
22295	0.003556299613
22296	0.004294950666
22297	0.001389044109
22298	0.007943250985
22299	4.1380382e-05
22300	0.0005324722961
22301	0.001486500996
22302	0.002118644675
22303	0.006238876158
22304	0.004259164233
22305	0.001915363049
22306	0.002504427649
22307	0.003393811089
22308	0.002814689505
22309	0.0005359583658
22310	7.618653137e-05
22311	0.001473143969
22312	0.002553504044
22313	0.002180517352
22314	0.001035698657
22315	0.0006611352929
22316	3.653066339e-06
22317	0.000995697265
22318	0.000891375152
22319	0.002055734589
22320	3.917684386e-05
22321	0.0004227803031
22322	0.0006339378072
22323	0.003103025507
22324	0.001589745345
22325	0.0007204987911
22326	0.001953603394
22327	0.001172559703
22328	0.005575285742
22329	0.0003410372328
22330	0.001158300602
22331	0.001094079582
22332	0.003084038457
22333	0.0008578656112
22334	0.0006921572685
22335	0.0001603186342
22336	0.0006358402509
22337	0.0001003679311
22338	0.005931693023
22339	0.00373873445
22340	0.005668979316
22341	0.001742494513
22342	0.0008598976973
22343	0.001331074186
22344	0.0003284483597
22345	0.00353862914
22346	0.003318297715
22347	0.003898419871
22348	0.004373622544
22349	0.001335594786
22350	0.0007924942207
22351	0.001102515711
22352	0.001079350246
22353	0.001373331153
22354	0.0006989717394
22355	0.0001574948386
22356	0.005767939808
22357	0.002784411784
22358	0.0003323104677
22359	0.001208261087
22360	0.001125897038
22361	0.001117307342
22362	0.000330831827
22363	0.003009773376
22364	2.221404824e-05
22365	0.001147622847
22366	0.001391973165
22367	0.002328222396
22368	0.0002252781888
22369	0.0008111490131
22370	6.476722744e-05
22371	0.00129998128
22372	0.0009490552772
22373	0.00189117444
22374	0.001450836182
22375	0.0004163789731
22376	0.00313502737
22377	0.001879960066
22378	0.004760013324
22379	0.003214219315
22380	0.001680477921
22381	0.002549113414
22382	0.0001162527767
22383	0.007011880016
22384	0.001799441804
22385	4.25055212e-05
22386	0.0008867841724
22387	5.095093033e-05
22388	0.004827130488
22389	8.63213966e-05
22390	0.0002039852501
22391	0.00161297748
22392	0.005659144272
22393	0.0005423894588
22394	0.004642145026
22395	0.0002253755281
22396	0.00419776169
22397	0.007400219042
22398	0.0004049690261
22399	0.00157803586
22400	0.003451537466
22401	0.006434781603
22402	0.002738656288
22403	0.005146752649
22404	0.000934898935
22405	0.001098877619
22406	0.001340785562
22407	5.298044307e-06
22408	0.002092381505
22409	0.0005208386091
22410	0.0005256952173
22411	0.002818831635
22412	0.001854399206
22413	0.0007365030899
22414	0.0001668422028
22415	0.0003307566038
22416	0.0001274451919
22417	0.0001762026678
22418	0.001442594621
22419	0.0009604648045
22420	0.004507219935
22421	0.004942026125
22422	0.0001195087021
22423	1.16766334e-05
22424	0.0002530276826
22425	0.003516985409
22426	0.0001248437498
22427	0.0006412847928
22428	0.003690948399
22429	0.002579362265
22430	0.0006110029969
22431	0.0005564440628
22432	0.0004021660879
22433	0.002692192538
22434	0.0007750015734
22435	0.0007928058515
22436	0.001680538545
22437	0.003984354313
22438	0.001029458759
22439	0.004293933213
22440	0.002250783568
22441	0.0004805406038
22442	0.001181696179
22443	0.007916665512
22444	0.0004026610713
22445	0.00310920676
22446	0.0005111319305
22447	0.0008237722118
22448	1.609859054e-05
22449	0.002752909161
22450	1.215664359e-05
22451	0.0006850380928
22452	0.00096636881
22453	0.001051661123
22454	0.002308565722
22455	0.001721653351
22456	0.0006218876052
22457	0.005421355341
22458	0.00152818529
22459	0.0004681145462
22460	0.008869823891
22461	0.004843485927
22462	0.0003870956097
22463	0.003776891362
22464	0.001135186371
22465	0.000442088565
22466	0.003060103644
22467	0.00278900936
22468	0.002667465379
22469	0.00379728768
22470	0.005631319765
22471	0.002480813878
22472	0.0001807674735
22473	2.236106615e-05
22474	0.000670538751
22475	0.002291846199
22476	0.0005563145804
22477	0.001005495047
22478	0.001048046424
22479	0.0006699114088
22480	0.002343715329
22481	0.000693547068
22482	0.002460754701
22483	0.001819777774
22484	0.0003829231191
22485	0.004028577789
22486	9.111934359e-05
22487	0.0008013096202
22488	0.0002703431088
22489	0.0002813803252
22490	0.0007555188116
22491	0.0001606449512
22492	0.002836124153
22493	0.0001751581537
22494	0.0001569081825
22495	0.001197450502
22496	0.002768473836
22497	0.005150408869
22498	0.005093081986
22499	0.002846471145
22500	0.005535420237
22501	0.0004079598895
22502	0.0002245670591
22503	0.005595357071
22504	0.00170416802
22505	0.0004770452378
22506	0.0007239298753
22507	0.002263245985
22508	0.003417967833
22509	0.004159038664
22510	0.005169972736
22511	0.001578626692
22512	0.001784202316
22513	0.0005925857993
22514	0.004371103974
22515	0.00222601152
22516	0.006162616913
22517	0.002566823983
22518	0.001193468862
22519	0.0003860177354
22520	0.001043755673
22521	0.002804859681
22522	0.003091016673
22523	0.0002816962008
22524	7.340905686e-05
22525	0.0002337452337
22526	0.001949907144
22527	0.0003143605383
22528	0.0001034660431
22529	0.0004791051451
22530	0.0001354059705
22531	0.001668738318
22532	0.005399253228
22533	0.005011954665
22534	0.001776675845
22535	0.002721200798
22536	0.00405010383
22537	0.003829362603
22538	9.573988736e-05
22539	0.001804687781
22540	0.004375511531
22541	0.002362586431
22542	0.005300096375
22543	0.0007093152028
22544	0.0002155262732
22545	0.005264416548
22546	0.0009777768003
22547	0.0005021877537
22548	0.00190831577
22549	0.0006414640864
22550	0.000805470041
22551	0.0004486567972
22552	0.0002491444666
22553	0.00221978863
22554	0.0034621497
22555	0.007340211231
22556	0.00922023137
22557	0.001887203503
22558	0.006233771899
22559	0.0009525917346
22560	0.0003023703922
22561	0.001745959119
22562	0.005031375541
22563	0.002771582775
22564	0.00498721542
22565	0.004717838667
22566	0.004138167596
22567	0.002957270063
22568	0.0007110658001
22569	0.0003979587766
22570	0.004283808514
22571	0.0007292171108
22572	0.00581602621
22573	0.0008941059381
22574	0.002814106532
22575	0.0008713930006
22576	0.001744022305
22577	3.193316836e-05
22578	0.001104973741
22579	5.883629342e-05
22580	0.0008110271301
22581	0.0008660166541
22582	6.419035994e-05
22583	0.004060876778
22584	0.0008166383911
22585	0.001904953812
22586	4.98761194e-05
22587	0.0009855953638
22588	0.000506298442
22589	0.0001527891856
22590	0.0009489471089
22591	0.0006518290459
22592	0.00179490431
22593	0.000729585594
22594	0.000520094368
22595	0.0001088185176
22596	0.005794949357
22597	0.001360763195
22598	0.003187179349
22599	0.001757219871
22600	0.001388990095
22601	0.0003881306748
22602	0.0003332934416
22603	0.00308951177
22604	0.003389815802
22605	0.001076787356
22606	0.00052228177
22607	0.002211044853
22608	0.0006470859952
22609	0.005637487715
22610	0.008515400786
22611	3.768335498e-05
22612	0.001616107212
22613	0.00157922291
22614	0.0070497399
22615	0.0005742181298
22616	0.0005544893631
22617	0.002633706469
22618	0.002834076576
22619	0.0002130054837
22620	0.006246648957
22621	0.0005630742698
22622	0.001802832032
22623	0.001398797997
22624	0.003795611214
22625	0.002584213193
22626	0.00202232093
22627	0.008035680165
22628	0.0001693888906
22629	0.0003201371967
22630	6.881468448e-05
22631	0.001478412902
22632	0.002287459944
22633	0.004031136096
22634	0.002737130691
22635	0.0004994403336
22636	0.001066224353
22637	0.001021434675
22638	0.0004181328933
22639	0.001836066134
22640	0.0001120415561
22641	0.00394348404
22642	0.001767655305
22643	0.0008476524227
22644	4.745141659e-05
22645	0.001354452958
22646	0.001230020134
22647	0.0002254251795
22648	0.007682096278
22649	0.002268526339
22650	0.002231613996
22651	0.002630886087
22652	0.0006687361773
22653	0.001341340935
22654	0.0005105945874
22655	0.001231447011
22656	0.005810833377
22657	0.002283731391
22658	0.002268904626
22659	0.002827807192
22660	0.003516572942
22661	0.0006574163799
22662	0.002737814859
22663	5.947333396e-05
22664	0.004421427158
22665	0.00214084418
22666	0.006635921806
22667	0.004793929987
22668	0.0007834964013
22669	0.004131663499
22670	0.001994856673
22671	0.001727981028
22672	0.001035981783
22673	0.001458307914
22674	0.001431111345
22675	0.009310067542
22676	0.001612862613
22677	0.003555832574
22678	0.002213571692
22679	0.005542398469
22680	0.00330143882
22681	0.002905127747
22682	0.0002602116993
22683	0.001125875884
22684	0.0006687341062
22685	0.0004196447587
22686	0.0001162102739
22687	0.003442035963
22688	0.004182270599
22689	0.0004723017787
22690	0.0003481658353
22691	2.277570527e-05
22692	0.0002505042591
22693	0.001960887902
22694	0.002260387413
22695	0.001412687865
22696	0.0003310492587
22697	0.00481574604
22698	0.001131327976
22699	0.001294263627
22700	0.001199691786
22701	0.0007615066815
22702	0.0004447151186
22703	0.001326455823
22704	0.003701462558
22705	0.003918104082
22706	0.001394879033
22707	0.004118897094
22708	0.002991782625
22709	0.002007080605
22710	0.0009141164941
22711	0.001926966077
22712	0.0001523096617
22713	0.001460811024
22714	5.454505906e-05
22715	0.004991114729
22716	0.001274835483
22717	0.003268596816
22718	3.27903083e-05
22719	0.0006746703736
22720	0.001203792437
22721	0.004238089976
22722	0.002455936435
22723	0.001813793295
22724	0.00076091172
22725	0.003521870103
22726	0.002377177388
22727	0.001102589449
22728	0.0006166148851
22729	6.66152928e-05
22730	0.001766043421
22731	0.001841883577
22732	0.0006336661611
22733	0.000161291814
22734	0.002255070912
22735	0.0002124832143
22736	0.003475949869
22737	0.0007732817388
22738	0.001185248634
22739	0.00559761842
22740	0.0004170491931
22741	0.001016948942
22742	0.01116431409
22743	0.001642165236
22744	0.000762611625
22745	0.001739669191
22746	0.002262784895
22747	0.000796346369
22748	0.002765438898
22749	0.000223831358
22750	0.0003046064145
22751	0.003609770158
22752	0.002929403719
22753	0.004813378562
22754	0.001909405691
22755	0.002522175764
22756	6.573649323e-05
22757	0.000799844951
22758	0.0005798120883
22759	7.842121681e-05
22760	0.002008509276
22761	0.001876905301
22762	0.0003335022125
22763	0.000315987099
22764	0.002307937209
22765	0.005139086601
22766	0.0006589680787
22767	0.002872312296
22768	0.001295656306
22769	0.00029465372
22770	0.003000281126
22771	0.0003921278544
22772	9.297708605e-05
22773	0.001281328094
22774	0.0005210849767
22775	0.001433617207
22776	0.003934739061
22777	0.0005689586957
22778	0.0005928830936
22779	0.0006065337208
22780	0.0002438326905
22781	0.0002844866779
22782	0.0008636945965
22783	0.0002874828673
22784	0.0007364991276
22785	0.0001429040591
22786	0.0005313772053
22787	0.001478420181
22788	0.001664468241
22789	0.000349025089
22790	0.003928941484
22791	0.0008375369615
22792	0.0003696196709
22793	3.396524284e-05
22794	0.006867572602
22795	0.004051087092
22796	0.002221632483
22797	2.476444336e-05
22798	0.003122945706
22799	0.00289263182
22800	0.0009331165553
22801	0.002289308705
22802	0.002497841692
22803	0.002046709185
22804	0.0008250182685
22805	0.0003161773536
22806	0.0007676680668
22807	0.00107712761
22808	0.008513115486
22809	0.002330645432
22810	0.004553919939
22811	0.002702962808
22812	0.002644342994
22813	0.002089674433
22814	0.001004060994
22815	0.0001889816797
22816	0.0007800068534
22817	0.001247816683
22818	0.003095845549
22819	0.001167039559
22820	4.307184596e-05
22821	0.002093137566
22822	0.001263962298
22823	0.002831940361
22824	0.0006959970508
22825	0.000735882844
22826	0.0003359654686
22827	1.602691263e-05
22828	0.0005854833917
22829	0.001868286303
22830	0.0004337931305
22831	0.00183374137
22832	0.001179199215
22833	0.0003820326271
22834	0.0001858717491
22835	0.0001711580923
22836	0.0008690764635
22837	0.001929129513
22838	0.001953465577
22839	0.006086791165
22840	0.00329773685
22841	0.00457480131
22842	0.006473093589
22843	0.004227072982
22844	0.001102266034
22845	0.000149520966
22846	0.0004040173118
22847	0.00138484233
22848	0.002748269185
22849	0.004058851012
22850	0.003871788666
22851	0.004224975147
22852	0.0001164381928
22853	0.002282194853
22854	0.0009951182561
22855	0.0004652654759
22856	0.001943446594
22857	0.002498082668
22858	0.005120632789
22859	0.007637986926
22860	0.001890856838
22861	0.0005718798672
22862	0.0001668636636
22863	0.003570193931
22864	0.008145161643
22865	0.0004099831073
22866	0.000181602451
22867	0.004987359892
22868	0.00147159911
22869	0.004439228719
22870	0.002351238519
22871	0.0003525231005
22872	0.001526930461
22873	0.003966207075
22874	0.0005094277813
22875	0.00467561778
22876	0.00199284341
22877	0.001790505412
22878	0.007794535605
22879	0.0009954946275
22880	0.001290921261
22881	0.002873207131
22882	0.001516476718
22883	0.002684741485
22884	0.003523907422
22885	0.001167942354
22886	0.003153551577
22887	0.009231486756
22888	0.000382362335
22889	0.004553464004
22890	0.004711066874
22891	0.0008806250065
22892	0.001091026873
22893	0.006160741821
22894	0.0008813677042
22895	0.001078750813
22896	0.0008778486354
22897	0.0002986429402
22898	0.002621991759
22899	0.0018550863
22900	0.0007447705882
22901	0.0009243689895
22902	0.001302369424
22903	0.006447833427
22904	0.00633426332
22905	0.003419304322
22906	0.001297680609
22907	0.003110372532
22908	0.002208697994
22909	0.00458611369
22910	0.004796381803
22911	0.001380245656
22912	0.001675133844
22913	0.003270416894
22914	0.0002026864018
22915	0.0004401225413
22916	0.001268901573
22917	0.006662285781
22918	0.006436264906
22919	0.002420139265
22920	0.002598843333
22921	0.0002561970165
22922	0.001089723012
22923	0.003282569747
22924	0.004236215786
22925	0.001970270632
22926	0.002264775696
22927	0.0009282055737
22928	0.001448308933
22929	0.001095845491
22930	0.004805697823
22931	0.001211853595
22932	0.001077196333
22933	0.002946834981
22934	0.001344819364
22935	0.004615612117
22936	0.0001803552802
22937	0.0005441288908
22938	0.0007230387215
22939	0.0005037150136
22940	6.394388439e-06
22941	0.0002730848177
22942	0.0003383693752
22943	0.002138214002
22944	0.0007854627094
22945	0.00250958207
22946	0.001557020057
22947	7.303122701e-05
22948	0.000592489524
22949	0.001040617181
22950	0.0002316507898
22951	0.0004096251924
22952	0.0004083751381
22953	0.005053746167
22954	0.0009284214251
22955	0.0002110935109
22956	0.003195960527
22957	0.0001054873328
22958	0.00549706839
22959	0.004122052995
22960	0.003501000446
22961	0.0001514306979
22962	0.001388277109
22963	0.004020707622
22964	0.001194495019
22965	0.003840844637
22966	0.004851591564
22967	0.001838426203
22968	0.007490905596
22969	0.008063188903
22970	0.002753965054
22971	0.002301822571
22972	0.002559357607
22973	0.00187286356
22974	0.002638143842
22975	0.00145914424
22976	0.002208898527
22977	0.001639620903
22978	0.0002801404618
22979	0.0004329117591
22980	0.002093264045
22981	0.006170176311
22982	0.004579918255
22983	0.0002323267762
22984	0.002147651121
22985	0.0004494138843
22986	5.109687342e-05
22987	0.005497124413
22988	0.0003995363812
22989	0.001285862794
22990	0.004328543591
22991	0.0005333663666
22992	0.004660231046
22993	0.002048135072
22994	0.001926430087
22995	0.001455401179
22996	0.001357314929
22997	0.0001607964977
22998	0.0001305961364
22999	0.0015384947
23000	0.002110533107
23001	0.006025524178
23002	0.001651141731
23003	0.00127299164
23004	0.004409069858
23005	0.004928842338
23006	0.003115806041
23007	0.002125378849
23008	0.002939026093
23009	0.004360675767
23010	2.43351735e-05
23011	0.001030307911
23012	0.002153361445
23013	0.0002907327512
23014	0.002099954188
23015	0.0001571832857
23016	0.0005029619084
23017	0.003597065097
23018	0.0004978384815
23019	0.00264048912
23020	0.01140709117
23021	0.001502996702
23022	0.0002079744848
23023	0.0002944378609
23024	0.0001372684315
23025	0.005551533996
23026	0.004028691541
23027	0.002096246977
23028	0.001862854582
23029	0.0021210834
23030	0.004230545006
23031	2.576927082e-05
23032	8.607693715e-05
23033	0.00327698625
23034	0.004731017301
23035	0.0004028527795
23036	0.002886021344
23037	0.00395595571
23038	4.053497829e-05
23039	0.0007105115908
23040	0.0003668891335
23041	0.003700315416
23042	0.0006869170131
23043	0.0008435021993
23044	0.001541317149
23045	0.002244811677
23046	0.001384277483
23047	0.001285727574
23048	0.002991122778
23049	0.00113485056
23050	0.0008891747833
23051	0.0007225988133
23052	0.00623097253
23053	0.001424122269
23054	0.002791530394
23055	0.003558611265
23056	0.0006482026199
23057	0.0002040794511
23058	0.00269249966
23059	0.003433189758
23060	0.0002713179199
23061	0.005413120213
23062	0.0008327455836
23063	0.006667700227
23064	0.0001753366745
23065	0.006652621645
23066	0.003735133853
23067	0.001234552303
23068	0.003150606694
23069	0.0004789152752
23070	0.005317187261
23071	0.0016436624
23072	0.0001847543503
23073	0.001118432065
23074	0.003426429904
23075	0.0008706182111
23076	0.00264430327
23077	0.00125860549
23078	0.002433481469
23079	0.0006470018098
23080	0.0003637157157
23081	0.003605229055
23082	0.0009253283122
23083	0.0009987244473
23084	0.0003488212863
23085	0.0008236642351
23086	0.0001912075518
23087	0.0002489104037
23088	0.0008970641061
23089	0.001607927413
23090	0.0004658126282
23091	0.004017711745
23092	0.00126792303
23093	0.0002096027551
23094	0.0003856196128
23095	0.006115541409
23096	0.0009735573316
23097	0.002168083814
23098	0.002533020626
23099	0.001000245172
23100	0.002045237539
23101	0.0002439919691
23102	0.004512090925
23103	0.001575902262
23104	0.0001825890272
23105	0.002110745864
23106	0.001157507756
23107	0.003375821822
23108	0.00441932036
23109	0.006864747524
23110	0.001670458728
23111	0.005589135055
23112	0.0007333979447
23113	0.001866270009
23114	0.0004127413054
23115	0.001649547825
23116	0.006925155161
23117	0.004684299877
23118	0.005454802039
23119	0.003888465268
23120	0.002514857865
23121	0.003148343041
23122	0.0007258886769
23123	0.000274191655
23124	0.00236210516
23125	0.003511712264
23126	0.007594198069
23127	0.0004967472663
23128	0.0008881307453
23129	0.0001809753916
23130	0.007902369518
23131	0.006608353726
23132	0.001608045298
23133	0.003819797583
23134	0.007190584547
23135	0.001727312884
23136	0.004123560209
23137	0.0001672647726
23138	0.003001863484
23139	0.004592917251
23140	0.002222728913
23141	0.003528882891
23142	0.005642502756
23143	0.005396843983
23144	0.001366241632
23145	0.001913141276
23146	0.0008581039533
23147	0.0004747316669
23148	0.0004303260479
23149	0.001721730184
23150	0.002714985972
23151	0.001302232904
23152	0.002117310357
23153	0.002809223068
23154	0.001881090262
23155	0.003000277091
23156	0.009479080581
23157	4.55269068e-05
23158	0.006535975953
23159	0.0004129195955
23160	0.005077603878
23161	0.002200151715
23162	0.002242417417
23163	0.0002902200347
23164	0.001544982936
23165	0.001075849398
23166	0.001519661777
23167	0.005326528311
23168	0.0008130253725
23169	0.001398647582
23170	0.0007480405545
23171	0.00317110976
23172	0.008802649105
23173	0.002275444473
23174	0.006164318711
23175	0.005036633915
23176	0.001606276862
23177	0.006232860449
23178	0.0004421883498
23179	0.0001199808377
23180	0.0009112588911
23181	0.0002569863951
23182	0.003120511611
23183	0.001753319007
23184	0.0005518662209
23185	0.001792124274
23186	0.004789602796
23187	0.002241260421
23188	0.002784180901
23189	0.001156316849
23190	0.009633674802
23191	0.001852058202
23192	0.00139238599
23193	0.0005999589435
23194	0.001605876055
23195	0.004318075131
23196	0.006927191529
23197	0.007935113244
23198	0.004807501132
23199	0.002303554351
23200	0.002050316268
23201	0.001638551944
23202	0.005507093056
23203	0.006499254079
23204	0.003151904153
23205	0.006731907999
23206	0.003451619406
23207	0.007334093263
23208	0.001539337107
23209	0.001527045786
23210	0.0005070997578
23211	0.0005051389042
23212	0.001520861397
23213	0.001578465269
23214	0.0030370984
23215	0.004887662663
23216	0.001034254047
23217	0.002191311258
23218	0.0006263155427
23219	0.004305318134
23220	2.624510016e-05
23221	0.007850386079
23222	0.0003377292305
23223	0.002499542607
23224	0.003136389879
23225	0.004662501381
23226	0.0001191753256
23227	0.004432693192
23228	0.009946805959
23229	0.006386524745
23230	0.001560594154
23231	0.0005077914293
23232	0.001432902586
23233	0.0003604512957
23234	0.001144335794
23235	0.0001428095403
23236	0.001978682925
23237	0.01044518538
23238	0.003516671737
23239	0.003887800828
23240	9.85952805e-05
23241	0.001117620651
23242	0.0001232360997
23243	0.000458742844
23244	0.004371743388
23245	0.006923131453
23246	0.00744752729
23247	0.002326153882
23248	0.006702683646
23249	0.003854105777
23250	0.0005123241079
23251	0.003186267054
23252	0.007337011479
23253	0.000191041433
23254	0.005922080836
23255	0.004457900692
23256	0.001778164324
23257	0.001546163375
23258	6.806273879e-05
23259	0.002764358538
23260	0.003499637908
23261	0.0002256511114
23262	0.001432019538
23263	0.0005376495405
23264	1.439884925e-05
23265	0.0003046335348
23266	0.0016449074
23267	0.001600558151
23268	0.001763258614
23269	0.002940498902
23270	0.0005700944007
23271	0.0009181520819
23272	0.002864313565
23273	0.0005953347761
23274	0.001610230349
23275	0.003403103341
23276	0.001786570443
23277	0.0005529435233
23278	0.0003032420188
23279	0.005057302899
23280	0.003670609727
23281	0.0007988135644
23282	0.007491604546
23283	0.0008369498004
23284	0.001061419684
23285	0.00513673013
23286	0.001232497316
23287	0.0004822660373
23288	0.0006390696835
23289	0.0008117139608
23290	0.0002558500619
23291	0.0003910804771
23292	0.001390918325
23293	0.001302517202
23294	0.0003461814646
23295	0.0003611483964
23296	5.936814116e-05
23297	0.0005885363545
23298	0.0004680449784
23299	0.0002652413841
23300	0.0004898084515
23301	0.004397419857
23302	0.000368746587
23303	0.0005512375362
23304	0.001117242935
23305	0.004801762261
23306	0.001654125459
23307	0.001489705999
23308	0.001845984453
23309	0.0006552595993
23310	0.00087251281
23311	0.0005377496751
23312	0.0005172774011
23313	0.0005112950123
23314	0.0002648450511
23315	0.001761709413
23316	0.003094156851
23317	0.0004406875934
23318	0.000887566251
23319	0.0003275986454
23320	0.0001675275968
23321	0.003442588182
23322	0.0006087290404
23323	0.007242520176
23324	0.002506279774
23325	0.0033631941
23326	0.001881186577
23327	0.001282410407
23328	0.002496788476
23329	0.0001724965522
23330	0.002016394541
23331	0.001841161093
23332	2.009425711e-05
23333	0.005830670863
23334	0.0002397924375
23335	0.0004660155802
23336	0.005892065696
23337	0.004810379524
23338	0.004027297199
23339	0.001817093173
23340	0.002908338509
23341	0.005639044494
23342	0.0001159520982
23343	0.004849268388
23344	0.0007030868874
23345	0.0002561930166
23346	0.003584714974
23347	0.0020261136
23348	0.004644219227
23349	0.0007762021013
23350	0.001381310394
23351	0.002391271484
23352	0.0001790637081
23353	0.003412720586
23354	0.003724576484
23355	0.001056590902
23356	0.005298662393
23357	0.001835823937
23358	0.003030372032
23359	0.005996060086
23360	0.005417947895
23361	0.005474302789
23362	0.006076191432
23363	0.001295862858
23364	0.001180666406
23365	0.001222715196
23366	0.002848210502
23367	0.0002732672993
23368	0.000988546322
23369	0.001232212716
23370	0.0001432281237
23371	0.0009182280642
23372	0.002395298168
23373	0.0004629875922
23374	0.000583667648
23375	0.00454601747
23376	0.006441454746
23377	1.319013583e-05
23378	0.001588131366
23379	9.766056837e-05
23380	0.0005388268899
23381	0.003877940496
23382	0.002881689807
23383	0.003347149475
23384	0.004953639177
23385	0.0009838483151
23386	0.0001676012038
23387	0.0001575153884
23388	0.000109887339
23389	0.0001722313633
23390	5.908913891e-05
23391	0.0002012942185
23392	0.003839691199
23393	0.001910272509
23394	0.003328013516
23395	0.001173428802
23396	1.950295637e-05
23397	0.00124303283
23398	0.0007287672119
23399	0.000556697333
23400	0.004935442454
23401	0.001498471179
23402	0.002428123704
23403	0.002318855749
23404	0.0005448714273
23405	0.002150124537
23406	0.004376714513
23407	0.005376701074
23408	0.0005379030794
23409	0.002303413177
23410	0.00392084129
23411	0.005039033025
23412	0.003167072666
23413	0.001638728787
23414	0.0001922388231
23415	0.002680324168
23416	0.006155306088
23417	0.0003751346162
23418	0.002297076898
23419	0.0009613332089
23420	5.680321846e-05
23421	0.002591470609
23422	0.001213533279
23423	0.004167929581
23424	0.001663815939
23425	0.005212735349
23426	5.460116782e-05
23427	0.005621666084
23428	0.002730055402
23429	0.0008397620376
23430	0.004718592646
23431	0.001727170856
23432	0.0009687936122
23433	0.002891363156
23434	0.002402308533
23435	0.002355807923
23436	0.002086873819
23437	0.003391628719
23438	0.0008519837122
23439	0.002856600437
23440	0.002476583502
23441	0.002510776467
23442	0.003450574838
23443	0.002725512299
23444	0.001426947292
23445	0.003358558344
23446	0.0007505395169
23447	0.002971026444
23448	0.005067837703
23449	0.002051573472
23450	0.0005328669386
23451	0.003641050245
23452	0.001756291711
23453	0.001538696466
23454	0.0001803807477
23455	0.001012845971
23456	0.002266091751
23457	0.001629399508
23458	6.15064452e-05
23459	0.001020212548
23460	0.001549293394
23461	6.115889328e-05
23462	0.008563572488
23463	0.0001617242122
23464	0.0003373788664
23465	0.005315450511
23466	0.002670889659
23467	0.00401701562
23468	0.0005438868248
23469	0.000886884227
23470	0.0002908351585
23471	0.0008790139459
23472	0.001548534614
23473	0.0006913093697
23474	0.001236310288
23475	0.003755911649
23476	0.001179535714
23477	0.004458634884
23478	0.0001089928797
23479	0.001501269648
23480	0.001264636776
23481	0.001595183723
23482	0.0006422955715
23483	2.818724971e-05
23484	0.0001767903327
23485	0.002788738389
23486	0.001191732032
23487	0.001364705823
23488	0.0008038417605
23489	0.0005293089098
23490	0.0003785623286
23491	0.002375669763
23492	0.0004519579528
23493	0.0006833317123
23494	0.000805727796
23495	0.001121695333
23496	0.000565289194
23497	5.564208698e-06
23498	0.004141232996
23499	0.0002897385488
23500	0.0006477195252
23501	0.00238586585
23502	0.0009607682326
23503	0.0004110416168
23504	0.0007570852692
23505	0.0008252709453
23506	0.005140126004
23507	0.003042587839
23508	0.002114777569
23509	0.0004183729299
23510	0.0002452358896
23511	0.005538708698
23512	0.002579785657
23513	0.0007004962305
23514	0.0005228731283
23515	0.01212850236
23516	0.0009647838162
23517	0.0004670336253
23518	0.001314665672
23519	0.0004937204866
23520	0.0009452389442
23521	6.909474133e-05
23522	0.002028661593
23523	0.0005330265322
23524	0.0005171736084
23525	0.0004176806123
23526	0.01141138629
23527	0.0004781550041
23528	9.223111468e-06
23529	0.00023765771
23530	0.003179766744
23531	0.00132240124
23532	0.008730747373
23533	0.003306457561
23534	0.001881983517
23535	0.002534346007
23536	0.003278367486
23537	4.460835982e-05
23538	0.003494863894
23539	0.003647257359
23540	0.004600354718
23541	0.001928873644
23542	0.0004454800685
23543	0.001386488423
23544	0.001139878304
23545	0.0004603397816
23546	0.004065669174
23547	4.546833275e-05
23548	0.002493607827
23549	0.008781489502
23550	0.001076883323
23551	0.0009381139718
23552	0.008054811047
23553	0.0003696356472
23554	0.0002602108599
23555	0.01045377008
23556	0.0006501279808
23557	0.002765149091
23558	0.003915399181
23559	0.000183244476
23560	0.004044955952
23561	0.0003348754616
23562	0.00172928338
23563	0.000525635184
23564	0.0001639693031
23565	0.00111537613
23566	0.005937080631
23567	0.001656509598
23568	0.003348819796
23569	0.001379146339
23570	0.003969730676
23571	0.0007233113452
23572	0.000719010691
23573	0.0009398488233
23574	0.004084680516
23575	0.003600392708
23576	0.001562950293
23577	0.005171289883
23578	0.002809893371
23579	0.0007616415364
23580	0.01435451505
23581	0.0004619023568
23582	0.0001633085897
23583	0.005443376309
23584	0.0007060446098
23585	0.003228863638
23586	0.0003316533229
23587	0.00319466822
23588	0.0002108894832
23589	0.001478204643
23590	0.001465250262
23591	0.002300029657
23592	0.002037241299
23593	0.0002046366682
23594	0.00474394643
23595	3.128196607e-05
23596	0.001593951622
23597	0.0003487669584
23598	0.0001222545169
23599	0.0004375084216
23600	0.00149301916
23601	0.0004600782567
23602	0.0003111031192
23603	9.829882736e-05
23604	0.006252140445
23605	0.0005977105958
23606	0.00295439609
23607	0.001183955266
23608	0.0004500745832
23609	0.000367370451
23610	0.002284661655
23611	0.001905205528
23612	0.003714999999
23613	0.001697938599
23614	0.002230191451
23615	0.001358752025
23616	0.004169419547
23617	0.004448480999
23618	0.006773238176
23619	0.001611391292
23620	0.0002419030406
23621	0.0002485326281
23622	0.0005458345394
23623	0.0002843916233
23624	0.001944273685
23625	0.005120175782
23626	6.843878944e-05
23627	0.001787571883
23628	0.0006362428919
23629	0.001879656913
23630	0.003342143671
23631	0.0006404558858
23632	0.0008526000228
23633	0.004137535541
23634	0.003259039552
23635	0.001974415105
23636	0.003598096601
23637	0.004985120444
23638	0.0002192389534
23639	0.008338929194
23640	0.002338123979
23641	0.001454923284
23642	0.006867204775
23643	0.003657619669
23644	0.0005110304721
23645	0.006626989526
23646	0.002454290442
23647	0.0005459803533
23648	0.004696758664
23649	0.002033769811
23650	0.001435698159
23651	0.0009803454285
23652	0.004103640721
23653	0.0001589670023
23654	0.0009209977084
23655	0.0004713301209
23656	0.003197965298
23657	0.0002441902267
23658	0.002484114903
23659	0.002434160498
23660	2.089730079e-07
23661	0.001001497133
23662	0.001698397834
23663	0.006691831006
23664	0.002797373746
23665	0.005271943606
23666	0.0004718671484
23667	0.004324038884
23668	0.004538229587
23669	0.0004964815009
23670	0.0002135020813
23671	0.005544653744
23672	0.002969801802
23673	0.00533299029
23674	0.001387708436
23675	0.009751158067
23676	0.001695564894
23677	0.003584248368
23678	0.005971651864
23679	0.005208568162
23680	0.001188669119
23681	0.002650689203
23682	0.00569817652
23683	0.0007037604584
23684	0.001895698462
23685	0.002415096899
23686	0.0002527103522
23687	0.008661257072
23688	0.001490486954
23689	0.004109058996
23690	0.004371843254
23691	0.0008087379514
23692	0.002589218739
23693	0.001512986168
23694	0.001894246925
23695	0.0009309022165
23696	0.004774028671
23697	0.0001432484913
23698	0.0008791070532
23699	0.0073776281
23700	0.00262485654
23701	0.0008352083785
23702	0.003177874861
23703	0.005715201813
23704	0.00108800129
23705	0.00953483772
23706	0.001274607209
23707	0.0002347892085
23708	0.002055396681
23709	0.003780341395
23710	0.006409815494
23711	0.006035227129
23712	0.002418787961
23713	0.0005992150275
23714	0.001430173745
23715	0.0001562968902
23716	0.0001782249908
23717	0.0003848020467
23718	0.003307788936
23719	0.0001292969497
23720	0.005989299235
23721	0.001008288151
23722	0.00230695539
23723	0.004415633456
23724	0.0003551864334
23725	0.001620532363
23726	0.0002598633537
23727	0.002466097541
23728	0.001653301086
23729	0.000221295135
23730	0.0004877104958
23731	0.001778008575
23732	0.001262516162
23733	0.0001932215873
23734	0.001453463564
23735	0.0002971473251
23736	0.002660838366
23737	0.00115082692
23738	0.002738624331
23739	0.0002370208769
23740	0.00269530829
23741	0.001633972718
23742	0.0002017685945
23743	0.001642538301
23744	0.00286816196
23745	0.0004213166972
23746	0.001545871544
23747	0.0001944194997
23748	0.0005977745392
23749	0.0004296387938
23750	0.001141180866
23751	0.005144016819
23752	0.003197517324
23753	0.001688158327
23754	0.002255100017
23755	0.0009759802568
23756	0.002424543592
23757	0.002102368799
23758	0.0002554476052
23759	0.0003833256702
23760	0.000657827238
23761	0.001635282083
23762	0.0003511807388
23763	0.001807694862
23764	0.00250829274
23765	0.004124162624
23766	0.003450060641
23767	0.002296259014
23768	0.00484753943
23769	0.00261078905
23770	4.850451999e-05
23771	0.0003181623078
23772	0.0001277013409
23773	0.006276513902
23774	0.0019824539
23775	0.002661367281
23776	0.0001914518027
23777	0.001106221453
23778	0.00062252144
23779	0.0002334463939
23780	0.004063443113
23781	0.001371196367
23782	0.0008385259497
23783	0.0005287245444
23784	0.002200575464
23785	0.003461853546
23786	0.0006355492217
23787	0.0003998864103
23788	0.0004492898233
23789	0.0009495274344
23790	0.002745737888
23791	0.001914166481
23792	0.001869590209
23793	0.0016717444
23794	0.00187158949
23795	0.0003877266017
23796	0.001541347184
23797	0.0007217472292
23798	0.001541401166
23799	0.001125910546
23800	0.001426635032
23801	0.000587852788
23802	0.002913029564
23803	0.002923384322
23804	0.004790986034
23805	0.0007915372096
23806	0.002422587376
23807	0.002353330892
23808	0.0006234911862
23809	0.004388771769
23810	0.004033034829
23811	0.005114828424
23812	0.0001141795812
23813	0.001590489297
23814	0.0006750645085
23815	0.0004593136116
23816	0.0001112634325
23817	5.08228447e-05
23818	0.003014724659
23819	0.0004031220883
23820	0.00074723435
23821	0.00209786254
23822	0.003449452732
23823	0.004074840076
23824	4.045289416e-05
23825	0.000271854152
23826	0.005957565612
23827	0.0005315364178
23828	0.002323793877
23829	0.001737638068
23830	0.001938772367
23831	0.002293525406
23832	0.0009734040741
23833	0.0003940866242
23834	7.957850259e-05
23835	0.0004700911301
23836	0.002036911603
23837	7.034221124e-05
23838	1.726339945e-05
23839	0.001999679247
23840	0.0005129097036
23841	0.0009714653837
23842	0.002659201653
23843	0.0001594183017
23844	0.0005366446627
23845	0.001217604947
23846	0.00585705942
23847	0.001018741766
23848	0.002934320823
23849	5.059023354e-05
23850	0.001127342826
23851	0.008081954839
23852	0.002146067642
23853	0.002840619537
23854	0.003055726313
23855	0.002550695359
23856	0.0001362799085
23857	0.002718670929
23858	0.002404953624
23859	0.001055089665
23860	0.001278256285
23861	0.0008172558408
23862	0.004279724282
23863	0.000814799049
23864	0.001447003537
23865	0.002004965796
23866	0.0004499235434
23867	0.001537857889
23868	0.0001380098101
23869	0.000123700556
23870	0.003213559382
23871	0.003146589061
23872	0.004349390315
23873	0.0004594241659
23874	0.0001532688187
23875	0.004254107218
23876	0.002188182825
23877	0.0004717719189
23878	0.0008830750728
23879	0.003798948955
23880	0.003350220368
23881	0.0008519211329
23882	0.001392304874
23883	0.0004558642703
23884	0.003900775907
23885	0.003674944741
23886	0.001514454452
23887	0.006500997025
23888	8.398667997e-05
23889	0.00947362665
23890	0.001987720237
23891	0.005250029036
23892	0.006531567035
23893	0.001195964399
23894	0.0005800418973
23895	0.0001367885339
23896	0.003609761955
23897	0.001889654994
23898	0.002041858455
23899	0.00300238186
23900	0.001876396936
23901	0.002057367505
23902	0.001415439146
23903	0.003798260066
23904	0.003535482752
23905	0.0005834798273
23906	0.003432764326
23907	0.006199992374
23908	0.002557251383
23909	0.001132040693
23910	0.002708892697
23911	0.0008387001995
23912	5.603284242e-05
23913	0.0006441123859
23914	0.004271007159
23915	0.008965748276
23916	0.004227373787
23917	0.01192217567
23918	0.0008927181449
23919	0.001045280721
23920	0.0009166410104
23921	0.0003682906793
23922	3.566335167e-05
23923	0.0001564191068
23924	0.0006732650293
23925	0.003911485057
23926	0.0009095407295
23927	0.0002492852785
23928	0.001183417435
23929	0.002425354
23930	0.003815407084
23931	0.0006086626157
23932	0.002789941592
23933	0.0003825696876
23934	0.000311190622
23935	0.0004370500355
23936	0.0001248480341
23937	0.004224186503
23938	0.001295244418
23939	0.000209730004
23940	0.006373282333
23941	0.001048581713
23942	0.004771871624
23943	0.0004018784823
23944	0.0003409479314
23945	0.0007053755859
23946	0.004739845226
23947	0.003414289344
23948	0.0001621634549
23949	0.0002493050961
23950	0.000491594275
23951	0.001062280594
23952	0.002479356063
23953	0.000367423747
23954	0.001625207946
23955	0.0001371961904
23956	0.004177612206
23957	0.002771060463
23958	0.0004079853487
23959	0.001480447172
23960	0.0004028079808
23961	0.001993400818
23962	0.001402704913
23963	0.003198798904
23964	0.002023725083
23965	0.001500831058
23966	0.003647869706
23967	0.0002075223257
23968	0.004027201474
23969	0.0006795602846
23970	0.0004013324764
23971	0.003165530141
23972	0.002501172552
23973	0.000631846595
23974	0.0009113269522
23975	0.001510974326
23976	0.001028745737
23977	0.0006503769514
23978	0.0005736443648
23979	0.0004415613682
23980	0.0001524273817
23981	0.001185990737
23982	0.001045228891
23983	0.0006886326979
23984	0.002241468041
23985	0.0005787609003
23986	0.0003507708629
23987	0.0007574615988
23988	0.003489044716
23989	0.009610615562
23990	0.00583935848
23991	0.002086907962
23992	0.0004328981231
23993	0.005410111408
23994	0.00373358528
23995	0.006912647222
23996	0.00369191595
23997	0.001329737451
23998	0.002826159641
23999	6.470801807e-05
24000	0.0005911308288
24001	0.0009868493052
24002	0.001504381653
24003	0.001425433209
24004	0.0005930537796
24005	0.001663710087
24006	0.003751748436
24007	0.0009306455083
24008	0.000520008448
24009	0.01176334059
24010	1.723200667e-06
24011	0.001514371826
24012	0.0005312602203
24013	0.002066580288
24014	0.0005531055859
24015	0.00342390035
24016	0.00695799373
24017	0.001134317474
24018	0.0009040600073
24019	0.003094273406
24020	0.002919698774
24021	0.001229491711
24022	0.001016638574
24023	0.001128858084
24024	0.0009629216076
24025	0.001462064127
24026	0.0001091401233
24027	0.001739658502
24028	0.002629283919
24029	0.0005850075737
24030	0.000917089109
24031	0.0001176528214
24032	0.00178101507
24033	0.0001619482018
24034	0.0001675549824
24035	0.003726397204
24036	0.0002686081594
24037	0.002303745997
24038	0.001827928921
24039	0.002814091062
24040	0.002014447872
24041	5.397319445e-05
24042	0.002381080268
24043	0.0004936573473
24044	0.003307262783
24045	0.000294599835
24046	0.002276109332
24047	0.004361971076
24048	6.169084966e-05
24049	0.0008014537199
24050	0.002681149106
24051	0.003682658748
24052	0.002308359907
24053	0.001728608784
24054	0.004214103597
24055	0.003392868586
24056	0.001809879577
24057	0.003220470564
24058	0.00233392573
24059	0.002867631887
24060	0.002476185934
24061	0.002880877443
24062	0.0007600285404
24063	0.004746935135
24064	0.006380639853
24065	0.00300783151
24066	0.00084086557
24067	0.0007740649142
24068	0.0009534105667
24069	0.002125128
24070	0.0008109018631
24071	0.002441034405
24072	0.0008003289255
24073	0.0008318768448
24074	0.003185201547
24075	0.001093167885
24076	0.002800711316
24077	0.001382026077
24078	0.0006015272715
24079	0.001786984219
24080	0.008839989202
24081	0.001187341666
24082	0.001965079981
24083	0.000496550895
24084	0.0004488540476
24085	0.001328160655
24086	0.001076783759
24087	6.412839012e-05
24088	0.0001766540035
24089	0.000378492159
24090	0.005255592141
24091	0.001415199199
24092	0.007528242794
24093	0.003857310829
24094	0.0004838276128
24095	0.001471736033
24096	0.0004754047656
24097	0.004556331957
24098	0.002668387827
24099	0.002304998956
24100	0.003255784325
24101	7.472070546e-05
24102	0.001668237368
24103	7.595960935e-05
24104	0.0005911115049
24105	0.001827073273
24106	0.001940172685
24107	0.0006723172109
24108	8.637589148e-05
24109	0.0006564749034
24110	9.265229482e-05
24111	3.604284702e-05
24112	0.0004980578686
24113	0.0008104057676
24114	0.004046968511
24115	0.005141459654
24116	0.002324316385
24117	0.001541787468
24118	0.004854468354
24119	0.002114300737
24120	0.0009207651549
24121	0.0002778331148
24122	0.0006781434675
24123	0.0002102685803
24124	0.001183407396
24125	0.0003525258042
24126	0.000477062316
24127	0.0001873117589
24128	0.001289195354
24129	0.004210151039
24130	0.003300969519
24131	0.001596938483
24132	0.003230905918
24133	0.002400279571
24134	0.003462691004
24135	0.001653965937
24136	0.001191755593
24137	0.005668228048
24138	0.0007665866743
24139	0.002582122319
24140	0.0002446492324
24141	8.864159357e-05
24142	0.003254207426
24143	0.003048488791
24144	0.002051248331
24145	0.002485305179
24146	0.0005347081528
24147	0.0005116940351
24148	0.0002138820928
24149	0.00224782599
24150	0.005649659207
24151	0.004213288381
24152	0.000954826186
24153	0.001830027418
24154	0.004073907521
24155	0.006718507521
24156	0.0006393779793
24157	0.003385113572
24158	0.002479253103
24159	0.003665814525
24160	0.000679726937
24161	0.000298335453
24162	0.002095899087
24163	0.0009652662774
24164	0.006496527939
24165	0.001108902928
24166	0.0001118145957
24167	0.001409030659
24168	0.001797285948
24169	0.0008384150581
24170	0.004180347816
24171	0.0008462369481
24172	0.003531935464
24173	0.001325037591
24174	0.0007906353407
24175	0.001040953811
24176	0.002787290627
24177	0.003136296934
24178	0.000823830373
24179	3.067949831e-05
24180	0.001631326958
24181	0.003851551494
24182	0.0005707781804
24183	0.0004705356101
24184	0.001090910263
24185	0.0004088039223
24186	0.0001476425008
24187	0.000732196891
24188	0.0006570176285
24189	0.0002066197005
24190	0.0005330173273
24191	6.531954787e-05
24192	2.023478916e-05
24193	0.0009691198209
24194	0.003607111371
24195	0.0005612756062
24196	0.0007485832477
24197	0.002341221538
24198	0.003550348116
24199	0.002688502914
24200	0.001297623699
24201	0.0005112855415
24202	0.001306380597
24203	0.0001185634812
24204	0.003092920861
24205	0.0003055971903
24206	0.0013644834
24207	0.0009584358438
24208	0.004100643522
24209	0.0008170654556
24210	0.000475448993
24211	0.001933032875
24212	0.0004359719655
24213	0.001323852256
24214	0.003116545135
24215	0.003715496668
24216	0.002754992229
24217	0.00160253168
24218	0.0004419643817
24219	0.002278409974
24220	0.006327406318
24221	0.004651684678
24222	0.005953999367
24223	0.003448450094
24224	0.0006551478712
24225	0.002487622804
24226	0.006561255589
24227	0.0001427299058
24228	0.001110215563
24229	0.003517365381
24230	2.293037735e-05
24231	0.003204869874
24232	6.811560968e-05
24233	0.003569556475
24234	0.003436668968
24235	0.005714406141
24236	0.0005116042063
24237	0.002279522409
24238	0.003307465182
24239	0.001381154113
24240	0.001999024646
24241	0.005545538369
24242	0.001159118809
24243	0.004059796209
24244	0.002618557712
24245	0.000796652701
24246	0.0006983219762
24247	0.0001210980118
24248	0.0002905825033
24249	0.002956913951
24250	0.0002190380835
24251	0.002595663489
24252	0.0006667805585
24253	0.0006207559916
24254	0.0001863946712
24255	0.0003471699374
24256	0.005664159858
24257	0.0004416390593
24258	0.002328105871
24259	0.0005624524467
24260	0.002563767171
24261	0.0006156885255
24262	0.0001519351348
24263	0.002745182836
24264	0.0007519598055
24265	0.0006778109196
24266	0.004803553548
24267	0.001708978758
24268	0.002514558697
24269	0.0008605753273
24270	0.001284049191
24271	0.005135270411
24272	0.003125433068
24273	0.0001531539696
24274	0.00461336292
24275	0.005726955593
24276	0.0009197253536
24277	0.0009118289744
24278	0.006997096951
24279	3.673213401e-05
24280	0.003453213151
24281	7.655121832e-05
24282	0.001201297637
24283	0.00267771634
24284	0.001320579934
24285	0.001439435846
24286	0.001976366579
24287	0.001917389944
24288	0.0002371545837
24289	0.0001676416877
24290	0.0007531834294
24291	9.571853482e-05
24292	0.0008222536649
24293	0.00258022929
24294	0.0009198613026
24295	0.0009043269986
24296	0.0001806517519
24297	0.00149815649
24298	3.394389684e-05
24299	0.002337362828
24300	0.001487936466
24301	0.003222776142
24302	0.0009790223001
24303	0.0007746907043
24304	0.001500578402
24305	0.001910188719
24306	0.0007394766829
24307	0.0003694864822
24308	0.004175868298
24309	0.002295462588
24310	5.683736539e-05
24311	0.0001689922081
24312	0.0012478968
24313	0.001625585026
24314	0.001170759603
24315	0.0002100525907
24316	0.001085807551
24317	0.001730807383
24318	0.001540418761
24319	0.001048764176
24320	0.005352828366
24321	0.0009940202719
24322	0.001675140502
24323	0.003336263065
24324	0.0005575288405
24325	0.0005187559325
24326	0.002245079652
24327	0.003700910908
24328	0.005522878026
24329	0.0008958362302
24330	0.004161342253
24331	0.002822546566
24332	0.004140186849
24333	0.0001367332527
24334	0.0005689790211
24335	0.002496688658
24336	0.002630839526
24337	0.0007887011408
24338	0.0005241001669
24339	0.004097098887
24340	0.001030724198
24341	0.002970350945
24342	0.0005332271507
24343	1.126374014e-05
24344	0.0006640299817
24345	0.005463178415
24346	0.003866615384
24347	0.004114506357
24348	0.001452324168
24349	0.003378791277
24350	0.001720805608
24351	0.004314582569
24352	0.004272591821
24353	0.008870363911
24354	0.003089772579
24355	0.004992143936
24356	0.002645618238
24357	0.003756179039
24358	0.000550223948
24359	0.003725477692
24360	0.001522811642
24361	0.008287197238
24362	0.002259990508
24363	0.0008531688668
24364	0.001172334251
24365	0.001713001021
24366	0.0001278933146
24367	0.003600325358
24368	0.006226743816
24369	0.004256691025
24370	0.005668267873
24371	0.0001839373667
24372	0.0009651628059
24373	0.0002025055086
24374	0.0001844222806
24375	0.0009801676574
24376	0.0004398611151
24377	0.0004208392098
24378	0.00250636926
24379	0.000607673136
24380	0.000751632701
24381	2.037385305e-05
24382	0.0004025318163
24383	0.0009777107498
24384	0.0006069650983
24385	0.000224777642
24386	0.000225669107
24387	0.0006877457887
24388	0.0003534368997
24389	0.0001052295402
24390	2.126639205e-05
24391	0.001762780103
24392	7.01829707e-05
24393	0.001151169337
24394	0.0089107811
24395	0.0003898344914
24396	0.0002611894202
24397	0.0004972986743
24398	0.0003799425782
24399	5.393095582e-05
24400	7.898003916e-05
24401	0.0001203324568
24402	0.0001552186757
24403	0.0003385357397
24404	0.002854305193
24405	0.00221090706
24406	0.004825786938
24407	0.003079933228
24408	0.002064462028
24409	0.00144438026
24410	0.007189928785
24411	0.00525624812
24412	0.001917413056
24413	0.002308802622
24414	0.0005038588659
24415	0.003168647085
24416	0.004018018532
24417	0.005865979136
24418	0.002295496855
24419	0.002852921993
24420	0.001066077896
24421	0.001480819072
24422	0.003391909902
24423	0.01020813641
24424	0.007093506853
24425	0.001963967221
24426	0.001800953946
24427	1.207158795e-05
24428	0.001495004552
24429	0.004523048748
24430	0.0004410943666
24431	0.0004576104543
24432	0.0004664822355
24433	0.0008853189308
24434	0.001357678353
24435	0.01098397192
24436	0.0003122052589
24437	0.002907698818
24438	0.004994895231
24439	0.001806473747
24440	0.0007396929312
24441	0.002504036864
24442	0.004673154412
24443	0.0008038114708
24444	4.959667332e-05
24445	0.003201346432
24446	0.001600934728
24447	0.00126674188
24448	0.001888694466
24449	0.0009756064903
24450	0.002245135009
24451	0.001885723483
24452	0.001692960745
24453	0.002671847811
24454	0.002766970295
24455	0.0004134672442
24456	7.962597061e-05
24457	0.001516869404
24458	0.004275968216
24459	0.001409224237
24460	0.003789832132
24461	0.005422303614
24462	0.001972567751
24463	0.004229172208
24464	0.0005102313018
24465	0.0007288809896
24466	0.001390243033
24467	0.0008949692319
24468	0.004313994609
24469	0.0008643406076
24470	0.001681633038
24471	0.002313549691
24472	7.533661665e-05
24473	0.002028739377
24474	0.004837469286
24475	0.005979914496
24476	0.003428217673
24477	0.001759132148
24478	0.004142071336
24479	0.002563380279
24480	0.0007991060351
24481	0.00106618065
24482	0.0006993988279
24483	0.0004012658092
24484	0.005023391435
24485	0.001786209536
24486	0.0005025105429
24487	0.003089948824
24488	0.0005590154575
24489	0.0007422546194
24490	0.002025615223
24491	0.003924346553
24492	0.0008579857234
24493	0.006214815663
24494	0.005908876406
24495	0.0009078890166
24496	0.001932192302
24497	0.000980953909
24498	0.001475713266
24499	0.0007043579229
24500	0.005008958753
24501	0.001770520409
24502	0.0007368861329
24503	0.006036190313
24504	0.001572813792
24505	1.103226024e-05
24506	0.001821043358
24507	0.001977061963
24508	0.002132317986
24509	0.002046385859
24510	0.004021712109
24511	0.001305820185
24512	0.0004304710097
24513	0.001744192564
24514	0.003063181131
24515	0.0009223888921
24516	0.0001260538661
24517	0.001371352166
24518	0.005892804137
24519	0.0007053589252
24520	0.0007305623087
24521	0.003445889204
24522	4.233216977e-08
24523	0.000407445724
24524	0.001262311496
24525	0.0008164144262
24526	0.005979643016
24527	0.005822667
24528	0.002379115895
24529	0
24530	0.0007459251534
24531	0.001006699489
24532	0.002668300007
24533	0.002611336508
24534	0.001098667991
24535	0.001165856984
24536	0.003168919912
24537	0.0009995232804
24538	0.0002694603885
24539	0.00104041482
24540	0.0007282743522
24541	0.003853242457
24542	0.004512746516
24543	0.0001112022541
24544	0.001350983836
24545	0.002548359389
24546	0.002308595555
24547	0.004909153148
24548	0.001331295466
24549	0.004471550704
24550	0.004713598131
24551	5.870518655e-05
24552	0.0002945660943
24553	0.0003939730316
24554	0.0008120598906
24555	0.001390597816
24556	0.00212776945
24557	0.0015974207
24558	0.003956263007
24559	0.001339016873
24560	0.001866200616
24561	0.002083422655
24562	0.0003104375967
24563	0.00133484302
24564	0.0002069166092
24565	0.006508923091
24566	0.0006239668406
24567	0.000244882662
24568	0.003309147801
24569	0.002936854179
24570	0.0002891165519
24571	0.0003869874389
24572	0.0004017456083
24573	0.004076124549
24574	0.002570375929
24575	0.003570764365
24576	0.0009192277871
24577	0.0005516652591
24578	0.003041069518
24579	0.004431162074
24580	0.003010203615
24581	0.003378223696
24582	0.0003077105792
24583	0.001563247446
24584	8.762408103e-05
24585	0.004094205062
24586	0.005889519137
24587	0.006075334048
24588	0.004665048108
24589	0.001466197432
24590	0.001160926269
24591	0.001837105946
24592	0.002643601978
24593	0.001816170262
24594	0.0005465183785
24595	0.00082068126
24596	0.001789581335
24597	0.002770198892
24598	0.000228141618
24599	0.002794200425
24600	0.001317082754
24601	0.00187394214
24602	0.004817388544
24603	0.0003681500254
24604	0.0005951658256
24605	0.0006252301809
24606	0.0006237047844
24607	0.003976170072
24608	0.0008755278872
24609	0.0004634937722
24610	0.001426937542
24611	0.000452413926
24612	3.824953023e-05
24613	0.001538544882
24614	0.001325690388
24615	0.0009865365705
24616	0.002867958989
24617	0.006539740469
24618	0.003049870944
24619	0.0004444444532
24620	0.003460770149
24621	0.001067821471
24622	0.0008999962908
24623	0.001762207007
24624	0.001586907788
24625	0.001039399805
24626	0.003416888221
24627	0.00224703759
24628	0.002340858994
24629	0.002475562132
24630	0.0006354484507
24631	0.0002317802385
24632	0.0001887280065
24633	0.0001854936089
24634	0.008482770182
24635	0.0001106188913
24636	0.001517076776
24637	0.0006636292128
24638	0.002840752914
24639	0.002496716088
24640	0.0004883212972
24641	0.002989502449
24642	0.0003141525045
24643	0.003129842716
24644	0.005576623319
24645	0.0003611744623
24646	0.004539482106
24647	0.0005600807679
24648	0.0008594892233
24649	0.0002022890148
24650	0.0001845192764
24651	0.0004668956141
24652	0.001009609745
24653	0.0001803300517
24654	0.002819704676
24655	3.202569182e-05
24656	9.100006815e-05
24657	0.0004151011461
24658	0.0003054342923
24659	0.0007303046418
24660	8.85549015e-05
24661	0.001674627497
24662	0.0009897882856
24663	0.004377090467
24664	5.216123364e-05
24665	0.0004931812759
24666	0.0002585661941
24667	0.0004962119621
24668	0.0005477105523
24669	0.0002283057284
24670	0.000481546488
24671	0.00104402361
24672	3.172689055e-05
24673	0.0002738971685
24674	0.0004600410135
24675	0.0001612855555
24676	0.004997776971
24677	0.002550559375
24678	0.001910333234
24679	0.007071841408
24680	4.917598918e-06
24681	9.699979694e-05
24682	0.0002465291219
24683	0.0003950257086
24684	0.0005661987432
24685	0.0003066250387
24686	1.836967562e-05
24687	0.0003648754603
24688	0.0002279119078
24689	0.0008247297333
24690	0.0002178421242
24691	0.0002283844189
24692	2.533719387e-05
24693	7.68585563e-05
24694	0.001535768744
24695	0.000430808095
24696	0.004271643805
24697	0.0006208509342
24698	0.001982968347
24699	0.0002099419269
24700	0.0002058012207
24701	0.0002037282576
24702	0.001316303138
24703	0.0003523244731
24704	0.0007549652137
24705	0.001248837035
24706	0.0006490280961
24707	0.000316896381
24708	0.00194802725
24709	0.000158849991
24710	0.001931759657
24711	0.0003817495622
24712	0.002238192314
24713	0.006865650142
24714	0.0004026156239
24715	0.0005504520611
24716	0.00270135832
24717	0.001584400109
24718	0.001660850671
24719	0.0001859549381
24720	0.005959093342
24721	0.002444072489
24722	0.0007558163602
24723	0.00201107028
24724	0.001850223298
24725	0.0007579553632
24726	0.002131631608
24727	0.002784455907
24728	0.002781798144
24729	0.003174420896
24730	0.002889558556
24731	0.004133758906
24732	0.00120047424
24733	0.006418666034
24734	0.001233127279
24735	0.003400503508
24736	0.001244562758
24737	2.333235096e-07
24738	0.006203756531
24739	0.0001793604489
24740	0.004018964613
24741	0.004823062584
24742	4.346624239e-05
24743	0.006159467981
24744	0.0001104703986
24745	0.0005065864547
24746	0.002757823516
24747	0.0002438422383
24748	0.0009355619184
24749	0.002242762212
24750	0.001883232352
24751	0.001576252289
24752	0.001907506392
24753	0.001474778464
24754	0.001893602072
24755	0.0005512885137
24756	0.0004331864546
24757	0.002167694946
24758	0.000303855777
24759	0.0005005742757
24760	3.923520246e-05
24761	0.0002231156971
24762	0.0002960691761
24763	0.001404418761
24764	3.450049237e-05
24765	4.607718389e-05
24766	0.0005801942364
24767	0.0003996694386
24768	0.000570170707
24769	0.000887941727
24770	0.0002062696631
24771	0.002011134597
24772	0.0002039587806
24773	0.001194537497
24774	0.001054997049
24775	0.0002039710791
24776	0.004252850598
24777	0.0001746218243
24778	0.002720761064
24779	0.007326348673
24780	0.004260232643
24781	0.004260044508
24782	0.001920807725
24783	0.001456358021
24784	0.001000670242
24785	0.001067669945
24786	0.004945893407
24787	0.001539868037
24788	0.001685202936
24789	0.0003443110258
24790	0.002374493426
24791	0.0002958009289
24792	0.002628131713
24793	0.0007622272363
24794	0.000109110309
24795	0.005021842268
24796	0.0002100757186
24797	0.004371874556
24798	0.001404657308
24799	0.002219995263
24800	0.000282002203
24801	0.008389192466
24802	0.0106902856
24803	0.006184658721
24804	0.001235533014
24805	0.005765877836
24806	0.003540919481
24807	0.003405084949
24808	0.008379551579
24809	0.005049692174
24810	0.006508545662
24811	0.005753260234
24812	0.0003381208344
24813	0.003078020554
24814	0.000774800177
24815	0.001730435284
24816	0.002590603184
24817	0.0007177221296
24818	0.0006882643075
24819	0.002090167661
24820	0.000213359932
24821	0.0005914782479
24822	6.493295148e-05
24823	0.00157140069
24824	0.002493936857
24825	0.005594756251
24826	0.001923125184
24827	0.0004973910997
24828	0.00230376125
24829	0.0007898591612
24830	0.003534628815
24831	0.0004658068591
24832	0.0007706738655
24833	0.00144494893
24834	0.001194714136
24835	0.0001205157271
24836	0.0001171319552
24837	0.001079595214
24838	0.002189585388
24839	0.002041713078
24840	0.00246825428
24841	0.0008927048149
24842	0.00378402339
24843	0.0002492848583
24844	0.001010192959
24845	0.0003985881345
24846	0.0002186620657
24847	0.002156358553
24848	0.01042425042
24849	0.001125079621
24850	0.0007233208681
24851	0.0009579675914
24852	0.0003307934444
24853	0.01089687321
24854	0.0005825578462
24855	0.008478742313
24856	0.001306867639
24857	0.0007206984752
24858	0.0006257694975
24859	0.007265365157
24860	0.001326489479
24861	0.001084901853
24862	0.004793322333
24863	0.0007425317809
24864	0.0001214011148
24865	0.0004508381638
24866	0.0002725227042
24867	0.0001750450947
24868	0.0002539286957
24869	0.001748163573
24870	0.001441224017
24871	0.001064254615
24872	0.001599810558
24873	0.0001013820892
24874	0.004707402866
24875	0.002237395018
24876	0.001152549881
24877	0.000610199492
24878	0.0003265852898
24879	0.002000418233
24880	0.0007167493175
24881	0.002029611999
24882	0.002050634888
24883	0.001152382011
24884	0.006789127213
24885	0.002050373271
24886	0.0001062411291
24887	0.004188595511
24888	0.004935789357
24889	0.005114559689
24890	0.004365329297
24891	9.550979161e-05
24892	0.005202932
24893	0.00398493535
24894	0.0007868518725
24895	0.001762709634
24896	9.071971032e-05
24897	0.001080229902
24898	0.005048589523
24899	0.004370082678
24900	0.0002937010473
24901	0.002034004228
24902	0.001072241313
24903	0.0001685102678
24904	0.0007686813426
24905	0.0005941603443
24906	0.0006164242041
24907	0.0008025597381
24908	0.0007910842952
24909	0.0009225184446
24910	0.0002986556813
24911	0.000696239626
24912	0.0009795254096
24913	0.001844264194
24914	0.0004337272677
24915	0.0001653446414
24916	7.145193966e-07
24917	0.001060186458
24918	0.0001572636181
24919	0.000413002953
24920	0.001298325165
24921	0.001492355379
24922	0.001440916701
24923	0.0002378542265
24924	0.0020535273
24925	0.001298282226
24926	0.002192980281
24927	0.001615134267
24928	0.002634397182
24929	0.004133417508
24930	0.0006453186233
24931	0.0006005720104
24932	5.24384406e-05
24933	0.001804400243
24934	7.922874496e-05
24935	0.0008591591747
24936	0.0002681702944
24937	0.001053003137
24938	0.002144825124
24939	0.0006653032736
24940	0.0004105845272
24941	0.006024533026
24942	0.00626869343
24943	0.001406842239
24944	0.001493452005
24945	0.001422988943
24946	0.003158893733
24947	0.0029573891
24948	0.00141997306
24949	0.0003219871093
24950	0.001026161945
24951	0.006604439742
24952	0.0008109794399
24953	5.852838913e-05
24954	0.001339772549
24955	0.001278290882
24956	0.001072479322
24957	0.002883410499
24958	0.0003237028189
24959	0.0006069093633
24960	0.006626634368
24961	0.0007346823114
24962	0.001923545834
24963	0.002072401205
24964	0.004588030749
24965	0.007787229128
24966	8.154056107e-06
24967	0.0006951507878
24968	0.001569152731
24969	0.006663656168
24970	0.001538300484
24971	5.369221953e-05
24972	0.001476264598
24973	0.002171901765
24974	4.189596454e-05
24975	0.001272973885
24976	0.0006692931462
24977	0.000138887697
24978	0.005837273402
24979	0.00212910032
24980	0.002243062258
24981	0.0001262540837
24982	0.0005977661516
24983	0.001904717423
24984	0.002385123455
24985	0.003062885982
24986	0.001435031579
24987	0.001125121682
24988	0.0007324747357
24989	0.0004457039994
24990	0.001404942356
24991	0.001466571436
24992	0.001644228791
24993	0.0002812562906
24994	0.001185818102
24995	0.003413864149
24996	0.003289527986
24997	1.295585386e-05
24998	0.001989415306
24999	0.0001661192195
25000	0.002447564667
25001	0.0004315160548
25002	0.002452162371
25003	0.001301001706
25004	0.001268039476
25005	0.006954367035
25006	0.002361334895
25007	0.002487095807
25008	0.002338444376
25009	0.0001176305797
25010	0.0008273104299
25011	0.001025715953
25012	0.001754345175
25013	0.001478099235
25014	0.002268486023
25015	0.000435466914
25016	0.006056241292
25017	0.001464589104
25018	0.00131819445
25019	0.00244840191
25020	0.01269149223
25021	0.003354912008
25022	0.005290982639
25023	0.0009256355662
25024	0.01040552819
25025	0.0006926660829
25026	0.01006435759
25027	0.004861356687
25028	0.003534105201
25029	0.0006937682083
25030	0.004517721806
25031	0.002818709362
25032	0.0003964079435
25033	0.009885412372
25034	0.001080260929
25035	0.00692423911
25036	0.006089051041
25037	0.002255360219
25038	0.004619741979
25039	0.004951307258
25040	8.528472278e-05
25041	0.0007679867143
25042	0.00116181638
25043	0.002559387305
25044	0.000636807415
25045	0.0001317845089
25046	0.0007215621236
25047	0.0002174133017
25048	0.001040745689
25049	0.001008232121
25050	0.001506807066
25051	0.0004152007057
25052	0.0008718137463
25053	0.00133895983
25054	0.0007921489745
25055	0.0001165931055
25056	0.0001378724729
25057	0.002642766011
25058	0.000265979649
25059	0.001523512514
25060	0.001542697562
25061	0.0006190916392
25062	0.0006781040464
25063	0.004424066736
25064	0.001637327064
25065	0.00851122443
25066	0.0008141459601
25067	0.0008420585871
25068	0.001014237337
25069	0.001076859056
25070	0.0005702310414
25071	0.0003683383672
25072	0.001990606355
25073	0.01135258346
25074	0.001639619141
25075	0.00604510667
25076	0.001200155442
25077	0.001033797652
25078	0.002260924662
25079	0.002761620237
25080	0.003960285312
25081	0.001527017504
25082	0.001117247689
25083	0.001705326573
25084	0.001084072267
25085	0.003329364581
25086	0.001056040428
25087	0.0005895110253
25088	0.0005432073841
25089	0.001146283559
25090	0.002238338836
25091	0.002212631581
25092	0.0002868288623
25093	0.0004782073726
25094	0.0004109640731
25095	0.001617745477
25096	5.190227462e-05
25097	0.003317719228
25098	0.00028973631
25099	0.0002061968388
25100	0.0005799295124
25101	0.001196544803
25102	0.0054741389
25103	0.0007076176878
25104	0.00137260572
25105	0.01178482279
25106	0.004209817361
25107	0.0008203893306
25108	0.0006918087727
25109	0.003398695387
25110	0.0008036788229
25111	0.003347310713
25112	0.0008962871406
25113	0.001498437479
25114	0.008734770526
25115	0.0001104687086
25116	0.0009970244438
25117	0.002499978702
25118	0.0009772955685
25119	0.0001957848338
25120	0.000334855193
25121	0.0004956581155
25122	0.001169193772
25123	0.0003098053834
25124	0.005515556123
25125	0.0005527250951
25126	0.001108805431
25127	0.001165196842
25128	0.0004748316889
25129	0.001697620499
25130	0.005139125961
25131	0.003309679966
25132	0.00363192729
25133	0.0004061438737
25134	0.0004245553612
25135	0.0003720204119
25136	0.001638859539
25137	0.0007090125083
25138	0.001207696406
25139	0.00207117903
25140	0.002811180242
25141	0.0001253440968
25142	0.0009095944805
25143	0.001771665051
25144	0.00532797343
25145	0.003087366444
25146	0.0001598979782
25147	0.001348397187
25148	0.0001536577888
25149	0.0005760959071
25150	0.004287557896
25151	0.006416843201
25152	0.00026462512
25153	0.001456311849
25154	0.0003398127879
25155	0.0007501669905
25156	7.813957412e-05
25157	0.003598349756
25158	0.0009065595131
25159	9.032427609e-05
25160	0.001155169751
25161	0.01197380556
25162	0.005740120978
25163	0.006820395898
25164	0.008434832904
25165	0.004479075861
25166	0.001387818083
25167	0.005778017582
25168	0.00248253944
25169	0.003283404654
25170	0.0004604758642
25171	0.001086424822
25172	0.001808146028
25173	0.000862806028
25174	0.0005966884898
25175	0.0007725736749
25176	0.001361912734
25177	0.0004215382585
25178	0.004554198904
25179	0.004285392085
25180	0.001969445248
25181	0.001193387897
25182	0.001921580669
25183	0.001685447231
25184	0.0002856810969
25185	0.0009203896772
25186	0.002295239853
25187	0.003233414574
25188	0.0005971740421
25189	0.004259594039
25190	0.006453699838
25191	0.005326269216
25192	0.0003171969688
25193	0.000348038482
25194	0.0001307742817
25195	0.001092104405
25196	0.0002992390402
25197	0.000218867828
25198	0.002286723943
25199	6.281540955e-05
25200	0.0002047187135
25201	0.002150816141
25202	0.0008984102505
25203	0.002648284733
25204	0.003719759079
25205	0.0002534885579
25206	0.0007520417875
25207	0.001918318164
25208	0.001207091685
25209	0.001257476526
25210	0.002915453588
25211	0.0001159662374
25212	0.001660110766
25213	0.0009914921187
25214	0.006275672767
25215	1.686582498e-05
25216	0.0001110158353
25217	0.001520485812
25218	0.0004490065886
25219	0.002674961745
25220	0.004377175672
25221	0.002236991088
25222	0.00151782463
25223	0.0004540453554
25224	0.001064825647
25225	0.0001564324619
25226	0.0003197553697
25227	0.0004347806609
25228	0.001720792262
25229	0.001446052743
25230	0.00534800593
25231	0.003013107001
25232	0.001539227685
25233	0.006841126201
25234	0.001861992482
25235	0.001276997554
25236	0.0007461768163
25237	0.001346167088
25238	0.0003681920825
25239	0.001467606744
25240	0.0007101877608
25241	0.00628713894
25242	0.0003851379265
25243	2.229810239e-05
25244	0.001161540371
25245	0.001417181859
25246	0.001069942509
25247	0.0003298794819
25248	0.002232860122
25249	0.0006183066736
25250	0.0001558576323
25251	0.00997660911
25252	0.0005690065833
25253	0.0003266149806
25254	3.594806302e-05
25255	0.0005069020525
25256	0.001154663433
25257	0.0002427912951
25258	7.982116356e-05
25259	0.001137967077
25260	0.0001517247999
25261	0.007846870979
25262	8.922183277e-05
25263	0.0004947795209
25264	0.004167147038
25265	0.0007715729959
25266	0.002815457006
25267	0.0007737032936
25268	0.001307464069
25269	0.00420248904
25270	0.003252757152
25271	0.003217049989
25272	0.0001719568827
25273	4.730153675e-05
25274	0.0008046367175
25275	0.0005751475269
25276	4.640204679e-05
25277	0.001331722646
25278	0.0004164687279
25279	0.002263292317
25280	0.001545638271
25281	0.0001572316632
25282	0.0002897040879
25283	0.003228031866
25284	0.0007603160009
25285	0.001299814027
25286	0.0002929307216
25287	0.001221479948
25288	0.001575558271
25289	0.002996385788
25290	0.0005734784588
25291	0.002192440502
25292	0.003726602884
25293	0.006248456284
25294	0.003118697638
25295	0.002640164443
25296	0.004626147081
25297	0.002029520373
25298	0.005271748658
25299	0.00246577797
25300	0.005145037118
25301	0.0002170507759
25302	0.000221057635
25303	0.003483920104
25304	0.006418613165
25305	0.0004241834038
25306	0.0006023874079
25307	0.0002156027806
25308	0.0001388446251
25309	0.0004356232539
25310	0.002292727602
25311	0.007457685161
25312	0.0009036189896
25313	0.005543678877
25314	0.0005510250598
25315	0.002824500533
25316	0.001046205523
25317	0.001300199026
25318	0.002533990737
25319	0.0004843028633
25320	0.00474039359
25321	0.000113041278
25322	0.001002483055
25323	0.002004681638
25324	0.001502788017
25325	0.0008683524425
25326	0.0002915900644
25327	0.0003401129679
25328	0.0009736952632
25329	0.0002752407485
25330	0.001021155903
25331	0.0002249839264
25332	6.949005029e-05
25333	0.001280775343
25334	0.0007738382336
25335	0.0006154515496
25336	0.0008256926106
25337	0.000121135047
25338	0.0003144284877
25339	0.0005358669711
25340	0.0002771439793
25341	4.369308111e-05
25342	0.005347673252
25343	0.0002472313431
25344	0.000271696204
25345	0.000981189574
25346	0.0001130111502
25347	6.682403708e-05
25348	0.01165105489
25349	0.000285331048
25350	0.0006938278063
25351	0.001142955601
25352	0.001385096389
25353	0.001353504881
25354	0.000640619587
25355	0.003018953295
25356	0.0002997980583
25357	0.0004546346916
25358	0.004565051314
25359	0.0003096971698
25360	0.005790928351
25361	0.0006572080079
25362	0.0006018496284
25363	0.002388774976
25364	0.0003341017651
25365	0.0001206026196
25366	0.001852386081
25367	0.0004011815024
25368	0.0004447482563
25369	3.001216692e-06
25370	0.002049783051
25371	0.005514757531
25372	0.0006964866795
25373	0.001631156388
25374	0.0001705135754
25375	0.002075349544
25376	0.0004195916848
25377	0.004354769555
25378	0.0004215722919
25379	0.006330856298
25380	0.003611421241
25381	0.001702330762
25382	0.003441222047
25383	0.0003800471302
25384	0.003992198423
25385	0.0002398959759
25386	0.002557370677
25387	0.007059389426
25388	8.192148405e-05
25389	0.000248516899
25390	0.0008601437107
25391	0.0003840698384
25392	0.003766916719
25393	0.002692929003
25394	0.0005118688681
25395	0.0007938409939
25396	0.00250851628
25397	0.0002972565694
25398	0.001510176654
25399	0.003980146
25400	0.0004010423278
25401	0.00169833734
25402	0.0003693771177
25403	9.309964787e-05
25404	0.0008458010601
25405	0.00208866116
25406	0.00144572413
25407	0.001071430589
25408	0.001093283189
25409	0.002323499698
25410	0.002159487574
25411	0.0009671411644
25412	0.002512901649
25413	0.0008442661205
25414	0.001646815608
25415	0.00131071653
25416	0.0007202034517
25417	0.0004211161633
25418	0.00154238501
25419	0.002915217552
25420	0.00134138796
25421	0.002568651463
25422	0.001799264962
25423	0.001203839561
25424	0.001028666841
25425	0.0005647129632
25426	0.003130544817
25427	0.002554174231
25428	0.003944810484
25429	0.000223877144
25430	0.0002507843667
25431	0.0004049408443
25432	0.0007989178676
25433	3.943118699e-05
25434	0.0004391932085
25435	0.003120978685
25436	0.002658406375
25437	0.0008421227348
25438	0.002451753195
25439	0.0002328146846
25440	0.0006065470896
25441	0.0003044442168
25442	0.004949167127
25443	0.000188993348
25444	0.0001720082279
25445	0.006350911937
25446	0.0008823959699
25447	0.008239274824
25448	0.002311807299
25449	0.002300154212
25450	0.004827614301
25451	0.006975573185
25452	0.006443699415
25453	0.007591646008
25454	0.0005739225538
25455	0.003397840562
25456	7.673237542e-05
25457	0.006684396627
25458	0.002176286605
25459	0.003995114747
25460	0.002786282738
25461	0.00290786512
25462	0.001416838593
25463	0.0001828893573
25464	0.001253284213
25465	0.000877476103
25466	0.002548201114
25467	0.003479739442
25468	0.007513256265
25469	0.0004850512157
25470	0.00217089415
25471	1.903507188e-05
25472	0.001031360923
25473	0.004507614809
25474	0.001636905747
25475	0.0005015398259
25476	0.0007569064502
25477	0.0006221218176
25478	0.0005727457409
25479	0.004609754717
25480	0.005501022188
25481	0.0008471698271
25482	0.00122439285
25483	0.000902469222
25484	0.00163820341
25485	0.007890705781
25486	0.004743989497
25487	0.0002380095475
25488	0.00417072564
25489	0.00157316817
25490	0.001159057
25491	0.008078847633
25492	0.0003703983545
25493	0.004407727387
25494	0.0005796383729
25495	0.000228795556
25496	0.002531103956
25497	0.0004444785732
25498	2.706115378e-05
25499	0.001430159212
25500	0.0002002105153
25501	0.006253740971
25502	0.0003042863479
25503	0.0004004210093
25504	0.003260969367
25505	0.0008531492005
25506	3.74309944e-05
25507	0.007297054011
25508	0.002198222689
25509	0.00652115018
25510	6.384568538e-05
25511	0.0025118099
25512	0.002759390883
25513	0.003466108918
25514	0.001083983976
25515	0.005160081316
25516	0.0003884669057
25517	0.005203165156
25518	0.006734764918
25519	0.0005080388599
25520	0.001288406202
25521	0.0002834594916
25522	0.0003514474953
25523	0.005285219734
25524	4.150355738e-05
25525	9.911776479e-05
25526	0.0008399044979
25527	0.00526215955
25528	0.004286758581
25529	0.002975652244
25530	0.0001858039605
25531	0.008142657937
25532	0.001254275504
25533	0.0003809649749
25534	0.0001010804206
25535	0.001017323793
25536	0.0005714071092
25537	0.005693331995
25538	0.001445215599
25539	0.0007212193158
25540	0.0008858142022
25541	1.161290602e-05
25542	0.003016782964
25543	0.002377264454
25544	0.001397189435
25545	0.0006475992943
25546	0.001859495067
25547	0.00133341432
25548	0.001849347086
25549	0.001278381033
25550	0.001609733949
25551	0.00555314408
25552	0.002499199965
25553	0.0005229479011
25554	0.0003671115251
25555	0.00120919977
25556	0.002827537236
25557	0.001033997759
25558	0.0002457493194
25559	0.000166532476
25560	0.01136642707
25561	0.0003505457092
25562	0.00189961897
25563	0.0009818676821
25564	0.0005692920937
25565	0.0006104576871
25566	0.0007037975652
25567	0.0007014100806
25568	0.0008003614622
25569	9.977542947e-05
25570	0.0004962027462
25571	0.0001822786388
25572	0.0002761664117
25573	0.001310983447
25574	0.0008175710962
25575	0.0003162551106
25576	0.001039411822
25577	0.0003333341731
25578	0.0003975446218
25579	0.0006056338079
25580	0.0003063400223
25581	0.000266854541
25582	0.003658408363
25583	0.0008976127159
25584	0.0009746473071
25585	0.0001874908521
25586	0.001505112246
25587	7.997040971e-05
25588	6.469869682e-05
25589	0.001183393555
25590	0.001698507965
25591	0.0008004789272
25592	0.0004649605552
25593	0.01002001105
25594	0.001344078019
25595	0.0006640484549
25596	0.001524548706
25597	0.0009622086877
25598	0.003957346028
25599	0.001481014194
25600	0.001161698987
25601	0.001068471393
25602	0.001076615176
25603	0.001782881918
25604	0.002811467267
25605	0.0002571210346
25606	0.001070726735
25607	0.001433369509
25608	0.0003168287549
25609	0.0003634800923
25610	0.001235047601
25611	0.0005990136382
25612	0.001092113484
25613	0.000834898173
25614	0.0002644837522
25615	0.0002283045021
25616	0.001241569791
25617	0.000217293411
25618	0.0007540447857
25619	0.002994115176
25620	0.002577535579
25621	0.001418385036
25622	0.001637416169
25623	0.001557305832
25624	0.00647672515
25625	0.001227367817
25626	0.001936133517
25627	0.004467860926
25628	0.0004819936613
25629	0.001982500022
25630	0.008910246305
25631	0.0003730431686
25632	0.00169212889
25633	0.007087478756
25634	0.002831741398
25635	2.123048934e-05
25636	0.00764841011
25637	0.003186714237
25638	0.0009715955975
25639	0.003420623012
25640	0.0003304665689
25641	0.0009782708376
25642	0.001357791817
25643	0.0002890810843
25644	0.0007362583468
25645	0.0003136797124
25646	0.001017692389
25647	0.0005442996851
25648	0.00635801942
25649	0.0001418399306
25650	0.002653880017
25651	0.001934308188
25652	0.0004141854985
25653	0.00115330422
25654	0.0004752620388
25655	0.003163915229
25656	0.006700333676
25657	0.0118572346
25658	0.002295419814
25659	0.001936658491
25660	0.001956052988
25661	0.008175632419
25662	0.0007625530775
25663	4.860844494e-05
25664	0.002138916847
25665	0.006244673155
25666	0.004077808299
25667	0.00161242615
25668	0.00570929897
25669	0.007065384098
25670	0.001904921337
25671	0.002924357694
25672	0.0009558520975
25673	0.0008513884502
25674	0.003347159225
25675	0.002030764721
25676	0.004112261034
25677	0.003190758013
25678	0.001543318847
25679	0.004413934689
25680	0.003163513073
25681	0.001197597709
25682	0.001534878741
25683	0.0001376329697
25684	0.001011006984
25685	0.002309966317
25686	0.002110185026
25687	0.00130754326
25688	0.00106781327
25689	0.001935147011
25690	2.296856586e-06
25691	0.002454359513
25692	0.0007309490103
25693	0.0001495690657
25694	0.001408678437
25695	0.0004695351862
25696	0.0004679692703
25697	0.001754410575
25698	0.0001778990451
25699	0.0007330600337
25700	0.002047632114
25701	0.0006973020891
25702	0.001016032974
25703	0.002027206129
25704	0.002668865998
25705	0.0002453044581
25706	2.010615835e-05
25707	0.002018360533
25708	0.002254346772
25709	0.001309029097
25710	0.0006601636742
25711	0.0001481342611
25712	0.0004666453174
25713	0.00198026251
25714	0.003650144619
25715	0.0007206711779
25716	0.0002912068978
25717	0.0006365418828
25718	0.004366611234
25719	0.004536731057
25720	0.007661527456
25721	0.001554994436
25722	0.001485822617
25723	0.001394859266
25724	0.001857088762
25725	0.0005857575025
25726	0.001436571092
25727	0.0006945221224
25728	0.0001872917455
25729	0.0008007332678
25730	0.00152207909
25731	0.0001787229079
25732	0.0003546852186
25733	0.0005181220639
25734	0.001855042307
25735	0.00048607537
25736	0.001204521698
25737	0.001586390916
25738	0.0001995002663
25739	0.0009197442394
25740	0.0001809232052
25741	0.0009084475868
25742	7.031018655e-06
25743	0.0008465565655
25744	0.0002757393862
25745	0.0001102024203
25746	0.0001048100864
25747	9.75952718e-05
25748	0.002029126992
25749	5.933455126e-05
25750	0.000448049976
25751	0.001098965735
25752	0.0002151920652
25753	0.0001143000289
25754	0.0006198538575
25755	0.0003356459862
25756	0.0008481883999
25757	4.613501833e-05
25758	0.0003928946739
25759	0.0004145605055
25760	0.001252426094
25761	0.0007480024351
25762	0.002100122676
25763	0.001476882179
25764	0.0008846635134
25765	0.0009232125625
25766	0.0005427836969
25767	0.001031880511
25768	5.40973486e-05
25769	0.0004964402798
25770	0.0007337871279
25771	0.0005778064212
25772	0.0002940308731
25773	0.0001302683549
25774	7.901872387e-05
25775	0.0008991219508
25776	0.0008602082658
25777	0.0001833301434
25778	0.0007201668974
25779	0.0004232147325
25780	0.001028713445
25781	0.002683740481
25782	0.000378946745
25783	0.0009022998812
25784	0.0001518249214
25785	0.0006533316448
25786	0.0006513600502
25787	0.000840516338
25788	0.0003499154032
25789	7.705021889e-06
25790	0.0005599861904
25791	0.0004880252258
25792	0.0007552200411
25793	0.0008747379675
25794	0.0003125625911
25795	0.0003740015906
25796	0.0001922854392
25797	0.000409029981
25798	0.0004154216172
25799	0.0003305816154
25800	0.0008392393729
25801	0.0006297627735
25802	5.257773489e-05
25803	0.0007681426457
25804	0.00023677765
25805	0.0001057767548
25806	0.0008899135969
25807	0.0007870008582
25808	7.818953893e-05
25809	0.005200050965
25810	0.0007546479659
25811	0.001775578865
25812	0.005363061081
25813	0.0004846582047
25814	0.007275633977
25815	5.976163825e-05
25816	0.0005501759329
25817	0.001080295626
25818	0.0003865622425
25819	0.0003051307858
25820	0.0008411882775
25821	0.002401079857
25822	0.002125739771
25823	0.0004484602832
25824	0.0004006416424
25825	0.0005373737271
25826	0.000388898012
25827	0.0001487167472
25828	0.003836044027
25829	0.0001339729515
25830	0.001725759714
25831	1.630618811e-05
25832	0.001888608135
25833	0.005696223688
25834	0.002591494736
25835	0.001756084252
25836	0.001624014648
25837	0.003155555447
25838	0.00034613255
25839	0.005834650175
25840	0.002966107218
25841	0.0001307441856
25842	0.0001959202381
25843	0.0018132634
25844	0.0008339276716
25845	0.00242652818
25846	0.002328631114
25847	0.00374045009
25848	0.0002352856774
25849	0.003368349066
25850	0.0003843393224
25851	0.0001506363261
25852	0.001942182317
25853	0.0007449160891
25854	0.0007738190019
25855	9.659643635e-05
25856	0.003190847403
25857	0.001958399519
25858	0.004739702185
25859	0.0008868295315
25860	0.0003681285914
25861	0.000811832154
25862	0.0002492074363
25863	0.0011166566
25864	0.0004412042915
25865	0.0008719603554
25866	0.0004024314221
25867	0.001160844375
25868	0.004428539737
25869	0.0002353843846
25870	0.0007374631253
25871	0.003592852217
25872	0.001843640031
25873	0.000536002931
25874	0.0003767184837
25875	0.001182543218
25876	0.0009000447187
25877	0.001149464005
25878	0.006782205486
25879	0.001123392797
25880	0.0004021380282
25881	0.003795334691
25882	0.0002451394933
25883	0.004145534676
25884	0.0003059869424
25885	0.003295621415
25886	0.0004559684152
25887	0.0003009209633
25888	0.0002099260468
25889	0.002030333395
25890	0.0008348608623
25891	0.00445405609
25892	0.0006154386192
25893	0.001775744948
25894	0.006612968079
25895	0.003247357214
25896	0.002486666444
25897	0.0005451551976
25898	0.0001903401019
25899	0.00164044286
25900	0.0004045798255
25901	0.0005934783109
25902	0.0008023377315
25903	0.0003112241308
25904	0.007867662583
25905	0.003242571868
25906	0.008429656644
25907	0.001068621587
25908	0.000651859859
25909	0.0005746934762
25910	0.0009173402005
25911	0.0001678033954
25912	0.000671287021
25913	0.0007751751164
25914	0.001201412129
25915	0.005023951432
25916	0.00163318929
25917	3.644631766e-05
25918	0.0025466467
25919	0.001628784228
25920	0.001960530982
25921	0.009323806646
25922	0.001662674971
25923	0.001890994955
25924	0.00071813965
25925	0.0001942498776
25926	0.000645064899
25927	0.006486655269
25928	0.000972957737
25929	0.001443512361
25930	0.00121349011
25931	0.0008060125431
25932	0.005634876757
25933	0.0004219737533
25934	0.001640702775
25935	0.00137150432
25936	0.001183443183
25937	0.003892992145
25938	0.003588489613
25939	8.941908143e-05
25940	0.0003203144736
25941	0.001525886651
25942	0.002160086592
25943	0.009577205727
25944	0.003991896786
25945	1.230363735e-05
25946	0.0009563837675
25947	2.690806235e-05
25948	0.0004646201784
25949	0.002176706136
25950	0.001935078037
25951	0.003678262418
25952	0.004755059821
25953	0.008274189983
25954	0.004285473579
25955	0.0005606369548
25956	0.001913557126
25957	0.001036781536
25958	0.0002771247421
25959	0.0006562103504
25960	0.002459490032
25961	0.001256809651
25962	0.0005190550119
25963	0.0004629758546
25964	6.817455924e-05
25965	0.002546531508
25966	0.000352970014
25967	0.0007132462813
25968	0.0002311421407
25969	0.0008671448824
25970	0.00040699951
25971	0.0002485422776
25972	0.0006514991666
25973	0.0003634721858
25974	9.527686849e-05
25975	0.00031953351
25976	0.0004306777732
25977	0.0001773647022
25978	0.0003121500817
25979	0.0002947821489
25980	0.0002486156804
25981	0.001139711325
25982	9.646449839e-05
25983	0.0004543813653
25984	0.0009567947265
25985	0.001311150172
25986	0.0005743949664
25987	0.007170272502
25988	0.00515703998
25989	0.0002248286014
25990	0.0004312339103
25991	0.0008334333629
25992	7.222603807e-05
25993	7.978101375e-05
25994	0.001041030658
25995	0.001762606951
25996	0.001241872683
25997	0.001062290092
25998	0.0008644457533
25999	0.001786659884
26000	0.006522320393
26001	0.003369381584
26002	0.004066238594
26003	0.002089817642
26004	0.005343030602
26005	0.004552474276
26006	0.006108667213
26007	0.001355484121
26008	0.001353689225
26009	0.00505998167
26010	0.0005394386481
26011	0.002163685097
26012	0.002757608341
26013	0.001295650878
26014	0.002059776661
26015	0.002057581494
26016	0.0005542210939
26017	0.0004203148362
26018	0.00115705256
26019	0.006269370942
26020	0.00202809987
26021	0.004387781876
26022	0.007761255968
26023	0.005425531061
26024	0.001460139494
26025	0.001183959537
26026	0.001085230359
26027	0.0001685221728
26028	0.0005498080316
26029	0.002211158266
26030	7.568827067e-05
26031	0.0006467119069
26032	0.001986990085
26033	0.003275021404
26034	0.0006143283921
26035	0.0008161798184
26036	0.002829345028
26037	0.0002348206429
26038	0.000276356383
26039	0.002524464811
26040	0.0006384175208
26041	0.004991642758
26042	0.002195255835
26043	0.002275028349
26044	0.002289048889
26045	0.002336227467
26046	0.002251767594
26047	0.0006296533182
26048	0.007275811583
26049	0.0030780903
26050	0.00266835092
26051	0.00158971909
26052	0.001456284993
26053	0.003633989371
26054	0.005436692121
26055	0.0008978074505
26056	0.0003520079218
26057	0.003416036175
26058	0.00491291159
26059	0.006667745404
26060	0.003198698873
26061	0.002181122819
26062	0.002099361244
26063	0.001378783904
26064	0.0009973239046
26065	0.002376320227
26066	0.0001324050365
26067	2.281934363e-06
26068	0.002834614206
26069	0.003488936993
26070	0.0017933853
26071	0.0002519221487
26072	2.843818078e-05
26073	0.001128159918
26074	3.208279537e-05
26075	0.003682672667
26076	0.0007506000903
26077	0.001180839822
26078	6.4537285e-05
26079	0.001357774728
26080	0.001895933833
26081	0.0007573864037
26082	0.007272942325
26083	9.473255743e-05
26084	0.001057974856
26085	0.001171511456
26086	1.501663593e-05
26087	0.0006742601875
26088	0.0005940960503
26089	0.0007625988888
26090	0.001035375067
26091	0.0007335737939
26092	1.871962494e-05
26093	0.0008707130364
26094	0.0002024347044
26095	0.001833497512
26096	0.0002370175885
26097	0.001686535008
26098	0.0009571669307
26099	0.0001610091523
26100	0.002781067942
26101	0.0003968308999
26102	0.0007976067831
26103	0.001949400451
26104	0.003669836568
26105	0.002525795702
26106	0.001048241399
26107	0.002371449155
26108	0.0008785431144
26109	0.001097186643
26110	0.001525542043
26111	0.0004249409618
26112	0.0004734194731
26113	0.001466173572
26114	0.0001924219481
26115	0.00310814725
26116	0.001917083725
26117	0.001350561492
26118	0.002419168001
26119	0.001195506313
26120	0.001114033342
26121	0.001159031807
26122	0.003210458921
26123	0.003746906629
26124	0.0002690421026
26125	2.932347943e-05
26126	0.004058080374
26127	0.00518230048
26128	0.0003988890179
26129	0.01009446365
26130	0.0006680529436
26131	0.001185931826
26132	0.001463567644
26133	9.166626619e-05
26134	0.000364473225
26135	0.002006433011
26136	0.001411731214
26137	0.004816068242
26138	0.0008961600046
26139	0.003995065704
26140	0.0002350153965
26141	0.004206088967
26142	0.0002430497258
26143	0.001250875029
26144	0.001019467067
26145	0.001212153929
26146	0.00383476266
26147	0.001916160087
26148	0.0008209675806
26149	0.002119677456
26150	0.002563492245
26151	0.001022363549
26152	0.002024939812
26153	0.006673417791
26154	0.004174257943
26155	0.005117769459
26156	0.004412131892
26157	0.004333765302
26158	0.001724895873
26159	0.0006458336388
26160	0.0005425705034
26161	0.00132555689
26162	0.001171857025
26163	0.0004021175371
26164	0.001787240119
26165	5.773476649e-05
26166	0.002237660227
26167	0.000680447536
26168	0.0007901561852
26169	0.000321250005
26170	0.006324223899
26171	0.0008508160206
26172	0.0004731761354
26173	0.000222350727
26174	0.002326631269
26175	0.000801459518
26176	0.00110567607
26177	0.0011533453
26178	0.0005222207896
26179	0.0003824347775
26180	0.002015723278
26181	0.001644999626
26182	0.000246502475
26183	0.01276057024
26184	0.0006893525451
26185	0.005433953948
26186	0.0004372564327
26187	0.0006553747234
26188	0.001139396101
26189	0.001041886351
26190	8.515959331e-05
26191	0.004936869839
26192	0.0002005377074
26193	0.001094769554
26194	4.958722802e-05
26195	0.0004690176483
26196	0.0008509122797
26197	0.0001791701402
26198	0.000466609203
26199	0.001176856192
26200	0.000257042745
26201	4.494988363e-06
26202	4.377894191e-06
26203	0.001842925111
26204	0.001223168742
26205	0.0007911211406
26206	0.0008406567467
26207	0.0004000127012
26208	6.149076368e-05
26209	0.0008000336974
26210	0.0004998948501
26211	7.859621562e-05
26212	0.0003425806245
26213	0.0005429190873
26214	0.0004662932253
26215	0.000833850537
26216	0.0004621493261
26217	0.0006407211529
26218	0.0007823320501
26219	0.001462304525
26220	0.0001826372575
26221	0.0013403242
26222	0.004582255789
26223	0.0006796654466
26224	0.0004756316656
26225	0.00318486554
26226	0.001838788595
26227	0.0001670345609
26228	0.002261968404
26229	0.001904062713
26230	0.001997985432
26231	0.001540072287
26232	2.88231239e-05
26233	0.007002292825
26234	0.0002696354863
26235	0.0004048564968
26236	0.0008146736147
26237	0.0004572866264
26238	0.0002155446386
26239	0.0005379517061
26240	2.770051745e-06
26241	0.000910152403
26242	0.0002863753086
26243	0.0003067241962
26244	0.0008957554547
26245	0.00199935221
26246	0.001616113687
26247	0.002360213442
26248	0.001338517702
26249	2.645254444e-05
26250	0.0005256125337
26251	0.0004621553868
26252	0.0006326634535
26253	0.004795723003
26254	0.001233383639
26255	0.0004879179599
26256	0.002667355741
26257	0.0003753230965
26258	0.00184110924
26259	0.005666084551
26260	0.001869228865
26261	0.0001476226442
26262	0.002419696137
26263	0.00127066872
26264	0.004249397313
26265	0.0001186291727
26266	0.003011671374
26267	0.002318334993
26268	0.005886479369
26269	0.00142744537
26270	0.002147020903
26271	0.003225699087
26272	0.00312850081
26273	0.001525876688
26274	0.001285409332
26275	0.002399778937
26276	0.0007747909407
26277	0.000592252425
26278	0.002836035522
26279	0.0006247782043
26280	0.0004534328727
26281	0.002389001987
26282	0.0002222638085
26283	0.003820390163
26284	0.003230644745
26285	0.0005055580146
26286	0.0003623454282
26287	0.0001168876407
26288	0.0001479049563
26289	0.002069629035
26290	0.003356728917
26291	0.0007381273656
26292	0.002037563263
26293	0.002120760448
26294	0.004967576209
26295	0.001062551208
26296	0.001705395555
26297	0.002990543305
26298	0.002131899389
26299	0.0001853286446
26300	0.000182510797
26301	0.003588688774
26302	0.0001311912907
26303	0.001047473463
26304	0.005104077056
26305	0.0004010380025
26306	0.000877102233
26307	0.001253122696
26308	0.000315831137
26309	0.0003261275595
26310	0.0006752840139
26311	9.887903797e-05
26312	0.001218719447
26313	0.002453860104
26314	0.0002419885599
26315	0.001571866137
26316	0.00163433963
26317	0.002243029643
26318	0.001482931154
26319	0.001259270244
26320	0.002251892629
26321	0.001117180864
26322	0.003553567085
26323	0.001156814367
26324	0.0008760949602
26325	0.008902123236
26326	0.00015914044
26327	0.001137407601
26328	0.0004984554711
26329	0.002187484342
26330	0.003015888004
26331	0.000259345648
26332	0.001127185405
26333	0.00314685906
26334	0.0024497826
26335	0.0008864643082
26336	0.002440776947
26337	0.003150671147
26338	0.0003083752614
26339	0.002106491838
26340	0.002132875586
26341	0.002190172241
26342	0.0009487435774
26343	0.0007309990864
26344	0.002392081008
26345	7.64339437e-06
26346	0.0002225925362
26347	0.00144397814
26348	0.0002263126144
26349	0.007414863787
26350	0.006977620754
26351	0.001590606496
26352	0.003070880772
26353	0.001334573548
26354	0.001252070901
26355	0.005609631576
26356	0.006336118396
26357	0.01095996932
26358	0.004689455592
26359	0.001864818412
26360	0.001103730416
26361	0.0004266762354
26362	0.002246400301
26363	0.0003591765408
26364	0.0007011469998
26365	0.005075712997
26366	0.00609946596
26367	0.002167354771
26368	0.01015670218
26369	0.0006376586855
26370	0.003090033186
26371	0.002476653651
26372	0.005910570999
26373	0.0004856660916
26374	0.003150632117
26375	0.00225402885
26376	0.003940267303
26377	0.000933247671
26378	0.0003644802129
26379	0.002162791651
26380	0.0005202023554
26381	0.006756074287
26382	0.005747092789
26383	0.001449357194
26384	0.0008668236254
26385	0.002058595435
26386	0.0004370901017
26387	0.0002748665206
26388	0.0003924925934
26389	0.001706635967
26390	0.000415385641
26391	2.589306631e-05
26392	9.120848388e-06
26393	0.0007863954927
26394	8.55843978e-05
26395	5.805144765e-05
26396	0.0003321171476
26397	0.001008801079
26398	0.0002943179424
26399	0.0002093962301
26400	0.006566954359
26401	0.0003731213498
26402	0.001139731605
26403	1.072138639e-05
26404	5.07125618e-05
26405	0.01069564085
26406	0.001351692943
26407	6.42931264e-06
26408	0.0001177892465
26409	0.00353959637
26410	0.0002206831331
26411	0.0003613386544
26412	0.002502496249
26413	0.01025206487
26414	0.0002699123229
26415	0.002545229184
26416	0.00265065161
26417	0.00056191012
26418	0.0008891098271
26419	0.002195682517
26420	0.0001768477201
26421	0.003388618854
26422	0.0008390859618
26423	9.814621954e-05
26424	0.001478653281
26425	0.001426321434
26426	6.008993948e-05
26427	0.001042502152
26428	0.0003421011426
26429	1.359709244e-05
26430	0.0001607646297
26431	0.005048955185
26432	0.004083850413
26433	0.004905985549
26434	1.985146689e-05
26435	0.0004705233031
26436	0.002870632505
26437	0.003020228387
26438	0.001089902911
26439	0.002202790961
26440	0.002403317455
26441	0.00163546487
26442	0.0007101243661
26443	0.001049198761
26444	0.003817726312
26445	0.001867975914
26446	0.001217431276
26447	0.00209412375
26448	0.001838377772
26449	0.000392787934
26450	0.0009290707437
26451	0.0002878237768
26452	0.002107329768
26453	0.003045851846
26454	0.0001209406461
26455	0.0001394766819
26456	0.007822605643
26457	0.00529142428
26458	0.00419996158
26459	0.003050166432
26460	0.008240434478
26461	0.0001147241064
26462	0.000549456263
26463	0.001138735412
26464	0.0004166466393
26465	0.001134200377
26466	0.0001365984244
26467	0.0006168519662
26468	0.00558037985
26469	0.0003689743523
26470	0.00495528719
26471	0.00173874666
26472	0.007776500424
26473	0.004881871819
26474	0.004702318446
26475	0.005059772902
26476	0.002763118018
26477	0.0006887858386
26478	0.000600842736
26479	0.007846607277
26480	0.003952609744
26481	0.002872176373
26482	9.370944862e-05
26483	7.583266606e-05
26484	6.185015506e-05
26485	0.002891095682
26486	0.007207717437
26487	0.0001393513732
26488	0.002780593741
26489	0.001719308376
26490	0.001477619123
26491	0.0003095351648
26492	0.0003664571829
26493	0.001953453341
26494	0.0002192178566
26495	0.0003530696998
26496	0.0004167185167
26497	0.001391588101
26498	0.001100867767
26499	0.0002312677701
26500	9.732164026e-05
26501	0.0003277984501
26502	0.0005981049061
26503	0.0005123244682
26504	0.001352408152
26505	0.0005138911996
26506	0.0007231157981
26507	0.0002070372147
26508	0.0008762070189
26509	0.001034090741
26510	0.001816840019
26511	0.003876853267
26512	0.001366891812
26513	0.001104572147
26514	1.150570702e-05
26515	0.001262119156
26516	0.0003016824839
26517	0.001004133093
26518	0.0003141887251
26519	0.0001412680906
26520	0.0002625379584
26521	0.001697148642
26522	0.0006585382929
26523	0.0005267951368
26524	0.0001597341952
26525	0.00216152817
26526	0.000234096086
26527	0.0001806297011
26528	0.0007641728884
26529	0.0001890613353
26530	8.332074633e-05
26531	0.001117024479
26532	0.0003094298975
26533	0.0008774686302
26534	0.001183055078
26535	0.001687250161
26536	0.0006216419059
26537	0.0002093066652
26538	0.0006971744899
26539	0.000204114889
26540	0.0008853606255
26541	0.001490306482
26542	0.0005056406244
26543	0.0001862038621
26544	0.0002951322965
26545	0.001700540624
26546	0.0009907034311
26547	0.001872668385
26548	0.001181875567
26549	0.0005555546158
26550	0.002845832202
26551	0.001051589301
26552	0.0002100649304
26553	0.004811653412
26554	0.001367636272
26555	0.001208552043
26556	0.00178552552
26557	0.001627272905
26558	0.0003165685904
26559	9.909675856e-05
26560	0.00145060953
26561	0.004745236798
26562	0.0005631316407
26563	0.0006409422604
26564	0.0006814028949
26565	0.0008782407856
26566	0.002444991951
26567	0.002251074216
26568	0.003068160518
26569	0.0005716499201
26570	0.0003364237579
26571	0.001953817598
26572	0.00246509535
26573	0.002351259253
26574	0.001960100075
26575	0.001003097447
26576	0.0005495437038
26577	0.001087846935
26578	0.001099346064
26579	0.0002260397903
26580	0.0008667120136
26581	0.0009045848855
26582	2.046337018e-05
26583	0.0005540166614
26584	0.002663755296
26585	0.002188699471
26586	0.0002033696669
26587	0.0006199863432
26588	0.004350630879
26589	0.0009462289735
26590	3.43508207e-05
26591	0.0002611996553
26592	0.0007108274773
26593	0.001565583201
26594	0.001522796908
26595	0.001106928031
26596	0.0005528111109
26597	0.003109188797
26598	0.000358849861
26599	0.001146387134
26600	0.0008140742241
26601	0.004902113944
26602	0.0002264168855
26603	0.001031512256
26604	0.003504323065
26605	0.001256752323
26606	0.0002321392221
26607	0.004033318133
26608	0.002966519457
26609	0.001543866361
26610	0.004300551894
26611	0.001656333589
26612	0.001143864691
26613	0.0002775076993
26614	0.001582535673
26615	0.0001890753202
26616	6.778850181e-05
26617	0.001291595362
26618	0.000388030854
26619	0.001220888962
26620	0.0001119752686
26621	5.961181554e-05
26622	0.0002214296981
26623	0.00025326519
26624	0.003456296661
26625	0.001050277701
26626	0.003351604561
26627	0.001302535541
26628	0.00278947857
26629	8.501165537e-06
26630	0.0003849851705
26631	0.0009163792237
26632	0.00223718407
26633	0.0003598286057
26634	0.0002573467424
26635	0.0001177056823
26636	0.000175995383
26637	0.0005339176765
26638	0.0003965988265
26639	0.002166942089
26640	0.002930102835
26641	0.0004605331443
26642	0.0004260490356
26643	0.0008880474951
26644	0.0006574153281
26645	9.256157731e-05
26646	0.0004716950738
26647	0.001119453608
26648	0.0002671186235
26649	0.0002893407314
26650	3.478143193e-05
26651	0.0003434260405
26652	0.0003518957457
26653	0.0001352688685
26654	0.007160959229
26655	0.0008172166325
26656	0.004741159351
26657	0.001061116718
26658	0.002443965357
26659	0.0003931406026
26660	0.0006300355983
26661	0.0002798071501
26662	0.0009107681732
26663	0.00172892608
26664	0.001469263889
26665	0.001681089295
26666	0.0006955689503
26667	0.0002619006582
26668	0.0001552459593
26669	0.0001159465124
26670	0.0007524432254
26671	0.0009595891032
26672	0.004185244899
26673	0.0007741802279
26674	0.0001597835722
26675	0.0006233150435
26676	0.0008626204005
26677	0.001383955365
26678	8.4007246e-05
26679	0.0006106698491
26680	0.000605469211
26681	0.003394437967
26682	0.0004823777227
26683	0.005366290638
26684	0.0002146885364
26685	0.0005573976444
26686	0.001348634424
26687	0.001240181988
26688	0.001811743809
26689	0.001521147856
26690	0.0006819054544
26691	0.0006258834784
26692	0.0005883854466
26693	5.519241211e-05
26694	6.969175709e-05
26695	1.374157159e-05
26696	0.0004223556099
26697	0.001272245836
26698	0.001843445183
26699	0.0009268205794
26700	0.0008654627217
26701	0.002835342138
26702	0.001437203836
26703	0.0008940147887
26704	0.0005615468928
26705	0.001164261309
26706	0.002034143417
26707	1.130958461e-05
26708	0.001348969106
26709	0.005132879478
26710	2.19169869e-05
26711	0.0009126546425
26712	0.0004981000491
26713	0.00369331835
26714	0.005671655062
26715	0.000125024497
26716	7.002859948e-05
26717	0.0001820852387
26718	0.0009428230655
26719	0.001605475879
26720	0.005102748519
26721	0.002289830364
26722	0.002844199295
26723	0.002356179208
26724	3.965145202e-05
26725	0.0001042724065
26726	0.002540586616
26727	0.0008196227189
26728	0.0006227906989
26729	7.364663581e-05
26730	0.0001587664272
26731	0.001331934534
26732	0.001096421027
26733	0.001471246191
26734	0.001926017984
26735	0.0001673134043
26736	0.001620882664
26737	0.0006712808967
26738	0.005161924214
26739	0.0006886978154
26740	0.001015104795
26741	0.004551963802
26742	0.001599059265
26743	0.002829182783
26744	0.0009232223793
26745	0.0005844181211
26746	0.001078677745
26747	0.0009845473013
26748	0.001552201076
26749	0.001953920465
26750	0.0002384369678
26751	0.0007244209953
26752	0.006438047374
26753	0.0006479092137
26754	0.0006547825035
26755	0.001209334525
26756	0.004086314232
26757	0.0006629720882
26758	0.001697501956
26759	0.002914814317
26760	0.0009121081132
26761	0.001113040249
26762	0.006344648857
26763	0.0009119563858
26764	0.0006204295392
26765	0.0006325260424
26766	0.002364855386
26767	0.002687609327
26768	0.0003085126305
26769	0.0008731773595
26770	0.001826068026
26771	0.003269889906
26772	0.005965617261
26773	0.00170627156
26774	0.001343377297
26775	0.0001002382841
26776	0.0004352174047
26777	0.004051761302
26778	0.0003893852333
26779	9.67750898e-05
26780	0.00354603932
26781	0.002154157837
26782	0.00612628421
26783	0.0009003388842
26784	0.000687468756
26785	0.002474484264
26786	0.001904408895
26787	0.0004589873172
26788	0.0007418274922
26789	0.001673005026
26790	0.0003358566878
26791	0.001698484854
26792	0.003134314338
26793	0.002561633936
26794	0.005416880743
26795	9.743786022e-05
26796	0.001557623528
26797	0.0006909382072
26798	0.00289518259
26799	0.005418853943
26800	0.002703931755
26801	0.001649857008
26802	0.002040715783
26803	0.001834193106
26804	0.0003964554675
26805	0.003322176639
26806	0.001523325793
26807	0.0002810930566
26808	0.001134569022
26809	0.0001161228001
26810	0.0008633067535
26811	0.00289004755
26812	0.00314520186
26813	0.00131504806
26814	0.00189557946
26815	8.550202282e-05
26816	0.001479234374
26817	0.004150276707
26818	0.001704573954
26819	0.0003160257644
26820	0.002648735925
26821	0.002080849381
26822	0.001570703412
26823	0.001333415363
26824	0.001440351045
26825	0.00457713548
26826	0.0002230733739
26827	0.00240566234
26828	0.002964813737
26829	0.002770202435
26830	0.0009468979711
26831	0.0003188327116
26832	0.002738772146
26833	0.005736846189
26834	0.0005560923408
26835	0.001569739444
26836	0.001093796866
26837	0.001028356225
26838	0.00202103238
26839	0.0004949512092
26840	0.001328059526
26841	0.0001437045232
26842	0.001285057735
26843	0.003043996515
26844	0.00128585762
26845	0.001227396762
26846	0.004661049447
26847	0.001163241804
26848	0.001069402493
26849	0.004408808633
26850	0.002470753733
26851	0.001592365018
26852	0.001084249004
26853	0.0008080900507
26854	0.001845696514
26855	0.0007342868605
26856	0.003729548386
26857	0.0009770215477
26858	0.001199934562
26859	0.00024757152
26860	0.000297443444
26861	0.003328982924
26862	0.008296563471
26863	0.00104315066
26864	0.003565733175
26865	0.002347474365
26866	0.003191181758
26867	0.001722654258
26868	0.001569324061
26869	0.006067839135
26870	0.0008217085713
26871	4.3615541e-05
26872	0.001513024432
26873	0.001933177931
26874	0.0007650590176
26875	0.000928172698
26876	0.005995101865
26877	0.003153881567
26878	0.002706518867
26879	0.0002255387622
26880	0.001545938093
26881	0.001358273546
26882	0.001300708159
26883	0.001481822939
26884	0.003350663489
26885	0.001235002698
26886	0.001230977638
26887	0.004292684846
26888	0.002532438766
26889	0.002890977556
26890	0.003815057032
26891	0.0003874902348
26892	0.004135256847
26893	0.005618800812
26894	0.0003331163796
26895	3.160224735e-05
26896	0.003081744056
26897	0.002246406213
26898	0.002890593371
26899	0.003700620779
26900	0.002488090347
26901	0.0009595305073
26902	0.0002706979349
26903	0.0001299858822
26904	0.001072837828
26905	0.001301874191
26906	0.00377984679
26907	0.001339825943
26908	0.001735425414
26909	0.005937753366
26910	0.001032818676
26911	0.008472872352
26912	0.003189921888
26913	0.005562780411
26914	0.003613490293
26915	0.004599135337
26916	0.001057695748
26917	0.0003913887778
26918	0.0009672172716
26919	0.001967515109
26920	1.479720412e-05
26921	0.0008348535958
26922	0.0007934763954
26923	0.0007896661282
26924	0.001039733402
26925	0.0006724404517
26926	0.00159239862
26927	0.001735193487
26928	0.005270232171
26929	0.006796017335
26930	0.0003911089225
26931	0.0007801885356
26932	0.0003264755432
26933	0.0001490655538
26934	0.001109448252
26935	0.0004047908409
26936	0.003580018371
26937	0.003497798744
26938	0.002329802753
26939	0.0003093509543
26940	0.003141163611
26941	0.003223070503
26942	0.002195917006
26943	0.003184351762
26944	0.00169871779
26945	0.002556201305
26946	0.0006707675861
26947	0.0012977041
26948	0.004826485232
26949	0.00145675587
26950	0.001081647561
26951	0.001079108302
26952	0.00100935617
26953	0.0007830119673
26954	0.001804822741
26955	0.007170635716
26956	0.001972080196
26957	0.004263747165
26958	0.004655903672
26959	0.002578979224
26960	0.002429736724
26961	0.003915433969
26962	0.001374752234
26963	0.00755863434
26964	0.0006048859788
26965	0.004450804934
26966	0.006312684802
26967	0.008208864332
26968	0.0003412904747
26969	0.001561258836
26970	0.0001618921827
26971	2.517437864e-07
26972	0.000161399952
26973	0.0001615626644
26974	0.0001611113676
26975	0.002430107528
26976	0.004306021209
26977	0.004370595162
26978	0.001397681912
26979	0.001369803752
26980	0.00371864185
26981	1.907194548e-06
26982	0.002559863642
26983	0
26984	0.0007201197939
26985	0.0002389090508
26986	0.000632905727
26987	0.003616617848
26988	0.002184150657
26989	1.792246191e-05
26990	0.001018456648
26991	0.001681487671
26992	0.001119554845
26993	0.002494428891
26994	0.001243349519
26995	0.001019768686
26996	0.004517829658
26997	0.0007240351094
26998	0.001674039369
26999	0.001860580904
27000	0.003710977671
27001	0.003437012836
27002	0.0006274486273
27003	0.01067876328
27004	0.002844771313
27005	0.00462593642
27006	0.005474700968
27007	0.004896682616
27008	0.0008693680437
27009	0.002090151068
27010	0.0006781888732
27011	0.002784128697
27012	0.001369540971
27013	0.003943776693
27014	0.002593867914
27015	0.002289376114
27016	0.001643506961
27017	0.0002320455145
27018	0.002649418878
27019	0
27020	0.00168723231
27021	0.0007373422044
27022	0.0007336979232
27023	0.001169499242
27024	0.004338368209
27025	0.001022599536
27026	0.005332880033
27027	0.002296561754
27028	0.001709974768
27029	0.0001838467436
27030	0.0008598678677
27031	0.004077470685
27032	0.0008878625326
27033	0.0002656617949
27034	0.0029884678
27035	0.0006594912328
27036	0.003514316306
27037	0.005573200794
27038	0.0017308568
27039	0.004082102727
27040	0.002852483054
27041	0.0002344529039
27042	0.0006035082778
27043	4.874150734e-05
27044	0.0005607050442
27045	0.000850698696
27046	0.0002718746582
27047	0.0003066818614
27048	0.005563959054
27049	0.0001379780084
27050	0.007299815558
27051	0.006118452371
27052	0.00443874317
27053	0.002327832629
27054	0.009725796664
27055	0.000379458747
27056	0.001490319506
27057	0.002854778818
27058	0.006510574587
27059	0.0009137263428
27060	0.0004748733271
27061	0.006294015159
27062	0.003015053975
27063	0.0003377179844
27064	0.007610366459
27065	0.0004953635897
27066	0.0007870892822
27067	0.000816329977
27068	0.006307338988
27069	0.0003781817098
27070	0.0002497023479
27071	0.001501586575
27072	0.002125381751
27073	0.003132324967
27074	0.003232820866
27075	0.001456737715
27076	0.0008172406652
27077	0.002113736388
27078	0.002366761244
27079	0.0009643969061
27080	0.002130121274
27081	0.001449397565
27082	0.002045246375
27083	0.002911363086
27084	0.002773601138
27085	0.00726479297
27086	0.0006258928928
27087	0.0008058801087
27088	0.003509705476
27089	0.004679548622
27090	0.001651892618
27091	0.0008008309927
27092	0.003887391199
27093	0.0008717258538
27094	8.586037418e-05
27095	0.001921590616
27096	0.0004045959169
27097	0.0008235849516
27098	0.002963276397
27099	0.0002364347022
27100	0.0004263837881
27101	0.001379079523
27102	0.00392896662
27103	0.00409324745
27104	0.0007487280274
27105	0.002326651776
27106	0.0007452621491
27107	4.38521832e-06
27108	0.0003521179114
27109	0.002019631521
27110	0.0006069907756
27111	0.0003095528709
27112	0.0002572399647
27113	0.003571772784
27114	0.0002157676223
27115	0.0003610420743
27116	0.0001401342376
27117	0.0007970315485
27118	0.0009213399038
27119	0.001408654844
27120	0.002228983151
27121	0.001184181699
27122	0.003601396733
27123	0.00207252365
27124	0.000334391828
27125	0.0004916009246
27126	0.001514350868
27127	0.003071344262
27128	0.002839463227
27129	0.001425408978
27130	0.0005448220253
27131	0.0007591079316
27132	0.000736699334
27133	0.0009159669761
27134	0.0008326256404
27135	0.000703128765
27136	0.002324949687
27137	3.816921469e-05
27138	0.002510602054
27139	8.474504716e-05
27140	0.0009832132938
27141	0.0003472848236
27142	0.001728657722
27143	0.0006651690757
27144	0.0007221788427
27145	0.0004531859102
27146	0.0001870427206
27147	0.003012524647
27148	0.0006587373241
27149	0.0003206387238
27150	0.000892206709
27151	0.00154053744
27152	0.002251294495
27153	0.0009983667607
27154	6.846067533e-05
27155	0.003492788763
27156	0.001881571098
27157	0.001237234525
27158	0.0009508132851
27159	0.004669904847
27160	0.002628081065
27161	0.001739956343
27162	0.0002721158098
27163	0.001081419347
27164	0.001393709109
27165	0.001051419352
27166	0.00249931977
27167	0.0005369554148
27168	0.0003995168011
27169	0.0007336340786
27170	0.0005931234402
27171	0.002742332143
27172	1.75350764e-05
27173	0.0007061896486
27174	0.0006182981121
27175	0.0003482719965
27176	0.0004577016597
27177	0.0006829079079
27178	0.001018572935
27179	0.000456232692
27180	0.0007293345676
27181	0.0006839045284
27182	5.839036164e-05
27183	0.0010357356
27184	0.0004592492324
27185	0.0008864456459
27186	0.0005707861689
27187	0.0003129101124
27188	0.0005184714118
27189	0.0008238823213
27190	0.0009670646071
27191	0.001623911198
27192	0.000392117779
27193	0.0008482064799
27194	0.001097330691
27195	0.0004845061166
27196	0.0007422660354
27197	0.0008240190228
27198	0.001400654498
27199	0.00128896065
27200	0.001095712393
27201	0.0009269498476
27202	0.00076376023
27203	0.001141810621
27204	0.0006751063127
27205	0.0008151944621
27206	0.001060602652
27207	0.001183035378
27208	0.001314625606
27209	0.001233772551
27210	0.0008144685256
27211	0.0009693149517
27212	0.0009118201516
27213	0.001446719407
27214	0.001342340309
27215	0.000296664748
27216	0.001578187521
27217	0.0005546939439
27218	0.00047120172
27219	0.001590716177
27220	0.0005648812709
27221	0.003636722372
27222	0.0005718799446
27223	0.001988009279
27224	0.001454786492
27225	0.001912876981
27226	0.000591121628
27227	0.002228792256
27228	0.0006166670437
27229	0.0006432070716
27230	0.0001693199998
27231	4.884904235e-05
27232	0.001077877551
27233	0.0007918343048
27234	0.0002587730129
27235	0.001867553969
27236	5.881677128e-05
27237	0.0001039604508
27238	0.0007864491645
27239	0.001292497583
27240	2.271321838e-05
27241	0.000286310913
27242	0.0005033522963
27243	0.0003862461858
27244	0.0007967512619
27245	0.0007075534963
27246	0.0004202527374
27247	0.0003293932135
27248	0.0004223977541
27249	0.0005737386272
27250	0.0008866479778
27251	0.0007464170201
27252	0.0003527976171
27253	0.003212923019
27254	0.001451046743
27255	0.002762747062
27256	0.0004564440587
27257	0.00208674968
27258	0.0001237425407
27259	0.003009006106
27260	0.0001310483783
27261	0.001554203958
27262	0.002438340354
27263	0.0004865631266
27264	0.001899191222
27265	0.000219185022
27266	0.001549212009
27267	0.003274203328
27268	0.0006609078153
27269	0.0004348663461
27270	0.0004742250561
27271	0.0009577388767
27272	0.001093806405
27273	0.0007902167288
27274	0.001657109433
27275	0.001893228661
27276	0.002773586972
27277	0.0001773187805
27278	0.0001465163126
27279	0.0002667469055
27280	0.001888852929
27281	0.0002724160918
27282	0.001053605399
27283	0.0007872078465
27284	8.010652255e-06
27285	0.00134314315
27286	0.001110872145
27287	0.0005020522176
27288	0.001501210643
27289	0.0006116578587
27290	0.001202053676
27291	0.00128892145
27292	0.0001043552292
27293	0.0008799129955
27294	0.001104045277
27295	0.0006272921431
27296	0.0001176884652
27297	0.0003856345715
27298	0.001854244801
27299	0.002738417806
27300	0.0003577004713
27301	0.0008553520814
27302	0.0006093567588
27303	0.0005435173568
27304	0.0002928817272
27305	0.0007387030153
27306	0.001152518345
27307	0.001771430407
27308	0.0004719179888
27309	0.0002545390912
27310	0.001454333019
27311	0.001382181654
27312	8.483112215e-05
27313	0.001778618189
27314	0.0001426551428
27315	0.0004909773995
27316	0.00262686133
27317	0.0009450484597
27318	0.00111839009
27319	0.001523880467
27320	0.0005024603961
27321	0.0002704541119
27322	9.141726758e-05
27323	0.0004649841474
27324	1.450706128e-05
27325	0.0005111407989
27326	0.001033952267
27327	0.007033452903
27328	0.002752988048
27329	0.001329879344
27330	0.001137146571
27331	0.00019363982
27332	0.0006355812924
27333	0.001660825235
27334	0.0004590907635
27335	0.0007867459785
27336	0.0003446270365
27337	0.00165303002
27338	0.0009770367658
27339	0.001334218341
27340	0.001209232128
27341	0.001819990456
27342	0.000529377558
27343	0.0005486814331
27344	0.001037039137
27345	0.0006475045391
27346	0.0002670655492
27347	0.0006423320218
27348	0.0009984757803
27349	0.0006245428227
27350	0.001053162638
27351	0.0002957149875
27352	0.001283842006
27353	0.00117422977
27354	0.0006441860491
27355	0.0001544007367
27356	0.0006122233543
27357	0.001348857633
27358	0.0008936360785
27359	0.001234613373
27360	0.001844614082
27361	0.0005981350164
27362	0.0001049076014
27363	0.0009887559058
27364	0.0004125870616
27365	0.0001262687243
27366	0.0003799002419
27367	0.0001163584943
27368	0.001586158371
27369	3.141382249e-05
27370	0.0001396862338
27371	0.0005850353117
27372	0.001087551245
27373	0.0009384639213
27374	0.0002277822999
27375	0.0003433258069
27376	0.001786827736
27377	0.002146429827
27378	0.002410970735
27379	0.001100156291
27380	0.0006077792504
27381	0.0007985900382
27382	0.001173704014
27383	0.0008664852928
27384	0.001310134904
27385	0.0005340710396
27386	0.0006174154226
27387	0.001063951988
27388	3.087293339e-05
27389	0.002298927572
27390	0.001105704073
27391	0.0003391898621
27392	0.0008899354455
27393	0.0005594537912
27394	0.0006112513645
27395	0.0006763927829
27396	0.001024166028
27397	0.0006103982908
27398	0.0004299776445
27399	0.0005213888934
27400	0.002023536545
27401	0.002147220124
27402	0.0008291202366
27403	0.0004528968971
27404	0.009143329688
27405	0.0009832528177
27406	0.002595871523
27407	0.001062679887
27408	0.001440998684
27409	0.0005634346115
27410	0.0006591483749
27411	0.001586059338
27412	0.0001340384567
27413	0.001142758442
27414	0.001172190869
27415	0.0005876019811
27416	0.0005911478813
27417	0.0006487326432
27418	0.0009713179933
27419	0.002088934303
27420	0.00116333435
27421	0.0007057826921
27422	8.860570842e-05
27423	0.002598442129
27424	0.001690492531
27425	0.001083859867
27426	0.0009041812809
27427	3.792962898e-05
27428	0.001836683623
27429	0.001047133349
27430	0.0009214152321
27431	0.002246860691
27432	9.886213518e-05
27433	0.0008525939294
27434	0.0009988764713
27435	0.000941839518
27436	0.0007003975797
27437	0.001543839917
27438	0.0003832724141
27439	0.000276304793
27440	0.002517457445
27441	8.285366567e-05
27442	0.001322163125
27443	0.0003148219781
27444	0.001330625098
27445	0.0005279417542
27446	0.001109204642
27447	0.0001817279086
27448	0.0001724755167
27449	0.0009475023478
27450	0.00079740852
27451	0.005109076011
27452	0.002877259878
27453	0.0008373782154
27454	0.0008979291918
27455	0.004453355321
27456	0.001956406419
27457	0.0008866202881
27458	0.000348391088
27459	0.001199183349
27460	0.000320947254
27461	0.001455221397
27462	8.596306795e-05
27463	0.0006685959636
27464	8.415789929e-05
27465	0.0006590564604
27466	0.0001586680509
27467	0.0006680445089
27468	0.001175632548
27469	0.001983155627
27470	4.516645967e-06
27471	0.0004852061169
27472	0.0003114386917
27473	0.0006088143083
27474	0.0008601959002
27475	0.001251875714
27476	0.0005662913559
27477	0.0004758601953
27478	0.0006344684293
27479	0.0001226097902
27480	0.0006652212141
27481	0.001299003547
27482	0.000936899741
27483	0.003294025996
27484	0.002313957998
27485	0.0007873710961
27486	0.0002327846067
27487	0.002600669008
27488	1.020919721e-05
27489	0.0007940054538
27490	0.002627682052
27491	0.002664478553
27492	0.003713560904
27493	0.006413770838
27494	0.001766723965
27495	0.001580299586
27496	0.002832301544
27497	0.0004188593437
27498	0.002529363228
27499	0.00165761081
27500	0.0004867820857
27501	0.0003829992955
27502	0.002247988986
27503	0.002735407292
27504	0.0004811173693
27505	0.0002631034569
27506	0.00199340695
27507	0.001076211235
27508	0.002259196167
27509	0.001338777509
27510	0.001847088325
27511	0.005642155428
27512	0.0008969606774
27513	0.0002844134919
27514	0.0003355958675
27515	0.002992597015
27516	0.001464898196
27517	0.002579316879
27518	0.002476233919
27519	0.001994763191
27520	0.003180588195
27521	0.002579565384
27522	0.0002773850307
27523	0.0002904407726
27524	0.0003985879071
27525	0.00229465615
27526	0.001087518378
27527	0.003390450487
27528	0.0001689419728
27529	0.0005493292535
27530	0.000134927677
27531	0.0008016502146
27532	0.004743675905
27533	0.00245516244
27534	0.0007058876513
27535	0.005489146
27536	0.0001646306612
27537	0.0002833908852
27538	0.0006941961411
27539	0.0003185111376
27540	0.001515997571
27541	0.001425829616
27542	0.0008759305786
27543	0.0006200680975
27544	0.0008692128037
27545	0.00502392519
27546	0.005171931066
27547	0.0005056437436
27548	0.001132363221
27549	0.003199014491
27550	0.0006020010256
27551	0.002061836559
27552	0.0002759404677
27553	0.005874881795
27554	0.004924258321
27555	0.005318641171
27556	0.002066829009
27557	0.0006910983066
27558	0.00245946557
27559	0.0002732494287
27560	0.00111029807
27561	0.0009977310519
27562	0.005433872609
27563	0.0005038030989
27564	0.004525373966
27565	0.005291855938
27566	0.0003082411935
27567	0.001829627771
27568	0.006063512669
27569	0.001474319358
27570	0.006553846127
27571	0.0007048947336
27572	0.00194025693
27573	0.002697454434
27574	0.0003736066234
27575	0.001770946152
27576	0.001917097243
27577	0.003226406835
27578	0.003005507641
27579	0.0003900121631
27580	0.002288643906
27581	0.0002915360856
27582	0.004831960989
27583	0.0003250036136
27584	0.001655057786
27585	0.008412581471
27586	0.001574456929
27587	0.004964485208
27588	0.000398840252
27589	0.000499884953
27590	0.0009663118717
27591	0.004111195388
27592	0.001046275891
27593	0.001708376105
27594	0.003224161879
27595	0.002534610854
27596	2.730067605e-05
27597	0.0003954533883
27598	0.001107637173
27599	0.001609701353
27600	0.0002527383702
27601	0.0001490095743
27602	0.0001292067568
27603	0.001882130558
27604	0.007590155814
27605	0.002296779876
27606	0.005991459745
27607	0.002025449623
27608	0.0001814944592
27609	0.004411518385
27610	0.0001827283952
27611	0.003458778409
27612	0.001626815696
27613	0.0003236837191
27614	0.00169887782
27615	0.0008242404675
27616	0.0005696171965
27617	0.000430352806
27618	0.000158658758
27619	0.001592100171
27620	0.004580451469
27621	0.006529353076
27622	0.001899809692
27623	0.0163146288
27624	0.001046952514
27625	0.001511782048
27626	0.0004847414379
27627	0.002164580301
27628	0.003978893003
27629	0.001872828216
27630	0.006743515548
27631	0.002821855111
27632	0.0008834541831
27633	0.0005922857594
27634	0.0002723552279
27635	0.002756567172
27636	0.003823073931
27637	0.001089526861
27638	0.0001630599987
27639	0.000987177335
27640	0.001027998552
27641	0.004768311716
27642	0.000707362259
27643	0.0007135710414
27644	0.0009283415465
27645	0.004249849037
27646	0.004610142215
27647	0.001837980245
27648	0.000121905735
27649	0.002914264245
27650	0.004517886617
27651	0.002675369821
27652	0.001273437829
27653	0.0003703290749
27654	0.0007691179065
27655	0.0009763610506
27656	0.0002416922242
27657	0.000221982237
27658	0.0003175735123
27659	0.0004235301323
27660	0.00212808239
27661	0.004285662706
27662	0.001140099771
27663	0.007895262921
27664	0.005715677987
27665	0.0009188096436
27666	0.001737716369
27667	1.102092506e-05
27668	0.00419525339
27669	0.01113640495
27670	0.000208483425
27671	0.003127357899
27672	7.46538121e-05
27673	0.005359513943
27674	0.005512470409
27675	0.0005381162754
27676	0.001235717432
27677	0.0006700136182
27678	0.002448992493
27679	0.004767406316
27680	0.0003133984575
27681	0.001874460091
27682	8.823578365e-05
27683	0.0009549678534
27684	0.0003781678318
27685	0.001893759727
27686	0.002532858327
27687	0.003874906634
27688	0.00155573188
27689	0.003037886512
27690	0.002896591095
27691	0.005708305576
27692	0.004506814858
27693	0.00321689758
27694	0.008183075269
27695	0.003275480427
27696	0.001072184562
27697	0.001297620248
27698	0.0009962697134
27699	0.008799453882
27700	0.000827839944
27701	0.001598095833
27702	0.005739528793
27703	0.007307868986
27704	0.004683719138
27705	0.0005491681207
27706	0.003874067739
27707	0.002569555101
27708	0.00369661118
27709	0.0006773129245
27710	0.002313194233
27711	0.007091044692
27712	0.002951070421
27713	0.001625020185
27714	0.003182373123
27715	0.002669566834
27716	0.002899240599
27717	9.199322147e-06
27718	0.002082148212
27719	0.001747321441
27720	0.001768285886
27721	2.58684106e-05
27722	0.003685893529
27723	0.0004994229239
27724	0.0009650723041
27725	0.001104154402
27726	0.0005293820842
27727	0.003927296447
27728	0.00479943584
27729	0.001235065428
27730	0.00925471818
27731	0.0001141481022
27732	0.0009449157294
27733	0.0002042093089
27734	0.003698414522
27735	0.0009070149151
27736	0.00367122278
27737	0.004199833838
27738	0.0007275647167
27739	0.0003878205601
27740	0.01174455766
27741	0.001476087463
27742	0.001595198916
27743	0.001724296724
27744	0.001718436969
27745	0.001489576089
27746	0.002848445094
27747	4.619103542e-05
27748	0.0003867123545
27749	0.0002536630439
27750	0.001771416045
27751	0.001664636461
27752	0.0005851087606
27753	0.0005289897561
27754	0.001138068035
27755	0.0005332553853
27756	0.0005616865487
27757	2.947539041e-05
27758	0.002746964353
27759	0.002239600699
27760	0.000320221459
27761	0.000133199008
27762	0.00303680234
27763	0.004961213689
27764	9.992606119e-05
27765	0.0002128813577
27766	0.004960048495
27767	1.381486097e-05
27768	0.0006241070623
27769	0.0006519431979
27770	0.0004758048646
27771	0.006071785955
27772	0.0006469000232
27773	0.0009066549063
27774	0.0002189442159
27775	0.001388716516
27776	0.0004716173666
27777	0.0003524599299
27778	0.002884324748
27779	0.0004249880444
27780	0.00496172307
27781	0.0001240353581
27782	0.0009813023897
27783	0.001388640197
27784	0.0004507322591
27785	0.000290020484
27786	0.0005044695526
27787	0.005197367077
27788	0.001003210113
27789	0.0011415301
27790	0.003417349993
27791	0.003277355118
27792	0.002407167776
27793	0.0001059369793
27794	0.0008163641306
27795	0.001535155063
27796	0.001365971934
27797	0.003958614926
27798	0.001827320383
27799	0.0009966213218
27800	0.0005608432647
27801	0.0004009734343
27802	0.00525221968
27803	3.892869934e-05
27804	0.0006323482812
27805	0.003546546287
27806	0.0008171348787
27807	0.003483701569
27808	0.005285294744
27809	0.002319821853
27810	0.005751810042
27811	0.003377799521
27812	0.00418777817
27813	0.003172558657
27814	0.003932934711
27815	0.003755724328
27816	0.005975410305
27817	0.001070611902
27818	0.004927519503
27819	0.001303672932
27820	0.0005757072872
27821	0.001820503387
27822	0.006031220822
27823	0.0006428358397
27824	0.001065287703
27825	0.003921351834
27826	0.00026206438
27827	0.0002867472767
27828	0.004206412705
27829	0.002121482964
27830	0.000854854563
27831	0.004221279159
27832	0.009912435397
27833	0.003900726747
27834	0.001258662502
27835	0.001977601918
27836	0.0006407847591
27837	0.0004159731457
27838	0.001868915626
27839	0.0004540631913
27840	0.003104302392
27841	0.0003726264945
27842	0.0008594794246
27843	0.001908982994
27844	0.002920042133
27845	0.005174870381
27846	0.003370500026
27847	0.000758864052
27848	0.001428594261
27849	0.0008874101425
27850	0.0002960212047
27851	0.007378718503
27852	0.001003823864
27853	0.00387923523
27854	0.002212127169
27855	0.004377772196
27856	0.01388962982
27857	0.001997676543
27858	0.004420158223
27859	0.006770242768
27860	0.004576731517
27861	0.00155006164
27862	0.01407307187
27863	0.002237065429
27864	0.0001850028058
27865	0.001195842641
27866	0.001419663372
27867	0.003986104298
27868	0.0007647109441
27869	0.003516252552
27870	0.008782355506
27871	0.001154048128
27872	0.002960601314
27873	0.00303093815
27874	0.003347762033
27875	0.00433048042
27876	0.002102560002
27877	0.001550692793
27878	0.001031944768
27879	0.003017366213
27880	0.0005040568101
27881	0.001064618053
27882	0.00368212837
27883	0.002366837191
27884	0.001267873314
27885	0.0004187372377
27886	0.0006076118968
27887	0.0004608647425
27888	0.002585439319
27889	0.001564403134
27890	0.0006248562639
27891	0.000416858547
27892	0.0005804993686
27893	0.002436131274
27894	0.001087316842
27895	0.002013312898
27896	0.002880687832
27897	0.001168800468
27898	0.0002169273691
27899	0.003632158034
27900	0.003778092046
27901	0.00579987883
27902	0.000382043534
27903	0.001148563395
27904	0.004961240351
27905	0.0008742301186
27906	0.000752558796
27907	0.001701933086
27908	0.003678765809
27909	0.001926288017
27910	0.00689984493
27911	0.0002064909934
27912	0.001631550218
27913	0.002448455566
27914	0.004175039451
27915	0.001009654664
27916	0.006212399274
27917	0.001539446629
27918	0.0004570241749
27919	0.001513415601
27920	0.0005377441678
27921	0.004004460757
27922	0.002804856839
27923	0.002305143817
27924	0.0007944468619
27925	0.007605845
27926	0.00298016873
27927	0.001084676621
27928	5.015207234e-05
27929	0.0006808011942
27930	0.001795037941
27931	0.0001543158194
27932	0.0006780897034
27933	0.0005658064493
27934	0.0004385438578
27935	0.00153093724
27936	0.002825633697
27937	0.0001846834257
27938	0.001266846831
27939	0.003843031155
27940	0.001362657307
27941	0.0010913948
27942	0.000161179526
27943	0.002576121164
27944	0.002503247724
27945	0.002586183405
27946	4.912396691e-05
27947	0.001616084228
27948	0.003439350856
27949	0.004796333395
27950	0.006363068604
27951	0.0004652235188
27952	0.0001686249819
27953	0.0001380762718
27954	0.0005645307986
27955	0.0004733220004
27956	0.001996665579
27957	0.000623601523
27958	0.001099226031
27959	0.0003018394968
27960	0.001333741408
27961	0.0001424665026
27962	0.001634666627
27963	0.0005259976398
27964	0.0003995751233
27965	0.0001611243102
27966	0.0006246613293
27967	0.001152248096
27968	0.0008302718781
27969	0.0003307546183
27970	0.0006640400936
27971	0.0005701155034
27972	0.0005613600717
27973	5.322983258e-05
27974	0.0005178267907
27975	0.0001113310452
27976	0.000152537148
27977	0.0001690122782
27978	0.0003490960437
27979	1.682996212e-05
27980	0.001775488816
27981	0.001265742406
27982	0.003875052672
27983	0.0009755800645
27984	0.0003053582612
27985	0.0001455214793
27986	0.0009710296347
27987	0.0003586730555
27988	0.0003679606012
27989	0.0005536919612
27990	0.0004510193388
27991	0.0009171327638
27992	0.0001871131888
27993	0.0004491295437
27994	0.0009472458857
27995	5.181520813e-05
27996	0.0006535852845
27997	0.0006187614227
27998	0.0001313953781
27999	0.000439414962
28000	0.0002292000283
28001	0.000293210961
28002	0.0003486185935
28003	0.0008846042545
28004	0.0001477180116
28005	0.0001981307158
28006	0.00221033518
28007	2.71913956e-06
28008	0.0006869914617
28009	0.0001091083353
28010	8.684610015e-06
28011	0.001296448001
28012	0.0002208043374
28013	8.087849374e-05
28014	0.0005892326099
28015	0.0005743845424
28016	0.0002551539036
28017	0.0006243712813
28018	0.0004489212787
28019	0.0002071990693
28020	7.749228382e-05
28021	0.001193908762
28022	0.0007578470673
28023	0.0003086340377
28024	4.182823987e-05
28025	0.000331366839
28026	0.0005211662509
28027	0.0006424741924
28028	7.385243159e-05
28029	0.0001309683899
28030	0.0004843805397
28031	0.0006759394394
28032	0.0007371353076
28033	0.0003866528528
28034	0.004095937113
28035	0.0009900949857
28036	0.0004900771386
28037	0.001867931432
28038	0.0002862888027
28039	0.00213336712
28040	0.001450201604
28041	0.0002911423758
28042	3.984906879e-05
28043	5.142507709e-05
28044	0.0008298635875
28045	0.0002274390597
28046	0.004975502021
28047	0.0001418203384
28048	0.0006492540903
28049	0.001330520902
28050	0.001695457532
28051	7.412008945e-05
28052	0.003149961847
28053	0.005274922169
28054	0.004388934796
28055	0.001195012245
28056	0.00411206866
28057	0.005379047501
28058	0.002484513851
28059	0.0007527125792
28060	0.0009004016985
28061	0.002279963309
28062	0.004922803613
28063	0.0004224252443
28064	0.005882515519
28065	0.006515147562
28066	0.002357526447
28067	0.001124659731
28068	0.003979657558
28069	0.001826073438
28070	0.003768468576
28071	0.00043641103
28072	0.002125320787
28073	0.0003153451983
28074	0.0009484278499
28075	0.0008454668763
28076	0.00219966288
28077	0.001566219706
28078	0.0006763988778
28079	0.0008571593243
28080	0.00327464078
28081	0.0003397153855
28082	0.001891407796
28083	0.0002113158578
28084	0.001741874433
28085	0.004530490017
28086	0.001237560342
28087	0.0004812200891
28088	0.001228638138
28089	0.008343454786
28090	0.003475640295
28091	0.002816995317
28092	0.0001225376952
28093	0.002308778521
28094	0.002396383195
28095	0.00103113692
28096	0.0003265131956
28097	0.003504312936
28098	0.002083703347
28099	0.00312963582
28100	0.001832448269
28101	0.00109737381
28102	0.001701137334
28103	0.0002889283923
28104	0.0006074965001
28105	0.001818389281
28106	0.0009995977972
28107	0.001103892083
28108	0.0008148697358
28109	0.002809527657
28110	0.005993988668
28111	0.001425440925
28112	0.003641312955
28113	0.0009888835704
28114	0.002518076857
28115	0.000839621985
28116	0.003738452187
28117	7.386303003e-05
28118	0.0004383975963
28119	0.001440486993
28120	0.002048664343
28121	0.001591167615
28122	0.001004466181
28123	0.001038840479
28124	0.001208206705
28125	0.0006566877152
28126	0.0009312989995
28127	2.277415193e-05
28128	0.0006688845826
28129	2.890867241e-05
28130	0.001854576602
28131	8.459330571e-06
28132	0.003013643874
28133	0.0008007523858
28134	0.004165745813
28135	0.0002779731303
28136	0.007166797009
28137	0.001785277057
28138	0.0008527809227
28139	0.006257022931
28140	0.001060333017
28141	0.001165761499
28142	0.005174125659
28143	0.001166926625
28144	0.0007956820151
28145	0.0007214582221
28146	0.0001305132733
28147	0.0001276638072
28148	0.0001925941465
28149	0.002421394212
28150	0.002526147674
28151	0.00103430123
28152	0.004272870322
28153	0.0006427172123
28154	0.001311076856
28155	0.0002936270218
28156	0.0002899626535
28157	0.002720512444
28158	0.0009952975842
28159	0.00639243441
28160	0.0001050431044
28161	0.0006637899533
28162	0.0005920063593
28163	0.003302403654
28164	0.001828602763
28165	0.0008075644747
28166	0.0002790698636
28167	0.001061087541
28168	0.002155730496
28169	0.001779255594
28170	0.0006278905897
28171	0.003463756516
28172	0.007003575902
28173	0.0008265335431
28174	0.0008805592934
28175	0.002122655663
28176	0.003003099294
28177	0.001203828785
28178	0.007216629503
28179	0.002925037259
28180	0.002884012426
28181	4.64879032e-05
28182	0.001198204044
28183	0.002725185864
28184	0.001703566123
28185	0.002850767963
28186	0.0009696156612
28187	0.0001853670257
28188	5.240906668e-05
28189	0.002078415329
28190	0.001738516262
28191	0.0004430280646
28192	0.002125706892
28193	0.000228463233
28194	0.001406958932
28195	0.001260858454
28196	0.007775492497
28197	0.0005033968498
28198	0.00527370744
28199	0.0006259735356
28200	0.005209870102
28201	0.0005771498358
28202	0.003316101177
28203	0.002755620329
28204	8.527544385e-05
28205	0.0003012322597
28206	0.001038710223
28207	0.0005968300201
28208	0.003637494215
28209	0.0004928583119
28210	0.0002031403026
28211	0.003974374378
28212	0.001925215678
28213	0.0005634438864
28214	9.685890665e-05
28215	0.000231417061
28216	0.0006978053754
28217	0.0008805814233
28218	0.002215255281
28219	0.0008783945005
28220	0.0003212424934
28221	0.001234152306
28222	0.0003330176776
28223	8.543762205e-05
28224	0.000365940945
28225	0.005445663981
28226	5.241330515e-05
28227	0.001535402985
28228	0.000523027939
28229	0.0005816124278
28230	7.428574191e-05
28231	0.00127528467
28232	0.0008096280782
28233	0.0001843705069
28234	0.0002568162759
28235	0.0003140146394
28236	0.001887836271
28237	0.0009444182566
28238	0.001324312901
28239	0.0006241798991
28240	0.000138054291
28241	0.001168867759
28242	0.001385045092
28243	0.0009745727159
28244	0.002057116078
28245	0.002465802803
28246	0.001586418244
28247	0.0002013589807
28248	8.94555201e-05
28249	0.0006910929623
28250	0.001093195674
28251	0.0001915340957
28252	0.0003589844813
28253	0.001804653187
28254	0.001754363628
28255	0.0004953784049
28256	0.001101638622
28257	0.0004173355201
28258	0.005063181781
28259	0.002639760007
28260	0.0003058651648
28261	0.0009801668857
28262	0.0009032335507
28263	0.0008579988772
28264	0.00198104782
28265	0.0001603249149
28266	0.005238068833
28267	0.001831456402
28268	0.001046541646
28269	0.003041115902
28270	0.008034963719
28271	0.002110869734
28272	5.860337141e-05
28273	0.002364614209
28274	0.0008852085542
28275	0.002380562849
28276	0.0004125925731
28277	0.00237691539
28278	0.00018706157
28279	0.0002255568263
28280	0.0001603209237
28281	0.0004018168803
28282	0.0002482471536
28283	0.0002387675135
28284	0.0006889594878
28285	0.002833727536
28286	5.313254874e-05
28287	0.00087140891
28288	0.004488653019
28289	0.001910919866
28290	0.000812561289
28291	0.003300076257
28292	0.001897127155
28293	0.002000566047
28294	0.0005155528009
28295	0.002618330422
28296	0.001435874905
28297	0.006962578802
28298	0.001105173332
28299	0.002253314611
28300	0.0006240687346
28301	0.001317498307
28302	0.001797763112
28303	0.0001582216004
28304	0.001683149788
28305	5.629155575e-05
28306	0.001378628857
28307	0.001474199452
28308	0.001956188196
28309	0.0001495029078
28310	0.007019725116
28311	0.002763980264
28312	0.0007143139277
28313	0.00441297263
28314	0.005449910317
28315	0.0001854712475
28316	0.002074639581
28317	0.004757028436
28318	0.001454609688
28319	0.002083164983
28320	0.001443163001
28321	0.001975303027
28322	0.00504152399
28323	0.001407990288
28324	6.050695327e-05
28325	0.001758264037
28326	0.001271869357
28327	0.001038118232
28328	0.002256082367
28329	0.0005446110724
28330	0.003885370485
28331	0.0009713338421
28332	0.001317216757
28333	0.003888505712
28334	0.003133824988
28335	0.003770832329
28336	0.002312885824
28337	0.002024838899
28338	0.001163326314
28339	0.001808753616
28340	0.004453916555
28341	0.007817412847
28342	0.0009993244981
28343	0.004016698389
28344	0.0005404247894
28345	0.0004287278675
28346	0.002656811624
28347	0.000429287703
28348	0.0007824091836
28349	0.0007331487299
28350	0.00127642793
28351	0.0006442288512
28352	0.0005325229616
28353	0.003323627433
28354	0.002948513203
28355	0.002171998328
28356	0.001880125504
28357	0.004476134092
28358	0.001377146889
28359	0.0004159946396
28360	0.0009282258451
28361	0.001716173522
28362	0.003274864592
28363	0.0006511948403
28364	0.0002644738018
28365	0.0005291810308
28366	0.0003884331766
28367	0.001668964781
28368	0.001793690989
28369	0.00110148295
28370	0.001056597974
28371	0.0001429998234
28372	0.00235423633
28373	0.001739297142
28374	8.086917287e-05
28375	0.003972386013
28376	0.001096785782
28377	0.0006948997932
28378	0.002480209969
28379	0.0002396054474
28380	0.003296850684
28381	0.0002165144193
28382	0.0001194322351
28383	6.958822519e-05
28384	0.0005228668142
28385	0.002796652418
28386	0.004785404432
28387	0.00335227029
28388	0.001139288507
28389	0.0007369507432
28390	0.004172216479
28391	0.0002830931064
28392	1.782591826e-06
28393	0.001342702368
28394	0.001840334535
28395	0.003386756839
28396	0.0005872865426
28397	0.003581065655
28398	0.002333823574
28399	0.002842232125
28400	0.001883437004
28401	0.000366307853
28402	0.002167361997
28403	0.000450381611
28404	0.002419631336
28405	0.001081172697
28406	0.003065997937
28407	0.003085304355
28408	0.0002157904466
28409	0.001446072998
28410	0.001099347898
28411	0.001441518708
28412	0.0003168019779
28413	0.003479252937
28414	0.003601815894
28415	0.003864127079
28416	0.00149444833
28417	0.0006656189116
28418	0.002055284457
28419	0.001147269434
28420	0.001306809451
28421	0.001130976567
28422	0.002350205946
28423	0.001308404368
28424	0.001186884285
28425	0.001607314324
28426	0.00306773326
28427	0.002547495507
28428	0.006899580156
28429	0.001630741188
28430	0.0008006250755
28431	0.0009582594198
28432	0.0005693709913
28433	5.685945021e-05
28434	0.0002444136053
28435	7.863302584e-05
28436	0.001164558213
28437	0.0002713914428
28438	0.0001600451329
28439	0.0002818007826
28440	0.0004530884708
28441	0.0005654305861
28442	9.965346556e-06
28443	0.001059327473
28444	0.0004681942695
28445	0.002681426304
28446	0.0006588835094
28447	0.0004170568557
28448	0.0003541475034
28449	0.0001258922031
28450	3.209189266e-05
28451	0.0001704554751
28452	0.002101125398
28453	0.001192980043
28454	0.0004949852056
28455	0.0005210203059
28456	0.001072010367
28457	5.036448437e-05
28458	2.443200576e-05
28459	0.0006670382338
28460	3.176776101e-05
28461	0.001673833487
28462	0.0002464797948
28463	4.659395142e-05
28464	0.0004492522503
28465	0.000808198005
28466	0.0003932228391
28467	0.002721878873
28468	0.0001093562985
28469	0.00105496235
28470	0.005913756216
28471	0.0006090922236
28472	0.004888812373
28473	0.003010201526
28474	0.004657813596
28475	0.0004881635375
28476	0.0004344653866
28477	0.001363867187
28478	0.000760212521
28479	0.00047980075
28480	0.0009180077792
28481	0.0005667641113
28482	0.0007871224879
28483	0.0003667826512
28484	0.001326020804
28485	0.0008274000794
28486	0.0007504845582
28487	0.0001779915835
28488	0.002667406197
28489	0.0002077150871
28490	0.001291812105
28491	0.0008514465813
28492	0.001606026107
28493	0.0004591795029
28494	0.003561760678
28495	0.0002981892727
28496	0.0005493001709
28497	0.0006556895895
28498	0.004613668486
28499	0.004327897358
28500	0.00086866512
28501	0.00397755474
28502	0.001219652929
28503	0.002902523533
28504	0.0005158453469
28505	0.004252843841
28506	0.0005640868723
28507	0.009207129858
28508	0.001144773958
28509	0.004198612057
28510	0.002678223658
28511	0.008607668654
28512	0.001141582774
28513	0.0005033753105
28514	0.0009765998944
28515	0.002960405939
28516	0.002132539502
28517	0.0003564008854
28518	0.003706264614
28519	0.0009759454506
28520	0.001618399582
28521	0.001870658566
28522	3.664953469e-06
28523	0.002346245939
28524	0.01138327222
28525	0.003841248017
28526	0.01167325548
28527	0.0005083087922
28528	0.0004638979395
28529	0.003818034754
28530	0.0001912356741
28531	0.003081224076
28532	0.004088297501
28533	0.006180850393
28534	0.003948764966
28535	0.002690443337
28536	0.003010924407
28537	0.004496522828
28538	0.004887115359
28539	0.002341755435
28540	0.008411023833
28541	0.003902287037
28542	0.004249215904
28543	0.006174671392
28544	0.005555111414
28545	0.001138746382
28546	0.005728469365
28547	0.004072345319
28548	0.0002253311756
28549	0.001030645245
28550	0.002079330352
28551	0.00138836753
28552	0.004501035123
28553	0.003531442635
28554	0.001128824748
28555	0.0004710983413
28556	0.004505137183
28557	0.001765792456
28558	0.001837492618
28559	0.0002343272854
28560	0.0016133244
28561	0.001758919381
28562	9.596069549e-06
28563	0.0001404306064
28564	0.0003622666342
28565	0.0002579770662
28566	0.002592627379
28567	0.0008139405436
28568	0.001639035393
28569	0.004085318161
28570	0.001399984267
28571	0.003270817016
28572	0.001053119978
28573	0.0002433180618
28574	0.00974948004
28575	0.004696849248
28576	0.00109485152
28577	0.0001459590415
28578	0.00202794923
28579	0.0004644997892
28580	0.0001436292454
28581	0.002706281747
28582	0.001945932584
28583	0.000621570933
28584	0.0002124385263
28585	0.0001619468849
28586	3.545680691e-05
28587	0.0006340764801
28588	0.0001366095169
28589	0.0002659292409
28590	0.0002414332651
28591	0.0007182577538
28592	0.0003993179026
28593	6.922093929e-05
28594	0.0004720192446
28595	0.000451670751
28596	0.000718972446
28597	0.004991128317
28598	0.003095999725
28599	0.001982001702
28600	0.0004347135013
28601	0.003513622932
28602	0.0007279591429
28603	0.005793235223
28604	0.001873767102
28605	0.003888969689
28606	0.00567516128
28607	0.003437006001
28608	0.0008439570485
28609	0.001539829924
28610	0.0006920559187
28611	0.0023388135
28612	0.006776549503
28613	0.000894580765
28614	0.002328000225
28615	0.000917913916
28616	0.007585379823
28617	4.989796671e-05
28618	0.0004511358905
28619	0.007952452263
28620	0.0004872035113
28621	0.003528124763
28622	0.0004390692846
28623	0.001769850862
28624	0.005974839575
28625	0.004764525297
28626	0.002138467765
28627	0.002577237607
28628	0.0007198686283
28629	0.003807161115
28630	0.003925074097
28631	0.0005533535059
28632	0.0001778323401
28633	0.001911213605
28634	0.0001887940663
28635	0.0008576883022
28636	0.001260981901
28637	0.0009833117677
28638	0.0003565699762
28639	0.002636095578
28640	0.0002819319541
28641	0.003738403467
28642	0.0002117357008
28643	0.002704853457
28644	0.002242468665
28645	0.0002522629289
28646	0.002830351237
28647	0.002366194436
28648	0.00262351203
28649	0.0005097514251
28650	4.231093453e-05
28651	0.0001437446429
28652	0.001071103079
28653	0.002401650885
28654	0.0009563618118
28655	0.005435587752
28656	0.002443168776
28657	0.0007594592945
28658	0.002611290436
28659	0.0004617285052
28660	0.0001691462232
28661	0.005607615023
28662	0.00258969596
28663	0.004062129461
28664	0.005132912525
28665	0.001095006146
28666	0.0005830964103
28667	0.005570631787
28668	0.001758869148
28669	0.0004696670433
28670	0.001537425003
28671	0.0007733121706
28672	0.004153552827
28673	0.00108435101
28674	0.0004273044773
28675	0.003747996328
28676	0.005608751293
28677	0.0001046605332
28678	5.843091049e-05
28679	0.002056643339
28680	0.003257395718
28681	0.0006469437818
28682	0.002260263219
28683	0.001301251379
28684	0.0009019387047
28685	0.006134379749
28686	0.001384177023
28687	0.005998328226
28688	9.571014755e-06
28689	0.004068629339
28690	0.0003815851461
28691	0.0001959470764
28692	0.005996413136
28693	0.0005609935816
28694	0.001564799329
28695	0.001053872583
28696	0.005118282797
28697	0.004518054262
28698	0.002369254393
28699	0.002815061135
28700	0.0004365283095
28701	0.0008713893888
28702	0.001629699544
28703	0.0004808259449
28704	0.001620381436
28705	0.001174361851
28706	0.0003222814539
28707	0.003736995695
28708	0.003690307663
28709	0.0005448776238
28710	0.0008416345291
28711	0.0008469313472
28712	0.001391414001
28713	0.0009229250871
28714	0.002765276107
28715	0.003188064831
28716	0.006539084106
28717	0.003585734853
28718	0.0003833249422
28719	0.0006844785536
28720	0.005955903326
28721	0.003167430138
28722	0.002879764416
28723	0.00204459545
28724	0.0003624103824
28725	0.001346073064
28726	0.003024024416
28727	9.964567731e-05
28728	0.003936133433
28729	0.003696107075
28730	0.0006456553356
28731	0.0005424915333
28732	0.0008796197783
28733	0.004438763103
28734	0.0001525510009
28735	0.002768594741
28736	0.001002893401
28737	0.001605759354
28738	0.004053687541
28739	0.0005074659435
28740	0.002638520638
28741	0.0001947762816
28742	0.001882004887
28743	0.001325538841
28744	0.004944776749
28745	0.0005483172006
28746	0.005897957119
28747	0.004608647544
28748	0.003560171549
28749	0.0005229435899
28750	0.000408798188
28751	0.001635388494
28752	0.0004817386263
28753	0.002627512221
28754	0.004522403618
28755	0.003580396911
28756	0.003119260453
28757	0.001413424126
28758	0.001663851225
28759	0.0001133182819
28760	0.004025414337
28761	0.003683837965
28762	0.001296037003
28763	0.003073907528
28764	0.004471015254
28765	0.008736787214
28766	0.006068089217
28767	0.002335094796
28768	6.878461931e-06
28769	6.654086128e-05
28770	0.001112053578
28771	0.0003557729602
28772	0.001649699398
28773	0.001762476973
28774	0.00245123204
28775	0.0003272775977
28776	0.001139617535
28777	3.663928743e-05
28778	0.008998231779
28779	0.001177157879
28780	0.0114836988
28781	0.003249996266
28782	0.001478702844
28783	6.835058433e-05
28784	0.000494031242
28785	7.243460317e-05
28786	0.0002084914576
28787	0.00446425429
28788	0.0005838711004
28789	0.002026340044
28790	0.01039013455
28791	0.0004441527923
28792	0.002180900265
28793	0.0003949946287
28794	0.005633598179
28795	0.0005520268616
28796	0.003086196544
28797	0.001191344179
28798	2.779432468e-05
28799	0.0009529151173
28800	0.004228124586
28801	0.002000634216
28802	0.002416060087
28803	0.003326005656
28804	0.004628788392
28805	0.0007013719395
28806	0.003829561556
28807	0.006812252497
28808	0.002097105475
28809	0.006894708835
28810	0.0003116952678
28811	0.002159897055
28812	0.0002792740361
28813	0.000382363249
28814	0.003380705889
28815	0.001929431245
28816	0.0006616864647
28817	0.001188042907
28818	0.001133502858
28819	0.00148490605
28820	0.001329445147
28821	0.0003644906038
28822	0.002472078034
28823	3.647334971e-05
28824	0.003933751525
28825	0.005114247865
28826	0.005640625193
28827	0.002547029094
28828	0.0003405342533
28829	0.006629973566
28830	0.001715681179
28831	0.0002369927657
28832	0.003086036193
28833	0.0003456137995
28834	2.354207562e-05
28835	0.00345199735
28836	2.837246151e-05
28837	7.217605339e-05
28838	0.001083561996
28839	0.0001065878392
28840	2.85181399e-05
28841	0.003951443976
28842	0.0008277015438
28843	0.0003821463721
28844	0.004426563303
28845	0.0002580790246
28846	0.0001438120898
28847	8.542336787e-05
28848	0.00278208112
28849	0.002247972023
28850	0.003175677249
28851	0.006087612314
28852	0.0005013909731
28853	6.842874524e-05
28854	0.0002866227018
28855	0.0001392294091
28856	0.0006441786785
28857	0.0009803588889
28858	0.002174947667
28859	0.002697392549
28860	0.001145422138
28861	0.0008968362806
28862	0.0003519684187
28863	3.898826851e-05
28864	0.001824731007
28865	0.0009070191075
28866	0.0001566522313
28867	0.0009642840364
28868	0.003160904859
28869	0.005126649662
28870	0.00138112885
28871	0.001014348724
28872	0.001219271631
28873	0.003957045755
28874	0.004750744472
28875	0.0007407010781
28876	0.0007098341423
28877	0.0001036948838
28878	0.003902005369
28879	0.00188036474
28880	0.000486638206
28881	0.004357462581
28882	0.005369143644
28883	0.001390847098
28884	0.0006813958681
28885	0.001678999337
28886	0.0006907032892
28887	0.0001007163155
28888	0.0001333251757
28889	7.235404466e-05
28890	0.0006622725136
28891	0.0002438108041
28892	0.001096340478
28893	0.0003218562045
28894	0.0002937295359
28895	0.000477013729
28896	0.002581096506
28897	0.003080274275
28898	0.0001943398648
28899	0.0005696864615
28900	3.816613691e-05
28901	0.0005990168259
28902	0.0002443689452
28903	0.0003195251946
28904	0.0006458924972
28905	0.0002773613404
28906	0.0002255817388
28907	0.0003941892951
28908	0.00056536324
28909	0.0006625954712
28910	0.0002673301293
28911	0.0009126626283
28912	0.0001583868312
28913	0.000327040275
28914	0.0001864899107
28915	6.91081962e-05
28916	0.0002937835752
28917	0.0004043494493
28918	0.002995418803
28919	0.0004816675033
28920	0.0005331254169
28921	0.0005670501527
28922	5.544720527e-05
28923	0.0003898494238
28924	0.003613657204
28925	5.866765162e-05
28926	0.0002269936384
28927	2.031213911e-05
28928	0.0006991468333
28929	0.001789864603
28930	0.0008858441921
28931	0.0004752801296
28932	0.0005702176659
28933	0.0004254523595
28934	1.15072623e-05
28935	0.0003621361839
28936	0.0005556991042
28937	2.587874238e-05
28938	0.001612204251
28939	0.001220794731
28940	5.346304201e-05
28941	0.0001419071576
28942	0.0004347170151
28943	0.0009312955488
28944	0.0002904556147
28945	0.0004428891101
28946	0.0002641465994
28947	5.266142955e-05
28948	0.0001940432318
28949	0.0006199688664
28950	0.0007692685563
28951	0.0003243991241
28952	2.465906157e-05
28953	0.0007935081306
28954	0.0002566763991
28955	0.0001532683212
28956	8.64005377e-05
28957	0.0005209806724
28958	0.0006431512244
28959	0.000553868196
28960	2.491155873e-05
28961	0.0006621806968
28962	0.001011046934
28963	3.478118243e-05
28964	0.0007280723958
28965	0.000925118057
28966	0.0001347351177
28967	0.0005688677237
28968	0.0001868714292
28969	7.346719541e-05
28970	0.0004307114536
28971	0.0007317227218
28972	0.0003875243461
28973	0.0007406535436
28974	0.0004675941139
28975	0.0002278212041
28976	0.000713152257
28977	4.111450998e-05
28978	0.0003448771034
28979	0.0004522275231
28980	0.000365711946
28981	0.0007116984801
28982	2.352546886e-05
28983	0.001238030677
28984	0.0003021423073
28985	0.0002348084689
28986	0.0001241245782
28987	0.0001556915628
28988	0.0004760425486
28989	0.0001768648089
28990	0.0001166474017
28991	0.0003129643466
28992	0.0001085961648
28993	0.0008881104801
28994	0.0004373920812
28995	0.0002175963174
28996	1.695249168e-05
28997	0.0002497927344
28998	0.002397419902
28999	0.000644206718
29000	0.0002047887527
29001	0.001843497689
29002	0.0003230553836
29003	0.003026254968
29004	0.0002144052098
29005	0.004120543577
29006	0.002280581086
29007	0.004588830683
29008	0.00109948567
29009	0.0007811135698
29010	0.0003679639111
29011	0.0007083340993
29012	0.0001946276207
29013	9.619424718e-05
29014	0.0008514145025
29015	0.0006114130753
29016	0.0006761002691
29017	0.0002448781531
29018	0.000188725653
29019	0.001058245682
29020	0.0006793267142
29021	0.0001808676198
29022	0.0003890155371
29023	0.0004374392179
29024	0.0002590503072
29025	5.72446621e-05
29026	0.0005795773227
29027	0.000414337618
29028	0.0006512382346
29029	0.0002089134562
29030	0.0001817395262
29031	9.332463845e-05
29032	0.000309407284
29033	0.0002902375133
29034	0.001099336717
29035	0.0003398244348
29036	0.0002524301958
29037	4.610944166e-05
29038	0.00261892081
29039	3.94382333e-05
29040	3.593290906e-05
29041	0.001433606433
29042	3.356936204e-05
29043	0.0001879079519
29044	1.190433364e-05
29045	6.156256884e-06
29046	0.0001473087345
29047	0.0006048393838
29048	0.001853256296
29049	0.005205015495
29050	0.001422487554
29051	5.956599575e-05
29052	8.604215097e-05
29053	0.0007478627161
29054	0.0003784436994
29055	0.000745065131
29056	0.001434424892
29057	0.007540033581
29058	0.002450186326
29059	0.001493998461
29060	0.002137124447
29061	0.0002855552276
29062	0.0002346138388
29063	0.002564743052
29064	0.007599381601
29065	0.002118499006
29066	0.002624916316
29067	0.001608866973
29068	8.602836531e-05
29069	0.004657614275
29070	0.002818639447
29071	0.001768348391
29072	0.0006996022076
29073	0.0005960242044
29074	0.005063583335
29075	0.0006016411991
29076	0.00122243891
29077	0.0001069821354
29078	0.0002754860097
29079	0.0006686175866
29080	0.002872317366
29081	8.146359812e-06
29082	0.000831842516
29083	0.0009840288396
29084	0.0004669699614
29085	0.002049330911
29086	0.001300211521
29087	0.003962222367
29088	0.005318775892
29089	0.006379640703
29090	0.004180752675
29091	0.001474481108
29092	0.001158662247
29093	0.005165791237
29094	0.002330219954
29095	0.001393368402
29096	0.005509924543
29097	0.001795229621
29098	0.0008098633996
29099	0.001739895463
29100	0.003417256607
29101	0.001272716897
29102	0.002096935422
29103	0.002382950121
29104	0.003254649338
29105	0.001571722547
29106	0.001644337546
29107	0.00149789586
29108	0.0005642599811
29109	0.004216225998
29110	0.001014284366
29111	0.000265452991
29112	0.0006671238894
29113	0.001246634883
29114	0.00452270513
29115	0.001412771873
29116	0.0003988203828
29117	0.0004495116654
29118	0.001070987907
29119	0.001627593313
29120	0.003568697049
29121	0.0005493670054
29122	0.0009577087809
29123	0.0008524672201
29124	0.002766930563
29125	0.002692362774
29126	0.0005057943087
29127	0.001303738657
29128	0.002020310726
29129	0.000309007
29130	0.003234692676
29131	0.0006060234029
29132	0.0008202212515
29133	0.003948331068
29134	1.451786265e-05
29135	0.002088202808
29136	0.001014999878
29137	0.00696506411
29138	3.752132469e-05
29139	0.001545791592
29140	0.00336682618
29141	0.0004629375691
29142	0.006475814373
29143	0.0009195707764
29144	0.002276926912
29145	0.002780226011
29146	0.0002535795308
29147	0.001905891797
29148	0.003105322557
29149	0.001177710661
29150	0.0001850611393
29151	0.0004927433919
29152	0.000359749567
29153	0.00211264769
29154	0.004764935247
29155	0.001115669079
29156	0.001390490429
29157	0.00180935401
29158	0.0007196624527
29159	0.0006066585845
29160	0.0009766860052
29161	0.003618079319
29162	0.005117900548
29163	0.0008066763638
29164	0.0009542303114
29165	0.002015376144
29166	0.001080932519
29167	0.001193582288
29168	0.0006079072372
29169	0.0003061614155
29170	0.001337773099
29171	0.002187218917
29172	0.001829379351
29173	0.0005173741166
29174	0.008835468164
29175	0.0004551954807
29176	0.001987965394
29177	0.0009491453318
29178	0.0009487852194
29179	0.003439485438
29180	7.363425223e-05
29181	0.001515861251
29182	0.00257407887
29183	0.001292442213
29184	0.001125928015
29185	0.0005709135501
29186	0.002717090552
29187	0.0008230823313
29188	0.001875082088
29189	0.0003463373745
29190	0.001957608598
29191	0.00074052846
29192	0.0004091830507
29193	0.004633182406
29194	0.0005019874499
29195	0.0009880507051
29196	0.0008103654412
29197	0.001000118155
29198	0.0001108707451
29199	0.0002891535588
29200	0.001586402109
29201	0.007399913687
29202	5.604868526e-05
29203	0.001436247457
29204	0.004573824573
29205	0.007025037694
29206	0.0006829081862
29207	4.134382403e-05
29208	2.397124723e-05
29209	0.001580401201
29210	0.005902765057
29211	0.002095707827
29212	9.926522105e-05
29213	0.001288698246
29214	0.001511173771
29215	0.002141755861
29216	0.001492709311
29217	0.003055766337
29218	0.0005130470094
29219	0.001673409904
29220	0.001892109182
29221	0.0002932416954
29222	0.00220109633
29223	0.001320738081
29224	0.00375286771
29225	0.0006189725336
29226	0.004464986928
29227	0.001335748612
29228	0.0002712586814
29229	0.001174550593
29230	7.047067113e-05
29231	0.002198263235
29232	2.662092024e-05
29233	0.001675240784
29234	0.005598591437
29235	0.0001141103261
29236	0.000284770603
29237	0.002352613731
29238	0.002444498375
29239	0.003077251077
29240	0.001375742413
29241	0.002562125358
29242	0.001184024622
29243	0.0005206615562
29244	0.0003767008906
29245	0.0007767558198
29246	0.00214060413
29247	0.001278274163
29248	0.005553147059
29249	0.002093821684
29250	0.001526576061
29251	0.0008444458281
29252	0.006995921345
29253	0.001103832098
29254	0.009253576268
29255	0.0008077589009
29256	0.0009698642943
29257	0.002016851863
29258	0.0001143323122
29259	0.002666521569
29260	0.002675884278
29261	0.001856912088
29262	0.004722309787
29263	0.0001982817271
29264	0.001997277883
29265	0.002462037474
29266	0.007911412449
29267	0.001204111083
29268	0.003124485923
29269	0.0003300971258
29270	0.003048370478
29271	0.005247637988
29272	0.003786713299
29273	0.002128735204
29274	0.0009438199837
29275	0.002818881686
29276	0.003275726204
29277	0.00293096578
29278	0.00120731025
29279	0.002685478178
29280	0.001560662136
29281	8.034671064e-05
29282	0.003080409765
29283	0.001318444339
29284	0.002918749094
29285	0.0002792547463
29286	0.0008133761376
29287	0.002745711153
29288	0.003713211972
29289	0.001753143027
29290	0.003719571148
29291	0.005181485655
29292	0.002561967849
29293	0.003398959035
29294	0.01029933944
29295	0.000724545728
29296	0.000384809735
29297	0.001957236615
29298	0.004352736084
29299	0.007701392582
29300	0.007058464534
29301	0.000247924094
29302	0.007390402334
29303	0.0004220782794
29304	0.00141855926
29305	0.0001425480452
29306	0.003517528379
29307	0.005341896222
29308	0.007329580479
29309	0.002790988979
29310	0.005423448952
29311	0.006120399753
29312	0.006988797194
29313	0.002705186863
29314	0.0006515515186
29315	0.003678743151
29316	0.00898387293
29317	0.0006750977517
29318	0.001320969943
29319	0.00204698142
29320	0.002367480846
29321	0.005690626461
29322	0.0005492758129
29323	0.001755371743
29324	0.002962124146
29325	8.852619188e-05
29326	0.002637463529
29327	0.002132311518
29328	8.906859971e-05
29329	0.001038062453
29330	0.001823883715
29331	0.001663659955
29332	0.001117154385
29333	0.0002885910848
29334	0.0003078360723
29335	0.004696776802
29336	0.005523922853
29337	0.004863441067
29338	0.007351420796
29339	0.002039305326
29340	0.0003822454883
29341	0.0031835153
29342	0.01054097775
29343	0.0008097809864
29344	0.008755178808
29345	0.0001753909455
29346	0.003607421903
29347	0.0001576133828
29348	0.00806464984
29349	0.0001686042357
29350	0.0003112760602
29351	0.004327910177
29352	0.007292072644
29353	0.005569050091
29354	0.004992966465
29355	0.002717976204
29356	0.004652257067
29357	0.002928421127
29358	0.0003937745086
29359	0.008199332378
29360	0.003280735318
29361	0.0006992023234
29362	0.0022067805
29363	0.001816406987
29364	0.000381582684
29365	0.002151508003
29366	0.0009743922849
29367	0.0008343917546
29368	0.003383655954
29369	0.002591728162
29370	0.001157772421
29371	0.002012371838
29372	0.001550960137
29373	0.001763041908
29374	0.001069134954
29375	0.001468951174
29376	3.070046173e-08
29377	0.00138023367
29378	0.001761928689
29379	0.003362981507
29380	0.004507979236
29381	0.000467843533
29382	0.002934942527
29383	0.001157988798
29384	0.0003831252215
29385	0.002801089137
29386	0.004523306573
29387	0.00192760244
29388	0.0006620712538
29389	0.002236432609
29390	0.004449782896
29391	5.526083112e-08
29392	0.0001165599352
29393	0.002324013323
29394	0.007418966844
29395	0.005441762705
29396	0.002638882836
29397	0.003274859014
29398	0.00262072712
29399	0.0003375124254
29400	0.002674800448
29401	0.002664312246
29402	0.001016221819
29403	0.001426123414
29404	0.005022132371
29405	0.0005414639973
29406	0.003421781556
29407	0.002857889873
29408	0.002866613978
29409	0.001310812391
29410	0.002068668791
29411	0.001421523164
29412	0.002269536167
29413	0.0008504391421
29414	0.0009754830559
29415	0.0002343760863
29416	0.002434179075
29417	0.001055543978
29418	0.001955776886
29419	0.004159873967
29420	0.001276964306
29421	0.003755593983
29422	0.0003463490345
29423	0.001970085613
29424	0.0006047148175
29425	0.0021762719
29426	0.00400944206
29427	6.535197772e-05
29428	0.00271813447
29429	0.0004969239647
29430	0.002008424613
29431	0.0003442555129
29432	0.001421164411
29433	0.0004749609794
29434	0.002402595707
29435	0.00111284905
29436	0.005686936512
29437	0.0002530251421
29438	0.0009671737688
29439	0.001557981293
29440	0.001788443985
29441	0.005589279917
29442	0.001105724675
29443	0.0008055416388
29444	0.0001707498128
29445	0.003458920162
29446	0.003961645836
29447	0.0006087784485
29448	0.003919651343
29449	0.0001773424424
29450	0.001518258013
29451	0.001444757369
29452	0.0001240222557
29453	0.0009124244763
29454	0.0002990428464
29455	0.0003517113859
29456	0.0005550809617
29457	0.0006586415623
29458	0.0003811515548
29459	0.0001777739376
29460	0.0001659753859
29461	0.001274432049
29462	0.0003664508084
29463	0.0004193760748
29464	0.002243714137
29465	0.00142995336
29466	0.0008002448298
29467	0.0001173298259
29468	0.001014674072
29469	0.0008389682434
29470	0.0001865264942
29471	0.0008905713505
29472	0.000357802042
29473	0.004130680805
29474	0.002707170888
29475	0.001925515739
29476	0.0002190642758
29477	0.00189487852
29478	0.003188846588
29479	0.001633979176
29480	0.00422993524
29481	0.00291169277
29482	0.002038598516
29483	0.001479013788
29484	0.005167634022
29485	0.0003422639511
29486	0.0004898933627
29487	0.004183040257
29488	0.003564406366
29489	0.001026714484
29490	0.00325910688
29491	0.00146192493
29492	0.002689784505
29493	0.0005287706615
29494	0.0005342079973
29495	0.004060610332
29496	0.0002481680577
29497	0.0003262511116
29498	0.002926267971
29499	0.001520945264
29500	0.006639878234
29501	0.001391552594
29502	0.001665966642
29503	0.001083136631
29504	0.00308869404
29505	0.0004154434801
29506	0.0005619486499
29507	0.0002209628285
29508	0.006020169955
29509	0.0002408013801
29510	0.00595162149
29511	0.001823002261
29512	0.002624853144
29513	0.000536487079
29514	0.001126443373
29515	0.001083762644
29516	0.002969016196
29517	0.0001507149632
29518	1.853424702e-05
29519	0.001687321588
29520	0.003620444525
29521	0.0005116317015
29522	0.001835699799
29523	0.001016875975
29524	0.006176915771
29525	0.001543295714
29526	5.496147291e-05
29527	0.0003874315377
29528	0.001311271677
29529	0.0001094559552
29530	0.0005561168812
29531	0.0003683507874
29532	0.003678527251
29533	0.002958740242
29534	0.004830861885
29535	0.0003508473407
29536	0.001409974446
29537	0.008931249624
29538	0.004161632415
29539	0.0006762017212
29540	0.001100582845
29541	0.0001149243461
29542	0.0001021484667
29543	0.0004508704727
29544	0.002130289874
29545	0.001747891893
29546	0.008338795839
29547	0.0007279827159
29548	0.003435104351
29549	0.002906881405
29550	0.003808413533
29551	0.001712112113
29552	0.0005021045608
29553	0.0020362902
29554	0.008985548789
29555	0.000566066851
29556	0.002610550974
29557	0.001686846162
29558	0.002466700455
29559	0.0004754730034
29560	0.00183880541
29561	0.001038546145
29562	0.001548330626
29563	0.0002732519606
29564	0.006832970613
29565	0.006368671728
29566	0.0002728801891
29567	0.0004129472531
29568	0.0002509462377
29569	0.0002736072298
29570	0.0003336280124
29571	0.003660055035
29572	0.0002131020065
29573	4.619316612e-05
29574	0.0001138462707
29575	0.000403668787
29576	0.0006163250587
29577	0.000942856073
29578	0.0005649003611
29579	0.0003781029023
29580	0.0008894630201
29581	0.0003001612317
29582	0.0008774230771
29583	0.0008075472826
29584	0.0007083515873
29585	0.0006109775531
29586	0.0003481667561
29587	0.0004509851251
29588	0.001005166543
29589	0.0003894426938
29590	0.0006976846195
29591	0.0002804795172
29592	0.0009771259626
29593	0.0003359946617
29594	0.006015086862
29595	0.001135096335
29596	0.0005044758264
29597	0.0009324626217
29598	0.001773399312
29599	0.0002994543127
29600	0.0006255702222
29601	7.310320004e-05
29602	0.0004555904919
29603	2.771149883e-05
29604	0.0004885172036
29605	0.001067731463
29606	0.001955710138
29607	0.001120580158
29608	0.0003677091058
29609	0.0005186403787
29610	0.002310219327
29611	0.005451315575
29612	0.0004872793119
29613	0.003847093416
29614	0.003466217579
29615	0.001034094665
29616	0.0008445335284
29617	0.003505094446
29618	0.004451026443
29619	0.0008941389065
29620	0.0005859824045
29621	0.00258845375
29622	0.0003973348715
29623	0.0009096027497
29624	0.003865667327
29625	0.001948404815
29626	0.0007108385047
29627	0.002315820673
29628	0.0009311040909
29629	0.0008142002682
29630	0.0006242414613
29631	5.710438174e-05
29632	0.001068099972
29633	0.0006556391327
29634	0.005068163612
29635	0.0005829490569
29636	0.001094784928
29637	0.002259526586
29638	0.0009455774515
29639	0.001885922645
29640	0.0005301211273
29641	0.00103727438
29642	0.001002207205
29643	0.006556077351
29644	9.997028399e-05
29645	0.002359800715
29646	7.610091958e-06
29647	0.0005899845718
29648	0.0005380255145
29649	0.001212364718
29650	0.002634096093
29651	0.0005166734014
29652	0.0005048381057
29653	0.0007623441406
29654	0.001159570202
29655	0.005715936093
29656	0.0007731333913
29657	1.223462641e-05
29658	0.002989958257
29659	0.0006187180806
29660	0.0003126165797
29661	0.000906815096
29662	0.0003771150291
29663	0.00297274123
29664	0.001787914703
29665	0.0005108961737
29666	0.0003398324336
29667	0.002520119464
29668	0.002253624651
29669	0.001252196324
29670	0.001049170085
29671	0.003968803302
29672	0.000346508686
29673	0.001460760003
29674	0.0007254592866
29675	0.0007388939891
29676	0.001095268484
29677	0.002231842199
29678	0.001291583765
29679	0.0004403753273
29680	0.007537573635
29681	0.0005091598587
29682	0.0009117549515
29683	9.898429747e-05
29684	0.001353112743
29685	0.0003632096145
29686	0.003038766609
29687	0.001500214269
29688	0.0009417035737
29689	0.0003292043539
29690	0.0002253270153
29691	0.0008464959989
29692	0.001419192505
29693	0.000631466472
29694	0.0002977608238
29695	0.001701608668
29696	0.003632736252
29697	0.0004103261814
29698	0.0008609006715
29699	0.001558947871
29700	3.288546053e-06
29701	0.0001913109266
29702	0.0005891524961
29703	0.0001524264105
29704	0.003180286652
29705	0.00176967463
29706	0.00201672703
29707	0.0009300807223
29708	0.0005664584227
29709	0.007086345841
29710	0.0007311513203
29711	0.001488472629
29712	0.0005665719803
29713	0.001365559721
29714	0.001028921984
29715	0.000119946058
29716	0.004083052506
29717	0.001227612024
29718	0.002077523118
29719	0.002518742088
29720	0.008833382089
29721	0.005856576011
29722	0.004943240896
29723	1.569884014e-05
29724	0.0002150706152
29725	0.0005041900836
29726	0.003853934902
29727	0.002194430049
29728	0.001526678908
29729	0.004249488347
29730	0.001933348919
29731	0.0001877053061
29732	0.002659894956
29733	0.002309937026
29734	0.0009054910609
29735	0.001120051175
29736	0.0004946525653
29737	0.0003131685996
29738	0.0004500825455
29739	0.002721566273
29740	0.005499444212
29741	0.001365506279
29742	0.001788904957
29743	0.0007685471699
29744	0.001870493069
29745	0.00122124493
29746	0.002800493234
29747	0.00456300754
29748	0.00293475912
29749	0.001601392325
29750	0.001143319087
29751	0.001695633479
29752	0.009745076658
29753	0.001588497895
29754	0.00271407538
29755	0.004182349202
29756	0.002629359672
29757	0.004150865776
29758	0.0007625650908
29759	0.0009664861535
29760	0.0007586769731
29761	0.000771234141
29762	0.006045521218
29763	0.001025298377
29764	0.001956529863
29765	0.001282183592
29766	0.0004121494375
29767	0.002432054067
29768	0.0005808757035
29769	0.0004211372012
29770	0.001516844574
29771	0.0003348377143
29772	0.0002149211513
29773	4.793549634e-05
29774	0.002386236768
29775	0.00359688091
29776	0.0009931801695
29777	6.077094077e-05
29778	0.0001171705273
29779	0.00123794455
29780	0.0009399084855
29781	0.0002105106594
29782	0.003115953875
29783	0.002506811043
29784	0.001683689785
29785	0.001965989151
29786	0.007770458573
29787	0.004403363211
29788	0.0009888501422
29789	0.0009094334608
29790	3.714582064e-05
29791	0.0001196773122
29792	0.003695282784
29793	0.001185103082
29794	0.001296843272
29795	0.0009524722224
29796	0.004802340095
29797	0.001814346716
29798	0.002464897693
29799	0.00220338305
29800	0.0001158535869
29801	0.002187491613
29802	0.006140407327
29803	0.002246673757
29804	0.003252866472
29805	0.001077273922
29806	3.939980207e-05
29807	0.0006320733078
29808	0.0002429954705
29809	0.001769342664
29810	0.0004907835184
29811	0.0007863505766
29812	0.006094812637
29813	0.006760147565
29814	0.001725640922
29815	0.001263227668
29816	0.001130905648
29817	0.00287199529
29818	0.001289968545
29819	0.002098477621
29820	0.0001549170526
29821	0.002021477217
29822	0.004600446377
29823	0.002707674598
29824	0.005266669905
29825	0.0009356807282
29826	0.001187520856
29827	0.001066606367
29828	0.002208085994
29829	0.001831928654
29830	0.0005051870994
29831	0.0009474412061
29832	0.0005605209851
29833	0.0001519306359
29834	0.0007742003756
29835	0.0003946167615
29836	0.0003080296582
29837	0.0005934723364
29838	0.002099178337
29839	0.004757182554
29840	0.006051191764
29841	0.004696729117
29842	0.0002393876807
29843	2.224375453e-05
29844	0.001023534996
29845	0.005216845054
29846	0.0007197430146
29847	0.0004657426005
29848	0.001209426658
29849	0.001307390108
29850	0.0009108003967
29851	0.00342906261
29852	0.002378116586
29853	0.004407871292
29854	0.001084178693
29855	0.004459719156
29856	0.002553447421
29857	0.0001466855605
29858	0.001388917505
29859	0.0004608591239
29860	0.0003724080066
29861	0.0001362460608
29862	0.0006842701069
29863	0.002532679616
29864	0.0006012644768
29865	0.003080718294
29866	0.001088203723
29867	3.473802731e-05
29868	0.002825974515
29869	0.0001708606542
29870	0.000861112916
29871	0.002488049093
29872	0.003792389085
29873	0.0003371247788
29874	0.00405668554
29875	0.001550361108
29876	0.001862332798
29877	0.005131743788
29878	0.0003477378016
29879	0.004026376059
29880	0.0006564763255
29881	0.0006396874763
29882	0.0002970479695
29883	0.001026781703
29884	0.001304677584
29885	0.003035848352
29886	0.000844918495
29887	6.088898576e-05
29888	0.0006680731711
29889	0.001197247533
29890	0.0007449349098
29891	0.0004106699357
29892	0.001158784373
29893	0.0003492017754
29894	0.007112393773
29895	0.00581150713
29896	0.004148971565
29897	0.002400517582
29898	0.001951510716
29899	0.001239918816
29900	0.0009697149596
29901	0.0001588021095
29902	0.001269577835
29903	0.002700816343
29904	0.0008169114067
29905	0.001329275222
29906	0.002415586003
29907	0.001914516084
29908	0.0005425744033
29909	0.005445340566
29910	0.0004294023573
29911	0.001592714988
29912	0.001339583509
29913	0.002296735411
29914	0.002018258851
29915	0.0001278200965
29916	0.0006333243005
29917	0.0002796680382
29918	0.0001564962145
29919	0.005202492177
29920	0.003601221093
29921	0.001969622019
29922	0.0001954528334
29923	0.002571231274
29924	0.000354271754
29925	0.0003781718525
29926	0.0001740209106
29927	0.0003093459591
29928	0.0003494980508
29929	8.000500982e-06
29930	0.0006547508947
29931	0.002002579024
29932	0.001823185084
29933	0.001165292365
29934	0.004758369421
29935	0.003643214754
29936	0.001953175619
29937	0.0001109036114
29938	0.0003728138951
29939	0.0002925490464
29940	0.00100782018
29941	0.0002685861108
29942	0.00212412629
29943	0.001006795975
29944	0.001613787585
29945	0.0005254244127
29946	0.0003657764566
29947	0.0001013743628
29948	0.001077031607
29949	0.000694510303
29950	0.0005420706541
29951	0.001781093654
29952	0.002390725047
29953	0.002135642179
29954	0.002001058309
29955	0.002684404698
29956	0.001175563123
29957	0.001189853134
29958	0.000905276605
29959	0.0004128834392
29960	0.001925100491
29961	1.483866768e-05
29962	0.001375359263
29963	0.00196920352
29964	0.0003055736942
29965	0.0005701552205
29966	0.004715868101
29967	0.001971967171
29968	0.001515527412
29969	0.001259830446
29970	0.003750750951
29971	0.00140471622
29972	0.0006612803494
29973	0.002014772037
29974	0.004767645608
29975	0.0007400249426
29976	0.002839425691
29977	0.0006767652057
29978	0.003521910841
29979	0.0009476082043
29980	0.0005512724722
29981	0.001176604315
29982	0.006099958219
29983	0.0004800605477
29984	0.004791841635
29985	0.001547551598
29986	0.0005860079337
29987	0.0006739446707
29988	0.0007768873774
29989	0.0001522341164
29990	0.0009373007923
29991	1.320670876e-06
29992	0.0006330229829
29993	0.0006902338336
29994	0.0005468801795
29995	0.001940079901
29996	0.002900963114
29997	0.0006056241525
29998	0.0006153659036
29999	3.176481197e-05
30000	2.318987865e-05
30001	0.003280357497
30002	9.071923095e-05
30003	0.001651739783
30004	0.001334184112
30005	0.0001081979618
30006	0.0008206762787
30007	0.0004696710827
30008	0.001920810996
30009	0.001707826263
30010	0.00381482603
30011	0.001710541038
30012	0.003368264607
30013	0.0004414034134
30014	0.0009714778826
30015	0.0004116973631
30016	9.087132489e-06
30017	0.0007358659051
30018	0.001104303713
30019	0.000161848972
30020	0.001448085685
30021	0.0003902245602
30022	0.0005092770805
30023	0.002716120682
30024	9.409472844e-05
30025	0.0002004462105
30026	0.0001114032129
30027	0.000499559538
30028	0.004614924358
30029	0.0005943826208
30030	0.001629308004
30031	0.001326497845
30032	0.0008979961966
30033	0.002854701261
30034	0.000117116081
30035	0.001848328359
30036	0.0004740967367
30037	0.000792656729
30038	0.0007838642806
30039	0.00110964729
30040	0.001650705586
30041	0.004185167943
30042	0.004816312816
30043	0.002748649663
30044	0.002982211872
30045	0.001301757975
30046	0.0002624737451
30047	0.001146419651
30048	0.0001978161006
30049	0.0001653813368
30050	0.0008040253387
30051	0.00159523802
30052	0.0003070852367
30053	0.001418865334
30054	0.0001558593491
30055	0.002492278292
30056	8.302335095e-05
30057	0.001057464989
30058	0.0001083145787
30059	0.0004460223934
30060	0.001721745296
30061	0.00183381196
30062	0.005493825636
30063	0.0004276482561
30064	0.0007718540399
30065	0.001818920711
30066	0.001473588304
30067	0.005158853566
30068	0.003356827084
30069	0.0007508384123
30070	0.001827538158
30071	0.0009878000633
30072	0.0002431539055
30073	0.0004130131139
30074	0.001753453131
30075	0.001267376325
30076	0.000608226111
30077	0.0007347715012
30078	5.350943024e-05
30079	0.004935663758
30080	0.0002493525925
30081	0.000227987778
30082	0.0005997381184
30083	0.0004559185055
30084	0.004509179511
30085	0.0005914776884
30086	0.001958676435
30087	0.0007472710786
30088	0.001002037581
30089	0.0001000052312
30090	0.0005023704978
30091	0.00137594679
30092	0.00106849682
30093	0.004125846113
30094	0.001804897415
30095	0.003542141413
30096	0.001189268537
30097	0.00587629537
30098	0.001966737207
30099	0.001529336234
30100	0.001356831167
30101	0.0006333134
30102	0.001345061626
30103	0.0001878690324
30104	0.0003786992739
30105	0.001386188481
30106	0.0001533389903
30107	0.002649525554
30108	0.0003478938412
30109	0.0002139066953
30110	0.002344390819
30111	0.0004475424254
30112	0.0004805534132
30113	0.001335275183
30114	0.001405699495
30115	0.002076586461
30116	0.0007570574391
30117	0.001823957874
30118	0.0003642024367
30119	0.0008630401398
30120	0.002529440563
30121	0.006114831678
30122	0.001032828571
30123	0.003324236317
30124	0.0009163623868
30125	3.191762899e-05
30126	0.0001354145074
30127	0.001134658753
30128	0.0009630017336
30129	0.003371087561
30130	0.001483411492
30131	0.005123494999
30132	0.001751545613
30133	0.005088857365
30134	0.002791583432
30135	0.0003563150522
30136	0.001236044659
30137	0.0008064948861
30138	0.001610637628
30139	0.0002541581151
30140	9.939607686e-05
30141	0.0005246711256
30142	0.0004663715151
30143	0.001083850446
30144	0.001908442449
30145	0.0002052501992
30146	0.0003746613868
30147	0.00147159434
30148	0.006021903465
30149	0.002694380393
30150	0.003798051933
30151	0.0004157046803
30152	0.001668337298
30153	0.001055759525
30154	0.0006830273769
30155	0.0001934678411
30156	0.0001482769015
30157	0.00033764016
30158	0.0005747073243
30159	0.002611962128
30160	0.0008212677156
30161	0.003334256625
30162	0.003095268444
30163	0.0007555584794
30164	0.0004162242592
30165	3.601377059e-05
30166	0.0003642512706
30167	0.001034387713
30168	5.268046171e-05
30169	0.003659743828
30170	0.001137873824
30171	0.0003859359428
30172	0.001121972018
30173	0.004955980594
30174	0.0006335858223
30175	0.0001101056405
30176	0.0001517608153
30177	0.002157799488
30178	0.001124907062
30179	0.0004008143641
30180	0.0003502498558
30181	0.0002640089473
30182	0.003684215947
30183	0.0001277511995
30184	0.003681102492
30185	0.0003654825958
30186	3.261613195e-05
30187	0.001174225368
30188	0.0003929170944
30189	0.0006546583201
30190	0.001998151324
30191	0.001039195038
30192	0.0005417251822
30193	0.001818462307
30194	0.000385701907
30195	0.003052927048
30196	0.0004367824362
30197	5.128819819e-05
30198	0.00245960335
30199	0.0006380710497
30200	0.002247528347
30201	0.003686539032
30202	0.0007244068517
30203	0.0007510783857
30204	0.006554155744
30205	0.001836777575
30206	0.0004898481643
30207	0.0001423706597
30208	0.00057997918
30209	0.000602785494
30210	0.0003744593927
30211	0.001733618942
30212	0.003131554554
30213	0.0009411885526
30214	0.002478307939
30215	0.001372588367
30216	0.004719558846
30217	0.001087514251
30218	0.005471430347
30219	0.002095940223
30220	0.001629300938
30221	0.001322625027
30222	2.12429252e-05
30223	0.0004718756455
30224	0.000993390167
30225	0.00548041412
30226	0.000610179887
30227	0.0005014653036
30228	0.0003140970921
30229	0.0007216386976
30230	0.0001243315879
30231	0.003495169974
30232	0.004037066827
30233	0.001375377239
30234	0.0007068110913
30235	0.00187270678
30236	0.001667952815
30237	0.0008251257555
30238	0.0002945073012
30239	0.001504611282
30240	4.193628969e-05
30241	0.0001116989122
30242	0.002912595841
30243	0.0001538805057
30244	0.0006162220973
30245	0.0002393909269
30246	0.0002399444399
30247	0.00374453779
30248	0.001388254396
30249	0.0009671941704
30250	0.001072205271
30251	0.00114642905
30252	0.0029551511
30253	0.001982033692
30254	0.001105869631
30255	0.0001630251501
30256	0.0002950739273
30257	0.00195373879
30258	0.0006099330991
30259	0.007530642041
30260	0.0005919443264
30261	0.0005336439949
30262	0.0003621667089
30263	0.0009459336764
30264	0.001269461467
30265	0.00284552751
30266	0.0005276635663
30267	0.001349605758
30268	0.001939931924
30269	0.005646220235
30270	0.0005293949833
30271	0.0003315328489
30272	0.0006215284969
30273	0.001396555672
30274	0.0004801088938
30275	0.002931060581
30276	0.000885363876
30277	0.0002874521232
30278	0.005941229527
30279	0.0005256229348
30280	0.0004456369001
30281	0.0005853739871
30282	0.0001901431381
30283	0.007329584581
30284	0.0001246442937
30285	0.0005562778094
30286	0.0001944996314
30287	0.0005496112901
30288	0.001269505511
30289	7.890234746e-05
30290	5.914466476e-05
30291	0.003862516968
30292	0.0003245442329
30293	8.981274603e-05
30294	0.000668014375
30295	0.002107108348
30296	0.002109708162
30297	0.001360469447
30298	0.001197272875
30299	0.003118819836
30300	0.00414975074
30301	0.002424693049
30302	0.002569412227
30303	0.0006776550936
30304	4.51326171e-05
30305	0.001015787426
30306	0.0005375394395
30307	2.254909724e-05
30308	0.002249557679
30309	0.0004369041834
30310	0.0004862223685
30311	0.002681665775
30312	0.002021859193
30313	0.0001557491331
30314	0.0007844381538
30315	0.00114815065
30316	0.0008053219613
30317	0.0007760447898
30318	0.001183002544
30319	0.0009433618557
30320	0.0006206837459
30321	0.00145066061
30322	7.658065408e-05
30323	0.0005064197181
30324	0.0001658932221
30325	0.0009188638576
30326	0.0003158690915
30327	0.0003634287687
30328	0.001559995011
30329	0.0008761537705
30330	5.618246616e-05
30331	0.0002373411512
30332	0.002194310992
30333	0.0002710830157
30334	0.0006957212616
30335	0.0004296727992
30336	0.001259210738
30337	0.000581565104
30338	0.0006933030166
30339	0.0006436657176
30340	0.001986341064
30341	0.003992479919
30342	0.0004460648393
30343	0.0008081088637
30344	0.001191474947
30345	0.0007304261011
30346	0.0003646519571
30347	0.001577498064
30348	0.00110688152
30349	0.00063302367
30350	0.0005173112954
30351	0.004237930294
30352	0.0008090860007
30353	0.0002437686692
30354	0.0005817291513
30355	0.00260068925
30356	0.002018348583
30357	0.003404120412
30358	0.001045657689
30359	0.001555427332
30360	0.002175990266
30361	0.001780651475
30362	0.0001881980554
30363	0.009275372766
30364	0.000908987688
30365	0.0004946695681
30366	0.0002072871873
30367	0.001018343879
30368	0.0003001627172
30369	0.0001771183851
30370	0.003720079896
30371	0.0008733892513
30372	0.0006522871597
30373	0.0004919751396
30374	0.0009281556277
30375	0.0001967248125
30376	5.586419925e-05
30377	0.0001052617032
30378	0.002131562738
30379	0.001302492194
30380	0.0008244137332
30381	0.002320042498
30382	0.0006498959812
30383	0.00419690229
30384	0.001645236039
30385	0.0007652642986
30386	0.0001147888896
30387	0.0003213043788
30388	0.0004378473189
30389	9.373921372e-05
30390	0.000392374236
30391	0.000443506686
30392	0.001095504233
30393	0.0004097036714
30394	0.0005748232606
30395	0.0002572230281
30396	0.000110931233
30397	7.195097747e-05
30398	0.0008339605897
30399	0.000558692302
30400	0.0002294531154
30401	0.003033214958
30402	0.0003272300277
30403	0.0005930312861
30404	0.0002765248873
30405	0.0001086126245
30406	0.001816859648
30407	0.004499286709
30408	0.001301932297
30409	0.0002511685673
30410	0.0009940404838
30411	0.0009124807626
30412	0.0006391215982
30413	0.0005263492442
30414	0.0005707013998
30415	0.002716854557
30416	0.0001117137272
30417	0.00414547673
30418	0.001280355845
30419	0.009499206982
30420	0.0002088527446
30421	0.002301659708
30422	0.0004755202803
30423	0.002595134156
30424	0.001506272817
30425	0.0007786818485
30426	0.001640576188
30427	0.0001961293414
30428	0.001574811558
30429	0.001386603797
30430	0.001065080692
30431	0.001030805048
30432	5.409050897e-05
30433	0.0003183442872
30434	0.0005909903275
30435	3.351871585e-05
30436	0.0004106128902
30437	0.0007427700119
30438	0.001220398072
30439	0.00018467736
30440	0.0004874577148
30441	0.000854712728
30442	0.0002988735659
30443	0.0001991870915
30444	0.0004617020606
30445	2.972986757e-05
30446	0.0007101871274
30447	0.0001293782874
30448	0.0004315083944
30449	0.0006720795212
30450	0.0006288435092
30451	0.0006555069474
30452	0.0002131359666
30453	0.0009190161432
30454	0.0005504718555
30455	0.0001972114679
30456	0.0002048528762
30457	0.0001124792125
30458	2.372804521e-05
30459	0.0005073209345
30460	0.0004450205599
30461	0.0007091010778
30462	0.0002217111556
30463	0.000204518062
30464	0.0003063053396
30465	0.00483894626
30466	0.0005184135283
30467	0.0001819718197
30468	0.0006211758313
30469	0.0002318927779
30470	0.0001178745009
30471	0.0005930663774
30472	0.0003653420212
30473	0.002912850243
30474	0.0009552088386
30475	0.0006241984283
30476	7.093229943e-05
30477	0.000764465639
30478	0.0009406712409
30479	0.004987821394
30480	0.001883999735
30481	0.0003633881548
30482	0.0007881542034
30483	0.00189240297
30484	0.002314729177
30485	0.002569509218
30486	0.0006521684352
30487	0.0004722114642
30488	0.002283071022
30489	0.0003709559045
30490	0.0001954530564
30491	5.195523062e-05
30492	0.001554807024
30493	0.001699314313
30494	0.001840303744
30495	0.0005678839021
30496	9.753350418e-05
30497	0.0005943052
30498	0.0001543060213
30499	0.0003095101635
30500	0.001490764948
30501	0.003854662418
30502	0.002055335141
30503	0.0006846544969
30504	0.0005763569685
30505	0.0008213714127
30506	0.0001371399078
30507	0.001494259352
30508	2.88264842e-05
30509	0.001062639277
30510	0.001586828112
30511	0.001975839691
30512	0.0004155922187
30513	4.41823874e-05
30514	0.0008261450908
30515	0.00106179976
30516	0.002865449846
30517	0.003731686747
30518	0.0002436748996
30519	0.001381772439
30520	0.002029746124
30521	0.0007820657189
30522	0.001067756344
30523	0.0006974423946
30524	0.003344923186
30525	0.003768204464
30526	0.0005535811948
30527	0.003763910067
30528	0.002655515224
30529	0.001003854701
30530	0.003734362688
30531	0.005590442829
30532	0.0009206042013
30533	0.001315452024
30534	0.0008725682603
30535	0.0009604222945
30536	0.0001322339206
30537	0.0002530994371
30538	0.001971557188
30539	0.008091753678
30540	0.003977477399
30541	0.006673956925
30542	0.002051679326
30543	0.0001559614024
30544	0.002146663226
30545	0.0002216887664
30546	0.0001176578572
30547	0.002547158473
30548	0.001035218776
30549	0.001401439631
30550	0.0002592994747
30551	7.70608405e-05
30552	0.006306013765
30553	0.004604823395
30554	0.001242365578
30555	0.00194087446
30556	0.004093408098
30557	0.004567704383
30558	0.0009709600118
30559	0.001043585586
30560	0.001104985972
30561	0.001023260798
30562	0.004770385127
30563	0.007601899587
30564	0.001704935928
30565	0.002264172129
30566	0.00808425503
30567	0.0005569809977
30568	0.002580524429
30569	0.0009862564186
30570	0.0004860758302
30571	0.005990301885
30572	0.001469486986
30573	0.00130390249
30574	0.005307136821
30575	0.001515827819
30576	0.002686296532
30577	0.0003348484839
30578	0.00110824391
30579	0.0008652198378
30580	0.0005019680302
30581	0.002105992883
30582	5.736629591e-05
30583	0.0002025716044
30584	0.002868290714
30585	0.0003175271055
30586	0.00274480024
30587	0.003819350639
30588	0.0003434613734
30589	0.001111190462
30590	0.0002525612139
30591	0.006961671807
30592	0.002175013484
30593	0.0009994314942
30594	0.007107429874
30595	0.003124135592
30596	0.0003186457357
30597	0.005535479849
30598	0.0009338711426
30599	0.0003813667127
30600	0.001954944081
30601	0.002663068856
30602	0.0009094116467
30603	0.001369647729
30604	0.002833757557
30605	0.002873123043
30606	0.003433505127
30607	0.001547821971
30608	0.00176645921
30609	0.000147043167
30610	0.0004997412803
30611	0.00129614542
30612	0.0006684151298
30613	0.002371999099
30614	0.003734757549
30615	0.000475519782
30616	0.001069941374
30617	0.003133505896
30618	0.005322150844
30619	0.0005589413855
30620	0.000716647395
30621	0.002719302837
30622	0.001807465891
30623	0.004578535444
30624	0.004213784222
30625	0.000717911967
30626	0.000109617214
30627	0.00238067331
30628	0.001679350017
30629	0
30630	0.001289411145
30631	0.003644637899
30632	0.00051808466
30633	0.001444746124
30634	0.002113349526
30635	0.001804298722
30636	0.002256462811
30637	0.009347171426
30638	0.0005110732256
30639	0.0006804804032
30640	0.002729101682
30641	1.696999573e-05
30642	0.002554746139
30643	0.005887665527
30644	0.0002983971819
30645	0.001186110365
30646	0.004441423815
30647	0.006681678797
30648	0.004070700703
30649	0.001390985796
30650	0.003163492991
30651	0.003789312402
30652	0.004627246482
30653	0.004213662698
30654	0.001424573386
30655	0.0005243982146
30656	0.000798826971
30657	0.0007404192214
30658	0.0009855748823
30659	0.0004290361946
30660	0.0001788981605
30661	3.12349853e-05
30662	8.132313789e-06
30663	0.0016147185
30664	0.001935652868
30665	0.003070789892
30666	0.001197255209
30667	0.00123296186
30668	0.0009942297575
30669	0.00191163686
30670	0.0008246452187
30671	0.0002558573957
30672	0.0002919040628
30673	0.0006872648871
30674	0.0006508858704
30675	0.0005914256296
30676	0.002818577218
30677	0.002337039079
30678	0.007302527008
30679	0.0006161458591
30680	0.002062702898
30681	0.001980748472
30682	0.0003707553311
30683	0.000669202755
30684	0.002390573155
30685	0.001330524369
30686	0.003368148088
30687	0.003865925677
30688	0.001836785777
30689	0.0008238474637
30690	0.004741602689
30691	0.002209691397
30692	0.00114905804
30693	0.000770330859
30694	0.0005802895941
30695	0.000396095182
30696	0.0002351980297
30697	0.001234679188
30698	0.002018753816
30699	0.004372719895
30700	0.003721634544
30701	0.001901187676
30702	0.001809858224
30703	0.0005584210029
30704	0.00016581291
30705	0.006190068208
30706	0.0002162366295
30707	0.006184260839
30708	0.002678863086
30709	0.0009446369745
30710	0.001005907215
30711	0.0005984510188
30712	0.0003030022106
30713	0.002872769719
30714	0.003788151587
30715	0.001230579912
30716	0.004197394292
30717	0.0001717676683
30718	0.005755579873
30719	0.001242335365
30720	0.0005824725605
30721	0.004428934131
30722	0.001301659715
30723	0.001322361526
30724	0.0002005800344
30725	0.003090751506
30726	0.001985482089
30727	0.0001413815078
30728	0.00115079606
30729	0.001577569962
30730	0.003656132897
30731	0.0007525809813
30732	0.0005229115287
30733	0.002795478343
30734	0.006508478008
30735	0.0002422979991
30736	0.004920528337
30737	0.006542973773
30738	0.001538225338
30739	0.001659511271
30740	0.001252657205
30741	0.0007269476354
30742	0.003257434607
30743	0.001892841613
30744	0.0002179614274
30745	0.002129084405
30746	0.001670478661
30747	0.001758094183
30748	0.0003552933545
30749	0.005541883061
30750	0.0015099439
30751	0.001917166018
30752	0.003659619968
30753	0.0002075709156
30754	0.0001108213956
30755	0.0007960389819
30756	0.007577099037
30757	0.004967020041
30758	0.005092044283
30759	0.003212142948
30760	0.002059653306
30761	0.0007620694025
30762	0.001506734623
30763	0.001541754853
30764	0.002076945014
30765	0.003027689764
30766	0.001528865678
30767	0.0005999433323
30768	0.003453752353
30769	0.003267127284
30770	0.0004552199173
30771	0.0002420007615
30772	0.002020232333
30773	0.001153194828
30774	0.002548044828
30775	0.002623253208
30776	0.0002197913599
30777	0.001724446308
30778	0.002663242336
30779	7.013095134e-05
30780	0.0002191955188
30781	0.0007553925919
30782	0.005321250236
30783	9.061768304e-05
30784	0.0006756101574
30785	0.003287836475
30786	7.437046869e-06
30787	1.079931382e-05
30788	0.0008780074321
30789	0.00218714127
30790	0.001976906418
30791	0.002604317105
30792	0.001960630545
30793	0.002250734161
30794	0.000703685287
30795	0.002822129946
30796	0.005627499617
30797	0.0009993483794
30798	0.002269048154
30799	0.001971715501
30800	0.001612031246
30801	0.004072063554
30802	0.0002991550338
30803	0.001251794149
30804	0.002980857279
30805	0.0003289837667
30806	0.001188194861
30807	0.005619338324
30808	0.001549459825
30809	0.0006215359341
30810	0.0001020982565
30811	0.0005966302781
30812	0.002727276762
30813	0.0004967892544
30814	0.003419812
30815	0.0004357880841
30816	0.002126898603
30817	0.004624036395
30818	9.215551016e-05
30819	0.001623037556
30820	0.0002347933572
30821	0.0004869731684
30822	0.001206777557
30823	0.0006306888665
30824	0.0002121657201
30825	0.003673143051
30826	0.002424562962
30827	0.004876724299
30828	0.006266545168
30829	0.001387630721
30830	0.003755516317
30831	0.001325786598
30832	0.002928455464
30833	0.004818300081
30834	0.003195045096
30835	0.001415598364
30836	0.007568944071
30837	0.0007817047735
30838	0.002005902882
30839	0.001805565282
30840	0.004594004781
30841	0.0007724741714
30842	0.0007312949816
30843	0.006265165415
30844	0.001939873747
30845	0.003245504446
30846	0.001015635316
30847	0.000473209381
30848	0.004090370461
30849	0.001591101986
30850	3.967350558e-05
30851	0.001809783162
30852	0.002700434478
30853	0.0002338384876
30854	0.0006584926511
30855	0.0003216102213
30856	3.032942925e-05
30857	0.0008393217971
30858	0.002221720253
30859	7.060063437e-05
30860	0.0002515883223
30861	0.00306350304
30862	0.0008657846005
30863	0.0003023388838
30864	0.002436434959
30865	0.001315337167
30866	0.002043170983
30867	9.992767946e-05
30868	0.001871624888
30869	0.001617290171
30870	0.000454598893
30871	0.00259158643
30872	0.002787001838
30873	0.003842379971
30874	0.00470298629
30875	0.001280003662
30876	0.001593396034
30877	0.003109263825
30878	0.003580237263
30879	9.32253194e-07
30880	0.0003831717852
30881	0.0005814149503
30882	0.003139238129
30883	0.001239925149
30884	0.0004351015081
30885	0.0002795277689
30886	0.003404911026
30887	0.002223249867
30888	0.002721779728
30889	7.64211966e-05
30890	0.004759527662
30891	0.00192755731
30892	0.0005548479041
30893	0.001191756922
30894	0.005023329589
30895	0.0005163266534
30896	0.002018900936
30897	0.003677718753
30898	0.003675418003
30899	0.002862689733
30900	0.005273346607
30901	0.004806800264
30902	0.003193848241
30903	0.0003874194244
30904	0.002948319816
30905	0.007888005355
30906	0.0006953729219
30907	0.005774282292
30908	0.00405287533
30909	0.003224982873
30910	0.008199469022
30911	0.0001149373558
30912	0.0006450404421
30913	0.005197828462
30914	0.0007229630087
30915	0.004125230131
30916	0.003477669289
30917	0.002236142411
30918	0.0004257239988
30919	0.001310148783
30920	0.001680013104
30921	0.002764257356
30922	0.0009582792753
30923	0.0006623921423
30924	8.589999825e-05
30925	0.004418629613
30926	0.0002775262087
30927	0.0003000110334
30928	0.003210621063
30929	3.554697959e-05
30930	0.003769386314
30931	0.002236769813
30932	0.0005956262528
30933	0.001783092665
30934	0.003775791349
30935	0.00116824634
30936	0.0007605899362
30937	0.005938137876
30938	0.001066442993
30939	0.002416115623
30940	0.000675897586
30941	0.001259668073
30942	0.001859985553
30943	0.0003810684621
30944	0.002602071776
30945	0.003373974419
30946	0.003570705856
30947	0.001464384501
30948	0.002666890657
30949	0.002059826361
30950	0.001240995784
30951	0.0006271683345
30952	0.003215862191
30953	0.005442102417
30954	0.0005158302495
30955	0.0004265319112
30956	0.004899209466
30957	0.001795903049
30958	7.802482184e-05
30959	5.10949002e-05
30960	0.003686531161
30961	0.002058663216
30962	0.003480736453
30963	0.0003035788326
30964	0.003459098152
30965	0.0003954643679
30966	0.001062999748
30967	0.003631664454
30968	7.963314718e-05
30969	0.002615889967
30970	0.005167745315
30971	0.004876496
30972	0.001316928568
30973	0.002660788674
30974	0.001092172303
30975	0.0002818470748
30976	0.005179519669
30977	0.0005327224155
30978	0.001152523997
30979	9.996380638e-05
30980	0.003380442638
30981	0.007061211957
30982	0.00166347399
30983	0.002157122611
30984	0.001723334886
30985	0.001467484886
30986	0.0007869765944
30987	0.003522614187
30988	0.0006165927471
30989	0.003327626653
30990	0.004971448505
30991	0.004004518488
30992	3.418164585e-05
30993	0.003841996866
30994	0.0004547763199
30995	0.002611661072
30996	0.0006160490177
30997	0.0007625101729
30998	8.331291239e-06
30999	0.000559591969
31000	0.002894958399
31001	0.006530280076
31002	0.005839225195
31003	0.001464322432
31004	0.001671779478
31005	0.0009211485011
31006	0.0004261544255
31007	0.002274941088
31008	0.003194531386
31009	0.0007727864936
31010	0.0009193896652
31011	0.002027406507
31012	0.00519889287
31013	0.003670324379
31014	0.006027398717
31015	0.0004673745015
31016	8.188841852e-05
31017	0.004988241025
31018	0.003797936533
31019	0.0006915179288
31020	0.000969285921
31021	0.0003833328387
31022	0.003273177393
31023	0.005182579123
31024	0.001810057377
31025	0.004011821575
31026	0.003007809468
31027	0.001604952428
31028	0.002862291822
31029	0.003712305918
31030	0.0009653532903
31031	0.001989172103
31032	0.000561562891
31033	0.008568843366
31034	0.003751049398
31035	0.001431878198
31036	0.00207444055
31037	0.001983654512
31038	0.001354899247
31039	0.0005324862644
31040	0.003516735389
31041	0.002098119826
31042	0.001504145023
31043	0.001059605545
31044	6.208186512e-06
31045	0.003917004205
31046	0.0009404692913
31047	0.001518120846
31048	0.001832193615
31049	0.0007797461076
31050	0.003543568273
31051	0.00166620658
31052	0.0009036018598
31053	0.0004369937278
31054	0.001149387167
31055	0.001604466183
31056	0.002308846484
31057	0.0003476846144
31058	8.610441646e-05
31059	0.005203561663
31060	0.0002937156825
31061	0.00208456583
31062	0.00441149
31063	0.0001709500951
31064	0.0006801959857
31065	0.0009589628562
31066	0.0001241708396
31067	0.001103405752
31068	0.002568940829
31069	0.006106284448
31070	0.0009581821722
31071	0.002542504249
31072	0.0005470475198
31073	0.00133120802
31074	0.001111347753
31075	0.001960651222
31076	0.001412761361
31077	0.0005248985917
31078	0.002969423487
31079	0.0002704925089
31080	0.002160931859
31081	0.003446732906
31082	0.00313782974
31083	0.0003998564531
31084	0.003514882089
31085	0.0007742164446
31086	0.002984529169
31087	0.006991298393
31088	0.002091185742
31089	0.008742423479
31090	0.0006410432205
31091	0.001539679837
31092	0.0002181032394
31093	0.00432462734
31094	0.00426000522
31095	0.0008472371948
31096	0.003010805509
31097	0.00159163286
31098	0.000197592371
31099	0.00063542856
31100	0.002457420272
31101	0.00406720149
31102	2.315163008e-06
31103	0.003800047375
31104	0.005106669203
31105	0.003154958203
31106	0.000138776786
31107	0.0002870270166
31108	0.0006335084633
31109	0.008770273411
31110	0.000745344877
31111	0.003226827931
31112	0.0006629210345
31113	0.0004944735984
31114	0.0006636342418
31115	0.000427315233
31116	0.0006962375224
31117	0.0007568336482
31118	0.003704902545
31119	0.001645740228
31120	0.0002893932892
31121	0.00223313802
31122	0.001848011638
31123	0.00474521529
31124	0.0005785610461
31125	0.0008128460369
31126	0.001566033584
31127	0.004686489233
31128	0.001343606598
31129	0.0007613987236
31130	0.004124833214
31131	0.0008630303027
31132	0.004562501066
31133	0.0005829477415
31134	0.0002257922856
31135	0.0004756848782
31136	0.002744091346
31137	0.0006599452712
31138	0.0007861392697
31139	0.0003246899403
31140	0.0003746899317
31141	0.00115914993
31142	0.002853461738
31143	0.004957065562
31144	0.002486823115
31145	0.001886597438
31146	0.00323952012
31147	0.003839464331
31148	0.0006470902806
31149	0.001161502083
31150	0.004022331772
31151	0.004977551458
31152	0.005195522392
31153	0.00350526754
31154	0.0004770966322
31155	0.006230597349
31156	0.0009836233146
31157	0.004772480594
31158	0.007668211156
31159	0.005492664213
31160	0.0005021205382
31161	0.01361280387
31162	0.001275904259
31163	0.001769339511
31164	0.002266162215
31165	0.002311062273
31166	0.002221629413
31167	0.0002407783877
31168	0.002338248609
31169	0.004230442337
31170	0.002936143289
31171	0.003996701138
31172	0.001422015404
31173	0.003431550106
31174	5.922997916e-05
31175	0.002801547778
31176	0.001642050278
31177	0.003246111408
31178	0.002405592857
31179	0.00409542108
31180	0.0007380014403
31181	0.001168594081
31182	0.001948449281
31183	0.001727429128
31184	0.0005935666419
31185	0.002721619372
31186	0.0001633568314
31187	0.005201111182
31188	0.004302350796
31189	0.002999829036
31190	0.001557370344
31191	0.000170710339
31192	0.003036768559
31193	0.001253064769
31194	0.004488310092
31195	0.004009946288
31196	0.0009841416475
31197	0.0005296243986
31198	0.0005976542667
31199	0.001640411767
31200	0.004551550306
31201	0.006080839659
31202	0.001587308399
31203	0.000244550634
31204	0.0004517769397
31205	0.003001807061
31206	0.003785202482
31207	0.004513515124
31208	0.004389297784
31209	0.0001100849168
31210	0.0028893818
31211	0.002605216991
31212	0.002962862161
31213	0.002817042742
31214	0.002297461642
31215	0.002543433472
31216	0.003977212657
31217	0.0009643820838
31218	0.002919882899
31219	0.003111377915
31220	0.005011484435
31221	0.003962725662
31222	0.0001905328964
31223	0.001682031315
31224	0.001659138991
31225	0.000463250394
31226	0.002670543434
31227	0.005063376449
31228	0.001753707104
31229	0.001277677086
31230	0.0001083745029
31231	0.001463187378
31232	0.005376333744
31233	0.0003931423828
31234	0.007090357848
31235	0.008747832488
31236	0.006303140595
31237	0.0003184328309
31238	0.003403571646
31239	0.003931326182
31240	0.005867594848
31241	0.00241326526
31242	0.001094490392
31243	1.00691289e-05
31244	0.003140380218
31245	0.004147373418
31246	0.0006591828413
31247	0.00102303937
31248	0.0002033465563
31249	0.003271107963
31250	0.004119211322
31251	0.002583837115
31252	0.0004470071056
31253	0.003663507969
31254	0.005699702789
31255	0.003429506959
31256	0.001012487308
31257	0.0002992507224
31258	0.000417038199
31259	0.002304694787
31260	0.001449170571
31261	0.001296462294
31262	0.0008698991542
31263	5.155212977e-05
31264	0.004643470274
31265	0.001740660376
31266	0.001690612961
31267	0.0004974141155
31268	0.004376111326
31269	0.001320172673
31270	0.0009249470687
31271	0.001497283167
31272	9.457168084e-05
31273	0.002044362214
31274	0.0003369191081
31275	0.002462668859
31276	0.0001240947328
31277	0.003510507636
31278	0.001414702603
31279	0.0002004435127
31280	8.821589174e-05
31281	0.001764345713
31282	0.001505098039
31283	0.001011490614
31284	0.002551000928
31285	0.002870770012
31286	0.001151167871
31287	0.0001747558755
31288	0.002662090453
31289	0.002995961727
31290	0.001171699494
31291	0.0006843293597
31292	0.005106907871
31293	0.00197136418
31294	0.0007999578875
31295	0.006083329994
31296	0.005143931535
31297	0.007021129443
31298	0.002773192843
31299	0.002445128907
31300	0.005824172526
31301	0.002510081747
31302	0.001429256277
31303	0.002029602592
31304	0.0001195762265
31305	0.01155765354
31306	0.0004859298391
31307	0.001150631497
31308	8.903033183e-05
31309	0.00388619724
31310	0.00133208626
31311	0.0008108510341
31312	0.003788809533
31313	0.001709518115
31314	0.002529427285
31315	0.004122468619
31316	0.004923099934
31317	0.006443319698
31318	0.005771728455
31319	0.0001493883156
31320	7.565976196e-05
31321	0.0009804340572
31322	0.004022063614
31323	0.003317795145
31324	0.006537605652
31325	0.005275840818
31326	9.940888321e-06
31327	0.00301365303
31328	0.001982179858
31329	0.005114924195
31330	0.001132858953
31331	0.0009588406615
31332	0.001450708252
31333	6.082267356e-05
31334	0.002249830199
31335	0.0008327746821
31336	0.001122140358
31337	0.002932325714
31338	0.0001780438734
31339	0.001417155879
31340	0.002079851338
31341	0.0003413597623
31342	0.001685208418
31343	0.0004029085386
31344	0.002165063988
31345	0.0009425112877
31346	0.000725093461
31347	0.00139281918
31348	0.001225172808
31349	0.0002107674727
31350	0.005631778215
31351	0.002614099097
31352	0.0009909598697
31353	0.0007000220892
31354	0.0008767418677
31355	0.002037022554
31356	0.001440758924
31357	0.0005639483338
31358	0.0001743986588
31359	0.004341498418
31360	0.001489604963
31361	0.003565557479
31362	0.001744022917
31363	0.003114726989
31364	0.001853142954
31365	0.0008045061793
31366	0.0006809745474
31367	0.006010188752
31368	0.0007981109813
31369	0.002139234228
31370	0.001626378083
31371	0.0001483810657
31372	0.0007378219871
31373	0.00226697527
31374	0.009634273072
31375	0.006334651863
31376	0.00240264348
31377	0.001483443511
31378	8.52156256e-06
31379	0.003433790346
31380	0.002786758993
31381	0.002636010452
31382	0.002506732337
31383	0.0020997945
31384	0.000875718966
31385	0.001876400417
31386	0.004137230383
31387	0.0002792379612
31388	0.0005687222854
31389	0.001823920044
31390	0.0001279147071
31391	0.003768012893
31392	0.004744578298
31393	0.0005656762845
31394	0.002559513997
31395	8.532962797e-05
31396	0.0003017450187
31397	0.0005207368386
31398	0.0008700960262
31399	0.003759338771
31400	0.0006592398339
31401	0.002687163328
31402	0.002598514483
31403	0.0009754044553
31404	0.00125552575
31405	0.002177788952
31406	0.0005988114957
31407	0.00674295926
31408	0.002281288794
31409	0.001235963785
31410	0.0009810603843
31411	0.0003722540619
31412	0.001592267525
31413	0.001049677057
31414	0.005570170324
31415	0.003966457713
31416	0.0003644067355
31417	0.001484829058
31418	0.00546956143
31419	0.000918833557
31420	0.004279224393
31421	0.00390534028
31422	0.004783002171
31423	0.0001961226134
31424	0.001017290853
31425	0.0003886955161
31426	0.007298130378
31427	0.00154868211
31428	0.0007780619959
31429	0.003824022516
31430	0.005314776291
31431	0.005980785205
31432	0.001423846579
31433	0.002132823744
31434	0.004923477303
31435	0.004660311778
31436	0.004577025502
31437	0.00642535478
31438	0.0005481901372
31439	0.002504913475
31440	0.001337619294
31441	0.0004786544918
31442	0.0006981050995
31443	0.001514827511
31444	0.002561725228
31445	0.0001979932464
31446	0.0006525330923
31447	0.008809972251
31448	0.0006311771645
31449	0.0008921860875
31450	0.004043843771
31451	0.0006150953301
31452	5.744273071e-05
31453	0.0002710640979
31454	0.00708067154
31455	0.003693307466
31456	0.002006975794
31457	0.0009465821296
31458	0.001244667436
31459	0.0001478080121
31460	0.00143033466
31461	0.0006220742046
31462	0.0006810414519
31463	0.0007853398042
31464	0.0002134910557
31465	0.007858173951
31466	0.001183637138
31467	0.001232138166
31468	0.0007932920349
31469	0.001643284932
31470	0.001064616785
31471	0.001803892523
31472	0.0008494279641
31473	0.002627206985
31474	0.0007528247729
31475	0.0006633738997
31476	0.005231846718
31477	0.0001831153542
31478	0.0006399916308
31479	0.000173465977
31480	0.0001786195238
31481	0.003188803703
31482	0.0003185808128
31483	5.21799138e-05
31484	0.0003453609786
31485	0.004116680871
31486	0.001015989691
31487	0.0001702030069
31488	0.0008137618728
31489	0.002624754926
31490	0.001761824312
31491	0.004125873815
31492	0.004256185807
31493	0.0005739554758
31494	0.000405629108
31495	0.0003126447158
31496	0.004841272779
31497	0.0006480882808
31498	0.002257986872
31499	0.001541898486
31500	0.0001395100473
31501	0.001851290162
31502	0.0005109677895
31503	0.002129997783
31504	0.006661699461
31505	0.004571428367
31506	0.004408619028
31507	0.001697726041
31508	2.384544807e-05
31509	0.0001430542394
31510	0.001726161918
31511	0.002266318172
31512	0.001078457459
31513	0.0002544176402
31514	0.006761678184
31515	0.000581472644
31516	0.0006451594878
31517	7.782501187e-05
31518	0.0003122923048
31519	0.001505536659
31520	0.001197045004
31521	0.0005416448091
31522	0.000302007359
31523	0.002831325495
31524	0.003009863881
31525	0.004127976856
31526	0.001678895114
31527	0.0002027329572
31528	0.002354918264
31529	0.001442654851
31530	0.001546288113
31531	0.001617267459
31532	0.000780783065
31533	0.0002397862595
31534	0.0006715230335
31535	0.00157235911
31536	0.0004130198136
31537	0.0006527974636
31538	0.000341348518
31539	0.0003866031454
31540	8.506659694e-06
31541	0.0002912644249
31542	0.0004837769953
31543	0.0002896090489
31544	0.0007450786943
31545	0.0002830586056
31546	0.004010301101
31547	0.001308307428
31548	0.0006852675973
31549	0.002888264518
31550	0.00262456824
31551	0.003115395546
31552	0.002365028722
31553	0.002730541797
31554	0.002731461316
31555	0.002909471073
31556	0.003118560069
31557	0.003138859745
31558	0.001331540227
31559	0.0002381859934
31560	0.0008722805937
31561	0.0009877277675
31562	0.002839299929
31563	0.004191838776
31564	0.003541793292
31565	0.000202312874
31566	0.0001007084195
31567	0.0007381009602
31568	0.0003218658554
31569	0.0002271672657
31570	0.0008332113854
31571	0.0020594896
31572	0.003165128778
31573	0.001586255626
31574	0.0023684141
31575	0.007143196031
31576	0.001626217043
31577	0.004067574186
31578	0.0007574426908
31579	0.001890540273
31580	0.0004218373435
31581	6.640542215e-06
31582	0.0008929386862
31583	0.003028683218
31584	0.003037746131
31585	0.007037441979
31586	0.001086324195
31587	0.001320911413
31588	0.0002604876735
31589	0.005141163458
31590	0.006156218761
31591	0.0007073738642
31592	0.0009181718419
31593	0.002749310646
31594	0.005176583751
31595	0.003447704933
31596	0.001066614979
31597	0.001148424639
31598	0.0005987992151
31599	0.002618947093
31600	0.00161139001
31601	0.0001943168304
31602	0.0004272064513
31603	0.0002989998127
31604	0.001463746465
31605	0.0002536820952
31606	0.002777292117
31607	0.0004813878341
31608	0.0002602089089
31609	0.002192641764
31610	0.0005010866739
31611	0.0006021587834
31612	0.004283156893
31613	0.0006405441157
31614	0.00345436557
31615	2.82969594e-05
31616	8.82456798e-05
31617	0.002077919056
31618	0.005811070174
31619	0.002396682973
31620	0.0002574695164
31621	0.0006968062434
31622	0.002607605608
31623	0.003254535283
31624	0.0006835563694
31625	0.004393139842
31626	0.002600384262
31627	0.0004569443118
31628	0.004863608504
31629	0.001169885184
31630	0.006572094497
31631	0.002053090493
31632	0.00194080131
31633	0.001007875924
31634	2.703331091e-05
31635	0.00260778179
31636	0.0004235559399
31637	0.0002158952245
31638	0.0006084255979
31639	0.002807932378
31640	0.004226373983
31641	0.0007754938461
31642	0.002903452937
31643	0.0001668694019
31644	0.001366623457
31645	0.0008875813379
31646	0.0003482306883
31647	0.0002569761136
31648	0.000414855653
31649	0.0004543433782
31650	0.002417594365
31651	0.001018198968
31652	0.001543161796
31653	0.0007986419827
31654	0.0009912311023
31655	7.16366713e-05
31656	8.788934447e-05
31657	0.001507037853
31658	2.361779496e-05
31659	0.001120349298
31660	0.002829630052
31661	0.002282488423
31662	0.0008000730889
31663	0.001757989439
31664	0.0006752097016
31665	0.0001190920201
31666	0.001505960578
31667	0.0005012542339
31668	0.007544806071
31669	0.001387736714
31670	0.001911649399
31671	0.002015688322
31672	0.0009823159365
31673	0.001326561812
31674	0.002380975842
31675	0.002968047215
31676	0.003032743329
31677	0.004241818318
31678	0.002827542548
31679	0.004771215764
31680	0.002327523333
31681	3.618729051e-05
31682	0.008750592045
31683	0.0026182374
31684	0.003827386223
31685	3.783474206e-05
31686	0.001671795611
31687	0.004328197791
31688	0.001475820839
31689	0.001849530683
31690	0.001565299925
31691	0.0005338199914
31692	0.001774989419
31693	0.002853626493
31694	0.0005508673918
31695	0.0001851334482
31696	0.0002169190698
31697	0.00244790647
31698	0.001559008631
31699	6.422992668e-05
31700	0.003110011162
31701	0.0009591131721
31702	0.0006084088787
31703	0.001315766226
31704	0.002808163293
31705	0.002340697495
31706	0.001426746804
31707	0.004016233266
31708	0.0001972041146
31709	0.0002778632353
31710	0.002151674241
31711	0.003065875158
31712	0.001323774811
31713	0.0006004231276
31714	0.002090690113
31715	0.001893932989
31716	0.001798825604
31717	0.002374003119
31718	0.002074128418
31719	0.0009661602377
31720	0.0001982064659
31721	0.004594935796
31722	0.003282254671
31723	0.001973256556
31724	0.0004509762818
31725	0.001937523655
31726	0.003161431372
31727	0.0004981523283
31728	0.0009830688691
31729	9.886586305e-05
31730	0.001104061897
31731	0.003075026864
31732	0.0008529440206
31733	0.0006505628526
31734	0.004704160783
31735	0.00525433876
31736	0.003710912492
31737	0.003167620043
31738	0.002897230244
31739	0.0008817825648
31740	9.588647856e-05
31741	0.001083456083
31742	0.0009207920091
31743	0.0002077333488
31744	0.0003353807493
31745	0.009743362243
31746	0.0002543738468
31747	0.003805998413
31748	0.0031719298
31749	0.0004631231587
31750	0.0007501017985
31751	0.0005725409711
31752	0.0002226230121
31753	0.001469971091
31754	0.002557503777
31755	0.001066068911
31756	0.003480238824
31757	1.44528339e-05
31758	0.0002087061887
31759	0.0002635674141
31760	0.0001205472387
31761	0.002866676934
31762	0.0002625668219
31763	0.001260648366
31764	0.004336544527
31765	0.004013680764
31766	0.003761067754
31767	0.001729927924
31768	0.001063729838
31769	0.002513996077
31770	1.728902605e-05
31771	0.0001605177657
31772	0.0009382143215
31773	0.0005736008223
31774	0.003211594869
31775	0.000356329806
31776	0.0009061583456
31777	0.0001074017502
31778	0.001861489017
31779	0.0003460850491
31780	0.002941603403
31781	0.001413062294
31782	0.001927269927
31783	0.000905258554
31784	0.002049701181
31785	0.000319571712
31786	0.004335311441
31787	0.006342239776
31788	0.0008008571012
31789	0.003317666431
31790	0.001959336211
31791	0.0001526059571
31792	0.0005228524227
31793	0.001939430695
31794	0.001068772957
31795	0.004286702453
31796	0.0009222646874
31797	0.000569462108
31798	0.001183003556
31799	0.0007233186569
31800	0.001736616227
31801	0.002950783501
31802	0.005030569911
31803	0.004550913269
31804	8.135795893e-05
31805	0.0006783674932
31806	0.005698148676
31807	0.005461071093
31808	0.002763376362
31809	0.003536599624
31810	0.001359924744
31811	0.001399145015
31812	0.0001900589786
31813	0.0001657499555
31814	0.007490162645
31815	0.0001139292845
31816	0.004676529138
31817	0.001321955442
31818	0.004038625871
31819	0.001273533719
31820	0.0008112146896
31821	0.004604945659
31822	0.0008922814059
31823	2.256190097e-05
31824	0.001531926407
31825	0.0005842059989
31826	0.000829834637
31827	0.002981766648
31828	0.004579778289
31829	0.002076703308
31830	0.004298807199
31831	1.860606267e-05
31832	0.0007048185912
31833	0.001065621816
31834	0.00483161137
31835	0.001554301111
31836	0.002966293941
31837	0.003781849408
31838	0.0007794620837
31839	0.002264586651
31840	1.28406758e-05
31841	0.002712903104
31842	0.00270159935
31843	0.0006495982329
31844	0.001746849093
31845	0.003464076346
31846	0.001325577727
31847	0.001238713892
31848	0.005014996822
31849	0.001100564852
31850	0.001390329378
31851	0.001293524709
31852	0.002226606771
31853	0.001454864686
31854	0.0006580457135
31855	0.003233529162
31856	0.0004665842584
31857	0.002938877111
31858	0.001269517516
31859	0.0005593528541
31860	0.002137224788
31861	0.001421150331
31862	0.0006405518968
31863	0.001330329045
31864	0.004222848144
31865	0.002603012901
31866	0.002356383854
31867	0.002054363545
31868	0.0016455415
31869	0.001510385507
31870	0.00219213873
31871	0.0003680598989
31872	0.002907339381
31873	0.001701987506
31874	0.001189852758
31875	0.00365740144
31876	0.002059524503
31877	0.0006160095505
31878	0.004492359539
31879	0.0009405908444
31880	0.001730491843
31881	0.004435825778
31882	0.00168139682
31883	0.0008166154314
31884	0.0005405230922
31885	0.002098373228
31886	0.002614692648
31887	0.001114327462
31888	0.001075466115
31889	0.001633568366
31890	3.144475507e-05
31891	0.0004196009634
31892	0.002490473903
31893	0.001860308682
31894	0.000618920763
31895	0.002286221037
31896	0.001122883586
31897	0.0007066963631
31898	0.001564975046
31899	0.002519751661
31900	0.00434231929
31901	0.0003544320339
31902	0.002197407376
31903	0.003268307021
31904	0.00602837296
31905	5.563500363e-05
31906	0.0008281629613
31907	0.006497223041
31908	0.001705492734
31909	0.001829222639
31910	0.0009773590698
31911	0.002765479479
31912	0.004946948624
31913	0.0004999391855
31914	0.0009262003974
31915	0.003683269832
31916	0.004294371166
31917	0.0003155675951
31918	0.001141764026
31919	0.002108758075
31920	0.004665869783
31921	0.0006486167098
31922	0.0007312534285
31923	9.65144443e-06
31924	0.0003206449681
31925	0.004367129616
31926	0.0006487245528
31927	3.662255214e-05
31928	0.001117902661
31929	0.001766899794
31930	0.001555937018
31931	0.008464560136
31932	0.001920731704
31933	0.0001933878477
31934	0.006449252971
31935	0.001493911605
31936	0.001009084262
31937	0.001787247303
31938	0.0001182256434
31939	0.003323909031
31940	0.003225642206
31941	0.0007781020435
31942	0.0003869581004
31943	0.000215932396
31944	0.0005805879288
31945	0.001911484654
31946	0.002592000109
31947	0.004647887682
31948	0.001424958317
31949	0.0003761426466
31950	0.002799661203
31951	0.001091391407
31952	0.004591977255
31953	0.0005976512267
31954	0.0004863236773
31955	0.005060971224
31956	0.003530438545
31957	0.0005822047543
31958	2.076783684e-05
31959	0.004604646092
31960	0.003946765776
31961	0.003937791749
31962	0.0005422875896
31963	0.002513156418
31964	0.000158409108
31965	0.0006518160511
31966	0.007002223817
31967	0.001454275026
31968	0.001433149069
31969	0.003371646667
31970	5.214972009e-06
31971	0.001137067588
31972	0.001025021456
31973	0.003705285009
31974	0.0001989006204
31975	0.00117860426
31976	0.001400870909
31977	9.116068365e-05
31978	0.0003735357695
31979	0.002620872851
31980	0.001218433208
31981	0.001671570729
31982	0.006090811214
31983	0.003589470252
31984	0.0004486362734
31985	0.003487806585
31986	0.003182025167
31987	0.001077277124
31988	0.000679070813
31989	0.003211594673
31990	0.000121922643
31991	0.0009517294598
31992	0.003487407925
31993	8.52597756e-05
31994	0.0001654745412
31995	8.715711875e-05
31996	0.0004383802354
31997	0.001450721362
31998	0.01055377801
31999	7.608501948e-05
32000	0.006638340161
32001	0.00208735355
32002	0.002375959087
32003	0.004497288875
32004	0.001513793538
32005	0.00142036054
32006	0.0002145453103
32007	0.004244926395
32008	0.0004020778207
32009	0.002487151688
32010	0.002705764636
32011	0.001403543488
32012	0.0005979232825
32013	0.003405852913
32014	0.001305324805
32015	0.0008143995322
32016	0.0001302600742
32017	0.00178339303
32018	0.00543947032
32019	0.0008661079452
32020	0.004633270972
32021	0.0023628396
32022	0.002099246668
32023	0.003760753552
32024	0.001615388115
32025	9.500806257e-05
32026	0.004002063158
32027	0.0006988588831
32028	0.001898032071
32029	0.001038367445
32030	0.00104143576
32031	0.01074452545
32032	0.0004211046915
32033	0.001281811534
32034	0.003428219532
32035	0.003684737648
32036	0.009543207058
32037	0.001041838316
32038	0.00282255745
32039	0.001893148324
32040	0.00288176869
32041	0.001648546936
32042	0.001565429915
32043	0.003254772531
32044	0.003529407265
32045	0.008466865029
32046	0.0002290985822
32047	0.0002579456178
32048	0.000834458611
32049	3.36760369e-06
32050	1.175935627e-05
32051	0.001027109371
32052	0.002571660057
32053	0.0009145416162
32054	0.008711786156
32055	7.286467244e-06
32056	0.0005904380368
32057	0.0004459228394
32058	0.000127571233
32059	3.314400883e-05
32060	0.0001987533705
32061	0.0001967971533
32062	0.0001987961069
32063	0.003872130015
32064	0.001265502971
32065	0.001468701307
32066	0.0007300947471
32067	0.0005961702729
32068	0.0002509247297
32069	0.0008984349523
32070	2.250655456e-05
32071	0.0006983907266
32072	0.0002957439754
32073	0.0005094173308
32074	0.0005649736277
32075	0.0007155725591
32076	0.0006456288246
32077	0.0004117823432
32078	0.0001932681768
32079	0.0004561717466
32080	0.0002474208917
32081	0.001457033425
32082	0.000277397006
32083	0.001845009256
32084	0.0002063343245
32085	0.007286660261
32086	0.001254424841
32087	0.002309139414
32088	0.002209482163
32089	0.004169581118
32090	0.0005321078528
32091	0.002613544416
32092	0.003398274829
32093	0.0002931232957
32094	0.0003542474486
32095	0.0006719809031
32096	4.080822591e-05
32097	0.001497299952
32098	0.002162738563
32099	0.0007445787379
32100	0.002622831076
32101	0.0005872740305
32102	0.0002465463005
32103	8.997513827e-05
32104	0.0005334376046
32105	0.0003286591651
32106	0.001024952174
32107	0.002520914557
32108	0.002465911214
32109	0.006113504116
32110	0.003536517551
32111	0.001025796265
32112	0.003220473897
32113	0.003475159047
32114	0.0003277084446
32115	0.002940861003
32116	0.00106413029
32117	0.001920910915
32118	0.003594068829
32119	0.001055676806
32120	0.0002889998712
32121	0.001700728404
32122	0.003289066574
32123	0.004405724973
32124	0.003579456318
32125	0.006525488436
32126	0.0002538294515
32127	7.537926054e-05
32128	0.0001553731848
32129	0.0006782003021
32130	0.00390935813
32131	0.01014887922
32132	0.001899874917
32133	0.002864796216
32134	0.002975517272
32135	5.047562925e-05
32136	0.002815585033
32137	0.0005562823764
32138	0.002113168972
32139	0.004218609965
32140	0.00293658906
32141	0.0004208762605
32142	0.005225887116
32143	0.002764279304
32144	0.006515090119
32145	0.002187777703
32146	0.002299816795
32147	0.001918362615
32148	0.002302142205
32149	0.0007062814936
32150	0.002038276646
32151	0.003738734189
32152	0.001100157532
32153	0.0005141124146
32154	0.0007492890428
32155	0.003818195638
32156	0.0005007659687
32157	0.0007626924295
32158	0.003663194043
32159	0.001710070081
32160	0.002912341026
32161	0.0006302058964
32162	0.00508795922
32163	0.004977649663
32164	0.000222480728
32165	0.0003603661044
32166	0.001154894121
32167	0.0009853630216
32168	0.003759853203
32169	0.003017140683
32170	0.0005879125691
32171	8.611204309e-05
32172	0.001435676067
32173	0.001885267974
32174	0.005239686374
32175	0.001200065334
32176	0.001219442411
32177	0.003813550333
32178	0.002234490494
32179	0.0003647658316
32180	0.0004389442469
32181	0.0002767777451
32182	0.0008911787469
32183	0.001507257362
32184	0.0005994204122
32185	0.0002160919511
32186	0.0001442339024
32187	0.003853428645
32188	0.005371754062
32189	0.005796890828
32190	0.003166325428
32191	0.004613484711
32192	0.0003834815481
32193	0.0008022155193
32194	0.0002619693808
32195	0.0014712627
32196	0.001689678401
32197	0.001937315577
32198	0.0008639337904
32199	0.0003300779727
32200	0.004066616984
32201	7.263501488e-05
32202	0.002313027085
32203	0.001429852789
32204	0.001006184268
32205	0.001975616516
32206	0.000299270625
32207	0.004730167376
32208	0.001847144781
32209	0.003531466631
32210	0.0007761710113
32211	0.003531566424
32212	0.002302570646
32213	0.001041648859
32214	0.003278285131
32215	0.003041067211
32216	0.006555494408
32217	0.003511671667
32218	0.0006785861091
32219	0.0004858477897
32220	0.004638390123
32221	9.596195958e-05
32222	0.0009282682855
32223	0.0001536412649
32224	0.003371097
32225	7.117320778e-05
32226	0.007669559385
32227	0.00247741857
32228	0.004108538492
32229	0.003593477455
32230	0.0005491394118
32231	0.001112187285
32232	0.002792755852
32233	0.000630009324
32234	0.002199678501
32235	0.0007102448146
32236	0.003274214366
32237	0.001019497848
32238	0.003407282954
32239	0.0004393324336
32240	0.001937903531
32241	0.003784523179
32242	0.00102656332
32243	0.003087772679
32244	0.0008929499933
32245	0.004079194728
32246	0.001738598284
32247	0.001001976853
32248	0.00153985627
32249	0.0005154844179
32250	0.001387476113
32251	0.002203491973
32252	0.004838387113
32253	3.655534404e-05
32254	0.001655330311
32255	0.001780411543
32256	6.486704723e-05
32257	0.0008864400026
32258	0.00260308793
32259	0.001851391319
32260	0.007187991875
32261	0.0005105357176
32262	0.003744936364
32263	0.006278936486
32264	0.00142399259
32265	0.000585578877
32266	0
32267	0.0005267984255
32268	0.002713030724
32269	0.001055390816
32270	0.001973694096
32271	0.004519783241
32272	0.00102322475
32273	0.001071684077
32274	0.001523464045
32275	0.0003998989742
32276	0.004646589566
32277	0.0002759226848
32278	0.000750703991
32279	0.002285429297
32280	0.002065474977
32281	0.004096919234
32282	0.003960914433
32283	0.0001317712071
32284	0.0005474020886
32285	0.001912010342
32286	0.003553731283
32287	0.0004960403504
32288	0.00705533316
32289	0.001303279542
32290	0.000200304787
32291	0.001684702888
32292	0.005130353546
32293	0.0006427553968
32294	0.001206898648
32295	0.001015485678
32296	0.002754448988
32297	0.006980109594
32298	0.003266860955
32299	0.0001771490669
32300	0.001862383389
32301	0.003429160167
32302	4.892718857e-05
32303	0.001181013364
32304	0.004742759109
32305	0.0004723773411
32306	0.000260121373
32307	0.00339920543
32308	0.001823225136
32309	0.006003152598
32310	0.0003636760908
32311	0.0009749607138
32312	0.004218054188
32313	0.01220093729
32314	0.002316264621
32315	0.0009287756462
32316	0.002544245543
32317	0.0004833436807
32318	0.0002578790101
32319	7.166517998e-06
32320	0.0006928032606
32321	0.003171830595
32322	0.0002878438171
32323	0.0005583579588
32324	0.0002427066341
32325	0.0002027552542
32326	0.0004107133137
32327	4.601914694e-05
32328	0.000389896044
32329	0.0001753155653
32330	0.00037835461
32331	0.002954540229
32332	0.002953387902
32333	0.002353969921
32334	0.0003166496588
32335	0.00241447965
32336	0.0009075842219
32337	0.001242776763
32338	0.0003016155162
32339	0.006863951403
32340	0.001383396674
32341	0.0001132297061
32342	0.002177863831
32343	1.59018322e-05
32344	0.0005553259105
32345	0.0003332638415
32346	0.0006104812679
32347	9.834967592e-05
32348	0.002684948804
32349	0.004127897258
32350	0.001849199506
32351	0.005985389283
32352	0.001411846126
32353	0.0009443837348
32354	0.0004175702238
32355	0.007170278216
32356	0.0005918336448
32357	0.000407408022
32358	0.0002240552295
32359	0.0007356012937
32360	7.35005209e-05
32361	0.001533404451
32362	0.00121516312
32363	0.003254887494
32364	0.004857185136
32365	0.00232836964
32366	0.007935543999
32367	0.001606687841
32368	0.001945244776
32369	0.0001405380481
32370	0.004300035018
32371	0.005516363682
32372	0.000512991372
32373	0.0004116079799
32374	0.002161190228
32375	0.003404386122
32376	0.002072180071
32377	0.002891640232
32378	0.0008657848977
32379	0.003164792212
32380	0.001589941168
32381	0.0001789880553
32382	0.006793947083
32383	0.0006236076804
32384	0.003015117882
32385	0.001011786049
32386	0.003518463095
32387	0.002108773376
32388	0.003000140473
32389	0.0003271865528
32390	0.003189106063
32391	0.003248025747
32392	6.115848971e-05
32393	0.0006981061797
32394	0.0009879813564
32395	0.006538543135
32396	0.002804937731
32397	0.0006519545013
32398	0.001556019203
32399	0.002510299022
32400	0.002787914535
32401	0.004240816045
32402	0.003011478292
32403	0.005823541977
32404	0.002503603423
32405	0.001012324102
32406	0.00216685878
32407	0.003735059546
32408	0.0002835305996
32409	0.003513145337
32410	0.0001810719128
32411	0.002851865813
32412	0.0005970846703
32413	0.002755606179
32414	0.002585293844
32415	0.003899201069
32416	0.002272786711
32417	0.003177526611
32418	0.00318312944
32419	0.000322642208
32420	9.116674149e-05
32421	0.00539329609
32422	0.001582797666
32423	0.0007880315255
32424	0.003765859449
32425	0.00308086636
32426	0.0009315213736
32427	0.002642852546
32428	0.00192652367
32429	0.003184572941
32430	0.0005030952539
32431	0.0007632482257
32432	0.0001114558698
32433	8.13845259e-05
32434	4.08690868e-05
32435	0.0006093524451
32436	0.0002664396631
32437	0.0007609673836
32438	0.004725657487
32439	0.001897937086
32440	3.754474155e-05
32441	0.001314776045
32442	0.002943974296
32443	0.001756479163
32444	0.002346932992
32445	0.0011911065
32446	0.0007914459669
32447	0.0006633395364
32448	0.004463407302
32449	0.002519368366
32450	0.001324913175
32451	0.0003512570216
32452	0.0002555336321
32453	0.005240005358
32454	0.002531815002
32455	0.0003456509923
32456	0.002438532661
32457	0.00366004273
32458	0.0002240043842
32459	0.001668705201
32460	0.003137817417
32461	0.001394305718
32462	0.0008590212832
32463	0.002305405543
32464	0.001852710694
32465	0.001706254879
32466	0.001125841615
32467	0.0007219431769
32468	0.001819763844
32469	0.0009086640998
32470	0.0006572132434
32471	0.001352519222
32472	0.0001591169197
32473	0.002772820861
32474	0.001007086915
32475	0.0002465474929
32476	6.858526041e-05
32477	0.0002946534891
32478	0.0001400324008
32479	6.43793743e-05
32480	0.001224708107
32481	0.0009695954507
32482	0.002625559923
32483	0.0005064910958
32484	0.004895101857
32485	6.875781112e-05
32486	0.006296424604
32487	0.003777248861
32488	0.000730700341
32489	0.001273874581
32490	0.003401622981
32491	0.00195564818
32492	0.002177735127
32493	0.0004071446124
32494	0.0003449975917
32495	0.006172319863
32496	0.0004846175592
32497	0.0001417946329
32498	0.0003268430209
32499	0.006102408998
32500	0.0003868397658
32501	0.001780898168
32502	0.004238723888
32503	0.001177222415
32504	0.006386173116
32505	5.369385795e-05
32506	0.001146413864
32507	0.004866990633
32508	0.0023387304
32509	0.002223005474
32510	0.005172406256
32511	0.001557306394
32512	0.0003404552038
32513	0.001416482764
32514	0.0004531430115
32515	0.008863674167
32516	0.003660944627
32517	0.002393021807
32518	0.001816287286
32519	0.0004357346835
32520	0.000224486939
32521	0.0002384222045
32522	0.0001356149913
32523	0.0003943914039
32524	0.001071888533
32525	0.0002687198209
32526	0.001626536981
32527	0.0003666253646
32528	0.001192812554
32529	0.0004284702406
32530	0.00417326534
32531	0.002638267959
32532	0.0068345139
32533	0.00212427113
32534	0.001170114106
32535	0.002342464269
32536	0.0008903070558
32537	0.001825277936
32538	0.0007218699119
32539	0.004744767885
32540	0.002205389883
32541	0.001201180001
32542	0.0005064366882
32543	0.001302739236
32544	0.0005407919894
32545	0.004714539808
32546	0.0006096112998
32547	0.002924678727
32548	0.0002265724482
32549	0.0005595332999
32550	0.006714378636
32551	0.0001885560337
32552	0.0004183061835
32553	0.0002010283244
32554	0.0003202028814
32555	0.002619306235
32556	0.0001143998589
32557	9.13258623e-05
32558	0.0006878836732
32559	0.0002016314023
32560	0.0009612575328
32561	0.000552255267
32562	0.002091954668
32563	0.0005414780654
32564	0.0003831551738
32565	0.0007539988504
32566	0.0006739113805
32567	0.0008192382042
32568	0.0007684414927
32569	0.0002460857165
32570	0.0005553260715
32571	0.0005573622296
32572	0.0006785585518
32573	0.009020655179
32574	0.001387573151
32575	0.00122066626
32576	0.0003754551153
32577	0.0003187373035
32578	0.0004317394145
32579	0.0004934456491
32580	3.206392633e-05
32581	0.001656736599
32582	0.0002033580448
32583	0.0008063927037
32584	0.002530835531
32585	0.0004336081713
32586	0.00146904048
32587	0.000352016353
32588	7.732391611e-05
32589	0.0007632659092
32590	0.001075562426
32591	0.000769642359
32592	0.000394245911
32593	0.001302932646
32594	0.0003770132689
32595	0.001659522168
32596	0.0005564528269
32597	0.001045405933
32598	0.0001403829531
32599	0.0003179218609
32600	0.0005952457815
32601	0.0006409672685
32602	3.990762628e-05
32603	0.000227385921
32604	0.0004975425178
32605	0.0008899279985
32606	0.0008343495049
32607	0.001160972672
32608	0.0004285179585
32609	1.997077079e-05
32610	0.001300062843
32611	0.004014458956
32612	0.003209780787
32613	0.001421281173
32614	0.001353522549
32615	0.002508148068
32616	0.0007434880223
32617	6.405990967e-06
32618	0.0009956694549
32619	0.005234183507
32620	0.002522943159
32621	0.0009844415378
32622	0.003947053484
32623	0.001107452565
32624	0.002198263886
32625	0.002461927781
32626	0.002742757167
32627	0.003225935641
32628	0.002593407807
32629	0.0004305704072
32630	0.0005414202362
32631	0.0004341134105
32632	0.00181983758
32633	0.001066777979
32634	0.003708584358
32635	0.001300774407
32636	0.0002064907748
32637	0.0002855000272
32638	0.004774912818
32639	0.001455699662
32640	0.001911992808
32641	0.005502126417
32642	0.002497051126
32643	0.0006263816466
32644	0.00218485291
32645	0.001283946609
32646	0.001845860504
32647	0.004214064858
32648	0.001451252445
32649	0.001066056131
32650	0.001768351499
32651	0.001919758536
32652	0.004109221501
32653	0.0007793938881
32654	0.0002786244131
32655	0.00363151716
32656	0.00167464846
32657	0.0009904420127
32658	0.0001587482173
32659	0.000741951485
32660	5.77770703e-05
32661	0.003684449456
32662	0.002464086916
32663	5.237459982e-05
32664	0.002795734244
32665	0.002017247075
32666	0.003816339053
32667	0.0007324171184
32668	0.001879526555
32669	0.001339328327
32670	0.0003588039934
32671	1.093752324e-05
32672	8.277022955e-05
32673	0.0007534625918
32674	7.940816456e-05
32675	0.0003365674631
32676	0.0009855785638
32677	0.001648981309
32678	0.002332155083
32679	0.001138954107
32680	0.0001415781708
32681	0.0005603698425
32682	0.0006124470708
32683	0.0009618831803
32684	1.415583694e-05
32685	0.005428651579
32686	0.0004476747179
32687	0.002648064681
32688	0.0001634706495
32689	0.001086440373
32690	0.001079163869
32691	0.0005390004195
32692	0.0002687406757
32693	0.0007412385617
32694	2.95372252e-05
32695	2.747279683e-05
32696	0.0005684883059
32697	0.0009962914107
32698	0.0003651383975
32699	0.003657805236
32700	0.001430071084
32701	0.007600078329
32702	0.00488456378
32703	0.003069594959
32704	0.00053846165
32705	3.060415136e-05
32706	0.001815998476
32707	0.004390034405
32708	0.006607621401
32709	0.0007947924863
32710	0.002348535811
32711	2.686960308e-05
32712	0.001687523341
32713	0.001671294709
32714	0.007202936389
32715	0.002329100583
32716	0.005541484048
32717	0.0001664663404
32718	0.00380082826
32719	0.002063354358
32720	0.002789919576
32721	0.002044265134
32722	0.001168029623
32723	0.002071099441
32724	0.001183202803
32725	0.00371690772
32726	0.001245095553
32727	0.003096897709
32728	0.000225041056
32729	0.00284087354
32730	0.001222733787
32731	0.00405149202
32732	0.008529672261
32733	0.0007221662166
32734	0.0004547257273
32735	0.0001729771426
32736	0.0002176382841
32737	0.0006671794433
32738	0.004913618321
32739	0.0005035201222
32740	0.000937460642
32741	0.001372290915
32742	0.001331165994
32743	0.002588715054
32744	0.001495019535
32745	0.005994859145
32746	0.00156274603
32747	0.0008114982627
32748	0.001888266254
32749	0.0005692961785
32750	0.007516518632
32751	0.003415673433
32752	0.00722316797
32753	0.002102155238
32754	0.00544609737
32755	0.002576537714
32756	0.00131820791
32757	0.001217133805
32758	0.005810528595
32759	0.002457972992
32760	0.0003112586415
32761	0.00350013378
32762	0.0003758717461
32763	0.009204369006
32764	0.0009325256536
32765	0.0002701072673
32766	0.0008127177387
32767	6.48586725e-05
32768	0.001637109085
32769	0.0002747611688
32770	0.0002080031245
32771	0.00361339564
32772	0.0004024359394
32773	0.0004865979937
32774	0.0002216278469
32775	0.000763746977
32776	0.001038536478
32777	0.001801735134
32778	0.001163677809
32779	0.001396398422
32780	0.002588924959
32781	0.000967540721
32782	0.0003598217261
32783	0.001153684218
32784	0.006617423577
32785	0.000275866026
32786	0.0003358837239
32787	0.0005683578296
32788	0.0009055501249
32789	0.001129249967
32790	0.0007932757771
32791	5.503783573e-05
32792	0.0005651668392
32793	0.0003567518192
32794	0.001210483002
32795	0.002678394028
32796	0.0004538661222
32797	0.0001348351349
32798	0.0003300006093
32799	0.0001216584724
32800	0.0004025822688
32801	0.003678034942
32802	0.001395237066
32803	0.000336681199
32804	0.0006949758249
32805	3.320013264e-05
32806	0.000768737603
32807	0.0006021652227
32808	0.002222589692
32809	0.0009247343761
32810	0.002440232444
32811	0.001849618182
32812	0.0005459842382
32813	0.0003276918728
32814	0.0002310604518
32815	0.001446946663
32816	0.003501136009
32817	0.0001823713843
32818	0.0003924656167
32819	0.000140032922
32820	0.0006961264028
32821	0.0006121987538
32822	0.0005497659054
32823	0.0004322314581
32824	0.002960560025
32825	0.002182853118
32826	0.0004689829457
32827	0.0002782974584
32828	7.782683898e-05
32829	0.0007767056694
32830	0.0006861471496
32831	0.001217158844
32832	0.0006207580067
32833	0.00090039382
32834	0.0002247889706
32835	0.001131122284
32836	0.0002708164152
32837	0.004029684448
32838	0.002979011996
32839	0.0005977328104
32840	0.0009230947148
32841	0.00208546484
32842	0.001370263127
32843	0.0002697222363
32844	4.335903874e-05
32845	0.001565926787
32846	0.0003398420484
32847	0.0002952758427
32848	0.003518108149
32849	0.002899349068
32850	0.004828073834
32851	0.0003254190191
32852	0.0002618966915
32853	0.001259387034
32854	0.005083203883
32855	0.004398197132
32856	0.0002999013885
32857	0.002356923176
32858	0.001202206713
32859	0.0008902758596
32860	7.810073905e-05
32861	0.0006660680033
32862	0.00313828459
32863	0.005609872075
32864	2.456805051e-05
32865	0.0004019191045
32866	0.0003161580204
32867	0.0007224052133
32868	0.000361501742
32869	0.001330464495
32870	0.0001586558903
32871	0.003087000825
32872	7.351586993e-05
32873	0.001366284614
32874	0.0007696995088
32875	0.0003147522256
32876	0.0004147799572
32877	0.0001159734912
32878	0.002700293204
32879	0.002648300455
32880	0.001368504557
32881	0.0002251628111
32882	0.001112137419
32883	0.0008142623572
32884	0.003668011127
32885	0.003630593884
32886	0.0006866210341
32887	0.003207978332
32888	0.0005870663892
32889	0.007944499574
32890	0.0006430688445
32891	0.001937891618
32892	0.002315035783
32893	0.002763824355
32894	0.002382356646
32895	0.00111068455
32896	0.0001279670347
32897	0.0002130832321
32898	0.001666846603
32899	0.0002440750102
32900	0.0004914286168
32901	0.0004335846832
32902	0.004906619473
32903	0.005924624993
32904	0.002714853986
32905	0.0004175582169
32906	4.336089841e-05
32907	0.0005720803595
32908	0.00349490391
32909	0.002768215506
32910	0.001617057481
32911	0.0003345142785
32912	0.001245462274
32913	0.005685586267
32914	0.001047009069
32915	0.0007609908758
32916	0.005420134883
32917	0.0009091680531
32918	0.003323160293
32919	0.001067902142
32920	0.0005436135346
32921	0.0002063727603
32922	0.0002784574872
32923	0.0006318235241
32924	0.0003642213653
32925	0.001589216135
32926	0.000195273317
32927	0.000750562962
32928	0.005228262533
32929	0.0001873675261
32930	0.005230427864
32931	0.006228973702
32932	0.0001505318485
32933	0.003084877608
32934	0.0008399706612
32935	0.0001829081454
32936	0.002839657453
32937	0.001434766307
32938	0.002596274093
32939	0.0007289293789
32940	0.002787849976
32941	0.003903323336
32942	3.671746554e-05
32943	0.001215779609
32944	0.0001370375359
32945	0.004546240932
32946	0.001380130651
32947	0.001286371024
32948	0.0005327092887
32949	0.0009997352217
32950	0.00167263413
32951	0.007050564455
32952	0.005648785651
32953	0.0003284550286
32954	0.0008487268709
32955	1.551363048e-05
32956	0.001183425387
32957	0.0009188411563
32958	0.0008687615143
32959	0.0006666722752
32960	0.002041168343
32961	0.004028408566
32962	0.002601466065
32963	2.764387438e-05
32964	0.001293249127
32965	0.001105660599
32966	0.00311100227
32967	0.0001381849023
32968	8.283008658e-05
32969	0.001020441249
32970	0.001735332161
32971	0.001102976729
32972	0.0005051442836
32973	0.0009463209021
32974	0.003404684756
32975	0.002631397428
32976	0.005318898084
32977	0.002624695403
32978	0.004411387044
32979	0.002704297291
32980	0.002451056222
32981	0.002647470892
32982	0.0006359042524
32983	0.004415082534
32984	0.001432078138
32985	0.002555441255
32986	0.003685574032
32987	0.002729594149
32988	0.007931994763
32989	0.0003489668415
32990	0.0003623282392
32991	0.0003929121327
32992	0.0009325292374
32993	0.002471947194
32994	0.003327243058
32995	0.0004922164737
32996	0.00190790718
32997	0.002802152116
32998	0.001709648578
32999	0.0008585955332
33000	0.004273111496
33001	0.0002630713458
33002	2.820079065e-05
33003	0.0001841318807
33004	0.0009450917001
33005	0.0008331964256
33006	0.00228951767
33007	0.002975102693
33008	3.975373269e-05
33009	0.002125817606
33010	0.0002432817964
33011	0.002750490627
33012	0.003560333964
33013	0.0001573681497
33014	0.0009443093755
33015	0.0002079965649
33016	0.004485093181
33017	0.002924025825
33018	0.003922856732
33019	0.0005493988674
33020	0.0006545842281
33021	0.0002602183547
33022	0.001070300078
33023	5.036613657e-05
33024	0.001140676222
33025	0.001974662061
33026	0.0006985073856
33027	0.001597945325
33028	0.001348852884
33029	0.0008366724087
33030	0.002059409104
33031	0.002108140472
33032	0.0003119774183
33033	0.001794933932
33034	0.0004438566768
33035	0.0001091567095
33036	0.00279553645
33037	0.0001792842348
33038	0.001958126098
33039	0.001704487091
33040	0.0006675180472
33041	0.00273768971
33042	0.0004531250602
33043	0.001665359666
33044	0.0006667373526
33045	0.001776294396
33046	0.001294576416
33047	0.001730339542
33048	0.0007849035467
33049	0.001596115607
33050	0.0003979315218
33051	0.001709992846
33052	0.001930884937
33053	0.0005494861341
33054	0.000543493872
33055	0.0009450277292
33056	0.0009938593243
33057	0.001926980218
33058	0.001042793108
33059	0.0006018564017
33060	0.0008403108529
33061	0.001917385052
33062	0.007333557971
33063	0.0001216136931
33064	0.000591140495
33065	0.000303239761
33066	0.002034462195
33067	0.00360096799
33068	0.0009629674725
33069	0.003269321289
33070	0.003183237423
33071	0.001333775406
33072	0.0005887076622
33073	0.0006458139664
33074	0.005691738445
33075	0.003096547726
33076	0.005498808163
33077	0.005207689904
33078	0.0002030493948
33079	0.0001356741337
33080	0.0009043461314
33081	0.0006026522563
33082	0.001286742146
33083	0.002623924649
33084	0.0001133231149
33085	0.001159977927
33086	0.0003245200481
33087	0.004525525719
33088	0.008752219094
33089	0.001639001438
33090	0.000413426562
33091	0.003064342622
33092	0.002125379064
33093	0.000499319125
33094	0.001093373138
33095	7.886217117e-05
33096	0.005359470248
33097	0.001763633579
33098	0.002608283779
33099	0.004139476049
33100	0.0006529412925
33101	0.002942492022
33102	0.002094252837
33103	0.002161668856
33104	0.0009200415833
33105	0.001462757527
33106	0.0003635905405
33107	0.0004627495028
33108	0.0001335873207
33109	0.0001574863055
33110	0.000640099825
33111	0.002600302779
33112	0.000635633334
33113	0.0001630574764
33114	0.003005997788
33115	0.0008959534358
33116	0.001672020355
33117	0.0001215072642
33118	0.0006883472566
33119	0.0005643900106
33120	0.001655666124
33121	0.004897173364
33122	0.001909773863
33123	0.0005582607974
33124	0.0006368815503
33125	0.0002122163442
33126	0.002458658197
33127	0.0002195469485
33128	0.0004666261312
33129	0.001470393777
33130	7.913637515e-05
33131	0.0002146242376
33132	0.002435549594
33133	0.001240510895
33134	0.001041869145
33135	0.001842252789
33136	0.0007468512792
33137	0.002113836341
33138	0.001004759006
33139	0.001055397964
33140	0.003267470057
33141	0.002651472889
33142	0.001024845885
33143	0.002391367648
33144	0.001773954508
33145	1.027619665e-05
33146	0.0008190383682
33147	0.004390501274
33148	0.001841278268
33149	0.003982098505
33150	3.299972905e-06
33151	0.001972894612
33152	0.004283089508
33153	0.0005130620537
33154	0.001589950995
33155	0.001423231029
33156	0.00189196186
33157	0.005287126049
33158	0.003876798189
33159	0.003172758331
33160	0.001325353379
33161	0.004343537411
33162	0.005036074183
33163	0.002207097344
33164	0.0007574462829
33165	0.001263209371
33166	0.002447159998
33167	0.0002769872923
33168	0.0001597070652
33169	0.0009977745113
33170	0.005275136079
33171	0.0003623811746
33172	0.002737102262
33173	0.004599923331
33174	0.0005797512944
33175	0.002742954548
33176	0.005618897974
33177	0.0025238203
33178	0.001217031212
33179	0.001455700941
33180	0.000311718229
33181	0.003219399089
33182	0.001853036147
33183	0.002103532869
33184	0.0003618381518
33185	0.0004869773485
33186	0.004667410305
33187	0.0008006258937
33188	0.001726243621
33189	0.001332847067
33190	0.002610142751
33191	0.0007804356308
33192	3.6276703e-05
33193	0.0006767987838
33194	3.829774918e-05
33195	0.002062777997
33196	0.001177901384
33197	0.005167416677
33198	0.001353559707
33199	0.0009869827214
33200	0.001624586179
33201	0.002562188306
33202	0.002589610332
33203	0.0008256962704
33204	0.0004255593323
33205	0.0003173252112
33206	0.002230429638
33207	0.002621260839
33208	0.004341574638
33209	0.001317286973
33210	0.002635102454
33211	0.0001947778346
33212	0.0002417027958
33213	0.004235726417
33214	0.0005190506124
33215	0.001231107697
33216	0.002827289532
33217	0.003027084962
33218	0.002767500661
33219	0.0001267737444
33220	0.002089119672
33221	0.002076029947
33222	0.0006179067061
33223	0.0008829744404
33224	0.0001259698535
33225	0.003990973142
33226	0.0001543695167
33227	0.001380342396
33228	0.001213019676
33229	0.0001613752582
33230	0.0003269565262
33231	0.001990035625
33232	0.0007104684509
33233	0.000995815979
33234	0.006731662389
33235	0.00350333316
33236	0.004186443798
33237	0.004080478508
33238	0.0005402799343
33239	0.001484232318
33240	0.002176593268
33241	0.0007524522632
33242	0.001031828363
33243	0.003961055757
33244	0.004305025207
33245	0.002696117685
33246	0.001060867504
33247	0.003513662395
33248	0.0005948400038
33249	0.0002623002439
33250	0.0001463491659
33251	0.002988504479
33252	0.001539193557
33253	0.001193172372
33254	0.002784080699
33255	0.002312035612
33256	0.00297126855
33257	0.001197007266
33258	0.002808266381
33259	0.0008397705178
33260	5.309182216e-05
33261	7.020897652e-05
33262	0.0007813196392
33263	0.0009104908402
33264	0.0007577227926
33265	0.0003926842854
33266	0.006587673658
33267	0.006382761633
33268	0.006569643175
33269	0.006851246997
33270	0.005998720218
33271	0.005046593957
33272	0.006160981524
33273	2.471635358e-05
33274	0.0003661377829
33275	0.0001395905771
33276	0.001284489268
33277	0.000133975597
33278	0.00115403127
33279	0.0002532393057
33280	0.0007671880956
33281	0.0003614343671
33282	0.001686396661
33283	0.002023465896
33284	0.0003212125782
33285	0.00195673071
33286	0.002430617697
33287	0.003312631384
33288	0.003750756093
33289	0.001517148685
33290	0.001017734812
33291	0.0008294005368
33292	0.006022575266
33293	0.0006047864374
33294	0.003618665072
33295	0.005701456263
33296	0.006390997629
33297	0.005364610617
33298	0.005995313931
33299	0.0011492097
33300	0.001414469044
33301	0.0001334673825
33302	0.002524461657
33303	0.004446106139
33304	0.003161011284
33305	0.001509352895
33306	0.0009402231801
33307	3.420200187e-05
33308	0.002065950077
33309	0.003063897016
33310	0.001313973504
33311	0.002782418337
33312	0.002910500484
33313	0.00174884258
33314	0.002300929651
33315	0.003198910459
33316	0.001448592238
33317	0.002347272113
33318	0.001605349456
33319	0.0002667693842
33320	0.0008091190526
33321	0.0001384437339
33322	0.0009990665323
33323	0.001142027373
33324	0.003040757457
33325	0.001485023143
33326	0.001422061101
33327	0.001995559216
33328	0.002625384365
33329	0.004713505049
33330	6.602463668e-05
33331	0.0004641066604
33332	0.002411345613
33333	0.0005306651146
33334	0.00225771831
33335	6.607706384e-05
33336	0.001143814457
33337	0.006538924396
33338	0.002262122664
33339	0.001351814371
33340	0.003089717706
33341	0.0002728018532
33342	0.000215772982
33343	0.005803601591
33344	0.001855844516
33345	0.0006752520144
33346	0.00228538364
33347	0.00268970684
33348	0.0009629624821
33349	0.0009290270858
33350	0.002831878945
33351	0.001930223961
33352	0.0006862052643
33353	0.002385972761
33354	0.001029934286
33355	0.003362841463
33356	0.0007945142994
33357	0.0007538708098
33358	0.001080217608
33359	0.0002475943614
33360	0.004524547181
33361	0.001528552324
33362	0.001901974265
33363	0.001136856786
33364	0.001590107659
33365	0.002700375192
33366	0.0007457357257
33367	0.00201630856
33368	0.00116620855
33369	0.006681615791
33370	0.004545844813
33371	0.0004076366413
33372	0.0005370822363
33373	0.0003847332944
33374	0.004731702987
33375	0.004068338912
33376	0.00129853229
33377	0.0009038878652
33378	0.0008300709698
33379	0.002915099423
33380	0.0006307829599
33381	1.651970287e-05
33382	0.000704674488
33383	0.005201473439
33384	0.005004053605
33385	0.00398291246
33386	0.0009614085707
33387	0.003214442443
33388	0.0006135453776
33389	0.0004872310844
33390	0.0001700242476
33391	0.0004843279361
33392	0.002172791186
33393	0.001262761492
33394	0.001032435819
33395	0.005459450471
33396	0.002862905628
33397	0.001948267881
33398	1.846857146e-05
33399	0.002849878283
33400	0.0006385795779
33401	0.003959522484
33402	7.854105701e-05
33403	0.001284171593
33404	0.002887095453
33405	0.001675490939
33406	0.001431780906
33407	7.152931768e-05
33408	0.0002820295825
33409	0.001717283137
33410	0.002460744009
33411	0.0024277531
33412	0.001860623686
33413	0.001553983634
33414	0.002394336034
33415	0.001288626033
33416	0.002726420473
33417	8.180204256e-05
33418	0.004691276629
33419	0.004964585144
33420	0.00261328663
33421	0.005119550324
33422	0.005906620538
33423	0.003987175103
33424	0.006631069271
33425	0.004254509382
33426	0.001406164306
33427	0.000688191931
33428	0.0009782100435
33429	0.0006716215254
33430	0.0003727297972
33431	0.00806333639
33432	0.00293706682
33433	0.0001390099846
33434	0.0003004013146
33435	0.0009997070305
33436	0.003421708214
33437	7.822982099e-06
33438	0.004397853001
33439	0.000271194103
33440	0.0005461944768
33441	0.0009252923526
33442	0.007402695576
33443	0.003342390933
33444	0.00452134174
33445	0.006486022927
33446	0.0006716982341
33447	0.002058176538
33448	0.0037117059
33449	0.007651693953
33450	0.001106205079
33451	0.005163309522
33452	0.001837484152
33453	0.0001445071881
33454	0.003706731707
33455	0.002089068604
33456	0.001656237045
33457	0.001868276769
33458	0.004071214156
33459	0.003244362737
33460	0.0001461970029
33461	0.00440539996
33462	0.0006824598579
33463	0.0007804095755
33464	0.0003016471723
33465	0.002282797814
33466	0.002687936576
33467	0.002353672179
33468	0.001890810991
33469	0.006733168407
33470	0.001358308564
33471	0.0008630373204
33472	0.003962674906
33473	0.001824828334
33474	0.001694253578
33475	0.0001342541074
33476	0.002112474932
33477	0.001176612033
33478	0.001358256908
33479	0.001587309704
33480	0.002760764961
33481	0.0006486655869
33482	0.0001121173982
33483	2.808262153e-05
33484	0.002038338764
33485	0.003046160885
33486	0.003856963252
33487	0.001713534908
33488	0.001554178756
33489	0.001387094536
33490	0.0008178815898
33491	0.0006342511092
33492	0.00374794652
33493	0.00476658493
33494	0.001301802277
33495	0.002877940903
33496	0.0007491883848
33497	0.0003538154629
33498	0.001260126908
33499	0.0009270440016
33500	0.002514333232
33501	0.0005063554836
33502	0.00510413075
33503	0.007473399256
33504	0.0006354538896
33505	0.001543076979
33506	1.357026283e-05
33507	0.001633254909
33508	0.003201237708
33509	0.004265633354
33510	0.002070030428
33511	0.006401422142
33512	0.005072169298
33513	0.002037971227
33514	0.0005282647903
33515	0.0001497145326
33516	0.0001767183332
33517	0.001511842826
33518	0.002299190894
33519	0.001061914689
33520	0.0001253143888
33521	0.0006681855488
33522	0.002884770941
33523	0.0002793786814
33524	4.760362658e-05
33525	0.002337857533
33526	0.0004457465462
33527	0.004226673394
33528	0.002536976615
33529	0.0005141401986
33530	0.0014009772
33531	0.004706364254
33532	0.005843617674
33533	0.0002243202015
33534	0.006392897281
33535	0.002003148321
33536	0.002297695858
33537	0.002701892189
33538	5.907544743e-05
33539	0.00125210229
33540	0.0005146394278
33541	0.004625453012
33542	0.002597527888
33543	0.00393762491
33544	0.001326558994
33545	0.001506552801
33546	0.0008326015757
33547	0.00140408579
33548	0.003130512935
33549	0.000950121057
33550	0.001174971631
33551	0.00258644027
33552	0.0008181351045
33553	0.004881873098
33554	0.003599936968
33555	0.001649584942
33556	6.367223387e-05
33557	0.003270342027
33558	0.001211132626
33559	0.002323206265
33560	1.827550887e-05
33561	0.002051801726
33562	0.00113351355
33563	2.534409903e-05
33564	0.002133104429
33565	0.003812485996
33566	0.001133356972
33567	0.005412720574
33568	0.001426877307
33569	0.003301958206
33570	0.0006127260487
33571	0.005041327072
33572	0.0004599825683
33573	0.001269761668
33574	0.00120318231
33575	0.0001510937708
33576	0.0005524257396
33577	0.001828045295
33578	0.0002461937986
33579	0.003282789104
33580	0.00017078964
33581	0.003622368877
33582	0.0007314146402
33583	0.001242109897
33584	0.002765302993
33585	0.002797779551
33586	0.0033767623
33587	0.0007258905893
33588	0.0001270105255
33589	0.007350895486
33590	0.0005850994482
33591	0.001450236789
33592	0.003101667426
33593	0.005203840935
33594	0.002207293517
33595	0.001407260693
33596	0.006838813847
33597	0.002943143459
33598	0.001447380343
33599	0.001722956202
33600	0.0003586013225
33601	0.001960521746
33602	0.001219201227
33603	0.001128210002
33604	0.005394998225
33605	0.006281886969
33606	0.003307267578
33607	0.0009177762664
33608	0.002219854709
33609	0.0009248184539
33610	0.0001617831933
33611	0.002144385652
33612	0.004170523629
33613	0.001336306664
33614	0.0006904441647
33615	0.004400686465
33616	0.002656033139
33617	0.0001956467139
33618	0.002265783071
33619	0.001086832243
33620	0.002642872579
33621	0.00405093861
33622	0.006309712958
33623	0.0008367855311
33624	0.001699432422
33625	0.006853084153
33626	0.0005466082154
33627	0.0002421235197
33628	0.002511392142
33629	0.0009233626888
33630	0.004855917599
33631	0.0002745381507
33632	0.002622911413
33633	0.0001585945439
33634	0.002960421443
33635	0.002715550327
33636	0.0007770774604
33637	0.002513110238
33638	0.00561053624
33639	0.003084268336
33640	0.006841650883
33641	0.0004971967067
33642	0.001805995517
33643	0.001717947879
33644	0.0002646134913
33645	0.002682573579
33646	0.0001214305829
33647	0.0003868034452
33648	0.002406995209
33649	0.0007063834221
33650	6.472994445e-05
33651	0.001786957699
33652	0.0004266723728
33653	0.003259085346
33654	0.003398208257
33655	0.001508391836
33656	0
33657	0.003062634374
33658	0.005011162982
33659	0.000436114088
33660	0.0003274142337
33661	0.001312410209
33662	0.000594739029
33663	0.00130376055
33664	0.001092712216
33665	0.002634378775
33666	0.0003399414632
33667	0.0007475633432
33668	0.001038201314
33669	0.004282451809
33670	0.001134499903
33671	0.004687602118
33672	0.001686690622
33673	0.005730659056
33674	0.003457492863
33675	8.505858754e-05
33676	0.0003526719923
33677	0.004164407371
33678	0.002384117426
33679	0.001159522793
33680	0.002003875634
33681	0.001471821083
33682	0.0003195824095
33683	0.0004214861664
33684	0.00173029666
33685	0.003067934591
33686	0.001057778813
33687	0.003964605324
33688	0.0002167906001
33689	0.002407558631
33690	0.002476197204
33691	0.0008740204016
33692	0.001980141912
33693	7.382385242e-05
33694	0.001873796783
33695	0.00348563468
33696	0.0004302736772
33697	0.001480271782
33698	0.001477288911
33699	0.001619382404
33700	0.0008393346587
33701	0.002084946809
33702	0.001678685666
33703	0.003705545553
33704	0.0001617397479
33705	0.004307786626
33706	0.002547956058
33707	0.001599469364
33708	0.00247324541
33709	0.004059575249
33710	0.002280141202
33711	0.001069713367
33712	0.001042834514
33713	0.003515546039
33714	0.0008172955055
33715	0.003136142641
33716	0.001958605258
33717	0.0001739141591
33718	0.006162503477
33719	0.0009814815849
33720	0.001316284086
33721	0.001299188299
33722	0.000581452421
33723	0.0004183669781
33724	0.000778815003
33725	0.0002294315266
33726	0.001158441764
33727	0.0005472665898
33728	0.001857093263
33729	0.0009294189078
33730	0.003318707734
33731	0.00351844914
33732	0.001173661194
33733	0.001326918485
33734	0.0006997416095
33735	0.0003165130354
33736	0.0004857697125
33737	0.007268473501
33738	0.001211465452
33739	0.0001107167873
33740	0.0007893734172
33741	0.001602074037
33742	0.003733518579
33743	0.000830889231
33744	0.0003380141894
33745	0.0005355135857
33746	0.002254089087
33747	0.0002494907971
33748	0.0002294436602
33749	0.0009409508825
33750	0.003556387551
33751	0.003023906206
33752	0.0008035159144
33753	0.002509789612
33754	0.007594782521
33755	0.001610122412
33756	0.002409383302
33757	0.001740867675
33758	0.0005477899829
33759	0.00377133857
33760	0.005835257514
33761	0.0004109971017
33762	0.0002230559189
33763	0.003911790106
33764	0.001047564581
33765	0.004914762273
33766	0.001231483077
33767	0.002977699275
33768	0.002560573919
33769	0.004237799669
33770	0.001046691348
33771	0.002728154805
33772	0.0001853508838
33773	0.0001554406506
33774	0.003083475718
33775	0.001247750102
33776	0.0002471984732
33777	0.002273180489
33778	0.0005944540123
33779	0.001895826889
33780	0.007222145893
33781	0.0002675518576
33782	0.006385408274
33783	0.0005579748656
33784	0.002139802065
33785	0.0002017487922
33786	0.00724887396
33787	0.001049883252
33788	0.003547432713
33789	0.002005160944
33790	0.0005073337204
33791	0.003996040909
33792	0.001915178545
33793	2.711222171e-05
33794	0.0004876091468
33795	0.0001562156062
33796	0.002857851641
33797	0.003804956422
33798	0.0004248992617
33799	0.0007070637869
33800	0.0006232929653
33801	0.0001784069672
33802	0.003721248501
33803	0.003072173422
33804	0.0001502610167
33805	0.004056142272
33806	0.002689582869
33807	0.0023770017
33808	0.0001426984073
33809	0.005634815792
33810	0.0001743609746
33811	0.001289074679
33812	0.003816365593
33813	0.004214862666
33814	0.002794412792
33815	0.0005461200029
33816	0.002153783246
33817	0.003101528404
33818	0.0005745607762
33819	0.002121663227
33820	0.001127033575
33821	0.002093281131
33822	0.004476790612
33823	0.005037748021
33824	0.006295505423
33825	0.0007590159128
33826	0.005806095635
33827	0.0001274545113
33828	0.002358785268
33829	0.001843819658
33830	0.001905586988
33831	8.056812115e-05
33832	0.001025111969
33833	0.003838514375
33834	0.00279751771
33835	0.001334418197
33836	0.000548738367
33837	7.197982984e-05
33838	0.0004747948379
33839	0.002781441142
33840	0.0005058102794
33841	0.005776379021
33842	0.001566140203
33843	0.0007501517947
33844	0.001586770427
33845	0.0006958735064
33846	0.00026935177
33847	0.0004745929171
33848	0.00352553508
33849	0.005504649359
33850	0.002007929083
33851	0.003663842407
33852	0.001870639825
33853	0.001704482365
33854	0.002008792398
33855	0.002851833248
33856	0.001487025405
33857	0.0005895576349
33858	0.003785193704
33859	0.003305616224
33860	0.002536571449
33861	0.001415820263
33862	0.00522396487
33863	0.005209528381
33864	0.002538080619
33865	0.00271953004
33866	0.00465932961
33867	7.224705656e-05
33868	0.002437605209
33869	0.0017354389
33870	0.002622790595
33871	0.003431479926
33872	0.0005540418423
33873	0.0001431428357
33874	0.006860799564
33875	0.0004855240906
33876	0.003122017752
33877	0.003829841438
33878	0.0008912522774
33879	0.004164043064
33880	0.003691228804
33881	0.002052732626
33882	0.0003851366323
33883	0.0006842599638
33884	0.002988727305
33885	0.002489461193
33886	0.003404948935
33887	0.005139853286
33888	0.001605153373
33889	0.004163776066
33890	0.0006294559122
33891	0.001469033814
33892	0.006807839588
33893	0.005330063523
33894	1.385947723e-05
33895	0.007318556171
33896	0.002610628044
33897	0.0006788614537
33898	0.0003942590055
33899	2.220020832e-05
33900	0.0008759587992
33901	0.004799608785
33902	0.0005845048522
33903	0.0005337870564
33904	0.003641918922
33905	0.006849328163
33906	0.001620587845
33907	3.063349657e-05
33908	0.001443401535
33909	0.006670814491
33910	0.004502381617
33911	0.004098228232
33912	0.001575922201
33913	0.008586488
33914	0.0009380897873
33915	0.003079453744
33916	0.007407733408
33917	0.0006157293458
33918	0.002811695473
33919	0.001149546293
33920	0.005682069865
33921	0.005151928455
33922	0.001669147777
33923	0.001443753097
33924	1.457965274e-05
33925	0.001805703731
33926	8.766425061e-06
33927	0.001087252139
33928	0.003457789304
33929	0.000715539995
33930	0.001950255968
33931	0.001633332615
33932	0.006054286784
33933	0.001131821072
33934	0.002196610863
33935	0.005014536897
33936	0.002739625558
33937	0.003426598644
33938	0.006975231087
33939	0.0002377576374
33940	0.004601298218
33941	0.0004209162211
33942	0.00245845765
33943	0.001947779932
33944	0.003202681826
33945	0.003319083005
33946	0.002584770724
33947	0.0006129438562
33948	0.005005831621
33949	0.004013914299
33950	0.003910253542
33951	5.258721613e-05
33952	0.002986470701
33953	0.001876092966
33954	0.00313607188
33955	0.003309628747
33956	0.001184983111
33957	0.001840764023
33958	0.00439939791
33959	0.002708124041
33960	0.0001680849388
33961	0.007146611471
33962	0.003422638024
33963	0.004540417286
33964	0.0003896674443
33965	0.0003620738618
33966	0.0002681642031
33967	0.001605051326
33968	0.0002705699961
33969	0.002151553985
33970	0.0003404548371
33971	0.002518583836
33972	0.0007976664791
33973	0.002818869771
33974	0.007319152317
33975	0.000267200436
33976	0.0004409419033
33977	0.002241987804
33978	0.0001088005842
33979	0.001401550117
33980	0.002035030999
33981	0.0009793968055
33982	0.002544693561
33983	0.0005214775662
33984	0.00237156728
33985	0.001285023877
33986	0.001874233372
33987	0.004501670023
33988	0.004696909265
33989	0.0001278003138
33990	0.004936129444
33991	0.002552422747
33992	0.005328424827
33993	0.002483811056
33994	0.003977606951
33995	0.001717539717
33996	0.003703006587
33997	0.0002038343403
33998	0.002247653031
33999	0.003632622078
34000	0.004805732859
34001	0.001471535541
34002	0.003291572235
34003	0.001444795884
34004	0
34005	0.0007772773271
34006	0.0004347204509
34007	0.0002740769121
34008	0.004090665758
34009	0.001109312931
34010	0.006582818599
34011	0.003599936904
34012	0.002263119123
34013	0.001173243386
34014	0.0003632597458
34015	8.97803355e-05
34016	0.001347573874
34017	0.004592418033
34018	0.0008312369462
34019	0.0005689583883
34020	8.102245695e-05
34021	0.0004154629889
34022	0.0004068666574
34023	0.001496060941
34024	0.005135804842
34025	0.0007021162818
34026	0.00347682344
34027	0.002826915603
34028	0.001795472126
34029	0.004064835425
34030	0.001175043443
34031	0.005269674922
34032	0.002602009594
34033	0.002910296906
34034	0.001937592668
34035	0.004383548877
34036	0.001171494132
34037	0.002161167863
34038	0.0002740461649
34039	0.001650183035
34040	0.003999542039
34041	0.003208188964
34042	0.001890792107
34043	0.003526751761
34044	0.001453471565
34045	1.709498447e-05
34046	4.852516269e-05
34047	0.0002182968096
34048	0.002564608191
34049	6.880990385e-05
34050	0.0004666508973
34051	0.004261835005
34052	9.16796006e-05
34053	0.000326584284
34054	0.002327338189
34055	0.001097060898
34056	0.0001308020805
34057	0.002392739412
34058	0.004190741509
34059	0.0008542532318
34060	0.001705031472
34061	0.0003937117042
34062	0.00235184943
34063	0.00118464603
34064	0.001870506792
34065	0.002347432473
34066	3.102871277e-06
34067	0.005087930446
34068	0.0003404498064
34069	0.001788669404
34070	0.001088630017
34071	0.001960155345
34072	0.0002251990265
34073	0.004209262644
34074	0.0001837425026
34075	0.002117638691
34076	0.002575357676
34077	0.000704350848
34078	0.00164075964
34079	0.001888865806
34080	0.0006244542113
34081	0.00139706931
34082	0.0006398852525
34083	0.008924265634
34084	0.0004057294524
34085	0.001907322458
34086	0.002620576477
34087	0.003450611678
34088	0.00511552189
34089	0.0002877501015
34090	0.0003932372565
34091	0.003810138271
34092	0.0004021870513
34093	0.0004006551807
34094	0.002869602025
34095	0.0003343527734
34096	0.005381012696
34097	0.001142649244
34098	0.0006748668306
34099	0.00115172673
34100	0.004675163262
34101	0.004739013614
34102	0.001513968175
34103	0.0008303322336
34104	0.0003030732667
34105	0.001248215097
34106	0.001553213408
34107	0.0001430538295
34108	3.025762941e-06
34109	0.007361756823
34110	0.0002377173276
34111	0.001726682072
34112	0.001150165547
34113	0.0005280315447
34114	0.0001870761169
34115	0.0003680352445
34116	0.001181155501
34117	0.003079577006
34118	0.002970930298
34119	0.001191771307
34120	0.001683800412
34121	0.005560686199
34122	0.0004579057111
34123	0.0004209392313
34124	0.002517612779
34125	0.002691045116
34126	0.0004813852616
34127	0.0004564664528
34128	0.003994705882
34129	0.003492237139
34130	0.002382763317
34131	0.001506741806
34132	0.002212484709
34133	1.907671264e-05
34134	0.0003410215542
34135	0.0002559488162
34136	0.004964657383
34137	0.001419895363
34138	0.0005898850403
34139	0.002038713655
34140	0.001943934798
34141	0.003800721846
34142	0.006083131226
34143	0.004064429764
34144	0.006980437891
34145	0.003365706193
34146	0.002486432403
34147	0.0007817293115
34148	0.002001749524
34149	0.0005168120044
34150	0.0003214982567
34151	0.002436370497
34152	0.0029608723
34153	0.002564202036
34154	0.0003477422775
34155	0.001578946042
34156	0.003122427991
34157	9.291250724e-05
34158	0.003909044166
34159	0.000323344802
34160	0.001900855337
34161	0.001070427241
34162	0.002004506904
34163	0.002005933398
34164	0.002411160425
34165	0.004396364969
34166	0.002440939373
34167	0.002551493065
34168	0.002218412106
34169	0.003015905239
34170	0.001154159382
34171	0.0002398967254
34172	0.002955707556
34173	0.0005319090466
34174	0.001788073993
34175	0.0005303684635
34176	0.001677184731
34177	0.001091011124
34178	0.0008745902998
34179	0.0001945325593
34180	0.0002245067794
34181	0.0002089961827
34182	0.0003697381261
34183	7.924452956e-05
34184	0.001251672939
34185	0.000371541774
34186	0.0009243444486
34187	0.002342059699
34188	0.0004074449506
34189	0.0003720749999
34190	0.0009192078897
34191	0.0001994553558
34192	0.0001798077242
34193	0.001662339728
34194	0.0007832367311
34195	4.961892813e-05
34196	0.00528068061
34197	0.0001625385623
34198	0.0001758104032
34199	0.0003208840146
34200	0.0001038956956
34201	0.0006588816223
34202	0.00192064808
34203	5.952112272e-05
34204	0.003083419452
34205	0.0003930336764
34206	0.0002334365533
34207	0.002805103553
34208	0.0001112612272
34209	0.0008466147532
34210	2.88181927e-05
34211	0.001569115778
34212	0.001281452853
34213	0.002623219324
34214	0.003307488771
34215	0.006957697347
34216	0.005530527624
34217	0.007268747187
34218	0.000773782894
34219	0.0002500027376
34220	0.001669239186
34221	0.002278256461
34222	2.455743708e-05
34223	0.002846673801
34224	0.001943461102
34225	9.962369795e-05
34226	0.002961060499
34227	0.001415540629
34228	0.002042630799
34229	0.001498867788
34230	5.222185063e-05
34231	0.001607843934
34232	0.003411412023
34233	0.002237699125
34234	0.0008919805539
34235	0.003229447081
34236	0.0002203836422
34237	0.0001833517177
34238	0.003802525072
34239	0.001096464786
34240	0.001042991593
34241	0.001720373491
34242	0.0009126210031
34243	0.0003948570743
34244	0.0002925957917
34245	6.331007816e-05
34246	3.753834803e-05
34247	0.0007253135255
34248	0.0002029451246
34249	0.002046617725
34250	0.001085778562
34251	0.00300399064
34252	0.001125394106
34253	0.001155129832
34254	0.0002773867178
34255	0.001350450211
34256	0.004992945204
34257	0.00344070065
34258	0.0002805883895
34259	0.0006082477152
34260	7.450115462e-05
34261	0.00259783655
34262	0.0004173913425
34263	0.001845312433
34264	0.003502818431
34265	0.002734656339
34266	0.004126408216
34267	0.0003556909325
34268	0.0007911333112
34269	0.0003254550247
34270	0.002542760552
34271	0.0001283960332
34272	0.0004173039996
34273	0.004682065136
34274	0.0006003179627
34275	0.0009910616673
34276	0.002523258017
34277	0.0009294568952
34278	0.0009783972164
34279	0.0008465911813
34280	0.001357207332
34281	1.813660234e-05
34282	0.0009251616096
34283	0.0002875985893
34284	1.359079956e-05
34285	9.170296013e-05
34286	0.001602832056
34287	0.0003643668161
34288	0.0001840284288
34289	0.0002114392096
34290	0.0003630821631
34291	0.0005426718502
34292	7.289900521e-05
34293	0.0004524970266
34294	0.0005663652458
34295	0.0001524721419
34296	0.001482965792
34297	0.0005818278648
34298	0.005883361106
34299	0.0004323635971
34300	8.692405884e-05
34301	0.0006490561035
34302	0.001422036793
34303	0.0001685645183
34304	0.0004430196566
34305	7.694822106e-05
34306	0.0006908455086
34307	0.0002143434866
34308	0.005965308328
34309	0.004759560619
34310	0.0005340710369
34311	0.0001995597937
34312	0.0002739305678
34313	8.090049811e-05
34314	0.002430917895
34315	0.0003666641285
34316	0.002030178126
34317	0.002369975805
34318	0.005508369089
34319	0.0005026103954
34320	0.005387889873
34321	0.002827373823
34322	0.0003933406458
34323	0.0005954792093
34324	0.0002446384657
34325	0.006093048749
34326	0.00227677018
34327	0.0003028494606
34328	0.002337059413
34329	0.003819898479
34330	0.004004717815
34331	0.005682153392
34332	0.005738519607
34333	0.001624385462
34334	0.001068809623
34335	0.003376994892
34336	0.002522758164
34337	0.008705711281
34338	0.003978273935
34339	0.005382858008
34340	0.001461068573
34341	0.006239761953
34342	0.006451656412
34343	0.002462150622
34344	0.003986649501
34345	0.0017689606
34346	0.003922695125
34347	0.004847611719
34348	8.940790169e-05
34349	0.001539659899
34350	0.005030777675
34351	0.005397826057
34352	0.001575878771
34353	0.00143041103
34354	0.0002729896728
34355	0.0009936528758
34356	0.003755639229
34357	0.004403481826
34358	0.002096614069
34359	0.001846009249
34360	0.0005445316811
34361	0.002244432322
34362	0.007335246795
34363	0.001659509678
34364	0.004585447531
34365	0.003836656096
34366	0.000332915769
34367	0.006404781265
34368	0.001936940388
34369	0.002113311086
34370	0.0009036196507
34371	0.001425697147
34372	0.0005988715941
34373	0.0004963060687
34374	0.007307374288
34375	0.002325783935
34376	0.003024055024
34377	0.001274629596
34378	0.0004252282544
34379	0.0001584790584
34380	0.0007146161082
34381	0.0007178437415
34382	0.001156515749
34383	0.001166799798
34384	0.0004259286149
34385	0.0004253420101
34386	0.0007191761415
34387	0.0002940198977
34388	0.0005719106277
34389	0.0001444088076
34390	0.0007173156935
34391	0.0005751065513
34392	0.0004263369308
34393	0.001020255745
34394	0.000569125921
34395	0.0008710740175
34396	7.122507123e-07
34397	0.0005714913075
34398	0.0002840289545
34399	0.0004374963105
34400	0.0001456076832
34401	0.0007195322673
34402	0.0005709926798
34403	1.686996027e-06
34404	0.0001442752831
34405	0.0001323321629
34406	0.0007813316457
34407	0.003290440351
34408	0.0008458368894
34409	0.001508902453
34410	0.0002940543182
34411	0.001011643203
34412	0.001002847235
34413	0.004594342013
34414	0.004869701311
34415	3.553075645e-05
34416	0.0006721300362
34417	0.000417324945
34418	0.0001350502119
34419	0.002436514281
34420	0.00150076725
34421	0.00266201337
34422	0.001789023612
34423	0.004715825243
34424	0.0002643623231
34425	0.001918043829
34426	0.001569997376
34427	0.0003525551713
34428	0.0021707526
34429	0.003258129971
34430	0.001538486176
34431	0.001251584653
34432	0.001691202635
34433	0.0006443879612
34434	0.0005940981744
34435	0.003981435328
34436	0.0003107936468
34437	0.002879323324
34438	0.004238304824
34439	0.004733295624
34440	0.003301127019
34441	0.00615175273
34442	0.00639584482
34443	0.003481980427
34444	0.00263915415
34445	0.002214040082
34446	0.002564929033
34447	0.0001964485847
34448	0.002795052068
34449	0.002828854984
34450	0.0006072145174
34451	0.001293286629
34452	0.003304658834
34453	0.001940534117
34454	0.002048970586
34455	0.003830723666
34456	0.002028682527
34457	0.0009243600376
34458	0.003661672882
34459	0.0007914725563
34460	0.003041342418
34461	0.002230404261
34462	0.0004751064466
34463	0.005775654181
34464	0.0007447952633
34465	0.0001531874194
34466	0.0006830766155
34467	0.004629847657
34468	0.0001412228095
34469	0.0004315381945
34470	0.004326493946
34471	0.003236311477
34472	0.001083384754
34473	0.003741890355
34474	0.004270786391
34475	0.001579213666
34476	0.0007487185608
34477	0.002002825628
34478	0.002010474845
34479	0.003461867612
34480	0.004515683381
34481	0.001294062239
34482	0.003626179441
34483	0.0006957251247
34484	0.003958055935
34485	0.004343220602
34486	0.001353647559
34487	0.001454235694
34488	0.001338575517
34489	0.0002701677957
34490	0.00283427829
34491	0.001026953541
34492	0.001856143689
34493	0.002186977452
34494	0.001866319134
34495	0.0008896751789
34496	0.003471189563
34497	0.003759322706
34498	0.002019257318
34499	1.027669155e-05
34500	0.0004166724377
34501	0.001035351952
34502	4.808630738e-05
34503	0.0006614372789
34504	0.0007100809534
34505	0.0009531971378
34506	0.0005869862568
34507	0.0006219563531
34508	0.005300129572
34509	0.01084326403
34510	0.002191243433
34511	0.002744080958
34512	0.001975438343
34513	0.0001570020698
34514	0.002297384826
34515	0.002648781058
34516	0.0001649344209
34517	0.0007445036628
34518	0.001788484025
34519	0.001960827845
34520	0.00298684378
34521	0.001622970745
34522	0.001410793351
34523	0.0009185834348
34524	0.001116796792
34525	0.003716194758
34526	0.0003760613263
34527	0.0002054033614
34528	0.003569965133
34529	0.004253748447
34530	0.001540402016
34531	0.0008608984356
34532	0.0005930390846
34533	0.003753637835
34534	0.002201796413
34535	0.0003087935797
34536	0.0004064329199
34537	0.002631005008
34538	0.002070637407
34539	0.001566617933
34540	9.697484052e-05
34541	0.003341198934
34542	0.0003810016971
34543	0.0004485823225
34544	0.0008722784145
34545	0.002888385746
34546	0.0007033324811
34547	0.002750526529
34548	0.002294506072
34549	0.003066052183
34550	0.0009297278593
34551	0.0008039328356
34552	0.001805389955
34553	0.006835383236
34554	0.0006205651586
34555	0.001961020252
34556	0.002567783041
34557	0.007830468654
34558	0.001067757314
34559	0.002601275979
34560	0.004155085498
34561	0.0003511994466
34562	0.003852453829
34563	0.001800824908
34564	0.002062962571
34565	0.002243103798
34566	0.0008561090577
34567	0.001429826523
34568	0.001536096853
34569	0.0003966431019
34570	0.001500693385
34571	0.0003802981623
34572	0.001740688688
34573	0.001004077241
34574	0.0004004622614
34575	0.001261934755
34576	0.0005730833521
34577	0.0006108464458
34578	0.001311646521
34579	0.00244631936
34580	0.002052504789
34581	1.738377589e-05
34582	0.001747013202
34583	0.0008231317294
34584	0.0002248556805
34585	0.00167546022
34586	0.0003479352826
34587	0.001216297968
34588	0.0003822762431
34589	0.0009777871435
34590	0.002023802286
34591	0.0004521182452
34592	4.242079458e-05
34593	0.003232252743
34594	0.002199807909
34595	0.0009382683143
34596	0.002162888833
34597	0.005833117229
34598	0.001246055279
34599	0.004934688571
34600	0.000460555616
34601	0.002448348383
34602	0.00526296014
34603	0.004611514038
34604	0.003206511892
34605	0.005667237537
34606	0.006477583759
34607	0.001413188011
34608	0.0003055945078
34609	0.0003418352489
34610	0.004452876688
34611	0.003727594469
34612	0.001285048353
34613	0.0003051837621
34614	4.556731996e-05
34615	0.002254072674
34616	0.002570133372
34617	0.001075735435
34618	0.001933012123
34619	0.0007371273189
34620	0.0027069425
34621	0.003150230439
34622	0.004073464938
34623	0.002736533077
34624	0.0006131423033
34625	0.001760886603
34626	0.0006081282426
34627	0.002740045087
34628	0.001140115717
34629	0.003837997901
34630	0.0025897072
34631	0.00343066006
34632	0.002993894307
34633	0.004119035628
34634	0.003295276781
34635	0.002662049215
34636	0.003291358331
34637	0.001606951358
34638	1.105828787e-05
34639	0.002063854115
34640	0.0001263095099
34641	0.0001076231238
34642	0.0009511168375
34643	0.002103672382
34644	0.0002947213024
34645	0.005431314296
34646	0.0001126624848
34647	0.0003712849017
34648	0.001251868246
34649	0.0008373615241
34650	0.001789391886
34651	0.0006891446515
34652	0.001657146035
34653	0.0004436734016
34654	0.003073657575
34655	0.001082547328
34656	0.005239320525
34657	0.0002820074959
34658	0.001344310094
34659	0.003895118051
34660	0.001898955307
34661	0.003675581111
34662	0.001983652568
34663	0.002994954448
34664	0.002310993272
34665	9.878955863e-05
34666	0.00314825305
34667	0.004918632873
34668	7.674216349e-05
34669	0.003276614094
34670	0.0002953964682
34671	0.0008768577284
34672	0.001432389933
34673	0.0001853383281
34674	0.003852191927
34675	0.001669868763
34676	0.001575344891
34677	0.001014265084
34678	0.002445920987
34679	0.004021729136
34680	0.002023285677
34681	9.985403092e-05
34682	0.001158098701
34683	0.001244023711
34684	0.0008537990195
34685	0.001930226224
34686	0.003714239626
34687	0.00167233518
34688	0.002289197352
34689	0.0003484620189
34690	0.0004058548118
34691	0.0009087798329
34692	0.003242327131
34693	0.0005249093705
34694	0.0002699536582
34695	0.0007270742605
34696	0.002109387851
34697	0.004112664504
34698	0.004830786019
34699	0.001758638794
34700	0.001426782219
34701	0.00148280357
34702	0.001095373057
34703	0.0002386807606
34704	0.000156750645
34705	0.0003166229348
34706	0.000493382112
34707	0.0002590639742
34708	0.003665065049
34709	0.001497068104
34710	0.003248798247
34711	0.002077247037
34712	0.0002183406842
34713	0.002216045528
34714	0.001021050655
34715	0.001581285893
34716	0.0004124304332
34717	0.004619888941
34718	0.001299771815
34719	0.004265577778
34720	0.002894681199
34721	0.002745817812
34722	0.0002101169744
34723	0.006003574473
34724	0.000753548509
34725	0.0003607090719
34726	0.0027893669
34727	0.001132617413
34728	0.001829265012
34729	0.002393703651
34730	0.002819393464
34731	0.002233305635
34732	0.0003268223547
34733	0.001110225471
34734	0.005849537999
34735	0.002610543063
34736	0.004874693401
34737	0.003087169864
34738	0.001025362574
34739	0.002887563826
34740	0.003343816689
34741	0.00177783347
34742	0.002493279081
34743	0.0007285948659
34744	0.006921383206
34745	0.001371606918
34746	0.002269103271
34747	0.001160438286
34748	0.0005422971136
34749	0.0002986230782
34750	0.0003311109059
34751	0.0003237440281
34752	0.0009371701562
34753	0.001427628272
34754	0.0003687608457
34755	4.811450571e-05
34756	0.0006960573777
34757	0.0001668619882
34758	0.002121188515
34759	0.0004419589409
34760	0.0002504615335
34761	0.0008025841625
34762	0.0006130368411
34763	0.001293451326
34764	0.0006679472715
34765	0.0008307976882
34766	0.00441549528
34767	0.001595849546
34768	0.001861475295
34769	0.002661389123
34770	4.450042892e-05
34771	0.003323248106
34772	0.00147915498
34773	0.0008430806682
34774	0.0001784516025
34775	0.0004481496289
34776	0.003189425294
34777	0.001367057551
34778	0.002945924699
34779	0.002740321867
34780	0.002930917173
34781	0.003569770741
34782	0.003788138681
34783	0.0005906818244
34784	0.0005852903886
34785	0.004041144382
34786	0.0001131809961
34787	0.004612821451
34788	0.0005220349347
34789	0.00158654811
34790	0.004981625815
34791	0.001696063721
34792	0.0007433117173
34793	0.0009030420918
34794	0.0008482713743
34795	0.0002144383746
34796	0.004107538846
34797	0.0002843022308
34798	0.0004104365227
34799	0.002653774814
34800	0.0008437432805
34801	0.002017064126
34802	1.55399293e-05
34803	0.0008696070487
34804	0.000237365757
34805	0.0008803503723
34806	0.000886404384
34807	0.002470082367
34808	0.0004243978986
34809	0.004393381497
34810	0.001806835406
34811	0.0001974053615
34812	0.004616318399
34813	0.001091029402
34814	0.001421397668
34815	0.002617705871
34816	0.0002390677849
34817	0.00011729327
34818	0.0007997451574
34819	0.001038229073
34820	0.0008868097416
34821	0.004423742161
34822	0.002801839247
34823	0.003977722063
34824	0.0002231092666
34825	6.831739665e-05
34826	0.00227652069
34827	0.005033525336
34828	0.0009823121978
34829	0.005488657717
34830	0.005561300731
34831	0.004685132181
34832	0.000377022469
34833	0.001596914355
34834	0.000416888451
34835	0.00385202426
34836	0.0006409095466
34837	0.00224155092
34838	0.006596772179
34839	0.0006977486908
34840	0.001580460231
34841	0.001519448658
34842	0.0004513748702
34843	0.001596937159
34844	0.001893926145
34845	0.0009986923452
34846	0.001518263733
34847	0.002758734756
34848	0.002964448124
34849	0.001159253973
34850	0.001805510645
34851	0.001416130005
34852	2.505154059e-05
34853	0.001900228697
34854	0.003568761548
34855	0.0008754441099
34856	0.0001810005842
34857	0.001662636923
34858	0.001746522801
34859	0.005725559641
34860	0.003700674798
34861	0.002481518355
34862	0.002594062284
34863	0.003113380345
34864	0.001801211498
34865	0.0006778913154
34866	0.000287946198
34867	0.001943163604
34868	0.0004185670891
34869	0.0001667244629
34870	5.424592546e-05
34871	0.0008669927794
34872	0.0006220199377
34873	0.0009837599563
34874	0.0007279831027
34875	0.001483950825
34876	0.002702171431
34877	0.005843587443
34878	0.00125960441
34879	0.0006924616054
34880	0.00223742138
34881	0.00260124466
34882	0.00321068553
34883	0.001412484108
34884	0.002524183273
34885	0.0002528607768
34886	0.001061411121
34887	0.0005161248357
34888	0.002209531051
34889	0.003970042867
34890	0.001495076235
34891	0.004755555636
34892	0.0005593908138
34893	0.0008359524842
34894	0.001104982757
34895	0.003450122962
34896	0.002131918899
34897	0.002464890924
34898	0.001293517494
34899	0.0002459704664
34900	0.002512462518
34901	0.0005264017013
34902	0.0005813224764
34903	0.0007553974866
34904	0.001391636149
34905	0.0001545696438
34906	0.0002253323338
34907	0.0002526064564
34908	0.000321662788
34909	0.000466207812
34910	0.0003392656218
34911	0.001375468406
34912	0.00282504188
34913	0.002608073731
34914	0.0005373857253
34915	0.002357740926
34916	0.00311314841
34917	0.00195414519
34918	0.0004121668813
34919	0.002834435822
34920	0.00474147013
34921	0.0001879796143
34922	0.005029230852
34923	0.0007548712938
34924	0.002000498495
34925	0.0003492578662
34926	0.002757953966
34927	0.001675529923
34928	0.003796135448
34929	0.001753564123
34930	0.0007324951575
34931	0.0007008446528
34932	0.004434507364
34933	0.003749980723
34934	0.001691668704
34935	0.001614909145
34936	0.001243165913
34937	0.002572422222
34938	0.0007290475949
34939	0.002138872903
34940	0.002474027719
34941	0.0004255044892
34942	0.001109832411
34943	0.001444731116
34944	0.001260651069
34945	0.004854336595
34946	0.003434067138
34947	0.003399909711
34948	0.002833110553
34949	0.002083422943
34950	0.004042135218
34951	0.001174596329
34952	0.002511187166
34953	0.006454506368
34954	0.002428271315
34955	0.003583122847
34956	0.001136456436
34957	0.001221742902
34958	0.004414552789
34959	0.004801453592
34960	0.001010046544
34961	0.000251264558
34962	0.001062926014
34963	0.0006152169828
34964	0.001090906845
34965	0.002203611152
34966	0.003060485565
34967	0.001338544576
34968	0.0004138019278
34969	0.004116302552
34970	0.005180274781
34971	3.094868482e-05
34972	0.0003916152628
34973	0.0002381519149
34974	0.0002961445023
34975	0.001590696205
34976	0.001149622994
34977	8.623559951e-05
34978	0.005863630281
34979	0.006310938484
34980	0.0006074391548
34981	0.002409383002
34982	0.001040201282
34983	0.001894869874
34984	0.003547963582
34985	0.0007662973162
34986	0.00166846262
34987	3.073846967e-05
34988	0.003278111054
34989	0.001382773606
34990	0.000958051739
34991	0.003058267488
34992	0.002684437524
34993	0.001485824237
34994	0.00277014236
34995	0.002265337005
34996	0.002424906372
34997	0.0005301590621
34998	0.002644532887
34999	0.003641703858
35000	0.005415791964
35001	0.0004504700633
35002	0.0008083441054
35003	0.002224479877
35004	0.003214490167
35005	2.105125824e-05
35006	0.000587094384
35007	0.002030158163
35008	0.003768701927
35009	0.001514120161
35010	0.003607659307
35011	0.0002918551452
35012	0.00187381996
35013	0.0001157993471
35014	0.005700673789
35015	0.002444983112
35016	0.0008817409616
35017	0.0002595285045
35018	0.00199572542
35019	0.003083643957
35020	0.0001656863526
35021	0.003855355629
35022	0.005886186657
35023	0.0003741538915
35024	0.0007049173048
35025	0.002410841097
35026	0.003349071192
35027	0.0001855105064
35028	0.002062966157
35029	0.001929538371
35030	0.002783645884
35031	0.004199413211
35032	0.001663959423
35033	0.001020016081
35034	0.001216004935
35035	0.0005705137873
35036	8.573201546e-05
35037	0.0004924512622
35038	0.004264704028
35039	0.002003134315
35040	0.00274047712
35041	0.00143960761
35042	0.000831238709
35043	0.001620223531
35044	0.003039009545
35045	0.001416881208
35046	0.000434007091
35047	0.0007293053487
35048	0.001084815519
35049	0.0007671806615
35050	0.001895054845
35051	0.0008575280662
35052	0.001695890743
35053	0.001097717757
35054	0.0003555057641
35055	0.002196806949
35056	0.0009741829838
35057	7.90135394e-05
35058	0.001275870609
35059	0.0001596344926
35060	0.001249897638
35061	0.0010714723
35062	5.160849582e-05
35063	0.002048299318
35064	0.0002330827416
35065	0.0001697040753
35066	0.0002035643374
35067	0.0003317568403
35068	0.004179231696
35069	0.001242010958
35070	0.002468698937
35071	0.002777349692
35072	0.0001337374688
35073	0.0001433763499
35074	0.0009075603785
35075	0.0007372732469
35076	0.0007351754394
35077	0.000807323034
35078	0.002698710907
35079	0.0008793820416
35080	0.006285542081
35081	0.001263100251
35082	0.001595325995
35083	0.002962110954
35084	0.001326548569
35085	0.003190813353
35086	0.002138428113
35087	0.001137693069
35088	0.000561063188
35089	0.0003514381402
35090	2.149032321e-08
35091	0.000230352663
35092	0.002100698388
35093	0.004007571924
35094	0.003765177677
35095	5.383102272e-05
35096	0.003493751737
35097	0.003098878222
35098	0.003671991505
35099	0.0001873934656
35100	0.001285246166
35101	0.001879354741
35102	0.0006351824736
35103	4.635863604e-05
35104	0.001418156938
35105	0.002348774479
35106	0.005087782804
35107	0.0004843509539
35108	0.001864171187
35109	0.001386239698
35110	0.0006639945966
35111	0.002372288724
35112	7.064578107e-05
35113	0.00413961285
35114	0.0003117463243
35115	0.0006669032501
35116	0.0002631005809
35117	6.808183777e-05
35118	0.001034877075
35119	0.001739701033
35120	0.002829743419
35121	0.002144906962
35122	0.007099431748
35123	0.0001183782992
35124	0.000376514553
35125	0.0009184994346
35126	0.0008572792614
35127	0.006220391739
35128	0.0003337033743
35129	0.00599736092
35130	0.0004370554709
35131	0.0008330350359
35132	0.003158490897
35133	0.0002503404038
35134	0.002481629554
35135	0.0003942925514
35136	0.00300159479
35137	0.0001344083858
35138	0.001954605166
35139	0.008621289446
35140	0.0008651335843
35141	0.0003678200535
35142	0.0001733451731
35143	0.001065106707
35144	0.000308339209
35145	0.00163986423
35146	0.0005828473332
35147	0.001556428303
35148	0.0008965486209
35149	0.0002806184742
35150	0.0005504210647
35151	0.001334150911
35152	0.0002678014035
35153	0.001207538767
35154	0.003173455882
35155	0.006469773914
35156	0.0005206414372
35157	0.001159845604
35158	0.001010225395
35159	0.0003225613205
35160	0.001631158708
35161	0.0001525035975
35162	5.548355469e-06
35163	0.0003393373782
35164	0.0007878364892
35165	0.000913178873
35166	0.001641328609
35167	0.0008036469091
35168	0.003417127733
35169	0.0007971296812
35170	0.00441803622
35171	0.003931084062
35172	0.000843741738
35173	0.0001931835829
35174	0.0008319339118
35175	0.0005018721434
35176	1.478946447e-05
35177	0.0007722517755
35178	0.0001471230778
35179	0.0001137840631
35180	0.00165733665
35181	0.0005389163323
35182	0.0003968918836
35183	0.0001329444104
35184	0.002522645814
35185	0.001222811967
35186	0.001100125519
35187	0.0009509509378
35188	0.001536324258
35189	0.001985606901
35190	0.001193913663
35191	7.432879141e-05
35192	0.0003170184132
35193	0.001040408911
35194	0.005398541994
35195	0.003920876736
35196	0.003483987019
35197	0.006458885524
35198	0.002472355438
35199	0.001753867054
35200	0.002883947488
35201	0.0002306993149
35202	0.0003052726892
35203	0.004459033138
35204	0.0004288962728
35205	0.0003446297999
35206	0.006322203213
35207	0.0001435450741
35208	0.003467175041
35209	0.001908695716
35210	0.001094428362
35211	9.28074803e-05
35212	0.001955229901
35213	0.0004916250851
35214	0.0002388997674
35215	0.0002959791645
35216	0.0006033389478
35217	0.0008339774821
35218	0.0007642252591
35219	7.77420714e-05
35220	0.0005462256084
35221	0.0006950509835
35222	5.204269759e-05
35223	0.0018666895
35224	0.0004623492373
35225	2.156841261e-05
35226	0.0008581268414
35227	2.893941111e-05
35228	0.00041032426
35229	0.0004705131881
35230	0.0007895569993
35231	0.0008717048537
35232	0.0002196578149
35233	0.0002140055226
35234	7.347328261e-05
35235	0.0001281231297
35236	0.0005139194828
35237	0.0001574141935
35238	0.001627044614
35239	0.005319939352
35240	6.630278589e-05
35241	5.223660939e-05
35242	0.002031120092
35243	0.003271177031
35244	0.004081598741
35245	0.0008639551053
35246	0.001221192849
35247	0.0001907409006
35248	0.0002549335678
35249	0.0001302423133
35250	6.318405404e-05
35251	0.0003520230335
35252	0.000500676724
35253	0.002492024174
35254	0.0001105513104
35255	0.0006340308151
35256	0.0004249961873
35257	0.0002543091315
35258	2.993397846e-05
35259	0.0002457891426
35260	0.0002094537835
35261	0.001966762456
35262	0.000199101216
35263	0.005478469096
35264	0.001262658232
35265	0.0001277807809
35266	7.737575755e-05
35267	0.0001275979758
35268	0.0006880698109
35269	0.0007509669084
35270	0.0001004869671
35271	0.001627073339
35272	0.0005611733513
35273	0.0004474961778
35274	0.002584530252
35275	0.0005969887462
35276	0.0002525439019
35277	0.0005298167762
35278	0.0006369687619
35279	0.0001234101074
35280	0.0003067504956
35281	0.0005355593807
35282	6.003994438e-05
35283	0.000538965335
35284	0.0004248017553
35285	0.0001240751247
35286	0.0001528936245
35287	0.001976769654
35288	0.0002622444099
35289	0.000790000518
35290	0.0004595077435
35291	0.0006342171738
35292	0.0005646338504
35293	3.204680284e-05
35294	0.0007542177541
35295	0.001011864742
35296	7.652724816e-05
35297	0.0005046673817
35298	0.0001362093926
35299	0.0002115344113
35300	0.005314396415
35301	0.0001573932755
35302	3.00044062e-05
35303	0.0004193985985
35304	3.537855729e-05
35305	4.160842082e-05
35306	4.65094518e-05
35307	0.0004423454699
35308	0.0003136886548
35309	0.0002338192828
35310	0.0001591868835
35311	0.0003166523709
35312	0.0002720788341
35313	5.828039764e-06
35314	4.496322272e-05
35315	0.0003833892384
35316	0.001581510934
35317	0.0004033224504
35318	9.912664065e-05
35319	0.000308406837
35320	7.432980457e-05
35321	0.003391335927
35322	9.610751847e-05
35323	9.642920821e-05
35324	0.0002929597854
35325	0.004520349475
35326	2.434860952e-05
35327	0.0001405639708
35328	0.0001258388272
35329	0.00030663487
35330	0.0008327445753
35331	0.0002201469748
35332	0.000246498106
35333	0.0004425408528
35334	0.0001343904847
35335	0.0008982357923
35336	0.0003657058716
35337	0.0004471405876
35338	6.66325635e-05
35339	0.001049981306
35340	0.0004525276366
35341	0.000486004785
35342	9.112795734e-05
35343	0.0005022986296
35344	0.0003818915632
35345	8.043826917e-05
35346	0.0003665003449
35347	0.001480676827
35348	0.003070206484
35349	0.001574174147
35350	0.001696371874
35351	0.0004432544098
35352	0.000252788905
35353	0.0006623993021
35354	0.004850045561
35355	0.005302422131
35356	0.004452992057
35357	0.0009858229267
35358	0.004359480694
35359	0.001161524943
35360	0.000493691072
35361	0.002212148088
35362	0.00288928085
35363	0.0003671082453
35364	0.001752533874
35365	0.0005309976566
35366	0.0002756206407
35367	0.0003946171302
35368	0.003057510235
35369	0.005310908216
35370	0.001088565708
35371	0.004379823013
35372	0.005067090897
35373	0.000965526852
35374	0.002159425669
35375	0.001409751532
35376	0.0006471554608
35377	0.0006415379007
35378	0.003839751431
35379	0.001033413949
35380	0.001674268165
35381	0.001143491744
35382	0.0001252502734
35383	0.006335030962
35384	0.0008277146632
35385	0.0034511133
35386	0.002912131154
35387	0.002535266735
35388	0.0001618203064
35389	0.001435643931
35390	0.00544527531
35391	0.003165469476
35392	0.005233117634
35393	0.002872170184
35394	0.002765977638
35395	0.002080439913
35396	0.001503495449
35397	0.000258809778
35398	0.003003759688
35399	0.0004825083408
35400	0.001729624802
35401	0.004245157444
35402	0.002426149871
35403	0.001866866488
35404	0.003055526109
35405	0.005391678373
35406	0.004441730754
35407	0.001789969249
35408	0.001514782871
35409	0.002569142174
35410	0.001123574936
35411	0.0002334612432
35412	0.002996826382
35413	0.0003879934482
35414	1.514602197e-05
35415	0.003471192302
35416	0.003866392539
35417	0.003900893393
35418	0.002939344623
35419	0.001906498598
35420	0.0006403250732
35421	0.0007050114656
35422	0.002185315086
35423	0.0001508991235
35424	0.005699370173
35425	0.002405945837
35426	0.001167309138
35427	0.003635544827
35428	0.00310725049
35429	0.0002799973786
35430	0.002633526937
35431	0.000338971945
35432	0.004910003
35433	0.0008432895427
35434	0.0006030997033
35435	7.07640213e-05
35436	0.0003624090416
35437	0.00149094239
35438	0.0008112644328
35439	0.0009332289944
35440	9.472021064e-05
35441	0.0003855352395
35442	0.0004365956103
35443	3.128575887e-05
35444	0.002458468891
35445	0.004108823371
35446	0.001256258446
35447	0.0009916553871
35448	1.477048886e-05
35449	0.0004200473489
35450	0.000618732395
35451	0.003933505624
35452	0.003327922533
35453	0.002195387356
35454	0.004475753116
35455	0.001468154029
35456	0.0001435099072
35457	0.001713385673
35458	0.001348496527
35459	0.001793212445
35460	0.008624078913
35461	0.001292760264
35462	0.0007945055143
35463	0.0008145632897
35464	0.0001507304874
35465	0.003373690854
35466	0.00266711232
35467	0.00354952366
35468	0.004202134571
35469	4.240670261e-06
35470	0.0003086581457
35471	0.007857255244
35472	0.0004167828836
35473	0.008123241236
35474	0.003290786225
35475	0.00170529758
35476	0.002961077434
35477	0.003401746864
35478	0.005641052563
35479	0.002235904646
35480	0.001394131815
35481	0.005579900521
35482	0.004445567895
35483	0.001080613448
35484	0.0006037027496
35485	0.001892134647
35486	0.001604805435
35487	0.000138211538
35488	0.00126521422
35489	0.001211067921
35490	0.003572269098
35491	0.002360524693
35492	0.002995760492
35493	0.0005407323756
35494	0.002702906734
35495	0.001570531992
35496	0.002556259695
35497	0.001435826545
35498	0.004102876404
35499	0.0009134071204
35500	0.001720316791
35501	0.000513833858
35502	0.01215475633
35503	0.004728489299
35504	0.00246100411
35505	0.005031999698
35506	0.003478326725
35507	0.001131825665
35508	0.002557591904
35509	0.001317659697
35510	0.0009612141045
35511	0.002755370457
35512	0.001264381678
35513	0.002982931078
35514	0.002107010191
35515	0.0003277899695
35516	0.000771286994
35517	0.0001303025709
35518	0.002909750306
35519	0.0005803663523
35520	0.002143993789
35521	0.001389592707
35522	0.005250988737
35523	0.004484213785
35524	0.004311417303
35525	0.001055231377
35526	0.003911333875
35527	0.001315120617
35528	0.001936650299
35529	0.001051204542
35530	0.004070386055
35531	0.002420317792
35532	0.0004849535952
35533	0.006099182429
35534	0.001318207857
35535	0.0008611718875
35536	0.002891467503
35537	0.004764841836
35538	0.006314004564
35539	0.006547488236
35540	0.006915468926
35541	0.002023424483
35542	0.0007168825157
35543	0.002779027291
35544	0.004257262599
35545	0.008094010749
35546	0.001264034254
35547	0.0004697722412
35548	0.001807745959
35549	0.002531182232
35550	0.000538553791
35551	0.001855132906
35552	0.0005218827258
35553	0.005595491927
35554	0.0005883421575
35555	0.001059615351
35556	0.0004560560999
35557	0.003101183621
35558	7.042959248e-05
35559	0.0004167439758
35560	0.003368680564
35561	0.006101527503
35562	0.0003246850898
35563	0.003215565723
35564	0.001083570809
35565	0.001024484075
35566	0.0006770002967
35567	0.003947917071
35568	0.0003469077232
35569	0.004258316262
35570	0.0009024264055
35571	0.002639028275
35572	0.00357212136
35573	0.002830192693
35574	0.0006949932312
35575	0.001504776837
35576	0.001799841345
35577	0.002922188035
35578	0.009178525897
35579	0.003508432814
35580	0.002068363313
35581	0.004296155328
35582	0.006183444453
35583	0.005321614013
35584	0.0002728657393
35585	0.001256861752
35586	0.00032571707
35587	0.0008992255358
35588	0.003089405998
35589	0.002144035328
35590	0.002575775583
35591	6.647943226e-05
35592	0.0001748070272
35593	0.0010043536
35594	0.001819171356
35595	0.002687153137
35596	0.001646722599
35597	0.0002895253221
35598	0.001117701471
35599	0.0006552196256
35600	0.0007981515979
35601	0.001207447149
35602	0.0001166111273
35603	0.0004787235051
35604	0.0004739367324
35605	0.001419952498
35606	0.0008797722483
35607	0.001399638774
35608	0.0001765901592
35609	0.0004816213412
35610	0.001486188713
35611	0.0008539048509
35612	0.001256588002
35613	0.001991090611
35614	0.0001840774523
35615	0.0006498431624
35616	0.001283915527
35617	0.004883650735
35618	0.001448723126
35619	0.00329547723
35620	0.001017617908
35621	0.002107386342
35622	0.0002144933252
35623	0.0002813937403
35624	0.0006764783744
35625	0.002864450034
35626	0.001558977864
35627	0.005295015535
35628	0.0001709972171
35629	0.003769474131
35630	0.00057272757
35631	0.001276167626
35632	0.0009021971176
35633	0.0001716390233
35634	0.008945406024
35635	6.855817568e-05
35636	0.008796703015
35637	0.0002025410622
35638	0.0007639925665
35639	0.0001711277251
35640	0.0008821679605
35641	0.002708737244
35642	0.001065122228
35643	0.0019729841
35644	0.000263941898
35645	0.001350711027
35646	0.0005982855363
35647	0.0006672127486
35648	0.0001956898783
35649	0.0003006072616
35650	0.00164240345
35651	0.0006050033755
35652	0.0005300961223
35653	0.001889731929
35654	0.0006985502351
35655	0.00234758065
35656	0.001109358242
35657	0.001136985077
35658	0.0004338986401
35659	0.0003198349101
35660	0.0004424388655
35661	0.0004556411946
35662	0.002132363613
35663	0.0002992305984
35664	5.053715245e-05
35665	9.164532925e-05
35666	0.0004848488233
35667	0.001495284685
35668	0.0002288326821
35669	0.005982296895
35670	0.005223445881
35671	0.000651316672
35672	0.001967997932
35673	0.00218911221
35674	0.002620618168
35675	0.0005363838485
35676	0.001158779768
35677	0.0007219916983
35678	0.002646434456
35679	0.0001290961159
35680	0.001014352978
35681	0.001540274319
35682	0.001577789991
35683	2.748674881e-05
35684	0.000333560692
35685	0.0001559708039
35686	0.0001051646745
35687	0.0003109973305
35688	8.854032327e-05
35689	6.339679193e-05
35690	0.0001935657455
35691	5.381925067e-05
35692	0.0007372061092
35693	4.531087269e-06
35694	0.0002688252121
35695	0.000286841982
35696	9.539210005e-05
35697	9.036385257e-05
35698	9.209651577e-06
35699	0.0001758891812
35700	0.0001019679056
35701	3.652413913e-05
35702	0.0002387163676
35703	0.0001099659172
35704	0.0004173424094
35705	0.0001781277107
35706	0.0005299678681
35707	0.0002949157617
35708	0.0001640181887
35709	1.165804101e-06
35710	0.0002092135836
35711	5.309442883e-05
35712	0.0001875157599
35713	0.006066424268
35714	0.004090344045
35715	0.001375183915
35716	0.0003235634711
35717	0.0004851780561
35718	5.328591302e-05
35719	0.0003210543187
35720	0.001228033396
35721	2.711896187e-05
35722	0.003341391529
35723	0.002466453935
35724	0.002465698442
35725	0.002182656237
35726	0.002600766486
35727	0.0007343915403
35728	0.0007428253132
35729	0.0006050162561
35730	0.004135369853
35731	0.001074159219
35732	0.005451355878
35733	0.002994050126
35734	0.0004783879075
35735	0.001904039654
35736	0.003012811307
35737	0.0005915020446
35738	0.0003548700179
35739	0.00679111786
35740	0.0009993882171
35741	0.001408758
35742	0.0007202594372
35743	0.002745460269
35744	4.279580579e-05
35745	0.0002993837059
35746	0.002724234533
35747	0.002529799786
35748	0.0006386140469
35749	0.0009425652456
35750	0.00575302632
35751	0.001190255567
35752	2.372992494e-05
35753	0.0001698777399
35754	0.0001708762573
35755	0.0003006404568
35756	0.0001320103722
35757	0.006355314441
35758	0.0001486685023
35759	0.003576309596
35760	0.001400467748
35761	0.0003778713467
35762	0.0005632188261
35763	0.001019906321
35764	0.003162715494
35765	0.005081792396
35766	0.004621006516
35767	0.004282495336
35768	0
35769	0.0003350714325
35770	0.001065910384
35771	0.00435849615
35772	0.003953263826
35773	0.001863162211
35774	0.0002952955243
35775	0.002664852285
35776	0.005233043488
35777	0.002528869036
35778	0.002146147144
35779	0.000498459003
35780	0.001988157213
35781	0.00124905371
35782	0.001825295466
35783	0.00974403472
35784	0.001717436145
35785	0.0006652546254
35786	0.003625451872
35787	0.00133544661
35788	0.001085874821
35789	0.005694951972
35790	0.0002354286146
35791	3.740673735e-05
35792	0.003977164931
35793	0.0005462314616
35794	5.353527244e-05
35795	0.007770952757
35796	0.0005553707557
35797	0.0005644563217
35798	0.00321463904
35799	0.0002751911796
35800	0.0007961688046
35801	0.005273841172
35802	0.003203414306
35803	0.0007626249142
35804	0.004479672004
35805	0.0003476154618
35806	0.0007944224914
35807	0.001523398608
35808	0.004044058615
35809	0.001737023083
35810	0.006336433675
35811	0.001373164768
35812	0.0004118347358
35813	0.0002781784894
35814	0.0007653865279
35815	0.0004854484895
35816	0.001294863583
35817	0.002807058396
35818	7.140110595e-05
35819	0.003247425117
35820	0.0002743310503
35821	9.174395057e-06
35822	6.739952783e-05
35823	0.004269749402
35824	0.0005131357764
35825	5.560356474e-05
35826	0.0003862640914
35827	0.0003200443222
35828	0.0006456459083
35829	6.397472847e-05
35830	0.0003888883421
35831	0.002875948357
35832	0.0006577253061
35833	0.002200718884
35834	0.0011031252
35835	0.002151030687
35836	0.0006950963551
35837	0.000854643154
35838	0.003170708803
35839	0.0001369456136
35840	0.001893832514
35841	0.0003482651093
35842	0.001425202855
35843	0.0005507917372
35844	0.007052142784
35845	0.0005398148666
35846	0.001548797873
35847	0.005201962454
35848	4.977214379e-05
35849	0.001990859398
35850	0.00399476931
35851	0.0001086012427
35852	0.002996689379
35853	1.932540692e-05
35854	0.00105918588
35855	0.0006853607149
35856	0.001698746967
35857	0.00160863523
35858	0.0003830832887
35859	0.009386668025
35860	0.0004027337659
35861	0.001204039852
35862	0.0007110075587
35863	0.0007988467692
35864	0.001253504974
35865	0.0006936651703
35866	0.0008584339094
35867	0.000945298685
35868	0.001637399725
35869	0.003832627103
35870	0.001525886678
35871	0.002286772503
35872	0.0003634821984
35873	0.004000116572
35874	0.001266039992
35875	0.00944929337
35876	0.001651286732
35877	0.004697841574
35878	0.004921332582
35879	0.0002496710224
35880	6.499788479e-05
35881	0.004522917307
35882	0.0002815244404
35883	0.0001118692949
35884	0.002145955897
35885	0.000361241688
35886	0.0003953252645
35887	4.049671485e-05
35888	0.0005661388725
35889	0.006035325254
35890	0.0001027613143
35891	0.0004192086243
35892	0.004213281109
35893	0.003093681721
35894	0.00202998689
35895	0.001122573714
35896	0.0001467390005
35897	0.0005380466248
35898	0.0002013406928
35899	0.004045090299
35900	0.004525147811
35901	0.0001643756226
35902	8.686665562e-05
35903	0.0003173632363
35904	0.001751350612
35905	6.418481349e-05
35906	0.0001779953293
35907	0.005258080894
35908	0.002301648535
35909	0.0001955606543
35910	0.0003060534159
35911	0.000230639862
35912	0.001585081421
35913	0.0001373557023
35914	0.005669146455
35915	4.315835302e-06
35916	0.000277673541
35917	0.001225503448
35918	0.0001426838082
35919	0.004890835846
35920	0.0004862533194
35921	0.001558018621
35922	0.001139203757
35923	8.40582904e-05
35924	0.0009000937057
35925	0.002932588056
35926	0.00197079617
35927	5.545368437e-05
35928	0.003569561853
35929	9.638345635e-05
35930	0.0003048207995
35931	0.0002838688943
35932	0.0001680608176
35933	8.529160857e-06
35934	0.0002132108231
35935	0.002799839895
35936	0.0006594299627
35937	0.005989351304
35938	0.001131047933
35939	0.000186432
35940	0.005065942802
35941	0.0009975761029
35942	0.0001434432653
35943	6.370421664e-05
35944	0.001688109822
35945	0.001763712202
35946	0.002429843996
35947	0.003935789736
35948	0.002828959117
35949	0.0003874185348
35950	0.0008777106346
35951	4.395882767e-05
35952	0.0004054450972
35953	0.001584024211
35954	0.001052987608
35955	0.001118670109
35956	1.065200123e-05
35957	0.000351324685
35958	0.001158715579
35959	0.002724385875
35960	3.878791418e-05
35961	0.004033774414
35962	0.002011724935
35963	0.002270268899
35964	0.0001306613122
35965	0.005203686161
35966	0.00134804964
35967	0.002630547458
35968	0.001730299588
35969	0.00185087885
35970	0.003768936617
35971	0.0003117526699
35972	0.0001564793085
35973	0.001228871119
35974	0.0002518507384
35975	0.0005760267348
35976	0.001054113987
35977	0.000809099161
35978	0.003676383224
35979	0.004673006422
35980	5.071884895e-05
35981	0.0003275015045
35982	0.0006502060599
35983	0.0074337652
35984	0.002937498386
35985	0.001845603112
35986	0.0003241839776
35987	0.001182061308
35988	0.000221778037
35989	0.0005635878462
35990	0.002179054806
35991	0.0007001950587
35992	0.001364799349
35993	0.001795985415
35994	5.212891354e-06
35995	0.0001562151502
35996	0.0002516378266
35997	7.549450773e-05
35998	0.0001568517206
35999	0.0002307159761
36000	0.0001158753615
36001	0.0001825124058
36002	0.0002808559664
36003	0.001188325104
36004	0.0005428083245
36005	0.003423080035
36006	0.001703045543
36007	0.0006545335862
36008	0.0002189662549
36009	0.001109449015
36010	0.0001008290571
36011	0.0008263032651
36012	0.0001737072988
36013	0.002605357485
36014	0.0008293477627
36015	0.0005676919903
36016	0.0002066384052
36017	0.0007600776997
36018	0.0003366630966
36019	0.001686294381
36020	0.0001240422896
36021	0.0001515741218
36022	0.0006334839074
36023	0.0009797836569
36024	0.0001269714953
36025	7.422891917e-05
36026	0.0002622172023
36027	0.0004998033051
36028	0.0004431845983
36029	0.003892020595
36030	0.001108610535
36031	0.0003789898079
36032	0.000144179752
36033	0.0001253195391
36034	4.332410698e-05
36035	0.0005886345803
36036	2.097628276e-05
36037	0.0001406565415
36038	0.0006770081974
36039	0.002683099458
36040	0.000159030626
36041	5.768063096e-05
36042	0.00142156348
36043	4.592018629e-05
36044	0.007339166745
36045	0.0003720472762
36046	0.0003345711749
36047	0.0002616700754
36048	0.001855325971
36049	0.002527190487
36050	0.0004974564479
36051	0.002260267986
36052	9.233351675e-05
36053	0.003601820765
36054	0.005069556513
36055	0.000420662768
36056	0.004110679117
36057	0.0001843178845
36058	0.0006629309313
36059	0.003268825797
36060	0.003593073333
36061	0.00361232194
36062	0.002909449507
36063	0.004443580901
36064	0.0003550974654
36065	8.871842784e-05
36066	0.000296643455
36067	0.004107398786
36068	0.001725874973
36069	0.0007207609546
36070	0.005117267909
36071	0.0003185037963
36072	0.003394050366
36073	0.0001828670342
36074	0.0004249262425
36075	0.0005130799067
36076	0.005026657246
36077	0.0009847053371
36078	0.003592994739
36079	4.196199311e-05
36080	0.003220614848
36081	4.59840901e-05
36082	0.001952155347
36083	0.0003730503868
36084	0.0004128429927
36085	0.00413525368
36086	0.000630721077
36087	0.0004132236866
36088	2.154247762e-05
36089	0.00100480073
36090	0.004195777211
36091	0.004984647001
36092	0.0004685342752
36093	0.0003368013815
36094	0.0004683559854
36095	0.0002620431651
36096	0.004312723751
36097	0.003690567361
36098	0.006069977913
36099	0.001319934129
36100	9.676811979e-05
36101	0.0008382104556
36102	0.001681584481
36103	0.004107240706
36104	0.003979712822
36105	0.0006655537899
36106	0.0004828082871
36107	0.0002578606571
36108	0.001312305722
36109	0.004327153405
36110	0.005993360283
36111	0.002311855162
36112	0.0003829981394
36113	0.000348268815
36114	0.0006402718863
36115	0.003937283591
36116	0.002387017448
36117	0.0008187203997
36118	0.0002167634285
36119	0.003453701178
36120	0.001122784457
36121	0.0003815159168
36122	0.001489248306
36123	0.0001506171568
36124	0.002159696573
36125	3.792388005e-06
36126	0.0007259551598
36127	0.0001997262739
36128	0.0006227957595
36129	0.002094369532
36130	0.0001365823272
36131	0.003360162475
36132	0.0007629283873
36133	8.597879346e-05
36134	0.004003280516
36135	0.001131849055
36136	0.0005530969061
36137	0.0004623866545
36138	0.002628150818
36139	0.002841056191
36140	0.0008805339293
36141	0.003038052743
36142	0.002131456303
36143	0.0003790454572
36144	0.0008920748705
36145	0.0001550048215
36146	0.001754401161
36147	0.004090051693
36148	0.003080614035
36149	0.001014159115
36150	0.005496636983
36151	0.0007788273856
36152	0.001803441964
36153	0.00229535449
36154	0.0004350640356
36155	0.0008079463199
36156	0.0004212979225
36157	0.002621232875
36158	0.001455969516
36159	0.003125890406
36160	0.004831460349
36161	0.001319671644
36162	0.000389322952
36163	0.004337451248
36164	0.0005088359658
36165	0.0009532325733
36166	0.003491716725
36167	0.003329254017
36168	0.003843489042
36169	0.0007507293574
36170	0.001626241816
36171	0.004783433895
36172	0.004856568648
36173	0.004911509558
36174	0.004714807576
36175	0.004727774021
36176	0.00488783106
36177	0.004693372961
36178	0.005579875677
36179	0.0005620078966
36180	0.002488728649
36181	0.001108231187
36182	0.002874269099
36183	0.003173950799
36184	0.004892529177
36185	0.0002819777464
36186	0.0006563251682
36187	0.0007679696725
36188	0.001510819992
36189	0.0005512376322
36190	0.0009525623737
36191	0.0007840639475
36192	0.0003629473276
36193	0.0009285096457
36194	0.0005050266388
36195	1.217097996e-05
36196	0.0008991045305
36197	0.0002790671945
36198	0.0002105238095
36199	0.001455373151
36200	0.001390084709
36201	0.002109339009
36202	0.0005766469133
36203	0.002692617891
36204	0.0008650130759
36205	0.002663744824
36206	0.002677811077
36207	0.001668927948
36208	6.2683368e-05
36209	0.001355261086
36210	0.0005948676905
36211	0.002181190473
36212	0.003187252476
36213	0.0003009472927
36214	0.004238359173
36215	0.003572291042
36216	0.002863441716
36217	0.005826899412
36218	0.003902710924
36219	0.003355560927
36220	6.928220252e-05
36221	0.005630553868
36222	0.0006058687839
36223	0.0006469677742
36224	0.003219529287
36225	0.002573439399
36226	0.004102516494
36227	0.001388333314
36228	0.003952512631
36229	0.002452217126
36230	0.0003007842827
36231	0.007659013171
36232	0.001496155015
36233	0.00141959799
36234	0.0002209023484
36235	0.001236543311
36236	0.002347159765
36237	0.00289640536
36238	0.00405987217
36239	0.001502661297
36240	0.006136572847
36241	0.003040246764
36242	0.003315749309
36243	0.0001730589909
36244	0.001665030096
36245	0.001240398769
36246	0.001809624385
36247	2.39463413e-05
36248	0.002139271018
36249	0.002216334865
36250	0.0007482305502
36251	0.0002211157724
36252	0.003357799499
36253	0.0004823320573
36254	0.0002066497384
36255	1.467676937e-05
36256	0.003124994455
36257	0.00238571595
36258	0.0002405738429
36259	0.0003166987624
36260	0.001115208577
36261	0.001959552932
36262	0.001745983969
36263	0.001511198898
36264	0.002218564111
36265	0.0008861037312
36266	0.002068475611
36267	0.001494510427
36268	0.003045469751
36269	0.002011153351
36270	0.006353071752
36271	0.002789680279
36272	0.003600477149
36273	0.002948999606
36274	0.003749380548
36275	0.0006508102144
36276	0.0003793705426
36277	0.002290588978
36278	0.0007493465581
36279	0.004115549602
36280	0.00081768965
36281	0.00624819232
36282	0.0004935824458
36283	0.002207996748
36284	0.00390613973
36285	0.001554195472
36286	0.004828092208
36287	0.001311730454
36288	0.002857196587
36289	0.001077756491
36290	0.001696451216
36291	0.001632940547
36292	0.000459287639
36293	0.002587370576
36294	0.001116783484
36295	0.001984354365
36296	0.002410194306
36297	0.0006995683718
36298	0.001951766341
36299	0.003935787404
36300	0.00355541294
36301	0.0005117021365
36302	0.003240777999
36303	0.0008919493326
36304	0.004302001934
36305	0.000635049934
36306	0.008005952648
36307	0.0004386474248
36308	6.354302163e-05
36309	0.004834362773
36310	0.0009830013191
36311	0.005078179246
36312	0.0002882126327
36313	0.003586221997
36314	0.001038939036
36315	0.003466487098
36316	0.000503330683
36317	0.003375649057
36318	0.003301159293
36319	0.0008477748363
36320	0.001364093972
36321	0.005275514388
36322	0.002669249532
36323	0.001955706676
36324	0.00192066691
36325	0.004399374715
36326	0.001895986816
36327	0.0014661279
36328	0.001551604454
36329	0.0004365697527
36330	0.0003685597856
36331	0.0007207494995
36332	0.0003535091611
36333	0.000705298292
36334	0.0003952413734
36335	0.002635656563
36336	0.003506107376
36337	0.0007295154104
36338	0.0004790881053
36339	0.002473228444
36340	0.0002145339297
36341	0.0008197243681
36342	0.00597756123
36343	0.0005204347047
36344	0.009102933502
36345	0.001306709893
36346	0.003107324069
36347	0.0002954819367
36348	6.084953698e-05
36349	2.038062404e-05
36350	0.0001124256184
36351	0.0009154437735
36352	0.003177455296
36353	9.193870396e-05
36354	0.004559100476
36355	0.004762625428
36356	0.001555483535
36357	0.002503697829
36358	0.0002412988427
36359	0.001367085929
36360	0.001061349913
36361	0.00027418704
36362	0.002980129209
36363	0.0005543609272
36364	0.002659802773
36365	0.0005155608912
36366	0.002364447157
36367	0.0001354649876
36368	0.001235009928
36369	0.001449071574
36370	0.0004767076675
36371	0.001559828788
36372	0.0005270564063
36373	0.003089381279
36374	0.0002278439148
36375	0.0016484502
36376	0.002456744094
36377	0.0005440877564
36378	0.0006264526326
36379	0.001598622458
36380	0.002762224888
36381	0.0003788284969
36382	0.0003569489131
36383	0.002535778587
36384	0.002579192586
36385	0.001492545023
36386	4.627300481e-05
36387	0.0007155967426
36388	0.00140721147
36389	0.0003185495439
36390	0.00149887047
36391	0.002691992099
36392	0.0005224439595
36393	0.0002880457656
36394	0.002605788286
36395	0.00364185432
36396	0.005037744655
36397	0.001101323994
36398	0.001582113545
36399	0.0006372282166
36400	0.000128998366
36401	8.772322129e-05
36402	0.001315505647
36403	0.0008253453687
36404	0.0004550369565
36405	0.0001289526895
36406	0.0001956486081
36407	0.002815996528
36408	0.0004171204497
36409	0.008359192266
36410	0.005821810722
36411	0.001382920062
36412	0.0006481682722
36413	0.004745936029
36414	0.001131785885
36415	0.000426984456
36416	0.002384661413
36417	0.0004604262195
36418	0.004788170235
36419	0.001439182143
36420	0.0005782388384
36421	0.001366455492
36422	0.0009384678103
36423	0.0006589159652
36424	0.0005324055194
36425	0.0006842929933
36426	0.0002793788853
36427	0.004238314811
36428	0.001034811331
36429	0.0002538385307
36430	0.0002492454797
36431	0.0003751596504
36432	6.089427525e-05
36433	0.000286501022
36434	0.004996088298
36435	0.0001980512773
36436	0.001810654007
36437	0.0007101121759
36438	0.001703956316
36439	0.00142422662
36440	0.0003522942838
36441	0.0008418700863
36442	0.003204750137
36443	0.001960458141
36444	0.0007920300153
36445	0.007377322224
36446	0.002008181476
36447	0.003281101921
36448	0.001191113822
36449	0.0007420959902
36450	0.001889613033
36451	0.0003390158457
36452	0.0001779165461
36453	0.0002268395113
36454	0.0006008752649
36455	0.001464077793
36456	0.0001169598408
36457	0.001510435434
36458	0.007330118817
36459	0.0009281994508
36460	1.252624034e-06
36461	0.001514237886
36462	0.0005586892462
36463	0.0005572020648
36464	0.0002793991766
36465	0.0003403751199
36466	0.0008344184926
36467	0.0001495127266
36468	0.001564380815
36469	0.0005016895998
36470	0.0005756695043
36471	7.670246654e-05
36472	8.480294656e-05
36473	0.0001539689026
36474	0.0005674303476
36475	0.0001049522632
36476	0.0007851290324
36477	2.605083119e-06
36478	0.0001183596032
36479	7.223473234e-07
36480	0.0005793091717
36481	0.0001212965538
36482	0.0002688359641
36483	0.0001329615093
36484	0.0005127250346
36485	0.0002163302099
36486	0.0001491531118
36487	0.0005699307432
36488	0.0004351146868
36489	0.0005132206804
36490	0.0002720846547
36491	0.0005006797792
36492	0.0002614915492
36493	0.0007340594011
36494	0.0009156386106
36495	6.588120352e-05
36496	0.0003521838223
36497	0.0005786577201
36498	5.149819349e-05
36499	7.915635472e-05
36500	0.0007045448172
36501	1.514044142e-05
36502	0.0002685931243
36503	0.0001095774911
36504	2.662242655e-05
36505	0.0002497339029
36506	0.001003734362
36507	0.0007243478972
36508	0.0001775702082
36509	0.0002902388929
36510	0.0002138922384
36511	0.0005852849388
36512	0.0002949569379
36513	0.0001829331263
36514	0.0009695687214
36515	0.0001378478472
36516	0.0002332310559
36517	0.0006205620852
36518	0.0002125827608
36519	9.240236316e-05
36520	0.000321009825
36521	0.0008730991872
36522	7.988295271e-05
36523	0.0006419441845
36524	0.0002289599915
36525	3.654658159e-05
36526	0.000221580911
36527	0.001132781852
36528	0.0003775200563
36529	5.935535958e-05
36530	8.246057622e-05
36531	0.0005907230581
36532	5.974926076e-05
36533	0.0006614876681
36534	0.0002998045322
36535	0.001241717655
36536	0.0002344308478
36537	0.0001022351363
36538	0.0009320051536
36539	0.0002437882661
36540	0.0002337939298
36541	1.151010668e-05
36542	0.0006063978158
36543	0.0004891546717
36544	8.911470478e-05
36545	0.0005610068308
36546	0.0001303405056
36547	0.0002080962384
36548	0.000545356493
36549	0.000207773102
36550	0.0001994011576
36551	4.789319562e-05
36552	9.43004411e-06
36553	0.0002259312852
36554	0.0004228758323
36555	0.0003901686865
36556	0.0001053106213
36557	0.001676150904
36558	4.927172573e-05
36559	0.000493601266
36560	0.0004390764813
36561	2.305665686e-05
36562	8.124093449e-05
36563	0.0003883166222
36564	0.0006664360642
36565	0.0003362824983
36566	5.708859353e-06
36567	0.0006447196265
36568	0.0002035479103
36569	0.0001749884682
36570	0.0001151509486
36571	0.0002612079523
36572	0.0004035684043
36573	1.82327744e-05
36574	0.0001326480761
36575	0.00012710233
36576	0.0005126537154
36577	0.0007839160742
36578	0.0003499806432
36579	0.0002117961176
36580	0.0003719041038
36581	0.0007712854017
36582	0.000236445732
36583	0.0001560883939
36584	0.0002470982145
36585	0.0001499893333
36586	4.180565019e-05
36587	0.0006166733552
36588	1.569423629e-05
36589	0.000496125814
36590	0.0002063079003
36591	0.0004577285922
36592	0.0004572228494
36593	0.0003363624068
36594	2.715668134e-05
36595	5.661977712e-05
36596	0.0001321876224
36597	3.693919149e-05
36598	8.465783008e-05
36599	7.816528283e-05
36600	2.702522441e-05
36601	1.723275998e-05
36602	0.0005371350066
36603	2.175081866e-05
36604	4.957758089e-05
36605	0.0003232840082
36606	0.0006404289858
36607	0.0003024550503
36608	0.0003902235486
36609	6.06619108e-05
36610	0.0003782079608
36611	9.018652914e-05
36612	0.000214060621
36613	0.0007524890614
36614	0.0001569209897
36615	0.0003275367728
36616	0.0003330978575
36617	0.0002379897874
36618	0.0002432393431
36619	0.0003281537543
36620	0.0005819601999
36621	2.821104479e-06
36622	0.001513519534
36623	0.0001857307632
36624	0.0001833386526
36625	1.845577827e-07
36626	0.0002852319471
36627	0.0001875237388
36628	0.00024602821
36629	0.0009559358409
36630	8.917463279e-06
36631	0.0003056786012
36632	0.00145658503
36633	0.000458425171
36634	2.529267672e-05
36635	0.0004136704868
36636	0.0006735709408
36637	0.001464807409
36638	0.0006141294137
36639	0.0005261694786
36640	0.0001700665664
36641	0.0005544000153
36642	0.0003903838543
36643	6.694085025e-05
36644	0.0009809963416
36645	0.0001007349526
36646	0.0006929112694
36647	0.0002404022978
36648	0.0003323155581
36649	0.0003549896362
36650	0.0002922180288
36651	0.0001815845983
36652	0.0001354253741
36653	0.0006287527403
36654	0.0005075370231
36655	0.0002619682143
36656	5.186182111e-05
36657	0.0008612708093
36658	0.0002546534648
36659	4.619576963e-05
36660	0.0002086574109
36661	0.001226326854
36662	0.0004854319976
36663	0.0001200703715
36664	1.154821458e-05
36665	0.0001878253631
36666	0.000268120026
36667	0.0003727054641
36668	4.447027157e-05
36669	0.0005969120151
36670	2.642879562e-05
36671	0.0008892956913
36672	0.000165182402
36673	0.0002884572097
36674	0.0001197663504
36675	0.0005087563065
36676	5.855235889e-05
36677	0.000250619756
36678	0.0002322855417
36679	0.001007591979
36680	0.0001834051299
36681	0.0001493627471
36682	0.0001900003591
36683	0.0001731114365
36684	0.0002218476831
36685	0.0004105101665
36686	0.001385070788
36687	0.0005384499645
36688	0.0002833512086
36689	0.0009782170571
36690	0.000238610125
36691	0.0001384455046
36692	8.235996687e-05
36693	0.0009204439444
36694	0.0004416749272
36695	0.0001983810694
36696	0.0005788380846
36697	0.0001358848483
36698	0.0003985213562
36699	0.0001464881565
36700	0.0001656146836
36701	0.002398939201
36702	0.0007971966729
36703	0.0006636065094
36704	7.432681422e-05
36705	0.0005420508989
36706	0.001927725807
36707	0.0002065238631
36708	0.0006013616757
36709	6.372934307e-05
36710	0.0004271394607
36711	0.0003816753114
36712	0.0006352486769
36713	0.0003471649283
36714	0.0002967813772
36715	0.0003664621798
36716	3.158271219e-05
36717	0.0004526686791
36718	0.0002142555024
36719	0.0008046395444
36720	0.0006259112304
36721	0.0002482228644
36722	0.0008335894155
36723	0.0003179148257
36724	0.0006491687057
36725	3.137645561e-05
36726	0.0002502321035
36727	0.0005957673437
36728	0.0001535414858
36729	0.0003522581158
36730	0.0006506105475
36731	3.617902228e-05
36732	0.0003326595238
36733	0.001555977294
36734	0.0006234939221
36735	6.099706152e-06
36736	0.0008504661038
36737	0.0001193057783
36738	0.0006437438248
36739	0.0004095057665
36740	0.0004131724376
36741	0.0001021992857
36742	0.0002173970855
36743	0.001037440294
36744	0.0001795080999
36745	0.0007298103443
36746	0.0002619123856
36747	0.0005183243267
36748	0.00115999208
36749	0.0002507043995
36750	0.0001994961417
36751	0.00021186776
36752	0.0001308290166
36753	0.0005607487565
36754	0.0004990801112
36755	0.0003388908611
36756	0.0002128643205
36757	0.000305467273
36758	0.0001631382053
36759	0.0001374238624
36760	0.0004884817008
36761	0.0003596144091
36762	0.0004720569149
36763	0.0003837869677
36764	0.0001878370144
36765	0.0007172646116
36766	0.0002105560811
36767	0.0001468024059
36768	0.0001024881817
36769	0.0005036369243
36770	0.002944807385
36771	0.0003491763928
36772	0.0002531704865
36773	0.0001542382042
36774	8.277431145e-05
36775	0.0003943051712
36776	0.0001801657725
36777	7.891107881e-05
36778	0.0001896834676
36779	0.0005212559075
36780	0.0005143818428
36781	2.707379347e-05
36782	0.0002446218478
36783	0.0003431526832
36784	0.0002014378393
36785	0.0006845783817
36786	0.0003809501318
36787	0.0004297189442
36788	0.002456903585
36789	0.0008642151025
36790	0.0003044108062
36791	3.066331194e-05
36792	7.433422868e-05
36793	0.0003045773462
36794	0.0002657206719
36795	2.16535892e-05
36796	0.0005172328369
36797	5.744422853e-05
36798	0.0003555446582
36799	5.75969745e-05
36800	0.0002482422202
36801	5.78664096e-05
36802	0.0004804741065
36803	0.0001396937239
36804	0.0007843028758
36805	0.0007867651003
36806	1.296220667e-05
36807	0.000838990423
36808	0.0003613325078
36809	0.0002884918779
36810	0.0003720942534
36811	0.0002600635879
36812	0.0009666077238
36813	4.149162538e-05
36814	6.581800225e-05
36815	2.285398622e-05
36816	0.0001158842233
36817	0.0002415783431
36818	0.0001315316393
36819	0.0001913153657
36820	0.0002732894293
36821	1.28785045e-05
36822	0.0003062687542
36823	0.0002277235875
36824	9.712728586e-05
36825	5.777840444e-05
36826	0.0002975532202
36827	4.227016665e-05
36828	0.0001228812464
36829	0.0003356721507
36830	0.0002139900817
36831	0.000348744866
36832	0.0002464019871
36833	1.941283322e-05
36834	0.0003483010507
36835	0.000186054108
36836	0.0004162838928
36837	2.341069623e-05
36838	0.0002545192559
36839	0.0002156825147
36840	8.279924819e-05
36841	5.088751862e-05
36842	7.050711886e-05
36843	9.285729331e-05
36844	0.0001956728578
36845	1.74610619e-05
36846	0.0009788259992
36847	6.897357084e-05
36848	0.002472491775
36849	0.001549239239
36850	0.0001485162142
36851	0.0001210435815
36852	3.750894293e-06
36853	7.157488771e-05
36854	0.0005103135829
36855	0.0002636992944
36856	0.0003079559275
36857	0.0001056860856
36858	0.0003508197259
36859	0.0002755538043
36860	8.09386274e-05
36861	0.0004921202268
36862	0.0005823093621
36863	0.0002474292751
36864	0.000128860786
36865	3.271595786e-07
36866	0.0002033552284
36867	0.0001252300065
36868	0.0007206419257
36869	0.00119568575
36870	9.738134446e-05
36871	0.0001152339016
36872	0.0006254536281
36873	0.0001231181389
36874	0.0008295915632
36875	0.001174701169
36876	0.0003873636995
36877	0.000468830956
36878	4.399710757e-05
36879	0.0001110410911
36880	0.0004829893238
36881	0.002088009581
36882	0.001540674766
36883	0.0008679283419
36884	0.0008492330741
36885	0.001920527598
36886	0.009516852481
36887	0.002166610603
36888	0.001185580024
36889	0.003422658711
36890	0.001759561091
36891	0.003010288914
36892	0.005887696115
36893	0.0008275416122
36894	0.001189881413
36895	0.0001974389995
36896	0.001710299058
36897	0.002709539963
36898	0.002763367525
36899	0.001027948862
36900	0.004205089232
36901	0.001200113804
36902	0.0009464029374
36903	8.955533567e-05
36904	0.0004284645905
36905	0.0005603228513
36906	0.0001306137722
36907	0.0003091929557
36908	0.0002083139199
36909	0.0002848403431
36910	0.0002928489598
36911	9.755532457e-05
36912	8.439526953e-05
36913	0.0001033303661
36914	0.0001807150335
36915	0.0002270736914
36916	0.0002599200027
36917	5.746960512e-05
36918	0.0007024358249
36919	0.0004762965895
36920	0.0001548125777
36921	7.61772503e-05
36922	0.0001980205424
36923	0.000613427302
36924	0.0001948717405
36925	0.001423597157
36926	0.0002565720576
36927	0.001186251622
36928	0.0004586664045
36929	0.003050055097
36930	0.0001322824337
36931	0.001857969335
36932	0.0004279840139
36933	0.003749858009
36934	0.0005120971383
36935	0.0008610184385
36936	0.0003883329146
36937	0.0003385209171
36938	0.000134331905
36939	0.0001232423775
36940	0.000308228649
36941	0.0005488894207
36942	0.0002062801827
36943	0.0006453362082
36944	0.0003005673113
36945	0.0003999666989
36946	0.0007311977866
36947	0.002433445235
36948	0.0002044461008
36949	0.001041773095
36950	0.0004072047333
36951	0.0001412635286
36952	4.130724669e-05
36953	0.0001907069899
36954	0.0002213089126
36955	0.0008369026787
36956	0.0009988668232
36957	1.495897489e-05
36958	0.00027316446
36959	0.003148340462
36960	5.974237807e-05
36961	1.018050938e-05
36962	0.0004330230097
36963	0.0003047807706
36964	0.0004387433199
36965	0.000613843643
36966	0.001119717172
36967	0.0004553459416
36968	0.000663214443
36969	0.000535935314
36970	0.0001092352705
36971	0.0005713996895
36972	0.00058336171
36973	0.0006471739783
36974	0.0003592033861
36975	0.0001050722911
36976	0.004203283667
36977	0.00225160588
36978	0.0005379665275
36979	7.825123176e-05
36980	0.0001735964842
36981	0.000359975531
36982	0.0001133954993
36983	5.335841375e-05
36984	0.0003449001395
36985	0.001723632389
36986	9.402572315e-05
36987	0.0007406126887
36988	0.00084818365
36989	0.0008953339039
36990	0.0006972791819
36991	0.0006961871891
36992	0.001331546348
36993	0.0006369960698
36994	0.0001805252044
36995	0.0002362627392
36996	0.0006855504352
36997	3.860222299e-05
36998	0.001239979951
36999	0.0008783412756
37000	0.00116232413
37001	6.419051792e-05
37002	0.002240156746
37003	0.0004161769701
37004	0.001720266488
37005	0.000217147569
37006	0.000594130656
37007	0.0002322200432
37008	0.002932485302
37009	0.002768674595
37010	0.0001230421128
37011	0.0004575860754
37012	0.0001752842671
37013	0.0005536905338
37014	0.0007042853792
37015	0.0005381598618
37016	8.068485131e-05
37017	0.0006303682783
37018	0.001012970031
37019	0.002799064177
37020	0.0001793912201
37021	2.282328167e-05
37022	3.751592681e-05
37023	0.0002765398288
37024	0.001048162795
37025	2.402402964e-05
37026	0.002359604293
37027	0.0007493915718
37028	0.002386299183
37029	0.0003219835937
37030	0.001226602007
37031	6.751506924e-06
37032	0.0005302354021
37033	0.001177517733
37034	3.930725417e-05
37035	0.0007013386855
37036	3.731109312e-06
37037	0.0002390345243
37038	8.936319022e-05
37039	0.0005822441918
37040	6.676187783e-05
37041	0.0004498369155
37042	0.0003240616434
37043	0.0001647832188
37044	0.0003226206168
37045	0.0002835920095
37046	0.0001263933799
37047	8.104416089e-06
37048	0.0004226494625
37049	0.001014278021
37050	0.000592096598
37051	2.446597418e-05
37052	0.0004729372351
37053	0.004626035328
37054	0.0007310460175
37055	0.001046632174
37056	0.0003637887646
37057	4.522024397e-06
37058	0.0001192338169
37059	0.0003739272134
37060	0.0003684174287
37061	3.38585617e-05
37062	0.000165045576
37063	0.0001672385915
37064	0.0001722407437
37065	0.000126893422
37066	0.0001085806617
37067	8.674736132e-05
37068	0.0002228929928
37069	0.0003012393708
37070	0.000314519381
37071	6.744262681e-05
37072	0.0001287990747
37073	0.000416443639
37074	0.0001108338632
37075	0.0001259744217
37076	0.0002816096429
37077	0.0001122806325
37078	0.0004305497795
37079	0.0002706490924
37080	0.0004260656847
37081	0.00148370196
37082	0.0005970669023
37083	0.0001246178596
37084	0.0004912229567
37085	0.003320390889
37086	0.002347138585
37087	0.0006627003831
37088	2.875569736e-05
37089	0.0001362771089
37090	8.110053443e-05
37091	0.0008810672164
37092	0.0003167059475
37093	0.003282631694
37094	0.003126570184
37095	0.002037629409
37096	0.0003751439119
37097	0.0005177897534
37098	0.0001448871589
37099	0.0003167551448
37100	0.0009216783438
37101	0.004598779268
37102	0.0005197170564
37103	0.001032239165
37104	0.004008095943
37105	0.001960995182
37106	0.001403515577
37107	0.001355936363
37108	0.0003096005252
37109	8.747680418e-05
37110	0.006463475183
37111	0.00441938362
37112	0.003387008228
37113	0.0009990331576
37114	0.000458706
37115	0.001621504723
37116	0.0004048964647
37117	0.004191829619
37118	0.0002011175077
37119	5.929785757e-05
37120	0.001271161607
37121	0.003956237004
37122	0.005081204123
37123	0.00167343503
37124	0.00530654444
37125	0.003293777956
37126	0.001976231998
37127	0.0003447756362
37128	0.000331351235
37129	0.0001299629198
37130	0.00163336403
37131	0.0006076754106
37132	0.00256325593
37133	0.0008721080689
37134	0.0002851298192
37135	0.0004726620783
37136	0.0006878531157
37137	0.001567363535
37138	0.003079866633
37139	0.0006219293458
37140	0.001572396343
37141	3.676638057e-05
37142	0.0008512879024
37143	0.0006868708976
37144	0.001397077029
37145	0.005270739412
37146	0.0002284146145
37147	0.0004912031825
37148	0.002001125164
37149	0.00170213583
37150	0.0003325498924
37151	0.0004522940735
37152	0.0005702089538
37153	1.381697772e-05
37154	8.412621575e-05
37155	0.0004129198957
37156	0.0001075004395
37157	0.0004682907624
37158	0.001449157659
37159	0.000568225172
37160	0.0007205897098
37161	0.000216133763
37162	0.000105383934
37163	0.0001028458515
37164	0.000192392395
37165	5.145835061e-05
37166	0.0007687873051
37167	6.988596436e-05
37168	5.003817872e-05
37169	0.0002044120448
37170	0.001559399844
37171	0.001555214757
37172	0.000763214249
37173	0.0004030812102
37174	0.0009049217324
37175	0.002535871234
37176	0.0005609317504
37177	0.000678786652
37178	0.0006934179227
37179	0.0002503834291
37180	0.001436826878
37181	0.0008925039761
37182	0.00113982541
37183	0.0001727092003
37184	0.001893060699
37185	0.00032384787
37186	0.000299257882
37187	0.0008545353669
37188	0.0009075664486
37189	0.0004790767911
37190	0.0007189641989
37191	0.0004360568266
37192	0.0002433973443
37193	0.0005542130769
37194	3.38430171e-05
37195	0.0001150515772
37196	0.0005245380487
37197	0.001071805719
37198	0.000311000219
37199	0.0006635261746
37200	2.627135862e-05
37201	0.0004221066973
37202	0.000758225667
37203	0.0006294757347
37204	0.0004986642448
37205	0.0004501563757
37206	0.0002690074743
37207	0.0003612550414
37208	0.0009542675593
37209	0.0003783248353
37210	0.0001213202108
37211	0.0006971628209
37212	0.0006682555
37213	0.0006130750231
37214	0.0007261021222
37215	6.134075128e-05
37216	0.0006080362226
37217	0.0008962717191
37218	0.0009595965043
37219	0.0002022384897
37220	0.000192233628
37221	4.048246727e-05
37222	5.367605071e-05
37223	0.0005670107287
37224	0.0006500350878
37225	0.001057839553
37226	3.554613503e-05
37227	0.001268544102
37228	0.000979158191
37229	0.0001938286209
37230	0.0003809481785
37231	0.0006250879179
37232	0.0007146853517
37233	0.0001388982697
37234	0.0005260319458
37235	0.0006887006217
37236	0.0005373525489
37237	0.0003691411169
37238	0.0003097427804
37239	0.0007202913802
37240	0.0009074784348
37241	0.001231969295
37242	0.002567646222
37243	0.0004820049966
37244	0.0008156199266
37245	0.003209038824
37246	0.0003230405354
37247	0.001159685323
37248	0.0005240256358
37249	0.0008024911255
37250	0.001115657666
37251	0.0001414875606
37252	0.001755831827
37253	0.001330322963
37254	0.0003823523727
37255	0.0009089817499
37256	0.0005981469422
37257	0.001470272017
37258	0.001236116778
37259	0.002999294262
37260	0.0004595170003
37261	1.882217365e-05
37262	0.0003967953035
37263	0.0003438344053
37264	0.0002814974135
37265	1.329637444e-06
37266	0.000157954616
37267	0.0002163424266
37268	0.0005256456255
37269	0.00101510137
37270	0.0003339570101
37271	0.0009335437265
37272	0.0003400508204
37273	0.0001818663025
37274	0.0006450336473
37275	0.0001660132334
37276	0.0009480875742
37277	0.0002747615399
37278	0.0006207462213
37279	0.0002732270674
37280	0.002144777541
37281	0.002774772268
37282	0.0008980569614
37283	0.0005052610025
37284	0.001002766178
37285	0.0004647157548
37286	0.001358188399
37287	0.0006534339063
37288	0.0003270565651
37289	0.0005314161355
37290	0.0004007272802
37291	0.000632623661
37292	0.0001349138411
37293	0.001313129336
37294	4.607616023e-05
37295	9.057458898e-05
37296	3.946591996e-05
37297	0.00325704961
37298	0.000247251991
37299	0.0007468522333
37300	0.0001696791798
37301	6.570844134e-05
37302	0.0005529521519
37303	0.002330332339
37304	0.00300439076
37305	0.0004371955625
37306	0.001081716997
37307	0.0003722291006
37308	0.0004150915679
37309	9.227872187e-05
37310	0.0004378658113
37311	0.0005383891007
37312	0.0003127606247
37313	0.0002507057417
37314	0.000135771702
37315	9.298341181e-05
37316	0.0001955506
37317	0.0001261321228
37318	0.0003435200711
37319	0.0007246052633
37320	0.0003250761718
37321	0.0001916969989
37322	0.0003730205781
37323	0.0003045654141
37324	0.0007188660397
37325	0.000291430166
37326	0.0002074419601
37327	9.927623602e-05
37328	0.0006583183125
37329	5.762572116e-05
37330	0.0005956808526
37331	0.0002005110642
37332	0.0003127426885
37333	0.0006505887834
37334	9.943718656e-05
37335	0.000131958531
37336	0.0008576342787
37337	4.235447204e-05
37338	0.0003411200898
37339	0.0002645632426
37340	0.0002727900545
37341	8.116148357e-05
37342	5.007186069e-06
37343	9.4076031e-06
37344	0.001259319241
37345	6.205702058e-05
37346	5.365780214e-05
37347	5.364078561e-05
37348	8.055170732e-05
37349	0.0003557529673
37350	0.0003242635284
37351	1.55151465e-05
37352	0.0005619095181
37353	5.80769267e-05
37354	0.0001588586145
37355	0.0001764611324
37356	8.877893929e-05
37357	0.0007207377389
37358	0.0003889876296
37359	0.0003422761408
37360	0.0003518392204
37361	6.651559834e-05
37362	0.0002789486985
37363	0.001099736698
37364	0.0001072751036
37365	0.0003486864448
37366	0.0001218602479
37367	0.0005337280333
37368	0.0007455290348
37369	0.0001617497126
37370	0.0004536878134
37371	0.0001400998976
37372	0.0009670961381
37373	0.002312855351
37374	0.0005384968552
37375	0.0002563233183
37376	0.0005255020819
37377	0.0008935156419
37378	0.0009461603234
37379	9.889614524e-05
37380	0.0008792109083
37381	0.000275011132
37382	0.001378389451
37383	0.0008002628513
37384	0.0003671598637
37385	0.001037384081
37386	0.0006696947655
37387	0.001658855343
37388	0.0002552488523
37389	0.001455137577
37390	0.001375346319
37391	0.0002396162334
37392	0.0005594362882
37393	0.0008191891281
37394	0.0003296292699
37395	0.0003354025594
37396	0.000765500818
37397	0.002009215111
37398	0.00351737927
37399	0.0004936343277
37400	0.002391329748
37401	0.008464549714
37402	0.006851956093
37403	0.0002222223367
37404	0.0004333236786
37405	0.001790201683
37406	0.00724207032
37407	0.001015646486
37408	0.00394818487
37409	0.002307151682
37410	0.001364024862
37411	0.002473851288
37412	0.002705148154
37413	0.002501760988
37414	0.0002131427613
37415	0.002858972831
37416	0.003919748212
37417	0.004368573745
37418	0.002043003418
37419	0.003211863708
37420	0.003302101392
37421	0.001423033547
37422	0.0003691248668
37423	0.0008656952279
37424	0.0009904298008
37425	0.0005239041151
37426	0.001544034489
37427	0.0004767493075
37428	0.002796012132
37429	6.393242862e-05
37430	0.004061952861
37431	0.004272494734
37432	0.009126539538
37433	0.003969430059
37434	0.002146970935
37435	0.00210061437
37436	0.002972614227
37437	0.003595064261
37438	0.002972299155
37439	0.001072196788
37440	0.001116360509
37441	0.002560519015
37442	0.00616243794
37443	0.001923831784
37444	0.002766558087
37445	0.004287688058
37446	0.002049422073
37447	0.002972257208
37448	0.0005244269023
37449	0.004026263144
37450	0.001388346773
37451	0.001992301512
37452	0.0008265276229
37453	0.001918228017
37454	0.004285629915
37455	0.00115984597
37456	0.0003571867897
37457	0.004038208493
37458	0.0009432656388
37459	0.003207331277
37460	0.001904186396
37461	0.002283449188
37462	0.0006672280416
37463	0.001194756338
37464	0.004703163206
37465	0.001659947691
37466	0.005783570395
37467	0.002163091468
37468	0.002655139551
37469	9.479231104e-06
37470	0.001011976906
37471	0.002322121777
37472	0.001803945315
37473	0.001595417542
37474	0.002005243651
37475	0.0002024383365
37476	0.0006955112942
37477	0.004910094336
37478	0.0004082042572
37479	0.003178559263
37480	9.955609908e-05
37481	0.002935435463
37482	0.0001870600421
37483	0.0001524642704
37484	0.00173166958
37485	0.006148550338
37486	0.001651284368
37487	0.0006908757301
37488	0.005291517175
37489	2.195016838e-05
37490	0.001664511037
37491	0.001668959563
37492	0.000775756522
37493	0.0004966266517
37494	0.0003595563231
37495	9.21921344e-05
37496	0.004307677537
37497	0.002500718354
37498	0.003306908235
37499	0.0008273453089
37500	0.0004215214422
37501	0.001387489044
37502	0.004564281716
37503	0.002041905534
37504	0.002097162227
37505	0.001104845334
37506	0.002517369412
37507	0.001702021274
37508	0.001027709416
37509	0.0003669193236
37510	0.0005536925282
37511	0.001627205726
37512	0.0006902736307
37513	0.00183265236
37514	0.0008994276099
37515	0.001222980958
37516	0.005136973233
37517	0.006096493016
37518	0.001310899976
37519	0.0003154682524
37520	0.001024946747
37521	0.002138191064
37522	0.001192861537
37523	0.0002174047443
37524	0.0003127366757
37525	0.003616895777
37526	0.002314528253
37527	0.001342918019
37528	0.00181196853
37529	0.0008993450408
37530	0.0006225410348
37531	0.0001256931921
37532	0.002115576979
37533	6.427607245e-05
37534	0.001535538205
37535	0.00168093586
37536	0.001210043049
37537	0.0008867596945
37538	0.002264004261
37539	0.002354497106
37540	0.002926107398
37541	0.001539946128
37542	0.005452980504
37543	0.001669867395
37544	0.004329601411
37545	0.002847729293
37546	0.0006718212553
37547	0.001661289093
37548	0.0004693129345
37549	4.358806733e-05
37550	0.0002214082589
37551	0.0004329893208
37552	1.226855893e-05
37553	0.0002103225463
37554	1.199535658e-05
37555	0.0008159245902
37556	0.005285748519
37557	0.003201020931
37558	0.000348279795
37559	0.002300737821
37560	0.002062714807
37561	0.000775891395
37562	0.000597203565
37563	0.0006978112577
37564	0.0001515735051
37565	0.002461774976
37566	0.0003376443935
37567	0.003581829955
37568	0
37569	0.002935357964
37570	0.002016105003
37571	0.006036696012
37572	0.002008526662
37573	0.002164382567
37574	0.004723843625
37575	0.001572086008
37576	0.003760045137
37577	0.001920135504
37578	0.0005184009639
37579	0.001197805344
37580	0.002228529888
37581	0.001646620703
37582	0.0006906592152
37583	0.004610903599
37584	0.001242337434
37585	0.003563331883
37586	0.001957324995
37587	8.220390708e-06
37588	0.001892854384
37589	0.001525640423
37590	0.006027873936
37591	0.0004010047401
37592	0.001169204187
37593	0.001307583141
37594	0.0002544985816
37595	0.0007047718567
37596	0.006587891844
37597	0.001989859224
37598	0.002219974238
37599	0.001282101479
37600	0.001166693293
37601	0.002383680914
37602	0.0008538927273
37603	0.001441351084
37604	0.003924152679
37605	0.004256486959
37606	0.001336133003
37607	0.0003784074139
37608	0.0002249598032
37609	0.001659900491
37610	0.002447193736
37611	0.003558135613
37612	0.0001956715863
37613	5.623255902e-05
37614	0.004937294881
37615	0.001572011294
37616	0.001862199378
37617	0.005316558279
37618	1.479670561e-05
37619	0.0002731182711
37620	0.0001402745082
37621	0.002431879944
37622	0.001703911085
37623	0.0008939519537
37624	0.0004261085746
37625	0.001700663185
37626	0.0002640226786
37627	0.0002772430154
37628	0.003898232787
37629	0.0006915620411
37630	0.001291158156
37631	0.001505747086
37632	0.0001127512303
37633	0.0007209968858
37634	0.001028568589
37635	0.0003847439336
37636	0.0004870930216
37637	0.0001171472499
37638	0.003221476434
37639	0.001950721881
37640	0.001752938264
37641	0.0003385223199
37642	0.003498246457
37643	0.001381705373
37644	0.0008926866578
37645	0.003341789873
37646	0.001539613547
37647	0.002691936293
37648	0.001354872695
37649	0.002550783889
37650	0.005779089987
37651	0.0006867118551
37652	0.00240180815
37653	0.003610803672
37654	0.006865692664
37655	0.0004441345258
37656	0.001980918891
37657	6.967761686e-05
37658	0.00116238104
37659	0.0027213362
37660	0.003245149772
37661	5.105202113e-05
37662	0.002372803593
37663	0.001218025302
37664	0.0006543431147
37665	0.0004581224154
37666	0.002322035567
37667	0.00291509742
37668	0.00129918534
37669	0.009428160613
37670	0.005279828804
37671	1.88990897e-05
37672	0.002782774662
37673	0.001069024456
37674	0.005975182909
37675	0.001672611714
37676	0.00047195949
37677	0.001453200364
37678	0.001261319013
37679	0.000993169767
37680	0.00237546146
37681	0.0008136290087
37682	0.0002619385965
37683	0.007381990641
37684	0.003844218915
37685	0.001353909883
37686	0.002303288833
37687	0.004595425578
37688	0.0007324797376
37689	0.000994368919
37690	0.004339236496
37691	0.00493879732
37692	0.003414506208
37693	0.0002378349974
37694	0.001614492558
37695	0.001320634238
37696	0.004389871126
37697	0.002934509969
37698	0.004835951034
37699	0.00276508426
37700	0.001280066605
37701	1.826677973e-05
37702	0.001588486205
37703	0.003696974137
37704	0.001633190209
37705	0
37706	0.0006813276926
37707	0.002529382589
37708	0.00164578295
37709	0.00130486945
37710	0.0032853576
37711	0.0007226011587
37712	0.0006834653323
37713	0.001006507443
37714	0.002343442171
37715	0.01139948754
37716	0.0006830128557
37717	0.0004671408045
37718	0.001843001652
37719	0.002001262434
37720	0.0005655602907
37721	0.004416299509
37722	0.0008876799565
37723	0.004025667851
37724	0.0005054190628
37725	0.005351229768
37726	0.002357589415
37727	0.002609181161
37728	0.003627092431
37729	0.001089549873
37730	0.001083137719
37731	0.002965891615
37732	0.002129287396
37733	0.002083704806
37734	0.0004208927573
37735	0.0002427180544
37736	0.001489682953
37737	0.001046230665
37738	5.968391658e-05
37739	8.886684864e-05
37740	0.002699835043
37741	0.002353011218
37742	0.001711653355
37743	0.001956410183
37744	0.002438729296
37745	0.002456716016
37746	0.003540986694
37747	0.007781245312
37748	0.0006996472
37749	0.0004529179219
37750	0.001736600003
37751	0.002635790285
37752	0.0009660255069
37753	0.004680961372
37754	0.001206242648
37755	0.003231644598
37756	0.001538856501
37757	0.002765755217
37758	0.0003537551915
37759	0.001383382673
37760	0.0003963903296
37761	0.001423662118
37762	0.003498594239
37763	0.0001782068306
37764	0.002566297315
37765	0.001524525589
37766	0.0008738474625
37767	0.005919348371
37768	0.001035287228
37769	0.000833562297
37770	0.001653199531
37771	0.002197097085
37772	0.0006560032314
37773	0.001334893912
37774	0.00236719081
37775	0.0006993800914
37776	0.001817221165
37777	0.0007815904645
37778	0.0009067755992
37779	0.003792908194
37780	0.002500634416
37781	0.002241682149
37782	0.0003983820941
37783	0.001050353798
37784	3.272084374e-05
37785	0.002557386165
37786	0.006545065797
37787	0.003393220942
37788	0.004393489578
37789	0.00197533062
37790	0.001537409509
37791	0.006754427229
37792	0.004263549683
37793	0.003217882873
37794	0.000876309456
37795	0.0008222300377
37796	0.00372671274
37797	0.003098957158
37798	0.00289705739
37799	0.003932432029
37800	0.0004407957905
37801	0.00408630344
37802	0.0003236085641
37803	0.0008107924155
37804	0.002989329944
37805	0.003457346551
37806	0.005751695683
37807	0.0004972744881
37808	0.004268587674
37809	0.003335432906
37810	0.0008612743036
37811	0.002070230369
37812	0.003447446572
37813	0.0001033723789
37814	0.002911690476
37815	0.0004441838609
37816	0.002720076496
37817	0.00228841215
37818	0.001209147804
37819	0.001050098974
37820	0.0009807157376
37821	0.002192996891
37822	0.001995651761
37823	0.002635782836
37824	0.006039763367
37825	0.0001015212602
37826	0.002430317808
37827	0.000263490725
37828	0.00240545317
37829	0.002169970646
37830	9.335493785e-06
37831	0.001376445908
37832	0.00155549006
37833	0.0004340475699
37834	0.001935298854
37835	0.0003442470233
37836	0.0003757355564
37837	0.0009007996535
37838	0.0003445931472
37839	0.001918013829
37840	0.004744879606
37841	0.0001618350472
37842	0.002562409501
37843	0.003022340778
37844	0.003692492052
37845	0.001228928024
37846	0.003447167672
37847	0.002874304196
37848	0.001051978247
37849	0.0006957960961
37850	0.003325112966
37851	0.001577752774
37852	0.000839731771
37853	0.004024400205
37854	0.001622289051
37855	0.0003198975267
37856	0.002332067317
37857	0.004422072918
37858	0.003003168347
37859	0.002131330641
37860	0.004024268145
37861	0.001726966871
37862	0.0001797865234
37863	0.001417497232
37864	0.0002351552212
37865	0.002151316644
37866	0.0003598308957
37867	0.0002788892252
37868	0.001317913892
37869	0.001007928133
37870	0.0007373025146
37871	0.0001097603201
37872	0.002090635154
37873	7.666052018e-05
37874	0.001233811446
37875	0.0004719674608
37876	0.004585689091
37877	0.002344153526
37878	0.0002786861774
37879	0.000501214903
37880	0.002069926417
37881	0.00325202237
37882	0.0006388612551
37883	0.0003104702159
37884	0.000376878436
37885	0.0004227004486
37886	0.000116850752
37887	3.096930984e-05
37888	0.0001513958012
37889	7.442245576e-05
37890	0.007316134952
37891	0.001005108008
37892	0.000242228322
37893	0.0004657334883
37894	0.0002066194449
37895	6.329716598e-05
37896	0.0002279403048
37897	0.007644908494
37898	0.003939364485
37899	0.000115836391
37900	0.0007631385052
37901	4.611983672e-05
37902	0.000169389088
37903	0.0004331477436
37904	0.003166412809
37905	0.002184614212
37906	0.001119499576
37907	0.003218139337
37908	9.098823444e-05
37909	0.002083322663
37910	0.002068729306
37911	0.0001824694016
37912	0.001929836838
37913	0.006444085093
37914	0.002177994605
37915	0.0001568041956
37916	9.683941183e-05
37917	0.002645513668
37918	0.0001547623216
37919	0.00626933155
37920	0.007918883956
37921	0.0002304696478
37922	0.003270539277
37923	0.0004251780002
37924	0.0008538159949
37925	0.001819877946
37926	0.0004326759002
37927	0.001030736417
37928	0.004178546644
37929	0.00143264895
37930	0.004857487716
37931	0.0006149103714
37932	0.001920152555
37933	0.001659539802
37934	0.001086332307
37935	0.000442091724
37936	0.001391932732
37937	0.0001105631341
37938	3.348637483e-05
37939	7.951792492e-05
37940	0.0008249413902
37941	0.0004358642231
37942	0.0009600087544
37943	0.005417061739
37944	0.002268854185
37945	0.005433663497
37946	0.0003114655869
37947	0.0003489855866
37948	0.000137847461
37949	0.0007378764762
37950	0.002669724484
37951	0.0003696768287
37952	0.0002161708223
37953	0.0004339970478
37954	0.002001584891
37955	0.003089150654
37956	0.0002181657339
37957	0.0002555974449
37958	0.002157252794
37959	0.001571381917
37960	0.001769101649
37961	0.0008686959809
37962	0.001079324097
37963	0.001985227825
37964	0.0001559694217
37965	0.001079554962
37966	0.004509163137
37967	0.0003709528073
37968	0.0007010842921
37969	0.003424247193
37970	0.0001849747334
37971	0.0009383395407
37972	0.0001266129185
37973	0.001217941857
37974	0.002894472073
37975	0.002542592033
37976	0.0003599408155
37977	0.001081990886
37978	0.001597611605
37979	0.001154835421
37980	0.006847642985
37981	0.002114982502
37982	0.002382368579
37983	2.517949776e-05
37984	0.0001025268953
37985	0.0007840785473
37986	0.0001744977394
37987	0.0004120683077
37988	0.0007037627427
37989	0.0008883151925
37990	0.0009809393542
37991	0.001621883282
37992	0.00351590752
37993	0.0009666746631
37994	0.005286836642
37995	0.0005155546026
37996	0.001879285625
37997	0.000724272986
37998	0.0001017574624
37999	0.0002203632923
38000	0.0002033464862
38001	0.0001466115693
38002	0.00289153189
38003	0.0003455175686
38004	0.002200409774
38005	0.000876623107
38006	0.001293059178
38007	0.008484968935
38008	0.003474785226
38009	0.00127119468
38010	0.002977188281
38011	0.004277840487
38012	0.00306792023
38013	0.00141065346
38014	7.206784542e-05
38015	0.0003074287181
38016	0.0007404588084
38017	5.437536094e-05
38018	0.001624070172
38019	0.0008971917869
38020	0.0006717228473
38021	0.0009600613649
38022	0.000550987093
38023	3.643492072e-05
38024	0.0004818409377
38025	0.0009240731176
38026	0.006164713583
38027	0.0004487357337
38028	0.001838146527
38029	0.002238845677
38030	0.001893322145
38031	0.001020896701
38032	0.0003515453467
38033	0.001214832261
38034	0.001511993812
38035	0.001621234008
38036	0.0002943592303
38037	0.0001924016877
38038	0.0008621620494
38039	0.0008953368279
38040	0.0006293505304
38041	0.0002369817179
38042	0.000292749213
38043	0.0003899645295
38044	0.0004505426979
38045	0.003842621311
38046	0.001876103384
38047	0.0003304553603
38048	0.002301119076
38049	0.003405025709
38050	0.003233783832
38051	0.0001540140942
38052	0.004744016713
38053	0.002212337094
38054	0.0002381831471
38055	0.005317497232
38056	0.003027427823
38057	0.00165637581
38058	0.0001221001495
38059	0.002247147341
38060	0.003595350531
38061	0.003126580896
38062	0.0008446273953
38063	0.0001929295543
38064	0.003633212028
38065	0.001543782137
38066	0.00488386012
38067	0.003461897426
38068	0.0002593640866
38069	0.001110235946
38070	0.0001965441812
38071	0.002394884065
38072	0.005414416329
38073	0.0004164247105
38074	0.008674906846
38075	0.001732058496
38076	0.001059427091
38077	0.0001455761505
38078	2.006973928e-05
38079	0.0003839990602
38080	0.0002429954556
38081	0.0006656115773
38082	0.0003309825354
38083	0.0003974706461
38084	0.0003614514587
38085	0.0003510042101
38086	0.0008159630508
38087	6.794158371e-06
38088	0.003272631181
38089	0.0004735127146
38090	0.001768127797
38091	0.001280344623
38092	0.002073078756
38093	0.001145081659
38094	3.696673511e-05
38095	0.0008344067426
38096	0.006177307189
38097	0.00430327302
38098	0.0003474014317
38099	0.00171545482
38100	0.000650768165
38101	0.0001935460074
38102	0.001628739566
38103	0.0009618956798
38104	0.0005752138931
38105	0.004155557899
38106	0.0007135488255
38107	5.915140695e-05
38108	0.002523245756
38109	0.005014916394
38110	0.0002592511848
38111	0.00339469297
38112	0.004648951535
38113	0.001021358101
38114	0.003778888537
38115	0.0003559720569
38116	0.002120385109
38117	0.001869639503
38118	0.00191957406
38119	0.0003012254514
38120	0.0004758916134
38121	0.001969542167
38122	0.002626086657
38123	0.0001269994692
38124	0.004069075522
38125	0.0002900892186
38126	2.800037524e-05
38127	0.005024469871
38128	0.004075909998
38129	0.006510737768
38130	0.0004677749295
38131	0.000693066694
38132	1.608153299e-05
38133	0.001724543204
38134	0.001982488681
38135	0.003661546834
38136	0.004402371115
38137	0.0001668422386
38138	0.003119943952
38139	0.0003159049537
38140	0.0004709853794
38141	0.003754149938
38142	0.001701398028
38143	0.005846972425
38144	0.00345336383
38145	0.0002788417958
38146	0.006473700241
38147	0.0005874815292
38148	0.0008142151944
38149	0.002321878773
38150	0.0004112916651
38151	0.0004095141418
38152	0.001790220092
38153	0.002551762525
38154	0.00385154573
38155	0.001971597765
38156	0.0004152538608
38157	0.001817814431
38158	0.004353367417
38159	0.002110568875
38160	0.004153404721
38161	0.004719440138
38162	0.001507000516
38163	0.0001187736179
38164	0.003270744051
38165	0.004464090108
38166	0.001234129936
38167	0.003805342807
38168	0.001994608527
38169	0.00182901191
38170	0.0014270932
38171	0.008822295431
38172	0.00125786144
38173	0.002428660516
38174	0.002372049051
38175	0.002001057278
38176	0.0006197955374
38177	0.002794053607
38178	0.0001823247991
38179	0.003849199502
38180	0.0007373903985
38181	0.001062944178
38182	0.000971787191
38183	0.0002696782631
38184	8.007167556e-06
38185	0.004691415528
38186	0.0003683816728
38187	0.002529965338
38188	0.002520562672
38189	0.005113287832
38190	0.001977509315
38191	0.003881519699
38192	0.0008136426838
38193	0.0007188171577
38194	0.0009070285751
38195	0.0006331541184
38196	0.002921768699
38197	0.001296617265
38198	0.004703985966
38199	0.002702430089
38200	0.001380712844
38201	0.001014949284
38202	0.004476786315
38203	0.003706830209
38204	0.003452536852
38205	0.005779021903
38206	0.002591661432
38207	0.001662976902
38208	0.0009203557665
38209	0.0002257716297
38210	0.002508993865
38211	0.001968347701
38212	0.0003121259532
38213	0.001017460894
38214	0.001541761904
38215	0.001525410873
38216	0.00205129676
38217	0.0003188232968
38218	0.0008480472215
38219	0.001392791778
38220	0.00267820834
38221	0.001188344639
38222	0.003232747866
38223	0.003624565669
38224	0.00542779454
38225	0.005240357482
38226	0.001514776234
38227	0.002918310297
38228	0.001767284675
38229	0.002875908652
38230	0.001719503023
38231	0.0004336084064
38232	0.0002955038166
38233	0.00139322075
38234	0.002073462918
38235	0.002821841792
38236	0.0004052101548
38237	0.001435302311
38238	0.00170119166
38239	0.001368360887
38240	0.001117440449
38241	0.005180838069
38242	8.131767209e-05
38243	0.001031944798
38244	0.001690617599
38245	0.002224569288
38246	0.00545069916
38247	0.001572422169
38248	0.001041877268
38249	0.004623089037
38250	0.008138368248
38251	0.0007940942132
38252	0.0001195158913
38253	2.681093882e-06
38254	0.0002979968233
38255	0.00157764807
38256	0.001598017455
38257	0.0009213202852
38258	9.664949729e-05
38259	0.004678017888
38260	0.002499368196
38261	0.0006422196283
38262	0.0005039865143
38263	0.002246588769
38264	0.001447107748
38265	8.463347696e-05
38266	0.002089410516
38267	0.001629397719
38268	0.0009957767818
38269	0.002588067682
38270	0.001355850427
38271	0.001953556193
38272	0.008387577923
38273	0.001501367589
38274	0.005342215744
38275	0.002443734575
38276	0.006247180084
38277	0.0005841082853
38278	0.000463661838
38279	4.183176388e-05
38280	0.0007529584903
38281	0.001374018137
38282	0.001650210793
38283	0.001545409849
38284	0.001687462732
38285	0.004645208092
38286	0.0008364296923
38287	0.001192653491
38288	0.001709412652
38289	0.002578631825
38290	0.0006592183845
38291	0.0008823716153
38292	0.002466144183
38293	0.001761831285
38294	0.0006245041972
38295	0.005316094309
38296	0.002141634075
38297	0.0005512129774
38298	0.004087071098
38299	0.0005904838743
38300	0.004217471728
38301	0.001553593368
38302	0.004628616326
38303	0.001552021716
38304	0.0008823540274
38305	0.0002547076869
38306	0.004678322106
38307	0.003031255761
38308	0.003886967045
38309	0.0005173663265
38310	0.0007575928645
38311	0.004020081852
38312	0.0007823698482
38313	0.002363978168
38314	0.007622706087
38315	0.001891944271
38316	0.0009500795677
38317	0.0003379131449
38318	0.001983240078
38319	0.0007101076023
38320	0.0009296212022
38321	0.0001205415289
38322	0.0005271124185
38323	0.001458766262
38324	0.002853782477
38325	0.005790017279
38326	9.069098055e-05
38327	0.006430915062
38328	0.0007501213954
38329	0.004068989391
38330	0.0002095804702
38331	0.004504142901
38332	0.001065740679
38333	0.0001975911896
38334	0.001843161306
38335	0.001293111269
38336	0.0006461497941
38337	0.0008527768288
38338	0.006519947126
38339	0.001893840973
38340	0.004355524625
38341	0.001205369722
38342	0.006220613105
38343	0.00299101704
38344	0.0004326406481
38345	0.0002918850498
38346	0.0008481471439
38347	0.001298502865
38348	0.0006904135418
38349	0.003622268896
38350	0.0003257933426
38351	0.003670261899
38352	0.0009685753495
38353	0.002098635882
38354	0.001488660665
38355	0.009267860101
38356	9.652664982e-05
38357	0.001303936461
38358	0.001911777552
38359	0.0006587672847
38360	0.004820832186
38361	0.001717398442
38362	4.002264927e-05
38363	0.0008924074015
38364	0.002140300737
38365	0.0005704415951
38366	0.0001020136062
38367	0.004318272166
38368	0.001076773442
38369	0.002084417571
38370	0.002541890005
38371	0.0008772002486
38372	0.001223523169
38373	0.0001425828142
38374	0.002123683746
38375	0.001114957362
38376	0.002070145065
38377	0.00173715175
38378	2.981202549e-05
38379	0.005046514172
38380	0.004257423764
38381	0.0009320792023
38382	0.000409250488
38383	0.001311168814
38384	0.0006873714367
38385	0.0005514343806
38386	0.0005878746279
38387	0.006396853292
38388	0.002212088044
38389	0.008291112516
38390	0.001338276631
38391	0.004500048287
38392	0.004792666956
38393	0.004189889874
38394	0.005999350145
38395	0.002337958457
38396	0.00577657265
38397	0.001115693234
38398	0.001876597009
38399	0.0003129341684
38400	0.0002044372832
38401	0.0006190456323
38402	0.002402543117
38403	0.0006811403543
38404	0.005015241616
38405	0.001015574962
38406	0.00490450907
38407	0.00129244485
38408	0.002708487961
38409	0.002823566737
38410	0.001482363454
38411	4.922185127e-06
38412	0.001342250117
38413	0.002444025367
38414	0.002291666847
38415	0.002030274848
38416	0.0008222442024
38417	0.01039451999
38418	0.0005020158007
38419	0.001276675381
38420	0.0001770040835
38421	0.00125608301
38422	0.0003142812451
38423	0.001374004403
38424	0.0002027544251
38425	0.0005444199298
38426	0.0002483157786
38427	0.0002109283688
38428	0.0009668837727
38429	0.001977444996
38430	0.001122318628
38431	0.00368124861
38432	0.0004504459779
38433	0.003366970885
38434	0.001402276038
38435	0.001588368327
38436	0.002683884588
38437	0.0009874500431
38438	0.001143278611
38439	0.002349814912
38440	0.002381485299
38441	0.00289740347
38442	0.001636439498
38443	3.034009446e-05
38444	0.002507660821
38445	0.003098476192
38446	0.000344286244
38447	0.002571530009
38448	0.003887490815
38449	0.003674189412
38450	0.00395161518
38451	0.002240138045
38452	0.0002810697988
38453	0.0001495505937
38454	0.002969213656
38455	0.002921507264
38456	0.002742786793
38457	0.005700764459
38458	0.0008318217068
38459	0.0002075674195
38460	0.001072227843
38461	0.000189862031
38462	0.001134805537
38463	0.0007670003928
38464	0.0007803999694
38465	0.002594826581
38466	3.257868707e-05
38467	0.002994650218
38468	0.005767150297
38469	0.0001312955223
38470	0.004057212108
38471	0.004085321031
38472	0.0001845757085
38473	0.0008566869184
38474	0.0009523142579
38475	0.001231896044
38476	0.0004571961169
38477	0.00744167855
38478	0.0005802323305
38479	0.001495347127
38480	0.004330846062
38481	0.0007386526813
38482	0.001590181671
38483	4.155083875e-05
38484	0.0008834710965
38485	0.002880216178
38486	0.0003231273632
38487	0.0004104743596
38488	0.001192192358
38489	0.0003215153945
38490	0.001325802726
38491	2.28716006e-05
38492	0.0005434210624
38493	8.267435136e-05
38494	0.002571172004
38495	0.000278110947
38496	0.0004276509538
38497	0.0006117097398
38498	0.0005939062313
38499	0.005060122362
38500	0.002970046781
38501	0.001952464694
38502	0.001354421025
38503	0.001201489761
38504	0.002133269019
38505	0.001531689282
38506	0.0009540349545
38507	0.00160688068
38508	0.0006678976791
38509	0.0003747707806
38510	0.0003622345562
38511	0.0009732112896
38512	0.001302268311
38513	0.002969208586
38514	0.004725348044
38515	0.00182644478
38516	0.0003762550082
38517	0.002736292833
38518	0.002419655373
38519	0.0003483714014
38520	0.01054526913
38521	0.001049884055
38522	0.001030581147
38523	0.00312567587
38524	0.006867405867
38525	0.004431813878
38526	0.0004194765613
38527	0.003201454497
38528	0.003034961362
38529	0.0001983388336
38530	0.004221884841
38531	0.000912473052
38532	0.002338005016
38533	0.005727361057
38534	0.002673410295
38535	0.0009475342934
38536	0.0009952240135
38537	0.0001149132645
38538	0.001501988967
38539	0.004431890413
38540	0.0004099955411
38541	0.0006642024189
38542	0.0003323120939
38543	0.00016747466
38544	0.003644002207
38545	0.003079710627
38546	0.001973314675
38547	0.006025357952
38548	0.003843861229
38549	0.004337100644
38550	0.0007289687089
38551	0.003002964195
38552	0.001496193846
38553	0.0001516878231
38554	0.00104447201
38555	0.0002811743485
38556	0.002603996043
38557	0.0003370418232
38558	0.0001832995255
38559	0.001069596436
38560	7.898115298e-05
38561	0.0005200580298
38562	0.002045840378
38563	0.002076572314
38564	0.0025777376
38565	0.001266159336
38566	0.003244193202
38567	0.003073889231
38568	0.001747017668
38569	0.00316356285
38570	0.0004976874035
38571	0.001919020815
38572	0.0002694755756
38573	2.987889572e-05
38574	0.0005996402393
38575	0.003835267607
38576	0.00113608741
38577	0.00154587464
38578	0.0008443525966
38579	0.004180402392
38580	0.00135001245
38581	0.0006508616125
38582	0.002140024591
38583	0.0002443522656
38584	0.0006031716098
38585	0.001078917856
38586	0.005066462459
38587	6.211907908e-05
38588	0.00020850548
38589	0.000242742587
38590	0.001100247775
38591	0.001201616628
38592	0.0002150102305
38593	0.001183619967
38594	0.001943566187
38595	0.003037139837
38596	0.001067033366
38597	0.001481208108
38598	0.000943777178
38599	0.002257789213
38600	0.004112520871
38601	0.001706335123
38602	0.000834944758
38603	8.78878605e-05
38604	0.004804760779
38605	0.002226850571
38606	0.002057861696
38607	0.0003809046373
38608	0.0001023222397
38609	0.0002576428505
38610	0.001814814991
38611	0.0005213208201
38612	9.48968433e-05
38613	0.001903516237
38614	0.0005660070862
38615	0.003365220926
38616	4.136000634e-05
38617	8.224411318e-05
38618	0.0009324737959
38619	0.0006064961866
38620	0.0001738927845
38621	0.001198189178
38622	0.000637131113
38623	0.0007205305153
38624	0.0001199879676
38625	0.0001347950192
38626	0.0006993619926
38627	0.0005429584616
38628	0.0001062856255
38629	8.934320253e-05
38630	0.0006025384131
38631	0.0005536555736
38632	0.003794003161
38633	0.005541790027
38634	0.0003990619992
38635	0.0003360436782
38636	0.001251815249
38637	0.002041461469
38638	8.486875772e-05
38639	0.0002862194462
38640	0.0002525884516
38641	0.0006695648179
38642	0.0005203938846
38643	0.0003945452284
38644	0.0002058860188
38645	7.722070253e-05
38646	0.0006487829044
38647	0.0004731916551
38648	0.002115980416
38649	0.000444165599
38650	0.001047136822
38651	0.0007424887635
38652	0.0003056447255
38653	0.004957567146
38654	0.0001920681336
38655	0.0003801517443
38656	2.922002903e-05
38657	0.005012401904
38658	0.001233646144
38659	3.51912898e-05
38660	0.001316287432
38661	0.0001825551643
38662	0.0002409266436
38663	0.0002918353111
38664	0.0007130203699
38665	0.0007228795932
38666	0.0001207346007
38667	0.0006928972377
38668	0.0001962412643
38669	0.001122593115
38670	0.0003497595146
38671	0.002626595381
38672	0.0007043051579
38673	0.0007084016919
38674	0.0007138619263
38675	0.0004877641369
38676	0.0004641310408
38677	0.001553365981
38678	0.0008241231423
38679	0.001125301508
38680	0.0007903102958
38681	0.001344835906
38682	0.000393352365
38683	9.601929711e-05
38684	0.000260360428
38685	0.0003631922606
38686	0.0006070820631
38687	8.599682317e-05
38688	0.0006333542735
38689	0.0002186813587
38690	0.000896946787
38691	0.0009057025249
38692	8.78333123e-05
38693	0.0001886016267
38694	0.0005594542827
38695	0.0007320985033
38696	8.76958456e-07
38697	4.285921429e-05
38698	0.001276433359
38699	0.002538088527
38700	0.0003481303216
38701	0.001178051223
38702	0.003518593911
38703	0.0007805641864
38704	0.0002111524376
38705	0.0004067102102
38706	0.003694778313
38707	0.0004066195242
38708	0.0003972993929
38709	9.502732339e-05
38710	0.002909940726
38711	0.001818983796
38712	0.002028280034
38713	1.399390624e-06
38714	0.001932378812
38715	8.195845725e-05
38716	0.0004197642035
38717	0.001972032724
38718	0.001129268805
38719	0.0004787714614
38720	0.0001794690011
38721	0.0001390899421
38722	0.000611713502
38723	0.0001266471529
38724	0.0001583520081
38725	0.0005101637591
38726	0.0002410909181
38727	0.0001806362681
38728	0.001590889056
38729	0.0001988680264
38730	5.015230009e-05
38731	0.0003408370415
38732	8.821054638e-05
38733	0.0006850437973
38734	0.0003239835721
38735	0.0001785817155
38736	0.003338661365
38737	0.001142621235
38738	0.0005921884054
38739	0.0004733698922
38740	0.0002007201292
38741	0.0005211699688
38742	0.00275628476
38743	0.0004474781041
38744	0.0008771004931
38745	0.002744819077
38746	0.0003099085817
38747	0.0004758092168
38748	0.0005879893716
38749	0.0003012800182
38750	0.0004006116623
38751	0.0002601349357
38752	0.0002237085954
38753	0.001292551252
38754	6.340674327e-05
38755	0.0004015839809
38756	0.01226024376
38757	0.0003163213663
38758	0.000879020071
38759	0.0007126608431
38760	0.0001452227012
38761	7.070265636e-05
38762	0.001127855983
38763	0.001496541964
38764	0.0002338343814
38765	0.0008146364625
38766	0.00383404972
38767	0.0008546655283
38768	0.001838007388
38769	4.791844512e-05
38770	0.001017314718
38771	0.00237430691
38772	0.000340889278
38773	0.0002886758002
38774	0.00102181328
38775	0.0007220571702
38776	0.0002477346283
38777	0.0001595991657
38778	0.0009678782048
38779	0.000819888544
38780	0.004185478458
38781	0.0001401073966
38782	0.00235082107
38783	0.00211072776
38784	0.000347844214
38785	0.002106219556
38786	0.00206618834
38787	0.000508738473
38788	0.001585882191
38789	0.002272969677
38790	0.0006332415213
38791	0.0005711118898
38792	0.0008321072401
38793	0.0019479638
38794	0.0001484680903
38795	0.0003138055388
38796	0.007730052409
38797	0.001066786095
38798	3.781105088e-05
38799	0.002221461116
38800	0.0002147201119
38801	0.0003106482069
38802	0.001027337222
38803	0.002637736792
38804	0.0007341895927
38805	0.002627843707
38806	0.0008237449507
38807	0.002811131999
38808	0.0001988154997
38809	0.004085016414
38810	0.001120678207
38811	0.001601822152
38812	0.0003721066545
38813	0.005174292551
38814	0.0007191896129
38815	5.03965152e-05
38816	9.062994819e-05
38817	0.001722484808
38818	0.002331430323
38819	0.002119819474
38820	0.0002324222805
38821	0.0006112902166
38822	7.770763905e-05
38823	0.0003618393226
38824	0.0006136747069
38825	0.0001907998781
38826	0.001053885698
38827	2.817907798e-06
38828	0.0005535623753
38829	0.0001248845947
38830	0.0006849141909
38831	0.000344372591
38832	0.001756849413
38833	0.0004027894972
38834	0.0001695845187
38835	0.0008027369307
38836	0.0004483712596
38837	0.0004437325763
38838	0.002662860119
38839	0.0006841389731
38840	0.0005505621358
38841	0.0001406605211
38842	0.001039745042
38843	0.0002437873092
38844	0.0002360391698
38845	0.0007957287134
38846	0.002926269348
38847	0.001564579179
38848	0.00249956405
38849	0.0004421790617
38850	0.0006560765273
38851	0.0003175179852
38852	0.001037329633
38853	0.001225895124
38854	3.322682065e-05
38855	0.003148670499
38856	0.001349044527
38857	0.002180063098
38858	9.814623299e-05
38859	0.003852528937
38860	0.00254970188
38861	0.0006022161964
38862	0.004788748797
38863	9.143361771e-05
38864	7.079175385e-05
38865	0.003073659478
38866	0.003055095688
38867	0.0001423934565
38868	0.000308206006
38869	0.0001014353705
38870	0.0008058461734
38871	0.001202805719
38872	0.0005669692083
38873	0.0001289607654
38874	0.000479178369
38875	0.0006607214591
38876	0.0006479318208
38877	0.002707869957
38878	0.001013082849
38879	0.003039090418
38880	0.001869142401
38881	0.0004100768817
38882	0.001368088242
38883	0.0001977831433
38884	0.0008723909663
38885	0.00168981819
38886	0.0002737851765
38887	0.0006640465034
38888	0.0006912358776
38889	0.000839107324
38890	0.0003910169113
38891	0.0002990808694
38892	0.0009448150547
38893	0.0002444127764
38894	0.0005273785283
38895	0.002668832026
38896	0.0009251260295
38897	8.671990611e-05
38898	0.002182864532
38899	0.0007134882443
38900	0.0008802626306
38901	0.000554501015
38902	0.0004166451305
38903	0.001715077427
38904	0.001206872085
38905	0.0005800462446
38906	0.0008457523495
38907	4.458643169e-05
38908	0.0008025874831
38909	0.0006762469439
38910	0.0005773600725
38911	0.001163141164
38912	0.001790279055
38913	0.0005895400874
38914	0.0005702354684
38915	0.00145036399
38916	0.0009943606127
38917	0.000937452437
38918	0.002532421933
38919	0.002044857181
38920	0.001649979515
38921	0.001620904978
38922	0.003023356318
38923	0.0007412435061
38924	0.001633124043
38925	0.002684377553
38926	0.001420140243
38927	0.001375540742
38928	0.0001103056564
38929	0.0002852761083
38930	8.198968728e-05
38931	0.0006346763772
38932	0.0005679231705
38933	0.0003053027613
38934	0.0004106886623
38935	0.001223475793
38936	0.002077204668
38937	0.0001172052864
38938	0.001960610641
38939	7.427830025e-05
38940	0.0004559106229
38941	0.004746116657
38942	0.001154705729
38943	0.002687587107
38944	0.005764726754
38945	0.0004533919727
38946	0.0004802323225
38947	0.002698798607
38948	0.0005460054883
38949	0.0002169767836
38950	0.0003347248725
38951	0.001838504636
38952	6.981246797e-05
38953	0.0003394623897
38954	0.001438315993
38955	0.0005518403083
38956	0.0001407838109
38957	0.0001889902335
38958	0.0004165353275
38959	0.002483412975
38960	4.853597114e-05
38961	0.0002307112011
38962	0.002168158917
38963	0.0009157168449
38964	0.0002725518975
38965	6.632202635e-05
38966	0.0004071509428
38967	3.694096465e-05
38968	0.00384001634
38969	0.003085399718
38970	0.002885613064
38971	0.007629534808
38972	0.002583189973
38973	0.004182520551
38974	0.004592761164
38975	0.0009983151206
38976	0.002266430267
38977	0.0002648401522
38978	0.003480916017
38979	0.002845232872
38980	0.0003292464355
38981	0.004323197944
38982	0.001791585647
38983	0.002412722143
38984	0.004504090926
38985	0.0001230344901
38986	0.0007590047934
38987	0.0004326830661
38988	0.001562250367
38989	0.003730999412
38990	0.003338600354
38991	0.001912871899
38992	0.00388239683
38993	2.264185664e-05
38994	0.006056020503
38995	0.000924754117
38996	0.003796975786
38997	0.003813137651
38998	0.001260475612
38999	0.00332094899
39000	0.01061153466
39001	0.0005546492965
39002	0.0007823602616
39003	0.00284883375
39004	0.000116355197
39005	0.0002149556309
39006	0.0002248095464
39007	0.0002480533294
39008	0.001297476909
39009	0.0002939204883
39010	1.87999143e-05
39011	0.000376768906
39012	4.075546779e-05
39013	0.0002726915462
39014	6.118813753e-05
39015	0.0001871605241
39016	3.320646728e-05
39017	0.001173971711
39018	0.0001769317096
39019	0.002655446251
39020	0.00153576142
39021	0.004960809041
39022	0.001132179132
39023	0.002790646931
39024	0.001261119045
39025	0.004508551399
39026	0.002939113032
39027	0.001779228852
39028	0.0004383142281
39029	0.002832881326
39030	0.003334479559
39031	0.00160383709
39032	0.01003495842
39033	0.006792066776
39034	0.001483000661
39035	0.003819916108
39036	0.0004819081634
39037	0.001033793954
39038	0.003494163303
39039	0.001299630033
39040	0.0007432298938
39041	0.0001204025568
39042	0.00249645417
39043	0.0002058321505
39044	0.00342399569
39045	0.009923941533
39046	0.00512351107
39047	0.001430180891
39048	0.0001613921704
39049	0.0008027151519
39050	8.135208588e-05
39051	0.0008504962731
39052	0.002118479221
39053	0.004958905031
39054	0.001347071787
39055	0.004224092808
39056	0.0006412491802
39057	9.670585343e-06
39058	3.494963164e-05
39059	0.0007586202952
39060	0.00270617508
39061	0.0009441158477
39062	0.001307722512
39063	0.0009642674677
39064	0.002833865026
39065	0.0009956996839
39066	0.001019574292
39067	0.004905347243
39068	0.0003201177675
39069	0.002278400469
39070	0.003734205971
39071	0.001506339585
39072	0.002007847855
39073	0.002963308685
39074	0.001993335083
39075	0.0003085392286
39076	0.0003089349215
39077	0.002169608494
39078	0.001385492603
39079	0.0003657927799
39080	0.003148514322
39081	0.001277227861
39082	0.002442765094
39083	0.00157342765
39084	0.003270765907
39085	0.0003516994874
39086	0.001668883832
39087	0.006791270361
39088	0.001308843374
39089	0.0007509096961
39090	0.004187445011
39091	0.006861461925
39092	0.003209558293
39093	0.0003019854351
39094	0.001513299747
39095	8.985524017e-06
39096	0.005499912048
39097	0.003815282996
39098	0.00380024246
39099	0.001600488878
39100	0.003934075005
39101	0.00174523702
39102	0.00132376777
39103	0.003407702045
39104	0.001027955905
39105	0.005298938712
39106	0.001307900863
39107	0.0001350457398
39108	0.003701979175
39109	0.0004777965981
39110	0.00228350733
39111	1.954411006e-05
39112	0.00174377897
39113	0.001447923172
39114	0.0002028250351
39115	0.001886448148
39116	0.000341887576
39117	0.0004409183841
39118	0.0001700969837
39119	0.001468416018
39120	0.000300694723
39121	0.0006912773249
39122	0.0002629734604
39123	0.0005596857856
39124	0.0008127203894
39125	0.002030204775
39126	0.0003495561077
39127	5.999048103e-06
39128	0.0005224338778
39129	0.0003122896804
39130	8.711009058e-05
39131	0.0006019809038
39132	0.0003033801348
39133	7.691804254e-05
39134	1.97250223e-05
39135	0.001375432402
39136	0.001455740945
39137	0.001037681107
39138	0.003387615308
39139	0.0002328159217
39140	0.001937624744
39141	0.0008879411946
39142	9.281874688e-05
39143	0.001060610575
39144	1.189366666e-05
39145	0.001036021865
39146	0.005064453223
39147	0.0008464105747
39148	0.00106338889
39149	0.0002418129832
39150	0.00174727535
39151	0.0002318555104
39152	0.0005161071126
39153	0.0008236308636
39154	3.941493194e-05
39155	0.0012581098
39156	0.0002656782949
39157	0.0003988268922
39158	0.0009019450996
39159	7.833792395e-05
39160	0.00104028327
39161	0.0002090746579
39162	0.0001143094852
39163	8.059588935e-05
39164	7.402495778e-05
39165	0.0006691355466
39166	0.0004625016625
39167	0.0005113334958
39168	0.000153152958
39169	0.001505846095
39170	0.0007302594145
39171	0.0003946563777
39172	0.0004125874763
39173	0.001063182076
39174	0.000636813354
39175	0.000128763494
39176	0.0006140524955
39177	0.0003063936702
39178	0.001133636802
39179	0.002281362724
39180	0.0005826459569
39181	0.002021484492
39182	0.0003155413754
39183	0.0003238999747
39184	0.0007222137493
39185	0.003598718749
39186	0.001178707996
39187	0.0002830311774
39188	0.0001803140256
39189	0.000846655646
39190	0.0004687811909
39191	0.0002162186951
39192	0.0004029601087
39193	0.0002195373885
39194	5.175222103e-05
39195	0.0003483105206
39196	0.000392745141
39197	2.913142032e-05
39198	0.0002041022085
39199	0.0004768297017
39200	0.000411033231
39201	0.0003193092679
39202	0.0005289802026
39203	0.003426626455
39204	0.00140019461
39205	0.001189925766
39206	0.001956171841
39207	0.0006405354509
39208	0.0008501572382
39209	0.0001977744246
39210	0.001561550926
39211	0.0003065150519
39212	0.002939302585
39213	0.0002364413867
39214	0.0003059987849
39215	9.629576554e-05
39216	0.001152388155
39217	0.000422877324
39218	0.000569116688
39219	8.54675071e-05
39220	0.00418870845
39221	0.003138601612
39222	0.0001242781576
39223	0.003055328103
39224	0.006351872259
39225	0.0003864513793
39226	0.004260424
39227	0.002582998123
39228	0.0009432622596
39229	0.000935659278
39230	0.00218584437
39231	0.0007508514511
39232	0.002605487042
39233	0.003205274565
39234	0.002542648831
39235	0.0002961745675
39236	0.003871129168
39237	0.003889253105
39238	0.002127936513
39239	0.001037856812
39240	5.354219006e-05
39241	0.0007483407363
39242	0.004852616866
39243	0.0001037164549
39244	0.002188726682
39245	0.00222285784
39246	0.000242317071
39247	0.0007602040779
39248	0.000375699167
39249	0.0002973482062
39250	0.0003915600708
39251	0.001124912927
39252	0.001013513499
39253	0.0009949726748
39254	0.003987084006
39255	0.005542380404
39256	0.0002666363306
39257	0.00903428297
39258	0.002785529982
39259	0.001566145731
39260	0.0001431863898
39261	0.001383400842
39262	0.001688453094
39263	0.0004854562899
39264	0.0001593722715
39265	0.0005878067064
39266	0.0001553096238
39267	0.00126354312
39268	0.0004421373244
39269	0.0007728941806
39270	0.001061796595
39271	0.001033171188
39272	0.001292836436
39273	0.0003587886978
39274	0.0009309783288
39275	0.0004269157471
39276	0.0005155597527
39277	0.002894804814
39278	0.002577320395
39279	0.001229201966
39280	0.000956315756
39281	0.0003221910314
39282	0.002490008299
39283	0.0007821704499
39284	0.0009169162576
39285	0.0001934035359
39286	0.001107273121
39287	0.001049102983
39288	0.0009448659202
39289	0.002361375878
39290	0.002130533773
39291	0.002862770525
39292	0.001753028654
39293	0.000215913636
39294	0.002284630608
39295	0.0003781710951
39296	0.0001523502385
39297	0.001300932151
39298	7.819456983e-06
39299	0.0007959593004
39300	0.0002687013691
39301	2.355318868e-05
39302	0.005712943343
39303	5.481313494e-05
39304	0.0003990018745
39305	0.0009279782116
39306	0.00112931078
39307	5.918278612e-05
39308	0.003031303438
39309	0.005000401735
39310	0.002046179369
39311	0.003612448232
39312	0.0007051168121
39313	0.00216124809
39314	0.002124064489
39315	0.0001809929802
39316	7.200336381e-05
39317	0.0003666746163
39318	0.0007392461064
39319	0.001169836318
39320	0.001219018801
39321	0.003001550763
39322	6.681701779e-05
39323	0.003208775475
39324	0.002496291168
39325	0.001454475967
39326	0.002467904236
39327	0.001017418822
39328	0.0007910621857
39329	0.001412655993
39330	0.001343045705
39331	0.005430453857
39332	0.002455046315
39333	0.0003420295969
39334	0.0003083600881
39335	0.001666624216
39336	0.0006391576769
39337	6.439019015e-05
39338	0.0001167306146
39339	0.0005271941231
39340	0.0003756970641
39341	0.002874214619
39342	0.0009545614524
39343	0.003575220536
39344	0.005062866557
39345	0.001407207614
39346	0.001535916329
39347	0.0004183150973
39348	0.001057076966
39349	0.001689446222
39350	0.0005717373573
39351	6.036298388e-05
39352	0.001117035539
39353	0.004239091957
39354	0.0009882910981
39355	0.0006127934766
39356	0.0003018302903
39357	0.001507874956
39358	0.0002418892641
39359	0.0001563125128
39360	0.002351429114
39361	0.0002409855955
39362	0.0006244132072
39363	0.003393900154
39364	0.0007688361071
39365	0.004613524403
39366	0.004629719429
39367	0.0006965765658
39368	0.002930884859
39369	0.002211636165
39370	0.0004459519551
39371	0.002806217008
39372	0.001806989533
39373	0.0006341708888
39374	0.005855653357
39375	0.001920278288
39376	0.004779219906
39377	0.003771646399
39378	0.009731363207
39379	0.00354632751
39380	0.001137360027
39381	0.001491346614
39382	7.846354895e-05
39383	0.002543869725
39384	0.0009590652451
39385	0.004591473527
39386	0.001859235651
39387	0.002760277586
39388	0.006127086319
39389	0.003350729044
39390	0.0004271076316
39391	0.002306581681
39392	0.003147257165
39393	0.002093090435
39394	0.002661448933
39395	0.000972877237
39396	0.0008394710087
39397	0.0009803273398
39398	0.003516069967
39399	0.0007744987715
39400	0.0005176373119
39401	0.002380053225
39402	0.002461265753
39403	0.001418508095
39404	0.01095922202
39405	0.0005466262247
39406	0.003265857941
39407	0.0002651281784
39408	0.003923619157
39409	0.0002657696795
39410	0.0004244317634
39411	0.002575837769
39412	0.000770857436
39413	0.002324566317
39414	0.0001956808811
39415	0.002273242942
39416	0.001526457506
39417	0.007566387242
39418	0.0007011054995
39419	0.002212399619
39420	0.0005797365795
39421	0.002935776884
39422	0.001951488202
39423	0.0008754031816
39424	0.001597016255
39425	0.00281564696
39426	0.00833311651
39427	0.001875024614
39428	0.005163999064
39429	0.0007137458973
39430	0.002112045786
39431	0.000349451104
39432	0.001261412903
39433	0.004206975707
39434	0.0003678116952
39435	0.002944647517
39436	0.003774401407
39437	0.0008477227303
39438	0.00259820926
39439	0.002139082367
39440	0.0003777152066
39441	0.005498404349
39442	0.001441677942
39443	0.003276580494
39444	0.006651846521
39445	0.00499563304
39446	0.002792649108
39447	0.003722137214
39448	0.001397590997
39449	6.878079927e-05
39450	0.001317126017
39451	0.000957374536
39452	0.002732092971
39453	0.0003926127173
39454	0.0005435158043
39455	0.002421420576
39456	0.0003395962572
39457	0.004977525852
39458	0.004899123741
39459	0.002450584779
39460	0.001770110139
39461	0.002671383318
39462	0.001624359936
39463	5.742168785e-05
39464	0.0008619838505
39465	0.003314309235
39466	0.001401263286
39467	0.004077266144
39468	0.004095760928
39469	0.002344929964
39470	0.004414690984
39471	0.001791553681
39472	0.001436950028
39473	0.0004665303141
39474	0.001346701561
39475	0.0006316674492
39476	0.005132019612
39477	3.004778383e-05
39478	2.304044313e-07
39479	0.003195261955
39480	0.001745220834
39481	0.002871985878
39482	0.001878091942
39483	0.0040426395
39484	0.01175153359
39485	0.001380645658
39486	0.002793089294
39487	0.0002691734162
39488	0.002065541872
39489	0.002464886266
39490	0.006610557332
39491	0.005497363586
39492	0.002832208431
39493	0.001109679203
39494	0.001802973643
39495	0.005308301985
39496	0.00452925976
39497	0.001010280427
39498	0.001026417546
39499	0.001809030577
39500	0.005592098939
39501	0.003125817959
39502	1.139704205e-05
39503	0.0007749860432
39504	0.002514300826
39505	0.0003168258003
39506	0.002220053937
39507	0.005599406871
39508	0.0003661467597
39509	0.003207842371
39510	5.300960422e-05
39511	0.001696655756
39512	0.0002668290248
39513	0.0001468522208
39514	0.001053996373
39515	0.003313837803
39516	0.0004552954974
39517	0.003315408726
39518	0.005263741125
39519	0.008556458995
39520	0.00349828044
39521	0.0007922817367
39522	0.004559761092
39523	0.001438650261
39524	0.0005119591702
39525	0.004289891115
39526	0.0004590452847
39527	0.00142170212
39528	0.003094434646
39529	0.0008611225361
39530	0.002617806296
39531	0.003896946562
39532	0.00255706494
39533	0.003635812915
39534	0.005983299121
39535	0.001455572856
39536	0.0004792640899
39537	0.00231025886
39538	0.001072628038
39539	0.005423473992
39540	0.0004951997864
39541	1.52480945e-05
39542	0.002725349242
39543	0.002711275901
39544	0.0001621079923
39545	0.005385183086
39546	0.003008879792
39547	0.004050496934
39548	0.0009430873961
39549	0.007489605497
39550	0.004472904883
39551	0.00367290301
39552	0.001859410889
39553	0.001880096034
39554	0.00487500706
39555	0.002330444613
39556	0.003918690742
39557	0.002421229166
39558	0.00424075871
39559	0.00227471105
39560	0.001728908044
39561	0.00277269178
39562	9.950848988e-05
39563	0.001315975949
39564	0.001239652601
39565	0.004867413534
39566	0.0005392334115
39567	0.002916537794
39568	0.003097854597
39569	0.006380459042
39570	0.0009554389506
39571	0.002157621068
39572	0.0009851105678
39573	0.006088463269
39574	0.004747686956
39575	0.00122522417
39576	0.002432612633
39577	0.001572599038
39578	0.004600093131
39579	0.00203291806
39580	0.001137903644
39581	0.003698515606
39582	0.0005270832418
39583	0.004787717781
39584	0.00207671478
39585	0.0009725224641
39586	0.002771711906
39587	0.0001257263069
39588	0.006696142736
39589	0.0007576940015
39590	0.003190557189
39591	0.004442011147
39592	0.005783725385
39593	0.001481517288
39594	0.003080513828
39595	0.00280795633
39596	0.002369112139
39597	0.003689504809
39598	0.004983107737
39599	0.002171479261
39600	0.001819052155
39601	0.003138427664
39602	0.007378964823
39603	0.003396417061
39604	0.0003685622394
39605	0.004011479466
39606	0.001741787034
39607	0.002303459286
39608	0.001697375184
39609	0.009445524264
39610	0.002033756777
39611	0.004022494101
39612	0.00088808424
39613	3.051330962e-05
39614	0.00345789234
39615	0.004950492888
39616	0.008164805281
39617	0.000119576197
39618	0.001613294445
39619	0.005500908661
39620	0.000971254595
39621	0.001964016966
39622	0.006019014782
39623	0.005682920676
39624	0.001388971649
39625	0.0002777299701
39626	0.004466361034
39627	0.008852761764
39628	0.001228518251
39629	0.006425052312
39630	1.405178177e-05
39631	0.0004995936773
39632	0.003977323284
39633	0.003664099378
39634	0.00452675565
39635	0.002237608933
39636	0.000983604836
39637	0.0005857989416
39638	0.006118402501
39639	0.0006746271441
39640	0.002864727436
39641	0.003578014932
39642	0.0008682656398
39643	0.001301027368
39644	0.00518055161
39645	0.0002056909606
39646	0.001755140403
39647	0.00101141118
39648	0.00212447172
39649	0.00254339456
39650	0.00420587376
39651	0.001925132088
39652	0.001750109284
39653	0.003563719267
39654	0.0008550718074
39655	0.0009964650231
39656	0.0005028517889
39657	0.0002122158621
39658	0.00165530471
39659	0.002843892326
39660	0.0001756123445
39661	0.0008286877313
39662	0.002118605543
39663	0.001883223577
39664	0.002742210678
39665	0.0004591052247
39666	4.588713094e-05
39667	0.000639888078
39668	0.0001181157537
39669	0.0002720468861
39670	0.002410166585
39671	0.002449030806
39672	0.003625929817
39673	0.0005364920937
39674	0.0004379106033
39675	0.0004515757396
39676	0.001276663446
39677	0.001168278572
39678	0.0007766750724
39679	0.002167063616
39680	0.006578508627
39681	0.005126284687
39682	0.004045822727
39683	0.001233024464
39684	0.001151989181
39685	0.0006113020454
39686	0.001332250621
39687	0.0001208983141
39688	0.0007084051622
39689	0.001704254958
39690	0.0004359543239
39691	0.002696533203
39692	0.0002116976378
39693	0.001522770963
39694	0.001021351667
39695	0.00123925907
39696	0.0005670126876
39697	0.002624921422
39698	0.004098356191
39699	0.0008378526702
39700	0.003610001846
39701	0.00207555281
39702	0.003326083096
39703	0.004359342214
39704	6.237353728e-05
39705	0.00219915732
39706	0.005830257875
39707	0.005054259663
39708	0.001763793665
39709	0.006176757453
39710	3.999718049e-05
39711	0.001529500924
39712	0.000805740578
39713	0.001877652142
39714	0.0009427610769
39715	0.0007980123831
39716	0.005049739764
39717	0.0002405155645
39718	0.005271008238
39719	0.002635257322
39720	0.00120788906
39721	0.0007046133476
39722	0.000236229834
39723	0.002165523901
39724	0.000465071064
39725	0.001110153419
39726	0.00285354086
39727	0.000457166708
39728	0.0008661203449
39729	0.002134708605
39730	0.00198119419
39731	0.001026854457
39732	0.000731908961
39733	0.0002132712323
39734	0.004022661107
39735	0.003330565788
39736	0.002534815618
39737	0.001010625749
39738	0.003233359715
39739	0.0003269508912
39740	0.002718654779
39741	0.004116758844
39742	0.002417646939
39743	0.002588289027
39744	0.001255611172
39745	2.34705209e-05
39746	0.0006554408506
39747	0.00335714522
39748	0.001333715309
39749	0.008854234341
39750	0.003555296707
39751	0.0005025942223
39752	0.006368676228
39753	0.0001702677378
39754	0.0009954723174
39755	0.001149373309
39756	0.004917629303
39757	0.0009656561784
39758	0.004883288352
39759	0.002365552451
39760	0.001704749549
39761	0.0001881515287
39762	0.00760531197
39763	0.001147331798
39764	0.00873252601
39765	0.0009613122211
39766	0.0005192323667
39767	0.005204776541
39768	0.00555190451
39769	0.00309581343
39770	3.196082554e-05
39771	0.0009760177745
39772	0.0001981842588
39773	0.0007934230792
39774	8.355552111e-05
39775	0.001741218162
39776	0.0001269837453
39777	0.000684183477
39778	0.002937653442
39779	0.0007994696901
39780	0.00701224456
39781	0.002518687814
39782	0.0009929015669
39783	0.0008402143164
39784	0.004780362661
39785	0.0006249050908
39786	0.0008704058348
39787	0.002011078859
39788	0.002544800206
39789	0.001556341181
39790	0.0007816966496
39791	0.004323187883
39792	0.000377591998
39793	0.002486480909
39794	0.0006611051429
39795	0.002245227973
39796	0.001027647104
39797	0.001231449825
39798	0.002379461163
39799	0.00561723353
39800	0.004186257286
39801	0.003626011922
39802	0.005434092449
39803	0.0007322221027
39804	0.0003085319204
39805	0.0004481363596
39806	0.002080309837
39807	0.002238322938
39808	0.0002867719728
39809	7.161458941e-06
39810	0.0002161446844
39811	0.003121541815
39812	0.000394494904
39813	0.001480221387
39814	0.0003040997523
39815	0.0007604905232
39816	0.0004965871715
39817	0.002844189899
39818	0.0009821377546
39819	0.001886496491
39820	0.003103800562
39821	0.002508546196
39822	0.002562544983
39823	9.095945572e-06
39824	0.001495259167
39825	0.005067704516
39826	0.01104253284
39827	0.004802237127
39828	0.002962781104
39829	0.002700368868
39830	0.001696012999
39831	0.006504241661
39832	0.0004231345414
39833	0.002899223523
39834	0.0008215733489
39835	0.007845191186
39836	0.003624590511
39837	0.0007491910594
39838	0.0006780608068
39839	0.003859612535
39840	0.005321116262
39841	0.004183131073
39842	0.00106599139
39843	0.001575908005
39844	0.001560573091
39845	0.005823497773
39846	0.001254282738
39847	0.001300053749
39848	0.0005425952035
39849	0.00327219452
39850	0.002307659281
39851	0.0003009430113
39852	0.001118566922
39853	0.0003329902116
39854	0.0001411421509
39855	0.003077700161
39856	0.0001044815108
39857	0.0007381380774
39858	0.005368297391
39859	0.0007211385011
39860	0.006162858013
39861	0.0002623911635
39862	0.0001941773124
39863	9.887480687e-05
39864	0.002075727867
39865	0.0005116745854
39866	0.009391207114
39867	0.001693388373
39868	0.008320759063
39869	0.004402327328
39870	0.002742855742
39871	0.001866600737
39872	0.0008640601578
39873	0.0009780509089
39874	0.0003475738328
39875	0.0009084990272
39876	0.0009716572778
39877	0.001098154111
39878	0.0003121969037
39879	0.0001040079158
39880	0.0002958302019
39881	0.00231605946
39882	0.0006541631979
39883	0.003339318127
39884	0.001988576898
39885	0.0004065609435
39886	0.0001321865744
39887	0.0003475932633
39888	0.0006491444192
39889	0.0002340684028
39890	0.0001335110349
39891	0.000584222386
39892	0.001493272044
39893	0.0006540128138
39894	0.0001997834969
39895	0.0005405750227
39896	0.001223875703
39897	0.003218149003
39898	0.001128164548
39899	0.001453896512
39900	0.004764270831
39901	0.001393288166
39902	0.0009362820562
39903	0.000839693951
39904	0.0001264132729
39905	0.0008420398972
39906	0.002030180655
39907	0.0005648536784
39908	0.0008126907002
39909	0.003675984048
39910	0.0007024790023
39911	0.001237335948
39912	0.0004631859156
39913	0.0005369374647
39914	0.0007838416739
39915	0.003289148053
39916	0.004989205711
39917	0.0007019224376
39918	0.004864099465
39919	0.003205465987
39920	8.128962465e-05
39921	0.00395421362
39922	0.0001820007161
39923	1.657708973e-05
39924	0.00221377292
39925	0.008335275045
39926	0.0005218527246
39927	0.003042983182
39928	0.002778922153
39929	0.0004256840741
39930	0.0008138649814
39931	0.004866517818
39932	0.002832495936
39933	0.0007300103299
39934	0.001444947361
39935	0.0009112910532
39936	0.001664703221
39937	0.0005615629936
39938	0.004270385423
39939	0.000795111271
39940	0.0004918283029
39941	0.0001205495963
39942	0.00100803645
39943	0.0003132480354
39944	0.0003281722648
39945	0.000986011907
39946	0.0001071676466
39947	0.002095910711
39948	6.013425023e-05
39949	0.002328092088
39950	0.0003970648543
39951	0.0003339252628
39952	0.0007319977739
39953	0.0002924130555
39954	1.819543409e-05
39955	0.0004972275061
39956	0.001410655096
39957	7.174344687e-06
39958	0.002299315357
39959	0.0001225277741
39960	0.001369326478
39961	4.89038165e-05
39962	0.0005080305047
39963	0.004036871664
39964	0.0004510587132
39965	0.001602065939
39966	0.001758711152
39967	0.00341018176
39968	0.006842093847
39969	0.003132475859
39970	0.001508060254
39971	0.003786912428
39972	0.003092286589
39973	0.003050835573
39974	0.004476375288
39975	0.0009069519024
39976	0.002349560075
39977	0.005153673365
39978	0.0005099315125
39979	0.000695955498
39980	0.0049112857
39981	0.0003330242406
39982	0.0008801883831
39983	0.001911789455
39984	0.006840457769
39985	0.00293361034
39986	0.0002233204481
39987	0.004709794426
39988	0.005876372721
39989	0.001795044891
39990	0.006706738015
39991	0.004309618589
39992	0.0007897300348
39993	0.003560936042
39994	0.002922497098
39995	0.005457488956
39996	0.0007333052547
39997	0.001058924804
39998	0.001331270688
39999	0.0005908261679
40000	0.001140731357
40001	0.001422662804
40002	0.001535264212
40003	0.004360595321
40004	0.0005768464778
40005	0.002317097006
40006	0.002878737334
40007	0.001337012963
40008	0.001377760167
40009	0.003355524108
40010	0.001650779063
40011	0.001806370009
40012	0.001609588548
40013	0.002539655107
40014	0.005845219797
40015	0.003611151296
40016	0.001033575669
40017	0.0009882678421
40018	0.0008995822258
40019	0.000879638774
40020	0.002729144539
40021	0.001535316212
40022	0.00114786573
40023	0.0002655343868
40024	0.003343853276
40025	0.002263716316
40026	0.003287993655
40027	0.004987579938
40028	0.002428760933
40029	0.00328285755
40030	0.002193418747
40031	0.001629729216
40032	0.003489070256
40033	0.001083151332
40034	0.002123386359
40035	0.005235442739
40036	0.002175048154
40037	0.001086911882
40038	0.00403829938
40039	0.001651696083
40040	0.005475497693
40041	0.002782649906
40042	0.00075483624
40043	0.004193075689
40044	0.001431200717
40045	0.004648035068
40046	0.005842313416
40047	0.004439370781
40048	0.001955283903
40049	0.0002357758556
40050	0.0003585739388
40051	0.006152891032
40052	0.004438787714
40053	0.0006036532687
40054	0.002267421106
40055	0.004173881197
40056	0.00371994587
40057	0.001383772657
40058	0.004451249941
40059	0.004216435541
40060	0.007499149046
40061	0.006956207257
40062	0.001636232387
40063	0.003114039676
40064	0.00226477913
40065	0.0007626683437
40066	0.002595302216
40067	0.000536201754
40068	0.002666035883
40069	0.003969428671
40070	0.0006701602361
40071	0.0001685190365
40072	0.002686400399
40073	0.0001100774884
40074	0.0003589096287
40075	0.004387985945
40076	0.0001990963191
40077	0.0045682854
40078	0.00265506221
40079	0.0006566907253
40080	0.0001616599034
40081	0.002370159836
40082	0.006190553858
40083	0.003522480255
40084	0.004438796386
40085	0.001564425661
40086	0.0005393973612
40087	0.0007339831742
40088	0.001707511086
40089	0.002755115515
40090	0.001703286235
40091	0.001263858151
40092	0.0009965206861
40093	0.001473467417
40094	0.001976338118
40095	0.001225718833
40096	0.0008563085451
40097	0.001612734701
40098	0.003984712448
40099	0.001300499567
40100	0.002854713924
40101	0.006579312439
40102	0.002749990513
40103	0.002386331864
40104	0.001562732513
40105	0.003730194942
40106	0.002979836055
40107	0.0002493636995
40108	0.002606302157
40109	0.000391252563
40110	0.001227614532
40111	0.002645395318
40112	0.00811945759
40113	0.002764041976
40114	0.0004092041798
40115	0.001524676809
40116	0.003247697048
40117	0.004519728864
40118	0.001176091348
40119	0.003759033075
40120	0.001175525875
40121	0.0004363073137
40122	0.002646523486
40123	0.003125346274
40124	0.005297975645
40125	0.005689200857
40126	0.002272074696
40127	0.002917739164
40128	0.002580545297
40129	0.001795066867
40130	0.008997445324
40131	0.001743974415
40132	0.004147045707
40133	0.005115874165
40134	0.000767271984
40135	0.007365041775
40136	0.0009235087887
40137	0.0009046450644
40138	0.004307773498
40139	0.0004874303994
40140	0.004316802555
40141	0.0001673339365
40142	0.001140438393
40143	0.0003770842719
40144	0.002891382073
40145	0.004189469421
40146	0.001313877286
40147	0.0002834318535
40148	0.002419538303
40149	0.003898444592
40150	0.002767780732
40151	0.002563626072
40152	0.002042437725
40153	0.001373980922
40154	0.004001398943
40155	0.002668671209
40156	0.003427700393
40157	0.004649074527
40158	0.001708595066
40159	0.004019604541
40160	0.002763022759
40161	0.0007982138765
40162	0.00625219634
40163	0.001598395235
40164	0.001031565749
40165	0.002686674333
40166	0.0008474141493
40167	0.003764782478
40168	0.002719792703
40169	0.001931568082
40170	0.004931544538
40171	0.002962662837
40172	0.001220526007
40173	0.001362286752
40174	0.006151126944
40175	0.001113186161
40176	0.002076219319
40177	0.004600199385
40178	0.001376126
40179	0.001621456495
40180	0.001018183514
40181	0.001844794783
40182	0.003398549654
40183	0.002144083411
40184	0.002672623627
40185	0.007014075968
40186	0.003007969883
40187	0.001772799071
40188	0.0009053951204
40189	0.001875147779
40190	0.002368063003
40191	0.001198460555
40192	0.002429526215
40193	0.002498363714
40194	0.0004188141891
40195	0.003772970551
40196	0.005398445177
40197	0.002246399917
40198	0.003474495881
40199	0.003794463142
40200	0.003119701175
40201	0.003076475337
40202	0.0007898400511
40203	0.002945757907
40204	0.0008348830277
40205	0.0003422950251
40206	0.001145601156
40207	0.001807796373
40208	0.0004532687962
40209	0.002500446304
40210	0.004813856795
40211	0.004049249042
40212	0.008181160531
40213	0.001371827817
40214	0.005959935127
40215	0.0001079130612
40216	0.002933748434
40217	0.0003441543617
40218	0.005938410476
40219	0.0001447741871
40220	0.004350503975
40221	0.003185287034
40222	0.001585768436
40223	0.0006955738929
40224	0.003782826971
40225	7.23522525e-06
40226	0.0009137196082
40227	0.001777429233
40228	0.001039471337
40229	0.002319256392
40230	0.004817352438
40231	0.0002674209871
40232	0.002607690118
40233	0.006961543406
40234	0.006083820194
40235	0.003241530792
40236	0.0002527822502
40237	0.0003643813915
40238	0.005574045197
40239	0.000962290768
40240	0.0004699481516
40241	0.002966382382
40242	0.001048903032
40243	0.002380307609
40244	0.0004387619507
40245	0.0006176474714
40246	0.004578636088
40247	0.003153911564
40248	0.0003624508716
40249	0.0009980709447
40250	0.003475969226
40251	0.001690852088
40252	0.001364962239
40253	0.003593281647
40254	0.0005696869929
40255	4.411790102e-05
40256	0.004561792027
40257	0.0005449962104
40258	0.002718255174
40259	0.002102607975
40260	0.00481439236
40261	0.003491136817
40262	0.0004553893203
40263	0.002629130084
40264	0.004307013997
40265	0.005472737862
40266	0.001642992313
40267	0.002725153027
40268	0.001909590255
40269	0.0003159198194
40270	0.002428990052
40271	0.001514141388
40272	4.771653733e-05
40273	0.0005092436004
40274	0.002690033835
40275	0.004365411898
40276	0.0005830233817
40277	0.0001064735612
40278	0.0008509715885
40279	0.0002682720336
40280	0.003089067068
40281	0.002720189576
40282	0.004788701198
40283	0.0004980102732
40284	0.0001098390498
40285	0.00185915321
40286	0.002948888608
40287	0.001074402139
40288	0.002092514568
40289	0.001857335269
40290	0.00423204047
40291	0.004461255613
40292	0.001599982956
40293	0.003247305261
40294	0.00121306377
40295	0.001447100796
40296	0.007964602008
40297	0.002545849748
40298	0.001953754083
40299	0.002915543651
40300	0.001042865585
40301	0.001849766369
40302	7.347148099e-05
40303	0.0008398828497
40304	0.003354999437
40305	0.004691851308
40306	0.002661678271
40307	0.005364104271
40308	0.002953532514
40309	0.001524437458
40310	0.002068002519
40311	0.002291815313
40312	0.002164432594
40313	0.0009709613692
40314	0.00553909346
40315	0.003871247004
40316	0.0009285924245
40317	0.001395401224
40318	0.001663096655
40319	0.0009390811934
40320	0.0003368057585
40321	0.001118245756
40322	0.0001650241564
40323	0.0001716877604
40324	0.002127306424
40325	0.0005079082878
40326	0.0001988036771
40327	0.003337952254
40328	0.002593534572
40329	0.001481223723
40330	0.0005177010838
40331	0.0005349885346
40332	0.005853105389
40333	0.002000881121
40334	0.001241853115
40335	0.00305846355
40336	8.734224164e-05
40337	0.001972612658
40338	0.0004655442229
40339	0.00262194409
40340	0.0003327795081
40341	0.00085468154
40342	0.001095515738
40343	0.001763967973
40344	0.0005297469233
40345	0.0007341016257
40346	0.0002540395454
40347	0.005199091128
40348	0.004216583725
40349	0.001557092561
40350	0.0006236493712
40351	0.0001403550328
40352	0.001863451173
40353	0.002928608113
40354	0.00311803005
40355	0.002874123374
40356	0.002624300241
40357	0.00296724907
40358	0.0002032963888
40359	0.004888388515
40360	0.005218853815
40361	0.0003418250566
40362	0.004367323757
40363	0.003816601779
40364	0.005065479334
40365	0.003608802266
40366	0.003409520109
40367	0.003348379912
40368	0.0002428055312
40369	0.001381327573
40370	0.0004163771102
40371	0.0007283733986
40372	0.001383340373
40373	0.001533514637
40374	0.003842234678
40375	0.001634267639
40376	0.001494540725
40377	0.0003961520329
40378	0.0004116124235
40379	0.003035422573
40380	0.002089392898
40381	0.002725182758
40382	0.003245013831
40383	0.0003174506997
40384	0.008650642161
40385	0.005351790025
40386	0.002481385907
40387	0.001325290211
40388	0.0005313037178
40389	0.005336764949
40390	0.00161091294
40391	0.0001603292068
40392	0.002329390474
40393	0.003516204663
40394	0.001364138546
40395	0.002248101742
40396	0.0006387760343
40397	0.0001397625054
40398	0.001164909362
40399	0.001119926015
40400	0.001906909053
40401	0.002629335533
40402	0.0006357844669
40403	0.001906643896
40404	0.004625424927
40405	0.001025978651
40406	0.002316756768
40407	0.0008513676502
40408	0.0007706931668
40409	0.002667354453
40410	0.001696645941
40411	0.002144372755
40412	0.003728182607
40413	0.004586390061
40414	0.001878278841
40415	0.002005678238
40416	0.002253663847
40417	0.0005557687929
40418	0.001161295171
40419	0.0006165428103
40420	0.0009788373711
40421	0.00571583845
40422	0.0004745511441
40423	0.0007758471211
40424	0.001009768718
40425	0.0002695590734
40426	0.005831395362
40427	0.000165699805
40428	0.000374184893
40429	0.001736294475
40430	0.001993794041
40431	0.003389625214
40432	0.002918174488
40433	0.003615374219
40434	0.001101158949
40435	0.002499426689
40436	0.000295870097
40437	0.007066494514
40438	0.0001901674209
40439	0.002166523457
40440	0.0009477935742
40441	0.0001213151272
40442	0.005735587714
40443	0.003825490188
40444	0.002978589235
40445	0.0001796597488
40446	0.0007277574997
40447	0.00414231402
40448	0.0002260571542
40449	0.0001973773933
40450	0.001752205442
40451	0.002415517709
40452	0.0005772194056
40453	0.002894681856
40454	0.0014338999
40455	0.0008377777261
40456	0.003679916502
40457	0.005117174951
40458	0.002284105863
40459	0.002449620301
40460	0.002793017748
40461	0.001566614318
40462	0.001204182612
40463	0.004103668691
40464	0.002074444181
40465	0.000950947081
40466	0.00170921344
40467	0.002504112461
40468	0.0003127979757
40469	0.002289421732
40470	0.004048330833
40471	0.004536436635
40472	0.0005839367905
40473	0.0004747415302
40474	0.003341433796
40475	0.002475783582
40476	0.0008422789449
40477	0.0009746225883
40478	0.001816872542
40479	0.00288928922
40480	0.003718137451
40481	0.005355577492
40482	0.006267236091
40483	0.0004663896631
40484	0.001327855746
40485	0.0005850733783
40486	0.00119767281
40487	0.00180625019
40488	0.001123013263
40489	0.0004312981464
40490	0.002827694819
40491	0.000865709208
40492	0.0009530605765
40493	0.0009239817515
40494	0.002141556153
40495	0.004385436729
40496	0.001710449579
40497	0.002769649571
40498	0.001210464094
40499	0.002262943204
40500	0.002712124541
40501	0.002488382996
40502	0.007564870824
40503	0.0001781281183
40504	0.0004585155254
40505	0.0002812119501
40506	0.003039732652
40507	0.0004964111865
40508	0.0002350427762
40509	0.001985379638
40510	0.004828127277
40511	0.0007838403684
40512	0.001476212079
40513	0.001074751571
40514	0.002055606949
40515	0.005908329129
40516	0.001440030738
40517	0.001801589561
40518	0.001190580998
40519	0.002466222011
40520	0.0009387969943
40521	0.003149733342
40522	0.005018481703
40523	0.00613359909
40524	0.002268303122
40525	0.004149713454
40526	0.002098651365
40527	0.004310028971
40528	0.001491889345
40529	0.001975462873
40530	0.0007753687585
40531	0.003051364587
40532	0.001512462772
40533	0.0008330967891
40534	0.001323692231
40535	0.0001290927846
40536	0.0006627790425
40537	0.002743817739
40538	0.001335111381
40539	0.00261767517
40540	0.003706615455
40541	0.005265730847
40542	0.003934003722
40543	0.002599120395
40544	0.001986811873
40545	0.002689640781
40546	0.001845045598
40547	0.003113130342
40548	0.001184006602
40549	0.001404291675
40550	0.0005923799158
40551	0.00303130592
40552	0.0002755953997
40553	0.001411869883
40554	0.002338754386
40555	0.0006605966273
40556	0.0005510854381
40557	0.006884251227
40558	0.002875561269
40559	0.001464179904
40560	0.002091879097
40561	0.001471122616
40562	0.001001523543
40563	0.0002016084496
40564	0.007986040719
40565	0.004651482912
40566	0.0001647476927
40567	0.0009784144086
40568	0.002275087559
40569	0.001210285039
40570	0.003414049082
40571	0.004174717436
40572	0.001368079259
40573	0.005385466257
40574	0.007309616307
40575	0.000441404444
40576	0.002700594009
40577	0.001797327178
40578	0.0003740709876
40579	0.003023911794
40580	0.005314484492
40581	0.003527151907
40582	0.00110065419
40583	0.001721158203
40584	0.001016548224
40585	0.0003364790631
40586	0.001921741373
40587	0.005224132749
40588	0.0006762235665
40589	0.00407805327
40590	0.002164432594
40591	0.004451523541
40592	0.001278083344
40593	0.002297789369
40594	0.001692681166
40595	0.001323614389
40596	0.005074398262
40597	0.001668873561
40598	0.00417314103
40599	0.002342958014
40600	0.0003171572884
40601	0.004903050845
40602	0.0005790494749
40603	0.001198574868
40604	0.002817015483
40605	0.005037909829
40606	0.002509288605
40607	0.005632267663
40608	0.001795359234
40609	0.0002005209221
40610	0.002191494091
40611	0.0002144999516
40612	0.002444072558
40613	0.0009940479234
40614	0.002683182778
40615	0.0004526014012
40616	2.345156746e-05
40617	0.001901920494
40618	0.003871705883
40619	0.001478439142
40620	0.0004351319086
40621	0.0009234825369
40622	0.0001831828044
40623	0.003521688315
40624	0.000389593828
40625	0.003656138892
40626	0.006275091675
40627	0.0005883874991
40628	0.001251222618
40629	0.003789691726
40630	0.0002473491707
40631	0.001338328338
40632	0.001470229553
40633	0.0005475243234
40634	0.0004385404791
40635	0.0001864108634
40636	0.0006872378995
40637	0.001980423357
40638	0.003791415339
40639	0.001330844124
40640	3.60316989e-05
40641	0.0006690810254
40642	0.001789557385
40643	0.0009171089211
40644	0.003053768084
40645	0.002016854397
40646	0.002355049024
40647	0.001250818007
40648	0.0006169161134
40649	0.002384497775
40650	0.00229875708
40651	0.004154552024
40652	0.0004446084961
40653	0.001958879245
40654	0.0008026402849
40655	0.002729841564
40656	0.001529371953
40657	0.003221573259
40658	0.004449622468
40659	0.005937474809
40660	0.002622302919
40661	0.006184087876
40662	0.003203668188
40663	0.0001416885814
40664	0.0004638542001
40665	0.00208212052
40666	0.002031247842
40667	0.001495091281
40668	0.003696645244
40669	0.0001797440153
40670	0.006411285165
40671	0.005977558051
40672	0.000108419556
40673	0.002734753402
40674	0.002325423849
40675	0.005100700881
40676	0.00487559817
40677	0.0005594448068
40678	0.001477717231
40679	0.002315102056
40680	0.002299578167
40681	0.002315841954
40682	0.00701995877
40683	0.004761245987
40684	0.006782132082
40685	0.0008448849464
40686	0.002066995993
40687	0.003913793501
40688	0.00155729215
40689	0.001655120756
40690	2.38705457e-05
40691	0.001570049311
40692	0.005470432634
40693	0.001488254236
40694	0.0011947239
40695	0.002358831326
40696	0.0002791378979
40697	0.0004934500614
40698	0.0002646768894
40699	0.003373185307
40700	0.001227623279
40701	0.005299738963
40702	0.003376926554
40703	0.0003331691076
40704	0.003601409428
40705	0.002090912509
40706	0.002261153082
40707	0.004021066356
40708	6.027739206e-05
40709	0.004615726959
40710	0.0003075970988
40711	0.0001882971478
40712	0.0008672325176
40713	6.850568613e-06
40714	0.0004573437789
40715	0.002039476904
40716	0.001217923078
40717	0.001690930581
40718	0.0002276410835
40719	0.004609135324
40720	0.001586199374
40721	0.001963515814
40722	0.004184605784
40723	0.001325971374
40724	0.001837883818
40725	0.003989041681
40726	0.0003028093294
40727	0.002943485742
40728	0.003609544258
40729	0.006558310602
40730	3.863512506e-06
40731	0.0009486485101
40732	0.001676572491
40733	0.001879046255
40734	0.002145715407
40735	0.002926018473
40736	0.001487273629
40737	0.002639587449
40738	0.001163268418
40739	0.004890627782
40740	0.0001066140928
40741	0.004961828208
40742	0.006137526957
40743	0.003662144844
40744	0.002893354088
40745	0.003548949746
40746	0.002170802972
40747	0.003795593838
40748	0.0005991110883
40749	0.001078357122
40750	0.006274489696
40751	0.001245812112
40752	0.001497385792
40753	0.004883651925
40754	0.001302923182
40755	0.0002855404022
40756	0.001457855388
40757	0.002729972957
40758	0.001136834289
40759	0.001407651304
40760	0.001320742865
40761	0.0003151883305
40762	0.0008945868092
40763	0.0003351615217
40764	0.003045029533
40765	0.0002160102707
40766	0.002042204538
40767	0.001497776073
40768	0.002087282467
40769	0.0001871965748
40770	0.001482996226
40771	0.0008886065324
40772	0.0002250020365
40773	0.000408114195
40774	3.020604159e-05
40775	0.003454082467
40776	0.00121123769
40777	0.000418122054
40778	3.717795438e-05
40779	0.0003408721552
40780	0.001228033307
40781	2.171371846e-05
40782	0.0009395358514
40783	4.398349786e-05
40784	0.002519102374
40785	0.0008265032362
40786	0.0008523543823
40787	0.0009579851942
40788	0.002356227413
40789	0.002297261473
40790	0.002577215476
40791	0.001758828761
40792	0.0002751276519
40793	0.0002073023803
40794	0.0005066245169
40795	0.002796977464
40796	0.002336922511
40797	4.358045828e-05
40798	0.005447386345
40799	0.002105570547
40800	0.0006714034133
40801	0.001774915315
40802	6.175405111e-05
40803	0.0008239361338
40804	0.0003687698769
40805	0.0003803796836
40806	0.004400090656
40807	0.0001062346695
40808	0.0005036019565
40809	0.001500487825
40810	4.385835345e-05
40811	0.00644343012
40812	0.0004018917506
40813	0.003176015512
40814	0.0009004069484
40815	7.236845519e-05
40816	0.001539602539
40817	0.001510046324
40818	0.0006508691251
40819	0.002951106236
40820	0.0001185472854
40821	0.001142398898
40822	0.002216988043
40823	0.003681920186
40824	0.0006146602562
40825	6.822434975e-05
40826	0.0001311806456
40827	0.0004955938801
40828	0.0002200059849
40829	0.0007086987323
40830	0.003033442381
40831	1.637701655e-05
40832	0.002383481993
40833	0.001182509803
40834	0.0001251983119
40835	0.001222875363
40836	0.004878074551
40837	0.004597517742
40838	0.002951808493
40839	0.003801488922
40840	0.005087416763
40841	0.001825889991
40842	0.003335361797
40843	0.0007871260957
40844	0.0002418708002
40845	0.002538412975
40846	0.002628661028
40847	0.0002176988773
40848	0.003879898208
40849	0.006714974701
40850	0.002864137691
40851	0.006663747295
40852	0.0006067439379
40853	0.002148758639
40854	0.002535383936
40855	0.0001480698933
40856	0.004916165849
40857	0.0007869727594
40858	0.000264290045
40859	0.001640429898
40860	0.0008787406594
40861	0.0002544620746
40862	0.0005181987948
40863	0.001220857737
40864	0.0007526066912
40865	0.0007051035055
40866	0.000999860589
40867	0.004756204389
40868	0.0008151001466
40869	0.0004521269038
40870	6.991515041e-05
40871	0.0002733284067
40872	0.0009173894637
40873	0.00456501136
40874	0.001609784863
40875	0.0007647090342
40876	0.005909835353
40877	0.0007550293027
40878	0.001037873045
40879	0.001329072623
40880	0.001936315003
40881	0.004403460377
40882	0.000147394184
40883	0.0001425648353
40884	0.0004375533187
40885	0.000443686703
40886	0.0009691316528
40887	0.0008667444515
40888	0.003194647811
40889	5.525347919e-05
40890	0.0007786923674
40891	1.213917737e-06
40892	0.003123690794
40893	0.004284916038
40894	0.0006112631028
40895	2.37603268e-05
40896	6.771544413e-06
40897	0.0001176433404
40898	0.0001905773996
40899	8.960560607e-05
40900	0.0007744906864
40901	0.0002833612302
40902	0.0006549235451
40903	8.392518375e-05
40904	0.0007078527106
40905	0.0003511388944
40906	0.0008244595566
40907	0.0009013337821
40908	0.001088701781
40909	0.002210514005
40910	0.0006635149065
40911	0.0002410065792
40912	0.001123069611
40913	0.002109184536
40914	0.006284118045
40915	0.001017532583
40916	0.001650739233
40917	0.0006890171823
40918	0.003020309103
40919	0.00101739984
40920	0.0008798917486
40921	0.001239509086
40922	0.002030478886
40923	0.004682882195
40924	0.004006135546
40925	1.250691123e-06
40926	0.000136162016
40927	0.004738654894
40928	0.006237023034
40929	0.006372018091
40930	0.01309754105
40931	0.001219973997
40932	0.0005300956323
40933	0.003964201825
40934	0.0007945990199
40935	0.0008316585388
40936	0.001621272701
40937	0.001164486708
40938	0.002813058495
40939	0.0005520411682
40940	0.007687382341
40941	0.005004522336
40942	0.001015872718
40943	0.004187607149
40944	0.002987666572
40945	0.003194520791
40946	0.001114657157
40947	0.003561042031
40948	0.003988343345
40949	0.001406657288
40950	0.003098667881
40951	0.0006881469005
40952	0.00235524243
40953	0.0003367937482
40954	0.0004052391702
40955	0.006163674543
40956	0.002238874648
40957	0.001186250646
40958	0.003853320518
40959	0.002863247156
40960	0.0007279587697
40961	0.0008304381593
40962	0.0005353407728
40963	0.0003357179621
40964	0.001287402254
40965	8.001532048e-05
40966	0.002811233108
40967	4.937450988e-05
40968	0.001421327557
40969	0.0009342031106
40970	0.005495124788
40971	0.003200780428
40972	0.001521804048
40973	0.005202718011
40974	0.004710422454
40975	0.001872191043
40976	0.002875826494
40977	0.001599013214
40978	0.007032397436
40979	0.008395651703
40980	0.003370017929
40981	0.0008500981271
40982	0.0005201782557
40983	0.001767355301
40984	0.007176043013
40985	0.000873138763
40986	0.00459462436
40987	0.001423673003
40988	0.001500623292
40989	0.001487266041
40990	0.0003208921973
40991	5.795528852e-05
40992	0.0005606847139
40993	0.0001372601171
40994	0.003132801799
40995	0.004588033798
40996	0.0001613485987
40997	0.001655609141
40998	0.0004868365591
40999	0.00272493074
41000	0.002833137469
41001	0.001021270695
41002	0.002852388216
41003	0.0002337464237
41004	0.003625749031
41005	2.644933266e-05
41006	0.0001817554012
41007	0.0004849776278
41008	0.0001632267649
41009	8.946671324e-05
41010	9.860419736e-05
41011	0.000900276431
41012	0.0002886024975
41013	0.004681383449
41014	0.001908643271
41015	0.00473923271
41016	0.00339372655
41017	0.002419619669
41018	0.003006007243
41019	0.001967456204
41020	0.002567395741
41021	0.00237818895
41022	0.00274175113
41023	0.002693074507
41024	0.003779731188
41025	0.003013861205
41026	0.001493516731
41027	0.0005662155322
41028	0.0007105130665
41029	0.001241641617
41030	0.0005518235911
41031	0.001054284415
41032	0.0007761862727
41033	0.001412831539
41034	2.188426163e-05
41035	0.00212432544
41036	0.0007126425852
41037	0.0004804784577
41038	0.0001370925286
41039	0.0067124477
41040	0.001739767213
41041	0.0001054630049
41042	0.00633854601
41043	0.002434281049
41044	0.0005973231405
41045	0.0004790851198
41046	0.006252983449
41047	0.001607613045
41048	5.214023668e-05
41049	0.0004466059422
41050	0.008748720455
41051	0.004578116365
41052	0.002253773506
41053	0.0006142172778
41054	2.215063852e-05
41055	0.0004588864202
41056	0.002724187147
41057	0.0007352572427
41058	0.001061058823
41059	0.0003489265223
41060	0.0001644996323
41061	0.0002630825428
41062	0.0007188912042
41063	0.0003738195817
41064	0.0002353965033
41065	0.000153886646
41066	0.001183933647
41067	0.0002722368106
41068	0.002475163098
41069	0.00191709627
41070	5.518435638e-05
41071	8.619522311e-05
41072	0.0002126478855
41073	5.306143663e-05
41074	0.0002067865407
41075	0.0002192701047
41076	0.0009112266923
41077	0.000473955966
41078	0.0004917144855
41079	0.001943417395
41080	0.001215163546
41081	1.08982561e-05
41082	0.002144827241
41083	2.912239194e-05
41084	0.0006976944704
41085	0.001568927128
41086	0.0008258275584
41087	0.0001150585536
41088	0.001561359646
41089	0.001415063301
41090	0.001049891157
41091	0.002189885115
41092	0.002832944491
41093	0.001334601653
41094	0.003996996491
41095	0.001430542203
41096	0.002228341513
41097	0.00376047969
41098	0.004601510011
41099	0.002561403712
41100	0.00113370946
41101	0.002926537588
41102	0.001208615754
41103	0.002005016043
41104	0.0008287019462
41105	0.002437000302
41106	0.0009613364193
41107	0.004408369012
41108	0.002486376309
41109	0.001160034615
41110	0.001531265851
41111	0.003993130202
41112	0.0006516377612
41113	0.002128446986
41114	0.001776064099
41115	0.0004130764759
41116	0.0003534648381
41117	0.003282445055
41118	0.002993255097
41119	0.004871486405
41120	0.0003792065699
41121	0.001718120055
41122	0.005087105397
41123	0.005817057178
41124	0.0009106123554
41125	0.002551541679
41126	0.001656088725
41127	0.002294195647
41128	0.0005436466263
41129	0.001808964151
41130	0.00208582408
41131	0.001460192313
41132	0.002479443962
41133	0.00213234593
41134	0.002788568092
41135	0.001557396976
41136	0.002514644867
41137	0.003007595406
41138	0.001550302323
41139	0.002731414108
41140	0.002382731439
41141	0.001873910011
41142	0.007552194463
41143	0.00128652927
41144	0.0002834031014
41145	0.004175835463
41146	0.000823333814
41147	0.001064240722
41148	0.00117628837
41149	2.308274649e-05
41150	6.44188026e-05
41151	0.001926763682
41152	0.003830026644
41153	0.002609505804
41154	0.002576376927
41155	4.203921691e-05
41156	0.0008377079414
41157	0.003149108756
41158	0.00548739926
41159	0.003909597472
41160	0.002383759522
41161	0.0002291630958
41162	0.01010053821
41163	0.001686093595
41164	0.00327237642
41165	0.0004580706355
41166	0.001948878752
41167	0.001930406796
41168	0.00128810906
41169	6.632445207e-05
41170	0.001078200427
41171	0.000804409737
41172	0.0001761992389
41173	0.001240948765
41174	0.0004404473691
41175	0.0008832826878
41176	0.001806758865
41177	0.0003487549597
41178	0.002596497828
41179	0.001785505143
41180	0.001266938179
41181	0.0001566902111
41182	0.001269053386
41183	0.00509518856
41184	0.004805416209
41185	0.0005009499771
41186	0.0008235304013
41187	0.001879171994
41188	0.001379565553
41189	0.0003064749306
41190	0.003559624916
41191	0.0002617801252
41192	0.0002021650407
41193	0.00301152398
41194	0.002361622174
41195	0.0003999006244
41196	0.005131190449
41197	0.001075628021
41198	0.003016033828
41199	0.0002376922977
41200	0.00204099047
41201	2.482585287e-05
41202	0.001998838617
41203	0.004279407289
41204	0.0006987048267
41205	0.001108634512
41206	0.001970877059
41207	0.0002316510451
41208	0.001768833234
41209	0.004995388134
41210	0.001267262107
41211	0.002755650826
41212	0.003624805262
41213	0.002689310331
41214	0.0002755825196
41215	0.004702401301
41216	0.002379271913
41217	0.001843129316
41218	0.001270899237
41219	0.0006285506396
41220	0.001538801447
41221	0.003104011342
41222	0.000813035898
41223	0.0005308533224
41224	0.005923747664
41225	0.002828982388
41226	0.0008697894767
41227	0.0001618010225
41228	0.001416015683
41229	0.0004260016242
41230	6.19732602e-05
41231	0.001257343548
41232	0.003465061383
41233	0.0001499671444
41234	0.0001931511661
41235	0.001061503285
41236	0.001388020758
41237	0.0003394826024
41238	0.0007518372978
41239	0.004976679422
41240	0.002430451818
41241	2.124350459e-05
41242	0.002312392775
41243	0.001525678322
41244	0.001446540748
41245	0.0006335780538
41246	0.002063132464
41247	0.002016734606
41248	0.002426312586
41249	0.002924992901
41250	0.0006501082265
41251	0.008197274138
41252	0.0002659584312
41253	0.0001759458175
41254	0.0008144857484
41255	0.001264934782
41256	0.002735619545
41257	0.002564712613
41258	0.0009251729204
41259	0.002977345235
41260	0.0005479443782
41261	0.001599424296
41262	0.0009476592376
41263	0.003839343764
41264	0.0007248271995
41265	0.003816549453
41266	0.0009049560695
41267	0.003069629785
41268	0.001672682362
41269	0.002120607246
41270	0.000780761582
41271	0.00067878104
41272	0.0006314945454
41273	0.0002894351702
41274	0.002326196008
41275	0.006681972986
41276	0.000976221739
41277	0.001005619516
41278	0.0003369617389
41279	0.0006141568644
41280	0.001603921939
41281	0.0001082033085
41282	0.003882008293
41283	0.001313353974
41284	0.000269901269
41285	0.0005372096404
41286	0.001272547532
41287	0.003567062747
41288	0.003972823496
41289	0.001291447965
41290	0.000716698818
41291	0.000106297018
41292	0.001899916528
41293	0.002429358944
41294	0.001002558267
41295	0.0007297568224
41296	0.000703138132
41297	0.004780133491
41298	0.001224215582
41299	0.0003849131047
41300	0.003600634909
41301	6.472449437e-05
41302	0.00477777973
41303	0.0007733712163
41304	0.00195256549
41305	0.002623417771
41306	0.003035016237
41307	0.0006608095546
41308	0.0003143030377
41309	0.003062346921
41310	0.005897352482
41311	0.002258569314
41312	0.0006015294113
41313	0.0008558063843
41314	0.0004782654814
41315	0.0003313438123
41316	0.002836489601
41317	0.0001909895768
41318	0.004838438992
41319	0.001013154472
41320	0.002988028297
41321	0.01099410551
41322	0.001776810147
41323	0.002206870924
41324	0.002920765411
41325	0.0006811064201
41326	0.0008650675291
41327	0.001503907032
41328	0.001808384711
41329	0.001783001035
41330	0.003052265227
41331	0.0005275765405
41332	0.004226362178
41333	0.00509059349
41334	0.003831403347
41335	0.0001280064688
41336	0.003938721054
41337	0.002063039736
41338	0.002207708667
41339	0.001243724481
41340	0.002708902608
41341	0.006792537624
41342	4.916019085e-05
41343	0.003587120769
41344	0.002242118367
41345	0.002577816287
41346	1.915637417e-05
41347	0.00202415459
41348	0.001211419305
41349	0.00164684807
41350	0.002861675537
41351	0.0003398547779
41352	0.001562940601
41353	0.0001671112714
41354	0.00257556912
41355	0.004131809497
41356	0.0005779346782
41357	0.0007265782263
41358	0.0002733014318
41359	0.001167853713
41360	0.001875317356
41361	0.001191902886
41362	0.0002096805378
41363	0.0008845882866
41364	0.00186500276
41365	0.006497623534
41366	0.000722572979
41367	0.003639038605
41368	0.0005024140586
41369	0.0003912946204
41370	0.001950006238
41371	0.002330731998
41372	0.001860275325
41373	0.001508579513
41374	0.000638643666
41375	0
41376	0.001307374524
41377	0.001376791343
41378	0.005445998886
41379	0.003549891917
41380	0.0009542544957
41381	0.001164616695
41382	0.0007701176276
41383	0.0009798968646
41384	0.001307117147
41385	0.001372471333
41386	0.0008915267152
41387	0.004082562327
41388	0.0007691246245
41389	0.0045296105
41390	0.002709180188
41391	0.002049371798
41392	0.001058543595
41393	0.0008200073647
41394	0.0009001868275
41395	0.0001057261935
41396	0.0006552727302
41397	0.004024853004
41398	0.005014046922
41399	0.003034513872
41400	0.0003711989756
41401	0.001872571906
41402	0.002054917927
41403	0.001611435458
41404	0.001642741362
41405	0.00129610594
41406	0.006097210943
41407	0.005523579149
41408	0.0004955135833
41409	0.0005730917169
41410	0.001612804561
41411	0.001665384177
41412	0.002247365638
41413	0.000308216315
41414	0.0004590998285
41415	0.003563803704
41416	0.003856618856
41417	0.001569078709
41418	0.001120977613
41419	0.0003000412106
41420	0.001180901038
41421	0.0003203236571
41422	0.0002757099716
41423	0.0004223391573
41424	0.003616904754
41425	0.0005169054532
41426	0.0001449591341
41427	2.766353159e-05
41428	0.0002803880157
41429	0.0005565923449
41430	0.002499417447
41431	0.0003890989199
41432	0.0003481787826
41433	4.110917132e-05
41434	0.002207412361
41435	0.008048335309
41436	0.0007148829114
41437	9.314879099e-05
41438	0.001655063982
41439	0.0008957926919
41440	0.0005779851884
41441	0.0004650350477
41442	0.001295016761
41443	0.001316009873
41444	0.002342750343
41445	0.0009362498175
41446	0.0002902355211
41447	0.0003625413325
41448	0.00117670672
41449	0.0006013371872
41450	5.559875733e-05
41451	2.678446103e-05
41452	0.003726400622
41453	2.694157615e-05
41454	0.0008458092546
41455	0.001514900888
41456	0.001587282921
41457	0.001025237584
41458	0.0007910339298
41459	6.162740628e-05
41460	0.0004360583481
41461	0.001186991024
41462	0.000224305653
41463	0.0007897307685
41464	8.253509947e-05
41465	0.0005834751028
41466	0.0002158910323
41467	0.001690461292
41468	0.0008322570012
41469	0.0002849413367
41470	0.0001603304184
41471	0.0003973545148
41472	0.0006092051771
41473	0.0008368204877
41474	4.275091915e-05
41475	0.0007395290142
41476	0.0003122422391
41477	0.000510084903
41478	0.001702459898
41479	0.0006977298936
41480	0.0004862433095
41481	0.0002693510027
41482	4.092766723e-05
41483	0.001367158181
41484	0.001064663402
41485	0.001532779217
41486	0.001542476753
41487	2.187353619e-05
41488	0.0005942961239
41489	0.0002200680913
41490	0.0008463106794
41491	0.0006662871493
41492	0.001471971219
41493	0.001582040485
41494	0.001482984743
41495	0.0001145106513
41496	0.0003868803487
41497	0.0007764835074
41498	0.002901006585
41499	0.001470041258
41500	0.007933082268
41501	0.003930684562
41502	0.001550937027
41503	0.0002071877155
41504	0.0003514020433
41505	0.000101912398
41506	0.0004094789651
41507	0.003112456862
41508	0.0002140563318
41509	0.000218623821
41510	0.0007761270393
41511	0.000522609734
41512	0.002517584976
41513	0.0002525659328
41514	0.0002387708286
41515	0.0001131496064
41516	6.201585369e-05
41517	0.00141611057
41518	0.0008044921615
41519	0.004100384683
41520	0.004321335767
41521	7.672079957e-05
41522	0.002932561283
41523	0.0004963897572
41524	0.0007144238306
41525	0.002257401071
41526	0.0002331843073
41527	0.0004081558772
41528	0.001606714649
41529	0.0006516777761
41530	0.001025736005
41531	0.000864381311
41532	0.00231696352
41533	0.003430561717
41534	0.0004253743655
41535	3.977292311e-05
41536	0.0007614902973
41537	0.0002978336429
41538	0.0002589543564
41539	0.0001389823114
41540	0.0001345342626
41541	0.001689695912
41542	0.0009004436613
41543	0.0006060989189
41544	0.003198808978
41545	0.001181150193
41546	0.005374536104
41547	0.0001621757839
41548	0.0004694446944
41549	0.001337109484
41550	0.001264526121
41551	0.0008501277389
41552	0.0004720937754
41553	0.0004816618854
41554	0.001089246328
41555	0.001713134535
41556	0.002076599533
41557	0.001458412567
41558	0.001590408884
41559	0.001493276217
41560	0.0005410904575
41561	0.0005739442594
41562	0.0003247755952
41563	0.001150721303
41564	0.0002710846786
41565	9.13527691e-05
41566	0.0007723167878
41567	6.965493776e-05
41568	0.0002142368161
41569	0.0002524846626
41570	0.002025982776
41571	0.0002515513771
41572	0.000103933999
41573	0.0005796386313
41574	0.003474493667
41575	0.0003195699861
41576	8.211425033e-05
41577	0.005015186542
41578	0.0006465221711
41579	0.00267668219
41580	0.0001105543421
41581	5.583945084e-05
41582	0.002188747216
41583	0.003887898935
41584	0.001261968701
41585	0.003266838457
41586	0.0004922725488
41587	0.0006263018005
41588	0.0001415899495
41589	0.000600349475
41590	0.0002643641557
41591	0.0003119748482
41592	0.0001872755341
41593	0.001384990329
41594	0.001119737882
41595	0.001192727927
41596	0.0004308516197
41597	0.0003579667619
41598	0.001563683457
41599	0.00279004757
41600	0.0001905783598
41601	0.000197925424
41602	0.0002805718422
41603	0.0003521566739
41604	0.0006591930995
41605	0.001001967246
41606	0.0001178614871
41607	0.0005218353126
41608	0.001430064614
41609	0.0006085433021
41610	0.0001526259083
41611	0.0001591110762
41612	0.0004096521262
41613	0.0005006352325
41614	0.0003130884461
41615	0.001077986042
41616	0.0004260992161
41617	0.0005612922025
41618	0.00440299206
41619	6.618852471e-05
41620	0.00111871199
41621	0.0002390003618
41622	0.0009052351664
41623	0.0004684326492
41624	0.0004932670241
41625	0.0005899750923
41626	0.0006014458396
41627	0.002118068895
41628	0.001005942987
41629	0.0009638710682
41630	0.001011219744
41631	0.0009923716063
41632	0.0009236825404
41633	0.005469373525
41634	0.002464293278
41635	1.840002062e-05
41636	7.7633898e-05
41637	0.0005649422701
41638	6.142019631e-05
41639	0.000640490963
41640	0.001042309008
41641	0.001437190709
41642	0.003891710908
41643	0.0002133629002
41644	0.0004137413143
41645	0.00102582936
41646	0.001090861264
41647	0.001100780272
41648	4.545718709e-06
41649	0.0006350375175
41650	0.001385794136
41651	0.0006233544085
41652	0.0004697537521
41653	0.003973106034
41654	0.0009654756797
41655	0.0002842685032
41656	0.002273036146
41657	0.0003055706466
41658	0.0001987667714
41659	0.0002033473921
41660	0.0004476546123
41661	0.0001421997152
41662	0.001988967042
41663	0.0008646993261
41664	0.0009931689849
41665	6.568350879e-05
41666	0.001362451203
41667	0.001071499903
41668	0.0001707836202
41669	0.003076404906
41670	0.001264228924
41671	0.0008527209533
41672	0.001688907919
41673	0.007645213316
41674	0.0002568637946
41675	0.001051849467
41676	0.003384607338
41677	0.004510181193
41678	0.0002595561767
41679	0.004146240477
41680	0.002826034006
41681	0.001263888554
41682	0.001396246341
41683	0.004939466364
41684	6.312593279e-05
41685	0.002513783243
41686	0.0001963447661
41687	0.002282562086
41688	0.00308190201
41689	0.001264080889
41690	0.0007083318333
41691	0.001446102014
41692	0.005910882221
41693	0.0004739359496
41694	0.001528866707
41695	0.001810549574
41696	0.0008588424158
41697	0.002101476636
41698	0.0005718987062
41699	0
41700	0.0005857358538
41701	0.00276731305
41702	0.002669734147
41703	0.0008269577374
41704	0.001978673172
41705	0.0007444747108
41706	0.004336655987
41707	0.001733141255
41708	0.0002785171946
41709	0.00315770819
41710	0.002238185429
41711	5.293175975e-05
41712	0.003582842933
41713	0.003948258854
41714	0.002536163766
41715	0.001188756488
41716	0.002445698806
41717	0.0006345588238
41718	0.004818661535
41719	0.0009491446868
41720	0.001995017293
41721	0.003350471022
41722	0.001684434375
41723	0.003363584293
41724	0.0005261866504
41725	0.002087866043
41726	0.001470458826
41727	0.001565458636
41728	0.0006448704779
41729	0.000908964419
41730	0.0006821329889
41731	0.0005764811335
41732	0.000493924531
41733	0.0004468414983
41734	6.278164263e-06
41735	0.001269456329
41736	0.001956300406
41737	0.001087418698
41738	0.003916754768
41739	0.001359804738
41740	0.0002901828563
41741	0.001814526177
41742	0.0006993374751
41743	0.003434248828
41744	0.002426200506
41745	0.001458777073
41746	0.0001622764225
41747	3.750113e-05
41748	0.002190974619
41749	0.004003288478
41750	0.0005620938365
41751	0.001857609551
41752	0.0006689448785
41753	0.003518296668
41754	0.001481682091
41755	0.0007772442548
41756	0.002669928819
41757	0.002297409799
41758	0.002647045717
41759	0.001292921178
41760	0.001037967554
41761	0.001439838866
41762	0.002303545179
41763	0.002563863969
41764	0.00178691933
41765	0.002655679251
41766	0.000737442602
41767	0.001998379397
41768	0.0004474346876
41769	0.005445668768
41770	0.0001070665716
41771	0.003423140812
41772	0.003111297828
41773	0.0007650742815
41774	0.0007105684302
41775	0.002085799862
41776	0.001338761928
41777	0.0001782371569
41778	0.0008985454602
41779	0.004026360236
41780	0.002459366169
41781	0.0006117382576
41782	0.0006859611015
41783	0.002898279635
41784	0.001587854046
41785	0.004651563242
41786	0.005500356063
41787	0.0002385532132
41788	0.002159324197
41789	0.002555817307
41790	0.002279511172
41791	0.002155746175
41792	0.002381980539
41793	0.002409079883
41794	0.002330392248
41795	0.00195401427
41796	0.00259116639
41797	0.001765323309
41798	0.002255612346
41799	0.001076860863
41800	0.001395484741
41801	0.0003194588436
41802	8.285741907e-05
41803	0.0008937487009
41804	0.0008185986766
41805	0.0007309435437
41806	0.001527575339
41807	0.001604149464
41808	0.00138206773
41809	0.001113742614
41810	0.00341437862
41811	0.0009700338622
41812	0.001096041396
41813	0.009850059105
41814	0.001592249696
41815	0.001044114945
41816	0.002649117069
41817	0.002734562484
41818	0.007400911016
41819	0.001145067948
41820	0.0002225528173
41821	0.002928108219
41822	0.005795669203
41823	4.90740239e-05
41824	0.0005297388682
41825	0.0009485876419
41826	0.00716316908
41827	0.0003155606959
41828	0.0009231104752
41829	0.00228553358
41830	0.0001477408395
41831	0.002252050454
41832	0.001174607619
41833	0.001648804966
41834	0.001316042742
41835	0.001316147403
41836	0.000363353904
41837	0.000953255012
41838	0.003392838837
41839	0.0001432722026
41840	0.001332256016
41841	0.0006376882
41842	0.0009848296034
41843	0.001212304638
41844	1.636234389e-05
41845	0.0001357742499
41846	0.0002298121159
41847	0.0002201227744
41848	1.19677329e-05
41849	0.0008347826632
41850	0.0005787627838
41851	0.002189457688
41852	0.002396655136
41853	0.001364793103
41854	0.001058161133
41855	0.002104793763
41856	0.007237728479
41857	0.003617481885
41858	0.0002101605561
41859	0.001312739001
41860	0.0009379599026
41861	0.0008383272562
41862	0.0002207017179
41863	0.003071561779
41864	0.0006879480935
41865	0.0007502701831
41866	0.002333647595
41867	0.002790516082
41868	0.001672600649
41869	0.001414904044
41870	0.002405323422
41871	0.0002149359427
41872	0.001397044301
41873	0.003546810245
41874	0.004074393198
41875	0.001722881834
41876	0.002517505269
41877	0.0001579645191
41878	0.004330801656
41879	0.007304964079
41880	0.003487495121
41881	0.00680312437
41882	0.0006003607044
41883	0.001846586119
41884	0.001466958845
41885	0.006064345713
41886	0.001090519119
41887	0.001788759775
41888	0.003221365634
41889	0.001255979452
41890	0.002717518893
41891	0.000890675044
41892	0.001157304963
41893	0.005288211851
41894	0.005925416139
41895	0.0004737158451
41896	0.0008287613948
41897	0.0009270245813
41898	0.004070307023
41899	0.002753818846
41900	0.01051637444
41901	0.00378760647
41902	0.001061629822
41903	0.0002244402335
41904	0.003632458187
41905	0.001247653932
41906	0.0003182637087
41907	0.00650209291
41908	0.0008850064298
41909	0.004076899361
41910	0.002215296906
41911	0.003322282133
41912	0.004283591676
41913	0.002724012326
41914	0.0004528423741
41915	0.01025176654
41916	0.00775629816
41917	0.0002955602092
41918	0.002056022275
41919	0.005155849246
41920	0.0005691696142
41921	0.0006720307389
41922	0.002497906635
41923	0.001478202763
41924	0.000569198587
41925	0.001984977234
41926	1.238792998e-05
41927	0.003692250255
41928	0.006092335374
41929	0.002051293521
41930	4.545403976e-05
41931	0.001350262931
41932	0.001973010845
41933	0.001161418422
41934	0.001107378236
41935	0.002130965813
41936	0.0004132136548
41937	0.001367247704
41938	0.00569636341
41939	0.00138178867
41940	0.004906073131
41941	0.006592853181
41942	0.006087600858
41943	0.003117921553
41944	0.0005943420702
41945	0.0005577777134
41946	0.006270622614
41947	0.003315563734
41948	0.0001307456088
41949	0.002027055197
41950	0.0004924247148
41951	0.0007725873567
41952	0.001848496039
41953	0.003996484646
41954	0.004838940105
41955	0.0001317856232
41956	0.006468423622
41957	0.0006758067401
41958	0.0004576558068
41959	0.001109531546
41960	0.001485374645
41961	0.002283512866
41962	0.01083891124
41963	0.0001262844793
41964	0.003084721013
41965	0.0001547840186
41966	0.004194385171
41967	0.0007434996489
41968	0.0001821806085
41969	0.002996261305
41970	0.003842410441
41971	0.0006876721617
41972	0.001748951248
41973	0.003177900048
41974	0.005119533915
41975	0.001662141884
41976	0.001212099327
41977	0.0008188546624
41978	0.00236278756
41979	0.004283578507
41980	0.004182169169
41981	0.001938903799
41982	0.00400382479
41983	4.184167483e-05
41984	0.0007570296935
41985	0.0007272705635
41986	0.0009366445407
41987	0.00381346196
41988	0.00323924186
41989	0.001293673965
41990	0.0005588833317
41991	0.0006961954257
41992	0.00230638518
41993	0.0008990068856
41994	0.004458147708
41995	0.0009774296179
41996	0.001203139873
41997	0.001373473373
41998	0.002751347988
41999	3.263206582e-05
42000	0.002142791635
42001	0.002060888126
42002	0.0005452118695
42003	0.001690321641
42004	0.001376278398
42005	0.002345802423
42006	0.002824623405
42007	0.001290040515
42008	0.0090858776
42009	0.0007028094814
42010	0.002064824959
42011	0.001913266362
42012	0.002709411917
42013	0.001302254869
42014	0.006559523414
42015	0.0004226892741
42016	0.001105306753
42017	0.004087358451
42018	0.001212277442
42019	0.0002757912503
42020	0.004939984827
42021	0.000386032998
42022	0.0002551582958
42023	0.003926014779
42024	0.001221905394
42025	0.004198869731
42026	0.002350696229
42027	0.00373719901
42028	0.007314433484
42029	0.002461821738
42030	0.002323781449
42031	0.0008468751613
42032	0.004400491859
42033	0.002719621416
42034	0.00308469876
42035	0.001056430114
42036	0.004369724528
42037	0.001156497639
42038	0.001722116006
42039	0.006100072208
42040	0.008703279704
42041	0.001945822929
42042	0.002882912966
42043	0.0002869516461
42044	0.001768899613
42045	0.0005463151651
42046	0.001781373853
42047	0.001021589055
42048	0.001978845409
42049	0.001369073387
42050	0.004571260793
42051	0.001190474646
42052	0.00397635001
42053	0.002816384866
42054	0.001774750355
42055	0.0006554006027
42056	0.0003631760155
42057	0.002885799388
42058	0.002593249112
42059	0.001353869729
42060	0.0004548458373
42061	0.001471920561
42062	0.001023442133
42063	0.007654858027
42064	0.0009544665392
42065	0.003122489577
42066	0.002518422595
42067	0.001983769487
42068	0.002943790092
42069	4.053821816e-08
42070	0.001836566254
42071	0.0009150614306
42072	8.137823058e-05
42073	0.001469561612
42074	0.0005187120426
42075	0.001902201097
42076	0.0005852926695
42077	0.001509422186
42078	0.00607910103
42079	0.0008640904346
42080	0.002078696617
42081	0.006365777102
42082	0.002795089408
42083	0.001935259699
42084	0.001987676269
42085	0.0008163540816
42086	0.0007874025064
42087	0.007435916214
42088	0.002463777833
42089	0.001247970087
42090	0.0005411587349
42091	0.0001503140679
42092	0.002757568152
42093	0.0005304380483
42094	0.004455433799
42095	0.0003232319288
42096	0.004092098314
42097	0.0002689134499
42098	0.002131747598
42099	0.002476471204
42100	0.0004800969211
42101	0.003882909103
42102	0.003217840139
42103	0.0006657998166
42104	0.003047806417
42105	0.0009817399536
42106	0.0005132718006
42107	0.001712872667
42108	0.007154226573
42109	0.001600573478
42110	0.002430156792
42111	0.005633052184
42112	0.005785338031
42113	0.002090927372
42114	0.001732948673
42115	0.0004472726288
42116	0.0003531364895
42117	0.0002967920836
42118	0.001330257534
42119	0.00138586932
42120	0.003790761838
42121	0.0009117027542
42122	0.001811273466
42123	0.001697969285
42124	0.0005437547281
42125	0.00325532294
42126	0.003276012471
42127	0.0007214888039
42128	0.001826936863
42129	0.001671802697
42130	0.001497044522
42131	0.0003928633831
42132	0.0008762475703
42133	0.000849022917
42134	0.003711409182
42135	0.004068060614
42136	0.001089660186
42137	0.006789807716
42138	0.003310509338
42139	0.001292390032
42140	0.001359383679
42141	0.003542401066
42142	2.362097044e-05
42143	0.0004449824135
42144	0.002724204387
42145	0.0005171675621
42146	0.0007283836251
42147	0.001185480987
42148	0.001584643443
42149	0.005435278048
42150	0.001503418138
42151	0.00236562214
42152	0.001676575704
42153	0.0008283630438
42154	0.004457894309
42155	0.001126178738
42156	0.00113873177
42157	0.0006344937486
42158	0.0004147251464
42159	0.002799885372
42160	0.004303863108
42161	0.001728474371
42162	0.0001363809222
42163	0.002185863996
42164	0.0001681438601
42165	0.0008014747376
42166	0.0001893045921
42167	0.001245691636
42168	0.001183685792
42169	0.0001039074805
42170	4.071902402e-05
42171	0.0007107849807
42172	0.0008335330127
42173	0.0006527450127
42174	0.004342834644
42175	0.004023342493
42176	0.002815425538
42177	0.0007324557529
42178	0.001346894706
42179	0.0004707110515
42180	0.001680809392
42181	0.004195804834
42182	0.0006636934003
42183	0.0004476072723
42184	0.008670970446
42185	0.0009310089144
42186	0.005334256305
42187	0.00106448929
42188	0.001641481084
42189	0.0003735155742
42190	0.006803950456
42191	0.002334946231
42192	0.003272079102
42193	0.004630642998
42194	7.866323943e-05
42195	0.002926648565
42196	0.005719179993
42197	0.002719268504
42198	0.002047048613
42199	0.001504015538
42200	0.002078487599
42201	0.0005388554133
42202	0.0004046372528
42203	0.0009836563763
42204	6.485967296e-05
42205	0.004584055562
42206	0.0004847664804
42207	6.456122446e-05
42208	0.00273522873
42209	0.003153534516
42210	0.0006398316213
42211	0.001249688555
42212	0.002693014082
42213	0.0009071101094
42214	0.00630754135
42215	0.0005133610093
42216	0.006198948008
42217	0.001922584155
42218	0.001739874044
42219	0.008939883559
42220	0.00239131133
42221	0.002609653314
42222	0.003956282188
42223	0.002393712815
42224	0.001305741154
42225	0.004560750163
42226	0.003943084994
42227	0.0007229995471
42228	0.001178510828
42229	0.004152351777
42230	0.00302600432
42231	0.0006523174808
42232	0.001485875675
42233	0.004592770495
42234	0.003802910663
42235	0.002289333563
42236	0.0002359473003
42237	0.001325545417
42238	0.0006333560763
42239	0.002056143722
42240	0.0006829398144
42241	0.001434707232
42242	0.001632074912
42243	0.003368225072
42244	0.005306568755
42245	0.00213515745
42246	0.003357493361
42247	0.001381295488
42248	0.0004002684635
42249	0.001075062132
42250	0.0011622811
42251	0.001619358392
42252	0.003584226046
42253	0.0009147909687
42254	0.001510934897
42255	0.004443120883
42256	0.004421744772
42257	0.0007358022519
42258	0.001043830282
42259	0.002290155
42260	0.003169166814
42261	0.004302489428
42262	0.001911760776
42263	0.008558404723
42264	0.0001705348707
42265	0.001950062225
42266	0.0003012970658
42267	0.00142054973
42268	0.001812162019
42269	0.0002479335225
42270	0.004042583293
42271	0.005029808648
42272	0.0021513341
42273	0.0003850607175
42274	0.004665130948
42275	0.00282989653
42276	0.002012115884
42277	0.002553528753
42278	0.002974419022
42279	6.075042879e-05
42280	0.001402992871
42281	0.000218330586
42282	0.001395171952
42283	0.002318227826
42284	0.002223988332
42285	0.008200576438
42286	0.00174314691
42287	0.009865949062
42288	0.003694737266
42289	0.001892576513
42290	0.0001566632564
42291	0.0003377737368
42292	0.0007985553357
42293	0.0001860314201
42294	0.00239721278
42295	0.003800524914
42296	0.004679592297
42297	0.006011624464
42298	0.003374958914
42299	0.008323972636
42300	0.003748563396
42301	0.003610527536
42302	0.003677482762
42303	0.00351758276
42304	0.001534578824
42305	0.004493802558
42306	0.001392944684
42307	0.0008525809114
42308	0.00196843021
42309	0.001659341556
42310	0.001526141374
42311	0.003107576681
42312	0.0003448727067
42313	0.005971793953
42314	0.0002078535993
42315	0.005142535308
42316	0.0001726609913
42317	0.005944933049
42318	0.002100171654
42319	0.0009748219057
42320	8.318563759e-05
42321	0.004350625072
42322	0.0005048119044
42323	0.001392870715
42324	0.0001032051075
42325	0.002628218461
42326	0.002945827621
42327	0.004040288193
42328	0.0003033587428
42329	0.002899655405
42330	0.001656033892
42331	0.0002883914299
42332	0.0006883048546
42333	4.226843672e-05
42334	0.0008840335555
42335	0.0009821023589
42336	0.0003882107605
42337	0.0002099803731
42338	0.001801730333
42339	0.002687041754
42340	9.537353663e-05
42341	0.0004347360302
42342	0.000281327326
42343	0.001883171424
42344	0.002973386939
42345	0.0001620200461
42346	0.0002263650473
42347	0.0003061834923
42348	0.0008226178423
42349	0.002431848833
42350	0.0001722391013
42351	0.00929415272
42352	0.002063221918
42353	0.001052484266
42354	7.487515757e-06
42355	0.003564789789
42356	0.00353240075
42357	0.006311547996
42358	0.001598877901
42359	0.00202203632
42360	0.0009998109755
42361	0.002491017346
42362	0.002362918342
42363	0.00339965743
42364	0.006218950896
42365	0.00406360025
42366	0.007621379586
42367	0.002210573589
42368	0.002858392051
42369	0.00171559206
42370	0.005093100961
42371	0.0003939941689
42372	0.002512990893
42373	0.007652462016
42374	0.003274844712
42375	0.009118678847
42376	0.001118985509
42377	0.007457723032
42378	0.004225615879
42379	0.004288622548
42380	0.0005279570198
42381	0.003039374834
42382	9.915874297e-05
42383	0.00606144416
42384	0.00218151389
42385	0.001376961396
42386	0.001336506143
42387	0.003417379786
42388	0.003944935245
42389	0.006109479711
42390	0.004829136988
42391	0.001111135002
42392	0.0005193564617
42393	0.000299614616
42394	0.004383380461
42395	0.001769983441
42396	0.003337009581
42397	0.003981822865
42398	0.001596370286
42399	0.00139515005
42400	0.005166420367
42401	0.003816570075
42402	0.001985781236
42403	0.002008803412
42404	0.0004001391474
42405	6.309191001e-05
42406	0.001357372433
42407	0.005380898374
42408	0.002739521053
42409	0.001226257255
42410	0.003896892287
42411	0.0004739813221
42412	0.0001707933622
42413	0.002110296797
42414	0.0009065061225
42415	0.001895892487
42416	0.0003597201064
42417	0.000313938556
42418	0.0007095323046
42419	0.001376789706
42420	0.0005278911713
42421	0.0004445313521
42422	0.0008815992695
42423	0.0002660125739
42424	0.000804470322
42425	0.0008083116716
42426	0.0004005955922
42427	0.0009652282482
42428	0.0009500748185
42429	0.0001146492869
42430	0.0005400526569
42431	3.490356099e-05
42432	9.267512326e-05
42433	0.0001426811773
42434	0.0005774455234
42435	0.0004844586937
42436	0.003028287423
42437	0.003870264583
42438	0.0007143580968
42439	0.004411823199
42440	0.0003602155698
42441	0.0002300078033
42442	0.00362042649
42443	8.300129539e-06
42444	8.650740378e-05
42445	0.00357198354
42446	7.296648662e-05
42447	0.0001134158742
42448	0.00201316005
42449	0.0004136175133
42450	0.002055348926
42451	0.0002494224066
42452	0.0001164345296
42453	0.004118357108
42454	0.009195559252
42455	0.0002962404223
42456	0.0009049618893
42457	0.003884151576
42458	0.002446129291
42459	0.001331788398
42460	0.005495180482
42461	0.0003406731305
42462	0.001604038047
42463	3.411896263e-05
42464	0.005677703564
42465	0.004382362869
42466	0.001715235274
42467	0.004714039072
42468	0.0007393946522
42469	0.001300375735
42470	0.0007923991218
42471	0.0003378208871
42472	0.0001579832383
42473	0.0009941650563
42474	0.0008978444154
42475	0.000199918504
42476	0.0004181866495
42477	0.0003506768441
42478	0.0007662442151
42479	0.0004154335623
42480	9.27756333e-05
42481	0.0003231664738
42482	0.001186770366
42483	0.003411481908
42484	0.000972242099
42485	0.001694245581
42486	0.002564402462
42487	0.005960062242
42488	0.0008065807325
42489	0.001272080157
42490	0.0005073328466
42491	0.007259806679
42492	0.0003482504343
42493	0.002365813593
42494	2.368950793e-05
42495	0.0001393640093
42496	0.0002572423735
42497	0.0031393652
42498	0.0002871768202
42499	0.0009391683818
42500	0.000324262336
42501	0.0002297779741
42502	0.003004844745
42503	0.0006312466452
42504	0.0005018931281
42505	0.0008262387067
42506	0.002721532981
42507	0.0003228423958
42508	0.0003132096339
42509	0.0042396891
42510	0.005228796499
42511	0.0009949437172
42512	0.002710236151
42513	0.003563247873
42514	0.0008811047779
42515	0.004146261762
42516	0.001519698298
42517	0.001002986527
42518	5.716542202e-05
42519	0.001407614086
42520	0.002017279666
42521	0.0007115202474
42522	0.002189919688
42523	0.002343566861
42524	0.0002652251413
42525	0.001274661279
42526	0.003527924399
42527	0.002396806829
42528	0.002988439264
42529	0.0002023267263
42530	0.002800515871
42531	0.0005297814382
42532	0.001995798017
42533	0.001266159267
42534	0.001174471326
42535	0.0007182851625
42536	0.0007029196638
42537	0.00268430057
42538	0.00511534595
42539	0.001819803935
42540	0.00219418368
42541	9.391952668e-05
42542	0.0002346046788
42543	0.00263214505
42544	0.006202810883
42545	0.0002277391008
42546	0.004126540476
42547	0.003094321698
42548	0.001199693322
42549	0.002116852741
42550	0.0004715750879
42551	0.003881278384
42552	0.002318176138
42553	0.003176203157
42554	0.004071736392
42555	0.00190304353
42556	8.006265559e-05
42557	0.006572173383
42558	0.008475759729
42559	0.002948227993
42560	0.0007231913874
42561	9.446800667e-05
42562	0.001375466064
42563	0.005285362559
42564	0.01095249146
42565	0.002489435024
42566	0.005782930463
42567	0.0003392216317
42568	0.00736518518
42569	0.001784473827
42570	0.001918736038
42571	0.001673800996
42572	0.00190099714
42573	0.005391657645
42574	0.0001863650932
42575	0.003149437045
42576	0.0005142350058
42577	0.004451169113
42578	0.0003720790155
42579	0.007283992733
42580	0.005420290634
42581	0.001152936246
42582	0.002336752511
42583	0.002973675605
42584	0.00163309136
42585	0.0006620645088
42586	0.002862207884
42587	0.0005947387905
42588	0.002157916254
42589	0.000406388276
42590	0.0003982547359
42591	0.001694245176
42592	0.004136134818
42593	0.0009835111928
42594	0.0009744179572
42595	0.002232491233
42596	0.001891491028
42597	0.00128622719
42598	0.004571662516
42599	0.006000600245
42600	0.000399588725
42601	0.005079292745
42602	0.0002929341513
42603	0.002991935907
42604	0.001224158758
42605	0.0009585283342
42606	0.001173493836
42607	0.001403584313
42608	0.006130324419
42609	0.005765817351
42610	0.002110243929
42611	0.0004532268033
42612	0.00145970595
42613	0.001320352872
42614	0.001399184855
42615	0.002827336644
42616	0.001577713239
42617	0.000752061616
42618	0.001965390921
42619	0.0001884991869
42620	0.0001934384772
42621	0.002363717868
42622	2.479046438e-05
42623	0.001829822502
42624	0.001704481852
42625	0.00460576092
42626	0.0005206033892
42627	0
42628	9.503152926e-05
42629	0.0008066956261
42630	0.001511230529
42631	7.974579112e-05
42632	0.0002945775144
42633	0.0003408768277
42634	0.0003609056314
42635	0.0004670012865
42636	0.0005315344916
42637	0.0003022057617
42638	0.0003817511728
42639	0.0005455456758
42640	0.0005855052873
42641	0.0002191905055
42642	0.0001489035675
42643	0.0008460538673
42644	0.0002830420969
42645	0.000431675582
42646	0.00171952369
42647	0.0003115166074
42648	0.0008153587971
42649	2.977937523e-05
42650	0.0008772337303
42651	0.002934174044
42652	0.003549422166
42653	0.000899833938
42654	0.001972328548
42655	0.001016737742
42656	0.0003554353841
42657	0.004087670965
42658	8.397885059e-05
42659	0.000802166465
42660	0.0009145967892
42661	0.0001432776385
42662	0.001145528248
42663	0.001008129556
42664	0.0007018982674
42665	0.001883899125
42666	0.002531497239
42667	0.001049272907
42668	0.001728027468
42669	0.0001971002879
42670	0.001777566455
42671	0.001710421226
42672	0.002070971715
42673	0.001144209974
42674	0.00233862357
42675	0.001053480499
42676	0.000920738989
42677	0.001665914017
42678	0.0001961002673
42679	0.005733533407
42680	0.0001857184295
42681	0.0004030801528
42682	0.0001941848275
42683	1.798113295e-05
42684	0.0001335030737
42685	0.0004039032956
42686	0.0004030288829
42687	5.884059231e-05
42688	6.076081278e-06
42689	0.0004631390625
42690	0.003717990708
42691	0.005916584462
42692	0.00117238852
42693	0.0038895008
42694	0.0007118612336
42695	0.005646777388
42696	0.0002669497823
42697	0.003072981095
42698	0.000366671921
42699	0.003012366276
42700	0.00214630516
42701	0.003223896439
42702	0.0008528208322
42703	0.002811630855
42704	0.0003204180629
42705	0.001692042541
42706	0.00157072561
42707	0.001350070913
42708	0.008010696427
42709	0.00341921677
42710	9.261037452e-05
42711	0.0001368940018
42712	0.004821269204
42713	0.002284547102
42714	0.001085380979
42715	8.340869655e-06
42716	2.638376348e-05
42717	0.001210071004
42718	0.001483215205
42719	0.0009619750201
42720	0.002482008834
42721	0.002321962355
42722	0.0002282558085
42723	0.000414131384
42724	0.0009718739825
42725	4.312441946e-05
42726	0.00098520525
42727	0.002629000596
42728	0.0005765022923
42729	0.002922574889
42730	0.00213443512
42731	0.0004474541481
42732	0.003883995958
42733	2.60603142e-05
42734	0.004737999538
42735	4.881341494e-05
42736	0.0001170623838
42737	0.004387402331
42738	0.004835990822
42739	9.186889757e-05
42740	0.0008468172854
42741	0.0001111164081
42742	0.004950009163
42743	0.000368800062
42744	0.00088033108
42745	0.00275630121
42746	0.003377276345
42747	0.0001922890226
42748	0.002565299713
42749	0.001912749732
42750	0.004608081671
42751	0.002753957027
42752	0.0002480025334
42753	0.006397892526
42754	0.008852693753
42755	0.001861842758
42756	0.002451661254
42757	0.00126607229
42758	0.002368430962
42759	0.0003982775818
42760	0.0006535376122
42761	0.0002241039886
42762	0.0002850068448
42763	0.001252828233
42764	0.004352721945
42765	0.001437234545
42766	0.001417405439
42767	0.001913851559
42768	0.002976447374
42769	0.001571301189
42770	0.0009075867589
42771	0.001884591103
42772	0.00206510257
42773	0.001561216264
42774	0.001063340774
42775	0.003829573958
42776	0.002229768903
42777	0.004045317475
42778	1.832527546e-05
42779	9.439007661e-05
42780	0.0003374117029
42781	0.0003535728457
42782	0.0001811052288
42783	0.0005288795414
42784	0.0005176709584
42785	0.0002492218766
42786	0.0003617356998
42787	0.0003307077446
42788	0.0001800189289
42789	0.001055259805
42790	0.002979031691
42791	0.001180483723
42792	0.0002382775223
42793	0.0005689523547
42794	0.002460166054
42795	0.003944758885
42796	0.002162801726
42797	0.002116556024
42798	0.0001211465942
42799	0.0005194886208
42800	5.688005406e-05
42801	0.001320661232
42802	0.002595028697
42803	0.001032483466
42804	0.002860115159
42805	0.0001049324087
42806	0.001991249236
42807	0.002804940077
42808	0.003255639254
42809	0.00039614143
42810	0.001074641562
42811	0.0003496016538
42812	0.002348804828
42813	0.003103349776
42814	0.002457248784
42815	0.00234478334
42816	0.003413803116
42817	0.003031984173
42818	0.0003268496027
42819	0.003143498183
42820	0.0008018546624
42821	0.0002842369405
42822	0.001000011974
42823	0.0006521485544
42824	0.0006894678993
42825	0.0004380423694
42826	0.0002879960147
42827	0.002220225072
42828	0.0003054600971
42829	0.0005811729624
42830	0.0001599462827
42831	0.0008641310008
42832	0.001634995607
42833	0.0009711546033
42834	0.001277052483
42835	0.002735904962
42836	0.002394888983
42837	0.0005449053972
42838	0.0002791503432
42839	0.0003181501119
42840	0.00100586703
42841	0.001299009579
42842	0.003426402763
42843	0.001827853933
42844	0.000290120196
42845	0.0002027422244
42846	0.004236752624
42847	0.003100722315
42848	0.000153797189
42849	0.0004002206069
42850	0.0005861138109
42851	0.0008283626371
42852	0.001419307189
42853	0.003034548514
42854	0.0003163633875
42855	0.001036714527
42856	0.000681538941
42857	2.140177428e-05
42858	0.000384767206
42859	0.0003451583394
42860	0.00105767891
42861	0.004540964219
42862	0.0007277711065
42863	0.002180771831
42864	0.003355496396
42865	0.001872630216
42866	0.001598188528
42867	0.0009520470216
42868	0.002064756893
42869	0.001765274468
42870	0.0006491432761
42871	0.001103130742
42872	8.14159164e-05
42873	0.001974293407
42874	0.001699303327
42875	0.002093957077
42876	0.0007468006405
42877	0.001295318275
42878	0.000140378637
42879	0.003847507805
42880	0.001854743914
42881	0.001233217468
42882	0.001785110416
42883	0.0008028126602
42884	0.0005689518992
42885	0.0002647168441
42886	0.001205234075
42887	0.001534550875
42888	0.0005790728529
42889	0.00087289007
42890	0.0002867398224
42891	0.001007036048
42892	0.0003132858851
42893	0.0009555261699
42894	0.003578251023
42895	0.0005586934204
42896	0.0007917473735
42897	0.0007928555374
42898	0.001378429154
42899	0.0008539857244
42900	0.002233653764
42901	0.0003579851615
42902	0.006163186532
42903	0.001509126484
42904	0.0006695561668
42905	0.002052211167
42906	0.0004477153694
42907	0.001970050147
42908	0.001811188525
42909	0.0004123036775
42910	0.00357050913
42911	0.0006444068483
42912	0.002154190782
42913	0.0005153723525
42914	0.0003052848353
42915	0.001541470261
42916	0.004793279156
42917	0.001777532056
42918	0.0009080763098
42919	0.0001466641261
42920	0.001359701967
42921	0.003286129897
42922	0.0006846716302
42923	0.001261269488
42924	0.003937479933
42925	8.429687689e-05
42926	0.002041113432
42927	0.0008921484218
42928	0.00137489761
42929	0.0004737684016
42930	0.001664665745
42931	0.002794954854
42932	0.006046355177
42933	0.000482701452
42934	0.0009353262452
42935	0.008412237385
42936	0.001362001115
42937	0.001299851656
42938	0.01085078178
42939	0.001378964726
42940	0.000526627737
42941	0.001327733821
42942	0.0003702850935
42943	0.0002004825655
42944	0.0004619732039
42945	0.004948733957
42946	0.001224691839
42947	0.0004443377309
42948	0.004473238581
42949	0.000223775509
42950	0.004381476973
42951	0.0008685401191
42952	0.001498311088
42953	0.001779565644
42954	0.0005597806176
42955	0.0001162830977
42956	0.000755823347
42957	0.002116859198
42958	0.005194558934
42959	0.001065416861
42960	9.356118382e-05
42961	0.004124792356
42962	0.003108860905
42963	0.001566347776
42964	0.0007998213175
42965	0.0008797681862
42966	0.0007761141059
42967	0.0008384084104
42968	0.007599865279
42969	0.0004987678162
42970	0.003240368538
42971	0.003465437829
42972	0.002402347099
42973	0.006498341765
42974	0.0008869471699
42975	0.003076343569
42976	0.001640455036
42977	0.0004396119931
42978	0.0003366774351
42979	5.973234975e-05
42980	0.002628456591
42981	1.306555669e-05
42982	0.004756594062
42983	0.000761081518
42984	0.003607673971
42985	0.003323204023
42986	0.003099674145
42987	0.00630897302
42988	0.0008310143504
42989	0.002126680179
42990	0.0007415631503
42991	0.002845587012
42992	0.001936391094
42993	0.002456872781
42994	0.0003075297059
42995	0.0007070264674
42996	0.001776151613
42997	1.586021042e-05
42998	0.001187669595
42999	0.001184666716
43000	0.0004897119379
43001	0.0001683428393
43002	6.736519052e-05
43003	0.001652319506
43004	0.001948902942
43005	0.0006386136562
43006	0.00265448187
43007	0.0004020164275
43008	0.0006177224981
43009	0.001474387411
43010	0.002640190038
43011	0.0005409887012
43012	0.003646431407
43013	0.0007037815416
43014	0.0002975372915
43015	0.001104767085
43016	0.0009837931213
43017	0.0003814850721
43018	0.0008098124289
43019	0.005858548211
43020	0.00295900999
43021	0.003209340723
43022	0.001566130371
43023	0.001023145987
43024	0.0008118541736
43025	0.001491195528
43026	0.000868762821
43027	0.001233934019
43028	0.005575746861
43029	0.002854630376
43030	0.01100639705
43031	0.001412541979
43032	0.004623184057
43033	0.00124866078
43034	0.001629237767
43035	0.0005180923725
43036	0.0004781664333
43037	0.0008184403357
43038	0.002382429118
43039	0.001735780263
43040	0.0003440196853
43041	0.005154744491
43042	0.0001219641857
43043	0.002737320416
43044	0.001622516641
43045	0.001767480817
43046	0.002415244294
43047	0.0001528003582
43048	0.0006499231355
43049	0.0002955062791
43050	0.0006374009666
43051	0.000928369256
43052	0.0002260252394
43053	0.000388185724
43054	0.001003370119
43055	0.0004696419147
43056	9.170455768e-05
43057	0.0008211378867
43058	0.00236893911
43059	0.0003180690385
43060	0.000243790172
43061	0.001066751213
43062	0.002575239684
43063	6.055806259e-05
43064	0.005569463685
43065	6.58660934e-05
43066	0.001499840178
43067	0.002858533412
43068	0.002528390334
43069	0.001964971628
43070	0.002941424865
43071	0.001924592064
43072	0.003328136144
43073	0.003470592216
43074	0.003658427488
43075	0.0005503551488
43076	0.005970692221
43077	0.001527005361
43078	0.001055798512
43079	0.001770080389
43080	0.0002575931991
43081	0.002973552219
43082	0.0006895116239
43083	0.003022665283
43084	0.0007893511822
43085	0.0004343729928
43086	0.002544811406
43087	0.005217685728
43088	0.002569424816
43089	0.003823154402
43090	0.0006392322449
43091	0.00247630762
43092	0.006171059336
43093	0.003505328581
43094	0.001824214976
43095	0.003244079164
43096	0.0012267221
43097	0.003453148903
43098	0.003042816417
43099	0.003078640389
43100	0.001257914137
43101	0.0035966025
43102	0.003880540684
43103	0.000200285435
43104	0.0005178082457
43105	0.0002662803321
43106	0.0009864823182
43107	0.002498624496
43108	0.002244394002
43109	0.0007068627712
43110	0.0008864641269
43111	0.007033205145
43112	0.0004046508025
43113	0.0003337665579
43114	0.003090584923
43115	0.005222792186
43116	0.001523022555
43117	3.160234701e-05
43118	0.003205081667
43119	0.003390936281
43120	0.0026464271
43121	0.000771479573
43122	0.0007270123959
43123	0.003286115356
43124	0.0002735627667
43125	0.001872440283
43126	0.00014903856
43127	0.001043077369
43128	0.0004112143473
43129	0.0002293346447
43130	0.0007803134924
43131	0.004102900375
43132	0.002787720601
43133	0.00115550826
43134	0.001355361806
43135	0.001282767488
43136	0.004132741312
43137	0.001102766078
43138	0.002587950444
43139	0.001098536014
43140	0.002615839173
43141	0.002150482529
43142	0.002898812108
43143	0.0004463408884
43144	0.002035667767
43145	0.003360247906
43146	0.0005605565653
43147	0.004238966263
43148	0.004380653885
43149	0.0005251675935
43150	0.000997016062
43151	9.484350002e-05
43152	0.0007357231429
43153	0.0001810798148
43154	0.001233255337
43155	0.002979102746
43156	0.001172193156
43157	0.001277498855
43158	0.003297304424
43159	5.243106746e-05
43160	0.0005147820644
43161	0.001783805737
43162	0.002346830833
43163	9.674990828e-05
43164	0.003905315694
43165	0.001495516485
43166	0.0003466329786
43167	0.003161095282
43168	0.004945234884
43169	0.000784767611
43170	0.0002195046909
43171	0.001509438434
43172	0.0002073648771
43173	0.008319980224
43174	0.0005962849424
43175	0.003699187953
43176	0.0005548177176
43177	4.387843764e-05
43178	1.624992747e-05
43179	0.001350375072
43180	0.002072159841
43181	0.001710645599
43182	0.0003870546024
43183	0.001434872704
43184	0.003041765636
43185	0.001345212041
43186	0.001839660872
43187	0.001497750887
43188	0.001919697659
43189	0.003236858181
43190	0.001377294602
43191	0.001307688811
43192	0.0007093873916
43193	0.002455264069
43194	0.000513045876
43195	0.002552678852
43196	0.004587671752
43197	0.00180812649
43198	0.001663865631
43199	0.003309589451
43200	0.0008316259144
43201	0.001071550771
43202	0.003293219934
43203	0.001647838064
43204	0.008599090758
43205	0.002376166624
43206	0.001553326144
43207	0.00432399591
43208	0.002186816815
43209	0.01029207055
43210	0.001362606306
43211	0.0005717733834
43212	9.421222685e-05
43213	0.001113068998
43214	0.0008347827935
43215	0.0002172888522
43216	0.0005294507173
43217	0.002169453973
43218	0.0002112905349
43219	0.0002612704651
43220	0.003252406919
43221	0.003331959147
43222	0.002297765277
43223	0.0006132747049
43224	0.004690292881
43225	0.003332357161
43226	0.002193794287
43227	0.002078688436
43228	0.003318334203
43229	0.0006927797041
43230	0.001828281863
43231	0.001474352359
43232	0.001844412413
43233	0.000600345928
43234	0.000234215193
43235	0.001167609146
43236	0.0001000421749
43237	0.00441777449
43238	0.001333546992
43239	3.845131588e-05
43240	0.0001032681117
43241	0.002347814122
43242	0.0008339778488
43243	0.0003584414771
43244	0.0002380194944
43245	0.000167893991
43246	0.0004605131756
43247	0.0003015906539
43248	0.0006989119463
43249	0.0002858641557
43250	0.0006530545524
43251	0.000112313716
43252	0.0004458496072
43253	0.001670171924
43254	0.007477341151
43255	0.002021619091
43256	0.002527059259
43257	0.0005879098709
43258	0.0006781502978
43259	0.0009097922144
43260	0.0006946643734
43261	0.002767262322
43262	0.0002686730474
43263	0.0005208591404
43264	0.0004117201705
43265	0.001094773574
43266	0.002214483443
43267	0.0001044527359
43268	0.000777869441
43269	0.001556887674
43270	0.006242548847
43271	0.001649752682
43272	0.00326429463
43273	0.001750636475
43274	0.003516151552
43275	0.001350120062
43276	7.529512721e-05
43277	0.00162371663
43278	0.001838619785
43279	0.003735229508
43280	0.004515686782
43281	0.001511392556
43282	0.001059225418
43283	0.000244245802
43284	0.001685812251
43285	0.001232592964
43286	0.001112528194
43287	0.002285008537
43288	0.003438383138
43289	0.0009005611482
43290	0.002895207078
43291	0.0003176742268
43292	0.001736641977
43293	0.007905419334
43294	0.001793031906
43295	0.003499927043
43296	0.004065714289
43297	0.004087407742
43298	0.0009545655326
43299	0.001123388083
43300	0.004119112358
43301	0.004198012345
43302	0.002537553387
43303	0.005236290813
43304	0.0001085660758
43305	0.002837693025
43306	0.0001386703666
43307	0.001110510644
43308	0.00227502622
43309	0.0007488762892
43310	0.004556386155
43311	0.007122987646
43312	0.001873568345
43313	0.006788181561
43314	0.001494627702
43315	0.0007882148409
43316	0.001547283866
43317	0.003534778555
43318	0.0005096034171
43319	1.627728439e-05
43320	1.239510542e-06
43321	0.0003404121875
43322	0.006507190531
43323	0.002190775522
43324	0.000423355465
43325	0.004020758568
43326	0.003126389435
43327	0.004030872115
43328	0.003667832161
43329	0.001342767848
43330	0.0002652884007
43331	0.0009742243725
43332	0.005232460721
43333	0.004070457112
43334	0.002142301037
43335	0.002870631511
43336	0.0004265511995
43337	0.0002694882773
43338	0.0001738447507
43339	5.436753327e-05
43340	0.004285232618
43341	0.00292490092
43342	0.0005445549727
43343	0.004317645763
43344	0.006484096942
43345	0.002409096938
43346	0.008200981143
43347	0.001011509198
43348	7.308511159e-05
43349	0.002697020931
43350	0.001350207804
43351	0.003830611012
43352	0.003399700863
43353	0.0007049411585
43354	0.003225569607
43355	0.002857633556
43356	0.003509134931
43357	0.001393031943
43358	8.455411547e-05
43359	0.0005353156227
43360	0.001693567104
43361	0.00388598544
43362	0.002527732589
43363	0.001206860398
43364	0.006088553356
43365	0.0001333498215
43366	0.001372978942
43367	0.002837630146
43368	0.002482979759
43369	0.002283236425
43370	0.005251728097
43371	0.006414026834
43372	0.00456891149
43373	0.0003218417388
43374	0.003403348723
43375	0.006253654251
43376	0.001871099458
43377	0.0002742673175
43378	0.0009155567916
43379	0.002324444942
43380	0.001426827171
43381	0.002282414056
43382	0.002782488041
43383	0.0003879147992
43384	0.007340820125
43385	0.0006039167185
43386	0.0003605463874
43387	0.002600030407
43388	0.002594479835
43389	0.006434498213
43390	0.0001749713476
43391	0.003824769478
43392	0.004418284984
43393	0.006595817389
43394	0.003812087392
43395	0.001790850957
43396	0.003435940601
43397	2.843746337e-05
43398	0.0003764011162
43399	0.002737098911
43400	0.001867977023
43401	0.0001260825848
43402	0.001482412642
43403	7.865046397e-05
43404	0.0003084549607
43405	5.266486715e-05
43406	0.0002018221006
43407	0.006567836784
43408	0.004244115828
43409	0.003804202673
43410	0.004713959876
43411	0.006623624548
43412	0.002394414676
43413	0.00217302508
43414	0.0001184364714
43415	0.001312562462
43416	0.0008913351271
43417	0.00084762573
43418	0.00283868273
43419	0.002358695236
43420	0.0005942711856
43421	0.00448003313
43422	0.0003466377478
43423	0.0008319593911
43424	0.004911448778
43425	0.001902933544
43426	0.0002623384696
43427	0.001611482688
43428	0.0001598749926
43429	0.00039011783
43430	0.0008110003843
43431	0.000152849544
43432	0.00227422225
43433	0.001103807169
43434	0.003595459896
43435	0.00118651187
43436	0.0007348280714
43437	0.0001439020196
43438	0.0008751197229
43439	0.003813849139
43440	0.0005566017971
43441	0.0006593153677
43442	0.002014395045
43443	0.0002414464924
43444	0.003224290124
43445	0.003758788463
43446	0.009157377977
43447	0.0001504132268
43448	0.003029076712
43449	0.00205777468
43450	0.00223433349
43451	0.0005797396203
43452	0.0005802246876
43453	0.0005798317217
43454	8.074221437e-07
43455	0.0005799760138
43456	0.000287832024
43457	0.0002856479437
43458	0.0004381696635
43459	0.0005792085023
43460	0.0001452538405
43461	0.0005794817364
43462	0.0002923325143
43463	0.0001481777761
43464	0.0005793036737
43465	0.0004329587152
43466	0.0004338625862
43467	0.000579524717
43468	0.0001347790216
43469	0.001525992965
43470	0.004921239567
43471	0.0002726668421
43472	0.002304082265
43473	0.0004906963555
43474	0.0002782828606
43475	0.0003242255094
43476	0.002597580616
43477	0.005984857162
43478	0.0048938261
43479	0.0003986785124
43480	0.0001092233452
43481	0.004620659163
43482	0.001966081944
43483	0.0005063940965
43484	0.003254017637
43485	6.516941806e-05
43486	0.001753506218
43487	0.001497711979
43488	0.003103830118
43489	0.0007483665926
43490	0.0016265822
43491	0.001655288015
43492	0.0001376654454
43493	0.00121583815
43494	0.0002458018318
43495	0.003335330924
43496	0.001481593646
43497	0.0001478076465
43498	0.0005448824163
43499	0.002499696101
43500	7.979334175e-05
43501	0.0004788423955
43502	0.00265631073
43503	0.001904576107
43504	0.0002530589921
43505	0.001507489301
43506	0.001672197708
43507	0.003816326829
43508	0.002474482755
43509	0.001438929015
43510	0.001801575041
43511	0.001371192778
43512	0.002436375309
43513	0.001828222518
43514	0.00157992816
43515	0.004970251005
43516	0.004617516764
43517	0.005083924568
43518	0.0007693391489
43519	0.001839764535
43520	0.000503678071
43521	0.001331889531
43522	0.005045354728
43523	0.001485262763
43524	0.0006371037198
43525	0.0008061791255
43526	5.246931502e-05
43527	0.003089511291
43528	0.0009700352078
43529	0.0004118376208
43530	0.002096126497
43531	0.0009113368945
43532	0.00194975415
43533	0.0003894799708
43534	0.002208815466
43535	0.002504480279
43536	0.0007616698758
43537	0.000603974461
43538	0.001333058996
43539	0.0004116479912
43540	0.000128608715
43541	0.004289682734
43542	0.001593781927
43543	0.002533671711
43544	0.001604011011
43545	5.684483233e-05
43546	0.003714404309
43547	0.0005694983833
43548	0.001356409583
43549	0.001246457235
43550	0.0007214669967
43551	0.0005765068352
43552	0.0002156149618
43553	0.0009360172155
43554	0.00936588092
43555	0.0008369763238
43556	0.0006600666084
43557	0.002106550454
43558	0.001036210823
43559	0.001494372631
43560	0.002499321719
43561	0.001531788467
43562	0.001603559754
43563	0.001115006984
43564	0.0004835753138
43565	0.000547585204
43566	0.001017370599
43567	0.001673648062
43568	0.0008167913037
43569	0.0005221293121
43570	0.006149636467
43571	0.005999132177
43572	0.00030071758
43573	0.001290222274
43574	0.00254792675
43575	0.0007157863411
43576	0.0006228518839
43577	0.0012300005
43578	0.001034661917
43579	0.0005700797891
43580	9.258518933e-05
43581	0.002139569439
43582	0.0009825652143
43583	0.0004946933954
43584	0.0001852172299
43585	0.0004323239429
43586	6.91104909e-05
43587	0.005530574464
43588	0.002453062997
43589	0.001785510541
43590	0.0009775894649
43591	0.0007843377395
43592	0.001453726632
43593	0.002225379997
43594	0.000848959984
43595	0.001741321176
43596	0.00112214005
43597	0.0009891295559
43598	0.001356668952
43599	0.001790624129
43600	0.001005359735
43601	0.002155991511
43602	0.0002605255872
43603	0.00580731596
43604	0.0009679036268
43605	0.001638121374
43606	0.003683567796
43607	0.003145873047
43608	5.9315669e-05
43609	0.006214132158
43610	0.0003469410881
43611	0.0005167600592
43612	0.000829566488
43613	0.0003280925548
43614	2.860427618e-05
43615	0.005577566331
43616	0.001437519402
43617	0.0009787893751
43618	0.006924315665
43619	0.003600407503
43620	0.0006609484711
43621	0.001722299143
43622	0.000877461012
43623	0.00163532471
43624	0.002260500943
43625	0.001193901025
43626	0.0006737454947
43627	0.0001832819109
43628	0.0002905323228
43629	0.0002827330125
43630	0.0009499528029
43631	0.0002430324385
43632	0.00391744011
43633	0.002542518147
43634	0.003323490277
43635	0.005998621789
43636	0.002582622041
43637	0.001326098614
43638	0.003023915717
43639	0.002948735111
43640	0.003482492147
43641	0.002186994976
43642	0.0006713399247
43643	0.0003447509
43644	0.003084822664
43645	0.0009533626536
43646	0.0012410662
43647	0.0002022590184
43648	0
43649	0.003190992487
43650	0.003816427408
43651	0.0009794930827
43652	0.001952886846
43653	0.001660545485
43654	0.0008412176565
43655	0.003182648148
43656	0.002912970664
43657	0.000979326816
43658	0.0005966165297
43659	0.0001794496318
43660	0.004267896776
43661	0.0004948947535
43662	0.001684311943
43663	0.005354091245
43664	0.002275737557
43665	0.004459269538
43666	0.004100978721
43667	0.001572839873
43668	0.0002830464356
43669	0.0007759185338
43670	0.002584381037
43671	0.0006452418243
43672	0.00124588184
43673	0.00421342248
43674	0.003003905559
43675	0.002768294139
43676	0.004452724641
43677	0.001818280755
43678	0.00280183499
43679	1.81538188e-05
43680	0.001854697303
43681	0.00231344099
43682	0.0007838106929
43683	0.001848937574
43684	0.008222206673
43685	0.000602502386
43686	0.003845649717
43687	0.000802453859
43688	0.001781069815
43689	0.0002537770828
43690	0.004770813024
43691	0.0002242869742
43692	0.003092133263
43693	7.680150062e-05
43694	0.0001888472196
43695	0.001612356467
43696	8.495143911e-05
43697	0.00153796046
43698	0.0003752974018
43699	0.0009114792809
43700	0.0005868270831
43701	0.002608691097
43702	0.0004847572546
43703	0.001131129427
43704	0.002976193997
43705	0.001049700747
43706	0.003271222282
43707	0.006969363598
43708	0.000153686595
43709	0.001756961308
43710	0.0003540205659
43711	0.0007513019301
43712	0.003643868593
43713	0.001617168409
43714	0.000716140322
43715	0.004114668751
43716	0.0007164541659
43717	0.00079450775
43718	0.0007078657679
43719	0.006338888631
43720	0.00392248432
43721	0.003922705762
43722	0.002977607208
43723	0.006044406225
43724	0.002686975856
43725	0.001311692356
43726	0.0004198986275
43727	0.0002527267977
43728	0.001014197503
43729	0.001285496721
43730	0.001250980307
43731	0.0006181813633
43732	0.001242103147
43733	0.002550482911
43734	0.0008786973287
43735	0.004668204092
43736	0.001856304406
43737	0.0007914754305
43738	0.002168947003
43739	0.005361303582
43740	0.0001091170348
43741	0.005693458189
43742	0.0001831396246
43743	0.002121815677
43744	0.0004024221389
43745	0.001064151142
43746	0.002876459478
43747	0.003026324141
43748	0.002310659358
43749	7.134399954e-05
43750	0.0008168659946
43751	0.000461621898
43752	0.003792595707
43753	0.002205225626
43754	0.003650682494
43755	0.001307355899
43756	0.002183098776
43757	0.003818813222
43758	0.005059208643
43759	0.0009718165224
43760	0.0002126161388
43761	0.0008177918577
43762	0.00477122698
43763	0.003451555485
43764	0.001684951611
43765	0.003215893899
43766	0.000179776573
43767	0.005270229284
43768	0.0012082845
43769	0.001760969089
43770	0.00101967916
43771	0.00094990003
43772	0.005441034913
43773	0.0007888324398
43774	0.002184035156
43775	0.001083625105
43776	0.005587975304
43777	0.001733567146
43778	0.002682439555
43779	0.001529772942
43780	0.001122687521
43781	0.0008618182844
43782	0.001094168766
43783	0.0005893448476
43784	0.001851552146
43785	0.001332988333
43786	0.0006107498817
43787	0.004651953247
43788	0.0009387316673
43789	0.001958905642
43790	0.0001580681464
43791	0.002205500507
43792	0.003236518185
43793	7.422308156e-05
43794	1.227446301e-05
43795	0.001603945662
43796	0.0005898747337
43797	0.001090372435
43798	0.003908758009
43799	0.009562376725
43800	0.0004608841464
43801	0.00190906037
43802	0.004162597151
43803	0.0003782801
43804	0.001750794402
43805	0.0006051659462
43806	0.0004296967558
43807	4.364871992e-05
43808	0.0004322454489
43809	0.001230775151
43810	0.006464427044
43811	0.0004499427515
43812	0.0008313996094
43813	0.0005119599385
43814	0.001313964232
43815	0.003579961703
43816	0.001940752497
43817	0.0002688882852
43818	0.001755253429
43819	0.001049388878
43820	0.001107406944
43821	0.0004534453905
43822	0.000154745907
43823	0.004781539536
43824	0.002338928315
43825	0.00380408281
43826	0.0005929007789
43827	0.0002954310359
43828	0.001164435495
43829	0.0007620026461
43830	0.002130876063
43831	4.228802802e-05
43832	0.004097491127
43833	0.0006061541409
43834	0.0005730562151
43835	0.001247327456
43836	0.003120645391
43837	0.001142120521
43838	0.001614615244
43839	0.00147175723
43840	0.003405779526
43841	0.001428563418
43842	0.004001785774
43843	0.0004812404349
43844	0.003152234276
43845	0.001361801635
43846	0.003432961139
43847	0.001758902981
43848	0.001073812025
43849	0.002204796269
43850	0.0004257119657
43851	5.793316721e-05
43852	0.0023935607
43853	0.0007336462672
43854	0.0003590877868
43855	0.002929244007
43856	0.001999747297
43857	0.002955428351
43858	0.003103339431
43859	0.0009601237345
43860	0.0002991083048
43861	0.002862407205
43862	0.004915937181
43863	0.00204404111
43864	0.003802799927
43865	0.0004693906239
43866	0.003859790521
43867	0.001349001654
43868	0.0001293433674
43869	0.002205814206
43870	0.003626754451
43871	0.004019202219
43872	0.003070667779
43873	0.0008925933829
43874	0.0006593847996
43875	0.0001715872896
43876	0.003027505656
43877	0.002710449552
43878	0.002315471681
43879	0.0004025750063
43880	0.001059903133
43881	0.00078333844
43882	0.0003074624478
43883	0.001640682151
43884	0.00312882541
43885	0.005291248958
43886	0.001533721175
43887	0.00262879561
43888	0.006267214511
43889	0.0001387937995
43890	0.0005693206153
43891	0.001322671717
43892	0.001423304952
43893	0.001047127234
43894	0.0005525000435
43895	3.077762309e-05
43896	0.0006226455594
43897	0.0006749652051
43898	4.462406085e-05
43899	0.002266470666
43900	0.001084143471
43901	0.002855946924
43902	0.004328917821
43903	0.003719415576
43904	0.003873408187
43905	0.00176828374
43906	0.007324918098
43907	0.001466835883
43908	0.001305428827
43909	0.0006581655045
43910	0.0003297444923
43911	0.0001491119021
43912	0.0001480373859
43913	0.0006453258162
43914	0.0005109478209
43915	0.0001653379544
43916	0.000147975985
43917	0.0001827601323
43918	3.5305531e-07
43919	0.0001603352837
43920	1.135917089e-07
43921	6.907603891e-07
43922	0.0001672831711
43923	0.0003426226288
43924	0.0003150642808
43925	0.0001677603036
43926	5.740986347e-07
43927	1.863177596e-05
43928	0.003533824327
43929	0.008089072078
43930	0.003931413767
43931	0.003784510959
43932	0.0002914100871
43933	0.00595598623
43934	0.004291239486
43935	0.003599457256
43936	0.003444568287
43937	0.0003120465689
43938	0.001308612586
43939	0.001866292249
43940	0.003191607573
43941	0.002297194453
43942	0.00212065358
43943	0.003114979305
43944	0.000595486535
43945	0.002731215054
43946	0.001569672676
43947	0.004573322815
43948	0.001405216679
43949	0.0007874260146
43950	0.00346392164
43951	0.0003021543618
43952	0.00068735443
43953	0.0005399772035
43954	9.583757064e-05
43955	0.0003103724016
43956	0.001322989211
43957	0.001132511131
43958	0.0006823290354
43959	0.0002028709282
43960	0.0009988845473
43961	0.000143397941
43962	0.002090231566
43963	0.005291384673
43964	0.0001460454076
43965	9.484921754e-05
43966	2.079163055e-05
43967	0.0001973896751
43968	3.403194812e-05
43969	0.001012638614
43970	0.002494971031
43971	0.0001414019621
43972	0.0009544767
43973	0.0005206910077
43974	0.0005598453087
43975	0.0007733837645
43976	0.001494956766
43977	9.69853392e-05
43978	0.00124834087
43979	0.006583904849
43980	0.002200046897
43981	0.003011076001
43982	0.001112000955
43983	0.006892185395
43984	0.0008699115765
43985	0.003267212818
43986	0.00369704308
43987	0.0008894854286
43988	0.0003780674795
43989	0.0005444609537
43990	0.0003637675417
43991	0.000295606845
43992	0.004060947989
43993	0.001900200481
43994	0.004377280343
43995	0.001272622049
43996	0.0003538098198
43997	8.250472406e-06
43998	0.001205234761
43999	0.004025635566
44000	0.0008986844069
44001	0.006346324491
44002	0.005040057189
44003	0.001086060261
44004	0.0002326696413
44005	0.002642556916
44006	0.002718940717
44007	0.000900401636
44008	0.001903807225
44009	0.005903107173
44010	0.006744331528
44011	0.0005416497196
44012	0.001160576009
44013	0.001128753642
44014	0.005832261018
44015	0.0006659139942
44016	0.004071444606
44017	0.002271301751
44018	0.003420052805
44019	0.004605071354
44020	0.001525327269
44021	0.003233014371
44022	0.004198162757
44023	0.0003524936468
44024	0.0009029869843
44025	0.002109909171
44026	0.0008394714334
44027	0.002663195702
44028	0.003059684927
44029	0.0001554886166
44030	0.005072899449
44031	0.000726881195
44032	0.002887073725
44033	0.0005233582221
44034	0.0008081723192
44035	0.0003723218365
44036	0.00274561091
44037	0.0005139404887
44038	0.002731998798
44039	0.00211023542
44040	0.003358669524
44041	0.000795478548
44042	0.001297636646
44043	0.0001188208302
44044	0.003925090594
44045	0.0001812072594
44046	0.00212803791
44047	0.001382851024
44048	0.0010021658
44049	0.000581574046
44050	0.001324264627
44051	0.001966723155
44052	0.001193454533
44053	0.000646169201
44054	0.001770048423
44055	0.0003671118187
44056	0.001447218239
44057	0.004494384459
44058	0.004199093312
44059	4.387836789e-05
44060	0.0004362498159
44061	0.001175871293
44062	0.003575759522
44063	0.0001397983221
44064	0.001094199689
44065	0.005593609082
44066	0.000723620238
44067	0.00337346901
44068	0.0008364326471
44069	0.0005279584703
44070	0.002359257535
44071	0.001239136221
44072	0.0004159015561
44073	0.0004270216332
44074	0.00835231948
44075	0.0003250869743
44076	0.001543757276
44077	0.000274964234
44078	0.002989517863
44079	0.0004889498161
44080	0.0002717982367
44081	7.393260216e-05
44082	0.0002817617809
44083	0.0009452529609
44084	0.0002450525453
44085	0.00672372062
44086	0.002659973402
44087	0.0008017538738
44088	0.0004794340978
44089	0.00192966148
44090	0.002355321032
44091	0.001491810969
44092	0.001027040777
44093	0.0007402762659
44094	0.001924061542
44095	0.000633915174
44096	0.001810772715
44097	0.0009242113415
44098	0.002250237666
44099	0.001374444866
44100	0.004370233369
44101	0.001286616414
44102	0.002971874147
44103	0.001954691106
44104	0.0002623714529
44105	0.00287264263
44106	0.001751557558
44107	0.005337172142
44108	0.001993761017
44109	0.00537533602
44110	0.0008058189449
44111	0.003316433601
44112	0.001795540973
44113	0.001043373009
44114	0.003088036476
44115	0.001619792493
44116	0.002330401436
44117	0.004888396316
44118	0.005467485852
44119	0.005771497413
44120	0.004448702135
44121	0.0007148206986
44122	0.002086893733
44123	0.003627729982
44124	0.0008278048209
44125	0.001086691369
44126	0.001424892172
44127	0.00649608715
44128	0.0009415827393
44129	0.002460915248
44130	0.004388716874
44131	0.002841508587
44132	0.0001907879314
44133	3.596696817e-05
44134	0.0001759135455
44135	0.001523394923
44136	0.00163590787
44137	0.0005759394359
44138	0.004493888964
44139	0.004566014199
44140	0.004593458322
44141	0.0004137824468
44142	0.002902022641
44143	0.0008310004189
44144	0.0001293141
44145	0.003151935739
44146	0.002833229223
44147	0.003659772805
44148	0.0006540716221
44149	0.0001278680892
44150	0.00468691418
44151	0.00175644972
44152	0.004475821569
44153	0.003026367406
44154	0.002158116216
44155	0.003112937528
44156	0.001539416558
44157	0.002064260406
44158	8.129891903e-06
44159	0.0001511286863
44160	3.716959428e-05
44161	0.005618841787
44162	0.005526631262
44163	0.001456328225
44164	0.004779980786
44165	0.001382085947
44166	0.0004758975798
44167	0.002906944335
44168	0.003338446505
44169	0.001717590025
44170	0.0009661044702
44171	0.001005775903
44172	0.0004762734977
44173	0.002493486333
44174	0.003871409539
44175	0.003108821849
44176	0.0005078226505
44177	0.0006575650682
44178	0.001379299447
44179	0.004970946753
44180	0.002896491299
44181	0.004190913295
44182	4.022116451e-05
44183	0.002674250231
44184	0.005813195422
44185	0.001303020206
44186	0.0007488315145
44187	0.0005970878489
44188	0.005283834671
44189	0.003379851703
44190	0.001169094618
44191	0.0002334534404
44192	0.002809311726
44193	0.00350720088
44194	3.070649691e-05
44195	0.0009971935976
44196	0.001365611049
44197	6.33565195e-05
44198	0.002007342319
44199	0.00153181556
44200	0.003118218554
44201	0.002249177158
44202	0.0006412604301
44203	0.00114016621
44204	0.003212460166
44205	0.002181657381
44206	0.002556894416
44207	0.003576958643
44208	0.0004153996569
44209	0.001622133737
44210	0.001502649249
44211	6.17263339e-05
44212	0.001306034294
44213	0.0008184027786
44214	0.002274922559
44215	0.005780613444
44216	0.000525321187
44217	0.001400028789
44218	0.002115608665
44219	0.0008221773976
44220	0.004515421035
44221	0.002271655109
44222	0.001254621997
44223	0.00108674917
44224	0.002950382878
44225	0.002028868099
44226	0.0025180752
44227	0.002486450073
44228	0.0004848384812
44229	0.00138607843
44230	0.0003956703504
44231	0.001718600553
44232	0.002804332324
44233	0.003502511788
44234	0.0006036527747
44235	0.00596901968
44236	0.003498535485
44237	0.002471912547
44238	0.00047086111
44239	0.002812896344
44240	0.0007516124764
44241	0.0006158129599
44242	0.001278217362
44243	0.005765072105
44244	0.0009189245303
44245	0.0008673626424
44246	0.002386742552
44247	0.00160910886
44248	0.002833276329
44249	0.0002167375643
44250	0.000952238339
44251	0.004694624073
44252	0.00291391442
44253	0.001875469702
44254	0.0003397523036
44255	0.003068723389
44256	0.001400734417
44257	0.0008314087236
44258	0.001257726805
44259	4.24665586e-05
44260	0.001847681908
44261	0.001915749421
44262	0.005298502456
44263	0.001205459083
44264	0.0009956108941
44265	0.003326828693
44266	0.003024380347
44267	0.001467830309
44268	0.0005556961051
44269	0.0005174089424
44270	0.001232488941
44271	0.001900844779
44272	0.0006627208744
44273	0.003783727081
44274	0.006485385519
44275	0.008069844456
44276	0.002628123507
44277	0.002592942212
44278	0.0006634051035
44279	0.002884049157
44280	0.001592940165
44281	0.004132574948
44282	0.001608975764
44283	5.403281288e-07
44284	6.754101581e-08
44285	5.42374825e-08
44286	4.042227459e-07
44287	2.374169039e-07
44288	4.635769718e-07
44289	2.578838782e-07
44290	5.495382648e-07
44291	0.001657590305
44292	0.003044846881
44293	0.003946913281
44294	0.001463215337
44295	0.0006626553525
44296	0.001158937168
44297	0.001297265111
44298	0.0004014367425
44299	0.0005210947638
44300	0.000484114957
44301	0.003959376286
44302	0.002229921777
44303	0.003052321079
44304	0.001217681683
44305	0.0005496982248
44306	0.0008175628587
44307	0.0006420572459
44308	0.003253134465
44309	0.001955174104
44310	0.001603197447
44311	0.0008102442428
44312	0.0002979044565
44313	0.003524227349
44314	0.0002607531443
44315	0.003103272029
44316	0.001838792282
44317	0.002385803416
44318	0.0009155827578
44319	0.00132314415
44320	0.001533405997
44321	0.0004257332242
44322	0.0005636885624
44323	0.0002611542408
44324	0.001658432544
44325	0.001010042899
44326	0.0006091085099
44327	0.0002695250659
44328	0.002184499087
44329	8.341281865e-05
44330	0.001707693085
44331	0.002827604128
44332	0.003587508955
44333	0.005833704906
44334	0.001305912892
44335	0.00192702407
44336	0.0008682802437
44337	8.248021256e-05
44338	0.0003991302001
44339	0.003943001307
44340	0.003975482493
44341	0.005639149183
44342	0.0004297767294
44343	7.820613983e-05
44344	0.0003571586879
44345	0.000909008546
44346	0.002920794436
44347	0.002079022352
44348	0.0009859227454
44349	0.0005397671637
44350	0.001502565982
44351	0.005529829645
44352	0.0001604900205
44353	0.0002593073213
44354	0.001256088615
44355	0.001685833621
44356	0.001174867374
44357	0.0001008097677
44358	0.0001635598689
44359	0.001978738113
44360	0.0001797640249
44361	0.001484743329
44362	0.003321704404
44363	0.0009963941146
44364	0.001112029175
44365	8.263068788e-05
44366	0.003035975687
44367	0.001563046058
44368	0.0008297686784
44369	0.0008417524486
44370	0.001349396735
44371	0.0001356188053
44372	0.0003530719507
44373	0.0008585152326
44374	0.0004635200852
44375	0.0003492568291
44376	9.850543384e-05
44377	0.0004895259467
44378	0.0003910625908
44379	0.0003496185847
44380	0.002203494023
44381	0.001527307369
44382	0.0002921441836
44383	0.004439484913
44384	0.0008777515135
44385	0.002562412464
44386	0.009286721557
44387	0.0007804380602
44388	4.149430398e-05
44389	0.001724817069
44390	0.003572988786
44391	0.002655790918
44392	0.0002381555326
44393	0.002878660135
44394	6.114400453e-05
44395	0.003758206916
44396	0.004444443789
44397	0.0009075242981
44398	0.001589961044
44399	0.0007098617524
44400	0.0004805112546
44401	0.0004061142555
44402	0.0005056796805
44403	0.002126097504
44404	0.001017429836
44405	0.001687454019
44406	0.0006018502085
44407	0.0001444014029
44408	0.002613710436
44409	0.0003711310814
44410	0.0002757369634
44411	0.0005559220706
44412	0.001144660952
44413	0.005695220169
44414	0.0008486837875
44415	0.001031936137
44416	0.002083249067
44417	0.000793355316
44418	0.001301033874
44419	0.005099686246
44420	0.001345755438
44421	0.004074985349
44422	0.0006596431309
44423	0.001355252125
44424	0.001432770205
44425	9.688618163e-05
44426	0.0005729860705
44427	0.0005066727298
44428	0.0001055490287
44429	0.0001394846417
44430	0.000609575541
44431	0.003008947737
44432	0.003289835155
44433	0.005552088438
44434	0.0008705130767
44435	0.00710392388
44436	0.002326219821
44437	0.002008022513
44438	0.005670146709
44439	0.001611585828
44440	0.001488982293
44441	0.001969709904
44442	0.0002749845775
44443	0.00472016811
44444	0.004217382647
44445	0.00250386712
44446	0.003291146952
44447	0.000595761775
44448	0.0008883014745
44449	0.002270595668
44450	0.0008273604706
44451	0.002587856171
44452	0.001852562036
44453	0.0005683614932
44454	0.001554500411
44455	0.0004010328778
44456	0.001423125917
44457	0.003673261123
44458	0.001943993825
44459	0.001701558348
44460	0.002843515291
44461	0.0005021768155
44462	0.0006542722408
44463	0.001575695301
44464	0.001296546475
44465	0.003165257174
44466	1.352930142e-05
44467	0.001190416181
44468	0.005678882761
44469	0.001557365722
44470	0.0004777195289
44471	4.626957226e-05
44472	0.003696973473
44473	0.0007144487222
44474	0.0005101469533
44475	0.0002556529508
44476	4.003885665e-05
44477	0.0002964518543
44478	0.004049946685
44479	0.0005235129507
44480	0.001177022444
44481	0.003689419951
44482	0.002473259898
44483	5.031990766e-05
44484	0.00247234025
44485	0.001605809709
44486	0.005651094404
44487	0.001241474645
44488	0.0034487075
44489	0.006309342025
44490	0.001531938194
44491	0.001093169248
44492	0.002418932765
44493	0.002378831309
44494	0.00275807359
44495	0.003153723134
44496	0.0003783490406
44497	0.002018339797
44498	0.001465668091
44499	0.001005739077
44500	0.001415711067
44501	0.00510928624
44502	0.0002001289779
44503	0.003207432795
44504	0.0006741190139
44505	0.0004667998537
44506	0.001484494117
44507	0.0006064441805
44508	0.001654032011
44509	0.001074642828
44510	0.002757017776
44511	0.0003718458974
44512	0.00216022808
44513	0.002070129531
44514	0.005929272015
44515	0.00110807356
44516	0.001235653928
44517	0.000733254378
44518	0.006479196395
44519	0.006042033985
44520	0.004815498792
44521	0.00548015977
44522	0.00119903669
44523	0.002400803429
44524	0.003323342938
44525	0.003238494297
44526	0.0007965425329
44527	0.003684286541
44528	0.003475994043
44529	0.0008035125856
44530	0.005283472883
44531	0.001850706635
44532	0.005639170621
44533	0.002058480972
44534	0.004110528391
44535	0.001700801984
44536	0.001890401262
44537	8.768867684e-06
44538	0.001738644114
44539	0.004522162151
44540	0.003156568982
44541	0.001364652176
44542	0.004313612188
44543	0.001019796561
44544	0.002176091828
44545	0.007261672887
44546	0.00502849902
44547	0.003997344382
44548	0.000525543495
44549	0.004242792708
44550	0.001618466227
44551	0.0006532453597
44552	0.001315265613
44553	0.003378178458
44554	0.002141460713
44555	0.005868888264
44556	0.003824524035
44557	0.005177150788
44558	0.003443544981
44559	0.003795281979
44560	0.0003917678193
44561	0.00437606274
44562	0.003752287635
44563	0.003627175977
44564	3.869711728e-05
44565	0.006911581141
44566	0.001145906457
44567	0.002626001194
44568	0.001476524709
44569	0.001530430219
44570	0.005568666333
44571	0.001820493591
44572	0.001116770514
44573	0.00409286784
44574	0.007494172552
44575	0.001287053474
44576	0.0006102618258
44577	0.004126178047
44578	0.002688283705
44579	0.0005036837115
44580	0.007076431711
44581	0.002026335896
44582	0.002977635053
44583	0.002039107681
44584	0.0002119258053
44585	0.004707014762
44586	0.002149228432
44587	0.005624507642
44588	0.004097195997
44589	0.0005497097131
44590	0.001762083086
44591	5.478542732e-05
44592	0.001656179987
44593	0.001915143521
44594	0.00260659351
44595	0.002962798582
44596	0.001924841814
44597	0.0006048067439
44598	0.005316302486
44599	0.002111902223
44600	0.003606629722
44601	0.0001660237246
44602	0.0007449082757
44603	0.00299074167
44604	0.006816151121
44605	0.003662448842
44606	0.00109003738
44607	0.0004242788626
44608	0.0008579767508
44609	0.0008131861713
44610	0.002308742498
44611	0.003036578406
44612	0.0008423541682
44613	0.00057609399
44614	0.001249174705
44615	0.0001692845985
44616	0.0001459101671
44617	0.0002654004951
44618	0.0004779517535
44619	0.0008512174768
44620	0.0001142603798
44621	0.0006935227084
44622	0.0009586989229
44623	0.0005478208106
44624	0.001423951695
44625	0.0005540611569
44626	0.0002075466114
44627	3.58355336e-05
44628	0.0005279496651
44629	0.001192322948
44630	0.0009664489411
44631	0.0002104268624
44632	0.001080844038
44633	0.0003932824044
44634	0.0003244552904
44635	0.0008395665673
44636	0.0004148252921
44637	0.001541384608
44638	0.001666041851
44639	0.0008219013571
44640	0.0005555069509
44641	0.0006574100693
44642	0.001738294911
44643	0.002918571828
44644	0.002606655912
44645	0.004909523089
44646	0.005520076671
44647	0.001932636029
44648	0.003006417993
44649	0.0001209666822
44650	0.005014303266
44651	0.001203072703
44652	0.004652739588
44653	0.008988774045
44654	0.001240259382
44655	0.0003020515797
44656	0.00102941339
44657	0.003453222479
44658	0.0007324599569
44659	0.003589411895
44660	0.0001967017064
44661	0.004863912055
44662	0.000513274334
44663	0.007606777169
44664	0.0006012003165
44665	0.001810312262
44666	0.005876672433
44667	0.0007337058766
44668	0.0004323606867
44669	0.001189844475
44670	0.0008864616061
44671	4.310047625e-05
44672	0.0002066474869
44673	0.003811503159
44674	0.003753218296
44675	0.0006459725668
44676	0.001043536346
44677	0.0007053805537
44678	0.001113669424
44679	0.0008072750847
44680	0.0006035024104
44681	9.352616498e-05
44682	0.002073543064
44683	0.001562861268
44684	7.568410398e-05
44685	0.0009697079338
44686	0.0006671965219
44687	0.001843245116
44688	0.0002849275732
44689	0.0005034875462
44690	0.0004445604661
44691	0.001554562895
44692	8.579847549e-05
44693	0.001363692034
44694	0.004265950033
44695	0.002454673339
44696	0.001495214599
44697	0.0001644966653
44698	0.0002660261702
44699	0.001025652117
44700	0.001977711887
44701	0.005446954148
44702	0.007477558055
44703	0.00229241469
44704	0.000129247203
44705	0.004065447925
44706	0.0004230818117
44707	0.000189388477
44708	0.00336205242
44709	0.002584174338
44710	0.0004895508061
44711	0.0006481967996
44712	0.0003859339887
44713	0.002455648978
44714	0.004277515658
44715	0.0009948323784
44716	0.006174581907
44717	0.004449471325
44718	0.0004144973625
44719	0.005364701008
44720	0.003887797932
44721	0.003152285016
44722	0.0006456776819
44723	0.0001479572174
44724	0.0004616785632
44725	0.003247024489
44726	0.0001048809005
44727	0.000535245874
44728	0.0022478719
44729	0.0004496225373
44730	8.662327785e-05
44731	0.0008041150868
44732	0.002569113122
44733	0.006857041182
44734	0.003446938882
44735	0.000254233372
44736	0.0002633492849
44737	0.003050886807
44738	0.0006884697083
44739	0.00101240417
44740	0.007370200188
44741	0.005955840001
44742	0.002373247532
44743	0.001258180244
44744	0.001979610867
44745	0.002129916674
44746	0.002729654477
44747	0.0001095506026
44748	0.003530359914
44749	0.00888703368
44750	0.005276510556
44751	0.0003700069317
44752	0.0007792596725
44753	0.002197322079
44754	0.001803757344
44755	9.469924077e-05
44756	0.00388856103
44757	0.002759711404
44758	0.003440666706
44759	0.005984883455
44760	0.003530068174
44761	0.005297537802
44762	0.000643881293
44763	0.003696358972
44764	0.002662477264
44765	0.002113596044
44766	0.0001074334501
44767	0.007012932603
44768	0.001182248255
44769	0.001157067086
44770	0.0009619428553
44771	0.003351051089
44772	0.00366344088
44773	1.275054587e-05
44774	0.004798141777
44775	0.002629232356
44776	0.002649953057
44777	0.000705322773
44778	0.00153677012
44779	0.002707174426
44780	0.005574430514
44781	0.00030419598
44782	0.006454344131
44783	0.0004635776869
44784	0.0009448257792
44785	0.001383561372
44786	0.005077881653
44787	0.0007969632242
44788	0.001335803437
44789	0.002999470743
44790	0.0002184635778
44791	0.0008753866095
44792	0.0001040550343
44793	0.001082157883
44794	0.0004039002934
44795	0.004801276412
44796	0.002075664465
44797	0.001131678863
44798	0.001987584394
44799	0.0001809653782
44800	0.002873319844
44801	0.0002766296395
44802	0.0009068213328
44803	0.0003501771827
44804	0.001146550988
44805	0.0001285381602
44806	0.002077979024
44807	0.0007879843277
44808	0.0002319757822
44809	0.00169984282
44810	0.006340481447
44811	0.002544937124
44812	0.0009147843946
44813	0.001493160362
44814	0.001937794434
44815	0.002056186953
44816	0.002512989401
44817	0.0005725154046
44818	0.001482052586
44819	0.00143231932
44820	0.001203464173
44821	0.004401939547
44822	0.00134330804
44823	0.002708334465
44824	0.004656867828
44825	0.0002783404009
44826	0.001517702066
44827	0.0007459432933
44828	0.0001809210866
44829	0.003153289583
44830	0.002176221407
44831	0.00352287385
44832	0.002339144354
44833	0.001467857262
44834	0.0005111752371
44835	0.002882978726
44836	0.001772605506
44837	0.003434356014
44838	0.003212584427
44839	0.002639935658
44840	0.005984664688
44841	0.000176666882
44842	0.004047183124
44843	0.0009042051158
44844	0.001197907078
44845	0.0007577205089
44846	0.0004497832492
44847	0.00256775682
44848	0.005689378608
44849	0.001261707474
44850	0.005058271426
44851	0.002049721988
44852	0.0009825966831
44853	0.003536928659
44854	0.001139006461
44855	0.002214231338
44856	0.002238966808
44857	0.004425246097
44858	0.00586517484
44859	0.002899568217
44860	0.003442539669
44861	0.000789424389
44862	0.0002677015185
44863	0.003204048664
44864	0.004169692575
44865	0.001499670905
44866	0.0005879385191
44867	0.0002442530716
44868	9.998009258e-05
44869	0.005013229591
44870	0.0005787093777
44871	0.0003950465461
44872	0.0009119493563
44873	0.001893069984
44874	0.005502997383
44875	0.001375380266
44876	0.004924622696
44877	0.002080160982
44878	0.001178449685
44879	0.0006407162329
44880	0.0003294116149
44881	0.003293674402
44882	0.0006036043838
44883	0.0006191434423
44884	0.002355677808
44885	0.0007007782231
44886	0.004300611557
44887	0.0006999400683
44888	0.001383439091
44889	0.0009116421783
44890	5.053236507e-05
44891	0.001426729222
44892	0.001859756804
44893	0.002751405659
44894	0.00188877219
44895	0.001001857466
44896	0.003785050375
44897	0.0007940212796
44898	0.0004514650105
44899	0.00247675787
44900	0.0006740606906
44901	0.0008042621335
44902	3.64613687e-05
44903	0.0001426569169
44904	0.004135248275
44905	0.00154703662
44906	0.0003225523768
44907	0.004328638313
44908	0.0005174763627
44909	0.001561242009
44910	0.000564807229
44911	0.002678562744
44912	0.0002414215461
44913	9.891883895e-05
44914	0.0005335083907
44915	0.001885428459
44916	0.003349742215
44917	0.002472997845
44918	0.002235972642
44919	0.001238746976
44920	0.0005290979359
44921	0.0006499869307
44922	0.0006268293988
44923	0.0007749344907
44924	0.002911952867
44925	0.0006725766453
44926	0.003468378424
44927	0.0007859811996
44928	0.0001740081663
44929	0.0002623730235
44930	0.001838009926
44931	0.0005651745195
44932	0.0004316851202
44933	0.007421942009
44934	0.001234032158
44935	0.0006179809472
44936	0.0004192573119
44937	0.0002722531926
44938	0.0005572556234
44939	0.001151895758
44940	0.000545238207
44941	0.001435810032
44942	0.0002730262394
44943	0.0001642191824
44944	0.0007048939838
44945	5.841241052e-05
44946	0.007013444387
44947	0.001139034289
44948	0.000960938964
44949	0.001256930147
44950	0.0005005614962
44951	0.0008156284835
44952	7.940452911e-05
44953	0.0004851541638
44954	0.001537713523
44955	0.0004376962465
44956	0.0007144890787
44957	0.001884117274
44958	0.001488732478
44959	0.0007195176175
44960	0.00116401454
44961	0.004136892824
44962	0.001762857105
44963	0.001937631089
44964	0.000609435429
44965	0.004318556719
44966	0.0001137015913
44967	0.0001972733479
44968	5.596576635e-05
44969	0.001892485344
44970	0.000226878127
44971	0.0002127587458
44972	0.004742306473
44973	0.0001782564715
44974	0.000492008299
44975	0.001869816903
44976	0.0003916436842
44977	0.001339433489
44978	0.003086716505
44979	0.005830525554
44980	0.0003336723746
44981	0.0003973659625
44982	0.0003135798316
44983	0.0006160692363
44984	0.001584117853
44985	3.873742415e-05
44986	0.0009806136894
44987	0.006228321205
44988	0.001123483531
44989	0.004230565121
44990	0.005982176412
44991	0.002176290045
44992	0.0009718221983
44993	0.004278876842
44994	7.405024809e-06
44995	0.002018592046
44996	0.004300556466
44997	0.003817850105
44998	0.006856519995
44999	0.003803894065
45000	0.001854874209
45001	0.002551038122
45002	0.0001040958788
45003	0.002503988997
45004	0.009894450609
45005	0.001968734561
45006	0.0005523787135
45007	0.001647687816
45008	0.0004852050505
45009	0.003049608204
45010	0.005790601714
45011	0.0006578551535
45012	0.003839188972
45013	0.0005548436374
45014	0.0006629552496
45015	0.0040054852
45016	0.002363586316
45017	0.004331866363
45018	0.003696633711
45019	0.005177308594
45020	0.0004599327748
45021	0.0009204280112
45022	0.001111992423
45023	0.003872459769
45024	0.000135846889
45025	0.00178381307
45026	0.0008978217116
45027	0.002541694319
45028	0.004239360681
45029	0.0009603446233
45030	0.001797779695
45031	0.0005230984003
45032	0.002029359292
45033	0.0006972528611
45034	0.002726846795
45035	0.001180625433
45036	0.001546649506
45037	0.003336379162
45038	0.008866560105
45039	0.00362670263
45040	0.003617548908
45041	0.003483226575
45042	0.003734466232
45043	0
45044	0.003826654437
45045	0.004016112646
45046	0.001316939844
45047	0.00243426561
45048	0.001078299154
45049	0.001444368167
45050	3.572050496e-05
45051	0.001783376562
45052	0.0009130315163
45053	3.279984905e-05
45054	0.0003878977332
45055	0.001623285589
45056	0.004438710082
45057	0.0004117637656
45058	0.0002811277999
45059	0.0003246211211
45060	0.003472626502
45061	0.0003816567761
45062	0.001788424752
45063	0.001730332111
45064	0.004030469734
45065	0.004468787569
45066	0.0001988051951
45067	0.004651740248
45068	0.0002946600088
45069	0.002104255159
45070	0.002500034097
45071	0.0004954633764
45072	0.0006126225735
45073	0.0007313399641
45074	0.0003340590627
45075	0.001630962208
45076	0.001225518457
45077	0.003175586705
45078	0.0018391414
45079	0.0002633840454
45080	0.003563997253
45081	0.002311327479
45082	0.001052358552
45083	0.001054494488
45084	0.0005911759985
45085	0.0008846983966
45086	4.31211003e-05
45087	2.911883701e-05
45088	0.001189472274
45089	0.0004236836512
45090	0.0008847396574
45091	0.001097057272
45092	0.002217303604
45093	0.004496377973
45094	0.0009847529996
45095	0.001210132938
45096	0.004626360311
45097	0.0009797244142
45098	0.002588108069
45099	0.003242956442
45100	0.0007340528456
45101	0.004913565718
45102	0.001099085713
45103	0.001083881049
45104	0.003816091873
45105	4.433760239e-05
45106	0.001175201669
45107	0.001871426382
45108	0.002918884172
45109	0.00361250723
45110	0.001397063616
45111	0.003239769859
45112	0.0003324925441
45113	0.0005660475847
45114	0.001686364841
45115	0
45116	0.0006147834624
45117	0.0008015336946
45118	0.0001799675274
45119	4.061840517e-05
45120	0.003008907536
45121	0.004735258649
45122	0.0007015936052
45123	0.000990390185
45124	0.001403479358
45125	0.0002973488039
45126	0.003804973955
45127	0.002366746962
45128	0.002128703094
45129	0.00104261887
45130	0.0003114045334
45131	0.002004342483
45132	0.0006288729266
45133	0.004890037591
45134	0.0004878658197
45135	0.002640506577
45136	0.0001536177043
45137	0.0007666557632
45138	0.003841906337
45139	9.004958961e-05
45140	0.003290472542
45141	2.149032366e-08
45142	0.0001218248322
45143	0.001929257065
45144	0.002637458915
45145	0.005412388314
45146	0.002003102715
45147	0.0001478181993
45148	0.001978120474
45149	0.001501231984
45150	0.0007935348409
45151	1.228018468e-08
45152	4.29806464e-08
45153	0.0005188832774
45154	0.0002985329024
45155	0.003060184224
45156	0.004297474302
45157	0.001513144974
45158	0.005188745803
45159	0.001883134495
45160	0.002282804911
45161	0.008282314866
45162	0.002280185811
45163	0.005328366041
45164	0.002518162658
45165	0.002225291195
45166	0.005067277264
45167	0.002405115688
45168	0.0001792436449
45169	0.001232472777
45170	0.0005541035048
45171	0.001355713564
45172	0.0009545615605
45173	0.0006279730914
45174	0.002852126673
45175	0.0009863677753
45176	0.007088392433
45177	0.004884805871
45178	0.002111659816
45179	0.001344643372
45180	0.0003348129043
45181	0.001426344422
45182	0.0001620066205
45183	0.001576972076
45184	0.001693223826
45185	0.001469523168
45186	0.000134265614
45187	0.005400654015
45188	0.0009372988781
45189	0.003471958308
45190	0.002408807295
45191	0.003875015844
45192	0.002392334376
45193	0.003649276466
45194	0.001163084382
45195	0.003253310761
45196	0.002250451161
45197	0.0003964879977
45198	0.002068731521
45199	0.00523230898
45200	0.007881136847
45201	0.002865043781
45202	0.009999229033
45203	0.002738388646
45204	0.002227441614
45205	0.001049531129
45206	0.001076679927
45207	0.007269077778
45208	0.003492074386
45209	0.0006552601317
45210	0.001206427956
45211	0.0008346744092
45212	0.006597779454
45213	0.0005489758248
45214	0.0003477822587
45215	0.007260821745
45216	0.0004685341666
45217	0.001392073262
45218	0.00292769016
45219	0.002356093206
45220	0.0001312993773
45221	0.0001035044706
45222	0.003436247029
45223	0.001986376108
45224	0.001926660317
45225	0.001307380374
45226	0.002343353812
45227	0.0009820906676
45228	0.002735568765
45229	0.006294544663
45230	0.002564073165
45231	0.001435302056
45232	0.001569744183
45233	0.0002221622385
45234	0.002003641584
45235	0.002763866283
45236	0.001121116907
45237	0.004373336482
45238	0.0008482680809
45239	0.002782025224
45240	0.0007002078636
45241	0.003188876438
45242	0.004275147171
45243	0.002488414528
45244	0.001556121955
45245	0.0004406785194
45246	0.000187102312
45247	0.0022839356
45248	0.003355028336
45249	0.001827333257
45250	0.0003807627357
45251	0.0008829236081
45252	0.003759584859
45253	0.003402101196
45254	0.0003368454688
45255	0.006805945002
45256	0.001484667466
45257	0.001678600742
45258	0.006980005766
45259	0.00194682136
45260	0.0006835893656
45261	0.002229141393
45262	0.0009593305605
45263	0.005488312668
45264	0.001228349569
45265	0.001552767527
45266	0.0004773741904
45267	0.001336583922
45268	0.002188993118
45269	0.002236914478
45270	0.003533482143
45271	0.001199852258
45272	0.000150088694
45273	0.001112388212
45274	0.00180475804
45275	0.001654310339
45276	0.004827069255
45277	0.0006793904154
45278	0.0001508147877
45279	0.00623582777
45280	0.0004831966343
45281	0.0007589575723
45282	0.001355616131
45283	0.0007151983941
45284	0.0008442695335
45285	0.0006657311297
45286	0.0005647987404
45287	0.004776079914
45288	0.0003683309005
45289	0.0001914054816
45290	0.00952946095
45291	0.004461595222
45292	0.0007540205054
45293	0.0001847328174
45294	0.006651851973
45295	0.003301603725
45296	0.002789550975
45297	0.001758631743
45298	0.001044564292
45299	0.002444553653
45300	0.0005424442728
45301	0.0001397238497
45302	0.0001982007623
45303	0.003873465012
45304	0.007680606846
45305	0.00319014702
45306	0.006824104241
45307	0.004115284312
45308	0.0003750098459
45309	0.002341080778
45310	0.001897621815
45311	0.0001669640612
45312	0.004139867839
45313	0.0008673109614
45314	0.0006255651996
45315	0.002630155608
45316	0.0002063513925
45317	0.000148447383
45318	0.001204398627
45319	5.096586132e-05
45320	0.000830070723
45321	0.001878028754
45322	0.0004601050304
45323	0.001611009858
45324	0.004946916429
45325	0.001996030131
45326	0.0004309049233
45327	0.005454739764
45328	0.0004732002541
45329	0.00281733826
45330	0.009196668847
45331	1.461662047e-05
45332	0.005587599937
45333	0.002149551774
45334	0.004883779014
45335	0.001462505161
45336	0.0006265858536
45337	2.526355007e-05
45338	0.001618848484
45339	9.351469539e-05
45340	0.0005533356036
45341	0.002073815265
45342	0.00658634898
45343	7.365810276e-05
45344	0.001341334211
45345	0.002484333368
45346	0.00622309852
45347	0.001070159691
45348	0.001276184686
45349	0.000483681713
45350	0.0001759719267
45351	0.002087940836
45352	0.0007813429672
45353	0.002175943173
45354	0.005277615884
45355	0.0002717194156
45356	0.001120208074
45357	0.001990267912
45358	0.00361354499
45359	0.0009255432274
45360	0.004073837663
45361	0.001891902936
45362	0.001139453609
45363	0.001298941367
45364	0.0005692381888
45365	0.002012854898
45366	0.0001930826103
45367	0.002342643416
45368	0.006913949374
45369	0.002224644416
45370	0.006196327346
45371	0.0007452587719
45372	0.001483301144
45373	0.0002343997593
45374	0.001799316654
45375	0.001724889175
45376	0.003661777804
45377	0.0009692336072
45378	0.0004394373975
45379	0.000613866531
45380	0.003489241684
45381	0.0004093303162
45382	0.001437708422
45383	0.002088932873
45384	0.001153035459
45385	0.0002292466326
45386	0.0005346184357
45387	0.002621530049
45388	0.004119526415
45389	0.002412426407
45390	0.0005326157961
45391	0.0005652012994
45392	0.00235308683
45393	0.00100108349
45394	0.00291798498
45395	0.004649959891
45396	0.004212768625
45397	0.0008078775155
45398	0.0006428910166
45399	0.004037217586
45400	0.0003665987973
45401	0.001278567942
45402	0.004126293117
45403	0.005299321561
45404	0.003006616399
45405	0.008566791466
45406	0.001425016529
45407	0.001266129256
45408	0.0008968006857
45409	0.008049469255
45410	0.0001322357471
45411	0.00993808294
45412	0.003309872989
45413	0.0006555175748
45414	0.003572510804
45415	0.0005738014597
45416	0.006441823383
45417	0.00300843576
45418	0.001438111822
45419	0.0004961293695
45420	0.005724162679
45421	0.003608940488
45422	0.005331324927
45423	0.001463673386
45424	0.0001447619745
45425	0.003806209234
45426	0.008116228169
45427	0.007172068025
45428	8.387856939e-05
45429	0.0002646640486
45430	6.2003988e-05
45431	0.005307712159
45432	0.001094284792
45433	0.002282454783
45434	0.001417867891
45435	0.003858400621
45436	0.0002820325205
45437	0.002300575353
45438	0.0002867743698
45439	0.0002185859099
45440	0.0005575190473
45441	0.0008412330359
45442	0.001670510167
45443	0.001212119275
45444	0.006944042669
45445	0.005969192644
45446	0.0007677556875
45447	0.000809666811
45448	0.004592807981
45449	2.149470132e-05
45450	0.005720718415
45451	0.0003755983328
45452	0.001994760952
45453	0.003416812188
45454	0.001595183756
45455	6.923311078e-05
45456	0.000931042322
45457	0.0007990084911
45458	1.732456265e-05
45459	0.0005400541327
45460	0.00205447061
45461	0.001145966364
45462	0.000911285253
45463	0.003314486186
45464	0.002767704769
45465	0.006831669876
45466	4.978940086e-05
45467	0.0002090239596
45468	0.001029967822
45469	0.0003592053882
45470	0.0009129503091
45471	0.0001025995514
45472	0.003772444864
45473	0.0006095583562
45474	0.000991745961
45475	0.0007883069264
45476	0.005652870995
45477	0.001216305646
45478	0.001260728121
45479	0.002657109125
45480	0.001074587207
45481	0.002662271714
45482	0.001702720859
45483	0.00108725509
45484	0.002851234092
45485	0.008731986633
45486	0.00180374152
45487	0.001712547274
45488	0.0003136183161
45489	0.003274896976
45490	0.0007726557907
45491	1.002850509e-05
45492	0.008025979082
45493	0.0001959864719
45494	0.001715659805
45495	0.004488292035
45496	0.008330200229
45497	0.0001621249224
45498	0.002240163701
45499	0.0007788880667
45500	0.0006590534376
45501	0.003672895476
45502	0.004454988107
45503	0.006018906762
45504	0.0004187055838
45505	0.002669302374
45506	0.003209160865
45507	0.001165078099
45508	0.002515990983
45509	0.003641016098
45510	0.003222853549
45511	0.002364239316
45512	0.001745848534
45513	0.003068761782
45514	0.0003368713739
45515	0.002160812028
45516	0.001912705057
45517	0.002052663037
45518	0.000367637366
45519	0.005066327579
45520	0.004228028984
45521	0.001394694263
45522	0.0004067873111
45523	0.001704991737
45524	0.0002390888436
45525	0.0009034111398
45526	0.001741168846
45527	0.00141286202
45528	0.0001838906735
45529	0.0001371862187
45530	0.006884188247
45531	0.0003688884236
45532	0.001436886178
45533	0.001624190303
45534	0.0006730425451
45535	0.001773460697
45536	0.0003493301195
45537	0.002423853746
45538	0.001361685958
45539	0.002044300305
45540	0.004533971936
45541	0.002320428961
45542	0.0007645677439
45543	0.004386354969
45544	0.0003984465182
45545	0.0001589389905
45546	0.0002266631041
45547	0.000963818848
45548	0.0001888524977
45549	0.0002466269533
45550	0.001861857072
45551	0.0003353928111
45552	0.000580298933
45553	0.000202736363
45554	0.006411494195
45555	0.00178735362
45556	0.0009471360683
45557	0.0008565629077
45558	0.0008458327627
45559	0.004507299274
45560	0.001081808552
45561	0.003564724444
45562	0.0009735121276
45563	0.0009073145152
45564	6.335501646e-05
45565	0.0005332271907
45566	0.004128196302
45567	0.0004257091105
45568	0.001743398846
45569	0.006469762217
45570	6.59246631e-05
45571	0.003735309892
45572	0.0006563244283
45573	4.793500077e-06
45574	0.00315070373
45575	0.00281951424
45576	0.002135404423
45577	0.0007885833106
45578	0.002140158231
45579	0.001868916842
45580	0.0009916569026
45581	0.002502989685
45582	0.002765551981
45583	0.00203809785
45584	0.00533690477
45585	0.000473338626
45586	0.007835537716
45587	0.006498491035
45588	0.002706762403
45589	0.002512357843
45590	0.0009570731037
45591	0.0007300411818
45592	0.004205807866
45593	0.0003506138026
45594	0.0009558074874
45595	0.007181669341
45596	0.002425684362
45597	0.002602403865
45598	0.00304363384
45599	0.005227456763
45600	0.006006529254
45601	0.001331390283
45602	0.0004282999307
45603	0.001013538622
45604	0.0004649278501
45605	0.0006256108636
45606	0.007647328748
45607	0.004109907311
45608	0.000347941362
45609	0.008019259979
45610	0.00403201038
45611	0.006206442447
45612	0.002042412603
45613	0.009742680245
45614	0.002059626654
45615	0.001267125067
45616	0.0005887886306
45617	0.002706233491
45618	0.0001929697841
45619	0.001355002016
45620	0.001592718717
45621	0.001133738916
45622	0.002411133375
45623	0.002170317736
45624	0.002274107978
45625	0.001144781166
45626	0.001972685222
45627	0.007521032888
45628	0.002198601954
45629	0.0009349568924
45630	0.00124495967
45631	0.003029874639
45632	0.00319261712
45633	0.0007145250745
45634	0.001954639594
45635	0.002499020121
45636	0.001942727826
45637	0.0005302819603
45638	0.0001487415505
45639	0.0003417784843
45640	0.0007117734293
45641	0.004342130341
45642	0.006984756264
45643	0.0004967185844
45644	0.002596094583
45645	0.0006915624083
45646	0.0005253025941
45647	0.001658804645
45648	0.00716564336
45649	0.001946816878
45650	0.0004859201856
45651	0.002275551842
45652	0.01119862252
45653	0.0004729183426
45654	0.0001449423176
45655	0.000315275605
45656	0.0004957531101
45657	0.002550727996
45658	0.003015233144
45659	0.002103058303
45660	0.001140071483
45661	0.0004705818446
45662	0.0001431179182
45663	0.0006471768984
45664	0.001506995815
45665	0.001534960182
45666	0.003132859976
45667	0.00765764336
45668	0.001047800954
45669	0.001012838855
45670	0.0002087004323
45671	0.00306569265
45672	0.002843998181
45673	4.248715286e-05
45674	0.005080115442
45675	0.003023516974
45676	0.005963397908
45677	0.0003576583567
45678	0.0008249017412
45679	0.002007758604
45680	0.0001371686267
45681	0.00436613869
45682	0.0005452454392
45683	0.001744656259
45684	0.002474265705
45685	0.002560049619
45686	0.001185081073
45687	0.002465797938
45688	0.005552891744
45689	0.00235943967
45690	0.003027909293
45691	0.007176345817
45692	0.0004583606837
45693	0.0006624821319
45694	0.0003052461216
45695	0.002384902061
45696	0.007699944656
45697	4.194071245e-05
45698	0.004880015758
45699	0.001001131773
45700	0.001538745754
45701	0.007500084042
45702	0.006208444369
45703	0.002192468403
45704	0.0007774978209
45705	0.001530528999
45706	9.757588969e-05
45707	0.001253305758
45708	0.001121194807
45709	0.001132343632
45710	0.0006277144081
45711	0.0002343049669
45712	0.0008463321351
45713	0.0003041363142
45714	0.000150607318
45715	0.0007816841494
45716	0.0008767283014
45717	0.0002625158882
45718	0.0003176284554
45719	0.0001052737316
45720	0.0007459053562
45721	0.0005944204503
45722	0.0004245051369
45723	0.001583864306
45724	0.0006632484341
45725	4.684389463e-05
45726	0.002085770145
45727	0.0003529524653
45728	0.002417890378
45729	0.0007676283554
45730	0.0008469063438
45731	0.001959457126
45732	0.006400108727
45733	0.002187155701
45734	0.000689873497
45735	0.00231060309
45736	0.0001278504285
45737	0.00286771248
45738	0.00435862817
45739	0.002375145082
45740	0.003179673237
45741	0.0005676144798
45742	0.0005096571347
45743	0.003635533791
45744	0.001287272265
45745	0.002876678895
45746	0.004623804503
45747	0.008178653809
45748	0.000349600808
45749	0.0009750483366
45750	0.0006639298605
45751	0.005801273364
45752	0.0006522534901
45753	0.00289830019
45754	0.0009453311913
45755	0.0004938376538
45756	0.001254308924
45757	0.0009184170594
45758	0.0005842443745
45759	0.0002822324679
45760	0.0009527093183
45761	0.005592685906
45762	0.008010176401
45763	0.003829584487
45764	0.001615927407
45765	0.003069434735
45766	0.0006216911157
45767	0.005449981354
45768	0.004288561772
45769	0.002439359826
45770	0.0001730185163
45771	0.001334598428
45772	0.003126652557
45773	0.003305921203
45774	0.002981950887
45775	1.11144706e-05
45776	0.002471776439
45777	0.001681584953
45778	0.002702445076
45779	0.0001253322564
45780	0.004876977921
45781	0.001080994087
45782	0.002129349476
45783	0.001178549916
45784	0.00117555936
45785	0.0004568717349
45786	0.0003070488563
45787	0.002702376714
45788	0.0032598483
45789	0.006529101706
45790	0.004175311936
45791	0.001490627416
45792	0.0006617093058
45793	0.001639864492
45794	0.002346328499
45795	0.002496615924
45796	0.00150261946
45797	3.684055408e-08
45798	0.003320986834
45799	0.0008736692801
45800	7.285090092e-05
45801	3.388888607e-05
45802	6.486800579e-05
45803	0.0003729590265
45804	0.001355537622
45805	0.0001737404213
45806	0.0002802366714
45807	2.605438701e-05
45808	0.0003725962413
45809	0.000296023715
45810	3.87009654e-05
45811	0.004923987365
45812	0.001079535112
45813	0.001570914885
45814	0.005858286512
45815	0.001496013357
45816	0.005901222118
45817	0.004443160429
45818	0.002228065508
45819	0.0001952743703
45820	0.001361743865
45821	0.004588075473
45822	0.001824981138
45823	0.004660829969
45824	0.002847961862
45825	0.005351363922
45826	0.0007819484039
45827	7.619212176e-05
45828	0.003062270511
45829	0.0001670934809
45830	0.0005477341393
45831	0.003007837499
45832	0.003354402499
45833	0.00107717117
45834	0.001943223235
45835	0.00163668773
45836	0.0003099092468
45837	0.003456811086
45838	0.003116682823
45839	0.002206329966
45840	0.002660258875
45841	0.002846231828
45842	0.00268327002
45843	0.002604629518
45844	0.003529790876
45845	0.00523077601
45846	0.00292150232
45847	0.003135927632
45848	0.003256253492
45849	0.002895102387
45850	0.003087034497
45851	0.002910216955
45852	0.002962838853
45853	9.229505638e-06
45854	0.002403551875
45855	0.001885136305
45856	0.003367034923
45857	0.002988730081
45858	0.002276312191
45859	0.002623330022
45860	0.002384159345
45861	0.00351842035
45862	0.001004716534
45863	0.001821269409
45864	0.001627495272
45865	0.003530179825
45866	0.0005530704558
45867	0.0006788458716
45868	0.00148918049
45869	0.0002469577813
45870	0.001206897955
45871	0.001186718863
45872	0.0009225690512
45873	0.0002563932652
45874	0.0001154336984
45875	0.0005953870413
45876	0.002124315161
45877	0.000357212338
45878	0.0001556596298
45879	0.003259379899
45880	0.000587248112
45881	0.0001894887865
45882	0.0001695363602
45883	0.001325253946
45884	0.001356215019
45885	0.002448256471
45886	0.002061618993
45887	0.0005910631609
45888	0.0008714689892
45889	0.002376650031
45890	0.003087498695
45891	0.0002159441498
45892	0.000857536548
45893	0.000971660979
45894	0.0001542997583
45895	3.591954023e-07
45896	0.0003568611296
45897	0.0004174163362
45898	0.0002975403526
45899	0.0007204978877
45900	0.0002148231796
45901	0.002420616352
45902	0.002748732275
45903	0.0001672831016
45904	0.0009492887636
45905	0.0001664491563
45906	0.002526380747
45907	0.0001701154042
45908	0.002079199798
45909	7.512097269e-05
45910	0.001515303367
45911	0.001880628692
45912	0.003030113774
45913	0.0007464982193
45914	0.0007754323756
45915	0.002555857501
45916	0.00558310741
45917	0.001460837459
45918	0.001136764029
45919	0.0004805140379
45920	0.001906066963
45921	0.0004931070813
45922	0.001349993087
45923	0.001061212482
45924	0.0003210001457
45925	0.0004595570411
45926	0.0004636916083
45927	0.0006327771836
45928	0.0003508913755
45929	0.001061489136
45930	0.001692152798
45931	0.000261145122
45932	0.0003869694342
45933	0.0003382367735
45934	0.0009986661192
45935	0.002167372084
45936	0.003513439023
45937	0.0006565890621
45938	0.002949490629
45939	0.0005707087444
45940	0.0004873532056
45941	0.0001865784261
45942	0.0003542692439
45943	0.0007314281305
45944	0.0002004158542
45945	0.001419038564
45946	9.467123963e-05
45947	0.0006932565916
45948	0.002910615538
45949	0.00258821719
45950	0.002247669217
45951	0.001748517469
45952	0.0009178964112
45953	6.876903429e-07
45954	0.0003684659872
45955	0.0004488125781
45956	0.002378762677
45957	0.0004098523059
45958	2.059654677e-05
45959	0.001398799979
45960	0.004002046333
45961	0.003524140638
45962	0.002898426077
45963	0.002078879757
45964	0.003150988887
45965	0.0008871618677
45966	0.0005157095272
45967	0.000247407972
45968	0.003021374351
45969	0.006400013705
45970	0.00150567627
45971	0.0002992833662
45972	0.003178895997
45973	0.0001836535579
45974	8.344639122e-05
45975	0.001098352514
45976	8.480457187e-05
45977	0.0004191230093
45978	0.001707445046
45979	0.001503335127
45980	0.000489653384
45981	0.003424071795
45982	0.002981232799
45983	0.003410275005
45984	0.000150380514
45985	0.001943770731
45986	0.002183811384
45987	0.00388334019
45988	0.0006813853583
45989	0.001296523255
45990	0.003201404269
45991	0.002785183857
45992	0.0002482791897
45993	0.001222982008
45994	0.002000446215
45995	0.001797608642
45996	0.004729716331
45997	0.000413624271
45998	0.003764702801
45999	0.001488474757
46000	0.0008074613475
46001	0.00450553723
46002	0.002293401182
46003	0.003678948394
46004	0.001212841986
46005	0.003236226967
46006	0.001331585668
46007	0.001914694598
46008	0.0004995172231
46009	0.001990436618
46010	0.0004348067282
46011	0.005318980928
46012	0.00436621182
46013	0.006021392227
46014	0.0001448404457
46015	0.002771143496
46016	0.005660985332
46017	0.0001234519399
46018	0.0001521290267
46019	0.0007660213779
46020	0.003933557461
46021	0.002886115638
46022	0.002804057719
46023	0.003206327282
46024	8.941789909e-05
46025	0.003667210574
46026	1.543318503e-05
46027	0.0002760112456
46028	0.001489378674
46029	0.0004329941893
46030	0.001103561011
46031	0.001642220703
46032	0.001410337688
46033	0.002054616701
46034	0.0001852205869
46035	0.001798530961
46036	0.00423517809
46037	0.0007284245994
46038	0.006952706913
46039	0.0005661792541
46040	0.0009746943975
46041	0.002753948283
46042	0.0006665745365
46043	0.005554335414
46044	0.002077144616
46045	0.003378630054
46046	0.005723997424
46047	0.003131702664
46048	0.0003316061305
46049	9.76319487e-05
46050	0.002597456576
46051	0.0003415916477
46052	0.0006828829857
46053	0.0003550161545
46054	0.0003351161087
46055	0.002673311629
46056	0.002909548782
46057	0.0002514914619
46058	0.0004233832006
46059	0.0002816677545
46060	0.003893625177
46061	0.001014589368
46062	0.001350358483
46063	0.001258309235
46064	0.0006744774902
46065	0.0001236981479
46066	0.0001698117104
46067	6.692501304e-05
46068	0.001121697921
46069	0.009681389664
46070	0.004032221614
46071	0.0005267017282
46072	0.003871729373
46073	0.001922929972
46074	0.004709392321
46075	0.0003148737945
46076	0.0007950713954
46077	6.380978226e-05
46078	0.001758854516
46079	0.002191302375
46080	0.0005703796189
46081	0.0007613253996
46082	0.0002534213737
46083	0.0005776854942
46084	0.003058626836
46085	0.002938647269
46086	0.001002343397
46087	0.007466641551
46088	0.004144602373
46089	0.0004843987492
46090	0.00189373469
46091	0.00639601565
46092	0.003290353368
46093	0.0025638243
46094	0.001155677392
46095	0.00118733049
46096	0.001558082779
46097	0.003511664821
46098	0.005093694264
46099	0.004788388601
46100	0.0006454164871
46101	0.003794392938
46102	0.001229925817
46103	0.0008811875276
46104	0.001829416667
46105	0.002274479714
46106	0.00155880438
46107	0.001898522861
46108	0.001977389899
46109	0.0002818161987
46110	0.001424265071
46111	0.00171466257
46112	0.0002614247517
46113	0.002223802956
46114	0.001197857223
46115	0.002595847761
46116	0.0005375042509
46117	0.0003850569251
46118	0.001960826468
46119	0.001612602789
46120	0.0002499347856
46121	0.0001739808223
46122	0.001599259926
46123	0.0007140391647
46124	0.0002946902857
46125	0.0009698858008
46126	0.0001311142577
46127	0.003698355214
46128	0.0007357859978
46129	0.003005327712
46130	0.003027398587
46131	0.003930398996
46132	0.0003111388347
46133	0.00159719326
46134	0.0003035628463
46135	0.002275804781
46136	0.002281921068
46137	0.003883760075
46138	0.002683648338
46139	0.0003836597784
46140	0.001349278642
46141	0.002691366344
46142	0.002697733463
46143	0.00199465383
46144	0.001112341678
46145	0.0001679037618
46146	0.001783510454
46147	0.0005644398546
46148	0.0003009501441
46149	0.0005832489204
46150	0.001388661921
46151	0.0005857535402
46152	0.001175576985
46153	0.00100765194
46154	0.007085250137
46155	0.001191777369
46156	0.0006695319748
46157	0.0005060838202
46158	0.005189646247
46159	0.007498296085
46160	0.004965087193
46161	0.003996876423
46162	0.0008657015399
46163	0.003807218923
46164	0.002191519705
46165	0.005638258533
46166	0.009545941425
46167	0.00204690321
46168	0.001652704193
46169	0.001702456231
46170	0.0009235234909
46171	0.0003453035576
46172	0.006199924466
46173	0.01037896125
46174	0.00786173606
46175	0.001643714472
46176	0.003849833643
46177	0.005617211397
46178	0.001901301013
46179	0.0001623502325
46180	0.004998744415
46181	0.0008167005595
46182	0.001631219135
46183	0.001005880732
46184	0.001685266732
46185	0.003560379164
46186	0.001246062412
46187	0.006316501589
46188	0.005936217866
46189	0.001800128073
46190	0.00222455932
46191	0.0003598171655
46192	7.911168061e-05
46193	0.0007065435269
46194	0.001293188412
46195	6.416492467e-05
46196	0.001300098969
46197	0.001200704727
46198	0.00213227558
46199	0.0004311824835
46200	7.285988073e-05
46201	0.00416214387
46202	0.0002076977477
46203	0.002959199145
46204	0.0003510823889
46205	0.004194179473
46206	0.001803104854
46207	0.002113945079
46208	0.0005372635015
46209	0.004014858915
46210	0.002963348121
46211	0.002398915349
46212	0.003951590531
46213	0.0007973347789
46214	0.001610623838
46215	0.002319484101
46216	0.003658106817
46217	0.0005793925818
46218	0.0008762269984
46219	0.0001252474369
46220	0.0005182807065
46221	0.0003296683183
46222	0.001793247885
46223	0.0004670340525
46224	0.0004170318185
46225	0.0009619801449
46226	0.0006776878371
46227	0.0027358366
46228	0.001724345949
46229	0.002194382964
46230	0.001596140146
46231	0.001784452569
46232	0.00270896441
46233	0.001469760715
46234	0.001203527312
46235	0.0007126543389
46236	0.0008892835092
46237	0.005805743284
46238	0.002307867162
46239	0.001372260949
46240	0.002854929707
46241	0.004638046951
46242	0.001691664244
46243	0.004788833306
46244	0.0004285309119
46245	0.001295176252
46246	0.000883591126
46247	0.001129646537
46248	0.0009022790683
46249	0.002954844007
46250	0.004225291121
46251	0.002631852007
46252	0.003835711849
46253	0.001059006976
46254	0.003513251212
46255	0.001984547731
46256	0.00227786257
46257	0.000555485323
46258	0.0004040379348
46259	0.0008682792819
46260	0.00211834954
46261	0.0001455451578
46262	0.002426686445
46263	0.005297948706
46264	0.001286198748
46265	0.0006279752663
46266	0.0004564290764
46267	0.0002883771458
46268	0.005523151633
46269	0.003921702437
46270	0.001140370412
46271	0.002746233419
46272	0.004107628475
46273	0.000673424078
46274	0.00598889758
46275	0.003587834239
46276	0.003334517546
46277	0.001185695082
46278	0.001257842817
46279	0.005365739177
46280	0.009003171213
46281	0.001718249661
46282	0.002853713329
46283	0.001091533904
46284	0.001781590793
46285	0.006595161887
46286	0.0008930524812
46287	0.0005807556731
46288	0.007901353305
46289	0.00144109579
46290	0.002608838003
46291	0.006124270188
46292	0.0003448624956
46293	7.651413029e-06
46294	0.001596633683
46295	0.00142495431
46296	0.003514132556
46297	0.000377067303
46298	0.005055285491
46299	0.0001670435954
46300	0.002424121869
46301	0.002863312566
46302	0.002203785804
46303	0.0003510568488
46304	0.00144675523
46305	0.001038586762
46306	0.0002040588344
46307	0.003731778005
46308	0.001423340009
46309	0.0002840029135
46310	0.0007625821537
46311	0.0004604122092
46312	0.0003882592263
46313	0.004589206436
46314	0.003234279488
46315	0.0007574906183
46316	0.0019117664
46317	0.001850556934
46318	0.00464901963
46319	0.002184139025
46320	0.002380140917
46321	0.005266739643
46322	0.002725128654
46323	0.002984666229
46324	0.006719660303
46325	0.00475026982
46326	0.001642824294
46327	0.001091837307
46328	0.001460731917
46329	0.0002602258595
46330	0.007084371466
46331	0.0001482651455
46332	0.005355078539
46333	3.240758858e-05
46334	0.0003913398529
46335	0.0006166255799
46336	0.0008808904794
46337	0.001616417161
46338	0.001695803677
46339	0.005129013854
46340	0.0003068847074
46341	0.001258400127
46342	0.002046337395
46343	0.001614697777
46344	0.004758375124
46345	0.00420899882
46346	0.001748599243
46347	0.002715290909
46348	0.0005389552627
46349	0.003959086875
46350	0.002622377998
46351	0.002839891649
46352	0.00200402251
46353	0.006406322074
46354	0.0001439347412
46355	0.005014209534
46356	0.005668126154
46357	0.006688555425
46358	0.003142514572
46359	0.004747092802
46360	0.002554039752
46361	0.0003289931534
46362	0.0002577843827
46363	0.004002157848
46364	0.002179473067
46365	0.004285244821
46366	0.001776285135
46367	0.004368659486
46368	0.0007403023064
46369	0.002958530613
46370	0.003088782029
46371	0.003680040323
46372	0.001510474271
46373	0.005664286446
46374	0.00384708631
46375	0.001808738309
46376	0.00186484619
46377	0.001456808366
46378	0.001513827099
46379	0.001414975035
46380	0.001500737631
46381	0.001435117421
46382	0.001691116536
46383	0.001287245344
46384	0.001377977623
46385	0.001712973976
46386	0.00218541748
46387	0.001317438255
46388	0.001558710023
46389	0.0008707114792
46390	0.00167875963
46391	0.001798366813
46392	0.0001092547133
46393	0.001719156336
46394	0.001438338965
46395	0.001433938884
46396	0.001479743639
46397	0.001559014405
46398	0.001289644076
46399	0.000977861956
46400	0.00223274014
46401	0.001767923193
46402	0.001502333891
46403	0.001622693773
46404	0.001115669501
46405	0.0003638262499
46406	0.0004241307362
46407	0.001721314285
46408	0.001198503143
46409	0.0008110205786
46410	0.0004449022452
46411	0.0017136314
46412	0.0007739070136
46413	0.001307525167
46414	0.0001765822183
46415	0.001083173512
46416	0.0003376435738
46417	0.0005394052258
46418	0.001011409735
46419	0.001010117357
46420	0.0005765163967
46421	0.00106028848
46422	0.0009605587893
46423	0.0008279235783
46424	0.0009656574197
46425	2.764213789e-05
46426	0.0008418257396
46427	0.001367647366
46428	0.0007016231443
46429	0.000708511591
46430	0.0009584052668
46431	0.0006217924867
46432	0.0004992898705
46433	0.0005887844756
46434	0.000406769757
46435	0.0008664931287
46436	0.0007455030493
46437	0.001513739536
46438	0.0006617050784
46439	0.001250888382
46440	0.001472568828
46441	0.001036079562
46442	0.0006640098209
46443	0.001233671676
46444	0.0005160534822
46445	0.0002043157226
46446	0.0008861234477
46447	0.0003288404599
46448	0.0007231149582
46449	0.000161179778
46450	0.0007708749238
46451	5.182827358e-05
46452	0.001018293598
46453	7.565489042e-05
46454	0.0009336539058
46455	0.0001287887224
46456	0.0009033918052
46457	0.001935281511
46458	0.0005756039719
46459	4.621761378e-06
46460	0.001186162673
46461	0.0006253325389
46462	0.0004275002547
46463	0.001394192778
46464	0.001235419631
46465	0.001365543334
46466	0.00229341953
46467	0.00354599974
46468	0.0003734925771
46469	9.760613891e-06
46470	0.0007827370836
46471	0.002398884378
46472	0.003999242642
46473	0.001257479531
46474	0.004583032154
46475	0.002251113017
46476	0.0006440025763
46477	0.005657012395
46478	0.006549640353
46479	0.007094107746
46480	0.003790242861
46481	0.001120209067
46482	4.708772843e-05
46483	0.002702741467
46484	0.0004734967743
46485	0.0006675041144
46486	0.0002468306208
46487	0.002515149476
46488	0.0005737316494
46489	0.003526882786
46490	0.0008907235838
46491	0.0001836997774
46492	8.843665693e-05
46493	0.0002995113458
46494	0.00117647342
46495	0.0009404299846
46496	0.0002169317953
46497	0.0009337181005
46498	0.0007879978373
46499	0.001038806019
46500	0.0004415478532
46501	0.00157155934
46502	0.0003299084436
46503	0.001163655328
46504	0.005483228688
46505	5.55438745e-05
46506	0.005617666771
46507	0.002398011893
46508	0.0007830437069
46509	0.006682060203
46510	4.462059027e-05
46511	0.004626945588
46512	0.001422949903
46513	0.003530044636
46514	0.001543506456
46515	0.004141463859
46516	7.675264683e-05
46517	0.00251405914
46518	0.007286103554
46519	0.003410207527
46520	0.002103868863
46521	0.0004052739668
46522	0.0002307671927
46523	0.0003944883727
46524	0.000927485889
46525	0.002587273064
46526	0.003354525312
46527	0.005978990619
46528	0.001757224716
46529	0.0009328699863
46530	0.00554364493
46531	0.003660543398
46532	0.00320621338
46533	0.005728137185
46534	0.0013864993
46535	0.001735122899
46536	0.002295851725
46537	0.004977931872
46538	0.0002509852397
46539	0.004284944354
46540	0.003004137558
46541	0.002339414217
46542	0.0004037384169
46543	0.0003614145534
46544	0.002345563144
46545	7.075567101e-05
46546	0.01107542026
46547	0.009621776917
46548	0.003156790067
46549	0.00136580271
46550	0.0004157451956
46551	0.002420545202
46552	0.001070435396
46553	0.0009486249869
46554	0.0003223821475
46555	0.0001501972017
46556	0.005803512001
46557	0.000443754702
46558	0.0003567066241
46559	0.00315961651
46560	0.002815324311
46561	0.002801791791
46562	0.000851734405
46563	0.0008376110617
46564	0.002216936786
46565	0.002389064667
46566	0.00334325986
46567	0.0004256829592
46568	0.003989656793
46569	0.001548455139
46570	0.001059582052
46571	0.0006825563446
46572	0.0008121228338
46573	0.00298457723
46574	0.004481837705
46575	0.0001400851362
46576	0.0009789979503
46577	0.002683455242
46578	0.003085789045
46579	0.0003944099206
46580	0.0009278389892
46581	0.0043664261
46582	0.007155303248
46583	0.002578055177
46584	0.003769365515
46585	3.601630205e-05
46586	0.001153979639
46587	0.00221080888
46588	0.0003342013521
46589	0.008497636617
46590	0.001154768629
46591	0.005931862473
46592	0.001682858339
46593	0.002735789275
46594	0.00174620245
46595	0.001577148451
46596	0.005098414785
46597	0.00312867148
46598	0.0006722355212
46599	0.002243405819
46600	0.002156663169
46601	0.004303865799
46602	0.003297969835
46603	0.003008462028
46604	0.0005554832089
46605	0.0007175826364
46606	0.0002821931919
46607	0.004685254384
46608	0.0005287586536
46609	0.001774767225
46610	0.001816143862
46611	0.001901197453
46612	0.0007096057083
46613	0.001723196215
46614	0.0008224161243
46615	0.002535185148
46616	0.002717421588
46617	0.001757660055
46618	0.0005712765913
46619	0.002000381844
46620	0.001727484512
46621	0.001761650699
46622	0.01395143529
46623	0.001083559036
46624	0.00184248843
46625	0.000345624377
46626	0.001043389277
46627	0.002618413944
46628	0.002984762234
46629	0.002586920038
46630	0.0007370074465
46631	0.0004413034125
46632	0.001272809417
46633	0.001754634358
46634	0.00106036695
46635	0.0007398951352
46636	0.0006531825951
46637	0.001159136569
46638	0.003290171696
46639	0.001665056918
46640	0.005386452485
46641	0.0001640900065
46642	0.002060189874
46643	0.007373192848
46644	0.00202845061
46645	0.009756392698
46646	0.0006364283146
46647	6.182285118e-05
46648	0.0001085010717
46649	0.002460724704
46650	0.0005540383861
46651	0.0007347319496
46652	0.00187878833
46653	0.0005689533247
46654	0.0001602694784
46655	0.000746019166
46656	0.001032131443
46657	0.002969184852
46658	0.002360306739
46659	0.003682244796
46660	0.0006185352933
46661	0.0003739294549
46662	0.001509628784
46663	0.0002347808134
46664	0.000545365084
46665	0.007607623533
46666	0.003849348139
46667	0.001962275084
46668	0.001785813082
46669	0.006010022806
46670	0.001033196167
46671	0.001243488547
46672	0.002295425928
46673	0.001588547966
46674	0.00335476347
46675	0.002558399201
46676	0.002521304393
46677	0.0001091548894
46678	0.003892660032
46679	0.002248545238
46680	0.003205694996
46681	0.0001832122461
46682	0.001791672576
46683	0.001594567184
46684	0.0002596635705
46685	0.002234556007
46686	0.001692322519
46687	0.005876009528
46688	0.001533707333
46689	0.005004345347
46690	0.001389555439
46691	0.00195825469
46692	0.0003460542786
46693	0.006583244289
46694	0
46695	0.004811469758
46696	0.0006021233529
46697	0.002575771449
46698	0.005298267766
46699	0.003355760596
46700	0.007431522936
46701	0.001241032755
46702	0.0009036689028
46703	0.002581560115
46704	0.0001798586117
46705	0.001436899569
46706	0.00494768212
46707	0.001088086627
46708	0.001425535366
46709	0.0001506255807
46710	0.0008525490296
46711	0.001877110955
46712	0.00175870784
46713	0.001331282697
46714	0.003894075676
46715	0.001415103825
46716	0.004144730891
46717	0.002171746495
46718	0.002149726098
46719	0.0029501949
46720	0.002621859166
46721	0.0009067615289
46722	0.002202884432
46723	0.0009963268439
46724	0.001964380519
46725	0.0040508118
46726	0.002846443603
46727	0.0006408385165
46728	0.002208441525
46729	0.001194353259
46730	0.004289621115
46731	9.864297171e-05
46732	0.00113328562
46733	0.0007081944176
46734	0.0002985232559
46735	0.0002338378674
46736	0.0001824873449
46737	0.00180595806
46738	0.005519516728
46739	0.002877700568
46740	0.001323162624
46741	0.002825098634
46742	0.002411740464
46743	0.001462654952
46744	0.002231951235
46745	0.004812055554
46746	0.0008320750427
46747	0.003762832107
46748	8.119318595e-06
46749	0.001343783308
46750	0.0002312119835
46751	0.001685771825
46752	0.0008949497909
46753	0.003804555723
46754	0.0007854893787
46755	0.000368687007
46756	0.00049113898
46757	0.004309680626
46758	0.001407321462
46759	0.0005863252433
46760	0.001435948101
46761	0.001050832482
46762	0.0001552864547
46763	5.218203092e-05
46764	0.001730607554
46765	0.002042016239
46766	0.0008294063544
46767	0.003357670842
46768	0.000736685025
46769	0.001088424707
46770	0.0001568249931
46771	0.002591897413
46772	0.00285454168
46773	0.003155997624
46774	0.0001077220156
46775	0.004097809935
46776	0.0001501383614
46777	0.0004974533828
46778	0.0002477236091
46779	0.003951143259
46780	0.004426135149
46781	0.0001546431466
46782	0.000450418415
46783	0.00200637882
46784	0.003147277502
46785	0.001273119013
46786	0.002059061202
46787	0.00187315257
46788	0.003632136072
46789	0.0005488877563
46790	0.008497122556
46791	0.0006803615057
46792	0.005548694051
46793	0.002751733357
46794	0.002232715303
46795	0.001804918902
46796	0.004791963463
46797	0.001565216052
46798	0.002648289035
46799	0.007061182294
46800	0.003643418033
46801	0.005368872703
46802	0.007709820476
46803	0.002148214281
46804	0.005004713215
46805	0.005165896753
46806	0.005364261163
46807	0.004080355666
46808	0.001662182845
46809	0.002374495085
46810	0.004682432623
46811	0.001267774375
46812	0.00382988706
46813	0.001066186153
46814	0.0001577141097
46815	0.004711360969
46816	0.004755073512
46817	0.002816915626
46818	0.002997933182
46819	0.001891739748
46820	0.0002620812078
46821	0.0008033852316
46822	0.0002781031352
46823	0.005173748921
46824	0.001437772104
46825	0.003088390542
46826	0.0007219717898
46827	0.005225118835
46828	0.002569599716
46829	0.002904497775
46830	0.0004914691067
46831	0.005166453887
46832	0.0003559087152
46833	0.001063359685
46834	0.00378331176
46835	0.001273194174
46836	0.001941558344
46837	0.001545798486
46838	0.001222398338
46839	0.00243284582
46840	0.001709671772
46841	0.0008704902189
46842	0.0005069241412
46843	0.0008752396069
46844	0.005704228045
46845	0.001377522158
46846	0.0006521890094
46847	0.001503220809
46848	0.0007859001453
46849	0.007728516818
46850	0.005478015668
46851	0.002186595066
46852	0.0008123851826
46853	0.0005489094774
46854	0.003731266608
46855	7.697340267e-06
46856	0.001128163534
46857	0.006577037475
46858	0.0009877327603
46859	0.003098639086
46860	0.004503571965
46861	0.0001662507062
46862	0.004511395594
46863	0.004030439957
46864	0.002204763715
46865	0.004047937144
46866	0.0006749133853
46867	0.0003501537374
46868	0.006916641668
46869	0.001932416779
46870	0.0009928317544
46871	0.001640555209
46872	0.0005044000353
46873	0.0050375852
46874	0.003152553311
46875	0.0002477468739
46876	0.0001701251879
46877	1.556412734e-05
46878	0.002995581231
46879	0.0006116739557
46880	0.0001544724227
46881	0.008270003457
46882	0.0001903686142
46883	0.0005264434147
46884	0.006113550614
46885	0.0004229454715
46886	0.0002823277404
46887	0.0003572620516
46888	0.004367651576
46889	8.830570258e-05
46890	0.0004195711251
46891	0.0002503529781
46892	0.002521467334
46893	0.002019245372
46894	0.0008585603156
46895	0.002694057492
46896	0.004626982687
46897	0.0008840264249
46898	3.464018991e-05
46899	0.005362288402
46900	0.001958823747
46901	0.0001228299222
46902	0.003630130879
46903	0.0004911526786
46904	0.0001941558868
46905	0.0005184867308
46906	0.001447174299
46907	0.001484560327
46908	0.0004330883285
46909	0.001975549942
46910	0.001169769466
46911	0.001939128449
46912	0.002706964659
46913	0.001776455132
46914	0.005508777209
46915	0.002524203812
46916	0.000354202179
46917	0.0005763373669
46918	0.0006025880791
46919	0.0006582705595
46920	0.005423527262
46921	0.001815588148
46922	6.156082509e-05
46923	0.003265844465
46924	0.0003257866101
46925	0.001673508465
46926	0.002995089793
46927	0.0005866989292
46928	0.0008644076398
46929	0.002970153398
46930	0.003916814885
46931	0.002562917268
46932	0.01020517208
46933	0.00695892187
46934	0.003690713291
46935	0.0009501701706
46936	0.002692308455
46937	0.002900552027
46938	0.00132471638
46939	0.003422094335
46940	0.002073810404
46941	0.001010067077
46942	0.0004472808625
46943	0.001173225627
46944	0.004594231179
46945	0.002111943739
46946	0.0004258960411
46947	7.808390976e-05
46948	0.001040495365
46949	6.821529632e-06
46950	0.002788347687
46951	0.003156484294
46952	0.001089061506
46953	0.005071808769
46954	0.0005478048983
46955	0.0008564875983
46956	0.0002367923295
46957	0.0001271505693
46958	0.005392798061
46959	0.001712774064
46960	0.002023944767
46961	0.005448192521
46962	0.0004146612065
46963	0.001761529045
46964	0.0001557042126
46965	0.002895364922
46966	0.002776499629
46967	0.001180529972
46968	0.006058792752
46969	0.001582105597
46970	0.002900992983
46971	0.001166109868
46972	0.000429482594
46973	0.001709691717
46974	0.006639713395
46975	7.677836633e-06
46976	0.003677214876
46977	0.001706908442
46978	0.002781357588
46979	0.00218806185
46980	0.0009661532332
46981	0.001396597599
46982	0.002003214103
46983	0.001129323529
46984	0.005134692592
46985	2.255402549e-05
46986	0.0001107043217
46987	0.001900940844
46988	0.002928174284
46989	0.0001192142438
46990	0.00093994676
46991	0.0005217515276
46992	0.0005984067229
46993	0.002947868062
46994	0.002050283225
46995	0.000999372429
46996	0.002292176147
46997	0.0006563123766
46998	0.002502413542
46999	0.0001781426255
47000	0.00205645656
47001	0.003105824556
47002	0.0006900474611
47003	0.002581581412
47004	0.001109571454
47005	0.0003724348572
47006	0.005687393157
47007	0.00455160689
47008	0.00262126502
47009	0.001277367984
47010	0.001449843702
47011	0.005140277042
47012	0.004749991012
47013	0.0003784165843
47014	7.432072689e-05
47015	0.0005301988842
47016	0.001849580639
47017	0.001643438798
47018	0.0008351448617
47019	0.003973549021
47020	0.003742399745
47021	0.004133985485
47022	0.000627365132
47023	0.0002275097324
47024	0.0003673425488
47025	0.002009859815
47026	0.0005944839166
47027	0.0004627612028
47028	0.0001870580612
47029	0.0005035663796
47030	0.0003647454457
47031	0.001712741705
47032	0.000708877381
47033	0.001039554084
47034	0.00328477829
47035	0.0007773313891
47036	0.00159192141
47037	0.001437808446
47038	0.0008289282078
47039	0.004018138982
47040	0.006494839787
47041	0.001348673024
47042	0.0007959162611
47043	0.005341253751
47044	0.0004608066673
47045	0.000273018103
47046	0.002208730102
47047	0.0001091920678
47048	0.004536067281
47049	0.0002078378765
47050	0.002848077077
47051	0.0009106932311
47052	0.002674811029
47053	0.001093155821
47054	0.0004487677886
47055	0.001782447075
47056	0.002083560048
47057	0.002081136827
47058	0.001665987826
47059	0.0008111925038
47060	0.001026918355
47061	0.001792085513
47062	0.0006050025075
47063	0.003118154212
47064	0.001076925308
47065	0.003748431027
47066	0.006356613536
47067	0.0001923080846
47068	0.003628398692
47069	0.0002683255252
47070	0.005997364625
47071	9.097700435e-05
47072	0.005950779628
47073	0.00350198259
47074	0.001793826016
47075	0.0006780603549
47076	0.001623099496
47077	4.716892374e-05
47078	0.003344768304
47079	0.001801666387
47080	0.00435765695
47081	0.001922070429
47082	0.004770369152
47083	0.001736351106
47084	0.0004255250648
47085	0.001527299488
47086	0.004295488676
47087	0.003768375627
47088	0.0004667763979
47089	0.0002206974741
47090	0.0003896062239
47091	0.001227571219
47092	0.001289829776
47093	0.001120045614
47094	0.0008731163729
47095	0.003292786133
47096	0.002153772508
47097	0.0004825325884
47098	0.001298761068
47099	0.005845780825
47100	0.0005475722665
47101	0.00172514054
47102	0.004704316218
47103	0.003961110247
47104	9.636830874e-05
47105	0.002334833326
47106	0.00422893977
47107	0.001920345935
47108	0.001169665333
47109	0.001183531333
47110	0.0029206538
47111	0.0055845457
47112	0.0008801993369
47113	0.007342750373
47114	0.0006055989157
47115	0.004062553
47116	0.0001575237142
47117	0.0001676152639
47118	0.0001790642191
47119	0.003759219347
47120	0.004174769364
47121	0.0007559190431
47122	0.002497326586
47123	0.001933674791
47124	0.003708390332
47125	0.002778185615
47126	0.0006296665682
47127	0.001382262496
47128	0.001695649425
47129	0.003144658431
47130	0.001703795588
47131	0.003603440649
47132	0.001796980933
47133	0.006473903296
47134	0.00239267065
47135	0.000222596457
47136	0.006704484693
47137	0.005959025245
47138	0.0008050714792
47139	0.002057377491
47140	4.426514845e-06
47141	0.005067729359
47142	0.002115093133
47143	0.0003897262589
47144	0.001301542287
47145	0.0007063455705
47146	0.0004580437292
47147	0.001414711391
47148	0.0046769845
47149	0.0008350906551
47150	0.0004639084271
47151	0.001647192423
47152	0.003359659131
47153	0.0008198983748
47154	0.0001426926267
47155	0.002317015871
47156	0.001361136648
47157	0.0005596134786
47158	0.0003063145907
47159	0.001116449436
47160	0.002947073151
47161	7.012540924e-05
47162	0.003673142133
47163	0.002806747206
47164	0.001411784835
47165	0.003045909625
47166	0.0009924635561
47167	0.0008855643503
47168	0.0002561452009
47169	0.000967232317
47170	0.001286976362
47171	0.001486177152
47172	0.0009289255948
47173	0.00167414034
47174	0.000253803436
47175	0.001330550602
47176	0.002485670183
47177	0.001126905614
47178	0.001180711156
47179	0.0007731192768
47180	0.007955852574
47181	0.006172627187
47182	0.002303028077
47183	0.001384922464
47184	0.002357120517
47185	0.001352193701
47186	0.002330635805
47187	0.002951476644
47188	0.0008352782458
47189	0.003309897538
47190	0.001801906644
47191	0.001775671928
47192	0.0003275576691
47193	0.0005467472749
47194	0.0002573545834
47195	0.001015306069
47196	0.002296575506
47197	0.001388240285
47198	0.000451345594
47199	0.003021578871
47200	0.002188719835
47201	0.0009434508004
47202	0.005334307946
47203	0.004263467633
47204	0.00118428249
47205	0.0009484909244
47206	0.003407147255
47207	0.002240579764
47208	0.002133503058
47209	0.000409193822
47210	0.003790602261
47211	0.001397058001
47212	0.0001403999608
47213	0.0008870034379
47214	0.002557947335
47215	0.0004230188752
47216	0.001819590138
47217	0.0004161399903
47218	0.000128770935
47219	0.002904953371
47220	0.005958907766
47221	0.00538213544
47222	0.002208469719
47223	0.00241162549
47224	0.006378115946
47225	0.001602004605
47226	0.001066233647
47227	0.003827340163
47228	0.004576925415
47229	0.003514428768
47230	0.002270595863
47231	0.001357381897
47232	0.0002733467475
47233	0.001257044683
47234	0.001025409161
47235	0.002604422323
47236	0.0004870584368
47237	0.0006493400895
47238	0.0005364773093
47239	0.0007558270881
47240	0.0009507805824
47241	0.001309784233
47242	0.003550070114
47243	0.002966616706
47244	0.002956609559
47245	0.001645032328
47246	0.0009312741039
47247	0.0008290362411
47248	0.0005505968797
47249	0.0004235487904
47250	9.911927029e-05
47251	0.0004065064636
47252	8.08597934e-05
47253	0.001175731446
47254	0.0001913630819
47255	0.0002202779611
47256	0.00149741014
47257	0.0001260168333
47258	0.0008001707242
47259	0.003918334043
47260	0.003297691262
47261	0.001006216898
47262	0.002069657807
47263	0.001812611608
47264	0.0002399638111
47265	0.0008078936165
47266	0.003553077985
47267	0.001295827449
47268	0.00167034802
47269	0.0002447735722
47270	0.0005633579283
47271	0.0002815213022
47272	0.001958795187
47273	0.002613663853
47274	0.002056446575
47275	0.006151494747
47276	0.001932243484
47277	0.001100060278
47278	0.002288369308
47279	0.00350677368
47280	0.006259987912
47281	0.006493555945
47282	0.0007908322191
47283	0.0003527026885
47284	0.003198546635
47285	0.0004455431106
47286	0.005959379985
47287	0.004563509057
47288	0.0002772042348
47289	0.002248806436
47290	0.001086373767
47291	0.007778890768
47292	0.001694669658
47293	0.0003054269933
47294	0.003848464776
47295	0.0007162479265
47296	0.001854066198
47297	0.003013769564
47298	0
47299	0.003288302477
47300	0.001847064287
47301	0.0003134594508
47302	0.003463560136
47303	0.002555565996
47304	0.001012193307
47305	0.001020494077
47306	0.001932339114
47307	0.001805387504
47308	0.007539187511
47309	0.001091793175
47310	6.753172071e-05
47311	0.003462144175
47312	0.001470676192
47313	0.001650404411
47314	0.003532587465
47315	0.001578190694
47316	0.00403918346
47317	0.001407611592
47318	0.004023730621
47319	0.00824285162
47320	0.01306139452
47321	0.0005824353046
47322	0.0038289041
47323	0.007294843248
47324	0.005847211429
47325	0.003140371381
47326	0.001660534395
47327	0.004777256139
47328	0.0002025004505
47329	0.003990910251
47330	0.009637199979
47331	0.00400118179
47332	0.0008279184005
47333	0.001788460114
47334	0.001172742484
47335	0.000542679438
47336	0.0001571845705
47337	0.001421224591
47338	0.003445636412
47339	0.0005011222528
47340	0.001104499919
47341	0.004166578076
47342	0.002678995087
47343	0.007057187186
47344	0.001756843554
47345	0.001574035763
47346	0.001168671056
47347	0.003104114639
47348	8.762356684e-05
47349	0.0001860156244
47350	0.0002809391413
47351	0.0002914041099
47352	0.0002213113538
47353	0.001561180046
47354	8.082888151e-05
47355	0.002649813211
47356	0.0007360659501
47357	2.32350416e-05
47358	0.0002803703071
47359	0.003825833342
47360	0.00216380915
47361	0.000162048983
47362	0.001639365747
47363	0.001305211605
47364	0.0006358111346
47365	0.001070631325
47366	0.0006460751148
47367	0.002462797131
47368	0.001788067679
47369	0.007376435741
47370	0.004910504278
47371	0.003677817988
47372	5.357214958e-05
47373	0.001987021271
47374	0.002246592501
47375	0.0001923406331
47376	0.003247681412
47377	0.0003501065282
47378	0.001233238919
47379	0.001217227151
47380	0.001089115933
47381	0.002188257898
47382	0.0005381696876
47383	0.0007038061446
47384	0.0001074705153
47385	0.003921609669
47386	7.451272576e-05
47387	0.002049378888
47388	0.002595291201
47389	0.001789294092
47390	0.003872245232
47391	0.003774474474
47392	0.001185769674
47393	0.006641344843
47394	0.001155570556
47395	0.0008602974881
47396	0.001706764666
47397	0.002728199714
47398	0.003533654195
47399	0.0009821968239
47400	0.0004328367995
47401	0.006971341428
47402	0.001127970159
47403	0.001778377847
47404	6.871585491e-05
47405	0.0007492833191
47406	0.001370905394
47407	0.001162533657
47408	0.002763509015
47409	0.0006117727473
47410	0.002151762381
47411	0.001088511404
47412	0.0006521277168
47413	0.003571955704
47414	0.001896405672
47415	0.007697145194
47416	0.003723058049
47417	0.001829983217
47418	0.000240890645
47419	0.0001645838724
47420	0.0003862754556
47421	0.001129261544
47422	5.98350153e-05
47423	5.99715805e-05
47424	0.0008131789499
47425	0.000587523003
47426	0.001356933958
47427	0.000649041374
47428	0.0009583075128
47429	0.0009648933402
47430	0.004389614513
47431	0.0008256947693
47432	0.001953939459
47433	0.001992344933
47434	0.002918885639
47435	0.001516560727
47436	0.00468137013
47437	0.0001808443716
47438	0.001540789192
47439	0.0004343295939
47440	0.0007230268561
47441	0.001101846464
47442	0.0007673564599
47443	0.002340313011
47444	0.000720862564
47445	0.0006406863727
47446	0.002387317654
47447	0.001602917099
47448	0.001442403043
47449	0.002954457387
47450	0.0007625252693
47451	0.005275449972
47452	0.002900909195
47453	0.00115784809
47454	0.002771032412
47455	0.000431330276
47456	0.005284033715
47457	0.0006366404748
47458	0.004561313092
47459	0.0007296143551
47460	0.001247050466
47461	0.001201488535
47462	0.003568497051
47463	0.002676965548
47464	0.002312942972
47465	0.009743804342
47466	0.001278638729
47467	0.0001884149673
47468	0.0006098658135
47469	0.001211474032
47470	0.0001771932298
47471	0.001966684727
47472	0.001377553582
47473	0.001415069114
47474	0.001706801705
47475	0.0006746028129
47476	0.0001438186343
47477	0.003053788624
47478	0.001118036907
47479	0.007166195957
47480	0.0009455896576
47481	0.0004020385399
47482	0.001077906596
47483	0.004232259424
47484	0.0009262706619
47485	0.005229409289
47486	0.004483807102
47487	0.00127633912
47488	0.003268032905
47489	0.004431394135
47490	0.001607225981
47491	0.003627607792
47492	0.0002637337425
47493	0.002462879026
47494	0.002721762002
47495	0.00222289682
47496	0.0002290974363
47497	0.0007412426511
47498	0.000717685352
47499	0.0002872426843
47500	1.33718283e-05
47501	0.0009707655162
47502	0.001902091114
47503	0.001459240335
47504	0.004048671439
47505	0.001446154137
47506	0.0003940839513
47507	0.0009547484553
47508	0.001249945569
47509	4.453100528e-05
47510	0.002277485765
47511	0.0004424498884
47512	0.001128924317
47513	0.003322164592
47514	0.003730547745
47515	0.000451201193
47516	0.00341357084
47517	0.00615524521
47518	0.001691746955
47519	0.0002741863254
47520	0.004941176785
47521	2.62964542e-05
47522	0.004544808178
47523	0.002745925294
47524	0.0005880101317
47525	0.00547802974
47526	0.005213155919
47527	0.0005403072029
47528	0.006137127461
47529	0.006922604049
47530	0.001306834526
47531	0.004466748982
47532	0.001157467327
47533	0.006111157958
47534	0.005349169222
47535	0.000274332131
47536	0.001165442826
47537	0.0002645101257
47538	0.0008353381474
47539	0.002155014433
47540	0.001508069728
47541	0.003147002864
47542	0.0004356162971
47543	0.002107865711
47544	0.00516016059
47545	0.0006777748097
47546	0.0008586909665
47547	0.0006261105828
47548	0.004444569443
47549	0.002649302348
47550	0.001456521456
47551	0.0002695974727
47552	0.0008359196578
47553	0.0001238300395
47554	0.0005196323168
47555	0.000649141521
47556	0.00021078635
47557	0.0006777230028
47558	0.000127135104
47559	0.0002578236252
47560	0.007441699533
47561	0.0002303129969
47562	0.00171193404
47563	3.171107764e-06
47564	0.0008451117015
47565	0.001266380718
47566	0.001500916382
47567	0.00497949032
47568	0.003398768567
47569	0.003351622231
47570	0.00262255498
47571	0.001744326909
47572	0.003008124917
47573	0.004826132484
47574	0.0003750489502
47575	0.001249343336
47576	6.908224648e-05
47577	0.005801100485
47578	0.001095133031
47579	0.0003285237557
47580	0.001566755845
47581	0.00142053735
47582	0.0005025677223
47583	9.080811211e-05
47584	0.0002421137919
47585	0.003280868646
47586	0.0004932243613
47587	3.06070096e-05
47588	0.001937692597
47589	0.001984544022
47590	0.0001090401229
47591	0.001389487183
47592	0.0004207848646
47593	0.003199465035
47594	0.00147064155
47595	0.0001549843512
47596	0.002410656827
47597	0.00155654764
47598	0.0008885066797
47599	0.002353658339
47600	0.003689418638
47601	0.0003420918391
47602	0.0006204758468
47603	0.0003634297353
47604	0.004476875696
47605	0.000405715355
47606	0.002466428646
47607	0.002678404771
47608	0.0001840102186
47609	0.0009288586285
47610	0.003151033375
47611	0.001106302197
47612	0.002190570731
47613	0.001315828848
47614	0.005245596581
47615	0.0004808958938
47616	0.0007240703202
47617	0.001360025901
47618	0.001079051949
47619	0.001618568396
47620	0.001654316494
47621	0.002714038443
47622	0.002028829654
47623	0.0007958385206
47624	0.0006647087198
47625	0.001583137768
47626	0.001932475386
47627	0.0002260941666
47628	0.0008255773609
47629	0.0008819087388
47630	0.00226100385
47631	0.004958383492
47632	0.0001778999087
47633	0.0006018350191
47634	0.001130987403
47635	0.003427666476
47636	6.684257429e-05
47637	0.001215052433
47638	0.0007716130655
47639	0.001056875376
47640	0.0007670085816
47641	0.001410069688
47642	0.001521661074
47643	0.001570138804
47644	0.001289841596
47645	0.001160906398
47646	0.0004924379087
47647	0.004503107748
47648	0.001131222652
47649	0.001792937176
47650	0.006054212724
47651	0.004866211606
47652	0.002859127768
47653	0.005435845293
47654	0.003177205674
47655	0.00302184311
47656	0.0003428295724
47657	0.002065005747
47658	0.002056813217
47659	0.002052435658
47660	0.0001710929622
47661	0.003188331739
47662	0.002491507137
47663	0.004119952934
47664	0.005618066474
47665	0.0006450788228
47666	0.005278872897
47667	0.000171325888
47668	0.002284423206
47669	0.001141795395
47670	0.00126524152
47671	0.0009948692113
47672	0.002137420308
47673	0.001676541006
47674	1.3233722e-05
47675	0.0004583192053
47676	0.003472008387
47677	0.002578413403
47678	2.986065625e-05
47679	0.0002507437118
47680	0.003534284678
47681	0.001822180076
47682	0.0004724954778
47683	0.0005154100236
47684	0.002251871159
47685	0.002257345442
47686	0.002473993299
47687	0.003307682516
47688	0.001044497798
47689	0.002818770273
47690	0.001096264776
47691	0.0002336944542
47692	0.004574678161
47693	0.003334582351
47694	0.002073827692
47695	0.0007489770635
47696	0.0005320167901
47697	0.0009288830814
47698	0.0008300572015
47699	0.002716597641
47700	0.001453575443
47701	0.0005543964935
47702	0.0008052779878
47703	0.001961105119
47704	0.001243799242
47705	0.00467551282
47706	0.001259743819
47707	0.0009773428172
47708	0.001658817608
47709	0.00123595954
47710	0.001431850174
47711	0.0003436402294
47712	0.002187295724
47713	0.001459409017
47714	0.001361695514
47715	0.004185718595
47716	0.003622112273
47717	0.005844236815
47718	0.004565938208
47719	0.002091069803
47720	0.0007800487471
47721	0.002815539241
47722	0.001266380393
47723	0.001466293431
47724	0.00210532233
47725	0.0007034617809
47726	0.0005985656617
47727	0.003169872754
47728	0.0002341600492
47729	0.0004196027672
47730	0.0005986993928
47731	9.575598809e-06
47732	0.0003067269895
47733	0.001028688495
47734	0.005078381936
47735	0.0003084146465
47736	0.0004046028068
47737	0.004943678303
47738	0.006863202284
47739	0.003421133676
47740	0.00709524776
47741	0.0001136691185
47742	0.0005105363542
47743	0.001159397605
47744	0.00287774203
47745	0.0003363441386
47746	8.22695986e-05
47747	0.00224584417
47748	0.001818268391
47749	0.00015827319
47750	0.004410797274
47751	0.0008003717812
47752	0.00228088631
47753	0.001190961201
47754	0.0002200537026
47755	0.001224695457
47756	0.001946745586
47757	9.189671897e-05
47758	0.0005256840916
47759	0.0040759782
47760	0.002536041696
47761	0.0008450821047
47762	0.001261284413
47763	0.006130107323
47764	0.007208213559
47765	0.001730281498
47766	0.0001691851826
47767	0.0001281401741
47768	0.000723689784
47769	0.0005553014329
47770	0.0002327597393
47771	0.0005609758383
47772	0.0002272482565
47773	0.0006600421892
47774	1.851386769e-05
47775	0.0005046220016
47776	0.0002918987979
47777	0.0003546101264
47778	0.0001774020883
47779	0.0003804933745
47780	1.843689563e-05
47781	0.0004074704653
47782	0.0001427170248
47783	0.0005100039328
47784	0.0004873556733
47785	0.00017867666
47786	0.0009758096668
47787	6.222578269e-05
47788	0.000719884093
47789	0.001637382099
47790	0.001637403589
47791	0.0004523507349
47792	0.0007292306065
47793	0.002839225286
47794	0.004970656881
47795	0.001412134965
47796	0.002830542721
47797	0.001236058423
47798	0.0009548220264
47799	0.002572801355
47800	0.002527845459
47801	0.001086254159
47802	0.002898747999
47803	0.002452577305
47804	0.002419542482
47805	0.0009715062502
47806	0.003218807754
47807	0.0002435950656
47808	3.48430692e-06
47809	0.001715118059
47810	0.00322189148
47811	0.0001294796659
47812	0.001049425899
47813	0.002508698227
47814	0.002403159411
47815	0.002736057151
47816	0.006438284714
47817	0.0007004824681
47818	0.00324574263
47819	0.0003496254377
47820	0.002332085543
47821	0.001327581576
47822	0.005381404435
47823	0.001259672752
47824	0.001881725551
47825	0.003983950556
47826	0.001841963063
47827	0.002754067793
47828	0.006870947213
47829	0.0001060549784
47830	0.001504402661
47831	0.002665048501
47832	0.001239717815
47833	0.0009766341538
47834	0.002770937593
47835	0.004651935889
47836	9.378012422e-05
47837	0.001945097482
47838	0.001464156246
47839	0.003117042286
47840	0.002176174946
47841	0.006577604263
47842	0.0004870111135
47843	6.045347266e-05
47844	0.0008577312493
47845	0.002480269386
47846	0.0006025391438
47847	0.002640209896
47848	0.001586661561
47849	0.003501585084
47850	0.0009848893281
47851	0.002672166808
47852	0.001247037152
47853	0.0009081869099
47854	0.001845037472
47855	0.003954523733
47856	0.001096829465
47857	0.001442123964
47858	0.0009445110582
47859	0.003606017494
47860	0.001269898489
47861	0.002309210876
47862	0.004622943551
47863	0.0008133992063
47864	0.002095939691
47865	0.002617877659
47866	0.002888458225
47867	0.001151909045
47868	0.001385940136
47869	0.002347805425
47870	0.001870052651
47871	0.0004782961523
47872	0.0009421835455
47873	0.001365674336
47874	0.001350262748
47875	0.001681187211
47876	0.0004217166798
47877	0.001599113862
47878	0.003483557293
47879	0.004963686125
47880	0.0008804693361
47881	0.001426088952
47882	0.001032842784
47883	0.001900232919
47884	0.0002208287831
47885	0.003521838299
47886	0.004017549835
47887	0.0007445261066
47888	0.0007433167264
47889	0.003911567835
47890	0.0007195098253
47891	0.0008014324319
47892	0.0004483675357
47893	0.005967650899
47894	0.00159197575
47895	0.00121642428
47896	0.00252019091
47897	0.0003663518254
47898	0.0006051845721
47899	0.004577042013
47900	0.0008977307372
47901	0.001722620989
47902	0.0001520155653
47903	0.001414949832
47904	0.002568122365
47905	0.00437420753
47906	0.0002865451765
47907	8.557942437e-05
47908	0.000493113491
47909	0.001952366092
47910	0.008652714649
47911	0.0001707211998
47912	0.0008990708033
47913	0.0008569224663
47914	0.001692798763
47915	0.000920692666
47916	0.001951835117
47917	0.002032111907
47918	0.0004556040156
47919	0.0002934271799
47920	0.00147506439
47921	0.0002167064786
47922	0.001066206389
47923	0.0001794838102
47924	0.0004099010541
47925	0.0003215406637
47926	0.0003105502011
47927	0.003779669816
47928	0.003623698056
47929	0.005797300148
47930	0.0009848061332
47931	0.007654020413
47932	0.001878927405
47933	0.001481457381
47934	0.0038004057
47935	0.000948503535
47936	0.0005244185398
47937	0.001867589756
47938	0.007363380041
47939	0.003667155471
47940	0.0003142671907
47941	0.002830912652
47942	0.0004284631343
47943	0.003182386127
47944	0.001310342578
47945	0.003876180385
47946	0.005169594688
47947	0.0005804976201
47948	0.002136967025
47949	0.0007415516221
47950	0.0008711872666
47951	0.0001763428793
47952	0.0002925812878
47953	0.001133835697
47954	0.001397569148
47955	0.001737713347
47956	0.001678374825
47957	0.001709883222
47958	0.001154687635
47959	0.007075692459
47960	0.0009801624587
47961	0.000827502001
47962	0.001015187319
47963	0.002037003046
47964	0.001246573441
47965	0.003343958927
47966	0.001130388957
47967	0.0001408651992
47968	0.0006202220244
47969	0.002686160934
47970	0.001497421999
47971	0.003518483951
47972	0.002807467133
47973	0.003091468013
47974	0.001932785477
47975	0.001559877027
47976	0.0001619107996
47977	0.002583062136
47978	0.0009907691904
47979	1.240822917e-05
47980	0.002863944363
47981	0.001115122169
47982	0.0004276476892
47983	0.001378721905
47984	0.004216839695
47985	0.0009054321966
47986	0.00116306703
47987	0.006251759692
47988	0.004040106521
47989	0.0005131159792
47990	0.001136539859
47991	0.003771194168
47992	0.001772526212
47993	0.003541524761
47994	0.003774250381
47995	0.004803796085
47996	0.0001292778465
47997	0.000767872863
47998	0.003431761126
47999	0.002664374473
48000	0.001661769166
48001	0.002680164202
48002	9.556611824e-05
48003	0.0004933257009
48004	0.007131723749
48005	0.002715839927
48006	0.0001871951862
48007	0.002808912751
48008	0.001218584867
48009	0.0002859356579
48010	0.0085109901
48011	0.006088001116
48012	0.001552137353
48013	0.003797474034
48014	0.00141747514
48015	0.004689887161
48016	0.002613038479
48017	0.00214740368
48018	0.0008542523107
48019	9.138737593e-05
48020	0.01112692517
48021	0.001455241589
48022	0.001205856598
48023	0.002243315995
48024	0.007443073732
48025	0.003454284146
48026	0.0006845174901
48027	0.002549615515
48028	0.007622176406
48029	0.001264282409
48030	9.595318694e-05
48031	0.003505213049
48032	0.0005820874361
48033	0.0004981883833
48034	0.001334637484
48035	0.0003710889049
48036	0.009358614325
48037	0.007668008425
48038	0.0005309146369
48039	0.0006236354322
48040	0.0008409177999
48041	2.562339318e-05
48042	0.001490243819
48043	0.004729746451
48044	0.000113771593
48045	0.0004249933692
48046	0.0001535374622
48047	0.00111703341
48048	0.004424556362
48049	0.001043818435
48050	0.0026199662
48051	0.0002761209073
48052	0.002227874799
48053	0.001504367332
48054	0.0006411176767
48055	0.0005138208379
48056	0.006085651569
48057	0.003206370596
48058	0.0005465586532
48059	0.00348780806
48060	0.0005586609685
48061	0.003077849536
48062	0.0003583813241
48063	0.001929785563
48064	0.002390332906
48065	0.001591702505
48066	0.002623362333
48067	0.002439795599
48068	0.0001340236115
48069	0.0008481846903
48070	0.0003674930246
48071	0.002305151814
48072	0.0002015744507
48073	0.003312355372
48074	5.569733002e-05
48075	0.003755432702
48076	0.002623723957
48077	0.0006417101641
48078	0.002193795769
48079	0.001109194768
48080	0.001532374278
48081	0.005135810194
48082	0.003335471718
48083	0.004875185924
48084	0.004089531919
48085	0.00032888522
48086	0.001237071567
48087	0.006373244284
48088	0.004636807792
48089	0.0008512709951
48090	0.008103770106
48091	0.0008316010026
48092	0.00281349026
48093	0.0006879697729
48094	0.001713447504
48095	0.0006647829124
48096	0.002224724638
48097	0.006506868736
48098	0.0006094190459
48099	6.627720088e-06
48100	0.0006564775543
48101	0.0004129365643
48102	0.0002074578589
48103	4.026234666e-05
48104	0.002709879712
48105	0.001425867653
48106	0.008383334472
48107	0.001535527215
48108	8.976122754e-05
48109	0.0003818978183
48110	0.0006694421425
48111	0.00363946022
48112	0.001074949832
48113	0.002551934757
48114	0.003774087217
48115	0.001143092762
48116	0.003651354662
48117	0.0005670413087
48118	0.002589692334
48119	0.003972756409
48120	0.000519568764
48121	0.0008615787891
48122	0.0007926919914
48123	0.001295362351
48124	0.0003759846739
48125	0.0005503969
48126	0.001424019732
48127	0.001791538406
48128	0.0001181622503
48129	0.0008199999639
48130	0.003962255045
48131	0.006927849198
48132	0.001161733434
48133	0.001784372175
48134	0.00281950939
48135	0.0008614576572
48136	0.008439238023
48137	0.001133650867
48138	0.002063465437
48139	0.001891754548
48140	0.002909497451
48141	0.004853913865
48142	0.006432816495
48143	0.004142955417
48144	0.006464308895
48145	0.003276587485
48146	0.0008555982638
48147	0.005902074247
48148	0.00516767771
48149	0.001739188596
48150	0.000176416095
48151	0.003151518705
48152	0.002509304816
48153	0.0001500875818
48154	0.007356218179
48155	0.004316119006
48156	0.004856699389
48157	0.001631441426
48158	0.0003110136158
48159	0.0002729568137
48160	0.005660176469
48161	4.634452854e-05
48162	0.004870677304
48163	0.002141828392
48164	0.0003777514023
48165	0.006859266126
48166	0.001951614372
48167	0.004718260017
48168	0.004052097229
48169	0.000177134289
48170	0.005325296445
48171	0.0002703812103
48172	0.0001195542525
48173	0.003638087469
48174	0.0009067452374
48175	0.0002525115032
48176	0.0005424043009
48177	0.005108042625
48178	0.002706262874
48179	0.004320059816
48180	0.0009352744505
48181	0.002397307768
48182	0.001562096643
48183	0.002015016479
48184	0.0001734872027
48185	0.0002749609037
48186	0.0003808866677
48187	9.067981611e-05
48188	0.003428572509
48189	0.003756056199
48190	0.0005907635997
48191	0.004997893389
48192	0.001597940225
48193	0.002665922959
48194	0.000435516856
48195	0.00549487596
48196	0.001206334029
48197	0.00186724787
48198	0.005933633413
48199	0.000846074353
48200	0.0008785580051
48201	0.007598625798
48202	0.0002141500035
48203	0.002478184972
48204	0.001657615697
48205	0.001843915316
48206	0.005432081334
48207	0.0002340411735
48208	0.0001205129533
48209	0.001636717688
48210	0.0005404771505
48211	0.0050671997
48212	0.0008637327341
48213	0.002601579756
48214	0.0002717631098
48215	0.0005839180553
48216	0.003098830249
48217	0.003369166344
48218	0.0002912013626
48219	0.006300036572
48220	0.006910525267
48221	0.001523419264
48222	0.0004002734261
48223	0.004852337308
48224	0.00104959164
48225	0.0009632475643
48226	0.000210433173
48227	0.003343043322
48228	0.003778708455
48229	0.001378536471
48230	1.384036495e-06
48231	0.00499059151
48232	0.0001810033242
48233	0.005545114928
48234	0.0002158709658
48235	0.00179899231
48236	0.0003347016914
48237	8.37284221e-05
48238	0.0007661927979
48239	0.0001536879448
48240	0.001372713554
48241	0.0005956929372
48242	0.003974402834
48243	0.003895632952
48244	0.0001804090719
48245	0.001581649666
48246	0.002528963046
48247	0.0003111336131
48248	0.0008631972279
48249	0.003771522677
48250	0.001560034647
48251	0.001514989166
48252	0.0005143888182
48253	0.001590996723
48254	0.002358591129
48255	0.0001560374926
48256	0.001508459888
48257	0.00181471483
48258	0.001271531822
48259	0.003189757855
48260	0.0006676231708
48261	0.0004194469087
48262	0.0004178268774
48263	0.0004957210587
48264	0.002155828101
48265	0.001828846592
48266	0.001077591588
48267	0.00360207124
48268	0.0001804114414
48269	0.0006675320544
48270	0.006132670837
48271	0.001472214944
48272	0.002468453895
48273	0.0004229011801
48274	0.0001746833105
48275	4.21388238e-05
48276	0.005092376586
48277	0.003100494099
48278	0.0008657234574
48279	0.005940113778
48280	0.003105974747
48281	0.005252302094
48282	0.0006107113964
48283	0.0003615076386
48284	0.0007090270638
48285	0
48286	0.007012496584
48287	0.001145246185
48288	0.001376891454
48289	0.001041020581
48290	0.002731182069
48291	0.0005846868812
48292	0.001840498292
48293	0.001550095111
48294	0.003840787586
48295	0.000251224859
48296	0.0002098326299
48297	0.001114711693
48298	0.0001501891631
48299	0.0001077678885
48300	0.00166709312
48301	0.001126467576
48302	0.0006505325457
48303	0.001026229575
48304	0.000335392497
48305	0.001051114592
48306	0.00173075237
48307	0.001295334613
48308	0.003483787639
48309	0.001723051047
48310	0.002382088818
48311	0.0001493788741
48312	0.001652942627
48313	0.0008760192411
48314	0.0007803356232
48315	0.002595580493
48316	0.0002574373521
48317	0.0008752431267
48318	0.001875923366
48319	0.001715414309
48320	0.0008818033508
48321	0.00252077506
48322	0.003564502683
48323	0.003191441411
48324	0.001492981413
48325	0.003300178031
48326	0.0006364393059
48327	0.006799396446
48328	0.00142240549
48329	0.002784972662
48330	0.001761858114
48331	0.001247310941
48332	0.001272493507
48333	0.0003509353435
48334	0.002902464598
48335	0.00307808511
48336	0.008368614344
48337	0.0003129335176
48338	0.004314911917
48339	0.003156583424
48340	0.00168442677
48341	0.0004666943292
48342	0.003307317781
48343	0.0003984586171
48344	0.002443870094
48345	0.001358434536
48346	0.001166235805
48347	0.0006573505674
48348	0.001760815551
48349	0.0007717721967
48350	0.0004244187564
48351	0.000272113974
48352	0.000595967132
48353	0.005034142675
48354	0.001463811844
48355	0.001053780629
48356	0.0003874170763
48357	0.002030843025
48358	0.001122216285
48359	0.004708904612
48360	0.003602695789
48361	0.0001593972887
48362	0.002056619885
48363	0.00316993709
48364	0.0015342316
48365	0.0003947314158
48366	0.002872247846
48367	0.0007730812931
48368	0.001041696952
48369	0.001079330883
48370	0.003920012982
48371	0.0068218795
48372	0.001436508023
48373	0.002072746047
48374	0.001824187673
48375	0.00114034725
48376	0.01088907619
48377	0.008075205394
48378	0.0005451987055
48379	0.00447750957
48380	0.0005904767274
48381	0.0006184776725
48382	0.002208584375
48383	0.0001852840518
48384	0.0001501305182
48385	0.006867396082
48386	0.001691065342
48387	0.0004671990272
48388	0.001119004544
48389	0.001147699614
48390	0.005394539446
48391	8.027231684e-05
48392	0.0003884190012
48393	0.000956663917
48394	0.000397479312
48395	0.005425828555
48396	0.005582268511
48397	0.003238829389
48398	0.001396880808
48399	0.001177142149
48400	0.006269188309
48401	0.0005582447356
48402	0.0001734053694
48403	0.000776908503
48404	1.432032905e-05
48405	0.004387320097
48406	0.005751087419
48407	0.002626411623
48408	0.0002869872203
48409	0.001516120644
48410	0.0002646116127
48411	0.00233193243
48412	0.004870622324
48413	0.002896038298
48414	0.0009385676694
48415	0.000301863366
48416	0.005291191991
48417	0.003189481908
48418	0.0004139277315
48419	0.003133531517
48420	0.005293588969
48421	0.001190476362
48422	0.005719315131
48423	0.005053525231
48424	0.005675559539
48425	0.000992163246
48426	0.0003468155606
48427	0.001919176946
48428	0.0003815392232
48429	0.002798645402
48430	0.001447721777
48431	0.0001802739731
48432	0.004011772914
48433	0.003122823653
48434	0.0006295271008
48435	8.927041646e-05
48436	0.002318029856
48437	0.00613597645
48438	0.00114226126
48439	0.001142923153
48440	0.003186475882
48441	0.00223891585
48442	0.003978793214
48443	0.005728819819
48444	0.002715154744
48445	0.001853507683
48446	0.0003562705432
48447	0.0006393476411
48448	0.004861701484
48449	0.002204139491
48450	0.002743457698
48451	0.002329213388
48452	0.001899162925
48453	0.0002250051425
48454	0.002396824202
48455	0.002207130233
48456	0.001211394414
48457	0.005565966343
48458	0.0002415543182
48459	0.0006335515713
48460	0.0001854022591
48461	0.005266595157
48462	0.003092285338
48463	0.0006425520514
48464	0.003157563786
48465	0.003744650761
48466	0.002037188902
48467	0.0033247868
48468	0.003038384842
48469	0.0008693152048
48470	0.001953970914
48471	0.0007598058431
48472	0.000792227721
48473	0.002407259395
48474	0.003371676328
48475	0.002555079545
48476	0.005484419215
48477	0.002455563315
48478	0.001256235886
48479	0.00345972326
48480	0.002147249892
48481	0.001619272567
48482	0.0007158949484
48483	1.938596362e-05
48484	0.001240303134
48485	0.00339057866
48486	5.886708361e-05
48487	0.00413076996
48488	0.0003841301783
48489	7.314523699e-05
48490	0.007704331803
48491	0.002943361402
48492	0.000300374743
48493	0.003140059668
48494	0.001710798936
48495	0.0002387272901
48496	0.009344868422
48497	0.002055542212
48498	0.0007716086654
48499	0.001568305254
48500	0.001327478306
48501	0.001569314764
48502	0.0008546164923
48503	0.0001872660154
48504	0.001243728796
48505	0.006174148781
48506	0.0003487182373
48507	0.003512173865
48508	0.0001934505385
48509	0.004130370603
48510	0.002202966941
48511	0.0003205053362
48512	0.002495683816
48513	0.0009821220736
48514	0.00150076762
48515	0.005265243258
48516	0.01200156577
48517	0.001773777541
48518	0.0003551877926
48519	0.001105661985
48520	0.002725508811
48521	0.003955737544
48522	0.007352582894
48523	0.0002590981932
48524	0.005595039913
48525	0.00260623563
48526	0.001159701249
48527	0.002289459756
48528	0.003323286022
48529	0.000448555895
48530	0.001669425465
48531	0.004367158077
48532	0.000737507569
48533	0.001467792081
48534	0.005855214885
48535	0.0001851081481
48536	0.001806459304
48537	0.01096829365
48538	0.0005910994721
48539	0.0003942433133
48540	0.0008348603971
48541	0.001055352307
48542	0.003209340533
48543	0.002346563801
48544	0.008057652094
48545	0.002953227651
48546	0.0031089132
48547	0.00159776292
48548	1.848425131e-05
48549	0.0008303225011
48550	0.001839795644
48551	0.001956545228
48552	0.01086015928
48553	0.006165339632
48554	0.004292466394
48555	0.001470291879
48556	0.006481558477
48557	0.003023874158
48558	8.664344273e-06
48559	0.0006469995214
48560	0.0003085334961
48561	0.0001538631836
48562	0.002658949956
48563	0.000102703029
48564	0.004276676329
48565	0.0001204433853
48566	0.006780269755
48567	0.00478135745
48568	0.0002005330202
48569	0.0001627270685
48570	0.002541243621
48571	0.0004334186117
48572	0.002892106314
48573	0.00506126261
48574	0.003882549592
48575	0.004175094399
48576	0.005664538291
48577	0.003243635137
48578	0.0006656299499
48579	3.472117815e-05
48580	0.001478005691
48581	0.001806306766
48582	0.00110847968
48583	0.002861066866
48584	0.008929118356
48585	0.0001923763065
48586	0.0005059725647
48587	0.001333763585
48588	3.115114205e-05
48589	0.002591824129
48590	0.001107936471
48591	0.003076945234
48592	0.001937096724
48593	0.007116926201
48594	0.001814919844
48595	0.006246379417
48596	0.0007376273305
48597	0.002357298083
48598	0.003143564772
48599	0.005236384745
48600	0.002122341826
48601	0.008470045479
48602	0.0003985536572
48603	0.002063869385
48604	0.001397437901
48605	0.002925892451
48606	0.001912091515
48607	0.001012906281
48608	0.001311102625
48609	0.007239323646
48610	0.001637710813
48611	0.007812159005
48612	0.0005653471029
48613	0.001213071058
48614	0.0003982847402
48615	0.001415504268
48616	0.00306972026
48617	0.002277674662
48618	0.002900181296
48619	0.000534293056
48620	0.000288047216
48621	0.001381589245
48622	0.0001036754318
48623	0.00229354588
48624	0.001615683409
48625	0.001220935751
48626	0.004597574568
48627	0.00124384111
48628	0.0004689314481
48629	0.0007490267565
48630	0.002466250099
48631	0.0001408457992
48632	0.00270866214
48633	0.005011373055
48634	0.002541131384
48635	0.001648093252
48636	0.0009633100894
48637	0.006224243281
48638	0.000559807118
48639	0.0007143416481
48640	0.0003360475562
48641	9.352447416e-06
48642	0.001110695978
48643	0.001062052349
48644	0.000963729225
48645	0.001269744437
48646	0.001351982564
48647	0.001279777161
48648	0.0005054703876
48649	0.003312062322
48650	0.00836380575
48651	0.003550287946
48652	0.003654231162
48653	0.001997266438
48654	0.001299081921
48655	0.004315567343
48656	0.006478673106
48657	0.001107476817
48658	0.001106943716
48659	3.776536037e-05
48660	0.002274059472
48661	0.002844975711
48662	0.002756257652
48663	0.0006507018947
48664	0.0009532028494
48665	0.0004738079053
48666	0.0004336953586
48667	0.003707901093
48668	0.002988118013
48669	0.001123205747
48670	0.001024765652
48671	0.00163625268
48672	0.001245968525
48673	0.0005074179093
48674	2.463616345e-05
48675	0.001566766627
48676	0.001503555031
48677	0.00105286563
48678	0.002218463571
48679	0.001015724756
48680	0.0008143377821
48681	0.001667683641
48682	0.002423271171
48683	0.003331512002
48684	0.001003652128
48685	0.0003910169283
48686	0.001691650765
48687	0.0003552346917
48688	1.211855848e-05
48689	0.001901944066
48690	0.0001876969488
48691	0.0005054507123
48692	0.0005387538708
48693	0.0002159792366
48694	0.0005933857881
48695	0.001000179909
48696	0.004459544786
48697	0.00177310969
48698	0.001717371502
48699	0.0002999497195
48700	0.001319486837
48701	0.001238763955
48702	0.003096290054
48703	0.002572674471
48704	0.0009751301384
48705	0.002852879366
48706	0.005626749418
48707	0.003837046652
48708	0.001204716803
48709	0.002182870551
48710	0.0007558549733
48711	0.008807587144
48712	0.00417254943
48713	0.001075147317
48714	0.002775461555
48715	0.005658337299
48716	0.002286438614
48717	0.002330928951
48718	0.0008963643934
48719	3.247136277e-05
48720	0.0006756890318
48721	0.001350931798
48722	0.0004854604977
48723	0.001539251335
48724	0.0007467849111
48725	0.003810758176
48726	0.001567686567
48727	0.0001837121408
48728	0.002540015548
48729	0.001063644378
48730	0.003410955154
48731	0.0009953466887
48732	0.001119587857
48733	0.002240735584
48734	6.125853483e-05
48735	8.920298861e-05
48736	0.002088419901
48737	0.001009924024
48738	0.0004440105993
48739	0.0007093645675
48740	0.0006989575444
48741	0.001179498109
48742	0.001473846843
48743	0.003305099269
48744	3.974778214e-05
48745	0.0006757419327
48746	0.0001819533616
48747	0.0002748547265
48748	0.001926005378
48749	0.001813455755
48750	0.001722125152
48751	0.0006510073172
48752	5.419003271e-05
48753	0.0008584424301
48754	0.000800690528
48755	5.52379717e-05
48756	0.001015848635
48757	0.002314434462
48758	0.00024946471
48759	0.0008713965235
48760	0.0008614531071
48761	0.001850652308
48762	0.0003924147258
48763	0.001657378368
48764	4.834402031e-06
48765	0.0007275126636
48766	0.0004944138316
48767	0.001422803359
48768	0.0001050127106
48769	0.0004702204378
48770	0.000287685545
48771	0.0005909935748
48772	0.001620000997
48773	0.001722027611
48774	0.0005025343653
48775	0.001232733055
48776	0.001917447928
48777	0.002167556977
48778	0.0009301756026
48779	0.002395101722
48780	0.0009537559949
48781	0.0007840007741
48782	0.0008354217167
48783	0.0008847955025
48784	0.001196984834
48785	0.0002323081178
48786	0.001599538273
48787	0.0001890715923
48788	0.002124924492
48789	0.0001333170674
48790	0.001762632465
48791	0.001441220333
48792	0.00145722342
48793	0.0006158394288
48794	0.001601794672
48795	0.001225832573
48796	0.002447816345
48797	0.0005247373765
48798	0.0001395987783
48799	0.0003973859004
48800	0.0003562298789
48801	3.774555999e-05
48802	8.413129486e-05
48803	0.00187838025
48804	0.0002940175888
48805	0.001789886023
48806	0.00094357796
48807	0.0007483220119
48808	0.002041483202
48809	0.004281440728
48810	0.004140122081
48811	0.001937499584
48812	0.005605550414
48813	0.000927475219
48814	0.000321624055
48815	0.001298260153
48816	0.0005345159281
48817	0.0003741122252
48818	0.004540907902
48819	0.004123033104
48820	0.005910201183
48821	0.00483576789
48822	0.002465730716
48823	0.0002464502288
48824	0.003057120547
48825	0.0004230785802
48826	0.003887564428
48827	0.00105752504
48828	0.002842561628
48829	0.00524890048
48830	0.002858542718
48831	0.0003664036491
48832	0.004011718292
48833	0.005463192822
48834	0.002509727989
48835	0.003173215373
48836	0.003302120001
48837	0.001453564003
48838	0.001848187824
48839	0.001025354191
48840	0.0004147251189
48841	0.002196727884
48842	0.003107208704
48843	0.004164062732
48844	0.002905580718
48845	0.00306210957
48846	5.74446647e-05
48847	0.002977145401
48848	0.001225225472
48849	0.009374033243
48850	0.001714120974
48851	0.002106883679
48852	0.001047018611
48853	0.0001222003146
48854	0.004532203529
48855	0.004467299612
48856	0.0009137426685
48857	0.002859607824
48858	0.0005776406749
48859	0.007410431342
48860	4.357298604e-05
48861	0.002393994804
48862	0.005096906714
48863	0.001362469767
48864	0.00283023964
48865	0.003614386795
48866	0.0007578636044
48867	0.0004947775292
48868	0.0007438740805
48869	8.581937286e-05
48870	0.0007806586699
48871	0.0003491493224
48872	0.0004541809778
48873	0.0006989956607
48874	0.0001389438283
48875	0.001246673036
48876	0.0002529750102
48877	0.002038940477
48878	0.0005688187121
48879	0.009804893466
48880	0.004105579067
48881	0.00315591714
48882	0.0008631220593
48883	0.0003319159745
48884	0.0053359824
48885	0.001647924165
48886	2.874975327e-05
48887	0.001076234155
48888	0.005576324076
48889	0.000175432615
48890	0.002107874488
48891	0.000635463453
48892	0.0006914715313
48893	0.00018227615
48894	6.624183365e-05
48895	0.002866472889
48896	0.00079352978
48897	0.0005515102666
48898	0.003785320449
48899	0.0002681664677
48900	0.001445921882
48901	0.004009950031
48902	0.000362312866
48903	0.00103980275
48904	1.290219243e-05
48905	0.001181747745
48906	0.003988931967
48907	0.0003075539732
48908	0.000264885476
48909	0.003741185248
48910	0.002609765991
48911	0.002832902106
48912	0.001071480375
48913	0.0002283130819
48914	0.001453654016
48915	0.0002284330836
48916	0.002210419034
48917	0.002958020887
48918	0.004515109651
48919	0.003205036978
48920	0.001447328245
48921	0.004044537386
48922	0.002105110979
48923	0.001808657358
48924	0.0002691185008
48925	0.002544890212
48926	0.001307575477
48927	0.000768656568
48928	0.001192034498
48929	0.0001235822659
48930	0.002459693301
48931	0.008640595868
48932	0.0008592963702
48933	0.005871060291
48934	0.001838366643
48935	0.001669575941
48936	0.0006932701859
48937	0.0001899532106
48938	0.001907190504
48939	5.040257895e-05
48940	0.001061683625
48941	0.004008851893
48942	0.0002939702775
48943	0.0007692959068
48944	0.002912577409
48945	0.001077760749
48946	9.689786265e-05
48947	0.001945322249
48948	0.001239560368
48949	0.008036215222
48950	0.002796139156
48951	0.001544407441
48952	0.006000621465
48953	0.0001795109588
48954	0.001991820149
48955	0.003790415845
48956	0.002445559687
48957	0.000494193062
48958	0.009937988508
48959	0.0001029842841
48960	0.001758552822
48961	0.002517965763
48962	0.00375648973
48963	0.0061216897
48964	0
48965	0.0001411631125
48966	0.000502590332
48967	0.0003019082586
48968	0.01114637632
48969	6.411939075e-05
48970	0.001682029278
48971	0.001707535199
48972	0.000167291004
48973	0.0007545262483
48974	0.002075120814
48975	0.004823415276
48976	0.002081332753
48977	0.008188735619
48978	0.003355810022
48979	0.0001481661117
48980	0.0005559057352
48981	0.0002272564263
48982	0.001023527888
48983	0.001891855333
48984	0.003992685179
48985	0.007688422164
48986	0.0007781493225
48987	0.006154943419
48988	0.0001320930846
48989	0.001696540724
48990	0.001865156887
48991	0.002213197881
48992	0.003391524589
48993	0.001820730569
48994	0.004554644789
48995	0.0008612617263
48996	0.0004762271772
48997	0.001483965389
48998	0.0007810442658
48999	0.001064722518
49000	0.0009970091614
49001	0.003412728429
49002	0.002848463464
49003	0.003429669775
49004	0.002562904342
49005	0.005994513869
49006	0.006211523992
49007	0.0007386742313
49008	0.001396127746
49009	0.005823862038
49010	0.0007973775869
49011	0.009185481929
49012	0.001731847626
49013	0.0005472336425
49014	0.0004582713123
49015	0.001444306663
49016	0.007343979571
49017	0.002388417142
49018	0.002256173139
49019	0.003291192669
49020	0.0001746399572
49021	0.003980963564
49022	0.003835727646
49023	0.0004569197935
49024	0.003033156942
49025	0.004275366996
49026	0.0002843523539
49027	0.0007027536847
49028	0.003310918858
49029	0.0004018088488
49030	0.004945322932
49031	0.0009964574141
49032	0.002622998059
49033	0.0003633781624
49034	0.0008508276315
49035	0.0003995814012
49036	0.003235540147
49037	0.004485367515
49038	0.003552430714
49039	0.003684819634
49040	0.0007288481302
49041	0.001602735243
49042	0.002644729605
49043	0.005359767024
49044	0.001245435648
49045	0.001919799612
49046	0.002944466265
49047	0.002495786476
49048	0.002012957233
49049	0.0006483739613
49050	0.003605742504
49051	0.0001068580215
49052	0.002038864292
49053	0.0001551625714
49054	1.787082717e-05
49055	0.001341317449
49056	0.005257562021
49057	0.001420205404
49058	0.003455643045
49059	0.003680246706
49060	0.00315165761
49061	0.001554970887
49062	0.002478724028
49063	0.0009667307594
49064	0.001257732425
49065	0.004142509291
49066	0.0004828625916
49067	0.001841043427
49068	0.006361581893
49069	0.007289252138
49070	0.0005773149203
49071	0.006288264458
49072	0.004832039134
49073	0.00147053525
49074	0.003446289787
49075	0.0008905740755
49076	0.002874281979
49077	0.00175707549
49078	0.005246561823
49079	0.003370200318
49080	0.002852962021
49081	0.004114046802
49082	0.0003297917834
49083	0.0006030190622
49084	0.0004269696797
49085	0.003962128065
49086	0.0002845922213
49087	0.001486571495
49088	0.001223335578
49089	0.0007982662771
49090	0.001455563139
49091	0.000957928598
49092	0.002257907267
49093	0.001999181668
49094	0.0004321853968
49095	9.716663631e-05
49096	0.0008320402032
49097	0.003035016518
49098	0.005213148104
49099	0.0001433049304
49100	0.001145591126
49101	0.0005084103784
49102	0.0003935388996
49103	0.00222247946
49104	0.0009192264666
49105	0.00175386601
49106	0.002358714029
49107	0.000189251919
49108	0.002810771007
49109	0.001959236576
49110	0.001835272502
49111	0.0001536194257
49112	0.002714088725
49113	0.001456043511
49114	0.001917925922
49115	0.0008665231287
49116	0.006117231762
49117	0.0001496508192
49118	0.0002914321738
49119	0.0001621051817
49120	0.002336532689
49121	0.003003110763
49122	0.003120629879
49123	0.0009585777566
49124	0.002598402957
49125	0.003251833134
49126	0.001223672558
49127	0.001484381815
49128	0.002707104795
49129	0.002549125557
49130	0.003152799388
49131	0.000760484174
49132	0.001745472971
49133	0.002998358817
49134	0.002358933172
49135	0.002162326791
49136	0.001008253644
49137	0.0008999639328
49138	0.002236690488
49139	0.001716500391
49140	0.001173499228
49141	0.0001737496523
49142	0.001330614773
49143	0.000436585798
49144	0.002139893243
49145	0.00179604391
49146	0.0005404762731
49147	0.0005131491909
49148	0.003996742157
49149	0.002300587248
49150	0.0009061055829
49151	0.003020466794
49152	0.004117213601
49153	0.0006486305698
49154	0.001487128428
49155	0.004665284542
49156	0.004754190529
49157	0.002348497786
49158	0.001789672394
49159	0.002909100014
49160	0.0007877252734
49161	0.003717250656
49162	0.001280532132
49163	0.001633100723
49164	0.001914508787
49165	0.0008698960136
49166	0.004509042587
49167	9.518827258e-05
49168	0.001722835204
49169	0.0003134552139
49170	1.331956427e-05
49171	0.0002632351834
49172	0.0008129038625
49173	0.001372139486
49174	0.001655756072
49175	0.0002325848288
49176	0.005978679643
49177	0.003690264716
49178	0.0001854623471
49179	0.001936239798
49180	0.0007030774306
49181	0.001024623487
49182	0.0009866120726
49183	0.0006409710038
49184	0.00158407282
49185	0.001095563575
49186	0.0002567664898
49187	0.0016737254
49188	0.007736143254
49189	0.0008313555494
49190	0.004760936968
49191	0.0003964919075
49192	0.0006705969728
49193	0.001546788414
49194	0.001082977936
49195	0.0001751532805
49196	0.00184192586
49197	0.0003754339653
49198	0.001250989044
49199	0.0001563649377
49200	0.001902639561
49201	0.00105990142
49202	0.001024719383
49203	0.001441477893
49204	0.0004610181327
49205	8.701411448e-05
49206	0.0003248544853
49207	0.001222201994
49208	0.0002068379827
49209	0.0005657974407
49210	0.001005216626
49211	0.002896561008
49212	0.0004993097922
49213	0.001453461997
49214	0.001816738093
49215	4.939842833e-05
49216	0.001952066281
49217	0.00787932446
49218	0.0007173826427
49219	0.0006190984221
49220	0.0008134098554
49221	0.0003092272096
49222	0.001107064759
49223	0.001221839017
49224	0.002071012216
49225	0.001693567382
49226	0.001176685365
49227	0.001832123648
49228	0.003180436999
49229	0.0006930631183
49230	0.0007600307561
49231	0.0004421944453
49232	0.00021109807
49233	0.0007683674728
49234	0.0003129499713
49235	0.0003556683173
49236	0.001307330747
49237	0.001056974947
49238	0.001198134119
49239	0.001187204539
49240	0.001040534358
49241	0.0001403265903
49242	0.001828720077
49243	0.0001362965564
49244	0.002545038261
49245	0.001644402223
49246	0.002961366562
49247	0.001015933109
49248	0.001659327732
49249	0.0008222629334
49250	0.001903784118
49251	8.564672003e-05
49252	0.002496770676
49253	0.003234376199
49254	9.375842885e-05
49255	0.00247411005
49256	0.0007508933996
49257	5.206156853e-05
49258	0.003173524052
49259	0.001443477438
49260	0.0005320522301
49261	0.001319830409
49262	0.002331099855
49263	0.001252622531
49264	0.003483532198
49265	5.625838405e-05
49266	0.005245726406
49267	0.0003166354246
49268	0.002335475734
49269	0.006683908567
49270	0.007525047254
49271	8.553728937e-05
49272	0.0002362468903
49273	0.004955130694
49274	0.0008783145718
49275	0.0002753002531
49276	0.002899121208
49277	0.006890698415
49278	0.0007035813491
49279	0.0007389471244
49280	0.001063408803
49281	0.002513050383
49282	0.0007584542907
49283	0.0001453325432
49284	0.001014212241
49285	0.0002870896847
49286	0.002223396618
49287	0.0006350283988
49288	0.0003846806748
49289	0.001482729065
49290	0.001927773774
49291	0.00317236747
49292	0.002100740707
49293	0.0003998275921
49294	0.00598710966
49295	0.002078183859
49296	0.003076304092
49297	0.0005377855823
49298	0.0003447984741
49299	0.001244591939
49300	9.399574202e-05
49301	0.0004975192058
49302	0.002274800195
49303	0.004547280466
49304	0.003002115114
49305	0.003758989523
49306	0.000988839518
49307	0.005541417335
49308	0.0001864273383
49309	0.0005145281459
49310	0.0003665592991
49311	0.0004987546339
49312	0.004737461998
49313	0.003984907883
49314	0.007431558688
49315	0.002208685794
49316	0.000880874712
49317	0.003159737849
49318	0.001744312484
49319	0.001109082454
49320	0.006267732275
49321	0.0005576571604
49322	0.005060890749
49323	0.002321388157
49324	0.003821749189
49325	0.004085660607
49326	8.580115216e-05
49327	5.999990952e-05
49328	0.0008947343973
49329	0.002133646591
49330	0.003287456999
49331	0.0007801910013
49332	0.006055111544
49333	0.002261744457
49334	0.0007282181982
49335	0.004150077015
49336	0.0001582659646
49337	9.624024939e-05
49338	0.003572180877
49339	0.003232203219
49340	0.003064225507
49341	0.00289946681
49342	0.006181247319
49343	0.002291405618
49344	0.00195516069
49345	0.002889967279
49346	0.001958477082
49347	0.004702647783
49348	0.002666908539
49349	0.001890973588
49350	0.0002051095026
49351	0.0007693320146
49352	0.0002917514989
49353	0.0004164988688
49354	0.001186375235
49355	0.002709707522
49356	0.0002437094927
49357	0.002678739194
49358	0.0009583536645
49359	6.171816034e-05
49360	0.0003034054487
49361	0.0002527637778
49362	0.00250248695
49363	0.004429076081
49364	0.001473837613
49365	0.0008884638055
49366	0.0004262106786
49367	0.003657785278
49368	0.0001941769462
49369	0.002593818511
49370	0.0007001092863
49371	0.0005583867878
49372	0.0006308369934
49373	0.000220152578
49374	0.0036360148
49375	0.0004062636228
49376	0.001568515284
49377	0.0007093132365
49378	0.002811714194
49379	0.0007244210957
49380	0.0008701138125
49381	0.002890323101
49382	0.0009288547554
49383	0.001177548161
49384	0.001333048007
49385	0.00178050342
49386	0.00048393306
49387	0.0001609639325
49388	0.008469940867
49389	0.001952636681
49390	0.006411123212
49391	0.0009095615479
49392	0.001724844526
49393	0.0008046204685
49394	0.0002188522439
49395	0.0006876521553
49396	0.006496894652
49397	8.028803842e-05
49398	0.0005938810872
49399	0.003511173101
49400	0.0005304586516
49401	0.002383267469
49402	0.001893427925
49403	0.0003160580492
49404	0.001193547818
49405	0.002897532046
49406	0.002640147935
49407	0.0001958635835
49408	0.0028437966
49409	0.002632563674
49410	0.001724717071
49411	0.0008331547487
49412	0.00311453406
49413	0.009273711868
49414	0.002112325577
49415	0.0003084116094
49416	0.0004987218978
49417	0.004068318365
49418	0.005771647603
49419	0.0001354967895
49420	0.001154406731
49421	0.005481744741
49422	0.007086832106
49423	0.004310718216
49424	0.006161144577
49425	0.005440563029
49426	0.0001403213809
49427	0.0009804400293
49428	0.006129254636
49429	0.003936836985
49430	0.002093397282
49431	0.005269431262
49432	0.0002050154245
49433	0.003094013799
49434	0.0003114585138
49435	0.003582091901
49436	0.005353721871
49437	0.0004655927785
49438	0.005422344226
49439	0.001188581317
49440	0.003158965126
49441	0.0001431639252
49442	0.002710239896
49443	0.0008313914038
49444	0.002826190341
49445	0.001861488958
49446	0.0006851109462
49447	0.004458585309
49448	0.0006134962244
49449	0.0007290261909
49450	0.0008829575623
49451	0.008034233771
49452	0.0006222167759
49453	0.0008763815488
49454	0.002973935369
49455	0.00129703455
49456	0.001196381898
49457	0.003807306225
49458	0.001390243935
49459	0.0007551008446
49460	0.000707242945
49461	0.0013584902
49462	0.001062992983
49463	0.00769570735
49464	0.003504722318
49465	0.0004546942657
49466	0.003493378151
49467	0.00450114636
49468	0.001039364462
49469	0.001041111902
49470	0.004278488665
49471	0.001081460662
49472	0.004076466523
49473	0.0009168277109
49474	0.001629944194
49475	0.002958031007
49476	0.004934464407
49477	0.005210887339
49478	0.0002303115015
49479	0.002530239255
49480	0.0008098814009
49481	0.001589596179
49482	0.004886674605
49483	0.001060205229
49484	0.0015539984
49485	0.0007180145769
49486	0.0006253729347
49487	0.005574277862
49488	0.0007592241615
49489	0.001356046651
49490	0.002720923703
49491	0.005978951588
49492	0.002489388259
49493	0.003869652807
49494	0.00109955222
49495	0.003514452638
49496	0.001605832654
49497	0.002118294945
49498	6.666178299e-05
49499	0.0007054021198
49500	0.003945243556
49501	0.0005233428683
49502	0.008376993125
49503	0.002386134088
49504	0.001081734829
49505	0.002166339914
49506	0.003789022353
49507	0.0003640971927
49508	0.0007339030936
49509	0.00286521447
49510	0.0006129775641
49511	0.001639310151
49512	0.002987320157
49513	0.003668932748
49514	0.00212167644
49515	0.0006451118585
49516	0.005518683965
49517	0.000940834574
49518	0.003503340769
49519	0.0009038264035
49520	0.001289482555
49521	0.002223749196
49522	0.003095419529
49523	0.001681502579
49524	0.0007910355169
49525	0.004337408952
49526	0.004500222828
49527	0.000414682458
49528	0.002339104375
49529	6.839843696e-05
49530	0.002277235267
49531	0.0002701410121
49532	0.001680216884
49533	0.003353039193
49534	0.00267618451
49535	0.005351566529
49536	0.002530703947
49537	0.003594105634
49538	0.002135725535
49539	0.004101682981
49540	0.005865690696
49541	0.0006072974833
49542	0.001317429875
49543	0.001764056685
49544	0.00074499576
49545	0.001742334879
49546	0.003182179039
49547	0.001038901013
49548	0.002368489296
49549	0.0003336855953
49550	0.001665876651
49551	0.00218872216
49552	0.004906941313
49553	0.00157034665
49554	2.214210343e-05
49555	0.002402095074
49556	0.0003663546707
49557	0.001309931127
49558	0.001861861118
49559	0.001002679149
49560	0.004559199406
49561	8.007675568e-06
49562	0.001416666222
49563	0.004407038061
49564	0.001707026958
49565	0.0008311884659
49566	0.002540372733
49567	0.001151782104
49568	0.0006481356616
49569	0.005907289797
49570	0.0002635068324
49571	0.0005392677631
49572	0.002018450217
49573	0.0001273460125
49574	0.0003578841085
49575	0.0005845945985
49576	0.005025624723
49577	0.0005280771708
49578	0.003251823398
49579	0.0009170775689
49580	0.001859275283
49581	0.001993785545
49582	0.003906378325
49583	0.0002644970585
49584	0.0007956295818
49585	0.0004428548157
49586	0.001008619029
49587	0.0007594463484
49588	0.002854493187
49589	0.006981538019
49590	0.009738428519
49591	0.001396035639
49592	0.001243028349
49593	0.00255567067
49594	0.0002898141882
49595	0.006971346737
49596	0.0001898338646
49597	0.005348251657
49598	7.222524967e-05
49599	0.001470680042
49600	0.0009527310679
49601	0.00386216675
49602	0.0004975215327
49603	3.923688258e-05
49604	0.002220535102
49605	0.006621971462
49606	0.001011481424
49607	0.004965331665
49608	0.0008806477119
49609	0.002602118953
49610	0.002645968241
49611	0.004434083765
49612	0.001233570854
49613	0.003341965565
49614	0.003201473552
49615	6.216177817e-05
49616	0.002750865702
49617	0.003608997037
49618	0.0003872365775
49619	0.0008868856964
49620	0.005008800363
49621	0.000159250356
49622	0.0001407730722
49623	0.0004171450283
49624	0.00131453076
49625	0.005569068706
49626	0.003017530417
49627	0.001333416949
49628	0.0004982896181
49629	0.003671279182
49630	0.002229423839
49631	0.0005802771969
49632	0.00154113777
49633	0.006250121798
49634	0.0007853677123
49635	0.0002318732604
49636	0.001563507283
49637	0.001716619107
49638	0.001339897678
49639	0.00480836393
49640	0.0006146068781
49641	0.002024788658
49642	0.002595650398
49643	0.001051884723
49644	0.0008656941884
49645	0.001811649947
49646	0.0007005077266
49647	0.001032677539
49648	0.00149961721
49649	0.003756203335
49650	0.00221061582
49651	0.001189795915
49652	0.004826683639
49653	0.0005784695541
49654	0.0008920821973
49655	0.003616130842
49656	0.0006100349903
49657	0.001031637768
49658	0.002364775845
49659	0.003382885735
49660	0.001509176186
49661	0.001580453081
49662	0.0009125125731
49663	0.000305671106
49664	0.001876445069
49665	9.409600934e-05
49666	0.001371543807
49667	0.002551074298
49668	0.003106942876
49669	0.005400468724
49670	0.000611727502
49671	0.002738492695
49672	0.0004507390811
49673	0.0002687215906
49674	0.0005095102908
49675	0.0005893932682
49676	0.001667564861
49677	0.0008045136189
49678	0.002799670689
49679	0.001678910668
49680	0.001383016173
49681	0.002998141739
49682	3.813643417e-05
49683	0.003134768716
49684	0.0004472407654
49685	0.0004058645188
49686	0.001550660497
49687	0.001829289272
49688	0.004199986574
49689	0.001755873649
49690	0.001147965683
49691	0.001258274328
49692	0.0001317186397
49693	0.0007661823067
49694	0.002167440538
49695	0.001679079156
49696	0.001762766927
49697	0.0005103514648
49698	0.001895906156
49699	0.001427494923
49700	0.0006272077931
49701	0.00466751761
49702	0.000678534886
49703	0.001394324473
49704	0.00204445249
49705	0.001676832243
49706	0.004932092342
49707	0.003799587416
49708	0.001881167589
49709	0.00383967707
49710	0.00457311148
49711	0.0009290983989
49712	0.0008442803757
49713	0.0009271325112
49714	0.002523565293
49715	0.005082830719
49716	0.002278206354
49717	0.003978486266
49718	0.002330985967
49719	0.0005690264256
49720	0.001493814487
49721	0.001836290858
49722	0.001276958754
49723	0.003605504661
49724	0.001805245528
49725	0.000509112731
49726	0.00438507202
49727	0.001711581379
49728	0.003150124284
49729	0.001414270749
49730	0.005163517924
49731	0.004250042503
49732	0.001748190309
49733	0.0008820987472
49734	0.004723085012
49735	0.002841580103
49736	0.001776505563
49737	0.005908151773
49738	0.001949342691
49739	0.002553296633
49740	0.001721848042
49741	6.437565474e-05
49742	0.0003367549302
49743	0.001531911132
49744	0.0006208959437
49745	0.004701292565
49746	0.0003788116478
49747	0.00377545122
49748	0.003715096451
49749	0.0008201455855
49750	0.005373391345
49751	0.0008545183922
49752	0.0001737340013
49753	0.001771545427
49754	3.963739157e-05
49755	4.634514721e-06
49756	0.00772931108
49757	2.149270121e-05
49758	0.009197946264
49759	0.001205156553
49760	0.003266116205
49761	0.000673835456
49762	0.0001251919416
49763	0.000342699032
49764	0.001573890122
49765	0.001863161503
49766	0.003117375752
49767	0.0004946807041
49768	0.001607911329
49769	0.000776450531
49770	0.00286297654
49771	0.001600161074
49772	0.003228746976
49773	0.001426673055
49774	0.002753695937
49775	0.001057462015
49776	0.00120111217
49777	0.0003214181693
49778	0.0001005174135
49779	0.001396560174
49780	0.001214696025
49781	0.000372621022
49782	0.002873887557
49783	0.0006559996537
49784	0.001188662479
49785	0.007312130498
49786	0.001060785766
49787	0.0002146913724
49788	0.0008114585879
49789	0.004234255624
49790	0.0008753819198
49791	0.005394188335
49792	0.0008981426128
49793	0.001453223603
49794	0.002090128563
49795	0.0008209957636
49796	0.005840725328
49797	0.00183604092
49798	0.004081936849
49799	0.004309972011
49800	0.005445790902
49801	0.0001569101373
49802	0.00134512639
49803	0.001482918094
49804	0.001006486921
49805	0.002166734383
49806	0.0002057726092
49807	0.003075440577
49808	0.0009401364972
49809	0.001925125737
49810	0.0001128375967
49811	0.0005116121104
49812	0.005019375358
49813	0.002606456888
49814	0.002934970432
49815	0.002182538255
49816	0.002409053864
49817	0.0005478625466
49818	0.001181130294
49819	0.002067031734
49820	0.001245318199
49821	0.0008965642772
49822	0.001296782217
49823	0.001082166122
49824	0.0003042830817
49825	0.001056762957
49826	0.001456155807
49827	0.001595842211
49828	0.001298739804
49829	0.0009923187087
49830	0.0002253337664
49831	0.001315381607
49832	0.001067668804
49833	0.001453726539
49834	0.001618009404
49835	0.001071752817
49836	0.001136848521
49837	0.001431247766
49838	0.001665599012
49839	0.001367264205
49840	0.001315162982
49841	0.001865904939
49842	0.001478640478
49843	0.002694839868
49844	0.0007480734048
49845	0.003638514003
49846	0.001769892384
49847	0.001635226226
49848	0.001578599644
49849	0.001324782942
49850	1.535023087e-08
49851	0.001474334368
49852	0.0001019942775
49853	0.008641955439
49854	0.008406174778
49855	0.00228525137
49856	3.83374846e-05
49857	0.0002626891041
49858	0.003922404825
49859	0.0003851564497
49860	0.001585440855
49861	0.0006938835474
49862	0.0002223293948
49863	0.0006150400218
49864	0.0004055143115
49865	0.0007826612561
49866	0.00046704987
49867	0.006496539635
49868	0.00181684067
49869	0.002945243646
49870	0.005642279268
49871	0.002140097326
49872	0.006317232107
49873	0.007473505308
49874	0.003045083785
49875	0.0001108669787
49876	0.001792462524
49877	0.001749014336
49878	1.867276447e-05
49879	0.0005828499506
49880	0.00102406243
49881	0.002825073552
49882	0.00234771465
49883	0.005871876757
49884	0.0009313013803
49885	0.000711632922
49886	0.0008418070763
49887	0.002811655351
49888	4.841327324e-05
49889	8.82983697e-05
49890	0.001667605572
49891	0.001006507869
49892	0.0006882858646
49893	0.002220761311
49894	0.002725396164
49895	2.034697722e-05
49896	0.008841893799
49897	0.0005289604909
49898	0.003235600584
49899	2.281808749e-05
49900	0.001051550071
49901	0.001277826099
49902	0.001368488892
49903	0.001004984338
49904	0.004044053068
49905	0.003849746944
49906	0.0005529199924
49907	0.0004954120846
49908	0.0006337150214
49909	0.002032674854
49910	0.002433558102
49911	0.0006879731644
49912	0.0005086023706
49913	0.002208766683
49914	0.00161316839
49915	0.0004632967818
49916	0.0003174418247
49917	0.002033057556
49918	0.006654060644
49919	0.0006867220564
49920	0.0001909055292
49921	0.001853826377
49922	0.004347718768
49923	0.0001156134472
49924	0.004612446088
49925	0.007966868523
49926	0.0009365862562
49927	0.00327670432
49928	5.04418525e-05
49929	2.310908992e-05
49930	0.0009349173085
49931	0.007731768375
49932	4.458993794e-05
49933	0.001374727598
49934	0.000104823411
49935	0.0005049667181
49936	7.687809124e-05
49937	0.0009831194923
49938	0.001062785923
49939	0.001344013643
49940	0.004278356364
49941	0.001587167875
49942	0.00078135606
49943	0.00120806735
49944	0.000682684599
49945	0.0005491852854
49946	0.0003635806106
49947	0.001970864744
49948	0.006439327448
49949	0.002827069614
49950	0.0002873248368
49951	0.001318316842
49952	0.0005953273949
49953	0.0004224773466
49954	0.0001625720467
49955	0.001414120068
49956	0.0006341958858
49957	0.0004368082651
49958	0.0001074375394
49959	0.001572456851
49960	0.004410060529
49961	0.0003248549697
49962	0.0005299483179
49963	0.004571106614
49964	0.0005082401871
49965	0.002178911104
49966	0.0008286284146
49967	0.004724874724
49968	0.0003005183621
49969	0.007921742059
49970	0.004025692336
49971	0.004214108103
49972	0.005350573937
49973	0.000897993066
49974	0.00435327104
49975	0.0001265879142
49976	3.181739065e-05
49977	0.001491891902
49978	0.0002474954741
49979	0.002413578945
49980	0.0008770272422
49981	0.004024675914
49982	0.002277954207
49983	0.003591173506
49984	0.001322101644
49985	0.002094121996
49986	0.0003977835847
49987	0.002361873745
49988	0.001979817586
49989	0.008791188566
49990	0.0001647982156
49991	0.0008822464635
49992	0.003994753642
49993	0.0001807499815
49994	0.001296595696
49995	0.001252714066
49996	0.001139726542
49997	0.002310543912
49998	0.004015667989
49999	0.0005536348682
50000	0.001226310793
50001	0.002954909472
50002	0.0001963197125
50003	0.003357071829
50004	0.00364477151
50005	0.0009076556522
50006	0.0002722603388
50007	0.002651190832
50008	0.005631139263
50009	0.001426022775
50010	0.00069071232
50011	0.000117107408
50012	0.004492568016
50013	0.0001864734657
50014	0.0002597173984
50015	0.001245445317
50016	0.0003085643147
50017	0.004744221023
50018	0.0006554003714
50019	0.003832010305
50020	0.001788782543
50021	0.003359133105
50022	0.0003240874895
50023	0.001515908346
50024	0.001231957586
50025	0.001467780233
50026	0.003490049858
50027	0.002569278822
50028	0.00164934962
50029	0.0006045812639
50030	0.007737453065
50031	0.001682156428
50032	0.0002918337348
50033	0.000537613523
50034	0.001469268075
50035	1.554098717e-05
50036	0.0005075796736
50037	0.001743745472
50038	0.007742592848
50039	0.003389485776
50040	0.00508859479
50041	0.002436979043
50042	0.001403218703
50043	0.000624596363
50044	0.002481185029
50045	0.001101856631
50046	0.001983424248
50047	0.000456270523
50048	0.00303036175
50049	0.003396982297
50050	0.005215932505
50051	0.002648692631
50052	0.00192389669
50053	0.001677231313
50054	0.006417199124
50055	0.002984675899
50056	0.0009591513825
50057	0.0003191551849
50058	0.005430645071
50059	0.0001046613433
50060	0.005772158198
50061	0.001230102271
50062	0.000745001223
50063	0.0001976788011
50064	0.00272463914
50065	0.0004447556001
50066	0.00300766719
50067	0.003974632926
50068	0.001472042957
50069	0.001679037978
50070	0.004584207577
50071	0.002573936333
50072	0.0009416970441
50073	0.0003698452674
50074	0.004457044477
50075	0.001332200168
50076	0.001854211806
50077	0.001398622836
50078	0.001591926471
50079	7.204616208e-05
50080	0.0012208139
50081	0.0002339716409
50082	2.653022059e-05
50083	5.562551542e-05
50084	0.000873112024
50085	0.003590545843
50086	0.001157799563
50087	0.0003943452436
50088	0.002946384395
50089	0.001015415155
50090	0.004281464718
50091	0.001606082345
50092	0.003270017732
50093	0.005226174049
50094	0.0003940587488
50095	0.002335525891
50096	0.002622103342
50097	0.001470077417
50098	0.0001565009962
50099	0.0008416925538
50100	0.0005497475531
50101	0.0001265439753
50102	0.004248833553
50103	0.0003327812355
50104	0.001066819433
50105	0.004680145113
50106	0.001850896944
50107	0.0005615839832
50108	0.001003994276
50109	0.001545682229
50110	0.002876749347
50111	0.0005532584188
50112	0.002072164754
50113	0.001717071331
50114	0.001823094206
50115	0.003853667056
50116	0.001442259643
50117	0.0009462662095
50118	0.005939083372
50119	0.0009158163172
50120	4.682419133e-06
50121	0.0005130727346
50122	0.003451443777
50123	0.001214331557
50124	0.003926374935
50125	0.001806126586
50126	0.002565831068
50127	0.001455243605
50128	0.0008138092039
50129	0.0008989958125
50130	0.0005691776023
50131	0.001144962378
50132	0.0006223680775
50133	0.001602147905
50134	0.003915416379
50135	0.0002234067566
50136	0.001084682734
50137	0.0003764068706
50138	0.001565488395
50139	0.003217296905
50140	0.0007198509046
50141	0.005790093975
50142	0.001539943241
50143	7.073356265e-05
50144	0.002267496745
50145	0.00103551933
50146	0.006071152529
50147	0.0008181420592
50148	0.00144421281
50149	0.0003120515786
50150	0.001156131066
50151	0.000430167268
50152	0.001029362112
50153	0.0007384942541
50154	0.001270844375
50155	0.0007104129586
50156	0.002017608914
50157	0.005299234906
50158	0.0009276632156
50159	0.002090655276
50160	0.002276581597
50161	0.001138248109
50162	0.001170362797
50163	0.001932578584
50164	0.003475950642
50165	0.0009333396506
50166	0.003395372468
50167	3.494230179e-05
50168	0.004016222108
50169	0.004720787845
50170	0.002618972209
50171	0.001988983206
50172	0.0006519328081
50173	0.0004295895028
50174	0.002678992777
50175	0.004731572086
50176	0.0007611703213
50177	0.002679423155
50178	0.001820049995
50179	0.003006366508
50180	0.002559636054
50181	0.003136214101
50182	0.002425414404
50183	0.0001556037877
50184	0.004482590043
50185	0.0003084575138
50186	0.003895333506
50187	0.003620546855
50188	0.000580948794
50189	0.0005538899031
50190	5.732010017e-05
50191	0.001451533667
50192	0.004476544941
50193	0.0006132619516
50194	0.0001775759367
50195	0.002692660601
50196	0.003377659916
50197	0.001093607923
50198	0.0007560082928
50199	0.008048907439
50200	0.00303929978
50201	0.001828797116
50202	0.006318453659
50203	0.001176108447
50204	0.0004540317856
50205	0.002364476118
50206	0.002688322685
50207	0.000481228939
50208	0.001053571478
50209	0.003128672483
50210	0.001296647026
50211	0.005050627385
50212	0.0004846339308
50213	0.0004876877503
50214	0.000482553555
50215	0.001077825785
50216	0.001605651955
50217	1.105915986e-05
50218	0.0008343444643
50219	0.00274904057
50220	0
50221	0.002092238157
50222	0.0006298899781
50223	0.0002333768289
50224	0.003563177914
50225	0.001029645398
50226	0.00298317406
50227	0.001062274326
50228	0.002867393764
50229	0.006728860407
50230	0.001069754377
50231	0.00597225424
50232	0.001077614101
50233	0.001562590263
50234	0.0003032248518
50235	0.0007709622941
50236	0.003040180852
50237	0.0008468134494
50238	0.0005583043823
50239	4.642236241e-05
50240	0.003103705299
50241	0.0005147726517
50242	0.0008732694786
50243	0.0006803542976
50244	0.001104334882
50245	0.001059606721
50246	0.004880880817
50247	0.0001021669281
50248	0.0002598327502
50249	0.000148447555
50250	0.0006902874411
50251	0.003080359626
50252	0.001224814705
50253	0.003512181872
50254	0.001107656908
50255	0.0002866610768
50256	0.006522349384
50257	0.0009671710404
50258	0.002525550874
50259	0.002560081153
50260	8.432803747e-05
50261	5.273165589e-05
50262	0.0003363598504
50263	0.0006070507866
50264	0.004279104839
50265	0.001289105914
50266	0.002601238002
50267	0.004225824492
50268	0.002360015661
50269	0.001293349427
50270	0.001076169855
50271	0.0008438840069
50272	0.0003033932402
50273	9.206603026e-05
50274	0.001510722129
50275	0.001116888868
50276	0.004909475557
50277	0.004736810155
50278	0.006339221345
50279	0.002771704495
50280	0.001485952749
50281	0.004819281449
50282	5.655422758e-05
50283	0.001983919628
50284	0.0004747146923
50285	0.000692556562
50286	0.003933199762
50287	0.00220859791
50288	0.0003739050598
50289	0.003769826834
50290	0.0005315032902
50291	0.0002897015975
50292	0.004387399961
50293	0.0001174906053
50294	0.000731034005
50295	0.0004024163095
50296	0.0003684052263
50297	0.005428570401
50298	0.0001506159693
50299	0.0007307475593
50300	0.002285182016
50301	0.003617569148
50302	0.002100539811
50303	0.0006422515133
50304	0.00104842079
50305	0.003419478584
50306	0.0008025757198
50307	0.005133000907
50308	0.00172032998
50309	0.0005659336677
50310	0.000394890934
50311	0.004178790928
50312	0.001399574728
50313	9.136340673e-05
50314	0.002041569634
50315	0.0005214670359
50316	0.003224820976
50317	0.001116085508
50318	0.0001878991462
50319	0.0007985638662
50320	0.002587219015
50321	0.000486550982
50322	7.632522148e-05
50323	0.0018934365
50324	0.0002879910446
50325	0.0001789068458
50326	0.0007496959405
50327	0.0006936358364
50328	0.0005935161501
50329	0.002337553053
50330	0.001220348254
50331	0.002578836004
50332	0.003640642641
50333	0.005804826636
50334	0.003239996439
50335	0.002621911272
50336	0.0006577967844
50337	0.006225757794
50338	0.00461724162
50339	0.006081278457
50340	0.001385444203
50341	0.001600449298
50342	0.001374150538
50343	0.007775920432
50344	0.001527719337
50345	0.001542488226
50346	0.005218637837
50347	0.0007399040043
50348	0.005326226805
50349	0.006347782643
50350	0.002714744781
50351	0.0001931585648
50352	0.0007321966149
50353	0.006472478865
50354	0.0003604178737
50355	0.006271270295
50356	0.0002561831352
50357	0.002156425055
50358	0.001606263692
50359	0.004748420894
50360	0.003451579149
50361	0.00152970654
50362	0.003526561332
50363	0.0001517141351
50364	0.0007146472563
50365	0.002509153803
50366	0.001662975469
50367	0.001348184106
50368	0.005007821304
50369	0.00102200419
50370	0.004937384511
50371	0.001230719258
50372	0.003458034956
50373	0.004531960483
50374	0.005008754942
50375	0.002779086896
50376	0.001251920311
50377	0.004891181332
50378	0.000767861282
50379	0.005816806627
50380	0.004195339326
50381	0.004846092457
50382	3.141680584e-07
50383	0.002338167631
50384	0.0002927407242
50385	0.006270332951
50386	0.005023031025
50387	0.003269886939
50388	0.003423316399
50389	0.0001776296621
50390	0.006727941843
50391	0.0006238375294
50392	0.003799667104
50393	0.00232835481
50394	0.0001169971808
50395	8.8133221e-05
50396	0.002580856269
50397	0.002039247612
50398	0.003169579169
50399	0.0003159181513
50400	0.0001928215596
50401	4.471409533e-05
50402	3.103229393e-05
50403	1.858802102e-05
50404	8.260194049e-05
50405	6.258497023e-06
50406	0.000390181552
50407	0.0001854233606
50408	2.966274517e-05
50409	0.0004718275989
50410	0.0003655945036
50411	3.685634601e-05
50412	0.001107809182
50413	0.004363450789
50414	1.836720428e-05
50415	0.003034550416
50416	5.892922186e-05
50417	0.006356392134
50418	0.00115270017
50419	0.0004137727678
50420	0.002102473969
50421	0.005978393298
50422	0.006365569551
50423	0.0002221421746
50424	0.002614104425
50425	0.000417598907
50426	0.002042373158
50427	0.0002422176479
50428	0.001437881164
50429	0.003975821435
50430	0.001184793685
50431	0.008409097805
50432	0.0002511457004
50433	0.0007501125953
50434	0.0008238789512
50435	6.670425876e-06
50436	0.001709302741
50437	0.0001124671896
50438	0.001056524106
50439	0.00227006532
50440	0.002482582736
50441	0.00622378925
50442	0.002575151974
50443	0.002660573081
50444	0.001304336042
50445	0.0003119027764
50446	0.002790660987
50447	0.0003287458383
50448	0.002959601842
50449	0.003773086389
50450	0.001604149204
50451	0.002622818236
50452	4.637826099e-05
50453	0.009874112921
50454	0.0004938613767
50455	0.001572238425
50456	0.001336427459
50457	0.001309980837
50458	0.0004854875518
50459	0.0009652365574
50460	0.0002990433741
50461	0.004710416818
50462	0.002703579061
50463	0.005132362123
50464	0.001709331403
50465	0.00532995422
50466	0.00166973435
50467	0.0006683913171
50468	0.001803199524
50469	0.0009670746107
50470	0.0001237513845
50471	0.004114980174
50472	0.002226728382
50473	0.002264843683
50474	0.001870798898
50475	0.006945866131
50476	0.005988060227
50477	0.0003905946058
50478	0.003036665219
50479	5.480899554e-05
50480	0.001655559583
50481	0.002044751069
50482	0.001247237274
50483	4.685902282e-05
50484	0.002071516346
50485	0.003565007664
50486	0.0008913177064
50487	2.665995727e-06
50488	0.000661541922
50489	0.001603347889
50490	0.001590444495
50491	0.001184442307
50492	0.003327103163
50493	0.001578882606
50494	0.0002319962089
50495	0.00512598635
50496	0.00150530574
50497	1.226876602e-05
50498	0.0008913590685
50499	0.005090256909
50500	0.001299823476
50501	0.002693905156
50502	0.0004168044147
50503	0.001637632833
50504	0.001287432781
50505	0.001910821202
50506	0.0009419718883
50507	0.001100527259
50508	0.00142920301
50509	0.0008278515672
50510	0.003824935764
50511	0.0002103341478
50512	2.33437691e-05
50513	0.004247956273
50514	0.001334198512
50515	0.0008137732949
50516	0.000157557974
50517	0.001094154567
50518	0.002033388961
50519	0.001717995437
50520	0.002056510304
50521	0.001564280619
50522	0.003473780359
50523	0.003667625679
50524	0.0006200424654
50525	0.0001042381703
50526	0.006805848861
50527	0.0006221272909
50528	0.0003812745679
50529	0.001849808055
50530	0.002634066347
50531	0.005438622389
50532	0.0004775644586
50533	0.003701940155
50534	0.004497258847
50535	0.002351873479
50536	0.0009846569678
50537	0.002774060669
50538	0.0001482504761
50539	0.0003127442791
50540	0.003170161895
50541	0.007330720319
50542	0.005748472143
50543	0.001506775109
50544	0.004819272143
50545	0.003591775608
50546	0.001402791076
50547	0.0001607436331
50548	0.001266108508
50549	0.002712523667
50550	0.003991731364
50551	0.0014942895
50552	6.721321345e-06
50553	0.002627032809
50554	1.475212682e-05
50555	0.004468867789
50556	0.002562289187
50557	4.804782411e-06
50558	0.0007336928064
50559	0.008830369452
50560	0.0005871159166
50561	0.004542560771
50562	0.002580271709
50563	7.403322106e-05
50564	0.008429401089
50565	0.0024444941
50566	0.002877147494
50567	0.0006915914493
50568	0.0006979632806
50569	0.0004861703586
50570	0.0004612023082
50571	0.0002223733775
50572	0.003756401415
50573	0.0006253315038
50574	0.003334020977
50575	0.007670097321
50576	0.0001105059511
50577	0.003115011941
50578	0.005417035639
50579	0.0007550247157
50580	0.0008756350205
50581	0.0006999798349
50582	0.002300562119
50583	0.002869469029
50584	0.003148107464
50585	0.001065433286
50586	0.0006833827736
50587	0.001090702683
50588	0.003540798084
50589	0.00288309938
50590	0.005816990122
50591	0.0004387690336
50592	0.002008352908
50593	0.00560200016
50594	0.008202630685
50595	0.001284025032
50596	0.0007606156786
50597	0.0005832263788
50598	0.003263819974
50599	0.001124488276
50600	0.000437402227
50601	0.0005153855738
50602	0.004683993595
50603	0.001540316781
50604	0.0003350924332
50605	0.0002355255158
50606	0.005940150123
50607	0.003685990369
50608	0.001979933833
50609	0.0002985187009
50610	0.001677799892
50611	0.006020719147
50612	0.002616539568
50613	0.007994364227
50614	9.966817606e-05
50615	0.00149603077
50616	0.0007542534819
50617	2.606697677e-05
50618	0.001670368784
50619	0.001065564049
50620	0.0003911020335
50621	0.005255681105
50622	0.00187115182
50623	0.001434318284
50624	0.0006477449946
50625	0.001156817533
50626	0.000802513625
50627	0.002569514759
50628	0.002023891216
50629	0.003636193755
50630	0.004016406737
50631	0.0005217208274
50632	0.003250538103
50633	8.048303738e-05
50634	0.002174708066
50635	0.002214266848
50636	0.004910532539
50637	0.0008328493252
50638	0.002395549413
50639	0.001818819695
50640	0.002319756652
50641	0.0005420347395
50642	0.0003039049143
50643	0.0005818699819
50644	0.0005982403182
50645	0.00193740531
50646	0.002189724885
50647	6.002085066e-05
50648	0.003354101601
50649	0.002869681431
50650	0.002949565376
50651	0.001261268586
50652	0.003338110484
50653	0.0001000192898
50654	0.004390722358
50655	0.006139278003
50656	0.001127344099
50657	0.0009727766004
50658	0.001791695556
50659	0.0005937733111
50660	0.0002860600341
50661	0.002358170116
50662	0.002195977646
50663	0.001115874812
50664	0.001020862993
50665	0.0005848834738
50666	8.123931803e-05
50667	0.002972118904
50668	0.001863178642
50669	4.730819055e-05
50670	0.004291682808
50671	0.004489281371
50672	0.0009964227069
50673	0.001142218801
50674	0.001293798658
50675	0.001245568982
50676	0.001874794325
50677	0.0005815354719
50678	0.0006750538652
50679	0.002853631643
50680	0.001071438801
50681	0.0008655382401
50682	0.003532424569
50683	0.002054312648
50684	0.006346457474
50685	0.0006752655366
50686	0.003841901841
50687	0.003669377607
50688	0.000149944969
50689	0.004315309211
50690	0.002751116427
50691	0.00241162107
50692	0.001209168388
50693	0.0005862372877
50694	0.006248950555
50695	0.0003845017435
50696	0.001128209946
50697	0.001594932094
50698	0.0004808112936
50699	0.001630863155
50700	0.00483421155
50701	0.001935785422
50702	0.001951589575
50703	0.002078068948
50704	0.007638264244
50705	0.0005600978394
50706	0.0001686794599
50707	2.520502201e-05
50708	1.784068784e-05
50709	0.0003511273295
50710	0.0004749188164
50711	0.0003179974036
50712	0.00510432043
50713	0.004230301977
50714	0.004943016726
50715	0.00284970775
50716	0.0007097975594
50717	0.004819638133
50718	0.0001895406366
50719	0.001057160324
50720	0.001380964937
50721	0.0003570645767
50722	0.0001391753348
50723	0.003858048633
50724	0.001787861842
50725	0.001002122032
50726	0.003937799982
50727	0.001810948887
50728	0.002650258458
50729	0.005643263396
50730	0.003716214896
50731	0.003763018689
50732	0.0003670954403
50733	0.00257759142
50734	0.001237843694
50735	0.005006730238
50736	0.002620140275
50737	0.0009256905853
50738	0.004719867609
50739	0.0003438805529
50740	0.002451827105
50741	0.0008881466904
50742	0.008109350338
50743	0.003373756725
50744	0.00249408137
50745	0.001182599939
50746	0.003947702039
50747	0.000555911628
50748	0.0002832711201
50749	6.313761904e-05
50750	0.001319012854
50751	0.005780463443
50752	0.000142091149
50753	0.0004407035452
50754	0.001491603211
50755	0.003165294179
50756	0.00528066846
50757	0.004866449998
50758	0.004896419311
50759	0.0004399072022
50760	0.0004666891989
50761	0.0002424206454
50762	0.002517794419
50763	0.001457575767
50764	0.003697249807
50765	0.0001142436492
50766	6.157555837e-05
50767	0.001472303634
50768	0.0009517338577
50769	0.001239665364
50770	0.0001147532501
50771	0.0006997602064
50772	0.003312328017
50773	0.003911301346
50774	0.00164748363
50775	0.0007020554577
50776	0.0005804139106
50777	0.001248322185
50778	0.001988061998
50779	0.003584666094
50780	0.001094026124
50781	0.005855944054
50782	0.002044473614
50783	0.001821370231
50784	0.001462000088
50785	0.002090875462
50786	0.002503393892
50787	0.004766026602
50788	8.656170205e-05
50789	0.002937819581
50790	0.002679488622
50791	0.002620532473
50792	0.001881756026
50793	0.002693436612
50794	0.0006342617546
50795	0.003445150839
50796	0.0003611675179
50797	0.002548875584
50798	0.00389592992
50799	0.001402652805
50800	0.0001361737435
50801	0.00258719861
50802	0.000331874922
50803	0.003192867741
50804	1.276165634e-05
50805	0.0009504980695
50806	0.005908725773
50807	0.004779323417
50808	0.0002614964638
50809	0.0009745073146
50810	0.0038917732
50811	0.0008160223521
50812	0.002770680538
50813	0.001320727461
50814	0.002000754794
50815	0.001209807353
50816	0.0003585028595
50817	0.001581334416
50818	0.0009545354464
50819	0.002800491809
50820	0.001840075976
50821	0.0005847845432
50822	0.002045704105
50823	0.0008818639977
50824	0.001645490487
50825	0.0006113255863
50826	0.003762411907
50827	0.001873428726
50828	0.0005527389173
50829	0.0006680446609
50830	0.003855266021
50831	0.00103382894
50832	0.002612926193
50833	0.0005128234984
50834	0.001416242589
50835	0.001124440058
50836	0.0002426836641
50837	0.000688548228
50838	0.002387063147
50839	0.003147401058
50840	0.001317237536
50841	0.0006893696355
50842	0.0001407373166
50843	0.00123009059
50844	5.119184473e-05
50845	0.0006357733565
50846	0.001530806344
50847	0.002017295932
50848	0.0003956844881
50849	0.004413823479
50850	0.0004384702762
50851	1.894888941e-05
50852	0.00390714798
50853	0.0003219333549
50854	0.000134442677
50855	0.005134047153
50856	0.004612585438
50857	0.002343337881
50858	0.006755880907
50859	0.00240458099
50860	0.00314740928
50861	0.01131278645
50862	0.00157246171
50863	0.003220003109
50864	0.002538333947
50865	0.004480587583
50866	0.00259015622
50867	0.003259063896
50868	0.0003585980368
50869	0.001097974597
50870	0.0008122750178
50871	0.000661768006
50872	0.002505256401
50873	0.001067570797
50874	0.001002514078
50875	0.0001436085682
50876	0.005501139997
50877	0.003173912533
50878	0.002704293948
50879	0.005659797351
50880	0.0001441004006
50881	0.0005622286658
50882	0.0008659847617
50883	8.850716468e-05
50884	0.001550618341
50885	0.000984595019
50886	0.0004276611068
50887	0.0004023768832
50888	0.002712239795
50889	0.003249323518
50890	0.003452094814
50891	0.0002404528548
50892	0.0007686237704
50893	0.004789604473
50894	0.0002972582615
50895	0.0004776200577
50896	0.0006735918011
50897	0.00158818524
50898	0.00165897733
50899	0.009775481544
50900	0.0001400551994
50901	0.0002848390589
50902	2.376042333e-05
50903	0.0005812153177
50904	0.000149172638
50905	0.0003010503262
50906	0.0001377778486
50907	0.002575214676
50908	0.0004913767155
50909	0.001814506404
50910	0.004084879687
50911	0.003125208537
50912	0.0004301469923
50913	0.005914169725
50914	0.002713138955
50915	0.0006197407302
50916	0.003658282411
50917	0.0009767315039
50918	0.001949818053
50919	0.00208677027
50920	0.0007912383474
50921	0.001881783396
50922	0.004212129929
50923	0.004100956933
50924	0.005207585907
50925	0.003622340096
50926	0.0005795580007
50927	0.006697035981
50928	0.002001932714
50929	0.001543957793
50930	0.002011164784
50931	0.002668310035
50932	0.002565462335
50933	0.0008817250336
50934	0.003274533978
50935	0.00136216546
50936	0.00128841806
50937	0.0007490075603
50938	0.001145395291
50939	0.001332382398
50940	0.0007974571216
50941	8.037874971e-05
50942	0.001426510972
50943	0.001537341953
50944	0.001304749016
50945	0.0005750411581
50946	0.003563845108
50947	0.005465904549
50948	0.006700121837
50949	0.001973903327
50950	0.006911978919
50951	0.0002435531026
50952	0.001911288953
50953	0.001124864496
50954	0.005027666726
50955	0.001982422313
50956	0.002402812029
50957	0.001203888023
50958	0.004240139742
50959	0.005376652745
50960	0.0006314910036
50961	0.005043563886
50962	0.001229210137
50963	0.005145516194
50964	0.0003178613694
50965	0.001421364605
50966	0.001667076589
50967	0.002595519432
50968	0.003313764755
50969	0.000585519256
50970	0.004258166102
50971	0.001695998841
50972	0.0001384035078
50973	0.002192752964
50974	0.0005798184918
50975	0.002665924662
50976	0.004829053834
50977	0.002508645312
50978	0.002860750839
50979	0.002292515993
50980	0.0003580202106
50981	0.00176262821
50982	0.001059003734
50983	0.0002745155317
50984	0.009278844057
50985	0.004759900819
50986	0.004297717712
50987	0.0001500582421
50988	0.003227759165
50989	0.001311519295
50990	0.0001888911904
50991	0.0001429001612
50992	0.000134980838
50993	0.003403389813
50994	0.001987270469
50995	0.001857609425
50996	0.0009978160952
50997	0.002362517051
50998	0.00259767274
50999	0.001238471446
51000	0.002308083292
51001	0.002072298941
51002	0.001082442669
51003	0.002641159942
51004	0.0004603917656
51005	0.003067068516
51006	0.002788883394
51007	0.0005627983755
51008	0.005088781956
51009	0.001092242316
51010	0.0001711711395
51011	6.169387633e-05
51012	0.001048902097
51013	1.273919148e-05
51014	0.0008776570519
51015	0.001602955045
51016	0.0005163802947
51017	9.393783915e-05
51018	0.001572617154
51019	0.001088446379
51020	0.0044708241
51021	0.0006408292798
51022	0.002509635149
51023	0.003669832561
51024	0.001863833103
51025	0.001454304621
51026	0.007735567063
51027	0.0006489858786
51028	0.0001695275055
51029	0.0111685451
51030	0.0007674771843
51031	0.001575779153
51032	0.001608079157
51033	0.0004116676744
51034	0.001689175928
51035	0.0003026173249
51036	0.003693669208
51037	0.003000376358
51038	0.003156226237
51039	0.000475575556
51040	9.346658659e-05
51041	0.003557673128
51042	0.002105367793
51043	0.002839510986
51044	0.004297920511
51045	0.003667599074
51046	0.002996996967
51047	0.003834889002
51048	0.00183722247
51049	0.0008318772877
51050	0.001347969528
51051	0.002197024966
51052	0.003080133128
51053	0.002279342952
51054	0.0005685519188
51055	0.0003937201518
51056	0.001489703845
51057	0.003432462524
51058	0.003420116005
51059	8.884927439e-05
51060	0.0003138966897
51061	0.0003682632698
51062	0.0004027765604
51063	0.0006447039951
51064	0.004011145161
51065	0.001318396703
51066	8.918853579e-06
51067	6.527441018e-05
51068	0.0009745054714
51069	0.001513872492
51070	0.001651580862
51071	0.001646841831
51072	0.001057740548
51073	0.001198963869
51074	0.001149613087
51075	0.0007056476158
51076	0.0008305581498
51077	0.000241176215
51078	0.0008475516933
51079	0.0002891355355
51080	0.0003529867003
51081	7.906721295e-05
51082	5.465232647e-05
51083	7.20730793e-05
51084	0.0002802417031
51085	0.0005072799563
51086	8.515994685e-05
51087	0.0003933540194
51088	0.0003453270446
51089	0.0003307171259
51090	0.0004444097912
51091	0.002420912433
51092	0.0008265465649
51093	9.835761452e-05
51094	0.003472884079
51095	0.002369679478
51096	0.003592445231
51097	0.002576959832
51098	0.0008955259564
51099	0.003119760616
51100	0.0004383170814
51101	0.0007559063473
51102	0.002844366379
51103	0.0008259718034
51104	0.0007538664685
51105	0.0007778969397
51106	5.368528792e-05
51107	0.0056995001
51108	0.0007875444867
51109	0.0007854227941
51110	0.005484681829
51111	0.005638071135
51112	0.002612162672
51113	0.0006703875856
51114	0.003898590471
51115	0.001222657562
51116	0.0005737917958
51117	0.004586244423
51118	0.0009985220173
51119	0.0004036699087
51120	0.0005854589434
51121	0.0003707665755
51122	0.005448286649
51123	0.003783923261
51124	0.007464548434
51125	0.001608171507
51126	0.00131057974
51127	0.004143621767
51128	0.006353572404
51129	0.003590485219
51130	8.664990328e-05
51131	0.001725692946
51132	0.003439562901
51133	0.00339154668
51134	0.001419660263
51135	0.005807614925
51136	0.006404857723
51137	0.002844522281
51138	0.001349977746
51139	0.002946060168
51140	0.006549774623
51141	0.003191880052
51142	0.001565544352
51143	0.001005365215
51144	0.006565801097
51145	0.005823477312
51146	0.00705237401
51147	0.003904937095
51148	0.001886678329
51149	0.0007990985577
51150	0.0008149535763
51151	0.000628567961
51152	0.002217784309
51153	0.001428094781
51154	0.004180924063
51155	0.001125798196
51156	0.002646235547
51157	5.463233855e-05
51158	0.002798305881
51159	0.001399244096
51160	0.001009223789
51161	0.0006515065412
51162	2.83148095e-05
51163	0.0005132734044
51164	0.001787509508
51165	0.000588179286
51166	0.002040736912
51167	0.000721112782
51168	0.002321548865
51169	0.005146479028
51170	0.008005861966
51171	0.001367072449
51172	0.001646091083
51173	0.004361541683
51174	0.00122825674
51175	0.003781706283
51176	0.003273440576
51177	0.001351165214
51178	0.006285898063
51179	0.0004432870249
51180	0.003473902626
51181	0.003775601196
51182	0.0007980510244
51183	0.001373654903
51184	0.001104753321
51185	0.0026091331
51186	0.0005662026625
51187	0.0037662291
51188	0.003037233012
51189	0.0002362554998
51190	0.009116922388
51191	0.001766270423
51192	0.001027060593
51193	0.0005509286982
51194	0.0005179393239
51195	0.0006498370095
51196	0.004002442178
51197	0.0006002988702
51198	0.002858416125
51199	0.005119829494
51200	0.001480723841
51201	0.001465041462
51202	0.0004365648332
51203	0.002414184048
51204	0.003422411489
51205	0.008855794304
51206	0.0004125360744
51207	0.001215309682
51208	0.001266387853
51209	0.004538555862
51210	0.002702570165
51211	9.930970678e-05
51212	0.002859440133
51213	0.0001316438871
51214	0.002074005721
51215	0.003665706679
51216	0.003518858461
51217	0.001699721846
51218	0.002671797299
51219	0.002735049911
51220	0.002148145243
51221	0.002158632936
51222	0.003298893247
51223	0.001743754908
51224	1.067779106e-05
51225	0.001777477846
51226	0.004412212391
51227	0.004661131598
51228	0.006954558363
51229	0.000432653034
51230	0.0009226680905
51231	0.00559922064
51232	0.003785354223
51233	0.0008344532231
51234	0.002111166266
51235	0.0006220946568
51236	0.0007592977669
51237	0.0004488309134
51238	9.950575363e-05
51239	0.007419223614
51240	0.004351949389
51241	0.003936004599
51242	0.000422451089
51243	0.003975635135
51244	0.006009930341
51245	0.0003829737834
51246	0.005818261713
51247	0.002529405085
51248	0.001266295855
51249	0.006668148483
51250	0.000695371398
51251	0.001465143774
51252	0.008287431853
51253	0.001859462617
51254	0.0009119706582
51255	0.004466283176
51256	0.001119670422
51257	0.001631256081
51258	0.0001332313411
51259	0.0008186634803
51260	0.001934415626
51261	0.005935842464
51262	0.003274649047
51263	0.001370015837
51264	0.003175068807
51265	0.004161442925
51266	0.0009919595015
51267	0.00331692646
51268	0.0001227832012
51269	0.002948468585
51270	0.004411774206
51271	0.0007057448886
51272	0.001860672709
51273	0.0005348929709
51274	0.003788425078
51275	0.006828588011
51276	0.001583122926
51277	0.00194499139
51278	0.004109774934
51279	0.001086100662
51280	0.0004501959659
51281	0.0052403289
51282	0.0001589136902
51283	0.003351775185
51284	0.0127189343
51285	0.0007148989275
51286	0.0008512938876
51287	0.002580664345
51288	0.0002203375225
51289	0.0001742686598
51290	0.0009552438587
51291	0.002256099162
51292	4.017913728e-05
51293	0.005173961649
51294	0.004558398654
51295	0.000378605467
51296	0.0002558497483
51297	0.005108966472
51298	0.001577015443
51299	0.000912156126
51300	0.00171980105
51301	4.944495273e-18
51302	0.001695351011
51303	0.002561497026
51304	0.000106159576
51305	0.003071700943
51306	0
51307	0.001787009571
51308	0.001618577121
51309	0.008100228004
51310	0.001793991066
51311	0.0009196127781
51312	0.002598132172
51313	0.009275139096
51314	0.002483203664
51315	0.0008725209788
51316	0.001915208153
51317	0.008283506905
51318	0.001520038438
51319	0.002853050652
51320	0.0006679424226
51321	0.004546003739
51322	0.005210237848
51323	0.0003559183808
51324	0.003061423315
51325	0.006609507146
51326	0.0001949509337
51327	0.003315167609
51328	0.0003012184338
51329	0.002134419489
51330	1.535023087e-08
51331	0.004993145092
51332	0.003103007007
51333	0.0002333405349
51334	0.000167499044
51335	1.812491517e-05
51336	0.001426931897
51337	0.002746658628
51338	0.0002803494584
51339	0.002276353726
51340	0.0007493067074
51341	0.002463363092
51342	0.0003758243026
51343	0.000630732242
51344	0.004297740432
51345	0.001501705617
51346	0.001705356951
51347	0.001386445687
51348	0.001058890381
51349	0.0002808868819
51350	0.0007133207884
51351	0.005317110037
51352	0.0006987629843
51353	0.004183642916
51354	0.001758901911
51355	0.001251253116
51356	0.001678734731
51357	0.001448934256
51358	0.003766425174
51359	0.000291275484
51360	0.0009718897061
51361	0.004422369069
51362	0.005165499568
51363	0.001884617532
51364	0.003320935426
51365	0.0001127472255
51366	0.0005129851022
51367	0.001782229366
51368	0.0004954904925
51369	0.002922084477
51370	0.001449979645
51371	0.0002132992326
51372	0.003536283121
51373	0.001216738018
51374	0.001771416264
51375	0.0001709111691
51376	0.007822420859
51377	0.003597155909
51378	0.0006997970012
51379	0.006152066552
51380	4.735689227e-05
51381	0.008834466914
51382	0.001552234565
51383	0.001656801737
51384	0.0005012344037
51385	0.004168777237
51386	0.004329792338
51387	0.0006489028222
51388	0.00177954039
51389	0.0004557169377
51390	0.0001358060658
51391	0.0007792899928
51392	0.002370922257
51393	0.007066946341
51394	0.0007423033958
51395	0.0003966693433
51396	0.0001169323197
51397	0.002473985028
51398	0.002966110562
51399	0.002096864263
51400	0.0006591748794
51401	0.002265462016
51402	0.001217189134
51403	0.002526332612
51404	0.0003847465495
51405	0.002921531457
51406	0.0001912886336
51407	0.002055945807
51408	0.00172411478
51409	0.001890988804
51410	0.00187344147
51411	1.981148592e-05
51412	0.0008612327282
51413	0.001608750084
51414	0.00123391453
51415	0.003715012167
51416	0.004078222596
51417	0.001245823529
51418	0.002334481093
51419	0.001948637911
51420	0.0007578210746
51421	7.947066009e-05
51422	0.002245484547
51423	0.002894551779
51424	0.007180307315
51425	0.004016000434
51426	0.0007438470474
51427	0.0007741331695
51428	0.002545434235
51429	0.003114183583
51430	0.0006886097149
51431	0.003628420251
51432	0.005055747053
51433	0.0005540402775
51434	0.005116639329
51435	0.001582693204
51436	0.0005949028673
51437	0.003016603757
51438	0.001609422074
51439	0.001691764113
51440	0.003463359976
51441	0.001676693281
51442	0.001897937191
51443	0.004969559726
51444	0.002641109571
51445	0.004957605322
51446	0.005540026493
51447	0.004977987223
51448	0.0007723564062
51449	0.0001116598259
51450	0.0002030057485
51451	0.002015325002
51452	0.0007688258242
51453	0.0004015873871
51454	2.939827594e-05
51455	0.001346294912
51456	0.001906835582
51457	0.002405122311
51458	0.00126570393
51459	0.004751903942
51460	0.007407603738
51461	0.004040222429
51462	0.003257873791
51463	0.003106992816
51464	0.002282860946
51465	0.002640877121
51466	0.000841505658
51467	0.005650615601
51468	0.001690033973
51469	0.0005117036757
51470	0.007330979076
51471	0.003085891813
51472	0.003876800568
51473	0.00016943442
51474	0.0008734787998
51475	0.002087239489
51476	0.002501110995
51477	0.0004573913887
51478	0.004497832812
51479	0.001062445081
51480	0.00201432313
51481	0.0006801414164
51482	0.002725739725
51483	0.001799157241
51484	0.001220839805
51485	0.002630067674
51486	0.005011930251
51487	0.0002349479794
51488	3.25405353e-05
51489	0.0001842370054
51490	0.0004003957322
51491	3.581639063e-05
51492	0.001013423333
51493	0.0006322219838
51494	0.003246636433
51495	0.0004445994397
51496	0.001385398826
51497	0.001094404479
51498	0.0006473781316
51499	0.0003444278753
51500	0.00198887484
51501	0.004889516451
51502	0.002386061338
51503	0.0005924143979
51504	0.002209389592
51505	0.0003820347537
51506	0.001980708479
51507	0.0005987372548
51508	0.00132761254
51509	0.00198114182
51510	0.003221029252
51511	0.001764802523
51512	0.002104054185
51513	0.0003064010255
51514	0.0001020067349
51515	0.00240041477
51516	0.003887507198
51517	0.003949026313
51518	0.003694934701
51519	0.001363119246
51520	0.002159483339
51521	0.003240590103
51522	0.004906346547
51523	0.001790533934
51524	0.0007701076288
51525	0.0001646501732
51526	0.00322121664
51527	0.001894010533
51528	0.001373756587
51529	0.004592651356
51530	0.0005406463679
51531	0.0008650185116
51532	0.003200333081
51533	0.0007279897681
51534	0.003757216346
51535	0.0007552177191
51536	0.003581912646
51537	0.003039764619
51538	0.0005089307523
51539	0.002508761057
51540	6.897119492e-05
51541	0.003385117693
51542	0.00758274297
51543	0.005136540175
51544	0.008874516923
51545	0.0005577497548
51546	0.003796964605
51547	0.001044916366
51548	0.00177692645
51549	0.0007258637131
51550	0.001348448414
51551	8.175112518e-05
51552	0.00211068252
51553	0.005612483493
51554	0.001542350307
51555	0.0004842521929
51556	2.88501813e-05
51557	0.004009164841
51558	0.0007356413265
51559	0.0002484282459
51560	0.0009341560936
51561	0.001598152949
51562	2.623685685e-06
51563	0.002063003192
51564	0.0002323215365
51565	0.0004069142226
51566	0.001736952231
51567	0.0001474503474
51568	0.002570462095
51569	0.001373155804
51570	0.0007447736487
51571	0.0008316099001
51572	0.003272463999
51573	0.004900082542
51574	0.001073952645
51575	0.001995860093
51576	0.0008649484034
51577	0.0008853321949
51578	0.0010465751
51579	0.003068154797
51580	0.005680038909
51581	0.002312230146
51582	0.0007214084314
51583	0.006980482507
51584	0.001448581158
51585	0.0001037844602
51586	0.005868279737
51587	0.003259145923
51588	5.965535828e-05
51589	0.0001039901773
51590	0.0003918804642
51591	0.0001675071549
51592	0.001093075967
51593	0.0005617935423
51594	0.0008931694015
51595	0.0004114798109
51596	0.0003935297382
51597	0.0001556650274
51598	0.0006900723475
51599	0.0002273490479
51600	0.0006368065701
51601	0.006913125548
51602	0.0002794498068
51603	0.0002744603192
51604	0.0002400872059
51605	0.0006115443921
51606	0.001333550239
51607	0.0008804066719
51608	0.00516696005
51609	0.001261328744
51610	0.0007248302901
51611	0.001201130985
51612	0.0008653044824
51613	0.007836819141
51614	0.0008234506119
51615	7.061789888e-05
51616	0.001411507118
51617	0.000816601386
51618	0.004252794079
51619	0.006832112557
51620	0.000100700297
51621	0.0003064281413
51622	6.233420381e-05
51623	0.002863564169
51624	0.000224682464
51625	0.0008192260706
51626	0.001070372135
51627	0.0008243849573
51628	0.0003906635108
51629	0.004352346907
51630	0.004176839346
51631	0.001805585057
51632	0.0002013461315
51633	0.007729443341
51634	0.004517023854
51635	0.006336334359
51636	0.005965344224
51637	0.0005084388358
51638	0.0003923527219
51639	0.0005320171608
51640	0.0008814316496
51641	0.003065133943
51642	0.003360790298
51643	0.0002141372355
51644	0.004934025634
51645	0.004325387138
51646	0.0002027787197
51647	0.001512174288
51648	0.0007326982452
51649	0.0001644136569
51650	0.003676165693
51651	0.0004328291552
51652	0.001447109992
51653	0.000443876328
51654	2.133206845e-05
51655	0.002043381398
51656	0.0003069371015
51657	0.0004188126648
51658	0.0004792741664
51659	0.0003067121945
51660	8.554226508e-05
51661	0.0005937092328
51662	0.007809216289
51663	0.0001068007838
51664	0.0003140810034
51665	0.002613475282
51666	0.002914340283
51667	0.003622872263
51668	0.001611420313
51669	0.0004037913149
51670	0.0008044214523
51671	8.634609469e-05
51672	0.002083643691
51673	0.001426534829
51674	0.002803686979
51675	0.00261608087
51676	0.0003373865016
51677	0.000903542748
51678	0.003087102409
51679	0.0001515665456
51680	0.0004071817584
51681	0.004418982998
51682	0.00046329017
51683	0.00206030768
51684	0.002798759443
51685	0.005022211643
51686	0.001527661143
51687	0.002096310644
51688	0.000804658841
51689	0.002365662144
51690	0.002698020427
51691	0.0007404790083
51692	0.004100063302
51693	0.004418517383
51694	0.001771751845
51695	0.006538430009
51696	0.00232080465
51697	0.003459110612
51698	0.002369676562
51699	0.001452813395
51700	0.002490894784
51701	0.0001941932595
51702	0.002719629992
51703	0.002779539278
51704	0.0005852238262
51705	0.0007671736892
51706	0.003032950483
51707	0.002009556312
51708	0.001370914591
51709	0.00186797554
51710	0.002510620224
51711	0.001617572169
51712	0.004836304678
51713	0.002277183342
51714	0.004890645362
51715	0.002402330726
51716	0.001128193852
51717	0.000232266302
51718	0.00328512559
51719	0.005814381041
51720	0.001253159325
51721	0.004716844751
51722	0.000448212635
51723	0.000396262713
51724	0.008180257775
51725	0.002523376882
51726	2.545028139e-05
51727	0.004683361969
51728	0.0001236075525
51729	0.001079066083
51730	0.003656702048
51731	0.001368202015
51732	0.003283760462
51733	0.0004474727859
51734	0.0005247624065
51735	0.002362878517
51736	0.004832493551
51737	0.0001578130473
51738	0.002200671918
51739	0.000556936708
51740	0.001969181959
51741	0.003220475759
51742	1.159146147e-05
51743	0.000241287228
51744	0.000915608412
51745	0.0001222048199
51746	0.001551748115
51747	0.001388955411
51748	0.003501951738
51749	0.001959057364
51750	0.001140939889
51751	0.003756763794
51752	0.003296314737
51753	0.001093621337
51754	0.0008491550109
51755	0.0008667962483
51756	6.587547619e-06
51757	0.00436556379
51758	0.004712648096
51759	0.00659176416
51760	0.0003792181898
51761	0.00450461779
51762	0.0009974133667
51763	0.002682345997
51764	0.004133889268
51765	0.0001719048413
51766	0.005484598351
51767	0.0001409138828
51768	0.004686416513
51769	0.000348439257
51770	0.002808583671
51771	0.001665860915
51772	0.00398792813
51773	0.003961531799
51774	0.001900069941
51775	0.003468952352
51776	0.002371861513
51777	0.005034347956
51778	0.001357952476
51779	0.000453703372
51780	0.003437443089
51781	0.003998352247
51782	0.003382602015
51783	0.001656554407
51784	0.002952738175
51785	0.0003696390767
51786	0.004446769665
51787	0.0002906378127
51788	0.002364404294
51789	0.002376489387
51790	0.0007689208509
51791	0.002650571301
51792	0.001922841307
51793	0.003816131707
51794	0.002037731356
51795	0.002622836653
51796	0.006951296995
51797	0.0001108952402
51798	0.002571163708
51799	0.002460525524
51800	0.002557202429
51801	0.003481320059
51802	0.001560432126
51803	0.00292154872
51804	0.0005351279359
51805	0.0009222968297
51806	0.003063878776
51807	8.055860654e-06
51808	0.003893705251
51809	0.003213116351
51810	0.0003133237017
51811	0.002600076374
51812	0.0001369925414
51813	0.0005666071496
51814	0.001003782366
51815	0.0003827676799
51816	0.001500356892
51817	0.0007382160578
51818	0.0003028071208
51819	0.0004608282324
51820	0.0004237580441
51821	0.0008735798436
51822	0.0003135211655
51823	0.0006989288502
51824	0.0001220416377
51825	0.0001719370607
51826	7.687638837e-05
51827	0.000310483315
51828	1.518504829e-05
51829	0.0002902243593
51830	0.0004110323072
51831	0.0003684820233
51832	0.007497274196
51833	0.001173066509
51834	0.0008392351708
51835	0.003787474412
51836	0.0001754079192
51837	0.002563378219
51838	0.0007153671384
51839	0.001566144965
51840	0.004993711975
51841	0.000355551287
51842	0.0003307280909
51843	0.002031764677
51844	0.003216635594
51845	0.002609713831
51846	0.002388557102
51847	0.007771157256
51848	0.002451387669
51849	0.001694081725
51850	0.001716830409
51851	0.001831408386
51852	0.001050274602
51853	0.004125441417
51854	3.848141447e-05
51855	0.001776553165
51856	0.001108172861
51857	2.739244173e-07
51858	0.0008616657017
51859	0.001749550006
51860	0.001861828735
51861	0.0003618621953
51862	0.005588695518
51863	0.005054780561
51864	0.001052119178
51865	0.0005519582537
51866	0.0005981484518
51867	0.0005068362656
51868	0.0004398926086
51869	0.0005078218037
51870	0.005038916489
51871	3.948625366e-05
51872	0.003077232829
51873	0.001320909176
51874	0.001709874686
51875	0.001147420899
51876	0.0003905466783
51877	0.004601279362
51878	0.003102817636
51879	0.002319865655
51880	0.006341861202
51881	0.003624141478
51882	0.001668407435
51883	0.00294382672
51884	0.0001956701279
51885	0.001577857605
51886	0.002605131339
51887	0.001702299796
51888	0.009477910168
51889	0.002491715782
51890	0.003784700322
51891	0.0006360354708
51892	0.002471029449
51893	0.003981734919
51894	0.005160533637
51895	0.0002014802375
51896	0.00131850228
51897	0.001777296067
51898	0.0002112369598
51899	0.0006474529258
51900	0.004142755074
51901	0.003678198637
51902	0.00264287267
51903	0.002436987188
51904	0.0004002830911
51905	0.002821980234
51906	0.00286176341
51907	0.0048607037
51908	0.00177793397
51909	0.004301309888
51910	8.68952114e-05
51911	0.0001151384764
51912	2.574971368e-05
51913	0.0003679582717
51914	0.0001008260259
51915	0.000204462656
51916	0.0007177370546
51917	3.208342666e-05
51918	1.214441671e-05
51919	0.002253452291
51920	1.025444355e-06
51921	0.001002754329
51922	0.004983874541
51923	2.715789475e-05
51924	0.003383538269
51925	0.001036543356
51926	0.000686294107
51927	0.0002385844129
51928	0.0003425451699
51929	0.001159943834
51930	0.007219496705
51931	1.186729313e-05
51932	0.007376153362
51933	0.006758017912
51934	0.002252487313
51935	0.000695465514
51936	0.003646225251
51937	0.000265955667
51938	0.003561473808
51939	0.0007263029371
51940	0.005051217885
51941	0.004830315447
51942	0.0005213462497
51943	0.003358309424
51944	0.001482184252
51945	0.005665379998
51946	0.00324475078
51947	0.00158934301
51948	0.004254963979
51949	0.004843441311
51950	0.002620489608
51951	0.001331033222
51952	0.002067001672
51953	0.0008652196564
51954	0.003976996167
51955	0.00042794359
51956	0.001578532382
51957	0.002100792315
51958	0.001455226646
51959	0.002055184122
51960	0.003424735972
51961	2.092297092e-05
51962	0.002573857944
51963	0.0001327554354
51964	0.0004157267847
51965	0.001155071433
51966	0.001152675978
51967	0.00139963753
51968	0.002210335268
51969	0.0007494001254
51970	0.001584406399
51971	0.005727779579
51972	0.001190366415
51973	0.001256038497
51974	0.001220046964
51975	0.0022026099
51976	0.001758845035
51977	0.002390215418
51978	0.005442595182
51979	0.0008401854608
51980	0.0008307743879
51981	0.00739682633
51982	0.003874769178
51983	0.002669604355
51984	0.001257156284
51985	0.00660553284
51986	0.00185236743
51987	0.008378875544
51988	0.0007186148784
51989	2.280427589e-05
51990	8.983286142e-05
51991	0.004141822457
51992	0.002648545097
51993	0.002225993955
51994	0.001882650021
51995	0.0009517003152
51996	0.004198596002
51997	0.004243379866
51998	0.001363522128
51999	0.002612826218
52000	0.001444931273
52001	0.00221236859
52002	0.002981595774
52003	0.001532383752
52004	0.002023294386
52005	0.005656721313
52006	0.001558540194
52007	0.0001748511849
52008	0.002771632788
52009	0.001461186242
52010	0.0006303510864
52011	0.004281216905
52012	0.001137552121
52013	0.0005722925227
52014	0.0008102033335
52015	0.0001807675914
52016	0.001058095582
52017	0.00225481375
52018	0.0001631997061
52019	1.228018469e-07
52020	0.002199216972
52021	0.00275635677
52022	0.001704332584
52023	0.0002699092635
52024	0.0005258100857
52025	0.004684869947
52026	0.0003008019893
52027	0.0003900871827
52028	0.000331265061
52029	0.0001654481547
52030	0.0002242088755
52031	0.003293215742
52032	0.001947008356
52033	0.0009618968474
52034	0.00285174793
52035	0.000324057639
52036	0.001033076108
52037	0.0001348133732
52038	0.002902990346
52039	0.0006199775915
52040	0.00276566188
52041	0.006765141055
52042	0.003333387924
52043	0.001180654915
52044	0.004569528319
52045	0.001025905895
52046	0.0007581753448
52047	0.001540769297
52048	0.0008402396621
52049	0.002289371426
52050	0.0007493603897
52051	0.0007386652163
52052	0.003828827899
52053	0.0006950019555
52054	0.0001114266595
52055	0.002832711534
52056	0.001443953413
52057	0.003699517727
52058	0.002768589625
52059	0.0003555052286
52060	0.001304641313
52061	0.003446328751
52062	0.001667439877
52063	0.002904692131
52064	0.001784058059
52065	0.0005709048455
52066	0.002399582485
52067	0.0003794323365
52068	0.0013277815
52069	0.002478472436
52070	0.0003767455481
52071	0.0002993466325
52072	0.0004940069892
52073	0.001705335801
52074	0.004478254972
52075	0.001020366306
52076	0.0002744231134
52077	3.720837124e-05
52078	0.0008161791517
52079	0.0004677424032
52080	0.001077260348
52081	0.001527755219
52082	2.431134534e-05
52083	0.0005231968986
52084	0.003333689799
52085	0.001376095006
52086	0.001711771655
52087	0.001347449438
52088	0.001526892693
52089	0.0004631395948
52090	0.0001036574071
52091	0.0003288891415
52092	0.002645811508
52093	0.0003652484585
52094	0.001795719231
52095	0.0004794606756
52096	0.008036107471
52097	0.005881419239
52098	0.0001470062647
52099	0.004403856987
52100	0.004401527765
52101	0.0006939878238
52102	0.007104654057
52103	0.00411367839
52104	0.0002454373225
52105	0.001830958121
52106	0.0006173651472
52107	0.001987866503
52108	0.0004306974294
52109	0.002045938354
52110	0.0009611008012
52111	0.0001706380997
52112	0.001128308375
52113	0.0005736451435
52114	0.0008838382077
52115	0.001081332734
52116	0.006720411379
52117	0.001254466296
52118	0.0004637250272
52119	0.001051702986
52120	0.0006688213915
52121	0.0001285486872
52122	0.002285969817
52123	0.004695259444
52124	0.0003000415023
52125	0.001948021005
52126	8.521459454e-06
52127	0.0008644594564
52128	0.004076473812
52129	0.003046956948
52130	0.004429369375
52131	0.001451364397
52132	0.0008314178238
52133	0.006625942708
52134	0.005834269149
52135	0.0002972409314
52136	0.003034735484
52137	0.001808079746
52138	0.001334704664
52139	0.0004503799534
52140	0.0004781503101
52141	0.0009451557997
52142	0.006282013256
52143	0.0006339406261
52144	0.0001053884158
52145	0.002731231508
52146	0.002784552738
52147	0.001062138516
52148	0.003358028176
52149	0.0005640659349
52150	0.001335047199
52151	0.004364967084
52152	0.0001098447388
52153	0.002925856478
52154	0.00410579369
52155	0.002594203026
52156	0.001652793025
52157	0.002005205961
52158	0.002647754506
52159	0.0002870151479
52160	0.003479317431
52161	0.004223750942
52162	0.005345619204
52163	0.002179028912
52164	0.00196657347
52165	0.0006812653998
52166	0.002627831379
52167	0.001057784631
52168	0.001410762182
52169	0.0009655347162
52170	0.007328116342
52171	0.003100080743
52172	0.002227707258
52173	0.00190375298
52174	0.00163129601
52175	0.005195830352
52176	0.001858916428
52177	0.001087798764
52178	0.001171911206
52179	0.001148064854
52180	0.0008306427567
52181	0.004220137332
52182	0.0009601241436
52183	0.0004867484213
52184	0.001089665193
52185	0.0004757015318
52186	0.002872937279
52187	0.0009097696478
52188	0.003306584738
52189	0.002222100838
52190	0.00211943942
52191	0.003534075505
52192	0.003360705828
52193	0.0003073193656
52194	0.002754154982
52195	0.0003962024002
52196	0.001165814611
52197	0.002767057946
52198	0.001736862851
52199	0.001549100764
52200	0.001551223261
52201	0.000357952664
52202	0.00306816024
52203	1.108526599e-05
52204	0.000505839044
52205	5.184009623e-05
52206	0.002531118176
52207	0.0003982869617
52208	0.009136767661
52209	0.0004535697176
52210	0.001971781153
52211	0.001325703872
52212	0.0007638029897
52213	0.001635740467
52214	0.0008574004292
52215	0.001958007099
52216	0.0009759866207
52217	0.001424688736
52218	0.001795185235
52219	0.001642709898
52220	9.262943841e-05
52221	0.000956087015
52222	0.003150545837
52223	0.0001402047888
52224	0.0003023299581
52225	0.0007092886074
52226	0.0006737249717
52227	0.0004181267482
52228	0.001327887001
52229	0.0006466470455
52230	0.0002997907768
52231	0.003482377766
52232	0.0007586540762
52233	0.0005955919008
52234	0.001408644902
52235	0.004611199094
52236	0.0009820420267
52237	0.0008141796139
52238	0.007401409469
52239	0.003019704675
52240	0.004239070194
52241	0.001508372498
52242	0.004271183585
52243	0.0007610962174
52244	0.003838563844
52245	0.0004392875833
52246	0.001000491453
52247	0.0009313090402
52248	0
52249	0.004895465171
52250	0.007254785622
52251	0.0001627395547
52252	0.001923427857
52253	0.004858705386
52254	0.0009211825641
52255	0.002322372701
52256	0.003263026524
52257	0.001233450389
52258	0.002222792763
52259	0.003227859328
52260	0.004729472914
52261	0.0006493644919
52262	0.0003988905251
52263	0.006666106301
52264	0.0008438684557
52265	0.002126047281
52266	0.002601364567
52267	0.002487865718
52268	0.001929830247
52269	0.0008368763798
52270	0.0006354739084
52271	0.0003486118972
52272	0.001281021045
52273	0.003060591337
52274	0.000767562363
52275	0.0001231843119
52276	0.002134665608
52277	0.005264952395
52278	0.004119138317
52279	0.001905485311
52280	0.001710781803
52281	0.002780423821
52282	8.418682935e-05
52283	0.001176707302
52284	0.001892272015
52285	1.566824718e-05
52286	0.001436283972
52287	0.0002531588456
52288	0.001381546371
52289	0.005567813051
52290	0.003398693854
52291	0.001316043077
52292	0.002772377709
52293	0.000950764792
52294	0.001412427751
52295	0.001109783607
52296	0.002215440485
52297	0.001592202152
52298	0.001621743895
52299	0.002213365981
52300	0.002675420338
52301	0.00176930619
52302	0.0005096913678
52303	0.0006250008437
52304	0.001176674213
52305	0.000100958899
52306	0.004448771879
52307	0.0004318082756
52308	0.002424666828
52309	0.0007459660875
52310	0.002653113354
52311	0.001688004259
52312	0.0003510910295
52313	0.000605691943
52314	0.001547292509
52315	0.00323324189
52316	0.003265410258
52317	0.002858054775
52318	0.0007467437085
52319	0.007580213344
52320	0.004777296818
52321	0.001225925796
52322	0.003985667452
52323	0.002843620968
52324	0.004958733384
52325	0.001831533639
52326	0.001322047596
52327	0.0008197943609
52328	0.005656735288
52329	0.001035269791
52330	0.001110366244
52331	0.002001324184
52332	0.002139437217
52333	0.0003902891138
52334	0.004753512786
52335	0.001528534597
52336	0.0006313294305
52337	0.001907649854
52338	0.0002787521108
52339	0.00268114496
52340	0.0006294512007
52341	0.002463679309
52342	0.001554413042
52343	0.0007834080325
52344	0.0008449025147
52345	0.002944105908
52346	0.0005235628866
52347	0.0007338596502
52348	0.0005795852707
52349	0.004676596867
52350	0.0009825363021
52351	0.0004924558785
52352	0.004100482776
52353	0.0003763796024
52354	0.004008718341
52355	0.0006437479977
52356	0.004427371975
52357	8.530555721e-05
52358	0.0009116957115
52359	0.0001587455987
52360	0.002072703009
52361	0.0004595543361
52362	0.003420550317
52363	0.003201066479
52364	0.001661769887
52365	0.0009995255078
52366	0.002388488804
52367	4.600655672e-07
52368	0.001975746855
52369	0.002808569933
52370	0.002543895684
52371	0.0006702133504
52372	0.001815200217
52373	0.0029508184
52374	0.001033558467
52375	0.001068426217
52376	0.004848186917
52377	0.004752256456
52378	0.0001561734146
52379	0.004139240642
52380	0.0002405964219
52381	0.0005678103476
52382	6.15389932e-05
52383	0.0005033740628
52384	7.482524467e-06
52385	0.002728298778
52386	0.001577146274
52387	0.0005636984439
52388	0.0007384883816
52389	0.0005275428146
52390	0.003475036811
52391	0.0003687856977
52392	0.001001953228
52393	0.0004881049499
52394	0.0001135385716
52395	0.001102126468
52396	0.003219725371
52397	0.00186447431
52398	0.001347818789
52399	0.001082571303
52400	0.002275790448
52401	0.003024471978
52402	0.003157293246
52403	0.002778969866
52404	0.008203887833
52405	0.0004151897771
52406	0.001837696696
52407	0.0003184117975
52408	0.0009156898562
52409	5.580160303e-05
52410	0.004207805794
52411	1.226153924e-05
52412	0.002236417418
52413	0.0009582767003
52414	0.001784720105
52415	0.00134443689
52416	0.001471034811
52417	6.148179183e-05
52418	0.0006583974909
52419	0.006027094862
52420	0.002862979543
52421	0.001405635507
52422	0.0007542698894
52423	0.005217525863
52424	0.001097421992
52425	0.0002557270758
52426	0.003043378044
52427	0.0001651122353
52428	0.0007049716256
52429	0.0004481472387
52430	0.0009351550815
52431	0.001474524462
52432	0.0005365144363
52433	0.001689144068
52434	0.0003901803131
52435	0.001597077321
52436	0.003413697851
52437	0.007174365806
52438	0.00157903637
52439	0.0007678553845
52440	0.001962036943
52441	0.0001227577791
52442	0.002512445779
52443	0.00108629508
52444	0.0004097627172
52445	0.0002339049296
52446	0.01028818686
52447	5.318186639e-05
52448	0.002360831046
52449	0.0007715502146
52450	0.001792933255
52451	0.0006496410155
52452	0.001172187869
52453	0.003620900274
52454	0.000270536961
52455	0.004284737313
52456	1.274423723e-05
52457	0.003876718799
52458	0.00250453526
52459	0.00733939502
52460	0.001292670863
52461	1.667984691e-06
52462	0.0002364758521
52463	0.001883266915
52464	0.01279222542
52465	0.005252010054
52466	3.397681641e-05
52467	0.004168523067
52468	0.001187406031
52469	0.0001400165659
52470	0.0008732117446
52471	0.0007991183317
52472	0.00163104678
52473	0.0003865393347
52474	0.003513479799
52475	0.0005497115971
52476	0.001582401619
52477	0.001372809959
52478	0.0006510350005
52479	0.0002852654966
52480	0.001638478937
52481	2.55452089e-05
52482	0.004600648322
52483	0.0006732663188
52484	0.001817889227
52485	0.0009419061389
52486	0.0003989275533
52487	0.0001778912244
52488	0.0002355675923
52489	0.00445639765
52490	0.0006146095537
52491	0.0006749437206
52492	0.0008688059342
52493	0.003166005239
52494	0.00246932983
52495	0.0007897832694
52496	0.0003337349915
52497	0.002019753253
52498	0.000136692165
52499	0.0001407356746
52500	4.288544784e-05
52501	0.0003572832406
52502	8.733128438e-05
52503	7.481745214e-05
52504	7.795858056e-05
52505	0.0002794094527
52506	0.0001218800407
52507	0.0010506114
52508	0.0006189041373
52509	0.0005508267634
52510	6.967312524e-05
52511	0.0001992011043
52512	0.0008521701012
52513	0.0009633004564
52514	0.001751283861
52515	0.0003525169835
52516	0.0005512551336
52517	0.0005110943025
52518	0.001683331085
52519	0.000907242992
52520	0.002305931091
52521	0.007884476814
52522	0.001469950633
52523	0.004914565756
52524	0.006381250854
52525	0.00273968147
52526	8.710685471e-05
52527	0.001205980031
52528	0.002011437059
52529	0.001657404081
52530	0.003002656476
52531	0.002578448492
52532	0.003721725529
52533	0.004816576873
52534	0.0004079258786
52535	0.003510558603
52536	0.002724180797
52537	0.0002455805417
52538	0.0001158938523
52539	0.0002143586071
52540	0.003873257654
52541	0.001333592655
52542	0.0008172720242
52543	0.009060017334
52544	0.001386469189
52545	3.783162278e-06
52546	0.008537676752
52547	0.001593822504
52548	0.0009856482553
52549	0.00427203699
52550	0.006562448625
52551	0.0003021991381
52552	0.00791457755
52553	5.892424669e-05
52554	0.001225872794
52555	0.0004861496663
52556	0.001192340221
52557	0.003958250624
52558	0.003249229352
52559	0.0006021950985
52560	0.003302000005
52561	0.003378750841
52562	0.001213771998
52563	2.54175683e-05
52564	0.0005385737006
52565	0.001722660073
52566	0.003086875072
52567	0.00120246907
52568	0.001246383875
52569	0.001606839178
52570	0.004195295327
52571	0.0004790373725
52572	0.00334289489
52573	0.002827649991
52574	0.0002756252053
52575	0.001713928238
52576	0.00162965413
52577	0.005725007281
52578	0.0009947677296
52579	0.0001379544873
52580	0.003308782403
52581	0.002263906776
52582	0.004844628827
52583	0.0001638079879
52584	0.002332593826
52585	0.0004671569658
52586	0.001925945083
52587	0.001548799522
52588	0.000509924134
52589	0.001653763487
52590	0.002469257912
52591	0.001063333422
52592	0.0007901738836
52593	0.004221937375
52594	0.002098149995
52595	0.001569955448
52596	0.00431973818
52597	0.0008384033064
52598	0.0004495563862
52599	0.002858739754
52600	0.0008123583952
52601	0.003835725102
52602	0.001712864097
52603	0.00223123066
52604	0.003771723618
52605	0.004715855171
52606	0.002181453828
52607	0.002471556325
52608	0.003646977464
52609	0.002545343757
52610	0.003330961378
52611	0.0001340177591
52612	0.0007089996338
52613	0.001815324236
52614	0.005486802136
52615	0.004183859092
52616	0.001766112217
52617	0.003937648573
52618	0.002459861342
52619	0.00392324233
52620	0.0005907003431
52621	0.001875191602
52622	0.002555601938
52623	0.001359729737
52624	0.001983878115
52625	0.005518080712
52626	0.004476246265
52627	0.003053735283
52628	0.004413738492
52629	0.0003167968771
52630	0.002299451245
52631	0.001631447941
52632	0.0006791926591
52633	0.0003964302492
52634	0.0008020687337
52635	0.000918816752
52636	0.002917630845
52637	0.001741180477
52638	1.620170117e-05
52639	0.0001265779573
52640	0.003595975505
52641	0.0009215313571
52642	0.0002757346016
52643	0.0002528567385
52644	0.0003033194173
52645	0.002400644191
52646	0.0006437192904
52647	0.0002520411656
52648	9.436537876e-05
52649	0.0009274058085
52650	0.0009499067049
52651	0.0009105600215
52652	0.00377892817
52653	0.001775637552
52654	0.0008010031647
52655	0.0008821656442
52656	0.0006794098816
52657	0.004650748576
52658	0.001130254629
52659	0.003422290972
52660	0.003948308557
52661	0.002826204739
52662	0.0006604652599
52663	0.001342431783
52664	0.002851854596
52665	0.001033261956
52666	0.004298112442
52667	0.004584162228
52668	0.0001713821529
52669	0.00344989947
52670	0.003918976018
52671	0.006450104304
52672	0.001147626804
52673	0.0001482517372
52674	0.004125440445
52675	0.0005630897715
52676	0.008178078134
52677	0.001073354535
52678	0.004443180842
52679	0.0007694956609
52680	0.003784462557
52681	0.00133776856
52682	0.00102806868
52683	0.00410048135
52684	0.004052448137
52685	0.002204228198
52686	0.000878613479
52687	0.0004614506881
52688	0.0003013831081
52689	0.002162124061
52690	0.001991775246
52691	0.0005590733435
52692	0.0003735724419
52693	0.004387197887
52694	0.003742953767
52695	0.002324022665
52696	0.001187778717
52697	0.00171918273
52698	0.001203716078
52699	0.00154495931
52700	0.0001535853079
52701	6.609273322e-05
52702	0.0005076167617
52703	0.0004035959784
52704	0.0006864097658
52705	0.002793238183
52706	0.0009181579715
52707	0.0007380074777
52708	0.0003049782428
52709	0.0001522233479
52710	0.001216797378
52711	0.004160154843
52712	0.004554411451
52713	0.001069100461
52714	0.0002222462475
52715	0.0009990975707
52716	0.0006594302592
52717	0.0007893519947
52718	0.0005072506966
52719	0.005813231703
52720	0.005005132144
52721	0.002808408201
52722	0.001386812241
52723	0.002926606723
52724	0.002163939125
52725	0.002667918778
52726	5.650202918e-05
52727	0.0005932366231
52728	0.00258666413
52729	0.0005664968631
52730	0.003915710615
52731	0.001067165101
52732	4.630545176e-05
52733	0.002764362146
52734	0.001154140819
52735	0.004402702049
52736	0.003670665205
52737	0.003102019084
52738	0.007071637393
52739	0.006034829082
52740	0.002043411048
52741	0.005725225675
52742	0.003283153394
52743	0.006811417784
52744	0.002354559978
52745	0.001137865145
52746	0.005938427912
52747	0.003316540009
52748	0.005947558091
52749	0.00629353025
52750	4.575042288e-05
52751	0.0001387458261
52752	0.004411409721
52753	6.636120715e-05
52754	0.0009139573085
52755	0.004443310368
52756	0.001137836102
52757	0.001863944502
52758	0.004865573546
52759	0.0007751098974
52760	0.0008437666446
52761	0.0003471835215
52762	0.0009570917029
52763	0.0004415022394
52764	0.0006338898643
52765	0.005416728793
52766	0.003455520354
52767	0.001387283318
52768	0.005191067581
52769	0.0003761772749
52770	0.001048156558
52771	0.005643589046
52772	0.000352913337
52773	0.00381350721
52774	0.004146069166
52775	0.003251864135
52776	0.004932478971
52777	0.001502125533
52778	0.002973010146
52779	0.001923754301
52780	0.0003498413213
52781	0.0004272071525
52782	0.00605660852
52783	0.0001972910155
52784	0.0001387116381
52785	0.002174962301
52786	0.002089616523
52787	4.619703682e-05
52788	0.0003492204774
52789	0.005624993196
52790	0.002410862256
52791	0.002331911533
52792	0.00401347416
52793	0.0006684753719
52794	0.001930523332
52795	0.0004551848313
52796	0.0002696011419
52797	0.0002932147341
52798	0.002877233357
52799	0.0006739345866
52800	0.004438890492
52801	0.003183339327
52802	0.0003646707823
52803	0.001503300895
52804	0.0007992931937
52805	0.004052700055
52806	0.001656395693
52807	0.003567483166
52808	0.0009359285992
52809	0.002429274284
52810	0.0012157503
52811	0.0004442322296
52812	0.003989564105
52813	0.002518562844
52814	0.0004455869676
52815	0.001548700999
52816	0.003930707629
52817	0.004412105281
52818	0.0003497853176
52819	0.003457595456
52820	0.002360838246
52821	0.001195944074
52822	0.001316704225
52823	0.005143895547
52824	0.0002276628839
52825	0.002017230268
52826	0.0005755019223
52827	9.100606808e-05
52828	0.0004645159026
52829	0.0001040128157
52830	0.0005334293879
52831	0.0005748914283
52832	0.001191681065
52833	0.0006499740383
52834	0.0008653316568
52835	0.00244603422
52836	0.00116433215
52837	0.0005339139206
52838	0.005529171759
52839	5.608778977e-05
52840	0.001476492739
52841	0.001205815351
52842	0.002784392121
52843	0.001878052729
52844	0.003595282378
52845	0.001077731426
52846	0.00292303444
52847	0.000637267448
52848	0.005194738357
52849	0.001456082855
52850	0.004682986715
52851	0.001756103206
52852	0.001925365778
52853	0.003859784166
52854	0.003194356093
52855	0.004348346957
52856	0.0008653424299
52857	0.005634177934
52858	0.001336089696
52859	0.004200316933
52860	0.006449039532
52861	0.0002515675386
52862	0.003809856678
52863	0.002279031414
52864	0.001045766429
52865	0.003314804263
52866	0.003136900159
52867	0.00373242919
52868	0.003258573179
52869	0.0003086153851
52870	0.004082524629
52871	0.005972214638
52872	0.0008371104146
52873	0.003691467683
52874	0.001559161568
52875	0.0002011350389
52876	0.007034908705
52877	0.00311067579
52878	0.00180655785
52879	0.0008181093788
52880	0.002129655146
52881	0.004384527778
52882	0.00292133068
52883	0.001817132068
52884	0.004032813093
52885	0.0001662368607
52886	0.004437565973
52887	0.002825769159
52888	0.004898512522
52889	0.00245319817
52890	0.001865641389
52891	0.0003384534762
52892	0.004173910539
52893	0.003765511354
52894	0.00263826979
52895	0.00720988775
52896	0.0006904335892
52897	0.0004971376734
52898	0.001373838093
52899	0.0004882374116
52900	0.0001606821649
52901	0.0008901870639
52902	0.003130158894
52903	0.0003028553424
52904	0.001374769436
52905	0.004928725228
52906	0.004329701744
52907	0.006983429858
52908	0.003047939938
52909	0.008706035269
52910	0.00332008183
52911	0.004154494474
52912	0.005473800861
52913	0.003272103246
52914	0.001792008368
52915	0.01055114678
52916	0.003081548493
52917	0.006146097704
52918	0.001438547148
52919	0.003056046959
52920	0.001902517008
52921	0.002107524268
52922	0.0009804195946
52923	0.006643392965
52924	0.00203317812
52925	0.004010212426
52926	0.001691791654
52927	0.001800418248
52928	0.003113355841
52929	0.002929689481
52930	0.003842693655
52931	0.002697144406
52932	0.0006768985947
52933	0.0009565981613
52934	0.001971033337
52935	0.004087152671
52936	0.00531214653
52937	0.001899896441
52938	0.003814830041
52939	0.003931095944
52940	0.0004540142125
52941	0.00310248864
52942	0.0007454362082
52943	0.002541246876
52944	0.000321017836
52945	0.004267488296
52946	0.006479763828
52947	0.005954982235
52948	0.007569445416
52949	0.001910320259
52950	0.008552010138
52951	0.005139213088
52952	0.004114578279
52953	0.006071456153
52954	0.00441028364
52955	0.0001271444556
52956	0.001229733319
52957	0.007154606187
52958	0.004737991018
52959	0.003854324032
52960	0.001385852074
52961	0.004459745065
52962	0.006987055174
52963	0.006401374723
52964	5.002150147e-05
52965	0.004563077543
52966	0.001198997991
52967	0.001970340468
52968	0.0001640029765
52969	0.003877532948
52970	0.0009629959333
52971	0.002465002044
52972	0.002752268303
52973	0.0009810368298
52974	0.00350570632
52975	0.001039646562
52976	0.001245613512
52977	0.00340574148
52978	0.0008119027111
52979	0.003264725505
52980	0.0003358928932
52981	0.001694684141
52982	0.002678397784
52983	0.001667541319
52984	0.003841824457
52985	0.001137508469
52986	0.003791019138
52987	0.003265371228
52988	0.001460599775
52989	0.001665533098
52990	0.006617618778
52991	0.003390485399
52992	0.004252478827
52993	0.003771864523
52994	0.001137924854
52995	0.004259775199
52996	0.0004249595303
52997	0.002912890563
52998	0.001703889413
52999	0.0002689705519
53000	0.000179768009
53001	0.0002740246142
53002	0.00182336027
53003	0.005344151308
53004	0.0067593572
53005	0.0003300866038
53006	0.002079265524
53007	0.002032712121
53008	0.004241610964
53009	0.0004476481008
53010	0.0009594294927
53011	0.0007703407487
53012	0.004581974944
53013	0.001029979752
53014	0.001114452143
53015	0.000606145912
53016	0.004589034858
53017	0.001712248607
53018	0.001799681983
53019	0.00335391583
53020	0.005270850062
53021	0.00726657523
53022	0.004861582552
53023	0.00190728325
53024	0.0009653961228
53025	0.001834783901
53026	0.00344724833
53027	0.003111552192
53028	0.002369850342
53029	0.00078102716
53030	0.003834773328
53031	0.0004457330543
53032	0.0001568831846
53033	0.004019573686
53034	0.003272699242
53035	0.001488230886
53036	0.002247433836
53037	0.001715343903
53038	0.003548809539
53039	0.001236490771
53040	0.004486100322
53041	0.001950598424
53042	0.001662568844
53043	0.002758518182
53044	0.001997574943
53045	0.004916536089
53046	0.002072045862
53047	0.001018669582
53048	0.005159262699
53049	0.000139095696
53050	0.001703968145
53051	0.0002253128007
53052	1.745877416e-05
53053	0.0003064202952
53054	0.001008782124
53055	0.001240051096
53056	0.002835539442
53057	0.002937092231
53058	0.002376231284
53059	0.0006741786643
53060	0.0007113161458
53061	0.0001203424457
53062	0.001681672831
53063	0.001028220192
53064	2.07850987e-05
53065	0.001033719828
53066	0.002781529637
53067	0.0002578465885
53068	0.008065456515
53069	0.0003949453111
53070	0.001537449481
53071	0.001591921523
53072	0.001310769096
53073	0.002272837804
53074	2.177504332e-07
53075	0.0003951641282
53076	0.0002617914321
53077	0.0005294223498
53078	0.001290677765
53079	0.001080214032
53080	1.528619576e-05
53081	0.0003575533657
53082	0.0002849498989
53083	0.00303098375
53084	0.0002501565562
53085	0.005560943434
53086	0.002229295887
53087	0.0006267671532
53088	0.000670893684
53089	0.001258612985
53090	0.002536281066
53091	0.002593513386
53092	0.001874319414
53093	0.0003604209016
53094	0.002571241493
53095	0.001711926432
53096	0.000497394076
53097	0.001157153867
53098	0.003598624262
53099	0.003533151192
53100	0.001553551085
53101	0.004084365417
53102	0.001467541747
53103	0.0004469291817
53104	0.001288308192
53105	0.002736561923
53106	0.0006045756212
53107	0.0009349281563
53108	0.0004883727154
53109	0.002653430493
53110	4.3083133e-05
53111	0.0007865736282
53112	4.337719942e-05
53113	0.002683250611
53114	0.003904522003
53115	0.0002967455497
53116	0.002134954739
53117	0.001864087487
53118	0.001786858444
53119	0.002249889738
53120	0.001639533333
53121	0.005071478199
53122	0.001136926034
53123	0.002101564533
53124	0.0007202010232
53125	0.002449167022
53126	0.003882953451
53127	0.001255500213
53128	8.513917277e-05
53129	0.0005230872917
53130	0.0005707270195
53131	0.001058557404
53132	0.001548859738
53133	0.001188635226
53134	0.003411549806
53135	0.0006609802771
53136	0.001722941244
53137	0.0005097185354
53138	0.005366355321
53139	0.001500295001
53140	0.0002683320363
53141	0.001709910973
53142	0.0004551772275
53143	0.0004997374156
53144	6.795403688e-05
53145	0.002409422803
53146	0.003286394389
53147	0.001783308807
53148	0.001358179992
53149	0.0006467497932
53150	0.002804031718
53151	0.0006656235797
53152	0.0005749512403
53153	0.002216672853
53154	0.001500775874
53155	0.001983294299
53156	0.002010109283
53157	0.00156039886
53158	0.000172995119
53159	0.00208512993
53160	0.001262718643
53161	0.002291850662
53162	0.003718387072
53163	0.00369486137
53164	0.00253300951
53165	0.002249898989
53166	0.002805701899
53167	0.003611004365
53168	0.002159275934
53169	0.00226054496
53170	0.003537880016
53171	0.002581186239
53172	0.00381651015
53173	0.003291705059
53174	0.0006354992482
53175	0.005148893439
53176	0.0006380071892
53177	0.001894399841
53178	0.003165033016
53179	0.002363538159
53180	0.003085377957
53181	0.001569184365
53182	0.0002182546184
53183	0.0005624223244
53184	0.002712335632
53185	0.001245737748
53186	0.002084414615
53187	0.0003215445181
53188	0.003921420791
53189	0.003233058786
53190	0.000282070906
53191	0.001145427282
53192	0.003363810777
53193	0.004508292592
53194	0.003147194247
53195	0.0008199545811
53196	0.0007081052108
53197	0.00333499735
53198	0.001491850933
53199	0.003185523343
53200	0.002097668062
53201	0.0009307247073
53202	4.935498568e-05
53203	0.006462772168
53204	0.004378432676
53205	0.0006760658714
53206	0.0009299440672
53207	0.001504882934
53208	0.002915855044
53209	0.002896836631
53210	0.004243904201
53211	0.001518364771
53212	0.00172191246
53213	0.005766593119
53214	0.004308231706
53215	0.003333725766
53216	0.001454556755
53217	0.001838312772
53218	0.004704193294
53219	0.005384662367
53220	0.002953810958
53221	0.002935445926
53222	2.087631398e-07
53223	0.006980638293
53224	0.0007110024195
53225	0.007169490942
53226	0.0008814432526
53227	0.004461593435
53228	0.001351337639
53229	0.002786629204
53230	0.001349227872
53231	0.00182426865
53232	9.743405088e-05
53233	9.366830472e-05
53234	0.002401747509
53235	0.001571706543
53236	0.001445596581
53237	0.001073478033
53238	0.001122346751
53239	0.002051262668
53240	0.003977589245
53241	0.00528508861
53242	0.0005391980974
53243	0.000209222502
53244	0.000671254037
53245	0.001465432422
53246	0.0004765595784
53247	0.001553486974
53248	0.002473571143
53249	0.0001044971006
53250	6.569740603e-05
53251	0.005477071241
53252	9.317603922e-05
53253	0.0005955305711
53254	0.001225291986
53255	0.0008577803615
53256	0.004763141836
53257	5.33157013e-05
53258	0.0008941180106
53259	0.0003287813974
53260	0.004784912305
53261	0.001987419989
53262	0.0003934335526
53263	0.0029304229
53264	0.001002168547
53265	0.0001175718279
53266	0.003981933955
53267	0.0004067895355
53268	0.0006369597664
53269	0.002611048754
53270	0.003879929642
53271	0.0003922067247
53272	0.001676621517
53273	0.0001903620043
53274	0.0006996954812
53275	0.0003549797984
53276	0.003076515696
53277	0.0009728196373
53278	0.002075374555
53279	0.001240112153
53280	0.00125409386
53281	0.0004808674489
53282	1.082918368e-05
53283	0.001192675347
53284	0.001068495943
53285	0.0008773475788
53286	0.001891754277
53287	0.0007190531784
53288	0.001454767659
53289	0.0002350743073
53290	0.001198141205
53291	7.254588181e-05
53292	0.0005101030268
53293	0.001055993716
53294	0.00429785162
53295	0.00199407274
53296	0.0005923959592
53297	0.003125927914
53298	0.001928234957
53299	0.002599444949
53300	0.0005474052642
53301	0.001165227069
53302	0.001258674722
53303	0.003139136014
53304	0.002318683361
53305	0.0006649441706
53306	0.0009243385769
53307	0.0009581967218
53308	0.001217928386
53309	8.184515131e-05
53310	0.0001749424078
53311	0.001482963642
53312	0.0007951310492
53313	0.003283267413
53314	0.0003970465993
53315	0.002651994969
53316	0.0001454431558
53317	0.004506344292
53318	0.0009663427537
53319	0.001548686686
53320	0.0006454906163
53321	0.002058103242
53322	0.0005030283836
53323	4.281440442e-05
53324	0.0006475046798
53325	3.613791279e-05
53326	0.001320937702
53327	8.84928564e-05
53328	0.002532906686
53329	0.002403006693
53330	0.004729075736
53331	0.0006776478419
53332	0.000978704997
53333	0.000179355488
53334	0.0007833064716
53335	0.0005393708231
53336	0.0003575615505
53337	0.001526628441
53338	0.0002490683446
53339	0.004073796945
53340	0.002336067529
53341	0.003708285242
53342	0.002450797819
53343	0.003205519103
53344	0.001364087448
53345	0.0007956226622
53346	0.0004886242338
53347	0.000904767379
53348	0.0009545669985
53349	0.0008253699367
53350	0.002962789694
53351	0.0006157191719
53352	0.001737581571
53353	0.0006305112819
53354	0.000634024012
53355	0.003992812543
53356	0.001004824387
53357	1.985577904e-05
53358	0.001350153286
53359	0.0009748635773
53360	0.0001928631785
53361	0.0003468969033
53362	2.532512413e-05
53363	0.001012285589
53364	0.002434322506
53365	0.001045380083
53366	0.002381490047
53367	1.273894556e-05
53368	0.0004545961213
53369	0.0008115310118
53370	0.0005448798917
53371	9.934114798e-05
53372	0.001612075446
53373	0.0002295325518
53374	0.0009783523539
53375	0.000253085046
53376	0.0001562870153
53377	0.00172829661
53378	0.001521869807
53379	0.0003927409917
53380	0.000336535514
53381	6.586368256e-05
53382	0.001000434354
53383	0.0003157833906
53384	0.0005220150898
53385	0.0004996563064
53386	0.0011950082
53387	3.576091657e-05
53388	0.004106398317
53389	0.002203055904
53390	5.058598004e-05
53391	0.0007971783837
53392	0.0002404057616
53393	0.0009221575777
53394	9.501929291e-05
53395	0.0009806223906
53396	0.0001094412313
53397	0.001120287633
53398	0.000793279033
53399	0.0004215414958
53400	0.0003362772304
53401	0.001540511364
53402	0.0002733218674
53403	0.0007054346894
53404	0.000846207821
53405	0.0003852134603
53406	0.0001283971951
53407	0.002769912881
53408	0.0003521809635
53409	0.0002012658236
53410	0.001108618177
53411	0.001446578847
53412	0.004098724448
53413	3.240227892e-05
53414	0.0006343643705
53415	0.0006259290521
53416	0.001028658267
53417	1.274620165e-05
53418	0.002495661686
53419	0.0004549256517
53420	0.0003484669092
53421	0.001386335938
53422	0.001183763968
53423	0.003428034897
53424	0.00243346454
53425	0.001715051695
53426	0.0002434224413
53427	0.0004959173753
53428	0.0002287446175
53429	0.001554501331
53430	0.0004033101196
53431	0.003242493425
53432	0.001437206619
53433	0.003146072258
53434	0.004220953701
53435	0.0005451740295
53436	0.0004314765486
53437	0.002152327171
53438	0.0007235776718
53439	0.00131919808
53440	0.0009258842112
53441	0.0001860711733
53442	0.001607878387
53443	0.0008759327098
53444	0
53445	0.003961212243
53446	0.0003908615529
53447	0.0005651009414
53448	0.003254645773
53449	0.000140592242
53450	0.001249237762
53451	0.003474908489
53452	0.000913847237
53453	0.002856801179
53454	0.001682464303
53455	0.001416424146
53456	0.0002933215745
53457	0.005149044036
53458	0.002118209884
53459	0.0001984395912
53460	0.0004311971113
53461	0.0008629608718
53462	0.001825295897
53463	0.00135195846
53464	0.001206271831
53465	0.001293742033
53466	0.0006815066627
53467	0.003398278408
53468	0.002185661144
53469	0.0002693307557
53470	9.273735132e-06
53471	0.008463842245
53472	0.001642201085
53473	0.0008297612231
53474	0.001521307671
53475	0.0003875962617
53476	0.001519194329
53477	0.002667131405
53478	0.0006136457123
53479	0.001375866615
53480	0.0007093087246
53481	0.00281089917
53482	0.001144457053
53483	0.004421159955
53484	0.00199338682
53485	0.004927401027
53486	0.00159585804
53487	0.003129320175
53488	0.0009946363242
53489	0.004607763864
53490	0.002635510618
53491	0.00594778833
53492	0.0008443193085
53493	0.0004591763205
53494	0.0009874683032
53495	0.001699931154
53496	0.0007002274917
53497	0.00184168943
53498	0.001263101738
53499	0.002356138639
53500	0.003386167475
53501	0.00146395139
53502	0.006508187932
53503	0.002182201676
53504	0.006896347485
53505	0.001211108389
53506	0.001383570887
53507	0.01287793174
53508	0.002997157467
53509	0.001450538528
53510	0.00407878914
53511	0.001692141573
53512	0.002151415839
53513	0.001424750871
53514	0.0001380726228
53515	0.0001176062956
53516	0.001392719632
53517	0.0004889538665
53518	0.0001511778678
53519	0.002775267484
53520	0.0043094104
53521	0.001359144429
53522	0.002439823686
53523	0.003086302191
53524	0.001608554636
53525	0.005813883353
53526	0.0004548350918
53527	0.0007412227164
53528	0.002444533146
53529	0.001898282135
53530	0.002435141328
53531	0.001494190882
53532	0.002810658421
53533	0.0001000471447
53534	0.002309918825
53535	0.001997173186
53536	0.002142981279
53537	0.002923894773
53538	1.281059796e-05
53539	0.002780907348
53540	0.002409057344
53541	0.001847754472
53542	0.003370651138
53543	0.001403419768
53544	0.001014069829
53545	0.002401141909
53546	0.0002569516213
53547	0.001964700604
53548	0.001449419366
53549	0.001722268116
53550	0.001788136006
53551	0.003112224023
53552	0.002544716377
53553	0.001167064925
53554	0.003095121621
53555	0.0006355866748
53556	0.005192186358
53557	0.002489498919
53558	0.001245787237
53559	0.0006152450739
53560	0.002973664763
53561	0.0006909537318
53562	0.0005879900667
53563	0.000723952064
53564	1.10571687e-05
53565	0.0006424786875
53566	0.00576884064
53567	0.0007797437221
53568	0.001397788987
53569	0.002431650936
53570	0.00193694738
53571	0.001241722929
53572	0.00283057649
53573	0.00302869722
53574	0.001459484622
53575	0.000768055048
53576	0.001442224886
53577	0.002085724911
53578	0.0006613616572
53579	0.0003324351791
53580	0.003701899717
53581	0.0005398518624
53582	0.0001111514958
53583	0.001843684776
53584	0.0007836463596
53585	0.00202228663
53586	0.004742203701
53587	0.0001621705088
53588	0.0001646887702
53589	5.019929579e-05
53590	0.0006090626015
53591	3.102379457e-05
53592	0.001258271858
53593	0
53594	0.0001141276125
53595	0.00202459929
53596	8.864354449e-05
53597	0.0002594129167
53598	0.002615422929
53599	0.0007359780522
53600	0.001309245125
53601	0.000124749532
53602	0.005554881458
53603	0.001409310735
53604	0.003171405733
53605	0.000899836707
53606	0.004675621492
53607	0.002628047922
53608	0.001193790509
53609	0.0002745145389
53610	0.003492211645
53611	0.0002760725156
53612	0.0006518047953
53613	0.0006658629882
53614	0.00183935981
53615	0.00212428439
53616	0.001608138292
53617	0.0005020711868
53618	0.008383697527
53619	0.003397376245
53620	0.001123584506
53621	0.005687638346
53622	0.002181022921
53623	0.00158915159
53624	0.001052368166
53625	0.001656135864
53626	0.003089325653
53627	0.002582652241
53628	0.0003414240671
53629	0.004424603077
53630	0.001398934576
53631	0.0009665380913
53632	0.001213881028
53633	0.0003512344661
53634	0.002202373042
53635	0.0008862991079
53636	0.0007031812505
53637	0.0001162856495
53638	0.004756591996
53639	0.0009376651007
53640	0.002204116889
53641	0.002150145186
53642	0.0002029493331
53643	0.001349933265
53644	0.001564543314
53645	0.002506385422
53646	0.002841959226
53647	0.001434030885
53648	0.0007441005761
53649	0.002721929191
53650	0.002937173121
53651	0.0001976713555
53652	0.001927585593
53653	0.0009688310488
53654	0.0006166917484
53655	0.002189374091
53656	0.0009360141403
53657	0.002736550853
53658	0.0003157630208
53659	0.00363952664
53660	0.00101702814
53661	0.004829195413
53662	8.949411029e-05
53663	0.001267046069
53664	0.006068020399
53665	0.001776249954
53666	0.001276590844
53667	0.001389888284
53668	0.0008296715046
53669	0.0006795285873
53670	0.002046680093
53671	0.001001492435
53672	0.002487069219
53673	3.140387852e-06
53674	0.003164917262
53675	7.930496377e-05
53676	0.0009336338521
53677	0.0001711073702
53678	0.00120852253
53679	0.0009924678137
53680	0.004305801445
53681	0.004227964208
53682	0.0007599699991
53683	0.0002177797088
53684	0.001109142261
53685	0.0035432473
53686	0.002213612337
53687	0.001481532647
53688	0.00329788947
53689	0.0005789409302
53690	0.006098707883
53691	5.031860441e-05
53692	0.0006277163066
53693	0.003152983574
53694	0.002323160822
53695	0.0007296808537
53696	0.003529466549
53697	0.0003216158688
53698	0.002316378268
53699	0.001883718939
53700	0.0009931955385
53701	0.001273541669
53702	0.002400056065
53703	0.0007386577184
53704	8.29679084e-05
53705	0.003310240496
53706	0.002357567903
53707	0.00316283726
53708	0.004992540065
53709	0.00464744538
53710	0.004729321675
53711	0.006491935626
53712	0.002556821563
53713	0.004413711552
53714	0.0009797013582
53715	0.001756999146
53716	0.001264701117
53717	0.001154178339
53718	0.004601660905
53719	0.001809987042
53720	1.306118243e-05
53721	0.002859132174
53722	0.002585739935
53723	0.001524233809
53724	0.001555858214
53725	0.0002544783344
53726	0.000742920485
53727	0.0001998037149
53728	0.00066130425
53729	0.002733519131
53730	0.0007097538328
53731	0.003136472909
53732	0.0009983574227
53733	0.003461610138
53734	0.00120338026
53735	0.01338613061
53736	3.134065145e-06
53737	0.002834354665
53738	0.004685110195
53739	0.0006506745135
53740	0.00102124918
53741	0.003465804421
53742	0.001196201993
53743	0.0008180290526
53744	0.005478293766
53745	0.01122677206
53746	0.001068202603
53747	0.001073629591
53748	0.0003357107565
53749	0.002050627024
53750	0.001704376335
53751	0.004040177553
53752	0.0006117458828
53753	0.009651965285
53754	0.001574887329
53755	0.006143215298
53756	0.001159973221
53757	0.0003162892506
53758	0.0002456792915
53759	0.0003335691626
53760	0.0005040234422
53761	0.001211590467
53762	0.0007374354129
53763	0.0007620406837
53764	0.0006363967967
53765	0.002531687464
53766	0.002972776938
53767	0.003490382093
53768	0.004005538206
53769	0.002372961812
53770	0.0008931942928
53771	0.001136102222
53772	0.0008648990542
53773	0.0007546598232
53774	0.0008595346655
53775	0.002361268243
53776	0.001157378692
53777	0.005253814996
53778	0.002935411388
53779	0.0009478324263
53780	0.0009424595342
53781	0.0006361811548
53782	0.0002288754767
53783	0.00635460198
53784	0.0006842941276
53785	0.002820863141
53786	0.001750369418
53787	0.00425204134
53788	0.001602671139
53789	0.001552272303
53790	0.002919912557
53791	0.0003422334787
53792	2.287329989e-05
53793	0.003881427514
53794	0.001475479977
53795	0.007516041859
53796	0.0003239917608
53797	0.0009246707279
53798	0.0003659813875
53799	0.001148256065
53800	0.0003526770958
53801	0.005005200373
53802	0.0005631065379
53803	0.00132215277
53804	0.003968720341
53805	0.0003043067785
53806	0.000600218686
53807	0.001824087675
53808	0.001050214336
53809	0.004090296701
53810	0.003188891523
53811	0.002499564986
53812	0.002605234278
53813	0.001532463679
53814	0.006807960057
53815	0.0004708777638
53816	0.0002131598891
53817	0.0002126272171
53818	0.001596977173
53819	0.004360786953
53820	0.00359142209
53821	0.0007301384439
53822	0.0003360081748
53823	0.001993099417
53824	0.003437441339
53825	0.003376885888
53826	0.004569639352
53827	0.003353982184
53828	0.00332365084
53829	0.003640876073
53830	0.005176757827
53831	0.003093858758
53832	0.000736955386
53833	0.001856649021
53834	0.0005496648471
53835	0.0003667283167
53836	0.00293977375
53837	0.00258214486
53838	0.00135275882
53839	0.002361386227
53840	0.0003068515089
53841	9.011754733e-05
53842	0.0001218112575
53843	0.0008949075502
53844	0.0005650652908
53845	0.0006292841466
53846	0.0003272704903
53847	0.001300173268
53848	0.0004938502438
53849	0.005202747545
53850	0.0002779984513
53851	0.0002270440709
53852	0.0009645139537
53853	0.001399683009
53854	0.004477076374
53855	0.0005069286116
53856	0.00745331855
53857	0.003266362777
53858	0.001314207791
53859	0.0002747743609
53860	0.001850537962
53861	0.000840514205
53862	0.003129169462
53863	0.007472335769
53864	5.603670087e-05
53865	0.0001852856372
53866	0.008455868353
53867	0.0009219505364
53868	0.003497035919
53869	0.006041867456
53870	0.0004004725761
53871	0.0003943266399
53872	0.00128789189
53873	0.0003078005751
53874	0.001260616576
53875	0.004439203017
53876	0.0001333529957
53877	0.006143840909
53878	0.0004025614711
53879	0.0005765549876
53880	0.002145646577
53881	0.001514321945
53882	0.0003197744034
53883	1.842027704e-08
53884	0.001978966465
53885	0.0001428689286
53886	0.0005240679363
53887	0.002753872104
53888	0.001540041522
53889	2.976184595e-05
53890	0.01038759785
53891	0.00062804477
53892	0.003674068109
53893	0.001545301864
53894	0.002835933955
53895	0.002942994986
53896	0.00249592439
53897	0.003141070047
53898	0.003381116535
53899	0.003464001271
53900	0.000946198456
53901	0.002925428948
53902	0.001665600552
53903	0.001035151356
53904	0.002435227338
53905	0.001252922469
53906	0.0002834900799
53907	0.003075795017
53908	0.0004167901765
53909	0.002945601645
53910	0.000565119799
53911	0.002025243838
53912	0.002103413501
53913	0.0008282594759
53914	0.002600099068
53915	0.001195751363
53916	5.657028273e-05
53917	0.002993600986
53918	0.003010652375
53919	0.0005405535939
53920	0.0002902982157
53921	0.002098661862
53922	0.0008984881669
53923	0.003007477724
53924	0.003249297807
53925	0.001942248947
53926	0.001067886122
53927	0.000495454871
53928	0.000206970183
53929	0.001229032505
53930	0.003029933961
53931	0.001157539593
53932	0.001164405224
53933	0.001522425032
53934	0.0003321999393
53935	0.0006114454189
53936	0.0004134634841
53937	0.002080650587
53938	0.00127381615
53939	0.0004327187238
53940	0.001695427377
53941	0.003384127233
53942	0.002633858082
53943	0.001117354937
53944	0.001219887787
53945	0.0009284709564
53946	2.317247348e-05
53947	0.002453968446
53948	0.005140514764
53949	0.005421835548
53950	0.004587378098
53951	0.002852426233
53952	0.001840520634
53953	0.0009529836356
53954	0.003243905915
53955	0.002009986783
53956	0.001660005726
53957	0.003726503759
53958	0.004729365335
53959	0.004256408205
53960	0.0003525475114
53961	0.001780901492
53962	0.006675327656
53963	0.003096101026
53964	0.007203724952
53965	0.004006975891
53966	0.00160403985
53967	0.003902498236
53968	0.0003328035407
53969	0.00114245959
53970	0.0002897252583
53971	0.0008310259531
53972	0.001975046814
53973	0.001360332316
53974	0.0005576352016
53975	0.0004529938248
53976	0.002255941814
53977	0.000695852696
53978	0.002311066197
53979	0.002060610634
53980	0.00344071179
53981	0.006507836571
53982	0.0001047271501
53983	0.003493404016
53984	0.007589370311
53985	0.001512950044
53986	0.004131544827
53987	7.172851497e-05
53988	0.0005822816498
53989	0.0001171675908
53990	0.0006481809455
53991	0.00229874151
53992	0.0003029269048
53993	0.0007046760086
53994	0.001017464893
53995	0.002510967696
53996	0.0003051813115
53997	8.148832248e-05
53998	0.001449551513
53999	0.005171935159
54000	0.0004226691684
54001	0.001731423084
54002	0.000876517953
54003	0.001569062905
54004	9.492814227e-05
54005	0.007515912889
54006	0.002356411023
54007	0.0004382903321
54008	0.003774373393
54009	0.006203671137
54010	0.0005938556776
54011	0.001612549363
54012	0.0009776161136
54013	0.003192786615
54014	0.00560913142
54015	5.4333433e-06
54016	0.000121519436
54017	0.001027139124
54018	0.001046516162
54019	0.005268786882
54020	0.006110061588
54021	0.002601835391
54022	0.001855857388
54023	0.0005590927872
54024	0.001493225617
54025	0.006390576912
54026	0.002569970288
54027	0.0003693657227
54028	0.005072881848
54029	0.003008883532
54030	0.002055021785
54031	0.003439949171
54032	0.001662526777
54033	0.006244473402
54034	0.004719658765
54035	0.004268724949
54036	0.004726081431
54037	5.459314459e-05
54038	0.001380319969
54039	3.543636887e-05
54040	0.00317755468
54041	0.0004429655485
54042	0.003108899742
54043	0.001333043351
54044	0.002203260026
54045	0.003356705463
54046	0.005123313478
54047	0.002438437135
54048	0.003165025296
54049	0.000790779224
54050	0.001767514544
54051	0.00423220288
54052	0.0009668991931
54053	0.004790369203
54054	0.002344158348
54055	0.001897681738
54056	0.001111621706
54057	0.001252009547
54058	0.0009493759092
54059	0.002814403704
54060	0.001535716124
54061	0.003301324171
54062	0.0006489240626
54063	0.0002924014771
54064	0.003404540561
54065	0.002036630457
54066	7.257820332e-05
54067	0.0006115735292
54068	0.003189170494
54069	0.002211154792
54070	0.002862356065
54071	0.003629702985
54072	0.0005279092498
54073	0.002395519221
54074	2.78766333e-05
54075	0.000912868816
54076	0.0007577947676
54077	0.0007933194198
54078	0.001268467916
54079	0.001381449381
54080	0.0003935229577
54081	0.005139711567
54082	0.00037517293
54083	0.001194756129
54084	0.002972117863
54085	0.005119381706
54086	0.004699346083
54087	0.00136242248
54088	0.0002010906897
54089	0.0007430363543
54090	0.003134934635
54091	0.0006473649508
54092	0.005868327856
54093	0
54094	0.004155794304
54095	0.0002734205793
54096	0.0001299766789
54097	0.003143889312
54098	0.0007726946608
54099	0.003642672013
54100	0.00296086964
54101	0.002299917297
54102	0.001064049345
54103	0.0008260719342
54104	0.001523851996
54105	0.0007517803654
54106	0.002472297653
54107	0.002269416526
54108	0.003103438236
54109	0.000169876811
54110	0.005288644781
54111	0.002635991566
54112	0.002120152042
54113	0.001375438589
54114	0.002671247017
54115	0.001305215607
54116	1.17876257e-05
54117	0.003381442803
54118	0.0001691612521
54119	0.001824497729
54120	0.0005355095531
54121	0.0005762230852
54122	0.0007406839799
54123	0.004151710372
54124	0.001668353413
54125	0.001502179752
54126	0.001563347852
54127	9.443804616e-05
54128	0
54129	0.0009336465122
54130	0.001018661237
54131	0.0007605245605
54132	0.0002461669601
54133	0.0005465219209
54134	0.003362836916
54135	0.001372811327
54136	4.028607583e-05
54137	0.00210307878
54138	0.00162030774
54139	0.0003984404827
54140	0.002720977329
54141	0.002452773869
54142	0.001870821298
54143	0.0003875267995
54144	0.0008017465459
54145	0.001712101766
54146	0.001907289599
54147	0.0005994166289
54148	0.0008183564543
54149	0.001103515715
54150	0.000838484585
54151	0.0005249420213
54152	0.003893458396
54153	0.003447705025
54154	7.675204498e-05
54155	0.0003641321032
54156	0.002672748173
54157	0.0005868096025
54158	0.0003564561015
54159	0.004271592254
54160	0.0002407480383
54161	0.001094419228
54162	0.0007563849696
54163	0.001480483437
54164	0.0003779844208
54165	0.005205575943
54166	0.003138429349
54167	0.003335728416
54168	0.003342043127
54169	0.008446294226
54170	0.001647926912
54171	0.004447493452
54172	0.005078740589
54173	0.001481401721
54174	0.0008232453533
54175	0.0003698172954
54176	8.969007553e-05
54177	0.0002575666455
54178	0.003121979427
54179	0.0001553544402
54180	0.0007991334824
54181	0.002563379777
54182	0.0009669046785
54183	0.001602841121
54184	0.00186766504
54185	0.000288760276
54186	0.0003504546976
54187	0.0009492134524
54188	0.002209802484
54189	0.001645705309
54190	0.003294657494
54191	0.0002176164479
54192	0.002754492013
54193	0.001216657042
54194	0.001010402748
54195	0.0002461645988
54196	0.004412877763
54197	0.001849040281
54198	0.002752596115
54199	0.001154375311
54200	0.004223382878
54201	0.001313969642
54202	0.00180322932
54203	0.001231542506
54204	0.000597038422
54205	0.004878024496
54206	0.0004979902528
54207	0.0009775434877
54208	0.001898541538
54209	0.001496294171
54210	0.001251087673
54211	0.001119180782
54212	0.0005890171842
54213	0.000202441582
54214	0.002071202221
54215	0.0009805172269
54216	0.0001270587995
54217	0.001344427193
54218	0.0008578081001
54219	0.002925860887
54220	0.00321694724
54221	0.001274888979
54222	0.001385398799
54223	0.0001471168634
54224	0
54225	0.0009289037987
54226	0.0001967538825
54227	0.003549119336
54228	0.001220725457
54229	0.0008859343636
54230	0.007204455704
54231	0.0002910880303
54232	0.0009594788715
54233	0.00673391966
54234	0.002477667842
54235	0.0007511491522
54236	0.002274177936
54237	0.002786249492
54238	0.001302562398
54239	0.007071270754
54240	0.001218836241
54241	0.003002890749
54242	0.001762442092
54243	0.001963256052
54244	0.0001707681854
54245	0.0005780379252
54246	0.004672604442
54247	0.002540018324
54248	0.004073067732
54249	0.00375121891
54250	0.001605436305
54251	0.00103041281
54252	0.0003770823807
54253	0.004434631717
54254	0.0007043829739
54255	0.001731134289
54256	0.002114443109
54257	0.001369826547
54258	0.00401422547
54259	0.005700603752
54260	0.0004429697309
54261	4.167923551e-05
54262	0.005695045688
54263	0.0006478704277
54264	0.0006531472228
54265	0.001701722141
54266	0.0003482001968
54267	0.001144001108
54268	0.001984588246
54269	0.001166171664
54270	0.002745098185
54271	0.005901367155
54272	0.004338181778
54273	3.327486642e-05
54274	0.003596924771
54275	0.003431787462
54276	0.004884860516
54277	0.001241658419
54278	0.001924132235
54279	0.00192042633
54280	0.0003824856914
54281	0.002820968027
54282	0.0007076606263
54283	0.0005931874283
54284	0.0004562002383
54285	0.002122541247
54286	0.002180986331
54287	0.001656043665
54288	0.0009778561138
54289	0.0006200780422
54290	0.0051220647
54291	0.003033433212
54292	7.16403302e-05
54293	0.002865785705
54294	0.002714601573
54295	0.003407339558
54296	0.000629051141
54297	0.0009669352724
54298	0.001514646183
54299	0.001667853848
54300	0.005812638513
54301	0.002558403936
54302	0.0004576307146
54303	0.003239415941
54304	0.0002765782238
54305	0.002522931929
54306	9.268516985e-05
54307	0.002220230717
54308	0.003908627811
54309	0.001414869999
54310	0.008219114043
54311	0.000174332714
54312	0.001520119255
54313	0.001759025402
54314	0.003000754698
54315	0.001105132882
54316	0.003096595252
54317	0.001381283502
54318	0.0007040512583
54319	0.002934097963
54320	0.0007987474893
54321	5.197623143e-05
54322	0.0005610891118
54323	0.003727617641
54324	0.002010219202
54325	0.0006128696443
54326	0.0003710324172
54327	0.0004364359527
54328	1.899079083e-07
54329	8.733929065e-06
54330	0.001244922558
54331	8.276879164e-05
54332	0.005482595295
54333	0.002173416529
54334	0.005442255861
54335	0.001889648529
54336	0.005750180324
54337	0.006842510713
54338	0.0006773014704
54339	0.003636231884
54340	0.0001710952426
54341	0.003932730485
54342	0.003010673471
54343	0.004242718639
54344	0.0005666848591
54345	0.007859419166
54346	0.0006058440602
54347	0.002909280415
54348	0.002123364436
54349	0.00578612674
54350	0.005111842667
54351	0.003866762531
54352	0.002990645242
54353	0.001216787297
54354	0.0003653276817
54355	0.00117172668
54356	0.006873257004
54357	0.0001999217608
54358	0.001148145365
54359	0.0004058487471
54360	0.001854571858
54361	0.0009820719892
54362	0.004602357841
54363	0.0007250341103
54364	0.001437248741
54365	0.002623753647
54366	0.002340333052
54367	0.001919925593
54368	0.001552229332
54369	0.00328358932
54370	0.002323136394
54371	0.003414587993
54372	0.001515325947
54373	0.007506684004
54374	0.003002907361
54375	0.003245904204
54376	0.002606395529
54377	0.002883606625
54378	1.189228024e-05
54379	0.002726601073
54380	0.001841229669
54381	0.003347839282
54382	4.290040788e-05
54383	0.002824918933
54384	0.001662776502
54385	0.0001033107639
54386	0.001849202624
54387	0.00191811575
54388	0.001938295705
54389	0.003338284968
54390	0.001986141682
54391	0.004925560013
54392	0.006620555649
54393	0.001319134119
54394	0.002271254837
54395	0.002112987153
54396	0.0001756933217
54397	0.001334897142
54398	0.001698571273
54399	0.003432774682
54400	0.001109488767
54401	0.004901060159
54402	0.001010385647
54403	0.000493943745
54404	0.0002037043634
54405	0.003857794381
54406	0.004962875788
54407	3.535933206e-05
54408	0.005797589516
54409	0.0009953998345
54410	0.0005860559211
54411	0.002459898955
54412	0.006390589398
54413	0.006356570267
54414	0.002622023919
54415	2.541680738e-05
54416	0.002079042754
54417	0.004502053982
54418	0.004198577923
54419	0.0006988272329
54420	0.006846153661
54421	0.003522794605
54422	0.001267555867
54423	0.002724112052
54424	0.001903553324
54425	0.0005639860683
54426	0.0003358507604
54427	0.004865049849
54428	0.002397879067
54429	0.0005218501857
54430	0.002159490368
54431	0.001585097008
54432	0.0003486409397
54433	0.001092083547
54434	0.0005586983176
54435	0.005049584821
54436	0.001544253442
54437	0.0007871277743
54438	0.001457428292
54439	0.004996809926
54440	0.003991566085
54441	0.001896946009
54442	0.001813027985
54443	0.0009522103138
54444	0.001572174087
54445	0.0007775582235
54446	0.0001464126398
54447	0.001429525263
54448	0.0004819734778
54449	0.002948546594
54450	0.0009129798479
54451	0.00311324162
54452	0.004137570834
54453	0.002024653705
54454	2.455170159e-05
54455	0.003798117122
54456	0.0004302562803
54457	0.005039789798
54458	0.005768706809
54459	0.00485755962
54460	0.003808531014
54461	0.001046866432
54462	0.004450001167
54463	0.0004781242684
54464	0.0029350287
54465	0.002260461479
54466	0.001843183761
54467	9.310926183e-05
54468	0.002627226519
54469	0.004877609318
54470	0.0002376510784
54471	0.0001167455574
54472	0.001343905092
54473	0.003492613508
54474	0.0009429468093
54475	0.0004877069398
54476	0.0003151124154
54477	0.001605969698
54478	0.0005129075311
54479	0.0003572788738
54480	0.001457716927
54481	0.0001480479471
54482	0.001269684716
54483	0.0007260949104
54484	0.0003066748477
54485	0.0005344776437
54486	0.000343309499
54487	0.002078063805
54488	0.002552614239
54489	0.001230289869
54490	0.001763123976
54491	0.002471206663
54492	9.719213846e-05
54493	0.0007089803071
54494	0.001986368882
54495	0.001737812839
54496	0.00162155359
54497	0.0005633330336
54498	0.0003450461084
54499	0.003057439449
54500	0.000451402996
54501	0.0003964479618
54502	9.113687015e-05
54503	0.0002202892595
54504	0.0005404443219
54505	0.0005438489455
54506	0.0004702114266
54507	0.003413074553
54508	0.0004628959219
54509	0.0002892418993
54510	0.0003517844535
54511	0.003392344861
54512	0.001874659555
54513	0.001263811927
54514	0.001139010543
54515	0.002571203916
54516	0.004018800012
54517	0.0004616023926
54518	0.0002992690682
54519	0.001271161909
54520	0.0009581693663
54521	0.0002032394342
54522	0.0004386740843
54523	0.001004564111
54524	0.001127590505
54525	0.0008510257722
54526	0.001535388601
54527	0.0005701036991
54528	0.001545593869
54529	0.0001153434437
54530	0.001462746198
54531	0.003470405474
54532	8.272535954e-05
54533	0.00117507273
54534	0.002637210205
54535	0.000464066166
54536	0.003864577808
54537	0.002688804156
54538	0.0005480253824
54539	0.003136297965
54540	0.0003176127482
54541	0.002887620737
54542	0.0007477085058
54543	0.003102088706
54544	0.002177059225
54545	0.001972715759
54546	0.000417145238
54547	0.0001802113601
54548	0.0007705234618
54549	0.002783518311
54550	0.002397065906
54551	0.001628563033
54552	0.002359222854
54553	0.006099228144
54554	0.001218755564
54555	0.005292763411
54556	0.003627242922
54557	0.001642411895
54558	0.001993927652
54559	0.003561126461
54560	0.0002792629858
54561	0.00136171377
54562	0.003149135529
54563	0.004192243962
54564	0.0005887602107
54565	0.001695863082
54566	0.002893528863
54567	0.0003812018896
54568	0.001130192613
54569	0.00305662346
54570	0.002286169991
54571	0.000244924879
54572	0.007206496524
54573	0.0004001189792
54574	0.0007882594561
54575	0.002471791662
54576	0.00109834624
54577	0.002782093924
54578	0.001821109028
54579	0.001806867325
54580	0.002767509875
54581	0.001752061266
54582	0.00081497025
54583	0.002154891914
54584	1.07451616e-07
54585	0.001692069784
54586	0.001371220557
54587	0.0031397184
54588	0.001089723071
54589	0.002497592959
54590	0.002781994471
54591	0.001318426563
54592	0.002932141453
54593	0.004935562712
54594	0.00271685554
54595	0.001588089853
54596	3.621170335e-05
54597	0.0002170608298
54598	0.00563136956
54599	0.002411812674
54600	0.0008892290415
54601	0.002652981541
54602	0.00289093881
54603	0.004154367131
54604	0.0002108386813
54605	0.001250935581
54606	0.00268459355
54607	0.001986111969
54608	0.003662704671
54609	0.001074585789
54610	0.0007983222835
54611	0.002354200039
54612	0.002278281045
54613	0.00129545394
54614	0.0007644283298
54615	0.002398351369
54616	0.002730051375
54617	0.0005341916764
54618	0.001504367681
54619	0.004459837083
54620	0.0006134969244
54621	0.0004214113526
54622	0.006086212577
54623	0.002042622551
54624	0.0005675148278
54625	0.0004661514197
54626	0.001237255982
54627	0.003742853357
54628	0.004412113179
54629	0.0008198395269
54630	0.00428415591
54631	0.0005078319682
54632	0.002226652809
54633	0.00165158285
54634	0.001523361719
54635	0.004078049019
54636	0.001394927526
54637	0.001159625266
54638	0.001846132002
54639	0.001911520369
54640	0.00181519955
54641	0.004953058843
54642	0.001707986868
54643	0.002959755447
54644	0.005858073875
54645	0.003449241623
54646	0.000431209829
54647	0.0006019240193
54648	0.001916403613
54649	0.001761837415
54650	0.003700363106
54651	0.007381002703
54652	0.006416632705
54653	0.0005549428069
54654	0.000152920897
54655	0.005191307012
54656	0.003411843737
54657	0.002434414964
54658	9.925598657e-05
54659	0.002651014571
54660	0.001457737817
54661	0.0007868273468
54662	0.0004439083725
54663	0.00090164333
54664	0.003149746598
54665	0.0004551130639
54666	0.003580491093
54667	0.001760251845
54668	0.001312347309
54669	0.001799899616
54670	0.0004308028649
54671	0.002296503442
54672	0.0004113593486
54673	0.003678978361
54674	0.000738784896
54675	0.001574615306
54676	0.001640658649
54677	0.0006881506166
54678	3.543848388e-05
54679	0.000277775346
54680	0.005245319495
54681	0.001869779883
54682	0.0007291888707
54683	0.0009488016692
54684	0.0009583538571
54685	1.677153006e-05
54686	0.0004832858976
54687	0.001752740209
54688	0.0001660192498
54689	0.007430120964
54690	0.003248525363
54691	0.0005404711151
54692	0.0001269420501
54693	0.002415870346
54694	0.002395643961
54695	0.0008516198804
54696	0.003845410103
54697	0.003700436612
54698	0.001380102498
54699	0.001807831231
54700	0.0001270743484
54701	0.0006507256535
54702	0.003218417241
54703	0.002356196175
54704	8.08413077e-05
54705	0.001263525124
54706	0.0005877513667
54707	0.01066660636
54708	0.001429553662
54709	0.0004515645209
54710	0.001369468761
54711	0.003829961871
54712	0.0001833990398
54713	0.001781577367
54714	0.0002051765899
54715	0.00544911787
54716	0.0006902998326
54717	0.001482393658
54718	0.002064801595
54719	0.001156591844
54720	0.001682791323
54721	0.001407758933
54722	0.002692204482
54723	0.003187799452
54724	0.0009198410567
54725	0.0007609295871
54726	0.002020135661
54727	0.006787492398
54728	0.007662079081
54729	0.001787697888
54730	0.00607653418
54731	0.002003912733
54732	0.004081650042
54733	0.002706126465
54734	0.001676372585
54735	0.004895793395
54736	0.004741539703
54737	0.0003655276819
54738	0.003404731169
54739	0.003550196845
54740	0.002896127336
54741	0.00286133069
54742	0.002688271917
54743	0.002964828098
54744	0.001578577569
54745	6.971902529e-05
54746	0.001092021724
54747	0.000217444686
54748	1.350481993e-05
54749	0.002275824781
54750	0.002089663409
54751	0.000274261256
54752	5.865912741e-05
54753	0.0007800061917
54754	0.001130827997
54755	0.0008204649635
54756	0.007203562963
54757	0.00197967866
54758	0.003550789382
54759	0.002310604766
54760	0.0006969801952
54761	0.001918892322
54762	0.001795584922
54763	0.0005925283328
54764	0.0001080852415
54765	0.000490422082
54766	0.001695967623
54767	0.0007302220953
54768	0.003036356657
54769	0.002440997369
54770	0.002620334478
54771	0.001340106095
54772	0.005235839395
54773	0.002073772944
54774	0.0004676764039
54775	0.004157169172
54776	0.002014662953
54777	0.002218548264
54778	0.002181132753
54779	0.001099701
54780	0.005697749756
54781	0.003500818415
54782	0.0003653859713
54783	0.0001217138354
54784	0.002793894321
54785	0.001313372151
54786	0.002258319317
54787	0.004132927521
54788	3.933044311e-06
54789	0.002156261304
54790	9.492792277e-05
54791	0.0001591060582
54792	0.002403926474
54793	0.0009840551591
54794	0.002726593027
54795	0.0003372570982
54796	0.003228219608
54797	0.001708741418
54798	0.002916708997
54799	0.003265482881
54800	0.0004634135794
54801	0.001217455081
54802	0.002459227813
54803	0.0009017870767
54804	0.002025390892
54805	0.003061975815
54806	0.001920731801
54807	0.001455699807
54808	0.004532367047
54809	0.0008168080703
54810	0.005192627686
54811	0.0002359058679
54812	0.0009652113889
54813	0.00755929136
54814	0.001878801931
54815	0.0001614194905
54816	0.00180518745
54817	0.00310654708
54818	0.002374139781
54819	0.004130272119
54820	0.001563218017
54821	0.0001979540476
54822	0.002844117532
54823	0.0005913684596
54824	0.002955533624
54825	0.0001788516021
54826	0.0004715865916
54827	0.004346330196
54828	0.007905477254
54829	0.01215118574
54830	0.0119281108
54831	0.01296141682
54832	0.0145889504
54833	0.01163730143
54834	0.001159767442
54835	0.01123230872
54836	0.0119622817
54837	0.009427050903
54838	0.0001100442942
54839	3.373434875e-05
54840	0.0002347109664
54841	0.0002094486515
54842	0.003450837607
54843	9.82339234e-06
54844	0.008385889604
54845	0.007020277823
54846	0.002698424976
54847	0.003026092725
54848	0.0008434156108
54849	0.001950994048
54850	0.0001258880746
54851	0.004261058576
54852	0.0009116552887
54853	0.003280970136
54854	0.0003038503303
54855	0.003794841312
54856	0.00507114096
54857	0.0005507162136
54858	0.0009113943921
54859	0.0008804607297
54860	0.001331605109
54861	5.015257615e-06
54862	0.0002322159764
54863	0.001189043263
54864	0.0002823769047
54865	0.002684019513
54866	0.004017360564
54867	0.001083559517
54868	0.0007705260217
54869	0.0003150057895
54870	0.00307427872
54871	0.0004718487149
54872	0.001934192983
54873	0.0008352621661
54874	0.000389417132
54875	0.001223894429
54876	0.000922095279
54877	0.002931031016
54878	0.001876888647
54879	0.001828535424
54880	0.0001218473384
54881	0.0004450953134
54882	0.001483071878
54883	0.004159167189
54884	0.00115178738
54885	0.001041020494
54886	0.002299425377
54887	0.0005471812512
54888	0.005027456624
54889	0.002786325417
54890	0.0009656657411
54891	0.00262352931
54892	0.002100455538
54893	0.0008002064871
54894	0.002999700621
54895	0.005616657865
54896	0.0005351859816
54897	0.0001564478347
54898	0.001357916589
54899	0.004453686142
54900	0.00169155292
54901	0.0004666552134
54902	0.001089975104
54903	0.002203776008
54904	0.0007242927863
54905	0.0006096617726
54906	0.003272735168
54907	0.0009189418627
54908	0.00164485058
54909	0.005592600425
54910	0.0001083769319
54911	0.003565646335
54912	0.0003692740471
54913	0.005862943881
54914	0.0003419040152
54915	0.0008035711615
54916	0.003593108032
54917	0.0001821511807
54918	0.001868229707
54919	0.004955408012
54920	0.005997176491
54921	0.001430563027
54922	0.0009438985657
54923	0.002144378544
54924	0.0005063326705
54925	0.0004015471506
54926	0.0009444919659
54927	0.00129691011
54928	0.00362515865
54929	0.0006483211125
54930	0.004111378551
54931	0.0002797290055
54932	0.00130112956
54933	0.0006923244737
54934	0.003349047226
54935	0.002123865566
54936	0.001341626484
54937	0.0004162277373
54938	0.003197296372
54939	0.004117623923
54940	0.003575861527
54941	5.814919085e-06
54942	0.001522638898
54943	0.001314696552
54944	0.004040076543
54945	0.006545514599
54946	2.802949489e-05
54947	0.002179541098
54948	0.002084190321
54949	0.0005576718384
54950	0.003130220679
54951	0.0007088120015
54952	0.002781479476
54953	0.001483689137
54954	0.002161899777
54955	0.003248688568
54956	0.001324502158
54957	0.002131540198
54958	0.002372575634
54959	0.004233653232
54960	0.002653176163
54961	0.003679074963
54962	0.002892086139
54963	0.004105914707
54964	0.001013320106
54965	0.0005069576841
54966	0.00234464167
54967	0.002004774032
54968	0.002679298796
54969	0.0002847921458
54970	0.001734080171
54971	0.002407116752
54972	0.002019569335
54973	0.002671432409
54974	0.001867870262
54975	0.002878042254
54976	0.0009555833776
54977	8.877583202e-05
54978	6.62984586e-05
54979	0.0002087834377
54980	0.000254648544
54981	0.0006944088933
54982	4.305578848e-05
54983	0.0002782478788
54984	0.00037810116
54985	0.0002210516736
54986	0.0003993948527
54987	0.0004996935362
54988	0.0001415476617
54989	0.0001005263471
54990	0.0009629020448
54991	0.0003649705107
54992	0.0005020617493
54993	8.756257512e-05
54994	0.0001148598184
54995	0.0002083964532
54996	0.0001126209693
54997	0.001768524987
54998	0.003931559132
54999	0.0005249020101
55000	0.0008334344997
55001	0.001020581467
55002	0.001222025914
55003	0.002210192013
55004	0.0007673297785
55005	0.002933640179
55006	0.001587784384
55007	0.003655309512
55008	0.003864276097
55009	0.001186470711
55010	0.0004864068929
55011	0.0003290060328
55012	0.002073879627
55013	0.002815381807
55014	0.001899076969
55015	0.002825031268
55016	0.005846454641
55017	0.001965070389
55018	0.002181513988
55019	0.0003740980681
55020	0.002813174869
55021	0.0008621264691
55022	0.001128161017
55023	0.00312888968
55024	0.004039995588
55025	0.004687941878
55026	0.004237915319
55027	0.006549022328
55028	0.004766900213
55029	0.00207279792
55030	0.0004676314915
55031	0.004847040505
55032	0.002637836298
55033	0.000794260113
55034	0.0057109758
55035	0.003247205382
55036	0.00193593872
55037	0.0002532732739
55038	0.001259859575
55039	3.856313621e-05
55040	0.000611259276
55041	0.001253413557
55042	0.0004333778506
55043	0.008644212656
55044	0.0007195489362
55045	0.001246373854
55046	0.00152451426
55047	0.001096450881
55048	0.0002282678312
55049	0.000315723982
55050	0.0001665964119
55051	0.002529148339
55052	0.002248979942
55053	0.004881053422
55054	0.0001935649372
55055	0.0006538089946
55056	0.002727358401
55057	0.001360556957
55058	0.0005276595603
55059	0.001777097006
55060	0.0007601072278
55061	0.0003269154657
55062	0.001195591923
55063	0.009677879899
55064	0.00308635144
55065	0.001350524954
55066	0.001172690603
55067	9.753639672e-05
55068	0.0008461449445
55069	0.005539155606
55070	0.0003031709953
55071	0.001953493426
55072	0.001567042187
55073	7.984651532e-05
55074	0.00104796387
55075	0.006530104185
55076	0.003104299448
55077	0.0002966185181
55078	0.0008709012747
55079	9.899281663e-05
55080	0.001161468824
55081	4.017519048e-05
55082	0.0002451284983
55083	0.003580148984
55084	0.001201573689
55085	0.005189532373
55086	0.00132588704
55087	0.00558765906
55088	0.0007373924554
55089	0.0001059155491
55090	0.002289615783
55091	0.005198785908
55092	0.002236362301
55093	0.001374559154
55094	0.00593521841
55095	0.000920028282
55096	0.001997004526
55097	0.006333909577
55098	0.007591916759
55099	0.0006518522282
55100	0.001696370751
55101	0.001347490389
55102	0.007247888533
55103	0.003712630452
55104	0.006762140666
55105	0.000211408466
55106	0.0004663862166
55107	0.0005017430112
55108	0.001500251571
55109	0.005762955908
55110	0.001460581045
55111	0.006440385411
55112	0.007741902219
55113	0.0002674653544
55114	0.0008904310179
55115	0.0001441944463
55116	0.004518959057
55117	0.0006376363492
55118	0.004835058481
55119	0.001996583947
55120	0.005553049822
55121	0.003887207009
55122	0.003554697229
55123	0.004916601835
55124	0.005271313833
55125	0.004826332533
55126	0.002578001044
55127	0.002629881006
55128	0.0004222229523
55129	0.001773928763
55130	0.002752347457
55131	0.001322838607
55132	0.004946684777
55133	0.0008528855949
55134	0.004280117529
55135	0.001491355206
55136	0.002341197544
55137	0.0005637934147
55138	0.00185899086
55139	0.001215181004
55140	0.000551217544
55141	0.0065683269
55142	0.001679305844
55143	0.0009025575322
55144	0.00356492593
55145	0.001109494947
55146	0.0005035288841
55147	0.00081068046
55148	0.003305552292
55149	0.00324918613
55150	0.003743451829
55151	0.007448962845
55152	2.828757873e-05
55153	0.001059811603
55154	0.001251802663
55155	0.002948286868
55156	0.001505857815
55157	0.002065982064
55158	0.0008701764676
55159	1.914076376e-05
55160	5.681870029e-05
55161	0.001413828466
55162	0.001862902778
55163	0.004838934747
55164	0.004995467822
55165	0.002926437994
55166	0.002341669685
55167	0.002280751227
55168	0.003103216265
55169	0.002051514585
55170	0.002678463622
55171	0.0003600913143
55172	0.001387080845
55173	0.003207274094
55174	0.002427119536
55175	0.001186130118
55176	0.002196004271
55177	0.008346950987
55178	0.0002672507013
55179	0
55180	0.0002580997078
55181	0.0008001013726
55182	0.002090855961
55183	0.001319516172
55184	0.0004611181762
55185	0.004827077532
55186	0.00223601964
55187	0.0002839994334
55188	0.0008175194261
55189	0.0005311171466
55190	8.650174124e-05
55191	0.0007781248784
55192	0.002976778665
55193	0.0005301699049
55194	0.0002773921923
55195	0.0006429162938
55196	0.0003381550264
55197	0.002580936409
55198	0.0009008867309
55199	0.001045178303
55200	0.001585746563
55201	0.003453428833
55202	0.0007925691801
55203	0.001495482486
55204	0.0008110242049
55205	0.0004723769809
55206	0.001405867354
55207	0.001892633748
55208	0.0005366441001
55209	0.002521595367
55210	0.005299022193
55211	0.003995169458
55212	0.0009174981225
55213	0.0001503252778
55214	0.0001831687112
55215	0.001451816352
55216	0.001571691783
55217	0.001311656389
55218	0.001365416352
55219	0.003435376902
55220	0.0008657224258
55221	0.002585524307
55222	0.0005399332841
55223	0.001484377198
55224	0.002661158472
55225	0.003842263751
55226	0.001049221922
55227	0.00101873175
55228	0.000962316775
55229	0.0002160697759
55230	0.00152215716
55231	0.002010779159
55232	0.001166989196
55233	0.001164663297
55234	0.0002839863055
55235	0.001952690363
55236	0.0009229060948
55237	0.008204207043
55238	0.005791748827
55239	0.001210989542
55240	0.002890386299
55241	0.005492346235
55242	0.001769408765
55243	0.002731050837
55244	0.004804176367
55245	0.001849225107
55246	0.001851243654
55247	0.001515627374
55248	0.002321291333
55249	0.0001808132249
55250	0.002153719425
55251	0.0005681745372
55252	0.004928662722
55253	0.001890545437
55254	0.002467730537
55255	0.001230010048
55256	0.001283311801
55257	0.004380731077
55258	0.00069381732
55259	0.0006184788243
55260	0.0007208158711
55261	0.004314063911
55262	0.001733147725
55263	0.002042405521
55264	0.001847266514
55265	0.001721043639
55266	0.000578148182
55267	0.001122007
55268	3.068874942e-05
55269	0.001068279006
55270	8.188333766e-05
55271	0.00111482323
55272	0.001220419134
55273	0.00190906765
55274	0.0008442764697
55275	0.002424473556
55276	0.003834652108
55277	0.002302500345
55278	0.0005550226849
55279	0.007079111452
55280	0.002243730793
55281	7.25711718e-05
55282	0.0007916181089
55283	0.0007521935935
55284	0.0009621534472
55285	0.002432839984
55286	0.001852008807
55287	0.0003067910876
55288	0.001299120151
55289	0.002617871483
55290	0.002059468735
55291	0.0005359961027
55292	0.0003400242992
55293	0.002318998725
55294	0.001821045218
55295	0.0004983612022
55296	0.001636647587
55297	0.00310704216
55298	0.001560500399
55299	0.0005699334452
55300	0.00402811476
55301	0.0005422600161
55302	0.002726811235
55303	0.00111557227
55304	0.003010610014
55305	0.005678510647
55306	0.002988643321
55307	0.001161918023
55308	0.0008843126217
55309	0.001366903566
55310	0.001344974971
55311	0.003191984718
55312	0.001827971237
55313	0.001789475999
55314	0.009011189894
55315	0.001164557713
55316	0.001173272004
55317	0.002374844861
55318	0.005004282953
55319	0.001411612566
55320	0.0034540607
55321	0.002276008569
55322	0.003315099906
55323	0.0006473442505
55324	0.004744272987
55325	0
55326	0.0001363872765
55327	0.000607525901
55328	0.001663018601
55329	0.002859447804
55330	0.001710639061
55331	0.0009678178163
55332	0.004814483303
55333	0.001498137469
55334	1.285476367e-05
55335	0.001583817469
55336	0.0006207544442
55337	0.0003643747161
55338	0.002327722044
55339	0.0004817547109
55340	0.002281975323
55341	0.001533829794
55342	0.003409782894
55343	0.003999659385
55344	0.001472886875
55345	0.001530951609
55346	0.00522766218
55347	0.002578840058
55348	0.003059482872
55349	0.004669346015
55350	0.0006916457299
55351	0.006357800078
55352	0.001198182096
55353	0.0006513473721
55354	0.001971266222
55355	0.001895755222
55356	0.001306777891
55357	0.003731989433
55358	0.001959841888
55359	0.001809618709
55360	0.0001235513634
55361	0.003285462702
55362	0.001593320634
55363	0.002056240442
55364	0.0002194234352
55365	0.005321867917
55366	8.579682718e-05
55367	0.007225066626
55368	0.000525579178
55369	0.002118113758
55370	0.001467609769
55371	0.0008635470077
55372	0.001533558487
55373	0.0008462338864
55374	0.001400388842
55375	0.004823624016
55376	0.000147706189
55377	0.003218024064
55378	0.0003649749113
55379	0.00734030574
55380	0.0005978546291
55381	0.0008733226965
55382	0.002715120579
55383	0.004902853778
55384	0.001168223803
55385	0.0004210563102
55386	0.003435776922
55387	0
55388	0.001950724277
55389	0.000119630078
55390	0.002255135669
55391	0.001127242281
55392	0.0002782248241
55393	0.0008706864974
55394	0.002538312095
55395	0.001575383404
55396	0.001615902693
55397	0.001672067095
55398	0.001749789487
55399	0.0001625162335
55400	0.002524427089
55401	0.001561693619
55402	0.002435180853
55403	0.004525528358
55404	0.001806661098
55405	0.000743290018
55406	0.0001967949031
55407	0.002485821842
55408	0.004258687707
55409	0.00156835014
55410	0.002486983843
55411	0.003953780861
55412	0.001156938922
55413	0.002411306033
55414	0.0007933865043
55415	0.005387732255
55416	0.0001371475756
55417	0.0004435056435
55418	0.0006158905229
55419	0.0006111125394
55420	0.002039244205
55421	0.002235445768
55422	0.005933069194
55423	8.509893806e-05
55424	0.002932134053
55425	0.005044656112
55426	0.0106157225
55427	0.002609249298
55428	8.325703946e-05
55429	0.00416738325
55430	1.942368801e-05
55431	0.0008665984084
55432	0.0005323846108
55433	0.001449016271
55434	0.001279951479
55435	0.0007891949286
55436	0.0001127257158
55437	0.002800132542
55438	0.001073282387
55439	0.001358001994
55440	0.0006513747936
55441	0.005051789672
55442	0.0008720581404
55443	0.001198532363
55444	0.001977316453
55445	0.0001629789269
55446	0.0004037853555
55447	0.004546781594
55448	0.001515240185
55449	0.002194669426
55450	0.0002710694596
55451	0.001658782286
55452	0.0009847720922
55453	0.001181905349
55454	0.006887744108
55455	0.001623901675
55456	0.0005454078558
55457	0.001282909973
55458	0.001649166687
55459	0.004160863412
55460	0.004948750897
55461	0.0007789929493
55462	0.001282797933
55463	0.002947685121
55464	0.002186625365
55465	0.001598911004
55466	0.001886711537
55467	0.003684745645
55468	0.00418723474
55469	0.0001386378005
55470	0.001140252839
55471	4.228849302e-05
55472	0.004545459631
55473	0.0005709307599
55474	0.001189202002
55475	0.002362573592
55476	0.003199134518
55477	0.001656187899
55478	0.001468829753
55479	0.002009806077
55480	0.004709216822
55481	0.004633113127
55482	0.001741715026
55483	0.005941862161
55484	0.0008341711842
55485	0.001580462609
55486	0.00281049739
55487	0.005943315899
55488	0.001420585686
55489	0.0007365116242
55490	0.00120240851
55491	0.0007668680083
55492	0.003952466418
55493	0.001046137944
55494	0.001028584139
55495	0.001543768054
55496	0.003623778488
55497	0.001708228304
55498	0.0005139844951
55499	1.641884277e-05
55500	0.003968680162
55501	0.0005771060939
55502	0.00396407705
55503	0.0007976884589
55504	0.002381966705
55505	0.001598366282
55506	0.002934688392
55507	0.003274347698
55508	0.003825614633
55509	0.005169406095
55510	0.003014682499
55511	0.001554925746
55512	0.003977954671
55513	0.003793963706
55514	0.001296283365
55515	0.0009957356141
55516	0.002306904579
55517	0.0008510198947
55518	0.001531894521
55519	0.00532763287
55520	0.002574061789
55521	0.003549734977
55522	0.000850134676
55523	0.003230688733
55524	4.464626562e-05
55525	0.002297466878
55526	0.003787238336
55527	0.001194366009
55528	0.004021116476
55529	0.001634475035
55530	0.001488693208
55531	0.0001965771872
55532	0.0003263405986
55533	5.529126812e-05
55534	0.001880379249
55535	0.002802341689
55536	0.008351307699
55537	3.531688614e-06
55538	0.001052111412
55539	0.002904548514
55540	0.0002977489111
55541	2.062136298e-05
55542	0.001253582294
55543	0.002472996249
55544	0.0005153334479
55545	0.004791830464
55546	0.006832431222
55547	6.574592677e-05
55548	0.004355744296
55549	0.001899710287
55550	0.0005478841699
55551	0.0005767974486
55552	0.0001721524446
55553	0.002965904454
55554	0.0002568821425
55555	0.00107772606
55556	0.0005511128456
55557	0.0003059358584
55558	0.002997730855
55559	6.251577109e-05
55560	0.001791098565
55561	0.00220807669
55562	0.003994214834
55563	0.002059637401
55564	0.002222229261
55565	0.002991820566
55566	0.004394963161
55567	0.005744131167
55568	0.0004916339621
55569	5.415716932e-06
55570	0.001870193064
55571	0.001715630686
55572	0.006050668824
55573	0.002714924157
55574	0.0004136976432
55575	0.001609797743
55576	0.002401316183
55577	0.001255885116
55578	0.001879046589
55579	0.001722651257
55580	0.0001273551539
55581	0.001219234649
55582	0.001971450701
55583	0.00102906359
55584	0.004898202754
55585	0.003714656671
55586	0.0006947450656
55587	0.003517403497
55588	0.007044428769
55589	0.0007018422091
55590	0.0006109634544
55591	0.002063285763
55592	0.0001919948749
55593	0.001048599296
55594	0.001341155962
55595	0.0008622840424
55596	0.0006624058307
55597	0.002762363263
55598	0.0002312472307
55599	0.0001427542134
55600	0.003470850033
55601	0.003371889417
55602	0.0008468225026
55603	0.003017519479
55604	0.003556928435
55605	0.00274177309
55606	0.005567925933
55607	0.003480513226
55608	0.003207900072
55609	0.004340231221
55610	0.005064882014
55611	0.0004526301047
55612	0.0008592137546
55613	0.0001531263149
55614	0.0005754505927
55615	0.0002987148549
55616	0.0002363369653
55617	0.0002347517877
55618	0.003933447711
55619	0.003742952653
55620	0.002030933343
55621	0.0002837832228
55622	0.004992507525
55623	0.0002197459086
55624	0.0008370065352
55625	0.001692396423
55626	0.0004470725278
55627	0.0005284347553
55628	0.004165922948
55629	0.001109712157
55630	0.002779521248
55631	0.0003549444002
55632	0.000162503544
55633	0.0001783641737
55634	0.004562989586
55635	0
55636	0.0006953731749
55637	0.0005678007326
55638	0.002202983578
55639	0.0004207052433
55640	0.001746887371
55641	0.0001725016644
55642	0.0006080366333
55643	0.001134588715
55644	0.003967940776
55645	0.001357806836
55646	0.001607507209
55647	0.005272924512
55648	0.004652637638
55649	0.003618093598
55650	0.001190557287
55651	0.002896245131
55652	0.0003878181237
55653	0.0031248042
55654	0.001196132932
55655	0.009000876874
55656	0.00239624594
55657	0.002808140666
55658	0.005542631418
55659	0.001123368243
55660	0.003408299336
55661	0.001097289033
55662	0.002805152316
55663	0.0006593240552
55664	0.004510985977
55665	0.002814843375
55666	0.00140807033
55667	0.002500223832
55668	0.0001798425311
55669	0.001682310901
55670	0.00187232705
55671	0.0004631247097
55672	0.0008952505335
55673	0.001210306421
55674	0.0009738769274
55675	0.001558486383
55676	0.001844436066
55677	0.002018284756
55678	0.0007969213308
55679	0.004227575623
55680	0.002617770151
55681	0.001619939497
55682	0.001013333254
55683	0.000602348767
55684	0.001949018073
55685	0.003271583679
55686	0.001571520166
55687	0.0005460929605
55688	0.0001008853803
55689	0.0009581750406
55690	0.0002341422971
55691	0.0005753929277
55692	0.0002557683024
55693	0.0003808705737
55694	0.0003934196913
55695	0.001500396611
55696	0.004012109267
55697	0.00245616497
55698	0.0001559051401
55699	0.0005562823117
55700	0.001084057698
55701	0.00165141437
55702	0.002785667453
55703	0.006248998902
55704	0.001749082186
55705	0.007229823173
55706	8.391108223e-05
55707	0.0012137554
55708	0.001537899032
55709	0.001658163277
55710	0.001720393386
55711	0.001207038545
55712	0.002581790272
55713	0.001711076882
55714	0.0002164077897
55715	0.002151925971
55716	0.0004189876231
55717	0.0009555094923
55718	0.0006625868652
55719	0.0007577953441
55720	0.002919851221
55721	0.004920410185
55722	0.002204758534
55723	0.003567629113
55724	0.0009923011932
55725	0.0001541279069
55726	0.0003777369436
55727	0.0003478931959
55728	0.0009141337034
55729	0.003760748986
55730	0.001430912945
55731	0.0007012464321
55732	0.0003818462846
55733	0.0001372097007
55734	0.002064795201
55735	0.0005176653415
55736	0.0001208307127
55737	2.129226584e-05
55738	0.007310812213
55739	0.0089481518
55740	0.001250435609
55741	0.001778854506
55742	0.001342279917
55743	0.001432668899
55744	0.01002916861
55745	0.002527465788
55746	0.0003056503383
55747	0.004051310832
55748	0.006756257321
55749	0.002115269229
55750	0.002205943168
55751	0.002889820513
55752	0.0001209095431
55753	0.0007252850505
55754	0.003614316548
55755	0.002946494278
55756	0.004012709364
55757	0.0001989634281
55758	0.003460107905
55759	0.0008650929405
55760	0.002456496231
55761	0.001073756798
55762	0.003061687325
55763	0.00360907444
55764	0.003732635116
55765	0.002221146403
55766	0.0006458287056
55767	0.0009640566718
55768	0.0003681338785
55769	0.002802975449
55770	0.003293893441
55771	0.0006910475096
55772	3.339325405e-05
55773	0.0001336172606
55774	0.003733197179
55775	0.0009703343468
55776	0.002582290462
55777	0.001939523231
55778	0.002320389253
55779	0.003648359715
55780	0.00520985539
55781	0.0005912397761
55782	0.005631522954
55783	0.006302491922
55784	0.002758738846
55785	0.003495347172
55786	0.001132956235
55787	0.002625321817
55788	0.005555717073
55789	0.004806922989
55790	0.0006028290339
55791	0.004923883396
55792	0.003108346922
55793	0.0008964807234
55794	0.0006449012562
55795	0.003508427835
55796	0.003511366719
55797	0.001158393431
55798	0.0008523200272
55799	0.0043183393
55800	0.0003160349519
55801	0.0006013834485
55802	0.002216763464
55803	0.00425506307
55804	0.002683831424
55805	0.004552426387
55806	0.0003781266936
55807	0.0005680383365
55808	0.0002562109247
55809	0.0005368167258
55810	0.004639212801
55811	0.003033455828
55812	0.007402617218
55813	0.004318330887
55814	0.003157066412
55815	0.006793050766
55816	0.002763523955
55817	0.004479650627
55818	0.003343117759
55819	0.003301051879
55820	0.000475030155
55821	0.0003460094956
55822	0.00197548384
55823	0.003271154808
55824	0.001657180606
55825	0.005168740815
55826	0.0007146239884
55827	0.0004681046865
55828	0.001867251529
55829	0.00106172102
55830	0.0003125899748
55831	0.003699102123
55832	0.0001585491601
55833	0.003736904062
55834	0.002063114616
55835	0.001907445166
55836	0.001348973166
55837	0.0003542148101
55838	0.002190221818
55839	0.001770479285
55840	0.001532423067
55841	0.00210959124
55842	3.923300558e-05
55843	0.0008320816869
55844	0.00254973695
55845	0.0007557266042
55846	0.0006144953584
55847	0.003482474968
55848	0.004252589238
55849	0.001762241457
55850	0.001395765578
55851	0.003053384189
55852	0.003897990282
55853	0.000797896112
55854	0.004911920867
55855	0.00164817193
55856	0.004725169605
55857	8.807232761e-05
55858	0.003207262765
55859	0.001612180055
55860	0.003147236807
55861	0.0005232256358
55862	0.000411592895
55863	0.002129963748
55864	0.001441981183
55865	0.007494062093
55866	0.001373419339
55867	0.001538077187
55868	0.0003116156216
55869	0.004469065239
55870	0.006421467468
55871	0.0002725027908
55872	0.001248372254
55873	0.004629056776
55874	0.001370444921
55875	0.003246867068
55876	2.20831029e-05
55877	0.004595206789
55878	0.001762452869
55879	0.001676222869
55880	0.003656982914
55881	6.901662129e-05
55882	0.001212355019
55883	0.001362019476
55884	0.002377618166
55885	0.0005223055345
55886	0.001202810415
55887	0.0001600476228
55888	0.000131569804
55889	0.000724079287
55890	0.0002563850155
55891	0.000892736795
55892	0.000241687332
55893	0.006589296803
55894	0.005710549232
55895	0.00101799443
55896	0.001935200663
55897	0.001521522851
55898	0.001926799388
55899	0.004131109323
55900	0.005273511969
55901	0.00593565507
55902	0.0002857480819
55903	0.0004694212442
55904	0.0005129308573
55905	0.0003932450259
55906	0.000739778661
55907	0.0004497577419
55908	0.001858569729
55909	0.003601151621
55910	0.0006703557457
55911	0.003994634376
55912	0.003587016633
55913	0.0003007323605
55914	0.003596795286
55915	0.003573470001
55916	0.003887658209
55917	0.0003906512988
55918	0.001296479766
55919	0.0008399744108
55920	0.00164061425
55921	0.005011582997
55922	0.002289260776
55923	0.004107619646
55924	0.003161738096
55925	0.003385426899
55926	0.0020074707
55927	0.0005697742923
55928	0.003363898243
55929	0.001448296554
55930	0.0003064916933
55931	0.0008216325217
55932	0.0007452651578
55933	0.001627066359
55934	0.0004796608382
55935	0.003016514984
55936	0.001885689256
55937	0.003664875475
55938	0.002022984791
55939	0.001833917118
55940	0.000829474117
55941	0.0002204212934
55942	0.001517706402
55943	0.002219193635
55944	0.004113773471
55945	0.002603393307
55946	0.0001455219302
55947	0.002732431325
55948	0.0009020066425
55949	0.0002593018029
55950	0.003002717138
55951	2.351419566e-05
55952	8.68316566e-05
55953	0.005309850982
55954	0.002328642319
55955	0.0005079351362
55956	0.002002711222
55957	6.488658175e-06
55958	0.0002109228366
55959	0.001799994741
55960	0.0006946030797
55961	0.0003910431915
55962	0.005191049495
55963	0.003283139124
55964	0.0007493199222
55965	0.003328132576
55966	0.003542881097
55967	0.001640147378
55968	0.000336894238
55969	0.002910826475
55970	0.002070782136
55971	0.004485672975
55972	0.000155566259
55973	0.001618953573
55974	0.00117346483
55975	0.0006404453224
55976	0.0017699394
55977	0.001975612295
55978	0.0001920297955
55979	0.005986229313
55980	0.001996281674
55981	0.006895036668
55982	0.002530334146
55983	0.001918134106
55984	0.005236948594
55985	0.006656450735
55986	0.002481896561
55987	0.003296617526
55988	0.000512129214
55989	0.001603917195
55990	0.004680777795
55991	0.003487696003
55992	0.003295358201
55993	0.0008092102223
55994	0.003215546477
55995	0.003887671197
55996	0.001844226797
55997	0.006432705889
55998	0.004609470263
55999	0.003278253941
56000	0.004633862107
56001	0.002919070761
56002	0.0007483406369
56003	0.001328047257
56004	0.006778304989
56005	0.003111217293
56006	0.0009890357592
56007	0.002762236864
56008	0.001918763415
56009	0.004315658169
56010	0.001507726018
56011	0.002260296404
56012	0.003402468526
56013	0.003243346412
56014	0.0006337044202
56015	0.001353175008
56016	0.000512490812
56017	0.002696392437
56018	0.003827909563
56019	0.005256598254
56020	0.003184717178
56021	0.0005788748641
56022	0.003751222459
56023	0.001972303511
56024	0.000982748347
56025	0.002487025605
56026	0.00486453543
56027	0.006245934784
56028	0.006272278491
56029	0.004662635782
56030	0.002084028283
56031	0.0008299678149
56032	0.0005959830858
56033	0.001478487642
56034	0.004187392367
56035	0.006074198
56036	0.005457463774
56037	0.005369240851
56038	0.004977264616
56039	0.0001872091031
56040	1.70899237e-07
56041	0.0001762969535
56042	0.003692526547
56043	0.0001378298338
56044	0.0004493094735
56045	0.00077215459
56046	0.0001919975552
56047	0.002101136149
56048	0.0004114450491
56049	0.0001405653678
56050	0.0006537578195
56051	0.001124230469
56052	0.0005308667433
56053	0.002058741879
56054	0.0005743581724
56055	0.002360386695
56056	0.0004530713
56057	0.002731002843
56058	0.002218749505
56059	0.003716659343
56060	0.001165021145
56061	0.001896475073
56062	0.002132425515
56063	0.00196241004
56064	0.003051743357
56065	0.003904906473
56066	0.00102792284
56067	0.006083534931
56068	0.003324530817
56069	0.0003385117851
56070	0.003465183025
56071	0.0002417016286
56072	0.003634866384
56073	0.0004063213713
56074	0.0001698008762
56075	0.002387856926
56076	0.0002969097018
56077	0.001358467099
56078	0.002306751757
56079	0.001118487906
56080	0.002621646607
56081	0.0008656307294
56082	0.001321998682
56083	0.002141814429
56084	0.004499228291
56085	0.003035282311
56086	0.0004655410919
56087	0.001576462856
56088	0.001881673845
56089	0.0001288549206
56090	0.004041661333
56091	0.003467626114
56092	8.505062242e-05
56093	0.003135867598
56094	0.001955411037
56095	0.0001156550667
56096	0.001104084584
56097	0.002745156736
56098	0.001729943441
56099	0.002913120334
56100	0.000443162586
56101	0.003724309689
56102	0.003767424102
56103	0.001458825902
56104	0.002051296057
56105	0.0002390043432
56106	0.0002181672444
56107	0.003608132297
56108	0.001363757618
56109	0.005601670752
56110	0.003135813251
56111	0.004540218793
56112	0.004469163996
56113	0.004862096811
56114	0.0001651080054
56115	0.002662888949
56116	0.0002328187424
56117	0.002132136102
56118	0.0006114013562
56119	0.001613282943
56120	0.006888772087
56121	0.0005736673857
56122	0.0005109186852
56123	0.003660697527
56124	0.002263905842
56125	0.0008175995464
56126	0.00230988465
56127	0.009376963067
56128	0.00404810066
56129	0.002781241606
56130	0.002691985296
56131	0.0002151054164
56132	0.0006053852642
56133	0.0005419224764
56134	0.006626070701
56135	0.004283263089
56136	0.0006060548641
56137	0.003910712971
56138	0.002579244625
56139	0.001838679227
56140	0.0009828173366
56141	0.000242241297
56142	0.001218613889
56143	0.001801911216
56144	0.002320715919
56145	0.005179638498
56146	0.0008824173641
56147	0.001810017964
56148	3.61574479e-05
56149	0.0002852063867
56150	0.0004089071534
56151	0.000250221224
56152	0.0008214026762
56153	0.0008672828998
56154	0.002184490941
56155	0.0004786239029
56156	0.0003002241213
56157	0.0009159179523
56158	0.003722786702
56159	0.001182780422
56160	0.003166423801
56161	0.001298371409
56162	0.0004851756631
56163	0.001046632442
56164	0.0001283188391
56165	0.0003458590534
56166	0.0004350424163
56167	0.006491293475
56168	0.0006825534451
56169	0.0007107624428
56170	0.0002025153429
56171	0.000637384517
56172	4.16410416e-05
56173	0.0003233242478
56174	0.002198749861
56175	0.003427357406
56176	0.001347387656
56177	0.001143368411
56178	0.0002642298396
56179	0.00588647961
56180	0.002945607154
56181	0.0008548511462
56182	0.001960954393
56183	0.004058154426
56184	0.001543493102
56185	0.0007720760862
56186	0.003424967324
56187	0.00471997437
56188	0.006404953657
56189	0.002822891032
56190	3.101047019e-05
56191	0.001306415206
56192	0.0001009482023
56193	0.001057995593
56194	9.40228918e-05
56195	0.0002455063992
56196	0.0008762011743
56197	0.001834239588
56198	0.001206797444
56199	0.004503200589
56200	0.001825258005
56201	0.007483006229
56202	0.0002318872639
56203	0.005396546641
56204	0.000632455683
56205	0.0007280800384
56206	0.0007645088281
56207	2.817809181e-05
56208	0.002619201027
56209	0.0006175728371
56210	0.0009291932174
56211	0.008743200742
56212	0.0001638295642
56213	0.002463245131
56214	0.0004065438253
56215	0.002152953704
56216	0.0001834752333
56217	0.001291438613
56218	0.002561774465
56219	0.004205112809
56220	0.0007641768401
56221	0.0005315317953
56222	0.0006764657375
56223	0.0004735316339
56224	0.001354109384
56225	0.001569875473
56226	0.001500643198
56227	0.001281771723
56228	0.00220708655
56229	0.0008393627362
56230	0.002891020373
56231	0.0005413313397
56232	0.000124289742
56233	0.009003690608
56234	0.001203027102
56235	0.001828809095
56236	3.004433146e-05
56237	0.0007307834011
56238	0.001043487035
56239	0.000129628031
56240	0.001604411944
56241	0.0001128459758
56242	0.004470607482
56243	0.001608946857
56244	0.000129231973
56245	0.0002520111339
56246	0.0002401560438
56247	0.001203218649
56248	4.118729984e-05
56249	0.0001233932459
56250	7.340086037e-05
56251	0.0008383482811
56252	0.0001720505674
56253	0.0002417505384
56254	0.0005750448391
56255	0.0005325758942
56256	0.001225157877
56257	0.0001828229597
56258	0.0002057367994
56259	0.003026265849
56260	0.002007410437
56261	0.003071524557
56262	0.001205619319
56263	0.002790880205
56264	2.957984265e-05
56265	0.001625891578
56266	0.003284323759
56267	0.00386551487
56268	0.0004684327439
56269	0.0003582337562
56270	0.0003193461754
56271	0.0008885977071
56272	0.001289588424
56273	0.0001747959627
56274	0.0002004646659
56275	0.0001290706207
56276	0.0009055058384
56277	0.004075963718
56278	0.0004737326729
56279	0.003436427586
56280	0.004496193823
56281	0.002831610956
56282	0.0007790739089
56283	0.001434421335
56284	0.0005660883961
56285	0.0008181662442
56286	0.0003947167214
56287	8.176164061e-05
56288	0.000262528057
56289	0.001816819619
56290	0.0009964383712
56291	0.002453196499
56292	0.003122508959
56293	0.002046103044
56294	0.003963687704
56295	0.0002082196866
56296	0.001139778087
56297	0.0006079268097
56298	0.002019206696
56299	0.001339439836
56300	0.0009477928695
56301	0.0005129516094
56302	0.002393612715
56303	0.0009040307304
56304	4.621486687e-05
56305	0.0003272932145
56306	0.0006732990294
56307	0.001302619169
56308	0.001443030808
56309	0.001013887459
56310	0.004229281201
56311	0.001041041221
56312	0.0004343074974
56313	0.000615683642
56314	0.0004466702565
56315	0.000149866168
56316	0.001184460127
56317	0.0009930748202
56318	0.0002620138912
56319	0.001453882039
56320	0.000691551501
56321	0.002641793791
56322	0.001713836861
56323	0.0003122864796
56324	0.0001610129606
56325	0.00512814459
56326	0.004358410874
56327	0.004227179259
56328	0.005884632298
56329	0.004884199355
56330	0.006267493412
56331	0.000721729644
56332	0.0004062658091
56333	0.003759580649
56334	0.002623405217
56335	0.001468357224
56336	0.0002111121817
56337	0.001405283385
56338	0.001307486483
56339	0.006092834266
56340	0.00333467966
56341	0.00162209134
56342	0.0003428961654
56343	0.001701338809
56344	0.001060400275
56345	0.002414667146
56346	0.003130581773
56347	0.004424618483
56348	0.001384707235
56349	0.002675327014
56350	0.0002426765167
56351	0.001644273337
56352	0.006934748675
56353	0.0005143033128
56354	0.001729400247
56355	0.003316572341
56356	0.001281741445
56357	0.0006898756076
56358	0.0004349557328
56359	0.005384615383
56360	0.004404325987
56361	0.002719848971
56362	0.0003875092307
56363	0.002510070328
56364	0.001035622235
56365	0.001612849304
56366	0.0005197578308
56367	0.0005374679465
56368	0.001165045714
56369	0.003558572016
56370	0.0001237555875
56371	0.002365668515
56372	0.005728286442
56373	0.004592384448
56374	0.0006946167056
56375	2.255259382e-05
56376	0.000296326424
56377	0.0003260398757
56378	0.0003401802326
56379	0.002811830459
56380	0.002191826255
56381	0.003307745698
56382	0.00222185444
56383	0.0006198959725
56384	0.003213205714
56385	0.001293691111
56386	9.423461088e-05
56387	0.003106366884
56388	0.0007176861493
56389	0.0002815682447
56390	4.304745967e-05
56391	2.275083912e-05
56392	0.001761497086
56393	0.0001144266785
56394	0.0001680650862
56395	0.000430203209
56396	0.002988706622
56397	0.001855115293
56398	0.004238604048
56399	0.002341700237
56400	0.001992941544
56401	0.0008695069004
56402	0.005029783408
56403	0.002368201979
56404	0.00350325959
56405	0.002847295719
56406	0.002355480421
56407	0.001201449642
56408	0.001652169185
56409	0.003564932664
56410	0.001290996476
56411	0.002206274851
56412	0.001454200973
56413	0.001511356612
56414	0.004381020825
56415	1.059267753e-05
56416	0.0003294073924
56417	0.00379010326
56418	0.0004533775071
56419	0.002481099641
56420	0.0007432028985
56421	0.002362900778
56422	0.00403224723
56423	0.001597787432
56424	0.0007344391629
56425	0.001989162497
56426	5.280093214e-05
56427	0.002131227259
56428	0.0008968998572
56429	0.0007187045841
56430	0.001376843104
56431	0.00499156478
56432	0.001466515641
56433	0.004982404932
56434	0.00288237806
56435	0.005435411929
56436	0.003824905335
56437	0.003965673603
56438	0.003648269319
56439	0.001170021799
56440	0.005918758035
56441	0.0003826622221
56442	0.004356229154
56443	0.0004716852485
56444	0.0009176115008
56445	0.001504984213
56446	0.001858084199
56447	0.001283543414
56448	0.001135126142
56449	0.004300315732
56450	0.002856766204
56451	0.004461716334
56452	0.0004842517477
56453	0.002751121046
56454	0.004917174027
56455	0.00264792015
56456	0.0001535336773
56457	0.005492305746
56458	0.0002861597006
56459	0.002519947337
56460	0.005663709204
56461	0.001504352933
56462	0.002815315381
56463	0.0006289085085
56464	0.002766475015
56465	0.002045618803
56466	0.002335188074
56467	0.002378478747
56468	0.002144817841
56469	0.003301687185
56470	0.0002969110251
56471	0.003645898308
56472	0.001197299182
56473	0.007532769872
56474	0.001477507518
56475	0.005802229665
56476	0.001352027218
56477	0.004883003794
56478	0.0002711184269
56479	0.0001232183938
56480	0.00440872734
56481	0.00412260093
56482	0.0003946590159
56483	0.0004132883818
56484	0.003414578012
56485	0.0005367072408
56486	0.00165956062
56487	0.002590813074
56488	0.001596215225
56489	0.00479100557
56490	0.001961210878
56491	0.0009146303228
56492	0.003195928094
56493	0.0001675961634
56494	0.0005928930286
56495	0.002189218034
56496	0.0006380614338
56497	0.002217419594
56498	0.0005652227707
56499	0.0002881382712
56500	0.00291918689
56501	5.092679593e-05
56502	0.0003128933837
56503	0.001773522626
56504	0.002644269953
56505	0.002996884773
56506	0.003465472069
56507	0.0002849810532
56508	0.0006335399981
56509	0.0003441231774
56510	0.002971923005
56511	0.0003731326317
56512	0.004274103806
56513	0.002757029699
56514	0.0007903592293
56515	0.0009689947758
56516	0.001977207523
56517	0.0003888046953
56518	0.004312183963
56519	0.0007380849818
56520	0.00586781328
56521	0.001320824094
56522	0.0018554678
56523	0.002210017041
56524	0.004070020624
56525	0.007682760563
56526	0.001361632225
56527	0.001944974543
56528	0.003774861132
56529	0.0006375292579
56530	0.00204963098
56531	0.001288413236
56532	0.00768737734
56533	0.002356104172
56534	0.002588700211
56535	5.489801434e-05
56536	0.001755266996
56537	0.0001266997013
56538	0.0006738387776
56539	0.0006091801868
56540	0.0008077992201
56541	0.004076370185
56542	0.0001274895258
56543	0.000369977343
56544	0.005661346155
56545	0.006769258823
56546	0.002009530817
56547	0.0009923326142
56548	0.005690728002
56549	8.531017875e-06
56550	0.001641928709
56551	0.001750630606
56552	0.0006156559691
56553	0.002436245613
56554	0.0003532960128
56555	0.001011951268
56556	0.0008665896488
56557	0.0006828435459
56558	0.0004527043456
56559	0.003241127063
56560	0.001206504067
56561	0.002731316769
56562	0.001631258957
56563	0.001279177847
56564	0.003371532535
56565	0.004390956219
56566	0.00123197416
56567	0.004686156976
56568	0.003828410432
56569	0.0008257720992
56570	0.0003534852956
56571	3.888647029e-05
56572	0.0001742528149
56573	0.0008814059377
56574	0.001023769594
56575	0.003065527804
56576	0.003273619629
56577	0.001948495002
56578	0.0006275606907
56579	0.006773315973
56580	0.001818500016
56581	0.003127854218
56582	0.0008068378598
56583	0.001566790801
56584	0.003933125011
56585	0.0005501055552
56586	0.001102331376
56587	0.0005900435748
56588	0.001350003582
56589	0.0002050286513
56590	0.0008610121785
56591	0.0003446609459
56592	0.0001075304268
56593	2.69931543e-05
56594	7.411496998e-05
56595	0.0004120477828
56596	0.0004002608809
56597	0.0002275680633
56598	0.002541052737
56599	0.001163350457
56600	0.001276880474
56601	0.003549242192
56602	0.0002104728079
56603	0.004394663001
56604	0.001693203098
56605	0.0002388068236
56606	9.204624532e-05
56607	0.002074107169
56608	2.370654196e-05
56609	0.0008806787275
56610	0.0006259841471
56611	0.0003673593129
56612	0.0004790862103
56613	0.0009383665387
56614	0.003281738368
56615	0.00318297021
56616	0.002969981654
56617	0.0003985439125
56618	0.0008700796331
56619	0.002233541089
56620	0.001307034727
56621	0.002875478871
56622	0.001635014199
56623	0.002229807554
56624	0.001987388907
56625	0.0009950194457
56626	0.009553136111
56627	0.006623322417
56628	0.002864336253
56629	0.0008459558458
56630	0.0002866275075
56631	0.002530215701
56632	5.143066874e-05
56633	0.001291433775
56634	0.003749131844
56635	0.001506625493
56636	0.001311354284
56637	0.005382488331
56638	6.497825727e-05
56639	0.001464466289
56640	0.00155308424
56641	0.0008071330824
56642	0.002387186535
56643	0.0007170878502
56644	0.00227320011
56645	0.002921792063
56646	3.092156596e-05
56647	0.005980578691
56648	0.003144895574
56649	0.003106921582
56650	0.001901235877
56651	0.0005357581277
56652	0.002104660185
56653	0.0009039369192
56654	0.0005939436407
56655	0.003404821241
56656	0.001223967601
56657	0.001146687049
56658	0.003883360387
56659	0.0006918734534
56660	0.004429294823
56661	0.005461944238
56662	0.004455020224
56663	0.003014339556
56664	0.0002621357606
56665	0.003069584113
56666	0.0002515886575
56667	0.002920929601
56668	0.000418369416
56669	0.003078719219
56670	0.001910443852
56671	0.001871351259
56672	0.0003401506842
56673	0.0009917542213
56674	0.001963735009
56675	0.002224856195
56676	0.0020249142
56677	0.001587011937
56678	0.002431318846
56679	0.001616418262
56680	0.0008865527471
56681	0.0004980866958
56682	0.0008796346434
56683	0.003426538995
56684	0.004253131855
56685	0.001333922525
56686	0.002171387743
56687	0.004620627702
56688	0.001928655131
56689	0.002791000467
56690	0.0002457000331
56691	0.0003859220131
56692	0.003386078135
56693	1.018513363e-05
56694	0.003050980388
56695	0.004198147318
56696	0.003389456946
56697	0.005870674258
56698	0.000656024561
56699	0.0005674979643
56700	0.008643660613
56701	0.001730385461
56702	0.004252117397
56703	0.001484016157
56704	0.002532330019
56705	0.0004502889637
56706	0.0002175397826
56707	0.001485646742
56708	0.003645273278
56709	0.00029831335
56710	0.0001103862826
56711	0.001024138945
56712	0.001368312494
56713	0.0007540715452
56714	0.001684539393
56715	0.002532031027
56716	0.001539497062
56717	0.002286556272
56718	0.0005089848457
56719	0.0007415066751
56720	0.002345917944
56721	0.002362864763
56722	0.0008230628561
56723	0.001638697012
56724	0.004135554987
56725	0.002540308448
56726	0.001271629901
56727	0.002161085551
56728	0.004133890588
56729	0.007434374262
56730	0.003434068365
56731	2.141367195e-05
56732	0.0004695810531
56733	0.00482189076
56734	0.003238687237
56735	0.00287516298
56736	0.004247766306
56737	0.002381313706
56738	0.003160886765
56739	0.003053370294
56740	0.001965903263
56741	0.006854257251
56742	0.00367358204
56743	0.0004336295991
56744	0.00340360373
56745	0.004554253673
56746	0.001291781642
56747	0.000658507716
56748	0.003068097748
56749	0.0005653193007
56750	0.002023498659
56751	0.0006160545173
56752	0.001009484455
56753	0.0005508752237
56754	0.003886385492
56755	0.0009075497317
56756	0.001701288639
56757	0.004271365285
56758	0.001196724856
56759	0.001245705549
56760	0.003650878369
56761	0.002013903057
56762	0.006409240327
56763	0.001330838287
56764	0.0009842592511
56765	0.0001769539312
56766	0.001045853731
56767	0.002004246805
56768	0.001770261251
56769	0.002707095003
56770	0.004461267957
56771	0.002233215869
56772	0.001428846854
56773	0.003328313902
56774	0.001017171996
56775	0.0004752366385
56776	0.001585508369
56777	0.0002109293547
56778	0.004144568212
56779	0.0009871891522
56780	0.001139142832
56781	9.573041225e-05
56782	0.004236183739
56783	0.0006380840535
56784	0.00180537765
56785	0.0001329032014
56786	0.001901923104
56787	0.001922856594
56788	0.004925999219
56789	0.0008510199807
56790	0.001155840893
56791	0.003481759324
56792	0.001762683377
56793	0.0003565735927
56794	0.002128205269
56795	0.006145402871
56796	0.0002141762017
56797	0.00289378949
56798	0.0006160781335
56799	0.00223990601
56800	0.005280357614
56801	0.003580693094
56802	0.001080185868
56803	0.004544036278
56804	0.007215504263
56805	0.004723113397
56806	0.00244739368
56807	0.003542829131
56808	0.001422229546
56809	0.0006284076914
56810	0.002485769428
56811	0.003881991369
56812	0.002662591877
56813	0.008089860426
56814	0.002820031634
56815	0.007159880562
56816	0.002764203766
56817	0.000438551229
56818	0.0007530373679
56819	0.001279416185
56820	0.003498348051
56821	0.004962845071
56822	0.00112385006
56823	0.002631732071
56824	0.002306108427
56825	3.57045938e-05
56826	0.0007357095919
56827	0.003158712366
56828	0.002132246664
56829	0.0003608073027
56830	0.001239743269
56831	0.003892037193
56832	7.273073844e-05
56833	0.002968246306
56834	0.001289837475
56835	0.009948807109
56836	0.0003921505239
56837	0.001295275499
56838	0.001949370707
56839	0.001980770153
56840	0.004042718182
56841	0.001010000647
56842	0.001046184531
56843	0.005796621512
56844	0.001268572989
56845	0.0003119964339
56846	0.002307810978
56847	0.007662316773
56848	0.0004691778824
56849	0.002011220938
56850	0.0004739086315
56851	0.003402124878
56852	0.0005495994129
56853	0.0002988835702
56854	0.003272272058
56855	0.002922420219
56856	0.00200606777
56857	0.0006985490196
56858	0.001967260692
56859	0.001472771682
56860	0.001165706445
56861	0.005283805751
56862	0.001477900509
56863	0.003258997274
56864	0.002067317802
56865	0.001377315734
56866	0.001641376772
56867	0.002144728362
56868	0.005283099824
56869	0.0005377825571
56870	0.0008859436005
56871	0.0003704440385
56872	0.001834726041
56873	0.001716043084
56874	0.003508335531
56875	0.0001964109172
56876	0.004579306668
56877	0.00108078748
56878	0.0004010601026
56879	0.002536005221
56880	0.001742086384
56881	0.009472815803
56882	0.0005761331576
56883	0.01077184623
56884	0.004466758886
56885	0.001658145327
56886	0.0008528969939
56887	0.005683683189
56888	7.980778152e-05
56889	0.0006920811965
56890	0.0054852916
56891	0.0009142296786
56892	0.0003872341896
56893	0.002529194197
56894	0.002524389298
56895	0.004083929164
56896	0.002522195302
56897	0.00367560355
56898	0.0007413863862
56899	0.0009606986899
56900	0.001128416102
56901	0.004957531324
56902	0.0002965597344
56903	0.001233675098
56904	0.003571520016
56905	0.007547913055
56906	0.0005135677282
56907	0.0009412303727
56908	0.002226945098
56909	0.003651260093
56910	0.0002588698755
56911	0.0007839783669
56912	0.0008267884839
56913	0.0002195140259
56914	0.001599456995
56915	0.001049776092
56916	0.0006365832409
56917	0.001320254157
56918	0.0006166617804
56919	0.002570222402
56920	0.002527403976
56921	0.00345044397
56922	0.00153623297
56923	0.002413287242
56924	0.0007470651465
56925	0.003675461031
56926	0.002706711496
56927	0.002502271754
56928	5.330943153e-05
56929	0.0007927225392
56930	0.0008781071479
56931	0.001276595053
56932	0.00320737514
56933	0.005531923436
56934	0.001766545266
56935	0.004747870024
56936	0.00633583981
56937	0.001495228796
56938	0.001766294553
56939	0.001767375847
56940	0.005841182926
56941	0.003223201453
56942	0.006640997864
56943	0.002455031073
56944	0.004561991515
56945	0.003028145331
56946	0.002604769591
56947	0.000917000518
56948	0.0009004357908
56949	0.004389951075
56950	6.453292192e-06
56951	7.582838448e-05
56952	0.003780596232
56953	0.000390460417
56954	0.001754777481
56955	0.0004565636905
56956	0.00315648282
56957	0.0007720821754
56958	0.001262082359
56959	0.0001529768951
56960	0.0004214447545
56961	0.002699557001
56962	0.005671605146
56963	0.003836391047
56964	0.006921935483
56965	0.003074067409
56966	0.001229951943
56967	0.006238798149
56968	0.0003909348768
56969	0.0006458394249
56970	0.004202360464
56971	0.0001689582666
56972	0.001004839465
56973	0.001769575249
56974	0.00628645104
56975	0.001907027254
56976	0.004531566845
56977	0.003755991153
56978	0.004172164814
56979	0.003226133784
56980	0.0008342416969
56981	0.005298852357
56982	0.0004876809623
56983	0.002825911823
56984	0.002389189997
56985	0.002560988912
56986	0.0002757864872
56987	0.0007466556598
56988	0.00146448432
56989	0.001341136195
56990	0.000181495057
56991	0.0006374142818
56992	0.0008170048491
56993	0.0001591784135
56994	0.0001296494046
56995	0.002623204468
56996	0.006574572335
56997	0.001297623237
56998	0.001145870109
56999	0.005193386707
57000	0.005776520787
57001	0.002512820033
57002	0.001082513783
57003	0.002753119919
57004	0.001066809328
57005	0.003757353012
57006	0.003067701007
57007	0.008439008416
57008	0.004487239738
57009	0.003884661349
57010	0.004836543563
57011	0.001365405131
57012	0.002772531165
57013	0.00483694615
57014	0.001639445018
57015	0.001441884723
57016	0.003056473798
57017	0.00648407932
57018	7.414577951e-05
57019	0.001429303635
57020	0.0008739837768
57021	0.0008302801501
57022	0.001626473391
57023	0.003142320746
57024	0.0003668663964
57025	0.0004856621113
57026	0.001371095686
57027	0.0006924817338
57028	0.001205494898
57029	0.001530728337
57030	0.004590717135
57031	0.001961123703
57032	0.001836450591
57033	0.002145507044
57034	0.001034497937
57035	0.0003370697589
57036	0.0003557888096
57037	0.002652338651
57038	0.006379492695
57039	0.0006882316708
57040	0.005852434939
57041	0.004496175433
57042	0.001309688264
57043	0.001212789331
57044	0.0007133268576
57045	0.0004248286583
57046	0.002279071368
57047	0.001562715228
57048	0.001921452867
57049	0.001310650442
57050	0.001401549666
57051	0.004114943437
57052	0.004363090377
57053	0.0009517774076
57054	0.001820442453
57055	0.007268350965
57056	0.001551492126
57057	0.0006031253745
57058	0.001657987212
57059	6.346790483e-05
57060	8.438526855e-05
57061	0.0006592202683
57062	0.0001327098046
57063	0.0005707134177
57064	0.0001948383103
57065	0.003134687389
57066	0.0008645284695
57067	0.0008470074513
57068	0.00273026622
57069	0.006445222051
57070	0.007710423585
57071	0.0004921895633
57072	0.003981476906
57073	0.001479904465
57074	0.00165088959
57075	0.00366666536
57076	0.004404528968
57077	0.0004848502538
57078	0.0008068880412
57079	0.003730584049
57080	0.0009763158957
57081	0.0002956541185
57082	0.0005504573785
57083	0.008200939506
57084	0.002311769377
57085	0.002822541578
57086	0.001208060316
57087	0.0009244662445
57088	0.006284951122
57089	0.003869825157
57090	0.0006517861237
57091	0.00279281073
57092	0.0004885263693
57093	0.0006299310134
57094	0.0008751814854
57095	0.004400752896
57096	0.0007106930355
57097	0.0001882968504
57098	0.0006158897157
57099	0.0009928930848
57100	0.001971096172
57101	0
57102	0.0007798996558
57103	0.0003353417966
57104	0.003928067528
57105	0
57106	0.002826672524
57107	0.0004161799677
57108	0.006442968974
57109	0.002571833131
57110	0.001129983552
57111	0.002310597058
57112	0.0001417666237
57113	0.002288219558
57114	0.001685426586
57115	0.0001223102827
57116	0.002420673506
57117	0.003625525105
57118	0.003078405505
57119	0.002659348207
57120	0.00104538738
57121	0.002687554492
57122	0.0009344647963
57123	0.001863524853
57124	0.006205458589
57125	0.00292957146
57126	0.002125739307
57127	0.003472464091
57128	0.007293518074
57129	0.003975179048
57130	0.001055746118
57131	0.002103709929
57132	0.003032776615
57133	0.002031374327
57134	0.003544797809
57135	0.001512553481
57136	0.000327160774
57137	0.0036560304
57138	0.001485474013
57139	0.0007018075219
57140	0.001359636391
57141	0.003743467533
57142	0.003289647318
57143	0.00665028368
57144	0.002141010438
57145	0.002851533457
57146	0.0008274689835
57147	0.0005662112792
57148	0.0005059773933
57149	0.001465599076
57150	0.003460362466
57151	0.004723602463
57152	0.004770923613
57153	0.0002617021066
57154	0.003729913294
57155	0.005244575349
57156	0.001384878543
57157	0.002680925418
57158	0.0001186398454
57159	0.004508527217
57160	0.0008971183922
57161	0.002281258957
57162	0.001020432242
57163	0.004266835519
57164	0.0003581923408
57165	0.000428909673
57166	0.003973641361
57167	4.479037475e-05
57168	0.0004589059779
57169	0.0009513762983
57170	0.001290485714
57171	0.003250585872
57172	0.003046723928
57173	0.0004950605606
57174	0.0009779737493
57175	0.004359525672
57176	0.002947342483
57177	0.0003415650333
57178	0.007754499188
57179	0.001635989527
57180	0.001901390246
57181	0.001140230338
57182	0.002268564105
57183	0.003363742391
57184	0.0009070492012
57185	0.0007372442861
57186	0.001164134398
57187	0.0004470747203
57188	0.006648299877
57189	0.002210216967
57190	0.003284139451
57191	0.004354196385
57192	0.002995960718
57193	0.001535538316
57194	0.002112484845
57195	0.002234562279
57196	0.0009959092945
57197	0.002666883212
57198	0.001146449137
57199	0.0001144210526
57200	0.003257505
57201	0.002377158132
57202	0.001146260329
57203	0.002455761258
57204	0.001615203481
57205	7.33858768e-05
57206	0.000142349472
57207	0.001199727815
57208	0.0003265450479
57209	0.005250210496
57210	0.002433203658
57211	0.004525843734
57212	0.003295887055
57213	0.001564342375
57214	0.001390283441
57215	0.0001485286918
57216	0.004333465337
57217	0.001188603116
57218	0.001863364669
57219	0.0001729004189
57220	0.003679353638
57221	0.003247198404
57222	0.00387848031
57223	0.001363572023
57224	0.0004894578661
57225	0.001790248555
57226	0.001047226926
57227	0.004429705295
57228	1.564006328e-05
57229	0.002154449321
57230	2.24056354e-05
57231	0.004993702406
57232	0.001887769756
57233	0.00512897038
57234	0.003232616326
57235	0.002150317171
57236	0.006342731063
57237	0.0005087506683
57238	0.002090969091
57239	0.0004298191092
57240	0.001897757627
57241	8.66755851e-05
57242	0.002657027106
57243	0.002278608324
57244	0.00117527272
57245	0.007377624247
57246	0.0004172587002
57247	0.0007955072313
57248	0.006417415723
57249	0.0005220765341
57250	0.001763219718
57251	0.006018868932
57252	0.002755248373
57253	0.002306614017
57254	0.001578268517
57255	0.004938166149
57256	0.001125819354
57257	0.001013656815
57258	0.001143944467
57259	0.001003763241
57260	0.002512243281
57261	3.142907264e-05
57262	0.006000598911
57263	0.008850178154
57264	0.001895893732
57265	0.001844284559
57266	0.001365078388
57267	0.0002205491427
57268	0.0006398764406
57269	0.0001062804294
57270	0.001090894716
57271	0.002249088861
57272	0.004562548793
57273	0.0006558459675
57274	0.008677290714
57275	0.001621129478
57276	0.0002234639637
57277	0.001832740787
57278	0.0006266526189
57279	0.003092931534
57280	0.0006842562036
57281	0.007639037168
57282	0.0006732471343
57283	0.001516890301
57284	0.001184365172
57285	5.842373276e-06
57286	0.005548753354
57287	0.0005968657403
57288	0.001394643305
57289	0.0003297301027
57290	0.001789510435
57291	0.0001846014625
57292	0.005833563258
57293	0.001930913278
57294	0.005267376041
57295	0.002574837516
57296	0.0001934124622
57297	0.002651246156
57298	0.001831716577
57299	0.0006063724623
57300	0.003619338006
57301	0.001535750878
57302	0.001651109314
57303	0.000608158769
57304	0.001882872738
57305	0.002876373849
57306	0.002163990449
57307	0.002023972424
57308	0.0036341272
57309	0.002690620951
57310	0.001762525855
57311	0.002586262912
57312	0.004121059371
57313	0.003711154086
57314	0.0001421676596
57315	0.002172851869
57316	0.001500526402
57317	0.004716960867
57318	0.0003963842504
57319	0.005290146487
57320	0.003077875505
57321	0.003141525033
57322	0.0005168918203
57323	0.0006406423487
57324	0.00561249668
57325	0.000471549004
57326	0.003155957254
57327	0.0006073891052
57328	0.001347229348
57329	0.001681664183
57330	0.004731781959
57331	0.00127829652
57332	0.0009066752235
57333	0.0004192218626
57334	0.0001482310108
57335	0.008432796681
57336	0.00425152644
57337	0.005396158385
57338	0.002680003368
57339	0.002076947922
57340	0.001695554164
57341	0.001980451901
57342	0.001664809028
57343	0.0006160579313
57344	0.001633112844
57345	1.440042531e-05
57346	0.005796433811
57347	0.001927909969
57348	0.000469920522
57349	0.002463703008
57350	0.005206741142
57351	0.002505499618
57352	6.082454965e-05
57353	0.001057890123
57354	0.006706290596
57355	0.001300288036
57356	0.002891564738
57357	0.0055776833
57358	2.903771184e-05
57359	0.007911127794
57360	0.008229667401
57361	0.003571030004
57362	0.005856984661
57363	0.0001702058583
57364	0.001102142808
57365	0.004528937451
57366	0.005107688382
57367	0.006172281647
57368	0.003249956745
57369	0.003895822991
57370	0.007244011444
57371	0.001657778221
57372	0.0009620187797
57373	0.001436796538
57374	0.003163214473
57375	0
57376	0.0003685206786
57377	0.0007588998504
57378	0.0005119412699
57379	0.003626135575
57380	0.001169250206
57381	0.005205444972
57382	0.0001326557563
57383	0.0003204563393
57384	0.002475937511
57385	0.0001307774892
57386	0.005432696664
57387	0.002285772016
57388	0.006464249287
57389	0.00435508221
57390	0.004014014466
57391	5.564865959e-05
57392	0.003975619319
57393	0.0004262893557
57394	0.0005042728954
57395	1.44333525e-05
57396	0.0008413476312
57397	0.0001536633067
57398	0.003546799073
57399	0.003271409229
57400	0.005501382383
57401	0.001023724899
57402	0.001010680468
57403	0.001228864363
57404	0.0009573586189
57405	0.0006574414921
57406	0.0001681556106
57407	0.001290117386
57408	0.0006312425752
57409	0.002792425631
57410	0.002457962175
57411	0.002459149338
57412	0.001227433055
57413	0.0002004721454
57414	0.005660595167
57415	0.0006979492331
57416	0.004985251974
57417	0.001150327963
57418	0.004867295434
57419	0.0002782742616
57420	0.002267620479
57421	0.002574939192
57422	0.0009155240566
57423	0.0006072470542
57424	0.0008007786671
57425	0.0007436808997
57426	0.003721032909
57427	0.001748712483
57428	0.0001536633067
57429	0.002692313409
57430	0.008842215052
57431	0.00448906467
57432	0.003112455667
57433	0.001616639603
57434	0.003970412629
57435	0.002372252662
57436	0.004621414932
57437	0.0001394108574
57438	0.001021285014
57439	0.003294785165
57440	0.0003972582055
57441	0.002917188445
57442	0.0003528098545
57443	9.843620386e-05
57444	0.003182370419
57445	0.0003475458638
57446	0.001544879016
57447	0.00253127803
57448	0.0002007849886
57449	0.002436292402
57450	0.0005649413243
57451	0.001567954308
57452	0.001666909542
57453	0.002659973436
57454	0.0005471841555
57455	0.003096406761
57456	0.006058366158
57457	0.001414855117
57458	0.002318772823
57459	9.337330689e-05
57460	0.005923492402
57461	0.000605037343
57462	0.003371842699
57463	0.002273964888
57464	0.001916308109
57465	0.0006488397793
57466	0.00654148428
57467	0.002398793968
57468	0.0002569743436
57469	0.004771891217
57470	0.002352449754
57471	0.001712286469
57472	0.0003327607994
57473	0.002925670442
57474	0.0007539015953
57475	0.006758735051
57476	0.002190215842
57477	0.0006267837443
57478	0.0006699103841
57479	0.006049322753
57480	0.00296686958
57481	0.001198824316
57482	0.001368851891
57483	0.0009735448803
57484	0.002314626713
57485	0.003458321425
57486	0.0001861865444
57487	0.001659327593
57488	0.003468118185
57489	0.0007624277001
57490	0.005096563007
57491	0.001373349071
57492	0.002120798368
57493	0.003312912254
57494	0.0008571818885
57495	0.0003319100946
57496	0.002284678463
57497	0.0002097946408
57498	0.002132025745
57499	0.003852584153
57500	0.005207178766
57501	0.002017579829
57502	0.0006519786766
57503	0.00107385453
57504	0.00146702534
57505	0.0003343464661
57506	3.966408178e-05
57507	0.003612326676
57508	0.003123589806
57509	2.799838099e-05
57510	0.002642738552
57511	0.001700258287
57512	0.004079917332
57513	0.001086199658
57514	0.0008344270397
57515	0.003971370445
57516	0.001116967532
57517	0.001899298282
57518	0.0004996556788
57519	0.000651046416
57520	0.000534460055
57521	0.005058223078
57522	1.178775651e-05
57523	0.0008772167974
57524	0.002773080705
57525	0.004014714107
57526	0.0009955759308
57527	0.001477981898
57528	0.0004030701737
57529	0.003318766271
57530	0.002315083981
57531	0.005518127884
57532	0.00863717002
57533	0.003805360591
57534	0.00273171617
57535	0.0005829534842
57536	0.001406839338
57537	0.0002225921198
57538	0.003245561371
57539	0.000449328142
57540	0.001882629124
57541	0.002592385817
57542	0.001290404601
57543	0.0001734092769
57544	0.003695103258
57545	0.0008110470934
57546	0.0009713315028
57547	0.0008960117749
57548	0.002868940546
57549	1.516323328e-05
57550	0.00423588082
57551	0.001532816846
57552	0.002086923235
57553	0.003880651823
57554	0.002793668882
57555	0.002804481809
57556	0.005503256126
57557	0.0005053699592
57558	0.003251001872
57559	0.00239584447
57560	0.009160499616
57561	0.004671102683
57562	0.001371468291
57563	7.331139299e-05
57564	0.0002399843304
57565	0.001698779986
57566	0.001412977205
57567	0.001593005849
57568	0.0009557031468
57569	0.001137736668
57570	0.004660699021
57571	0.002777228351
57572	0.0003830250705
57573	0.00033112884
57574	0.003529412034
57575	0.006490791739
57576	0.0007582964893
57577	0.007433021475
57578	0.001486064728
57579	0.003298590243
57580	0.002661915288
57581	0.002367138798
57582	0.0001621485002
57583	0.002823324533
57584	0.0023967469
57585	0.001361665314
57586	0.002657610583
57587	0.0004399898734
57588	0.002506859418
57589	0.003064605481
57590	0.003571410717
57591	0.00208812746
57592	0.0004368099603
57593	0.001181791529
57594	0.004747445583
57595	0.0005293890227
57596	0.001027550129
57597	0.002908446024
57598	0.003562638701
57599	0.003833317914
57600	0.005374980154
57601	0.0001193312384
57602	0.000844159218
57603	0.0002671502802
57604	0.004012972488
57605	0.001084758047
57606	0.002073333977
57607	0.001101387333
57608	0.004191348625
57609	0.002380070812
57610	0.002123158078
57611	0.001411258276
57612	0.0005110870975
57613	0.0001922053587
57614	0.001912315246
57615	0.002486895721
57616	5.951689866e-05
57617	0.00199393391
57618	0.001477494039
57619	0.0009065947042
57620	0.0001255484596
57621	0.0002201615204
57622	0.007595327129
57623	0.005152791461
57624	0.001593752505
57625	0.0006924091483
57626	0.00401142495
57627	0.0003508426381
57628	0.01209179141
57629	0.0006352948282
57630	0.003316020912
57631	0.00630372448
57632	0.0003281235433
57633	0.003093034644
57634	0.001217956646
57635	0.002847448902
57636	0.002579052864
57637	0.001853797787
57638	0.001513204149
57639	1.943433306e-05
57640	0.000838314433
57641	0.001959560875
57642	0.002367797441
57643	0.0005243971665
57644	0.003582327613
57645	0.004164261502
57646	0.004653879428
57647	0.002368390988
57648	0.002888873207
57649	0.002594322925
57650	0.0008142582033
57651	0.00121669634
57652	0.003310721312
57653	0.004795851222
57654	0.0002374098846
57655	0.0002132723609
57656	0.0008173817698
57657	0.0002736919247
57658	0.0009059428168
57659	6.34161741e-05
57660	0.001130322896
57661	0.001234720688
57662	0.003419268723
57663	0.003817218705
57664	0.003572268324
57665	0.002139331642
57666	0.002494574878
57667	0.001625467706
57668	0.0003160046118
57669	0.002395626605
57670	0.001605716898
57671	0.0003063800639
57672	0.001830755575
57673	0.0009981546985
57674	0.005263098499
57675	0.002089144
57676	0.0008944905423
57677	0.001072008328
57678	0.0004522135895
57679	0.0006633660413
57680	0.0008993507307
57681	0.002172030842
57682	0.000635290585
57683	0.0006493913591
57684	0.0001628788456
57685	0.002977517462
57686	0.002771907732
57687	0.002869474648
57688	0.002598027196
57689	0.0004912131287
57690	0.0005155940568
57691	0.00191640514
57692	0.0004190726701
57693	0.0004649946157
57694	0.001148186678
57695	0.002828781143
57696	0.003341973271
57697	0.002737075912
57698	0.001177401395
57699	0.001005182612
57700	0.001692171598
57701	0.006402167798
57702	0.005740841817
57703	0.003381326225
57704	0.0009173947111
57705	0.0003689943594
57706	0.001673547806
57707	0.001818055372
57708	0.002045101854
57709	0.001020551987
57710	0.005952856533
57711	0.002359460679
57712	0.002634903658
57713	0.004053200123
57714	0.000367789917
57715	0.000463540793
57716	0.00480580296
57717	0.0005875211029
57718	0.00476697711
57719	0.003378027884
57720	0.0001627130196
57721	0.001595545634
57722	0.0004396779599
57723	0.000342728208
57724	0.001765409496
57725	0.008513873583
57726	0.001192362703
57727	0.0009439841133
57728	0.002431669594
57729	0.004268533956
57730	0.003278222333
57731	0.001302565907
57732	0.0038928574
57733	0.001266810209
57734	0.0002926139152
57735	0.001489528738
57736	0.003413553116
57737	0.0002953604965
57738	0.001064680561
57739	0.007299163621
57740	9.574578435e-05
57741	0.0007428192227
57742	0.001199088582
57743	0.003693860902
57744	0.001178141288
57745	0.003449676723
57746	0.00300906928
57747	0.001476392724
57748	0.004318656453
57749	0.0001181768124
57750	2.430847619e-05
57751	0.001492076264
57752	0.0001806179337
57753	3.1788073e-05
57754	0.002000277005
57755	0.001022108353
57756	0.002999282091
57757	0.0006008505237
57758	0.001542711038
57759	0.001328432365
57760	0.000341895406
57761	0.001925590891
57762	0.00185195197
57763	0.0003205312225
57764	0.005428885052
57765	0.001087711276
57766	0.00131045591
57767	0.0004346949974
57768	0.003186942
57769	0.001046609939
57770	0.00169720556
57771	0.001327634417
57772	0.003902408306
57773	0.001064145716
57774	0.005745949399
57775	0.0001577854966
57776	0.003538738024
57777	0.000393671752
57778	0.0001049724595
57779	0.006385868904
57780	0.00154367209
57781	0.006426933414
57782	0.0002108835376
57783	8.134070952e-05
57784	0.0001415098091
57785	0.00031184136
57786	0.003831544094
57787	0.001005931462
57788	0.001627392959
57789	0.004711020449
57790	0.0005630209334
57791	0.001609010317
57792	0.004668145247
57793	0.002381415024
57794	4.391392506e-05
57795	0.004048136262
57796	0.004508540415
57797	0.00386737015
57798	0.002181418454
57799	0.00338489836
57800	0.003358275397
57801	1.602785916e-05
57802	0.0009098515573
57803	0.005294046342
57804	0.001873705495
57805	0.003132767312
57806	0.001713165764
57807	0.002107302913
57808	0.004404426395
57809	0.00325113505
57810	0.001000318702
57811	0.002716274337
57812	0.003529454293
57813	0.0028709119
57814	0.0002399957927
57815	0.006036785118
57816	0.0042015984
57817	0.0008194981221
57818	0.004015893889
57819	0.003897430821
57820	0.0006008540585
57821	0.002506422754
57822	0.0001227162552
57823	0.001217463869
57824	0.001782996756
57825	9.21616491e-05
57826	0.001244235354
57827	0.0006110533374
57828	0.0003485573766
57829	0.0007100798757
57830	0.002188774404
57831	0.005846363168
57832	0.001454325481
57833	0.0009270496606
57834	0.001958021455
57835	0.0007306087847
57836	5.576698499e-05
57837	0.00212935073
57838	0.002586313897
57839	0.002604726089
57840	0.005121844747
57841	0.000815823
57842	0.0010576597
57843	0.003632691021
57844	0.001633509804
57845	0.001121051651
57846	0.001143494606
57847	0.0009337031543
57848	0.003333467263
57849	0.0003268326907
57850	0.004763949457
57851	0.007670842931
57852	0.001663507085
57853	0.00335973667
57854	0.001134909581
57855	0.000160892038
57856	0.00152528536
57857	0.001693748104
57858	0.0003661893538
57859	0.002257872831
57860	0.002665345971
57861	0.002594395179
57862	0.003475227932
57863	0.0004204531983
57864	0.00135469131
57865	0.0007282791658
57866	0.004721955923
57867	0.007681165686
57868	0.000518189005
57869	0.002652526037
57870	0.002659640953
57871	0.001052270802
57872	0.0002050990918
57873	0.00024448674
57874	0.00444245225
57875	0.002720882671
57876	0.000842070023
57877	0.0001522125387
57878	0.001725138481
57879	0.0009846876746
57880	0.004765502419
57881	0.003729605307
57882	0
57883	0.0006707317428
57884	0.001293515528
57885	0.001269160029
57886	0.0008023543386
57887	0.002904381718
57888	0.006714568237
57889	0.002789599726
57890	0.005215817832
57891	0.005737323564
57892	0.001676743534
57893	0.003038224835
57894	0.002907372177
57895	0.0001870191393
57896	0.004822790573
57897	0.002238895826
57898	0.003590028702
57899	0.002016663989
57900	0.006203158685
57901	0.002178843132
57902	0.001139315431
57903	0.001193691898
57904	0.004358149443
57905	0.0001186826383
57906	0.005495145723
57907	0.00205451507
57908	0.0006390816846
57909	0.0003372489887
57910	0.001069764699
57911	0.0002474287151
57912	0.0005421116833
57913	0.001429455406
57914	0.00103076603
57915	0.0008365238216
57916	0.001618903863
57917	0.002577807839
57918	0.00256374552
57919	3.363332248e-05
57920	0.005698089554
57921	0.002025215406
57922	0.002093104458
57923	0.0001692141344
57924	0.002184782207
57925	0.003506060158
57926	0.005538044383
57927	0.001138883581
57928	0.00106481581
57929	0.0001259177743
57930	0.0006972486606
57931	2.121143429e-05
57932	0.002192563503
57933	0.00123978938
57934	0.004992966031
57935	0.0006541779644
57936	0.001722464585
57937	0.002007951847
57938	9.788555757e-06
57939	0.003370338735
57940	0.002303438558
57941	0.002509461217
57942	0.0002007554984
57943	0.004981373144
57944	0.001135535085
57945	0.0008169830249
57946	0.0006165394111
57947	0.004141169125
57948	0.001630994397
57949	0.000549212523
57950	0.0002732190289
57951	0.002760141422
57952	0.0007003641698
57953	0.000478725333
57954	0.0006788757714
57955	0.001077251318
57956	0.001013390964
57957	0.001999129502
57958	0.0009803067572
57959	0.002806654229
57960	0.0009749152728
57961	0.006090099281
57962	0.004416305563
57963	0.0001724461314
57964	0.002640082728
57965	8.37753379e-05
57966	0.000833622754
57967	0.002641860261
57968	0.001933769903
57969	0.001992636456
57970	0.00168871836
57971	0.0008828269035
57972	0.004152060618
57973	0.001963623366
57974	0.002882995207
57975	0.0005147274755
57976	0.004238592294
57977	0.000331059529
57978	0.00366227473
57979	0.00361751583
57980	0.0004474809093
57981	0.0005042261175
57982	0.0008849761153
57983	0.0110867375
57984	0.003132706516
57985	0.0009819946875
57986	0.003746766977
57987	0.003220869341
57988	0.00248019445
57989	0.003278059392
57990	0.007985952384
57991	0.0003414698801
57992	0.002635435238
57993	0.003775190493
57994	0.003123638414
57995	0.001734657309
57996	0.0009809675024
57997	0.003483595768
57998	0.002139988804
57999	0.003211990399
58000	0.0001827780249
58001	0.001934016242
58002	0.0008412553704
58003	0.0009651392483
58004	0.0005207081915
58005	0.004231734796
58006	0.002918605154
58007	0.00215731401
58008	0.000874109879
58009	0.0003032327148
58010	0.0008582602452
58011	0.004423548391
58012	0.003699789504
58013	0.00131089112
58014	0.0008042949355
58015	0.001248547082
58016	0.000875754611
58017	0.002472992364
58018	0.002615853753
58019	0.002834318938
58020	0.005685615776
58021	0.0002313883812
58022	0.00301896586
58023	0.0007269758028
58024	2.739737583e-05
58025	0.0006740265618
58026	0.001146534678
58027	0.004128042721
58028	0.001459123404
58029	0.0005924405628
58030	0.003503703986
58031	0.001711072483
58032	0.003931170216
58033	0.001893819821
58034	0.0004278710956
58035	0.0006295902365
58036	0.003061318814
58037	0.001673901401
58038	0.001468743209
58039	0.003450071362
58040	0.001114955323
58041	0
58042	0.003474395055
58043	0.0004919104155
58044	0.001761751124
58045	0.001979215424
58046	0.003070298953
58047	0.006721487177
58048	0.0001594436259
58049	0.001687455756
58050	0.006131568306
58051	0.001442911202
58052	0.00209875097
58053	0.001418327716
58054	0.0009160362005
58055	0.001271011593
58056	0.003072090399
58057	0.0009746837788
58058	0.002607050952
58059	0.0003216663567
58060	0.0008363786818
58061	0.0001876893497
58062	0.001960170779
58063	0.001328813517
58064	0.0003657521881
58065	0.003853872121
58066	0.001144540661
58067	0.003487706162
58068	0.003380725414
58069	0.002181501035
58070	0.001448864559
58071	0.001825806834
58072	0.0008969634583
58073	0.001395277712
58074	0.0004596731792
58075	0.001932593027
58076	0.0004731159568
58077	0.003499837407
58078	0.005463774901
58079	0.00492744444
58080	0.002588620582
58081	0.001068788402
58082	0.0004148242919
58083	0.0009855806896
58084	0.0002505625522
58085	0.001099642907
58086	0.0002943307908
58087	0.001808585424
58088	0.0008065152483
58089	0.006145543223
58090	0.001780508003
58091	0.005092668722
58092	0.004273512959
58093	0.002817782653
58094	0.0008524021491
58095	0.001594438798
58096	0.001130361283
58097	0.002336095156
58098	0.002236306062
58099	0.003033500226
58100	0.00192408973
58101	0.001115430308
58102	0.001499031262
58103	0.001776835732
58104	0.002583362442
58105	0.004015558277
58106	0.001821998831
58107	0.006651015213
58108	0.005114651739
58109	0.002642987035
58110	0.002363465994
58111	0.0001192961487
58112	0.0008551431035
58113	0.0136955346
58114	0.001130802447
58115	0.0007886217336
58116	0.0002012648974
58117	0.001775325222
58118	0.0009572589889
58119	0.0004011415294
58120	0.00135457047
58121	0.0008261190402
58122	0.002487349978
58123	0
58124	0.00275105547
58125	0.001840168865
58126	0.001010934646
58127	0.0005069475391
58128	0.004495790274
58129	0.0004160125349
58130	0.003697825761
58131	0.0004680236333
58132	0.002259329367
58133	0.003465525563
58134	0.0001818939264
58135	0.001559752448
58136	0.00260505932
58137	0.008767834073
58138	0.001002769112
58139	0.004277110923
58140	0.004392525739
58141	0.0006141524924
58142	0
58143	0.001201595551
58144	0.001637240276
58145	0.004366535609
58146	0.0002759048069
58147	0.0002123783424
58148	0.0007690467824
58149	0.003567182878
58150	0.003408019101
58151	0.000596094918
58152	0.007178143967
58153	0.007818894101
58154	0.0001536633067
58155	0.00146678787
58156	0.003504362586
58157	0.0003655282923
58158	0.002050439298
58159	0.002497940728
58160	0.002587937181
58161	0.001738854452
58162	0.003626291592
58163	0.0004884793101
58164	0.0007998572019
58165	0.008017157334
58166	0.0003806336128
58167	0.001580109466
58168	0.000170746639
58169	0.002098082768
58170	0.002667125056
58171	0.004184239812
58172	0.005106258509
58173	0.0037237602
58174	0.007042529953
58175	0.001930751667
58176	0.001911901869
58177	0.002463001219
58178	0.003325122059
58179	0.006261611671
58180	8.046811422e-05
58181	0.002204777091
58182	0.002886423352
58183	0.003192616836
58184	0.0007861022012
58185	0.003246762408
58186	0.002095983429
58187	0.001647465658
58188	0.006092389769
58189	0.0004036662035
58190	1.110552048e-05
58191	0.0004977858721
58192	0.001760655997
58193	0.0001875574531
58194	0.003171871929
58195	0.004209012308
58196	0.0006883569938
58197	1.122429344e-05
58198	0.002000585452
58199	1.271064403e-05
58200	0.0006453033543
58201	0.00118556087
58202	0.0008318842483
58203	0.0002177567272
58204	0.003740806118
58205	0.0023038609
58206	0.008424796647
58207	0.001977909713
58208	0.00406516652
58209	0.007030596051
58210	0.002260416754
58211	0.005311691011
58212	0.001792949443
58213	0.0008207246469
58214	0.005157232732
58215	0.00399173697
58216	0.001531234333
58217	0.0007113832404
58218	0.00363484991
58219	0.002749500686
58220	0.0001002268804
58221	0.001541101881
58222	0.001043865666
58223	0.003318955685
58224	0.0003336955801
58225	0.00251087732
58226	0.004247590123
58227	0.001884513241
58228	0.001026186861
58229	0.004584034436
58230	0.002117843411
58231	0.004342567909
58232	0.00431461685
58233	0.003018530005
58234	0.002982125563
58235	0.0003379314331
58236	0.002772944201
58237	0.01016184154
58238	0.003763106946
58239	0.0004627607912
58240	0.002859836259
58241	0.00425117256
58242	0.001272553243
58243	0.001963605142
58244	0.00188898574
58245	0.001974228916
58246	0.005306679542
58247	0.00608122166
58248	0.002396746028
58249	0.001120175643
58250	0.00240992559
58251	0.0003339135033
58252	0.0006798105235
58253	3.047739357e-06
58254	0.001297156329
58255	0.008481919852
58256	0.002380210635
58257	0.0006526743532
58258	0.0006061665946
58259	0.003535501396
58260	0.001573609346
58261	0.0005316071145
58262	0.0007733673944
58263	7.921440794e-05
58264	0.001356713379
58265	0.002361894648
58266	0.0003261680649
58267	0.002937128708
58268	0.002344165905
58269	0.0001800600007
58270	0.003015443774
58271	0.004992256159
58272	0.0004769878763
58273	0.003953423869
58274	0.00228914317
58275	0.001908139604
58276	0.0008288166345
58277	0.001765702011
58278	0.002847070493
58279	0.003093448929
58280	9.262493276e-06
58281	0.001974796622
58282	0.001165597695
58283	0.001172337209
58284	0.002608266689
58285	0.001903446277
58286	0.00551366499
58287	0.005295629129
58288	0.003601639237
58289	3.66923395e-05
58290	0.0002561258791
58291	0.005088735656
58292	0.000975402702
58293	0.003342185719
58294	0.004929528553
58295	0.00212705683
58296	0.0006086396284
58297	0.0005486208099
58298	0.004061973418
58299	0.00119237035
58300	0.0005423233958
58301	0.005024431752
58302	0.001686696916
58303	0.0002930950659
58304	0.003867826638
58305	0.002916311165
58306	0.003610441102
58307	0.003073087126
58308	0.000305972396
58309	0.0001694118133
58310	0.001878982924
58311	0.001930799283
58312	0.002099747023
58313	0.001958390657
58314	0.002049329227
58315	0.0002968661402
58316	0.002124937979
58317	0.0006812742009
58318	0.001124422295
58319	0.001753713214
58320	0.004215430243
58321	0.003789600882
58322	0.001739053034
58323	0.003134663436
58324	0.002520853572
58325	0.0005624785502
58326	0.002113567443
58327	0.00936612328
58328	0.001385718079
58329	0.002590470988
58330	0.002067397799
58331	0.003088485447
58332	0.00416227814
58333	0.002978352314
58334	0.003582914635
58335	0.0006192942796
58336	0.004519114417
58337	0.003281766703
58338	0.00324558135
58339	0.0007183346582
58340	0.0004829514886
58341	0.005910956675
58342	0.002474706444
58343	0.002638570518
58344	0.001339140914
58345	0.005577292506
58346	0.001802319202
58347	0.002189836326
58348	0.003142514549
58349	5.849960348e-05
58350	0.001230991535
58351	0.00273680947
58352	0.001305188368
58353	0.002760168067
58354	0.00174828679
58355	0.006336050425
58356	0.002234736518
58357	0.0004681923105
58358	0.0006587097019
58359	0.002122539057
58360	0.0006830856727
58361	0.002002296408
58362	0.0008395808633
58363	0.002399109124
58364	0.0006857895386
58365	0.0002940238284
58366	0.003589376787
58367	0.0001466179969
58368	0.0005652795366
58369	0.0017495352
58370	0.0001536633067
58371	5.116863276e-06
58372	0.0007892004813
58373	0.001936330532
58374	0.003045587287
58375	0.003641589901
58376	0.0002448182303
58377	0.001855355178
58378	0.002602880186
58379	0.00420902631
58380	0.004175815984
58381	0.0006492071746
58382	0.003762051074
58383	0.001483078581
58384	2.021113327e-05
58385	0.001666607955
58386	0.001174241582
58387	0.001790442216
58388	0.0005204411141
58389	0.0005875282656
58390	0.007597074092
58391	0.002747311923
58392	0.001580511323
58393	0.001012323655
58394	0.0003991788203
58395	0.004257558488
58396	0.000590740088
58397	0.002006099356
58398	0.002257875466
58399	0.002934479562
58400	0.0009937729758
58401	0.0003431034823
58402	0.00234849602
58403	0.003871249904
58404	0.0006810226794
58405	0.002371297201
58406	0.005058315528
58407	0.0007765727926
58408	0.004200249857
58409	0.003449032326
58410	0.0007592575912
58411	0.00167577378
58412	0.0009221266477
58413	0.005601057539
58414	0.0008317468582
58415	0.002452520809
58416	0.003607950271
58417	0.002005922577
58418	0.005940747724
58419	0.002658557058
58420	0.002024274644
58421	0.0006598908335
58422	0.002440507836
58423	0.0006929937543
58424	0.002328198303
58425	0.002208947995
58426	0.001662509759
58427	0.001511646172
58428	0.0001884843479
58429	0.0004851931505
58430	0.001398882503
58431	0.005306308377
58432	0.006689547635
58433	0.002687645685
58434	0.001665652289
58435	0.0008561499854
58436	0.002342012871
58437	0.0001229306811
58438	0.004385138493
58439	0.002591373336
58440	0.001503434983
58441	0.0007166360403
58442	0.001038887812
58443	0.003113327846
58444	0.001953173116
58445	0.001776279975
58446	0.000491769515
58447	0.000493449996
58448	0.0002596807429
58449	0.006215296593
58450	0.001217826396
58451	0.002876871047
58452	0.0009732867645
58453	0.007518087819
58454	0.004298735658
58455	0.002610704356
58456	0.003597970931
58457	0.003619929012
58458	0.001903586292
58459	0.003037075291
58460	0.002141532783
58461	0.0006876879632
58462	0.004754347247
58463	0.001971017371
58464	0.004514135977
58465	0.003626481283
58466	0.01133655939
58467	0.001789826049
58468	0.0005335431746
58469	0.004260462745
58470	0.0005533609127
58471	0.004205381507
58472	0.0003809130661
58473	0.0009768502368
58474	0.0042328275
58475	0.001630944278
58476	0.0008802919913
58477	0.000417084919
58478	0.0005694509053
58479	0.0001383915194
58480	0.00278527877
58481	0.003587389264
58482	0.0006499549491
58483	0.004765999411
58484	4.145293214e-05
58485	4.500152471e-05
58486	0.001658271152
58487	0.000630012094
58488	0.0003689595418
58489	0.0004538396779
58490	0.001967914598
58491	0.0009410776118
58492	0.002048705105
58493	0.0004081121473
58494	0.00207573143
58495	0.0007310249696
58496	7.77152304e-05
58497	0.002432000423
58498	0.001147701572
58499	0.00143967474
58500	0.003051119471
58501	0.004492921
58502	0.0004777978018
58503	0.003927054172
58504	7.733185261e-05
58505	0.005368828334
58506	0.0004713753861
58507	0.001598259617
58508	0.0005328165291
58509	0.0003786127441
58510	0.004220383567
58511	0.0006570920887
58512	0.0008288923393
58513	0.0009930860812
58514	0.006103969542
58515	0.000271597779
58516	0.0004857904636
58517	0.004802054204
58518	0.003761532731
58519	0.0003411099507
58520	0.003469756481
58521	0.003225981412
58522	0.001162954864
58523	0.006451984793
58524	0.002366366608
58525	0.002266375797
58526	0.001295182016
58527	0.003323982543
58528	0.001297004618
58529	0.004159424029
58530	0.0003240699057
58531	0.002766372588
58532	0.005675602534
58533	0.001182615328
58534	0.001301074639
58535	0.00497686967
58536	0.002497632651
58537	7.38427156e-05
58538	7.859310591e-05
58539	0.004282848032
58540	0.0005766101031
58541	0.001516729734
58542	0.001595609485
58543	0.001617841845
58544	0.0003835296964
58545	0.007964141166
58546	0.005715348046
58547	0.0004709770402
58548	0.002317950918
58549	0.001340612379
58550	0.001068137154
58551	0.001141316667
58552	0.001462194209
58553	0.0002594696229
58554	0.002003895291
58555	0.004253772023
58556	0.0008978945691
58557	0.005606904679
58558	0.0003770971308
58559	0.003258056312
58560	0.001237892657
58561	0.007910039627
58562	0.001087314065
58563	0.000722648046
58564	0.0004024343855
58565	0.001817281001
58566	0.001180673865
58567	0.0003992218524
58568	0.002289840379
58569	0.0005744557174
58570	0.00205770667
58571	0.0004411368933
58572	0.003310229869
58573	0.001741355519
58574	0.001757107783
58575	0.001873118967
58576	0.0001171617708
58577	0.001143260693
58578	0.0006393016948
58579	0.001149989953
58580	0.0023215136
58581	0.00372596048
58582	0.0009291765865
58583	0.003262482683
58584	0.0002977629685
58585	0.002386840271
58586	0.00230409009
58587	9.643965425e-05
58588	0.002019150467
58589	0.004167433122
58590	0.002795741207
58591	0.0004483811654
58592	0.004757844036
58593	0.001655750008
58594	0.0007742691393
58595	0.0005456813246
58596	0.001023733932
58597	0.001774502411
58598	0.0009947281155
58599	0.001484937797
58600	0.001154679869
58601	0.00184016668
58602	0.003583618928
58603	0.003037958176
58604	0.003642263322
58605	0.002521120719
58606	0.0009997506652
58607	0.001393678913
58608	0.004186597445
58609	0.000691840336
58610	0.0002006148416
58611	0.003846752266
58612	0.002869811702
58613	0.003544228293
58614	0.00390965132
58615	0.009103903899
58616	0.005958174253
58617	0.002008283901
58618	0.005873902936
58619	0.009069901836
58620	0.000233973907
58621	0.006579689613
58622	0.001296531402
58623	0.0004165459245
58624	0.004973436724
58625	0.002569488019
58626	0.003768517638
58627	0.001454301703
58628	0.001751953383
58629	0.0003325425284
58630	0.001297575476
58631	0.006341277699
58632	0.008769652811
58633	0.005131813381
58634	0.001555765995
58635	0.001419443382
58636	0.00898028936
58637	0.0009296878397
58638	0.0009009402001
58639	0.003514688316
58640	0.003189187303
58641	0.0001913882895
58642	0.001447590694
58643	0.0009671345323
58644	0.0008502934376
58645	0.005703488886
58646	0.004598290053
58647	0.001408129766
58648	0.003349389282
58649	0.001190720769
58650	0.004922826052
58651	0.00217129301
58652	0.002512359466
58653	0.001689948076
58654	0.0002273175454
58655	0.002566354016
58656	0.0002479372754
58657	0.00504068578
58658	0.001221081206
58659	0.0009111446132
58660	0.0005898536352
58661	0.003839013416
58662	0.0003517769167
58663	0.0001279874795
58664	0.002813223338
58665	0.001576396944
58666	0.001065079517
58667	0.0009442201665
58668	0.001259784685
58669	7.774096201e-07
58670	0.0006710653214
58671	0.003783847471
58672	0.0002983000781
58673	0.003217261876
58674	0.001257528765
58675	0.001096330973
58676	0.001470300273
58677	0.003992209232
58678	0.0031060647
58679	0.0002166312161
58680	0.0007201513767
58681	0.0003962810417
58682	0.00378495694
58683	0.001057533036
58684	0.002694582462
58685	0.002180674091
58686	0.005577096095
58687	0.002572260048
58688	0.006270284969
58689	0.002316449913
58690	0.0005624392362
58691	0.001528700045
58692	0.0008163850864
58693	0.001973136706
58694	0.0002570679088
58695	0.0006527084165
58696	0.001367952272
58697	0.002198533928
58698	0.002690041016
58699	0.0008258008109
58700	0.003114146646
58701	0.001216191314
58702	0.003698511328
58703	0.0005541484892
58704	2.365475939e-05
58705	0.003091948524
58706	0.003234440332
58707	0.005459663931
58708	0.005917650051
58709	0.006177532288
58710	0.0005048726413
58711	0.0006793477126
58712	4.072376264e-06
58713	0.0009793145592
58714	0.0004723694703
58715	0.002477318028
58716	0.002438885679
58717	0.002251905517
58718	0.001946134999
58719	7.532127535e-05
58720	0.002536543089
58721	0.0007161365744
58722	0.004187973735
58723	0.001955984998
58724	0.0001961834361
58725	0.0003638713234
58726	0.003139526914
58727	0.004295566737
58728	0.001495054244
58729	0.001106190106
58730	0.0004034179702
58731	0.00100690125
58732	0.004319452107
58733	0.002792496402
58734	0.0007786413451
58735	0.0005952741157
58736	0.0004021858024
58737	0.001793908755
58738	0.0006097534758
58739	0.003040225837
58740	0.0008613585115
58741	0.0009162892715
58742	0.001049723248
58743	0.0007619313259
58744	0.002149839947
58745	0.0006560241083
58746	0.002808244997
58747	0.002892750605
58748	0.0008887208946
58749	0.002050132047
58750	0.0009555138994
58751	0.0007096319724
58752	0.0001717818499
58753	0.0002584412446
58754	0.003210685841
58755	0.001369042848
58756	0.0009709706825
58757	0.001409547837
58758	0.002920949925
58759	0.0005451903507
58760	0.00147387167
58761	0.0001119734864
58762	0.002888794332
58763	0.00199220029
58764	0.00379117493
58765	0.002946807986
58766	0.00554425673
58767	0.001907173309
58768	0.004406162087
58769	0.003929106594
58770	0.003492414101
58771	0.004750132663
58772	0.0004773285363
58773	0.0004741426512
58774	0.0002264593797
58775	0.006146595313
58776	0.0004525416698
58777	0.003808846285
58778	0.001673907911
58779	0.0001943086521
58780	0.0004413708609
58781	0.002401564548
58782	0.002314946331
58783	0.007794732355
58784	0.007994013929
58785	0.0002378601334
58786	0.001359876164
58787	0.002397814762
58788	0.00173866827
58789	0.002589784484
58790	0.0009845078752
58791	0.0005394523123
58792	1.889663913e-05
58793	0.003761294876
58794	0.0006409613869
58795	0.003187761626
58796	0.00324550078
58797	0.002941774506
58798	0.001541987827
58799	0.0007156416926
58800	0.0010649866
58801	0.0005361540439
58802	0.0007014419589
58803	0.002120856002
58804	0.00131918146
58805	0.001308277913
58806	9.805372394e-05
58807	4.408098592e-05
58808	0.0007244716136
58809	0.001260215026
58810	0.0006623543134
58811	0.001163476488
58812	0.0002004001896
58813	0.0002218596942
58814	0.001023719918
58815	0.003516828275
58816	0.002799959325
58817	0.001897199162
58818	8.93164499e-05
58819	0.002060791315
58820	0.001059663489
58821	0.0004652943471
58822	0.001753910315
58823	0.0002512828279
58824	0.001482436138
58825	0.001855885945
58826	0.001757188001
58827	0.002731804672
58828	0.002516104293
58829	0.001435051658
58830	0.001825591141
58831	0.0008508778602
58832	0.003416120547
58833	0.001276626018
58834	0.0007387845988
58835	0.001484937321
58836	0.001717547235
58837	0.001881477202
58838	0.00487549287
58839	0.002669930992
58840	0.003015873474
58841	0.0003899603045
58842	0.005184166066
58843	0.004834053955
58844	0.005038252064
58845	0.002118134743
58846	0.002254538058
58847	0.002094894971
58848	0.005460787113
58849	0.0007303546277
58850	0.005946411059
58851	0.002611420312
58852	0.00645074893
58853	0.0005264557372
58854	0.004072664612
58855	0.002183266408
58856	0.003529447826
58857	0.003491390371
58858	0.0005946852134
58859	0.0001922375581
58860	0.0008271068639
58861	0.0006425944601
58862	0.001994712038
58863	0.003003515559
58864	0.001522902098
58865	0.001586871491
58866	0.0006657325104
58867	0.001538943473
58868	0.004076547912
58869	0.002625129861
58870	0.003883750803
58871	0.0005370742647
58872	0.00253511038
58873	0.0005507719992
58874	0.001131874574
58875	0.0005972123927
58876	0.002190050821
58877	0.0008777805466
58878	0.002728894696
58879	0.001866919581
58880	0.00331571593
58881	0.00517341829
58882	0.004646999552
58883	0.002377948731
58884	0.008748667282
58885	0.0006956643521
58886	0.003940424723
58887	0.0006466101451
58888	0.001161884999
58889	0.0005883607672
58890	0.002447173833
58891	0.00265180818
58892	0.0007302719339
58893	0.002576513089
58894	0.003179738164
58895	0.003649836315
58896	0.001431430235
58897	0.003576559612
58898	0.0006309040684
58899	0.002698686404
58900	0.002218895708
58901	0.0005312366412
58902	0.0005403391734
58903	0.0003750672279
58904	0.0006189435541
58905	0.0001197904495
58906	0.0001020890062
58907	0.0002025841664
58908	0.002503254525
58909	0.000153060924
58910	0.002874094236
58911	0.0006600735829
58912	0.005089157527
58913	0.001272588378
58914	0.001282557247
58915	0.001561399528
58916	0.0004234084724
58917	0.0008615657203
58918	0.000973973167
58919	0.0005234180604
58920	0.0020058005
58921	0.002713753941
58922	0.0006432894934
58923	0.0009911150322
58924	0.004393850533
58925	0.0006975668562
58926	0.006785214977
58927	0.001854956654
58928	0.001045144099
58929	0.001682174151
58930	0.0004467017664
58931	0.0004276375451
58932	0.003910015294
58933	0.001295082654
58934	0.002739177338
58935	0.001733832032
58936	0.002043792747
58937	0.0004358995354
58938	2.803975506e-07
58939	0.0009768373318
58940	0.0008304564465
58941	0.000551407469
58942	0.0005688741897
58943	0.0005562558031
58944	0.0006456507874
58945	0.007315082637
58946	0.003581716073
58947	0.006625901851
58948	0.001778054081
58949	0.001566882947
58950	0.0005796207423
58951	0.002019824326
58952	0.001203949134
58953	0.0004711895127
58954	0.002329536229
58955	0.0007479858344
58956	0.001010891328
58957	0.0003250255
58958	0.001124061717
58959	0.004914638296
58960	0.0008739661264
58961	0.00348639689
58962	0.005526806583
58963	0.00319509856
58964	0.003885727622
58965	0.001096079212
58966	0.001630308786
58967	0.00147778189
58968	0.001620794297
58969	0.0002539044631
58970	0.0006868867938
58971	0.001828294161
58972	0.002749566632
58973	0.0015925312
58974	0.002862367034
58975	0.003243549378
58976	0.002336482493
58977	0.0008345263902
58978	0.01040935092
58979	0.0009607832085
58980	0.001635089538
58981	0.001900681217
58982	0.003090716569
58983	0.0003377331176
58984	0.004550749601
58985	0.001292535032
58986	0.001196822072
58987	0.003759967754
58988	5.494785843e-05
58989	0.0003815697308
58990	0.0009831016512
58991	0.006168132048
58992	0.007586175159
58993	0.001484768107
58994	0.001493145598
58995	0.000392055625
58996	0.003205835951
58997	0.0007111601294
58998	0.0004667302649
58999	0.001559466098
59000	0.001226300866
59001	0.00238876805
59002	0.0006045582992
59003	0.002668444577
59004	0.002424029583
59005	0.0009813067145
59006	0.0002541341197
59007	0.0006145408426
59008	0.004164660541
59009	0.001190211643
59010	0.001082168834
59011	0.0005532746367
59012	0.001231839556
59013	0.001646856301
59014	0.0006921478486
59015	0.003346559006
59016	0.002768528411
59017	0.004051795043
59018	0.006824105306
59019	0.001215680474
59020	0.005502955864
59021	0.003293448857
59022	0.001742659165
59023	0.001777622768
59024	0.001411132125
59025	0.002134843912
59026	0.000224982043
59027	0.0009636459218
59028	0.0006932719016
59029	0.0001523122961
59030	0.003408360597
59031	0.002985560093
59032	0.0001099497908
59033	0.0001422184182
59034	0.001701340599
59035	0.002383476933
59036	0.002984851046
59037	0.001218211657
59038	0.002876727535
59039	0.004896415377
59040	0.0004012279022
59041	0.00113897689
59042	0.0001250302867
59043	0.004686114625
59044	0.001992028119
59045	0.001548218095
59046	0.001793207615
59047	0.002572721356
59048	0.002823615845
59049	0.0003651857819
59050	0.004708487961
59051	0.004250937189
59052	0.0005037654521
59053	0.005958251423
59054	0.003419121189
59055	0.001210696089
59056	0.006143397861
59057	0.0004614856752
59058	0.002649024168
59059	0.006943863068
59060	0.002985142857
59061	0.001985281136
59062	0.001886353584
59063	0.001091645056
59064	0.002231139976
59065	0.004173954585
59066	0.002097668005
59067	0.0004045039381
59068	0.0006966120836
59069	0.0003386601758
59070	0.0004089064723
59071	0.00164717068
59072	0.003585982067
59073	0.005220696376
59074	5.126359138e-05
59075	0.0005216464008
59076	0.005316063821
59077	0.00922651231
59078	0.007514111476
59079	0.0003277317677
59080	0.002780289179
59081	0.003891088382
59082	0.001781975147
59083	8.482053627e-05
59084	0.0009626744118
59085	0.0001874323723
59086	0.0002882219177
59087	0.004241288076
59088	0.002918648674
59089	0.001313873796
59090	0.0002007700835
59091	0.0004187217436
59092	0.00207451943
59093	0.001729513467
59094	0.0006647732535
59095	0.002337957435
59096	9.545760939e-05
59097	0.0006020297638
59098	0.0003891230647
59099	0.0002517903566
59100	7.235113563e-05
59101	0.0004153652383
59102	0.0002678907272
59103	5.102707362e-05
59104	0.0001090867337
59105	0.003753958693
59106	0.001374013119
59107	0.0001528336677
59108	0.001966342003
59109	0.0002256300672
59110	0.0001085766823
59111	0.0003769452887
59112	0.003535894981
59113	0.001414376332
59114	0.003777489224
59115	0.001002850626
59116	0.000331998839
59117	0.0004299297469
59118	0.003869987628
59119	0.006094607984
59120	0.002160442288
59121	0.002005278972
59122	1.772649168e-05
59123	0.001863757552
59124	0.005589683639
59125	0.0001102973571
59126	0.005376496077
59127	0.0006677193763
59128	0.00217737166
59129	0.001952766779
59130	0.002021673254
59131	0.001598560737
59132	0.0006410109719
59133	0.003690161252
59134	0.004393335277
59135	0.002220013778
59136	0.001264288082
59137	0.001638166416
59138	0.001202621392
59139	0.004924378224
59140	0.0006977478109
59141	0.000180063309
59142	0.001176452154
59143	0.003944449697
59144	0.0007333713092
59145	0.000595919499
59146	0.002720314922
59147	0.001716358126
59148	0.0009617053309
59149	0.0002392292466
59150	0.0004090262493
59151	0.002682579578
59152	0.0003742595654
59153	0.00419229892
59154	0.00046930868
59155	3.538901885e-05
59156	0.001629123284
59157	7.033683342e-05
59158	0.0007653703109
59159	0.001126942667
59160	0.001966520868
59161	0.001766091113
59162	0.001402934688
59163	0.0005528532159
59164	0.001008065961
59165	0.0004265030323
59166	0.0006582551037
59167	0.003075881951
59168	0.0007756109165
59169	0.002686499605
59170	2.293492063e-06
59171	0.0008514076426
59172	0.0001426152906
59173	0.0008482672418
59174	0.001989129217
59175	0.001321938668
59176	0.00123664693
59177	8.210750438e-05
59178	1.855425436e-05
59179	0.003553118572
59180	0.001741736053
59181	0.002513313881
59182	0.007910699566
59183	0.001391251753
59184	0.000104566599
59185	0.00237602873
59186	0.003452587135
59187	0.0031141854
59188	0.005901900181
59189	0.001409089745
59190	6.541205621e-05
59191	0.0003871297005
59192	0.004337693403
59193	0.0002668817949
59194	0.003179645339
59195	0.002265558534
59196	0.0003551471897
59197	0.002533383326
59198	0.0005359867978
59199	0.004092427023
59200	0.002506728296
59201	5.967313187e-05
59202	0.004179230472
59203	0.003366922428
59204	0.003278584486
59205	0.000970312795
59206	0.004695218397
59207	0.001155718951
59208	0.0005486112456
59209	0.0001718877247
59210	0.001999335416
59211	0.002019357672
59212	0.004365297956
59213	0.002758866902
59214	0.000972702934
59215	0.004721178852
59216	0.002635994745
59217	0.001765953865
59218	0.002174615736
59219	0.0006182474763
59220	0.0004121665306
59221	0.0006734697729
59222	0.003923681103
59223	0.0001225955568
59224	4.633161647e-05
59225	0.002237185842
59226	0.001140202117
59227	0.0005414324039
59228	0.0005985567222
59229	0.005951703708
59230	9.716304957e-05
59231	0.0002232793646
59232	0.0005002622766
59233	0.00188361315
59234	0.0009649770111
59235	0.000441815203
59236	0.001034726616
59237	0.002160498698
59238	0.01031405225
59239	0.004927221363
59240	0.003777898486
59241	0.0004650288025
59242	0.0001557397554
59243	0.00272704703
59244	0.0009581316145
59245	0.002673056044
59246	0.0006286662827
59247	0.00526288321
59248	0.002828087956
59249	0.0007048020899
59250	0.001246513233
59251	0.001537272885
59252	0.005187817623
59253	0.003410390443
59254	0.00191604046
59255	0.001166668719
59256	0.0002322999568
59257	0.000880459035
59258	0.0007549161458
59259	0.0002638721324
59260	0.0007320644828
59261	0.001521017699
59262	0.002229346109
59263	0.0008078730023
59264	0.002131547295
59265	0.002873509014
59266	0.0005417093814
59267	0.0006717170667
59268	0.0002880083312
59269	0.001092385103
59270	0.002170743369
59271	0.003928444498
59272	0.0009362713048
59273	0.002806219254
59274	0.001245800827
59275	0.0004600588235
59276	0.00300255978
59277	4.407986043e-05
59278	0.001506657491
59279	0.002399166289
59280	0.002106121455
59281	0.003569731167
59282	0.001494931454
59283	0.000623589609
59284	0.0008800550563
59285	0.004484925372
59286	0.0001165018857
59287	0.00234108933
59288	0.003222007845
59289	0.0008814130294
59290	0.00173910406
59291	0.000294843886
59292	0.001664746193
59293	0.004032823702
59294	0.002281944032
59295	0.001620541971
59296	0.0004821753651
59297	0.002952111178
59298	0.002131501817
59299	0.002174569928
59300	0.0007072916985
59301	0.001316018536
59302	0.002945870356
59303	0.00172664071
59304	0.006759919463
59305	0.003699389334
59306	0.003635574644
59307	2.056710103e-05
59308	0.00354071843
59309	0.002155525337
59310	0.0009292321558
59311	0.0009686576636
59312	0.001938877201
59313	0.007558985678
59314	0.005062830793
59315	0.001090917515
59316	7.670437236e-05
59317	0.003195000837
59318	0.001759088949
59319	9.993421475e-05
59320	0.0009513132813
59321	0.0006324821006
59322	0.001141656588
59323	0.0005956971916
59324	0.0001714829174
59325	0.002129287704
59326	9.026760414e-06
59327	5.405247899e-05
59328	0.002479015223
59329	0.002088568278
59330	0.0003054506182
59331	0.0009039359915
59332	0.004710951509
59333	0.001414562245
59334	0.002987289605
59335	0.005063930176
59336	0.0001005719703
59337	0.002228040859
59338	0.002660390211
59339	0.004697759598
59340	0.001229501758
59341	0.0002786516846
59342	0.003913636591
59343	0.0009298269871
59344	0.0001212499197
59345	0.002769296519
59346	0.0003648014459
59347	0.000578106667
59348	0.001150250017
59349	0.006622189639
59350	0.0005848904647
59351	0.00177012262
59352	0.0004883025894
59353	0.002454450467
59354	0.001566619636
59355	0.005420024543
59356	0.001592533895
59357	0.00317453372
59358	0.008237354576
59359	0.003594417337
59360	0.005716320593
59361	0.0006155258959
59362	9.021723164e-05
59363	0.005748475087
59364	0.0002351184743
59365	0.001096753789
59366	0.002167765881
59367	0.0004799308166
59368	0.002197520016
59369	0.0007382451691
59370	0.001376481623
59371	0.00207195587
59372	0.007917528294
59373	0.0003096506336
59374	0.0008558061637
59375	0.0002595361711
59376	0.001202636471
59377	0.004220076443
59378	0.001562954992
59379	0.0003394582551
59380	0.001590048906
59381	0.003408455566
59382	0.002679566679
59383	0.001465187725
59384	0.003845180399
59385	0.001932515729
59386	0.002317058395
59387	0.0001630207763
59388	0.001956370265
59389	0.004385716428
59390	0.0007400200118
59391	0.005830246299
59392	0.002068647043
59393	0.002590468658
59394	0.0003164656843
59395	0.001272221854
59396	0.0001606945082
59397	0.0004552643687
59398	0.002864742548
59399	0.007995327726
59400	0.003730221742
59401	0.000476827445
59402	0.0001598321316
59403	1.932061098e-06
59404	0.00734272075
59405	0.0009839114216
59406	0.002564349194
59407	0.0002750508954
59408	0.003146999008
59409	0.0001066422754
59410	0.008140835819
59411	0.002961495705
59412	0.001147017417
59413	0.00175697223
59414	0.003136901964
59415	0.001205659131
59416	0.007201036956
59417	0.0009363697679
59418	0.003636892669
59419	0.004587377154
59420	0.004124622524
59421	0.005602680914
59422	0.006248250806
59423	0.00303712902
59424	0.007824827081
59425	0.002505565058
59426	5.699120557e-05
59427	0.002035131191
59428	0.003104129781
59429	1.03005082e-06
59430	0.0002086271091
59431	0.0003171939909
59432	6.43684709e-05
59433	0.001564224865
59434	0.0007611737085
59435	0.003679724997
59436	0.001736277478
59437	0.00281864229
59438	0.001445636496
59439	0.0007429223247
59440	0.001058210503
59441	0.005465947154
59442	0.001056726618
59443	0.0009549451808
59444	0.002756533065
59445	0.002185540998
59446	0.0009710839218
59447	0.0003590793969
59448	0.0001156106419
59449	0.0002642640046
59450	0.000291369449
59451	0.0002759066634
59452	0.0001436080969
59453	0.0005656995631
59454	0.0001262567156
59455	0.0001498724454
59456	5.433981732e-07
59457	0.0005669797723
59458	0.0001436787079
59459	0.00014951018
59460	1.642474704e-06
59461	2.39463602e-07
59462	0.0001297903388
59463	2.36393555e-07
59464	0.0004392801349
59465	0.000567360458
59466	0.0005668354802
59467	0.0005663227825
59468	2.815232342e-06
59469	0.0004394090769
59470	0.0003006491001
59471	1.135917084e-07
59472	0.0001412804847
59473	6.416396503e-07
59474	0.0005654171188
59475	0.0004375670492
59476	0.0001295416651
59477	2.551208367e-06
59478	0.0005680542885
59479	0.0002711997655
59480	0.0005642904119
59481	0.0002638838454
59482	0.0005666942581
59483	5.433981729e-07
59484	0.0001498816556
59485	0.0004154556421
59486	0.0002793711299
59487	0.0005673205475
59488	0.0004216585897
59489	0.0004157779969
59490	0.000567157835
59491	0.0005651346745
59492	0.0005646772377
59493	0.000272031748
59494	2.486737401e-07
59495	0.0002941099017
59496	0.0001478416906
59497	2.287184399e-06
59498	0.0002866968387
59499	0.0002711414346
59500	2.056930936e-06
59501	0.0001432207538
59502	0.0005653096672
59503	1.645544748e-06
59504	0.0001289276559
59505	3.499852638e-06
59506	0.0002992491591
59507	0.0002799022479
59508	0.0004371710132
59509	3.039345712e-07
59510	0.0004390590917
59511	0.0002758068062
59512	0.0002695818511
59513	0.0002783518745
59514	0.000130671442
59515	0.0001465369209
59516	0.001984468707
59517	0.001861134963
59518	0.002898310852
59519	0.0002415155684
59520	0.0001141307507
59521	0.00214777479
59522	0.001962737642
59523	1.362638078e-05
59524	0.001924944753
59525	0.0005401794909
59526	0.004021864467
59527	0.005101187157
59528	0.003725330435
59529	0.004418084291
59530	0.0005717276229
59531	0.005855919319
59532	0.001738643349
59533	0.0003230164774
59534	0.002241233687
59535	0.001834608836
59536	0.001717975005
59537	0.004890388117
59538	0.001462895524
59539	0.002260426519
59540	0.002430277832
59541	0.002757339409
59542	0.0004777857026
59543	0.002021827724
59544	0.004097576643
59545	0.003607678554
59546	0.002915489764
59547	0.0001092686563
59548	0.001849220829
59549	0.008919980771
59550	0.004451981699
59551	0.006702430189
59552	0.003235602243
59553	0.0004446298676
59554	0.0009945159931
59555	0.0033191262
59556	0.000710912499
59557	0.001633955815
59558	0.0001474915111
59559	0.001901524002
59560	0.007897621396
59561	0.0007227119052
59562	0.000887387449
59563	0.001183695145
59564	0.001211786638
59565	0.0001510372336
59566	0.000561332921
59567	0.006041775408
59568	0.000734453407
59569	0.000479106812
59570	0.003083785365
59571	0.0006621794271
59572	0.0004663475965
59573	0.0005520445965
59574	0.002325771371
59575	0.001450356849
59576	0.002769589995
59577	7.315296391e-05
59578	0.0001257220172
59579	0.005621298042
59580	0.001004352265
59581	0.003503594322
59582	0.0006086022187
59583	0.003450611371
59584	0.004942814516
59585	5.219868657e-05
59586	0.0005897111928
59587	0.0007584948692
59588	8.35815384e-05
59589	0.0002176944582
59590	0.003213193672
59591	1.142030016e-05
59592	0.0003757870658
59593	0.001658874583
59594	0.006074542939
59595	7.597572337e-05
59596	0.0007717988047
59597	0.001268202898
59598	0.0006306143565
59599	0.0005341512249
59600	0.003570262131
59601	0.003634455665
59602	0.005550973383
59603	0.004472592736
59604	0.003962434946
59605	0.0001437917191
59606	0.0003156144349
59607	7.154221345e-05
59608	0.0004073474888
59609	0.001901239408
59610	0.0003589494956
59611	0.005154192118
59612	0.00640155436
59613	0.001200444334
59614	0.002362038995
59615	0.003976386152
59616	0.003643940437
59617	0.000260121615
59618	0.004005329
59619	0.0008802874742
59620	0.002129266381
59621	0.00897615227
59622	0.0001529784764
59623	0.0007489345581
59624	0.002678739552
59625	0.0003556589993
59626	0.0003338613312
59627	0.0007110426288
59628	0.003317985089
59629	0.00350419109
59630	0.002253973333
59631	0.006564866119
59632	0.005996223816
59633	0.002605713387
59634	0.001939263167
59635	0.002620595321
59636	0.00416896646
59637	0.0004467411131
59638	0.000603921708
59639	0.0004575606372
59640	0.0005161398462
59641	0.0001189661286
59642	0.002774153786
59643	0.001641924118
59644	0.003029285689
59645	0.001327461377
59646	0.001838858342
59647	0.005059143214
59648	0.007696397507
59649	0.001546200327
59650	0.002288776711
59651	0.0006476879884
59652	0.001104895435
59653	0.0003036645123
59654	0.0001605627512
59655	0.0003122757198
59656	0.0001046056333
59657	0.002437019823
59658	0.004455569945
59659	0.00168313577
59660	0.00438110078
59661	0.002486156988
59662	0.004064654585
59663	0.004087540111
59664	0.003036357315
59665	0.00760952551
59666	0.00147328829
59667	0.0001262132183
59668	0.0009579089572
59669	0.00258563607
59670	0.006679362216
59671	0.003289308082
59672	0.001306523331
59673	0.0007985108543
59674	0.0002059234888
59675	0.000670888296
59676	0.001720337102
59677	0.002179307168
59678	0.001942285505
59679	0.0003812481894
59680	0.001064775766
59681	0.0007359468437
59682	0.001124851105
59683	0.001341497178
59684	0.0009281290804
59685	0.002179953052
59686	0.00203120521
59687	0.001073905752
59688	0.005649787274
59689	0.005837019332
59690	0.006904392103
59691	0.002385332731
59692	0.001331345268
59693	0.0002417981091
59694	0.003291417532
59695	0.004052852354
59696	0.001600978057
59697	0.009132616526
59698	0.0003408637438
59699	0.005802938279
59700	0.004730098852
59701	0.001494700121
59702	0.0006045905336
59703	0.001312308495
59704	0.003157359396
59705	0.003757387612
59706	0.004243859235
59707	0.000741921548
59708	0.0001967088658
59709	0.001239540678
59710	0.0009208637276
59711	0.001135249093
59712	0.005104430827
59713	0.004883369833
59714	0.001038107267
59715	9.761793016e-05
59716	9.634665196e-05
59717	0.0003754480985
59718	0.00103262662
59719	0.00161475799
59720	0.005931648208
59721	0.005413176835
59722	9.998186193e-05
59723	0.003272119303
59724	0.003264581112
59725	0.0001545789808
59726	0.001994735546
59727	0.005383470254
59728	0.003816398369
59729	0.001576710087
59730	0.001356267859
59731	0.003633541846
59732	0.0008429959979
59733	0.002574746425
59734	0.004302766678
59735	0.0003147710166
59736	0.003073994451
59737	0.002984124044
59738	0.001623560419
59739	0.001959121315
59740	0.006331758809
59741	0.0002997988016
59742	0.000373901771
59743	0.003435729299
59744	0.001788158313
59745	0.005815960039
59746	0.0004045316838
59747	0.0006855572387
59748	0.0007186166993
59749	0.0005295583817
59750	0.0004174182763
59751	2.369247515e-05
59752	0.002419427807
59753	0.001206658909
59754	0.001209842394
59755	0.005629643985
59756	0.0001556614914
59757	0.0009925883044
59758	0.002154889766
59759	0.002516914904
59760	0.004223265054
59761	0.000785727161
59762	0.0003404036959
59763	0.001295171335
59764	0.000879599788
59765	0.002571224526
59766	0.001967650248
59767	0.003445080423
59768	5.198066837e-05
59769	0.003566387937
59770	0.004164589824
59771	0.0009061977772
59772	0.00292526404
59773	0.001072307691
59774	0.001656385512
59775	0.0008323463227
59776	0.000493640579
59777	0.0001063007902
59778	0.0008796635049
59779	0.002455003177
59780	0.001093455997
59781	0.007072426679
59782	0.004283699884
59783	0.0004544042265
59784	0.00150271773
59785	0.0002304806225
59786	0.000521874753
59787	0.004250165077
59788	0.003771464625
59789	0.002295611451
59790	0.0009114945875
59791	0.00165492054
59792	0.004122127019
59793	0.004459628567
59794	0.002322394169
59795	0.0006166219331
59796	0.0002116504933
59797	0.001545136955
59798	0.000358597314
59799	0.00255604948
59800	0.0002388658492
59801	0.001529241771
59802	0.0007171923851
59803	0.002033563264
59804	0.003012905624
59805	0.001410708904
59806	0.001852433515
59807	0.002546961511
59808	0.0004946913329
59809	0.0008393810133
59810	0.001826771189
59811	0.001671867309
59812	0.0009839668076
59813	0.0009482549611
59814	0.0004704235924
59815	0
59816	0.002970170355
59817	0.0007280858496
59818	0.002387628782
59819	0.001113896426
59820	0.0007472649517
59821	0.001280860776
59822	0.0007685645446
59823	0.001323191255
59824	0.002744117314
59825	0.0003524736782
59826	0.000470219519
59827	0.004685867851
59828	0.0005841684722
59829	4.370158637e-05
59830	0.002096315267
59831	0.002586033101
59832	0.0008669035393
59833	0.0007624595575
59834	0.001136816378
59835	0.003997643574
59836	0.001093265146
59837	0.00475981764
59838	0.0004418241173
59839	0.001988325783
59840	0.006418135919
59841	0.002790898031
59842	0.003671379256
59843	0.004051139089
59844	0.003801399891
59845	0.004242730948
59846	0.0003385312206
59847	0.001077427006
59848	0.004242333248
59849	0.007558387739
59850	0.002300968413
59851	0.001353228128
59852	0.0005280403647
59853	0.001317966061
59854	0.0005191572337
59855	0.0007230490855
59856	4.934262332e-05
59857	0.0001524213309
59858	7.906439308e-05
59859	0.0004552268616
59860	0.0005744171191
59861	0.002677951719
59862	0.001046099121
59863	0.003734325892
59864	0.001084829371
59865	0.002224659349
59866	0.003938953039
59867	0.003890790285
59868	0.00362113986
59869	0.001205259504
59870	0.003853025893
59871	0.006228935832
59872	0.002831381497
59873	0.0002830435438
59874	0.0037923647
59875	0.001955179055
59876	0.004311386412
59877	0.00413968234
59878	0.0001294962098
59879	0.0004274244817
59880	0.0007777320718
59881	0.001000099194
59882	0.0001504768413
59883	0.001049547418
59884	0.0001164165496
59885	0.003788977169
59886	0.0001515640654
59887	0.001271297631
59888	0.0001988984598
59889	0.00177983156
59890	0.001715224238
59891	0.003296844956
59892	0.006406400984
59893	0.0001312608222
59894	0.002471454343
59895	0.0002522763415
59896	0.0003724920309
59897	0.00151572144
59898	3.915204008e-05
59899	0.00236326677
59900	0.004559324966
59901	0.003035244671
59902	0.0005203678085
59903	0.0002030434457
59904	0.0007670087077
59905	0.0005605840038
59906	0.0005936747653
59907	3.178332822e-05
59908	0.0001757214297
59909	0.0001980757705
59910	0.0008937901818
59911	0.0003174999229
59912	0.0005941022481
59913	0.0001082325515
59914	0.0005739718974
59915	0.0002707246802
59916	0.0002730362389
59917	0.0002549482175
59918	1.078782602e-05
59919	0.0002766723991
59920	0.000315734641
59921	0.0009177855979
59922	5.335610557e-05
59923	0.0003689325997
59924	9.103802845e-05
59925	0.0006305314542
59926	0.0003853521042
59927	0.0004557364417
59928	4.584548042e-05
59929	0.0001291917028
59930	0.003730090258
59931	0.0001727632487
59932	0.001566589767
59933	0.003180201822
59934	0.002549082362
59935	0.003926815404
59936	0.000155998672
59937	0.001148674673
59938	0.001672458451
59939	0.00058018181
59940	0.001359847788
59941	0.002290109714
59942	0.0002085102414
59943	0.001508689769
59944	0.002039192539
59945	0.004933868833
59946	0.000754620171
59947	0.004166235647
59948	0.002197075213
59949	0.0006134022286
59950	0.005018482995
59951	0.006389916282
59952	0.003120800493
59953	0.001707626681
59954	0.004175757746
59955	0.0001257402366
59956	0.001611437179
59957	0.001360825174
59958	0.0008879489189
59959	7.074281022e-05
59960	0.001126851135
59961	0.00517126071
59962	0.00511314033
59963	0.002396294464
59964	0.0003566152033
59965	0.002318494481
59966	0.001543250807
59967	0.0008512515334
59968	0.0007556192245
59969	0.0003661265684
59970	0.001264139577
59971	0.002296264088
59972	0.002857826699
59973	0.004156441924
59974	0.001293360285
59975	0.003393962939
59976	0.0006466951187
59977	0.001380481518
59978	1.415291286e-07
59979	0.003039501864
59980	0.001412917721
59981	0.0004425180405
59982	0.001402739316
59983	0.0007525677284
59984	0.001273669751
59985	0.001167507537
59986	0.002357982447
59987	0.001677197879
59988	0.0006034844092
59989	0.0009635582405
59990	0.001688849277
59991	0.0005842463815
59992	0.0006482884911
59993	0.004679616159
59994	0.0006241120204
59995	0.006562248866
59996	0.002494419605
59997	0.003995930246
59998	0.001190699758
59999	0.002310013186
60000	0.0004349427968
60001	0.002965211009
60002	0.005010921755
60003	0.002059644206
60004	0.0003091595705
60005	0.002037495948
60006	0.0001721919727
60007	0.000341677021
60008	0.001013923175
60009	0.002885444317
60010	0.002194565319
60011	0.001175631446
60012	0.0001828534303
60013	0.001276131136
60014	0.0009494542339
60015	0.003379901431
60016	0.001549834057
60017	0.0006883837283
60018	8.623237785e-05
60019	0.002768244147
60020	0.002731549802
60021	0.002727563395
60022	0.0009769816853
60023	0.001484150683
60024	0
60025	0.003795957094
60026	0.0005317191616
60027	0.001948318139
60028	0.0011474381
60029	0.002945830321
60030	0.0004285764715
60031	0.005841408259
60032	0.003764536416
60033	0.0001756491586
60034	0.002841618149
60035	0.002948029028
60036	0.003411843606
60037	0.005475377979
60038	0.0007735206888
60039	4.537483951e-05
60040	0.0001115429144
60041	0.002063651406
60042	0.0003529853832
60043	0.0004086966553
60044	0.003540762938
60045	0.003726638887
60046	0.006763851902
60047	0.0004695423188
60048	0.006762788937
60049	0.003241658319
60050	0.002094628873
60051	0.007841927355
60052	0.005344052038
60053	0.001142255288
60054	0.005658729302
60055	0.0002879182936
60056	0.001422436923
60057	0.001274050724
60058	0.004864954013
60059	0.0004745073701
60060	0.002144098073
60061	0.002453687751
60062	0.002394884556
60063	0.006306319646
60064	0.003551076191
60065	0.0009489508784
60066	0.004890669751
60067	0.0007884843083
60068	0.0009774971168
60069	0.005989369764
60070	0.001662848835
60071	0.0004628093242
60072	0.006324999394
60073	0.004813167968
60074	0.005203101923
60075	0.004695122063
60076	0.001591010999
60077	0.005215786734
60078	0.001048539691
60079	0.002346299353
60080	0.001062301555
60081	0.005138081641
60082	0.003793623636
60083	0.001937927504
60084	0.003058079233
60085	0.000824919355
60086	0.002963294393
60087	0.0008335418181
60088	0.002959783996
60089	0.003154034367
60090	0.005643768856
60091	0.001345720872
60092	0.00184370448
60093	0.003302680093
60094	0.001142381937
60095	0.0002753372484
60096	0.002541989572
60097	0.002722030235
60098	0.001575292444
60099	0.0002595879633
60100	0.002303899379
60101	0.0006010986168
60102	0.0005059769292
60103	0.0006575037291
60104	0.001160377108
60105	0.001447242824
60106	0.00086805005
60107	0.0008172456438
60108	0.001441998133
60109	0.0001189772162
60110	0.001448404081
60111	0.004171581751
60112	0.00101099243
60113	0.002614200618
60114	0.003365882499
60115	0.0004347368374
60116	0.0006924554142
60117	0.001638321592
60118	0.0004500165856
60119	0.002594750874
60120	0.002895715361
60121	0.0008367150064
60122	0.003285233584
60123	0.0001405852857
60124	0.001762501057
60125	0.0001521711157
60126	0.001730525973
60127	0.0007267028314
60128	0.002831694045
60129	0.001102324863
60130	0.003441023883
60131	0.00030643138
60132	0.0004375881993
60133	0.0003322916073
60134	0.001038695853
60135	0.0009272597484
60136	0.0008161043218
60137	0.004019877183
60138	0.006794255051
60139	0.001687203809
60140	0.0007822363557
60141	0.0002496506303
60142	0.0005380048876
60143	0.001948059802
60144	0.002908550464
60145	0.0001052105818
60146	0.000375954699
60147	0.001271623214
60148	0.004190262788
60149	0.004362353008
60150	0.0005953895975
60151	0.001568454806
60152	0.007271503404
60153	0.0006943977999
60154	0.001317633593
60155	0.004149648271
60156	0.008421785758
60157	9.300205666e-05
60158	0.001206878153
60159	0.001272099954
60160	0.002033545098
60161	0.001250662167
60162	0.0004496198946
60163	0.003297844639
60164	0.00169169602
60165	0.003604335633
60166	0.002362759346
60167	0.000697686788
60168	0.005332126699
60169	0.006051257575
60170	0.003293233344
60171	0.002181462458
60172	0.005522586295
60173	0.001623597464
60174	0.001002329584
60175	0.006777091417
60176	0.0004530967604
60177	0.003877267347
60178	0.003572659249
60179	0.001421997862
60180	0.001741095382
60181	0.002294482138
60182	0.003956432846
60183	0.001916381821
60184	0.0005364204021
60185	0.003622258661
60186	0.0007631427707
60187	0.0006126127404
60188	0.001512312275
60189	0.002098037372
60190	0.001738710874
60191	0.000953663662
60192	0.000356472224
60193	0.004381032944
60194	0.002015261566
60195	0.004086424135
60196	0.007857656213
60197	0.006117438384
60198	0.001479938418
60199	0.002455948611
60200	0.002614989648
60201	0.0002454574799
60202	0.005461020693
60203	0.001566839793
60204	0.0031422115
60205	0.001022894677
60206	0.0006732740166
60207	0.005162653805
60208	0.002854825726
60209	0.002966362522
60210	0.001221857611
60211	0.004055248809
60212	0.002802687994
60213	0.002151719361
60214	0.005400440642
60215	0.0002155093713
60216	0.001111828426
60217	0.00185159797
60218	0.0002134720029
60219	0.00108776958
60220	0.0004226134121
60221	0.004447634457
60222	0.006162898903
60223	0.006792897533
60224	0.005562966767
60225	0.000471558417
60226	0.002490581213
60227	0.00253300721
60228	0.001103572681
60229	0.003644061474
60230	0.0001337774603
60231	0.006857617416
60232	0.001132867384
60233	0.001156787941
60234	0.002546068295
60235	0.00222358473
60236	0.004546521594
60237	0.00469610713
60238	0.0003453134651
60239	0.00310221362
60240	0.001195881345
60241	0.003661253405
60242	0.001156455701
60243	0.005067668101
60244	0.001508341097
60245	0.001773528288
60246	0.002057171648
60247	0.003338966114
60248	0.001447358169
60249	0.005686721638
60250	0.0009857810611
60251	0.0001529836325
60252	0.0002674440414
60253	0.0009258916044
60254	0.000643978462
60255	0.001475006762
60256	0.0002336856874
60257	0.0001702810858
60258	0.0005860851188
60259	0.0004232658944
60260	0.0001416540302
60261	0.0002087712115
60262	0.002300198659
60263	0.0002369066549
60264	0.0008908614714
60265	0.002971766527
60266	0.004936034167
60267	6.197345858e-05
60268	0.003253448406
60269	0.002959508298
60270	0.0002046713718
60271	0.004837279471
60272	0.003327165229
60273	0.004131102878
60274	0.002602815523
60275	0.0003617358334
60276	0.003020024358
60277	0.001977720783
60278	0.0001967410804
60279	0.00257006633
60280	0.001595423639
60281	0.001110277823
60282	0.0003205505256
60283	0.001569466991
60284	0.002253428938
60285	0.00144462359
60286	0.001354337254
60287	0.002232979152
60288	0.003794420093
60289	0.0006873458125
60290	0.004441987828
60291	0.0007664497879
60292	0.005332864883
60293	0.003503364347
60294	0.002393764314
60295	0.003068039329
60296	0.005526334781
60297	0.000871399371
60298	0.003799589779
60299	0.0009200184829
60300	0.000537259925
60301	0.0006848046065
60302	0.0008750076684
60303	0.000387422293
60304	0.001503271367
60305	0.0006380663923
60306	0.0006854545283
60307	0.004060423218
60308	0.0004004081431
60309	0.007360537163
60310	0.0004675202154
60311	0.0004616598341
60312	0.001521859183
60313	0.001217893373
60314	0.002165890318
60315	0.005189220159
60316	0.000186080332
60317	0.002486732891
60318	0.0007106952448
60319	0.000590419628
60320	0.002927092018
60321	0.002768059455
60322	0.00093207495
60323	0.003365806308
60324	0.0005274663583
60325	0.001236191562
60326	0.001072066155
60327	0.0001952078547
60328	0.0001181514591
60329	0.002405819162
60330	0.002722920125
60331	0.0003479700228
60332	0.0001792646976
60333	0.001381036162
60334	7.515830484e-05
60335	0.0003455841273
60336	0.001686922136
60337	0.000866765058
60338	0.0004429167423
60339	0.001398685049
60340	0.001170647395
60341	0.0004006669211
60342	0.002515731255
60343	0.004282350402
60344	0.004194775835
60345	0.0007722033852
60346	0.0006310948751
60347	0.0004512936864
60348	0.004661514856
60349	0.00266949457
60350	0.0009406273396
60351	0.001995421304
60352	2.809326746e-05
60353	4.373430289e-05
60354	0.001312375437
60355	0.006543850437
60356	0.001019267529
60357	0.002094956678
60358	0.003795530522
60359	0.001882711089
60360	0.002127427158
60361	0.0005846363199
60362	0.0007108278121
60363	2.653025111e-05
60364	0.001683693426
60365	0.00224210414
60366	0.0008260847964
60367	0.002003355961
60368	0.0009793841871
60369	0.003425666244
60370	0.0005076064088
60371	0.0004070545025
60372	0.005798343171
60373	0.001142296237
60374	0.01035902711
60375	0.0004333339078
60376	0.004608015394
60377	0.0008182977653
60378	0.0001645821695
60379	0.003402250926
60380	3.962901987e-05
60381	0.0001241474937
60382	0.0001735985915
60383	0.0002598254596
60384	0.01090658609
60385	0.0004308124177
60386	0.003006651044
60387	0.002377307501
60388	0.0001913485054
60389	0.0004685102963
60390	0.0006442376585
60391	0.0002835910419
60392	0.002298804269
60393	0.0003832615349
60394	0.001962101129
60395	0.0001093679368
60396	0.0002794316541
60397	0.001352725387
60398	0.001411086332
60399	0.0004920007735
60400	0.001488489891
60401	0.004767568997
60402	0.002455600287
60403	0.001423131419
60404	0.0001342537702
60405	0.000155574411
60406	0.0006000603884
60407	0.002039567277
60408	0.001043160062
60409	0.003731854927
60410	0.0004108902299
60411	0.0007819798571
60412	0.00397751981
60413	0.001290443542
60414	0.0003778369618
60415	0.003102383932
60416	0.0005794479441
60417	0.002135905669
60418	0.0005990543
60419	0.0006992958394
60420	2.96067063e-05
60421	0.0005681677392
60422	0.002504185286
60423	0.00150617294
60424	9.733138975e-07
60425	0.003270790661
60426	0.0007597997554
60427	5.158505006e-05
60428	0.004839795208
60429	0.001858475689
60430	0.0007477810869
60431	0.0003636525751
60432	0.00797374507
60433	0.0005104881115
60434	0.001107387715
60435	0.0008669926038
60436	0.0006382754098
60437	0.002097563337
60438	0.002980980512
60439	0.0003892902815
60440	0.001272266938
60441	0.002462427517
60442	0.002062599449
60443	0.001750260875
60444	0.000214517646
60445	0.0004921039809
60446	0.002240312365
60447	0.002536762407
60448	0.0007408701839
60449	0.001867443317
60450	0.003483513523
60451	0.001210138089
60452	0.001453868711
60453	0.0006577543652
60454	0.0001095949878
60455	0.0005483247332
60456	4.743226433e-05
60457	0.0002174422654
60458	0.0003688518376
60459	0.001374456843
60460	0.0006335924675
60461	0.001540329557
60462	0.0008870982813
60463	7.368110816e-08
60464	0.0006760070256
60465	0.002288104719
60466	0.001018246736
60467	0.005718300244
60468	0.003000597577
60469	0.001204951718
60470	0.001986630983
60471	0.004380635695
60472	0.001082845238
60473	0.0003414753811
60474	0.0004371530291
60475	0.0007422420328
60476	0.0005517359824
60477	0.0006621251527
60478	0.002653858969
60479	0.0009249589108
60480	0.004130320101
60481	0.0004026214465
60482	0.002386075401
60483	0.003353492194
60484	0.001957112344
60485	0.003857218271
60486	0.0003749699439
60487	0.0006617838206
60488	8.599823104e-05
60489	0.00343544295
60490	0.002521377656
60491	0.002532614904
60492	0.001563871315
60493	0.001653775796
60494	0.002355363515
60495	0.00257121849
60496	0.00146836316
60497	0.000178241622
60498	0.0001731738965
60499	0.001718850581
60500	0.0002608982831
60501	0.0009512084509
60502	0.003496772176
60503	0.00614234248
60504	0.002638313116
60505	0.00192300761
60506	0.001066623389
60507	0.002160084292
60508	0.001867601345
60509	0.004692020679
60510	0.001473307126
60511	0.001067163563
60512	0.0009276176075
60513	0.005263107017
60514	0.00263786611
60515	1.857208811e-05
60516	0.0001484329485
60517	0.001715176657
60518	0.002516419696
60519	0.0001607107378
60520	0.0001705952785
60521	0.001856311519
60522	1.850037514e-05
60523	0.001121048402
60524	0.0008534724755
60525	0.0007611018446
60526	4.482354903e-05
60527	0.0001402690885
60528	0.001653690447
60529	1.406870457e-05
60530	0.001295588473
60531	0.0006910144259
60532	0.002081355104
60533	0.003161416938
60534	0.002358639416
60535	0.001875258289
60536	0.003661961644
60537	0.005161744837
60538	0.004782035394
60539	0.00552955309
60540	0.001942052131
60541	0.002702807072
60542	0.002337061385
60543	0.007282803093
60544	0.002300723091
60545	0.003494146472
60546	0.003538917884
60547	9.317502558e-05
60548	0.0007901715066
60549	0.003060221512
60550	0.000314391286
60551	0.0028177532
60552	0.003216388348
60553	0.004961535942
60554	0.0009779353327
60555	0.001442430615
60556	0.003407152679
60557	0.001711931151
60558	0.002664534403
60559	0.002627210524
60560	0.003034815137
60561	0.003146645539
60562	0.001341625963
60563	0.003543545062
60564	0.001702281537
60565	0.001581734511
60566	0.002345041694
60567	0.003200028102
60568	0.004853000662
60569	5.568466837e-05
60570	0.001356237835
60571	0.001035377578
60572	0.0005876202882
60573	0.005546976882
60574	0.0005634236404
60575	0.004320270641
60576	0.003836161529
60577	0.0001838623802
60578	0.005442248911
60579	0.004254920023
60580	0.006135360246
60581	0.005511645788
60582	0.002556499951
60583	0.004443113104
60584	0.0002851052916
60585	0.007431153349
60586	0.003745708961
60587	0.0008496474192
60588	0.0009884288144
60589	1.66445138e-05
60590	7.195892603e-05
60591	0.000264328923
60592	0.0004071133932
60593	0.0006832796035
60594	0.001523290223
60595	0.001864546376
60596	0.003121003727
60597	0.0005653024407
60598	0.001580980127
60599	4.141439087e-06
60600	0.0007868694443
60601	0.0004583702289
60602	0.00571475035
60603	0.0009600712877
60604	0.002152050647
60605	0.001785723398
60606	0.000560600068
60607	0.006185751297
60608	1.407220638e-05
60609	0.0009069790721
60610	0.002352810564
60611	0.003013708414
60612	0.002070499377
60613	0.0002849503232
60614	0.0001296183404
60615	0.00240442824
60616	0.005048492726
60617	0.002026480486
60618	0.001129780838
60619	0.001701773297
60620	0.00100052177
60621	0.000889626629
60622	0.003180735342
60623	0.00339669741
60624	0.003950210333
60625	0.005573644452
60626	0.006251552153
60627	0.0003544560786
60628	0.001328284128
60629	0.001733277246
60630	0.002155456658
60631	0.00193956131
60632	0.001894693651
60633	0.001315524822
60634	0.001811925728
60635	0.0004249109251
60636	0.002065845427
60637	0.0007401871058
60638	0.0001910116336
60639	0.002854502932
60640	0.005965988383
60641	0.002977590618
60642	0.0001466268341
60643	0.003620679054
60644	0.002491919388
60645	0.001884637448
60646	0.0003359385239
60647	0.0005746853944
60648	0.002153697864
60649	0.005124197548
60650	0.002118453343
60651	0.0009122962071
60652	0.004219581263
60653	0.0018178035
60654	0.0007775687321
60655	2.05839841e-05
60656	0.0006816242738
60657	0.0032987343
60658	0.0006672087655
60659	0.001959441677
60660	0.0007888731558
60661	0.002863239284
60662	0.004058408662
60663	0.004645100926
60664	0.002374027261
60665	0.003194206832
60666	0.001525988983
60667	0.003672236991
60668	0.000123343474
60669	0.00169802205
60670	0.005237244873
60671	0.002748500601
60672	0.006133983391
60673	0.00190759462
60674	0.006989401999
60675	0.005923147447
60676	0.008652590288
60677	0.0002768403593
60678	0.0006940778736
60679	0.002459239139
60680	0.001407845316
60681	0.001665381702
60682	0.001200055302
60683	0.001661420051
60684	0.002701752895
60685	0.001265105
60686	0.0007729573978
60687	0.003435553459
60688	0.003182563314
60689	0.002585691522
60690	0.001353703535
60691	2.151369799e-05
60692	0.0008988033314
60693	0.003537116808
60694	0.003033290306
60695	0.003121882142
60696	0.006416775277
60697	0.00305383313
60698	0.0002729523523
60699	0.001209558914
60700	0.003101942672
60701	0.003841363595
60702	0.0006763114755
60703	0.0001030347783
60704	0.002640247985
60705	0.005262365579
60706	0.000280216079
60707	0.008661532211
60708	0.001767968544
60709	0.001529932973
60710	0.00365771719
60711	0.003031894012
60712	0.001583369832
60713	0.005868432687
60714	0.0008673211728
60715	0.001784186414
60716	0.002551040164
60717	0.0001256496664
60718	0.006720663179
60719	0.0002907174208
60720	0.0002032664541
60721	0.004572453302
60722	0.005154311058
60723	0.004825511147
60724	0.003219724439
60725	0.00108759981
60726	0.003425230079
60727	0.0004878342549
60728	0.0002895298577
60729	0.0003174308716
60730	0.0004692423774
60731	0.001444949023
60732	0.0001337097145
60733	0.001167155184
60734	0.001375695843
60735	0.004330086268
60736	0.0003446337255
60737	0.0004413264985
60738	0.002834663861
60739	0.001363562199
60740	0.001376690382
60741	0.002912626759
60742	0.001143999558
60743	0.0009528834548
60744	0.008728118831
60745	0.003195045249
60746	0.004318777828
60747	0.004945358738
60748	0.001351186932
60749	0.002210928737
60750	0.000637154173
60751	0.003014118427
60752	0.0001367812605
60753	0.002077521727
60754	0.004247415687
60755	0.002358101241
60756	0.001119555591
60757	0.004495611426
60758	0.002110194607
60759	0.00683385295
60760	0.002785432398
60761	0.004801095911
60762	4.8337578e-05
60763	0.003546800527
60764	0.0009127062222
60765	0.003228347102
60766	0.002389833287
60767	0.003335241599
60768	0.002490672017
60769	0.001076936149
60770	0.001266985841
60771	0.0007122047239
60772	0.002152898967
60773	0.001014546139
60774	0.0007087204114
60775	0.0003880207209
60776	0.001302776939
60777	0.0003271945271
60778	0.001298193952
60779	0.002249494539
60780	0.005286780684
60781	0.001107087842
60782	0.001639655941
60783	0.0009893053671
60784	0.000124599446
60785	0.002802704048
60786	0.004164738147
60787	0.0005602727425
60788	0.006237293019
60789	0.0001064218284
60790	0.0009901946536
60791	0.001957311147
60792	0.004334645762
60793	0.0009952967707
60794	0.006557322754
60795	0.0002692289207
60796	0.002201019313
60797	0.003391855346
60798	0.001128478781
60799	0.001799608635
60800	0.0001642283994
60801	0.0003625422618
60802	0.001904687126
60803	0.004439123918
60804	0.002972391731
60805	0.001710167377
60806	0.000502585263
60807	0.001845735455
60808	0.006027133781
60809	0.001808821961
60810	0.0007612942351
60811	0.002008540185
60812	0.0002585789447
60813	0.001756945473
60814	0.001585858835
60815	0.0002948614957
60816	0.0001846935724
60817	0.002732537978
60818	0.0001485523468
60819	0.002782005696
60820	0.001395350105
60821	0.0001406335856
60822	0.001921801038
60823	0.0008894827478
60824	0.001486114253
60825	0.005709073583
60826	0.006098958599
60827	0.003348111742
60828	0.001216107131
60829	0.0009438955787
60830	0.003593513102
60831	0.002039668666
60832	0.0002808727377
60833	0.0008542861459
60834	0.001525781662
60835	0.00319011235
60836	0.0009211214438
60837	0.005046790514
60838	0.0007479655831
60839	0.003725864571
60840	0.0007909229158
60841	0.001023197649
60842	0.003414520675
60843	0.0001961830751
60844	0.000203517908
60845	0.004191841619
60846	0.001149750833
60847	0.001308701567
60848	0.0004999756064
60849	0.002082535128
60850	0.002924159232
60851	0.002481406253
60852	0.003274871027
60853	0.001116739144
60854	3.212183684e-06
60855	0.002637592671
60856	0.00351509741
60857	0.001881014364
60858	0.002453687723
60859	0.001225699585
60860	0.005046403014
60861	0.002111670841
60862	0.0007515846345
60863	0.003444372472
60864	0.001838085315
60865	0.002925817644
60866	0.0003433957423
60867	0.0005473885597
60868	8.372411693e-06
60869	0.001426869017
60870	0.0003790689923
60871	0.000545578263
60872	0.0008446332271
60873	0.0003243417409
60874	0.002525006311
60875	0.000381557251
60876	6.964726055e-05
60877	0.0002339603333
60878	0.0002268457831
60879	6.881553718e-05
60880	0.0009137174383
60881	0.001380841368
60882	0.006200347231
60883	0.001011647488
60884	0.006924327432
60885	0.0008573248012
60886	0.0003476094888
60887	0.004812382495
60888	0.00308459852
60889	0.002627361361
60890	0.0007532973368
60891	0.002204999022
60892	0.001205838187
60893	0.003493558071
60894	0.004014893067
60895	7.263009836e-05
60896	0.0002741699007
60897	0.0002549749207
60898	0.0004028246364
60899	0.001410017375
60900	0.0001715798577
60901	0.0002777296464
60902	0.000662216072
60903	0.0008519478213
60904	0.001292202795
60905	0.0004810077368
60906	5.406040297e-05
60907	0.0008397393339
60908	0.0005428608184
60909	0.0001299416895
60910	0.003113215198
60911	0.0001061519216
60912	5.524407081e-05
60913	0.001262106037
60914	0.002312937537
60915	0.002106287642
60916	0.002391823547
60917	0.002387317475
60918	0.00120883105
60919	0.006046625093
60920	0.002631206209
60921	0.005655884675
60922	0.000938956468
60923	0.0008501273349
60924	0.0006018634625
60925	0.001947745981
60926	0.001878081183
60927	0.001251288637
60928	0.0004804286873
60929	0.0006538257884
60930	0.0003639712003
60931	0.0008784248828
60932	0.001026701204
60933	0.0008623032161
60934	0.0006060915327
60935	0.001071640751
60936	0.0003341327389
60937	0.0006971152562
60938	0.000767228522
60939	0.0008898966041
60940	0.0005156774917
60941	0.0005640479513
60942	0.0007456499153
60943	0.0007987262456
60944	0.0003174329395
60945	0.0006812820113
60946	0.0003761379359
60947	0.001382353821
60948	0.001429676055
60949	0.001760956707
60950	0.000654792928
60951	0.000646656207
60952	0.001079183201
60953	0.001058290442
60954	0.0004818247813
60955	0.001248826987
60956	0.0004019429836
60957	0.001045129119
60958	0.0009959774566
60959	0.0008994077569
60960	0.0006584804171
60961	0.0005802996026
60962	0.0009424691754
60963	0.0007199647606
60964	0.001119828374
60965	0.0006795809371
60966	0.0006707058437
60967	0.001356276978
60968	0.001099198776
60969	0.0005882081403
60970	0.0001142223039
60971	0.00155174884
60972	0.0002369710622
60973	0.0007158339121
60974	0.0004231801198
60975	0.0005725939974
60976	0.0001660079625
60977	0.002762470467
60978	0.003425264212
60979	0.00136690806
60980	0.002668417111
60981	0.0007535454778
60982	0.0004286814678
60983	0.001550574914
60984	0.0004339508801
60985	0.0001951780483
60986	0.001348020952
60987	0.000139652893
60988	0.002047587018
60989	0.002055921163
60990	0.0006226702764
60991	0.002641298077
60992	0.0009478888719
60993	0.0008657476105
60994	0.0008770036322
60995	0.001334144714
60996	0.004206246224
60997	0.001633826997
60998	0.000404161778
60999	0.001160943342
61000	4.703049727e-05
61001	0.001064011404
61002	0.0001897981562
61003	0.0009363800142
61004	0.005054080688
61005	0.001325732429
61006	0.0008075757843
61007	0.00334689428
61008	0.003260356366
61009	0.002224750639
61010	0.001781172418
61011	0.001458937135
61012	0.0004139279789
61013	0.002126690821
61014	0.002967376992
61015	0.002243743037
61016	0.0008773956134
61017	0.0003196614027
61018	0.003888962138
61019	0.002391017968
61020	0.001239600922
61021	0.001868179449
61022	0.00369964931
61023	0.0005052920851
61024	0.0003963995069
61025	0.00519940423
61026	0.002027807856
61027	0.0002397969957
61028	0.000447368066
61029	0.000722246033
61030	0.0007392004935
61031	0.0035646136
61032	0.0003327006946
61033	0.0015344329
61034	0.0003712691831
61035	0.0007979944113
61036	0.0028871947
61037	0.0009860323678
61038	0.002452786849
61039	0.0002049484756
61040	0.003374810157
61041	0.0004225924043
61042	0.0001999841063
61043	0.003627079322
61044	0.00302651909
61045	0.001753186769
61046	0.003333056788
61047	0.005634071802
61048	0.002786112913
61049	0.001332596234
61050	0.0006327587737
61051	0.0008844913675
61052	0.008788970563
61053	0.002733549533
61054	0.004301633239
61055	0.0001732616246
61056	0.009590502485
61057	0.003472341489
61058	0.002492013726
61059	0.001556712436
61060	0.002406704847
61061	0.001422038477
61062	0.0008881479167
61063	0.0004369658594
61064	0.003272190175
61065	0.0006069698817
61066	1.051583042e-05
61067	0.004266538458
61068	7.925422262e-05
61069	0.000243921667
61070	0.0003218854191
61071	0.002517923479
61072	0.0009096106426
61073	0.0006178642111
61074	0.0001719157612
61075	0.001305016136
61076	0.0006963119153
61077	0.003319729075
61078	0.001017044548
61079	0.002044954609
61080	0.0001000806679
61081	0.0008974607746
61082	0.00447084723
61083	0.0004512953376
61084	0.0003786964934
61085	0.001064243898
61086	0.0001992951538
61087	3.91746229e-05
61088	0.0002652769441
61089	0.0001981143632
61090	0.0002217285071
61091	0.001037346005
61092	0.0006746405582
61093	0.001346288131
61094	0.001153589974
61095	0.001434946133
61096	0.0002099151848
61097	0.001749533943
61098	3.469958808e-05
61099	0.0001688021763
61100	0.002335353646
61101	0.002284847439
61102	0.001673420779
61103	0.0002834820295
61104	0.0008903413728
61105	0.0001508613174
61106	0.003471602514
61107	0.000281557152
61108	0.0001074138262
61109	0.003401771649
61110	0.001878358695
61111	0.000927538054
61112	0.0005061295845
61113	0.001628507513
61114	0.000390365467
61115	0.0003468376957
61116	0.0008449582628
61117	0.001065891267
61118	0.0006221009488
61119	0.001385991266
61120	0.0005520891005
61121	0.0003123300372
61122	0.003492819705
61123	0.001525637856
61124	0.0007852549324
61125	0.001390082495
61126	5.773425286e-05
61127	0.0007474895779
61128	2.092212038e-05
61129	0.001195791483
61130	0.0006661194416
61131	0.0004418103036
61132	0.0003458621235
61133	0.0004800313944
61134	0.001431202728
61135	0.000406488285
61136	3.761729988e-05
61137	0.0002479163966
61138	0.002797140916
61139	0.00161854664
61140	0.001330185068
61141	0
61142	0.001525680326
61143	0.001811984136
61144	0.0006002619015
61145	0.001806217429
61146	0.0002804088957
61147	0.001549374844
61148	0.008702136219
61149	0.004553128052
61150	0.0001940613925
61151	0.000333925814
61152	0.001448617122
61153	0.0002100217617
61154	0.003757505324
61155	0.001975116485
61156	0.000739056037
61157	0.0004001246744
61158	0.002887160216
61159	0.0006212818625
61160	0.002330687643
61161	0.000986139746
61162	0.001774447636
61163	0.0013805429
61164	0.004136665735
61165	0.002097287549
61166	0.002543059552
61167	0
61168	0.003200483082
61169	0.0006352258436
61170	0.001587526606
61171	0.000150146134
61172	0.001569614089
61173	0.003582755604
61174	0.003099909033
61175	0.00141407114
61176	0.0001184467031
61177	0.00199556807
61178	0.001689551155
61179	0.004532369885
61180	0.0009377002612
61181	0.001404082285
61182	0.0009972504028
61183	0.001499316413
61184	0.005233034764
61185	0.00121864339
61186	0.001575860076
61187	0.0001370045494
61188	0.003249179304
61189	0.004394461984
61190	0.0003440110349
61191	0.0005961622169
61192	0.006350614541
61193	0.000709891897
61194	3.729504836e-06
61195	0.0004914260343
61196	0.002502715885
61197	0.0002446817587
61198	0.00444839412
61199	0.0001639114287
61200	0.002536266656
61201	0.003335081895
61202	0.001697826352
61203	0.002319165696
61204	0.001768504983
61205	0.0006456742642
61206	9.908117624e-05
61207	0.0004481112135
61208	0.003967774233
61209	2.906540286e-06
61210	0.003944667715
61211	0.001257219251
61212	8.675104033e-05
61213	0.004734009293
61214	0.006600769806
61215	0.008141470337
61216	0.004622007448
61217	0.0001118964276
61218	0.006787441229
61219	0.003387178705
61220	0.002458915728
61221	0.002476186185
61222	0.00332382617
61223	0.003784413106
61224	0.003161383303
61225	0.001857227148
61226	0.002043473627
61227	0.001293116506
61228	0.004878257742
61229	0.003409245616
61230	0.0002757101807
61231	0.0004444260203
61232	0.002673617295
61233	0.00535045795
61234	0.0006929404604
61235	0.002638668026
61236	0.001302646824
61237	0.002036879399
61238	0.006398543984
61239	0.001579620912
61240	0.00420514799
61241	0.005089988949
61242	0.002588322785
61243	0.0001440741815
61244	9.573383796e-05
61245	0.001193384918
61246	0.003952837104
61247	0.0009169456346
61248	0.00375010214
61249	0.00387441353
61250	0.0001898676025
61251	0.001341265241
61252	0.0009803524776
61253	2.117797452e-05
61254	0.002515289998
61255	0.001008836591
61256	0.003369973032
61257	0.003355376395
61258	0.0004355157506
61259	0.001730324357
61260	0.00267407322
61261	0.0004262526962
61262	0.001293529433
61263	0.002991002599
61264	0.002070204223
61265	0.003289729426
61266	0.002990491282
61267	2.709648243e-06
61268	0.002759345107
61269	0.00312662661
61270	0.002708176417
61271	0.006892801473
61272	0.002439282785
61273	0.003394497595
61274	0.00127840546
61275	0.0003373625848
61276	0.000474029397
61277	0.003031641642
61278	0.002071333515
61279	0.0005289490025
61280	0.002217975355
61281	0.001327487666
61282	0.001889980891
61283	0.002849436803
61284	0.001692574436
61285	0.002031055956
61286	0.0007733621587
61287	0.006873963505
61288	0.001268878628
61289	0.0006924124233
61290	0.002075951317
61291	0.002678277183
61292	0.002269558737
61293	0.002579255348
61294	0.001618457944
61295	0.0008688078107
61296	0.0001867726567
61297	0.001706461807
61298	0.001228643346
61299	0.0005788784472
61300	0.004153005107
61301	0.0002000010991
61302	0.0003087386165
61303	0.003562903004
61304	0.0005394785532
61305	0.00057747413
61306	0.001924706519
61307	0.001780594038
61308	0.001241206579
61309	0.002247731893
61310	0.002455848375
61311	0.001067811895
61312	0.00157305897
61313	0.003483524494
61314	0.00505521986
61315	0.004790922253
61316	0.0003381395128
61317	0.0003787331
61318	0.001737035264
61319	0.002495056338
61320	0.001672201213
61321	8.636060975e-05
61322	0.001814784059
61323	3.484779523e-05
61324	0.002216413944
61325	0.001296962117
61326	0.0001435161655
61327	0.0007045152915
61328	0.002766959597
61329	0.004883603598
61330	2.38820794e-06
61331	0.001773251873
61332	0.001099388639
61333	0.0008634960608
61334	0.001523534966
61335	0.0007710199292
61336	0.001090859739
61337	0.001281865317
61338	0.0009289896841
61339	0.0008742366237
61340	1.001603332e-05
61341	0.001992861749
61342	0.0002927374585
61343	0.0017236249
61344	0.0009148013986
61345	0.001496050147
61346	0.001613986835
61347	0.0006587402543
61348	0.0006458211854
61349	0.0005245858916
61350	0.005775066828
61351	0.001339649455
61352	0.001369482377
61353	0.00299920679
61354	0.003672316325
61355	0.002275411009
61356	0.0007543970096
61357	0.004980026239
61358	0.001429595251
61359	0.001071561769
61360	0.003488756988
61361	0.002358417139
61362	0.003187885537
61363	0.002977148266
61364	8.896707936e-05
61365	0.00151914584
61366	0.004347370594
61367	0.002749091146
61368	0.003394375508
61369	0.00381568725
61370	9.046497254e-05
61371	6.35974229e-05
61372	0.002852787224
61373	0.0004183529504
61374	0.0008121262536
61375	0.0006754051987
61376	0.003951526531
61377	0.0005632000638
61378	0.0009499428605
61379	0.000794975736
61380	0.0003579252855
61381	0.005054237814
61382	0.00127995405
61383	0.000543148679
61384	0.002901862168
61385	0.0003704137632
61386	0.001289470374
61387	0.00019618369
61388	0.000170921865
61389	0.002214819467
61390	0.002466190239
61391	0.002971962865
61392	0.0009030091185
61393	0.001207912423
61394	0.001979576744
61395	0.001363021964
61396	0.0002101654596
61397	0.002957188369
61398	0.0004199399611
61399	0.0001086761944
61400	0.007293772716
61401	0.003167645841
61402	0.00218822444
61403	0.003021167699
61404	0.001933889193
61405	0.00601738144
61406	0.0001828897428
61407	0.003765030017
61408	0.001124432691
61409	0.001403038232
61410	0.0001956828875
61411	0.0002219696605
61412	0.001729271728
61413	0.001162775477
61414	0.00245124586
61415	0.002723610682
61416	0.001270106917
61417	0.000537705944
61418	0.002746706245
61419	0.005600169804
61420	0.005787997062
61421	0.002749189577
61422	0.0006523722162
61423	0.003147527589
61424	0.00149649883
61425	0.0003749188398
61426	0.001542171618
61427	0.001838665406
61428	0.0008241998056
61429	0.002176778307
61430	0.00150884918
61431	0.0002381677193
61432	0.0007169071476
61433	0.002178429974
61434	0.0021864178
61435	0.003284568915
61436	0.001968876409
61437	0.0007701906864
61438	0.00497194036
61439	0.002717046182
61440	0.003695037697
61441	0.003177379869
61442	0.001520552181
61443	0.001688214988
61444	0.0009210069015
61445	0.001636759569
61446	0.004859317515
61447	0.005430321398
61448	0.005329602932
61449	0.007799003225
61450	0.0001932863059
61451	0.002741535054
61452	0.001879327786
61453	0.002635452433
61454	0.006753138139
61455	0.00125585739
61456	0.001233716749
61457	0.001532527039
61458	0.004920179892
61459	0.001243432488
61460	0.0002931250219
61461	0.0004574909052
61462	0.0008276490956
61463	0.00153500692
61464	0.0002279636057
61465	0.003179520629
61466	0.00161151304
61467	0.002675597116
61468	0.004511987762
61469	0.001376822399
61470	0.00502054806
61471	0.001419713941
61472	0.0004604232704
61473	0.0002727501619
61474	0.00229438995
61475	0.005667270923
61476	0.001641709654
61477	0.0004774326069
61478	0.002075013495
61479	0.004719668606
61480	0.002908342728
61481	0.0001530289915
61482	0.002267054043
61483	0.0004844791298
61484	0.003302115366
61485	0.0008582055032
61486	8.736094589e-05
61487	0.0005159801994
61488	0.0001917083563
61489	0.002467390187
61490	0.0002254511594
61491	0.006429208744
61492	7.223409604e-05
61493	0.0005078304388
61494	0.001758057841
61495	0.0005280578279
61496	0.001442903727
61497	0.001125457677
61498	0.000906517508
61499	0.0009329834589
61500	0.0008625200295
61501	9.759296458e-05
61502	0.001642813121
61503	0.001487787005
61504	0.0001675464068
61505	0.001220557961
61506	0.000715890804
61507	0.001351463801
61508	0.0008340557956
61509	0.007125130502
61510	0.001090355853
61511	0.002798047521
61512	0.004806955768
61513	0.001620099194
61514	0.000829906548
61515	0.00101033096
61516	0.00174253327
61517	0.001724094014
61518	0.0003265288845
61519	0.001082612024
61520	0.0006267272639
61521	0.007658149499
61522	0.002606199541
61523	4.008940868e-05
61524	0.004181588779
61525	0.001891381014
61526	0.0007835411482
61527	0.005963112601
61528	0.002155919918
61529	0.001146259308
61530	0.004564859975
61531	0.003427239417
61532	0.003271241276
61533	0.002986152487
61534	0.002483559085
61535	0.0007794463522
61536	0.000820608063
61537	0.001194691955
61538	0.005034359024
61539	0.0003628232772
61540	0.009785656065
61541	0.005086858077
61542	0.001884166643
61543	0.0001631949475
61544	9.453627906e-05
61545	0.002356974248
61546	0.006322390503
61547	0.001856421848
61548	0.004472934803
61549	0.0002660597212
61550	0.005592664531
61551	7.227137434e-05
61552	0.0001899898361
61553	0.003473020316
61554	0.002020979245
61555	0.001996344729
61556	0.003279783949
61557	0.002066395095
61558	0.001509397045
61559	0.0008948577424
61560	0.001635264177
61561	0.002311553944
61562	0.0002377010457
61563	0.0007644651818
61564	0.006443368882
61565	0.00123229079
61566	0.0007367496805
61567	0.002900875026
61568	0.004741229991
61569	0.0004640031427
61570	0.001349406104
61571	0.000355241069
61572	0.003926475848
61573	0.003764266835
61574	0.0008354573314
61575	0.001097754178
61576	0.001228817199
61577	0.001076820348
61578	0.0003205976444
61579	0.0009274226397
61580	0.002369244965
61581	0.003109432052
61582	0.001148788614
61583	0.0009174249824
61584	0.002658718149
61585	0.002114940069
61586	5.173665469e-05
61587	0.0003011809097
61588	0.001469705911
61589	0.004027935899
61590	1.627996763e-05
61591	8.959533914e-05
61592	0.00238986313
61593	0.0007394446987
61594	0.005328454694
61595	0.001836173211
61596	0.006700378015
61597	0.0003771182302
61598	0.0009832213052
61599	0.004736024699
61600	0.002703480382
61601	0.0004774311069
61602	0.000435443111
61603	0.0002067633831
61604	0.001267072338
61605	0.0001775574065
61606	0.0003147509608
61607	0.001568583449
61608	0.000337059953
61609	0.003537596812
61610	0.001486980386
61611	0.003190374254
61612	0.00428258465
61613	5.547384655e-05
61614	0.002935417174
61615	0.0001639588191
61616	0.0009434065951
61617	0.0005631504458
61618	0.0005472814475
61619	0.0004553127202
61620	2.435298072e-05
61621	0.004111371394
61622	0.001585428145
61623	0.0026305106
61624	0.000238901741
61625	0.001391242175
61626	0.0009381108253
61627	0.000277455662
61628	0.0004609821829
61629	0.004377264343
61630	0.001256907402
61631	0.001549193282
61632	0.0006186675138
61633	0.0002091758063
61634	0.0006430768193
61635	0.0005497738709
61636	0.001238238034
61637	0.0003589226013
61638	0.0009391443603
61639	0.003700104905
61640	0.0007627743083
61641	0.004692362916
61642	0.0001359465709
61643	0.001015170154
61644	0.00165301324
61645	0.0006380779363
61646	1.157165722e-05
61647	0.0001058497274
61648	0.0008034702956
61649	0.0004388152688
61650	0.0009523659603
61651	0.004641555189
61652	0.001069834376
61653	0.0001068452538
61654	0.001931599294
61655	0.001849346892
61656	0.005173909216
61657	0.00301349977
61658	0.0008285651348
61659	0.006865508453
61660	0.00380828084
61661	0.004058380607
61662	0.0004490981174
61663	0.0002269489615
61664	0.002620420674
61665	0.000384986677
61666	0.00359134695
61667	0.0008942712035
61668	0.003516896793
61669	0.0002185954247
61670	3.061670381e-05
61671	0.0007642482141
61672	0.0009827822304
61673	0.000434589396
61674	0.003827000536
61675	0.000844430776
61676	0.00350779073
61677	0.0002760022705
61678	0.004780800157
61679	0.001001809975
61680	0.0002753674284
61681	0.003899087474
61682	0.001904306223
61683	0.002738559618
61684	0.0003733401956
61685	0.005418667526
61686	0.004056443011
61687	0.001796672158
61688	0.003082287399
61689	0.006099563471
61690	0.002100401855
61691	4.947074746e-05
61692	0.0004198936168
61693	0.00138133507
61694	0.005450613561
61695	0.001220114378
61696	0.005243501429
61697	0.001345179928
61698	0.002556337653
61699	0.006535814584
61700	0.00106898251
61701	0.002508610511
61702	0.0001451110152
61703	0.008092776764
61704	1.902869225e-05
61705	0.001910128876
61706	0.00305812425
61707	0.004755962049
61708	0.002245818218
61709	0.004472494463
61710	0.001957911921
61711	9.933379954e-05
61712	0.0009453470102
61713	0.002866256725
61714	0.001092439979
61715	0.003610077169
61716	0.0005885940689
61717	0.001721233794
61718	0.003287881856
61719	0.0006556273332
61720	0.002052986466
61721	0.004412302046
61722	0.0005534806628
61723	0.00287295392
61724	0.002849765529
61725	0.003086154791
61726	0.0005390136973
61727	0.004284591045
61728	0.0002050612403
61729	0.001168768712
61730	0.0009614660216
61731	0.002892983553
61732	0.0007346415022
61733	0.00609126951
61734	0.0001479500288
61735	0.002552695848
61736	0.002216012444
61737	0.0006721902502
61738	0.001477144257
61739	0.003342269557
61740	0.0004749810338
61741	0.003982479488
61742	0.0004659102621
61743	0.00136733362
61744	0.005570968711
61745	9.471996097e-05
61746	0.001699335981
61747	0.008471658331
61748	0.003838657237
61749	0.002931275489
61750	0.00103560514
61751	0.003920902245
61752	0.001574840636
61753	0.001580572533
61754	0.0002329598463
61755	0.003753086172
61756	0.0009402960956
61757	0.0003825171271
61758	0.004459790735
61759	8.798952524e-05
61760	0.0006841630164
61761	0.002966620749
61762	0.00181092703
61763	0.0006187641744
61764	0.001146894806
61765	0.003044946418
61766	0.0007022143576
61767	0.0006535347523
61768	0.0002370707557
61769	0.003528252271
61770	0.001525659789
61771	0.000398031706
61772	5.471335204e-05
61773	0.001100278469
61774	0.003618857463
61775	0.001131202716
61776	0.003498167623
61777	0.001924868951
61778	7.380634555e-05
61779	0.001303729237
61780	0.007255098844
61781	0.0001699229274
61782	0.003119833135
61783	0.0004172496493
61784	0.0005001187515
61785	0.001243090647
61786	0.0003512005463
61787	0.002257976928
61788	0.00115144077
61789	0.0002215001501
61790	0.00177397176
61791	0.0006454116677
61792	0.006710872494
61793	0.002413637751
61794	0.006337523514
61795	0.004955869619
61796	1.422497652e-06
61797	0.000248324914
61798	0.002044336135
61799	0.001861843666
61800	0.0007651216327
61801	0.0002762654043
61802	0.005579050674
61803	0.001543500591
61804	0.0005341864878
61805	0.00160377381
61806	3.603006427e-05
61807	0.0006135244922
61808	0.0001609407132
61809	7.635233553e-05
61810	0.0002533989794
61811	0.0004809459733
61812	0.002299063965
61813	7.220591844e-05
61814	0.000193507788
61815	0.0003872709455
61816	9.566547259e-05
61817	0.001749874119
61818	0.001129556506
61819	0.002793936303
61820	0.001775154524
61821	0.000939395839
61822	0.001634208415
61823	0.005277604508
61824	0.001324175242
61825	0.003950494583
61826	0.00174136882
61827	0.002094243919
61828	0.0006095338675
61829	0.002133512591
61830	0.001364300559
61831	0.002964342312
61832	0.00157911412
61833	0.002476395896
61834	0.0008440752515
61835	0.007941921087
61836	0.003727885264
61837	0.002709529016
61838	0.001056298849
61839	0.004918916268
61840	0.004351437346
61841	0.0007985580863
61842	0.0009703810546
61843	0.001126286403
61844	0.003396057893
61845	0.002017197085
61846	2.279024956e-05
61847	0.001500383155
61848	0.002987990307
61849	0.003214627764
61850	0.008206777188
61851	0.004715975696
61852	0.007132829434
61853	0.004738343664
61854	0.0001767371642
61855	0.002477239787
61856	0.004084693956
61857	0.00544020254
61858	0.0001069754801
61859	0.002221996596
61860	0.001290849172
61861	0.001777445907
61862	0.002830702742
61863	0.0007421488049
61864	0.002402962814
61865	0.0009053970859
61866	0.0008814801789
61867	0.001403116497
61868	0.001351636179
61869	0.0005757668307
61870	0.0005993394418
61871	0.001024322374
61872	0.0001610442732
61873	0.002106329605
61874	2.956915387e-05
61875	0.0001952616225
61876	0.003434270802
61877	0.005694578836
61878	0.001155607366
61879	0.0005092514963
61880	0.00148659189
61881	0.005087413594
61882	0.0003301344847
61883	0.0002346445791
61884	0.005598897031
61885	0.001065350599
61886	0.000954065598
61887	0.0001322743269
61888	0.0007654420936
61889	0.001773025991
61890	0.000134441229
61891	0.002174699335
61892	0.001100480473
61893	4.054850993e-05
61894	0.003140558456
61895	0.0008881447589
61896	0.0008754500713
61897	0.00235902886
61898	0.001524232347
61899	0.00028537453
61900	0.0001158177288
61901	0.001361442757
61902	0.001032993758
61903	0.0003954779483
61904	0.0007943298567
61905	0.0003966893969
61906	0.0004550145346
61907	6.004465711e-05
61908	0.003218990208
61909	0.0001531452017
61910	0.001037027706
61911	0.003391925622
61912	0.0009488099583
61913	0.0003950689319
61914	0.002742978885
61915	0.004596889104
61916	0.006755328509
61917	0.006459557258
61918	0.0002459913596
61919	0.001169070692
61920	0.001072032675
61921	0.0004396377915
61922	0.0006411242938
61923	0.003822770494
61924	0.00533666596
61925	3.764142824e-05
61926	0.001656854793
61927	0.002345628668
61928	0.003138742556
61929	0.0005380166909
61930	0.000785564633
61931	0.004454498094
61932	0.001200210833
61933	0.003831296333
61934	0.002438747147
61935	0.0002343260271
61936	0.001492893613
61937	0.001049164278
61938	0.01168110811
61939	0.004430982157
61940	0.0004134280005
61941	0.0002563369366
61942	0.004785760452
61943	0.002636143987
61944	0.002810852259
61945	0.0009166396506
61946	0.0002915851332
61947	0.001076422541
61948	0.000460128996
61949	0.0003706082874
61950	0.008852475178
61951	0.001336291602
61952	0.001220799315
61953	0.001247799502
61954	0.0002985000219
61955	0.0001332156502
61956	0.005153032278
61957	0.002409333764
61958	0.0008647445458
61959	0.003815075799
61960	0.004059774083
61961	0.005320334843
61962	0.001179930757
61963	0.0002590844648
61964	0.0005534918963
61965	0.003365786683
61966	0.002499388509
61967	0.001195603452
61968	0.001618424061
61969	0.003884518011
61970	0.0008622422329
61971	0.003978678317
61972	0.002468756325
61973	0.003893679983
61974	0.004341826644
61975	0.002139936036
61976	0.003001341735
61977	0.006692899715
61978	0.002725333554
61979	0.0020495603
61980	0.005917049242
61981	0.000199829123
61982	0.003930361692
61983	0.0009473665825
61984	2.477940752e-05
61985	0.001690591891
61986	0.0003288605148
61987	0.000836976607
61988	0.00457050031
61989	0.0002411490188
61990	0.006109608105
61991	0.0006616654962
61992	0.002743841741
61993	0.001908275976
61994	0.001945485206
61995	0.006747820471
61996	0.001501394361
61997	0.000495471708
61998	0.003337516719
61999	0.002381155705
62000	0.0004486799074
62001	0.0002767264339
62002	0.007032915116
62003	0.002116733223
62004	0.003318439023
62005	0.001182495011
62006	0.004366596448
62007	0.001373476598
62008	0.002326125167
62009	0.003240093796
62010	9.897841217e-05
62011	0.002360878856
62012	0.00156198694
62013	0.001957471876
62014	0.001838730111
62015	0.005969698367
62016	0.000943633289
62017	0.002015584012
62018	0.0003701739969
62019	0.0005873527023
62020	0.00602332333
62021	0.0008181363823
62022	0.001808481663
62023	0.002375622361
62024	0.005820187286
62025	0.005674524363
62026	0.002595444197
62027	0.001569972183
62028	0.004099807478
62029	0.001172488749
62030	0.001427187065
62031	0.004166615927
62032	0.009478040272
62033	0.002607420022
62034	0.00106650635
62035	0.0001156527752
62036	0.003914694043
62037	0.0007002807672
62038	0.004444832732
62039	0.0003246417373
62040	0.004549050679
62041	0.0003435116876
62042	0.0007350737159
62043	0.00178423541
62044	0.001288987715
62045	0.001026399167
62046	0.0004920029194
62047	0.001954756838
62048	0.002286112066
62049	0.0007909287972
62050	0.0008592329876
62051	0.000282605439
62052	0.00177254668
62053	0.00496289931
62054	0.001640720394
62055	0.001114547351
62056	0.004567996603
62057	5.427604703e-05
62058	0.004144078228
62059	0.004982050782
62060	0.004086792268
62061	0.005386759716
62062	0.002341011494
62063	0.00542686725
62064	0.002223635407
62065	0.00410651492
62066	0.00406712747
62067	0.001951799717
62068	0.004528170878
62069	0.0007170712046
62070	0.0006357249931
62071	0.001062540258
62072	4.84720902e-06
62073	0.001577255043
62074	0.0001924068629
62075	0.002196882269
62076	0.007117168188
62077	5.41480293e-05
62078	0.001324270917
62079	0.0005491248197
62080	9.448384672e-05
62081	0.001104324493
62082	0.0002632533325
62083	0.0001235374584
62084	0.001660502298
62085	0.001421627554
62086	0.001036531318
62087	0.001295368446
62088	5.100318472e-05
62089	0.0008329824543
62090	0.0007711467363
62091	0.0001356268189
62092	0.002332345459
62093	0.01041605864
62094	0.0003618749231
62095	0.006919202554
62096	0.00537782982
62097	0.007571371031
62098	0.003070467882
62099	0.008644955955
62100	0.01296403001
62101	0.005401177525
62102	0.0007122316416
62103	0.006314664693
62104	0.005997824297
62105	0.00232456178
62106	0.003165127817
62107	0.004362602761
62108	0.004140400135
62109	0.0009132205885
62110	0.003310935258
62111	0.0002451128908
62112	0.001719182663
62113	0.001660338457
62114	0.002571206953
62115	0.0002356340671
62116	0.0001653706876
62117	0.001609521872
62118	0.004094001278
62119	0.0008053260122
62120	0.00545550621
62121	0.0004122651538
62122	0.000516994936
62123	0.001525508408
62124	0.003968359056
62125	0.000838600611
62126	0.0004939759262
62127	0.0002961442484
62128	4.660184261e-05
62129	0.0002526105209
62130	0.001392601261
62131	0.00254491861
62132	0.00323628152
62133	0.002586269723
62134	0.002611547661
62135	0.001934421753
62136	0.0001622531599
62137	0.0009009588737
62138	0.0003970987349
62139	0.0009222017352
62140	0.0006461281305
62141	0.002199485401
62142	0.000187048116
62143	0.001995519669
62144	0.00171947404
62145	0.005403088292
62146	0.0003687848835
62147	0.000628972835
62148	8.300764667e-05
62149	0.002368402351
62150	0.0003615979462
62151	0.0006453635104
62152	0.0003655894118
62153	0.0002530636996
62154	0.000564962415
62155	0.0001301688075
62156	0.0001425638026
62157	0.0002324432282
62158	0.0002294195562
62159	8.990014972e-05
62160	3.296880716e-05
62161	9.359046988e-05
62162	0.0005165034766
62163	0.0004345006788
62164	6.94732997e-05
62165	0.0004923550518
62166	0.001107372407
62167	0.0001283203423
62168	0.001313386403
62169	0.0009219978948
62170	0.0003425944722
62171	4.314331007e-05
62172	0.0004719543234
62173	9.590920507e-05
62174	0.0001285969441
62175	0.0004803303101
62176	0.0001814693856
62177	0.0001432353793
62178	0.0001871009178
62179	0.0008892962616
62180	0.0009544337538
62181	3.805394342e-05
62182	3.442765993e-07
62183	0.0001992286464
62184	0.00163849532
62185	0.0002562903227
62186	0.002266016461
62187	0.0003953069886
62188	0.00090293279
62189	0.001982636084
62190	3.034505536e-05
62191	0.003453778955
62192	0.00216143403
62193	0.003020569545
62194	0.002532298675
62195	0.004628460174
62196	0.006737261249
62197	0.0004760146906
62198	0.002551427765
62199	0.0008084179941
62200	0.0007412327453
62201	0.00286252782
62202	0.001143709997
62203	0.0004517234011
62204	0.003764238777
62205	0.002176037232
62206	0.0003298382061
62207	0.003902568004
62208	0.006706624848
62209	0.001324560885
62210	0.0005641774057
62211	0.002733302434
62212	2.969427166e-05
62213	0.0001225564306
62214	0.0005870756683
62215	0.0008045047957
62216	0.000165330449
62217	0.0003583994479
62218	0.0004518684954
62219	0.0009221227446
62220	0.001483435167
62221	0.003942376395
62222	0.0004968257903
62223	0.005709360752
62224	0.0006918190306
62225	0.001784138855
62226	0.0005583771746
62227	0.0006721530452
62228	0.0001396289738
62229	0.003468648751
62230	1.952407912e-05
62231	0.0002901389086
62232	0.000200026797
62233	0.003154775897
62234	0.0007327956609
62235	0.001003080696
62236	0.0002555354657
62237	0.0003385103652
62238	0.001000802088
62239	0.002123940602
62240	0.0008915127978
62241	0.003799078725
62242	0.0005181621418
62243	0.001676798065
62244	0.001631284224
62245	0.000939182609
62246	0.0007638356112
62247	0.00158829294
62248	0.001410965339
62249	4.390964057e-05
62250	0.0007028812601
62251	0.0004555151645
62252	0.0008318335714
62253	0.001152442399
62254	0.001485084308
62255	0.000630836785
62256	0.003303778776
62257	0.001047908881
62258	0.001806641238
62259	1.205491018e-05
62260	0.0002711966305
62261	0.002182115346
62262	0.0003087661014
62263	0.0005423406602
62264	0.0007859411498
62265	0.002349272259
62266	0.0008178721779
62267	0.000168265492
62268	0.001820281045
62269	0.003724819688
62270	0.0009000633635
62271	0.004459416085
62272	5.628185241e-05
62273	0.0006417823392
62274	0.001561607647
62275	0.002608396736
62276	0.004589967225
62277	0.0002199413327
62278	0.003943287922
62279	0.0006021579634
62280	0.004079862559
62281	0.002893236762
62282	0.0001603945202
62283	0.0008975385222
62284	0.004878674761
62285	0.0001588842454
62286	0.001014707723
62287	0.0006830359876
62288	0.001937708694
62289	0.001153473698
62290	0.001401556635
62291	0.001030589128
62292	0.0004427520476
62293	0.003543794139
62294	0.0009375042071
62295	0.002161058329
62296	0.0002660737487
62297	0.000538781556
62298	0.0008851217443
62299	0.002078595254
62300	0.0007928557717
62301	0.0006688556756
62302	0.0006929738326
62303	0.001035844675
62304	0.002447998901
62305	0.003714597248
62306	0.002109870843
62307	0.0003114245397
62308	0.0008264235348
62309	0.002034256494
62310	0.002086623058
62311	0.003879488123
62312	0.0003188439112
62313	0.0001895181959
62314	0.002145822442
62315	0.002138172119
62316	0.001103764293
62317	1.811327243e-07
62318	1.074516163e-07
62319	6.297738557e-05
62320	0.0002392702639
62321	0.006603015303
62322	0.002371766286
62323	0.0004434569995
62324	0.001045279503
62325	0.0004211832272
62326	0.001212327678
62327	0.00250133735
62328	0.001745224256
62329	0.0002197474338
62330	0.001547267937
62331	0.0007361914191
62332	0.0005134736087
62333	0.0006968928503
62334	0.0001492433602
62335	0.0006727759612
62336	0.0009891293576
62337	0.0002794320808
62338	0.002717843337
62339	0.001734518677
62340	0.0007883805805
62341	0.001279927987
62342	0.002571977678
62343	0.0007532658695
62344	0.0005402581229
62345	0.0006693390578
62346	0.003490588816
62347	0.001274083172
62348	0.0002585564519
62349	1.139868396e-05
62350	0.00122848732
62351	0.001551441745
62352	0.0002328223121
62353	9.868375964e-05
62354	6.835569679e-05
62355	0.004505256211
62356	0.0009628726735
62357	0.002633680775
62358	0.009915761353
62359	0.002103506916
62360	0.0002764864284
62361	0.0009608181326
62362	0.001423941593
62363	0.0001188609579
62364	0.0004895391745
62365	0.002418315514
62366	0.00107643278
62367	0.000570121913
62368	0.0003145742499
62369	0.004915435284
62370	0.0002039247607
62371	0.005821481509
62372	0.0006828374972
62373	0.0002130547697
62374	0.0001269952024
62375	0.0006646084805
62376	0.001088996913
62377	0.0005545503593
62378	0.000504929098
62379	0.000181940917
62380	4.161347936e-06
62381	0.001606872475
62382	0.0001075926118
62383	0.0008095945371
62384	0.002179000444
62385	0.0004038737255
62386	0.0003665438239
62387	0.002542696371
62388	4.256444582e-05
62389	0.006527423745
62390	0.0001913927921
62391	0.0008709948064
62392	0.0006474438436
62393	0.001411237081
62394	0.003264093804
62395	0.002045406503
62396	0.003235732218
62397	0.0003283229176
62398	0.0010880792
62399	0.001262354295
62400	0.0005261131154
62401	0.004012170377
62402	0.002377385249
62403	0.0007665913852
62404	0.001186614382
62405	0.002000414868
62406	0.001601041521
62407	0.002044367536
62408	0.0003649107906
62409	0.0008902451805
62410	0.003219036005
62411	0.002361223637
62412	0.001263615052
62413	0.001300285003
62414	0.0001897955021
62415	0.002194508388
62416	0.0009249174645
62417	0.002422506031
62418	0.0003399028018
62419	0.0001991088595
62420	0.0002967533755
62421	0.000438886281
62422	0.002442785433
62423	0.0004633020014
62424	0.0008951093975
62425	0.001573857679
62426	0.001874899646
62427	0.0008821866591
62428	0.0001814526517
62429	0.001839085639
62430	0.001418969735
62431	0.0021282649
62432	0.000840084872
62433	0.001822839181
62434	0.000712178327
62435	0.0009073998042
62436	0.0009049035295
62437	0.000955751775
62438	0.001411666354
62439	0.001284951205
62440	0.001097878028
62441	0.001089460137
62442	0.001883823035
62443	0.002455591847
62444	0.001550608744
62445	0.003688071583
62446	0.0007960127255
62447	0.0006885999132
62448	6.983961054e-05
62449	0.0003602156145
62450	0.0009873613063
62451	0.001105482743
62452	0.00102032005
62453	0.001701326173
62454	0.001401405769
62455	5.729252606e-05
62456	0.0003036767996
62457	0.0008556847282
62458	0.001305384264
62459	0.001919406758
62460	0.001042447249
62461	0.0007309298825
62462	0.003025648428
62463	0.005722602638
62464	0.002007120758
62465	0.0001645776199
62466	0.001317561725
62467	0.0010307187
62468	0.002046184542
62469	0.001124225526
62470	0.001039167611
62471	0.001402607062
62472	0.001793122892
62473	0.00179874065
62474	9.321786392e-05
62475	0.002090103421
62476	0.001204733493
62477	0.002668312465
62478	0.001264584256
62479	0.001060659529
62480	0.001082846478
62481	0.001008039724
62482	0.0009865022163
62483	0.001592573003
62484	0.002012490258
62485	0.003459910918
62486	0.001565070762
62487	0.001152577071
62488	0.001127708891
62489	0.001744952895
62490	0.00125622485
62491	0.0006827861448
62492	0.001940068158
62493	0.001343874802
62494	0.001584240142
62495	0.001092866396
62496	0.0004977901365
62497	0.0006819728146
62498	0.006019190504
62499	0.001285825689
62500	0.001823705801
62501	0.001207662194
62502	0.001346076329
62503	0.001196279869
62504	0.0007161411052
62505	0.0008014398074
62506	0.001425608632
62507	0.001239919442
62508	0.0004401698825
62509	0.0009219419224
62510	0.001612153604
62511	0.001186856212
62512	0.0009032213924
62513	0.0008144063439
62514	0.00111200226
62515	0.0004706976753
62516	0.001327847849
62517	0.0005791047647
62518	0.001651572832
62519	0.002063366839
62520	0.00290793356
62521	0.0001001646186
62522	0.001468270434
62523	0.002439530795
62524	0.001253015782
62525	0.001099064642
62526	0.001037530172
62527	0.0008326549846
62528	0.001080607121
62529	0.0004571953452
62530	0.001108421725
62531	0.0001444495725
62532	5.921072566e-05
62533	0.0004135391172
62534	0.0008006213731
62535	0.0005992990579
62536	0.001214352613
62537	0.0009296354643
62538	0.0002058903126
62539	0.003587343254
62540	0.0008326622789
62541	0.001660737975
62542	0.0009181274987
62543	0.0003877690413
62544	0.002570170234
62545	5.919058218e-05
62546	0.0004541258623
62547	0.0009654732889
62548	0.0006016363027
62549	0.000199646222
62550	0.0008264697048
62551	0.001595946808
62552	0.001479769749
62553	0.0008088162388
62554	0.001246810974
62555	0.0006495204286
62556	0.003293045011
62557	0.001125214381
62558	0.001837351459
62559	0.001084160746
62560	0.004130246598
62561	0.0005937430339
62562	0.000336158132
62563	0.001288658257
62564	0.001377199177
62565	0.000819237344
62566	0.001065951401
62567	0.001857726402
62568	0.0001660887186
62569	0.002649944054
62570	0.00143416784
62571	0.002235567443
62572	0.001830358021
62573	0.00082374501
62574	0.0007222234863
62575	0.001510798713
62576	0.0001469617616
62577	0.0008811684994
62578	0.000416245377
62579	0.002057144537
62580	0.001673803291
62581	0.001248111653
62582	0.001899738386
62583	0.001081236745
62584	0.0009426867336
62585	0.00105863139
62586	0.001176046084
62587	0.001623415449
62588	0.0006481160006
62589	0.001356745893
62590	7.233977875e-05
62591	0.001807112509
62592	0.0001671045706
62593	0.0009386562433
62594	0.0002111662253
62595	0.001287832933
62596	1.706632689e-06
62597	0.001570724743
62598	0.004158364781
62599	0.0003832012604
62600	0.002063907286
62601	0.001063088013
62602	0.002454880219
62603	0.0005147118216
62604	0.0002550867534
62605	0.0009483008566
62606	7.057086534e-06
62607	0.001995888569
62608	2.483813654e-05
62609	0.001026015711
62610	0.0009754095421
62611	0.001029446517
62612	0.001152206139
62613	0.002273301246
62614	0.002677710315
62615	0.00116754092
62616	0.003509928512
62617	0.001829141446
62618	0.001637905183
62619	0.001340531184
62620	0.0004849264086
62621	0.001568567232
62622	0.000260468523
62623	0.001619196885
62624	0.001851242565
62625	0.0008646226337
62626	0.0002219604161
62627	0.00182740884
62628	0.001340514998
62629	0.0004244840342
62630	0.001035554278
62631	0.0002347696791
62632	0.002979952238
62633	0.002346008365
62634	0.0004262159445
62635	0.002850586398
62636	0.002195435103
62637	0.0007038937714
62638	0.0004822630863
62639	0.00121590389
62640	0.001588913785
62641	0.001802644034
62642	0.001235842529
62643	0.000278912099
62644	0.0004714688389
62645	0.001667047868
62646	0.001056256921
62647	0.002826000505
62648	0.0007804565666
62649	0.0009374019729
62650	0.001358487244
62651	0.001625718685
62652	0.00127916883
62653	0.001049000606
62654	0.001079501675
62655	0.0004666878866
62656	0.0005196492602
62657	0.001224510021
62658	0.0009865357346
62659	0.002616387407
62660	0.001852669106
62661	0.000650663295
62662	8.121687743e-05
62663	0.0005556082095
62664	0.00195514481
62665	0.001069907766
62666	0.001335567781
62667	0.0001694502288
62668	0.001238993743
62669	0.001174467766
62670	0.0008012646381
62671	0.001245991143
62672	0.001399619021
62673	0.002716024092
62674	0.001422307446
62675	0.002459138541
62676	0.001129013329
62677	0.00191782652
62678	0.0003511516438
62679	0.001044092433
62680	0.001199566454
62681	0.000480634711
62682	0.001138152143
62683	0.0002027500386
62684	0.0004651389044
62685	0.000432395394
62686	0.001309408593
62687	0.0002066555013
62688	0.0009518103365
62689	0.000154328496
62690	0.002210737369
62691	0.002702070239
62692	0.000830804587
62693	0.0004101937937
62694	0.0007255715523
62695	0.0008979948677
62696	0.001145647553
62697	0.0005611138428
62698	0.002688213175
62699	0.0009615325985
62700	0.0004860219064
62701	0.001371177249
62702	0.001760419412
62703	0.0005861438713
62704	0.001265799352
62705	0.001340477425
62706	0.003846949459
62707	0.0005447979647
62708	0.00082175732
62709	0.001666681001
62710	0.0007099781465
62711	0.004305047676
62712	0.000528213044
62713	0.0003157113323
62714	0.002462625669
62715	0.001424166219
62716	0.0004056241538
62717	4.658552714e-05
62718	0.0004355946566
62719	0.002453452983
62720	0.001004791885
62721	0.0004867808222
62722	0.0003736928515
62723	0.002139838685
62724	0.002612159173
62725	0.002058984261
62726	0.001680667418
62727	0.0006847918244
62728	4.52922454e-05
62729	0.0006241559299
62730	0.0009997165038
62731	0.001651705993
62732	0.002260578591
62733	0.002421912433
62734	0.0005980379595
62735	0.001079822143
62736	0.0009943219832
62737	0.001583919324
62738	0.003638354766
62739	0.0006522950875
62740	0.0002762272842
62741	0.005695721651
62742	0.001260356276
62743	0.004304676999
62744	0.0006493704072
62745	0.002388117008
62746	0.002326153142
62747	0.001579055351
62748	0.001631268654
62749	0.001469490204
62750	0.001097105882
62751	0.0009370685771
62752	0.0006805592426
62753	0.001659806091
62754	0.0002575957573
62755	2.17125238e-05
62756	0.0008172549623
62757	0.001122023041
62758	0.001794736575
62759	0.000979206429
62760	0.00122924586
62761	0.001169371766
62762	0.0009307078086
62763	0.0013493622
62764	0.000361323202
62765	0.001639321666
62766	0.0008564445193
62767	0.001164293986
62768	0.003975925112
62769	0.0003310293739
62770	0.0007369668565
62771	0.001038890162
62772	0.006031495399
62773	0.001880988126
62774	0.002491411011
62775	0.0003083517481
62776	0.0006657849279
62777	0.0008851915529
62778	0.002267071728
62779	0.00133625406
62780	0.005935342992
62781	0.0006840635034
62782	0.001001946544
62783	0.004248538196
62784	0.001366790778
62785	0.0001076443472
62786	0.0006451176649
62787	0.0006091862893
62788	0.0008593396781
62789	0.0008200406308
62790	0.002284250026
62791	2.284641789e-05
62792	0.002329262743
62793	0.004428081044
62794	0.001141126621
62795	0.0008498302984
62796	0.002672082992
62797	0.0003791836259
62798	0.002402656112
62799	0.00035376432
62800	0.0001809430035
62801	0.001267416277
62802	0.0009027251723
62803	0.002649463432
62804	0.0006019098436
62805	0.001646984522
62806	0.000471930071
62807	0.004073299224
62808	0.001712972091
62809	0.002492984597
62810	0.003915892777
62811	0.001587785335
62812	0.006654778685
62813	0.003065141752
62814	0.00305579625
62815	0.005158998184
62816	0.0009216099426
62817	0.003422524828
62818	0.0003917705549
62819	0.003291994806
62820	0.0003934753322
62821	0.0008351950552
62822	0.0004913441862
62823	0.0007032386101
62824	0.0001367671375
62825	0.004561706975
62826	4.198561945e-05
62827	0.008460418183
62828	0.0004124124056
62829	0.0004867648719
62830	0.0001746337505
62831	0.003550489903
62832	0.003625460225
62833	0.0005417006964
62834	0.001151913741
62835	0.002232968648
62836	0.00119166386
62837	0.00154791251
62838	0.001112423804
62839	0.002007839947
62840	0.001844934455
62841	0.0003345115967
62842	0.001136600031
62843	0.004221316149
62844	0.001178355487
62845	0.001806834743
62846	0.0008475425892
62847	0.0007969288015
62848	1.039440766e-05
62849	0.0002211977744
62850	0.0003464597513
62851	0.003252996209
62852	0.001705117597
62853	0.0003192836212
62854	0.001601709498
62855	0.001006880532
62856	0.001497020076
62857	0.001427676892
62858	0.002231953859
62859	0.0002723446685
62860	0.003921013215
62861	0.001255969067
62862	0.001457345474
62863	0.00089659318
62864	0.0007782024764
62865	0.001424120555
62866	0.004050676064
62867	0.0003711726279
62868	0.0005202965929
62869	0.003635106628
62870	0.005095562915
62871	0.0007603450353
62872	0.001675043389
62873	0.004373103742
62874	0.0005099588073
62875	0.0008916585701
62876	0.0003769366077
62877	0.001378769466
62878	0.0002013277231
62879	0.0002559910017
62880	0.002165490012
62881	0.003173509356
62882	0.002638200744
62883	0.004140754923
62884	0.001140583616
62885	0.002791423398
62886	0.003678666332
62887	0.0008223387645
62888	0.006119564271
62889	0.0006653204811
62890	0.0001666358153
62891	0.000571598794
62892	0.0005288987203
62893	0.001393985792
62894	0.001472127435
62895	0.003075926419
62896	0
62897	0.001146687914
62898	9.234536595e-05
62899	0.001749899614
62900	7.84128451e-05
62901	0.0001250173626
62902	0.001242933448
62903	0.0005352388632
62904	0.001740443735
62905	0.00192131867
62906	0.001927170123
62907	0.001455327554
62908	0.004113578647
62909	0.0007068123048
62910	0.0007312734805
62911	0.0003254451001
62912	0.0005908668902
62913	0.0006378827063
62914	0.0002103927235
62915	0.0001008431517
62916	0.0006584453471
62917	0.0002059891852
62918	0.001298591538
62919	0.002247711906
62920	0.0002762251332
62921	0.006300356758
62922	0.0009541187593
62923	0.0007568677078
62924	0.00115457944
62925	0.001854929154
62926	0.0009929361536
62927	0.003417797062
62928	0.00181299755
62929	0.0001552573314
62930	0.000426406128
62931	0.001586117896
62932	0.0003393158921
62933	0.003835937138
62934	0.005475692216
62935	0.00497071598
62936	0.0001059411791
62937	0.002130247986
62938	0.002355253658
62939	0.0002313160362
62940	0.0003189784339
62941	0.0001768286043
62942	0.001360527053
62943	0.0007004817226
62944	0.0005380724114
62945	0.0005450040299
62946	0.0003328690107
62947	0.001952426261
62948	0.005085306469
62949	0.00112168185
62950	0.003371197139
62951	0.0007405941272
62952	0.003209587316
62953	0.0006067307182
62954	0.0005429295923
62955	0.0002133700194
62956	0.001111265198
62957	0.000806533263
62958	0.002434561333
62959	0.005834046212
62960	0.007458175182
62961	0.007777248394
62962	0.002021453765
62963	0.003712715087
62964	0.005594882266
62965	0.002537484799
62966	0.003929937125
62967	6.918581897e-05
62968	0.0004265295952
62969	4.393011706e-05
62970	0.001425934739
62971	0.0001508957771
62972	0.006994705718
62973	0.0004518529599
62974	0.006717239371
62975	0.004666281352
62976	0.001427698717
62977	0.001716444892
62978	0.003836999768
62979	0.0003020884227
62980	0.0002684738791
62981	0.001093272918
62982	0.003227164807
62983	0.0004302387669
62984	0.0001146083373
62985	0.0009452101675
62986	0.00148322887
62987	2.650473241e-07
62988	0.00176411457
62989	0.000100453149
62990	0.0005975017263
62991	0.001919939422
62992	0.0003189750864
62993	0.004840112302
62994	0.0003758015406
62995	0.004170751145
62996	0.002456204647
62997	0.002601280442
62998	0.00195457166
62999	0.004264604897
63000	0.003384672629
63001	0.0004504326613
63002	0.004250927903
63003	0.002984267478
63004	0.004151378181
63005	0.005264454409
63006	0.002444973471
63007	0.001036885575
63008	0.0006740061353
63009	0.008725036792
63010	0.0003635707316
63011	0.003074478008
63012	0.001160951856
63013	0.0004974481648
63014	0.007643363129
63015	0.001629801061
63016	0.004178353586
63017	0.001750138362
63018	0.0008420451831
63019	0.001261040589
63020	0.001122461523
63021	0.00209137173
63022	0.0003304627673
63023	0.001068678702
63024	0.006463681808
63025	0.001378295713
63026	0.007856836228
63027	0.00250468501
63028	0.0003717635934
63029	0.001128960993
63030	0.003032861067
63031	0.007129672327
63032	0.001408055281
63033	0.005224156388
63034	0.001113374112
63035	0.0002375783848
63036	0.000270123821
63037	0.001394076207
63038	0.0005155496679
63039	0.0006452073671
63040	0.002768881428
63041	2.081830162e-05
63042	0.0007460674962
63043	8.636648908e-05
63044	0.00230684823
63045	0.001568585909
63046	0.0002910041429
63047	0.0001958233232
63048	0.0005970727251
63049	0.0004109708131
63050	0.0003090884321
63051	0.000371434219
63052	0.001882458633
63053	0.0006059525503
63054	0.0003489473894
63055	0.0004929638449
63056	0.0001066675356
63057	0.0002222339742
63058	0.0003468407133
63059	0.008264990972
63060	0.0004626935031
63061	0.0006113142992
63062	0.0004158222227
63063	0.0003989588254
63064	0.0002805713294
63065	0.0001248304626
63066	0.0001210231088
63067	0.001052827669
63068	5.306126881e-07
63069	0.0004919682043
63070	0.0007853444729
63071	0.0008882401264
63072	0.0004086453165
63073	0.0002821243036
63074	9.788022261e-06
63075	0.000441398278
63076	0.01158082304
63077	0.008820673167
63078	0.006239417033
63079	0.008222691798
63080	0.002046610449
63081	0.006535735724
63082	0.007337325847
63083	0.0006338838971
63084	0.0001167007435
63085	0.0006819848945
63086	0.006207031675
63087	0.001208619123
63088	0.005056862427
63089	0.001019812079
63090	0.002863507422
63091	0.008850686886
63092	0.000192594624
63093	0.002728988725
63094	0.0008499651865
63095	0.0001094874135
63096	0.002529469397
63097	0.0002131739473
63098	0.0002741283197
63099	0.001805706442
63100	0.01412694953
63101	8.174574131e-05
63102	7.471065729e-05
63103	0.0007751740576
63104	0.0003813880793
63105	0.0009713232301
63106	0.000165405183
63107	0.001631254826
63108	0.004474841965
63109	0.0007333518955
63110	0.0002405554615
63111	0.0002395561269
63112	7.359652626e-06
63113	0.005587796161
63114	0.000149751234
63115	2.912431523e-05
63116	0.002815025312
63117	6.164127718e-05
63118	0.0002956882066
63119	0.0001158539863
63120	0.0001299919425
63121	0.001162608209
63122	0.0001084098463
63123	0.002272950717
63124	0.0002574125739
63125	0.009281526513
63126	0.00251464224
63127	0.0008668248572
63128	0.0004584068868
63129	0.002006162099
63130	0.0005290067649
63131	0.001619486875
63132	0.004979354374
63133	0.002055561038
63134	0.003176190963
63135	0.0006379908803
63136	0.0003281893918
63137	0.001799325463
63138	0.0007297377393
63139	0.001189136587
63140	0.0007275691073
63141	0.0002823181628
63142	0.0002012458139
63143	0.0002571680689
63144	0.0002451842535
63145	0.004884233643
63146	7.108603229e-05
63147	0.0001278051928
63148	0.001948965595
63149	1.238955469e-05
63150	0.0005083895065
63151	0.0001024692251
63152	0.0005895269884
63153	0.001488724542
63154	0.0004549202517
63155	0.002224612652
63156	0.0007036157798
63157	0.0001140839938
63158	0.0004665430511
63159	0.0006888933103
63160	0.0003199402751
63161	0.0003844897518
63162	0.0003447638681
63163	0.0004702708297
63164	0.0005027995638
63165	0.001092776032
63166	0.0005284590433
63167	9.025198131e-05
63168	0.000670734411
63169	0.0004732665813
63170	0.0001345147325
63171	3.965484685e-05
63172	0.0002405950912
63173	0.0002541754352
63174	0.0006976839446
63175	0.0001746076553
63176	0.0003248432416
63177	0.001844858692
63178	0.0003169659724
63179	6.711775581e-05
63180	0.001132353758
63181	0.001515525271
63182	0.002946443163
63183	0.002293366708
63184	0.001110877699
63185	0.005111337723
63186	0.001334508656
63187	0.0001268992391
63188	0.0005839481556
63189	0.004563899026
63190	0.001388455584
63191	8.51860414e-05
63192	0.0008003021234
63193	0.001467806015
63194	0.0001895478774
63195	0.001224837574
63196	0.001471152056
63197	0.0004761983786
63198	0.0001375042243
63199	0.0009764818697
63200	0.001926042098
63201	0.0007482250152
63202	0.0002908701567
63203	0.003039312315
63204	0.001536184593
63205	0.0001103404591
63206	2.315964874e-05
63207	0.001102287814
63208	0.002006910808
63209	0.000261366911
63210	0.001219069994
63211	0.002802712929
63212	0.002247830528
63213	0.0005867484065
63214	0.001109206059
63215	0.0006151107948
63216	0.0007069840029
63217	0.0001422997092
63218	0.0001453282696
63219	8.379778062e-05
63220	0.000448106649
63221	0.0006562149579
63222	0.001142509333
63223	0.000241800843
63224	0.0004085651055
63225	0.0009938971103
63226	0.00170032362
63227	0.0008797338045
63228	0.003100429719
63229	0.007052615663
63230	0.0005447206425
63231	0.0005868566068
63232	0.005252970516
63233	0.002855812215
63234	0.003051655357
63235	0.01118499192
63236	0.001178332788
63237	0.003268184506
63238	0.001280053381
63239	0.002329193555
63240	0.001606880023
63241	0.003288554032
63242	0.001067835636
63243	0.002554915014
63244	0.001963468468
63245	0.002285332989
63246	0.00126444509
63247	0.002700819544
63248	0.0032876242
63249	0.006436438825
63250	0.004898123022
63251	0.001290179832
63252	9.391066032e-05
63253	0.005353263741
63254	0.007432849896
63255	0.003337433323
63256	0.002360795914
63257	0.005304611559
63258	0.002835689167
63259	0.0004640012217
63260	0.0007747145819
63261	0.0006703463911
63262	0.003965232714
63263	0.002563980735
63264	0.001603456854
63265	0.003444470329
63266	0.003267887523
63267	0.002929449438
63268	0.001265950559
63269	0.00142055168
63270	0.003014594691
63271	0.0001176892071
63272	0.0004020387607
63273	0.00238072947
63274	0.004999588373
63275	0.0058859683
63276	0.00486418746
63277	0.0003997208619
63278	0.008293070993
63279	0.002461638437
63280	0.001623231838
63281	0.005307232785
63282	0.003856947256
63283	0.002318628209
63284	8.297968231e-05
63285	0.009766471572
63286	0.001194345234
63287	0.002037361968
63288	0.001543943415
63289	0.002381067642
63290	0.001994240081
63291	0.001773709899
63292	0.001602224267
63293	0.006775807534
63294	0.0001897207895
63295	0.003772234748
63296	0.001154744235
63297	0.0005018560076
63298	0.0004805611046
63299	0.002561000266
63300	0.006725321989
63301	0.001842306002
63302	0.002520209724
63303	0.002808530794
63304	0.003471938757
63305	0.0024452063
63306	0.002226579376
63307	0.002644614826
63308	0.0006639457489
63309	0.002298918615
63310	0.001136660404
63311	0.002254901516
63312	0.0001918213786
63313	0.001848985776
63314	0.008248525504
63315	0.004045607722
63316	0.005701768869
63317	0.001007462806
63318	0.0018540196
63319	0.002276776317
63320	0.001185719534
63321	0.0009508783345
63322	0.001297444711
63323	0.002074672501
63324	0.001049736378
63325	0.001048670829
63326	0.00755447308
63327	0.002778462425
63328	0.00190464407
63329	0.001694547653
63330	0.0001473195507
63331	0.001958071822
63332	0.0003894878539
63333	0.001624920625
63334	0.005051060883
63335	0.003812742952
63336	0.001846531819
63337	0.004291665535
63338	0.001029602911
63339	0.001888764623
63340	0.003231398973
63341	0.001354414929
63342	0.003308402263
63343	0.0002120630375
63344	0.0002794056352
63345	0.0002814024313
63346	0.0002377154215
63347	0.0001598089612
63348	0.002390336844
63349	0.0003499368171
63350	0.0003003256609
63351	0.0003927551964
63352	0.0003612750772
63353	0.0003025728493
63354	0.0002705420143
63355	0.006064913526
63356	0.00228885808
63357	0.0009037155183
63358	0.003353002398
63359	0.002552337435
63360	0.000364157738
63361	0.0002716819429
63362	0.0003497804612
63363	0.0005778633495
63364	0.001143359736
63365	0.001857539187
63366	0.0005055065775
63367	0.00156550975
63368	0.002114353262
63369	0.0004707973544
63370	0.002202370279
63371	0.001508828108
63372	0.000455418512
63373	0.00385946088
63374	0.00263855288
63375	0.004764608415
63376	0.001449822815
63377	0.0008615164177
63378	0.003523568074
63379	0.0001947549443
63380	0.0008592644587
63381	0.003299983914
63382	0.00210445737
63383	0.001165538531
63384	0.003654056465
63385	0.0002572946444
63386	0.002719527142
63387	0.001848752721
63388	0.001569072089
63389	0.0009982287454
63390	0.003914932284
63391	0.001798213626
63392	0.00394085613
63393	0.004551881877
63394	0.001811809985
63395	0.001697891792
63396	0.002262949191
63397	0.002682112194
63398	0.0009670132888
63399	0.0002577267767
63400	0.0005489230965
63401	0.000365046585
63402	0.001092309628
63403	0.001210322421
63404	0.002264393614
63405	0.002875116904
63406	0.0008670007812
63407	0.001719126633
63408	0.0008090334959
63409	0.0008235515284
63410	4.148334166e-05
63411	0.0002472521316
63412	0.002227482981
63413	0.0004053706738
63414	0.0006372027869
63415	0.0001757795022
63416	0.001721170327
63417	0.005582255527
63418	0.005236459604
63419	0.00159411365
63420	0.00184391989
63421	0.003017865485
63422	0.001318118112
63423	0.0006854818538
63424	0.0006287767218
63425	0.001148055694
63426	0.00319528431
63427	0.002734924532
63428	0.006622734328
63429	0.005770294731
63430	0.009796644115
63431	0.005166439483
63432	1.941933642e-05
63433	0.003384755896
63434	0.001742410711
63435	0.004221913353
63436	0.002686331403
63437	0.003157608704
63438	0.005175081504
63439	0.003582984748
63440	0.001190723769
63441	0.002253441592
63442	0.004578052852
63443	0.003103196844
63444	0.0001656495109
63445	0.003964744306
63446	0.001550739436
63447	0.0001083641965
63448	0.001758384654
63449	0.00654448941
63450	0.002344134907
63451	0.0007432603231
63452	0.00215141569
63453	0.002189909974
63454	0.003303932781
63455	0.003269851467
63456	0.001908952513
63457	0.002710477671
63458	0.001537913682
63459	0.003772276996
63460	0.0002234567998
63461	0.003283608637
63462	0.0009379760516
63463	0.0004148776312
63464	0.000488380503
63465	0.00070142625
63466	0.0005762372329
63467	0.002565234963
63468	0.003136855305
63469	0.003340523378
63470	0.003099700772
63471	0.002833789836
63472	0.001341226202
63473	0.001435184926
63474	0.001817497606
63475	0.002511487323
63476	0.0002676472882
63477	0.0004374577934
63478	0.0004989421216
63479	0.0003432376064
63480	0.0001296424375
63481	0.000734778498
63482	0.004121050725
63483	5.826552276e-05
63484	0.003702892504
63485	0.005751175908
63486	0.002296692759
63487	0.0053836138
63488	0.002218709752
63489	0.0002748464632
63490	0.001804201296
63491	0.0003408227278
63492	0.003212221708
63493	0.00357657836
63494	0.00139910447
63495	0.001335523042
63496	0.006524023242
63497	0.001021806301
63498	0.0009129921989
63499	0.003337779935
63500	0.002747973353
63501	0.001534128883
63502	0.00534069712
63503	0.003399150544
63504	5.828504831e-05
63505	0.0002930676559
63506	0.00416944751
63507	0.0004754420418
63508	0.0007478845766
63509	0.0007914981079
63510	0.005922831832
63511	0.001337986576
63512	0.003802111943
63513	0.001851297773
63514	0.003462889426
63515	0.00312509864
63516	0.002513826047
63517	0.0001384983601
63518	5.746205672e-05
63519	0.005256110091
63520	0.003868516448
63521	0.001126010104
63522	0.0008918142278
63523	0.0001200252544
63524	0.0005255012232
63525	0.0003716591951
63526	0.0066893831
63527	0.001202446613
63528	0.002618704952
63529	0.0001588830223
63530	0.0003701382847
63531	0.002691072507
63532	0.003103313689
63533	0.003011064856
63534	8.419991435e-05
63535	0.0003347965438
63536	0.0004266843324
63537	0.003438512449
63538	0.000843667884
63539	7.083582835e-05
63540	0.0008831677515
63541	0.0001801015735
63542	0.001244031166
63543	0.0007707547237
63544	0.001537055709
63545	0.001102145823
63546	0.0001622149363
63547	0.0005745839151
63548	0.0001853025804
63549	0.0006585090868
63550	0.000452351213
63551	0.001427963099
63552	3.079647598e-05
63553	0.000237933021
63554	0.001201217276
63555	0.0002334389581
63556	4.048265758e-05
63557	0.0005467366272
63558	0.0002959816144
63559	0.000212252275
63560	0.0008876136658
63561	0.003112214466
63562	0.0004132917306
63563	0.005361780195
63564	0.003348869429
63565	0.0007037217296
63566	0.002748340541
63567	0.003198080131
63568	0.0009437293812
63569	0.0001707899483
63570	0.002909501371
63571	0.003913165034
63572	0.003678430988
63573	0.0006300120173
63574	0.0005561197449
63575	0.0001160313001
63576	0.002730836304
63577	0.0002917089903
63578	0.005184732168
63579	0.001897224853
63580	0.002392244155
63581	0.00374083377
63582	0.002623795311
63583	0.0007557334438
63584	0.0008061054307
63585	0.001750463304
63586	0.001067044593
63587	0.001350651531
63588	0.001439816893
63589	0.0005921963085
63590	0.0002153013171
63591	0.001344602804
63592	0.001427769727
63593	0.0009492564877
63594	0.002859321406
63595	0.0004885712432
63596	0.001416573495
63597	0.001194206404
63598	0.0005466938648
63599	0.0002650082188
63600	0.003142041557
63601	0.0009165174696
63602	0.00608702989
63603	0.002458873413
63604	0.002636286693
63605	0.001877252861
63606	0.001073160264
63607	0.005139138842
63608	0.0005582245829
63609	0.0005207122769
63610	0.0001043936377
63611	0.005513156319
63612	0.001927364701
63613	0.0001114729043
63614	0.001144707232
63615	4.723597369e-05
63616	0.001093341371
63617	0.001526028334
63618	0.006947993589
63619	0.0002798472789
63620	0.003622868665
63621	0.004929806134
63622	0.002596199288
63623	0.0002159866551
63624	0.001599152193
63625	0.003712854401
63626	0.0004462092864
63627	0.002174169098
63628	0.0017660981
63629	0.003403980927
63630	0.0005956176141
63631	0.003147095859
63632	0.001873600717
63633	0.0002076863529
63634	0.0001166484342
63635	0.003437799784
63636	0.001212865095
63637	0.0007633421444
63638	0.001389979979
63639	0.005073409964
63640	0.003528460714
63641	0.0007546385729
63642	0.003719853652
63643	0.0002953700904
63644	0.001391926068
63645	0.001995775981
63646	0.002387976959
63647	0.006105832664
63648	0.0003623244704
63649	0.002751709623
63650	0.003827990796
63651	0.004091448232
63652	0.002995903444
63653	0.004078639519
63654	0.002675443636
63655	0.003648845423
63656	0.001739461568
63657	0.002755586277
63658	0.00685741769
63659	0.004494471816
63660	0.000428681423
63661	0.001088968939
63662	0.00622532092
63663	0.002457100532
63664	0.003575401647
63665	0.0007856255857
63666	0.0007521649498
63667	0.0007140591787
63668	0.000565156006
63669	0.0005612886867
63670	0.0007157252211
63671	0.0001909828445
63672	0.0009867789528
63673	0.0003244500189
63674	0.000202939871
63675	0.0003328813421
63676	0.0002222987827
63677	3.870041202e-05
63678	0.00194667041
63679	0.0009916266207
63680	0.0002866049112
63681	0.0005582182075
63682	0.000706258401
63683	9.694590758e-05
63684	9.62274827e-05
63685	0.0004083933427
63686	0.002789864733
63687	0.002309207835
63688	0.003956759798
63689	0.006360133039
63690	0.00193407486
63691	0.003649677627
63692	0.002387645015
63693	0.002305014333
63694	0.001035311697
63695	0.001274090137
63696	0.0007425780647
63697	0.001822456845
63698	0.001057069399
63699	0.001127583079
63700	2.008462754e-05
63701	0.0008252994252
63702	0.0003646230042
63703	0.00658407754
63704	0.004714430698
63705	0.0005010771915
63706	0.0005979468336
63707	0.000500818088
63708	0.00122878481
63709	0.003047295541
63710	0.008339468253
63711	0.0002806372257
63712	0.0004937828343
63713	0.0003611985149
63714	0.0007788417569
63715	0.0002326313149
63716	0.000243234979
63717	0.0003803635864
63718	0.001013576561
63719	0.0006933388119
63720	0.0003042796768
63721	0.0008306475636
63722	0.0006147723892
63723	0.0005648435967
63724	0.0003760717183
63725	0.0003113944355
63726	0.001761648206
63727	0.0001444524638
63728	0.0001311351983
63729	0.000791997638
63730	0.0007541540303
63731	0.0001902039527
63732	0.0001054713988
63733	0.001827835459
63734	0.002029445509
63735	0.0003775371998
63736	0.0006003932579
63737	9.463712724e-05
63738	0.0008528275165
63739	0.001432043375
63740	0.001503790082
63741	0.0003794203371
63742	0.0002000199219
63743	0.0004701700323
63744	0.000723194293
63745	0.001540319581
63746	0.00030676555
63747	0.001116759885
63748	0.0001168773725
63749	0.0003829584804
63750	0.0006278476635
63751	0.0006343191935
63752	0.0004652696342
63753	0.0006904135119
63754	0.0002935365142
63755	0.0004956506479
63756	0.0006342980777
63757	0.00122379584
63758	0.001064183636
63759	0.0006532165907
63760	0.000291076408
63761	0.0006367119904
63762	0.0009452792261
63763	0.0003209762034
63764	0.002639585878
63765	0.001913596671
63766	0.00182878961
63767	0.0005155637349
63768	0.006877089299
63769	0.0002494528719
63770	0.002556445576
63771	0.001585544195
63772	0.00564255515
63773	0.0003688943701
63774	0.001942040183
63775	0.003427702067
63776	6.850700081e-05
63777	0.001942420574
63778	0.00214257317
63779	0.002632546754
63780	0.0003441570925
63781	0.002389003005
63782	0.00234963183
63783	0.005847702911
63784	0.004232396397
63785	0.009021031396
63786	0.001517026788
63787	0.000656623426
63788	0.002036422651
63789	0.001398950775
63790	0.002190465441
63791	0.005537727283
63792	0.003481523277
63793	0.0004561077053
63794	0.001679898184
63795	0.009156937365
63796	0.0003272883054
63797	0.0002146963145
63798	0.0006111690063
63799	0.000138091385
63800	0.0003616087513
63801	0.0005680015231
63802	0.001189442305
63803	0.001390565248
63804	0.002261807982
63805	0.0004119993825
63806	0.0001904150562
63807	0.0005868669132
63808	0.0006800286352
63809	0.0001247569649
63810	0.00150822195
63811	0.002886668611
63812	0.0001516933308
63813	0.0039657951
63814	0.005318379149
63815	0.0005697524501
63816	0.002883558062
63817	0.001069243462
63818	0.002004870628
63819	0.00258659746
63820	0.004747318221
63821	0.002178969247
63822	0.001498094848
63823	0.003727482639
63824	0.003616787284
63825	0.0005858406057
63826	0.003348125807
63827	0.002984844854
63828	6.755322291e-05
63829	0.001062649672
63830	0.0006905131755
63831	0.002728997274
63832	0.002993473194
63833	0.002797825428
63834	0.002127726008
63835	0.0007538002128
63836	0.0007001642843
63837	0.0001931112273
63838	0.004346435802
63839	0.0001901139994
63840	0.003271449141
63841	0.001326311262
63842	0.0005026487051
63843	0.004107751485
63844	0.001477317213
63845	0.004032602899
63846	0.001074988819
63847	0.004788831833
63848	0.0004144257963
63849	0.0002309752906
63850	0.0001417096224
63851	0.0003537825492
63852	0.0007814459461
63853	0.0007090344809
63854	0.004981719777
63855	0.0007217889293
63856	0.0007609040302
63857	0.003327473763
63858	0.0007066391242
63859	0.003188327301
63860	0.0006730432494
63861	0.005996506596
63862	9.452533053e-05
63863	0.0008331650435
63864	0.0007160387649
63865	0.0003341602444
63866	0.0003733451217
63867	0.002216355013
63868	0.001318790796
63869	0.006180987909
63870	0.003802549528
63871	0.004648180322
63872	1.160015949e-06
63873	0.003300273179
63874	0.001552143841
63875	0.001566932541
63876	0.00110614071
63877	0.0005014199036
63878	0.003217994339
63879	0.01030915921
63880	0.000692054645
63881	0.0005600927098
63882	0.002747117399
63883	5.562791054e-06
63884	0.003448041557
63885	0.0003161485192
63886	0.001721542713
63887	0.0004581666615
63888	0.0007208155197
63889	0.001607063774
63890	5.077271066e-05
63891	0.0004534393929
63892	0.002604328418
63893	0.00213434118
63894	0.0009895315972
63895	8.502177386e-05
63896	0.002235571564
63897	0.00366465387
63898	0.004365764093
63899	0.002386184653
63900	0.0002148647321
63901	0.0004504718865
63902	0.001307290201
63903	0.0001373439106
63904	3.283249147e-05
63905	0.0002592464305
63906	0.0006299453579
63907	0.001583270893
63908	0.002720405797
63909	0.0004340419915
63910	0.003689737539
63911	0.005974349853
63912	0.01209455755
63913	6.261398323e-05
63914	0.003237553592
63915	0.0008781719426
63916	0.002740397616
63917	0.0006057359081
63918	0.004084929691
63919	0.003072147185
63920	0.003496975616
63921	0.0003994981097
63922	0.0002098366028
63923	0.003647059631
63924	0.002234732652
63925	0.0009362697589
63926	0.002765367514
63927	0.001155292172
63928	0.0007396761436
63929	0.002467481235
63930	0.0009005514006
63931	0.003132836265
63932	0.001898539285
63933	0.00166909816
63934	0.0004312316252
63935	0.0003272338576
63936	0.001855036037
63937	0.001324576846
63938	0.0003139675236
63939	0.00330048075
63940	0.001481270899
63941	0.0026371224
63942	0.002573206966
63943	0.005404437105
63944	0.0001801262441
63945	0.004457754074
63946	0.004172541658
63947	0.005017302585
63948	0.006475253656
63949	0.002913569671
63950	0.001001299838
63951	0.006550359022
63952	0.01089624874
63953	0.002731320832
63954	0.001043149842
63955	0.004398520957
63956	0.004177970665
63957	0.003161824232
63958	0.002027629255
63959	0.001289204167
63960	0.0013706006
63961	0.00490422945
63962	0.001140037474
63963	0.001708960534
63964	0.00264192411
63965	0.005247363423
63966	0.0001096245898
63967	0.001296675362
63968	0.001188369092
63969	0.003571740968
63970	0.0005021117998
63971	0.00322226574
63972	0.004244151487
63973	0.004629595678
63974	0.00683275993
63975	0.003704847719
63976	0.0003591923044
63977	1.459353692e-05
63978	0.000424066859
63979	0.005590642534
63980	0.001561709949
63981	0.0001955913314
63982	0.0008678957065
63983	0.002880052732
63984	0.004314485158
63985	0.001003799315
63986	0.001181075383
63987	0.008043239961
63988	0.001254008442
63989	0.0004903305715
63990	0.006419180381
63991	0.002583356814
63992	0.0001698753579
63993	0.0007406714723
63994	0.001880338563
63995	0.00578956921
63996	0.003541851324
63997	0.001009661881
63998	0.007219451163
63999	0.003977613271
64000	0.001354019759
64001	0.008088723516
64002	0.003930757602
64003	0.00190042413
64004	0.001025386554
64005	0.002223591533
64006	0.0002136355744
64007	0.001058658984
64008	0.0001018753832
64009	0.003545370702
64010	0.00533845622
64011	0.003084637035
64012	0.004606365516
64013	0.004455112554
64014	0.002098374103
64015	0.0002135946122
64016	0.001965811912
64017	0.004504230019
64018	0.0003277586132
64019	0.0006829297013
64020	5.434773065e-05
64021	0.001260336075
64022	0.0006895958701
64023	1.396805992e-05
64024	0.003485702334
64025	0.001157687346
64026	0.0004433229421
64027	0.001583628629
64028	0.001599974831
64029	0.001600151195
64030	0.0004724808624
64031	0.002332234196
64032	0.0015608577
64033	0.0004275205043
64034	0.001359340539
64035	0.0007407182705
64036	0.0006678189924
64037	0.0005434245203
64038	0.003541172838
64039	0.0008265981469
64040	0.0007352759945
64041	0.0003200182796
64042	0.003472030324
64043	0.001864685626
64044	0.0008258423326
64045	0.0001755929934
64046	0.002475078007
64047	0.0007980758884
64048	0.0003638808803
64049	0.0007662852621
64050	0.0003189739548
64051	0.001187558369
64052	0.0007917320344
64053	0.003441420005
64054	0.002913778012
64055	0.0006601916863
64056	0.0009965782081
64057	0.0005055408116
64058	0.002279359798
64059	0.009481498244
64060	0.006381612272
64061	0.000414357434
64062	0.0001377916281
64063	8.358585094e-05
64064	0.000109253248
64065	0.001755565272
64066	0.0001479892062
64067	0.0001583571244
64068	0.0004174688974
64069	0.003110014918
64070	0.001040477221
64071	0.0003994198705
64072	0.003494798904
64073	0.0005289157056
64074	0.0005738912945
64075	0.001804358468
64076	0.00149451454
64077	0.000423981824
64078	0.0002837199786
64079	0.0006948088039
64080	0.0008602780967
64081	0.001527645684
64082	0.000750849645
64083	0.001708924179
64084	0.005461157197
64085	0.001207281712
64086	0.0001694650491
64087	0.002417255382
64088	0.002218371231
64089	0.000156804972
64090	0.000205689683
64091	0.002648321668
64092	0.0006548444183
64093	0.005858434924
64094	0.002221455076
64095	0.0002477706436
64096	0.002368430803
64097	0.002480217774
64098	0.0006862064662
64099	0.0004927328832
64100	0.002587425957
64101	0.0002789341846
64102	0.0001039126668
64103	0.0008547399912
64104	0.001123726764
64105	0.001082447384
64106	0.001856441047
64107	7.762893236e-05
64108	0.003872711779
64109	0.0008044521496
64110	0.002473038492
64111	0.000946516389
64112	0.0005820188474
64113	0.001852723178
64114	0.0004967285285
64115	0.0003325467555
64116	0.001098636329
64117	0.003579536753
64118	0.002651567626
64119	0.0001882025091
64120	0.0003204995445
64121	0.004283174063
64122	0.0005013321383
64123	0.0003419150601
64124	0.001450229258
64125	0.001497185962
64126	6.304154389e-05
64127	0.003446912173
64128	0.0003545677696
64129	0.00171277683
64130	0.001861126024
64131	0.0008339614879
64132	0.0008717114684
64133	0.004725538601
64134	0.002026134931
64135	0.0001743626554
64136	0.001279969525
64137	0.001453439788
64138	0.001064255267
64139	7.967554018e-05
64140	0.0003198468027
64141	0.0008735849016
64142	0.0002810989437
64143	0.004466077595
64144	0.003067267173
64145	0.0004977456723
64146	0.0008288091392
64147	0.002826554287
64148	0.0007946271569
64149	7.703559534e-05
64150	0.00232532215
64151	0.001127077929
64152	0.0002961651277
64153	0.0008114519084
64154	0.002386628828
64155	0.0009252893683
64156	0.001769842749
64157	0.0005827950777
64158	0.006904416712
64159	0.0003349965845
64160	0.001470386386
64161	0.001084763687
64162	1.120689512e-05
64163	0.0009778986764
64164	0.00281394488
64165	0.001805341305
64166	1.243811965e-05
64167	0.001521041764
64168	0.000542942057
64169	0.0005206314871
64170	0.0009391363135
64171	0.001215974083
64172	0.002916292495
64173	0.002795164511
64174	0.0004614605811
64175	0.001999224475
64176	0.004664020866
64177	0.002375577729
64178	0.0006859412185
64179	0.001048144193
64180	0.003196670862
64181	0.002952511187
64182	1.829112793e-05
64183	0.00117028428
64184	0.0006321404678
64185	0.003481502295
64186	0.0008648239011
64187	0.003182309974
64188	0.0005594845871
64189	0.0005459894247
64190	0.0002029521363
64191	0.004548016628
64192	0.00136166772
64193	0.000234590161
64194	0.0006199155214
64195	0.0003316004523
64196	0.002786316787
64197	0.001911074153
64198	0.0009716778894
64199	0.001696730821
64200	0.00105870006
64201	4.637302662e-05
64202	0.00310346626
64203	0.001207704894
64204	0.0008151070258
64205	0.004793449821
64206	0.0003033507038
64207	0.003251190154
64208	0.001895293146
64209	0.0008520146406
64210	0.001018162165
64211	9.469564009e-05
64212	0.0009293569523
64213	2.796611875e-07
64214	0.0004050641117
64215	0.000757444234
64216	0.0005528724238
64217	0.001353273125
64218	0.0001603913543
64219	0.0007821162445
64220	0.0004314980716
64221	0.0002692777476
64222	0.001373008815
64223	0.001044332761
64224	0.0005486683059
64225	0.001076490539
64226	0.0006932836313
64227	0.0008771741289
64228	0.0006441872183
64229	0.0004397398759
64230	0.004033519536
64231	0.0003563434902
64232	0.002033857659
64233	0.001280796754
64234	0.00466872516
64235	0.002075205236
64236	0.0003087146408
64237	0.0003836204591
64238	0.0005788852362
64239	0.001790640613
64240	0.0004006797174
64241	0.0003992269166
64242	0.0003471058062
64243	0.001117954288
64244	0.001267644309
64245	0.0003262975105
64246	0.002748728939
64247	0.0002911554973
64248	0.0009657193868
64249	0.0008170604658
64250	0.001477425478
64251	0.002515266744
64252	0.001445544498
64253	0.001376279075
64254	0.0004111962412
64255	0.00128030648
64256	0.001085886118
64257	0.0003262121725
64258	0.002573679502
64259	0.002134097147
64260	0.001782995754
64261	0.0007432096784
64262	0.002905177701
64263	0.001710326175
64264	0.002192986566
64265	0.000298493895
64266	0.0008629573061
64267	0.0005975154704
64268	0.00110534448
64269	0.0007797714128
64270	0.0001314302101
64271	0.0006452306332
64272	0.001008464652
64273	0.001179875537
64274	0.0004798843784
64275	0.001205728692
64276	0.0002851031078
64277	0.002570688623
64278	0.001014669012
64279	0.0009132343447
64280	0.0001402694691
64281	0.002785042836
64282	0.00192960385
64283	0.00488691535
64284	0.001279076503
64285	0.0005670034523
64286	0.002582052475
64287	0.001253087579
64288	0.003873957184
64289	0.001896949525
64290	0.0006185136126
64291	0.0004812983476
64292	0.001844667656
64293	0.000421607099
64294	0.0003277175431
64295	0.0001835766333
64296	0.003273153881
64297	0.004735522506
64298	0.002004549487
64299	0.0006835325003
64300	0.00282918175
64301	0.003541971359
64302	0.0006827981163
64303	0.0002828706259
64304	0.002842909125
64305	0.0007672656625
64306	0.001241129347
64307	0.001539687594
64308	0.0003360260154
64309	0.003173982677
64310	0.002153114395
64311	4.544187793e-06
64312	0.0001951915611
64313	1.950974647e-05
64314	0.004121239732
64315	0.004312586638
64316	0.002493333935
64317	0.0002992986349
64318	0.002316025234
64319	0.001699302688
64320	0.0001221824947
64321	0.001805963825
64322	0.0007002954124
64323	0.0001064844576
64324	0.0003022721656
64325	0.002160198792
64326	0.0005928046526
64327	0.0007116988636
64328	0.001907390951
64329	0.003027747215
64330	0.0007892428859
64331	0.0008645973622
64332	0.0004707787053
64333	5.775130216e-05
64334	0.001967523854
64335	0.0005905660598
64336	0.0007572447336
64337	0.0009780581048
64338	0.004847782598
64339	0.001066771646
64340	0.00336084044
64341	0.002215333319
64342	0.0009726586614
64343	0.0009074851134
64344	0.0007036649015
64345	2.09883398e-05
64346	0.0004425987368
64347	0.001472035486
64348	0.001058821346
64349	0.002089674093
64350	0.0001284116871
64351	0.0001723294737
64352	0.001052921265
64353	0.0003437686442
64354	0.0006665801859
64355	0.003232191524
64356	0.0007026635427
64357	0.0007706837317
64358	0.00256387668
64359	0.002679103965
64360	0.003952022824
64361	0.001155814301
64362	0.0006275471698
64363	0.0002129783476
64364	0.001677627631
64365	0.004028171302
64366	0.007427839784
64367	0.001151525453
64368	0.003605973934
64369	0.007005630568
64370	0.00489153255
64371	0.001215158783
64372	0.0009657457712
64373	0.004621415276
64374	0.0009289898932
64375	0.003553483937
64376	0.002427188234
64377	0.001025462179
64378	4.036453491e-05
64379	0.0008806443311
64380	0.00214478913
64381	0.00134586147
64382	0.005394335766
64383	0.0008975084809
64384	0.00123645831
64385	0.004950697849
64386	0.006921050192
64387	0.002345560381
64388	0.003607373608
64389	0.004942072056
64390	0.0003534027665
64391	0.00179027452
64392	0.006036834235
64393	0.001185799107
64394	0.003572096017
64395	0.002879755279
64396	0.001127058122
64397	0.007506431452
64398	0.002348843926
64399	0.0002344693106
64400	0.0003868554832
64401	0.003273806511
64402	0.0005952532052
64403	0.002324764545
64404	0.004479290366
64405	0.002002760553
64406	0.003378392044
64407	0.001831718034
64408	0.0001876818857
64409	0.001824673125
64410	0.0005443277654
64411	0.007115447533
64412	0.0001029235892
64413	0.001899928811
64414	0.001339574606
64415	0.0004821520687
64416	0.0009306999093
64417	0.002064743215
64418	0.002846822888
64419	0.00332396193
64420	0.004807364792
64421	0.003024287845
64422	0.001283619804
64423	0.002987006376
64424	0.0002522566944
64425	0.001093946781
64426	0.00162465323
64427	0.003181819581
64428	0.0004219963195
64429	0.003874760819
64430	0.005350781769
64431	0.001279329145
64432	0.0008145521847
64433	0.004817411428
64434	0.002375994285
64435	0.0009309908294
64436	0.002155120062
64437	0.003527552553
64438	0.001588444105
64439	0.00243089062
64440	0.00430014486
64441	0.005715449855
64442	0.002192916542
64443	0.000360781676
64444	0.002975543198
64445	0.004179296547
64446	0.0004670970878
64447	0.004594794354
64448	0.003342652987
64449	0.001237583842
64450	0.002437931685
64451	0.005837302576
64452	0.001172011104
64453	0.001501684114
64454	0.005468065124
64455	0.0006861248877
64456	0.001969063458
64457	0.003507269409
64458	0.0003761658215
64459	0.001852845835
64460	0.0006174831605
64461	0.005393828166
64462	0.005367964557
64463	0.0008069457083
64464	0.002994533031
64465	0.0005709166097
64466	0.0005081602858
64467	0.004947887781
64468	0.01035697838
64469	0.001645126893
64470	0.0002666909566
64471	0.002291964685
64472	0.003373505332
64473	0.004612442273
64474	0.002185128259
64475	0.002850595679
64476	0.002907243454
64477	0.002229451322
64478	0.0006723363968
64479	0.0003267640181
64480	0.003644293246
64481	0.002977901399
64482	0.001046360764
64483	0.003786210834
64484	0.0006850611722
64485	0.001810512959
64486	0.007506139681
64487	0.002191293496
64488	0.002958562272
64489	0.00439093557
64490	0.00262903192
64491	0.002101096881
64492	0.002483994703
64493	0.001080678548
64494	0.0004190275589
64495	0.00265886134
64496	0.0008313587156
64497	0.004637940878
64498	0.006763322204
64499	0.01106988781
64500	0.002799059875
64501	0.005094706259
64502	0.0009768519592
64503	0.0005306841239
64504	0.000160092446
64505	0.004542698473
64506	0.001250992067
64507	0.002162306509
64508	0.005066160907
64509	0.001567618292
64510	0.002465092076
64511	0.001127024259
64512	0.00148221851
64513	0.000339462973
64514	9.948478072e-05
64515	0.0007695600409
64516	0.004689007602
64517	0.002315153268
64518	0.004444137877
64519	0.003079808512
64520	0.002380766003
64521	0.003248606622
64522	0.006010283626
64523	0.000845363811
64524	0.001879689431
64525	0.001137386905
64526	0.005269098309
64527	0.0002772617088
64528	0.0008007092678
64529	0.0004403134022
64530	0.0005081673071
64531	0.0006634113415
64532	0.004902843593
64533	0.002615498576
64534	0.001177342802
64535	0.0005399779872
64536	0.001811797495
64537	0.00127920266
64538	0.003060907842
64539	0.0008209942589
64540	0.0006013304994
64541	0.001454410613
64542	0.0006262653214
64543	0.002210611756
64544	0.003810697752
64545	0.0002058693373
64546	0.0009740492771
64547	0.003153439855
64548	0.0002431934956
64549	0.0001879125672
64550	0.007719851841
64551	0.009984912891
64552	0.001237976714
64553	0.002793466821
64554	0.007359239207
64555	0.002804744124
64556	0.004127556058
64557	0.008041274949
64558	0.002300277452
64559	0.002396021049
64560	0.0004527772176
64561	0.002764962133
64562	8.042463235e-06
64563	0.001371863153
64564	0.00181295968
64565	8.148667724e-06
64566	0.003865194626
64567	0.002712867915
64568	0.0005581752816
64569	0.00192857363
64570	0.0001587482335
64571	0.0003014432372
64572	0.001280334728
64573	0.001166952638
64574	0.001398138575
64575	0.003357321778
64576	0.002287083206
64577	0.0005519521235
64578	0.004775041984
64579	0.0002636822834
64580	0.003577735031
64581	0.001271565019
64582	0.0001171273415
64583	0.000934155833
64584	0.002499903176
64585	0.001488903325
64586	0.00193075897
64587	0.001669224256
64588	0.0006776378768
64589	0.0007549031669
64590	0.002000717422
64591	0.001505089788
64592	0.002154011497
64593	0.001417792318
64594	0.003464584889
64595	4.747869753e-05
64596	0.0007177439354
64597	0.0003169540893
64598	2.798684253e-06
64599	7.132256213e-05
64600	0.0005530494884
64601	4.106237007e-05
64602	0.0002812529099
64603	0.001616362892
64604	0.006850083551
64605	0.0004596884111
64606	0.00172648129
64607	0.003686938641
64608	0.0009926571942
64609	0.005309133065
64610	0.003983187647
64611	0.001279873699
64612	0.001377730711
64613	0.001303177118
64614	0.0007103565484
64615	0.003393463009
64616	0.003068741064
64617	0.001210551912
64618	0.003077524511
64619	0.001246302325
64620	0.0009600638004
64621	0.002660816507
64622	0.004385058206
64623	0.0002809714854
64624	0.003182109167
64625	0.0003445638835
64626	0.005892286097
64627	0.0006343471357
64628	0.002458742482
64629	0.002913884283
64630	0.0036388144
64631	0.003955611037
64632	0.002136571988
64633	0.0007745230225
64634	0.0005910367579
64635	0.001725070282
64636	0.003024501693
64637	0.0006785080946
64638	1.166159136e-05
64639	0.002311347808
64640	0.0003924008173
64641	0.0008959732192
64642	0.0008304136304
64643	0.0001393621653
64644	0.0002271754547
64645	0.0001246270584
64646	0.0006356732718
64647	0.0001109991345
64648	0.0007718958902
64649	9.924576967e-05
64650	0.0002384855991
64651	0.0006242965876
64652	0.001023699498
64653	3.145898747e-05
64654	0.000489969139
64655	0.001643441496
64656	0.002324298916
64657	0.001626753229
64658	0.001395816954
64659	0.001229386792
64660	0.001054514254
64661	0.003744403973
64662	0.001015876282
64663	0.001354327171
64664	0.001816731588
64665	0.003808505896
64666	0.003440107178
64667	0.0003817881385
64668	0.003340397976
64669	0.0007725575496
64670	0.002920264329
64671	0.0006896267237
64672	0.001080373468
64673	0.002897266375
64674	0.0001553373781
64675	0.001060385585
64676	0.001996348653
64677	0.003003265085
64678	0.0003888937697
64679	0.0003602311193
64680	0.003001811323
64681	0.0001167044404
64682	0.0002027672876
64683	0.0002446333566
64684	4.627154631e-05
64685	0.002275253585
64686	0.004865727164
64687	0.002998911412
64688	0.004101655004
64689	0.001497620461
64690	0.001430904761
64691	0.002007936049
64692	0.00554986544
64693	0.005362521943
64694	9.228118508e-05
64695	0.0004986973202
64696	0.002597485765
64697	0.001869297676
64698	0.002147260904
64699	0.001527549082
64700	0.001192665621
64701	0.0004956589046
64702	0.002840709056
64703	0.003685476634
64704	0.002905190693
64705	0.002828641591
64706	0.003481075581
64707	9.908269389e-05
64708	0.002928826261
64709	0.002281085193
64710	0.003806914869
64711	0.002941946858
64712	0.003146811051
64713	0.001234244227
64714	0.00135931687
64715	0.004070564826
64716	0.001086039354
64717	0.002439517199
64718	0.001893710834
64719	0.00302021088
64720	0.002462204155
64721	0.003408095066
64722	0.003582652041
64723	0.000159746193
64724	0.003039612998
64725	0.0003789110923
64726	0.0001855298956
64727	0.002913080851
64728	0.001647830638
64729	0.001168555099
64730	0.001912766247
64731	0.0007377759465
64732	0.0003853857237
64733	0.0001101131826
64734	4.94702331e-05
64735	0.001175716841
64736	0.0004579764858
64737	0.0006791729122
64738	0.0003251874688
64739	0.0002749949928
64740	0.0004163483114
64741	0.0005704794385
64742	0.002106187379
64743	0.000431943164
64744	0.002489017864
64745	0.0001617798503
64746	0.0007776561667
64747	0.001269168808
64748	0.005088714349
64749	7.138767774e-05
64750	0.00154923311
64751	0.002814897133
64752	0.00112597178
64753	0.003697489396
64754	0.001800462308
64755	0.0002876212003
64756	0.003075947771
64757	0.00330056391
64758	0.001862946607
64759	0.0001711736063
64760	0.002442574369
64761	0.0039368102
64762	0.00147633868
64763	0.0007631614597
64764	0.001026327012
64765	0.0007863868393
64766	0.0007788255121
64767	0.0002088640844
64768	0.004339734829
64769	0.002394641489
64770	0.000340996077
64771	0.001592984942
64772	0.0007810826376
64773	3.055436008e-05
64774	0.001739807607
64775	0.002940672486
64776	0.00106907547
64777	0.000858021209
64778	0.001053715446
64779	0.006631031216
64780	0.001577016109
64781	0.001802369272
64782	0.005827674058
64783	0.001336186462
64784	0.00532869169
64785	0.003610437429
64786	0.001958912693
64787	0.0004104788064
64788	0.002597526419
64789	0.004014174376
64790	0.00331480893
64791	0.001145572618
64792	0.003122188075
64793	4.160126368e-05
64794	0.0019003764
64795	0.0001125178693
64796	0.00230222011
64797	0.001862941799
64798	0.002487687872
64799	0.002424578779
64800	0.0002470475251
64801	0.00442655956
64802	0.0002384242146
64803	0.001837753539
64804	0.0008582794
64805	0.0001365458816
64806	0.00127526727
64807	0.00466582052
64808	0.0002341145531
64809	0.005638385399
64810	0.005156325815
64811	0.003611475441
64812	0.0006704786101
64813	0.003423053516
64814	0.003281981383
64815	0.002883441036
64816	0.003515755091
64817	0.0009835088902
64818	0.002070087588
64819	0.005417804886
64820	0.0002197790389
64821	0.003753933285
64822	0.004061724435
64823	0.0006600966235
64824	0.000285058351
64825	0.01025596847
64826	0.001676566307
64827	0.0007563911077
64828	9.623105452e-05
64829	0.008302298581
64830	0.004414428359
64831	0.003531336756
64832	0.007264270832
64833	0.002118537438
64834	0.005148347308
64835	0.0003947125837
64836	0.001671971259
64837	0.005426827571
64838	0.002228639079
64839	0.0023900124
64840	0.003089545044
64841	0.0007300324837
64842	0.003923449669
64843	0.001465577928
64844	0.003559039613
64845	0.002409150472
64846	0.002396713335
64847	0.002997945046
64848	0.001504521227
64849	0.004159525111
64850	0.002050431383
64851	0.002050599037
64852	0.0009619042137
64853	0.000278514178
64854	0.0005795286211
64855	0.001913455971
64856	0.002495442585
64857	0.001891217197
64858	0.001506523061
64859	7.706880316e-05
64860	0.002560742943
64861	0.001330196625
64862	0.0009279679087
64863	0.002569135998
64864	0.00251557178
64865	0.0009356958144
64866	0.0008534426141
64867	0.0001196243725
64868	0.007048658543
64869	0.0004903966678
64870	0.001794696238
64871	0.0002433492141
64872	1.84773835e-05
64873	0.001463160045
64874	0.0003974747487
64875	0.0002774481749
64876	0.001631640704
64877	0.002316129625
64878	1.304687074e-05
64879	0.002226968685
64880	0.0008709012777
64881	8.3833459e-05
64882	0.0004177044619
64883	0.0001071469487
64884	0.003233407068
64885	0.0001003822299
64886	0.002529217806
64887	0.001996362483
64888	0.001246523039
64889	0.001312716871
64890	0.0005382075188
64891	0.001564061838
64892	0.002089066351
64893	0.004783149133
64894	0.003143962146
64895	0.0008257317551
64896	0.001138798448
64897	0.01053444608
64898	0.004129757424
64899	0.003729243845
64900	0.002383276672
64901	0.002227727112
64902	0.001088453218
64903	4.383813291e-05
64904	0.000503683999
64905	0.0007947475769
64906	0.0002578048856
64907	0.003147973186
64908	0.003567038497
64909	0.0002569087238
64910	0.001446309463
64911	0.003829678492
64912	0.0008621448671
64913	0.003542423899
64914	0.0008417334021
64915	0.003940592928
64916	0.0002504260632
64917	0.0001405623886
64918	0.003323609863
64919	0.003342593154
64920	0.003240911764
64921	0.004798860314
64922	0.003367314943
64923	0.003413468057
64924	0.0003987380855
64925	0.0007483451671
64926	0.001859766242
64927	0.001373563752
64928	0.0009449416751
64929	0.002773999193
64930	0.003148161792
64931	0.0004083574556
64932	0.001060443855
64933	0.005094739688
64934	0.002734558065
64935	0.00089549195
64936	0.001864748354
64937	0.005410723641
64938	0.001442587477
64939	0.003171751197
64940	0.0007942790265
64941	0.004421205044
64942	0.005134498344
64943	0.004800749263
64944	0.0007449436387
64945	0.0004729817522
64946	0.002049231373
64947	0.002663689879
64948	0.002294708684
64949	0.002967782916
64950	0.003722721213
64951	0.000285951296
64952	0.005059582098
64953	0.001743854458
64954	0.002380553169
64955	0.00539807875
64956	0.001669891937
64957	0.006391660116
64958	0.000638255088
64959	0.007871636449
64960	0.0007061086374
64961	0.004891612823
64962	0.0004503681353
64963	0.003641640419
64964	0.0005644346079
64965	0.0008195607964
64966	0.002371277503
64967	0.0009936979571
64968	0.004944950425
64969	0.001617014914
64970	0.0002709662323
64971	0.004465066847
64972	0.001103353601
64973	0.004011733617
64974	0.001016913093
64975	0.0003077955112
64976	0.0008323752819
64977	0.0007025982472
64978	0.0017835547
64979	0.001067917357
64980	0.001278721937
64981	0.004604978831
64982	0.005271429464
64983	0.001014683994
64984	0.001478466817
64985	0.0007901444271
64986	0.001894939512
64987	0.0008391869472
64988	0.0006644268557
64989	0.004273336528
64990	0.0008468584631
64991	0.008537913476
64992	0.005525437578
64993	0.002677902431
64994	0.001748361158
64995	0.002377094478
64996	0.000736851267
64997	0.004205795289
64998	0.0003888332495
64999	0.003618239368
65000	0.002901716836
65001	0.0002671504205
65002	0.002242295943
65003	0.004021188866
65004	0.005193775447
65005	0.003893108648
65006	0.003005580324
65007	0.0009488441086
65008	0.002019169094
65009	0.001399167594
65010	0.004646848447
65011	0.002141694588
65012	0.000289039677
65013	0.00121860235
65014	0.004423031283
65015	0.001306204579
65016	0.004364932393
65017	0.00353492745
65018	0.0009742497385
65019	4.056746596e-05
65020	0.001042797228
65021	0.0002090112652
65022	0.001703219398
65023	0.001253467646
65024	0.00248981302
65025	0.001630693037
65026	0.0001318795357
65027	0.004899194894
65028	0.001726361423
65029	0.004098931213
65030	0.001959504385
65031	0.003163959928
65032	0.003455368198
65033	0.001209959197
65034	3.64475433e-05
65035	0.005850283969
65036	0.0006839501178
65037	0.0009421862724
65038	0.002878244021
65039	0.0007400241269
65040	0.0007673037822
65041	0.0006243579443
65042	0.0004228153902
65043	0.001294956867
65044	0.003900436715
65045	0.004077771938
65046	0.001783682044
65047	0.004503085664
65048	0.00536787176
65049	0.002081557575
65050	0.0001434037969
65051	0.007949007022
65052	0.001147183847
65053	0.007385753095
65054	0.003218223593
65055	0.0007572492006
65056	0.0003504388637
65057	0.0007072443987
65058	0.003361015697
65059	0.00386857364
65060	0.001234314493
65061	0.00112803794
65062	5.119977372e-06
65063	0.0003192052641
65064	0.002373476363
65065	0.002902763394
65066	0.007696366159
65067	0.001199976178
65068	0.003936256625
65069	0.00015185301
65070	0.0005437491641
65071	0.002363806663
65072	0.0009058142059
65073	0.00115330409
65074	0.0008555748713
65075	0.001269049528
65076	0.004949636201
65077	0.0007050717924
65078	0.0009412692891
65079	0.0004989270169
65080	0.00330393132
65081	0.002844935877
65082	0.00267452561
65083	0.002977927203
65084	0.006873542842
65085	0.001644626919
65086	0.0007765594826
65087	0.008917780345
65088	0.002158638871
65089	0.007907296665
65090	0.001331234507
65091	0.002812154844
65092	0.0009520783568
65093	0.005726313069
65094	0.006209903074
65095	0.003702380782
65096	0.004052886896
65097	2.290687646e-05
65098	0.007390400238
65099	0.0016441402
65100	0.0003495789604
65101	0.001329381379
65102	0.005035402667
65103	0.005689655336
65104	0.003747763322
65105	0.0008992506414
65106	0.00436647691
65107	0.0004271885685
65108	0.001362777925
65109	0.0005999576815
65110	0.003399964457
65111	0.0004967602712
65112	8.891159789e-05
65113	0.001164537381
65114	0.0001631518956
65115	3.654927013e-05
65116	0.0008361602458
65117	0.001194838552
65118	0.003545860123
65119	0.000754160948
65120	0.003440403075
65121	0.003108223677
65122	0.003127338285
65123	0.0001744993393
65124	0.0005496014387
65125	0.004637886604
65126	0.002504843853
65127	0.0009048897915
65128	0.00594681106
65129	0.00305872012
65130	0.0003237829754
65131	0.00106217152
65132	0.002649612795
65133	0.003719912408
65134	0.00163093656
65135	0.001736758752
65136	0.001241802579
65137	0.0005080397743
65138	0.0004541314043
65139	0.002598491083
65140	0.004862590738
65141	0.003566186029
65142	0.003872905716
65143	0.002981599323
65144	0.005786794051
65145	0.0003696246936
65146	0.002215754429
65147	0.001584032571
65148	0.000329957273
65149	0.0009322261204
65150	0.004566811942
65151	0.001200473695
65152	0.001108112177
65153	0.001540024226
65154	0.003382178075
65155	0.0003475003521
65156	0.001156160752
65157	0.0006260477022
65158	0.001647324991
65159	0.001317143173
65160	0.001923529445
65161	0.000912116303
65162	0.001639615102
65163	0.0004208723669
65164	0.001374726747
65165	0.001288401561
65166	0.003010043955
65167	0.001769485563
65168	0.000773191574
65169	0.003694111108
65170	0.001638821143
65171	0.0005190777594
65172	0.001022594843
65173	0.005576455636
65174	0.0009145018241
65175	0.003935712055
65176	0.000102613239
65177	0.005948861222
65178	4.824270785e-05
65179	0.0008440526903
65180	0.0005230126538
65181	0.002554320647
65182	0.001759265446
65183	0.005808966681
65184	0.001398975429
65185	0.002091867223
65186	0.001743484315
65187	0.0009065878521
65188	0.0005938604148
65189	0.0007617285962
65190	0.0008436292542
65191	0.0004339153757
65192	0.001284497505
65193	0.001622062125
65194	0.002186729535
65195	0.002655064857
65196	0.003609824879
65197	7.807806429e-05
65198	0.0003791482624
65199	0.007121500441
65200	0.0004533963665
65201	0.0007068308565
65202	0.0007253319911
65203	0.001681793314
65204	1.198224314e-05
65205	0.001276254442
65206	0.0007105504347
65207	0.0005872888275
65208	0.003692321131
65209	0.002786700513
65210	0.0002718145259
65211	0.001401086677
65212	0.0003281306402
65213	0.002030049527
65214	0.004471483057
65215	0.001984317344
65216	0.0006326985454
65217	0.0037342644
65218	0.0004380516988
65219	0.0003062541642
65220	0.0008775396415
65221	0.003567762969
65222	0.001908652323
65223	0.004417657772
65224	0.001020474694
65225	0.0009460990718
65226	0.001775278156
65227	0.0008848583011
65228	0.00337010892
65229	0.002873919634
65230	0.001915337148
65231	0.0002599614609
65232	0.0009569164985
65233	0.0003688193008
65234	0.000157926751
65235	0.004145902297
65236	0.007017173542
65237	0.0001722489544
65238	0.001322031494
65239	0.001522853596
65240	0.001483303916
65241	0.0005320709457
65242	0.0007938169867
65243	0.0008304110098
65244	0.0004929988896
65245	0.001461639156
65246	0.001826544242
65247	0.0003975273232
65248	0.002183856077
65249	0.0001841900013
65250	0.001606536813
65251	0.001119930173
65252	0.001911762807
65253	0.0006568829137
65254	0.003144610239
65255	0.001558051074
65256	0.002139904495
65257	0.003115353004
65258	0.001119654224
65259	0.002045394731
65260	0.003935473995
65261	0.001041944249
65262	0.0008757533189
65263	0.001750140311
65264	0.002213473617
65265	0.001096485521
65266	0.00516680645
65267	0.0001701318573
65268	0.00208527721
65269	0.00159772975
65270	0.0009388327278
65271	0.0001853366003
65272	0.004797082165
65273	0.003317864029
65274	0.001429414285
65275	0.0006892047539
65276	0.001459645337
65277	0.0003245168831
65278	0.002433275801
65279	0.003085587504
65280	0.001513827263
65281	0.001665021133
65282	0.001495666205
65283	0.00128603896
65284	0.0007715760457
65285	0.003570528884
65286	0.0009967635101
65287	0.003097766633
65288	0.004327562917
65289	0.002291308232
65290	0.001066953812
65291	0.0001924842051
65292	0.003835304966
65293	0.0003332264767
65294	0.001670640479
65295	0.0004948522384
65296	0.004135421936
65297	0.002259958236
65298	0.0009318714542
65299	0.005720407164
65300	0.003110662502
65301	0.006914782681
65302	0.005342874726
65303	0.0006705873016
65304	0.0008293607012
65305	0.002244856282
65306	0.001216086447
65307	0.001512330547
65308	0.0002059685138
65309	0.001843925567
65310	0.001739569323
65311	1.846217704e-06
65312	0.0007010822733
65313	0.004810604183
65314	0.002589675548
65315	0.0003691282425
65316	0.001063915027
65317	0.00343639811
65318	0.0005123228733
65319	0.001630282376
65320	0.0012478402
65321	0.005475039411
65322	0.001172253548
65323	0.0001234572519
65324	2.80919555e-05
65325	0.001295130275
65326	0.001261231399
65327	0.004167022713
65328	0.0002998702069
65329	0.001809319422
65330	0.00390259036
65331	3.035914644e-05
65332	1.322812288e-05
65333	0.00026991454
65334	0.004185101973
65335	0.001640116115
65336	0.0001834200816
65337	0.0003990230113
65338	8.828319863e-06
65339	0.003331522064
65340	0.0001277543398
65341	0.00118284543
65342	0.0004344997067
65343	0.004773871076
65344	0.0004816152216
65345	0.0003734696631
65346	0.002130630492
65347	0.001562769843
65348	0.0007574419283
65349	0.001518994471
65350	0.003626600808
65351	0.000749683037
65352	0.0003740912984
65353	0.0009666987392
65354	0.0004486715297
65355	0.001137643408
65356	0.0001671851114
65357	0.000200326412
65358	0.000231038723
65359	0.0006713454964
65360	0.0004438756511
65361	0.003537092441
65362	0.003307733215
65363	0.0004696166511
65364	2.659408178e-05
65365	0.001605385478
65366	0.00872104422
65367	0.004961360754
65368	0.0006150783121
65369	0.003881290765
65370	0.004203433015
65371	0.005703642072
65372	0.007003703972
65373	0.004864852046
65374	0.004146890716
65375	0.0002133168481
65376	0.0001158461613
65377	0.001085484339
65378	0.001456688086
65379	0.001227701333
65380	0.004532383128
65381	0.007925768297
65382	0.0006837649001
65383	0.001922939609
65384	0.0005381275648
65385	0.0008835397621
65386	0.006819662539
65387	0.001575589153
65388	0.00208905727
65389	0.004994099209
65390	0.001671115794
65391	0.004807448282
65392	0.001373183043
65393	0.001148302686
65394	0.0004869210413
65395	0.001326018072
65396	0.004383722898
65397	0.00520350786
65398	0.009691498762
65399	0.002816701564
65400	0.002589945717
65401	0.003576763621
65402	0.002259435223
65403	0.005812134821
65404	0.008624485468
65405	0.001600318867
65406	0.004726013745
65407	0.001828431576
65408	0.001351929645
65409	0.0009688458594
65410	0.0002541657922
65411	0.0002552356167
65412	0.004084853149
65413	7.197245788e-06
65414	0.002574151747
65415	0.003906196556
65416	0.0008478635352
65417	0.002063542089
65418	0.001586397714
65419	0.0005654536713
65420	0.003175393693
65421	0.004555209665
65422	0.001394084703
65423	0.0002784351618
65424	0.0005177138071
65425	0.002748262279
65426	0.0005965473826
65427	0.0001368136477
65428	2.539325902e-05
65429	0.001546412746
65430	0.0005463418907
65431	0.0005240817019
65432	0.002141907304
65433	0.0001036737939
65434	0.0008298687954
65435	0.001443527172
65436	8.948206959e-05
65437	0.0009643182261
65438	0.0001375441921
65439	0.0006610376984
65440	0.00189913931
65441	0.001387570556
65442	0.0005594127937
65443	0.00324256139
65444	3.693244715e-05
65445	0.007854008492
65446	0.001600869248
65447	0.003752026997
65448	0
65449	0.005610657634
65450	0.00496631056
65451	0.0008229955797
65452	6.262328218e-05
65453	0.0005453937958
65454	0.0005756385529
65455	0.0001352823223
65456	3.592296901e-06
65457	0.0005925014623
65458	0.000774797795
65459	0.006991434779
65460	0.0005044608735
65461	0.002920804367
65462	0.005425809237
65463	0.0003181494662
65464	0.002572529051
65465	0.0003554780048
65466	0.001995967107
65467	0.001324961626
65468	0.004611373521
65469	0.004506772649
65470	0.006374775417
65471	0.01078913936
65472	0.00329711163
65473	0.00298031023
65474	0.0003715521992
65475	0.001448828734
65476	0.0002036087304
65477	0.00119190138
65478	0.001638045335
65479	0.007225429007
65480	0.004468938029
65481	0.0003277138566
65482	0.004075098413
65483	0.0004031227696
65484	0.006495769794
65485	0.004653689911
65486	0.001528519327
65487	0.00143131273
65488	0.0001468036047
65489	0.005328004514
65490	0.003097394702
65491	0.0003013023385
65492	0.0004825076055
65493	0.002004411049
65494	0.0005729658969
65495	0.001130800752
65496	0.00266577411
65497	0.003635020174
65498	0.008246405408
65499	0.001324724562
65500	0.0007749830178
65501	0.0002241476221
65502	0.001698743633
65503	0.001414863361
65504	0.003047724066
65505	0.0005432885451
65506	0.001332436629
65507	0.0001967975815
65508	0.0003558936937
65509	0.001204339114
65510	0.001221668534
65511	0.00314857338
65512	0.0002220622971
65513	0.0005285019294
65514	0.0006968726192
65515	0.005929527832
65516	0.002645234671
65517	0.00524446183
65518	0.000275800072
65519	0.001518670902
65520	0.001666199444
65521	0.008032242505
65522	0.003495472159
65523	0.004241171992
65524	0.001422368788
65525	0.001010069752
65526	0.004225464406
65527	0.001012333288
65528	0.002680586418
65529	0.006596855261
65530	0.0003273317102
65531	0.0003755787497
65532	0.002819276401
65533	2.325894021e-05
65534	0
65535	0.001229042506
65536	0.005015961816
65537	0.009440039335
65538	0.001417443965
65539	0.01058029524
65540	0.0008962273087
65541	0.0002136722734
65542	0.003742936198
65543	0.0006015504796
65544	0.00303353482
65545	0.002660282962
65546	0.0001930328644
65547	0.0006926488506
65548	0.0009021422384
65549	2.000720024e-05
65550	0.005247469291
65551	0.006996318175
65552	0.002478851053
65553	0.004908361142
65554	0.003746663091
65555	0.002407786575
65556	0.008203530727
65557	0.00493142355
65558	0.0004554623767
65559	0.009566078555
65560	0.00113888019
65561	0.003582139513
65562	0.003547836332
65563	0.0003911095502
65564	0.0003504316832
65565	0.001203660514
65566	0.000346386648
65567	0.0006135073675
65568	1.52722422e-05
65569	0.001034513358
65570	0.001577112183
65571	0.001374757897
65572	0.003699743984
65573	0.0008656721237
65574	0.007718896418
65575	0.0001365965228
65576	0.001251178466
65577	0.0008847889802
65578	0.002673522573
65579	0.002939978364
65580	0.0002721997427
65581	0.002662137155
65582	0.00318720024
65583	0.0002092450122
65584	0.00078357827
65585	0.001934399894
65586	0.002563858978
65587	0.0001527667377
65588	0.002481623694
65589	0.001721033849
65590	0.001205664482
65591	0.0016018954
65592	0.005312307644
65593	0.001271019317
65594	0.0008941568202
65595	0.0001179623672
65596	0.004791285517
65597	0.001665496011
65598	0.004304979536
65599	0.003326055847
65600	0.0008025221533
65601	0.004192473628
65602	9.622282789e-05
65603	0.001940281439
65604	0.004000262118
65605	0.002467323329
65606	0.00161333229
65607	0.005965509899
65608	0.003316974663
65609	0.0007070682909
65610	0.00144102368
65611	0.0004281231995
65612	0.003689837692
65613	0.0009257653586
65614	0.0002900465921
65615	0.004364551863
65616	0.001392251818
65617	0.0004926866194
65618	0.0001481670996
65619	5.500263839e-05
65620	0.008319909825
65621	0.0009187685173
65622	0.0004345327318
65623	0.006491367102
65624	0.004547637017
65625	0.0003088525995
65626	0.002149491582
65627	0.002861521813
65628	1.074088578e-05
65629	0.0001306422969
65630	2.797428161e-05
65631	0.0001009602853
65632	0.0001037544882
65633	0.0007391008143
65634	0.0001385779181
65635	0.0005835801456
65636	0.0002701095288
65637	0.0001910195239
65638	0.0004495844768
65639	0.001164113181
65640	0.0004106913979
65641	2.32974565e-05
65642	0.0001713829613
65643	7.281563929e-05
65644	0.0006707216398
65645	0.001622573559
65646	0.002158656987
65647	0.0001713124072
65648	0.0002226328571
65649	0.0001085748051
65650	0.0002865029939
65651	0.0004766689471
65652	0.000452986277
65653	0.001451655132
65654	0.0003137902197
65655	9.428355411e-05
65656	0.0001808426936
65657	0.001464512185
65658	0.0007037669138
65659	0.001547802294
65660	0.003848119196
65661	0.002175452951
65662	0.00320696888
65663	0.0001550931832
65664	0.001467586194
65665	0.0001933892446
65666	0.0001506576636
65667	1.499840738e-06
65668	0.0001714214348
65669	0.00606020123
65670	0.0006005131037
65671	0.002877738036
65672	0.000764789352
65673	0.0002460714113
65674	6.664432633e-05
65675	0.004289205473
65676	0.001575538808
65677	0.0002290747991
65678	0.0008282162234
65679	0.001882128441
65680	0.003239158366
65681	0.0005829916288
65682	0.001778540083
65683	0.002396184717
65684	0.001211534187
65685	0.0002924913735
65686	0.0009413138768
65687	7.469753509e-06
65688	0.005245211692
65689	0.002730445716
65690	0.001384766635
65691	0.006492089259
65692	5.822967321e-05
65693	0.001638346508
65694	0.001584444855
65695	0.003143660163
65696	0.00288190314
65697	0.001801802861
65698	0.0002871071555
65699	4.559932623e-05
65700	0.0001384480242
65701	0.002881169936
65702	0.0004864449686
65703	7.194965564e-05
65704	0.0004300943583
65705	0.0005523965215
65706	0.0078619798
65707	0.0002384294944
65708	0.0002361822233
65709	0.002874458492
65710	0.003957642873
65711	0.00186565226
65712	0.001793523919
65713	0.004788061826
65714	0.002568931302
65715	0.0001620669385
65716	0.0005260030799
65717	0.0025380248
65718	0.001742000148
65719	0.00065385618
65720	0.005740074464
65721	0.0007622626519
65722	0.003267043922
65723	0.001153115342
65724	0.003687143051
65725	0.003832538428
65726	0.002729025655
65727	0.002926236427
65728	0.003812496104
65729	0.003064712721
65730	0.00363244025
65731	0.000848725729
65732	0.0006231120485
65733	0.002191187011
65734	0.003625723807
65735	0.0005649832012
65736	0.004645253489
65737	0.000103388327
65738	0.002576253642
65739	0.003555343318
65740	0.002196079936
65741	0.01148983977
65742	0.003730421677
65743	0.004379161179
65744	0.000887688978
65745	0.001881300037
65746	0.001032374925
65747	0.001965437004
65748	0.003578843118
65749	0.001359820661
65750	0.002793217471
65751	0.000953481548
65752	0.004476674737
65753	0.001257575756
65754	5.016279633e-05
65755	0.003359570768
65756	0.0007381365884
65757	0.004345909509
65758	0.0003859285131
65759	0.002560968076
65760	0.004306085404
65761	0.001136026002
65762	0.005950775751
65763	0.004041307407
65764	0.003657695839
65765	0.0007968039353
65766	0.004037150752
65767	0.007409083064
65768	0.0008855123331
65769	0.0009974744493
65770	0.002409437648
65771	0.004137960121
65772	0.004428654609
65773	0.003279578751
65774	0.000304185521
65775	0.002232440767
65776	0.001484958048
65777	0.001903177559
65778	0.001809035253
65779	0.001980336352
65780	0.000143609779
65781	0.002092532494
65782	0.001672910664
65783	0.004001090895
65784	0.002542282145
65785	0.003456321308
65786	0.002733350603
65787	0.00106652081
65788	0.006376107112
65789	9.251400113e-05
65790	8.886941963e-05
65791	0.0001906779033
65792	5.136072005e-05
65793	0.0001512950165
65794	0.0002125659779
65795	0.0003016311209
65796	9.298181863e-05
65797	0.00021867085
65798	0.0003407664304
65799	0.0001241148562
65800	0.000641863936
65801	0.0002673474011
65802	0.000849258325
65803	0.0001732234003
65804	0.001487031231
65805	3.92424299e-05
65806	0.006728882537
65807	0.00115400183
65808	0.0005291100338
65809	5.958647637e-05
65810	0.0002057929252
65811	0.0002134105444
65812	0.0008261169152
65813	0.001833343076
65814	0.005251594684
65815	4.211244288e-05
65816	0.001350269568
65817	0.005396321024
65818	0.008336808501
65819	0.0009074807929
65820	0.0007854789901
65821	0.002164818161
65822	0.0006970978299
65823	0.005820668973
65824	0.001607860569
65825	0.001841342055
65826	0.0004887517
65827	0.0002061463017
65828	0.0001074978482
65829	6.245140415e-05
65830	0.0001969060598
65831	0.0004876261107
65832	0.0009246700016
65833	0.0001915634582
65834	7.765833105e-06
65835	7.186378561e-05
65836	0.0002847684813
65837	0.0001437796204
65838	9.396289826e-05
65839	0.0001028724053
65840	0.007173373334
65841	0.009231874411
65842	0.001125081462
65843	0.0008164684415
65844	7.853646858e-05
65845	0.000679292177
65846	0.001290071161
65847	0.0001624603892
65848	0.00128917684
65849	0.0003854809696
65850	0.0009379016892
65851	7.946701142e-05
65852	0.0005112358858
65853	0.0004006812763
65854	5.600872742e-05
65855	1.492769153e-05
65856	0.0004181572992
65857	0.001361453791
65858	0.000238318466
65859	0.001064502838
65860	0.0009019542496
65861	0.004100544264
65862	0.00428109591
65863	0.0003801221913
65864	0.00295946088
65865	0.004425306763
65866	0.000571855151
65867	0.00197511595
65868	0.003904729972
65869	1.142657067e-05
65870	0.0007442526987
65871	0.001302206437
65872	0.001044483792
65873	0.003065813727
65874	0.0005012597054
65875	0.0006265892232
65876	0.001800612009
65877	0.002472522537
65878	0.002007792869
65879	0.003161506528
65880	0.0008019031007
65881	0.004840647931
65882	0.001041855718
65883	0.001533268612
65884	0.00207424461
65885	0.002398966073
65886	0.00194310516
65887	0.0006547220908
65888	0.0005820820644
65889	0.001145364801
65890	0.005665056491
65891	0.0005326050753
65892	0.003376042913
65893	0.001418769395
65894	0.0008704436949
65895	0.005771985763
65896	0.001765820765
65897	0.004639630589
65898	0.005092622108
65899	0.003184180264
65900	0.0007386440442
65901	0.0007902433208
65902	0.002107577981
65903	0.0008320757007
65904	0.00117400136
65905	0.004141135446
65906	0.002504391682
65907	0.0005644060489
65908	0.007917394952
65909	0.00109105198
65910	0.000972922464
65911	0.00414096037
65912	0.0004015009857
65913	0.004202944928
65914	4.54153063e-05
65915	0.0001055270254
65916	0.009860468203
65917	0.0007683863876
65918	0.003336900467
65919	0.0007510379612
65920	0.00294824073
65921	0.002428549391
65922	0.00223819059
65923	0.004168562935
65924	0.001395205923
65925	0.003159144334
65926	0.001443543375
65927	0.003862421927
65928	0.001359966833
65929	0.0001335805748
65930	0.006904740792
65931	0.003137719389
65932	0.001330813118
65933	0.002101958177
65934	0.004493368759
65935	0.00379928925
65936	0.0004795930128
65937	0.002900619991
65938	0.001455513677
65939	0.004030649361
65940	0.0005356928664
65941	0.001781229076
65942	0.002724844196
65943	0.002343204494
65944	0.002774989907
65945	0.005016923689
65946	0.008222126799
65947	0.0007861313006
65948	0.001845253918
65949	6.290574359e-05
65950	0.003121667688
65951	0.001754123258
65952	0.0003152604822
65953	0.004542777198
65954	0.002500159769
65955	0.000412069989
65956	0.003311555367
65957	0.0009949888535
65958	0.002874588824
65959	0.004609645793
65960	0.004401130148
65961	0.0009988357687
65962	0.004340688769
65963	0.004599923741
65964	0.002565157104
65965	0.0007196094585
65966	0.001461157047
65967	0.0007922268211
65968	0.0009866971731
65969	0.001837195534
65970	0.002318730162
65971	0.002581718566
65972	0.001808260985
65973	0.002389472345
65974	0.0004146423727
65975	0.001984240037
65976	0.004821990278
65977	0.001295378817
65978	0.001544075932
65979	0.003767752158
65980	0.001559195812
65981	0.002327143365
65982	0.0007706634157
65983	0.002387109572
65984	0.001981513841
65985	0.002026857995
65986	0.001484909016
65987	0.0008146866298
65988	0.001407994825
65989	3.436035185e-05
65990	0.002693285749
65991	0.0005875273459
65992	0.005948423806
65993	0.0003320941632
65994	0.0006377801156
65995	2.558516931e-05
65996	0.0003174377181
65997	2.389392965e-06
65998	0.000324166878
65999	0.0001138674217
66000	0.0001190182442
66001	0.0009293457258
66002	8.235960798e-05
66003	6.581134609e-05
66004	0.0008292252436
66005	0.0001009228252
66006	0.0006690968704
66007	7.526528728e-05
66008	0.001278144552
66009	9.682759524e-06
66010	4.549115416e-05
66011	9.287194986e-06
66012	0.0006721798833
66013	0.0001390007357
66014	0.0001916480643
66015	0.0002117925797
66016	0.0007790310296
66017	0.0002990930583
66018	0.001360447934
66019	0.001102184564
66020	0.0004483051836
66021	0.0001440805966
66022	0.0003161038544
66023	0.0002216476636
66024	0.0002579778442
66025	0.0005056998856
66026	0.0003647144163
66027	0.0004106622205
66028	0.0002770449404
66029	0.0004528969262
66030	0.0008563609765
66031	0.0001013230901
66032	0.0002815916286
66033	0.0003892102892
66034	9.034402768e-05
66035	8.205664121e-05
66036	0.0005112539916
66037	0.000899087027
66038	0.006469086836
66039	0.001487930854
66040	0.003041272098
66041	0.0003162553942
66042	0.0004883421224
66043	0.0002436026803
66044	0.0006620152238
66045	0.0003058631593
66046	0.0002788680577
66047	0.002376365639
66048	0.001339794356
66049	0.002635493356
66050	0.001146062904
66051	0.0009262681094
66052	5.752568458e-05
66053	0.001089363117
66054	0.002081751283
66055	0.0003624707116
66056	0.004007471039
66057	0.001614280345
66058	0.004394794666
66059	0.004336900613
66060	0.0005584822494
66061	0.003104136252
66062	0.001945971251
66063	0.003081330003
66064	0.003028324779
66065	0.01057734619
66066	0.003391113658
66067	0.002888412804
66068	0.006201434969
66069	0.0003839796824
66070	0.009318728874
66071	0.001532385286
66072	0.006332786979
66073	0.002156850366
66074	0.001787327324
66075	0.003176060427
66076	4.634121456e-05
66077	0.0007637056182
66078	0.002039685506
66079	0.0002887239105
66080	0.001152430057
66081	3.797297732e-05
66082	0.0002149604202
66083	5.331328392e-05
66084	0.0004959375762
66085	0.0004308338192
66086	0.0008242296145
66087	0.00179680112
66088	0.0003633353692
66089	0.0002164315355
66090	0.0003392564532
66091	3.272334411e-05
66092	8.088191301e-05
66093	0.0002313996134
66094	0.0005365321281
66095	0.0001363726041
66096	0.001173286694
66097	0.0002781816267
66098	0.0005759248981
66099	0.0002348706046
66100	0.0008849598597
66101	0.0005743002479
66102	0.0004975287475
66103	0.0005428354445
66104	0.0008176521446
66105	0.001496883229
66106	0.0005242373411
66107	0.002321338142
66108	0.0004987837505
66109	0.001718096552
66110	0.0004913393075
66111	0.0006391269218
66112	0.0003027943763
66113	0.0004839865417
66114	0.0007315811063
66115	0.003079553921
66116	0.0007734280992
66117	0.00683818715
66118	0.0001273268443
66119	0.00185435483
66120	6.795619786e-05
66121	0.0003953441084
66122	0.001975960329
66123	0.0001421173014
66124	0.001076450907
66125	0.000399700031
66126	0.0008742207113
66127	0.0009814002598
66128	0.0005705046164
66129	0.000267629902
66130	0.0007088634356
66131	0.003496180474
66132	0.0001407123436
66133	0.002587785946
66134	0.004054850818
66135	0.001372713835
66136	0.0003947085605
66137	0.00175733929
66138	0.0004051500564
66139	0.002050197145
66140	0.008127146037
66141	0.0008481499826
66142	0.0004004902536
66143	4.512567919e-05
66144	0.001942144861
66145	8.762939338e-05
66146	0.001301453746
66147	6.013507452e-05
66148	0.0005740726344
66149	0.00119804457
66150	0.001552980596
66151	0.001022485833
66152	0.00329551199
66153	1.553242057e-05
66154	0.000228533056
66155	0.0005900989911
66156	6.149210142e-05
66157	0.001399762035
66158	2.822311742e-05
66159	0.0007647554648
66160	0.0005564900579
66161	0.005372197644
66162	5.559242279e-05
66163	0.003177623961
66164	0.0001034331287
66165	0.002736737015
66166	0.0006585096379
66167	0.004621426103
66168	0.0002267597882
66169	0.00649649294
66170	0.004408668334
66171	0.002968872631
66172	0.0004712601841
66173	0.0001347003548
66174	0.003854975301
66175	0.0009243624342
66176	0.005354475585
66177	0.0002382792017
66178	0.001317528671
66179	0.00150784585
66180	0.001214268463
66181	0.0004639476897
66182	0.001343476108
66183	0.0007263302388
66184	0.001152433369
66185	0.001488500683
66186	0.004998081919
66187	0.002682346064
66188	7.9976685e-05
66189	8.592719896e-05
66190	0.004928319383
66191	0.0001872506596
66192	0.0004501661464
66193	0.0002452346151
66194	0.001132682161
66195	0.0001473841106
66196	0.0004353198089
66197	0.0004404164939
66198	0.00158764529
66199	0.001820334253
66200	0.001718407773
66201	0.001577567678
66202	0.002917361996
66203	0.000489178673
66204	0.001553959417
66205	0.0003602707879
66206	0.0001503156523
66207	0.0008331922749
66208	0.001742778736
66209	0.003682037891
66210	0.00355492453
66211	0.002324823821
66212	0.0004274219965
66213	0.001300874897
66214	0.0009250449486
66215	6.701838877e-05
66216	4.85770153e-05
66217	0.0007594359977
66218	0.0008229062343
66219	0.001967628359
66220	0.0005437279034
66221	0.001208564553
66222	0.001141671488
66223	0.0001851042482
66224	0.0007541815973
66225	0.0009835980744
66226	0.0009478918007
66227	0.007173093575
66228	0.001358798162
66229	0.003973294625
66230	0.005396719774
66231	0.003789432294
66232	0.00293219189
66233	0.00025400926
66234	0.001237125
66235	0.001941185213
66236	0.004382196388
66237	3.902611599e-05
66238	0.007845384191
66239	0.002011875018
66240	0.002175578201
66241	0.001198853391
66242	0.002067037461
66243	0.002340733514
66244	0.003878844426
66245	0.002779537627
66246	0.002092428731
66247	0.002657724886
66248	0.0006195659967
66249	0.005307451167
66250	0.002022832177
66251	0.009254607557
66252	0.004812544295
66253	0.001799311126
66254	0.002171393039
66255	0.0053070829
66256	0.001130094094
66257	0.002564201393
66258	0.005405494208
66259	0.0006016869732
66260	0.003011337192
66261	0.004458658286
66262	0.002993820991
66263	0.00358153537
66264	6.317455693e-06
66265	0.004371266151
66266	0.001912891736
66267	0.002280200487
66268	0.001159059319
66269	9.685476023e-05
66270	0.001623245919
66271	0.0025823411
66272	0.0001564911734
66273	0.005399780246
66274	0.001087007356
66275	0.0006237820346
66276	0.001427264712
66277	0.002936528225
66278	0.002834734694
66279	0.003654286884
66280	0.003997795142
66281	0.002299917362
66282	0.0005434491147
66283	0.001800947379
66284	0.0001380482548
66285	0.004224845187
66286	0.0005854368814
66287	0.001682346456
66288	0.004906934197
66289	0.003005033642
66290	0.004387909922
66291	0.001821076475
66292	0.007257442406
66293	0.0007644763658
66294	0.006227449712
66295	0.006393356467
66296	0.006174758223
66297	0.00775372005
66298	0.001158950023
66299	0.002899673302
66300	0.004723649628
66301	0.002375276532
66302	0.009149076975
66303	0.002616636296
66304	0.004822685923
66305	0.003826658268
66306	0.002369669847
66307	0.00414178003
66308	0.002277745864
66309	0.004123199037
66310	0.00378710091
66311	0.002094836505
66312	0.001894647088
66313	0.005262393116
66314	0.005621998787
66315	0.003152918653
66316	0.007282839832
66317	0.002481257813
66318	0.000174676373
66319	0.002425222501
66320	9.544790201e-05
66321	0.0002847041841
66322	0.0001042503218
66323	0.0008245152663
66324	0.0009772126621
66325	4.955337914e-05
66326	0.006593016156
66327	5.006570658e-05
66328	0.002578131545
66329	0.002124157418
66330	0.000553579338
66331	0.002432113016
66332	0.00180367291
66333	0.00636875946
66334	0.002342210311
66335	0.004520607304
66336	0.006519599572
66337	0.008902036578
66338	0.001043835257
66339	0.001683197419
66340	0.001429856339
66341	0.0001735324345
66342	0.0004921705861
66343	0.001583148908
66344	0.005384714965
66345	0.003341351491
66346	0.000866923135
66347	0.0035928019
66348	0.001397333542
66349	0.008240497634
66350	0.0002878115468
66351	0.003023663269
66352	0.001708266164
66353	0.004442641897
66354	0.003297782798
66355	0.004334585071
66356	0.001056869074
66357	0.00342185849
66358	0.002235397573
66359	0.003185714813
66360	0.0006252466674
66361	0.00131401873
66362	0.003807009697
66363	0.001611457909
66364	0.0005446447998
66365	0.001112875518
66366	0.001445788763
66367	0.005210556164
66368	0.003534551958
66369	0.001743583177
66370	0.0001718190072
66371	1.037553542e-05
66372	0.00180672937
66373	0.00320254349
66374	0.001593672943
66375	0.00122433349
66376	0.00140140152
66377	0.005967559867
66378	0.001353552519
66379	0.008610067303
66380	0.004055221169
66381	0.002494119329
66382	0.004390022471
66383	0.0002174316878
66384	0.00583439275
66385	0.0001726817814
66386	0.006806563658
66387	0.002212747754
66388	0.003469481482
66389	0.0052793597
66390	0.001632779317
66391	0.008622429018
66392	0.001972038964
66393	0.002319624814
66394	0.002919539058
66395	0.0008627756617
66396	0.001653553785
66397	0.0006891148911
66398	0.0004569273617
66399	8.302902998e-05
66400	0.0003373642309
66401	0.009995656236
66402	0.001202146915
66403	0.007815517745
66404	4.349121146e-05
66405	0.004667812913
66406	0.0007505689814
66407	0.004006701238
66408	0.003390293662
66409	0.001484301004
66410	0.005995304899
66411	0.003503174887
66412	0.0001166486423
66413	0.006447469377
66414	0.001560070955
66415	0.001036997308
66416	0.000710646169
66417	0.004872170113
66418	0.0004762640239
66419	0.00283307731
66420	0.002739726692
66421	0.0006293188592
66422	0.001986470169
66423	0.0007230701828
66424	0.006225961968
66425	0.002068150765
66426	0.001954693863
66427	0.002633886598
66428	0.0008513739244
66429	0.003413655202
66430	0.001544212887
66431	0.0002446689801
66432	0.0008346319947
66433	0.000359446405
66434	0.000196504659
66435	0.0002656811775
66436	0.001011684709
66437	0.003420975621
66438	0.00320743342
66439	0.001795885888
66440	0.0004285666184
66441	0.004128491608
66442	0.004023922957
66443	0.001142460676
66444	0.0004069371829
66445	0.0001494814864
66446	0.005559860995
66447	0.00271836839
66448	0.006659892883
66449	0.001325991842
66450	5.748058846e-05
66451	0.001635198579
66452	0.004214838386
66453	0.002780966736
66454	0.001427188717
66455	0.001782668329
66456	0.0004441107393
66457	0.0002984023759
66458	0.00660778595
66459	0.003024884124
66460	0.002810112232
66461	0.0005338091662
66462	0.0009894515826
66463	0.002514124973
66464	0.0006628739283
66465	0.00700338156
66466	0.003262742932
66467	0.001707439969
66468	0.003273872914
66469	0.002415924841
66470	0.003378931343
66471	0.001959799337
66472	0.0005238001563
66473	0.00430069706
66474	0.002387664908
66475	0.006241085165
66476	0.005480555293
66477	0.004786705919
66478	0.003782204867
66479	0.001402413081
66480	0.0018385133
66481	0.008069052882
66482	0.006252583316
66483	0.0005274913509
66484	0.004623596389
66485	0.001362816759
66486	0.004166483286
66487	0.002201235619
66488	3.304261872e-05
66489	4.335290688e-05
66490	0.001790577824
66491	0.0006235488379
66492	0.0006914546993
66493	0.0003098155215
66494	0.0005498474313
66495	0.001507802764
66496	0.004104057007
66497	0.0001658106239
66498	0.002260469523
66499	0.003461684484
66500	0.000264894832
66501	0.001555742978
66502	0.004206357469
66503	0.003682144812
66504	0.0009882867809
66505	0.005069609956
66506	0.0005056543793
66507	0.001471500393
66508	0.00323837737
66509	0.0035121402
66510	0.0006392502258
66511	8.876960736e-05
66512	0.0001726817814
66513	0.002441296764
66514	0.004365078082
66515	0.002922340911
66516	0.005664367053
66517	0.0001379328918
66518	0.0005294808921
66519	0.0007005690069
66520	0.006792892381
66521	0.0001981016814
66522	8.274490562e-05
66523	0.003192967799
66524	0.005251587951
66525	0.001420103715
66526	0.00213732658
66527	0.002336608524
66528	0.0002667885677
66529	0.001400441126
66530	0.001642535656
66531	0.002653300307
66532	2.129816486e-05
66533	0.001770685156
66534	0.002014510366
66535	0.00662293745
66536	0.0005062775464
66537	0.001815210688
66538	0.001557866308
66539	0.003686165484
66540	0.004000686766
66541	0.001592823571
66542	0.006710172751
66543	0.005548565138
66544	0.0009946745799
66545	0.003041660278
66546	0.001542741183
66547	0.001180678506
66548	0.006125498685
66549	0.0008480692435
66550	0.0001299340109
66551	0.004587578846
66552	0.00337531524
66553	0.007976969516
66554	0.0004162428104
66555	0.001234614498
66556	0.002850427795
66557	0.0007739652969
66558	0.0007468829789
66559	0.004818321928
66560	0.0002709684606
66561	0.006672717467
66562	0.002279100367
66563	0.0006048256675
66564	0.002572541437
66565	0.0003609298936
66566	0.005054697322
66567	0.0001864602099
66568	0.007902618134
66569	0.001363419161
66570	0.0004927435971
66571	0.006207174854
66572	0.003050281463
66573	0.0006300695875
66574	0.002548039542
66575	0.004808450503
66576	0.005771817148
66577	0.001633477503
66578	0.001767968266
66579	0.002230602038
66580	0.001064417182
66581	0.001109715067
66582	0.0001913724208
66583	0.001268238382
66584	0.0004199249855
66585	0.003673765416
66586	0.0006649860364
66587	0.004866941646
66588	0.001059329815
66589	0.003093738907
66590	0.001082408225
66591	0.0003117897631
66592	0.0001518610433
66593	0.001777874947
66594	0.002921863663
66595	0.0007854557878
66596	0.0003770171096
66597	0.001326034986
66598	0.003116416131
66599	0.001281425976
66600	0.001587369829
66601	0.0005916375299
66602	0.000759514483
66603	1.123737321e-05
66604	0.0004978560932
66605	0.0008036765534
66606	0.000520470496
66607	0.001234693487
66608	0.0009937915353
66609	0.0004112379536
66610	0.001158199457
66611	0.001368657671
66612	0.002144120918
66613	0.0006224013903
66614	0.002596102016
66615	0.001820173698
66616	0.003296694938
66617	0.0003351813397
66618	0.001047068961
66619	0.00167281801
66620	0.001719705308
66621	0.002124162931
66622	0.003757710204
66623	0.0002574529465
66624	0.001721135501
66625	0.004351783558
66626	0.0005100963468
66627	0.0004747846065
66628	0.0001572318093
66629	0.003658864146
66630	0.004298326361
66631	0.001938456482
66632	0.002505311981
66633	0.0051589372
66634	0.0009433026059
66635	0.001903946225
66636	0.005319995391
66637	0.002651401571
66638	0.0002585694225
66639	0.0008591217988
66640	0.002771382306
66641	0.0002442750827
66642	0.00285203056
66643	0.0006792048376
66644	0.0004328427298
66645	0.0009261097058
66646	0.0008768821571
66647	0.0006521427381
66648	0.000605055576
66649	0.001430235238
66650	0.004705685036
66651	0.0005449519453
66652	0.0002905037328
66653	0.001879283012
66654	0.0007214177152
66655	0.009443766276
66656	0.0003575099386
66657	0.003469570839
66658	0.000680414314
66659	0.003495993017
66660	0.0001050967096
66661	0.001806590666
66662	0.00248445647
66663	0.002239877111
66664	0.0008325389734
66665	0.0008560734647
66666	0.001230053373
66667	0.005249421645
66668	0.002297050198
66669	0.0003165704423
66670	0.004686340521
66671	0.001066887426
66672	0.0004976073811
66673	0.001117750805
66674	0.0003932854719
66675	0.001962164078
66676	0.001032260661
66677	0.0001208199108
66678	0.001364527597
66679	0.001055589172
66680	0.001314972173
66681	0.001897175529
66682	0.002158293507
66683	0.002964059818
66684	0.001153455364
66685	0.0001736215412
66686	0.0002630558356
66687	0.002440352107
66688	0.00117348522
66689	0.0008785968119
66690	0.01058450963
66691	0.001330536338
66692	0.000321866003
66693	0.001674553694
66694	0.002883862725
66695	0.0009511814176
66696	0.003097733682
66697	0.002008294667
66698	0.0001878106613
66699	0.002669688452
66700	0.001767623913
66701	0.003545379015
66702	0.002155808254
66703	0.001698055812
66704	0.0001435157818
66705	0.0003142268241
66706	0.0008612914475
66707	0.001921824341
66708	0.003925821448
66709	0.0001365058276
66710	0.0003437914833
66711	0.0001879807253
66712	0.0003275682157
66713	0.00072211944
66714	0.001019433709
66715	0.0008500309328
66716	0.0003799942914
66717	0.0001404933408
66718	0.002130340461
66719	0.001270803163
66720	0.003514213251
66721	0.001150059781
66722	0.001633751068
66723	0.005355400327
66724	0.004299588889
66725	0.000506197628
66726	0.006136688229
66727	0.001460600209
66728	0.004195290253
66729	0.002006990685
66730	7.673668526e-05
66731	0.0002795927017
66732	0.0008494777668
66733	0.0008060114306
66734	0.0003166344762
66735	0.00162194495
66736	0.001124677291
66737	0.003418004242
66738	0.002319188352
66739	0.002407274334
66740	0.003764764891
66741	0.00227973457
66742	0.001643937358
66743	0.001929950543
66744	0.001733916035
66745	0.002272774394
66746	0.003616346447
66747	0.001495442889
66748	0.003071145932
66749	0.0001179464879
66750	0.004860260472
66751	0.005016692001
66752	0.002235919813
66753	0.001067747791
66754	0.0008945083116
66755	0.008887817549
66756	0.003070687119
66757	0.002549022191
66758	0.00268442176
66759	0.00193485382
66760	0.002534227006
66761	0.002944451356
66762	0.003861334153
66763	0.001254799368
66764	0.0001639320108
66765	0.001323391937
66766	0.002384468504
66767	0.002959532855
66768	6.139566952e-05
66769	0.0008247467346
66770	0.001134355511
66771	0.0002582456772
66772	0.0006247875223
66773	0.002029864035
66774	0.0006143614642
66775	0.0007375270949
66776	0.003092602645
66777	0.002643966985
66778	0.005103924405
66779	0.0006981477211
66780	0.003477353283
66781	0.0003351002731
66782	0.00129669824
66783	0.001751354644
66784	0.0001705380535
66785	1.595628086e-05
66786	0.0006204342971
66787	1.832562821e-05
66788	0.0007563596967
66789	0.0006729522411
66790	0.0001754109399
66791	0.0003513425605
66792	0.002391079272
66793	0.0006544339846
66794	0.002467597894
66795	0.002301185294
66796	0.001267109266
66797	0.002777056648
66798	0.002517707387
66799	0.003651573069
66800	0.00119194863
66801	0.002267228564
66802	0.002360186295
66803	0.00863191887
66804	0.003101081135
66805	0.000729227882
66806	0.003466962734
66807	0.00359367071
66808	0.001751767013
66809	0.005747463693
66810	0.00466862573
66811	0.003081098817
66812	0.000957671991
66813	0.001666011707
66814	0.005625006627
66815	0.002695824541
66816	0.0008961814881
66817	4.966819362e-05
66818	0.002862635102
66819	0.001822219558
66820	0.0008176728092
66821	0.0006809417566
66822	0.003295354542
66823	0.001374429825
66824	0.006949081077
66825	0.003961935606
66826	0.004107454364
66827	0.003977622335
66828	0.004482402697
66829	0.001507992184
66830	0.0008310292111
66831	0.0003620234929
66832	0.002048623571
66833	0.00184457555
66834	0.001346780818
66835	0.006778408168
66836	0.0008379382717
66837	0.0005190979838
66838	0.003359118707
66839	0.002071407696
66840	0.0002251190637
66841	0
66842	0.001374085462
66843	0.00181961036
66844	0.0004671732189
66845	0.0002090344906
66846	0.0005522499792
66847	0.001201358474
66848	0.001338004933
66849	0.0001189848549
66850	0.003682450246
66851	0.002277736068
66852	0.002293434572
66853	0.003071879417
66854	0.001998412611
66855	0.0004689117472
66856	0.002139179731
66857	0.003405799794
66858	0.0004171771452
66859	0.001475216428
66860	0.001682048185
66861	0.0001183607926
66862	0.001025408092
66863	0.0002816262128
66864	0.009267776061
66865	0.001376866632
66866	0.0006144871796
66867	0.0007145846453
66868	0.004467041183
66869	0.008128387305
66870	0.007929987113
66871	0.002236871245
66872	0.004030110996
66873	0.0001476139764
66874	0.002715041833
66875	0.003162926561
66876	0.001497699942
66877	0.004160509267
66878	0.002671395862
66879	0.003405894651
66880	0.001207493924
66881	0.0001361751697
66882	0.009748285558
66883	0.001677948233
66884	0.001988612064
66885	0.0006494053553
66886	0.00503641847
66887	8.450516801e-05
66888	0.0002337796593
66889	0.001084565131
66890	0.0003948489763
66891	0.001125490089
66892	0.001675990547
66893	0.001004196216
66894	0.001237777397
66895	0.002248154566
66896	0.002158483719
66897	0.001214880899
66898	0.003539444303
66899	0.00196668707
66900	0.0005945444438
66901	0.000901343127
66902	0.001025379029
66903	0.0003974527295
66904	0.001060174843
66905	0.0006551261523
66906	0.00359462242
66907	0.002197568082
66908	0.0002248605341
66909	0.006065246137
66910	0.001147411294
66911	0.001938951287
66912	0.0003871829493
66913	0.001151916509
66914	0.008364226516
66915	0.0005798016188
66916	0.005495882464
66917	0.003443871079
66918	0.001108844717
66919	0.0001354817729
66920	0.002288749134
66921	0.0005530261298
66922	0.0009639528576
66923	0.001478646272
66924	0.0001567923184
66925	0.002331207971
66926	0.004241373079
66927	0.000265006208
66928	0.001713932902
66929	1.925815237e-05
66930	0.0007093665005
66931	0.006407856098
66932	0.002600962693
66933	0.0002377544483
66934	0.003429068167
66935	0.005659702189
66936	0.006746290029
66937	0.0009893586527
66938	0.003410539573
66939	0.0004150449053
66940	0.005179107531
66941	0.0006523976792
66942	0.00339619736
66943	0.005000347478
66944	0.001397089239
66945	0.002083526376
66946	0.002959081248
66947	0.005805468387
66948	0.003932204716
66949	0.001339928994
66950	0.001541934218
66951	0.002699056105
66952	0.006439018848
66953	0.009705109513
66954	0.001274805472
66955	0.00291003761
66956	0.0006867451345
66957	0.003631508164
66958	0.002197837071
66959	0.0003337818525
66960	0.003647539482
66961	0.004520059453
66962	0.0006727461411
66963	0.0005079924545
66964	0.0009530292673
66965	0.0006317871225
66966	0.0002436461174
66967	0.003674270076
66968	0.00407616001
66969	0.004023108019
66970	0.004695888628
66971	0.003653044974
66972	0.0009004342327
66973	0.003649398314
66974	0.0002808519259
66975	0.004163965705
66976	0.002792097446
66977	0.002572290615
66978	0.001679734315
66979	0.001423605644
66980	0.004114802377
66981	0.0005196925234
66982	0.001653334356
66983	0.0003224672277
66984	0.00183705268
66985	0.0005006059278
66986	0.0005276198332
66987	0.001201317372
66988	0.0006033415486
66989	0.001468607734
66990	0.00442474699
66991	0.002653153771
66992	0.003105350909
66993	0.000481454764
66994	0.001513595791
66995	0.004060119121
66996	0.006684794534
66997	0.001927277735
66998	0.002422761608
66999	0.003203845719
67000	0.002226750414
67001	0.0001040682606
67002	0.00611803135
67003	0.003734157532
67004	0.0008353574852
67005	0.001166143709
67006	0.002861881697
67007	0.0009619916948
67008	0.003724975929
67009	0.0004195204011
67010	0.0003501158922
67011	0.0005771622429
67012	0.004315237025
67013	0.0008615614756
67014	0.009207383911
67015	0.0004121700667
67016	0.005738022802
67017	0.004212206684
67018	0.002167781789
67019	0.002037482256
67020	0.006243314871
67021	0.0002571150914
67022	0.003430756315
67023	0.002070133096
67024	0.004599452997
67025	0.001222873686
67026	0.00342020876
67027	0.002890349005
67028	0.004068804423
67029	0.001330010883
67030	0.0008708079289
67031	0.004453121012
67032	0.000420101393
67033	0.00616863303
67034	0.001381194258
67035	0.001513137807
67036	0.00187969382
67037	0.001178878043
67038	0.004330267504
67039	0.001053215835
67040	0.004420058482
67041	0.00209800611
67042	0.001414773539
67043	0.006842186089
67044	0.002858290288
67045	0.0004083181471
67046	0.003414602776
67047	0.002060073791
67048	0.000859830867
67049	0.001123159825
67050	0.005800848615
67051	0.00518214583
67052	0.006310416672
67053	0.0001830207847
67054	0.0006538293376
67055	0.004400339938
67056	0.002801462377
67057	0.004556273896
67058	0.01000046062
67059	0.004451977432
67060	0.005461318367
67061	0.0009180339369
67062	0.002968606122
67063	0.004964523246
67064	0.002508215916
67065	0.004094965515
67066	0.001113772134
67067	2.881766197e-05
67068	0.003563192433
67069	0.002044836086
67070	0.0005557029882
67071	0.0001974366815
67072	0.0009470150465
67073	0.006402572668
67074	0.006969680375
67075	0.002282618105
67076	0.0008285786742
67077	0.007388582147
67078	0.002082935474
67079	0.00194048695
67080	0.001073983135
67081	0.00144023362
67082	0.00494571167
67083	0.001799675682
67084	0.003428328801
67085	0.00379667792
67086	0.001107588397
67087	0.002182889869
67088	0.004034938631
67089	0.0007012468233
67090	0.005556563754
67091	0.001145354193
67092	0.001533814545
67093	0.002399311172
67094	0.004447004875
67095	0.0003877455323
67096	0.00539562952
67097	0.002478216498
67098	0.003170926359
67099	0.0003739288204
67100	0.0008722840276
67101	7.136462654e-05
67102	0.002073539585
67103	0.00130294394
67104	0.0001723964713
67105	0.002441606233
67106	0.0007496626058
67107	0.005947908381
67108	0.002374339389
67109	0.004706621148
67110	0.0004018262663
67111	3.251916174e-05
67112	0.0008590516861
67113	0.006021056819
67114	0.003250003153
67115	0.002116075103
67116	0.0004141717672
67117	0.0002020248402
67118	0.003806487185
67119	0.002705553382
67120	0.0002760422079
67121	0.004549309917
67122	0.005119027867
67123	0.0007603584604
67124	0.002636382574
67125	0.002879437249
67126	0.00118469949
67127	0.003234145209
67128	0.003035422257
67129	0.001310259312
67130	0.0009332195433
67131	0.001209834163
67132	0.005985304949
67133	0.001337056372
67134	0.0008739725746
67135	0.001976100836
67136	0.002036941481
67137	0.002121477498
67138	0.002877103514
67139	0.005488371332
67140	0.003542308742
67141	0.002281707536
67142	0.00347976814
67143	0.0005601056672
67144	0.0006287158861
67145	0.006179265537
67146	0.0002212294356
67147	0.005316303239
67148	0.006255670546
67149	0.005099416104
67150	0.0006618878946
67151	0.00240384647
67152	0.002157167743
67153	0.0003608363427
67154	0.002301413579
67155	0.001067212158
67156	0.004993880272
67157	0.00256905652
67158	0.0002036162103
67159	0.001594787712
67160	0.004816113495
67161	0.00163727514
67162	0.0003869152728
67163	0.001515106822
67164	0.001112552838
67165	0.003387756771
67166	0.003328140898
67167	0.0006245393582
67168	0.004022118128
67169	0.003667372249
67170	0.001041348572
67171	0.002560045908
67172	0.0005522002288
67173	0.001177524898
67174	0.003384592962
67175	0.001639929031
67176	0.002478533069
67177	0.002999882304
67178	0.0008853270257
67179	0.0009828914041
67180	4.423533398e-05
67181	0.003544591708
67182	0.001118548955
67183	0.00159918688
67184	0.001998392578
67185	2.181152808e-05
67186	0.005854468021
67187	0.0006277294971
67188	0.0002542182238
67189	0.000734392711
67190	0.00163883568
67191	0.00035939136
67192	0.001248606362
67193	0.004068619522
67194	0.0009534836951
67195	0.0005334089725
67196	0.0001994731278
67197	0.00534943168
67198	0.0003158274602
67199	0.003116698279
67200	0.0002679622159
67201	0.001090711323
67202	0.008752424332
67203	0.000279455606
67204	0.001049509687
67205	0.001239142196
67206	0.00300451782
67207	0.009499225137
67208	0.006105191955
67209	0.004328502973
67210	0.0003464019571
67211	0.0005805023187
67212	0.001770386039
67213	0.002273315523
67214	0.002173265115
67215	0.001906827471
67216	0.004742418426
67217	0.002938449214
67218	0.0002479211884
67219	0.002883215832
67220	0.001076217331
67221	0.001595622623
67222	0.000347339021
67223	0.001984598891
67224	0.0006150898484
67225	0.0005129512527
67226	0.003466103719
67227	0.004170870821
67228	0.00137233162
67229	0.01246884018
67230	0.0009118360779
67231	0.006093758583
67232	0.0001918745034
67233	0.0004791973375
67234	0.0006905847534
67235	0.001549756941
67236	0.004388010911
67237	0.005566394781
67238	0.003235358501
67239	0.002060870368
67240	0.0003610061708
67241	0.001662886737
67242	0.001432389784
67243	0.001181054877
67244	0.0004956296805
67245	0.007693077726
67246	0.004407170316
67247	0.0002530808154
67248	0.004066709781
67249	0.00235029376
67250	0.0002316095066
67251	0.0008964447584
67252	0.0005485392174
67253	0.005116990184
67254	0.002876294131
67255	0.0005927338069
67256	0.002345969358
67257	0.005733697276
67258	0.002685698688
67259	0.0005835944426
67260	0.006018263141
67261	0
67262	0.004832148465
67263	0.004152189912
67264	0.00214412571
67265	0.004814379981
67266	0.002328825956
67267	1.030971434e-05
67268	0.003891008493
67269	0.00532412257
67270	0.001422196113
67271	0.005516457562
67272	0.0001882584596
67273	0.0001172273668
67274	0.001257277702
67275	0.001637609877
67276	0.003318657738
67277	0.005085679793
67278	0.001632667132
67279	0.0001891736862
67280	0.002166309512
67281	0.002482204884
67282	0.004692959007
67283	9.274371793e-05
67284	0.003221477621
67285	0.002543713165
67286	0.002515229203
67287	0.0001775097247
67288	0.00117603922
67289	0.0002335816007
67290	0.001162704621
67291	0.005981718339
67292	0.0007302764342
67293	0.0003572984755
67294	0.002778233026
67295	0.004264180686
67296	0.007129200287
67297	0.001135314644
67298	0.001645831079
67299	0.009505444248
67300	0.002419588794
67301	0.005519070238
67302	0.003572793942
67303	0.0001688542444
67304	0.004050737939
67305	0.0004317227756
67306	0.005481460919
67307	0.004721685292
67308	0.004301270049
67309	0.005169913881
67310	0.001161417227
67311	0.001784643477
67312	0.003838508489
67313	0.0003272324174
67314	0.002579988071
67315	0.0006184369524
67316	0.00860569508
67317	0.001763624104
67318	0.0003973691778
67319	0.002290007086
67320	0.001831997569
67321	0.0006157680357
67322	0.005910332485
67323	0.000564344792
67324	0.000497341903
67325	0.004419613595
67326	0.0008331667454
67327	0.002782786565
67328	2.928080522e-05
67329	0.0007233700148
67330	0.005594443699
67331	0.0005200158201
67332	0.004302093995
67333	0.003126738352
67334	0.0001364289683
67335	0.004898095342
67336	0.003461893043
67337	0.002800777455
67338	0.005196622866
67339	0.00368896403
67340	0.009376970768
67341	0.001678406693
67342	4.784087275e-05
67343	0.004006767145
67344	0.001400414214
67345	0.000123775271
67346	0.00605590944
67347	0.0004462038891
67348	0.0008227219435
67349	0.001539855805
67350	0.0005156383372
67351	0.002887894281
67352	0.002118133837
67353	0.005100022879
67354	0.003797894951
67355	0.00211392191
67356	0.006822912339
67357	0.0001534669694
67358	0.004732931416
67359	0.00578098103
67360	0.002486595195
67361	0.005822683513
67362	0.005388223846
67363	0.01143433965
67364	0.002076982015
67365	0.005566603486
67366	0.0001192623287
67367	0.0002545161041
67368	0.0005870701187
67369	0.001142976762
67370	0.0008111033602
67371	0.0006751577044
67372	0.001923258397
67373	0.00457661362
67374	0.001439881531
67375	0.0001785248705
67376	0.005364252366
67377	0.00208063298
67378	0.001174217491
67379	0.0006058573574
67380	0.004518667487
67381	5.146575463e-05
67382	0.006398749971
67383	0.005837841033
67384	0.002678052079
67385	0.00340503895
67386	0.001836530467
67387	0.0009743573611
67388	0.001299113292
67389	0.001557560855
67390	0.0005445836517
67391	0.001921933076
67392	0.002287272843
67393	0.002559880547
67394	0.004702017862
67395	0.000167761242
67396	0.003768741926
67397	0.0006861894655
67398	0.005150690553
67399	0.002718058
67400	0.0049164554
67401	0.007503546903
67402	0.0003987491654
67403	0.003918533751
67404	0.003430367693
67405	0.0001976950878
67406	0.00100787295
67407	0.003515446556
67408	0.004517670792
67409	1.246186099e-05
67410	0.008587268956
67411	0.006205576074
67412	0.001112016697
67413	0.00323202413
67414	0.001495252331
67415	0.0004394390146
67416	0.003284089829
67417	0.002776741119
67418	0.001380124884
67419	0.0001740158009
67420	0.008713239706
67421	0.004525100661
67422	0.008584193803
67423	0.0001037081025
67424	0.001812768568
67425	0.006236279844
67426	0.002055831423
67427	0.001873802953
67428	0.002068045968
67429	0.003776619358
67430	0.002034839626
67431	0.001286673924
67432	0.006710489271
67433	0.00553221568
67434	0.0006831378079
67435	0.005993716711
67436	0.005923646049
67437	0.002657530872
67438	0.002073755683
67439	6.723593657e-06
67440	0.001853978487
67441	0.004232800328
67442	0.0009396969372
67443	0.001977207795
67444	0.002080561302
67445	0.002906940601
67446	0.001377583556
67447	0.001447462441
67448	0.0003408145408
67449	0.003746170009
67450	0.001858802268
67451	0.001416625523
67452	0.002368961476
67453	0.006702691553
67454	0.003765095202
67455	0.0005253300971
67456	0.0008924541538
67457	0.002545327349
67458	0.002706941819
67459	0.002178700017
67460	6.58794868e-05
67461	0.00243852544
67462	0.002479211228
67463	0.0008680157984
67464	0.0002309074395
67465	0.005714497911
67466	0.0002224242888
67467	0.002041821978
67468	0.0005336460037
67469	0.001426152747
67470	0.0006562460278
67471	0.002173468475
67472	0.00022196906
67473	0.001964034073
67474	0.0004230393892
67475	0.0009608213882
67476	0.003704238721
67477	0.001144591227
67478	0.000933864813
67479	0.004805710118
67480	0.004441018032
67481	0.001641942555
67482	0.005336257954
67483	0.001562443317
67484	0.00110007634
67485	0.001250271307
67486	0.002455765254
67487	0.001148921878
67488	0.005821544214
67489	0.002102964546
67490	0.001251618609
67491	0.002362038222
67492	4.204692846e-05
67493	0.001442461158
67494	0.002456090376
67495	0.00396601795
67496	0.003785969333
67497	0.003512044955
67498	0.001249234886
67499	0.006515641696
67500	0.001799234402
67501	2.864437374e-05
67502	0.004256673121
67503	0.004268376433
67504	0.004812720623
67505	0.004308893231
67506	0.0002524130716
67507	0.00214065467
67508	0.005690818589
67509	0.00149635907
67510	0.002199830551
67511	0.0002707761505
67512	0.009123207362
67513	4.030616463e-05
67514	0.006539603078
67515	0.001238250576
67516	0.008612910316
67517	0.004969276387
67518	0.0003767790697
67519	0.007237934608
67520	0.005323310443
67521	0.005103483492
67522	0.001899286623
67523	0.006021105456
67524	0.004691673162
67525	0.003289094641
67526	0.001240053536
67527	0.003175201236
67528	0.005837764747
67529	0.002602646065
67530	0.0003664657815
67531	0.001022316367
67532	0.003940933534
67533	0.00235424636
67534	0.001483491078
67535	0.0003682041602
67536	0.002359801755
67537	0.0003623344078
67538	0.001593155649
67539	0.002170822082
67540	0.003544568067
67541	0.0004477510443
67542	0.004288268467
67543	0.001529590902
67544	0.008598855502
67545	0.0004845607149
67546	0.005935523852
67547	0.0003453582544
67548	0.0006612139683
67549	0.001135696124
67550	0.001578337326
67551	2.375338737e-05
67552	0.0001455782454
67553	0.0005239189144
67554	0.0009930708342
67555	0.0005523730234
67556	0.002964595659
67557	0.004931805276
67558	0.007794641297
67559	0.001527828708
67560	0.002233680949
67561	0.0004689770754
67562	0.0005980403213
67563	0.001720550001
67564	0.0005247865391
67565	0.002654959765
67566	0.004679219647
67567	0.003207881166
67568	0.001116095501
67569	0.005125022817
67570	0.001648071523
67571	0.006558391688
67572	0.001912879045
67573	0.002263418579
67574	0.002922570466
67575	0.001270574574
67576	0.002491136746
67577	0.0003800582778
67578	0.002360699009
67579	0.004225156965
67580	0.001838054928
67581	2.659552197e-05
67582	0.0009670772705
67583	0.004206238548
67584	0.0002171167119
67585	0.00180665805
67586	0.0001455782454
67587	0.008557864267
67588	0.002612207484
67589	0.001007710058
67590	0.0007745695591
67591	0.008784095058
67592	0.0005396000063
67593	0.002524560568
67594	0.002683081557
67595	0.003586899399
67596	0.005023518366
67597	0.004518061899
67598	0.0007023135729
67599	0.002214333431
67600	0.0007686868794
67601	0.008297614614
67602	0.0008485465422
67603	0.002362612054
67604	0.006254264831
67605	0.001010051958
67606	0.004832184093
67607	0.004236046419
67608	0.004671754643
67609	0.003488422527
67610	0.003073022578
67611	0.00403686219
67612	0.006879452753
67613	0.0006923943327
67614	0.003422986119
67615	0.002408941155
67616	0.004909677086
67617	0.0009665926831
67618	0.005910927312
67619	0.000164557948
67620	0.001017442288
67621	0.001240225746
67622	0.001441835433
67623	0.004814753748
67624	0.003841385143
67625	0.001276186776
67626	0.01383909373
67627	8.685200851e-05
67628	0.002039497828
67629	0.003182387703
67630	0.003498659706
67631	0.0005944942357
67632	0.007258013839
67633	4.044209395e-05
67634	0.00725965467
67635	0.001813209439
67636	0.002394301244
67637	0.002547690713
67638	0.0002490993636
67639	0.004934402288
67640	0.0002949446577
67641	0.005845580835
67642	0.001281101621
67643	0.002025011389
67644	0.001301169063
67645	0.0008938890005
67646	0.005983901192
67647	0.004161121771
67648	0.000347086597
67649	0.00389299189
67650	0.0003831395139
67651	0.009839165552
67652	0.005197624854
67653	0.0002007322097
67654	0.005010424765
67655	0.002020475461
67656	0.0007939118787
67657	0.001610434029
67658	0.001012190547
67659	6.309727463e-05
67660	0.003971842123
67661	0.001665799716
67662	0.005258275741
67663	0.007441525121
67664	0.003982073489
67665	0.002582564613
67666	0.0007219366085
67667	0.001894839489
67668	0.00022913622
67669	0.001348859344
67670	0.006847726802
67671	0.004825713302
67672	1.667355674e-05
67673	0.001200557216
67674	0.00282868709
67675	0.001601235656
67676	0.0002821136573
67677	0.0006387429648
67678	0.001285693829
67679	0.004243636338
67680	0.0008289541296
67681	0.001387708674
67682	0.001371423782
67683	0.0007779493402
67684	0.0001715257802
67685	0.003930756138
67686	0.0007415266414
67687	0.0002695023561
67688	0.0004761741122
67689	0.0009135437962
67690	0.0007587713589
67691	0.002274556022
67692	0.003232123592
67693	0.007552118997
67694	0.0003642063379
67695	0.000965279607
67696	0.001014893132
67697	0.0007309450986
67698	3.226842934e-05
67699	0.001059639272
67700	0.001328825128
67701	0.0002595747595
67702	0.005460685665
67703	0.002225171719
67704	0.005131128105
67705	0.007892397796
67706	0.001254964283
67707	0.00425779447
67708	0.00332597982
67709	0.002527217184
67710	0.007476107332
67711	0.001425572874
67712	0.00179139451
67713	8.743674583e-05
67714	0.002566862951
67715	0.001880128185
67716	0.001265935373
67717	0.0003802240389
67718	0.002962602237
67719	0.001149567634
67720	0.0008919054566
67721	0.002120593253
67722	0.0004035063211
67723	0.002161072639
67724	0.00298148659
67725	0.00742450423
67726	0.005419904253
67727	0.0001364792107
67728	0.0006167764103
67729	0.005013951013
67730	0.0001468721866
67731	0.003676954283
67732	0.007060439387
67733	0.0003207599074
67734	0.002595161563
67735	0.001571936552
67736	0.002568675642
67737	0.0005609288126
67738	0.00337278702
67739	0.0008765427529
67740	0.002345506365
67741	0.001577228174
67742	0.003375963909
67743	0.001068504524
67744	0.001284555692
67745	0.002590921388
67746	0.0008442045008
67747	0.0001325370628
67748	0.0007194466017
67749	0.001345622699
67750	0.001456064969
67751	0.009897908352
67752	0.0001555940593
67753	0.0007149744607
67754	0.005627939516
67755	0.001834994834
67756	0.002573294911
67757	0.001749756485
67758	0.0002804579369
67759	0.001606219851
67760	0.002811111136
67761	0.005163645022
67762	0.006204202047
67763	3.370081484e-05
67764	0.009240322088
67765	0.009986088589
67766	0.004115396039
67767	0.00191481402
67768	0.002978666614
67769	0.00364242979
67770	0.00354082609
67771	0.0004417651874
67772	0.006752323221
67773	0.003318752823
67774	0.002741933194
67775	0.0008960326437
67776	0.0006234496954
67777	0.001859278439
67778	0.006926008635
67779	0.000130634556
67780	0.001563692477
67781	0.001553992983
67782	0.004297169207
67783	0.00491718826
67784	0.001336713284
67785	0.0001128724401
67786	0.007052094584
67787	0.0022506107
67788	0.0003902920955
67789	0.0004709219892
67790	0.001057390595
67791	0.001471208093
67792	0.005408532001
67793	0.001535878323
67794	9.118291074e-05
67795	0.002187776247
67796	0.006083515852
67797	0.005501921511
67798	0.007702743393
67799	0.006566872851
67800	0.0006010609743
67801	0.001197680455
67802	0.001496925263
67803	0.004155038035
67804	0.003143791439
67805	0.003929175897
67806	0.005902053944
67807	0.0001523035684
67808	0.007148375024
67809	0.00532943243
67810	0.008752577614
67811	0.002429293005
67812	0.00208103673
67813	0.008646055284
67814	0.00934246488
67815	0.003051083445
67816	0.0001193302433
67817	0.0003319800425
67818	0.001265701009
67819	0.00106661404
67820	0.0002606851346
67821	0.002651655105
67822	3.771007831e-06
67823	0.006657441914
67824	0.002987051323
67825	0.01267272113
67826	0.003645404693
67827	0.0003921624265
67828	0.0006385964457
67829	0.001272535473
67830	0.001912595147
67831	0.001384245829
67832	0.0008203054972
67833	0.0003664376206
67834	0.000968065685
67835	0.002367766604
67836	0.002822750022
67837	0.0001602625658
67838	0.001336568582
67839	0.0009932641653
67840	0.007877925484
67841	0.003603520565
67842	0.0009885069379
67843	0.001322694908
67844	0.0003458433468
67845	0.0009946673498
67846	0.001678878463
67847	0.001226719894
67848	0.000594707356
67849	0.001061047758
67850	0.0004627012911
67851	0.00632850333
67852	3.152349715e-05
67853	0.006701903195
67854	0.0009321013521
67855	0.002854867552
67856	0.001385850169
67857	0.001862410515
67858	0.006029745831
67859	5.175567463e-05
67860	0.0008860420622
67861	0.003210625614
67862	0.0002808068498
67863	0.006647927231
67864	0.003309444263
67865	0.000732140831
67866	0.007919044154
67867	0.002406099163
67868	0.00125569018
67869	0.009106684785
67870	0.002320619122
67871	0.003292256007
67872	0.002933967459
67873	0.004417193944
67874	0.003544772466
67875	0.006438170294
67876	0.001533216912
67877	0.0002689083261
67878	0.003109257941
67879	0.0003694624022
67880	0.001091000991
67881	0.0001310891194
67882	0.001341765417
67883	0.00298691408
67884	0.0003188493499
67885	0.005999188517
67886	0.0006441476673
67887	0.004719937208
67888	0.001901497599
67889	0.0003581981237
67890	0.001100718214
67891	0.002092072632
67892	0.003629202334
67893	0.01295348039
67894	0.001011915594
67895	0.0004887620029
67896	0.002532297331
67897	0.0006110299295
67898	0.003655916718
67899	0.003808124732
67900	0.003206688913
67901	0.0005622207093
67902	0.002401043764
67903	0.00470971807
67904	0.004060463548
67905	0.001845151815
67906	0.00285267169
67907	0.004679479976
67908	0.00445110947
67909	0.001914373835
67910	0.001322373881
67911	0.004044309369
67912	0.0003866021506
67913	0.001254520714
67914	0.003611390764
67915	0.001018070601
67916	0.00227060078
67917	0.001175281758
67918	0.004942183868
67919	0.0005751641311
67920	0.001816866692
67921	0.01063166227
67922	0.001575253697
67923	0.004609409998
67924	0.002022367514
67925	0.005036740801
67926	0.001035244161
67927	0.003823597729
67928	0.002242342816
67929	0.004368036391
67930	0.006041655746
67931	0.0008588020484
67932	0.002563164924
67933	0.003072354845
67934	0.0005699104173
67935	0.002245172964
67936	0.0005894874379
67937	0.004312995828
67938	0.001279175131
67939	0.003669212289
67940	0.0008537941374
67941	0.0028404231
67942	0.0004761075527
67943	0.001800311797
67944	0.002607121954
67945	0.0003716831284
67946	0.002764044445
67947	0.006394406196
67948	0.0005228450034
67949	0.0004971482085
67950	0.0005450086929
67951	0.006394036801
67952	0.0007448607323
67953	0.001140490269
67954	0.001300101363
67955	0.003307728389
67956	0.0004109020596
67957	0.006205449398
67958	0.003853294343
67959	0.001859456466
67960	0.0006881172531
67961	0.0004339345199
67962	0.001019094868
67963	0.001211128697
67964	0.0005252805855
67965	7.473186967e-05
67966	0.003105572439
67967	0.002631219166
67968	0.001084454201
67969	0.001957563714
67970	0.002905858512
67971	0.001522428929
67972	0.001771757413
67973	0.003052691147
67974	0.004201654929
67975	0.003104917608
67976	0.005125112832
67977	0.0005314126811
67978	0.00633999557
67979	0.003709143415
67980	0.00216236195
67981	0.001104691472
67982	0.004062298132
67983	0.007456733789
67984	0.002470741247
67985	0.001067553525
67986	0.007384862375
67987	0.003260153696
67988	0.0005667669344
67989	0.003099609887
67990	0.0031514948
67991	0.004126947719
67992	0.0007947050433
67993	0.003743119267
67994	0.006853880079
67995	0.002365211171
67996	0.007607341911
67997	0.001747706274
67998	0.004970973464
67999	0.0002630712195
68000	0.001876494154
68001	0.00615893359
68002	0.002538815957
68003	0.002102674111
68004	0.0005009950753
68005	0.001710910137
68006	0.005944350735
68007	0.001356203162
68008	0.002090151788
68009	0.01023053948
68010	0.0006001441687
68011	0.001527747379
68012	0.0007614644809
68013	0.004821906778
68014	0.001479105305
68015	0.002077292225
68016	0.004559728337
68017	0.001113637235
68018	0.0003154701141
68019	0.009974658468
68020	0.004431673603
68021	0.001829515419
68022	0.004373306731
68023	0.00281655522
68024	0.005314023964
68025	0.0001930032462
68026	0.0004314142428
68027	0.003680762431
68028	0.003208992549
68029	0.003567543057
68030	0.002053387773
68031	0.0008161531911
68032	0.001773801837
68033	0.005318895995
68034	0.0004088372504
68035	0.0007302678084
68036	0.002859270698
68037	0.001268945939
68038	0.002702111191
68039	0.0006161020359
68040	0.004976426377
68041	0.001639055308
68042	0.003537953818
68043	7.050066029e-05
68044	0.004670894373
68045	0.003655853397
68046	0.00415801743
68047	0.003539009661
68048	0.001004737631
68049	0.003891817936
68050	0.003562181321
68051	0.00100362761
68052	0.005682242771
68053	0.001263327493
68054	0.008767314536
68055	0.0001474898694
68056	0.0003088612276
68057	0.002044544858
68058	0.001246024735
68059	0.0008140903796
68060	0.0003019158008
68061	0.001485805975
68062	0.00181462293
68063	0.002049900887
68064	0.004881044083
68065	0.007004361448
68066	0.002588843076
68067	0.001855928385
68068	0.003242768862
68069	0.0008735408512
68070	0.002087481609
68071	0.0005666098438
68072	0.002671389227
68073	0.00205519984
68074	0.002314805024
68075	0.00205779016
68076	0.000476782252
68077	0.0002501569717
68078	0.003865476008
68079	0.002741028111
68080	0.001645810287
68081	0.009623625619
68082	0.003747553495
68083	0.003951613521
68084	0.003639769326
68085	0.002892072919
68086	0.0009648117112
68087	0.0005176180516
68088	0.005408965582
68089	0.001707685381
68090	0.004985568187
68091	0.002727420854
68092	0.0006043699024
68093	0.003214016555
68094	0.0006704270357
68095	0.005694293487
68096	0.003072343358
68097	0.006242144397
68098	0.001149491086
68099	0.00292183049
68100	0.005616452457
68101	0.003189233349
68102	0.003034701786
68103	0.001343021839
68104	0.004154214561
68105	0.0002657497518
68106	0.002755019146
68107	0.0001942415505
68108	0.0003818712419
68109	0.001359665426
68110	0.002054169911
68111	0.005808013625
68112	0.000124047627
68113	0.0007546757204
68114	0.001379508824
68115	0.0008610190378
68116	0.004127706144
68117	0.001097531051
68118	0.002689171976
68119	0.0004735691616
68120	0.004044330384
68121	0.003085883385
68122	0.002111424744
68123	0.003030180068
68124	0.001781662259
68125	0.003938830217
68126	0.000872747007
68127	0.00169952017
68128	0.003206153978
68129	0.0005248718025
68130	0.003070409856
68131	0.003216326701
68132	0.002778244632
68133	0.001269966584
68134	0.003042654689
68135	0.003362386543
68136	0.0004481349057
68137	0.0009799415359
68138	0.002333077332
68139	0.001870576571
68140	0.002256125769
68141	0.001154011714
68142	0.004279642006
68143	0.0001925794461
68144	0.003369030835
68145	0.0001305986632
68146	2.700147453e-05
68147	0.002259430698
68148	0.002436668306
68149	0.0004137417762
68150	0.003730864451
68151	0.000532433184
68152	0.004049617201
68153	0.001444724778
68154	0.002439049831
68155	0.001055618608
68156	0.0008245535437
68157	0.002467115889
68158	0.0003983876201
68159	0.003477392201
68160	0.00312255716
68161	0.0008766979301
68162	0.003248222276
68163	0.007042439817
68164	0.006779568362
68165	0.0006202858105
68166	0.005577334487
68167	0.002978569811
68168	0.001874454101
68169	0.005566243945
68170	0.005070437228
68171	0.000697931666
68172	0.0003987017521
68173	0.004206510212
68174	0.00120878111
68175	0.0003136733767
68176	8.460761417e-05
68177	0.0008038585239
68178	0.001094784078
68179	0.003575544168
68180	0.00313859733
68181	0.006921060267
68182	0.003709861076
68183	0.004862732531
68184	0.002400667859
68185	0.007849968312
68186	0.005315483398
68187	0.001442377211
68188	0.001541949619
68189	0.003557470392
68190	0.0006962148572
68191	0.001645952026
68192	0.0008207286515
68193	0.00338249409
68194	0.003204578113
68195	0.003776564189
68196	4.467362718e-06
68197	0.00724653739
68198	0.003177564777
68199	0.002827507391
68200	0.004296335124
68201	0.0009839969634
68202	0.002833101343
68203	0.005395127308
68204	0.001952646375
68205	0.00363620712
68206	0.002606989473
68207	0.001109008283
68208	0.0005880211628
68209	0.001151460387
68210	0.006164557847
68211	0.0004251503619
68212	0.002773365949
68213	0.00132284436
68214	0.003984892032
68215	0.001414355072
68216	0.001916688542
68217	0.0006716466298
68218	0.002207013958
68219	0.001283446147
68220	0.0005769187231
68221	0.001408435506
68222	0.001000561289
68223	0.0003297151566
68224	0.000108257041
68225	0.002934668406
68226	0.000587462773
68227	0.001683348542
68228	0.00480602223
68229	0.004561549765
68230	0.002331406676
68231	0.0006919978804
68232	0.003940380305
68233	0.001552286057
68234	0.001746977069
68235	0.005224420617
68236	0.001073152943
68237	0.007671722943
68238	0.001233085096
68239	0.003804229407
68240	0.001132451399
68241	0.002797444438
68242	0.00553078852
68243	0.001592103406
68244	0.001588573198
68245	0.003129010974
68246	0.001582331959
68247	0.007087110241
68248	0.002116058274
68249	0.001050191679
68250	0.002204196101
68251	6.022912768e-06
68252	0.002824754191
68253	0.003893848998
68254	0.002178213218
68255	0.001648024516
68256	0.001414465237
68257	0.001409072716
68258	0.004624280868
68259	0.0004078386472
68260	0.0001874339298
68261	0.0003094385478
68262	0.0005679250837
68263	1.125212526e-05
68264	0.001401718851
68265	0.001617323763
68266	0.001218136001
68267	0.005667433818
68268	0.001785608518
68269	0.003083971078
68270	0.0001150863376
68271	0.003955378125
68272	0.0007304642782
68273	0.0001318949597
68274	0.001860571024
68275	0.0002601623971
68276	0.0001201501212
68277	0.0004200055367
68278	0.007675432113
68279	0.0008260703349
68280	6.201878526e-05
68281	0.004772898957
68282	0.004345014801
68283	0.002067375127
68284	0.0005329369666
68285	0.000896387263
68286	0.003814793308
68287	0.004791911546
68288	1.928087746e-05
68289	0.001964888665
68290	0.002720814789
68291	0.003625634679
68292	0.004226951939
68293	8.724156168e-05
68294	0.001853011869
68295	0.0007965789609
68296	0.002820940139
68297	0.003004861543
68298	0.001296239554
68299	0.0002455236529
68300	0.0003426760318
68301	0.0001337217409
68302	0.0004182871419
68303	0.001139337628
68304	0.0009283428566
68305	0.001289194764
68306	0.0004199249285
68307	0.0004033543851
68308	0.001408036513
68309	0.000962384077
68310	0.002927649063
68311	9.620740241e-05
68312	0.007778021042
68313	0.002672191024
68314	0.0008149243478
68315	0.002625236928
68316	0.001984892523
68317	0.00194362036
68318	0.001156183032
68319	0.001312431273
68320	0.0004350803223
68321	0.005801795294
68322	0.002660600869
68323	0.0008492783606
68324	0.0006296918155
68325	0.002611935475
68326	0.001829648651
68327	0.001588668369
68328	0.003741049546
68329	0.004840227292
68330	0.000609980806
68331	0.001073035259
68332	0.0006493507052
68333	0.001439617329
68334	0.0033537419
68335	0.0001439466604
68336	0.006509773767
68337	0.004786406045
68338	0.004251611091
68339	0.0007934034638
68340	0.0011339678
68341	0.0002063461443
68342	0.0002000270382
68343	0.003235049107
68344	0.005632854368
68345	0.004543123891
68346	0.00133975876
68347	0.002834255119
68348	0.0001390047028
68349	0.004675408737
68350	8.52250234e-06
68351	0.0004830076827
68352	0.0001207971846
68353	0.0008386652142
68354	0.00450612095
68355	0.009134999219
68356	0.0007198211993
68357	0.002569207818
68358	0.004084759994
68359	0.0007715581049
68360	0.002096441312
68361	0.002569403565
68362	0.0001568690101
68363	0.005344382024
68364	0.002869855549
68365	0.0002121243694
68366	0.001242432626
68367	0.0009225909779
68368	0.0001836824007
68369	0.009855447283
68370	0.0002175923096
68371	7.62742752e-06
68372	0.0006678192323
68373	0.005469828796
68374	0.002542454507
68375	0.002938481597
68376	0.0001190428007
68377	0.005744083469
68378	0.0008556057354
68379	0.0004619842277
68380	0.005180974305
68381	7.085050634e-05
68382	0.0005897276945
68383	0.001596792125
68384	0.002155723672
68385	0.001419548871
68386	0.0008751070166
68387	0.000329033169
68388	0.002875161686
68389	0.001001991616
68390	0.0009578764576
68391	0.001087693991
68392	0.001776478382
68393	0.0006603252388
68394	0.0006773870449
68395	0.0006823475751
68396	0.003171454753
68397	0.0025484623
68398	0.005067993862
68399	0.00277435945
68400	0.0001170855044
68401	0.00207008283
68402	6.967657564e-05
68403	0.002039288444
68404	0.002283050568
68405	0.002431457736
68406	0.0002124286746
68407	0.0008101247752
68408	0.0003635829804
68409	0.0005040131492
68410	0.003774906079
68411	0.0003381924032
68412	0.001946441892
68413	0.0008692766128
68414	0.003930654934
68415	0.001585756569
68416	0.0008869880237
68417	0.0004023698359
68418	0.001357563996
68419	0.004031912942
68420	0.0001797064384
68421	0.004059259119
68422	0.0006107871143
68423	0.007140695952
68424	0.002046190456
68425	0.001479315169
68426	0.00169756847
68427	0.0001856853198
68428	0.001802333228
68429	0.002707903525
68430	0.0005256169381
68431	0.001121491492
68432	0.002814624277
68433	0.001050654
68434	0.00392094937
68435	0.0009539508856
68436	0.003585157504
68437	0.001797336793
68438	0.001303967342
68439	0.0008903698646
68440	0.00192481804
68441	0.004580242128
68442	0.0006287504296
68443	0.001207501914
68444	0.0004907502435
68445	0.006614643016
68446	0.001734611001
68447	0.0007871300498
68448	0.002368502998
68449	0.0008963649398
68450	0.003467838862
68451	0.0009338389894
68452	0.000299551853
68453	0.001518027292
68454	0.002928121706
68455	0.001379722666
68456	0.002119156201
68457	0.002115509794
68458	0.004004514068
68459	0.0001555015016
68460	0.001359895924
68461	0.004205945836
68462	0.001666311628
68463	0.001813489211
68464	0.002525317695
68465	0.00172357615
68466	0.0002930836063
68467	0.005796857141
68468	0.003093721069
68469	0.004094402212
68470	0.001905658742
68471	0.002586170671
68472	0.0007319731027
68473	0.0008554694531
68474	6.704586949e-05
68475	0.002184168385
68476	0.0009016454596
68477	0.004219048374
68478	0.001752963184
68479	0.001128254909
68480	0.002605174294
68481	0.0006556950186
68482	0.004881820075
68483	0.001853736495
68484	0.000993767575
68485	0.002736099719
68486	0.001614299019
68487	0.002838615594
68488	0.002044557705
68489	1.349773111e-05
68490	0.000806843659
68491	0.002598083613
68492	0.002671726233
68493	0.001332060973
68494	0.001492529601
68495	0.004630800989
68496	0.000107076285
68497	0.002330647635
68498	0.002662318256
68499	0.001728949343
68500	0.002155579691
68501	0.002318437975
68502	0.002219587243
68503	0.001127721113
68504	0.003118267165
68505	0.003073822776
68506	0.00159606412
68507	0.005182376366
68508	0.001822507399
68509	0.003169632566
68510	0.0002073983304
68511	0.0008914835409
68512	0.004825212796
68513	0.002682552634
68514	0.004714346254
68515	0.003003373404
68516	0.003475272274
68517	0.0002824335739
68518	0.005209901096
68519	0.007345204599
68520	0.003917534745
68521	0.0006860583146
68522	0.0003487320724
68523	0.002296609372
68524	0.0006712060339
68525	0.0009320622678
68526	0.004119418972
68527	0.0001113419387
68528	0.003332888432
68529	0.0003853785745
68530	5.192377827e-05
68531	0.0001672255447
68532	0.005216196525
68533	0.0003138404609
68534	0.001072973817
68535	0.005338345449
68536	0.0007412774319
68537	0.004659576684
68538	0.002204482426
68539	0.001834508521
68540	0.001763369414
68541	0.002621911716
68542	0.000638560026
68543	0.004453713222
68544	0.003350421672
68545	0.0002430300267
68546	0.0003800265074
68547	1.580594853e-05
68548	0.003270478918
68549	0.0006544530735
68550	0.004527185877
68551	0.00407562998
68552	0.002689416233
68553	0.0002630373574
68554	0.002226089383
68555	0.005607174807
68556	0.001336722129
68557	0.005476467939
68558	0.003658257206
68559	3.865143224e-05
68560	0.0007923726818
68561	0.0009658214393
68562	0.00138940889
68563	0.001185773213
68564	0.001313077948
68565	0.0003683574306
68566	0.003579170021
68567	0.0001869620767
68568	0.001053998771
68569	9.821505766e-05
68570	0.001686816221
68571	0.001228328205
68572	4.770374249e-05
68573	0.001797037844
68574	0.001701277384
68575	0.000447934648
68576	0.003164840718
68577	0.00482763127
68578	0.001887882137
68579	0.0001531741327
68580	0.0003397301275
68581	0.004485202227
68582	0.0006351334717
68583	0.001991239639
68584	0.001014721636
68585	0.001042432596
68586	0.003142569027
68587	0.0008617778731
68588	0.00058809373
68589	4.622067761e-05
68590	0.0003309830554
68591	0.0006739608882
68592	0.0007597049179
68593	3.887839994e-05
68594	0.002957802597
68595	0.0004791224223
68596	0.005433772646
68597	0.0004920952187
68598	0.001208836452
68599	0.0003086390937
68600	0.0008860557711
68601	0.0009535054249
68602	0.0006085322355
68603	0.002686345065
68604	0.0003643198666
68605	0.0009765651288
68606	0.00318780892
68607	0.0002073120846
68608	0.0003142261916
68609	0.002860390891
68610	0.001140743026
68611	0.001514093075
68612	0.000107812479
68613	0.002687006655
68614	0.002358346745
68615	0.007074710152
68616	0.002755366108
68617	0.002462296476
68618	0.0003691040748
68619	0.003075978996
68620	0.0006416374986
68621	0.003149795552
68622	0.000607197536
68623	0.002498831452
68624	0.005423070404
68625	0.004133192315
68626	0.003118580382
68627	0.000587925562
68628	0.0002889958332
68629	0.005694641629
68630	0.001970806102
68631	0.001632154998
68632	0.004476962725
68633	0.005540531348
68634	0.002075652131
68635	0.003874384027
68636	0.000196243768
68637	0.005015349782
68638	0.0002554759659
68639	0.0007371848404
68640	2.249744249e-05
68641	0.003046805429
68642	0.001971714606
68643	0.002576433594
68644	0.0005076300083
68645	0.001169672138
68646	0.0007561246799
68647	0.00115606719
68648	0.003417864206
68649	0.0007822174469
68650	0.002273743943
68651	0.0007754249556
68652	0.006105837239
68653	0.001083479836
68654	0.0009267105688
68655	0.0007135966041
68656	0.002937076021
68657	0.0008922451271
68658	0.002808977828
68659	0.002024647087
68660	0.003309403277
68661	0.0007512503239
68662	0.0004110790962
68663	0.0008369378368
68664	0.004544379767
68665	0.002990732837
68666	0.002017149231
68667	0.002444912212
68668	0.004453449074
68669	0.005575442434
68670	0.002805517199
68671	0.004559698195
68672	0.001442136136
68673	0.00210520627
68674	0.0008798158123
68675	0.005325569162
68676	0.004689604727
68677	0.00195565553
68678	0.004056869409
68679	0.001024964816
68680	0.0007116852539
68681	0.009636361641
68682	0.001942062716
68683	0.001957922135
68684	0.00338920198
68685	0.001875876103
68686	0.00218133249
68687	0.002351580186
68688	0.001341462966
68689	0.0007269664689
68690	0.003045717344
68691	0.001331014907
68692	0.003376987152
68693	0.0008690521619
68694	0.003500939218
68695	0.002181431544
68696	0.0005007934799
68697	0.0009963631655
68698	0.0001925303699
68699	0.0003019853646
68700	0.0005072786009
68701	0.00199207566
68702	0.0003449702166
68703	0.0005246757946
68704	0.002277272902
68705	0.0007402955104
68706	0.0003529548956
68707	7.386511925e-05
68708	0.001041361108
68709	0.00144377202
68710	0.00939414791
68711	0.001862614863
68712	0.001081155406
68713	0.004541797774
68714	0.0008747461518
68715	0.005214801456
68716	0.000870414262
68717	0.002153579154
68718	0.0009098601794
68719	0.001017840623
68720	0.0004560698769
68721	0.001025176676
68722	0.0002370543012
68723	2.628482594e-05
68724	0.0004985587338
68725	0.001077116882
68726	0.000577114873
68727	0.00129276838
68728	0.001796224755
68729	0.002095693586
68730	0.0007626213508
68731	0.003326973539
68732	0.002851778112
68733	0.0008859004059
68734	0.0007823303384
68735	0.002942877281
68736	0.0008707704705
68737	0.002721194206
68738	0.0005607115117
68739	0.005925554214
68740	0.001870168992
68741	0.00240244032
68742	0.0002328304409
68743	0.0005462911129
68744	0.0003885904845
68745	0.001787763356
68746	0.0002283794576
68747	0.002319157698
68748	0.0007569750017
68749	0.001254507792
68750	0.003080861504
68751	0.001284001321
68752	0.0007680448208
68753	0.0002907403821
68754	0.00768885611
68755	0.0006781445408
68756	0.0005741417327
68757	0.002435834314
68758	0.001619706939
68759	0.003611227182
68760	0.0002500020943
68761	0.000239467241
68762	0.004087882337
68763	0.0007531433611
68764	0.004291044455
68765	0.001995433099
68766	0.002842943445
68767	0.0004060194787
68768	0.001596179948
68769	0.0009536135262
68770	0.004822843887
68771	0.005537614173
68772	0.0005122506817
68773	0.004400996264
68774	0.001514591471
68775	0.001623827825
68776	0.007038492818
68777	0.0027816406
68778	0.001257060109
68779	0.002599622601
68780	0.00107924113
68781	0.001391449241
68782	2.385440446e-05
68783	0.0001336364958
68784	0.00575466336
68785	0.004247105131
68786	0.002114770622
68787	0.002238056321
68788	0.00228784216
68789	0.001406165189
68790	0.002450022128
68791	0.004424120434
68792	0.002557052147
68793	0.002919891982
68794	0.001094931148
68795	0.005557857372
68796	0.000100467746
68797	0.0004981110154
68798	0.002313334624
68799	0.0007696811987
68800	0.003360747583
68801	0.0005437833036
68802	0.005556489891
68803	0.001063996155
68804	0.001337810472
68805	0.00247346089
68806	0.001665277085
68807	0.004262433467
68808	0.004555843537
68809	0.003659453438
68810	0.003890113346
68811	0.001393123279
68812	0.005701213429
68813	0.0002533893122
68814	0.0001833248139
68815	0.003004291759
68816	0.00378440021
68817	0.0006722377713
68818	0.0005922176322
68819	0.00076543431
68820	0.004718353184
68821	0.001443588212
68822	0.001319469252
68823	0.002126748169
68824	0.002160179898
68825	0.003889419195
68826	0.0004561136008
68827	0.006480845882
68828	0.005261914364
68829	0.004662752057
68830	0.004138497391
68831	0.003181969491
68832	0.00418023473
68833	0.0009123684362
68834	0.0001974834128
68835	0.00351864715
68836	0.0009680866997
68837	0.0005312994504
68838	0.002564771365
68839	0.0018858777
68840	0.001908435485
68841	0.002432460158
68842	0.003859385723
68843	0.001716011339
68844	0.004599639027
68845	0.005412611641
68846	0.0004258163908
68847	0.009601646671
68848	0.0008706058496
68849	0.003255017408
68850	0.004532247905
68851	0.003264155798
68852	0.001413291282
68853	0.003568296915
68854	0.0009166403637
68855	0.001854330769
68856	0.003276192528
68857	0.002854539495
68858	0.002399665531
68859	0.0005307143644
68860	0.003500208881
68861	0.001881991883
68862	6.325869771e-05
68863	0.0004604001755
68864	0.0007398246411
68865	0.0002623737807
68866	0.004468570005
68867	0.003199974759
68868	0.00144740303
68869	0.001591994279
68870	0.0007231021182
68871	0.0003509574999
68872	0.001076142379
68873	0.001339505901
68874	0.009317607676
68875	0.003782869244
68876	0.000440133244
68877	0.0010919747
68878	0.001710280946
68879	0.006494326626
68880	0.003014737809
68881	0.0003172947907
68882	0.004120547556
68883	0.00193593509
68884	0.002659154117
68885	0.0001920479313
68886	0.001338601253
68887	0.0004080787984
68888	0.001584396875
68889	9.667768956e-05
68890	0.005626008862
68891	0.0002003045129
68892	0.004054650891
68893	0.003508260716
68894	0.0006166288536
68895	0.001597222551
68896	0.00284268736
68897	0.001337990207
68898	0.006702963955
68899	0.0001278033548
68900	0.003432876601
68901	0.001796455719
68902	0.002295581652
68903	5.098589429e-05
68904	0.003800867112
68905	0.0001736012256
68906	0.001688009369
68907	0.0006274928064
68908	0.003696004806
68909	0.001821216811
68910	0.002188114004
68911	0.0009540966315
68912	0.006690730575
68913	0.002814382291
68914	0.003557346069
68915	0.0008343312637
68916	0.002812506728
68917	0.001268329795
68918	0.000157173126
68919	0.00540275811
68920	0.003890228313
68921	0.005668802934
68922	0.0001998371836
68923	0.0005537353932
68924	0.001389761988
68925	0.001189358061
68926	0.0001528822015
68927	0.0006694020325
68928	0.002750815953
68929	0.0009266811021
68930	0.003685570401
68931	0.001342874467
68932	0.001050310216
68933	0.001692910985
68934	0.0004715580645
68935	0.001912454486
68936	0.007193253069
68937	0.0004197441665
68938	0.001172588163
68939	0.0003392823127
68940	0.003019063346
68941	0.0004361995351
68942	0.003106952461
68943	0.001516427594
68944	0.0003467486769
68945	0.0001859835013
68946	0.00114385247
68947	0.0004083157226
68948	0.002169972366
68949	0.0009520648342
68950	0.004328036862
68951	0.0007998733676
68952	1.938651344e-05
68953	0.001545169174
68954	0.0002443521787
68955	0.005081766195
68956	0.003059664239
68957	0.0005268720005
68958	0.002871899593
68959	0.0002805039931
68960	0.0002238621443
68961	0.001550375457
68962	0.003254962607
68963	6.879211507e-05
68964	0.0006014702244
68965	0.0001848269071
68966	0.006622260334
68967	0.001847796274
68968	0.00673087257
68969	0.0007367443673
68970	0.001614381677
68971	0.001538894147
68972	0.001452476325
68973	0.0003819441465
68974	0.01017170363
68975	0.005329513806
68976	0.002387101353
68977	0.001788647195
68978	0.00710773006
68979	0.002441532698
68980	0.001843566622
68981	0.0072524629
68982	0.0004845056843
68983	0.004927513942
68984	0.009948687708
68985	0.003439850563
68986	0.002107885649
68987	0.001479839998
68988	0.002485396911
68989	0.0003289681653
68990	0.001007864183
68991	0.000413034366
68992	0.005569495506
68993	0.004416189222
68994	0.002002436678
68995	0.006339314034
68996	0.0032152464
68997	0.0007623036976
68998	0.003072017515
68999	0.003504316132
69000	0.003370880449
69001	0.006021955558
69002	0.003850886287
69003	0.001677615493
69004	0.0003729174374
69005	0.0002686838089
69006	0.00187963199
69007	9.65457381e-05
69008	0.0007643508246
69009	0.000261568884
69010	0.003406922584
69011	0.0001084483795
69012	0.002658858001
69013	0.000509329116
69014	0.0004497912946
69015	0.005073571663
69016	0.001001337533
69017	0.0001820010439
69018	0.001798457028
69019	0.003912348326
69020	0.004942654466
69021	0.0002605241857
69022	0.001029720989
69023	0.0001757936285
69024	0.002849674202
69025	0.003978089218
69026	0.003227069089
69027	0.001186113835
69028	0.0009250157071
69029	0.007184822714
69030	0.003197229032
69031	0.001115690688
69032	0.0007732349105
69033	0.003036159082
69034	0.002493246589
69035	0.0003223283898
69036	0.0005941802758
69037	0.0002941957471
69038	0.0008729660794
69039	0.0005205910693
69040	5.948460876e-05
69041	0.00215790221
69042	0.0009930674501
69043	0.001575864238
69044	0.001077640386
69045	0.006441432557
69046	0.001442541682
69047	0.00151127793
69048	0.0006355332355
69049	0.002202103237
69050	0.0004598731542
69051	0.001783722465
69052	0.008210603862
69053	0.002136650238
69054	0.0004043115514
69055	0.004582655952
69056	0.006745247229
69057	0.004348902763
69058	0.001125323374
69059	0.0006852759565
69060	0.0008596513223
69061	0.005102342378
69062	0.003685171519
69063	0.002741011701
69064	0.005066027778
69065	0.002716083321
69066	0.0003988007035
69067	0.001237906208
69068	0.0004647373985
69069	0.001209503408
69070	0.003940184456
69071	0.003326657078
69072	0.001715761418
69073	0.003172013218
69074	0.0005607279581
69075	0.0001986648083
69076	0.003912265933
69077	0.007117067439
69078	0.0003757500323
69079	0.0002131627734
69080	0.0001206078288
69081	0.0005106563279
69082	0.0006197667191
69083	0.003254021205
69084	0.00147979812
69085	0.0007894613784
69086	0.001668241629
69087	0.003983616692
69088	0.001569998081
69089	0.003735045276
69090	0.008513286669
69091	0.003304418936
69092	0.002880274277
69093	0.004728777431
69094	0.003630168935
69095	0.003934226058
69096	0.002302371748
69097	0.006923476686
69098	0.002894509389
69099	0.003419904465
69100	0.0007598652794
69101	0.0006387875151
69102	0.003017192918
69103	2.115583259e-05
69104	0.0005990243695
69105	0.001782808163
69106	0.001487234563
69107	0.003480266206
69108	0.003899868804
69109	0.001108832932
69110	0.003032019444
69111	3.679522897e-05
69112	5.975550735e-05
69113	0.001376360319
69114	0.001514978709
69115	0.001625463561
69116	0.002026868218
69117	0.002488739066
69118	0.008467132961
69119	0.0007618796815
69120	0.0008628956519
69121	0.0001970932738
69122	6.754101899e-08
69123	0.0003418482536
69124	0.0001417193725
69125	2.004740152e-06
69126	0.0003927389492
69127	0.0006132215612
69128	0.0003962686228
69129	8.260061588e-06
69130	0.0001947231981
69131	0.0008591560924
69132	0.0005912942965
69133	0.0004182084487
69134	0.0009048958596
69135	0.0002645948
69136	0.0002482796128
69137	7.218017034e-05
69138	9.179375053e-05
69139	0.0002022613842
69140	0.0003995441572
69141	1.323189901e-06
69142	0.0002978958154
69143	0.0005322304068
69144	0.000126256808
69145	0.0001435851187
69146	0.0003969814094
69147	0.0001479256232
69148	0.0005343673319
69149	0.0002760097918
69150	0.0002142706642
69151	0.0002769672906
69152	0.000128062019
69153	0.0007342184345
69154	0.000462606066
69155	0.0005319173642
69156	0.0004014268364
69157	6.668911972e-05
69158	0.0005828567949
69159	0.0003873511702
69160	0.0006659106602
69161	1.010352196e-05
69162	7.886435259e-05
69163	0.0006736792591
69164	0.0001307337
69165	0.0004735888284
69166	0.000133156529
69167	0.0007847629262
69168	7.206315235e-05
69169	0.0002023307725
69170	0.0005280459334
69171	2.581806501e-06
69172	0.000656217751
69173	0.000527205563
69174	0.0004097177779
69175	0.0004694681101
69176	1.390730919e-06
69177	9.257621896e-06
69178	0.0003969561088
69179	0.0001905549257
69180	0.0001434126759
69181	6.86769329e-06
69182	0.0003838703513
69183	8.524494872e-07
69184	3.131447092e-07
69185	0.0005420398186
69186	0.0001981651531
69187	0.0003975370879
69188	0.0005329426579
69189	8.29527585e-05
69190	0.0002849645564
69191	0.0001534057786
69192	0.0005397920331
69193	3.241968759e-06
69194	0.0005865381327
69195	0.0003183028472
69196	0.0006104646351
69197	0.0001281074079
69198	0.0005342248882
69199	0.0008055932062
69200	5.569685181e-05
69201	0.0003912548562
69202	0.0005332281723
69203	0.001055688414
69204	0.000144164869
69205	0.0004013777933
69206	0.000530870479
69207	0.0003225215478
69208	9.60382077e-06
69209	2.996365068e-06
69210	0.0003851198633
69211	5.655025053e-06
69212	0.0002004800163
69213	0.000326375402
69214	5.782500777e-05
69215	0.0003394351982
69216	0.0005452336722
69217	0.0002350891068
69218	0.0001855352123
69219	0.0004135719633
69220	0.0005314722073
69221	0.0002603135463
69222	0.0003513775263
69223	0.0001468947017
69224	6.767501693e-05
69225	5.772336082e-05
69226	0.0001568081378
69227	0.0002805619508
69228	0.0003272512616
69229	8.321215278e-05
69230	0.0002519595219
69231	0.0001172148056
69232	2.413056291e-06
69233	4.027900575e-06
69234	4.414726397e-06
69235	0.0002801482956
69236	0.0005261010599
69237	0.000222930397
69238	0.0003392870712
69239	0.0002706496957
69240	0.0001216293512
69241	0.000108161751
69242	8.458233909e-05
69243	0.0003922989512
69244	0.0003353574118
69245	0.0004745067723
69246	0.0009282571626
69247	7.795492917e-06
69248	0.0009223667758
69249	0.0006503757196
69250	0.0003092002873
69251	0.0005763243252
69252	0.0001405306689
69253	0.0002045819126
69254	0.000387438429
69255	0.0005322733873
69256	0.0003931347273
69257	0.0009055551
69258	0.0002847487527
69259	0.0002014118531
69260	0.0001811257902
69261	0.0002039654928
69262	0.0003982387491
69263	1.2433687e-06
69264	0.0001958873057
69265	2.971804698e-06
69266	0.0007318584123
69267	0.0003852804446
69268	0.0006040086428
69269	0.0003875126459
69270	0.000642804167
69271	0.0002669850613
69272	0.0001254806386
69273	0.0001863327079
69274	0.001046692361
69275	0.0006226512565
69276	0.00025479358
69277	6.238498798e-05
69278	0.0003285886722
69279	0.0007448742655
69280	0.000180558005
69281	0.0002562475569
69282	0.0002137465291
69283	0.0005342076191
69284	0.0001482588509
69285	0.0003249611634
69286	0.0004549861629
69287	0.0005438176329
69288	0.0006144121567
69289	0.0005365790244
69290	7.080789672e-05
69291	0.0005913477486
69292	0.0002164777742
69293	0.0001272749346
69294	0.001077550725
69295	0.0005325743541
69296	0.0003497168323
69297	0.0005330263672
69298	0.0001446407261
69299	0.0002597504729
69300	0.001052276672
69301	0.0005430099526
69302	0
69303	0.0002080694535
69304	1.890595834e-05
69305	0.0002939380391
69306	0.0003417619872
69307	0.000446597364
69308	0.0005363749693
69309	0.000748435969
69310	0.0003940652581
69311	0.0002087295499
69312	0.0003323442094
69313	3.469152175e-07
69314	0.0003162955117
69315	0.0005352421217
69316	0.0005193546336
69317	0.0002521597658
69318	0.0007572086745
69319	0.0003478924102
69320	0.0003962561377
69321	0.0003845011434
69322	0.000200636107
69323	8.991613873e-05
69324	0.0008674781683
69325	0.0002150873503
69326	0.0002045129115
69327	0.0001458938667
69328	0.0004002264488
69329	3.301031069e-05
69330	0.000344126331
69331	0.0001386788772
69332	0.0004095594129
69333	0.0002007341431
69334	0.0001367694108
69335	0.0007428501223
69336	0.0001130884066
69337	0.0001459022581
69338	0.0004034739187
69339	0.0003987958848
69340	4.473671284e-06
69341	1.219383803e-05
69342	0.0001932472707
69343	0.000267328571
69344	0.0005321567256
69345	0.0008059070134
69346	0.0006819638539
69347	0.0001949388661
69348	0.0003992763541
69349	0.0007313742359
69350	0.0005967514798
69351	0.0002112792716
69352	0.000411766878
69353	0.0002698948746
69354	0.0005238592093
69355	0.0005281165454
69356	0.0005379236798
69357	0.0008153413676
69358	0.0004577363103
69359	0.0007453812493
69360	0.0005304467102
69361	0.0004838755705
69362	2.606469201e-06
69363	0.0004132585107
69364	0.0002369655639
69365	0.0002732168165
69366	3.889748503e-06
69367	0.0002553569335
69368	0.0005293200027
69369	0.000335487221
69370	0.0003825994054
69371	3.475292271e-06
69372	0.0003946762506
69373	4.083161411e-07
69374	0.0005323439982
69375	0.0002503938435
69376	0.000518964945
69377	0.004243144444
69378	0.004317581331
69379	0.001140098871
69380	0.001017394908
69381	0.002365319004
69382	0.001620911849
69383	0.001078927277
69384	0.0005528541396
69385	0.005501937827
69386	0.0003010130654
69387	0.001892783999
69388	0.001286195844
69389	0.001050978759
69390	0.001113694425
69391	0.004911887533
69392	0.001566937992
69393	0.0007620338577
69394	0.003100263615
69395	0.00409273443
69396	0.003479237013
69397	0.0004112684569
69398	0.001168957844
69399	0.003445294993
69400	0.002240162905
69401	0.004315339679
69402	0.005866840963
69403	0.003052351686
69404	0.006585945204
69405	0.001276783887
69406	0.002605445193
69407	0.003342320207
69408	0.004162744562
69409	0.003465175037
69410	0.001638980946
69411	3.152418343e-06
69412	0.00496447951
69413	9.087327799e-05
69414	0.0004925120628
69415	0.007503928378
69416	0.002257163113
69417	9.190651234e-05
69418	0.002428876296
69419	0.002771958733
69420	0.0009758091696
69421	0.0009051798015
69422	0.00344561338
69423	0.00406586717
69424	0.005331171523
69425	0.006052746534
69426	0.003513966981
69427	0.003661310838
69428	0.001676957084
69429	0.005948141207
69430	0.004851915352
69431	0.001253679404
69432	0.00156900367
69433	0.0003933410609
69434	0.006556224899
69435	0.003581524662
69436	0.004319586869
69437	0.001254739738
69438	0.003010120295
69439	0.0005967082386
69440	0.002057781818
69441	0.00162991697
69442	0.00198647322
69443	0.002826418119
69444	0.0005748126644
69445	0.0002247542293
69446	0.003786159804
69447	0.006086052292
69448	0.006439629675
69449	0.008031920647
69450	0.00529409635
69451	0.003097572035
69452	0.006051395597
69453	0.004450739343
69454	0.005990576916
69455	0.003530766968
69456	0.003787722004
69457	0.002198845321
69458	0.001673121324
69459	0.005462507891
69460	0.0002029844398
69461	0.000151647569
69462	0.0002466859039
69463	0.004831507141
69464	0.007409312518
69465	0.0006380569689
69466	0.0002003831098
69467	0.002723697955
69468	0.001625757391
69469	0.002512808442
69470	0.002609603017
69471	0.001452258255
69472	0.003338207596
69473	0.00174556178
69474	0.0003894205297
69475	0.0001235161647
69476	0.002825921989
69477	0.0003891146261
69478	0.0001253510715
69479	0.0001572890455
69480	0.0001151218319
69481	0.0001036835119
69482	0.0001241057772
69483	0.0004348555396
69484	0.0002743660934
69485	0.0003247771928
69486	0.0002541717649
69487	0.000526715607
69488	0.0002093633241
69489	0.0001337197661
69490	8.771088691e-05
69491	0.0001484101251
69492	0.000202358546
69493	0.0001027268268
69494	0.000174397877
69495	0.000213476727
69496	0.0002850832501
69497	4.862327001e-05
69498	0.0004405506535
69499	0.00024766813
69500	0.0003123224805
69501	0.0001109620523
69502	0.0001846119736
69503	0.0001590014572
69504	0.0002449887482
69505	0.0001402759747
69506	0.0001631259821
69507	0.0004953933323
69508	4.71878274e-05
69509	0.0001948995738
69510	0.0002251593809
69511	0.0002266402582
69512	0.0003734643262
69513	0.0002220783956
69514	0.0001386502989
69515	0.0001764236852
69516	0.0003591988683
69517	2.360267208e-06
69518	0.0004112459692
69519	0.0001774720227
69520	0.0001311658527
69521	0.0003348715408
69522	7.322650419e-05
69523	0.0002915994636
69524	0.000115871031
69525	0.0002060871704
69526	0.0002157559761
69527	0.0002970085563
69528	0.0001383781992
69529	0.0002237990016
69530	0.0001416005607
69531	6.748747518e-05
69532	0.0005102717602
69533	0.0001335757939
69534	0.0001789188514
69535	0.0002139974856
69536	0.0003465802507
69537	0.0001220507246
69538	0.0002673706763
69539	0.0001235976707
69540	0.0002363463454
69541	0.0001267519998
69542	0.0001229708257
69543	0.000305796913
69544	0.0001327830686
69545	0.0001574997978
69546	0.0003056772435
69547	0.0001526629954
69548	5.145321495e-05
69549	0.001014274426
69550	7.086895808e-05
69551	5.364372696e-06
69552	0.0004168858806
69553	0.000322584422
69554	0.0001746178983
69555	0.0001411668376
69556	0.0001468783133
69557	2.718003325e-05
69558	0.0001937496011
69559	0.0001007833533
69560	0.0003500872397
69561	6.852864104e-05
69562	0.0003618662569
69563	0.0001583329053
69564	0.0001697194755
69565	3.030105584e-06
69566	0.0001534547848
69567	0.0002953983455
69568	0.0002470512923
69569	0.0001844334414
69570	0.000133890448
69571	0.0003476024971
69572	6.098808642e-05
69573	0.0003446473047
69574	0.0003531122524
69575	8.082177807e-05
69576	0.000419366199
69577	0.0002095302068
69578	0.0001666902269
69579	0.0001517196172
69580	0.0002194921988
69581	0.0003429743134
69582	0.0008695625861
69583	0.0002371824713
69584	0.0002560077051
69585	0.0003555513377
69586	0.0001360011142
69587	0.000385753846
69588	0.0001354243917
69589	0.0004133855804
69590	0.000191557385
69591	0.0002313590808
69592	0.000216978263
69593	0.0002544235109
69594	0.0001649030276
69595	0.0002359284438
69596	0.0003656046122
69597	7.744130026e-05
69598	0.0002027552274
69599	0.0001558558312
69600	0.0002334722625
69601	4.699655563e-05
69602	9.054699021e-05
69603	0.0002636386232
69604	0.0002263931514
69605	0.0003852183224
69606	0.0001658519926
69607	6.857893095e-05
69608	0.0001974857092
69609	0.0002060422698
69610	0.0001938180948
69611	0.005524893259
69612	0.001929991485
69613	0.001634486646
69614	0.003251454676
69615	0.002750070576
69616	0.001078658959
69617	0.001051272098
69618	0.0002030071507
69619	0.0001686117709
69620	0.0002330256288
69621	0.000287689387
69622	0.000371832762
69623	0.003954422736
69624	0.000540900786
69625	2.953255123e-05
69626	0.003904276762
69627	1.876893602e-08
69628	0.0001241848661
69629	3.083579381e-05
69630	0.0001795088736
69631	0.005514328625
69632	0.0002654904775
69633	0.00634578793
69634	0.005196838937
69635	0.001958620562
69636	0.003318974272
69637	0.0003134155542
69638	0.0001536145247
69639	0.0001443160471
69640	6.925084733e-05
69641	0.006057886877
69642	0.0002554307231
69643	0.0002265442872
69644	0.0002042882188
69645	0.002207647754
69646	0.001815154689
69647	0.002213363505
69648	0.0003025269616
69649	0.000487082687
69650	0.0006228069695
69651	0.0002131957649
69652	0.0001173735364
69653	0.003314102418
69654	0.0004303173402
69655	0.0002239157309
69656	0.0002069331896
69657	0.0003184942743
69658	0.00408344753
69659	0.00249251149
69660	0.0002472282992
69661	0.002961951373
69662	0.001255742258
69663	0.0003936566491
69664	0.0002830111189
69665	0.0002744199575
69666	0.0002081760404
69667	0.0002012336001
69668	0.0003095218869
69669	7.028669595e-05
69670	0.0001922891746
69671	0.0002202579424
69672	0.001987917744
69673	0.0002979364351
69674	0.002219825916
69675	0.003428146218
69676	0.001837453384
69677	0.000627006205
69678	0.002167491042
69679	0.004879509354
69680	0.001333047271
69681	0.003150363547
69682	0.0006204468863
69683	0.008061234868
69684	0.002698671011
69685	0.001112133292
69686	0.003221886329
69687	0.001496208467
69688	0.005581775503
69689	0.0001295878937
69690	0.005449638501
69691	0.001609492786
69692	0.009048465683
69693	0.004755237761
69694	0.00166009891
69695	0.002207284897
69696	0.0001540340874
69697	0.006451095548
69698	4.782647011e-05
69699	0.004465997334
69700	0.006579202185
69701	0.001326603231
69702	0.001608543604
69703	0.001169451015
69704	8.32226223e-05
69705	0.0001913042843
69706	0.001548772016
69707	0.0006110393148
69708	0.0002390711314
69709	0.0029965327
69710	0.0009129583194
69711	0.004059045369
69712	0.001316007647
69713	0.001974095159
69714	0.0001242514337
69715	0.002337592927
69716	0.007900908055
69717	0.006692501484
69718	0.003593733717
69719	0.005673996289
69720	0.002419046415
69721	0.001549002728
69722	0.002514985188
69723	0.001680559606
69724	0.0006681205623
69725	0.001828293395
69726	0.001100845287
69727	0.000130483343
69728	0.001370938282
69729	0.003654512231
69730	0.0006126753558
69731	0.002035062142
69732	0.002183756047
69733	0.0009653482775
69734	0.001894408086
69735	0.0001185315022
69736	0.009243512397
69737	0.003739856476
69738	0.002008447954
69739	0.003625382938
69740	0.0006309184723
69741	0.002487412665
69742	0.000521714268
69743	0.0002185955242
69744	0.005940227025
69745	0.002036963152
69746	0.003089636301
69747	0.006172916974
69748	0.002619093581
69749	0.0006477098157
69750	0.001511743037
69751	0.0007631682999
69752	0.002967066107
69753	0.006147407441
69754	0.001428437157
69755	0.0004576549907
69756	0.006166347429
69757	0.001842920593
69758	0.002551224682
69759	0.0009198101333
69760	0.003165961569
69761	0.0003839555492
69762	0.00249669337
69763	0.001946186183
69764	0.0007412628605
69765	0.001293092215
69766	0.004098361927
69767	0.01010574988
69768	0.002005267206
69769	0.00409971685
69770	0.000522814375
69771	0.002761580519
69772	0.002354837729
69773	0.005089268089
69774	0.004416261382
69775	0.003001772693
69776	0.003720577164
69777	0.0001959366209
69778	0.0009658402624
69779	0.005712015409
69780	0.003242298547
69781	0.001523844776
69782	0.001824330277
69783	0.00437139731
69784	0.004524011459
69785	0.006846964937
69786	0.002132631689
69787	0.001210723058
69788	0.006978967853
69789	0.005169147154
69790	0.002400012507
69791	0.00334159619
69792	0.0004522289647
69793	0.001244472059
69794	0.000837971168
69795	0.001295355765
69796	0.002323982263
69797	0.001362644462
69798	0.0006776665732
69799	0.0007631137437
69800	0.0004214015951
69801	0.002415919437
69802	0.001156876063
69803	0.0033342724
69804	0.004443994632
69805	0.0003859860266
69806	0.005181388252
69807	0.002387085916
69808	0.000449586993
69809	0.001373858667
69810	0.0003938764336
69811	0.0009018464168
69812	0.004913100095
69813	0.0009970257917
69814	0.0009680958909
69815	0.000937809373
69816	0.002042650543
69817	0.007171556817
69818	0.001448311974
69819	0.002797386776
69820	0.0002565859378
69821	0.00180197164
69822	0.002744632451
69823	8.159000213e-05
69824	0.005280846422
69825	0.001730296166
69826	0.0002576384313
69827	0.001593075154
69828	0.006681413501
69829	0.005746445421
69830	0.000576384341
69831	0.0007947116441
69832	0.0002970750077
69833	0.004144142217
69834	0.002980561138
69835	2.721823312e-05
69836	3.719606856e-05
69837	0.0002696931757
69838	0.0002155523832
69839	0.0002500191099
69840	0.0002494448716
69841	0.0001906486454
69842	0.0001258699738
69843	0.0002370556196
69844	0.0006003880937
69845	0.0001788514287
69846	0.0001367611241
69847	0.0001544446779
69848	0.0001666933359
69849	0.0002352192833
69850	0.000159635601
69851	0.0001515039971
69852	0.0003963936846
69853	0.0001871426669
69854	0.0002922006758
69855	0.000255152341
69856	1.440831312e-05
69857	0.0001908172752
69858	0.0003515236084
69859	0.0002603687727
69860	0.0001483294781
69861	0.0001879667228
69862	0.0002899774118
69863	0.0001856157331
69864	0.0001126657684
69865	0.0003446839836
69866	0.0003691391456
69867	0.0002010268105
69868	0.0001662197934
69869	4.776027036e-06
69870	0.0001043502381
69871	0.0001056572275
69872	9.363645497e-05
69873	0.0001721169452
69874	0.0008711194992
69875	2.858170443e-05
69876	0.0003018776629
69877	9.300370989e-05
69878	0.0001946853174
69879	0.000283423264
69880	0.0001134355098
69881	0.0002751228564
69882	0.0001835792151
69883	0.0002391682238
69884	0.0006133909544
69885	0.0001567816006
69886	0.008511518981
69887	0.0007800257247
69888	0.002181908347
69889	0.003361135107
69890	0.0002244908727
69891	0.004546136763
69892	0.001565612051
69893	0.0009149315102
69894	0.00937138297
69895	0.003079800252
69896	0.001194330443
69897	0.001319313305
69898	0.004418954255
69899	0.0001552055449
69900	0.0007016438904
69901	0.003500290021
69902	0.001926066103
69903	0.001371847086
69904	0.0008990003352
69905	0.01134763842
69906	0.003496452693
69907	0.001642327706
69908	0.001534921686
69909	0.003943689009
69910	0.004472541275
69911	0.004636147192
69912	1.956273047e-05
69913	0.004726088951
69914	0.004900383574
69915	0.0004569736846
69916	0.0001496999857
69917	0.0001786939136
69918	0.000172967968
69919	0.0002571950797
69920	0.000246878393
69921	0.0002425564108
69922	0.0001343356108
69923	0.0001159052652
69924	0.0003399061406
69925	0.0003506260326
69926	0.000176253272
69927	3.84772966e-05
69928	0.00015643219
69929	9.382064124e-05
69930	0.0002163479633
69931	0.0001731864407
69932	0.0004322540169
69933	0.000196583341
69934	0.0002150691807
69935	0.003827139848
69936	0.003047665862
69937	0.006714909182
69938	0.0007098629691
69939	0.001401962594
69940	0.003279495136
69941	0.001312246562
69942	2.205771567e-05
69943	0.004343143007
69944	0.0002916237939
69945	0.0001566780115
69946	8.654754156e-05
69947	0.000144096998
69948	8.814095281e-05
69949	0.0002445892231
69950	0.0002070928501
69951	0.0002443605529
69952	0.0001222814234
69953	0.0001830000021
69954	0.000286472006
69955	0.0001497105012
69956	0.0002326107364
69957	0.0002207347712
69958	0.0001887850127
69959	0.0001585199977
69960	0.0002651939685
69961	0.005956928569
69962	0.003582413735
69963	0.0002878436131
69964	0.001599877648
69965	0.0001991297331
69966	0.0001806275041
69967	8.980206187e-05
69968	0.001886435552
69969	0.0005704205251
69970	0.004142878503
69971	0.00305133931
69972	0.006500338259
69973	0.007967937989
69974	8.451309255e-05
69975	0.0002138908322
69976	0.002550043305
69977	0.001286828236
69978	0.00160900416
69979	0.005886580687
69980	0.000333303469
69981	0.0001598367113
69982	0.00379476667
69983	0.004734330027
69984	0.00351481018
69985	0.002905324501
69986	0.000637812077
69987	0.003040099609
69988	0.001039622598
69989	0.001848635201
69990	0.0009640721651
69991	0.0001341921264
69992	0.001325233737
69993	0.004041713028
69994	4.269785745e-05
69995	0.004546051105
69996	0.00706385969
69997	0.001343554636
69998	0.006848066106
69999	0.0002200298318
70000	0.001130595707
70001	0.0002925519806
70002	0.006433077274
70003	0.0002484246368
70004	0.002010345734
70005	0.002194191672
70006	0.0005387182223
70007	0.0002715249567
70008	0.003734686395
70009	0.004153715814
70010	0.0003110250507
70011	0.003391853763
70012	0.002828136219
70013	0.001274666416
70014	0.001286096058
70015	0.001036604563
70016	0.002431184957
70017	0.000659004771
70018	0.000598808785
70019	0.001317306409
70020	0.001401518193
70021	0.001395547217
70022	0.0008521313733
70023	0.000117956617
70024	0.001462542757
70025	0.001499284985
70026	0.001299627967
70027	0.001098410286
70028	0.0003858694595
70029	0.005209578517
70030	0.006399962902
70031	0.00290102501
70032	0.002406124019
70033	0.001795347985
70034	0.00136679638
70035	0.003405513586
70036	0.004712830107
70037	0.004594198908
70038	0.000740272401
70039	0.002601988595
70040	0.001180136197
70041	0.004088122834
70042	0.007053315342
70043	0.00336034162
70044	0.005510988211
70045	0.005160942203
70046	0.001117884272
70047	0.002433018469
70048	0.001705700322
70049	0.0001283036507
70050	0.001118737009
70051	0.002474835343
70052	0.006987650043
70053	0.00126752831
70054	0.003427981412
70055	0.004921299153
70056	0.001785589662
70057	0.002394102201
70058	0.006757028752
70059	0.000510861279
70060	0.005020014565
70061	0.0007582402138
70062	0.003337415495
70063	0.00248957923
70064	0.002748877852
70065	0.00619328339
70066	0.001917406453
70067	0.001942010657
70068	0.003178475807
70069	0.00195206524
70070	0.001460978756
70071	0.0001932688985
70072	0.003239722446
70073	0.0005062313843
70074	0.0005160472622
70075	0.0004867502052
70076	0.0006116810977
70077	0.0008555978206
70078	0.006427763748
70079	0.003804034157
70080	0.002064773756
70081	7.721906821e-05
70082	0.003295341642
70083	0.001216182135
70084	0.00269847518
70085	0.0006020017791
70086	0.002378525484
70087	0.0004107600218
70088	0.001754842872
70089	0.00179232788
70090	0.002017405724
70091	0.001003340197
70092	0.002173013761
70093	0.0006897697491
70094	0.0001464574175
70095	0.002440336708
70096	0.004364806843
70097	7.667831016e-05
70098	0.004926029993
70099	0.001836179744
70100	0.001310365715
70101	0.001464624785
70102	0.001555207716
70103	0.005171955083
70104	0.0005386424323
70105	0.001788878247
70106	0.001668777127
70107	0.001727235077
70108	0.007026998437
70109	0.0002823133914
70110	0.005000787474
70111	0.006365760952
70112	0.002230151346
70113	0.0007135506366
70114	0.0008789992236
70115	0.003331498807
70116	0.001463279037
70117	0.002578342611
70118	0.001567881616
70119	0.000663314762
70120	0.0001041176699
70121	0.0006188349139
70122	0.0008515711129
70123	8.291647105e-05
70124	2.145725983e-05
70125	0.0004408767491
70126	0.008590361824
70127	0.0006128269397
70128	3.245607885e-05
70129	0.002965447752
70130	0.001517218864
70131	0.0002423241288
70132	0.001509038793
70133	0.0006740780813
70134	0.00559536591
70135	0.001018046424
70136	0.002568401834
70137	0.0008017454827
70138	0.002258269946
70139	0.006044752672
70140	0.0001246080645
70141	0.001602285489
70142	0.004524710099
70143	0.0007955468662
70144	0.005125008402
70145	0.004725385853
70146	0.004534076081
70147	0.002408591635
70148	0.002215196861
70149	0.004225785787
70150	0.001847654868
70151	0.0005055576755
70152	0.003271844138
70153	0.001072467513
70154	0.001687124835
70155	0.0003045944872
70156	0.0003012673427
70157	0.005365275542
70158	0.01112199
70159	0.003279239475
70160	0.003794826497
70161	0.004651918738
70162	0.005455828773
70163	0.005137832389
70164	0.008475893585
70165	0.0005565359724
70166	0.005235215889
70167	0.001161479769
70168	0.001326151222
70169	0.0006921645788
70170	0.003987691366
70171	0.002187830695
70172	0.004031425875
70173	0.0001867209278
70174	0.0004035969354
70175	0.000204494862
70176	0.003762813052
70177	0.002222497811
70178	0.001295228633
70179	0.003365253063
70180	0.003214298329
70181	0.004272700147
70182	0.0002884049784
70183	0.002725415489
70184	0.0007227250603
70185	0.001153933509
70186	0.004752879437
70187	0.003557078274
70188	0.004683182137
70189	0.001441507184
70190	0.001530780607
70191	0.00199468519
70192	0.004341556277
70193	0.006382525812
70194	0.003226822257
70195	0.0007179478356
70196	0.001844998078
70197	0.002636002054
70198	0.001042295175
70199	0.001036580857
70200	0.000453435954
70201	0.002166041004
70202	0.004829615159
70203	0.002272335468
70204	0.0006192928859
70205	0.001144223083
70206	0.002291541649
70207	0.003597480705
70208	0.00462691681
70209	0.002601142494
70210	0.001863399227
70211	0.002585972464
70212	0.00266076675
70213	0.001946308302
70214	0.0008680072029
70215	0.002540925185
70216	0.0007758268439
70217	0.0001766809312
70218	0.0006938545012
70219	0.002798682667
70220	0.002599010756
70221	0.001632822563
70222	7.022887686e-05
70223	0.002474075062
70224	0.0004850093295
70225	0.002514919987
70226	0.002370845945
70227	0.004131321773
70228	0.0001542896099
70229	0.002903101554
70230	0.005381815389
70231	0.002168841593
70232	0.001195353503
70233	0.0007019381207
70234	0.004472067605
70235	0.007033134637
70236	0.003165311352
70237	0.002312487884
70238	0.00562481424
70239	0.003896718526
70240	0.0004188582397
70241	0.005453514352
70242	0.002552080441
70243	0.001779142713
70244	0.0001260516951
70245	0.0001686149481
70246	0.003140021031
70247	0.001575773288
70248	0.0009211634183
70249	0.002161132395
70250	0.0007969505937
70251	0.0002194655015
70252	0.0003327515453
70253	0.002148420484
70254	0.004485305166
70255	0.002893287147
70256	0.001269414885
70257	0.001991876586
70258	0.002439063341
70259	0.006806653088
70260	0.005911116372
70261	0.002528936057
70262	0.0004119789032
70263	0.001876518395
70264	0.002040893924
70265	0.001912601719
70266	0.001290055544
70267	0.001588514849
70268	0.0001542900243
70269	0.002322639518
70270	0.00141109238
70271	0.000291681782
70272	0.0002953217245
70273	0.002104139637
70274	0.000463114088
70275	0.001198534887
70276	0.0103524042
70277	0.001064181107
70278	0.003635636003
70279	0.0003102233707
70280	0.002167803531
70281	3.834854079e-06
70282	0.001402961606
70283	0.0009743794697
70284	0.004413267697
70285	0.0005485954634
70286	0.001538503736
70287	0.005887449752
70288	0.004674508255
70289	0.008369432386
70290	0.003206819034
70291	0.0001949185618
70292	0.002564623221
70293	0.001511008478
70294	0.004756518733
70295	0.001163241751
70296	0.001224882856
70297	0.003941992107
70298	0.002749016091
70299	0.001406248306
70300	0.002411503026
70301	0.0006715764218
70302	0.0002213396739
70303	0.0003649714886
70304	0.0004997720914
70305	0.001555714619
70306	0.003244608018
70307	0.0001794285491
70308	0.0001038139377
70309	7.161066791e-05
70310	0.002238120214
70311	0.001350123314
70312	0.001064592858
70313	0.0007215277838
70314	0.00399223405
70315	0.001766527254
70316	0.0006257342918
70317	0.0006233704952
70318	0.001340860963
70319	8.933830067e-06
70320	0.0005665640992
70321	0.0002089513402
70322	0.0001297635867
70323	0.001946917927
70324	0.000623438143
70325	0.0004766161015
70326	0.004335513628
70327	0.001022145337
70328	0.0006112856444
70329	0.0003939510228
70330	0.001736920895
70331	0.0012065934
70332	0.001354631326
70333	0.0004141040391
70334	0.0008335060612
70335	0.0002192250225
70336	0.002368065403
70337	0.002935433292
70338	0.002971062492
70339	0.005804287657
70340	0.0004912008403
70341	0.002111524352
70342	0.001785293454
70343	0.001486298128
70344	0.003099939246
70345	0.0003375846623
70346	0.001981008978
70347	0.007757923217
70348	0.001446364039
70349	0.001260667464
70350	0.005507143566
70351	0.001319571947
70352	0.01078106907
70353	0.00521251391
70354	0.0002793031021
70355	0.001043082243
70356	0.001653693413
70357	0.0008437901432
70358	0.0002208827663
70359	0.0001460727665
70360	0.0002959767626
70361	0.001795466413
70362	0.001267298156
70363	0.0006777158633
70364	0.0004446242209
70365	5.402548187e-06
70366	0.0006599119656
70367	0.001155016669
70368	0.001528408224
70369	0.001076549234
70370	0.004261885721
70371	0.0001336905278
70372	0.0008619572814
70373	0.001036527432
70374	0.0004385311563
70375	0.0009816634009
70376	0.001626948595
70377	3.077974709e-05
70378	0.004474294535
70379	0.00201705029
70380	0.0001293013698
70381	0.002486510471
70382	0.0009217135761
70383	0.005004840405
70384	0.001430597854
70385	0.0006805927411
70386	0.0006518760665
70387	0.002005704853
70388	0.0007003722679
70389	0.001317494932
70390	0.001846920607
70391	9.920021218e-05
70392	8.749860722e-05
70393	0.004578999488
70394	0.004264172407
70395	0.006910386373
70396	0.001650371151
70397	0.001359007961
70398	0.001910155955
70399	0.005379221848
70400	0.002880354765
70401	0.00269534849
70402	4.10882866e-05
70403	0.003331515589
70404	0.001822838319
70405	0.003412034984
70406	4.908687194e-05
70407	0.003574304781
70408	0.000365257679
70409	0.0007069721168
70410	0.0002637570266
70411	0.0001003659207
70412	0.0005563413792
70413	0.002154172745
70414	0.002222168608
70415	0.00371901032
70416	0.0001768278865
70417	0.0009797688401
70418	0.001165224506
70419	0.005764440937
70420	0.001819264324
70421	0.002229649479
70422	0.002786845432
70423	0.0004614222661
70424	0.0009875961698
70425	0.001172535992
70426	0.002991711187
70427	0.001453846733
70428	0.00447107292
70429	0.0002277607778
70430	0.002287248612
70431	0.002258788553
70432	0.001364771178
70433	0.005675101745
70434	0.0007526056389
70435	0.002767250781
70436	0.003117168648
70437	7.857187709e-05
70438	0.003008860721
70439	0.003462251307
70440	0.001739862418
70441	0.001233271678
70442	0.001431812647
70443	0.006495426411
70444	0.002480706172
70445	0.003429432912
70446	0.008756931139
70447	0.0008901270492
70448	0.001286936956
70449	0.005279857776
70450	0.002190967771
70451	0.0006479306161
70452	0.001177048913
70453	0.003189349128
70454	0.001132090461
70455	0.0008529284804
70456	0.00421421233
70457	0.005675829773
70458	0.003083506455
70459	0.001523497347
70460	0.004387144542
70461	2.027865928e-05
70462	0.001694533738
70463	0.002207287367
70464	0.006081015166
70465	0.0009047269786
70466	0.004439405768
70467	7.433726371e-05
70468	0.002421835865
70469	0.0006140977226
70470	0.002288294079
70471	0.005552963431
70472	0.001351950794
70473	0.001779984121
70474	0.004101654308
70475	0.001427905239
70476	0.005888897964
70477	9.079265393e-05
70478	0.002403576219
70479	0.007625442583
70480	3.726758631e-05
70481	0.003086995972
70482	0.002817407754
70483	0.002660228655
70484	0.0003226331262
70485	0.002479293194
70486	0.0004493118718
70487	0.004446102594
70488	0.001913464164
70489	0.004571900088
70490	0.0007017174237
70491	0.001994463716
70492	0.0001359523971
70493	0.001040500606
70494	0.004150558358
70495	0.0005760584844
70496	1.198840271e-05
70497	0.005769201542
70498	0.003196563808
70499	0.003100210969
70500	0.0003061927243
70501	0.005618007821
70502	0.00545464142
70503	0.0002214633777
70504	0.001152629673
70505	0.0009780777151
70506	0.0008335198648
70507	0.006190822218
70508	0.0002962027403
70509	0.0003340923703
70510	0.0003690507203
70511	0.0008191941937
70512	0.002419067751
70513	0.001785852008
70514	0.008617167748
70515	0.0003478796234
70516	0.0004263860442
70517	0.004172283507
70518	0.001264952876
70519	0.0004706659383
70520	0.003616208996
70521	0.003484018126
70522	0.0002888277423
70523	0.002201698197
70524	0.0006508541857
70525	0.0007724423802
70526	0.0001286234795
70527	0.0001348912207
70528	0.0029984489
70529	7.994122155e-05
70530	0.002755159629
70531	0.001955121456
70532	0.001682724207
70533	0.001190080244
70534	0.001287707262
70535	0.005351192021
70536	0.00335084628
70537	0.004095743791
70538	0.002685171921
70539	0.002685187044
70540	0.00268046289
70541	0.00115655685
70542	0.0001264282551
70543	0.001122196233
70544	0.003668261681
70545	0.0006077400302
70546	0.00487598164
70547	0.003893007691
70548	0.001909513995
70549	0.001923351336
70550	0.001551833405
70551	0.0004293374235
70552	0.000886151653
70553	0.003609067984
70554	0.000136929252
70555	0.003834787644
70556	0.003454712215
70557	0.000907329837
70558	0.0001065760491
70559	0.001292198625
70560	0.005774893635
70561	0.003527707302
70562	0.000114966584
70563	0.005244227979
70564	0.001038193831
70565	0.0002930621228
70566	0.003246210247
70567	0.005641389305
70568	0.006823941988
70569	0.0008979776088
70570	0.004392547028
70571	0.003261840623
70572	0.005925063817
70573	0.004641527652
70574	0.0007557783179
70575	0.00786773423
70576	0.003038376397
70577	0.003634227396
70578	0.002936587801
70579	0.004228020273
70580	0.0006474320846
70581	0.002764701401
70582	0.003050889777
70583	0.004312489881
70584	4.878468115e-05
70585	0.001191867591
70586	0.0008030347956
70587	0.002245570732
70588	0.001784372827
70589	0.0007116397335
70590	0.001191796715
70591	0.0009501658012
70592	0.00139514628
70593	0.005463007684
70594	0.0003245246655
70595	0.001577790761
70596	0.003393043997
70597	0.001344606395
70598	0.002175358971
70599	0.001635788999
70600	0.0008977426227
70601	0.001164855073
70602	0.000134600245
70603	0.002043131222
70604	0.002450406831
70605	0.003378651016
70606	0.001251139719
70607	0.0006478719612
70608	0.001492814026
70609	0.0004247857396
70610	0.001373595661
70611	0.002273274367
70612	9.731797819e-05
70613	0.0004421566709
70614	0.0007858935029
70615	0.001495352243
70616	0.003599718433
70617	0.00177300333
70618	0.003041778464
70619	0.001168719337
70620	0.004979523455
70621	0.001215348852
70622	0.0001361451198
70623	0.001614812541
70624	0.00133948431
70625	0.004213426951
70626	0.002307643567
70627	0.001951453497
70628	0.002707584382
70629	0.001445190302
70630	0.00224665348
70631	0.004762551721
70632	0.004513134196
70633	9.704157641e-05
70634	0.007170703076
70635	0.001551726176
70636	0.0003076941619
70637	0.0007680183993
70638	6.60607248e-06
70639	0.00132232695
70640	0.001027138078
70641	0.00108412443
70642	0.006511078935
70643	0.00708637538
70644	0.001830382295
70645	0.003642779342
70646	0.0005168922326
70647	0.0001314385578
70648	0.001226667979
70649	0.004782278253
70650	0.006589337835
70651	0.001743568732
70652	0.004873220151
70653	0.0005998565127
70654	0.001221446665
70655	0.001207963177
70656	0.0003387370926
70657	0.001719334472
70658	0.002041730191
70659	0.00418380545
70660	0.007162839666
70661	0.0006974778635
70662	0.00225865775
70663	0.004542991293
70664	0.0002878333001
70665	0.001987644983
70666	0.0004377839579
70667	0.001562777685
70668	0.003481432534
70669	0.0001404297339
70670	0.004261702398
70671	0.0002608677762
70672	0.003005369446
70673	0.003727321013
70674	0.006590017251
70675	0.002490209998
70676	3.200837255e-05
70677	0.0003927763003
70678	0.001208422526
70679	0.004579756925
70680	0.00219803481
70681	0.000623212447
70682	0.000521159385
70683	0.0009544294979
70684	0.006887978709
70685	0.003997235078
70686	0.005253513929
70687	0.0001600788586
70688	0.003958956465
70689	0.0002823415593
70690	0.0002117326688
70691	0.0004013744828
70692	0.003966459155
70693	0.002627006407
70694	0.005103565834
70695	0.001474162045
70696	0.004281483726
70697	0.002164108452
70698	0.0004956010337
70699	0.005654318707
70700	0.006616550485
70701	0.004535792127
70702	5.203821623e-05
70703	0.001180077892
70704	0.001514012577
70705	0.0006806316151
70706	0.003924652433
70707	0.001129794528
70708	0.001766881382
70709	0.000500537848
70710	0.004018510509
70711	0.001087222316
70712	0.003606617198
70713	0.0001694872454
70714	0.002103484436
70715	0.002141232012
70716	0.003138832593
70717	0.005154259788
70718	0.003640808882
70719	0.001801313272
70720	0.003096461953
70721	0.003030968986
70722	0.0002174996575
70723	0.001111491713
70724	0.002821426971
70725	0.0001343423035
70726	0.003189660144
70727	0.0001199871138
70728	0.001548315197
70729	3.712603565e-05
70730	0.0003150139475
70731	0.001181692456
70732	0.001426737508
70733	0.00584334912
70734	0.0007111501606
70735	0.000447737704
70736	0.0002418541419
70737	0.003886267095
70738	0.0009131572083
70739	0.002108512472
70740	0.0007763216681
70741	0.000855144916
70742	0.003829599085
70743	0.005649946675
70744	0.007060539677
70745	0.0006031555765
70746	0.0009804209104
70747	0.004742205502
70748	0.0003728578871
70749	0.006009512384
70750	8.403250109e-05
70751	0.0009343221643
70752	0.001810350533
70753	8.792712636e-05
70754	0.0002338208231
70755	0.0001696275449
70756	0.006207777376
70757	0.002589790437
70758	0.0005634405891
70759	0.0004464840933
70760	0.00247676969
70761	0.00113641313
70762	0.001809182499
70763	0.003605073294
70764	0.002062602602
70765	0.002719362219
70766	0.0001418359296
70767	0.003689216647
70768	0.0003425910834
70769	0.0003597731815
70770	0.0005002830653
70771	0.001773339331
70772	0.002817333518
70773	0.0006358604223
70774	0.002647882801
70775	4.69140469e-05
70776	0.0002560171026
70777	0.002710564551
70778	0.001251678422
70779	0.0008967507862
70780	0.002726892701
70781	0.009864902325
70782	0.003329214243
70783	0.003745970876
70784	0.003962743303
70785	0.001780481188
70786	0.003192833578
70787	0.008739373518
70788	0.002391775308
70789	0.004841088041
70790	0.004647719091
70791	0.003081224489
70792	0.0005782739165
70793	0.0001340596011
70794	0.0001129131021
70795	0.001054293323
70796	0.0003558406399
70797	0.004242635898
70798	0.002132996585
70799	0.002739975998
70800	0.003807689554
70801	0.005118030437
70802	0.0004791417953
70803	0.004080891548
70804	0.0007078895907
70805	0.003068756967
70806	0.0004100886252
70807	0.0002416941231
70808	0.004344924228
70809	0.0009090259873
70810	0.0001244479678
70811	0.005971161104
70812	0.002956122981
70813	0.003891123888
70814	0.001644029319
70815	0.0008321024399
70816	0.00109496205
70817	0.000649083183
70818	0.004161682298
70819	0.0002135304961
70820	0.0006026066462
70821	0.003429717092
70822	0.007312254171
70823	0.001358000454
70824	0.0005279126024
70825	0.001910224256
70826	0.00422274731
70827	0.002084337184
70828	0.001554349734
70829	0.001112326648
70830	0.005928659913
70831	3.279165281e-05
70832	0.004108319089
70833	0.0002928417058
70834	0.004319212286
70835	0.0001720681391
70836	0.004217655365
70837	0.001639862091
70838	0.001292717682
70839	0.0001994480382
70840	0.0005394702708
70841	0.00740165248
70842	0.000535118141
70843	0.003002499892
70844	0.002441413785
70845	0.003501803169
70846	0.002065536593
70847	0.00572607588
70848	1.530903103e-05
70849	0.001555680063
70850	0.002007187621
70851	0.001085153092
70852	0.003709970552
70853	0.002798617982
70854	0.003629770762
70855	9.961792186e-05
70856	0.0002187969341
70857	0.0009813974897
70858	0.0009788779389
70859	0.0007285062331
70860	0.001484934714
70861	0.000183510302
70862	0.002066973379
70863	0.001471698053
70864	0.008586253874
70865	0.001489727547
70866	0.00693656658
70867	0.0004876193456
70868	0.001035699763
70869	0.0008471204659
70870	6.046422557e-06
70871	0.0001296018986
70872	0.0008789801349
70873	0.003446523589
70874	0.000454097642
70875	0.002518129291
70876	0.003579382857
70877	0.01144670045
70878	0.005447887735
70879	0.001550795883
70880	0.000593005213
70881	0.0006410141327
70882	0.0003884600383
70883	0.00107648319
70884	0.004086773148
70885	0.0003103249986
70886	0.0006500199159
70887	0.0001889119884
70888	0.001240342257
70889	0.0002800119518
70890	0.001920852476
70891	0.001318932088
70892	0.00656644567
70893	0.0009450407247
70894	0.001242748269
70895	0.00375687766
70896	0.0008077377441
70897	2.89254051e-05
70898	0.003137120506
70899	0.001954716574
70900	0.002405922382
70901	0.0002767023814
70902	0.001701144799
70903	0.0007245651731
70904	0.001434550699
70905	0.001075072375
70906	0.002019048194
70907	0.001349521618
70908	0.001446079565
70909	0.001268465976
70910	0.0003112492028
70911	0.0002926480666
70912	0.002488744695
70913	0.001197335194
70914	0.01236493653
70915	8.662509884e-05
70916	0.0004546499679
70917	9.266234232e-05
70918	0.001493709614
70919	0.005116198893
70920	0.008228843903
70921	0.003203281527
70922	0.003672825083
70923	0.002159509651
70924	0.0004209397446
70925	0.00786814688
70926	0.006442262566
70927	0.003826504961
70928	0.00516320506
70929	0.001404494295
70930	0.004732381248
70931	0.00149500196
70932	0.001316187072
70933	0.00653739957
70934	0.004630821767
70935	0.002206229563
70936	0.003397874142
70937	0.001589510742
70938	0.003533475924
70939	0.001091965638
70940	0.008049322878
70941	0.0004445058724
70942	0.0005283928527
70943	0.006565681223
70944	0.002404828097
70945	0.001564010504
70946	0.003423778681
70947	0.002733125386
70948	0.003263900592
70949	0.004148374667
70950	0.007001283687
70951	0.007378240879
70952	0.0005988397502
70953	0.001453135516
70954	0.005480167929
70955	0.004731225325
70956	0.0003557738788
70957	0.003505439692
70958	0.006402505101
70959	2.522565593e-06
70960	0.002067758286
70961	0.002540317036
70962	0.002499417259
70963	0.001717277321
70964	0.002236048873
70965	0.004478028133
70966	0.003248141988
70967	0.00201601853
70968	0.0007935105788
70969	0.000387769827
70970	0.001399234243
70971	0.004702586566
70972	0.002229297832
70973	0.0005600673092
70974	0.002197543278
70975	0.0006242207902
70976	0.0014073585
70977	0.0008897046237
70978	0.001344732195
70979	0.0003827634179
70980	0.0007426212502
70981	0.00243940192
70982	0.001091688833
70983	0.001946114477
70984	0.001011770293
70985	0.002699697337
70986	0.002726372013
70987	0.00498853999
70988	0.001256168631
70989	0.003697725967
70990	0.0006309746442
70991	0.0003860721322
70992	0.002793620863
70993	0.0001260493556
70994	0.004461414118
70995	0.002003198019
70996	0.0001178256605
70997	0.001136303146
70998	0.00128902978
70999	0.002914203418
71000	0.00234807202
71001	0.0004788628233
71002	0.002115196824
71003	0.007770926591
71004	0.0008786335602
71005	0.0002723917615
71006	0.0006444967549
71007	0.002294570195
71008	0.001277657502
71009	0.0006164014217
71010	0.001296461104
71011	0.000371592186
71012	0.002601899557
71013	0.001203937457
71014	0.00208185831
71015	0.001288966506
71016	0.002535602408
71017	0.0005358088218
71018	0.0005395901817
71019	0.003655707944
71020	0.001581703983
71021	0.0003780783715
71022	0.000346318167
71023	0.001589492995
71024	0.000663688519
71025	0.0001003218373
71026	0.0006999606833
71027	0.0004829957144
71028	0.0006602185944
71029	0.0004068808935
71030	0.01063407213
71031	0.0008345704697
71032	0.002811472206
71033	0.001556408975
71034	9.309044375e-06
71035	0.001673323044
71036	0.005655489535
71037	0.003114412409
71038	0.0007514670911
71039	0.001612903345
71040	0.002158074771
71041	0.001439045016
71042	0.0001004587779
71043	0.004735907243
71044	2.218403507e-05
71045	4.671759481e-05
71046	0.001520167043
71047	0.0001719151613
71048	0.0003987328089
71049	0.0004918481622
71050	0.000736270791
71051	0.000414280362
71052	6.374888605e-05
71053	0.0002044474091
71054	0.001518331056
71055	0.0001947193332
71056	0.0004663380358
71057	0.004743160913
71058	5.655243477e-05
71059	0.007246947924
71060	0.0009414926014
71061	0.004866918078
71062	0.0006642994747
71063	0.0006924397439
71064	0.0009921012862
71065	0.003052767746
71066	0.002680665892
71067	0.001373999848
71068	0.002706439046
71069	0.003189156962
71070	0.0005211203319
71071	0.002957745514
71072	4.2647117e-07
71073	0.0002586147646
71074	0.004094200883
71075	0.001520804106
71076	0.007600000648
71077	6.556037265e-06
71078	0.007032620624
71079	0.001493012948
71080	0.002017350219
71081	0.002842464344
71082	0.00257159349
71083	0.002013869628
71084	0.004312471283
71085	0.004403150338
71086	0.003050768876
71087	0.0001597217713
71088	0.0004797884526
71089	0.001140094359
71090	0.0003609090097
71091	0.0005113749586
71092	0.0003453138863
71093	0.0007903444889
71094	0.001798969169
71095	0.001212957764
71096	0.007278804871
71097	0.004918427151
71098	0.001708573157
71099	0.001897365923
71100	5.871595468e-05
71101	0.004848051836
71102	0.001085703384
71103	0.0004467167068
71104	0.00295144972
71105	0.002726513437
71106	0.0004881636332
71107	0.002480734155
71108	0.004294930397
71109	0.003395635974
71110	0.01022156075
71111	0.001857670776
71112	0.00106353002
71113	0.001574860733
71114	0.001472369278
71115	0.002710391742
71116	0.002735940889
71117	0.001993496562
71118	0.0001078040843
71119	0.001399894966
71120	0.0002894287413
71121	0.001799308112
71122	0.002190432903
71123	0.0008132727623
71124	0.002819340446
71125	0.001000507975
71126	0.001603075385
71127	0.0001614777569
71128	0.003136847507
71129	0.003916932642
71130	0.000198211161
71131	0.002944851674
71132	0.004878040019
71133	0.001022439815
71134	0.003534192681
71135	0.001488561775
71136	0.0004428684704
71137	0.003805320821
71138	0.005069834508
71139	0.002812988255
71140	0.005536321123
71141	0.0008218318789
71142	0.0002268091151
71143	7.054607834e-05
71144	0.002558642851
71145	0.003075629885
71146	0.002448582991
71147	0.007016868034
71148	0.006933539154
71149	0.006906424551
71150	0.002679138526
71151	0.001453210097
71152	0.003564999162
71153	0.003719813806
71154	0.0001667458104
71155	0.003830715922
71156	0.004341595414
71157	0.004043581607
71158	0.00269058589
71159	0.002780164537
71160	0.0006117893136
71161	0.0008099602057
71162	0.006029874825
71163	0.004098624206
71164	0.00481853602
71165	0.0002056743124
71166	0.002141154847
71167	0.00182964619
71168	0.008386040058
71169	0.003893556678
71170	0.003762515672
71171	0.001632420118
71172	0.003235198866
71173	0.004690907972
71174	0.0005733726631
71175	0.00600950159
71176	0.003025616633
71177	0
71178	0.002289322548
71179	0.001444881145
71180	0.001293510908
71181	0.0004203233332
71182	0.00580186256
71183	0.0002178179481
71184	0.006202038076
71185	0.004202359092
71186	0.0006773697025
71187	0.002142034287
71188	0.004940672597
71189	0.002353189046
71190	0.004740497365
71191	0.003665356009
71192	0.003319110122
71193	0.004948991425
71194	0.004595816189
71195	0.002353209681
71196	0.003091476692
71197	0.001705417859
71198	0.002479814397
71199	0.004574206936
71200	0.005021247529
71201	0.008326456217
71202	0.0004464498383
71203	0.004843267099
71204	0.0002069165928
71205	0.008467151823
71206	5.693989212e-05
71207	0.004261719939
71208	0.003277355658
71209	0.004070916926
71210	0.002594348227
71211	0.001916777713
71212	0.002244662304
71213	0.004654913467
71214	0.002435421696
71215	0.00161250254
71216	0.006028220073
71217	0.002248436923
71218	0.005062887314
71219	0.005654286986
71220	0.0002931270328
71221	0.005314157901
71222	0.0009425761683
71223	0.006858480442
71224	0.001231471075
71225	0.001244824676
71226	0.001666484316
71227	0.006881848982
71228	0.001541311602
71229	0.002470231574
71230	0.005603098563
71231	0.003183669461
71232	0.001276086545
71233	0.0069342545
71234	0.002371233812
71235	0.001009324013
71236	0.0001660782696
71237	0.003149994179
71238	0.008315464124
71239	6.705726676e-06
71240	0.001430876708
71241	0.0002764692549
71242	0.001089104929
71243	0.005515467498
71244	0.0002454317406
71245	0.002846316652
71246	0.003932004395
71247	0.003292536543
71248	9.16587938e-05
71249	0.001995496995
71250	0.004597621896
71251	0.0001155220149
71252	0.0009961065072
71253	0.0002046284774
71254	0.001489254551
71255	0.0001500189042
71256	0.004202200305
71257	0.002039092512
71258	0.0004024632741
71259	0.004241739566
71260	0.001293624576
71261	0.0001532864307
71262	0.001225231468
71263	0.0001556772519
71264	0.005024145496
71265	0.0004655825599
71266	0.001140025287
71267	0.001504757371
71268	0.001976373641
71269	0.00118014398
71270	0.0003052591467
71271	0.0002960288069
71272	0.001494444974
71273	0.002831495971
71274	0.0007151940952
71275	0.0005575466086
71276	0.0007841243078
71277	0.004582986466
71278	0.000782385668
71279	0.0001245315021
71280	0.0005741543146
71281	0.002906873956
71282	0.001424197364
71283	1.008482906e-05
71284	0.002391002295
71285	0.0006057581517
71286	0.0003348751728
71287	0.001298133822
71288	0.0005884738699
71289	0.0009018943176
71290	0.0003801092814
71291	0.0007024807351
71292	0.001170168533
71293	0.001029054301
71294	0.0009248955994
71295	0.0009033582182
71296	0.0004702097969
71297	0.002591597704
71298	0.006178718146
71299	0.001253959259
71300	0.0005326627431
71301	0.0008362259685
71302	0.0007471756732
71303	0.000573103237
71304	0.001553871181
71305	0.0005060329201
71306	0.0005278114817
71307	0.001141643617
71308	0.0007655992606
71309	0.0002186011664
71310	0.001680480006
71311	0.003087194496
71312	0.0009341024628
71313	0.0003032398138
71314	0.002375622852
71315	0.0004848250681
71316	0.0001898626003
71317	0.003920437912
71318	0.0008453006015
71319	0.0005078811981
71320	0.0009412418008
71321	0.001114885667
71322	0.005155764424
71323	0.001906618337
71324	0.0009465395815
71325	0.00161810536
71326	0.001448240327
71327	0.003400420548
71328	0.000643097312
71329	0.004035621016
71330	0.002480523782
71331	0.00350495244
71332	0.000209896075
71333	0.003172878864
71334	0.00404175711
71335	0.005241265134
71336	0.001366356468
71337	0.0006565873352
71338	0.000149446026
71339	0.002188055547
71340	0.001128122898
71341	0.0001532744886
71342	0.005742538542
71343	0.0002824435633
71344	0.003038549951
71345	0.0003808468128
71346	0.003087931106
71347	0.005591359188
71348	0.001772671666
71349	0.0007996624202
71350	3.008842447e-05
71351	0.005757113313
71352	0.0005843866439
71353	0.002469039528
71354	0.007303844832
71355	0.002795388595
71356	0.003762029381
71357	0.002579361494
71358	0.005176170586
71359	0.000309935094
71360	0.006383545848
71361	0.005884966644
71362	0.003170725878
71363	0.0002492588826
71364	0.001495411327
71365	0.002536440878
71366	2.507095281e-05
71367	0.003405740421
71368	0.002076840832
71369	0.006675261282
71370	0.001808490681
71371	0.0001859846198
71372	0.006212953152
71373	0.003992665236
71374	0.0006672363319
71375	0.004623466715
71376	0.003686943481
71377	0.003028454373
71378	0.0009610224286
71379	0.002957770651
71380	0.0009901525918
71381	0.002090440242
71382	0.002334382974
71383	0.001270215231
71384	0.004839577142
71385	0.003584209408
71386	0.003444440058
71387	0.001597777127
71388	0.004308280809
71389	0.005167412397
71390	0.0006481759504
71391	0.004411372694
71392	0.0001615456234
71393	0.002427802498
71394	0.002282161841
71395	0.005751432466
71396	0.003385277081
71397	0.001134275363
71398	0.001712916558
71399	0.001564982781
71400	0.001271050898
71401	0.001155608021
71402	0.002151477934
71403	0.001700790231
71404	0.0008424109842
71405	0.0009636937731
71406	0.003894322512
71407	0.001506282378
71408	4.092987546e-05
71409	0.000489056886
71410	0.000388463929
71411	0.0004223062076
71412	0.002531713268
71413	0.0008339691649
71414	0.002539580118
71415	0.002347632122
71416	0.0009944506919
71417	0.001571205691
71418	0.00038789657
71419	0.00202669315
71420	0.0001098695124
71421	0.004866380581
71422	0.003417286612
71423	0.001854652329
71424	0.0009584981325
71425	0.003465184607
71426	5.105301782e-05
71427	0.001358911329
71428	0.006097374475
71429	0.001359782727
71430	0.001509878974
71431	0.0004345171735
71432	0.002698571578
71433	0.0002060005497
71434	0.0006554361608
71435	8.535062932e-05
71436	0.002993781401
71437	0.001602660857
71438	0.0002690347142
71439	0.002439949071
71440	0.005997761993
71441	0.0009554112111
71442	0.002552044724
71443	0.004227950335
71444	0.004346462822
71445	0.004001603561
71446	0.004051175804
71447	0.00224837793
71448	0.001846049641
71449	0.003893729496
71450	0.0006187538555
71451	0.0003155944368
71452	0.00204141148
71453	0.0009775020137
71454	0.001636871478
71455	0.002490506524
71456	0.0001778956034
71457	0.001018422534
71458	0.002847969037
71459	0.003267215286
71460	0.0006421295822
71461	0.002569027507
71462	0.00620081959
71463	0.001357588794
71464	0.004072100946
71465	0.0009044373232
71466	0.0001439092304
71467	0.001041882568
71468	0.00280569991
71469	0.0003127697591
71470	0.0007495517119
71471	0.0005827193033
71472	0.002072043414
71473	0.001134952837
71474	0.00622135994
71475	0.0002525345185
71476	0.00489188362
71477	0.001295096083
71478	0.0002042906983
71479	7.76359306e-05
71480	0.0002088299336
71481	0.0002326575701
71482	8.512394398e-05
71483	0.0005798560658
71484	0.001847973845
71485	0.008818891949
71486	0.002171621939
71487	0.00140269446
71488	0.0008662482547
71489	0.0009271373175
71490	0.001950443843
71491	0.004099182234
71492	0.004740657284
71493	0.0006592753308
71494	0.003766940043
71495	0.001478615728
71496	0.003430176215
71497	0.001420518936
71498	0.002216431255
71499	0.002429200563
71500	0.0004595211306
71501	0.0009772548257
71502	0.0004408503838
71503	0.003686515211
71504	0.0002444263435
71505	0.0005166269324
71506	0.003735969072
71507	0.00437372735
71508	0.009865142667
71509	0.001070284608
71510	6.870064732e-05
71511	0.001386392865
71512	0.001216361059
71513	0.002171442715
71514	0.0002171717523
71515	0.002654363253
71516	0.0006696820383
71517	0.0005800302805
71518	0.0007784610077
71519	0.005733766372
71520	8.492851863e-05
71521	0.004441216786
71522	5.740989155e-05
71523	0.0004115782215
71524	0.001212087906
71525	0.001717958127
71526	0.003852104628
71527	0.0001304479326
71528	0.005924341954
71529	0.002368476247
71530	0.0002513558668
71531	0.000157354466
71532	0.0004481253853
71533	0.001288707903
71534	0.0003881998569
71535	0.00116647262
71536	0.0001607183321
71537	5.807129128e-06
71538	5.981470712e-06
71539	0.001534466616
71540	0.001572877766
71541	0.0003614735555
71542	0.002357272553
71543	0.0003771573967
71544	0.002703205453
71545	0.0001408580742
71546	0.0004084759746
71547	0.003141390902
71548	0.001244706532
71549	0.0005932751835
71550	0.0004250256643
71551	0.0009794506972
71552	0.001568517369
71553	0.001247511995
71554	0.002521794749
71555	0.0007765177062
71556	0.005849495008
71557	0.0001947970737
71558	0.001771292693
71559	0.002037887079
71560	0.005402927004
71561	0.002610331048
71562	5.155764706e-05
71563	0.001229069081
71564	0.001406507209
71565	0.00395350789
71566	0.003149846116
71567	8.628605105e-05
71568	0.004860773242
71569	0.002871972524
71570	0.001358074477
71571	0.002877949957
71572	0.0005648605802
71573	0.003742456962
71574	0.001248662825
71575	0.0009563032263
71576	0.0006694055138
71577	0.001644994937
71578	0.004079577846
71579	0.0008096505395
71580	0.003368237346
71581	0.002262330076
71582	0.00276435315
71583	0.001610195079
71584	0.001159505065
71585	0.0002325947715
71586	0.001119951695
71587	0.0004416711288
71588	0.002620023494
71589	0.0006501715032
71590	0.001050172874
71591	0.001212065668
71592	0.0001181709141
71593	0.0005755903841
71594	0.006190150053
71595	0.004528949663
71596	1.881930035e-05
71597	0.006363176736
71598	0.009777575354
71599	0.00382209711
71600	0.001837892301
71601	0.004499962834
71602	0.001885338182
71603	0.001960062687
71604	0.001699854757
71605	0.0006540076769
71606	0.001958185681
71607	0.001392049865
71608	0.004042612066
71609	0.002191558444
71610	0.001093791984
71611	0.0004012190453
71612	0.004793607456
71613	0.003019308578
71614	9.312299338e-05
71615	0.0003179274549
71616	0.0003326243676
71617	0.002051217421
71618	0.0004912880014
71619	0.001346615528
71620	0.0009599312657
71621	0.001368962424
71622	0.005811958572
71623	0.001435213473
71624	0.002532727544
71625	0.008168357968
71626	0.0004716954087
71627	0.0001766275404
71628	0.0004855360916
71629	0.001639064428
71630	0.000212458805
71631	0.001534437193
71632	8.177425895e-05
71633	0.002049372241
71634	0.0001847426104
71635	0.00121982378
71636	0.006342653247
71637	0.005437138787
71638	0.0008219166387
71639	0.001451032449
71640	0.0005487053977
71641	0.008196908414
71642	0.001796657887
71643	0.001785818722
71644	0.0001733749662
71645	2.293249206e-05
71646	0.0004393352924
71647	0.0002778932138
71648	0.001127805418
71649	2.164718087e-05
71650	0.000641084025
71651	4.257401699e-05
71652	0.0002103156742
71653	0.0001474666389
71654	0.0005493347283
71655	0.0004050322595
71656	0.001696363671
71657	0.0001612490459
71658	0.001650696133
71659	0.0001496002168
71660	0.0001544220384
71661	0.00024252909
71662	0.0002348374993
71663	0.0006836818308
71664	8.819735901e-05
71665	3.57836848e-05
71666	0.0003547989302
71667	0.0009336229328
71668	0.0005380811792
71669	0.0004644251883
71670	0.0004647738344
71671	0.0006528340981
71672	0.000471549535
71673	0.001059741024
71674	0.0005840308419
71675	8.495814952e-06
71676	0.0002684858429
71677	0.0004031485919
71678	0.0003302134465
71679	7.120336823e-05
71680	0.0005946621897
71681	0.001149826418
71682	0.0002310117758
71683	0.0005183107527
71684	0.001774870486
71685	0.0001552254706
71686	0.0002694768303
71687	0.002166596061
71688	0.00098560919
71689	0.0006413621409
71690	0.0001964434874
71691	0.0002292382611
71692	0.004121356978
71693	0.0007513733657
71694	0.0006004681815
71695	0.0005422865596
71696	0.0004312969806
71697	0.000771342486
71698	0.0005903124572
71699	0.001090989349
71700	0.0006395500682
71701	0.0005309577179
71702	0.0002184557171
71703	0.0008699623716
71704	0.0009446387518
71705	0.0001383942121
71706	0.0001637981447
71707	0.002012152231
71708	0.001076891324
71709	0.0002972702512
71710	2.542943863e-06
71711	0.002179967572
71712	0.0001797119201
71713	0.002619757731
71714	0.0008441318642
71715	4.31650663e-06
71716	0.0006745968471
71717	0.000317678184
71718	0.0001480793299
71719	0.0002637818201
71720	0.003054825463
71721	0.0006154037293
71722	0.000336067989
71723	0.0007790748351
71724	0.0008152186202
71725	0.0002382288364
71726	0.0007906589758
71727	0.0001956883072
71728	0.0002679007419
71729	0.0005618742327
71730	0.0004668765968
71731	0.0003084175542
71732	0.0002608143734
71733	0.0009731197415
71734	0.0008508150343
71735	0.0006375970341
71736	0.00024959212
71737	0.0005964520404
71738	0.0005738212652
71739	0.0004420161142
71740	0.0002179935249
71741	0.0003624632139
71742	0.0003654141967
71743	0.0006734607431
71744	0.0003716760624
71745	0.0006682637058
71746	0.0002524765742
71747	0.0001686476212
71748	2.289004103e-05
71749	0.0001341935334
71750	8.61984215e-06
71751	0.0006118992776
71752	0.001163221031
71753	0.0008517625359
71754	0.0001596525269
71755	0.001144825319
71756	0.0008939832503
71757	0.0009775017139
71758	0.001447840117
71759	0.0005532412547
71760	0.000158606645
71761	0.000203886512
71762	0.0001110009613
71763	5.764014677e-05
71764	0.0005985267168
71765	0.0005525968883
71766	0.001808758427
71767	0.0001539864984
71768	5.385169521e-05
71769	0.0002246136517
71770	0.000221531399
71771	0.000498027489
71772	0.007002478969
71773	0.002794469235
71774	0.003453940701
71775	0.001174194126
71776	0.0008364009437
71777	0.001155638357
71778	0.005245357309
71779	0.004979043207
71780	0.003783782536
71781	0.0083287823
71782	0.008728084945
71783	0.001991602346
71784	0.000222852796
71785	0.003555912773
71786	0.003584226926
71787	0.001775374347
71788	0.002572428583
71789	0.002430972911
71790	0.005161677058
71791	0.0004512302136
71792	0.0028339786
71793	0.001755638917
71794	0.004946382766
71795	0.001507469718
71796	0.0008660466852
71797	0.005939758581
71798	0.001293934087
71799	0.007753522585
71800	0.005340015145
71801	0.003452817933
71802	0.003374872963
71803	0.003435856519
71804	0.0046268131
71805	0.003903374404
71806	0.005512389919
71807	0.0006266519642
71808	0.0008626078845
71809	0.001133952232
71810	0.004549923297
71811	0.003450037557
71812	0.007571744844
71813	0.007953151786
71814	0.000931387429
71815	0.000772238597
71816	0.001015092448
71817	0.00196614868
71818	0.007773360564
71819	0.009940535588
71820	0.00195355683
71821	0.0005744569181
71822	0.0003461582321
71823	0.005130145703
71824	0.002318566654
71825	0.0003445794666
71826	0.0009408464645
71827	0.0009071200325
71828	0.002947099443
71829	0.003679605885
71830	0.001157011418
71831	0.002148615206
71832	0.009889088114
71833	0.002212569912
71834	0.006028328465
71835	0.006455612331
71836	0.0002904446908
71837	0.001119040172
71838	0.0003141932104
71839	0.001560894628
71840	0.001534250058
71841	0.002704267916
71842	0.00481381266
71843	0.008053468174
71844	0.0004273793601
71845	0.003871990025
71846	0.008577594246
71847	0.004004209661
71848	0.006845248449
71849	0.001663083635
71850	0.0004004227241
71851	0.001533166118
71852	0.004506235252
71853	0.0001363699105
71854	7.297377557e-05
71855	0.00231589622
71856	0.002072377754
71857	0.003071222608
71858	0.003688049538
71859	0.001853793645
71860	0.003649742931
71861	0.0002688048757
71862	0.003046119471
71863	0.00210202347
71864	0.002526748463
71865	0.002805773202
71866	0.006628196074
71867	0.006376432191
71868	0.001079797285
71869	0.01062215184
71870	0.004482225126
71871	0.000157088327
71872	0.0002880653705
71873	0.0007219154105
71874	0.00169947204
71875	0.001218101245
71876	0.0001916533173
71877	0.002625647098
71878	0.002701246841
71879	0.001962346925
71880	0.004163123096
71881	0.002378054309
71882	0.002865560538
71883	0.004138516302
71884	0.003107879705
71885	0.0006833467504
71886	0.005697696693
71887	0.0005089336621
71888	0.0002704556934
71889	0.002621791942
71890	0.001348658222
71891	0.0006052703898
71892	0.0002743007558
71893	0.000235306631
71894	0.0008343462763
71895	6.374944566e-05
71896	0.0009239986795
71897	0.000168636348
71898	5.579768255e-07
71899	0.0003780202908
71900	0.001232841371
71901	0.001148199613
71902	0.002303005447
71903	0.0008593623231
71904	0.0006595420062
71905	0.001813818419
71906	0.0001672099052
71907	0.002839585207
71908	0.0003721139149
71909	0.0004459323866
71910	0.000410250895
71911	0.0009499464415
71912	0.001651150565
71913	0.0003148725321
71914	0.004073609414
71915	0.00197071671
71916	0.0006875869976
71917	0.0002833814318
71918	0.001552716486
71919	0.002866515741
71920	0.000335121912
71921	0.003138597001
71922	0.002674323908
71923	0.002428411429
71924	0.000754612084
71925	0.0004412112121
71926	0.004030812894
71927	0.002955432676
71928	0.00302351325
71929	0.0004612340646
71930	0.006956170808
71931	0.001921170246
71932	0.003237240729
71933	0.002424556254
71934	0.000930535371
71935	0.0005031751969
71936	0.002242176147
71937	0.00189416973
71938	0.007261830854
71939	0.001708790731
71940	0.006210374431
71941	0.00183653024
71942	0.002076083178
71943	0.001561969637
71944	0.0042318173
71945	0.00442943195
71946	0.0009626322819
71947	0.0006348344077
71948	0.0008417522857
71949	0.005355413624
71950	0.001077531005
71951	0.005602462054
71952	0.001498404472
71953	0.0005801491675
71954	0.0007133880276
71955	0.000859828084
71956	0.002676930308
71957	0.003424842293
71958	0.0001548425231
71959	0.0005203028059
71960	0.003663006772
71961	0.005725892152
71962	0.003147261372
71963	0.001800802828
71964	0.001754925105
71965	0.002539041595
71966	0.004846358908
71967	0.0013512759
71968	0.004683793006
71969	0.0003571384725
71970	0.00174273406
71971	0.001783770248
71972	0.004093123863
71973	0.001979426368
71974	1.024701351e-05
71975	0.001395230068
71976	0.0003323250551
71977	0.0001288900506
71978	0.0003296894096
71979	8.937211421e-05
71980	0.0006862023455
71981	0.0003800711267
71982	0.004632733641
71983	0.002476262955
71984	0.002297350845
71985	0.003448856258
71986	0.003172517753
71987	0.002358858492
71988	0.0002238739392
71989	0.001322701023
71990	0.0008766841764
71991	0.01035750571
71992	0.005515464903
71993	0.002469477579
71994	0.004877578584
71995	0.0008131105201
71996	0.001658354156
71997	0.003574212495
71998	0.002984491593
71999	0.009713170037
72000	0.001358472579
72001	0.001221699755
72002	0.002961749428
72003	0.002590662297
72004	0.00273854146
72005	0.0004242948221
72006	8.620210579e-05
72007	0.0003186398318
72008	0.001098906345
72009	0.0005089823075
72010	0.006968328781
72011	0.001159126619
72012	0.0003987566205
72013	0.007666644121
72014	0.003272522052
72015	0.0003687119303
72016	0.001978678192
72017	5.331857341e-05
72018	0.001283544156
72019	0.0006977148207
72020	0.0005782995233
72021	0.0001034398225
72022	0.001690544823
72023	0.001380452869
72024	0.004285791126
72025	0.0004207990814
72026	0.0008532929525
72027	0.002469254115
72028	0.003339868784
72029	0.0009863515421
72030	0.002780730942
72031	0.003550187975
72032	0.002902913831
72033	0.002426200624
72034	0.004731644933
72035	0.001091487504
72036	0.005237450492
72037	0.003387979414
72038	0.008508355142
72039	0.00392993832
72040	0.0001249228868
72041	0.002920520368
72042	0.005936984367
72043	0.003186213937
72044	0.004517472099
72045	0.006014778902
72046	0.001629423801
72047	0.006637220369
72048	0.005690844562
72049	0.0008986931077
72050	0.001903329759
72051	0.0001750545317
72052	0.006208013748
72053	3.970198666e-05
72054	0.002228177689
72055	0.000654196833
72056	0.0007208749004
72057	0.001657127983
72058	0.001339498921
72059	0.004215923629
72060	0.006235675006
72061	0.0001700546817
72062	0.002592857881
72063	0.003076263926
72064	0.001498740875
72065	0.001142911836
72066	0.003161413367
72067	0.001460155861
72068	0.002931144898
72069	0.007466676769
72070	0.0004242096235
72071	0.0004962227651
72072	0.004115086947
72073	0.003880292993
72074	0.00230991537
72075	0.002577176147
72076	0.00818421224
72077	0.001993310613
72078	0.001650606203
72079	0.001958492757
72080	0.004047597349
72081	0.000876686339
72082	0.004517788173
72083	0.0002686771173
72084	0.002247161034
72085	0.002854675257
72086	0.009245633623
72087	0.005662102937
72088	0.001882221696
72089	0.003322659679
72090	0.004042587328
72091	0.008374229356
72092	0.000721928044
72093	0.005823241925
72094	0.001895555689
72095	0.001233407427
72096	0.0009378447594
72097	0.0002610380179
72098	0.0002731788387
72099	0.004045043721
72100	0.0004299729583
72101	0.0008465142911
72102	0.0003770800158
72103	0.0001189485036
72104	0.001028945829
72105	0.002771666759
72106	0.00445620572
72107	0.001281680077
72108	0.0003058839255
72109	0.001276462734
72110	0.0004189758067
72111	0.003172752627
72112	0.008451252699
72113	0.00689084215
72114	0.00072833794
72115	0.0009285574353
72116	0.003576534493
72117	0.0008214210252
72118	0.000719893079
72119	0.002146647003
72120	0.004091503921
72121	0.000283718294
72122	0.002420292639
72123	0.0003116315795
72124	0.001418521552
72125	0.004121108931
72126	0.0007003217022
72127	0.005063824529
72128	0.003416795643
72129	0.000237250376
72130	0.002324543302
72131	0.009781659829
72132	0.003890783175
72133	0.006856668527
72134	0.00174363015
72135	0.004153251893
72136	0.002152510533
72137	0.001852612073
72138	0.0005624468548
72139	0.0002584910013
72140	0.001719828854
72141	0.0006661244842
72142	0.004874224124
72143	0.005133884857
72144	0.004711398446
72145	0.0007144180497
72146	0.001616430003
72147	0.0004466206478
72148	0.002486334289
72149	0.0007593646795
72150	0.0001076521238
72151	0.0001969053655
72152	0.003788202417
72153	0.0004817985343
72154	0.000120876367
72155	0.00596885414
72156	0.001010436915
72157	0.001129553333
72158	0.000803711138
72159	0.001393110208
72160	0.002063943629
72161	0.001123717991
72162	0.0003158786112
72163	0.0001739389976
72164	0.0004342751376
72165	0.007034966652
72166	0.001590912112
72167	0.00447014362
72168	0.002788151598
72169	0.002189739146
72170	0.001416422223
72171	0.001594728138
72172	0.002189849639
72173	0.002785896527
72174	0.004366588997
72175	6.827221461e-05
72176	0.001164493806
72177	0.00398083093
72178	0.005599436802
72179	1.403747515e-05
72180	0.00455511948
72181	0.001673631612
72182	0.0001243085255
72183	2.663592781e-06
72184	0.003275971601
72185	0.003247897648
72186	0.0009303957497
72187	0.005699481768
72188	0.002093215609
72189	0.001364853225
72190	0.001832620629
72191	0.001899898944
72192	0.009547027982
72193	0.0004027375889
72194	0.006875966618
72195	0.005119152829
72196	0.001645990796
72197	0.003926726822
72198	0.008157426184
72199	0.005984933266
72200	0.002267156648
72201	0.003949117561
72202	0.004882667623
72203	0.003435786619
72204	0.002641849818
72205	0.0001239931871
72206	0.004196915418
72207	0.0003718650428
72208	0.000682847593
72209	0.002220209468
72210	0.003566147218
72211	5.483525515e-05
72212	0.01186457203
72213	0.003840724892
72214	0.0004295211401
72215	0.00125496499
72216	0.0001393339373
72217	0.001643847686
72218	0.0007906121103
72219	0.003059488056
72220	0.004022909814
72221	0.0005681262007
72222	0.005146743892
72223	0.0002328170644
72224	0.006245943717
72225	0.0001603254846
72226	0.001634661324
72227	0.001490704656
72228	0.0006336452228
72229	0.006776957998
72230	0.006836280188
72231	0.007604430694
72232	7.086234981e-05
72233	0.001685394835
72234	0.00103544718
72235	0.004831949654
72236	0.0006103105161
72237	0.00205049705
72238	0.004454723218
72239	0.003247335963
72240	0.002927222728
72241	0.004942104242
72242	0.00126583058
72243	8.618772514e-05
72244	0.002883330604
72245	0.001807710944
72246	0.001958542625
72247	4.713177692e-05
72248	0.005366235373
72249	0.0011894168
72250	0.003744675905
72251	0.0009931693825
72252	0.001201686966
72253	9.926340469e-05
72254	0.001088201433
72255	0.001381707711
72256	0.001171276115
72257	0.0005782403212
72258	0.008075196192
72259	0.004999140311
72260	0.001157178004
72261	0.0004715510397
72262	0.001534516791
72263	0.002003823168
72264	0.000473123339
72265	0.004915621288
72266	0.002795602317
72267	0.004631860579
72268	0.001672253776
72269	0.001395915453
72270	0.00605586169
72271	0.00147881338
72272	0.000664800021
72273	0.001590286323
72274	0.00245651073
72275	0.0003367376931
72276	0.001913988478
72277	0.0001925806278
72278	0.004956554231
72279	0.0002460256979
72280	0.004620034893
72281	0.003575162579
72282	0.003164822217
72283	0.003367796137
72284	0.001164200724
72285	0.0001862350684
72286	0.004313539645
72287	0.002848909614
72288	0.0005737634086
72289	0.002442505229
72290	0.001606539004
72291	0.001644663377
72292	0.001483692801
72293	0.003626116664
72294	0.008507828967
72295	6.925376325e-05
72296	0.004192507448
72297	0.004264262994
72298	0.003227748667
72299	0.0003674432007
72300	0.00114177414
72301	0.000349160538
72302	0.0001701960126
72303	0.004606712321
72304	0.002182640458
72305	0.0006636651527
72306	0.0004981900617
72307	0.0002193681117
72308	0.003084690952
72309	0.0008385959291
72310	0.004263402512
72311	0.0006321715461
72312	0.003315131431
72313	0.006104478563
72314	1.166662207e-05
72315	0.002783985433
72316	0.003708511654
72317	0.005437785721
72318	0.0004497027601
72319	0.004023912008
72320	0.01282433236
72321	0.002586279622
72322	0.002501140922
72323	0.003090302426
72324	0.002854888798
72325	0.004480190661
72326	0.002656750671
72327	0.004005168806
72328	0.00311317837
72329	0.003424591939
72330	0.002021933022
72331	0.005879878246
72332	0.0006449677085
72333	0.001891872915
72334	0.003898367432
72335	0.001285981368
72336	0.003905290204
72337	0.009646361185
72338	0.007608372369
72339	0.006268279175
72340	0.001190134478
72341	0.0001056865932
72342	0.0004552595032
72343	0.007714037054
72344	0.007904128545
72345	0.001522602417
72346	0.00373968178
72347	0.0007162329925
72348	0.0007930846762
72349	0.006658924741
72350	0.005459739153
72351	0.003352465851
72352	0.007015476862
72353	0.00134296139
72354	0.003274287777
72355	0.001543547124
72356	0.004554720967
72357	0.001146357981
72358	0.001465274323
72359	0.001536760594
72360	0.004984956623
72361	0.001334904282
72362	0.001141445873
72363	0.0008261944408
72364	0.00637497499
72365	0.001425851169
72366	0.001531242577
72367	0.003728036957
72368	0.006219011953
72369	0.003774505443
72370	0.0003120729678
72371	0.00144882279
72372	0.001847663155
72373	0.006452083086
72374	0.000223499874
72375	0.003110448429
72376	0.001212485221
72377	0.003798099399
72378	0.001599194954
72379	0.00108002702
72380	0.002159504611
72381	8.239439457e-05
72382	0.004209808235
72383	0.001058939977
72384	0.003326292529
72385	0.004436009111
72386	0.00258093273
72387	0.0003093837344
72388	0.0005794102896
72389	0.0009929576073
72390	0.001942294444
72391	0.001447988215
72392	0.001932091477
72393	0.0009821717402
72394	0.000357957861
72395	0.002976074289
72396	0.001241254202
72397	0.002666566222
72398	0.005174148272
72399	0.002392222215
72400	0.0004542869108
72401	0.0007543105129
72402	0.003953101888
72403	0.003024669559
72404	0.006152290707
72405	0.003292403083
72406	0.0004258955709
72407	0.001820131842
72408	0.003258755909
72409	0.004847124352
72410	0.006797072891
72411	0.006145037386
72412	0.001333040287
72413	0.0004901327964
72414	0.0007113803648
72415	0.00393316934
72416	0.002002773375
72417	0.0002885199716
72418	0.003212259349
72419	0.00111645093
72420	0.001256388856
72421	0.005492825724
72422	0.005727924199
72423	0.004209489562
72424	0.0004761650833
72425	0.001389122196
72426	0.001319906138
72427	0.00350098978
72428	0.004940428554
72429	0.004828096566
72430	0.002047838122
72431	0.003537229666
72432	0.003885474731
72433	3.314180567e-05
72434	0.0003954866121
72435	0.004381679832
72436	0.0009251496986
72437	0.00585844239
72438	0.006832307233
72439	0.0008000413028
72440	0.002116407227
72441	0.0001001259383
72442	0.001671129805
72443	0.00348998478
72444	0.0005258435433
72445	0.0006013438064
72446	0.0007467054475
72447	0.003362644937
72448	0.00343962963
72449	0.0006301133958
72450	0.001655085982
72451	0.001136181494
72452	0.001438618032
72453	0.002932309037
72454	0.0002625510669
72455	0.001026453923
72456	0.003519693883
72457	0.00458182419
72458	0.007552361402
72459	0.007876633095
72460	0.002249624108
72461	0.003254345813
72462	0.0005997052196
72463	0.004809041767
72464	0.001943491252
72465	0.002927258029
72466	0.001889620714
72467	0.006460650443
72468	0.003671619812
72469	0.004180205327
72470	0.002030431034
72471	0.005636627526
72472	0.002708433908
72473	0.001978928061
72474	0.004952069514
72475	0.00143532305
72476	0.001485601088
72477	0.002358053885
72478	0.002713945279
72479	0.0001945331172
72480	0.0006616953723
72481	0.009156016926
72482	0.0008445422423
72483	0.0005017280845
72484	0.002990289934
72485	0.002168722351
72486	0.0006468183777
72487	0.005515602264
72488	0.0005260221165
72489	0.004506995343
72490	0.009389358894
72491	0.0004564659469
72492	0.00134353302
72493	0.004129576415
72494	0.004573184471
72495	0.0008441655824
72496	0.004448381096
72497	0.001702326281
72498	0.001398675448
72499	0.0003284379841
72500	0.001367137333
72501	0.007170413607
72502	0.006400438237
72503	0.0008978734385
72504	0.00119228828
72505	4.205511257e-05
72506	0.005573861999
72507	0.002059754727
72508	0.001567881378
72509	0.002186569242
72510	0.002615691555
72511	0.002334089444
72512	0.004427318179
72513	0.0006262377464
72514	0.000119126256
72515	0.002441738121
72516	0.002526768132
72517	0.001261676283
72518	0.004414843745
72519	0.001983296322
72520	0.004326128118
72521	0.002956815027
72522	0.002903813988
72523	0.003906011498
72524	0.001667590509
72525	8.349438319e-05
72526	0.0005241758651
72527	0.004169127259
72528	0.003614966968
72529	0.0007646089743
72530	0.0008422894949
72531	0.0008432949751
72532	0.004480038304
72533	0.00167997585
72534	0.001414041967
72535	0.003523540524
72536	0.004002826598
72537	9.133722381e-05
72538	0.004563166364
72539	0.003854108353
72540	0.005469317448
72541	0.001811949051
72542	0.001778972513
72543	0.002157350357
72544	0.00528264751
72545	0.008658123503
72546	4.29475068e-05
72547	0.001215871547
72548	0.001328508762
72549	0.001656798389
72550	0.00137574487
72551	0.0009905066522
72552	0.0002520056002
72553	0.00139566977
72554	0.00870211267
72555	0.00514150929
72556	0.001251876698
72557	0.004175975962
72558	0.002105433147
72559	0.006594852579
72560	0.0009701104078
72561	0.0001145046198
72562	0.0003514933336
72563	0.00453052082
72564	0.004819583591
72565	0.005414166791
72566	0.0003035543575
72567	0.006215575368
72568	0.001810695225
72569	0.004412226163
72570	0.004386608642
72571	0.007026835554
72572	0.003013019578
72573	0.00250205697
72574	0.0003109480612
72575	0.0001337657233
72576	0.00282659676
72577	0.0001868202125
72578	0.0002152643291
72579	0.002208379698
72580	0.001774270681
72581	0.0009554205134
72582	0.001007784056
72583	0.0005198695889
72584	0.004501835425
72585	0.001274003787
72586	0.004756032303
72587	0.001169263338
72588	0.001806586454
72589	0.005282026014
72590	0.0004933985244
72591	0.0004378217185
72592	0.0002449310499
72593	0.009787334685
72594	0.0003948994378
72595	0.0004541141866
72596	0.001107529169
72597	0.0001063636588
72598	0.0001686471801
72599	0.004154651387
72600	0.0001646625805
72601	0.0008861579723
72602	0.006020284076
72603	0.0008281291771
72604	0.003394242737
72605	0.003662423236
72606	0.007335090429
72607	0.0009769518609
72608	0.000900435416
72609	0.001738497094
72610	5.576270693e-05
72611	0.006283706846
72612	5.247677136e-05
72613	0.003101172951
72614	0.003963396231
72615	0.0002633734069
72616	0.0009850690614
72617	0.0008898379809
72618	0.0001250072926
72619	0.003796943752
72620	0.002868442249
72621	0.0007417560316
72622	0.005990926369
72623	0.008107786751
72624	0.003582689888
72625	0.002699587548
72626	0.0005340476175
72627	0.003573240338
72628	0.0009106498562
72629	0.003302752627
72630	0.0009995454798
72631	0.003455930159
72632	0.001002238052
72633	0.005737817874
72634	0.002439251944
72635	0.006420444724
72636	0.003469873776
72637	0.002928815071
72638	0.001640964298
72639	0.001937654272
72640	0.00047810566
72641	0.002311270447
72642	0.005089780309
72643	0.001062063275
72644	0.005620790721
72645	0.002189224241
72646	0.00318108113
72647	0.00482932076
72648	0.009488732248
72649	0.001350886582
72650	0.001369841972
72651	0.002583388377
72652	0.001406010175
72653	0.004945064186
72654	0.0060665411
72655	0.003394198829
72656	0.0006207278067
72657	0.001544219272
72658	0.001786378421
72659	4.778221694e-05
72660	0.01091412437
72661	0.0007950708884
72662	0.005980382639
72663	0.01011509392
72664	0.0006613561917
72665	0.00354953883
72666	0.003951978228
72667	0.001331697359
72668	0.002223626677
72669	0.0003694412271
72670	0.0007593860787
72671	0.002749488695
72672	0.01041995233
72673	0.006586087629
72674	0.002796418294
72675	0.008735131337
72676	0.003424155938
72677	0.0008242926361
72678	0.003777573141
72679	0.002908921941
72680	0.002074780026
72681	0.001323796881
72682	0.0001549503327
72683	0.005610592937
72684	0.0001976909112
72685	0.005972470786
72686	0.003290282139
72687	0.001104733134
72688	0.001552496864
72689	0.006610667222
72690	0.002020471682
72691	0.001344173396
72692	0.002861838156
72693	0.00191054649
72694	0.005564307946
72695	0.006209598189
72696	0.004467664697
72697	0.001939207024
72698	0.0009812679434
72699	0.0002340764604
72700	0.005383438643
72701	0.001748211488
72702	0.003507841541
72703	0.00389106375
72704	0.005809134344
72705	0.004511060733
72706	0.0005213766901
72707	0.001798147923
72708	0.004242544857
72709	0.0001879350821
72710	0.001657318456
72711	0.00312382444
72712	0.001988471553
72713	0.003704852146
72714	0.0007332673528
72715	0.002024244948
72716	0.0003437547931
72717	0.006185564713
72718	0.003104280475
72719	0.001805571153
72720	0.0001648359106
72721	0.005668783108
72722	0.003504536111
72723	0.004130570514
72724	0.002533753992
72725	0.006261278098
72726	0.0009374091594
72727	0.002209445412
72728	0.007433250788
72729	0.00125243056
72730	0.001654093995
72731	0.0008342752159
72732	0.002586153954
72733	0.0008562442367
72734	0.000788508312
72735	0.002127989154
72736	0.0001791675323
72737	0.0005774851818
72738	0.002788792265
72739	0.0009670092178
72740	0.002692685876
72741	0.0008310548281
72742	0.007491971673
72743	0.000295651122
72744	0.001591640777
72745	0.003757807596
72746	0.0002042990893
72747	0.002009839888
72748	0.004802600788
72749	0.001831263537
72750	0.003664097653
72751	0.0001356531523
72752	0.0001134419285
72753	0.0008546484213
72754	0.00160785976
72755	0.001309113945
72756	0.01083259676
72757	0.0004790462657
72758	9.840843313e-05
72759	0.005343205199
72760	0.0032132117
72761	0.001967857127
72762	0.002110022349
72763	0.004101548266
72764	0.005966374237
72765	0.001191863984
72766	0.004531586526
72767	0.003359458086
72768	0.006588096056
72769	0.0003287554021
72770	0.00785140437
72771	0.001919703515
72772	0.0005150538542
72773	0.001397223391
72774	0.003341579904
72775	0.003908575418
72776	0.002643756922
72777	0.001396532295
72778	0.0006391048029
72779	0.0001236052341
72780	0.002826488423
72781	0.001855573183
72782	0.0002875521915
72783	0.0008926454025
72784	0.0001303564567
72785	0.002044113082
72786	0.003757271082
72787	0.0003270357336
72788	0.0006857669449
72789	0.003050246036
72790	0.001741436654
72791	0.0008112542922
72792	0.003428082532
72793	0.001632997904
72794	0.0010708847
72795	0.001660246416
72796	0.002827774656
72797	0.004514560688
72798	0.002683492237
72799	0.002528760449
72800	0.001631207962
72801	0.00578105544
72802	0.001061137881
72803	0.009981801088
72804	0.001607357133
72805	0.001790352102
72806	0.001112886105
72807	0.002484211517
72808	0.001275085083
72809	0.002771516243
72810	0.0003322465943
72811	0.001635785111
72812	0.0001635934311
72813	0.005360410309
72814	0.001393933977
72815	0.002864601351
72816	0.005100528045
72817	0.006327648605
72818	0.0003479960519
72819	0.002408828631
72820	0.0009952835705
72821	0.004684138617
72822	0.005565542352
72823	0.008407327181
72824	0.007504284742
72825	0.00504756117
72826	0.0009987071836
72827	0.000296692871
72828	0.0004277366618
72829	5.110660489e-05
72830	0.0002911817775
72831	0.0008169655483
72832	0.001166886397
72833	5.955978693e-05
72834	0.001068615015
72835	0.004569937818
72836	0.002186446238
72837	6.55952735e-05
72838	0.003043444981
72839	0.001814750655
72840	0.001583910869
72841	0.004021381002
72842	0.002651721498
72843	0.005758401059
72844	0.004412760629
72845	0.00183165365
72846	0.001811278289
72847	0.006307040775
72848	0.0001771757131
72849	0.005557079522
72850	0.002350357855
72851	0.0064891211
72852	0.0008549109715
72853	0.005196645244
72854	0.001650663007
72855	0.001953211719
72856	0.001389246549
72857	0.0004805168262
72858	0.0007045703202
72859	0.0003194829647
72860	0.0004463185251
72861	4.522198178e-05
72862	0.0007530997092
72863	0.0009720283993
72864	0.0001483167731
72865	0.004175724185
72866	0.0007330274268
72867	0.00129682203
72868	0.0006115449466
72869	0.0001656472868
72870	0.001544215881
72871	0.002450343535
72872	9.335271013e-05
72873	0.00171143423
72874	0.0004510822706
72875	0.001162190238
72876	0.0027258055
72877	0.0009628213614
72878	0.0006451023162
72879	0.0006699593328
72880	0.0002962186966
72881	0.0002633574705
72882	0.0003818222298
72883	0.002188177191
72884	0.004966967195
72885	0.001741442677
72886	0.0007614472965
72887	0.0002608986511
72888	0.001021015677
72889	0.001027529415
72890	0.004486517364
72891	0.0007109830142
72892	8.679047641e-05
72893	0.002470568149
72894	0.002816366014
72895	0.002890406322
72896	0.003008500838
72897	0.003936673342
72898	0.003721757601
72899	0.002952314939
72900	0.003822025771
72901	0.003590873272
72902	0.003859553961
72903	0.00394664346
72904	0.00416266243
72905	0.002960844863
72906	0.003657182184
72907	0.004602886372
72908	0.003156089651
72909	0.003484809883
72910	0.003563474646
72911	0.004248532524
72912	0.004727651604
72913	0.004218269195
72914	0.004444056244
72915	0.003501192297
72916	0.003916273872
72917	0.003360192998
72918	0.003878270267
72919	0.003650438488
72920	0.004001361985
72921	0.0006051719602
72922	0.0007386183132
72923	0.001187531904
72924	0.0008338206528
72925	0.007892122535
72926	0.0002557750333
72927	2.586254007e-05
72928	8.230208539e-05
72929	3.09023073e-06
72930	0.0005462257193
72931	0.0008647973183
72932	0.0007444216905
72933	0.002730996012
72934	0.0001316931755
72935	0.004128766977
72936	0.0001959121004
72937	0.0001231478208
72938	0.0001145273778
72939	0.003626888472
72940	0.001467528842
72941	0.002036984041
72942	0.0004939682327
72943	0.001188033292
72944	0.003412931213
72945	0.006854040569
72946	0.0002404323257
72947	0.0003148614454
72948	0.0001222723123
72949	0.0008250240244
72950	0.0002669821917
72951	0.0002560666399
72952	1.03599352e-05
72953	0.001254611299
72954	0.0003038115146
72955	0.000516622515
72956	0.004905207018
72957	6.84701349e-06
72958	0.0009372367772
72959	0.001663636989
72960	0.000214614654
72961	0.001228406156
72962	0.001506889861
72963	0.0008413073764
72964	0.0001199120817
72965	0.000324619382
72966	0.0002036278505
72967	0.0001622353306
72968	0.0007425955669
72969	0.0003029749524
72970	0.001028628963
72971	0.001753377569
72972	0.0003176067064
72973	0.0001038592086
72974	0.000451570423
72975	0.00229730893
72976	0.0004649885311
72977	0.0006669307291
72978	2.073001474e-05
72979	0.0002147916177
72980	0.00315630261
72981	0.001817472147
72982	0.000723084802
72983	0.0003570858906
72984	0.004342028915
72985	0.0003805614787
72986	0.004596348774
72987	0.0005999849898
72988	0.00114084614
72989	0.00237828297
72990	0.00201987972
72991	0.0001588072089
72992	0.006982664969
72993	0.004569600575
72994	0.001679917154
72995	0.001517881832
72996	0.0009569759743
72997	0.0001643945717
72998	0.004603755813
72999	0.002431496566
73000	0.0001321308552
73001	0.0004980096657
73002	0.0002295923548
73003	0.0004225594662
73004	0.0006760291963
73005	0.0006908797671
73006	0.0004565707507
73007	0.0001050041775
73008	0.0001333055347
73009	8.022805543e-05
73010	0.0004411367248
73011	0.001103441745
73012	0.001989370439
73013	0.0003209643249
73014	0.0002495190998
73015	0.0003413913173
73016	0.002593932879
73017	0.0003106387979
73018	0.000686618502
73019	0.0003641476833
73020	0.0008431671429
73021	0.001248985707
73022	0.00175351546
73023	0.002213580839
73024	0.0006851952347
73025	0.0003637718233
73026	0.0009738958122
73027	0.0003310770367
73028	8.869773016e-05
73029	0.0005194651826
73030	2.733246038e-05
73031	0.0005426192356
73032	0.0004919329933
73033	0.0005493300469
73034	0.004303997656
73035	0.00162078584
73036	0.002773322906
73037	0.001087670042
73038	0.0007308536376
73039	5.206967523e-05
73040	0.002445448943
73041	0.002397884362
73042	0.004660747931
73043	0.004893120979
73044	0.001948106325
73045	0.0007362908105
73046	0.006022695044
73047	0.003484054193
73048	0.001147727375
73049	0.000617072696
73050	0.002679927411
73051	0.003962663562
73052	0.0003777498942
73053	0.001864738342
73054	0.00299102472
73055	0.0009797165541
73056	0.003927310709
73057	0.003450649049
73058	0.002343420405
73059	4.501472436e-05
73060	0.002000143798
73061	0.00321484577
73062	0.002982752412
73063	0.0002334675735
73064	0.0001869902873
73065	4.598526561e-05
73066	0.001315231342
73067	0.0005448875349
73068	0.000643672801
73069	0.001606781676
73070	0.003038595569
73071	3.619020504e-05
73072	0.0005550917909
73073	0.007935853116
73074	0.006108774919
73075	0.0008903091214
73076	0.0001032464659
73077	0.004874501835
73078	0.00260171526
73079	0.0005193850113
73080	0.001114589751
73081	0.001515414828
73082	0.006664918745
73083	0.000833202442
73084	0.0008174046672
73085	0.00603487534
73086	0.002847418314
73087	0.0006560531623
73088	0.0007120593468
73089	0.003414801477
73090	0.0005349099806
73091	0.003245629094
73092	0.0004976542755
73093	0.001694931737
73094	0.002218561134
73095	0.001801467461
73096	0.002838685953
73097	0.003663474212
73098	0.004580383966
73099	0.0006760274213
73100	0.0003426687262
73101	0.002004286898
73102	0.001501062875
73103	0.0009051216323
73104	0.007197058753
73105	0.0005854936481
73106	0.002063388544
73107	0.002842381248
73108	0.0007683718966
73109	0.001671626364
73110	0.004108335767
73111	0.004526708625
73112	6.347927556e-05
73113	0.003758224519
73114	0.003894426202
73115	0.001277261136
73116	0.005997476259
73117	0.001876872862
73118	0.00125531785
73119	0.0006632529014
73120	0.001254844212
73121	0.0006347516168
73122	0.004056220616
73123	0.001074588906
73124	0.00190724712
73125	0.006684987297
73126	0.004503702312
73127	0.00745179174
73128	0.001391678773
73129	0.002893473461
73130	0.003992203986
73131	0.004746865235
73132	0.001120130249
73133	0.004066033553
73134	0.002970800465
73135	0.002452817199
73136	0.001672265144
73137	0.001608631127
73138	0.007347081127
73139	0.003153220427
73140	0.0006495720572
73141	0.0006899677623
73142	0.001289278201
73143	0.001114990821
73144	0.0001649844265
73145	0.001160921066
73146	0.0003497019509
73147	0.000897723462
73148	0.0007225395839
73149	0.0007773728596
73150	0.003208070989
73151	0.009434562551
73152	0.006076857222
73153	0.004227800897
73154	0.00518663177
73155	0.006853662525
73156	0.0001341166855
73157	0.001452476433
73158	0.0005188476356
73159	0.002782898383
73160	0.002733787773
73161	0.001560140755
73162	0.0002851445922
73163	0.005871410861
73164	0.003531342086
73165	0.001818541872
73166	0.00028903151
73167	0.007074106715
73168	0.002747090186
73169	0.0008689652969
73170	0.003084364444
73171	0.006097306941
73172	0.0002873517962
73173	0.003781746684
73174	0.002185456274
73175	7.448237476e-05
73176	0.003204033933
73177	0.0007817202311
73178	0.004152076597
73179	0.0005069878309
73180	0.001624133049
73181	0.003388020646
73182	0.005632321377
73183	0.00119183184
73184	0.001366982097
73185	0.0006911742782
73186	0.0005116788661
73187	0.0001984511608
73188	0.00108862402
73189	7.825194266e-06
73190	0.0002388737165
73191	0.004651766778
73192	0.0003705872334
73193	0.004140580974
73194	0.0001281784239
73195	0.002453620438
73196	0.0007716453487
73197	0.0003034564658
73198	0.0005348867593
73199	8.774057471e-05
73200	0.0008065778687
73201	0.0009755851783
73202	0.0001416459607
73203	0.0003664381507
73204	0.001040060272
73205	0.001153823855
73206	0.0008982789402
73207	0.0001743111108
73208	0.0001620500171
73209	0.001959613362
73210	0.0006777894808
73211	0.0003548838003
73212	0.0005232393254
73213	0.0002541344702
73214	0.0006305283338
73215	0.0008260820772
73216	0.004692043046
73217	0.005291147853
73218	0.003979005534
73219	0.002763262167
73220	0.00533231977
73221	0.00134635802
73222	0.00119775818
73223	4.497063781e-05
73224	0.0004754475028
73225	0.000729815436
73226	0.000725098741
73227	0.000960935111
73228	0.005128076822
73229	0.0001039036409
73230	0.005195387106
73231	0.002218092992
73232	0.003248849422
73233	0.0002905492016
73234	0.003326551019
73235	0.00298902505
73236	0.00466060056
73237	0.008998205483
73238	0.0007830131216
73239	0.0001565188147
73240	0.0006640604831
73241	0.002278470065
73242	0.002121782268
73243	0.002295841648
73244	0.002989453377
73245	0.0001062392163
73246	0.0006434526795
73247	0.001066483256
73248	0.0001286008244
73249	0.001143852828
73250	0.001702397608
73251	0.002707559742
73252	0.001811389228
73253	0.004889009339
73254	0.005108959423
73255	7.428850637e-05
73256	0.001193996124
73257	0.0004025600248
73258	0.004504203106
73259	0.006765160276
73260	0.005120778357
73261	0.004536482757
73262	0.008883354364
73263	0.005310235032
73264	0.0002669446429
73265	0.00269990659
73266	0.003371692356
73267	0.003029456235
73268	0.00268716855
73269	0.001001818296
73270	0.001572313248
73271	0.0004316820608
73272	0.006043599683
73273	0.007796770987
73274	0.003781003589
73275	0.005618947991
73276	0.004406106575
73277	0.00220348938
73278	0.005356715239
73279	0.001500617608
73280	0.0005781271238
73281	0.0007171721055
73282	0.006199754765
73283	0.002766113737
73284	0.002363705975
73285	0.001001183647
73286	0.002433007714
73287	0.004387177343
73288	0.0007352413108
73289	0.007652000152
73290	0.001092979161
73291	0.001479788954
73292	0.001790269689
73293	0.0003705938859
73294	0.001137556824
73295	0.0007861895621
73296	0.001972010855
73297	0.00100492049
73298	0.002151883177
73299	0.0002740802148
73300	0.0007040886227
73301	0.001608246579
73302	0.0004409789755
73303	0.005137655003
73304	0.0001676230814
73305	0.00187252882
73306	0.00309359715
73307	0.002113170335
73308	0.0007714020402
73309	0.004427347579
73310	0.005044472998
73311	0.0005691629817
73312	0.001620699643
73313	0.002572392825
73314	0.007320869871
73315	0.00267486905
73316	0.004518715983
73317	0.0006596457768
73318	0.001592827972
73319	0.001246819861
73320	0.0005826848676
73321	0.00133739025
73322	0.001068741201
73323	0.001182581588
73324	0.0008485757783
73325	0.001315712686
73326	3.3806425e-05
73327	0.001648367412
73328	0.0005869398404
73329	0.001008506298
73330	0.0007981622714
73331	0.002060871615
73332	0.002538726507
73333	0.002592624954
73334	0.0001813315093
73335	0.001328805529
73336	0.002089854792
73337	0.0005944731867
73338	0.00121798602
73339	0.0005463134752
73340	0.0004174074557
73341	0.001733809272
73342	0.00181341371
73343	0.0001113573023
73344	7.167135346e-05
73345	0.0009067540689
73346	0.003994445451
73347	0.0004143542137
73348	0.001050301874
73349	0.00162041989
73350	0.0006502819525
73351	0.001829018721
73352	8.051043855e-05
73353	0.0004346093145
73354	0.002446901082
73355	0.002432443784
73356	0.002168693278
73357	0.00289653648
73358	0.002172856366
73359	0.0003352725079
73360	0.002879646383
73361	0.001170880713
73362	0.002048005383
73363	0.002659207473
73364	0.001915227802
73365	0.002282083176
73366	0.003751863312
73367	0.003948539056
73368	0.001299501781
73369	0.004462794765
73370	0.0004739116473
73371	0.001344716876
73372	0.001564542412
73373	0.002204675322
73374	0.0001152433381
73375	0.003431666479
73376	0.002108744248
73377	0.0002189393075
73378	0.001229187158
73379	0.001390132822
73380	0.002542047751
73381	0.001082115111
73382	0.001452420884
73383	0.0008528735739
73384	6.115659969e-05
73385	7.248971662e-05
73386	0.00158831377
73387	0.0003420310524
73388	0.0006038559383
73389	0.000531219709
73390	0.001668787419
73391	0.001225836313
73392	0.0002343427336
73393	0.002287484106
73394	0.0006815502805
73395	0.0009106584847
73396	0.000230136362
73397	0.000611670858
73398	0.0003620491826
73399	0.001102296271
73400	0.001071909604
73401	0.001353056144
73402	0.001073763719
73403	0.004512499943
73404	0.001228092994
73405	0.0003321133183
73406	0.002348804872
73407	0.0003510654177
73408	0.000242180544
73409	0.0007694286854
73410	0.0004147919583
73411	0.0002404864151
73412	0.001596509456
73413	0.0002340222283
73414	0.003585918685
73415	0.006563969468
73416	2.724357528e-05
73417	0.002675143551
73418	0.0001667932321
73419	0.0002182163655
73420	0.0007934192302
73421	0.0001822355027
73422	0.002718963461
73423	0.0006673261042
73424	0.0003200895015
73425	2.550004841e-06
73426	0.00407186661
73427	0.001262404086
73428	0.0008594117198
73429	0.0001235475585
73430	0.0001111422865
73431	0.0001625495142
73432	9.584403211e-05
73433	0.003100612629
73434	0.001864448561
73435	0.001279469681
73436	0.001821196034
73437	0.003346512216
73438	0.002950131366
73439	0.0008711527222
73440	0.0002115350325
73441	0.0007203494581
73442	0.001214774929
73443	0.00192558925
73444	0.001210854286
73445	0.0004555223396
73446	0.004923982806
73447	0.0001289356021
73448	0.001549603845
73449	0.001974146162
73450	0.002668273188
73451	0.0008762393565
73452	0.002182789716
73453	0.0007083851186
73454	0.004321440396
73455	0.003022437946
73456	0.000172906523
73457	0.001939679434
73458	0.000339282005
73459	0.001160944222
73460	0.004703792865
73461	0.004808864308
73462	0.001335317132
73463	5.445621241e-05
73464	0.002012211291
73465	0.0006087356233
73466	0.001301708312
73467	0.000483226908
73468	0.0005671765338
73469	0.001802778623
73470	0.0001167551614
73471	0.0001908397856
73472	0.001920267936
73473	0.0002809681545
73474	5.487034578e-05
73475	0.001032881614
73476	0.0004639563295
73477	0.003007794002
73478	0.002859208893
73479	0.002118867432
73480	0.002587250019
73481	0.0005426002201
73482	0.003038157041
73483	0.001526027723
73484	0.004010389231
73485	0.00156599559
73486	0.001218378143
73487	0.001218806696
73488	0.002045262344
73489	0.001265383932
73490	0.002570624597
73491	0.003519029923
73492	0.003987933181
73493	0.001739281106
73494	0.001198162352
73495	0.0004737065103
73496	0.002164603833
73497	0.001061072494
73498	0.006144101838
73499	0.001542124876
73500	0.0005974289555
73501	0.0002604140816
73502	0.005133983996
73503	0.001147575999
73504	0.002352658103
73505	0.002518846044
73506	0.002335128088
73507	0.0005449778117
73508	0.0005112829182
73509	0.002310176046
73510	0.000201935969
73511	0.003782142951
73512	0.002265903906
73513	0.002491577281
73514	0.001349542708
73515	0.0006904088329
73516	0.000421409028
73517	0.003983014995
73518	0.0006071335539
73519	0.0004058872431
73520	0.003407600689
73521	0.002792770851
73522	0.003587594242
73523	0.003374266814
73524	0.0002640493572
73525	0.0007825401988
73526	0.005313583304
73527	0.0004556600019
73528	0.001915445584
73529	0.001348566559
73530	0.0002899332344
73531	0.007533813879
73532	0.001064324089
73533	0.001407235538
73534	0.001059840573
73535	0.0005436065442
73536	0.0001052547956
73537	0.0051058904
73538	0.001487336253
73539	0.003524049206
73540	0.0002037874138
73541	0.0008213823132
73542	0.0001897747481
73543	7.084722744e-06
73544	0.0001356925053
73545	0.001884337975
73546	0.000845475716
73547	0.0005369030933
73548	0.001696905716
73549	0.003669018104
73550	0.00092258301
73551	0.003170790709
73552	0.0003240372485
73553	0.002408267769
73554	0.004646044736
73555	0.001552223513
73556	0.003476871467
73557	0.001176066716
73558	0.0001535711257
73559	0.005024674669
73560	0.002838030676
73561	0.001738957662
73562	0.002474917246
73563	0.0001263629211
73564	0.003295246656
73565	7.916656628e-05
73566	0.007207544872
73567	0.0008044081061
73568	0.001295676533
73569	3.883057163e-06
73570	0.002269203011
73571	0.00319803181
73572	0.002668231527
73573	0.003198780848
73574	0.006330378768
73575	0.002255468392
73576	0.0007072246689
73577	0.0002916495834
73578	0.006061182809
73579	0.002217984975
73580	0.001611021568
73581	0.005596057679
73582	0.00294768671
73583	0.003152517516
73584	0.001013343605
73585	0.004119309446
73586	0.000279196861
73587	0.0007531161589
73588	3.404800346e-05
73589	0.004797401441
73590	0.00192170561
73591	0.002788103234
73592	9.480900007e-05
73593	0.0056063204
73594	0.0004392840214
73595	0.002363445617
73596	0.001743726205
73597	0.002159157064
73598	0.0002813678094
73599	0.006047414573
73600	0.005802980077
73601	0.0003014460889
73602	0.003800649305
73603	0.001090247909
73604	0.002472130947
73605	0.003413114397
73606	0.001309928606
73607	0.002600022826
73608	5.273449923e-06
73609	0.007643658551
73610	0.00315247437
73611	0.004019133434
73612	0.0044834777
73613	0.002256725404
73614	0.001230389758
73615	0.003580018355
73616	0.003405944156
73617	0.0002685947579
73618	0.001791360984
73619	0.000944919594
73620	0.002667738127
73621	0.000598926481
73622	0.001156399063
73623	0.002633669513
73624	0.001338567697
73625	0.0009011518571
73626	6.731223568e-05
73627	9.789341732e-05
73628	0.0004628667846
73629	0
73630	0.001423634981
73631	0.0008242934239
73632	0.0007803035835
73633	0.001310744415
73634	0.0008016336768
73635	0.003954477108
73636	0.0004664230084
73637	0.002612837463
73638	0.002033040966
73639	0.002990392019
73640	0.001453651289
73641	0.0006680686316
73642	0.002018920351
73643	0.0008617028541
73644	0.0006968422749
73645	0.0002105649018
73646	0.004674845476
73647	0.0005415582043
73648	0.002705651202
73649	0.0014062122
73650	0.0007631258212
73651	0.0029140789
73652	0.006669659352
73653	0.0007205571463
73654	0.0004107789534
73655	0.001370971449
73656	0.001539937527
73657	0.00234042006
73658	0.001158715442
73659	0.0001779630229
73660	0.002275790149
73661	0.002914099267
73662	0.001622839887
73663	0.001271300477
73664	0.002323581994
73665	0.001298853597
73666	0.002033826123
73667	0.001440524767
73668	0.0005687361979
73669	0.0001771272025
73670	0.002740892442
73671	0.0007074076107
73672	0.0007399546921
73673	0.001320919389
73674	0.001424774561
73675	0.003081181729
73676	0.002060580733
73677	0.002835066335
73678	0.000686847688
73679	0.0006941990721
73680	0.0002613464053
73681	0.001695309893
73682	0.0005932456802
73683	0.001685663377
73684	0.004173648246
73685	0.000380743194
73686	0.0002341478032
73687	0.0123415394
73688	0.001424651021
73689	0.001729634475
73690	0.003465790445
73691	0.00277918174
73692	0.001210380846
73693	0.002081766157
73694	0.001341152698
73695	0.002118344672
73696	0.0008263728708
73697	1.52616878e-05
73698	0.0002656798765
73699	0.0002420255863
73700	0.00198171039
73701	0.00106082576
73702	0.001073191797
73703	0.0009545666983
73704	0.000985873962
73705	0.0006131869139
73706	0.001880582545
73707	0.0001516578991
73708	0.000949309123
73709	0.001331545581
73710	0.003176757504
73711	0.002046752555
73712	0.001995872459
73713	0.002488189035
73714	0.002405387845
73715	0.0009950036709
73716	0.001585590676
73717	0.001632368105
73718	0.0007757455068
73719	0.0008845235131
73720	0.0006098882414
73721	0.004639119147
73722	0.0003951799971
73723	0.002041563896
73724	0.001036974007
73725	0.004792244855
73726	0.003083880615
73727	0.0009308802316
73728	0.0008211649272
73729	0.001697830244
73730	8.404659031e-06
73731	0.0004772889681
73732	0.0006996431789
73733	0.00213466656
73734	0.00188064873
73735	0.001725488403
73736	0.001938069945
73737	0.002109737146
73738	0.005136040763
73739	0.002690740773
73740	0.001033175884
73741	0.0005717556786
73742	0.003220393596
73743	0.004455302096
73744	0.0007780162692
73745	0.003247577533
73746	0.008502187777
73747	0.01038197933
73748	0.0008080922821
73749	0.002417500325
73750	1.397853094e-05
73751	0.0008852171161
73752	7.048950636e-05
73753	0.0006370969089
73754	0.002806614412
73755	0.003886739681
73756	0.0008348213985
73757	0.000467787811
73758	0.005561518714
73759	0.0002151569483
73760	0.001425865995
73761	0.0003640518646
73762	0.0002926542373
73763	0.001364402577
73764	0.006431412028
73765	0.000322939816
73766	0.003330256613
73767	0.001180266789
73768	0.002722369202
73769	0.0003113478045
73770	0.003893448121
73771	0.0002728649948
73772	0.002295210307
73773	0.0002821056442
73774	0.0002011280822
73775	0.002120101932
73776	0.00726259446
73777	0.0003909890926
73778	0.004359606695
73779	0.006544203399
73780	0.0003052716631
73781	0.004111082614
73782	0.00207318256
73783	0.003918905748
73784	0.006776023198
73785	0.002148271343
73786	0.002198374548
73787	0.001224886109
73788	0.001541087097
73789	0.004843803872
73790	0.0009371163576
73791	0.0002752454067
73792	0.003808105736
73793	0.008910842103
73794	0.001511877875
73795	0.0008510429738
73796	0.003713223321
73797	0.002172187375
73798	0.003132782883
73799	0.003016424814
73800	0.002609243525
73801	0.002802577334
73802	0.001959582769
73803	0.00329234127
73804	8.17872377e-05
73805	0.00185118537
73806	0.002634922078
73807	0.005049704366
73808	0.0002180836061
73809	0.00419988963
73810	0.003760485972
73811	0.0004832647637
73812	0.001782396006
73813	0.001077620158
73814	0.0010799793
73815	0.002770311531
73816	0.001042334065
73817	0.001343682312
73818	0.005291301637
73819	0.006339924749
73820	7.02783365e-05
73821	0.001565899621
73822	0.0003300128222
73823	0.001348509608
73824	0.004170684882
73825	0.001813952884
73826	0.00090747373
73827	0.0009995364361
73828	0.004363937898
73829	0.002296651202
73830	0.004016593273
73831	0.001119253248
73832	0.001418336551
73833	0.001170836624
73834	0.001067880096
73835	0.00303413404
73836	0.001787688667
73837	0.0004359050724
73838	0.001079378567
73839	0.003876818702
73840	0.00137408175
73841	0.002107754006
73842	0.0028685957
73843	0.0002900748683
73844	0.0009105626032
73845	0.0004102385718
73846	0.0008192817985
73847	0.0006016145514
73848	0.00430160364
73849	0.001240403739
73850	0.0008258362046
73851	0.0002829659684
73852	0.006540953008
73853	0.006006874597
73854	0.004004184637
73855	0.007651319769
73856	0.006988874076
73857	0.005261906155
73858	0.0004736297596
73859	0.0004611880119
73860	0.005736352295
73861	0.00144168183
73862	0.0007977908469
73863	0.003278047586
73864	0.002103572428
73865	0.001774327247
73866	0.0008984572846
73867	0.002158548373
73868	0.002271532797
73869	0.001632541193
73870	0.0008733107272
73871	0.00185034684
73872	0.001857992987
73873	0.002187773222
73874	0.0014767278
73875	0.0006135049506
73876	0.001147064129
73877	0.00184245313
73878	0.0008182109076
73879	0.004197564294
73880	0.002033641851
73881	0.0006907852826
73882	0.00207174209
73883	0.001182365262
73884	0.004670020345
73885	0.005034604
73886	0.0009538877108
73887	0.001565243004
73888	0.0008566488142
73889	0.001346719305
73890	0.0004004515111
73891	0.001579666008
73892	0.003134404785
73893	0.0008912500705
73894	0.0008252941338
73895	0.001280329607
73896	0.0006999951177
73897	0.001466481775
73898	0.00133823759
73899	0.003591455851
73900	0.002466603362
73901	0.002100726628
73902	4.087117991e-05
73903	0.0007662045247
73904	0.001402426659
73905	0.001935520747
73906	0.0002912660928
73907	0.001171245299
73908	0.0009957314245
73909	0.001854727899
73910	0.002143678635
73911	0.0004729512396
73912	0.003190983114
73913	0.001557128233
73914	0.002071583705
73915	0.002528034641
73916	0.0007124077681
73917	0.00303646335
73918	0.001584022352
73919	0.001738190649
73920	0.0004268215453
73921	0.001149989091
73922	0.00283434569
73923	3.359724393e-05
73924	0.002419223948
73925	0.002950151675
73926	0.001716772936
73927	0.002357545083
73928	2.418925088e-05
73929	0.001433727576
73930	0.005057243588
73931	0.000968042555
73932	0.002893149534
73933	0.0009088922261
73934	0.002042791778
73935	0.0001454015263
73936	0.005456684325
73937	0.00331356252
73938	0.0007123486357
73939	2.134237907e-05
73940	0.001581241115
73941	0.0004712388641
73942	0.001570177013
73943	0.001142348264
73944	8.215110789e-05
73945	0.004713274646
73946	0.00501285808
73947	0.0003025024159
73948	0
73949	0.0008833303214
73950	0.003301585793
73951	0.005733165219
73952	0.0005757238815
73953	0.0008874623271
73954	0.0005691367249
73955	0.004078892081
73956	0.001224661578
73957	0.001854133761
73958	0.003843352385
73959	0.006812726314
73960	0.001754330655
73961	0.001172509093
73962	0.0007374726416
73963	0.001618200179
73964	0.0007320076014
73965	0.003254556736
73966	0.001024843863
73967	0.003769289199
73968	0.003753145036
73969	0.006370719304
73970	0.001392124303
73971	0.0008871046527
73972	0.005476143737
73973	0.003376897388
73974	0.007002543784
73975	0.002808172155
73976	0.0008725250686
73977	0.002656833931
73978	0.004744376953
73979	0.0007808640665
73980	0.004511314761
73981	0.01085571558
73982	0.0009035004071
73983	0.004154014072
73984	8.210585693e-05
73985	0.001771962188
73986	0.003732805678
73987	8.427764916e-05
73988	0.002437524733
73989	0.0005220959401
73990	0.001130176311
73991	0.005383400672
73992	0.003181199168
73993	0.006453880956
73994	0.007313741584
73995	0.00217689028
73996	0.01130784751
73997	0.005022693944
73998	0.006426834134
73999	0.004221181942
74000	0.002434888129
74001	0.003816811785
74002	0.002332060866
74003	0.0005386705989
74004	0.003613566191
74005	0.001937370531
74006	0.0001401603032
74007	0.00612506196
74008	0.002233596724
74009	0.003559227646
74010	0.00362341773
74011	0.0004649995034
74012	0.002535544146
74013	0.00668870283
74014	0.002572276975
74015	0.002421802326
74016	0.00145573517
74017	0.001765650429
74018	0.0005747949313
74019	0.0002909880521
74020	0.0008749311471
74021	0.003129873816
74022	0.005660440751
74023	0.008446808885
74024	0.0004524804503
74025	0.001374028074
74026	0.001381204304
74027	0.00179865909
74028	0.00272090152
74029	4.642600519e-06
74030	0.005661855457
74031	0.001405101993
74032	0.006102929085
74033	0.002166336373
74034	0.0004461225615
74035	0.000696275314
74036	0.003124818355
74037	0.001627879516
74038	0.002100342389
74039	0.0002576714431
74040	0.001865721981
74041	0.001677953935
74042	0.001671750685
74043	0.001519105999
74044	5.921730197e-05
74045	0.005104673352
74046	0.002270727696
74047	0.001651406832
74048	0.004342994502
74049	0.002152500749
74050	0.003309141282
74051	0.0001382985371
74052	0.003368887504
74053	0.001201731457
74054	0.00242294419
74055	0.0007393349434
74056	0.003639844637
74057	0.004869200935
74058	0.0009656639095
74059	0.001014849461
74060	0.001885816411
74061	0.004157019514
74062	0.003584966348
74063	0.0009100454958
74064	0.002077925225
74065	0.0009607560968
74066	0.002915676755
74067	0.0008563285829
74068	0.004856808686
74069	0.0001679760335
74070	0.002363288566
74071	0.0001439274693
74072	0.0004274784054
74073	0.002044769459
74074	0.0001138922234
74075	0.0004239282183
74076	0.001000336321
74077	0.003487007697
74078	0.000546516107
74079	0.001183118702
74080	0.001821251528
74081	0.0009834138598
74082	7.779870095e-05
74083	0.0002585197879
74084	0.00221048739
74085	0.0001983732504
74086	0.001096291601
74087	6.544933602e-05
74088	0.001599812962
74089	0.002381598829
74090	0.0002560149003
74091	0.0006632923207
74092	0.0005168490785
74093	4.298127744e-05
74094	0.001022741466
74095	0.005415290149
74096	0.004400845767
74097	0.0003298224806
74098	0.00032723151
74099	0.00104327356
74100	0.0007111171486
74101	0.006071523439
74102	0.005804106597
74103	0.0003180585839
74104	0.002601301524
74105	2.847744839e-05
74106	0.002512234642
74107	0.002444959096
74108	0.0002905736862
74109	0.0008784034411
74110	0.001611710168
74111	1.738512292e-05
74112	0.004428204229
74113	0.0007585363623
74114	0.006117369205
74115	0.001157684447
74116	0.001828106266
74117	0.0001960582528
74118	0.0004019678292
74119	0.002469504277
74120	0.002909275907
74121	0.005972499153
74122	0.0001212151368
74123	0.001235511801
74124	0.002389381368
74125	0.005770355165
74126	0.002186397716
74127	0.001310245091
74128	0.00600784273
74129	0.0007598814676
74130	0.001799153665
74131	0.003397629375
74132	0.003088973656
74133	0.003889972515
74134	0.005011745293
74135	0.0001507686509
74136	0.001451065557
74137	0.005703076278
74138	0.004750663356
74139	0.004034729802
74140	0.003196714961
74141	0.002748917377
74142	0.002977802107
74143	0.002547434195
74144	0.001845002451
74145	0.002696674241
74146	0.009551788871
74147	0.009301428451
74148	0.002449473993
74149	0.0004824036053
74150	0.001394000891
74151	0.0002526750537
74152	0.0009188164092
74153	0.01068795308
74154	0.002617169461
74155	0.004961351206
74156	0.0007243960204
74157	0.0008924199184
74158	0.005061047877
74159	0.002054702416
74160	0.003318288481
74161	0.0007510149944
74162	0.000756773189
74163	0.001407912037
74164	0.000571178275
74165	0.004754362734
74166	0.00438689477
74167	0.001739877544
74168	0.0009586879831
74169	0.0005605094296
74170	0.000758920756
74171	0.006220408399
74172	5.73259197e-05
74173	0.000686114744
74174	0.001407158677
74175	0.0007978914676
74176	0.005175038499
74177	0.001907474734
74178	0.003068879268
74179	0.001063192937
74180	0.0002493932993
74181	0.001828052971
74182	0.002893615065
74183	0.002974609826
74184	0.001424199009
74185	0.004172897994
74186	0.002277093506
74187	0.0005802498475
74188	0.0007701680408
74189	0.0005958846844
74190	0.004796391814
74191	0.003391050607
74192	0.001504052216
74193	0.0002593793024
74194	0.005213363686
74195	0.0012005531
74196	0.004569271493
74197	0.0008807489846
74198	8.499107213e-05
74199	0.0009715767174
74200	0.002213186402
74201	0.003964027958
74202	0.002629259412
74203	0.0008304996277
74204	0.002828990772
74205	0.002522105416
74206	0.002447306446
74207	8.197792337e-06
74208	0.003075531057
74209	0.004239675234
74210	0.004294782093
74211	0.004497018916
74212	0.0006161300813
74213	0.0008690574822
74214	3.066959519e-05
74215	0.004341044241
74216	0.01083075902
74217	0.004271151554
74218	9.84817456e-05
74219	0.00436159012
74220	0.0004913053288
74221	0.004757003989
74222	0.002214451734
74223	0.003521759246
74224	0.0009474314129
74225	0.004701239184
74226	0.001287887462
74227	0.001011583078
74228	0.003207408804
74229	0.000860247027
74230	0.004770718622
74231	0.003041019884
74232	0.009132161478
74233	0.002547621575
74234	0.002274728108
74235	0.000226867357
74236	0.006720932787
74237	0.01017330861
74238	0.008312946273
74239	0.002671312924
74240	0.003426257998
74241	0.001194691891
74242	0.009471124016
74243	0.005024394697
74244	0.004187066392
74245	0.00519712769
74246	0.007825265991
74247	0.007824134573
74248	9.161602883e-05
74249	0.0002351161088
74250	0.001736572672
74251	0.007746761869
74252	0.006682684511
74253	0.0006307728029
74254	0.0108370372
74255	0.01154157779
74256	0.003552568281
74257	0.003387823424
74258	0.007732992394
74259	0.009256796621
74260	0.004601600168
74261	0.006296735215
74262	0.001122595176
74263	0.005009008198
74264	0.001735999338
74265	0.005044546204
74266	0.0001869589379
74267	0.0007860013785
74268	0.0009691598183
74269	0.003512999254
74270	0.0004353401022
74271	0.00140570115
74272	0.004460918162
74273	0.0002031914137
74274	0.002097501917
74275	0.002019101221
74276	0.0004724719855
74277	0.003647472814
74278	4.556481427e-05
74279	0.0005092890938
74280	0.002991752926
74281	0.002137884158
74282	0.001505337012
74283	0.001639042538
74284	0.0007237447451
74285	0.004705721684
74286	0.0001715824159
74287	0.002810068918
74288	0.003737098713
74289	0.003091142119
74290	0.006739923379
74291	0.004398729042
74292	5.159027276e-05
74293	0.002279713566
74294	0.005933199393
74295	0.001770212232
74296	0.001684667777
74297	0.0009009991925
74298	0.0008943448087
74299	0.004477251053
74300	0.0006994973868
74301	0.001812228891
74302	0.0006272783254
74303	0.001112209258
74304	0.0008810660455
74305	0.004205662286
74306	0.001274132442
74307	0.00425712558
74308	0.00546706029
74309	0.001352645781
74310	0.002612374283
74311	0.001018083943
74312	0.0008095149503
74313	0.005805880466
74314	0.0009767095744
74315	0.006142756347
74316	0.0007777591541
74317	0.002267100096
74318	0.001149269415
74319	0.002839535285
74320	0.006619573431
74321	0.002515899352
74322	0.002131318055
74323	0.001027620491
74324	0.001953492411
74325	0.008645293486
74326	0.002709519546
74327	0.004076147318
74328	0.003084109546
74329	0.001407143803
74330	0.003809622684
74331	0.001376378192
74332	0.001345307819
74333	0.0001707067288
74334	0.001956559109
74335	0.00190391121
74336	0.003093775923
74337	0.002215829614
74338	0.004283208029
74339	0.003307525131
74340	0.001939031749
74341	0.003554179975
74342	0.001175025465
74343	0.001696766583
74344	0.0003829382873
74345	0.00171291042
74346	0.005229912233
74347	0.005566741848
74348	0.004196144461
74349	0.0005684029324
74350	0.0003031353992
74351	0.002234125218
74352	0.0003154225134
74353	0.0005567550121
74354	0.003254032587
74355	0.008160419475
74356	0.0002774900292
74357	0.0002920224424
74358	0.001370626349
74359	0.001047551824
74360	0.003331708524
74361	0.002968764363
74362	0.003776912417
74363	0.001122404673
74364	0.0001745483894
74365	0.00126781824
74366	0.002416814619
74367	0.004083567895
74368	0.001362663954
74369	0.003407563395
74370	0.003684697707
74371	0.001001796208
74372	0.005862585204
74373	0.004979708149
74374	0.003359729193
74375	0.0005177097715
74376	0.001493838751
74377	0.004661199855
74378	0.0004262418501
74379	0.0008726690279
74380	0.002200786712
74381	0.00463912209
74382	0.001978866281
74383	0.0008378377913
74384	0.003111689536
74385	0.003441331727
74386	0.001538324324
74387	0.004923140053
74388	0.0009295370091
74389	0.001017496576
74390	0.002576520586
74391	0.0002666979842
74392	0.003833078762
74393	0.0005077453305
74394	0.001472934781
74395	9.519012805e-05
74396	0.008701075057
74397	0.000957451452
74398	0.003123400881
74399	0.0008787076436
74400	0.0003083864449
74401	0.001936717728
74402	0.0006543968409
74403	0.000315260323
74404	0.002624354086
74405	0.0006703742835
74406	0.002228990998
74407	0.007827187419
74408	0.005533967063
74409	0.004239781651
74410	0.003160682585
74411	0.001765641015
74412	0.001475183492
74413	0.004012895523
74414	0.0007303735024
74415	0.004558091939
74416	0.003012474272
74417	0.001571586888
74418	0.0001016666248
74419	0.002234177593
74420	0.002831061339
74421	0.001774492358
74422	0.001881323344
74423	0.00333080655
74424	0.001935572829
74425	0.005866550897
74426	0.006105060636
74427	0.006520176924
74428	0.005096904423
74429	0.0001906512366
74430	0.002951021744
74431	0.002477012549
74432	0.002001866304
74433	0.002753901398
74434	0.0001292160317
74435	0.00330928394
74436	0.0009897276315
74437	0.0004901583574
74438	0.0007784364138
74439	0.004769827922
74440	0.002076226421
74441	0.001686598867
74442	0.001735854611
74443	0.0002820732354
74444	0.003744871738
74445	0.001645439635
74446	0.001102551776
74447	0.001496880161
74448	0.002068595507
74449	0.00149526132
74450	0.006144855896
74451	0.001657805883
74452	0.001654124887
74453	0.001145564273
74454	0.007182590931
74455	0.002851773859
74456	0.003836730386
74457	0.0007046560034
74458	0.003573729708
74459	0.001076928456
74460	8.822010884e-05
74461	0.008860534449
74462	0.0007973723059
74463	0.001916953424
74464	0.008762457095
74465	0.002121581305
74466	0.002244875838
74467	0.004330970535
74468	0.0004454904167
74469	0.0006604927521
74470	0.00476194018
74471	0.003268526205
74472	0.005698440666
74473	0.001460970572
74474	0.00203026865
74475	0.004594623053
74476	0.002030091015
74477	0.0001870745639
74478	0.0009689595422
74479	0.00582095649
74480	0.005209846221
74481	0.001173565077
74482	0.003560007936
74483	0.003968723643
74484	0.001195765113
74485	0.003424105561
74486	0.002097524211
74487	0.001603965518
74488	0.0004311486426
74489	0.008285893676
74490	0.0007772950643
74491	0.000758130304
74492	0.001587660681
74493	0.0008870418681
74494	0.0002934348916
74495	0.002192807813
74496	8.189336479e-05
74497	0.005417677022
74498	0.001574909299
74499	0.0026648949
74500	0.001002364198
74501	0.0006339537304
74502	0.0003219490838
74503	0.001076278023
74504	0.009463500602
74505	0.0004019598869
74506	0.0006754627466
74507	0.0007850240929
74508	0.001220203452
74509	0.004817361351
74510	0.001526530298
74511	7.446676897e-05
74512	0.002598181704
74513	0.0004141646764
74514	0.0009199832142
74515	0.004216252174
74516	0.001379055326
74517	0.006574658437
74518	0.004663572698
74519	0.0005527203893
74520	0.0009520599996
74521	0.001662840041
74522	0.0005219098095
74523	0.001449520853
74524	0.002280168863
74525	0.003523454954
74526	0.00135779362
74527	0.0005491044701
74528	0.0008749805222
74529	0.002239408679
74530	0.001899425111
74531	0.004600692228
74532	0.0004369901176
74533	0.00337384682
74534	0.002539755297
74535	0.001512684126
74536	0.001821941444
74537	0.001562243895
74538	0.002049605303
74539	0.006962355342
74540	0.004918060683
74541	0.0020510248
74542	0.003065180524
74543	0.00639949495
74544	0.007787040085
74545	0.002758286579
74546	0.0037368945
74547	0.003864927868
74548	0.0009950851656
74549	0.004617012478
74550	0.00137720908
74551	0.002284344369
74552	0.007040584306
74553	0.004426147414
74554	0.002761663769
74555	0.001696070711
74556	0.001319916667
74557	0.002528921469
74558	0.004168830623
74559	0.0006252808895
74560	0.004112569178
74561	0.001234593656
74562	0.001688938539
74563	0.00045932202
74564	0.003222822239
74565	0.001645740015
74566	0.001649005314
74567	0.001839717601
74568	0.008431068455
74569	0.0005024686617
74570	0.006726502591
74571	0.001701166767
74572	0.0009325782663
74573	0.001090208874
74574	0.003988208895
74575	0.003874605095
74576	0.001351610489
74577	0.003766173313
74578	0.005875159918
74579	0.003364762341
74580	0.002341462507
74581	0.0001097718968
74582	0.0003238779264
74583	0.002160101223
74584	0.004113141996
74585	0.005530177565
74586	0.0007681433532
74587	0.0003983488844
74588	0.002442375018
74589	0.001527450408
74590	0.002658130413
74591	0.001130860102
74592	0.001211069876
74593	8.338904722e-05
74594	0.006683810972
74595	0.006019960211
74596	0.001581537124
74597	0.000293931981
74598	0.001097796657
74599	0.005426193227
74600	0.003531982554
74601	0.005256780828
74602	0.002964100508
74603	7.491904534e-05
74604	0.001186435628
74605	0.0008051095704
74606	0.0001897472819
74607	2.923798176e-05
74608	5.354101712e-05
74609	0.0006576794755
74610	3.760189611e-05
74611	0.0002392011554
74612	0.0009758723554
74613	0.004101419338
74614	0.0009982593267
74615	0.0002878666614
74616	0.0005042750343
74617	0.0005598948187
74618	0.001507986169
74619	0.002549925186
74620	0.0002070301552
74621	0.0004936902361
74622	0.00031648295
74623	0.002291204695
74624	0.009474344737
74625	0.0005705802485
74626	0.0004660231021
74627	0.0008681538827
74628	0.003941377162
74629	0.0003847293771
74630	0.000287244937
74631	0.000120425996
74632	0.004944167908
74633	0.0007610061251
74634	0.0005261813078
74635	0.006231103382
74636	5.622447259e-05
74637	0.0003358130174
74638	0.002470629476
74639	0.0007614825591
74640	0.003280459488
74641	0.0006635747909
74642	0.0004791460343
74643	0.002461416635
74644	0.001012920542
74645	0.001339014883
74646	7.237477412e-05
74647	0.0005023583471
74648	0.001158902717
74649	0.000687746744
74650	0.008769102117
74651	0.0007128341801
74652	0.0005313813706
74653	0.000695241706
74654	0.00248753058
74655	0.005670877461
74656	0.002700434553
74657	0.00305451489
74658	0.0006861391219
74659	0.005109718711
74660	2.720167654e-05
74661	0.0003428670336
74662	0.000802245035
74663	0.003279750585
74664	0.0002791285161
74665	0.002263269777
74666	0.0001841196414
74667	0.001502876018
74668	0.0002550219534
74669	0.0009236925623
74670	0.0006935860461
74671	0.001101707432
74672	0.004548093256
74673	0.0004460418443
74674	0.003965017254
74675	0.0005326419797
74676	0.001234526955
74677	0.001360702096
74678	8.421063704e-06
74679	0.0001109860368
74680	0.001843115066
74681	0.004951445268
74682	0.0007784467474
74683	0.001165683487
74684	0.001191397575
74685	0.0007920034248
74686	0.002005301818
74687	0.002673611821
74688	0.002656001521
74689	0.0006262788235
74690	0.001007127542
74691	0.001867468766
74692	0.0002561531526
74693	0.00616117021
74694	0.001169591868
74695	0.003676687768
74696	0.0002067382346
74697	0.0005287333905
74698	0.0001902043256
74699	0.0001876396206
74700	5.86831158e-05
74701	0.00505624751
74702	1.346618701e-05
74703	0.001683418658
74704	1.441973429e-05
74705	0.0003043057956
74706	0.0002862142057
74707	0.0002138962464
74708	0.003069126871
74709	5.98383122e-05
74710	0.001366804627
74711	0.003564235187
74712	0.00146902241
74713	0.0005450449316
74714	0.001017589451
74715	0.0001268141731
74716	0.0006215290842
74717	0.0004593448795
74718	0.001023267871
74719	0.0002523425229
74720	0.0003229898867
74721	0.0007990731036
74722	0.004232950475
74723	0.0002672524242
74724	0.001244232034
74725	0.0007143326111
74726	0.0008363502175
74727	0.00436421053
74728	0.004616356299
74729	0.001386730959
74730	1.423387709e-06
74731	0.0004811148504
74732	0.0003618185462
74733	0.0004704159599
74734	0.003002343775
74735	0.0003678764633
74736	0.001532138557
74737	0.005849248407
74738	0.003203140915
74739	0.0007973629758
74740	0.001321659492
74741	0.001323970305
74742	0.0006654985469
74743	0.008730689075
74744	0.0003286925278
74745	0.0004658723044
74746	0.0004632755329
74747	0.001441656024
74748	0.002706450141
74749	0.0002090796272
74750	0.003914344698
74751	0.0007270814466
74752	0.0006662327317
74753	0.00138894376
74754	0.0008027011017
74755	0.0002490334685
74756	0.0006030460586
74757	5.105751695e-05
74758	0.003702599812
74759	0.0001037596788
74760	0.002099164062
74761	0.0037842689
74762	0.0001136771467
74763	2.082028222e-05
74764	0.0005747099936
74765	0.0002794875075
74766	0.001054819281
74767	0.005296443848
74768	0.0005677665758
74769	0.002740911414
74770	0.001064248175
74771	0.000648576909
74772	0.00281010485
74773	0.002046950121
74774	0.002265332097
74775	0.002012076793
74776	0.001753050957
74777	0.0008156644787
74778	0.0001461338012
74779	0.004314309441
74780	0.004342055326
74781	0.0004707448966
74782	0.009413354181
74783	0.001194911786
74784	0.003805135687
74785	0.0001674276501
74786	0.0009566965002
74787	0.0002608925262
74788	8.107732598e-05
74789	0.0003510065379
74790	0.002877759242
74791	0.0004241988454
74792	0.0004800353416
74793	0.00032129847
74794	0.003811447218
74795	0.002494499805
74796	0.0007703151368
74797	2.204065047e-05
74798	0.0001084204241
74799	0.00119765234
74800	0.0004227106641
74801	5.937029894e-05
74802	0.004875837009
74803	0.0003241882578
74804	0.001125716027
74805	0.001501784464
74806	0.0001986417179
74807	0.0008377065372
74808	0.0001665272484
74809	0.001334757211
74810	0.0005002967835
74811	0.001280822108
74812	0.0001524705482
74813	0.0009443207253
74814	0.0001266416931
74815	0.001191337126
74816	0.0006988648178
74817	5.654329124e-05
74818	0.001756204482
74819	0.001637500953
74820	0.00234810346
74821	0.0001114466664
74822	0.004765918825
74823	0.0008963959787
74824	2.585506482e-05
74825	0.002659299495
74826	0.0001808520502
74827	0.001145190607
74828	0.001815657168
74829	0.00501702996
74830	3.701593004e-05
74831	0.001094838863
74832	0.0009269075729
74833	0.0009816007213
74834	0.0008526273165
74835	0.0003263537566
74836	0.002071370413
74837	0.001622929577
74838	0.0003205251665
74839	0.0006840508181
74840	0.00351573479
74841	0.003834052315
74842	0.002126079427
74843	0.002468104407
74844	0.00451252343
74845	0.0001947176538
74846	0.0005210765819
74847	0.00188536429
74848	0.000662132579
74849	0.00223342644
74850	0.001633728846
74851	0.002351086087
74852	0.005046133292
74853	0.0009029684321
74854	0.001676778441
74855	0.0004696347186
74856	0.0005622883411
74857	0.000196452618
74858	0.002687958164
74859	3.295388365e-05
74860	9.444783797e-05
74861	5.06998373e-06
74862	0.001199548408
74863	0.0005248039242
74864	0.004093645504
74865	0.001180038134
74866	0.000906491587
74867	0.003491493264
74868	0.0007243919844
74869	3.884527431e-05
74870	0.0005378450739
74871	3.835233949e-05
74872	0.00156794295
74873	7.413129146e-06
74874	1.047444378e-06
74875	0.001007738081
74876	0.002059608567
74877	0.0003446446869
74878	0.0005631707191
74879	0.003206281155
74880	0.0004704178899
74881	0.0003019411501
74882	0.001271562588
74883	0.002250818641
74884	0.001636946331
74885	0.008015140352
74886	0.0003339021506
74887	0.006429785422
74888	0.00072934005
74889	0.0003071935934
74890	0.0004391681339
74891	0.002589030067
74892	0.0002157927872
74893	0.002130031019
74894	0.002079618385
74895	0.000202083228
74896	0.001187343868
74897	0.0005800939783
74898	0.0006504873853
74899	0.0006803539715
74900	0.0007448081054
74901	0.003360384179
74902	2.663554226e-05
74903	0.000508444042
74904	0.0005051473782
74905	0.0003810680556
74906	0.0001900044974
74907	0.001821587695
74908	0.0006714620504
74909	0.0006735044896
74910	0.0001185162653
74911	0.001523524066
74912	0.00196237956
74913	0.001306278648
74914	0.002685921227
74915	7.126563393e-05
74916	0.0007016533795
74917	7.180220623e-05
74918	0.002387157781
74919	0.0003928357431
74920	0.002519523146
74921	0.001355482922
74922	0.001943312382
74923	4.640983836e-05
74924	0.0001418724854
74925	0.0002145904465
74926	0.0002247820216
74927	0.00421924854
74928	0.001541047065
74929	0.001237155077
74930	0.0009374083765
74931	0.003150660452
74932	0.0002854067923
74933	0.0005158636317
74934	0.0002662308135
74935	0.001978818662
74936	0.000238127878
74937	0.001476343393
74938	0.0004237208393
74939	0.002618058756
74940	0.001800451671
74941	0.0009132244724
74942	0.001688977709
74943	0.0004149801427
74944	0.0002252992142
74945	4.5681749e-05
74946	0.0009276637892
74947	1.688218224e-05
74948	0.003318062316
74949	0.0002694612667
74950	0.0001756555167
74951	0.0002555422311
74952	0.0007506827863
74953	0.0008008444342
74954	0.001928285446
74955	0.002178130273
74956	0.005161104258
74957	0.001646874425
74958	0.002336184789
74959	0.005582760457
74960	1.145889944e-05
74961	0.0002989233053
74962	0.0005627612605
74963	0.0001743915633
74964	0.000174023323
74965	5.806937176e-05
74966	0.002385510012
74967	0.0004757549505
74968	0.002806598877
74969	0.002166910605
74970	0.0003976901462
74971	0.001331127505
74972	0.0004432584849
74973	0.001350220007
74974	0.004301618115
74975	0.0003680187322
74976	0.0003271837539
74977	0.0002896035684
74978	0.0005616532787
74979	0.0003681574841
74980	0.0007041373631
74981	0.000239800186
74982	7.914234846e-05
74983	0.0004723451685
74984	0.001144954053
74985	0.0001246426657
74986	4.776161821e-05
74987	0.0008808259401
74988	0.0006537406087
74989	4.047335924e-05
74990	0.0001219341951
74991	0.0005107050323
74992	0.003881423225
74993	0.001570297875
74994	0.001828865162
74995	0.0009680671636
74996	2.079949582e-05
74997	0.00071837551
74998	0.0002763822176
74999	0.0003388073692
75000	0.001460025677
75001	0.0007461812769
75002	0.00307081431
75003	0.000117295571
75004	0.0007140099611
75005	0.001690873056
75006	0.003565334757
75007	0.001681210671
75008	0.002761287235
75009	0.001010240901
75010	0.0001733983287
75011	0.003782543717
75012	0.0004980895
75013	0.004816832765
75014	0.0001409483117
75015	0.0001235015662
75016	8.721486954e-05
75017	0.004755560016
75018	0.006143336462
75019	0.0005463442846
75020	0.000549938208
75021	0.0006432879601
75022	7.48537801e-06
75023	0.0004020947331
75024	0.0003467939695
75025	0.002622222097
75026	0.00373586808
75027	0.002857262764
75028	0.001413931692
75029	0.001309325307
75030	0.00133483191
75031	0.0001359238869
75032	4.119920485e-05
75033	0.0001742295046
75034	2.628962728e-05
75035	0.002873675616
75036	9.13803631e-05
75037	0.0001242088903
75038	2.947715593e-05
75039	0.001170915596
75040	0.005515343211
75041	5.389449679e-05
75042	1.324802655e-05
75043	0.0001085142893
75044	0.0006025618804
75045	0.0002629693034
75046	0.001138320917
75047	0.0006365763738
75048	0.001941780612
75049	0.0001911247088
75050	9.638991358e-05
75051	0.0001587909966
75052	0.0003818674331
75053	0.009607844935
75054	0.0002889693613
75055	0.0003531222091
75056	0.0001088322181
75057	0.002364713693
75058	0.000524763751
75059	0.0003914528899
75060	0.001386398515
75061	8.154058104e-05
75062	0.001136929595
75063	0.002920789834
75064	0.0006653273548
75065	0.000407210095
75066	0.000872822892
75067	0.0004986024632
75068	0.0003021970389
75069	0.00401511512
75070	0.001178675884
75071	0.001758177349
75072	0.004443156504
75073	0.0005228192898
75074	0.004152579587
75075	0.001744674045
75076	0.0002476958292
75077	8.37465271e-05
75078	0.0002986007244
75079	0.0006394437712
75080	0.009810009183
75081	0.0001755828312
75082	0.003348798925
75083	0.001334643288
75084	0.002328838799
75085	0.0009898541044
75086	0.0006255977124
75087	0.0001065065436
75088	0.001266624784
75089	0.000766187401
75090	0.002664571948
75091	0.0009605021451
75092	0.0001024828633
75093	0.001679416685
75094	0.001031763996
75095	0.002344200029
75096	0.00215848071
75097	0.0002920506769
75098	0.0002818081766
75099	2.131333726e-05
75100	0.003437214221
75101	0.000150472543
75102	0.0008048138278
75103	0.001286869287
75104	0.000552375578
75105	0.003544151482
75106	0.001712073273
75107	0.001113218442
75108	0.001529634314
75109	0.002662286532
75110	0.0008968383708
75111	0.0009218706982
75112	0.0002124701566
75113	0.0008351571459
75114	0.0007632746667
75115	0.001108213291
75116	0.001335130491
75117	8.83813549e-05
75118	0.0005484060488
75119	0.00151399349
75120	3.809545258e-06
75121	6.191816992e-05
75122	8.258739635e-05
75123	0.00202962078
75124	0.0003505766176
75125	0.0018110653
75126	0.002422379183
75127	0.001055327466
75128	0.0007489706587
75129	8.705530876e-05
75130	0.0002701904228
75131	0.001592304271
75132	0.0005077173233
75133	0.004477056313
75134	0.0005792405592
75135	0.006189130078
75136	0.0001847578686
75137	0.001279312019
75138	0.0003189797328
75139	0.0002016865865
75140	0.0002477075194
75141	0.001534600316
75142	0.003275901211
75143	4.160667664e-05
75144	0.0001809959843
75145	0.001960461062
75146	0.001156544328
75147	0.000147315368
75148	4.437689704e-05
75149	0.0003175560497
75150	0.0008148906053
75151	0.005332270386
75152	0.0001546622488
75153	0.00029004072
75154	0.0001209206232
75155	0.0004539702289
75156	0.002747433709
75157	0.004355102955
75158	0.001952995271
75159	0.004535023824
75160	0.002588249422
75161	0.0006019186559
75162	0.001908244226
75163	0.0002938913872
75164	0.006738196594
75165	0.0007678944027
75166	0.001485255516
75167	0.0003598750934
75168	0.00269241009
75169	0.0005966743532
75170	0.0008625497534
75171	0.0007883231936
75172	0.000799110283
75173	0.004306343155
75174	0.0007515645427
75175	0.0009694861234
75176	0.007384217799
75177	0.0009297094383
75178	0.0005963530716
75179	0.003659387367
75180	2.226610602e-05
75181	0.001423998067
75182	6.205578232e-05
75183	0.0009540651606
75184	0.001585016017
75185	0.0030503921
75186	0.0002928378807
75187	0.0006382194982
75188	0.00113040086
75189	0.001275350737
75190	0.0003634116009
75191	0.001014195367
75192	0.002986183176
75193	7.469875168e-05
75194	0.0005883543313
75195	0.000469414883
75196	0.0004703664188
75197	0.005104295879
75198	0.001392434504
75199	0.001041741843
75200	0.001312475978
75201	0.001603733372
75202	0.0001929300522
75203	3.824329128e-05
75204	0.002613380053
75205	0.001463218648
75206	0.0001427970438
75207	0.000163989791
75208	0.004682755731
75209	0.005894117678
75210	0.0001449683728
75211	0.0007736687507
75212	0.001057122379
75213	0.003251677443
75214	0.001707353508
75215	0.0006495993775
75216	0.001392131582
75217	0.004218466629
75218	0.004346826022
75219	0.00396309534
75220	0.001023154197
75221	0.001479564805
75222	0.002981293669
75223	9.915265979e-05
75224	0.0007959441841
75225	0.002193550197
75226	0.001219930682
75227	0.001778623035
75228	0.00061492605
75229	0.0006417224981
75230	0.001164894559
75231	0.002540389349
75232	0.001854394185
75233	0.006021000935
75234	7.552390454e-05
75235	7.035528645e-06
75236	0.0005376861094
75237	0.003864140172
75238	0.0003625189659
75239	0.002500949812
75240	0.0009109270363
75241	0.004028807587
75242	5.558656726e-05
75243	0.00245247139
75244	0.0001691962192
75245	0.003977549166
75246	0.0002173207021
75247	0.0008768262158
75248	0.000633553077
75249	0.0002358097789
75250	0.0004626338339
75251	0.002368593193
75252	0.002802321135
75253	0.00113168479
75254	0.002696025915
75255	0.001390109316
75256	0.0007102354492
75257	0.0007171550191
75258	0.0006177116371
75259	0.0007089768205
75260	0.003460022525
75261	0.001350622254
75262	9.966706999e-05
75263	0.001073040578
75264	0.0003281541098
75265	0.0005501723393
75266	0.0001081012606
75267	0.0002085683642
75268	0.0003365312808
75269	0.0008446756486
75270	0.0002988046991
75271	0.004348406598
75272	0.003272125704
75273	0.001349086719
75274	0.001022526148
75275	0.001729383675
75276	0.0005223415449
75277	0.0002465986383
75278	0.001131581003
75279	0.001495345185
75280	0.002587082571
75281	0.0002391596666
75282	0.0003221900237
75283	0.00155027299
75284	0.001470646811
75285	0.0006356355043
75286	0.0002687862019
75287	0.003664761228
75288	0.001199811559
75289	0.002842689297
75290	0.0003333606881
75291	0.001711948455
75292	0.0002975542812
75293	0.003449434483
75294	0.001339607065
75295	0.004422465863
75296	0.002548269959
75297	0.004312890418
75298	0.001908380182
75299	0.0022432564
75300	0.003279223112
75301	0.003805735737
75302	0.006183281857
75303	0.002588967093
75304	0.0001945562924
75305	0.0007789668312
75306	0.001172078437
75307	4.547423969e-05
75308	0.001690589479
75309	0.00194610842
75310	0.0008368200232
75311	0.00123707418
75312	0.0004676552161
75313	3.011700717e-05
75314	0.004947533655
75315	0.003163993354
75316	0.001633733528
75317	0.0009557964453
75318	0.004220602237
75319	0.001510871172
75320	0.004984492425
75321	0.002451556966
75322	0.00592201258
75323	0.0001479570445
75324	0.001788600992
75325	0.002901959745
75326	0.004581572307
75327	0.003308242133
75328	0.00405082996
75329	0.003179479178
75330	0.003742109943
75331	0.002219272515
75332	0.001198088875
75333	7.683451012e-05
75334	0.003274845862
75335	0.006581985242
75336	0.001007924012
75337	0.003495260469
75338	0.0005546488131
75339	0.00523480603
75340	0.001016819711
75341	0.001036770897
75342	0.002188085178
75343	0.004327002922
75344	0.007383094489
75345	0.000488145797
75346	0.0009535371246
75347	0.0007973742155
75348	0.001751725174
75349	0.0001960286567
75350	0.003187697287
75351	0.0004224091569
75352	0.006303823824
75353	0.00642694557
75354	0.009608108742
75355	0.002147666825
75356	0.001742178999
75357	0.0005795772745
75358	0.002813474662
75359	0.0001870363371
75360	0.002812972663
75361	0.003971655792
75362	0.000980856394
75363	0.004365384968
75364	0.003074786133
75365	0.001094915956
75366	0.000203244448
75367	0.006658500025
75368	0.002123116273
75369	0.003556258475
75370	9.511337987e-05
75371	0.002106948101
75372	0.006864523632
75373	0.001335325248
75374	0.001963816704
75375	0.00223836623
75376	0.001501979628
75377	0.002362754967
75378	0.001311156576
75379	0.001634867041
75380	0.005473820465
75381	0.002029451293
75382	0.006680432822
75383	0.001696182471
75384	0.00820783861
75385	0.001390591245
75386	0.003001454279
75387	0.005071572079
75388	0.004089819902
75389	0.005223466189
75390	0.008501837134
75391	0.002486281218
75392	0.003738214849
75393	0.0006530876755
75394	0.006399501613
75395	0.004907126308
75396	0.001403013911
75397	0.006214752288
75398	0.006759950402
75399	0.0006223067153
75400	0.007171661261
75401	0.002374508286
75402	0.007189843069
75403	0.002268986756
75404	0.0008124705801
75405	0.0003595710378
75406	0.002384570862
75407	0.001943811472
75408	0.000219245988
75409	0.001390557821
75410	0.003409702862
75411	0.0001359853035
75412	2.118295071e-05
75413	0.002637201768
75414	0.003674750155
75415	0.001019149495
75416	0.002448096032
75417	0.006046475033
75418	0.001789797237
75419	0.002275280505
75420	0.005950003171
75421	0.001354164013
75422	0.009737098749
75423	0.00416272998
75424	0.003903518854
75425	0.004895670149
75426	0.002028147227
75427	0.00226010087
75428	0.002138756722
75429	0.003511405013
75430	0.002101883827
75431	0.002295629094
75432	0.006441939003
75433	0.002831278034
75434	0.0004363110537
75435	0.002888084238
75436	0.001145476089
75437	0.0009832127977
75438	0.005882266985
75439	0.001082232542
75440	0.005680493016
75441	0.001533503023
75442	0.0001203530772
75443	0.001627301854
75444	0.001037366709
75445	0.0001904075108
75446	0.002792513416
75447	0.001415000103
75448	0.003448902821
75449	0.002661996693
75450	0.0009008941376
75451	0.004424969469
75452	0.004693773995
75453	0.0019150254
75454	0.004221911354
75455	0.003456050545
75456	0.00612037278
75457	0.001316160483
75458	0.00415263903
75459	0.002983300005
75460	0.001091819785
75461	0.003623090866
75462	0.0005124221995
75463	0.00222603896
75464	0.0004253498835
75465	0.004218151333
75466	0.0002608344312
75467	0.002271141948
75468	0.001580896393
75469	0.001158864547
75470	0.002186638921
75471	0.005649988512
75472	0.0009644121908
75473	0.001491873841
75474	0.005809272617
75475	0.0003008809649
75476	0.002482489864
75477	0.001665711726
75478	0.0008609232441
75479	0.002319582332
75480	0.002322919475
75481	0.0007164951069
75482	0.0002204414734
75483	0.0005774052917
75484	0.0007245801292
75485	0.0008643745792
75486	0.0007426587194
75487	0.001055048295
75488	1.81967944e-05
75489	0.0004970477499
75490	0.0006116762014
75491	3.520330375e-05
75492	0.001038908553
75493	0.001009283156
75494	0.0001815224783
75495	0.002094607669
75496	0.003685933484
75497	0.002301212535
75498	0.007061817092
75499	6.415380712e-05
75500	0.002672292498
75501	0.001877932361
75502	0.0008350374808
75503	0.001221684025
75504	0.001585725815
75505	0.004227322085
75506	0.002627674488
75507	0.0003044430868
75508	0.01004827161
75509	0.002783470573
75510	0.004854916719
75511	0.005421567427
75512	0.006917859136
75513	0.00360339373
75514	0.004570677535
75515	0.0001837999209
75516	0.0007391125586
75517	0.0001928796554
75518	0.002914379886
75519	0.002156364123
75520	0.002196887836
75521	0.0001565959706
75522	0.006610656555
75523	0.002314927272
75524	0.007233676484
75525	0.002622011705
75526	0.001118265553
75527	0.002495914776
75528	0.002470277921
75529	0.001842260039
75530	0.006020281384
75531	0.00198008479
75532	0.004639505
75533	0.0003388277989
75534	0.001116146618
75535	0.002104380467
75536	0.0006788384563
75537	0.0004692939937
75538	0.0002180644335
75539	0.0009776324408
75540	0.0004482356944
75541	0.004626909444
75542	0.008143561665
75543	0.0003125569465
75544	0.002569035952
75545	0.004056084711
75546	0.01000938842
75547	0.00155804903
75548	0.003612717288
75549	0.0001154447381
75550	0.001498622207
75551	0.0004713421307
75552	0.006889997851
75553	0.004127560846
75554	0.003059111296
75555	0.002888413977
75556	4.100472806e-05
75557	0.00236957195
75558	0.003442506035
75559	0.002806007907
75560	0.004015594728
75561	0.002971503587
75562	0.003435938736
75563	0.0009420270205
75564	0.002433360282
75565	0.003694088452
75566	0.000122611882
75567	0.004227123578
75568	0.003438299336
75569	0.0002861060838
75570	0.001263958292
75571	0.0002916052095
75572	0.001434694945
75573	0.001592605612
75574	0.001790066805
75575	0.0005718055087
75576	0.0002459122072
75577	0.005173748805
75578	0.0001393489998
75579	0.0003700801594
75580	0.002877627981
75581	0.003667363395
75582	8.240338182e-05
75583	0.002296792133
75584	0.0008420315292
75585	0.001188590332
75586	0.0009538211385
75587	0.0004977839662
75588	0.002346093883
75589	0.004582055682
75590	0.0001787514676
75591	0.005372934818
75592	0.0006305559572
75593	0.00169240471
75594	0.0004872228424
75595	0.003047519829
75596	0.002576007489
75597	0.0005333771242
75598	2.870038753e-05
75599	4.812087419e-05
75600	0.0002502155848
75601	0.001072177254
75602	8.064690315e-05
75603	0.00237590335
75604	0.001689215595
75605	0.002704993583
75606	0.005084749634
75607	0.005763933875
75608	0.002583065506
75609	0.005923988656
75610	0.0026248364
75611	0.005493990548
75612	0.00185373722
75613	0.00124679079
75614	0.003922391077
75615	0.002241996092
75616	0.0003874223398
75617	0.001318502228
75618	0.004475046491
75619	0.0001792491392
75620	0.007930184868
75621	0.001772117061
75622	0.002786985591
75623	0.0001392622511
75624	0.003600423512
75625	0.002150745753
75626	0.00461255562
75627	0.000380860545
75628	0.002972950718
75629	0.005534400556
75630	0.006795746679
75631	0.001739141848
75632	0.003290457258
75633	0.0006599453899
75634	0.005008747524
75635	0.0006307411892
75636	0.000270932436
75637	5.387757449e-05
75638	0.004323582727
75639	0.00157102355
75640	0.0005024871941
75641	6.500369825e-05
75642	0.0001074499869
75643	0.002662978048
75644	0.001982337659
75645	0.0002601737791
75646	0.001128123162
75647	0.002758381032
75648	0.0005291560622
75649	0.002943165919
75650	0.002374308583
75651	0.002067647868
75652	0.001727272632
75653	0.004577580022
75654	0.0001837190158
75655	0.01084787977
75656	0.002125106427
75657	0.0003569236046
75658	0.001511578771
75659	8.61693415e-05
75660	0.001934239271
75661	0.0003453666895
75662	0.002316882977
75663	0.001896963701
75664	0.004097377269
75665	0.001772850125
75666	0.0008902815152
75667	0.0009953188158
75668	0.002526109516
75669	0.001513867683
75670	4.639963804e-06
75671	0.001286444942
75672	0.0001379651642
75673	0.0005155940332
75674	1.450985265e-05
75675	3.41821819e-05
75676	0.0007359631659
75677	0.0001421316601
75678	0.0003976023773
75679	0.0004119454217
75680	0.0001074409799
75681	0.005898414285
75682	0.002086472674
75683	9.509217858e-05
75684	0.003425321182
75685	0.002748589839
75686	0.001175381675
75687	0.0002953017071
75688	0.005608067412
75689	0.001760030667
75690	0.003097294508
75691	0.001015778845
75692	0.004950129296
75693	0.0002356740839
75694	0.004765719577
75695	0.001481149199
75696	0.0001019927566
75697	0.0001945643079
75698	0.0005207936074
75699	0.001405623196
75700	0.001231495635
75701	0.0008528260778
75702	0.001033378886
75703	0.002372260435
75704	0.001606954766
75705	0.0009497063147
75706	0.002172943346
75707	0.002444620466
75708	0.002597488918
75709	2.056475543e-05
75710	0.003133595944
75711	0.005448045617
75712	0.0002520412287
75713	0.0004744861318
75714	0.0008764781742
75715	0.0005998332996
75716	0.003622644044
75717	0.003154853114
75718	0.0032156808
75719	0.002619423384
75720	0.006101903504
75721	0.003388416926
75722	0.007554858784
75723	0.0006437014871
75724	0.007172203825
75725	0.000938981032
75726	0.001082286483
75727	0.001082561848
75728	0.001676456039
75729	0.0002359864845
75730	0.001895827726
75731	0.003807665865
75732	0.0005296493548
75733	0.00326857129
75734	0.003960047089
75735	0.001149141896
75736	0.003231681453
75737	2.809691649e-05
75738	4.319101914e-05
75739	0.0005061111614
75740	0.0007217392719
75741	0.003192002484
75742	0.000105277136
75743	0.003208517165
75744	0.0004794593958
75745	0.001534483498
75746	0.0002120682283
75747	0.002909326884
75748	0.002196783385
75749	0.001186593326
75750	0.0007587398497
75751	0.00824584679
75752	0.0002957473686
75753	0.0009781464148
75754	0.00081460605
75755	0.002859914946
75756	0.002972903844
75757	0.003201768749
75758	0.004814158748
75759	0.0005064073114
75760	0.002016510173
75761	0.003131787182
75762	0.006736113078
75763	0.002227929769
75764	0.002562331822
75765	0.001180795106
75766	0.003453130928
75767	0.001124298302
75768	0.001932703901
75769	0.002533373949
75770	0.001374661315
75771	0.0001599300367
75772	0.001695929603
75773	0.002286771017
75774	0.008451276786
75775	0.0003801472622
75776	0.0005505265459
75777	0.0008180686132
75778	0.002280242135
75779	0.0008374877334
75780	0.006666347044
75781	0.002841146583
75782	0.007883737966
75783	0.002746356438
75784	0.003508442416
75785	5.781906679e-05
75786	0.0005881599504
75787	0.0004066085734
75788	0.001646289109
75789	0.0006786700226
75790	0.003527991991
75791	0.005366090526
75792	0.002350393938
75793	0.000902203927
75794	0.001757075919
75795	0.005117267846
75796	0.003982711913
75797	0.001114543343
75798	0.001311886688
75799	0.001240848648
75800	0.002369068961
75801	8.72511629e-05
75802	0.002959100423
75803	0.0008859460154
75804	0.002478132169
75805	0.002015114735
75806	0.003088166441
75807	0.0006266590398
75808	0.0003083554322
75809	0.002432132205
75810	0.002248566746
75811	0.0009726003226
75812	0.001237410721
75813	0.002072483017
75814	0.0002954273581
75815	0.0005782732868
75816	0.0002261135845
75817	0.0005456957146
75818	0.00530956701
75819	9.029048401e-05
75820	0.003221642368
75821	0.001465309274
75822	0.004650515286
75823	0.0009512110932
75824	0.002496310423
75825	0.005539680339
75826	0.001808364318
75827	0.002451711937
75828	0.004880932151
75829	0.001446526078
75830	0.002359904647
75831	0.009379154535
75832	0.0007448568847
75833	0.00137515152
75834	0.0002750037514
75835	0.001013887117
75836	0.002204158041
75837	0.0007629491164
75838	0.00271610126
75839	0.0006932030627
75840	0.00402939973
75841	0.007214079944
75842	0.004155931925
75843	0.0002582073107
75844	0.002250742977
75845	0.0002239136734
75846	0.0009560384743
75847	0.0002658902385
75848	0.0002629470857
75849	0.002077727301
75850	0.003915562609
75851	0.0006421735211
75852	0.002223772824
75853	0.003015270838
75854	5.389216708e-05
75855	0.002110108903
75856	0.006882793977
75857	0.003450154268
75858	0.0005122540462
75859	0.001786194654
75860	0.004103107881
75861	0.001839035601
75862	0.002227648668
75863	4.552064501e-05
75864	0.004922680385
75865	0.001868263605
75866	0.003436304333
75867	0.000177833156
75868	0.002648758532
75869	0.004238579226
75870	0.004149777566
75871	0.001359100025
75872	0.002281032306
75873	0.0009967593884
75874	0.0006912704374
75875	0.006658531826
75876	0.001072669132
75877	0.002238056335
75878	0.006775842824
75879	0.003869035517
75880	0.001045051407
75881	0.001673100348
75882	1.809821046e-05
75883	0.0003002940508
75884	0.004201876336
75885	0.002182639491
75886	0.003528037135
75887	0.0007401647123
75888	0.0005621938941
75889	0.003050847467
75890	0.008878444422
75891	9.679454994e-06
75892	0.002993057714
75893	0.009692953144
75894	0.001058386821
75895	0.0009249683828
75896	0.001099656405
75897	0.002526695314
75898	0.0005255445443
75899	0.003626349714
75900	0.004258325193
75901	0.0003916717338
75902	0.002942734647
75903	0.001575156016
75904	0.003723571604
75905	0.0002901891719
75906	0.004096343541
75907	0.0003024860679
75908	0.001446593639
75909	0.006947499064
75910	0.00641907284
75911	0.0005465518163
75912	0.003130716889
75913	0.001761208096
75914	0.002339449809
75915	0.002141198625
75916	0.002824116157
75917	0.005042003319
75918	0.004662279343
75919	0.00894471487
75920	0.003742072209
75921	0.001580816049
75922	0.006289827508
75923	0.0002740799485
75924	6.878600134e-05
75925	0.008647230162
75926	0.003569805875
75927	0.0005946969091
75928	0.0006339287334
75929	0.0002561825721
75930	0.004404324133
75931	0.001469646296
75932	0.0001350343121
75933	0.001144421473
75934	0.00472027059
75935	0.001771470946
75936	6.569880125e-05
75937	0.001430735922
75938	0.004635148695
75939	0.0001581838751
75940	0.0005659214742
75941	0.003975286262
75942	0.0005898839893
75943	0.002883658512
75944	0.004303399207
75945	0.0004104493012
75946	0.002480408818
75947	0.0006666280599
75948	0.0002766288562
75949	0.000954349858
75950	0.0007317628887
75951	0.002422343928
75952	0.006374129622
75953	0.008127817597
75954	0.002353400912
75955	0.006899448819
75956	0.001970043697
75957	0.006198652049
75958	0.00267886606
75959	0.0002124812819
75960	0.0003430597016
75961	0.0005637337211
75962	0.001599523764
75963	0.00180289121
75964	0.003842201752
75965	0.0005960901286
75966	0.001896549018
75967	0.00716219024
75968	0.005117504224
75969	0.000979770395
75970	0.00159392148
75971	0.001199369278
75972	0.005045815872
75973	0.0104751585
75974	0.0005107756962
75975	0.0005519903225
75976	0.000883481373
75977	5.585693503e-05
75978	0.0007107166659
75979	0.0002077223946
75980	0.0004941985597
75981	0.0002790027207
75982	0.0002171941067
75983	0.0001693791304
75984	0.00135581349
75985	0.0002252365032
75986	0.0005280712181
75987	0.0002012956943
75988	0.003850039792
75989	0.000164939979
75990	0.004297724546
75991	0.0005844497658
75992	0.001419586621
75993	0.002009964544
75994	0.004389655034
75995	6.317254669e-05
75996	0.00221967493
75997	0.004942380122
75998	0.002448873577
75999	0.0003038053401
76000	0.001745842935
76001	0.0009374831822
76002	7.102751934e-05
76003	0.002020831518
76004	0.0004374323616
76005	0.002853240466
76006	0.0009768013131
76007	0.0002469783474
76008	0.001879829008
76009	0.003837639892
76010	0.0009299857318
76011	3.040574954e-06
76012	3.546090409e-05
76013	1.271628286e-05
76014	0.0008433730976
76015	7.794238993e-05
76016	0.001469177557
76017	0.001836305003
76018	0.003656689066
76019	0.003252298255
76020	0.005710625417
76021	0.006757620673
76022	0.002394712329
76023	0.00296798366
76024	0.002584738793
76025	0.0001489781633
76026	0.001535509469
76027	0.0002131845118
76028	0.000154331233
76029	0.0002214984863
76030	0.0005965409916
76031	0.002589314322
76032	0.004769617218
76033	0.00115200582
76034	0.006303902954
76035	0.000104870937
76036	0.001974240135
76037	0.001492582271
76038	0.00111668424
76039	0.007565380819
76040	0.002056722029
76041	0.001236316385
76042	0.002964163773
76043	0.003877715836
76044	0.0009549248304
76045	0.001482993533
76046	0.0005445736034
76047	0.001970899494
76048	0.002691983731
76049	0.005408822204
76050	0.002495475104
76051	0.001577684796
76052	0.002061347181
76053	0.004285748042
76054	0.002357183404
76055	0.001009434415
76056	0.0002212284956
76057	0.006783228218
76058	0.002314382233
76059	0.0001401219693
76060	0.003545461292
76061	0.001202214425
76062	0.003611033842
76063	0.0008922253888
76064	0.001756579573
76065	0.00278219251
76066	0.001432077092
76067	0.001130918525
76068	0.0002928055108
76069	0.0006894791257
76070	0.006132483141
76071	0.001960750923
76072	0.000664768234
76073	0.002907577639
76074	0.001763927399
76075	0.000292145855
76076	0.0007938403403
76077	0.001154310323
76078	0.005576909818
76079	0.001024738212
76080	0.003973775371
76081	0.001631952777
76082	0.001135807202
76083	0.0007732639199
76084	0.001964527692
76085	0.0001686560443
76086	0.0001204789262
76087	8.798530011e-05
76088	0.001431769331
76089	0.0001087591427
76090	0.001377198192
76091	0.0009701898619
76092	0.003208896554
76093	0.003157996955
76094	6.104714175e-05
76095	4.746560442e-05
76096	0.0008692696978
76097	0.003446314792
76098	0.001097822198
76099	0.002251167945
76100	0.008770893899
76101	0.005671526189
76102	0.001427670717
76103	0.002114031165
76104	0.00207225229
76105	0.003441149649
76106	0.001698060388
76107	0.002389263268
76108	0.001033231125
76109	0.001636784943
76110	0.001229032043
76111	0.0001670432579
76112	0.0001980728294
76113	0.001041213254
76114	0.0004948918194
76115	0.0006433226771
76116	0.0002415432303
76117	0.001519942623
76118	0.0007582241559
76119	0.0001495185198
76120	0.0001398118609
76121	0.001883605724
76122	0.001281321337
76123	0.001713418983
76124	0.002825512782
76125	0.0003725436709
76126	0.00331344003
76127	0.001878415618
76128	0.003604870644
76129	0.0005124386807
76130	0.005786267924
76131	0.000881315167
76132	0.002677720401
76133	0.002851978455
76134	0.003288874161
76135	0.0004772720171
76136	0.002434474288
76137	0.003910983779
76138	0.0002039960382
76139	0.0007140273996
76140	0.0002452141401
76141	0.003543288547
76142	0.00343247042
76143	0.0006647141497
76144	0.0005067058626
76145	0.002011368551
76146	0.00101181973
76147	0.0003432599182
76148	0.0008115948321
76149	0.002952897776
76150	0.0006660545784
76151	0.0005269747349
76152	0.0001433345995
76153	0.004458631407
76154	0.002063354568
76155	0.003701401674
76156	0.00532957665
76157	0.003165700725
76158	0.0004523859464
76159	1.430598665e-05
76160	3.769350341e-05
76161	0.0006087123362
76162	0.0004005013611
76163	0.003701118372
76164	0.0008814402201
76165	0.002220645433
76166	0.005985169809
76167	0.005997861367
76168	0.001761573506
76169	0.001714503665
76170	0.0005616520301
76171	0.00112165518
76172	0.001214323172
76173	0.002397887474
76174	0.001122159395
76175	0.005611663723
76176	0.0009607300358
76177	0.0003194684526
76178	0.001501135472
76179	0.001119286657
76180	0.00085388782
76181	1.368370645e-05
76182	0.0001794937003
76183	0.004493143063
76184	0.0009254965029
76185	0.0005059315393
76186	0.002383159973
76187	0.0001312402097
76188	0.003124227593
76189	0.00447060597
76190	0.001294378557
76191	0.0006510233168
76192	0.001464585213
76193	0.001027379489
76194	0.001901101963
76195	0.002373783809
76196	0.0004774656683
76197	0.001031930452
76198	0.003208845747
76199	0.003046464127
76200	0.003548479943
76201	0.002431735168
76202	0.0003710457818
76203	0.0003470382632
76204	0.003975619933
76205	0.002596734312
76206	0.003314144012
76207	0.00159690111
76208	0.00174644873
76209	6.007281839e-06
76210	0.00106615011
76211	0.001679341816
76212	0.002678075118
76213	0.002485902801
76214	0.003484410119
76215	0.0002924377371
76216	0.002735263347
76217	0.0006248988746
76218	0.005761349051
76219	0.0001304163394
76220	0.001419573255
76221	0.003228756487
76222	0.004046576735
76223	0.0005770654534
76224	0.0004358257607
76225	0.000801841586
76226	0.003082558261
76227	0.001155975294
76228	0.0001977951729
76229	0.0003679072603
76230	0.0003265482785
76231	0.002275861118
76232	0.002084166673
76233	0.003711264334
76234	0.002146671354
76235	0.003368458134
76236	0.004512956784
76237	0.001040548322
76238	0.002598821725
76239	0.007146588271
76240	0.0009398471092
76241	0.001691617056
76242	0.000705655934
76243	0.001235187305
76244	0.002050165096
76245	0.002301450389
76246	0.0002312576181
76247	0.001765810675
76248	0.002840642147
76249	0.000699829407
76250	0.003090329061
76251	0.002289186729
76252	0.0008454526553
76253	0.001263725424
76254	0.0004162495983
76255	0.00262761405
76256	0.001041409218
76257	0.007013095719
76258	0.002927121434
76259	0.003664307765
76260	0.002032363677
76261	0.003214552994
76262	0.002314452281
76263	0.0006214260982
76264	0.003728447919
76265	0.002392373496
76266	0.002733526732
76267	0.001851124381
76268	0.002055638484
76269	0.001385176862
76270	0.003447716145
76271	0.001292690812
76272	0.00245864804
76273	0.001922716027
76274	0.002266789989
76275	0.003331541064
76276	0.0006903512104
76277	0.002336632943
76278	0.006522416549
76279	0.003002843598
76280	0.001465056641
76281	0.003500771847
76282	0.002011412023
76283	0.001552097601
76284	0.000612362349
76285	0.003355292082
76286	0.005918499887
76287	0.002067117683
76288	0.001699561467
76289	0.003801238991
76290	0.003871904836
76291	3.320304727e-05
76292	0.002002451476
76293	0.001494993009
76294	0.003584578579
76295	0.0002627240462
76296	0.0001322824362
76297	0.0002436449696
76298	0.0006630380104
76299	0.0002825016449
76300	0.0009607582282
76301	0.0008362136521
76302	0.0009717094255
76303	0.0007522025514
76304	0.001039060579
76305	0.005221776782
76306	0.002682597688
76307	0.001114853753
76308	7.400008243e-05
76309	0.00349961907
76310	0.0001458756514
76311	7.9983655e-05
76312	0.003898658171
76313	4.637762655e-05
76314	0.0003318304328
76315	0.0001153480316
76316	0.001376533044
76317	0.0007213156566
76318	0.0007560366891
76319	0.0002451973785
76320	0.001573078881
76321	0.00075571601
76322	0.003092411616
76323	0.0009065689957
76324	7.727372411e-06
76325	0.0008567033315
76326	0.0009453436478
76327	0.0006416415124
76328	0.0003986671426
76329	0.0004031974386
76330	0.003433145335
76331	0.0007526877358
76332	0.0004683778519
76333	0.001113168111
76334	0.0006103921294
76335	0.004065761041
76336	0.0002039371408
76337	0.006350683517
76338	0.006915119762
76339	0.001160042526
76340	0.0008195106998
76341	0.002223080908
76342	0.000662342559
76343	0.00104659896
76344	0.0009451786425
76345	0.001019560199
76346	6.400722729e-05
76347	0.0002347938828
76348	0.0007686965076
76349	0.001217134273
76350	0.0004826313333
76351	0.001793947344
76352	0
76353	0.002186444915
76354	0.003104877971
76355	0.0005403934623
76356	0.004500246321
76357	0.002285575843
76358	0.001255625412
76359	0.0002320031703
76360	0.0003801105272
76361	0.001012540192
76362	0.0004240291255
76363	0.0002290921886
76364	0.0003994180134
76365	0.001220074483
76366	0.0004382221935
76367	0.0001688884259
76368	0.0007612632263
76369	0.002764330704
76370	0.002387184414
76371	0.001284006937
76372	0.000210139626
76373	0.002848827589
76374	0.0009850884371
76375	5.553575248e-05
76376	0.001941285254
76377	0.004605088869
76378	0.004239632482
76379	0.007653517925
76380	0.001334088776
76381	0.002404057513
76382	0.002199628816
76383	0.002634321569
76384	0.004426692455
76385	0.0007681328628
76386	0.001107237584
76387	0.002238969985
76388	0.001756076177
76389	0.002586036379
76390	0.005527180325
76391	0.002022984174
76392	0.002250244707
76393	0.004302564516
76394	0.006560353339
76395	0.004806298597
76396	0.002004711217
76397	0.003111362464
76398	0.003381042951
76399	0.003684457085
76400	0.00324778892
76401	0.004742702381
76402	0.001931987601
76403	0.002177095135
76404	0.0004860976576
76405	0.003973207936
76406	0.007717929949
76407	0.0003101739551
76408	0.0006367758644
76409	0.005913139837
76410	0.002601335737
76411	0.001664965982
76412	0.006497912741
76413	0.002103060195
76414	0.0001661661569
76415	0.00481744994
76416	0.007391572922
76417	0.004147477812
76418	0.004973845403
76419	0.005032913358
76420	0.0007420313356
76421	0.0004872205817
76422	0.005882230301
76423	0.001492572723
76424	0.0004992651399
76425	0.0003533964898
76426	0.002140202111
76427	0.003940694582
76428	0.003458339095
76429	0.003459135478
76430	0.001972795782
76431	0.001173368604
76432	0.003293096756
76433	0.003104697872
76434	0.002438993789
76435	0.002860911549
76436	0.00383890112
76437	0.002139200338
76438	0.005271451589
76439	0.008902744552
76440	0.003607428662
76441	0.001646002866
76442	0.0003457313208
76443	0.00058266491
76444	0.0006174983699
76445	0.003762457968
76446	0.002008887842
76447	0.005215588912
76448	0.007444017357
76449	0.008300952947
76450	0.001908781477
76451	0.006008874979
76452	0.005469737409
76453	0.00274165491
76454	0.006608858543
76455	0.00911080252
76456	0.003990351603
76457	0.002814898178
76458	0.006581429065
76459	0.00883489201
76460	0.004456023214
76461	0.002002400004
76462	0.001617567688
76463	0.007129235189
76464	0.004496745904
76465	0.004063663801
76466	0.008845642314
76467	0.002644734641
76468	0.00306983252
76469	0.002411280938
76470	0.0003103853724
76471	0.002403985676
76472	0.0009290711629
76473	0.001899818348
76474	0.004604634822
76475	0.002290382684
76476	0.001121810689
76477	0.002408273262
76478	0.001112275439
76479	0.004323589961
76480	0.0006562259323
76481	0.002806298486
76482	0.001083847842
76483	0.004633304644
76484	0.003393063592
76485	0.004800007379
76486	0.0035701679
76487	0.003276486265
76488	0.001018206662
76489	0.001629894402
76490	0.0005742039511
76491	0.002024960485
76492	0.002292498095
76493	0.001601986878
76494	0.003921176971
76495	0.0001572209536
76496	0.002041548437
76497	0.002326242817
76498	0.002204591687
76499	0.005128432882
76500	0.001340125409
76501	0.002020276219
76502	0.0004939409298
76503	0.0005295983871
76504	0.001241769758
76505	0.0006091619576
76506	0.0006760191572
76507	0.0007722567136
76508	0.002361969006
76509	0.002260114133
76510	0.0008000747321
76511	0.0056291657
76512	0.0003155533291
76513	0.001808376775
76514	0.001041117841
76515	0.001735034965
76516	0.001407402494
76517	0.0004052127877
76518	0.005424182476
76519	0.001353447932
76520	0.00127034497
76521	0.00579410789
76522	0.002219844478
76523	0.0004762746309
76524	0.0109069521
76525	0.001982364998
76526	0.00107997233
76527	0.005608564926
76528	0.002486415692
76529	7.197391161e-06
76530	0.002873756983
76531	0.006980526136
76532	0.006074334966
76533	0.002287387107
76534	0.0008239883949
76535	0.002583084705
76536	0.003247573992
76537	7.574705894e-05
76538	7.451576013e-05
76539	0.002637846795
76540	0.002945788818
76541	0.0002427982459
76542	0.0004301806613
76543	0.003215287219
76544	0.001119621484
76545	0.0008093524232
76546	0.001475972789
76547	0.001076706213
76548	0.007390995642
76549	0.003496815448
76550	1.631447194e-05
76551	0.01010082424
76552	0.005220753087
76553	0.0008158227046
76554	0.001839216817
76555	0.002643724964
76556	0.007803941144
76557	0.002655167973
76558	0.0009971071902
76559	0.003541304812
76560	0.0006670527815
76561	0.0008810628344
76562	0.001150210393
76563	0.004410949027
76564	0.003120912961
76565	0.002107236434
76566	0.0008943715316
76567	0.0003787231608
76568	0.0005622569532
76569	0.004409943743
76570	0.000539199732
76571	0.001575931375
76572	0.001743200986
76573	0.004836374399
76574	6.816408973e-06
76575	0.0008984612837
76576	0.001455845003
76577	0.001039711153
76578	0.003025769714
76579	0.0001796821346
76580	0.009030625489
76581	0.000787325545
76582	0.0005480431911
76583	0.003377610625
76584	0.0007494607924
76585	0.004110927512
76586	0.001253954263
76587	0.003987016361
76588	0.002284256145
76589	0.001186189567
76590	0.001865935363
76591	0.001035435493
76592	0.0006192018005
76593	0.00178149471
76594	0.001201833338
76595	0.00211295674
76596	0.00250698561
76597	0.004421180493
76598	0.004496952691
76599	0.001672005424
76600	0.000297971053
76601	0.006848990391
76602	0.001257086946
76603	0.00134588923
76604	0.001058402647
76605	0.0001149258473
76606	0.006592134005
76607	3.024257888e-05
76608	0.0006956847491
76609	0.0005356438535
76610	0.001693838087
76611	0.002095464629
76612	0.0007789669793
76613	0.003198587438
76614	0.002563519985
76615	8.481531018e-05
76616	0.0002521496767
76617	0.002670438404
76618	0.00101315815
76619	0.0009578967657
76620	0.001678507891
76621	0.008461468067
76622	0.003624477006
76623	0.0001837875591
76624	0.001868924586
76625	0.0001492578377
76626	0.0004691602561
76627	0.002498091279
76628	0.001115184267
76629	0.0008692656501
76630	0.0007756649163
76631	0.0007817067749
76632	0.0004266582053
76633	0.001916564568
76634	0.0004861631337
76635	0.0007484690645
76636	0.0008185239058
76637	0.0009974752922
76638	0.001198741264
76639	0.0003619990406
76640	0.0004143610169
76641	0.006103503179
76642	0.001302640273
76643	0.006771779777
76644	0.0002628132265
76645	0.000546918631
76646	0.0001032661761
76647	0.001898792443
76648	0.001011557278
76649	0.003560438738
76650	0.0006964311854
76651	0.005714614042
76652	3.776916115e-06
76653	0.0004439213126
76654	0.0001454916027
76655	0.002738036219
76656	0.0003607294456
76657	0.001677955709
76658	0.0002254122781
76659	0.001690113341
76660	0.002778098908
76661	0.001907677908
76662	0.0008557789785
76663	0.001416296193
76664	0.001873532914
76665	0.001571625498
76666	0.001716539963
76667	0.001542394838
76668	0.0002018279322
76669	0.001726452943
76670	0.0004499023428
76671	0.001631016382
76672	0.0008845557549
76673	7.479341141e-05
76674	0.002328023849
76675	0.00142373718
76676	0.001782947094
76677	0.001976735229
76678	0.00427858889
76679	0.0008638319724
76680	0.002899992551
76681	0.001690616019
76682	0.002247462028
76683	0.0002348809467
76684	0.0006234471996
76685	0.004550768705
76686	0.001874216326
76687	6.030469753e-05
76688	0.0005516189019
76689	0.0002259434809
76690	0.0004340169868
76691	0.001038544556
76692	0.0005356967275
76693	0.002111432024
76694	0.0005633302559
76695	0.002399290854
76696	0.005064006536
76697	0.004457480285
76698	0.0002480718065
76699	0.002833903725
76700	0.001647052364
76701	0.001112118144
76702	0.0001370485101
76703	0.001066720612
76704	0.0006823611847
76705	0.0008467651908
76706	0.002878518402
76707	0.007872472319
76708	0.001122784775
76709	0.004201998482
76710	0.0004319655379
76711	0.0003884651627
76712	0.0003659318666
76713	0.008445474638
76714	0.0001280190307
76715	0.001536560806
76716	0.0003657383861
76717	0.001413316429
76718	0.0007847052001
76719	0.00103625287
76720	0.00322493905
76721	0.0001553081149
76722	0.0005075335084
76723	0.004040681176
76724	0.003233957464
76725	0.001955702316
76726	0.001419301494
76727	0.0009741965548
76728	0.003458863595
76729	0.0003003688094
76730	0.0002422054323
76731	0.0005525015698
76732	0.0005654967817
76733	0.0002458667023
76734	0.001878865071
76735	0.002699611346
76736	0.003270447249
76737	0.001201118499
76738	0.003412758749
76739	0.001952715435
76740	0.0004338073797
76741	0.002708627465
76742	0.001439378759
76743	0.0001238152925
76744	0.0009050978104
76745	0.002105291217
76746	0.002270595376
76747	0.002632674577
76748	0.0011631831
76749	3.116958595e-05
76750	0.001351255342
76751	0.000154767176
76752	0.002768488164
76753	0.004321811852
76754	0.002154834057
76755	0.001946310496
76756	0.0004909227017
76757	0.004576042407
76758	0.001399114187
76759	0.000406073693
76760	0.001453230856
76761	0.003165497684
76762	0.0002920202048
76763	0.0002412728492
76764	0.0007620029308
76765	0.0006374788539
76766	0.00014257711
76767	0.0001762489449
76768	0.001500816606
76769	0.0008115656231
76770	0.001820625588
76771	0.002167833061
76772	0.003744324418
76773	0.001487610921
76774	0.001274755864
76775	0.00117672456
76776	0.002729185848
76777	0.001894407279
76778	0.002772726082
76779	0.0003658980317
76780	0.001237063447
76781	0.0005878492773
76782	0.002484808304
76783	0.001708598184
76784	0.0003182847142
76785	0.003147316791
76786	0.002536517602
76787	0.0007773776994
76788	0.0009971593584
76789	0.004896377792
76790	0.0003618699644
76791	0.002672023667
76792	1.947610966e-05
76793	0.005305363781
76794	0.00149298443
76795	0.004392478053
76796	0.0007585403864
76797	0.0001494599827
76798	0.003778765491
76799	8.209658122e-05
76800	0.002604253512
76801	0.0009672029286
76802	0.0007206275712
76803	0.0009763626456
76804	0.0002704950798
76805	0.0007236768704
76806	0.0006813354266
76807	0.0003754929328
76808	0.009121075698
76809	0.0003253654024
76810	0.0003714134446
76811	0.001283743704
76812	0.002361494509
76813	0.004109769544
76814	0.005070264249
76815	0.002233660878
76816	0.005149544537
76817	0.005847666788
76818	0.0002439666092
76819	0.002048274271
76820	0.00104245461
76821	0.003827786951
76822	9.495716428e-08
76823	0.001173252631
76824	0.002951590283
76825	0.00128510436
76826	5.062030844e-05
76827	0.0004425392469
76828	0.000926814592
76829	0.001828266981
76830	0.002986397309
76831	0.0002103339698
76832	0.003572503963
76833	0.0004604767776
76834	0.001386553226
76835	0.003875057622
76836	9.065579356e-05
76837	0.0007025226326
76838	0.003390905964
76839	0.002839141701
76840	0.002391890146
76841	0.0001898490108
76842	0.0004400122591
76843	0.0005673731102
76844	0.003535353745
76845	0.0002418238703
76846	0.003825361098
76847	0.001194978889
76848	0.0002518159362
76849	0.001474128215
76850	0.002376687761
76851	0.003029881612
76852	0.0002275830181
76853	0.0002364759934
76854	0.000224008998
76855	0.002420307717
76856	0.001743054524
76857	0.00305381208
76858	0.0007218014544
76859	0.002893492724
76860	0.0005023239783
76861	0.001128685828
76862	0.003085782321
76863	0.001475020891
76864	0.0001156673025
76865	0.0008030729665
76866	0.001515697937
76867	0.0001524434755
76868	0.004541714725
76869	0.005159774796
76870	0.0013113726
76871	0.005111348621
76872	0.0008502378771
76873	3.400621605e-05
76874	0.0003801277699
76875	0.0023103644
76876	0.0003815746934
76877	0.0005432603334
76878	0.0006793498762
76879	0.0008796366418
76880	0.002238059203
76881	0.0007663917013
76882	0.0008904011226
76883	0.001281966039
76884	0.0002940139096
76885	0.002125892885
76886	0.001509823782
76887	0.001382925771
76888	0.005251747366
76889	0.003397647745
76890	0.001057589085
76891	0.001746978325
76892	0.0003399595149
76893	0.001372880128
76894	0.0003803268499
76895	0.0007529274312
76896	0.0003278305453
76897	0.0001175374153
76898	5.328600324e-05
76899	0.001132338427
76900	0.0002921541953
76901	2.122008926e-05
76902	0.0002088710319
76903	0.005710295662
76904	0.0001156851705
76905	0.0016016533
76906	0.0009306346567
76907	0.0002161811601
76908	0.004191621645
76909	0.002877344627
76910	0.0009335051682
76911	0.00322830508
76912	0.0005001534619
76913	0.0006123089892
76914	0.0003625015695
76915	0.001030993971
76916	0.002888804603
76917	0.002184588661
76918	0.001481050188
76919	0.00366604039
76920	0.0006787494657
76921	0.001906527999
76922	0.000832711902
76923	0.0002992124004
76924	0.002521559109
76925	0.002309108296
76926	0.002284949563
76927	0.002344567323
76928	0.0004767887914
76929	0.0007290590274
76930	0.0005078192355
76931	0.001066360823
76932	0.0005690165389
76933	0.006273489951
76934	0.0007356982248
76935	0.0008750745853
76936	0.002184323823
76937	0.002122884329
76938	0.0002687583727
76939	0.0002860534903
76940	0.00400174181
76941	0.002365944509
76942	0.001382066282
76943	0.001254552533
76944	0.00365667612
76945	0.00220883286
76946	0.0003787283976
76947	0.00576215477
76948	0.001447542898
76949	7.282061203e-05
76950	0.004552995824
76951	0.001379695399
76952	0.001148991459
76953	0.004080480492
76954	0.002608210759
76955	0.002735108925
76956	0.006249881485
76957	0.003985272536
76958	0.0002505681521
76959	0.00143215424
76960	0.002631706364
76961	0.004882856103
76962	0.00455417222
76963	0.002351416881
76964	0.0006754183567
76965	0.004745539611
76966	0.006569862426
76967	0.005578164315
76968	0.0009261791253
76969	0.0007177312832
76970	0.0008015921357
76971	0.002086229319
76972	0.001612133035
76973	0.001899884331
76974	0.005072133245
76975	0.003937376292
76976	0.002216393466
76977	4.894560639e-05
76978	0.002589562436
76979	0.00093602774
76980	0.008487564938
76981	0.001002945801
76982	0.00483101791
76983	0.001256216148
76984	0.002010465422
76985	0.0008789377054
76986	0.0009903574302
76987	0.006125280827
76988	0.004936430115
76989	0.001202978228
76990	0.0006619888241
76991	0.006259200143
76992	0.004746816982
76993	0.004292946233
76994	5.344248161e-05
76995	0.001611735304
76996	0.00243337472
76997	0.003855048258
76998	0.0003193540394
76999	0.001447818614
77000	0.001737986586
77001	0.0008562450492
77002	0.003046402973
77003	0.004026180723
77004	0.003571738629
77005	0.002806016316
77006	0.0004378259309
77007	0.0005067988841
77008	0.0005222338417
77009	0.0001021032161
77010	0.0002281504505
77011	0.0002265100568
77012	0.0001438614816
77013	0.0009081601247
77014	0.0003984178751
77015	0.0005154309767
77016	3.249623639e-05
77017	0.0008344137324
77018	0.002321126888
77019	0.001378382391
77020	0.00199917498
77021	0.007047424129
77022	0.002230126254
77023	0.00241715876
77024	0.0007444941512
77025	0.002609825996
77026	0.004860603285
77027	0.0006158516219
77028	0.0005496705906
77029	0.00115836836
77030	0.002612933601
77031	0.003254394774
77032	0.004047579941
77033	0.001249126827
77034	0.0011172196
77035	0.00407282449
77036	0.002556006149
77037	0.002420886434
77038	0.0003076797953
77039	0.003708119302
77040	0.001411980081
77041	0.003011501987
77042	0.0009088199788
77043	0.0001015189409
77044	0.002204121051
77045	0.006057554623
77046	0.00633340678
77047	0.002132308574
77048	0.001656513747
77049	9.990186093e-05
77050	0.005289316173
77051	0.00361454777
77052	0.0007705709064
77053	0.0008715806882
77054	0.004575351793
77055	0.0001862429994
77056	0.001298603061
77057	0.0004913980423
77058	0.001471971051
77059	0.003212419319
77060	0.005806717013
77061	0.0002336025792
77062	0.0001602334839
77063	0.003660022876
77064	0.0005548165598
77065	2.368929021e-05
77066	9.040481432e-05
77067	0.009088772991
77068	0.005605366799
77069	0.001086881666
77070	0.0007652595571
77071	0.0001667669925
77072	0.002853608663
77073	0.003274246571
77074	0.005031734675
77075	0.005015631976
77076	0.003387662948
77077	0.0008025868773
77078	0.002264984407
77079	0.001615270188
77080	0.0001319581327
77081	0.00235836339
77082	0.001457352391
77083	0.0004063131748
77084	0.0006713151471
77085	0.006509274605
77086	0.001636203595
77087	0.0006993871688
77088	0.002241478938
77089	2.452551678e-05
77090	0.006846487933
77091	0.006386095427
77092	0.0003843582586
77093	0.001082292156
77094	0.001032792342
77095	6.521754856e-05
77096	0.0003212235745
77097	0.0006033803741
77098	0.0003198211465
77099	0.0004313730559
77100	0.0004251850186
77101	0.000316898826
77102	1.053372492e-05
77103	0.0002978204087
77104	0.0001656548675
77105	0.0003645517885
77106	0.0006409771077
77107	0.0006981104936
77108	0.0008606006742
77109	0.005279595335
77110	0.0001286507909
77111	0.0002885039091
77112	0.0003976282723
77113	0.0008405890487
77114	0.0004437342556
77115	0.0002929908769
77116	0.0004780013066
77117	0.0006102657262
77118	0.005423831416
77119	0.000706270227
77120	0.0008600733985
77121	0.001425439229
77122	0.0002470926499
77123	0.0009261826414
77124	0.0001666150617
77125	0.0003306306301
77126	0.00118617679
77127	0.0001439810822
77128	0.001423409182
77129	0.001192671708
77130	9.214542484e-05
77131	0.0002162819504
77132	0.0002363677845
77133	0.0002682702136
77134	0.001468398298
77135	0.0002379485123
77136	0.0009209952759
77137	0.002246752144
77138	0.0001486008941
77139	0.003474622329
77140	0.000455810434
77141	0.001186034974
77142	0.0003032026158
77143	0.003177241165
77144	0.0007788540014
77145	0.0006943175337
77146	0.003570408679
77147	0.00467577906
77148	0.001918646137
77149	0.0001457077382
77150	0.002042353149
77151	0.001494178278
77152	0.002427343534
77153	0.002229230219
77154	0.002051694015
77155	0.0006068743029
77156	0.001762597153
77157	0.003388988647
77158	0.001943017306
77159	0.0003032080619
77160	0.001662964333
77161	0.0002446336249
77162	0.0006104725545
77163	0.0009966057704
77164	0.0004159393293
77165	0.001419182428
77166	0.0005136201036
77167	0.001289852909
77168	0.00399878845
77169	0.001688070188
77170	0.001193060394
77171	0.002603249006
77172	0.0005673552318
77173	0.001014796363
77174	0.001562331386
77175	0.003260174137
77176	0.001213816159
77177	0.001339595819
77178	0.00114913201
77179	0.003583700888
77180	1.614079948e-05
77181	0.0009545988613
77182	0.0002759726127
77183	0.0002314601349
77184	0.002830271015
77185	0.00592950796
77186	0.004290586933
77187	0.000542087528
77188	0.002124799529
77189	0.008777088292
77190	0.005156319149
77191	0.0003891320743
77192	0.0006321297391
77193	0.001198415312
77194	0.0007483322049
77195	0.00255241839
77196	0.001021942745
77197	0.001324837772
77198	0.01005459452
77199	0.00151908577
77200	0.002148399277
77201	0.001403037535
77202	0.004371847945
77203	0.0001962487292
77204	0.0005521507426
77205	0.001782755846
77206	0.003872587025
77207	0.001324020999
77208	0.0001492042396
77209	0.001514129988
77210	0.004924037906
77211	0.003163121585
77212	0.005505701814
77213	0.001063345884
77214	0.005993052951
77215	0.001012774085
77216	0.003726190729
77217	0.001485644527
77218	0.0006287146004
77219	0.000882837839
77220	0.0004472674883
77221	9.792637841e-05
77222	0.0001140391656
77223	0.005075977196
77224	0.000759906573
77225	0.0001686227745
77226	1.554293739e-05
77227	0.002116006643
77228	0.007269124263
77229	0.004746537874
77230	0.001874759104
77231	0.0005866646322
77232	0.001289217756
77233	0.001095175489
77234	0.001078952391
77235	0.003165006247
77236	0.006614549104
77237	0.001936977119
77238	0.00756128718
77239	1.90611494e-05
77240	0.0004718297392
77241	0.00183161111
77242	0.002795403965
77243	0.001293205964
77244	0.001908041855
77245	0.002126791979
77246	0.0004668982924
77247	0.003246783635
77248	0.0002383162253
77249	0.001712447636
77250	0.0008146621743
77251	0.001512810137
77252	0.0009929778995
77253	0.002899136023
77254	0.003462664017
77255	0.000870942125
77256	0.001231771758
77257	0.0001203634459
77258	0.0002613506318
77259	0.003619990235
77260	0.0004836634398
77261	0.0007202260559
77262	0.002289304894
77263	0.0004288209674
77264	0.002106641099
77265	0.00714379863
77266	0.001520252545
77267	0.0006150492088
77268	0.001480433473
77269	0.003762748375
77270	0.0009062164285
77271	0.0003166793026
77272	0.007261057356
77273	0.002233136514
77274	0.002777240416
77275	0.001567625215
77276	0.001526987791
77277	0.001784655557
77278	7.404695045e-05
77279	0.006959542489
77280	0.005277587962
77281	0.007748006305
77282	0.002139689178
77283	0.0004347956064
77284	0.01051873907
77285	0.005106178644
77286	0.001290486079
77287	0.0002167417732
77288	0.000175506601
77289	0.0009002874303
77290	0.0002990799196
77291	0.002237480139
77292	0.0006613559115
77293	0.0001624297131
77294	0.0006567868115
77295	0.0007678199557
77296	0.0001764238251
77297	0.0009655742252
77298	0.0003535567414
77299	0.001057360445
77300	8.192313863e-05
77301	0.0004262794152
77302	0.000116739841
77303	0.0005145720691
77304	0.0005471270376
77305	0.0001902068559
77306	0.0008495536101
77307	0.0004508638613
77308	0.000157172348
77309	2.724829924e-06
77310	0.0005697737112
77311	0.002048484011
77312	0.0006914357824
77313	5.782568646e-06
77314	0.0004856790551
77315	0.0002223654263
77316	0.0001758914617
77317	0.0002361174923
77318	0.0006074769003
77319	0.001029804617
77320	0.0002052603451
77321	0.0003020165985
77322	0.0005203947107
77323	0.0005979519175
77324	0.0009240624162
77325	8.830384242e-05
77326	4.838034471e-05
77327	6.346846943e-05
77328	0.0006307500539
77329	1.890015036e-05
77330	0.000257887883
77331	0.0005458033436
77332	0.00249985353
77333	7.751286846e-05
77334	0.0005076215246
77335	0.000119748753
77336	0.0004049990462
77337	0.0001516070183
77338	5.773708597e-05
77339	0.0003648183985
77340	0.0006027131373
77341	0.0003274744762
77342	0.0004979883281
77343	0.0003844508954
77344	0.000120170815
77345	0.000305120313
77346	0.0008629345721
77347	0.0002089131333
77348	0.0001562504828
77349	0.0005157368177
77350	0.0004834980594
77351	0.0001912526321
77352	4.862981913e-05
77353	4.269549772e-05
77354	0.0008528551475
77355	8.194142978e-05
77356	5.185039816e-05
77357	0.0001961388506
77358	0.0007568713953
77359	0.001234564979
77360	0.0002646316703
77361	0.000852143336
77362	0.001277273982
77363	0.0001013338675
77364	0.0008673765909
77365	0.0002027100296
77366	0.000660980552
77367	0.0003356524177
77368	0.001224218401
77369	0.000339517892
77370	0.000920577068
77371	3.35811527e-05
77372	0.0001222740582
77373	0.000378426648
77374	4.837099236e-05
77375	2.599337345e-05
77376	0.0006536223096
77377	0.0004294735128
77378	0.000875009818
77379	0.0001529527334
77380	5.105974506e-05
77381	3.33359894e-05
77382	0.000394623087
77383	0.0005193607972
77384	0.000547853138
77385	0.0001479468831
77386	0.0001317038218
77387	0.0004878307782
77388	0.0006157185536
77389	0.0002791351882
77390	0.001229601093
77391	0.002800231984
77392	0.002399438312
77393	0.002601804052
77394	0.0005056502375
77395	0.0002088963113
77396	0.002385777148
77397	0.000522563657
77398	0.002522567926
77399	0.0003006303427
77400	0.0007528696809
77401	0.0004288515059
77402	0.001470288706
77403	0.001937024189
77404	0.0004397933608
77405	0.0001042999901
77406	0.001536756435
77407	0.0002797390452
77408	0.002782894194
77409	0.001080458515
77410	0.0001238705922
77411	0.00318623913
77412	0.004678022054
77413	0.004434391273
77414	0.00092036111
77415	0.002815334737
77416	0.003959128155
77417	0.002039357012
77418	0.0009788245933
77419	0.0004821392387
77420	0.0007221470667
77421	0.001258697441
77422	0.0005540526905
77423	0.001806545192
77424	0.0007747219138
77425	0.0002727502681
77426	0.000961935325
77427	0.0001988721334
77428	0.0001927914621
77429	0.0009820736874
77430	0.003518336483
77431	0.000983717671
77432	0.001099721904
77433	0.001708565767
77434	0.000521596897
77435	0.001133613293
77436	0.001724971702
77437	0.00280475469
77438	0.003638134204
77439	0.0002968003599
77440	0.001434381307
77441	0.0008227570305
77442	0.001188357513
77443	0.0002857274949
77444	0.0001654694169
77445	0.0001169580321
77446	0.0008848941629
77447	6.618016371e-05
77448	0.002117954259
77449	0.0008976099872
77450	0.001391308644
77451	0.001512013728
77452	0.0002115332648
77453	0.0002567638534
77454	0.007295085104
77455	0.001722798453
77456	0.0001369076735
77457	0.00106647416
77458	0.003945839416
77459	0.001889804586
77460	0.0009554983975
77461	0.007331015835
77462	0.001472001648
77463	0.002560664386
77464	0.0006525870975
77465	0.001431189812
77466	0.001984097154
77467	0.002142875733
77468	0.0024143256
77469	0.003487649677
77470	0.0003982932066
77471	0.0008874741288
77472	0.0006673356573
77473	0.0001504216573
77474	0.004994111988
77475	0.001365631832
77476	0.002547103264
77477	0.001176311426
77478	0.00214279265
77479	0.0004392955482
77480	0.0006420058103
77481	0.000364217979
77482	0.0002376467406
77483	0.0003488883638
77484	0.0003613584346
77485	5.335150616e-05
77486	5.004468032e-05
77487	0.002271992067
77488	0.0008053367708
77489	0.0004220887259
77490	0.0005752797343
77491	0.001134724997
77492	0.005250120851
77493	0.002359047359
77494	0.000821449972
77495	0.001918586807
77496	8.645998386e-05
77497	0.002590965656
77498	0.005945114399
77499	0.0009464907502
77500	0.002108994256
77501	0.001684390469
77502	0.002155368687
77503	0.00504064761
77504	0.00040223724
77505	0.001738782596
77506	0.002599190863
77507	1.434869461e-05
77508	0.006404477742
77509	7.886525506e-05
77510	0.002039725681
77511	0.001067889587
77512	0.0006628557115
77513	0.0008292794568
77514	0.001671825003
77515	0.001690912813
77516	0.001209364181
77517	0.00396233789
77518	0.003075177241
77519	0.0003528710531
77520	0.003795401595
77521	0.001041626391
77522	0.005966632871
77523	0.0006441540205
77524	0.0007188628869
77525	0.0009419478684
77526	0.0021597605
77527	0.004670577407
77528	0.002046858234
77529	0.0009605428617
77530	0.006337024036
77531	0.004886668474
77532	0.005123837255
77533	0.0004088647838
77534	0.0003719727856
77535	0.001700833297
77536	0.002444686698
77537	0.0005339292667
77538	0.004173538414
77539	9.931929989e-05
77540	0.001797631409
77541	0.001150773551
77542	0.005047287713
77543	0.001882916024
77544	0.001507031789
77545	0.0001875660944
77546	3.918647354e-05
77547	0.005622952203
77548	0.002359449743
77549	4.956991379e-06
77550	0.0008092066996
77551	0.0002628710714
77552	0.003645143315
77553	0.003080979835
77554	0.0001045333917
77555	0.002367905524
77556	0.0004392429892
77557	0.0003849537451
77558	0.0001323965254
77559	0.002139838248
77560	0.002691015828
77561	0.0005383530869
77562	0.0001112636479
77563	0.004254799505
77564	0.0006685626817
77565	0.0002491486294
77566	0.0003857674047
77567	0.0002180752963
77568	0.002194903609
77569	0.002843060694
77570	0.00480315358
77571	0.0008050407201
77572	0.004717903823
77573	0.001928422307
77574	0.00300402023
77575	0.0005734599345
77576	0.001819505965
77577	0.001806948877
77578	0.003026743
77579	0.007541533233
77580	0.0009507413584
77581	0.004889653644
77582	0.001038203757
77583	0.0003173752246
77584	0.001092552732
77585	0.0009730297495
77586	0.0006328300159
77587	0.0003094194732
77588	0.002023821001
77589	0.001975030056
77590	0.000144046976
77591	0.001601699414
77592	0.004390036917
77593	0.002107523873
77594	0.0009306619385
77595	0.004951611497
77596	0.001204657856
77597	0.003121908837
77598	0.001681720317
77599	0.0009305943581
77600	0.001662442582
77601	0.005791789424
77602	0.0062526967
77603	0.00488162087
77604	0.006758422746
77605	0.005024646366
77606	0.003136723246
77607	0.0022633246
77608	0.00126029245
77609	0.0008942921636
77610	0.0007184640923
77611	0.001023910349
77612	0.002815080394
77613	0.001680649822
77614	0.004810931524
77615	0.006921945894
77616	0.002451200042
77617	0.003453186644
77618	0.003516647297
77619	0.0001398939204
77620	0.002711701083
77621	0.0004647504798
77622	0.0001528584549
77623	0.003973393339
77624	0.0009997268968
77625	0.001664831682
77626	0.00173842804
77627	0.0009874342611
77628	0.002193374546
77629	0.0006512244175
77630	0.000294687661
77631	0.003019498385
77632	0.002675515744
77633	0.002756338684
77634	0.005234076975
77635	0.004801138335
77636	0.001338381191
77637	0.004813830379
77638	0.003049226183
77639	0.003055876885
77640	0.0006192954965
77641	0.0007557530335
77642	0.003324612813
77643	9.192485061e-05
77644	0.0004720090144
77645	0.000940771731
77646	0.01028692474
77647	0.003572482198
77648	0.0004334468726
77649	0.0008221413307
77650	0.001227827323
77651	0.007344093736
77652	0.002381022306
77653	0.004183695247
77654	0.002923796056
77655	0.0005678991313
77656	0.00198464422
77657	0.0001400420383
77658	0.0003383312668
77659	0.004063115672
77660	0.003088609386
77661	0.006274881425
77662	0.0001720086079
77663	0.00293925059
77664	0.002952002224
77665	0.0004934395401
77666	0.008344947801
77667	0.002203401288
77668	0.000197496724
77669	0.0001118877254
77670	0.005503319342
77671	0.00192886238
77672	5.427486403e-05
77673	0.0002179207958
77674	0.001812497789
77675	0.003342839562
77676	0.006146479458
77677	0.001296368879
77678	0.002013317619
77679	0.003384128538
77680	0.0001910742606
77681	0.001943193141
77682	8.714901413e-05
77683	0.0009944880321
77684	0.0003313625063
77685	0.0006886357957
77686	0.002451611641
77687	0.0001475818613
77688	0.0001628336129
77689	0.003059233398
77690	0.007853614682
77691	0.001865726592
77692	0.0002645475028
77693	0.0005817085174
77694	0.0003231360827
77695	0.002568604734
77696	0.0003774824726
77697	0.0007167950582
77698	0.0002751248341
77699	0.003532229917
77700	0.0005336493676
77701	0.003710034472
77702	0.0002468879146
77703	0.0002313705755
77704	0.0004604248366
77705	0.000159300428
77706	0.0004939749043
77707	0.0001053079955
77708	0.0003350086154
77709	0.0002019169308
77710	0.001236833217
77711	0.0003409891823
77712	0.0004780348472
77713	0.001125562107
77714	0.003948516572
77715	0.004523382905
77716	0.002019202423
77717	0.000812813388
77718	0.009529700545
77719	0.0007858369582
77720	0.0001956556684
77721	0.0004712827842
77722	0.008240250519
77723	0.0007943725239
77724	0.0003568335954
77725	0.0006014924947
77726	1.604399786e-05
77727	0.0002333953151
77728	0.001523695533
77729	0.000137302843
77730	0.002044602344
77731	0.0008227400279
77732	0.001927121958
77733	0.0019563832
77734	0.0003074951809
77735	0.000562974126
77736	8.640034639e-05
77737	0.0005017737343
77738	0.001151889617
77739	0.0008362504939
77740	0.0003066407634
77741	0.00179853101
77742	0.0009574094612
77743	0.0002422775174
77744	0.001856535142
77745	0.003247485105
77746	0.001754671719
77747	0.003890071465
77748	0.001465037315
77749	0.0005568447638
77750	0.000965501063
77751	0.003407938779
77752	0.001446496723
77753	0.0008239948418
77754	0.002029448299
77755	0.004771633017
77756	0.001738618017
77757	0.001328423388
77758	0.003839500569
77759	0.0006827047491
77760	8.208432433e-05
77761	0.002492807362
77762	0.001510968813
77763	0.0002850970503
77764	0.0004252418805
77765	0.003226961444
77766	0.001544031063
77767	0.003142547496
77768	0.001391207968
77769	0.007756634035
77770	0.003134285087
77771	8.105052228e-05
77772	0.0004894993553
77773	0.002337655936
77774	0.001481902942
77775	0.001226361575
77776	0.001537683092
77777	0.0007934679294
77778	0.0003875733119
77779	0.002680051903
77780	0.001058426782
77781	0.001920389141
77782	0.008591876928
77783	0.0008141135907
77784	0.002946461742
77785	0.002688986665
77786	0.002652714994
77787	0.0006377914989
77788	0.0001831494668
77789	0.001655818183
77790	0.005037387375
77791	0.002312150489
77792	0.0008989406285
77793	0.002377650606
77794	0.002507735628
77795	0.001328568248
77796	0.001460174877
77797	0.001158073379
77798	0.001684331225
77799	0.003010472556
77800	0.0008191463476
77801	0.0003749260754
77802	0.003470756221
77803	0.0009356987312
77804	0.00257587604
77805	0.004572978376
77806	0.003090552318
77807	0.0002217651986
77808	0.0001031182743
77809	0.0014004029
77810	0.004567937363
77811	0.00155461284
77812	0.00414998843
77813	0.0008570139698
77814	0.00232835731
77815	7.707073196e-05
77816	0.0002819696535
77817	0.0004721990238
77818	0.002199010373
77819	0.0001543583051
77820	0.0004281730532
77821	0.002414813581
77822	6.988238321e-05
77823	0.0001999152399
77824	0.002660964081
77825	0.001262169859
77826	0.002534768886
77827	0.001763371182
77828	0.007319324139
77829	0.0006846621251
77830	0.005572348754
77831	0.001543230921
77832	0.0005534817197
77833	0.0007524631339
77834	0.001197846992
77835	0.0004323259528
77836	0.001275373501
77837	0.000218964232
77838	0.001142040776
77839	0.001211870808
77840	0.001758121753
77841	0.001408704711
77842	0.001217461753
77843	0.0003373717915
77844	0.001089370146
77845	0.003012843014
77846	0.00255775207
77847	0.0002808774939
77848	0.001285651291
77849	0.004475078902
77850	0.0003243488248
77851	0.004196956904
77852	0.00110018112
77853	0.001547605835
77854	0.001469548261
77855	0.00117182852
77856	0.0004769087163
77857	0.001813521303
77858	0.0008677874123
77859	0.004022187745
77860	0.003007492806
77861	0.003854774162
77862	0.000242619379
77863	0.002906430909
77864	0.002330076365
77865	0.001113363405
77866	0.002689077209
77867	0.001496012443
77868	0.001216598949
77869	0.002550143893
77870	0.002443524714
77871	0.003500019577
77872	0.0004343567208
77873	0.002269415804
77874	0.007387582933
77875	0.001113180911
77876	0.004585007421
77877	0.0004380663026
77878	0.00121404963
77879	0.0009775805013
77880	0.003346993046
77881	0.0008886214347
77882	1.350820316e-07
77883	0.0003695575934
77884	0.001187434419
77885	0.00127024874
77886	0.0008533589083
77887	0.001670910831
77888	0.001391346477
77889	0.001658889377
77890	0.002049044238
77891	0.0006060744861
77892	0.001292007855
77893	0.0006495739698
77894	0.004679801067
77895	0.002795091437
77896	0.001261498739
77897	0.000578951628
77898	0.001998310539
77899	0.003035360465
77900	0.004688978497
77901	0.003611454396
77902	0.000324273783
77903	0.002712860198
77904	0.006041069101
77905	0.0009211072818
77906	0.001148220002
77907	0.001308075586
77908	0.0007252698033
77909	0.001288181977
77910	0.006823262038
77911	0.003333643906
77912	0.002978754227
77913	0.001794655889
77914	0.0003627916091
77915	0.0004058460891
77916	0.00149232193
77917	0.002091261605
77918	0.002542643416
77919	0.003049154454
77920	0.004026277723
77921	0.002247212666
77922	0.001568990455
77923	7.184842094e-05
77924	0.0001517923447
77925	0.0003470562341
77926	7.156079044e-05
77927	0.000854504432
77928	7.249199399e-05
77929	0.0001333776882
77930	0.0001166054269
77931	0.001826685436
77932	0.0002442169694
77933	0.005669917847
77934	0.004466196552
77935	0.004187512859
77936	0.001986228004
77937	0.002028934053
77938	0.0008652841676
77939	0.000521839465
77940	2.988073135e-05
77941	0.0001159867409
77942	0.001655208904
77943	0.003210105602
77944	0.0005147171196
77945	5.176742351e-06
77946	0.0002895978064
77947	0.002163241216
77948	0.001124545446
77949	0.0008676066117
77950	0.0001020922174
77951	0.003032946655
77952	0.002087387668
77953	0.007873568159
77954	0.004464770674
77955	0.0001316898145
77956	0.003490869495
77957	0.0007361909431
77958	0.00201897075
77959	0.003653977985
77960	0.002508901921
77961	0.004826211134
77962	0.0006438111651
77963	0.0003096411973
77964	0.0003422592845
77965	0.001143935338
77966	0.005676863488
77967	0.001752371845
77968	0.001547350894
77969	0.0003953383665
77970	8.452723773e-05
77971	0.0002190701939
77972	0.0004654220838
77973	6.179557789e-05
77974	0.0002809669423
77975	0.0002785385719
77976	0.0005899349334
77977	9.77614003e-05
77978	0.0002639777462
77979	6.734349461e-05
77980	0.0001841403768
77981	0.0001258114093
77982	7.703112314e-05
77983	1.882296379e-05
77984	0.0002378181185
77985	0.0002066216547
77986	0.0005295250962
77987	0.0002878424162
77988	0.0005492689491
77989	0.0003454593527
77990	0.000140210738
77991	0.0003470740929
77992	0.0004640684949
77993	0.0004436293163
77994	5.282392754e-05
77995	0.0003895915374
77996	0.0001449323052
77997	6.673550942e-05
77998	5.413774539e-05
77999	0.0001037165951
78000	0.0003392670927
78001	0.0003033066237
78002	0.0002263810556
78003	8.233849831e-05
78004	0.0001770178824
78005	0.0003200081608
78006	0.0003931720908
78007	0.0001684187947
78008	3.264159318e-05
78009	0.0001281197359
78010	0.000450000326
78011	1.748601499e-05
78012	7.162345597e-06
78013	0.0005313714272
78014	6.191718871e-05
78015	0.0001046604746
78016	0.0001755993648
78017	6.640396567e-05
78018	0.0004360939451
78019	0.0007280409342
78020	0.000125019401
78021	0.0001037013536
78022	0.0001471534428
78023	2.35133372e-05
78024	0.0002138490663
78025	0.0001257062697
78026	2.675835258e-05
78027	0.0002269738801
78028	0.0006554952231
78029	0.0001671503115
78030	0.0001319750602
78031	0.0003635181988
78032	4.970063316e-05
78033	0.0004803313221
78034	0.0008488530257
78035	0.000634895374
78036	0.0004843431574
78037	5.343362296e-05
78038	0.0003016427794
78039	0.000133459634
78040	0.0006523588717
78041	0.0003333929938
78042	0.001547760075
78043	0.0004410094873
78044	1.78927315e-05
78045	0.0001260933357
78046	0.0001757190003
78047	0.000139537453
78048	3.735239856e-05
78049	0.0005972198886
78050	0.0005029679712
78051	7.759427806e-05
78052	0.0001582726886
78053	0.000263609603
78054	8.042124127e-06
78055	0.0001869423225
78056	0.0001224442618
78057	0.0002456245605
78058	1.126718673e-05
78059	0.0003740707237
78060	0.002212642251
78061	0.005129461526
78062	0.001243530146
78063	0.0004731393349
78064	0.0002880529199
78065	0.0002717172301
78066	0.0001285624297
78067	0.001009013098
78068	0.0001879735768
78069	0.0009112803428
78070	0.000631944911
78071	0.0007089524149
78072	0.001269056836
78073	0.00412933497
78074	0.0002098025734
78075	7.345292931e-05
78076	0.003619421063
78077	0.002522446651
78078	3.905531666e-05
78079	9.397162018e-05
78080	0.0002500571823
78081	2.236508385e-05
78082	0.0002836200904
78083	0.0001946807426
78084	0.001848645032
78085	0.0009334661548
78086	2.931639324e-05
78087	1.501829148e-05
78088	0.000270015374
78089	0.000259590515
78090	0.001134492651
78091	0.0002376549978
78092	0.001227938761
78093	0.0002445669787
78094	0.0001805960571
78095	0.0001770543517
78096	0.001747425689
78097	0.0001173041441
78098	0.0005989663569
78099	0.0004735684807
78100	5.265314877e-05
78101	0.0002168027846
78102	0.0002784524139
78103	0.0006536981347
78104	6.786717347e-05
78105	0.001789066054
78106	0.0005030720092
78107	0.0007017359898
78108	0.0003846451181
78109	9.049467826e-06
78110	0.006843633721
78111	0.0002868647215
78112	0.0002626139304
78113	0.0003496066569
78114	0.0001030661184
78115	0.0003320626941
78116	0.000348673774
78117	0.002026522754
78118	0.0002437452896
78119	0.000188671455
78120	0.0004477027721
78121	0.0003717249807
78122	0.0007023059408
78123	1.787864701e-06
78124	0.000252749317
78125	0.0001260855768
78126	0.0003042809344
78127	0.0005597752923
78128	0.0005933657826
78129	0.0001500245035
78130	7.564548506e-05
78131	0.001156144288
78132	0.0008911911404
78133	0.0003603352239
78134	0.0003045343496
78135	0.00050849074
78136	0.0003365422495
78137	0.0002287940666
78138	0.0001341006964
78139	0.000581471363
78140	0.0006855561748
78141	0.0009461851958
78142	9.942082647e-05
78143	0.0003215409394
78144	0.0003234632724
78145	0.0001875593242
78146	0.0007433659895
78147	0.0001765128279
78148	0.0007180740026
78149	0.0002092321799
78150	0.0001745855658
78151	0.0006098736565
78152	0.000199376788
78153	0.000165377933
78154	3.972780519e-05
78155	8.530922917e-05
78156	0.0002714230821
78157	0.00105756743
78158	0.0004217626631
78159	0.0003946340651
78160	0.0003341742814
78161	0.0002482434777
78162	0.0001504435082
78163	1.574191889e-05
78164	0.00034654538
78165	3.912835421e-05
78166	7.196410543e-05
78167	0.0003968361567
78168	0.0001513173634
78169	0.0005370078481
78170	0.0004166481795
78171	0.0001517589872
78172	7.090313637e-05
78173	6.675213739e-05
78174	0.0009189816289
78175	0.0002184038935
78176	0.0005800165408
78177	0.001141214149
78178	0.0008583345104
78179	4.968088448e-05
78180	0.0003577109023
78181	0.0005557073256
78182	0.0004617835623
78183	0.0004203224359
78184	0.0008220217656
78185	0.0001134965552
78186	7.237048898e-05
78187	8.265155199e-05
78188	0.001763448481
78189	0.002301791009
78190	0.000542263103
78191	0.0003687993144
78192	0.00018173628
78193	0.0001916244196
78194	0.0002221198618
78195	0.0002647466055
78196	0.0006895323547
78197	0.0003823463544
78198	0.0004194441358
78199	0.0004454596224
78200	0.0002843985572
78201	0.0001576020051
78202	0.0002921832775
78203	0.0001082197866
78204	0.0004786749537
78205	0.001253146359
78206	0.0001308516592
78207	8.223819688e-05
78208	0.0005631132554
78209	0.0001041772809
78210	0.0001980706946
78211	0.0003277828098
78212	0.0003661823834
78213	0.0006113351006
78214	8.564384739e-05
78215	0.000513199294
78216	0.0005408337963
78217	0.0001432003293
78218	0.0006166201638
78219	0.0003137840845
78220	0.0003847178194
78221	3.955679535e-05
78222	0.0002241662085
78223	0.002921558469
78224	0.0007668741607
78225	0.000179918973
78226	2.132992561e-05
78227	0.0002690343071
78228	6.903963792e-05
78229	0.0001137975325
78230	0.0001734391248
78231	0.0005172465709
78232	4.157431283e-05
78233	6.008315524e-05
78234	0.0008694207705
78235	0.0001794347727
78236	1.015164069e-05
78237	3.744082888e-05
78238	6.483076232e-05
78239	0.0002171638874
78240	0.0004440711001
78241	0.0005485378252
78242	0.0002381449733
78243	0.0001257887211
78244	6.51865266e-05
78245	0.00019869621
78246	0.0002803078129
78247	0.0007563606383
78248	0.0002114603072
78249	0.0002136268567
78250	4.11524351e-05
78251	0.0001307083548
78252	9.953774694e-06
78253	0.0001653335419
78254	0.0002100710887
78255	0.0003358278211
78256	0.0008534849357
78257	0.0001064654769
78258	0.000147811467
78259	0.000714836022
78260	1.704694688e-05
78261	0.0002344877743
78262	3.56548524e-05
78263	0.0001553579992
78264	0.0009276041538
78265	0.0001021590866
78266	0.0004353375932
78267	0.001785438424
78268	0.000226888586
78269	0.0001663334724
78270	0.0001631393051
78271	0.0001961760673
78272	0.0002899777911
78273	0.0004294606067
78274	0.0003420969183
78275	0.0002450092143
78276	0.0001185074089
78277	6.790857084e-05
78278	3.26753923e-05
78279	0.0003993379029
78280	0.0003258694618
78281	0.0001062766392
78282	0.0002013087079
78283	0.0006134324252
78284	0.000289954866
78285	0.000646998229
78286	0.00116633376
78287	0.0001779841801
78288	0.0006555589558
78289	0.0002117783317
78290	0.0001770524572
78291	0.0003046959065
78292	0.0004553899752
78293	0.0003548663465
78294	0.0003381205009
78295	2.435488488e-05
78296	0.0007360995918
78297	0.0003531064961
78298	0.002532105142
78299	0.0001125825225
78300	0.0009179099959
78301	0.0009688857629
78302	7.976177015e-05
78303	0.0007373528101
78304	0.0006608028671
78305	0.0009425999282
78306	0.00078558685
78307	0.0004673496261
78308	0.0005609214688
78309	0.0003301569996
78310	0.001275908739
78311	0.0006864754127
78312	0.0007288404401
78313	0.0002455492839
78314	0.0003159402425
78315	5.991963891e-05
78316	0.001612943688
78317	0.0003003552649
78318	0.000203740731
78319	0.001015189415
78320	0.0002827034682
78321	0.0007262648322
78322	0.0004093642
78323	0.0001030600908
78324	0.0009066879137
78325	0.0007194882514
78326	0.0005618151168
78327	0.0004019849047
78328	7.63050122e-05
78329	0.0001481109383
78330	7.861225399e-05
78331	0.0003788784416
78332	0.0002426670129
78333	0.0004655284066
78334	0.0003356976401
78335	0.0003207329673
78336	0.0003828697946
78337	7.263795485e-05
78338	1.225060139e-05
78339	0.0009813130648
78340	0.0002552410161
78341	0.0002052265449
78342	0.0006414468347
78343	0.0001746107183
78344	0.0002052074821
78345	0.0003945446956
78346	0.0003547507326
78347	0.0002417579243
78348	7.092282996e-05
78349	7.830552962e-05
78350	0.0006825984228
78351	0.001119283182
78352	0.0001395371481
78353	0.0001144781256
78354	0.000110633262
78355	0.0007339620414
78356	0.0003196061842
78357	0.000707796901
78358	0.0006649043044
78359	0.0004658955745
78360	2.093433766e-05
78361	0.0004673048891
78362	0.001087353236
78363	0.0004052470892
78364	0.0002370155585
78365	0.0002995812251
78366	0.000581009186
78367	0.0004332980081
78368	0.0008683729151
78369	8.468308793e-05
78370	0.0007363850402
78371	0.0001832900838
78372	0.0007643734946
78373	0.0003299689295
78374	0.001143774057
78375	0.002117953426
78376	0.001453197553
78377	0.0006053468781
78378	0.001673006042
78379	0.002035245594
78380	0.002671416181
78381	0.0002638576478
78382	7.746242605e-05
78383	0.0005709178774
78384	0.001448039793
78385	0.003627689267
78386	0.001502944702
78387	0.001636963915
78388	0.001287665048
78389	0.003055333376
78390	0.002617131994
78391	0.0001620167189
78392	0.0001384216442
78393	0.0007140746283
78394	5.074177619e-05
78395	0.0007266686074
78396	0.0003920237757
78397	0.000295644558
78398	0.0006910297856
78399	0.0001668126184
78400	4.450976245e-05
78401	0.0008535464451
78402	4.21597203e-05
78403	0.0008176988765
78404	9.165373977e-05
78405	0.0005722550353
78406	5.339033444e-05
78407	0.0002684103036
78408	0.0002316337426
78409	0.0003413200655
78410	0.0004563700413
78411	0.000133201606
78412	0.0009196391486
78413	0.003638693875
78414	0.0007796585615
78415	0.001064993637
78416	0.001041117497
78417	0.000940824243
78418	0.00154421458
78419	0.0003835390611
78420	0.0002435829204
78421	0.0006854557085
78422	0.0001390071491
78423	2.975701806e-05
78424	0.001648422918
78425	0.0007052146112
78426	0.001242506972
78427	0.001155632119
78428	9.251075055e-05
78429	0.001072790252
78430	0.0003205124322
78431	0.0008367636816
78432	0.0002173635423
78433	0.0001558336378
78434	0.0007567254571
78435	0.0008824778476
78436	0.00079009799
78437	0.001094661488
78438	2.294336956e-05
78439	0.001473801772
78440	0.0008664084549
78441	0.0009570168745
78442	0.0008033027735
78443	8.126967686e-05
78444	0.0001673873876
78445	0.0008910216242
78446	0.0004402004534
78447	0.0003707767679
78448	0.002529269637
78449	0.002029679595
78450	0.004328642742
78451	0.001605993778
78452	0.001775665727
78453	0.0005911444366
78454	0.0001945008699
78455	0.00010503251
78456	0.004904940473
78457	0.0001156288632
78458	0.001356821928
78459	0.0004844173381
78460	0.000367871067
78461	0.004221829892
78462	0.0009501665745
78463	0.0009710583546
78464	0.0008471382163
78465	0.006703868669
78466	0.00342338742
78467	0.004941384804
78468	0.001297004409
78469	0.0009551811885
78470	0.000178134457
78471	0.00166466859
78472	0.0009394866416
78473	0.004224283836
78474	0.00143394299
78475	0.00379490557
78476	0.0045811805
78477	0.001137044114
78478	0.001084824429
78479	0.002054139852
78480	0.007801146332
78481	0.0002132914206
78482	0.002242958591
78483	0.001273964688
78484	0.000495379762
78485	0.000190875792
78486	0.000420881256
78487	0.0008605934901
78488	0.0007180663251
78489	0.0006240239998
78490	0.002357721607
78491	0.002093454809
78492	0.001300191764
78493	6.192641695e-05
78494	0.0001444987045
78495	0.000117988337
78496	0.00374722937
78497	0.001750442761
78498	0.0007644732001
78499	0.0002836308879
78500	0.003149509827
78501	0.0009405796503
78502	0.004934445003
78503	0.0001692089422
78504	0.003851158464
78505	0.003692254407
78506	0.002348638671
78507	0.0009975009348
78508	0.002135517009
78509	0.002525579568
78510	0.003377482855
78511	0.002297744605
78512	0.002956391596
78513	0.002134096239
78514	0.003964821377
78515	0.002325085954
78516	0.000143651779
78517	0.00216733194
78518	0.003147519189
78519	0.001088197465
78520	0.002738165637
78521	0.003445285243
78522	0.001900945801
78523	0.003568080638
78524	0.002971088836
78525	0.004574831497
78526	0.004549972031
78527	0.001892262014
78528	0.0006661613982
78529	0.001652676475
78530	0.0003244952833
78531	0.001349484385
78532	0.0006175316493
78533	0.001055577185
78534	0.001057571478
78535	0.005046370063
78536	0.0009063894756
78537	0.002931985073
78538	0.0002690031791
78539	0.000634455361
78540	2.936763293e-05
78541	2.10648703e-05
78542	0.0008187126936
78543	0.0009873488798
78544	0.0002339182628
78545	0.000201197342
78546	0.0005359836979
78547	0.001094596165
78548	0.0001209410146
78549	0.0004625355369
78550	0.0001056716182
78551	0.001071374892
78552	0.001026652012
78553	0.0005021061691
78554	0.0004811408736
78555	0.000354027726
78556	0.0001591958374
78557	0.001335878585
78558	0.0004364453495
78559	0.000562317451
78560	0.0001290711699
78561	0.003483061155
78562	0.001533687994
78563	0.001400782527
78564	0.002267429915
78565	0.001707191924
78566	0.002615650489
78567	0.008163636933
78568	0.002283846517
78569	0.003845978373
78570	0.006670256456
78571	0.003094852688
78572	0.001156841552
78573	0.001046407617
78574	0.002421959153
78575	0.004996472575
78576	0.002579132503
78577	0.002392612388
78578	0.004463087344
78579	0.004771649021
78580	0.002391908409
78581	0.00671957754
78582	0.001915734368
78583	0.00489321702
78584	0.005750120837
78585	0.007201765396
78586	0.005126469489
78587	0.004690613897
78588	0.006042670106
78589	0.003884425296
78590	0.004155300291
78591	0.003037171964
78592	0.001359559211
78593	6.390563332e-05
78594	0.004093649602
78595	3.67514664e-05
78596	0.0009835482521
78597	0.0006966136818
78598	0.006642008607
78599	0.002009201059
78600	0.005641408728
78601	0.001005934991
78602	5.007718728e-05
78603	0.0001893321077
78604	0.0003358367042
78605	4.412563056e-05
78606	0.001364956031
78607	0.0008117789024
78608	9.181486806e-05
78609	0.0004985185995
78610	0.0003561827551
78611	0.001587370625
78612	0.0002085696199
78613	0.0002021544443
78614	0.00438871376
78615	0.001420941689
78616	0.005053371022
78617	0.0001061157608
78618	0.001562528616
78619	0.001014923316
78620	0.004343212228
78621	0.001562828925
78622	0.001665699592
78623	0.0002060387273
78624	0.0002179548244
78625	0.0003013120913
78626	0.001061553203
78627	0.0004094004592
78628	0.0005037439782
78629	0.0001462054901
78630	0.0007593080583
78631	0.0008627936869
78632	0.0004443146379
78633	0.003123826136
78634	0.00383358134
78635	0.001091773322
78636	0.001351659679
78637	0.0008804118537
78638	0.0004790380127
78639	0.0004834615366
78640	0.002077882819
78641	0.001133992697
78642	0.0004250194474
78643	2.098032596e-06
78644	2.696632988e-05
78645	0.0002489715369
78646	0.0002758026277
78647	0.002789067356
78648	0.002451653342
78649	0.004589427824
78650	0.003395769094
78651	0.003742954959
78652	0.004055629513
78653	0.002549297528
78654	0.0009677105865
78655	0.007116695493
78656	0.001112316389
78657	0.001865290473
78658	5.93294768e-05
78659	0.0004842214633
78660	0.0007466873158
78661	0.0003411807803
78662	0.0001799397904
78663	0.005712827508
78664	9.916436751e-07
78665	0.004089812313
78666	0.001420046359
78667	0.00104500236
78668	0.002367769094
78669	0.002084994413
78670	0.003027222729
78671	0.001369005676
78672	0.005345306005
78673	0.005444097865
78674	0.003211735733
78675	0.005893299999
78676	0.0009542369636
78677	0.001409680244
78678	0.003952243941
78679	1.158591461e-05
78680	0.002824849066
78681	0.002676138443
78682	0.002066919321
78683	0.001615638046
78684	0.006318912372
78685	0.0003187443373
78686	0.00249925985
78687	0.001888470481
78688	0.0001936289368
78689	0.0003465529243
78690	0.0001538362809
78691	0.0008298906028
78692	0.003552553915
78693	0.001070512529
78694	0.0008753758021
78695	3.857010893e-05
78696	0.001438458623
78697	0.0007537577482
78698	0.0005549035868
78699	0.002591506447
78700	0.002118601962
78701	0.0001968209943
78702	0.004319009174
78703	0.0001028378918
78704	0.001055948039
78705	0.002046181002
78706	0.001466760928
78707	0.001084661668
78708	0.0007261671238
78709	0.0002433666861
78710	4.076108177e-05
78711	0.0001012247323
78712	0.0004950079993
78713	0.0006663317044
78714	0.0004830394584
78715	4.053861708e-06
78716	0.001870133457
78717	0.0004626013172
78718	0.0007689562157
78719	0.0001672990952
78720	0.0001765987049
78721	0.002099621731
78722	0.0003574390978
78723	0.0007701231027
78724	0.0001063783779
78725	0.00199268546
78726	0.0003166499267
78727	0.0004759474845
78728	1.341795162e-05
78729	0.001770006867
78730	0.0003861705585
78731	0.0004442328105
78732	0.0002150802528
78733	0.001071293999
78734	0.003478504792
78735	0.001542303834
78736	0.002682285982
78737	0.0008943310449
78738	0.001136115664
78739	0.002874892303
78740	5.843267779e-05
78741	0.0008641886678
78742	0.004396303097
78743	0.002991048074
78744	0.002418484307
78745	9.675345393e-05
78746	0.0007351907053
78747	0.0004828548036
78748	4.17249862e-05
78749	0.000404227727
78750	0.001852252317
78751	0.0006385120872
78752	0.001405382502
78753	4.996096473e-06
78754	0.001740732111
78755	0.001531926668
78756	0.0003910058414
78757	0.001722959831
78758	0.0008250582636
78759	0.002065726515
78760	0.001825678817
78761	0.002617718951
78762	0.001629887263
78763	0.005132300766
78764	0.0006929851985
78765	0.00107510207
78766	0.004323936283
78767	0.001546607137
78768	0.002273158891
78769	0.001261368287
78770	0.002104378889
78771	0.004230187654
78772	0.0001522325836
78773	0.00316413221
78774	0.0003785935228
78775	0.001096410602
78776	0.005009840332
78777	0.0009933780101
78778	0.001860838814
78779	0.002733201165
78780	0.0008399754147
78781	2.727631745e-05
78782	0.000268322722
78783	0.0001796526608
78784	0.001353428432
78785	0.001067894956
78786	0.001429070845
78787	0.005184681046
78788	0.002608617764
78789	0.001927189827
78790	0.001207141063
78791	0.001431072311
78792	0.0008047934953
78793	0.001334365141
78794	0.002795248124
78795	0.0008607574159
78796	0.001573891667
78797	8.285682592e-05
78798	0.001188396874
78799	0.001486378341
78800	0.0002197921303
78801	0.001232450467
78802	0.002091452655
78803	0.001766257225
78804	0.0012330965
78805	0.00282492969
78806	0.0003796571989
78807	0.0006145047474
78808	0.00141805798
78809	0.002120693666
78810	0.0009326359744
78811	0.002750583879
78812	0.003367589609
78813	0.002137870755
78814	0.004377695027
78815	0.00121389437
78816	0.00279426324
78817	0.002589919473
78818	0.000481492402
78819	0.0005546142963
78820	0.002537595377
78821	0.001826583148
78822	0.001832626567
78823	0.0001233773105
78824	0.000658925813
78825	0.0009935225641
78826	0.001314106489
78827	0.0009827913838
78828	0.0003324063358
78829	0.001233357136
78830	0.002205539351
78831	5.247175337e-05
78832	0.002112964347
78833	0.001853498016
78834	0.004246430691
78835	0.004108208749
78836	2.701640633e-07
78837	0.001299802852
78838	0.003006032142
78839	0.003621928633
78840	0.0026446715
78841	0.00347308485
78842	0.002713017703
78843	0.001676809217
78844	0.001814069317
78845	0.006583734069
78846	0.002554692794
78847	0.003601069118
78848	0.000901203039
78849	0.001044477734
78850	0.004832748854
78851	0.003621107279
78852	0.0003934968951
78853	0.0006478061352
78854	0.003555204331
78855	0.00280026965
78856	0.0002348860167
78857	0.0005653421113
78858	0.003263841842
78859	0.0009078561696
78860	0.0009437486787
78861	0.00127814869
78862	0.001479083082
78863	0.0002746417908
78864	5.260805965e-05
78865	0.0009832189826
78866	0.0004651295475
78867	0.0008568394745
78868	0.004808585048
78869	0.001087150906
78870	0.00609408824
78871	0.005132352123
78872	0.0003836401665
78873	0.001262170485
78874	0.003509535447
78875	0.002309249621
78876	0.004851163033
78877	0.0008009998385
78878	0.004186448706
78879	0.001597820832
78880	0.0007686790537
78881	2.339768921e-06
78882	0.001062741224
78883	0.004267186235
78884	0.001807715321
78885	0.002142202083
78886	0.000663548107
78887	0.001232806091
78888	0.003360098413
78889	0.004451769736
78890	7.137981295e-05
78891	0.001049439395
78892	0.004829006567
78893	0.0001982327431
78894	0.003012310417
78895	0.0007524515575
78896	0.001370796825
78897	0.001770574039
78898	0.0009121790763
78899	0.0001279782738
78900	0.0004483160919
78901	0.0004231537498
78902	0.002374642455
78903	0.002401420961
78904	0.001799069361
78905	0.001000420595
78906	0.004676767869
78907	0.003464360967
78908	0.00109478822
78909	0.001405351642
78910	5.472793069e-05
78911	0.001681840384
78912	0.003838981425
78913	0.001378727947
78914	0.0009267020743
78915	0.004561834458
78916	0.007698015852
78917	0.002691537239
78918	0.002214562081
78919	7.568158909e-05
78920	0.005621765706
78921	0.002688043199
78922	0.0006645247567
78923	0.0009652565242
78924	0.0001405699923
78925	0.0003338020365
78926	0.0003152604585
78927	0.0004905621493
78928	0.0003760335395
78929	0.0005152645496
78930	0.0002347721496
78931	0.0001462661497
78932	0.001369071059
78933	0.004275727849
78934	0.004185405742
78935	0.003423759187
78936	0.003225955745
78937	0.0001162665299
78938	0.003304897223
78939	0.0001666987708
78940	0.001859585749
78941	0.0032332389
78942	0.0006250850983
78943	0.0004146393505
78944	0.001108231352
78945	0.003413754357
78946	0.0005010573042
78947	0.0008031616189
78948	0.0003015027313
78949	0.0005880516443
78950	0.001559787308
78951	0.0005510542899
78952	0.002934786701
78953	0.005589301863
78954	0.0004423339012
78955	0.00239973373
78956	0.0009630426886
78957	0.003886946511
78958	0.00636087109
78959	0.0001383589404
78960	0.0007494955197
78961	0.00163758914
78962	0.004878991771
78963	0.003940484324
78964	0.007321181872
78965	0.001324869114
78966	0.001330690018
78967	0.0008271355619
78968	0.001043503306
78969	0.0002045389487
78970	0.001942901989
78971	0.0005192353253
78972	0.003069863759
78973	0.002230740254
78974	0.001401682729
78975	0.00236559152
78976	0.0008435886713
78977	0.003839370064
78978	0.0008846854295
78979	0.0009761081512
78980	0.002456004829
78981	0.001667262199
78982	0.002312381039
78983	0.005721511673
78984	0.001547529966
78985	0.004974021698
78986	0.001160899528
78987	0.004416456746
78988	0.002708368427
78989	0.003349901875
78990	0.003724527878
78991	6.130283339e-05
78992	0.0001578222775
78993	0.0009502215133
78994	0.0009270514172
78995	0.004034303094
78996	0.0007099621082
78997	0.002770373488
78998	0.003446498784
78999	0.002280385879
79000	0.003292690598
79001	0.0008885825766
79002	0.001371584461
79003	0.007354210757
79004	0.002004161265
79005	0.002858597185
79006	1.81662123e-05
79007	0.004567760502
79008	0.001703338272
79009	0.003074809115
79010	0.003525555295
79011	0.0002127411734
79012	0.003678023407
79013	0.001730205539
79014	0.00146218179
79015	0.001095174843
79016	0.003732290401
79017	0.0008067130724
79018	0.003650763571
79019	0.001298479169
79020	0.0009451623002
79021	0.0001741117445
79022	0.004072352288
79023	0.004206907711
79024	0.000363450084
79025	0.002618745218
79026	0.0016588814
79027	0.005566653014
79028	0.001604296909
79029	0.006434561992
79030	0.001639979379
79031	0.002491645621
79032	0.003129830472
79033	0.0006282106026
79034	0.001610436123
79035	0.003667705779
79036	0.0001646116759
79037	0.001395935105
79038	0.005904967803
79039	0.001983375077
79040	0.0008950355307
79041	0.002291448511
79042	0.000947374211
79043	0.001958952492
79044	0.0001601562592
79045	0.003523004272
79046	0.001867702451
79047	0.004170769947
79048	0.005439878525
79049	0.001425460431
79050	0.0001403508085
79051	0.0005037790934
79052	0.0009315604942
79053	0.001916429967
79054	0.0004727186063
79055	0.001681251881
79056	0.0003056642105
79057	0.001306004879
79058	0.001456918887
79059	0.001248440644
79060	0.00431265064
79061	0.008624248462
79062	0.0004736223476
79063	0.002185310485
79064	0.0004162265953
79065	0.0003629760694
79066	0.001209205474
79067	0.0002001616608
79068	0.0009062197097
79069	6.891906303e-05
79070	0.0006193088579
79071	0.003607291622
79072	0.0002335009221
79073	0.003623062541
79074	0.003697833742
79075	0.003380138592
79076	0.002581686644
79077	0.003546882966
79078	0.006481863305
79079	0.002130061307
79080	0.00164489979
79081	8.036637431e-05
79082	0.004692417114
79083	0.0001120108287
79084	0.002409203159
79085	0.00180172363
79086	0.0004094353479
79087	0.002010924044
79088	0.004089924942
79089	0.004208147442
79090	0.001961438854
79091	0.009621854171
79092	0.001902346962
79093	0.001718468299
79094	0.005708346391
79095	0.002238021829
79096	0.001250861513
79097	0.001595495913
79098	0.0005544253944
79099	0.000567349605
79100	0.003900328304
79101	0.003678700292
79102	0.0009919320512
79103	0.0002860255123
79104	0.0001534698734
79105	0.002100032157
79106	0.001730200749
79107	0.0008910656613
79108	0.002025373802
79109	0.004499277817
79110	0.001447614188
79111	0.001289069506
79112	0.0003895731848
79113	0.0005745564796
79114	0.0001388377438
79115	0.002825406098
79116	0.001810976222
79117	0.002490543494
79118	0.0008426686164
79119	0.002635712527
79120	0.0007744198139
79121	0.002068417727
79122	0.001789324896
79123	0.003151014326
79124	0.001634289632
79125	0.002844306866
79126	0.001042346255
79127	0.003858984269
79128	0.002390482616
79129	0.00086796854
79130	0.003136290654
79131	0.004394878338
79132	0.001339522892
79133	0.001651212525
79134	0.003652693358
79135	0.0001429096664
79136	0.001044814441
79137	0.002242916948
79138	0.007356487458
79139	0.001156921987
79140	0.002797621343
79141	3.728897039e-05
79142	0.003504892258
79143	0.009148796742
79144	0.001762246497
79145	0.002378781813
79146	0.0005925265957
79147	0.001770544373
79148	0.00271703931
79149	0.001610849108
79150	0.004096923963
79151	0.001607554299
79152	0.001694349873
79153	0.0004388627577
79154	0.0007220723175
79155	0.001324012896
79156	0.004981940878
79157	0.001098309532
79158	0.0004548677489
79159	0.002291194302
79160	0.001319745752
79161	0.001719487149
79162	0.002597451062
79163	0.001031931913
79164	0.0003649508087
79165	7.820825733e-05
79166	0.002599147768
79167	0.00181115783
79168	0.001569473091
79169	0.002968414535
79170	0.003191408285
79171	0.001182647259
79172	0.002403731812
79173	0.0006461871329
79174	0.001810720317
79175	0.004295474293
79176	0.0003718133453
79177	0.003128267795
79178	0.00196261149
79179	0.001224359873
79180	0.001421519993
79181	0.001514387003
79182	0.00559510121
79183	0.0006755797808
79184	0.005105332513
79185	0.0005208429333
79186	0.004522166913
79187	0.0008183189411
79188	3.774301107e-05
79189	0.00464641738
79190	0.002256268169
79191	0.004802942502
79192	0.001767572312
79193	6.783426062e-05
79194	0.001035120011
79195	0.003110272929
79196	0.0008775122676
79197	0.002995748042
79198	0.002334116284
79199	0.003440772486
79200	0.0006440178095
79201	0.0009945021181
79202	0.001270036779
79203	0.001834008109
79204	0.002346766405
79205	0.0007384371546
79206	0.0001493614195
79207	0.001954078267
79208	0.006303908993
79209	0.001431849449
79210	0.007220249338
79211	0.002117307239
79212	0.0002277323665
79213	0.0008287803051
79214	0.0006763476367
79215	0.001064068015
79216	0.002897974023
79217	0.003401639624
79218	0.001026210494
79219	0.005791882078
79220	0.0005728468585
79221	0.004621719119
79222	0.005244027391
79223	0.0004430964812
79224	0.00307818941
79225	0.0004278048663
79226	0.001421049268
79227	0.002437375879
79228	0.002656349605
79229	0.0007653701902
79230	0.001332427234
79231	0.001570428029
79232	0.001762753439
79233	0.001616105378
79234	0.0004600957952
79235	0.001406684672
79236	0.003816200118
79237	0.002000366895
79238	0.001333853676
79239	0.002242917071
79240	0.004791563543
79241	0.0005230639771
79242	0.002602612684
79243	0.001482776306
79244	0.00667560942
79245	0.001385094695
79246	0.001074484571
79247	0.001277228815
79248	0.001448684816
79249	0.002769498191
79250	0.001879093295
79251	0.001171553276
79252	0.001224437197
79253	0.0008546656622
79254	0.002753632294
79255	0.0001943010777
79256	0.002805570159
79257	0.003156708203
79258	0.003014373836
79259	0.001518691234
79260	0.00233703905
79261	0.003152663531
79262	0.002678432682
79263	0.001175824634
79264	0.007569373768
79265	0.004716073097
79266	0.0007580414452
79267	0.004970263067
79268	0.0002599230062
79269	0.004512273995
79270	0.001309307297
79271	0.001649609366
79272	0.0006981001436
79273	0.004340754648
79274	0.003445371077
79275	0.002035215881
79276	0.000633679855
79277	0.003471785221
79278	0.001189463508
79279	1.466652335e-05
79280	0.001525764652
79281	0.000610669637
79282	0.004623478888
79283	0.0004108663045
79284	0.003016277859
79285	0.002120992634
79286	0.0006947517805
79287	0.002926121441
79288	0.002424329615
79289	0.004601247229
79290	0.0009237929799
79291	0.001224653644
79292	0.002846625734
79293	0.002962667537
79294	0.002045645529
79295	0.003893797343
79296	0.0004671960596
79297	0.002528470698
79298	0.0006446194726
79299	0.001529127495
79300	0.0009060956675
79301	0.001982822976
79302	0.002383370268
79303	0.000921854133
79304	0.001776681918
79305	0.0022486037
79306	0.0007166889479
79307	0.004039710741
79308	0.005368660907
79309	0.0007146641027
79310	0.00219665179
79311	0.001413320441
79312	0.0003526212987
79313	0.0009172748785
79314	0.001756443515
79315	0.0007966259749
79316	0.004292230516
79317	0.000387539477
79318	0.005010900732
79319	0.005800360278
79320	0.00264911833
79321	0.002914909215
79322	0.0001212777855
79323	0.003999228688
79324	0.0001574930866
79325	0.001927544995
79326	0.003207629094
79327	0.003091951891
79328	0.0006523105409
79329	0.0008397196246
79330	0.003029131372
79331	0.003555316223
79332	0.004303832777
79333	0.0002990462271
79334	0.001534711386
79335	0.001672381233
79336	0.004813909172
79337	0.003134346529
79338	0.001566383817
79339	0.0009538581469
79340	0.004994760849
79341	0.003507864419
79342	0.0005094262583
79343	0.001384233329
79344	0.00408242191
79345	0.003026740507
79346	0.0003804399381
79347	0.001276811086
79348	0.001809821762
79349	0.006125677694
79350	0.002266193467
79351	0.001855613828
79352	0.001670141693
79353	0.0004885222125
79354	0.001444618865
79355	0.0008679904911
79356	0.003881169895
79357	0.001121968175
79358	0.003802935385
79359	0.005893405259
79360	0.002245524356
79361	0.002332907192
79362	0.0006434410828
79363	0.0003349806711
79364	0.0002031494486
79365	0.002405086777
79366	0.002126364528
79367	0.002158919262
79368	5.201896723e-05
79369	0.0001742297027
79370	0.0009471687494
79371	0.0004476299295
79372	0.0009672668254
79373	0.001636787423
79374	0.002628282581
79375	0.0003143605795
79376	0.00118730301
79377	0.0002057561495
79378	0.003975281717
79379	0.00513556157
79380	0.005511591201
79381	0.0004345413452
79382	0.002719298158
79383	7.878762132e-05
79384	0.003558276309
79385	0.001092920144
79386	0.002838181251
79387	0.001744939096
79388	0.001132234789
79389	0.0003871766167
79390	0.002621952703
79391	0.0009650191648
79392	0.003034227189
79393	0.0008790900616
79394	0.002708791853
79395	0.002439707419
79396	0.002298259115
79397	0.001471015489
79398	0.00290488936
79399	0.0008347076433
79400	0.001556619211
79401	0.001312964071
79402	0.005112177025
79403	0.002088065892
79404	0.008956623739
79405	0.002263021839
79406	0.002200978223
79407	0.001339523967
79408	0.001709252818
79409	0.0007926880616
79410	0.001472506009
79411	0.0006311251175
79412	0.0002343364155
79413	0.002092125197
79414	0.004944525642
79415	0.0006771353456
79416	0.000995159904
79417	0.00441866169
79418	0.001100216587
79419	0.0003457962082
79420	0.0005103118383
79421	0.002514984376
79422	0.002586606534
79423	0.001543876963
79424	0.001120504952
79425	0.001182484593
79426	0.004036975105
79427	0.002006952917
79428	0.0007819231132
79429	0.002184386543
79430	0.0003410229439
79431	0.004240347322
79432	0.004212936362
79433	0.0003396520244
79434	0.002835981949
79435	0.0005660880319
79436	0.001298086001
79437	0.003364777536
79438	0.003673455335
79439	0.003609987652
79440	0.001598961787
79441	0.0001917009468
79442	0.0001196383366
79443	0.001863285867
79444	9.844875951e-05
79445	0.004919739126
79446	0.004410713161
79447	0.001075577013
79448	0.001213040458
79449	0.005440592262
79450	0.001303837989
79451	0.001525463047
79452	0.001527107045
79453	0.001565818327
79454	0.003125407916
79455	0.001379331297
79456	0.0001501247783
79457	0.0008934718521
79458	0.002037689211
79459	0.001278887074
79460	0.003281532425
79461	0.002091623176
79462	0.002713495399
79463	0.002383018859
79464	0.003850195414
79465	0.002302150972
79466	0.0002953855857
79467	0.004955341976
79468	0.001005405903
79469	0.0006851553884
79470	0.000260576719
79471	0.001362280463
79472	0.001487415098
79473	0.00371794429
79474	0.002513775265
79475	0.0006861799588
79476	0.003196739626
79477	0.001781638348
79478	0.0005464987516
79479	0.00126916096
79480	0.002689684236
79481	0.001471363587
79482	0.0004852622028
79483	0.001354867307
79484	0.0003022530502
79485	0.001335002196
79486	0.001750213326
79487	0.0002617486177
79488	0.00170466076
79489	4.086302963e-05
79490	0.0003922968665
79491	0.0001827126645
79492	0.004760609652
79493	0.0006320699718
79494	0.0007225864601
79495	0.004274742315
79496	0.004644640604
79497	0.001473663455
79498	0.0009097068496
79499	0.0001173712762
79500	0.001918742031
79501	0.001778206468
79502	0.001489497047
79503	0.003479905591
79504	0.000838915397
79505	0.001154250449
79506	0.001468114438
79507	0.003286926899
79508	0.0002184268168
79509	0.001495311308
79510	0.003780714535
79511	0.005892089418
79512	0.0003148859296
79513	0.001824377371
79514	0.001025211051
79515	0.005489113091
79516	0.0004476613085
79517	0.001509813097
79518	0.006319231734
79519	0.0007294165247
79520	0.00228497905
79521	0.005169745367
79522	0.002473343888
79523	0.001075184133
79524	0.001009876238
79525	0.001439729798
79526	0.0001081066683
79527	0.004376461198
79528	0.002956063075
79529	0.001520164461
79530	0.001442715357
79531	0.0002002701561
79532	0.001919152576
79533	0.008680982166
79534	0.001505308636
79535	0.002911772522
79536	0.004878324575
79537	0.002395625342
79538	0.002807957474
79539	0
79540	0.00097000011
79541	0.001221506621
79542	0.001413469863
79543	0.0008736999576
79544	0.003583475537
79545	0.0006114946329
79546	0.0001202675803
79547	0.001534842105
79548	0.0006725179555
79549	0.004510609403
79550	0.0003366510064
79551	0.001541939735
79552	0.0008266475488
79553	0.004429167233
79554	0.0009822528798
79555	0.0003489150545
79556	0.002080882229
79557	0.004782255524
79558	0.002311773759
79559	0.002136991393
79560	0.001455180943
79561	2.538146031e-05
79562	0.003974398069
79563	0.003960600014
79564	0.00136748615
79565	0.00246594563
79566	0.0005828278139
79567	0.002109054769
79568	0.003498246288
79569	0.0004497769508
79570	0.001470782395
79571	0.002366335558
79572	0.0007092406432
79573	0.001008050534
79574	0.001309295238
79575	0.0007305264305
79576	0.005630420668
79577	0.001467669959
79578	0.0007124882968
79579	0.001746837572
79580	0.002279849809
79581	0.002166525683
79582	0.0003364518252
79583	0.001434610875
79584	0.00126597753
79585	0.004136306695
79586	0.004369246562
79587	0.00431845219
79588	0.0003728770075
79589	0.0004997609973
79590	8.004098593e-05
79591	0.003114495416
79592	0.0002424686877
79593	4.481336426e-05
79594	0.002806143039
79595	0.004460535877
79596	0.0006481208871
79597	0.004221727987
79598	0.002167251608
79599	0.004996430216
79600	0.002786337711
79601	0.003022988944
79602	0.008806729777
79603	0.001418518809
79604	0.001088784868
79605	0.00184096379
79606	0.0006233809264
79607	0.003142717204
79608	0.0006845807818
79609	2.788982171e-05
79610	0.003355540309
79611	0.001091135873
79612	0.003488136906
79613	7.473175337e-06
79614	0.001268687683
79615	0.0004247043151
79616	0.003008593934
79617	0.002876080154
79618	0.00435109804
79619	0.002003145705
79620	0.0004558625769
79621	1.857509862e-05
79622	0.0005181565704
79623	8.357485373e-05
79624	0.0006062083738
79625	0.002029721304
79626	0.0009173467961
79627	0.004722546759
79628	0.003745146991
79629	0.002141942488
79630	0.001077455488
79631	0.0001487234154
79632	0.008869452739
79633	0.005750137079
79634	0.001666739347
79635	0.0001547286121
79636	0.0003929161105
79637	0.0002823214054
79638	0.003404165683
79639	0.001985181496
79640	0.001718051114
79641	0.001927115347
79642	0.001588436672
79643	0.0004317433214
79644	0.001611250462
79645	0.0015968255
79646	0.002002239518
79647	0.004056644327
79648	0.003167336128
79649	0.001068890666
79650	0.001224362721
79651	0.001615408578
79652	0.001492206363
79653	0.002335763844
79654	0.0008336909258
79655	0.001521913669
79656	0.003421318023
79657	0.003658715115
79658	0.0001064454342
79659	0.0005156534388
79660	0.003382590852
79661	0.001212740823
79662	0.00125809051
79663	0.0004164450562
79664	0.002970356757
79665	0.0004595795129
79666	0.004035340283
79667	0.001378045342
79668	7.48040306e-06
79669	0.00130936639
79670	0.001258748154
79671	0.005317974628
79672	0.0008573896306
79673	0.0007653984326
79674	0.0004245781623
79675	0.0005993610248
79676	0.000139933217
79677	0.0006851109349
79678	0.0006200419469
79679	0.003712797838
79680	0.002476989092
79681	0.000567712173
79682	0.003386102271
79683	0.003336020539
79684	0.0007031514672
79685	0.002996268997
79686	0.001123051448
79687	0.0004705223289
79688	0.002322440614
79689	0.001213073765
79690	0.001302214802
79691	0.0003769359499
79692	0.00220991682
79693	0.001618174498
79694	0.002541772627
79695	0.004827988923
79696	0.0007748060747
79697	0
79698	0.001192565827
79699	0.002883191755
79700	0.001254986884
79701	0.003747008223
79702	0.0005948343466
79703	0.001652293055
79704	0.00462588619
79705	0.001538528849
79706	0.005337020109
79707	0.007997551603
79708	0.003370788095
79709	0.003061512152
79710	0.007792002299
79711	0.004419039407
79712	0.006613327905
79713	0.002140436056
79714	0.005628365481
79715	0.0007953125719
79716	0.00597048817
79717	0.002371635224
79718	0.002200360022
79719	0.004333545442
79720	0.001113206953
79721	0.006558562401
79722	0.001282895873
79723	0.002774834893
79724	0.001622667435
79725	0.003233306207
79726	0.005232432326
79727	0.002415913133
79728	0.001678717751
79729	0.003671126682
79730	0.000478485732
79731	0.00120452084
79732	0.0002794102052
79733	0.002658590111
79734	0.0004965406761
79735	0.005645922092
79736	0.0001462797487
79737	0.001325158716
79738	0.003255403074
79739	0.00387550871
79740	0.003781360947
79741	0.006810212878
79742	0.0009637135904
79743	0.0006825436674
79744	0.007055204041
79745	0.003900039578
79746	0.0007150941415
79747	0.0006036752143
79748	0.002898856177
79749	0.007755367592
79750	0.0001536668858
79751	0.001840531316
79752	0.0005265721679
79753	0.001786173177
79754	0.001591629421
79755	0.0001923537952
79756	0.001983503408
79757	0.003322646689
79758	0.0008403263052
79759	0.00173673223
79760	0.00221585717
79761	2.603232026e-07
79762	0.004291090694
79763	0.006725645513
79764	0.00306764985
79765	0.007534301354
79766	0.002698941962
79767	0.001035139401
79768	0.003556461575
79769	0.0006194811301
79770	0.000695149421
79771	0.001423191825
79772	0.001117802583
79773	8.729513591e-05
79774	0.0001612479663
79775	0.01079337246
79776	0.003243062241
79777	0.000490036866
79778	0.001033178641
79779	3.05889522e-05
79780	0.0006854007941
79781	0.0010154403
79782	0.001472491736
79783	0.001648681319
79784	0.002894396904
79785	0.001810877051
79786	0.002302776449
79787	0.0007698783641
79788	0.001232144738
79789	0.005427638062
79790	0.00309890913
79791	0.005703682468
79792	0.003707134767
79793	0.0004855805217
79794	0.0004915482758
79795	0.005303309625
79796	0.007490063981
79797	0.002055015779
79798	0.001192114791
79799	0.0009629420851
79800	0.0002526894848
79801	0.0006892752261
79802	0.006102934649
79803	0.0006088647302
79804	0.002887249539
79805	0.004184729518
79806	0.004364210751
79807	0.006478518604
79808	0.006971340078
79809	0.0024918166
79810	0.004065699688
79811	0.002739813289
79812	0.002919166048
79813	0.004774518802
79814	0.001289493984
79815	0.000159205195
79816	0.001581099649
79817	0.0002648094032
79818	0.001959454406
79819	0.00321847546
79820	0.0008757326209
79821	0.001162471013
79822	0.004247001162
79823	9.287817176e-05
79824	0.001879448387
79825	0.001680753137
79826	0.000486438386
79827	0.002024448715
79828	0.002722316306
79829	0.000782495158
79830	0.002018903116
79831	0.0008392747707
79832	0.001328845725
79833	5.838587111e-05
79834	0.00339657617
79835	0.000600553535
79836	0.001514370135
79837	0.000319264402
79838	0.001524338238
79839	0.00262734247
79840	0.003084588253
79841	0.003600280439
79842	0.002829946271
79843	0.006363864494
79844	8.482945794e-05
79845	0.0005598073903
79846	0.003201411758
79847	0.002288925965
79848	0.0008141670026
79849	0.002208013173
79850	0.0003001180563
79851	0.002614612022
79852	0.004183421263
79853	0.0007174126983
79854	0.001819361144
79855	0.003869518716
79856	0.0007675401888
79857	0.0003267061341
79858	0.0001970340055
79859	0.004984277592
79860	8.42276194e-05
79861	0.0008051381514
79862	0.0004513663775
79863	0.003005281002
79864	0.002083008341
79865	0.001273065333
79866	0.0002733877095
79867	0.002098420827
79868	0.002532929201
79869	0.0008567756655
79870	0.001394779376
79871	0.00336275145
79872	0.001247260788
79873	3.365020885e-05
79874	0.001976546528
79875	0.0005510814452
79876	0.003301451155
79877	0.005575497454
79878	0.005182884444
79879	0.00351584464
79880	0.004080142927
79881	2.012915878e-05
79882	0.00330499537
79883	0.001274006413
79884	0.005884644805
79885	0.005141563422
79886	0.0007096673256
79887	0.002934318207
79888	0.002603312946
79889	0.003960855044
79890	6.544627173e-06
79891	0.004564771616
79892	0.0003669161739
79893	0.004945057273
79894	0.005999599855
79895	0.001297404483
79896	0.0009970788907
79897	0.004469230043
79898	0.003012914584
79899	0.005853076061
79900	0.0004958694262
79901	0.0003608767664
79902	0.004499494053
79903	0.002162769709
79904	0.003279188786
79905	0.0002769278822
79906	0.001266941877
79907	0.0006776416056
79908	0.0005066073061
79909	0.003086574503
79910	0.002962481334
79911	0.003075398892
79912	0.001578835285
79913	0.002387845214
79914	0.000865315293
79915	0.0007028469662
79916	0.007492122994
79917	0.007084823457
79918	0.002773232471
79919	0.0003631333173
79920	0.00110792258
79921	0.004193318484
79922	0.004165193783
79923	0.004302987144
79924	0.003899522785
79925	0.003611563848
79926	0.0005046962593
79927	0.00735805288
79928	0.002786377554
79929	0.002617035654
79930	0.002699506075
79931	0.003662570762
79932	0.001365459152
79933	0.003764335472
79934	0.001088092325
79935	0.003173125785
79936	0.003467648978
79937	0.002991101602
79938	0.002686664599
79939	0.0006670986134
79940	0.001853272027
79941	0.0006116288334
79942	0.001557635101
79943	0.0005277184186
79944	0.0001467752853
79945	0.001052369592
79946	0.000766465809
79947	0.0008922989726
79948	0.001629190207
79949	0.003405529364
79950	0.002657241203
79951	0.00161160853
79952	0.002397953082
79953	0.0005892844672
79954	0.0002320932445
79955	0.002029621814
79956	0.000994752967
79957	0.003274559927
79958	0.001990524447
79959	0.0005731761276
79960	0.0008851267945
79961	0.0004735714445
79962	0.002573964232
79963	0.00351342281
79964	0.003625027898
79965	0.00204351129
79966	0.0006895778743
79967	0.0006057792194
79968	0.001610252075
79969	0.003329424128
79970	0.0002907829191
79971	0.004223867114
79972	0.002085822258
79973	0.003838807805
79974	7.396199675e-05
79975	0.002870691366
79976	0.0006563713648
79977	0.001733135652
79978	0.0008582063731
79979	0.003169673035
79980	4.326354858e-06
79981	0.001428021207
79982	0.003444213801
79983	0.002808667149
79984	0.005408433325
79985	2.73438582e-05
79986	0.0004261161961
79987	0.002608968205
79988	0.0007419342427
79989	0.000539749332
79990	0.002882168411
79991	0.003454554623
79992	0.003650155455
79993	0.001076031885
79994	0.0003205002828
79995	0.001414379746
79996	0.001618537029
79997	0.003746372084
79998	0.0002324906906
79999	0.0001518324653
80000	0.005738278589
80001	0.00130723639
80002	0.003598573037
80003	0.0003143060648
80004	0.001968790342
80005	0.002363853871
80006	0.0001804825743
80007	0.0024178729
80008	0.003022170196
80009	0.0007551535004
80010	0.00357662543
80011	0.002290847613
80012	0.0006030259913
80013	0.003182615623
80014	0.003089822651
80015	0.002453155045
80016	0.001480247105
80017	0.002140286897
80018	0.00397362922
80019	0.003081899844
80020	0.001220058321
80021	0.0002061550975
80022	0.0003097730911
80023	0.001155281951
80024	0.0003998549933
80025	0.001693291685
80026	0.001674796671
80027	0.001218356345
80028	8.964201092e-05
80029	0.001679373367
80030	0.003054129169
80031	0.001146250179
80032	0.002398099093
80033	0.005189653669
80034	0.00123299298
80035	0.004071645485
80036	0.001275896353
80037	0.0001104237787
80038	0.0004726737025
80039	0.001825568374
80040	0.002519914074
80041	0.002324900387
80042	0.006719615236
80043	0.001912865687
80044	0.0009643903439
80045	0.0006563726407
80046	0.001268373522
80047	0.0001992448569
80048	0.0008579359837
80049	0.0006026634592
80050	1.801279177e-06
80051	0.0007242936133
80052	0.002406647246
80053	0.003272518142
80054	0.001670636671
80055	0.003464735252
80056	0.001775249426
80057	0.0009412129915
80058	0.004077050694
80059	0.001265891391
80060	0.000710670417
80061	0.001291258894
80062	0.0004474681522
80063	0.002561078438
80064	0.004073722977
80065	0.006189072283
80066	0.003513817947
80067	9.786928457e-05
80068	0.001804362834
80069	7.941769986e-05
80070	0.0003624985604
80071	0.0001879699529
80072	0.001084844361
80073	0.001927215687
80074	0.0002421364893
80075	0.0002268236899
80076	0.002393331873
80077	0.002018387593
80078	0.0007513330784
80079	0.001545288192
80080	0.00462889021
80081	0.0005102347546
80082	0.001524264651
80083	0.0001157201643
80084	0.001279227885
80085	0.0008200131857
80086	0.0003320564961
80087	0.003828343666
80088	0.002684621889
80089	0.002260049858
80090	0.0001653896989
80091	0.002377233304
80092	0.005784941377
80093	5.525959333e-05
80094	0.001184657681
80095	0.003350300956
80096	0.002803523232
80097	0.0002868703807
80098	0.002785362105
80099	0.0002477971855
80100	0.001828873833
80101	0.0009350417068
80102	0.0007363478054
80103	0.0009534714244
80104	0.0002208039299
80105	0.000444944722
80106	0.0002032111293
80107	0.00143311463
80108	0.004301341806
80109	0.0002385740118
80110	5.020006613e-05
80111	0.0002259819599
80112	0.001410767578
80113	0.0005158208764
80114	4.190958493e-06
80115	0.002792605774
80116	0.001442069319
80117	0.0001303634659
80118	0.0001587865736
80119	0.006356454504
80120	0.001218790898
80121	0.001858487483
80122	0.0004382144784
80123	0.0004848748941
80124	0.001221822882
80125	6.819907889e-05
80126	0.005406863382
80127	0.002281076882
80128	0.001674008719
80129	0.002584068793
80130	0.003721330093
80131	0.004875206636
80132	0.0003240805756
80133	0.001034763733
80134	0.001244500266
80135	0.0009665424039
80136	0.001467483668
80137	0.000830043092
80138	0.001342301538
80139	0.002769197987
80140	0.001938156797
80141	0.001249852859
80142	1.602297487e-05
80143	0.001959075648
80144	0.0001478139662
80145	0.001843980898
80146	0.00203116903
80147	4.278886865e-05
80148	0.003157395206
80149	0.001994977971
80150	0.0004646221385
80151	0.001519044914
80152	0.004094041812
80153	0.001802146115
80154	0.00105536508
80155	0.0003848783371
80156	0.000950829697
80157	0.005044050704
80158	0.003687334277
80159	0.002825854091
80160	0.004052636921
80161	0.002106345646
80162	0.0008509735205
80163	0.001970270083
80164	0.0006204500146
80165	0.002235538965
80166	0.001108072715
80167	0.00212131665
80168	0.002052682472
80169	0.0007787958008
80170	0.0003394502557
80171	0.0006091442905
80172	0.0009287861683
80173	0.001145857391
80174	0.0006910751936
80175	0.0001191871424
80176	0.003868297643
80177	0.0007915401729
80178	0.0008046280319
80179	0.001543280789
80180	0.001523784927
80181	0.0008199791175
80182	0.0004957817604
80183	0.002626072118
80184	0.0009510805679
80185	0.0002026585545
80186	0.0005990592642
80187	0.00189353299
80188	0.0005975211944
80189	0.000507642431
80190	0.001045959988
80191	4.090292126e-05
80192	8.596129286e-08
80193	0.004360032324
80194	0.004545260264
80195	0.001350404462
80196	0.003634125881
80197	0.000701397527
80198	0.001892201595
80199	0.001983152659
80200	0.0008086152058
80201	0.002723112881
80202	0.0003563588166
80203	0.002060146168
80204	0.00158576961
80205	0.0001306011398
80206	0.0007981120987
80207	0.00233125834
80208	0.0007206708909
80209	0.002389929825
80210	2.364030312e-05
80211	4.512593249e-05
80212	0.001878163186
80213	0.0001905243946
80214	0.0004144138613
80215	0.0003939479034
80216	0.001426512326
80217	8.990004317e-05
80218	0.0001951063604
80219	4.904127371e-05
80220	0.001240138748
80221	0.000401836072
80222	0.001111457952
80223	0.002168687462
80224	0.0004956201801
80225	0.0002310385328
80226	0.0002718255742
80227	2.62452051e-05
80228	0.0006301806669
80229	0.0006157060702
80230	0.0005249760733
80231	0.002410488842
80232	0.0001982551752
80233	0.002240588017
80234	0.00143847854
80235	0.0003257994549
80236	0.0007678738668
80237	0.00125428203
80238	0.001516131669
80239	0.0002061139899
80240	0.0004833607304
80241	0.0003588023754
80242	0.001607368583
80243	0.0007974861422
80244	0.002063884625
80245	0.0001743974544
80246	0.0002413281042
80247	0.001295637277
80248	0.00121517112
80249	0.0008880793345
80250	0.0004459738109
80251	3.99868155e-05
80252	0.000487564371
80253	0.0005800338642
80254	0.002957873244
80255	0.002317763902
80256	0.0001597402125
80257	0.0008143950913
80258	0.001881555468
80259	0.001161502746
80260	0.001479911055
80261	0.0004353991188
80262	0.0006194729556
80263	0.001903440789
80264	0.001678390565
80265	7.778378889e-05
80266	0.004944048212
80267	0.001564363211
80268	0.002235323739
80269	7.039245111e-06
80270	0.001737708726
80271	0.003994724217
80272	0.001583651059
80273	0.00025830587
80274	0.0001687767355
80275	0.003165543018
80276	0.0001476143377
80277	0.002909365841
80278	0.001443261184
80279	0.0008830134997
80280	0.001179941048
80281	0.000817599145
80282	0.001850101284
80283	0.001316291762
80284	0.001962477882
80285	0.0006927041156
80286	0.001766169354
80287	0.0006758935496
80288	0.002057403551
80289	0.0008587001854
80290	0.00609314671
80291	0.001361314257
80292	0.00104863192
80293	0.0006748605962
80294	0.003539415894
80295	0.0004990402203
80296	0.0006722150987
80297	0.0005879249474
80298	0.004030818551
80299	0.003309953664
80300	0.006816420713
80301	0.0004038656144
80302	0.003405518919
80303	0.004412435627
80304	0.004677358901
80305	1.964829553e-07
80306	0.004262995675
80307	0.004579220748
80308	0.0009090511406
80309	0.002416122766
80310	0.0006996366557
80311	0.00134511223
80312	0.004286643205
80313	0.0009491124249
80314	0.001888992097
80315	0.003959450616
80316	0.002632769803
80317	0.001078120984
80318	0.003909887248
80319	0.000603206232
80320	0.001487027578
80321	0.001754647425
80322	0.001590453582
80323	0.001420713444
80324	0.002309927515
80325	9.5203289e-05
80326	0.0003330484184
80327	0.001545569233
80328	0.007077345035
80329	0.007929860131
80330	0.0009930673026
80331	0.0005582865166
80332	0.0002939716745
80333	0.005120342124
80334	0.005956029067
80335	0.005814923221
80336	0.003644142771
80337	0.003462445608
80338	0.0007032155989
80339	0.0004512859166
80340	0.0035159301
80341	0.0008706980865
80342	0.004124140286
80343	0.004165819919
80344	0.0005247404379
80345	0.003596277405
80346	0.003051485896
80347	0.0009802200514
80348	0.0004006741825
80349	0.001622598296
80350	0.0005196355297
80351	0.001472191168
80352	0.003735821228
80353	0.00180695941
80354	0.003076279823
80355	0.002330077259
80356	0.000524986271
80357	0.003601186459
80358	0.001512129065
80359	0.004557068178
80360	0.00562262366
80361	0.002145317932
80362	0.000297635415
80363	0.0001593551947
80364	0.001921156361
80365	0.0002169843419
80366	0.003155933145
80367	0.00157916327
80368	0.00797363123
80369	0.0006979231627
80370	0.0005569383373
80371	0.003875325219
80372	0.001211072654
80373	0.003082976114
80374	0.003195577433
80375	0.0004006562449
80376	0.001540427433
80377	0.003501647518
80378	0.002784546324
80379	0.005047439273
80380	0.001629116916
80381	0.0003423602837
80382	0.000395404944
80383	0.0004488365919
80384	0.001429080234
80385	0.002817724089
80386	0.001279652845
80387	0.001546839937
80388	2.429652068e-05
80389	0.0006262452874
80390	0.003466531417
80391	0.000671455326
80392	0.00191529031
80393	0.003214156406
80394	0.001534267662
80395	0.0002930954918
80396	0.0003272387712
80397	0.006654041434
80398	0.0005154986625
80399	0.005119279165
80400	0.0002165536415
80401	0.002258986538
80402	0.0005893894636
80403	0.001575218138
80404	0.0003832445744
80405	0.004718647987
80406	0.0008424648631
80407	0.0002829920895
80408	0.0008716632695
80409	0.001494423738
80410	0.0004256236492
80411	0.000504310706
80412	5.489476977e-05
80413	0.0004174131754
80414	0.004927042539
80415	0.003372769208
80416	0.002164754861
80417	0.001536072346
80418	0.0005582087657
80419	0.009275985155
80420	0.000609195724
80421	0.000175623465
80422	0.0003547036631
80423	0.003669845146
80424	0.002522102862
80425	0.000562642569
80426	2.477457041e-05
80427	0.00377887969
80428	0.001854321936
80429	0.0004092749443
80430	0.0004738461839
80431	0.0009558318547
80432	0.001099660512
80433	0.003460440001
80434	0.00286390496
80435	0.003386831622
80436	0.001290621283
80437	0.002292563274
80438	0.0001951446379
80439	0.0005307937078
80440	0.004213091478
80441	0.0002723926713
80442	1.819241564e-05
80443	0.0004313410824
80444	0.0006058390887
80445	0.0003399129124
80446	0.0001999991445
80447	0.0002259530771
80448	0.0002617762394
80449	0.0001353000406
80450	0.0001297773833
80451	0.0001790564759
80452	0.0004738445739
80453	0.0002604769955
80454	4.986134355e-05
80455	0.002000858038
80456	8.541669657e-05
80457	4.321890482e-05
80458	7.372068283e-05
80459	0.0004660484223
80460	0.0001880584412
80461	0.0001822937129
80462	0.0001242817466
80463	9.787608941e-05
80464	0.0002771534641
80465	0.0002135140451
80466	0.0002550769077
80467	0.0001045291083
80468	0.0006933827798
80469	0.0004633516658
80470	0.0001471103163
80471	0.0003535248561
80472	0.0004619868098
80473	0.0001449491792
80474	0.0001704494304
80475	0.0003914937219
80476	0.0001114444429
80477	0.000222187433
80478	0.0001196480422
80479	5.388986052e-05
80480	3.104921826e-05
80481	1.069390262e-05
80482	0.000437819039
80483	0.000105162172
80484	0.0001058071877
80485	0.0007875369572
80486	8.736407495e-05
80487	7.869750444e-05
80488	0.0002760869077
80489	0.00023527492
80490	0.0002556616175
80491	0.0003482627975
80492	8.715413906e-05
80493	0.0002603799242
80494	0.0003167133565
80495	0.0003451813886
80496	0.001387756675
80497	3.698677565e-05
80498	0.0001239172061
80499	0.0004195480968
80500	0.0001230282562
80501	0.0002575340595
80502	0.0001369410991
80503	0.0003466136793
80504	2.198569066e-05
80505	0.0003810952555
80506	0.0003003084278
80507	0.0003471936999
80508	0.0001544074195
80509	0.0004416725644
80510	0.0002196139458
80511	6.655274958e-05
80512	0.0003122805057
80513	0.0005262917489
80514	0.0005264446443
80515	0.0009932813945
80516	2.079482192e-05
80517	0.0007473071595
80518	7.747916769e-05
80519	0.000323823701
80520	0.0003584191364
80521	2.142055733e-05
80522	0.0002830832635
80523	0.0008293840103
80524	0.0002968657303
80525	0.0009464456512
80526	0.0009745861334
80527	4.049672015e-05
80528	0.0002337697126
80529	0.0005937166676
80530	0.0006476397431
80531	0.0005897279706
80532	0.000234792233
80533	0.001430940672
80534	0.00110745971
80535	0.0004294728596
80536	7.289808568e-05
80537	0.0001625616908
80538	1.906146169e-05
80539	0.0002166563095
80540	0.000351730873
80541	0.0002737305081
80542	0.0001377111597
80543	0.0002750665552
80544	0.0009955899484
80545	0.0004004434906
80546	5.02128608e-05
80547	0.0001602152554
80548	0.0003153423659
80549	0.0002295767428
80550	0.0001798724543
80551	0.0004971532589
80552	0.0009506372301
80553	0.0001437277032
80554	0.0001648103856
80555	0
80556	0.002350505485
80557	0.004715925504
80558	0.003863032554
80559	0.001253125367
80560	0.005395871567
80561	0.005679981283
80562	0.002201088185
80563	0.007401800635
80564	0.003997944828
80565	0.0004998772998
80566	0.0002657884402
80567	3.56725806e-05
80568	0.0003789453168
80569	0.002314245693
80570	0.003297549344
80571	0.001130653281
80572	6.305287708e-05
80573	0.00147962912
80574	0.002723776746
80575	0.0009532762981
80576	0.001929330363
80577	0.005514714213
80578	0.0005686283408
80579	0.0001523493774
80580	0.004683830061
80581	0.00295718356
80582	0.0002005015778
80583	0.001077664834
80584	0.00048555932
80585	0.003762484875
80586	0.003449563247
80587	0.0008971502234
80588	0.005399889021
80589	0.002509522408
80590	0.005051620564
80591	0.00598818084
80592	0.002906334908
80593	0.0005292773813
80594	0.004304699661
80595	0.001050335642
80596	0.0001021821899
80597	0.002679219619
80598	0.001499861084
80599	0.004525238545
80600	0.005372208953
80601	0.00170954807
80602	0.0004482408549
80603	0.002690702014
80604	0.0009685752009
80605	0.001529141747
80606	0.002171155101
80607	0.00497318269
80608	0.002241418522
80609	0.0008688051999
80610	0.003490725268
80611	0.001432567885
80612	0.001209127833
80613	0.0004252792114
80614	0.001949757986
80615	0.002755217159
80616	0.003034678398
80617	0.0009214621358
80618	0.0007962195477
80619	0.001394479259
80620	0.002037940803
80621	0.0006784000889
80622	0.002694715341
80623	0.0006763828345
80624	0.0001673931554
80625	1.511080907e-05
80626	0.0008043224269
80627	0.001915015941
80628	0.001858882416
80629	8.518268652e-05
80630	0.001316108231
80631	0.001783330481
80632	0.004861184286
80633	0.002344756104
80634	0.001522042292
80635	0.001681356435
80636	0.001672605572
80637	0.0013422697
80638	0.0008355637529
80639	0.0005968627475
80640	0.0004702951399
80641	0.0001185978538
80642	0.00135477158
80643	0.001899728007
80644	0.003635638495
80645	0.00179567067
80646	0.001117305221
80647	0.005999159789
80648	0.001293619393
80649	0.0003278387147
80650	0.0004729384995
80651	0.0004959233917
80652	0.001938016773
80653	0.0009002817198
80654	0.003906950554
80655	0.001301771518
80656	0.0002771814446
80657	0.0009725366781
80658	0.002944562614
80659	0.002830864088
80660	0.001849866049
80661	0.004123893299
80662	0.00362974811
80663	0.0002394031908
80664	0.00225631413
80665	0.0001550588355
80666	0.001683295373
80667	0.003865828951
80668	6.853140791e-05
80669	0.002543512618
80670	0.005019272894
80671	0.00292334308
80672	0.00198460742
80673	0.0002344938637
80674	0.000328215923
80675	0.0009819552068
80676	0.0008413530207
80677	0.003642852727
80678	0.0006837954504
80679	0.003001411625
80680	0.00286627617
80681	0.0008979133886
80682	0.0003483881872
80683	0.001633518617
80684	0.003236586436
80685	0.004955121372
80686	0.001140114774
80687	0.005315147384
80688	0.001243212538
80689	0.003285934309
80690	0.002818081125
80691	0.001551642205
80692	0.002871640955
80693	0.001465992165
80694	0.005436026005
80695	0.004339976416
80696	0.0004512626506
80697	0.002004335252
80698	0.002647253232
80699	0.00285246498
80700	3.94529481e-05
80701	0.00142209603
80702	0.001007390987
80703	0.001399982784
80704	0.00100256008
80705	0.0004593118495
80706	0.001057179115
80707	0.0003029996574
80708	0.0007528336646
80709	0.002031397482
80710	1.451804599e-05
80711	0.0004496849321
80712	0.001746582391
80713	0.00155637145
80714	0.0009100025407
80715	0.001672548008
80716	0.002021525759
80717	0.003858072603
80718	0.001402151846
80719	0.003474103812
80720	0.003067004799
80721	0.001700782086
80722	0.0002647129157
80723	0.001739056336
80724	0.000473426004
80725	0.0006266522852
80726	0.0003112926593
80727	0.002377527292
80728	4.581030337e-05
80729	0.0006493622458
80730	0.001567381314
80731	0.001787671314
80732	0.003737145315
80733	0.0007651914972
80734	0.0005339181775
80735	0.001009211013
80736	0.0001158156655
80737	2.111099945e-05
80738	0.0009713365616
80739	0.002517423139
80740	0.0003485498741
80741	0.001092155485
80742	0.001851409869
80743	0.00152713091
80744	0.001007246968
80745	0.0004337266877
80746	0.003545377901
80747	0.0009971536963
80748	0.0005381482157
80749	0.0006360413004
80750	0.0007670046805
80751	0.002821355095
80752	0.0008923196593
80753	0.002363707778
80754	0.004237756863
80755	0.0005436670996
80756	0.001613285834
80757	0.0008598330897
80758	0.0008775458147
80759	0.0002448264954
80760	0.0008820050794
80761	0.000347983034
80762	0.001471600721
80763	0.0002417945292
80764	0.0003458594629
80765	0.00090635956
80766	0.002584230702
80767	0.001801615295
80768	0.0008306322145
80769	0.0009784612995
80770	0.0005465192873
80771	0.001863800829
80772	0.002684415005
80773	0.004204391495
80774	0.004020122451
80775	0.001577347442
80776	0.0009046343611
80777	0.0001010556603
80778	0.002080985465
80779	0.0007475519234
80780	0.0003799685889
80781	0.001001710052
80782	0.0009992924178
80783	0.003631352545
80784	0.0008502763218
80785	0.001050399012
80786	0.001574601947
80787	0.005573464969
80788	0.0007468429473
80789	0.0002569581582
80790	0.001336295449
80791	0.0009626752941
80792	0.001873793259
80793	0.0001233982946
80794	0.001155867612
80795	0.0007093832562
80796	0.002747601822
80797	0.0001367597844
80798	0.002582470038
80799	0.002545719374
80800	0.0006490587292
80801	0.0002764021451
80802	0.0005646444943
80803	0.001805698246
80804	0.001451278029
80805	0.00030482207
80806	0.00122736318
80807	0.0003662306162
80808	0.0005138920898
80809	0.00489069963
80810	0.0005904480225
80811	0.003360248193
80812	0.0013121154
80813	0.00100262632
80814	0.002130414622
80815	8.00632955e-05
80816	0.0003648003516
80817	0.0012174527
80818	0.001010556585
80819	0.0004616943312
80820	0.001909823085
80821	0.00415778076
80822	0.001301248391
80823	0.002266946785
80824	0.000847522708
80825	0.0008778685064
80826	3.798111681e-05
80827	0.000922017165
80828	0.005176785851
80829	0.001537398738
80830	0.002545860639
80831	0.003196605474
80832	0.002004596753
80833	0.002918970152
80834	0.003987838404
80835	0.00498031715
80836	0.0005189807052
80837	0.0005673870237
80838	0.0003311021741
80839	0.004545633333
80840	0.00184946045
80841	0.0006622069729
80842	0.001017833324
80843	0.00292530037
80844	0.003060936623
80845	0.0005853992931
80846	0.000124313097
80847	0.003537910835
80848	0.003582307612
80849	0.0001912543405
80850	0.003011382395
80851	0.005563239406
80852	0.0002741955318
80853	0.001056825569
80854	0.001711357792
80855	0.0003299906418
80856	0.0002329566594
80857	0.006098503989
80858	0.005767064927
80859	0.00157128151
80860	0.0001135340475
80861	0.001400715142
80862	0.0007729169912
80863	0.003097467866
80864	0.001794214726
80865	0.003047451139
80866	0.004104255366
80867	0.002888406229
80868	0.00297862097
80869	0.000307593309
80870	0.0005898243582
80871	0.0001608464794
80872	0.003057115935
80873	0.005669311129
80874	0.005610040296
80875	0.0002989465287
80876	0.0005843782119
80877	0.0009783392374
80878	0.002601153167
80879	0.003008430737
80880	0.0002880495806
80881	0.001382253518
80882	0.003049709571
80883	0.0002289482713
80884	0.008178775354
80885	0.000314652307
80886	0.005875748669
80887	0.0002749478511
80888	0.0008273578547
80889	0.002300021884
80890	0.0001117038848
80891	0.004621955563
80892	0.001585802009
80893	0.003654379088
80894	0.002840960743
80895	0.001321684918
80896	0.002339866375
80897	0.0001308144653
80898	0.0003273616108
80899	0.0005889879898
80900	0.001300453266
80901	0.002309049806
80902	0.0003839716971
80903	0.0005390583351
80904	0.0008074774547
80905	0.001055817577
80906	0.0005987311745
80907	0.0002429897592
80908	0.0003614313744
80909	0.0001404991417
80910	0.004570887515
80911	0.004600957257
80912	0.002634907188
80913	0.0003435562106
80914	0.0009199992685
80915	0.0007523712005
80916	0.001920177619
80917	0.005110300029
80918	0.004476902363
80919	0.0012797431
80920	0.001815273449
80921	0.002677927924
80922	0.0004865598978
80923	0.00055801888
80924	0.002474995645
80925	0.00252765781
80926	0.002621628102
80927	0.0007784029671
80928	4.904251943e-05
80929	0.001740696403
80930	0.0006547007846
80931	0.003647625627
80932	0.002001663487
80933	0.003382450406
80934	0.001025943128
80935	0.0004348921606
80936	0.001025569198
80937	0.001966181572
80938	0.004621466606
80939	0.00114222376
80940	0.0004985633026
80941	0.0006772091966
80942	0.002449688991
80943	0.003279353961
80944	0.003510495978
80945	0.002010164599
80946	0.003765056085
80947	0.0003971644674
80948	0.003475258089
80949	0.0001285868908
80950	0.003539020863
80951	0.005604176319
80952	0.003928534594
80953	0.006688240598
80954	0.004985454211
80955	0.004503205337
80956	0.002894183848
80957	0.0004304032538
80958	0.0007181467241
80959	0.005451459637
80960	0.001638079618
80961	0.002552167209
80962	0.0003491912582
80963	0.0005480455105
80964	0.0005526352353
80965	0.003147780354
80966	0.002100980821
80967	0.004783036578
80968	0.001713967398
80969	0.003661329766
80970	0.0005784831503
80971	0.001129928725
80972	0.004400422568
80973	0.001370208392
80974	0.0008480716147
80975	0.001312841045
80976	0.002476386189
80977	0.0001457394127
80978	0.0018512211
80979	0.001460683164
80980	0.001268920066
80981	0.001599442521
80982	1.781680651e-05
80983	0.0005088988967
80984	0.001091813706
80985	0.002273771855
80986	0.001324078223
80987	0.003344173422
80988	0.001110294094
80989	0.008277034179
80990	7.835313556e-05
80991	0.0004752592907
80992	0.002464170062
80993	0.001232513037
80994	0.0007514659898
80995	0.0003919199519
80996	0.001960038817
80997	0.001221806994
80998	0.002925483506
80999	0.001676567307
81000	0.001467274467
81001	0.002980931413
81002	0.004420245908
81003	0.002894387606
81004	0.001157080722
81005	0.001787953719
81006	0.003631332662
81007	0.004029643605
81008	0.003004012071
81009	0.001571095058
81010	0.003009869413
81011	0.002148635766
81012	0.002103330752
81013	0.000658701973
81014	0.0008722729676
81015	0.000132038596
81016	0.0006299943029
81017	0.002648343679
81018	0.001365726943
81019	0.007064474474
81020	9.25476472e-05
81021	0.0001759449191
81022	0.0001819845207
81023	0.0005108190571
81024	0.000104423493
81025	3.887072365e-05
81026	0.0008942947645
81027	0.0004348495695
81028	0.00045830885
81029	9.709824415e-06
81030	0.0001102249552
81031	0.0002127120449
81032	0.0007812165271
81033	0.001013814899
81034	0.0009636709779
81035	0.0002390466697
81036	0.000649514058
81037	0.0006661244302
81038	0.0001010509597
81039	7.082776949e-05
81040	0.000370970699
81041	0.0008527222349
81042	0.006231734787
81043	0.0004435708243
81044	0.005021966601
81045	0.005409810486
81046	0.003038397323
81047	0.0002783250305
81048	0.003631253114
81049	0.0001763233801
81050	0.002665773792
81051	0.006672182371
81052	0.0001184304737
81053	0.004619062731
81054	0.0001137646277
81055	0.002803914652
81056	9.957323236e-05
81057	0.000242540133
81058	0.0002379885046
81059	0.007403432593
81060	1.382397651e-05
81061	0.0001727284345
81062	0.001350643154
81063	2.091435445e-07
81064	0.0008484336599
81065	0.001636076059
81066	0.001060242179
81067	0.003129584968
81068	0.0004482415748
81069	0.0002083117997
81070	4.643009785e-05
81071	4.156672207e-05
81072	0.00101722718
81073	0.0008707560681
81074	0.0007562656746
81075	0.003456273196
81076	0.0002021909945
81077	0.0007934911278
81078	7.605644583e-05
81079	9.908466198e-05
81080	0.00432843233
81081	0.0009291696674
81082	0.0008047402968
81083	0.0005320258818
81084	0.001877770908
81085	0.0002007541621
81086	0.001539383051
81087	0.003984593654
81088	0.001701357142
81089	0.001530223771
81090	0.003024943903
81091	0.003647602322
81092	0.003520647866
81093	0.0001509192951
81094	0.006118864659
81095	0.002678208103
81096	0.002051183722
81097	0.001801260536
81098	0.00192231219
81099	0.001912232629
81100	0.005867223807
81101	0.002322314137
81102	0.000297002694
81103	0.0003611738616
81104	0.002207281713
81105	0.004929115625
81106	0.0007851903279
81107	0.002276227076
81108	0.002076385477
81109	0.001753105349
81110	0.0006856464997
81111	0.00161722945
81112	0.0009292678373
81113	3.736311579e-05
81114	0.002000216171
81115	0.0009450899467
81116	0.002990766632
81117	0.001511630581
81118	0.001350341439
81119	0.001471965787
81120	0.003212572221
81121	0.001379810147
81122	0.001897226548
81123	0.002693054755
81124	0.0008452943794
81125	0.002958892029
81126	0.0004278618945
81127	0.005583875026
81128	0.001544497638
81129	0.0007617269629
81130	0.0001131979349
81131	0.0004420431829
81132	7.029052003e-05
81133	0.0001026840807
81134	0.0002857768591
81135	0.002120401662
81136	0.0003011999983
81137	0.002565491167
81138	0.003253058608
81139	0.003786894352
81140	0.00408632452
81141	0.001263940594
81142	0.002442111013
81143	0.004238316106
81144	0.003019714046
81145	0.0002014752908
81146	0.002690950489
81147	0.0008863511693
81148	0.002076973833
81149	0.002543861801
81150	0.002594493384
81151	0.0009702325591
81152	0.001613393626
81153	0.002460474943
81154	0.001907591472
81155	0.002209539321
81156	6.238023076e-05
81157	0.001316683384
81158	0.001633953199
81159	0.003815201518
81160	0.00073372878
81161	0.001379442019
81162	0.0009337283483
81163	4.435082354e-06
81164	5.766282226e-06
81165	0.0002275763934
81166	0.001739177842
81167	0.001448643233
81168	0.001701254718
81169	0.001669211819
81170	0.0008099744015
81171	0.0009167564294
81172	0.0009742952824
81173	0.004920279366
81174	0.001639085926
81175	0.0001897784699
81176	0.0006640552518
81177	0.0001404840424
81178	0.0002330374616
81179	0.0005537284434
81180	0.0004451020969
81181	0.000232354342
81182	0.001016725869
81183	0.0008121264893
81184	7.397769247e-06
81185	0.0007539280344
81186	3.400048341e-05
81187	0.0002330247303
81188	0.0008378877594
81189	0.0003014042672
81190	0.0005308313273
81191	0.0003698131992
81192	0.0008596325559
81193	0.0002038632563
81194	1.777908965e-06
81195	0.0001342740676
81196	0.0004461182967
81197	3.882620625e-05
81198	8.490142731e-05
81199	0.0006557987661
81200	0.001215445184
81201	0.0003014045733
81202	0.0001142918638
81203	0.0001909063384
81204	5.884713379e-05
81205	0.000346437441
81206	0.0005295556047
81207	9.808749389e-05
81208	3.946529581e-05
81209	8.230012125e-05
81210	0.0002521198758
81211	1.5154389e-05
81212	0.0003930151912
81213	0.0001326752354
81214	0.001114008421
81215	0.0003884387662
81216	0.0006019984507
81217	8.115188855e-06
81218	0.000402921449
81219	8.971033531e-06
81220	0.0001177022481
81221	0.0003988391078
81222	0.0005842134902
81223	0.0005539814998
81224	0.0009054582337
81225	0.0001589295161
81226	0.0008441674747
81227	0.0006592391754
81228	0.0001239669134
81229	0.0007825287446
81230	0.0003428462366
81231	0.0004566370931
81232	0.0004683044903
81233	0.0001227643775
81234	0.0003121112877
81235	0.0003870627532
81236	5.721608619e-05
81237	0.0002081935318
81238	0.0008054023367
81239	0.0003115835875
81240	3.950554336e-05
81241	1.069816631e-06
81242	0.0004112889578
81243	0.0001499356879
81244	0.0002059619596
81245	0.000130210743
81246	0.0002435942146
81247	0.0005788925051
81248	0.0003005639835
81249	0.001945837868
81250	0.001651290744
81251	0.001036539037
81252	0.002578499665
81253	0.0006229305527
81254	0.001915449768
81255	0.003347631624
81256	0.001247140854
81257	0.0001750951571
81258	0.0006551808841
81259	0.0002437623938
81260	0.005978777066
81261	0.0008515563575
81262	0.0004893839594
81263	0.0003112201371
81264	4.956494985e-05
81265	0.000425019659
81266	0.002603437576
81267	0.002857791674
81268	0.004357130398
81269	0.0005711282074
81270	0.0009944620525
81271	0.007428067912
81272	0.003004898166
81273	0.002792703889
81274	0.001135854088
81275	0.0003659706106
81276	0.0003963878519
81277	0.001976684982
81278	0.0003646557641
81279	0.002234323591
81280	0.0008960635673
81281	0.0007513368129
81282	0.003092496819
81283	0.002372026879
81284	0.005780912327
81285	0.0009934046659
81286	0.001154377915
81287	0.001162765016
81288	0.001715849106
81289	0.0003697037887
81290	0.002366376593
81291	0.0001872808039
81292	0.0002594032402
81293	6.882374533e-05
81294	0.002886789179
81295	0.001939624655
81296	0.002650649995
81297	0.003180438353
81298	0.002817412786
81299	0.002862898243
81300	0.002507901948
81301	0.002864491045
81302	0.00297148192
81303	0.003513836386
81304	0.002927330903
81305	0.002979794011
81306	0.002980687665
81307	0.002962587061
81308	0.003186855198
81309	0.003069725204
81310	0.002483447293
81311	0.002671538551
81312	0.00303956114
81313	0.002181467806
81314	0.002896249378
81315	0.002536311728
81316	0.003041239976
81317	0.00255571012
81318	0.002985384713
81319	0.003065011337
81320	0.003432875169
81321	0.0028758844
81322	0.003227081742
81323	0.003070154043
81324	0.003066129612
81325	0.0009622570696
81326	0.003457556492
81327	0.0032402011
81328	0.001660599103
81329	0.002925634451
81330	0.006267300853
81331	0.0007626285919
81332	0.003354771006
81333	0.003198154065
81334	0.002673021076
81335	0.003163982929
81336	0.002955419576
81337	0.002714797356
81338	0.002574634122
81339	0.002079839134
81340	0.002009642276
81341	0.00303844715
81342	0.001382646262
81343	0.0002238898589
81344	0.000547173637
81345	0.000490904287
81346	0.002104412795
81347	0.002760614206
81348	0.003363392967
81349	0.002668301131
81350	0.002353952159
81351	0.002645469509
81352	0.003337057657
81353	0.002702605661
81354	0.003789426127
81355	0.003228763534
81356	0.003085132844
81357	0.00299186562
81358	0.0030778286
81359	0.003202203906
81360	0.003054519862
81361	0.002891415561
81362	0.002764016581
81363	0.002433076078
81364	0.003543757989
81365	0.003404256049
81366	0.002772963577
81367	0.003169915724
81368	0.002899274337
81369	0.00268346571
81370	0.003147315675
81371	0.003205012594
81372	0.003478191313
81373	0.003180566529
81374	0.002712866247
81375	0.00277865262
81376	0.002211217672
81377	0.002719190483
81378	0.002719472366
81379	0.002834830738
81380	0.003356929739
81381	0.002543219954
81382	0.002884943929
81383	0.000724840093
81384	0.001468438573
81385	0.001777621102
81386	0.002323842447
81387	0.004376046042
81388	0.0001069794219
81389	0.0002593456161
81390	0.0002729818474
81391	0.002904297995
81392	0.005261678291
81393	0.0002578425408
81394	0.0004435186905
81395	0.006924537967
81396	0.0006809453566
81397	0.004988558926
81398	0.0001359977301
81399	0.003473280551
81400	0.001007870898
81401	8.74960436e-06
81402	0.0002907193558
81403	0.006444722652
81404	0.000741897158
81405	0.001524152962
81406	0.001769104544
81407	0.005018564757
81408	0.001929907459
81409	0.001841813709
81410	0.0006414440949
81411	0.003918562567
81412	0.0009540277765
81413	0.0009351759481
81414	0.0009127740271
81415	0.000965850524
81416	2.285873577e-05
81417	0.0006384040436
81418	0.0001473546636
81419	0.001485320161
81420	0.001520208212
81421	0.002782271009
81422	0.003749868087
81423	0.0008553717299
81424	0.001971427246
81425	0.0003673178725
81426	0.001708526356
81427	0.0002553421691
81428	0.0009876696316
81429	0.003165243169
81430	0.001240491086
81431	0.003649453259
81432	0.002137969236
81433	0.005486131212
81434	0.002049318081
81435	0.001587035367
81436	0.003758742521
81437	0.0009687665507
81438	0.0004785215976
81439	0.001807057922
81440	0.0007902588119
81441	0.000790002657
81442	0.002931566086
81443	0.0002926093569
81444	0.0003452220979
81445	0.0003477256495
81446	0.001237931178
81447	0.004297236044
81448	0.002124995787
81449	4.176441249e-05
81450	8.091478491e-05
81451	0.0004692940295
81452	0.003551743959
81453	0.005117776161
81454	0.00242893298
81455	0.007356099712
81456	0.002073967415
81457	0.001032254989
81458	0.001851383334
81459	0.0007909335175
81460	0.0002840363591
81461	0.0005358615967
81462	0.0001857716959
81463	0.0005054043302
81464	0.0006499738061
81465	0.0005520933275
81466	0.001619650654
81467	0.0005907501259
81468	0.0006888304781
81469	0.001436584574
81470	0.003376109779
81471	0.0008993940404
81472	6.608642137e-05
81473	0.001508623554
81474	0.001430226936
81475	0.001488613744
81476	0.0003643741721
81477	0.001158289199
81478	8.527551963e-05
81479	0.000726096601
81480	0.0001530848097
81481	0.0008798151964
81482	0.005485773516
81483	0.0005082771017
81484	0.006997731452
81485	0.004163860423
81486	0.001544910411
81487	0.0009293778082
81488	0.000255782351
81489	0.00410354707
81490	0.001336540776
81491	0.002159679923
81492	0.001700989969
81493	0.002527713636
81494	0.00203174796
81495	0.0027363042
81496	0.0006681248
81497	0.003305166057
81498	0.0007480823721
81499	0.00124666209
81500	0.004376580249
81501	0.002464275104
81502	0.001527065309
81503	6.025593751e-05
81504	0.000924874317
81505	0.003147381415
81506	0.002354432093
81507	0.0001650850802
81508	0.0008026114363
81509	0.0003215821004
81510	0.0006859412167
81511	0.0003858185538
81512	0.0007868793546
81513	6.916768109e-05
81514	0.0008032144129
81515	0.0004180471969
81516	0.0002192063506
81517	0.0003555297147
81518	8.277554238e-05
81519	0.0001396466344
81520	0.0002066451955
81521	0.002224955623
81522	0.002477481252
81523	0.001161715527
81524	0.001716119184
81525	0.001934562243
81526	0.002393634538
81527	0.001407875304
81528	0.004049199703
81529	0.00321362491
81530	0.0003200904582
81531	0.005536498047
81532	0.002457201406
81533	0.003152443792
81534	0.001531507801
81535	5.248397627e-05
81536	0.0001333861487
81537	0.0002707685369
81538	0.003140978616
81539	0.002830219339
81540	0.002861638115
81541	0.001085395772
81542	0.0005399253331
81543	0.0006566597201
81544	0.001624229004
81545	0.005446670552
81546	0.0004292800872
81547	0.002493819982
81548	0.000851355272
81549	0.0006642187547
81550	0.0001797079148
81551	3.607500789e-05
81552	0.0008025728374
81553	0.0004654251316
81554	0.0001561406709
81555	0.0009371109728
81556	0.001845807469
81557	0.0001736443496
81558	0.001658910471
81559	0.0007497548192
81560	0.003010230415
81561	2.503331345e-05
81562	0.006037791581
81563	4.576122171e-05
81564	0.0006436410218
81565	0.002906216067
81566	4.35094478e-05
81567	0.002601650463
81568	0.0001451455527
81569	0.001783035668
81570	0.0003274249952
81571	0.003459926931
81572	0.001152127485
81573	0.0004512250836
81574	0.00237621512
81575	0.0007598042058
81576	0.001333834716
81577	0.0004386435972
81578	0.00115594707
81579	0.006680029074
81580	0.0005939056231
81581	0.002936388045
81582	0.00242587097
81583	0.0004834208937
81584	0.0007500278792
81585	0.0005483392415
81586	2.698822362e-05
81587	0.0001672335975
81588	0.0002261295601
81589	2.851690476e-05
81590	0.001822719864
81591	0.0004674353366
81592	0.0003207821381
81593	0.00145159274
81594	0.002892926518
81595	0.0002990270172
81596	0.0004394134274
81597	0.001383787079
81598	0.0005323131311
81599	0.001835650201
81600	0.001121718998
81601	0.002004886578
81602	0.00178107471
81603	0.0001736864323
81604	0.0002410923425
81605	0.003729211205
81606	0.002704993294
81607	0.0003101370182
81608	0.00226257646
81609	0.00274585545
81610	0.0005220626921
81611	0.0002157755888
81612	0.00409066789
81613	0.001629795523
81614	0.002115738068
81615	0.003099069753
81616	0.002380589537
81617	0.005193152073
81618	0.001300222517
81619	0.0004630001891
81620	0.002235363097
81621	0.002088013386
81622	0.001559760489
81623	0.001089101336
81624	0.0002182182262
81625	0.002341351179
81626	0.002355181302
81627	0.0008779905137
81628	0.001858982647
81629	0.002698921477
81630	0.000706620512
81631	0.001530823795
81632	0.002206433233
81633	0.0001100241603
81634	0.001183346596
81635	0.004886415382
81636	0.001004270482
81637	2.217325886e-06
81638	0.002126141338
81639	0.001390271824
81640	0.0003985641325
81641	0.000906168421
81642	4.836232352e-05
81643	0.0003288727965
81644	0.001351620358
81645	0.003418202685
81646	0.002364862843
81647	0.0005784865674
81648	9.921866816e-05
81649	0.0009781700815
81650	0.0001815386006
81651	0.002367240507
81652	0.005016844069
81653	0.0007369951891
81654	0.0008036164389
81655	9.885075518e-05
81656	0.0002678859164
81657	0.0003741519968
81658	0.0002942744637
81659	0.001279019642
81660	0.0002072347063
81661	1.342635747e-06
81662	0.0005065199018
81663	0.0002261875278
81664	0.001624416259
81665	0.0001141059691
81666	0.000265719554
81667	0.001416930149
81668	4.72392307e-05
81669	0.0008317663014
81670	0.0003374182056
81671	0.0008625854748
81672	0.002728220036
81673	0.001451124892
81674	0.001090520117
81675	0.0006080203408
81676	0.001427395171
81677	0.003336228079
81678	0.001400722083
81679	0.003819499537
81680	0.002003518968
81681	0.002724930958
81682	0.002188603073
81683	0.006191426241
81684	0.001292771904
81685	0.001266162612
81686	0.0006920512934
81687	0.0009353286926
81688	0.003209739422
81689	0.0004203190565
81690	3.163323362e-05
81691	0.005192652061
81692	0.001258657562
81693	0.001367184078
81694	0.0001301181506
81695	7.594219184e-06
81696	0.005216600771
81697	0.0006005304397
81698	4.873793811e-05
81699	0.0005863249315
81700	0.00767169046
81701	1.921205307e-05
81702	0.0004915331355
81703	0.000384343435
81704	0.0003595795432
81705	0.0003408218771
81706	0.004463172694
81707	0.007177119817
81708	0.0008811431836
81709	0.0006840124218
81710	0.001162676012
81711	0.0006964552642
81712	0.003161573272
81713	0.002533285224
81714	0.0003275383351
81715	0.0008822179924
81716	0.001111500988
81717	0.0008868530554
81718	0.001891679883
81719	0.002932656393
81720	0.0008804658749
81721	0.0009158303606
81722	0.002301724828
81723	0.00505073317
81724	0.004693739937
81725	0.0009710875736
81726	0.002363936405
81727	0.0002844530259
81728	0.005155865585
81729	0.0002758296538
81730	0.007196978342
81731	0.0001222596123
81732	0.0009970288686
81733	0.001136456207
81734	0.0002011553586
81735	0.0008890020045
81736	8.121673447e-05
81737	0.0002973262191
81738	0.0005977370297
81739	0.00119321395
81740	0.003189279895
81741	8.347721571e-05
81742	0.003867416621
81743	0.002248517613
81744	0.002750288801
81745	0.002478719978
81746	0.001974404438
81747	0.0007121230551
81748	0.002309811851
81749	0.008639356613
81750	0.005681067346
81751	0.001902409587
81752	0.0003493616326
81753	0.0009458220821
81754	0.005074812369
81755	0.001270156272
81756	0.0002412247442
81757	0.008987162247
81758	0.004756950404
81759	0.002080328015
81760	0.002447563305
81761	0.006330903448
81762	0.004346844689
81763	0.0002476168537
81764	0.0006956294586
81765	0.0001127969631
81766	0.001819550787
81767	0.001171224384
81768	0.002248278876
81769	0.002148810212
81770	0.003232458854
81771	0.004840864448
81772	0.001287752628
81773	0.008164284004
81774	0.005059160223
81775	0.002000326569
81776	0.004624791936
81777	0.001895710603
81778	7.789668097e-05
81779	0.005439545337
81780	0.001156584222
81781	0.0001381485098
81782	0.0001342782007
81783	0.002542793827
81784	0.0003586928331
81785	0.00136424571
81786	0.00168166982
81787	0.003804431082
81788	0.0021779614
81789	0.001199718094
81790	0.001511881134
81791	0.001160496302
81792	0.0001753126946
81793	0.001704843146
81794	0.0002073371124
81795	0.0008026654961
81796	0.000802826842
81797	0.0004963229242
81798	0.0005226531646
81799	0.002170318341
81800	0.001344748381
81801	0.001955510339
81802	0.001600212108
81803	0.01363256387
81804	0.00343635444
81805	0.0008515571325
81806	0.003071500021
81807	0.003353124906
81808	0.003216438601
81809	0.003260272088
81810	0.0003643712887
81811	0.01322361909
81812	0.001332585275
81813	0.002089457094
81814	0.007605875381
81815	0.001595347971
81816	0.001159366555
81817	0.0002780270782
81818	0.0003078106082
81819	0.0006135757763
81820	2.090646901e-05
81821	0.0002007226267
81822	0.005455887879
81823	0.005709339486
81824	0.008714815261
81825	0.001244790375
81826	0.0006234469293
81827	0.001024253367
81828	0.004029613262
81829	0.002838043288
81830	0.0002395218425
81831	0.002466578573
81832	0.003778777947
81833	0.002404147539
81834	0.003612582378
81835	0.0005330839417
81836	0.0004552430507
81837	0.0006742641668
81838	0.001920669153
81839	0.00047393849
81840	0.000483392896
81841	0.0002887418106
81842	0.0003603481489
81843	0.001380879453
81844	0.0006117270382
81845	0.003630490562
81846	0.00229362868
81847	0.001259396599
81848	0.003458099303
81849	0.002532812181
81850	0.0005170691138
81851	0.001331480866
81852	0.0008591150262
81853	0.003109439904
81854	0.002787190821
81855	0.000659401538
81856	0.0002611128148
81857	0.0009482123039
81858	0.0003428454138
81859	0.0002535125956
81860	0.0008197716356
81861	0.0001973606642
81862	0.005020506097
81863	0.0009210847239
81864	0.0004927181827
81865	0.0001830522575
81866	0.0002841615782
81867	0.00017909825
81868	0.002241291418
81869	0.004439818919
81870	9.720797253e-05
81871	0.0004169836037
81872	0.003211200545
81873	0.006753348424
81874	0.001502926672
81875	0.0004269060637
81876	0.005479626139
81877	0.002384976936
81878	0.0004853925336
81879	0.00219235153
81880	0.0002029614054
81881	0.000350185247
81882	0.000210625703
81883	0.003488693354
81884	0.003223418803
81885	0.002034477697
81886	0.005927820346
81887	0.00186349075
81888	0.004694307254
81889	0.00224176763
81890	0.0005646103567
81891	0.001351544
81892	0.0004476598319
81893	0.001955093626
81894	0.002103227286
81895	0.001586086881
81896	0.000550802551
81897	0.001982892427
81898	0.001152364541
81899	0.0003289380974
81900	0.0004219853116
81901	0.0007648437006
81902	0.0009339626672
81903	0.0001301291104
81904	2.460478333e-05
81905	0.001866488921
81906	0.001434370091
81907	0.0006833322268
81908	0.003319277157
81909	0.001264782098
81910	0.0002395013513
81911	0.002802762323
81912	0.002331292617
81913	0.004133983798
81914	0.001494329587
81915	0.0003317454631
81916	6.38104672e-05
81917	0.0009572398794
81918	0.002075210251
81919	0.001261913967
81920	0.002402078993
81921	0.002301688926
81922	9.144025097e-05
81923	0.002203381993
81924	0.0005640986645
81925	0.000259110831
81926	0.001471729112
81927	0.0007700677987
81928	3.055037864e-05
81929	0.001253272477
81930	0.001435207983
81931	3.110193776e-05
81932	0.0008387008448
81933	0.005868099374
81934	0.0009295489432
81935	0.001487710984
81936	0.0003256845866
81937	0.0004880423679
81938	0.0003191481433
81939	0.001932506539
81940	0.005590848713
81941	0.00360988134
81942	0.000479043673
81943	0.0003378091754
81944	0.002787405536
81945	0.003582271002
81946	0.0005858113021
81947	0.0004081181019
81948	0.001128241753
81949	0.00185477768
81950	0.001723009692
81951	0.003210423913
81952	0.0009119268366
81953	0.0004631917383
81954	0.0006024480571
81955	0.002527566511
81956	0.002191264155
81957	0.002336692863
81958	0.0001837600268
81959	0.001883932143
81960	0.002484781917
81961	0.0001882185451
81962	0.004047363269
81963	0.005577773712
81964	0.002070426476
81965	0.004422805228
81966	0.0001356714796
81967	0.004555616843
81968	0.002538998297
81969	0.0001948595071
81970	0.0002041335487
81971	0.0002588266529
81972	0.00504595606
81973	0.003319682813
81974	0.007996117307
81975	0.0003924566224
81976	0.001879634572
81977	0.003540572918
81978	0.001282690353
81979	0.004500968094
81980	0.0003388792351
81981	0.001095293295
81982	0.002591062114
81983	0.0002060950135
81984	0.0006346091456
81985	5.269551654e-05
81986	0.00196817031
81987	0.002876064043
81988	0.0007262751262
81989	0.003088882395
81990	0.002647638054
81991	0.001371453509
81992	0.003409373604
81993	0.001110394363
81994	8.571085455e-06
81995	0.0006124296499
81996	0.001535360496
81997	0.0004857110926
81998	0.002556850833
81999	0.001012266494
82000	5.908175214e-05
82001	0.005013613952
82002	0.0004127718819
82003	0.0001031431917
82004	0.000931476093
82005	0.003495363553
82006	0.00410363725
82007	0.004479964105
82008	0.0006878683787
82009	0.0005510297563
82010	0.00140687349
82011	0.002280382612
82012	0.001612062494
82013	0.0006512265403
82014	0.0006720765763
82015	0.003269400007
82016	0.001040621887
82017	0.0001948386615
82018	0.002233878523
82019	0.001371971685
82020	0.002740007527
82021	0.002703373533
82022	0.001658518211
82023	0.0008476054113
82024	0.002573924431
82025	0.0009469644689
82026	0.00294434496
82027	8.670276834e-05
82028	0.0007743553757
82029	0.00194046439
82030	0.001811904389
82031	0.0008183492122
82032	0.00323904873
82033	0.004073716683
82034	0.0001711523945
82035	0.002110291848
82036	0.002164333985
82037	0.002325910728
82038	0.0009325419509
82039	0.0003310795327
82040	0.0006647536291
82041	0.003270888818
82042	0.002447252721
82043	0.002260730522
82044	0.0007305631695
82045	0.001367059317
82046	0.0001371122604
82047	0.003581599642
82048	0.002045147834
82049	0.002421037819
82050	5.266644098e-05
82051	0.001716991227
82052	0.0006887002954
82053	0.001004119499
82054	0.006294708495
82055	0.0004020551483
82056	0.005251473567
82057	0.006582042514
82058	0.0004933363389
82059	0.003944948461
82060	0.002732514266
82061	0.00357122205
82062	0.0007936175773
82063	0.003592544998
82064	0.0001881341535
82065	0.003370464793
82066	0.00186519096
82067	2.215260421e-06
82068	0.002041875051
82069	0.0005593942645
82070	0.001347590184
82071	0.0004947426702
82072	0.002890512459
82073	0.002474582644
82074	0.00269127099
82075	0.0005120013446
82076	0.0002562717042
82077	0.002345212519
82078	0.00145421837
82079	0.003069935568
82080	0.0004907492033
82081	0.0007506138704
82082	0.001271873441
82083	0.0001154188174
82084	0.002475585862
82085	0.0008101763948
82086	0.002275012455
82087	0.004310450606
82088	0.0006201526115
82089	0.007472643258
82090	0.001104294574
82091	0.001838748774
82092	0.002089726396
82093	0.0002133064188
82094	0.005928458359
82095	0.000357703877
82096	0.002481312806
82097	0.0006267146928
82098	0.0007743607822
82099	0.0001125542403
82100	0.0005894000606
82101	0.001656851798
82102	0.001505571883
82103	0.000628826375
82104	0.002083758923
82105	0.00301010246
82106	0.0001667091602
82107	0.003402585237
82108	0.002203372773
82109	0.003825468215
82110	0.000993519806
82111	0.001819917769
82112	0.0006780394033
82113	0.002780130063
82114	0.003838572024
82115	0.0007836967789
82116	0.001454713669
82117	0.002442535601
82118	0.001000652043
82119	0.002095972241
82120	0.0001197760469
82121	0.00269601166
82122	0.001536867782
82123	0.005461112744
82124	0.0007125372848
82125	0.0008641423734
82126	0.001775883283
82127	0.002304094308
82128	0.003306441538
82129	0.0005632011763
82130	0.0003105832678
82131	0.001304509278
82132	0.003435589759
82133	0.002837236106
82134	0.0001943760288
82135	0.001742669668
82136	0.001370007727
82137	0.00148669471
82138	0.00547261072
82139	0.0002635157738
82140	0.002169111524
82141	0.004526578008
82142	0.003068250488
82143	0.004229257575
82144	0.0005337725184
82145	0.003801194309
82146	0.001521971814
82147	0.01271433068
82148	0.004932929202
82149	0.001176501936
82150	0.003374116529
82151	0.004114247975
82152	0.001691501996
82153	0.0003614429049
82154	0.0004940788
82155	0.002485393709
82156	0.001323924533
82157	0.008017809805
82158	0.005234297945
82159	0.003463440791
82160	0.001111324482
82161	0.001614135492
82162	0.001251007911
82163	0.001328570107
82164	0.001002877893
82165	0.001482801316
82166	0.00373533462
82167	0.005012895216
82168	0.005233535335
82169	0.001462267556
82170	0.0003704819032
82171	0.003736164623
82172	0.000330388963
82173	0.002759697282
82174	0.003124661508
82175	0.006768631002
82176	0.003056088531
82177	0.001255446707
82178	0.001529849017
82179	0.003220977044
82180	0.000276152759
82181	0.00535563449
82182	0.0008563354899
82183	2.860975581e-05
82184	0.003982798807
82185	0.004831863664
82186	0.002108060245
82187	0.0003548252207
82188	0.004489353094
82189	0.001291131707
82190	0.0009732538275
82191	0.0006995421622
82192	0.0006551915413
82193	0.0002593089461
82194	0.0009958967955
82195	0.001195822041
82196	0.0002325261206
82197	0.004686988593
82198	0.001231899781
82199	0.0005200827302
82200	0.001871158556
82201	0.00138998503
82202	0.0003553301941
82203	0.005768870286
82204	9.684254379e-05
82205	0.007612460703
82206	0.003297820023
82207	0.0004781244925
82208	0.002591649526
82209	0.0002492999337
82210	0.00744518249
82211	0.00407453147
82212	0.0005670665911
82213	0.002567822276
82214	0.0006073053536
82215	0.00265839734
82216	0.003830515487
82217	0.003959467269
82218	0.0002187575527
82219	0.001950834978
82220	0.002131757576
82221	0.001264953799
82222	0.00353282828
82223	0.001423732261
82224	0.0002817018434
82225	0.005484739014
82226	0.0009855510093
82227	0.003003004274
82228	0.001271653983
82229	0.0004856342978
82230	0.001352269892
82231	0.0001606263287
82232	0.001928893514
82233	0.0001337722206
82234	0.000566858529
82235	0.0001534292724
82236	0.000164161957
82237	0.0002127733951
82238	0.0002818778031
82239	0.00106918306
82240	0.0008513960196
82241	0.002421811201
82242	0.001112599593
82243	0.00421726619
82244	0.000487495904
82245	0.002467035987
82246	0.003728270384
82247	0.001161379739
82248	0.003972789646
82249	0.001231598591
82250	0.001487983973
82251	0.001842237147
82252	0.0005902968024
82253	0.0002634701138
82254	0.003577766898
82255	0.0003882945683
82256	0.002430942713
82257	0.002052639403
82258	0.0001862149398
82259	0.0005230234519
82260	0.0008679745208
82261	0.0001796661259
82262	0.0009371674372
82263	0.002158758935
82264	0.001783286072
82265	0.001135529561
82266	0.002339825959
82267	5.897112209e-05
82268	0.004442054369
82269	0.0006045435997
82270	0.003375565618
82271	0.0002746786243
82272	0.001245750702
82273	0.0007798480263
82274	0.0001975559241
82275	0.000787945226
82276	0.0022813064
82277	2.916048645e-05
82278	0.0004076835775
82279	2.511511073e-05
82280	0.001304444757
82281	0.001686283566
82282	0.0003680092552
82283	0.003480708749
82284	0.00498846358
82285	0.004070000872
82286	0.003462616679
82287	0.0003419043483
82288	0.007406466966
82289	0.0008235917192
82290	0.001542099913
82291	0.001074029753
82292	0.0003873677647
82293	0.001182036782
82294	0.001132988614
82295	0.000357820068
82296	0.0001554507652
82297	0.0001013986768
82298	0.0003737173717
82299	0.00134607993
82300	0.004905638104
82301	0.002336033073
82302	0.000900557198
82303	0.002114499879
82304	0.0005478157423
82305	0.003198869671
82306	0.006758610999
82307	0.000204802622
82308	0.002824247479
82309	0.003125607431
82310	0.003590482387
82311	0.001444966007
82312	0.002210121893
82313	0.005837463601
82314	0.003765484609
82315	0.0005466815698
82316	0.00156013931
82317	0.0004416387085
82318	0.0004844569737
82319	0.00325347271
82320	0.0006473505246
82321	0.0008410507938
82322	0.002911133884
82323	0.004897737813
82324	0.0001698512065
82325	0.003824699405
82326	0.002506028711
82327	0.001863155454
82328	0.0001416006675
82329	0.001307595297
82330	0.0001888268507
82331	0.001711798848
82332	0.0002707442573
82333	0.00133783253
82334	0.002363919384
82335	0.002088220471
82336	0.0003613617187
82337	0.0012150747
82338	0.000643948958
82339	0.004613707614
82340	4.665072352e-05
82341	0.003633223319
82342	0.0005189459306
82343	0.003760596094
82344	0.001260805688
82345	0.0008600222618
82346	0.004505426032
82347	0.002374503699
82348	0.0007354447263
82349	0.0004107995138
82350	0.0004900213045
82351	0.0003261499722
82352	0.003110515982
82353	0.0001427082
82354	0.0009548589021
82355	0.0002887666389
82356	0.0006349664825
82357	8.308275224e-05
82358	0.001733053217
82359	0.004002837613
82360	0.0009125327726
82361	0.0002418539118
82362	0.001323797461
82363	0.001626877353
82364	0.001582247142
82365	0.0008876742948
82366	0.001238119771
82367	0.001032786499
82368	0.0004196091475
82369	0.001483666004
82370	0.002334742296
82371	0.0003505885157
82372	0.0007305521458
82373	0.0004161045833
82374	0.0008749384293
82375	0.0001255297402
82376	0.00196454738
82377	0.001466100388
82378	0.001923543736
82379	0.003334329017
82380	0.000281931968
82381	0.0008795281381
82382	0.0001328570213
82383	0.0006012423284
82384	0.0001350247225
82385	0.000836805857
82386	0.001554929028
82387	0.0004701880687
82388	0.0007368272414
82389	0.007706345962
82390	0.002289620609
82391	0.001166720127
82392	0.00350878692
82393	0.002222161397
82394	0.001015275775
82395	3.684055408e-08
82396	0.001397158625
82397	0.004667459338
82398	0.0005011411026
82399	0.001381280991
82400	0.002168760449
82401	0.005440512475
82402	0.002892780442
82403	0.002540595757
82404	0.001099389294
82405	0.001146376464
82406	0.0006910764964
82407	0.004532585814
82408	0.003781129563
82409	0.000656066319
82410	0.001802912186
82411	0.002846995331
82412	0.0004726706862
82413	0.001826909501
82414	0.0002785372641
82415	0.002024041805
82416	0.001457787596
82417	0.004296617338
82418	0.004597923266
82419	0.001452801597
82420	0.001379115721
82421	0.001521635667
82422	0.0002422311475
82423	0.001602681154
82424	0.001152496965
82425	4.863091713e-05
82426	0.003711020464
82427	0.001641004885
82428	0.0002996966681
82429	0.001259831532
82430	0.00164766396
82431	0.002505431322
82432	0.002561537992
82433	0.008566870696
82434	0.0002080261223
82435	0.002150637297
82436	0.00055615864
82437	0.004936139221
82438	0.002649503472
82439	0.0001261563592
82440	0.001607253989
82441	0.001258764402
82442	0.001403164604
82443	0.001149778221
82444	7.821611929e-05
82445	0.00205109758
82446	0.0002406592695
82447	0.0005941073181
82448	0.0005893285651
82449	0.0006708254105
82450	0.0005873217175
82451	0.001306088144
82452	0.001959588938
82453	0.000776533905
82454	0.002007029927
82455	0.001095448106
82456	0.005175666621
82457	0.001553161196
82458	0.0006998631207
82459	0.0003135185277
82460	0.002106521029
82461	0.005098272848
82462	0.003934451018
82463	0
82464	0.0002752313548
82465	0.003384295106
82466	0.004515301049
82467	0.0004513386293
82468	0.007204324327
82469	0.0002158187016
82470	0.004942002371
82471	0.006910055588
82472	0.001338712364
82473	0.001696142762
82474	0.001706949976
82475	0.00236190283
82476	0.005685738371
82477	0.002614691253
82478	0.0002839407449
82479	0.00164485446
82480	0.0002397637133
82481	0.000753643254
82482	0.0001417744686
82483	0.0004275468465
82484	0.006032987164
82485	0.0005683289624
82486	0.00165206839
82487	0.001172689359
82488	0.003509891559
82489	0.001942164823
82490	0.001742739074
82491	0.001588506232
82492	0.004803836817
82493	0.006231047192
82494	0.002560035294
82495	0.00212113204
82496	0.002505563759
82497	5.410650303e-05
82498	0.001099604079
82499	0.0006264662942
82500	0.0006726913873
82501	0.001706633353
82502	0.002089822122
82503	0.004950667616
82504	0.001565773736
82505	0.001831278671
82506	0.001345218959
82507	0.0002291561156
82508	0.002518788184
82509	8.666180607e-05
82510	0.003345053028
82511	0.002041569075
82512	0.001572382007
82513	0.001477935975
82514	0.0006582686044
82515	0.00407640785
82516	0.0002299345205
82517	0.00116666912
82518	0.005476949334
82519	0.00313064092
82520	0.0006056916664
82521	0.001293634964
82522	0.0007532342502
82523	0.00392556784
82524	0.0008258038165
82525	0.005239296177
82526	0.0031032432
82527	0.003597100043
82528	0.005609102887
82529	0.001091870274
82530	0.0004212373081
82531	0.00227521427
82532	0.001813126724
82533	0.001146960395
82534	0.0004560421329
82535	0.003265011641
82536	0.00181750292
82537	0.008942223621
82538	0.002069351091
82539	0.0007109638434
82540	0.001700886215
82541	0.0007186242691
82542	0.001323852724
82543	0.00171662954
82544	0.002108807989
82545	9.72551927e-05
82546	0.006177870899
82547	0.0004635121074
82548	0.004046597419
82549	0.0001728145864
82550	6.003006099e-05
82551	0.0003334197493
82552	0.005642151618
82553	0.00129288074
82554	0.0002729587171
82555	9.775653048e-05
82556	0.001906875739
82557	6.12889437e-05
82558	0.0027459642
82559	0.00227527902
82560	0.00507582521
82561	0.001652712771
82562	0
82563	0.0002238482323
82564	0.003988172516
82565	0.005947265007
82566	0.0009798373256
82567	0.0002512915129
82568	0.004087054924
82569	0.002956177435
82570	0.001071340967
82571	5.586110357e-05
82572	0.001490318458
82573	0.006651178694
82574	0.005032243405
82575	0.005434069243
82576	0.0003919942909
82577	0.007017944279
82578	2.004004351e-05
82579	0.0001263849646
82580	0.004541355904
82581	0.001126999983
82582	0.000875679907
82583	0.007388937581
82584	0.0004807972798
82585	0.004650474642
82586	0.001717061343
82587	0.001811520628
82588	0.0007352786899
82589	0.005241358684
82590	0.005777863564
82591	0.007672178384
82592	0.0004727380529
82593	5.922954709e-05
82594	7.839461444e-05
82595	0.0002631802773
82596	8.427350204e-05
82597	0.0001516317011
82598	5.499484323e-05
82599	7.40216483e-05
82600	9.22376633e-05
82601	8.009495316e-05
82602	6.961525118e-05
82603	1.473673202e-05
82604	1.355170078e-06
82605	7.527858509e-05
82606	0.002437548786
82607	0.003748441023
82608	7.915659899e-05
82609	7.890370062e-05
82610	0.00267174904
82611	2.630373056e-05
82612	0.0001164234414
82613	0.003224008294
82614	0.003440437114
82615	0.003526088779
82616	0.003208380297
82617	0.0001571167597
82618	0.0005073599564
82619	0.0001431307691
82620	0.000821686181
82621	0.002507590505
82622	0.003869230388
82623	0.001048557792
82624	0.007192337279
82625	0.002628210647
82626	0.002620382941
82627	0.004023555662
82628	0.0007113930641
82629	0.003342136235
82630	1.125212157e-06
82631	0.00359482685
82632	0.003701720283
82633	0.001583295888
82634	0.004913769797
82635	0.005914160183
82636	0.003298245111
82637	0.001939432561
82638	0.005101385578
82639	0.001442715437
82640	0.0004386176632
82641	0.00302768624
82642	0.0006260690851
82643	0.001954391897
82644	0.0004414439321
82645	0.006657079893
82646	0.002292534108
82647	0.005317650764
82648	0.00111651303
82649	0.004660493998
82650	0.001740176871
82651	0.002893038867
82652	0.0006497176103
82653	0.001898423461
82654	0.0004459926744
82655	0.0005388367945
82656	0.002907218091
82657	0.0008852166205
82658	0.002834074754
82659	0.005038941256
82660	0.0002575872384
82661	0.0009344165311
82662	0.001271396056
82663	0.0005062806739
82664	0.002885715681
82665	0.004114827491
82666	0.000894206355
82667	0.003646891784
82668	0.002396999019
82669	0.005297634528
82670	0.007699125035
82671	6.221484868e-05
82672	0.001606861057
82673	0.002521079105
82674	0.002723083433
82675	0.004010001599
82676	0.001927859157
82677	0.0009911437675
82678	0.004674193871
82679	0.004000396394
82680	0.005121743236
82681	0.002135521007
82682	0.005315460045
82683	0.0001652926873
82684	0.0002787143598
82685	0.003600324518
82686	0.002056539644
82687	0.002136415307
82688	0.001220039929
82689	0.006993659632
82690	0.005062256354
82691	0.001399796794
82692	0.0001111005688
82693	0.000332229684
82694	0.0008331662857
82695	0.002743628029
82696	0.00265626556
82697	0.001317055617
82698	0.0004901268
82699	0.001989306492
82700	0.001040735417
82701	0.0007743122287
82702	0.002365104434
82703	0.001589962419
82704	0.002979499392
82705	0.002556635658
82706	0.001654253614
82707	0.0009327559689
82708	0.004592243405
82709	0.004070272329
82710	0.003103181278
82711	0.001130739358
82712	0.0004620219581
82713	0.003317502147
82714	0.004005409263
82715	0.000184977501
82716	0.004746619229
82717	0.002215627151
82718	0.002341336342
82719	0.002362800539
82720	0.003876155958
82721	0.003614273614
82722	0.002426421749
82723	0.0007141639736
82724	1.040423119e-06
82725	0.001570280279
82726	0.002399765406
82727	0.001378779414
82728	0.003928421964
82729	0.006083078161
82730	0.0001452635963
82731	0.003998561984
82732	0.001653190103
82733	0.0008136048264
82734	0.003546303141
82735	0.005685021674
82736	0.004319196135
82737	0.002739993104
82738	0.0002710556647
82739	0.002266322528
82740	0.001275677308
82741	0.003238867064
82742	0.001559835174
82743	0.005488750687
82744	0.004219331149
82745	0.00111060285
82746	0.00274165814
82747	0.000290736105
82748	0.0008475526385
82749	0.004985032008
82750	0.002028086672
82751	0.006266602598
82752	0.002976212478
82753	0.0007066055753
82754	0.005628057417
82755	0.001686699448
82756	0.003893629974
82757	0.006322094593
82758	0.000260856387
82759	0.002248976403
82760	0.004557942446
82761	0.002474750973
82762	0.0008961923506
82763	0.001232652467
82764	0.00403714804
82765	0.002308672661
82766	0.0005192553615
82767	0.005504843431
82768	0.002207355899
82769	0.002442850761
82770	0.004166144066
82771	0.001591780745
82772	0.002673160161
82773	0.002516634341
82774	0.0001097684825
82775	0.002503344413
82776	0.001395124684
82777	0.009534529861
82778	0.001001246685
82779	0.002221811539
82780	0.001652212519
82781	0.001587528212
82782	0.00148941794
82783	0.0007289177112
82784	0.001456300582
82785	0.005602412855
82786	0.0008495950678
82787	0.0007244506931
82788	0.0007598659746
82789	0.0002414669718
82790	0.001875281796
82791	0.00365524407
82792	0.007642709928
82793	0.0007793324935
82794	0.0007546507055
82795	0.004568960797
82796	0.001408842108
82797	0.001742972575
82798	0.004294478941
82799	0.0001574764033
82800	0.0008769027304
82801	0.0002106311945
82802	0.0001403428427
82803	0.0002758816015
82804	0.001724369465
82805	0.0006129697564
82806	0.002883255701
82807	0.002260760757
82808	0.000894804265
82809	0.001949202509
82810	0.003764647798
82811	0.00222404436
82812	0.001099806026
82813	0.00309786458
82814	0.002081543559
82815	0.003257503054
82816	0.002451260241
82817	0.0002170492351
82818	0.0007016305147
82819	0.0007081065628
82820	0.004515100883
82821	0.001195360309
82822	0.003475638044
82823	0.001133015096
82824	0.0008051519626
82825	0.00290227205
82826	0.005061118923
82827	0.003581895873
82828	0.00199360283
82829	0.0001254296851
82830	0.0007575776917
82831	0.002262076259
82832	0.001178817106
82833	0.0003478915461
82834	8.938590491e-05
82835	1.131293933e-05
82836	0.0007979315829
82837	0.001078735915
82838	0.001068931557
82839	0.002528966397
82840	0.0007920651579
82841	0.001956081153
82842	0.006209909439
82843	0.0005010948851
82844	0.001824217874
82845	5.920364173e-05
82846	0.001699023797
82847	0.0003982660591
82848	0.001756272506
82849	0.003267051847
82850	0.001278520964
82851	0.0004216914029
82852	0.001049099217
82853	0.0009264382046
82854	0.00546590256
82855	0.001143007145
82856	0.002475018371
82857	0.000413295641
82858	0.0002455079834
82859	0.002264112341
82860	0.006056158792
82861	0.001973229693
82862	0.002020446545
82863	0.002174827825
82864	0.001475400039
82865	0.000597392619
82866	0.002047345144
82867	0.00157666478
82868	0.007728376793
82869	0.003976303617
82870	0.002078818899
82871	0.003003384538
82872	0.001349911395
82873	0.004796228828
82874	9.021190764e-05
82875	0.0005074307982
82876	0.003468617533
82877	0.00119434898
82878	0.005965448658
82879	0.0009846281106
82880	3.799708817e-05
82881	0.002802204028
82882	0.001006099972
82883	0.0001164141656
82884	9.795270737e-05
82885	0.0003391261327
82886	0.0006392375137
82887	0.002601061555
82888	0.002247687343
82889	0.002476099145
82890	0.001866722411
82891	0.002316902601
82892	0.004458348595
82893	0.001902338183
82894	0.0006454389768
82895	0.006488044475
82896	0.001831439545
82897	0.004070008835
82898	0.001500540308
82899	0.004445875225
82900	0.0001865696128
82901	0.002663608
82902	0.001897152201
82903	0.0007083318774
82904	0.00534957486
82905	5.69540041e-05
82906	0.002530796161
82907	0.0002038148517
82908	0.0017006777
82909	0.002717901749
82910	0.00553312498
82911	0.003790537401
82912	0.007310361769
82913	0.0002110792459
82914	0.003029743944
82915	0.0001164223709
82916	0.003685784249
82917	0.001631685407
82918	0.0007765622689
82919	0.0009247655999
82920	0.002299752526
82921	0.0007314167216
82922	0.001351049528
82923	0.0003251159812
82924	0.001289940725
82925	0.002944593883
82926	0.00242308011
82927	0.003722678104
82928	0.002675220407
82929	0.0001117584262
82930	0.0006275361654
82931	0.002734935391
82932	0.001742288655
82933	0.0007628511201
82934	0.002012808098
82935	0.0002859468513
82936	0.001607060313
82937	0.001146387563
82938	0.0020755026
82939	0.001271263248
82940	1.784394079e-05
82941	0.002068048194
82942	0.002145450193
82943	0.00166684364
82944	0.0006733071771
82945	0.003620784643
82946	0.004917890428
82947	3.738398838e-05
82948	0.004714658057
82949	0.002416068887
82950	0.003154966954
82951	0.0008948208412
82952	0.004404679665
82953	1.835303037e-05
82954	0.0001915698992
82955	0.000360970536
82956	0.002101393724
82957	9.552955327e-05
82958	0.0003986320935
82959	0.002371274031
82960	0.0009858523333
82961	0.001236635934
82962	5.062552751e-05
82963	0.0002685883946
82964	0.001132534543
82965	5.585600086e-05
82966	0.001445078212
82967	0.001491578034
82968	0.000480988318
82969	0.001057633932
82970	0.0006019394376
82971	0.001999188303
82972	0.001444035566
82973	0.002280379286
82974	0.0010923824
82975	2.006198039e-05
82976	0.0007427850184
82977	0.0008709692745
82978	0.000856187799
82979	0.002002900027
82980	0.0003923678038
82981	0.0004436596654
82982	0.001086707187
82983	0.001405364658
82984	0.002204508475
82985	0.0004243574894
82986	0.001801882969
82987	0.0002488107067
82988	0.001187128107
82989	0.001717261525
82990	0.000755280511
82991	0.001909230932
82992	0.00011343494
82993	0.001289202912
82994	7.620770205e-05
82995	4.805076883e-05
82996	0.0001196884144
82997	1.708615038e-05
82998	1.607742397e-06
82999	0.003512261656
83000	0.002896638909
83001	0.0005670708516
83002	0.003238820931
83003	0.000784315636
83004	0.001914257942
83005	0.000950166528
83006	0.001277563064
83007	0.001436578099
83008	0.001362720491
83009	0.0002307762612
83010	0.000527683523
83011	0.0001295988283
83012	0.004626050186
83013	0.006295496578
83014	0.0004993556687
83015	6.746833008e-05
83016	0.0004980645414
83017	0.001934143995
83018	0.0008588926931
83019	0.001576850922
83020	0.002054293949
83021	0.0008413478438
83022	0.003189816591
83023	0.002026929347
83024	0.0002329070486
83025	0.000337855117
83026	0.0004276452294
83027	0.0001396010636
83028	0.001144783216
83029	0.0009686016163
83030	0.002014573225
83031	0.0005887113623
83032	0.001357330468
83033	0.001660922128
83034	0.0002661572177
83035	0.0003879167274
83036	0.001596768634
83037	0.001137378652
83038	0.0007968193368
83039	0.003285045365
83040	0.0004560461174
83041	0.0002483659464
83042	6.527427015e-05
83043	0.004339022799
83044	0.0003580280126
83045	0.0001971696148
83046	0.000564078846
83047	0.0008364728714
83048	0.001169259166
83049	0.0004153457137
83050	0.002081652269
83051	9.730565259e-05
83052	0.006171906338
83053	0.001572660243
83054	0.002141239156
83055	0.005237100727
83056	0.004215405079
83057	0.0004083129619
83058	0.0008778306313
83059	0.003909219585
83060	0.0006825019427
83061	0.002480206929
83062	0.003876434454
83063	0.00102332256
83064	0.001757303642
83065	0.002750187784
83066	0.001102720657
83067	9.990856183e-05
83068	0.0005584028798
83069	0.0001383902438
83070	0.0004090604813
83071	0.0001805272417
83072	0.000731027772
83073	0.001083935678
83074	0.004756973027
83075	0.0001207542117
83076	0.0006161902949
83077	0.0002026675583
83078	0.002604117113
83079	0.000274380167
83080	0.00519681342
83081	8.069613228e-05
83082	0.0005697935503
83083	0.0003913906033
83084	0.0007510230733
83085	0.0002446295262
83086	0.005962869343
83087	0.002298304175
83088	0.0002359063093
83089	0.0005360671578
83090	0.001761089296
83091	0.0005179998079
83092	0.003466838604
83093	0.002050862307
83094	0.001651793057
83095	0.003801981533
83096	0.0004844371298
83097	0.0006169695123
83098	0.0003092330829
83099	0.0002062122748
83100	0.00239098205
83101	0.0002598770448
83102	0.001922676145
83103	0.003834951985
83104	0.001101774375
83105	0.004735576079
83106	0.0007068032181
83107	0.001698379617
83108	0.0004153194972
83109	0.005369957651
83110	0.004737166677
83111	0.008766843938
83112	0.008089722849
83113	0.007717464701
83114	0.00779538295
83115	0.001110678039
83116	0.001008747364
83117	0.002628718071
83118	0.0004511607214
83119	0.0001277671084
83120	0.0008515051797
83121	9.138300202e-05
83122	0.000707168387
83123	0.001759634966
83124	0.000109969915
83125	0.0006636536006
83126	0.0007806064306
83127	0.0003417727275
83128	0.0008192874699
83129	3.612191269e-05
83130	0.0001349599748
83131	4.967984525e-05
83132	0.0002265511724
83133	0.000461840793
83134	3.441613239e-05
83135	0.0001795788623
83136	0.0001085512126
83137	0.0002698411872
83138	0.001329202998
83139	0.004272877251
83140	0.003707483404
83141	0.002764692362
83142	0.002668886184
83143	0.0003201204589
83144	0.0007389960817
83145	0.001801745988
83146	0.004773432813
83147	0.0001769650437
83148	0.004736547703
83149	0.001142125535
83150	0.0009832491374
83151	0.001849488432
83152	0.002287658792
83153	0.0005844749225
83154	0.001581509024
83155	0.001334017979
83156	0.001146987082
83157	0.0004112242124
83158	0.0008872455797
83159	0.0004162353906
83160	0.0002863889809
83161	0.0002448796765
83162	0.0002858457785
83163	0.0002865509774
83164	0.0002866771551
83165	0.000278412068
83166	8.708493862e-05
83167	0.0001758075578
83168	0.0003619603997
83169	0.0003039004086
83170	0.0003315884375
83171	0.000287592328
83172	0.0002856239236
83173	0.0003037614637
83174	0.000324857846
83175	0.0002861242337
83176	0.0002862204308
83177	0.0002253164566
83178	5.085109836e-05
83179	0.0001150772395
83180	0.0002864948932
83181	0.0002859202814
83182	0.0002133823991
83183	0.001191163188
83184	0.0004350245055
83185	0.000948778725
83186	0.001112656578
83187	0.0001857400902
83188	0.0004812807395
83189	0.0001468164446
83190	0.000558252839
83191	0.0003524651003
83192	0.0005802124609
83193	8.163910588e-05
83194	0.0005650062353
83195	0.0002287505935
83196	0.0003578632091
83197	0.00233319984
83198	0.0002120750715
83199	0.0003540176257
83200	9.443226815e-05
83201	0.0005045760208
83202	0.001139397173
83203	0.0004989847793
83204	0.0007314602208
83205	0.0002342832553
83206	0.0003104809558
83207	0.001584151906
83208	0.0001758046995
83209	0.000281366078
83210	0.0005846574263
83211	0.0007971813866
83212	0.001191265001
83213	0.002910093027
83214	0.0002214354044
83215	0.001355262518
83216	0.0001013485925
83217	0.0003617992261
83218	0.0004907563506
83219	0.0003105984991
83220	0.0005390764988
83221	0.0005061683529
83222	0.0007870481194
83223	0.000954505937
83224	0.001470278242
83225	0.00191743701
83226	0.0006379858145
83227	0.001113163682
83228	0.0009058991681
83229	0.001306508376
83230	1.43610478e-05
83231	0.001484179444
83232	0.003326888932
83233	0.0003579620618
83234	0.0001439154344
83235	0.0002181482511
83236	4.46337007e-05
83237	0.0001616069538
83238	0.0004961089013
83239	0.002855676634
83240	0.001331662712
83241	0.000687074679
83242	0.00197588667
83243	0.002708772111
83244	0.003364378917
83245	0.003940230143
83246	0.002897511355
83247	0.0002057889619
83248	0.00123492859
83249	0.000229948049
83250	0.000558979321
83251	0.00105417305
83252	0.0005534519599
83253	0.003344603544
83254	0.001061283846
83255	0.0007043130001
83256	0.000605085933
83257	0.0004909378347
83258	0.0001498051297
83259	0.0006643051251
83260	0.0004573266467
83261	0.00379710199
83262	0.001239181914
83263	0.00233529844
83264	0.001746873274
83265	0.0005545798592
83266	0.001974094077
83267	0.00132860535
83268	0.004065386102
83269	8.20893591e-05
83270	0.001314049809
83271	0.0001945232461
83272	0.0002034530517
83273	0.0002595407821
83274	0.0001142173008
83275	0.0008736051244
83276	0.0004992549663
83277	0.001626182781
83278	0.0002007233558
83279	0.0006049747991
83280	0.0005049034093
83281	0.002483442265
83282	0.0001294988998
83283	0.001310088325
83284	0.002231311911
83285	0.0006535511694
83286	0.0009870400013
83287	9.810505287e-05
83288	0.0004138239977
83289	0.0007224782246
83290	0.000293936898
83291	0.0007784260047
83292	0.000474860086
83293	0.0003579829766
83294	0.0009236028099
83295	0.0006187260351
83296	0.0003162806689
83297	0.001301389042
83298	0.0007998347063
83299	0.000280945394
83300	1.637652567e-06
83301	4.786763043e-05
83302	0.0001403535157
83303	0.0004923545902
83304	0.0001040491657
83305	0.0006385740992
83306	0.0003652825889
83307	0.0006128366379
83308	0.0005696313516
83309	0.0004735546876
83310	0.001688868165
83311	0.0006927664058
83312	3.873981749e-06
83313	0.0004861737494
83314	0.0008160565776
83315	0.0008922775512
83316	0.001904866001
83317	0.0005033625613
83318	0.004900653686
83319	0.0007473128048
83320	0.001381106757
83321	0.001880433301
83322	0.002777241384
83323	0.0003032757761
83324	0.0003498385529
83325	0.0001317369805
83326	0.0005382967769
83327	3.605846758e-05
83328	0.001032678002
83329	0.00101905596
83330	0.002525996727
83331	0.005244544042
83332	0.001263088437
83333	0.0002670825558
83334	0.0009476892698
83335	0.0003193919971
83336	0.00215337267
83337	0.0003402586286
83338	4.964333006e-05
83339	0.0008609485664
83340	0.0006468036622
83341	0.00105335435
83342	0.0004399215868
83343	0.0004052158456
83344	0.0003411022685
83345	0.000668610145
83346	7.985704198e-05
83347	0.0005183526796
83348	0.0002942015631
83349	0.0004301615212
83350	5.961210417e-05
83351	0.000669864091
83352	0.0004376639822
83353	7.316194309e-05
83354	0.0006603705013
83355	0.0003672255761
83356	0.000490450369
83357	0.0001614600517
83358	1.460468728e-05
83359	0.0007830703312
83360	0.0006275335323
83361	0.001209561566
83362	0.000250187956
83363	7.364118134e-05
83364	0.0007500073815
83365	0.0006566995371
83366	0.002683804992
83367	0.0005790966654
83368	0.0005628439369
83369	0.0005330810669
83370	0.001391321897
83371	0.000430945163
83372	0.001389434378
83373	0.0005136773933
83374	0.0005194071828
83375	8.201944392e-06
83376	0.0005575780629
83377	0.002044605289
83378	4.149435752e-05
83379	0.0001415277059
83380	0.001229494559
83381	0.003548219803
83382	0.0009411547106
83383	0.003393129923
83384	0.001021233518
83385	4.899639962e-07
83386	0.0003353592814
83387	0.00180932965
83388	0.002484409171
83389	0.002321308651
83390	0.001736594552
83391	0.00167191732
83392	0.0008176522294
83393	0.0005034039917
83394	0.000500229717
83395	0.0004997794706
83396	0.0005491394002
83397	0.0007872106927
83398	0.002058423451
83399	0.002622522228
83400	5.713957788e-05
83401	0.004473932942
83402	0.0006593597724
83403	0.004646146865
83404	0.001944558746
83405	0.00111561056
83406	0.00177969413
83407	0.001793214393
83408	0.003745442388
83409	0.001030235028
83410	0.002548532607
83411	0.003152964266
83412	0.0014268058
83413	0.003659110501
83414	0.002670381767
83415	0.003417904728
83416	0.002859893147
83417	0.001382922542
83418	0.003221266195
83419	0.00413163121
83420	0.002627982496
83421	0.0002902495403
83422	0.0003426117025
83423	9.377914152e-05
83424	0.001698019255
83425	0.0001574770682
83426	0.0001082451527
83427	0.0004824356458
83428	0.004481732736
83429	0.0004830489977
83430	0.0007533213542
83431	0.0001496674084
83432	0.0007106309125
83433	0.0004521492866
83434	0.0009707801047
83435	0.0004879295324
83436	0.0003155004741
83437	0.00267488859
83438	0.0002941741515
83439	0.0002500706577
83440	0.002009876682
83441	0.01026089997
83442	0.0002735055435
83443	0.0007961455664
83444	0.00515924541
83445	0.004683527075
83446	0.006609114104
83447	0.006341505883
83448	0.003705593492
83449	0.00308583576
83450	0.00180546919
83451	0.0004049649058
83452	0.00691095409
83453	0.004837423192
83454	0.001260604713
83455	0.002684239164
83456	0.01019359848
83457	0.0008475531839
83458	0.004010412466
83459	0.001807809296
83460	0.003260059299
83461	0.00131116326
83462	0.0006394411076
83463	0.00191255667
83464	0.001235711004
83465	0.003586996923
83466	0.005135745732
83467	0.004093543849
83468	4.760188089e-05
83469	0.0003629378491
83470	0.0004295777689
83471	0.006438651477
83472	0.003732859479
83473	0.002879958489
83474	0.002378574095
83475	0.0001633766333
83476	0.005396650682
83477	0.002512316383
83478	0.001928668722
83479	0.002797590661
83480	0.003888777915
83481	0.0008378528221
83482	7.78328982e-05
83483	0.001121182101
83484	0.007553081722
83485	0.0005155910563
83486	0.001904382865
83487	0.008195287057
83488	0.003409219817
83489	0.002404742957
83490	0.0007177111893
83491	0.004424052776
83492	0.004593184102
83493	0.0002492166648
83494	0.00232996837
83495	0.001501672992
83496	0.002289050221
83497	0.007202359834
83498	0.001144303309
83499	0.006827148148
83500	0.00225137641
83501	0.0009432494771
83502	0.004340821657
83503	0.002092004654
83504	0.0008413988599
83505	0.00289469167
83506	0.0005075817555
83507	0.006207742038
83508	0.0009397750609
83509	0
83510	0.0002454309634
83511	0.003546787522
83512	0.002579056358
83513	0.006831994874
83514	0.0002411413045
83515	0.0005700318924
83516	0.00312594031
83517	0.001043068741
83518	0.001786971751
83519	0.0002187600717
83520	0.001917226292
83521	0.0009127706148
83522	0.0001964347774
83523	0.001323302464
83524	0.0003667718261
83525	0.00618281533
83526	0.002989534505
83527	0.0004454936142
83528	0.003375863834
83529	0.004567334159
83530	0.002057472867
83531	0.0004259134884
83532	0.0007474154232
83533	0.003593576101
83534	0.002176644401
83535	0.002595606718
83536	0.002606638535
83537	0.001977472877
83538	0.001622387777
83539	0.004407920228
83540	0.001746695309
83541	0.007235733677
83542	0.0003604453476
83543	0.001487263378
83544	0.001911718926
83545	0.00166824774
83546	0.003353422503
83547	1.420726387e-05
83548	0.000178404069
83549	0.00290245516
83550	0.001052853552
83551	0.005045617428
83552	0.003297085127
83553	0.000207037472
83554	0.0007417757911
83555	0.0006356488826
83556	0.006102371568
83557	0.00196604115
83558	0.0006881319914
83559	0.0002466734189
83560	0.000191433396
83561	0.005277008576
83562	0.004576062015
83563	0.002593226812
83564	0.003120029404
83565	0.004753696207
83566	0.003317113539
83567	0.006818643048
83568	0.006949289937
83569	0.002597010429
83570	0.0001231516062
83571	0.00651510209
83572	0.001338853033
83573	0.0002579787396
83574	0.00342849861
83575	0.0006123255058
83576	0.0004209520679
83577	0.002043125491
83578	0.002819210959
83579	1.366064735e-05
83580	0.00016117542
83581	0.002317694188
83582	0.0002672509553
83583	0.001601165755
83584	0.001037164853
83585	0.00374673028
83586	0.0001979055224
83587	0.002017088343
83588	0.004958707587
83589	0.003946497191
83590	4.710208565e-05
83591	0.001188781078
83592	0.001038264997
83593	0.003855647802
83594	0.003395626009
83595	1.077874257e-05
83596	0.000133373951
83597	5.535678532e-05
83598	0.0003543900016
83599	8.21287836e-05
83600	0.001493703567
83601	0.000437693507
83602	0.0001284570895
83603	0.002622611937
83604	0.002461767349
83605	0.0006273380326
83606	3.227511658e-05
83607	0.001634139378
83608	0.000477779877
83609	0.0006038730938
83610	0.002653437795
83611	0.0007112060219
83612	0.0009534503847
83613	0.0006011371877
83614	0.0007244116914
83615	0.002047700265
83616	0.000492468639
83617	0.001154224864
83618	0.0001470808687
83619	0.0006618463899
83620	0.0002774205518
83621	0.003034830477
83622	0.002330119602
83623	0.00398550875
83624	0.003787259367
83625	0.001066797938
83626	0.003777265298
83627	4.876435084e-05
83628	0.001048278982
83629	0.0008328940841
83630	0.0009874890626
83631	0.001097890327
83632	0.001906132715
83633	0.002685477181
83634	0.003111752363
83635	0.0007968650654
83636	0.001688665165
83637	0.001157619383
83638	0.0001624325999
83639	0.002091447129
83640	0.001959427399
83641	0.002834995882
83642	0.001337923219
83643	0.0006167234895
83644	0.001034263505
83645	0.003138145443
83646	0.0001748772944
83647	0.001103691655
83648	3.864312694e-05
83649	0.003266222932
83650	0.003555243024
83651	0.001882556809
83652	0.0006752412865
83653	0.001037272107
83654	0.0006914462584
83655	0.001885518924
83656	0.0006662100144
83657	2.043640954e-05
83658	0.004138189798
83659	0.001224303317
83660	0.004176143689
83661	1.312387212e-05
83662	0.001745502168
83663	0.001542794601
83664	0.00198457704
83665	0.00101708455
83666	0.0007680623119
83667	0.001253983753
83668	0.006653713595
83669	0.003504914763
83670	0.003419458374
83671	0.0006330100551
83672	0.001833631077
83673	0.001207071025
83674	1.679760746e-05
83675	0.004122140912
83676	0.0006284124345
83677	0.001765132958
83678	0.001418515924
83679	0.001041720819
83680	0.006833212354
83681	0.002495560103
83682	0.004721393215
83683	0.003220817504
83684	0.001430592593
83685	0.0002195211043
83686	0.001111034566
83687	0.003141347489
83688	0.005021622753
83689	0.0003462345913
83690	0.0002555432174
83691	0.002180389809
83692	0.0005221850225
83693	0.001029433135
83694	0.001423662109
83695	0.0001822098022
83696	0.003975586333
83697	0.004349468282
83698	0.003440225191
83699	0.003057884788
83700	0.00110380256
83701	0.0003683254995
83702	0.002334838327
83703	0.001306649845
83704	0.004742794427
83705	0.001065304829
83706	0.0002123983208
83707	0.001010528169
83708	0.003244886332
83709	0.001000378056
83710	0.0004698582388
83711	0.002081699249
83712	0.001094649176
83713	0.001699616944
83714	0.004757935671
83715	0.001387830329
83716	0.0001776264641
83717	0.001418787606
83718	0.001102487975
83719	0.001328613457
83720	0.001282218511
83721	0.004128065602
83722	0.002083506063
83723	0.004403223196
83724	0.003135723993
83725	0.001856488721
83726	0.001150382305
83727	0.002570912057
83728	0.001799972295
83729	0.004204791059
83730	0.0006930105953
83731	0.0003603533843
83732	0.0005966555959
83733	0.001496241082
83734	0.002185955089
83735	0.002207736624
83736	0.001376067074
83737	0.001958513801
83738	0.006261633423
83739	0.002887533329
83740	0.0003632199088
83741	0.004725780213
83742	0.000852451081
83743	0.0009471159693
83744	0.003030602444
83745	0.001484888454
83746	0.002765636247
83747	0.0003838850978
83748	0.003456630252
83749	0.000992964179
83750	0.0003382948587
83751	4.556046196e-07
83752	0.004236167387
83753	0.004141752104
83754	7.278407899e-05
83755	0.0004075592886
83756	0.0008738652938
83757	0.002039531861
83758	0.001180480191
83759	0.003582688821
83760	0.002076098407
83761	0.001784537486
83762	9.735003401e-05
83763	0.002773676935
83764	0.004320083402
83765	0.0009444145196
83766	0.001682518093
83767	0.00375190587
83768	0.002537307342
83769	0.002658725851
83770	0.001283441067
83771	6.043448559e-05
83772	0.004954023055
83773	0.0001818288706
83774	0.0006007638505
83775	0.0003397005524
83776	0.003685823225
83777	0.000583082739
83778	0.005983074657
83779	0.001327527782
83780	0.006556368488
83781	0.0004866082321
83782	0.002373840988
83783	0.0002808856923
83784	0.001001582055
83785	0.001607279189
83786	0.0009264467777
83787	0.003306326141
83788	0.0006280022426
83789	0.0007107962475
83790	0.001718128074
83791	0.00386543583
83792	0.006782876778
83793	0.001801768514
83794	0.005791487212
83795	0.001871804774
83796	0.000336223036
83797	0.0003630003539
83798	0.0005093526714
83799	0.001871301218
83800	0.00530113082
83801	0.001589761624
83802	0.007026111253
83803	0.002645010532
83804	0.00111840826
83805	0.001350104967
83806	0.0006043405704
83807	0.0007644188636
83808	0.00257186364
83809	8.144034531e-05
83810	0.002389940205
83811	0.001698369991
83812	0.0006063674333
83813	0.002286126793
83814	0.001179737714
83815	0.001114778655
83816	0.001582329537
83817	0.001242932753
83818	0.00147270544
83819	0.003649764711
83820	0.00647195305
83821	0.0009926523498
83822	0.001337406681
83823	0.001713489667
83824	0.0007938149624
83825	0.002770498219
83826	0.0004945582689
83827	0.0007921338755
83828	0.003071191862
83829	0.0006908618441
83830	0.0004207004547
83831	0.0005070075778
83832	0.002499517791
83833	0.001350743402
83834	0.0006616170399
83835	0.0008955699038
83836	0.001751324384
83837	0.004691956999
83838	0.003050839349
83839	3.218755506e-05
83840	0.002124862986
83841	0.001079757992
83842	0.0004242662628
83843	0.000367252522
83844	0.0004857642727
83845	0.002651538017
83846	0.002288661857
83847	0.002448470112
83848	0.003922768477
83849	0.001157008198
83850	0.0009762970753
83851	0.001828870027
83852	0.002667563596
83853	0.00113587176
83854	0.004148290853
83855	0.000690612818
83856	0.003228284306
83857	0.002291818531
83858	0.003537331526
83859	0.0009335953437
83860	0.00298871004
83861	0.001590979049
83862	0.0007987380187
83863	0.001587501955
83864	0.002616464397
83865	0.000724984033
83866	0.002331804107
83867	0.003948199911
83868	0.001338068398
83869	0.002299436889
83870	0.000626665947
83871	0.001106368158
83872	0.0008317590889
83873	0.00115410551
83874	0.0003252612979
83875	0.001068074586
83876	0.002295240861
83877	0.004317058523
83878	0.005417761917
83879	0.001117435023
83880	0.0008596863488
83881	0.00316861085
83882	0.000482496686
83883	0.0004400961253
83884	0.0003583253115
83885	0.003274632644
83886	0.001846430619
83887	0.0012464648
83888	0.0001303001458
83889	0.0003546265678
83890	0.003775781195
83891	0.001359056898
83892	0.0001275645032
83893	0.001936477245
83894	0.0006429743104
83895	5.798704739e-05
83896	0.006652568567
83897	0.002196875432
83898	0.0003830500411
83899	0.0006339385867
83900	0.003572334984
83901	0.000766488615
83902	0.001233976288
83903	0.0004390662689
83904	0.002140825615
83905	0.001602317344
83906	0.001117331163
83907	0.0008647015333
83908	0.001040367643
83909	0.003458479004
83910	0.005740705471
83911	0.0006349955063
83912	0.002259517861
83913	0.0003436014238
83914	0.003447248854
83915	0.0008173547825
83916	9.054761141e-05
83917	3.386095895e-05
83918	0.00274031796
83919	8.249221571e-05
83920	0.004933728857
83921	0.001856245797
83922	0.0006555163582
83923	0.0001171646455
83924	0.0017809503
83925	0.001732078854
83926	0.0004543073436
83927	0.004454512501
83928	0.002229803864
83929	0.0005931285385
83930	0.000316079137
83931	0.0005388477774
83932	0.0001882146278
83933	0.003394856989
83934	0.004496888891
83935	0.002762277067
83936	0.0001580071403
83937	0.00221929052
83938	0.00370958863
83939	0.0005499755966
83940	0.0005721424092
83941	0.000563838927
83942	0.006039363353
83943	0.000645637973
83944	0.00839396942
83945	0.001301662974
83946	0.0008203292553
83947	0.002304553359
83948	0.0007474021913
83949	0.003975788055
83950	0.00303146982
83951	0.0001016984097
83952	0.003279166369
83953	0.001758127005
83954	0.0009308606005
83955	0.0006578131754
83956	0.00315050701
83957	0.001791932475
83958	0.002646851941
83959	0.000333448041
83960	0.00547390629
83961	7.167903612e-05
83962	0.002509881754
83963	0.001102245565
83964	0.001738086908
83965	0.0004083412456
83966	0.002586630664
83967	0.000179280978
83968	0.002090128607
83969	0.005907146656
83970	0.0005109849246
83971	0.0003152692369
83972	0.0009531123699
83973	0.0005966718256
83974	0.002842392774
83975	5.31492057e-05
83976	0.003506928613
83977	0.001460254508
83978	0.002305449228
83979	8.886120505e-05
83980	0.0001957972361
83981	0.002497109628
83982	0.003498231965
83983	0.002041881389
83984	0.001372374875
83985	0.003900889466
83986	0.006288711702
83987	0.0004012826139
83988	0.001214187706
83989	0.004787060052
83990	0.0008600469921
83991	0.001603696296
83992	0.0001548306134
83993	0.0006248242507
83994	0.001434041474
83995	0.002269750329
83996	0.0002628902064
83997	0.001137773593
83998	0.001425954477
83999	0.001121375665
84000	0.0004579309427
84001	0.001735965602
84002	0.001522335518
84003	0.001980755574
84004	0.003739962663
84005	0.0007471981834
84006	0.004152495604
84007	0.0001415984456
84008	0.002971444666
84009	0.0006703000154
84010	0.001697537728
84011	0.0006031984607
84012	0.00305003581
84013	0.0002944989968
84014	0.0002093216796
84015	0.001930410044
84016	0.0004641513464
84017	0.0004835762379
84018	0.0007366889253
84019	0.0004383315435
84020	0.0008432174717
84021	0.0001893468303
84022	0.0006354902732
84023	0.002187597647
84024	0.001035579261
84025	0.0003203131587
84026	0.002535296038
84027	0.003421669179
84028	0.001906085664
84029	0.002163270099
84030	0.001251634576
84031	0.001173796569
84032	8.153019311e-05
84033	0.001661970378
84034	0.0004654676941
84035	6.36515621e-05
84036	0.001791340426
84037	8.038534087e-05
84038	8.902228572e-05
84039	0.001498748547
84040	0.001374335333
84041	0.001470725352
84042	0.003482229352
84043	0.001787981075
84044	0.001359961682
84045	0.000179148352
84046	0.00041427627
84047	0.003149398108
84048	0.0008983635135
84049	0.003153374747
84050	0.001043345891
84051	0.002804130839
84052	0.003287665512
84053	0.006582340038
84054	0.002053489365
84055	6.25151773e-05
84056	6.726036164e-05
84057	0.0001512275681
84058	0.000539465772
84059	0.002757217229
84060	0.0006535365335
84061	0.000502250227
84062	0.004469076548
84063	0.001369609863
84064	0.002747827624
84065	0.0002047938574
84066	0.001389836127
84067	0.0005464372987
84068	0.003401824805
84069	0.006320406734
84070	0.002955362734
84071	0.001455722027
84072	0.005399548426
84073	4.43588043e-05
84074	0.001864573627
84075	0.002177439101
84076	4.712738812e-05
84077	0.0006888132789
84078	0.005030590067
84079	0.002121409883
84080	0.0008292561919
84081	0.001380207308
84082	0.0004249681037
84083	0.001422598843
84084	0.000186473667
84085	0.0002966413989
84086	0.003904053627
84087	0.0001826064081
84088	0.0004358435608
84089	0.001554111833
84090	0.001548443051
84091	0.002182411985
84092	0.002414243057
84093	0.001030705047
84094	0.005468472451
84095	0.001793151735
84096	0.002877615052
84097	0.0001380202749
84098	0.001773009428
84099	0.005881120737
84100	0.004220694214
84101	2.15474352e-05
84102	0.0006010460406
84103	0.0001163896437
84104	0.00496590651
84105	0.003532729109
84106	0.001849476655
84107	0.002365095305
84108	0.005119345082
84109	0.002993015056
84110	0.0006903406721
84111	0.001686020454
84112	0.001014629723
84113	0.002514527546
84114	0.003803320225
84115	0.001999385189
84116	0.005135727796
84117	0.001103247683
84118	0.003937640351
84119	0.003528179485
84120	0.0009776671548
84121	0.001851012705
84122	0.0008413732673
84123	0.0007054075754
84124	0.002133720697
84125	0.001287412892
84126	0.002928613235
84127	0.0007953638358
84128	0.0001334843122
84129	0.002997248543
84130	0.001420772892
84131	0.0003081504686
84132	0.004214744652
84133	0.000560140417
84134	0.001138648017
84135	0.0004141282259
84136	0.001253013347
84137	0.002322991338
84138	0.0007757482942
84139	0.001110049428
84140	0.004976684471
84141	0.0002784326278
84142	0.001247721616
84143	0.001396991204
84144	0.0007890954583
84145	0.001226087393
84146	0.001970002925
84147	0.0002775643707
84148	0.003662839996
84149	0.002251776111
84150	0.003175381921
84151	0.000711653748
84152	0.002015186178
84153	0.0007849856329
84154	0.0005943165493
84155	0.001680868541
84156	0.0008728554446
84157	0.002060567241
84158	0.002306672496
84159	0.0007937530722
84160	0.0003599298801
84161	0.001340147912
84162	0.001345979459
84163	8.143864352e-05
84164	0.001175290098
84165	0.0005963489651
84166	0.002029392283
84167	0.004480826446
84168	0.003340593871
84169	0.001795993193
84170	0.001061217545
84171	0.00241407804
84172	0.0002958573503
84173	0.0004584855389
84174	5.240898162e-05
84175	0.005053137085
84176	0.003346215945
84177	0.001171057299
84178	0.0002714654105
84179	0.002153270678
84180	0.00242195531
84181	0.001761658585
84182	0.001326117426
84183	0.0004053106712
84184	0.0004653546549
84185	0.001111845295
84186	0.002467240556
84187	0.00175428829
84188	0.003844918124
84189	0.0009354992253
84190	0.00126722671
84191	0.000534813721
84192	0.002569298269
84193	0.003080206276
84194	0.002900082397
84195	0.0002826944272
84196	0.001818633448
84197	0.000223590536
84198	0.001934249644
84199	0.001752749821
84200	0.000670869677
84201	0.004286843174
84202	0.0003660526819
84203	0.006219566527
84204	0.0002192605152
84205	0.001801251225
84206	0.003320547448
84207	0.003052614076
84208	0.0006668600015
84209	0.001348409425
84210	0.001509770501
84211	0.001110519515
84212	0.004525953346
84213	0.002625590907
84214	0.0003159378383
84215	0.001180029535
84216	0.001255399297
84217	0.001232907403
84218	0.002646952335
84219	9.159143916e-06
84220	0.001804016048
84221	0.0009593223873
84222	0.0005288188254
84223	0.003711182509
84224	0.002588187964
84225	0.001364549612
84226	0.001719033435
84227	0.0005615187958
84228	0.00141466358
84229	0.0003126615377
84230	0.0008085047193
84231	0.0004835413089
84232	0.0002938169383
84233	0.001169033917
84234	0.002165036892
84235	0.002802202023
84236	0.0004652371388
84237	0.005765001768
84238	0.002357260263
84239	0.003590721705
84240	0.0002714677836
84241	0.002176924702
84242	0.002478669474
84243	0.001070296282
84244	0.002431388069
84245	0.001210565981
84246	0.007438927264
84247	0.00360659147
84248	0.004315766327
84249	0.001041887077
84250	0.0005267153427
84251	0.00182141267
84252	0.0001625866737
84253	0.0009119727157
84254	0.002841189343
84255	0.001529333229
84256	0.001039574037
84257	0.0001194724237
84258	0.0004821876047
84259	0.0007394620268
84260	0.0002168554194
84261	5.590090353e-05
84262	0.004597746987
84263	0.00128138239
84264	0.002273794937
84265	0.002619688027
84266	0.0005420938503
84267	0.003748286579
84268	2.165322993e-05
84269	0.001374044809
84270	0.005521506496
84271	0.0001962993809
84272	0.00246795135
84273	0.002646165825
84274	0.0001770215417
84275	0.001464135434
84276	0.002989441511
84277	0.0001950433193
84278	0.001643443807
84279	0.005353975703
84280	0.0006518368865
84281	0.0003702904349
84282	0.000647015355
84283	0.0004886337667
84284	0.00419695201
84285	0.004231245737
84286	0.001697808771
84287	0.0005979155502
84288	0.003228657885
84289	0.002179846268
84290	0.003341190596
84291	0.0001626399351
84292	0.002695223809
84293	0.0008148147381
84294	0.001944236065
84295	0.005156849878
84296	0.001231223924
84297	0.002285265237
84298	0.001541440803
84299	0.0001376238271
84300	0.005283379137
84301	1.77083026e-05
84302	5.39475031e-05
84303	0.003406428516
84304	0.000500368017
84305	0.0004699863095
84306	0.006358952104
84307	0.003177006129
84308	0.005230055121
84309	0.002203949533
84310	0.0004543631308
84311	0.001290946307
84312	0.002487966162
84313	0.001580358837
84314	0.005270240926
84315	0.00175869229
84316	0.002815665545
84317	0.000290036608
84318	0.001571422226
84319	0.0005626513781
84320	0.0005535114407
84321	0.001615127031
84322	0.001672527063
84323	0.002016444093
84324	0.005935443177
84325	0.001620747399
84326	8.961846941e-05
84327	0.0001886082033
84328	0.001947923142
84329	9.624861448e-05
84330	0.002936463592
84331	0.0006080383858
84332	0.003182105722
84333	0.005905855792
84334	0.003215320043
84335	0.0004675592475
84336	0.002897709153
84337	0.005293163408
84338	0.003750342342
84339	0.0001572061445
84340	0.001077986067
84341	0.0009678686004
84342	0.0003806147295
84343	0.003625216439
84344	0.001011945296
84345	0.000222324075
84346	0.0001896841007
84347	0.006914582533
84348	0.0003019106577
84349	0.001649377269
84350	0.002262602644
84351	0.005192989875
84352	0.0005471018508
84353	0.001537400683
84354	0.003923113487
84355	0.0004284409246
84356	0.001245374852
84357	0.002309634742
84358	0.001096259874
84359	0.002966109003
84360	0.0001512425122
84361	0.001180897145
84362	0.0003527410833
84363	0.001217489445
84364	0.001033061889
84365	0.0007884358389
84366	0.0004972615118
84367	0.003975560266
84368	0.0022207997
84369	0.002131517033
84370	0.001628308251
84371	0.001709454497
84372	0.0001494711301
84373	0.001293622363
84374	0.000205670591
84375	0.001906441058
84376	0.0009711829874
84377	0.000934161847
84378	0.001838095431
84379	0.0001106577228
84380	0.0005152513079
84381	0.003307844175
84382	0.0007190598914
84383	0.007464666687
84384	0.0007929671352
84385	0.001639389627
84386	0.001152944918
84387	0.00398459178
84388	0.004858942866
84389	0.0008191724464
84390	0.005213062774
84391	0.001875375729
84392	0.0001818402477
84393	0.003762006183
84394	0.001556384362
84395	0.00168737591
84396	0.009678070512
84397	0.009288936795
84398	0.001187694002
84399	0.001917522208
84400	0.005067710029
84401	0.001551240074
84402	0.003376467541
84403	9.569285578e-05
84404	7.350858435e-05
84405	0.0005307517852
84406	0.002292093145
84407	0.001972918685
84408	0.0005582412811
84409	0.00349614981
84410	0.000453883144
84411	0.001966911517
84412	0.00201118711
84413	0.002517465806
84414	0.0001665794667
84415	0.004216446176
84416	2.80931586e-05
84417	0.003416775192
84418	0.002694600805
84419	0.001458954662
84420	0.001585001282
84421	0.001500768229
84422	0.001021323096
84423	0.001108438519
84424	0.0001644932198
84425	0.001209631914
84426	0.001499751691
84427	0.0009028405824
84428	0.001762093461
84429	5.487769122e-05
84430	0.003455973899
84431	0.001043789314
84432	0.001424894758
84433	0.0040325277
84434	0.006080804427
84435	0.002078782641
84436	0.002405933762
84437	0.001021879017
84438	0.000266327656
84439	0.001302718431
84440	0.001807946005
84441	0.003044478398
84442	0.004276775423
84443	0.004334067319
84444	0.000213357637
84445	0.001410952784
84446	0.00132886911
84447	0.0007897273318
84448	0.0005309256735
84449	0.0007255513511
84450	0.001159358269
84451	0.002202176879
84452	0.002392309865
84453	0.006158542758
84454	0.0006479106449
84455	0.0005918070286
84456	0.001023392329
84457	4.284797534e-05
84458	0.001582208704
84459	0.0002855470844
84460	0.002974870021
84461	0.004832714776
84462	0.002607026074
84463	0.0002357271237
84464	0.0007775515143
84465	0.001988052511
84466	0.003886107286
84467	0.00165405383
84468	0.001817960975
84469	0.0001250251633
84470	0.003021014486
84471	0.001534819197
84472	0.001763677144
84473	0.001715944262
84474	0.002280839781
84475	0.00123145111
84476	0.0003764370588
84477	0.000608021563
84478	0.001205162855
84479	0.001532748332
84480	0.001192919263
84481	0.0005607386893
84482	0.00061758204
84483	0.002163643301
84484	0.0012197348
84485	0.0009716913581
84486	0.003797120483
84487	0.004658344128
84488	0.001218082568
84489	0.00254781047
84490	0.001837480299
84491	0.00335774405
84492	0.0004940206546
84493	0.0004704755159
84494	0.007376663045
84495	0.001020829552
84496	0.007176086504
84497	0.002252573431
84498	0.001576854866
84499	5.537161191e-05
84500	0.0003807527586
84501	0.004790775039
84502	0.00122840426
84503	0.0005564821284
84504	0.0002076546028
84505	0.001623043
84506	0.000383934752
84507	0.0004180593453
84508	0.0004461941114
84509	0.001713678836
84510	0.001135382078
84511	0.0005006316825
84512	0.002440362122
84513	0.002201604826
84514	0.0009669840316
84515	0.0007293435056
84516	0.002915430275
84517	0.0005506861391
84518	0.0007236377419
84519	0.001373209113
84520	0.000369395573
84521	0.003100901425
84522	0.0004503814958
84523	0.0002332901608
84524	0.002317342912
84525	0.001793113954
84526	0.001897031141
84527	0.002770946193
84528	0.0005814116231
84529	0.001007088933
84530	0.002195951663
84531	0.0002216288805
84532	0.000127705215
84533	0.004888385197
84534	0.0001817809612
84535	0.003597312583
84536	0.001498640343
84537	0.001172351491
84538	0.005301959972
84539	0.0005630544659
84540	0.002656250801
84541	0.0005099098428
84542	0.0007484681141
84543	0.001456350613
84544	0.002667051171
84545	0.00408216795
84546	0.001124404564
84547	0.002395384568
84548	0.001362766413
84549	0.001790252183
84550	0.000314049365
84551	0.00350188133
84552	0.00110231992
84553	0.006624296861
84554	0.0007205270431
84555	0.001193105945
84556	0.001823044432
84557	0.001512932161
84558	0.0005615520807
84559	0.0002113389944
84560	0.0013417234
84561	0.001259194463
84562	0.001871020196
84563	0.0009204695325
84564	0.0004511004013
84565	0.001220835964
84566	0.001518591563
84567	0.002405316258
84568	0.0004041407859
84569	0.001896143566
84570	0.002131415713
84571	0.0001299575744
84572	0.00192614656
84573	0.0006907175042
84574	0.000104714067
84575	0.003161685834
84576	8.270050111e-05
84577	0.001067969999
84578	0.001684953368
84579	0.000403354709
84580	0.002004963136
84581	0.001215691314
84582	0.0007247784982
84583	0.001504961777
84584	0.000397595746
84585	0.0003187377527
84586	8.571140952e-05
84587	0.0002901735926
84588	0.00162370863
84589	0.004221183546
84590	0.0009366881522
84591	0.002370777048
84592	0.004539180915
84593	0.003704075927
84594	0.00567895939
84595	0.0004287432594
84596	0.002840138631
84597	0.002083578338
84598	0.004257852621
84599	0.002335773998
84600	0.001595778719
84601	0.004994483041
84602	0.002152717009
84603	0.00321998522
84604	0.004633610889
84605	0.00135651735
84606	0.001104705566
84607	0.002930127248
84608	0.001205027026
84609	0.0007543208159
84610	0.005178375783
84611	6.804027452e-05
84612	0.001028857528
84613	0.004069307749
84614	0.002388274432
84615	0.003532398762
84616	0.0007138252108
84617	0.004898970641
84618	0.00118660698
84619	0.003609550887
84620	0.00140309741
84621	0.001746785638
84622	2.82870734e-05
84623	0.0002500443643
84624	0.000274893502
84625	0.0005469710989
84626	0.003324068542
84627	0.001064774807
84628	0.0004017793469
84629	0.0003672165362
84630	0.002471354231
84631	0.002869131465
84632	0.0009374931796
84633	0.001829365585
84634	0.003921007772
84635	0.001492768754
84636	0.001618428624
84637	0.00301021936
84638	0.00343922706
84639	0.002454857101
84640	0.001034737034
84641	0.003460030982
84642	0.001712920475
84643	0.002472399959
84644	0.002317335061
84645	0.003685165816
84646	0.003702015864
84647	0.0005724813937
84648	0.001111841256
84649	0.002355866257
84650	0.000839052992
84651	0.001102453841
84652	0.003859852083
84653	0.001546042855
84654	0.001754173962
84655	0.0005248271595
84656	0.001366512538
84657	0.00224857404
84658	0.002866793199
84659	0.004326151723
84660	0.0001308802605
84661	0.001462803169
84662	0.00165058256
84663	0.003382891047
84664	0.003533259006
84665	0.0005579234308
84666	0.004206822274
84667	0.0007683839929
84668	0.001864972465
84669	0.001329963646
84670	5.758051223e-05
84671	0.001948304449
84672	0.002066259045
84673	0.001795522001
84674	0.002288385561
84675	0.004121095883
84676	0.00188197682
84677	0.002894156612
84678	0.0006897342187
84679	0.001792167076
84680	0.004670899427
84681	8.280454917e-05
84682	6.489875417e-05
84683	0.0009312409924
84684	0.002603172787
84685	0.001498449875
84686	0.001970175566
84687	0.0004801055822
84688	0.00139551768
84689	0.002927998315
84690	0.0007106870997
84691	0.001249268392
84692	0.001094853649
84693	0.001580923822
84694	0.0002212845038
84695	0.001158629469
84696	0.0009302595472
84697	0.0005334313287
84698	0.0004031283688
84699	0.002441646152
84700	0.003180483174
84701	0.0005562196098
84702	0.00158612019
84703	2.439878722e-05
84704	0.00162596508
84705	0.006068612441
84706	0.004300650272
84707	0.0006579320879
84708	0.002509966167
84709	0.002487323934
84710	0.002133664422
84711	0.002687901365
84712	0.001379487575
84713	0.004201319886
84714	0.001238273044
84715	0.002294275741
84716	0.004110510423
84717	0.006043203138
84718	0.003439912036
84719	0.001988113629
84720	0.003114623213
84721	0.0008302852382
84722	0.004690929838
84723	0.000888386463
84724	0.001592464307
84725	0.0003614642541
84726	0.002202032227
84727	0.001643098445
84728	0.0009570037647
84729	0.003387221657
84730	0.0008669073689
84731	0.0001083488045
84732	0.000711553361
84733	0.0007649062041
84734	0.0007561310685
84735	0.0007814961759
84736	0.0002687987768
84737	0.001379094173
84738	0.0002393457473
84739	0.001277447552
84740	0.003773671389
84741	0.001782711797
84742	0.00327865928
84743	0.0009943863586
84744	0.0001201145147
84745	0.001035854494
84746	0.0001610891504
84747	0.001082970246
84748	0.0008186009514
84749	0.001147317266
84750	0.006769030306
84751	0.0006066815774
84752	0.0008029486656
84753	0.000506887283
84754	0.0002839822445
84755	0.002018234122
84756	0.003355400924
84757	0.00155432694
84758	0.009706270144
84759	0.003468504989
84760	0.0005551388409
84761	0.000306644996
84762	0.00431205251
84763	6.664055358e-05
84764	0.0005903864382
84765	0.002160705807
84766	0.0005356118117
84767	0.00156150436
84768	0.0003202092668
84769	0.001955281145
84770	0.0001972361323
84771	0.0004486489108
84772	0.0009398642603
84773	0.002558974902
84774	0.004784351544
84775	0.0002475593604
84776	0.001509445493
84777	0.002172585531
84778	0.001088916741
84779	0.0006952619582
84780	0.0006321075609
84781	0.001471862877
84782	0.00379349206
84783	0.001012009222
84784	0.002862702852
84785	0.0003930923153
84786	0.0009172187486
84787	0.0007016954152
84788	0.002917538462
84789	0.0005804054353
84790	0.00236383241
84791	0.0003822712464
84792	0.0004944474801
84793	0.002579851003
84794	0.002656956762
84795	0.002826456445
84796	0.001912843244
84797	0.001648963314
84798	0.000888299888
84799	0.0002406739244
84800	0.00143487833
84801	0.0005042423587
84802	0.0007479177255
84803	0.003135496161
84804	0.001178964992
84805	0.004577018858
84806	0.001584643666
84807	0.001054887103
84808	0.005249924769
84809	0.002549218026
84810	0.001137819111
84811	0.003686000523
84812	0.001834533681
84813	0.001354766395
84814	0.005662216689
84815	0.0007396363091
84816	0.0009649222543
84817	0.003140239327
84818	0.002558830129
84819	0.0005007794126
84820	0.0002595801322
84821	0.00486898517
84822	0.001905998568
84823	0.002684347026
84824	0.001206954242
84825	0.005955645029
84826	0.003693170265
84827	0.0006352426651
84828	0.0004504347533
84829	7.958107078e-05
84830	0.001848104326
84831	0.001902040542
84832	0.0090911019
84833	0.001148216978
84834	0.001312019415
84835	0.0004958405599
84836	0.001630180347
84837	0.003227307618
84838	0.0001228131299
84839	0.006659090699
84840	7.016230904e-05
84841	0.002145329851
84842	0.001606517221
84843	0.0006205222072
84844	0.002725432466
84845	0.001555538915
84846	0.004286554974
84847	0.000442263514
84848	0.002581147617
84849	0.003045420572
84850	0.0006039739937
84851	0.002311242474
84852	0.002335332612
84853	0.002923715384
84854	0.001242447174
84855	0.0002725617519
84856	0.00300772082
84857	0.001780188686
84858	0.000854863874
84859	9.329897876e-05
84860	0.0004753965258
84861	0.0003675358087
84862	0.005347280606
84863	0.003703934525
84864	0.0003581232995
84865	0.001492780883
84866	0.0004723953433
84867	0.0009875141507
84868	0.0006085605323
84869	0.003349334031
84870	0.000445940427
84871	0.003172725542
84872	0.0002571791078
84873	0.001534904126
84874	0.003461114758
84875	0.002718214346
84876	0.001356186512
84877	0.0008640505192
84878	0.001754896561
84879	0.0006093434656
84880	0.004645251388
84881	0.0004121672819
84882	0.000566220717
84883	0.0005663778141
84884	0.0004347659062
84885	0.003277053316
84886	0.001070240014
84887	0.002592001747
84888	0.001707282137
84889	0.00215586655
84890	0.0007248710082
84891	3.64846213e-05
84892	0.002350045049
84893	0.00384278388
84894	0.002608113388
84895	0.002114918844
84896	0.001568910529
84897	0.002123257423
84898	0.001337325182
84899	0.0008414907823
84900	0.0003153956356
84901	0.0003197229997
84902	0.0003706563429
84903	0.0006058683359
84904	3.364831432e-05
84905	0.0006853859492
84906	0.002927771207
84907	0.005281904651
84908	0.002282213318
84909	0.0009092795451
84910	0.001004594459
84911	0.00504653638
84912	0.001114783745
84913	0.0007697940241
84914	0.004293053066
84915	0.0004777739233
84916	5.841773173e-05
84917	0.006035196115
84918	0.0002115665075
84919	0.001165865735
84920	9.151588013e-05
84921	0.001650246503
84922	0.0007449963237
84923	0.002827078045
84924	0.001411027438
84925	0.004077071101
84926	0.001579250118
84927	0.001306074102
84928	0.002671804762
84929	0.003102975609
84930	0.001812774292
84931	0.0004669326619
84932	0.0009823700909
84933	0.0005926654266
84934	0.0006103133092
84935	0.002322926572
84936	0.0001310996289
84937	0.004023297201
84938	0.001020436241
84939	0.007080033157
84940	0.006208341071
84941	0.0006467732937
84942	0.0004925566959
84943	0.00158456272
84944	0.0002461118977
84945	0.004321388958
84946	0.00233074204
84947	0.006221458952
84948	0.0008737471524
84949	0.001262141102
84950	0.0007036703572
84951	0.001132218391
84952	7.224851396e-05
84953	8.62216034e-06
84954	0.001062641731
84955	0.0005980255222
84956	0.0004496181826
84957	0.001521015766
84958	0.006770337462
84959	0.001724982576
84960	0.0004639317274
84961	0.001155454481
84962	0.001150392639
84963	0.001009706379
84964	0.001494148889
84965	0.002588130988
84966	0.0007045416838
84967	0.005047668654
84968	0.001289165035
84969	0.002723093219
84970	0.002199500329
84971	0.002742868661
84972	0.005107069754
84973	0.0006578965688
84974	0.003435745781
84975	0.001150930385
84976	0.005591009026
84977	4.515450508e-05
84978	0.002785228946
84979	0.00226604855
84980	0.004685952173
84981	4.311442956e-05
84982	0.000778351954
84983	0.0003915380081
84984	0.0005111655693
84985	0.001124936312
84986	0.000729594607
84987	0.001032226987
84988	0.001012323297
84989	0.005743638759
84990	0.0004437803024
84991	0.003618858286
84992	0.002825693685
84993	0.001055570241
84994	0.000440056926
84995	9.378364544e-05
84996	0.001736830404
84997	0.0008451657614
84998	0.002252624615
84999	0.0009239066023
85000	0.003336439687
85001	0.001909965604
85002	0.003221824656
85003	0.002347394334
85004	0.001560340042
85005	0.001028815185
85006	0.001949687873
85007	3.56718056e-06
85008	0.002091288532
85009	0.003814777799
85010	0.001435084414
85011	0.002424174724
85012	3.862649325e-05
85013	0.000203668818
85014	0.003390999955
85015	0.001666118757
85016	0.004394057829
85017	0.0006833582523
85018	0.003984728347
85019	0.0005003780959
85020	0.000971820954
85021	0.0007005582789
85022	5.28515849e-05
85023	0.0001919983488
85024	0.0007987559306
85025	0.00124520938
85026	0.006671950208
85027	0.0004874894463
85028	0.001411941384
85029	0.0008013170803
85030	0.002548156428
85031	0.0005159142072
85032	0.006412290655
85033	0.0005793984794
85034	0.001241699277
85035	0.003860568239
85036	1.882749212e-05
85037	0.00151175878
85038	0.0006019504299
85039	0.0004493893976
85040	0.0002145371501
85041	0.001391589921
85042	0.0008170259953
85043	8.93522734e-05
85044	0.0003298254746
85045	0.0002173560252
85046	0.002489602498
85047	0.005107529393
85048	0.0008785477784
85049	0.0002400425109
85050	0.0001810206743
85051	0.009021107832
85052	0.002572673731
85053	0.003839489288
85054	0.001380012162
85055	0.0005665537304
85056	0.0009152724679
85057	0.0007578385423
85058	0.000831940943
85059	0.0002833397472
85060	0.001845687689
85061	0.004018034969
85062	0.00272097057
85063	0.0003253972628
85064	0.00112407739
85065	0.001974899924
85066	0.0009112947456
85067	0.000213917012
85068	0.0001484785579
85069	0.003173785396
85070	0.0008200676198
85071	0.0008582146559
85072	0.002355014262
85073	0.007170139476
85074	0.004052146413
85075	0.0008685776047
85076	0.00518889961
85077	0.00332798555
85078	0.001278145942
85079	0.000389636398
85080	0.0009628680495
85081	0.0003632609569
85082	0.001438661692
85083	0.001606772191
85084	0.000171260225
85085	0.0003200964117
85086	0.002648863504
85087	0.0006084790329
85088	0.001911946499
85089	0.003129849504
85090	0.0002238563971
85091	0.000585126724
85092	0.0004310677433
85093	0.004066677181
85094	0.004144314854
85095	0.0005096423325
85096	0.0003251671037
85097	7.473193157e-05
85098	0.002726156408
85099	0.002071460758
85100	0.003323812533
85101	0.0009186167098
85102	0.005789215257
85103	0.006014110897
85104	0.0005247616551
85105	0.00124133324
85106	0.001642679543
85107	0.0002419513828
85108	0.0005340200841
85109	0.003261388196
85110	0.0007660300466
85111	0.004083295364
85112	9.8010144e-05
85113	8.842918313e-05
85114	0.0001174424452
85115	0.001320173021
85116	0.001981797073
85117	0.002237554865
85118	0.000273871051
85119	0.0005253206781
85120	0.0006187286971
85121	0.0009494720026
85122	0.005474893204
85123	0.0001244478573
85124	0.0002679147955
85125	0.001355602312
85126	0.001011504039
85127	0.004565737441
85128	3.357896799e-05
85129	0.001534007661
85130	0.0009569911456
85131	0.0009552443897
85132	0.0001216091929
85133	0.001383748883
85134	0.001190611548
85135	0.007903733655
85136	0.003470415223
85137	0.0002989337312
85138	0.0005239846062
85139	0.0006258306688
85140	0.002631869357
85141	0.0007467463105
85142	0.001744520056
85143	0.0003966935107
85144	0.001849378803
85145	0.00389833018
85146	0.005319238979
85147	0.003044318527
85148	0.001511341838
85149	0.004518307903
85150	0.003661698926
85151	0.004271056152
85152	0.0003130380536
85153	0.000381152196
85154	0.0004191816855
85155	0.003579147467
85156	0.0002129532842
85157	0.004326447594
85158	0.001779688812
85159	0.003695885472
85160	0.001255623253
85161	0.001294981496
85162	0.002050188214
85163	0.0001828805458
85164	0.0001843822209
85165	0.0005273664504
85166	0.001248718988
85167	0.00332770205
85168	0.005156823789
85169	0.002112663027
85170	0.000955422268
85171	0.0007480666617
85172	0.0009502382781
85173	0.004698691823
85174	0.001798007663
85175	0.003121434227
85176	0.00142854551
85177	0.002729071332
85178	0.0003720001813
85179	0.004008544983
85180	0.005191700774
85181	0.0005891309487
85182	2.306235311e-07
85183	0.002550523464
85184	0.0003650856912
85185	0.01291819714
85186	0.0008013045507
85187	0.0005644234415
85188	0.0002619459696
85189	0.001307641321
85190	0.0001856630034
85191	0.001185111078
85192	0.005029508273
85193	0.004577530412
85194	0.008332548552
85195	0.0002870637789
85196	0.002144562491
85197	0.004481254364
85198	0.001550815999
85199	0.0002393667527
85200	0.007513512198
85201	0.002382232096
85202	0.001454978861
85203	0.002530590783
85204	0.0005552219045
85205	0.0005994781978
85206	0.001201961518
85207	0.0008434796053
85208	0.001060961357
85209	0.001169419643
85210	0.0002092225621
85211	0.001060304427
85212	0.00015885847
85213	0.0007371505289
85214	0.001049424383
85215	0.001149067251
85216	0.003675726658
85217	0.0008379387316
85218	0.001773866735
85219	0.002103580224
85220	0.0005651053551
85221	0.001989884014
85222	0.002328171537
85223	0.0003219976276
85224	0.002513137436
85225	0.0002103811558
85226	0.0003173272522
85227	0.001950239271
85228	0.0007015446185
85229	0.0008838361227
85230	0.0008142990175
85231	0.0041627826
85232	0.001091376063
85233	0.004071119027
85234	0.0004377843097
85235	0.001290578449
85236	0.003180901129
85237	0.003663510594
85238	0.001043798224
85239	0.0006353487182
85240	0.002028269975
85241	0.000324163634
85242	0.001726146445
85243	0.0007679399593
85244	0.001831960016
85245	0.004268900846
85246	0.0004425819225
85247	8.506385543e-05
85248	0.003090633896
85249	0.0009946178197
85250	0.001161947954
85251	0.0003750451313
85252	2.861938892e-05
85253	0.006601199065
85254	0.000480310414
85255	0.0006319151801
85256	0.002858217569
85257	0.001545753348
85258	0.003335210928
85259	0.0007868261246
85260	0.001346095795
85261	0.0008944252983
85262	0.002404989236
85263	0.002886804178
85264	0.0009586225948
85265	0.004972187681
85266	0.004504662264
85267	0.001214826338
85268	0.0004778058578
85269	0.0005450128389
85270	0.0001858231579
85271	0.0003211382246
85272	0.0002712087145
85273	5.530146739e-05
85274	0.001491025017
85275	0.0004611394237
85276	0.0005517286032
85277	0.0006164296772
85278	0.005164224197
85279	0.008089846219
85280	0.002004504579
85281	0.002095698288
85282	0.001994397026
85283	0.002597267696
85284	0.001157908869
85285	0.0004575391536
85286	0.0007176666811
85287	0.003925858833
85288	0.0005588331341
85289	0.001338417053
85290	0.005570768023
85291	0.004177973152
85292	0.0005412755084
85293	0.0006374617887
85294	0.001430856176
85295	0.001084226163
85296	0.0006439959636
85297	0.00132550504
85298	0.00159986918
85299	0.001895315353
85300	0.0006260382977
85301	0.000677687947
85302	0.0003883248541
85303	0.0001396669089
85304	0.007049822103
85305	0.003505034123
85306	0.001476204748
85307	0.0001261710366
85308	0.002996293807
85309	0.0004519255981
85310	0.0006171584766
85311	0.0009153288056
85312	0.000720627615
85313	0.007039899022
85314	0.003198024235
85315	0.002502028942
85316	0.0002068906446
85317	0.002505896654
85318	0.0003370890871
85319	0.006692730091
85320	0.0004114404674
85321	0.00592689326
85322	0.0005433359565
85323	0.000423480596
85324	0.004105883804
85325	0.0007085184762
85326	0.002064803705
85327	0.00040547194
85328	0.0006157532429
85329	0.001752843009
85330	0.001016578084
85331	0.0002057579843
85332	0.001301225354
85333	0.0001639587975
85334	0.00212514618
85335	0.001614399717
85336	0.001036748172
85337	0.0007141302991
85338	0.0003565449192
85339	0.0008388914155
85340	0.00133194641
85341	0.0004062517847
85342	0.0007617326331
85343	0.003905708153
85344	0.001337147334
85345	0.003375943487
85346	0.001212650604
85347	0.001120519981
85348	0.002449746073
85349	0.0004893191423
85350	0.004488191718
85351	0.0006987645408
85352	0.002776737792
85353	0.002618411881
85354	0.001310448114
85355	0.005671169097
85356	0.0003959030133
85357	0.001331202526
85358	0.005183511403
85359	0.0004245557838
85360	0.0002966272919
85361	0.001735057118
85362	9.467060319e-05
85363	0.001201314815
85364	0.001075827029
85365	0.00705666148
85366	0.002831487905
85367	0.0005509678115
85368	0.0004529273958
85369	0.0008777414391
85370	0.001327532521
85371	0.0004219637084
85372	0.003582989204
85373	0.001779186338
85374	0.0009561525509
85375	0.001993077862
85376	0.001324533474
85377	0.0002359954277
85378	0.002459156064
85379	0.0006681467964
85380	0.002228021769
85381	0.001155344572
85382	0.0005555531649
85383	0.0003103035807
85384	0.0003783277141
85385	0.00492460676
85386	0.0006777026489
85387	0.003668720022
85388	0.00199938569
85389	0.0002097435845
85390	0.0006805717917
85391	0.000711292904
85392	0.002409803879
85393	0.002291863983
85394	0.001164784378
85395	0.0005577076404
85396	0.0001964840378
85397	0.004059962127
85398	0.003646735689
85399	0.001011224741
85400	0.001653937215
85401	0.0006770009245
85402	3.946159429e-05
85403	0.0004666734913
85404	0.0007920805779
85405	0.002103086955
85406	0.0007843840213
85407	0.001090526913
85408	0.006359775356
85409	0.001374513163
85410	0.002427391571
85411	0.002320715072
85412	0.006667400395
85413	0.002031234658
85414	4.649589113e-05
85415	0.0006329898128
85416	0.0003202293585
85417	0.002283831357
85418	0.0001106963146
85419	0.0002590943339
85420	0.002249588338
85421	0.002038758605
85422	0.001179853494
85423	0.001172016991
85424	8.427513726e-05
85425	0.004368045501
85426	0.001108075737
85427	0.0006942629564
85428	0.0004278721141
85429	0.00167109715
85430	0.001635938418
85431	0.0004643961987
85432	0.0008270064524
85433	0.0009431547864
85434	0.0003234827588
85435	0.008334076977
85436	0.0003033430415
85437	0.002492418417
85438	0.0009457600861
85439	0.0007975503282
85440	0.0009163760733
85441	0.002795351654
85442	0.001797606923
85443	0.01131607659
85444	0.005222726911
85445	0.002728915095
85446	0.001283838275
85447	0.0002248736879
85448	5.148199214e-05
85449	0.0004855281631
85450	0.00352188071
85451	0.003812876767
85452	0.001670430016
85453	0.002000213378
85454	0.002100651275
85455	0.001631512586
85456	0.00147655446
85457	0.001778180034
85458	0.0003205263614
85459	0.0001536778414
85460	0.002343477629
85461	0.00252361491
85462	0.003429179843
85463	0.0006885764974
85464	0.001650624221
85465	0.002156331685
85466	0.0009602332187
85467	0.002138643125
85468	0.0007118131275
85469	0.005161345464
85470	8.488771736e-05
85471	0.001937007751
85472	0.002860439079
85473	0.0003498772509
85474	0.001642523577
85475	0.007615064525
85476	0.001439381501
85477	0.00116203015
85478	0.002102056891
85479	0.002245376596
85480	0.0004414194026
85481	0.0004463582053
85482	0.000292517697
85483	0.001323474249
85484	0.0005135948552
85485	0.0008498731637
85486	0.002420735804
85487	0.002178929114
85488	1.037051265e-05
85489	0.003390128643
85490	0.00154918877
85491	0.0005601456842
85492	0.0007027598285
85493	0.001565280536
85494	0.003104820866
85495	0.002390178317
85496	0.0007425219459
85497	0.001901472114
85498	0.00192684043
85499	0.0004226464938
85500	2.546350713e-05
85501	0.0008716635893
85502	0.006348350584
85503	0.001333988782
85504	6.488632882e-05
85505	0.0001385584758
85506	0.0004957674961
85507	0.002789724262
85508	0.002517343949
85509	0.0004088255967
85510	0.001378089892
85511	0.001813081845
85512	0.008438833873
85513	0.0003920527106
85514	7.190864138e-05
85515	6.414161374e-05
85516	0.000197217705
85517	0.0004199776096
85518	0.0002021077529
85519	0.0007325601737
85520	9.589664035e-05
85521	0.00641542944
85522	5.155060601e-05
85523	0.0004713528189
85524	0.0006488544279
85525	0.002436167972
85526	0.0008677745752
85527	0.003387835983
85528	0.002717429142
85529	0.0005030019975
85530	0.0003845379309
85531	0.001960476704
85532	0.001967024427
85533	0.0009862190735
85534	0.002015703173
85535	0.003803596809
85536	2.456288971e-05
85537	0.0005206964633
85538	0.001564249606
85539	0.003208300313
85540	0.0001019034436
85541	0.002281119985
85542	0.001214026925
85543	0.002042768084
85544	0.0001130311541
85545	0.0006209920142
85546	0.0006970196817
85547	0.0003143620897
85548	0.0007079799324
85549	0.0008430159628
85550	0.0002169405794
85551	0.002374279852
85552	0.0003765180327
85553	0.001005764299
85554	0.002372603691
85555	0.003606773119
85556	0.0004636879614
85557	0.001337681851
85558	0.001315248939
85559	0.0005520196015
85560	0.0003993556604
85561	2.114009829e-05
85562	0.001691195203
85563	0.002845639634
85564	0.0003065921049
85565	0.0003330509456
85566	0.0003883962099
85567	0.0002605810129
85568	0.000469874375
85569	0.0005120062348
85570	0.002249549543
85571	0.000403934649
85572	0.0007575668582
85573	0.00217116927
85574	0.00263292154
85575	0.001536722499
85576	0.0002913505264
85577	0.0003180390519
85578	0.001510826264
85579	8.872599213e-05
85580	0.001241720827
85581	1.277630323e-06
85582	0.00104313283
85583	0.0003258339526
85584	0.003175494343
85585	0.0003425176167
85586	0.0005573323032
85587	1.426875247e-05
85588	9.779527812e-05
85589	0.002002512922
85590	0.001974197588
85591	0.0006059273681
85592	0.00305973357
85593	0.008269375024
85594	0.001165549722
85595	0.004026387904
85596	0.001680548383
85597	4.358489017e-05
85598	0.0003547435725
85599	0.0002899716338
85600	0.0009040645774
85601	2.398799376e-05
85602	0.001305581018
85603	0.001511355144
85604	0.00171924138
85605	0.0002191261759
85606	0.002347134453
85607	0.0003854996226
85608	0.002659546316
85609	0.0002960983759
85610	0.003257226474
85611	7.206024862e-05
85612	0.005625746577
85613	0.0003679184267
85614	0.0003465277913
85615	0.001879560187
85616	0.002507627753
85617	0.001604717137
85618	9.209607393e-05
85619	0.001854021537
85620	0.001582519857
85621	0.0002503706133
85622	0.001057761416
85623	0.0004293495241
85624	0.0008308935291
85625	0.0002840459679
85626	8.294493092e-05
85627	0.001038516779
85628	0.002212675654
85629	0.002099814035
85630	0.0005743208214
85631	0.0007874770328
85632	0.0001496879996
85633	0.004815728423
85634	0.003805633267
85635	0.000759077939
85636	4.805420441e-05
85637	0.003696356303
85638	0.00193624042
85639	0.0007252296314
85640	0.001154468426
85641	0.0003666240623
85642	0.0003985493047
85643	0.0004474082232
85644	0.0003267605841
85645	0.0005487596806
85646	0.0006238682425
85647	0.00360412991
85648	3.102920711e-05
85649	8.758887357e-05
85650	0.0002396902838
85651	0.0007210610571
85652	0.001080063243
85653	0.002314914081
85654	0.001641497828
85655	0.001042400315
85656	5.719644981e-05
85657	0.001199706596
85658	0.002274842014
85659	0.001509731699
85660	0.0001418373105
85661	0.0009938079709
85662	0.000297853421
85663	0.001845145938
85664	0.001344497773
85665	0.000777806213
85666	0.0008608272481
85667	0.0002624855711
85668	0.0008401274244
85669	0.001337406479
85670	0.0001561493003
85671	0.0006681052736
85672	0.0006146551688
85673	0.001330534414
85674	0.0008646889297
85675	0.005305158083
85676	0.0007307076674
85677	0.001033622657
85678	0.0005547342309
85679	0.001423858591
85680	0.001090657579
85681	0.0005532342108
85682	0.003379935751
85683	0.001876325599
85684	0.001785936821
85685	0.002434967339
85686	0.004492620293
85687	0.0003686741384
85688	0.0029534236
85689	0.002227090001
85690	0.001529428564
85691	0.001548099215
85692	0.0001898713721
85693	0.0005504925678
85694	0.002043887264
85695	0.002554617656
85696	0.000417915502
85697	0.007686125008
85698	0.0004247820706
85699	0.001013284208
85700	0.005670661512
85701	9.19983839e-05
85702	0.001384253669
85703	0.001826774591
85704	0.006387439489
85705	0.001174450806
85706	0.00081284977
85707	0.001227617003
85708	0.001516549132
85709	0.00554398479
85710	0.002804840994
85711	0.0002493652575
85712	0.0009064338767
85713	0.000775868412
85714	0.0002037191897
85715	0.0007777215197
85716	0.001483409973
85717	0.0001555016281
85718	0.0008500692763
85719	0.00054652114
85720	0.0006295418119
85721	0.00213048435
85722	9.801102967e-05
85723	0.003790321303
85724	0.001241461714
85725	0.001073656272
85726	0.001400436481
85727	0.003615022749
85728	0.002443416962
85729	0.001468863543
85730	0.0006043810211
85731	0.001311039682
85732	0.0004393170788
85733	0.001374114388
85734	0.003478191257
85735	0.001807450705
85736	0.0003776729265
85737	0.000412044924
85738	0.0002215146378
85739	0.0004215328537
85740	0.0002481377085
85741	0.003318493732
85742	0.0007218216092
85743	0.0003471278685
85744	0.0008184633482
85745	0.001039003728
85746	0.000210588269
85747	0.0008986731305
85748	0.001120918071
85749	0.00172731197
85750	0.002713030495
85751	0.003357741792
85752	0.002797156688
85753	0.005172290302
85754	0.001926119276
85755	0.002035961403
85756	0.001019648009
85757	0.0002939005825
85758	0.001412258187
85759	0.0006175393139
85760	0.001906240438
85761	0.0006607145549
85762	0.0004210710661
85763	0.001019466386
85764	0.001883943871
85765	0.0005505187522
85766	0.0003293789763
85767	0.0007608813052
85768	1.340580202e-05
85769	0.000999952159
85770	0.001006744749
85771	0.00102738314
85772	0.0004908106058
85773	9.804701264e-05
85774	0.002027309659
85775	0.001430480343
85776	0.0007440105828
85777	5.349415159e-05
85778	0.001251479015
85779	0.001364487111
85780	0.001549846128
85781	0.0005723101205
85782	2.604007193e-06
85783	0.0001351208515
85784	0.001214152254
85785	0.001535297175
85786	0.0004034410629
85787	0.001271043128
85788	0.002298473305
85789	0.0009442758152
85790	0.004877106814
85791	0.001697104068
85792	0.001928999211
85793	3.986750457e-05
85794	0.001350672212
85795	0.0001826701585
85796	0.003864257412
85797	0.002013174654
85798	0.0003344548043
85799	0.001327326124
85800	0.0001780196383
85801	0.0007169494532
85802	0.0009845885364
85803	0.004192228607
85804	0.0006254414256
85805	0.00627833669
85806	0.0009653895449
85807	0.0001737730973
85808	0.003788860041
85809	0.001194779166
85810	0.0008847097522
85811	0.00226225852
85812	2.126278861e-05
85813	0.001060455929
85814	0.001556905589
85815	0.001782051436
85816	0.0003643093281
85817	0.0003290984587
85818	0.0004532301582
85819	0.0005561301242
85820	0.001863188961
85821	0.001350048562
85822	0.0002240917218
85823	5.626994536e-05
85824	0.00362304812
85825	0.0007625464081
85826	0.0008500751895
85827	0.004377459988
85828	0.001435365783
85829	0.0007104844493
85830	0.0006567237303
85831	9.30549316e-05
85832	9.987618573e-05
85833	0.001201869496
85834	0.001264476705
85835	0.002766015733
85836	0.001901094866
85837	0.002103176355
85838	0.006609627397
85839	0.00112651453
85840	0.001524004786
85841	0.002147019904
85842	0.0007786121832
85843	0.0005868057199
85844	0.0009593263967
85845	0.0007819538036
85846	0.001200219498
85847	0.0003824244673
85848	8.275565752e-05
85849	0.001128092016
85850	0.001895678098
85851	0.0006818456149
85852	0.00077230297
85853	0.0002264908748
85854	0.0003970930998
85855	0.0007464407245
85856	0.0008730536128
85857	0.0005870682973
85858	0.001910663345
85859	0.001388138079
85860	0.0004773643483
85861	0.001036432914
85862	0.001990948505
85863	0.0006235333575
85864	0.0006784490723
85865	0.003494799286
85866	0.002025859223
85867	0.0002868189138
85868	0.0004466440165
85869	0.001186268962
85870	0.001968581428
85871	0.0005589840866
85872	2.798284611e-05
85873	0.005177222548
85874	0.001605365436
85875	0.0005624078229
85876	0.0005134174904
85877	3.937020159e-05
85878	0.0002156059769
85879	4.721773274e-05
85880	0.0006301285882
85881	0.003926981277
85882	0.00176556489
85883	0.0004112331459
85884	0.00034629955
85885	0.003205271382
85886	0.002475668927
85887	0.0002859532334
85888	0.00221736666
85889	0.00130119817
85890	0.0006714650077
85891	0.003460414938
85892	0.002223979153
85893	0.0001612263465
85894	0.002057334891
85895	0.0004646535557
85896	0.001196902486
85897	0.0002320774884
85898	0.0001361544949
85899	0.001227231097
85900	8.082441093e-05
85901	0.0003767431197
85902	0.0009041513965
85903	0.000687270218
85904	0.002329993032
85905	0.000256601751
85906	0.0005226073211
85907	0.0001241736127
85908	0.0001842884275
85909	4.953086142e-05
85910	0.0002070385517
85911	2.7399001e-05
85912	0.0008067803046
85913	0.000180075483
85914	0.0005296749767
85915	0.00100569186
85916	0.0004021366799
85917	0.0002032474334
85918	0.0002252650547
85919	0.001355116257
85920	0.006351526278
85921	0.0005497719353
85922	0.0003880343125
85923	0.004156022807
85924	0.002944116798
85925	0.0009087706465
85926	0.0007654994228
85927	0.0006869333786
85928	0.0002040689837
85929	0.003011252911
85930	0.0002680808345
85931	0.0003549618923
85932	0.002008000533
85933	0.0007229242457
85934	0.0009107048685
85935	0.002030065136
85936	0.0008619561966
85937	0.001025605666
85938	0.002100086948
85939	0.003609564753
85940	0.005864893364
85941	0.001849714614
85942	0.0005486984549
85943	0.0005238049129
85944	0.002352989677
85945	0.001473707325
85946	0.0003562472225
85947	7.781020057e-05
85948	0.0009268973123
85949	0.002284380429
85950	0.001348961912
85951	4.985023533e-05
85952	4.796965738e-05
85953	0.0003142881098
85954	0.003050866681
85955	0.005325139509
85956	0.0008631642518
85957	0.001240565848
85958	0.001515440752
85959	6.093371798e-05
85960	0.0003099007536
85961	2.169887073e-05
85962	0.0005607711217
85963	0.002092016559
85964	4.877259211e-05
85965	0.0008096819959
85966	0.001879089262
85967	0.0001654835542
85968	0.001733040516
85969	0.001525773483
85970	7.776137122e-05
85971	2.713091074e-05
85972	0.001233546401
85973	0.0003998880125
85974	4.666266546e-06
85975	0.0007316412554
85976	0.002950185444
85977	0.0006026535951
85978	0.00229497105
85979	0.0003338070709
85980	0.002576393966
85981	0.001538978672
85982	0.00299547843
85983	0.003464399652
85984	0.00030354386
85985	0.002783122871
85986	0.0009143045712
85987	0.001641331461
85988	0.00313426393
85989	0.004199878038
85990	0.001054698877
85991	0.001475486507
85992	0.0003258901782
85993	0.00109553976
85994	0.0002866267134
85995	0.0004193312225
85996	0.001018288209
85997	0.001244319577
85998	0.0009395633166
85999	0.0003221846179
86000	0.0004131919478
86001	0.0008787946825
86002	0.00142798902
86003	0.001000738055
86004	0.0008744572164
86005	0.000857533827
86006	0.0005691772674
86007	0.001057239531
86008	0.0004117413191
86009	0.0007815587268
86010	0.001242741789
86011	0.0003730763735
86012	0.0005919323262
86013	0.002889441739
86014	0.001541590167
86015	0.001644026028
86016	0.003784105443
86017	0.001001865936
86018	0.003315661289
86019	0.001052894584
86020	0.0003227354732
86021	0.001182278626
86022	0.0001053249315
86023	0.001158577941
86024	0.0003240491278
86025	0.002483696725
86026	0.001627923344
86027	0.0001779722789
86028	0.001355324733
86029	0.001314834423
86030	0.000118351644
86031	0.00218972376
86032	8.213771727e-05
86033	0.003136590382
86034	0.002098159127
86035	0.001601859954
86036	0.001117386994
86037	0.001337294586
86038	0.002451346609
86039	0.0003663937764
86040	0.0009427151325
86041	0.0006613952851
86042	0.001684115321
86043	0.002488621297
86044	0.0001702160741
86045	0.000289896845
86046	0.0008587922866
86047	0.002383334606
86048	0.001011558582
86049	0.005874271552
86050	0.0001713478762
86051	0.0005738638631
86052	0.0009922256315
86053	0.001400226417
86054	0.001615760455
86055	0.001154534011
86056	0.00135042452
86057	0.005547523836
86058	0.004839078566
86059	0.0001073764388
86060	0.001048534507
86061	0.0006218910878
86062	0.005577670666
86063	0.002641566478
86064	0.002076457444
86065	0.0008595461203
86066	0.0002550659095
86067	0.0005557044487
86068	0.0007685996768
86069	0.001102787394
86070	0.00347747996
86071	0.001575915684
86072	0.0008664919997
86073	0.002757684195
86074	0.0005569512617
86075	0.002691087824
86076	0.000216988186
86077	0.0008740696589
86078	0.001574837729
86079	0.00186600099
86080	0.001923785625
86081	0.0002521692776
86082	0.000147941814
86083	0.0007016719527
86084	0.0005943805086
86085	0.005261222814
86086	0.0005704331556
86087	0.002194306262
86088	0.0003615016873
86089	0.0002216978387
86090	0.007131753623
86091	0.00175379653
86092	0.002065478459
86093	0.0001996951288
86094	0.0004214378683
86095	0.0005864419281
86096	0.002775441709
86097	0.000535096505
86098	0.00139368415
86099	0.000142856308
86100	0.0007497704393
86101	0.002815116786
86102	0.005088303329
86103	0.0007814812567
86104	0.0001236669148
86105	0.005725603062
86106	0.0002434056623
86107	0.003950172942
86108	0.001407046077
86109	0.002381665875
86110	0.001546527706
86111	0.001559891646
86112	0.0004349818255
86113	0.0005415656252
86114	0.0009344436624
86115	0.0006495141419
86116	0.001685697553
86117	0.0001227685164
86118	0.002758925414
86119	0.0002834942818
86120	0.002583531164
86121	0.001863856822
86122	0.000673427288
86123	0.002387811855
86124	0.002218755859
86125	0.003088095636
86126	0.0008644679649
86127	0.0001862128055
86128	0.0005004515295
86129	0.0001431306916
86130	0.001060115048
86131	0.0003473953752
86132	0.004408047902
86133	0.0003715029404
86134	0.0008880312854
86135	0.0001600669662
86136	0.002114020619
86137	0.0009619827219
86138	0.0006836440006
86139	0.002359819024
86140	0.003715451471
86141	0.002633309884
86142	0.001521982349
86143	0.0003481610374
86144	0.0002495963474
86145	0.0007884515125
86146	9.307692206e-05
86147	0.001624019004
86148	0.002867310159
86149	0.00365116701
86150	0.001241099127
86151	0.002551807113
86152	0.000149451761
86153	0.0004522802154
86154	0.002920863345
86155	0.003216772986
86156	0.002584555813
86157	2.508016206e-05
86158	0.001013890386
86159	0.0005456106724
86160	0.0006143154513
86161	0.003822052629
86162	0.0004781269416
86163	0.001638779916
86164	0.0002128479164
86165	0.0001166387134
86166	0.002750230323
86167	0.005022459885
86168	0.000462365571
86169	0.0005514266097
86170	0.001275364795
86171	0.002478612444
86172	0.001043200665
86173	0.00149048837
86174	0.0003605244196
86175	0.001384700345
86176	0.001518320762
86177	0.000358650299
86178	0.002263177098
86179	0.001059480474
86180	0.004818775745
86181	0.0002190951096
86182	0.0002606694531
86183	4.93216161e-05
86184	0.002696657244
86185	0.0002762046595
86186	0.0005757877204
86187	0.000520786184
86188	0.0009213989034
86189	0.0005839947602
86190	0.001514159805
86191	0.000602877717
86192	0.002668306581
86193	0.0005553861595
86194	0.003553011313
86195	0.0009905464735
86196	0.0003422733169
86197	0.001495850127
86198	0.0006860485899
86199	0.0007775441935
86200	0.002193625202
86201	0.0004350257113
86202	0.002240362403
86203	0.00047863686
86204	0.002717806739
86205	0.002889205087
86206	0.003048843896
86207	0.002123574144
86208	0.0003273019005
86209	0.002359846406
86210	0.001034133725
86211	0.000394749226
86212	0.001907459697
86213	0.002590721762
86214	0.0001434625563
86215	0.0004486439893
86216	0.00168059857
86217	0.001179105333
86218	0.0004674696893
86219	0.000951179631
86220	0.00054453887
86221	0.0001405325401
86222	0.002156915594
86223	0.001518757156
86224	0.0007558427575
86225	0.0005006123428
86226	0.001705761025
86227	0.00378521165
86228	0.004039142549
86229	0.0008501509345
86230	0.0007404899402
86231	0.001630764675
86232	0.001111773878
86233	0.0007391342466
86234	0.001727335885
86235	0.0002705564151
86236	0.0005314454181
86237	0.0003546265883
86238	0.000478301959
86239	0.0018352488
86240	0.001040637757
86241	0.0002463662398
86242	0.0002487016992
86243	0.0007045921013
86244	0.0024220167
86245	0.003650749048
86246	0.0002447353822
86247	8.470014735e-06
86248	0.002683184727
86249	0.003152557127
86250	0.003326247078
86251	0.0008570565016
86252	0.0005466602757
86253	0.0009225096628
86254	0.0001446488982
86255	0.0004252220059
86256	0.0003652272876
86257	0.0005604146252
86258	0.0003760632011
86259	0.0006267043827
86260	0.001209684423
86261	0.001119920652
86262	0.003310317349
86263	0.0001672752511
86264	4.487010958e-05
86265	0.0005224272806
86266	0.003935586953
86267	0.007758257531
86268	9.267597094e-05
86269	0.0004612873412
86270	0.0005729361282
86271	0.001057327132
86272	0.0008291940272
86273	0.002396894094
86274	0.001787229283
86275	0.001635685278
86276	0.0004994180397
86277	0.000795179555
86278	0.001595024483
86279	0.0011776031
86280	0.003712625622
86281	0.001365689557
86282	0.0002779874796
86283	0.0002040519107
86284	0.0009530688396
86285	0.001363410233
86286	0.0007040135101
86287	0.001937489396
86288	0.001554249055
86289	0.000431904665
86290	0.0009841972502
86291	0.0001352428495
86292	0.0005239188926
86293	0.0009232097298
86294	0.0002307565217
86295	0.004291210758
86296	0.000541021252
86297	0.002747329181
86298	0.000233760328
86299	0.002110332537
86300	0.001350683759
86301	0.002167527857
86302	0.005921853706
86303	0.001805626667
86304	0.00594420457
86305	0.0002519239427
86306	0.0006297301194
86307	0.003945514029
86308	0.002135297312
86309	0.001013596772
86310	0.001152308818
86311	0.0006147684209
86312	0.0001927017031
86313	0.00137327034
86314	0.0007872909335
86315	0.0003586659929
86316	0.001051641956
86317	0.0007261607752
86318	0.0006928978289
86319	0.0007732923006
86320	0.0004761327657
86321	0.001505214921
86322	0.00027213745
86323	0.00333489326
86324	0.001435854288
86325	0.001676009362
86326	0.002088992819
86327	0.0006411159094
86328	0.0006231055023
86329	0.002400231552
86330	0.0002988013818
86331	0.002335714416
86332	0.0007575474478
86333	0.00275891172
86334	0.002990573951
86335	0.000386921437
86336	0.0006023551638
86337	0.0008320194825
86338	0.0005847847928
86339	0.003392004902
86340	0.0003011565204
86341	0.002049541518
86342	0.001445177605
86343	0.0005630037134
86344	0.0003017174732
86345	0.002747339448
86346	0.0001840925769
86347	0.001066817075
86348	0.000423880247
86349	0.0003452022849
86350	0.001092304805
86351	0.002849240427
86352	0.0003699583405
86353	0.0004173796755
86354	0.0004342956929
86355	0.001304976136
86356	0.0003671259886
86357	7.555978457e-05
86358	0.0005726439516
86359	6.621052114e-05
86360	0.0005828209711
86361	3.380407498e-05
86362	0.001575996517
86363	0.00184920878
86364	0.000632599395
86365	0.0007580206455
86366	0.0005992839299
86367	8.444836682e-05
86368	0.0002144423327
86369	0.0009535437252
86370	0.002170313901
86371	0.001437542395
86372	0.0008749494936
86373	0.0010801676
86374	0.001777018343
86375	1.455412525e-05
86376	0.0005077625596
86377	0.0001291277963
86378	0.0004510498283
86379	0.0006227109838
86380	0.002361778658
86381	0.001033835443
86382	0.0003886401483
86383	0.0004246842406
86384	0.001798278351
86385	5.386383891e-05
86386	0.002036255388
86387	0.0007208632169
86388	0.0001443638762
86389	0.001073900689
86390	0.003775218798
86391	0.001513159185
86392	0.00116201894
86393	0.0009785442054
86394	0.002539879672
86395	0.0009231801202
86396	0.0007231525702
86397	0.002069731713
86398	0.0005574988645
86399	0.006638611142
86400	0.0004860020093
86401	0.0001485715838
86402	0.001533115234
86403	0.0003213098974
86404	0.0003029043428
86405	0.0004729624409
86406	0.001045667874
86407	0.0009323026391
86408	0.001828519986
86409	0.000284619204
86410	0.0004315530848
86411	0.001627343775
86412	0.0005625900815
86413	0.001766408069
86414	0.0003183800498
86415	0.0008268849929
86416	0.0006696132697
86417	0.001448105462
86418	0.001382349472
86419	0.0002166587876
86420	0.0001499187267
86421	0.0003078780755
86422	0.001772634618
86423	0.001285836049
86424	0.001723262462
86425	0.002355790631
86426	0.0002714358637
86427	0.001969924627
86428	0.0001282955309
86429	0.0002355164633
86430	0.001490091957
86431	0.0006104945386
86432	0.000142831496
86433	0.0001412324256
86434	0.0002880069112
86435	0.002408835348
86436	0.0001259268057
86437	0.001099427461
86438	0.0005409050015
86439	0.006496891967
86440	0.00029649371
86441	0.002345229979
86442	0.0002693971946
86443	0.002184102825
86444	0.001278155147
86445	0.001846313193
86446	0.001333611197
86447	0.0003187258107
86448	0.000441519535
86449	8.125981946e-05
86450	0.004906382637
86451	0.001693009077
86452	0.0006760909001
86453	0.00247890892
86454	0.001917499316
86455	0.00185339561
86456	0.0005722563631
86457	6.831954299e-05
86458	0.001887944465
86459	0.002113900734
86460	0.0005743462362
86461	0.002814922492
86462	0.001150300178
86463	0.0005026463612
86464	0.002705290341
86465	0.0001914567753
86466	0.001568683789
86467	0.0001459316159
86468	0.0021332257
86469	0.0004300307451
86470	0.0005307685176
86471	0.0005828388086
86472	0.0004328468597
86473	0.0009590809312
86474	0.0001814656733
86475	0.000904776804
86476	0.0009865805999
86477	0.001023956226
86478	0.0005056441697
86479	0.002242052862
86480	0.00267108538
86481	0.004369488399
86482	0.002140773216
86483	0.0003291214096
86484	0.001528304569
86485	0.0002956692902
86486	8.842340399e-05
86487	0.003318360435
86488	0.0003969341524
86489	0.003862432619
86490	0.001004237157
86491	0.00385964675
86492	0.0003514774612
86493	0.002993484324
86494	0.0004523218153
86495	0.001909185274
86496	0.0003162095609
86497	0.001233177872
86498	0.002315688982
86499	0.0003021283624
86500	0.002349758006
86501	0.001108681925
86502	0.0006880424163
86503	0.003157096287
86504	0.0005076790336
86505	0.0003982148013
86506	0.003787676172
86507	0.0003625576067
86508	0.002620851504
86509	6.637815861e-05
86510	0.0007888919021
86511	0.001218966843
86512	0.001087221921
86513	0.002047436386
86514	0.0003473999607
86515	0.0001980428113
86516	0.002947632125
86517	0.0003554696089
86518	0.006025734246
86519	0.002909211737
86520	0.0006834138918
86521	0.000800729568
86522	0.002075331062
86523	0.0007480774241
86524	0.001494474122
86525	0.002628138754
86526	0.001848276262
86527	0.001033864966
86528	0.001016115639
86529	0.0007468748285
86530	0.001280511808
86531	0.001303892042
86532	0.0006127993638
86533	5.882541912e-05
86534	0.001110728803
86535	0.001706123676
86536	0.0001901204309
86537	0.002126677044
86538	0.000457045984
86539	0.0009251452758
86540	0.002308970383
86541	0.0001135840494
86542	0.003343795911
86543	0.001342717302
86544	0.0003762632307
86545	0.0008450876369
86546	0.003554651302
86547	0.0004009812493
86548	0.0002131972447
86549	0.001002632711
86550	0.0006338018289
86551	0.004581485326
86552	0.001277555911
86553	0.0002893276182
86554	0.0007485198184
86555	0.000583833857
86556	0.001572377727
86557	0.001171481107
86558	0.0008571222977
86559	0.0003921551635
86560	0.0004352709353
86561	0.0006573852901
86562	0.001463220026
86563	0.0006720561671
86564	0.0007925059781
86565	0.0009523198117
86566	0.001011217599
86567	0.005594533117
86568	0.001043081975
86569	5.855619809e-05
86570	0.001325922748
86571	0.0006545761403
86572	0.0001540290761
86573	0.00652157932
86574	0.002380546669
86575	0.0005686580111
86576	0.000357780143
86577	0.0008622173612
86578	0.0005225393638
86579	0.0001363780457
86580	9.632975553e-06
86581	0.0005442093944
86582	0.002436798574
86583	0.004065862419
86584	0.001402643177
86585	0.002375467135
86586	0.004491000299
86587	0.002263201275
86588	0.0001887816823
86589	0.0002008802372
86590	0.000726433921
86591	0.0003469963864
86592	0.001594629659
86593	0.0006023284843
86594	0.0002667721664
86595	0.0002191993404
86596	0.002964669365
86597	0.0001624370987
86598	0.0009886268551
86599	0.0008539585171
86600	0.003556721279
86601	0.002258721854
86602	0.0005920863401
86603	0.000403589692
86604	0.002512615451
86605	0.001907952138
86606	0.001498649504
86607	0.00229498264
86608	0.001636951315
86609	0.002304721397
86610	0.002968676892
86611	0.0004863073841
86612	0.0007462422892
86613	0.0003266281897
86614	0.0008082797206
86615	0.00256759564
86616	0.0002432368792
86617	6.727118721e-05
86618	0.0004342418223
86619	0.005186978733
86620	0.0002786788735
86621	0.0001607504576
86622	0.0002755077206
86623	0.0008038026078
86624	0.001774003639
86625	0.001200844434
86626	0.0003501492177
86627	0.0007366064604
86628	0.002931771969
86629	0.002964987347
86630	0.001314828464
86631	0.001277969454
86632	0.002473999728
86633	0.0002111181474
86634	0.002931223093
86635	4.566227461e-05
86636	0.0007429998489
86637	2.025830725e-05
86638	0.002510693033
86639	0.0005172409791
86640	0.002564775112
86641	0.003103044533
86642	0.004369878262
86643	0.001166084614
86644	0.0003687949039
86645	0.003108970186
86646	0.001970119813
86647	0.002591580715
86648	0.0009974310315
86649	0.001718727397
86650	0.002356571737
86651	0.002966134495
86652	0.002490605815
86653	0.001221277689
86654	0.002193935803
86655	0.0001379497588
86656	0.0006610170128
86657	0.0002411899722
86658	0.001671327781
86659	0.002205032567
86660	0.0004199708517
86661	0.0008181462058
86662	0.0002639632876
86663	0.0009536523905
86664	0.0008998933455
86665	0.0009288164072
86666	0.0002530310462
86667	0.003454203669
86668	0.001629889762
86669	0.0003506986799
86670	0.0034650375
86671	0.0005448029261
86672	0.003810730306
86673	0.0005462218735
86674	0.003725448013
86675	0.002072427812
86676	9.263698009e-05
86677	0.0004575496653
86678	0.001965889244
86679	0.000351614614
86680	5.905040529e-05
86681	4.750654334e-06
86682	0.002572840084
86683	0.0007952013069
86684	0.0004266939065
86685	0.00059551062
86686	0.0005548074932
86687	0.0003534186294
86688	0.001431393962
86689	0.0005661381209
86690	0.0009734410418
86691	0.0001927858279
86692	0.0004164323
86693	0.001572414651
86694	0.001161697639
86695	0.0009853913208
86696	0.001435082511
86697	0.001590809936
86698	0.00187306443
86699	0.001277457715
86700	0.003706021356
86701	0.003172797207
86702	0.0001488056527
86703	0.0006784207213
86704	0.0009501323335
86705	0.000623714098
86706	0.0003996955945
86707	0.001446043224
86708	0.004547375641
86709	8.048017505e-05
86710	0.002427062531
86711	0.0005108401211
86712	0.005918075006
86713	0.000578173457
86714	0.0002454768788
86715	0.00258686364
86716	0.001531649084
86717	0.0001658919751
86718	0.001280455351
86719	0.0005324203439
86720	0.0002542180238
86721	0.001279410616
86722	0.004731667216
86723	8.042505662e-05
86724	0.001488742447
86725	0.002398148735
86726	0.003119965679
86727	0.000455693715
86728	0.0008904041444
86729	0.0001706785646
86730	0.002526125145
86731	0.0008345137291
86732	0.000603381282
86733	0.0004598158895
86734	0.001758995739
86735	0.0009171334896
86736	1.605883445e-05
86737	0.0008350515197
86738	0.0008707676083
86739	0.001273901663
86740	0.001156974472
86741	0.0007869500978
86742	0.0002363367468
86743	0.0009853048593
86744	3.048905329e-05
86745	0.001119455
86746	5.396598801e-06
86747	0.002063170339
86748	0.002116372612
86749	1.235570257e-06
86750	0.0005996612484
86751	7.2154572e-05
86752	0.001317891046
86753	0.0003654049495
86754	0.002541763585
86755	0.00162234232
86756	0.001297449512
86757	0.001320894361
86758	0.0005012835968
86759	0.0004184229977
86760	0.00222804679
86761	0.003392338818
86762	0.000618094483
86763	0.001090565005
86764	0.0009076833837
86765	0.0008175066266
86766	0.0002183719413
86767	0.001417915887
86768	0.001487352479
86769	5.497527422e-05
86770	0.001179454954
86771	0.0003121743578
86772	0.0005653077118
86773	0.00117414506
86774	0.001487920987
86775	0.00151807332
86776	0.002644176053
86777	0.001203067016
86778	0.001340284503
86779	0.0003814224997
86780	0.0008303315624
86781	0.0006215176189
86782	0.0005320281563
86783	0.003138473395
86784	6.950701342e-05
86785	0.0003394041687
86786	1.649523917e-05
86787	0.002041688265
86788	3.742475222e-05
86789	0.0003726779061
86790	0.00233875041
86791	0.0004053678974
86792	0.0001130339287
86793	0.002049015445
86794	0.0006785515597
86795	0.002289195828
86796	0.00632802716
86797	0.0007523068096
86798	0.0001116423824
86799	0.003419506626
86800	0.001361616871
86801	0.0004370834141
86802	0.002423322848
86803	0.005623199967
86804	0.004259511782
86805	0.0001804809227
86806	4.33071007e-05
86807	0.0005754712218
86808	0.004985179242
86809	0.0009640680556
86810	0.0005547511535
86811	0.002774519575
86812	0.001926202929
86813	0.0006360275918
86814	0.0005134435031
86815	0.0001747823384
86816	0.002320070256
86817	0.001802895692
86818	0.003892476463
86819	0.001094982461
86820	0.001290130975
86821	0.0004890823732
86822	0.0006969347642
86823	0.0004770304563
86824	0.0003877869819
86825	0.0003481820871
86826	0.00257661804
86827	6.066853859e-05
86828	0.0001559559243
86829	0.000783935787
86830	0.0006739762583
86831	0.0004164369702
86832	0.0007668264056
86833	0.003136484312
86834	0.003039365967
86835	0.0003618765151
86836	0.0003251380919
86837	0.000139140926
86838	0.0003605906912
86839	0.0001171710665
86840	0.001583969054
86841	0.001145884319
86842	0.0003812133738
86843	0.002342370714
86844	0.0006147019132
86845	0.0009326144132
86846	0.000908150765
86847	0.001358775511
86848	0.0004866430115
86849	0.0005626734864
86850	0.001397812914
86851	0.000462077961
86852	0.004208490193
86853	0.00404158719
86854	0.000164687993
86855	0.0009575647619
86856	0.000746130005
86857	5.648371055e-05
86858	0.001985100867
86859	0.0005903337697
86860	2.852862503e-05
86861	0.0001320729184
86862	0.003394655768
86863	0.0004223976312
86864	0.004408545819
86865	0.002802041496
86866	0.001179530889
86867	0.0008228619362
86868	0.0008195780049
86869	3.40966893e-05
86870	0.0006275133169
86871	0.001193158346
86872	0.001900698268
86873	0.001936273403
86874	0.0006648189996
86875	0.002246292082
86876	0.001819160185
86877	0.0001545644067
86878	0.001557656748
86879	0.0003490835093
86880	0.001597346981
86881	0.003204782217
86882	0.0004117801966
86883	0.002541300424
86884	0.0001214417871
86885	0.005061666002
86886	0.001197736504
86887	0.0002928500769
86888	0.0005427861538
86889	0.00229470442
86890	0.004066769245
86891	0.003483458304
86892	0.0002594917316
86893	0.0005802721192
86894	0.0009566173085
86895	0.003979272275
86896	0.003832420559
86897	0.004432454715
86898	0.002618222137
86899	4.253985231e-05
86900	0.0001035505808
86901	0.001428255028
86902	0.0002912121334
86903	0.002449247432
86904	0.001536549331
86905	0.000470110855
86906	0.0009096934835
86907	0.000696851301
86908	1.241536148e-05
86909	0.0002067474518
86910	0.004613871089
86911	0.0005015774741
86912	0.00159464667
86913	0.001435503508
86914	0.0009830041546
86915	0.0008553391631
86916	0.001884287483
86917	0.00192968933
86918	0.001715295351
86919	0.001722037488
86920	0.002580465938
86921	0.0007415870157
86922	0.001231462286
86923	0.0001293234452
86924	0.001000119926
86925	0.002255789094
86926	0.0009414809287
86927	0.0006653569816
86928	0.0002943097599
86929	0.0001621242968
86930	0.0003303923335
86931	4.506909906e-05
86932	0.0008192696818
86933	0.0004707515916
86934	0.002004967912
86935	0.001049595776
86936	0.001371650179
86937	0.001642469825
86938	0.0002491298197
86939	0.0003270002853
86940	0.002086262279
86941	0.000143410397
86942	0.0003029513554
86943	0.001271471294
86944	0.004877875738
86945	0.003488553435
86946	0.002863062776
86947	7.896035193e-05
86948	0.001459522107
86949	0.0006921264789
86950	0.005006554872
86951	0.003163078649
86952	0.0004436969592
86953	0.0001721487993
86954	0.002405230558
86955	0.005552232755
86956	0.001114685689
86957	0.00078036948
86958	0.0005730457528
86959	0.004201631606
86960	0.0005742547797
86961	0.0004873423027
86962	0.0002970949064
86963	0.002566546781
86964	0.0007518608577
86965	0.001280776264
86966	0.002776184491
86967	0.003598830247
86968	0.001409829121
86969	0.004449130853
86970	4.983553974e-05
86971	0.0005154762368
86972	0.0004691094731
86973	0.0006938058854
86974	0.00119412536
86975	0.00401489713
86976	0.002985707443
86977	0.0003237208266
86978	1.276132351e-05
86979	0.002839274964
86980	0.001318050041
86981	0.0007433126431
86982	0.00174291233
86983	0.00153952558
86984	0.0002502525908
86985	0.0001926572553
86986	0.0008587504539
86987	0.00286623002
86988	0.0002383262667
86989	0.001843549874
86990	0.003321977537
86991	0.0002094662832
86992	0.0007619262096
86993	0.002228807126
86994	0.001004542383
86995	0.000341391381
86996	0.003634383868
86997	0.0005695331719
86998	0.0006439241694
86999	0.001361583668
87000	0.002472662913
87001	0.003993824686
87002	0.001061603522
87003	0.001742488814
87004	0.001111367519
87005	0.0003332444579
87006	0.003800825187
87007	0.0003183879062
87008	0.002322266679
87009	0.0004802973025
87010	0.0008228627696
87011	0.001148441551
87012	0.0002056163671
87013	3.582113493e-06
87014	0.0002831258216
87015	0.001339841468
87016	0.001039441305
87017	0.0001728057716
87018	0.0005346832791
87019	0.002137084535
87020	0.003379352236
87021	0.001083234178
87022	0.0009915151092
87023	0.0004358205921
87024	0.0005935981291
87025	0.002348285672
87026	0.000512790559
87027	0.0002059423649
87028	0.0008888895686
87029	0.005913106021
87030	0.001556112942
87031	0.0001187519317
87032	0.002215512168
87033	0.0008346857339
87034	0.001772572929
87035	0.002333904832
87036	0.0006008431925
87037	0.001120484986
87038	0.0001314924039
87039	0.0009280039558
87040	5.376010368e-05
87041	0.001718291278
87042	0.0001330032637
87043	0.0003447957467
87044	0.001742341243
87045	0.001627318734
87046	0.004001153599
87047	0.0001488370067
87048	0.001595279803
87049	0.001509779439
87050	0.0006780837159
87051	0.0009671106118
87052	2.30089697e-05
87053	0.001106922239
87054	0.0007066654335
87055	0.002262843065
87056	0.001547683832
87057	0.000955919889
87058	0.003889983381
87059	0.0003663027631
87060	0.0001567345637
87061	0.0003491995526
87062	0.0002250457861
87063	0.0003177300669
87064	0.0005266693402
87065	0.002968779666
87066	0.0002872724415
87067	0.001199426793
87068	0.002642067298
87069	0.000624487593
87070	0.001793566914
87071	0.001118645707
87072	0.0008479328409
87073	0.0005829088172
87074	0.0004371857843
87075	0.001114785984
87076	1.072035658e-05
87077	0.0009297451265
87078	0.001618996766
87079	0.0009456020318
87080	0.0001866103681
87081	0.002103463649
87082	0.0007486924592
87083	0.001001433296
87084	0.0007443926166
87085	0.001048183741
87086	0.002984783556
87087	0.006143454764
87088	7.896834779e-05
87089	0.0005479705765
87090	0.003125642985
87091	0.0008714540824
87092	0.0009634346972
87093	0.0006294446176
87094	0.001579973419
87095	0.0001432726016
87096	0.002818329827
87097	0.0006361261425
87098	0.0003533334603
87099	0.001496294784
87100	0.0005877212345
87101	0.0001370479695
87102	0.0004972390594
87103	0.001646211047
87104	0.0007414148466
87105	0.001373603997
87106	0.0005337294273
87107	0.000322047916
87108	0.002329828409
87109	0.004559577945
87110	0.0006972145286
87111	2.41523488e-05
87112	0.00120784682
87113	0.0001486456271
87114	0.0001621717838
87115	0.003985809182
87116	0.000997650728
87117	0.0005994549475
87118	0.0001982612132
87119	0.0004554914726
87120	0.0005473903723
87121	0.00157307153
87122	0.0002183925328
87123	0.001331450295
87124	0.0005930361864
87125	0.003263578511
87126	0.0009210118638
87127	0.00314387115
87128	0.001590083687
87129	0.0003238344638
87130	0.001483824116
87131	0.003881880151
87132	0.0007203225495
87133	0.002312238808
87134	0.0001678963468
87135	0.0003438481668
87136	0.004144064389
87137	0.00314614546
87138	0.0003561655555
87139	0.002683330513
87140	0.0006264155085
87141	0.002428514232
87142	0.001176311824
87143	0.007153186247
87144	0.000376378658
87145	0.00200245763
87146	0.004338077119
87147	0.0006154587244
87148	0.0002339509666
87149	0.0003666580988
87150	0.0008413899447
87151	0.0008121851332
87152	0.002827792463
87153	0.0008956453078
87154	0.0009219368918
87155	0.0003192209164
87156	0.0007542090715
87157	0.0004218398217
87158	0.0005641340465
87159	0.0008200597551
87160	0.001279052071
87161	0.0002117668654
87162	0.002571865364
87163	0.0002659937438
87164	0.000510775407
87165	0.0001091240303
87166	0.0005001182958
87167	0.0009984510301
87168	0.0004558303476
87169	0.0001289624787
87170	0.0005707287837
87171	3.416123121e-05
87172	0.0005819418942
87173	0.003623465597
87174	0.0002446841749
87175	0.0002861047888
87176	0.00587924824
87177	9.915105208e-05
87178	0.001133498622
87179	0.0005282570895
87180	0.001365769904
87181	0.003590207435
87182	0.002500451929
87183	0.000376204071
87184	0.007872025793
87185	0.002051529072
87186	0.003279601542
87187	0.000878046141
87188	0.0006967184982
87189	0.002043850757
87190	0.00116218017
87191	0.0007706720247
87192	0.001192276789
87193	0.0005971816883
87194	0.001265902129
87195	0.0001859359866
87196	0.002346274389
87197	0.002511786265
87198	0.0007063499553
87199	0.0007387702621
87200	0.003321983997
87201	0.00233139697
87202	0.0007404806788
87203	0.000281887384
87204	0.0007157822561
87205	0.001003933662
87206	0.002826461535
87207	0.001014305335
87208	5.718507288e-05
87209	0.004078882079
87210	0.0001957383321
87211	0.001435651296
87212	0.00344138016
87213	0.0002285464769
87214	0.000950661904
87215	0.002970702877
87216	0.0025387241
87217	0.001366748295
87218	0.002752960549
87219	0.0009107592089
87220	0.0005486001062
87221	0.002571219837
87222	7.402857735e-05
87223	0.000121684305
87224	0.00363843706
87225	0.002613443534
87226	0.00164340901
87227	0.0003235458046
87228	0.00760471727
87229	0.002164626146
87230	0.003346734007
87231	0.0007171169789
87232	0.0004738915392
87233	0.0006092508368
87234	0.001048725291
87235	0.002340507424
87236	0.0009347638306
87237	0.003940691321
87238	0.001110634208
87239	0.0008365319781
87240	0.001476713949
87241	0.001560689549
87242	0.0007836141624
87243	0.001555939381
87244	0.001469733087
87245	0.0001304398802
87246	0.0008619957654
87247	0.001460152992
87248	0.001064158744
87249	0.003346886268
87250	0.0004793905735
87251	0.003786011428
87252	0.0008915978136
87253	0.0007288564988
87254	0.001610926785
87255	0.001470666675
87256	0.0004561386719
87257	0.002216555332
87258	0.002520995139
87259	0.0003028672893
87260	0.0006424995473
87261	0.001274442612
87262	0.0001869085025
87263	0.000153543585
87264	0.0001553138408
87265	0.001843979396
87266	0.0003037448588
87267	0.0002433395537
87268	0.004986718405
87269	0.0002941653207
87270	0.0008661052521
87271	0.0007467819093
87272	0.005980672798
87273	0.002358669182
87274	0.001145083803
87275	0.0008731530649
87276	0.0009979129379
87277	0.0009199004544
87278	0.001078369161
87279	0.0007050808543
87280	0.001667324306
87281	0.002950406065
87282	0.001979710922
87283	0.001617136739
87284	0.0007101337391
87285	0.0005805554727
87286	0.002668909075
87287	0.0008092887455
87288	0.0006866332979
87289	0.0008745701215
87290	0.003342196668
87291	0.000352923538
87292	0.0001595358701
87293	0.0002177069533
87294	0.000340060552
87295	1.8820926e-05
87296	0.002895680894
87297	0.003672192571
87298	0.002220831524
87299	0.001528497458
87300	0.002955762591
87301	0.0006862487426
87302	0.005129301842
87303	0.0007471361072
87304	0.0001472054308
87305	0.00206652961
87306	0.001995027373
87307	0.001160794491
87308	0.0009750697274
87309	0.001899132665
87310	0.0004083233836
87311	0.0001493493993
87312	0.0005453117416
87313	0.0004864876334
87314	0.003409816692
87315	0.002946961763
87316	0.0002113357998
87317	0.002864414497
87318	0.004551622268
87319	4.464147663e-05
87320	0.001583550898
87321	0.0003666339196
87322	0.0004193936624
87323	0.0004984021416
87324	0.0001791316788
87325	0.0002415778364
87326	0.0001405358516
87327	0.001078859051
87328	0.0009092395804
87329	0.0003553122264
87330	0.0007961846327
87331	0.0001047125715
87332	0.002628662757
87333	0.0001728474866
87334	0.001555340448
87335	0.001128444598
87336	0.001051249537
87337	5.298779216e-05
87338	0.001517609869
87339	0.0002008064469
87340	0.001277469989
87341	0.004570154143
87342	0.001507832017
87343	0.0004064242331
87344	0.003296610886
87345	0.001351765537
87346	0.0009816040939
87347	0.0005129975326
87348	0.001968936765
87349	0.003293820942
87350	0.005694908065
87351	0.000512194609
87352	0.0005229968301
87353	0.000466036458
87354	7.302488246e-05
87355	0.0008571223169
87356	0.0002844613266
87357	0.001006935387
87358	0.001860247152
87359	1.093165919e-05
87360	0.001969249461
87361	0.000494029045
87362	3.750731919e-05
87363	0.0003353814742
87364	0.000654189968
87365	0.0005969271668
87366	0.0004568816763
87367	0.0002509877475
87368	0.0013544009
87369	6.326441213e-05
87370	9.850978084e-06
87371	0.00208857854
87372	0.001334380721
87373	4.663880993e-05
87374	0.0004714861773
87375	0.002097341268
87376	0.0001190580323
87377	0.0005662366998
87378	0.002214226112
87379	0.0001829846075
87380	0.005501156123
87381	0.0007689944838
87382	0.00410706342
87383	0.0008791392045
87384	0.001246281405
87385	0.00216442232
87386	0.001081330549
87387	0.002784460546
87388	0.001692024388
87389	0.0006923724174
87390	0.0005089703731
87391	0.0006453427332
87392	0.001007985772
87393	0.001365924011
87394	0.001968640124
87395	0.001381747867
87396	0.001198646421
87397	0.0002043379691
87398	0.0006955352562
87399	0.005117210403
87400	0.002541889885
87401	0.0007185281561
87402	0.000365816516
87403	0.0004188920949
87404	0.001643427012
87405	0.0008441462844
87406	0.0001638506661
87407	0.0005158061038
87408	0.00126807531
87409	0.0007944518017
87410	0.001213157284
87411	0.006021235152
87412	0.0003549930617
87413	0.0006912716678
87414	0.0002737397546
87415	0.0005186195772
87416	0.002845320692
87417	0.0006208896541
87418	0.0008020988163
87419	0.002203684143
87420	0.0002230409116
87421	0.0003093770778
87422	0.002579372986
87423	0.002571049589
87424	0.0009855717026
87425	0.00200169578
87426	0.0001779639238
87427	0.002290885589
87428	0.0006683611365
87429	0.0001620585457
87430	0.001591101853
87431	0.0004237986788
87432	0.003517534629
87433	0.0006734147116
87434	3.05810489e-05
87435	3.103961943e-06
87436	0.000162801156
87437	0.000145416939
87438	3.324058075e-05
87439	0.001282826094
87440	0.0001861574951
87441	0.001468772305
87442	0.0009235197071
87443	0.000980106957
87444	0.001503089119
87445	0.001079371022
87446	0.0004739200743
87447	0.001737987267
87448	0.001057374987
87449	0.001912239413
87450	0.0004783685325
87451	0.000873021411
87452	0.0009148912113
87453	0.001528788374
87454	0.002431138812
87455	0.0006957188161
87456	0.0001275583083
87457	0.001230762966
87458	0.002156850066
87459	1.870060333e-07
87460	0.001155197931
87461	0.002054665794
87462	0.0001107203172
87463	0.0006539325716
87464	0.002234282585
87465	0.0003472377929
87466	0.0002974992878
87467	3.61344582e-05
87468	0.002040475584
87469	0.000196011567
87470	0.002036999071
87471	0.0004293775363
87472	0.002569237264
87473	0.003075060749
87474	0.008888347747
87475	0.006522987898
87476	0.0001958160469
87477	0.002361627822
87478	0.0002627706871
87479	0.001053011779
87480	0.003498993684
87481	8.525904683e-05
87482	0.003100936279
87483	0.0008482490889
87484	0.001275332998
87485	0.0001611995083
87486	0.002979580655
87487	0.0008319531923
87488	0.002442460699
87489	7.925254736e-05
87490	0.0005558745196
87491	0.0001064704878
87492	0.001250864387
87493	0.001214291522
87494	0.001216560669
87495	0.002686764333
87496	0.0008442841334
87497	0.0002302748229
87498	0.0008485781986
87499	0.001072966721
87500	0.0004123588271
87501	0.001175908556
87502	0.001400985289
87503	0.0006804427351
87504	0.003746252361
87505	0.0007542835518
87506	0.004047764989
87507	0.0006160117811
87508	0.001803857146
87509	0.001771955725
87510	0.0002961309318
87511	0.0002405897572
87512	0.001312196904
87513	0.001361980745
87514	0.0006257947202
87515	0.0002491032142
87516	0.002752164947
87517	0.002544861885
87518	0.0001507139479
87519	0.0009001132032
87520	0.0001967110423
87521	0.0006295755038
87522	0.001450710612
87523	0.0004199297769
87524	0.0002355034817
87525	0.002681329806
87526	7.300806485e-05
87527	0.0007182886051
87528	0.0001070334405
87529	0.0003372018503
87530	0.002981703078
87531	0.0001801120385
87532	0.001002354784
87533	0.00308184638
87534	0.0004453270131
87535	0.001518723039
87536	0.004139882157
87537	0.001513102559
87538	0.004319323481
87539	0.001025883929
87540	0.001927649394
87541	0.0001683728054
87542	0.0006337034523
87543	8.463923301e-05
87544	0.000154682447
87545	0.002353601843
87546	0.001244900625
87547	0.001251772273
87548	0.004000905914
87549	0.004166582468
87550	0.0003618288067
87551	8.678882137e-05
87552	0.001862729035
87553	0.000681182299
87554	0.001451594188
87555	0.0004406963115
87556	0.0003373492937
87557	0.0007862236636
87558	0.001570914504
87559	0.00227715803
87560	0.003001968999
87561	0.0007760443104
87562	0.001387769477
87563	0.0005843483179
87564	0.0009793314261
87565	0.001295875808
87566	0.0009916129139
87567	0.002057259707
87568	0.000478347672
87569	0.002741762149
87570	0.003449110544
87571	0.0028661107
87572	0.0005014746571
87573	0.005605733969
87574	0.005107475131
87575	0.0008608310586
87576	0.004198306032
87577	0.00087320327
87578	0.0009174127027
87579	0.0006554161284
87580	0.002555085846
87581	0.002077838079
87582	0.0001010558376
87583	0.0008631369891
87584	0.003457705453
87585	0.003678563907
87586	0.0002774120207
87587	0.00110947626
87588	0.001163548366
87589	0.0003827483008
87590	0.0003402451815
87591	0.001637492632
87592	0.0008069997766
87593	0.0004329736888
87594	0.001203211863
87595	0.0009976105452
87596	0.003827758607
87597	0.002573780583
87598	0.002061342714
87599	5.330583711e-05
87600	0.0004001857089
87601	0.0001526899574
87602	0.0006330029278
87603	0.0003570777407
87604	5.2597081e-06
87605	0.0005229154253
87606	0.001318700172
87607	0.0002125820776
87608	0.000947096983
87609	0.001398267383
87610	0.001684860235
87611	0.000311702323
87612	0.0004936313542
87613	0.0009762768265
87614	0.0004316277592
87615	0.002783045385
87616	0.0007381990447
87617	0.0002852750213
87618	0.0004663011594
87619	0.003083468147
87620	0.000607353634
87621	0.001454979029
87622	0.002173708153
87623	7.030621225e-05
87624	0.001522921119
87625	0.0006279182386
87626	7.300857785e-07
87627	0.0002695706686
87628	0.0005138691227
87629	0.003849545684
87630	0.002777455251
87631	0.001835362085
87632	0.0007208349857
87633	0.002542304499
87634	0.0007922994402
87635	0.0001363193335
87636	9.996860649e-07
87637	7.088322644e-06
87638	0.0003970294758
87639	0.001632361896
87640	0.001226657369
87641	0.0004455578946
87642	0.002337329687
87643	0.003317009927
87644	0.003708252911
87645	0.003314356248
87646	0.0004926257637
87647	0.001519382845
87648	0.0005000041656
87649	0.001117701389
87650	0.005325691305
87651	0.001024386388
87652	0.0004407403371
87653	0.0008169913794
87654	0.002039336551
87655	0.001769719393
87656	0.0008640764281
87657	0.0006228688537
87658	0.003039742451
87659	0.0003831874248
87660	0.0006300157988
87661	0.0006134301048
87662	0.001812723925
87663	0.0002586991122
87664	0.001679298462
87665	0.004716108084
87666	0.00111898516
87667	0.001719302986
87668	0.0006385888202
87669	0.0006461458309
87670	0.004792500935
87671	3.300277001e-05
87672	0.0009174257435
87673	0.0005722298967
87674	0.0001498038526
87675	0.001752650679
87676	0.001638669786
87677	0.00402577617
87678	0.002624077353
87679	0.0008227029443
87680	0.0008327771497
87681	0.0003865000055
87682	0.002149079558
87683	0.002104928404
87684	0.002071123626
87685	0.001219658311
87686	0.001241046297
87687	0.0005450037135
87688	0.001668132936
87689	0.001513070054
87690	0.001355282518
87691	0.005976422854
87692	0.001639289584
87693	0.0002126072023
87694	0.0008007310248
87695	0.0004953152206
87696	0.001167134506
87697	0.003345553815
87698	0.001267570823
87699	0.001170933112
87700	7.869988508e-05
87701	0.0003924737455
87702	0.0004768674299
87703	0.002253732244
87704	0.00105696826
87705	0.001670650952
87706	0.003658572673
87707	0.000232380676
87708	0.0008994020708
87709	0.002398979604
87710	0.001091980042
87711	0.0009565105125
87712	6.363010567e-05
87713	0.001098184826
87714	0.0006685960976
87715	0.0006059554894
87716	0.001364013839
87717	0.004191356638
87718	0.003645644545
87719	0.00455325021
87720	9.582490766e-05
87721	0.002177587268
87722	0.003515857265
87723	0.0001997537639
87724	7.86460381e-05
87725	0.0001616636541
87726	0.0004781092399
87727	0.0007867523729
87728	0.000898330861
87729	0.0001125881546
87730	0.003134412384
87731	7.151677697e-05
87732	2.709868054e-05
87733	0.0008067839704
87734	0.0006172038593
87735	0.0003951048125
87736	0.003928490238
87737	0.002130104241
87738	0.0006710876035
87739	0.001304130703
87740	0.003249503447
87741	0.002185966413
87742	0.002557002322
87743	0.006389737214
87744	0.00265015768
87745	0.001836630107
87746	0.001123474453
87747	0.0005261151344
87748	4.751793121e-05
87749	0.006512053012
87750	0.001539544742
87751	0.001411015052
87752	0.002310435375
87753	0.001414429024
87754	0.0005107989582
87755	0.001396924434
87756	0.0008872610036
87757	0.001443045255
87758	0.002217099589
87759	0.004155328395
87760	0.000374208383
87761	0.0008867562215
87762	9.61343988e-05
87763	0.0003252620971
87764	0.002557795146
87765	8.229890338e-05
87766	0.0004133496378
87767	0.003669086444
87768	0.0008013879156
87769	0.007422108207
87770	0.0005593874247
87771	0.0005898044091
87772	0.0008028105788
87773	0.0001820883542
87774	0.003199930549
87775	0.004703032511
87776	0.0001483408277
87777	0.001897249341
87778	0.001456866772
87779	0.0003357117491
87780	0.00130681299
87781	0.0007032358734
87782	0.00100647254
87783	0.004608054313
87784	0.0005660966725
87785	0.0001651283216
87786	0.0004344417103
87787	0.0003835174381
87788	0.001891801324
87789	4.525503491e-05
87790	0.0001597515139
87791	0.0008437728067
87792	0.0004650302034
87793	0.0004127131406
87794	0.0003882840451
87795	0.001444644528
87796	0.0004540755776
87797	0.001148880947
87798	0.0005801876974
87799	0.00213940358
87800	0.003067811228
87801	0.003127004137
87802	0.001393903529
87803	0.001666363314
87804	0.001155132243
87805	0.0002814386542
87806	0.0007265119189
87807	0.0006734933743
87808	0.0008648421223
87809	0.0009509465008
87810	0.0007671763346
87811	0.002089320347
87812	0.0009267500322
87813	0.0001195530603
87814	0.001374906769
87815	8.942538586e-06
87816	0.002312983084
87817	0.003512964153
87818	0.0005624548163
87819	0.004323829741
87820	0.0004012876662
87821	0.001521481576
87822	0.001312016312
87823	0.0009880717701
87824	0.0005404890212
87825	0.003188980168
87826	0.001182790184
87827	0.0009918069817
87828	0.0007386212679
87829	0.001226245161
87830	0.0002516977328
87831	0.0005415257311
87832	0.00181520663
87833	0.0006540071823
87834	0.0003854698047
87835	0.0009048390384
87836	0.004412263307
87837	0.0004992833986
87838	0.001057554626
87839	0.0004261825423
87840	1.58913567e-05
87841	0.002892510342
87842	0.0005139531708
87843	0.001251988562
87844	0.0003261545909
87845	0.0001638022693
87846	0.0001179113526
87847	0.001581729033
87848	0.002201201067
87849	0.001826059042
87850	4.457306924e-05
87851	9.459684311e-05
87852	0.00460677166
87853	4.62512241e-05
87854	0.00348375092
87855	0.0007280168015
87856	0.0004241671407
87857	0.0004931349538
87858	0.0008177778073
87859	0.0009491343776
87860	7.97310762e-06
87861	0.000588357572
87862	0.0006100060035
87863	0.001414928306
87864	0.004380127533
87865	0.001069684973
87866	2.860957248e-05
87867	0.001657486046
87868	0.001102769354
87869	0.0005529548212
87870	0.001087391769
87871	0.0002476216988
87872	0.0001852436701
87873	0.002637543293
87874	0.00216811361
87875	0.0001723673872
87876	0.005831986478
87877	0.00170446345
87878	0.000794715678
87879	0.0005925675057
87880	0.0008959839669
87881	0.0001160113885
87882	0.001347257798
87883	0.0002992600418
87884	0.003330412556
87885	0.001211816865
87886	0.005380296534
87887	0.0007217472154
87888	0.003008815828
87889	0.001272259051
87890	0.0004668561758
87891	0.0007376993682
87892	0.0004601957245
87893	0.0002475457919
87894	0.0006209955281
87895	0.0001637242044
87896	0.001200504582
87897	0.002597010507
87898	0.0007827588661
87899	0.001351330694
87900	0.0002717113627
87901	4.417503892e-05
87902	0.0009432580768
87903	0.002653273295
87904	0.0007659297866
87905	0.001331507423
87906	0.0003241835987
87907	0.003400196585
87908	0.0019449515
87909	0.001327246878
87910	0.004783374042
87911	0.003186885822
87912	0.0004883827968
87913	0.0008792603518
87914	0.0009747200519
87915	0.001381089289
87916	0.0007361962363
87917	0.0006979991846
87918	0.001164261114
87919	0.002870316674
87920	0.001349430818
87921	4.625882821e-05
87922	0.00256721124
87923	0.001507537051
87924	0.0005126599124
87925	0.0002724719891
87926	0.001799940168
87927	0.004892412224
87928	0.00229610709
87929	0.001231059515
87930	0.003083095387
87931	0.003119640575
87932	0.001156083675
87933	0.0006750024872
87934	0.001323503907
87935	0.004434083741
87936	0.0007533774763
87937	0.0006907531364
87938	0.005996543314
87939	0.0009892281387
87940	0.001062095817
87941	0.002490900031
87942	0.0001783534189
87943	0.001390646251
87944	0.001602076017
87945	0.004381433533
87946	0.001938345236
87947	0.001706607688
87948	0.0004447715328
87949	0.0006846381146
87950	9.349452893e-05
87951	0.001757372576
87952	0.001506115094
87953	0.00144662995
87954	0.0009117687887
87955	0.0005822888434
87956	0.001160799409
87957	7.947938498e-06
87958	0.0006798030472
87959	0.003222125868
87960	0.001765266003
87961	0.0004468930262
87962	0.001190743855
87963	0.002451647509
87964	0.002967693057
87965	0.004123218085
87966	0.0003413036253
87967	0.0002219924105
87968	0.001597802019
87969	0.0002920036473
87970	0.003585852069
87971	0.001505686027
87972	0.004470587097
87973	0.001366829087
87974	0.002525762195
87975	0.0001152215435
87976	0.0001704202816
87977	0.001070093691
87978	0.002893422209
87979	0.005804918402
87980	0.0002983109463
87981	0.0003254586775
87982	0.0001546875644
87983	0.0005706292694
87984	0.003641822869
87985	0.006307586111
87986	0.006196149293
87987	0.005233197468
87988	0.0009409997201
87989	0.00101971706
87990	0.001793354933
87991	0.003731801474
87992	5.148818859e-05
87993	0.003454304459
87994	0.002630365226
87995	0.001803287813
87996	3.713855822e-05
87997	0.003701363808
87998	0.00422214301
87999	0.0007994632453
88000	0.002134066618
88001	0.002688757662
88002	0.0003456177528
88003	0.001002454821
88004	0.0009365693495
88005	0.003342847642
88006	0.001179754255
88007	0.002446092484
88008	0.0008270966396
88009	0.002083720749
88010	0.001211045224
88011	0.008422791109
88012	0.00104345017
88013	0.001710288821
88014	0.002340415909
88015	0.002722116769
88016	0.0007477585115
88017	0.0005254694472
88018	0.004650939902
88019	0.0002620709181
88020	0.0001094308341
88021	0.0007725824182
88022	0.001138492764
88023	0.001296166097
88024	0.0026505203
88025	0.0005722742081
88026	0.001904965231
88027	0.0005065811345
88028	0.003838592377
88029	0.00191633534
88030	0.0009125364293
88031	0.003994198143
88032	0.004080718455
88033	0.000745902017
88034	0.003405574601
88035	0.001081024214
88036	0.004050286809
88037	0.0003908385014
88038	0.003352291401
88039	0.0008193318523
88040	0.001693440798
88041	0.0009087352021
88042	0.005357761199
88043	0.001707584063
88044	0.0006522799357
88045	3.053173214e-05
88046	0.005889522669
88047	0.0036189346
88048	0.001908578992
88049	0.002402888007
88050	0.001197096084
88051	0.004863694769
88052	0.001660599765
88053	6.468554652e-06
88054	0.003829741865
88055	0.00133639039
88056	0.002455509425
88057	0.002322428885
88058	0.00430614106
88059	0.001684956677
88060	0.001639278433
88061	0.004347532921
88062	0.005158400367
88063	0.004708738408
88064	0.00647705424
88065	0.002658222643
88066	0.000673232946
88067	0.001739293885
88068	0.0004881063765
88069	0.001676386508
88070	0.003633044308
88071	0.000367539779
88072	0.005421294557
88073	0.001862219545
88074	0.001930986032
88075	0.001477052479
88076	0.003734340411
88077	0.00353584785
88078	0.0008094715642
88079	0.001439079705
88080	0.001290338818
88081	0.000308456265
88082	0.004758583502
88083	0.0007505220886
88084	0.002997472183
88085	0.001112291774
88086	0.00107532568
88087	0.0005317951658
88088	0.0003215679499
88089	0.002317715848
88090	0.001421876197
88091	0.0008318724054
88092	0.0002354737772
88093	0.003273792302
88094	0.001217349688
88095	0.003621424904
88096	0.002960407874
88097	0.001576138484
88098	8.769780996e-06
88099	0.003146337751
88100	0.001053982521
88101	0.003862633349
88102	1.117693227e-05
88103	0.0009796353636
88104	0.0008838375089
88105	0.0003567532327
88106	0.001062563481
88107	0.0004187341891
88108	0.0004487467665
88109	0.0004670976289
88110	0.0009747778133
88111	0.001161903698
88112	0.001949968417
88113	0.002885897702
88114	0.0008630993649
88115	0.003152088004
88116	0.002585684635
88117	0.001865000412
88118	0.003013277092
88119	0.001585947903
88120	0.002048303492
88121	0.002531728273
88122	0.0003706328577
88123	0.001642991854
88124	0.0005703734866
88125	0.001448080527
88126	0.001246824699
88127	0.003078739415
88128	0.005391837743
88129	0.003603361695
88130	0.003179196212
88131	0.003255906499
88132	0.001740801303
88133	0.0009744025886
88134	0.001241111195
88135	0.003900619386
88136	0.00137911733
88137	0.0008654160402
88138	0.001859071817
88139	0.000525877032
88140	0.003636778745
88141	0.003915075329
88142	0.003273657644
88143	0.004282388035
88144	0.001164807332
88145	0.003737549809
88146	0.005596172088
88147	0.001123139287
88148	0.001203860835
88149	0.003289375703
88150	0.003875805001
88151	0.0001905515663
88152	0.003295507293
88153	0.0007781466771
88154	0.002480193404
88155	0.002628234771
88156	0.000222563557
88157	0.002728482327
88158	0.00138498337
88159	0.001110351622
88160	0.002213347421
88161	0.004941580928
88162	0.005671946281
88163	0.0008880784379
88164	0.00177878227
88165	0.002004217675
88166	0.002267072315
88167	0.00229258899
88168	0.003892024673
88169	0.0007957744523
88170	0.001165282397
88171	0.003214551564
88172	0.0003271147226
88173	0.00298469787
88174	0.002473064249
88175	0.002640081357
88176	0.0003692865261
88177	0.002305639372
88178	0.003305485927
88179	0.005152245622
88180	0.004404019073
88181	0.001482394462
88182	0.002711323494
88183	0.004376252284
88184	0.002871125767
88185	6.176588128e-05
88186	0.003366161539
88187	0.001949209124
88188	0.002015761294
88189	0.001552745214
88190	0.002790689028
88191	0.003026971688
88192	0.002644608505
88193	0.000444165645
88194	1.45312207e-05
88195	0.001735762007
88196	0.002960762492
88197	0.002322855455
88198	0.003276823201
88199	0.002729849792
88200	0.001998710101
88201	0.002113491944
88202	0.003471575434
88203	0.003561876311
88204	0.002166749797
88205	0.0001208030044
88206	0.003608358247
88207	0.002808713814
88208	0.002609577939
88209	0.002386600047
88210	0.003380428743
88211	0.001986432177
88212	0.001984677111
88213	0.002211982102
88214	0.002467515128
88215	0.003532456434
88216	0.0003899612849
88217	3.800244769e-05
88218	0.002868218262
88219	0.002812547772
88220	0.001810752266
88221	0.001022429331
88222	0.001537271105
88223	8.938178633e-05
88224	0.006694253294
88225	0.001288343448
88226	0.002068937
88227	0.002007457456
88228	0.00173001876
88229	0.001942016302
88230	0.003926792397
88231	0.001000051757
88232	0.00291135278
88233	0.005130185824
88234	0.001914045466
88235	0.0008630117405
88236	0.00257646904
88237	0.0002516302411
88238	0.002651310556
88239	0.003663651253
88240	0.002438227859
88241	0.001466577165
88242	0.002461117302
88243	0.002431437478
88244	0.0009952630216
88245	0.002127492336
88246	0.002011278442
88247	0.001651605919
88248	0.00319956087
88249	0.002448143654
88250	0.00108823433
88251	0.0004019043396
88252	0.001713034941
88253	0.002675010562
88254	0.0009539047672
88255	0.003189043341
88256	0.0005754298941
88257	0.002905216581
88258	0.0009263959183
88259	0.001024559445
88260	0.003421799612
88261	0.001976047734
88262	0.0008877237476
88263	0.002256948397
88264	0.00140643679
88265	0.002725390515
88266	0.003879741845
88267	0.0005006127158
88268	0.002088632289
88269	0.001181104917
88270	0.00472715753
88271	0.002117481134
88272	0.003057671683
88273	2.848615914e-05
88274	0.001505236155
88275	0.002612198969
88276	0.002373644979
88277	0.003226267299
88278	0.0008603031
88279	0.001246881807
88280	0.002843230539
88281	0.000294193273
88282	0.001236187822
88283	0.001182653035
88284	0.003972886201
88285	0.002305670069
88286	0.003380364782
88287	0.0009644912438
88288	0.002236584781
88289	0.001367334786
88290	0.00363413309
88291	0.0009093294337
88292	0.00247063568
88293	0.005222718793
88294	0.002173057006
88295	0.002812096943
88296	0.001936609592
88297	0.002278700392
88298	0.001907488994
88299	0.000775172017
88300	0.001589235874
88301	0.003294140618
88302	0.004537014095
88303	0.002525035615
88304	0.002632018299
88305	0.002325878127
88306	0.003202883562
88307	0.002512018072
88308	0.0026793149
88309	0.0002819731023
88310	0.004780112119
88311	0.001904925934
88312	0.00325801429
88313	0.002119324569
88314	0.001736945193
88315	0.003735078017
88316	0.002129283621
88317	0.002440672172
88318	0.006793180472
88319	0.001457195357
88320	0.002130325196
88321	0.002014251254
88322	0.002513146679
88323	0.001654475229
88324	0.001517980446
88325	0.002862032846
88326	0.00250172851
88327	0.0006591387134
88328	0.004731248959
88329	0.001562089245
88330	0.002409312387
88331	0.004237229791
88332	0.001613742225
88333	0.004599733738
88334	0.001218613359
88335	0.00212828211
88336	0.00195357729
88337	0.0009410149841
88338	0.002544113656
88339	0.002077499584
88340	0.002369817459
88341	0.001608567376
88342	0.002834827517
88343	0.001342196358
88344	0.001079891531
88345	0.001709764167
88346	0.002362941885
88347	0.00318977756
88348	0.00275476486
88349	0.001583131387
88350	0.001275052931
88351	0.001637889248
88352	0.0001222628948
88353	0.001589686366
88354	0.004098390716
88355	0.002296391633
88356	0.0002556046705
88357	0.002636805697
88358	0.001823128656
88359	0.002007496721
88360	0.0005112172482
88361	0.001848188452
88362	0.002242522035
88363	0.001323639103
88364	0.001391538232
88365	0.000366966977
88366	0.002970844493
88367	0.002822502953
88368	0.002041434787
88369	0.0002445589875
88370	0.003311559426
88371	0.001751877427
88372	0.0007266440009
88373	0.004897598662
88374	0.001471144719
88375	0.002499553879
88376	0.00149677833
88377	0.005129531766
88378	0.003014051734
88379	0.001133561759
88380	0.0009963212666
88381	0.004345668044
88382	0.002973253595
88383	0.0002076121146
88384	0.002390376931
88385	0.002882363428
88386	0.002348906911
88387	0.001310842126
88388	0.0005356865158
88389	0.001218916622
88390	0.002563393574
88391	0.001625056124
88392	0.002231846758
88393	0.0001423199215
88394	0.002215377229
88395	0.001105218575
88396	0.001400472452
88397	0.003497425221
88398	0.002178320237
88399	0.002431124477
88400	0.001837275896
88401	0.002994777523
88402	0.002631239229
88403	0.002293841447
88404	0.00217955232
88405	0.0003596981685
88406	0.000947887687
88407	0.002108144194
88408	0.001491851431
88409	0.0007705263095
88410	0.001889239205
88411	0.002397839143
88412	0.0002123683323
88413	0.001421637874
88414	0.004158757453
88415	0.0008818277245
88416	0.001288909321
88417	0.003154322726
88418	0.000348761446
88419	0.00384645092
88420	0.001276094245
88421	0.00337166722
88422	0.00110888311
88423	0.002216286493
88424	0.001739047355
88425	0.001473839215
88426	0.00227430295
88427	0.001455106484
88428	0.002822326107
88429	0.003174622861
88430	0.001975644577
88431	0.0003689547991
88432	0.004012593708
88433	0.001579742661
88434	0.001471884379
88435	0.001851487139
88436	0.002493062028
88437	0.0001860144947
88438	4.416043606e-05
88439	0.0006609750092
88440	0.0003475883115
88441	1.092547528e-05
88442	0.0001876975584
88443	0.000514820179
88444	0.0004918404426
88445	0.0005016394591
88446	0.0005343768342
88447	0.0003133532225
88448	0.0001102934608
88449	0.001622650696
88450	0.0004701297338
88451	0.000732509235
88452	0.000685134506
88453	7.420064158e-05
88454	0.000136058557
88455	0.0004835703059
88456	0.0005749427555
88457	0.0001804310158
88458	0.001073838289
88459	0.001161380894
88460	0.001959154594
88461	0.0004726943874
88462	0.0003890924386
88463	0.0002421728806
88464	0.000329013314
88465	6.850784198e-05
88466	0.001463828996
88467	0.001631601024
88468	0.0009445864332
88469	0.001667322304
88470	0.0002852668694
88471	0.0009715929554
88472	0.0001737031022
88473	0.002497955082
88474	0.0001845823477
88475	0.001208533741
88476	0.003108209608
88477	0.0002820566528
88478	0.0007667666786
88479	0.0004579480697
88480	0.003183339446
88481	0.003578873828
88482	0.003327866744
88483	0.0009657256481
88484	5.669130132e-05
88485	0.002373711802
88486	0.0002902856016
88487	0.0006797881332
88488	0.003413336276
88489	0.002425734161
88490	8.483518227e-05
88491	0.001794989341
88492	0.001446788644
88493	0.0009684603216
88494	0.0002593830002
88495	0.00106108882
88496	0.002287407388
88497	0.001258827585
88498	0.0001760253022
88499	0.0001334284466
88500	0.0008968793817
88501	0.001174411051
88502	0.002715964074
88503	0.0001844762293
88504	0.0003017581588
88505	0.0001730660261
88506	7.971262807e-05
88507	6.406996682e-06
88508	0.0003069730686
88509	0.0009920429157
88510	0.0003763380683
88511	0.0001147384615
88512	0.002924337601
88513	0.001167238137
88514	0.0002818602523
88515	0.0005114401883
88516	0.0009946435478
88517	0.001101460276
88518	0.0007730768409
88519	0.0008724955785
88520	0.0002647395858
88521	0.0002939533155
88522	4.726247928e-05
88523	0.000181371864
88524	0.0001718904026
88525	0.0001005477589
88526	2.991163365e-05
88527	0.0005385412736
88528	3.309791144e-06
88529	0.0004672764881
88530	0.0005974684577
88531	5.050048001e-05
88532	0.001204707155
88533	0.00373268169
88534	0.004014764883
88535	0.0009069293857
88536	0.004937618347
88537	0.0001298090358
88538	0.003873243678
88539	0.001128154229
88540	0.002274327952
88541	0.002241471094
88542	0.0008539307889
88543	0.00232176702
88544	0.003207595776
88545	0.0008897732061
88546	0.002856523945
88547	0.002882695749
88548	0.002980132211
88549	0.001292818555
88550	0.001284335403
88551	0.003238885327
88552	0.002367046263
88553	0.003707219315
88554	0.0002815275405
88555	0.003592777416
88556	0.001466263406
88557	0.001330814639
88558	0.003967352297
88559	0.0008704470929
88560	0.002193757911
88561	0.001319024715
88562	0.004685885923
88563	0.003058014757
88564	0.002156969523
88565	0.003348611116
88566	0.001802017131
88567	0.003707632417
88568	6.497963554e-05
88569	0.001584723633
88570	0.002595995647
88571	0.003788096029
88572	0.002548307616
88573	0.00309221935
88574	0.007549077816
88575	0.00382258591
88576	0.005909833514
88577	0.001777989067
88578	0.001211172197
88579	0.0006178571157
88580	0.002443660896
88581	0.001209821589
88582	0.003059005537
88583	0.004873951207
88584	0.0001372210971
88585	0.002665441582
88586	0.002643639321
88587	0.001770383635
88588	0.002045808783
88589	0.002720455378
88590	0.002612030723
88591	0.003470906479
88592	0.00192302916
88593	0.00265206535
88594	0.003137076767
88595	0.002470181431
88596	0.004904796858
88597	0.003695870865
88598	0.004156785225
88599	0.001662461475
88600	0.002527163965
88601	0.002511608915
88602	0.002065259824
88603	0.002710491231
88604	0.002996970861
88605	0.0003269805854
88606	0.003053304718
88607	0.003412815639
88608	0.003329780789
88609	0.006236166791
88610	0.003372977942
88611	0.002789699036
88612	0.003663330543
88613	0.0008878343145
88614	0.003593268856
88615	0.003622170942
88616	0.001186397031
88617	0.008069882714
88618	0.006907031302
88619	0.003167202613
88620	0.003423304499
88621	0.002778575088
88622	0.002470195273
88623	0.001813644588
88624	0.003736043929
88625	0.002717445021
88626	0.004500067835
88627	0.005223633595
88628	0.001433245005
88629	0.002501734506
88630	0.002752536618
88631	0.003379255706
88632	0.00295278386
88633	0.003287023557
88634	0.003923918232
88635	0.002139497325
88636	0.002753413986
88637	0.003048383097
88638	0.002722022819
88639	0.001040345456
88640	0.00259955707
88641	0.001177883721
88642	0.001645871667
88643	0.002056604844
88644	0.001085424775
88645	0.00469189535
88646	0.002493699441
88647	0.0018215298
88648	0.001162652175
88649	0.00696810071
88650	0.003043228558
88651	0.002182683065
88652	0.001293624763
88653	0.003012135126
88654	0.001967891895
88655	0.005234723985
88656	0.003660159012
88657	0.002786896577
88658	0.001309360172
88659	0.001612018664
88660	0.000167306092
88661	0.003770575255
88662	0.0007818033767
88663	0.0005408842539
88664	0.001525603696
88665	0.002651158423
88666	0.003266937557
88667	0.002952729166
88668	0.003068402646
88669	0.004904384062
88670	0.002559510664
88671	0.003313815131
88672	0.001925727692
88673	0.00103892318
88674	0.002607392309
88675	0.003004555082
88676	0.0001606578159
88677	0.00288473406
88678	6.368706326e-05
88679	0.0038174844
88680	0.000709876788
88681	0.002030849734
88682	0.00280990171
88683	0.001222181188
88684	0.001492561247
88685	0.002807718102
88686	0.00327730931
88687	0.003919289386
88688	5.670953657e-05
88689	0.001551759824
88690	0.002852094083
88691	0.002883051285
88692	0.003786646838
88693	0.0006083946689
88694	0.0004208203526
88695	0.002160323071
88696	0.004595397895
88697	0.001058681667
88698	0.003569853232
88699	0.004501954133
88700	0.001463552193
88701	0.003775824237
88702	0.0009588852116
88703	0.002189621028
88704	0.0007200296201
88705	0.002612158967
88706	0.001362090989
88707	0.002498262789
88708	0.002528369935
88709	0.001720309263
88710	0.002159393508
88711	0.002849081474
88712	0.00130457885
88713	0.002381139542
88714	0.001564476454
88715	0.002447225465
88716	0.003385167057
88717	0.00138903215
88718	0.00119862139
88719	0.0009293843117
88720	0.002620257446
88721	0.0003434820924
88722	0.001629439899
88723	0.002321737606
88724	0.00388144272
88725	0.002514616
88726	0.00134460061
88727	0.0005435947981
88728	0.00306731087
88729	0.0008761234507
88730	0.001287363819
88731	0.003374840369
88732	0.001621727094
88733	0.001896109495
88734	0.001468555076
88735	0.002743413596
88736	0.002708393302
88737	0.002225614502
88738	0.002361894688
88739	0.002258614191
88740	0.00295038791
88741	0.002944606024
88742	0.002286844954
88743	0.003963945058
88744	0.003093142831
88745	0.001427686561
88746	0.003906680758
88747	0.003433599201
88748	0.004195319919
88749	0.002587326201
88750	0.002427799629
88751	0.002029259947
88752	0.002320486428
88753	0.002268498135
88754	0.0009631029041
88755	0.003017759666
88756	0.001434358196
88757	0.002152655774
88758	0.002229129017
88759	0.001982667598
88760	0.002333916913
88761	0.002765012518
88762	0.0008839520486
88763	0.00611990925
88764	0.002276188334
88765	0.003803441117
88766	0.001956688877
88767	0.002359476792
88768	0.001390263247
88769	0.006503460254
88770	0.00352031743
88771	0.002311045329
88772	0.003400315352
88773	0.003465454185
88774	0.004441527588
88775	0.003858671945
88776	0.0002970807238
88777	0.003036517965
88778	0.002652543007
88779	0.001797705747
88780	0.003228045996
88781	0.002364980144
88782	0.0002179587885
88783	0.002479275257
88784	0.003613250591
88785	0.004942631438
88786	0.001630932432
88787	0.002909071644
88788	0.00583915293
88789	0.002520129712
88790	0.001861327621
88791	0.002240292635
88792	0.004743298779
88793	0.003112630573
88794	0.0006091759634
88795	0.001699807552
88796	0.00239101674
88797	0.002243459927
88798	0.002436519502
88799	0.005387726916
88800	0.005403335724
88801	0.002366803367
88802	0.001811499659
88803	0.00163552889
88804	0.002803195695
88805	0.0007498794637
88806	0.001481716634
88807	0.002732816586
88808	0.002604931507
88809	0.0002786924509
88810	0.001508165038
88811	0.002715485875
88812	0.001506479243
88813	0.001262938228
88814	0.0008116543298
88815	0.0024138623
88816	0.003511271139
88817	0.002417161996
88818	0.002869063225
88819	0.001702440514
88820	0.0008357237986
88821	0.002282840897
88822	0.001300606129
88823	0.005115884024
88824	0.0003219183864
88825	0.001408654808
88826	0.003459013681
88827	0.002212177619
88828	0.004001487737
88829	0.003434064702
88830	0.001686548424
88831	0.004691814402
88832	0.00196628923
88833	0.00225578277
88834	0.001320269077
88835	0.002632866093
88836	0.002398893439
88837	0.003409520161
88838	0.0009572464788
88839	0.003937975323
88840	0.004107572776
88841	0.006899768767
88842	0.004126329982
88843	0.002323768408
88844	0.003229644083
88845	0.003676744798
88846	0.001636060993
88847	0.003259718822
88848	0.004513016019
88849	0.00311766229
88850	0.0003511660237
88851	0.001227282736
88852	0.00128631411
88853	0.0005298258333
88854	0.0004076675652
88855	0.0004151020848
88856	0.00230406622
88857	0.003123366441
88858	0.0004743266724
88859	0.006159741877
88860	0.001103116242
88861	0.001675810518
88862	0.002858342428
88863	0.003373810253
88864	0.003999886542
88865	0.003152022203
88866	0.001618117788
88867	0.003877816531
88868	0.006064070387
88869	0.002969798876
88870	0.001713309697
88871	0.002635915363
88872	0.002041027266
88873	0.0004365030103
88874	0.002830974044
88875	0.003431080196
88876	0.002999722658
88877	0.003690935349
88878	0.002965912855
88879	0.002436664718
88880	0.005110785706
88881	0.003159547796
88882	0.003172152751
88883	0.003936052971
88884	0.00376066192
88885	9.56768788e-05
88886	0.002144148113
88887	0.001871365584
88888	0.0002371254445
88889	0.004045334007
88890	0.001822113927
88891	0.008355971362
88892	0.002723265916
88893	0.002955463793
88894	0.00198654973
88895	0.001609677355
88896	0.003492725445
88897	0.002986605346
88898	0.002189536508
88899	0.002922655672
88900	0.0002237638897
88901	0.002846909662
88902	0.001855193019
88903	0.0001759541957
88904	0.002786714797
88905	0.003223133675
88906	0.003607054534
88907	0.000467929408
88908	0.003427866426
88909	0.001868179466
88910	0.001371618568
88911	0.002400981146
88912	0.002960103333
88913	0.0003761961947
88914	0.002476431589
88915	0.00303425998
88916	0.0005602602503
88917	0.003634026746
88918	0.003560835993
88919	0.00101069854
88920	0.0004721096132
88921	0.00252550406
88922	0.002871406424
88923	0.003130910386
88924	0.003703607808
88925	0.001930397746
88926	0.002068180465
88927	0.001744478808
88928	0.004342088714
88929	0.002565394531
88930	0.0007849501577
88931	0.001473031393
88932	0.00126530459
88933	0.005618866828
88934	0.002676727212
88935	0.002605837781
88936	0.002908661656
88937	0.004746687763
88938	0.001279768435
88939	0.001753770313
88940	0.00342750134
88941	0.001865072024
88942	0.002493067915
88943	0.002784428943
88944	0.002174623509
88945	0.003844701357
88946	0.0008869546772
88947	8.859050402e-05
88948	0.003175688506
88949	0.004371770025
88950	0.002608185989
88951	0.0008203358324
88952	0.004526439325
88953	0.00426130394
88954	8.794473198e-05
88955	0.0001313245414
88956	0.002847193476
88957	0.002926720096
88958	0.002125692841
88959	0.003143454328
88960	0.002134001778
88961	0.003220940842
88962	0.0002033571813
88963	0.002625153451
88964	0.003415711839
88965	0.002953303036
88966	0.004017965909
88967	0.00215878039
88968	0.004716492512
88969	0.002885499735
88970	0.001645644201
88971	0.001481167276
88972	0.001516403429
88973	0.001649037401
88974	0.002725894205
88975	0.002424477571
88976	0.003378050877
88977	0.002572732671
88978	0.0006240923763
88979	0.001651525195
88980	0.002817843222
88981	0.0001654901669
88982	0.00152212362
88983	0.002604470448
88984	0.007753351421
88985	0.000634515558
88986	0.00334331726
88987	0.0005396810799
88988	0.0002068507491
88989	0.005253914492
88990	0.003483009459
88991	0.001666639289
88992	0.001171458301
88993	0.0006186207348
88994	0.001800068986
88995	0.003499392275
88996	0.003152616917
88997	0.001875154513
88998	0.002132108317
88999	0.00334772804
89000	0.002171711783
89001	0.003755845798
89002	0.002260712507
89003	0.00116531502
89004	0.0053330343
89005	0.00392202382
89006	0.003165331181
89007	0.002881209389
89008	0.0007998784213
89009	0.002473006867
89010	0.003090807849
89011	0.002310321783
89012	0.003408207163
89013	0.002886078987
89014	0.002707213309
89015	0.001846083584
89016	0.003900842951
89017	0.003349679789
89018	0.0006567753174
89019	0.004023034832
89020	0.002778648096
89021	0.003176667776
89022	0.0008558872408
89023	0.002688073514
89024	0.001329445364
89025	0.0001636517498
89026	0.002838518896
89027	0.00393796602
89028	0.0001848962192
89029	0.001625487185
89030	0.002337988795
89031	0.001923088309
89032	0.003152547946
89033	0.005539822279
89034	0.002592551063
89035	0.002258532622
89036	0.00135664732
89037	0.003560083557
89038	0.003627120699
89039	0.003830455815
89040	0.001573066889
89041	0.001636301537
89042	0.002386308826
89043	0.003588865016
89044	0.002838657085
89045	0.004288182421
89046	0.000484385208
89047	0.002152395047
89048	3.285930898e-05
89049	0.001530845464
89050	2.147807651e-05
89051	0.002850556504
89052	9.842812165e-05
89053	0.002131172786
89054	0.002404611483
89055	0.002718908212
89056	0.001433059123
89057	0.00178353374
89058	0.000793688191
89059	0.0007859554722
89060	0.0001975522115
89061	0.002063438804
89062	0.003065999472
89063	0.002854211843
89064	0.001896420796
89065	0.004545539632
89066	0.001460678295
89067	0.002553248119
89068	0.00154122087
89069	0.002610240682
89070	0.00224071132
89071	0.001388599438
89072	0.0005278884299
89073	0.002067162307
89074	0.002370302499
89075	0.002194620056
89076	0.0006344590531
89077	0.002521516735
89078	0.006996114343
89079	2.896620205e-05
89080	0.002182660465
89081	0.002526907783
89082	0.003321643021
89083	0.00459511611
89084	0.00268798151
89085	0.002109819511
89086	0.002876904324
89087	6.642325486e-05
89088	0.001541411494
89089	0.003265744765
89090	0.0004150691698
89091	0.0005992804474
89092	0.001955604151
89093	0.001746655862
89094	0.0006232894826
89095	0.001265320299
89096	0.005224714634
89097	0.003591453337
89098	0.005396878261
89099	0.004209843025
89100	0.003528418253
89101	0.002723555731
89102	0.0002276084262
89103	0.003716707122
89104	0.001618641165
89105	0.002531588984
89106	0.004367053662
89107	0.004324925921
89108	0.002033544212
89109	0.00392313199
89110	0.001730333075
89111	0.0004270941153
89112	0.001773821431
89113	0.002860897069
89114	0.003247834167
89115	0.00186884998
89116	0.001991542021
89117	0.001653496958
89118	0.002282155261
89119	0.003642646752
89120	0.001082887173
89121	0.003349575114
89122	0.001057565371
89123	0.001752640378
89124	0.003060575454
89125	0.005185725288
89126	0.002529568509
89127	9.233833493e-05
89128	0.001198586047
89129	0.001163673491
89130	0.0008699095528
89131	0.002158057384
89132	0.003458540248
89133	0.003114857769
89134	0.001689093674
89135	0.002645577486
89136	0.008670126813
89137	0.00126189601
89138	0.0001132909463
89139	0.003112420402
89140	0.002953224755
89141	0.002208274381
89142	0.003371236957
89143	0.001529277936
89144	0.002611830403
89145	0.001892712726
89146	0.002622161344
89147	0.0003676192132
89148	0.003333862221
89149	0.006399193051
89150	0.002002979358
89151	0.003602178389
89152	0.0005968380082
89153	0.002729210105
89154	0.00327529791
89155	0.0008186987953
89156	0.001035698607
89157	0.004718982366
89158	0.001831377661
89159	0.00311101678
89160	0.002249022717
89161	0.003395028922
89162	0.004815686681
89163	0.001646623741
89164	0.003016906496
89165	0.00275081698
89166	0.00151241779
89167	0.003667743755
89168	0.003271088289
89169	0.003843084918
89170	0.002039759563
89171	0.002600468493
89172	0.00206866464
89173	0.00244096498
89174	0.004066457909
89175	0.002639651225
89176	0.001796702665
89177	0.001546251804
89178	0.005206191825
89179	0.001949917381
89180	0.001281199042
89181	0.004529159997
89182	0.002521617714
89183	0.002591688838
89184	0.001533008141
89185	0.001467471917
89186	0.004008766272
89187	0.0006898163756
89188	0.002729653966
89189	0.006296633651
89190	0.002885060315
89191	0.002996242079
89192	0.002249312725
89193	0.003185668372
89194	0.002859193175
89195	0.0009024018583
89196	0.001432071348
89197	0.001649854231
89198	0.002027023816
89199	0.002294453502
89200	0.002953298243
89201	0.002818470002
89202	0.003203634324
89203	0.001817259399
89204	0.006653359844
89205	0.003182115514
89206	0.002496778387
89207	0.001467559041
89208	0.004745094279
89209	2.845965524e-05
89210	0.003289608592
89211	0.002033574249
89212	0.004564152057
89213	0.003268215814
89214	6.827980079e-05
89215	0.002506189648
89216	0.0009313581183
89217	0.005199247037
89218	0.002107225758
89219	0.003170742398
89220	0.003315153859
89221	0.002582729628
89222	0.002408576143
89223	0.001263042067
89224	0.0006919195268
89225	0.002471263929
89226	0.002687336131
89227	0.003567541218
89228	0.002632073172
89229	0.002786025722
89230	0.002848536446
89231	0.003389321772
89232	0.002362712951
89233	0.001332273602
89234	8.951668493e-05
89235	0.001558642418
89236	0.001074024433
89237	0.002592580117
89238	0.003040204447
89239	0.00556254294
89240	0.001025252045
89241	0.004048154772
89242	0.0005834219708
89243	0.001156729442
89244	0.0001511465766
89245	0.006700639059
89246	0.001145899115
89247	0.001838211056
89248	0.003401947612
89249	0.002803689245
89250	0.003267833064
89251	0.00230877921
89252	0.001082004622
89253	0.002830246238
89254	0.002182608512
89255	0.003381695998
89256	0.00249538833
89257	0.002473974903
89258	0.003370680356
89259	0.003539085514
89260	0.00409758144
89261	0.004125412928
89262	0.001159888072
89263	0.006316696043
89264	0.002940185697
89265	0.002869878958
89266	0.002762498864
89267	0.002584218514
89268	0.007151668984
89269	0.003226529183
89270	0.004308719555
89271	0.004378341721
89272	0.001851275584
89273	0.0003184377379
89274	0.001159362685
89275	0.0008193298034
89276	0.005112320534
89277	0.002500750678
89278	0.0004755094412
89279	0.001670889492
89280	0.0007493495708
89281	0.004803619529
89282	0.001044021248
89283	0.001733824652
89284	0.002259176094
89285	0.003556912477
89286	0.001957995547
89287	0.000428383314
89288	0.002660904088
89289	0.001523093019
89290	0.00201824513
89291	0.00208930569
89292	0.001526261503
89293	0.00160457303
89294	0.00123215232
89295	0.002992918932
89296	0.0005381610014
89297	0.005642941218
89298	0.002583928101
89299	0.002404769835
89300	0.002498814802
89301	0.003296221135
89302	0.002669640734
89303	0.001024959728
89304	0.004234001443
89305	0.003471979443
89306	0.002759315546
89307	0.001485417246
89308	0.003720420721
89309	0.003871514399
89310	0.001090186593
89311	0.005330941299
89312	0.003386465578
89313	0.004043860822
89314	0.004139931176
89315	0.001635763405
89316	0.005685558746
89317	0.0007690128532
89318	0.002685695287
89319	0.00290311031
89320	0.005072575014
89321	0.001934509589
89322	0.002114251792
89323	0.003159649588
89324	0.005438345014
89325	0.003494258039
89326	0.006262549607
89327	0.002578675679
89328	0.003593734439
89329	0.002541483858
89330	8.485488244e-05
89331	0.001273266897
89332	0.002237556475
89333	0.004445272363
89334	0.003167710968
89335	0.001614343983
89336	0.002452921455
89337	0.002700353937
89338	0.00100786632
89339	0.002598135816
89340	0.003948110958
89341	0.00195562585
89342	0.003815948985
89343	0.00095782864
89344	0.005485084336
89345	0.001205036658
89346	0.00520223009
89347	0.000697230341
89348	0.001648527202
89349	0.002949446002
89350	0.002967017575
89351	0.003706137603
89352	0.008311503347
89353	0.003056664853
89354	0.003465253205
89355	0.002675236064
89356	0.0006043302563
89357	0.001818128653
89358	0.006763830021
89359	0.005962483778
89360	0.003259855436
89361	0.004415375092
89362	0.0006375458109
89363	0.004273101041
89364	0.002775503299
89365	0.000247051259
89366	0.003313589172
89367	0.002881325831
89368	0.0008857596206
89369	0.003839214671
89370	0.001986963654
89371	0.002527783232
89372	0.003650759051
89373	2.877488953e-05
89374	0.0004269352488
89375	0.003403980034
89376	0.002128931707
89377	0.002683338226
89378	0.003622651484
89379	0.002993992538
89380	0.0027327118
89381	0.002590631758
89382	0.002607853566
89383	0.003689034812
89384	0.0001358292122
89385	0.004318761552
89386	0.001852181381
89387	0.002548016719
89388	0.002337186406
89389	0.001499187721
89390	0.002124787679
89391	0.002397133377
89392	0.00444241711
89393	0.004565235507
89394	0.003503657436
89395	0.0002945930931
89396	0.002185308144
89397	0.002663529631
89398	0.002795823539
89399	0.003450853619
89400	0.00275453192
89401	0.0002977337024
89402	0.002699978107
89403	0.003357234304
89404	0.002033953862
89405	0.003483706275
89406	0.0004415651793
89407	0.003412687448
89408	0.00831934033
89409	0.003092982591
89410	0.002081919979
89411	0.003863008858
89412	0.003385180064
89413	0.00227590057
89414	0.0008410641888
89415	0.001812893618
89416	0.004682523722
89417	0.003155633482
89418	0.001646238834
89419	0.001961373904
89420	0.003094956399
89421	0.0008253115239
89422	0.003087554582
89423	0.002574780159
89424	0.00199016876
89425	0.0004491397659
89426	0.002821711293
89427	0.002602431476
89428	0.005614628531
89429	0.00198792049
89430	0.00273024896
89431	0.0007367462621
89432	0.002204621088
89433	0.001289779897
89434	0.001382937244
89435	0.0007712725067
89436	0.001163711174
89437	0.001869016924
89438	0.001743439286
89439	0.00372742136
89440	0.001348393719
89441	0.001833335493
89442	0.001977931837
89443	0.002391393549
89444	0.002293298812
89445	0.004022645041
89446	0.001498463494
89447	0.003505754163
89448	0.002576408247
89449	0.003883840788
89450	0.001093676137
89451	0.0002680235965
89452	0.002087370934
89453	0.002067033885
89454	0.002946465323
89455	0.004549677184
89456	0.0002896110146
89457	0.001626130467
89458	0.002943599521
89459	0.00113130624
89460	0.002651593644
89461	0.003116330958
89462	0.004125051496
89463	0.005133943729
89464	0.002968281788
89465	0.002851051147
89466	0.002668023873
89467	0.004555493785
89468	0.002657242243
89469	0.002055146497
89470	0.002354680061
89471	0.00303132012
89472	0.001559458935
89473	0.001394942782
89474	0.0008844049988
89475	0.004543430418
89476	0.003166378231
89477	0.002261750019
89478	0.0009574027105
89479	0.004280339889
89480	0.002511358036
89481	0.002390187739
89482	0.001548930777
89483	0.002401648838
89484	0.0007116227777
89485	0.002469369181
89486	0.002709010953
89487	0.002598731243
89488	0.002653431732
89489	0.002756193494
89490	0.001314292957
89491	0.002180943562
89492	0.003527358296
89493	0.0001675361047
89494	0.0006726325758
89495	0.002643980007
89496	0.0008730693116
89497	0.003789740974
89498	0.001345530942
89499	0.003060800567
89500	0.0003899943339
89501	0.0006702295086
89502	0.003790736562
89503	0.004306819651
89504	0.002409724662
89505	0.002601611025
89506	0.001074681529
89507	0.00134340681
89508	0.001296777839
89509	0.0008968844892
89510	0.004336770515
89511	9.589217035e-07
89512	0.003177708023
89513	0.002973671214
89514	0.002752834484
89515	0.002114804455
89516	0.002238496612
89517	0.0001853178233
89518	0.0004772457349
89519	0.0006357581831
89520	0.0007123403558
89521	0.002844794534
89522	0.003431227466
89523	0.0006819686695
89524	0.002839597335
89525	0.001247985388
89526	0.001982171597
89527	0.003339164522
89528	0.0005077266048
89529	0.002176918075
89530	0.0001335307062
89531	0.00352331664
89532	0.001722634125
89533	0.002016385844
89534	0.001798332372
89535	0.001883574606
89536	0.001617247979
89537	0.002856461955
89538	0.002067626272
89539	0.00290606308
89540	0.003273213184
89541	0.001933629004
89542	0.002424960776
89543	0.004986673101
89544	0.001429831485
89545	0.0001508284382
89546	0.0001408268636
89547	0.003817914377
89548	0.002918808135
89549	0.002173465709
89550	0.002819466032
89551	0.00402473711
89552	0.00297762849
89553	0.006624154292
89554	0.00214745575
89555	0.003950029393
89556	0.004010639615
89557	0.000586066391
89558	0.002890012512
89559	0.003889968319
89560	0.002752677948
89561	0.001358461306
89562	0.0004480312127
89563	0.002025411179
89564	0.006769793801
89565	0.004239901815
89566	0.001740332335
89567	0.0002202129373
89568	0.003826207521
89569	0.003219464319
89570	0.003288564781
89571	0.003149294426
89572	0.002042987831
89573	0.002081801337
89574	0.001437534875
89575	0.004023049788
89576	0.002196117317
89577	0.001188345683
89578	0.002762983913
89579	0.002646732841
89580	0.0006158333581
89581	0.00667891378
89582	0.003381439456
89583	0.001500594299
89584	0.003444780025
89585	0.0004586652888
89586	0.002626227827
89587	0.00147769947
89588	0.003316256638
89589	0.001662819996
89590	0.002740304323
89591	0.005232498657
89592	0.003338033912
89593	0.00027203202
89594	0.001508038374
89595	0.004049930387
89596	0.002680510139
89597	0.002997687875
89598	0.002541710778
89599	9.634199122e-05
89600	0.002489629236
89601	0.003656371316
89602	0.003307066159
89603	0.001816499376
89604	0.00209871452
89605	0.005344926779
89606	0.002347019783
89607	0.004187922358
89608	0.002661491239
89609	0.004542038385
89610	0.00315697309
89611	0.0005115925869
89612	0.0032183756
89613	0.0009921584546
89614	0.0009699126135
89615	0.003835517403
89616	0.001615946379
89617	0.0006114954212
89618	0.0009785897233
89619	0.004741238894
89620	0.002563352099
89621	0.004217147586
89622	0.001654564435
89623	0.002700219665
89624	0.003135690436
89625	0.0004136852337
89626	0.001078907873
89627	0.0007954075979
89628	0.002474116596
89629	0.003145268708
89630	0.0007410591476
89631	0.002733941614
89632	0.003822550136
89633	0.003041629351
89634	0.0005785855986
89635	0.003108732297
89636	0.003089779981
89637	0.001570751222
89638	0.001468771576
89639	0.002565424857
89640	0.002840676409
89641	0.006240075016
89642	0.0004802686551
89643	0.002132495978
89644	0.0003823638165
89645	0.001691244326
89646	0.004920600086
89647	0.001764137731
89648	0.002745897014
89649	0.0005384188885
89650	0.001319171213
89651	0.001413962497
89652	0.000222958119
89653	0.0002522615008
89654	0.001153843276
89655	0.00333945232
89656	0.00588326172
89657	0.003168146636
89658	0.003104453019
89659	0.003046570162
89660	0.003985619172
89661	0.002846448408
89662	0.00131053936
89663	0.002060750421
89664	0.006456579331
89665	0.0001785320236
89666	0.003726709115
89667	0.0007335391313
89668	0.001873405828
89669	0.002789209885
89670	0.002004036764
89671	0.006104580689
89672	0.003377034249
89673	0.003156735676
89674	0.0007283013203
89675	4.618698312e-05
89676	0.0002618152522
89677	0.0001813298456
89678	0.0005702136909
89679	0.0005570106425
89680	0.0001824977058
89681	0.0002113096703
89682	0.0003278547634
89683	0.0009450834182
89684	0.0002103336103
89685	0.0006235033852
89686	0.001480552557
89687	8.573888687e-05
89688	0.00093811621
89689	0.000317425076
89690	1.476547906e-06
89691	0.0006332398316
89692	0.001154968158
89693	0.001184413299
89694	0.001026560029
89695	0.002564865633
89696	0.002328176838
89697	0.0004980171383
89698	0.001590965661
89699	0.001606620194
89700	0.001890912043
89701	0.0003791268152
89702	0.001063894956
89703	0.0006502683692
89704	0.0008234210029
89705	0.00246798175
89706	0.0004538410102
89707	0.002839864757
89708	0.0006776817077
89709	0.0004783059825
89710	0.002000220347
89711	0.0007688531696
89712	0.002433732483
89713	0.0008103425385
89714	0.001455211066
89715	0.0007922969024
89716	0.0009676696442
89717	0.000276447429
89718	0.0009576103228
89719	0.001701419773
89720	0.001000831226
89721	0.0004033532765
89722	0.00114664085
89723	0.0003967628446
89724	0.001140725822
89725	0.002311262945
89726	1.722535413e-05
89727	0.0006481897536
89728	0.0001400954031
89729	0.0001959112731
89730	0.0005803885981
89731	0.003958206378
89732	0.0008079163689
89733	0.0005585049732
89734	0.002032499096
89735	0.00215376053
89736	0.0003114886874
89737	0.0002473242773
89738	0.001000893423
89739	0.001959601495
89740	0.001809083252
89741	0.002008462396
89742	2.960733509e-05
89743	0.001059808442
89744	4.860609465e-05
89745	0.001704561362
89746	0.0007101075384
89747	0.00650132175
89748	0.002305780613
89749	0.003821504081
89750	0.003207272701
89751	0.001473675146
89752	0.001733467594
89753	0.001103945115
89754	0.001395963268
89755	0.001613104064
89756	0.008384886544
89757	0.0001213817423
89758	0.00281945686
89759	0.002425950947
89760	5.785419807e-05
89761	0.007163718258
89762	0.005111179511
89763	0.0010593281
89764	0.004591750157
89765	0.0001847754357
89766	0.0003296025725
89767	0.007800149138
89768	0.001260111356
89769	0.001573554826
89770	0.002839242044
89771	0.003622982553
89772	0.001759440981
89773	0.0002705964302
89774	0.002096090935
89775	0.003123287004
89776	0.004747999391
89777	0.002481195236
89778	0.0004775711084
89779	0.003771596579
89780	0.0003008584147
89781	0.003792668014
89782	0.000348315916
89783	0.0003612672767
89784	0.002371600593
89785	0.0009534557414
89786	0.006456862403
89787	0.002573822807
89788	0.001656293603
89789	0.000272581538
89790	0.0007796083946
89791	0.002592289159
89792	0.002657462514
89793	0.00157905764
89794	0.001452933007
89795	0.003465276944
89796	1.392014508e-05
89797	0.001621555255
89798	0.001626730676
89799	0.001562736134
89800	0.0006971719608
89801	0.006405510451
89802	0.007021693728
89803	0.003238143142
89804	0.0003819139652
89805	0.003323755209
89806	0.002145633135
89807	0.001578873048
89808	0.003805533732
89809	0.003169268714
89810	8.926683985e-05
89811	0.00179212058
89812	0.00182532371
89813	0.004736218596
89814	0.000966504333
89815	0.001992448329
89816	0.001384441056
89817	0.0003402697193
89818	0.00364081833
89819	0.004494948232
89820	0.00300329634
89821	0.00140555496
89822	0.001582386287
89823	0.001020621763
89824	0.0005764849715
89825	0.00607412568
89826	0.001255907601
89827	0.004343459378
89828	0.001507300321
89829	0.000132543373
89830	0.00233914714
89831	0.0009017057301
89832	0.0009245971576
89833	0.00158547587
89834	0.003311103061
89835	0.008985185978
89836	0.001082421466
89837	0.001917175865
89838	0.001092063272
89839	0.00268898799
89840	0.0003774231348
89841	0.004870311256
89842	0.00158194684
89843	0.001402560728
89844	7.915297338e-06
89845	0.0008174853331
89846	0.0009544522
89847	0.001277218944
89848	0.004651352812
89849	0.006169135611
89850	0.00185699215
89851	0.001853679426
89852	0.0007474492716
89853	0.002976871095
89854	0.004847977709
89855	0.002749284734
89856	0.001790923411
89857	0.003275765396
89858	0.0006564597831
89859	0.003207375895
89860	6.97807459e-05
89861	0.0001319849354
89862	0.003675961511
89863	2.708476913e-06
89864	0.003779959111
89865	0.001904017185
89866	0.002044990721
89867	0.003766501669
89868	0.004718225819
89869	0.00262543737
89870	0.001862663551
89871	0.002598243577
89872	0.001963178877
89873	0.004577813214
89874	0.002064497794
89875	0.006762055758
89876	0.00223118558
89877	0.004846998334
89878	0.0009173256994
89879	0.001741624784
89880	0.006698026962
89881	0.001900146145
89882	0.001430180256
89883	0.0002309667992
89884	0.0036725043
89885	0.003133397086
89886	0.0007065872083
89887	4.524816087e-05
89888	0.003573974806
89889	0.0007566100399
89890	0.004951513805
89891	0.0003210259856
89892	0.0004387435667
89893	0.001860017632
89894	0.001328030298
89895	0.0005896951384
89896	0.001985754861
89897	0.003520526161
89898	0.002826343264
89899	0.002562830061
89900	0.001333511589
89901	0.001912493192
89902	0.001964171356
89903	0.004313978625
89904	0.008589909503
89905	0.006175097809
89906	0.002100081633
89907	0.002776045629
89908	0.0001806464017
89909	0.001093879407
89910	0.005881152091
89911	0.00454974353
89912	0.003694069894
89913	0.003654627675
89914	8.985471593e-05
89915	0.001090010075
89916	0.0008186042767
89917	0.001367565599
89918	0.00151936312
89919	0.001835924844
89920	0.002467661959
89921	0.0007269812745
89922	0.006423626986
89923	0.000858563262
89924	0.001461197122
89925	0.001468790734
89926	0.00295863354
89927	0.00162329794
89928	8.650173336e-05
89929	0.005791425731
89930	0.0002876445536
89931	0.002458152645
89932	0.0007739310918
89933	0.002628455811
89934	0.001200943878
89935	0.0002591463081
89936	0.006309098162
89937	0.001334631261
89938	0.007705359877
89939	0.003302912948
89940	2.73838267e-05
89941	0.006863375815
89942	0.00189359798
89943	0.001784948231
89944	0.006214273364
89945	0.0006261166914
89946	0.004832324493
89947	0.0001470238342
89948	0.001062218876
89949	0.001411616313
89950	0.002382645557
89951	5.933360142e-06
89952	0.003995935032
89953	0.0001640038945
89954	0.001531938393
89955	0.003037268261
89956	0.00300436007
89957	0.002031898048
89958	0.0005780122858
89959	0.001498703422
89960	0.00137299096
89961	0.0002130646788
89962	0.0003678788692
89963	0.0004885964253
89964	9.452730171e-05
89965	0.0001720193928
89966	0.0009115763991
89967	0.002040334581
89968	0.0003697310035
89969	0.002263147388
89970	0.00113397299
89971	0.004212442804
89972	0.002184128177
89973	0.0004157785259
89974	0.004334796886
89975	0.0004092018194
89976	0.002202217221
89977	0.00833361415
89978	0.001946079405
89979	0.0005707444449
89980	0.002147318182
89981	0.004622770743
89982	0.0003878127187
89983	0.00084457798
89984	0.0007898710612
89985	0.00217342928
89986	0.0002250764723
89987	0.001026065112
89988	0.0004113385348
89989	0.0007235705879
89990	0.001780736618
89991	0.0001419142353
89992	0.001933628043
89993	0.0009480529382
89994	0.001671038255
89995	0.00281361746
89996	0.0004214060815
89997	0.0003425794903
89998	0.0001078352169
89999	0.0007579757809
90000	0.0004423880915
90001	0.0007217187137
90002	0.0002099318993
90003	0.0001357889861
90004	0.001066607467
90005	0.0003016083559
90006	5.708581545e-05
90007	0.0006522739474
90008	0.001820493382
90009	1.463514707e-05
90010	0.0004006594903
90011	0.0003047249261
90012	0.002723166759
90013	0.001284397641
90014	0.0001268512272
90015	0.001393366007
90016	6.759976407e-06
90017	0.001915393694
90018	0.002200828291
90019	0.0002196746618
90020	0.004297952539
90021	0.003639776943
90022	0.00399019961
90023	0.0001712518414
90024	0.001797943318
90025	0.002705951945
90026	0.001388697859
90027	0.001239251491
90028	0.002197717421
90029	0.002537078252
90030	0.002088376593
90031	0.0002955521955
90032	0.001536965986
90033	0.004813011102
90034	1.59642401e-07
90035	0.0006447463188
90036	0.004291691855
90037	0.0003477266587
90038	0.001083314877
90039	0.002257066779
90040	3.319596325e-05
90041	0.003033830212
90042	0.004127103325
90043	0.001762932094
90044	0.001059920584
90045	0.0008229839997
90046	0.0006340318193
90047	0.000431824157
90048	0.001138792908
90049	0.0001699159615
90050	0.001333044146
90051	0.001549827371
90052	0.00284863871
90053	0.001411776499
90054	0.003908053766
90055	0.003064884874
90056	0.001219264234
90057	0.0003858301358
90058	0.0009123883871
90059	0.002557445853
90060	0.001417246204
90061	0.0004427143196
90062	0.0007362386927
90063	5.584275288e-05
90064	0.001856583734
90065	0.004256348329
90066	0.007278866185
90067	0.002425021171
90068	0.002638374616
90069	0.0007777366245
90070	0.0001465582879
90071	0.001054013749
90072	0.0006514917758
90073	0.002081199227
90074	0.003485941663
90075	0.00224903903
90076	0.000519550047
90077	0.003723338719
90078	8.244141656e-05
90079	0.001212553155
90080	0.001228316199
90081	0.002393178093
90082	0.005102636368
90083	0.002122992926
90084	0.0002176906383
90085	0.0005805354228
90086	0.003007624755
90087	0.00105584079
90088	0.003229505779
90089	0.001555765469
90090	0.003410772158
90091	0.002235421324
90092	0.000245765011
90093	0.006315436675
90094	3.773773016e-05
90095	0.007722500383
90096	0.0008012115487
90097	0.001511853917
90098	0.0001371141531
90099	0.001052126854
90100	0.0002654947844
90101	0.001695761118
90102	0.002437715693
90103	0.0007337547204
90104	0.004416054102
90105	0.0007266636919
90106	0.0004194434355
90107	0.0001173343846
90108	0.001002813243
90109	0.00331204907
90110	0.001194731875
90111	0.002991175358
90112	0.002412657838
90113	0.002861666066
90114	0.001562899164
90115	0.0006813725296
90116	0.003638939287
90117	0.001904288024
90118	0.002152083597
90119	0.0007091147972
90120	0.001145518238
90121	0.001541146673
90122	0.001430501498
90123	0.008676806156
90124	0.0002980818415
90125	0.001585460931
90126	0.0005004762704
90127	0.002970104922
90128	0.001019342796
90129	0.004192751414
90130	0.001171158906
90131	0.001163902808
90132	0.004994366827
90133	0.0003442927318
90134	0.002755688093
90135	0.0001644684282
90136	0.001526214899
90137	0.0006622395502
90138	0.0001802671947
90139	0.0006852352977
90140	0.002319655867
90141	0.000282771573
90142	0.00111835927
90143	0.004314406108
90144	0.002161465285
90145	0.002600259686
90146	0.006325628816
90147	0.001881695389
90148	7.144531849e-06
90149	0.008188814244
90150	0.0002684947987
90151	0.001716826735
90152	0.002269798368
90153	0.005805696568
90154	5.294063303e-05
90155	0.001191510882
90156	0.001369677481
90157	0.000773903327
90158	0.001617848544
90159	0.0008122727904
90160	0.0006626214289
90161	0.0008560471727
90162	0.001507225118
90163	0.0005249482401
90164	0.0008290620966
90165	0.005995608377
90166	0.002692059791
90167	0.001171652537
90168	0.006210800087
90169	0.0009034483251
90170	0.002791390235
90171	0.002063903457
90172	0.001628987502
90173	0.003790139172
90174	0.001264047231
90175	0.0008686237883
90176	0.0001655416498
90177	0.001222461423
90178	0.0004397994814
90179	0.0001726049256
90180	0.002857443314
90181	0.0005365295334
90182	0.000562363433
90183	0.002675492845
90184	0.004112518541
90185	0.001613941957
90186	0.007159123543
90187	0.003495171862
90188	0.0006435126831
90189	0.005239855627
90190	0.0001885243484
90191	0.00412216047
90192	0.0003161588101
90193	0.0007153632479
90194	0.004395490458
90195	0.0030674979
90196	0.002667066064
90197	0.002723306757
90198	0.0008510429257
90199	0.005097773648
90200	0.003669428603
90201	0.001926088398
90202	0.004139456649
90203	0.0001759467155
90204	8.245392366e-05
90205	0.001343237777
90206	0.0007426270099
90207	0.002146651575
90208	0.00389696336
90209	0.002178922053
90210	0.001428620017
90211	0.00417791971
90212	0.001291506523
90213	0.001879795272
90214	0.001594512888
90215	0.007529553857
90216	0.002235088675
90217	0.0007505429373
90218	0.005725272847
90219	0.0007876047077
90220	0.00386365071
90221	0.001804528651
90222	0.001228551516
90223	0.0002544796727
90224	0.001149957509
90225	0.003207978715
90226	0.002879839366
90227	0.001990304528
90228	0.001466686024
90229	0.002997670938
90230	0.0007827994745
90231	0.001939622443
90232	0.002128530381
90233	0.005839576438
90234	0.00328089897
90235	0.001896103401
90236	0.004521722349
90237	0.003567825188
90238	0.00498016786
90239	0.003326052912
90240	0.001655226498
90241	0.003443571301
90242	0.0004786074317
90243	0.001001852713
90244	0.0005772842509
90245	0.001405484901
90246	0.001159793541
90247	0.003515613219
90248	0.006521057375
90249	0.001560074297
90250	0.00261320309
90251	0.0008946005077
90252	7.228216877e-05
90253	0.006800962931
90254	0.004074620231
90255	0.002466612389
90256	0.0006722913971
90257	0.001667090191
90258	0.001372916796
90259	0.003001409103
90260	0.001092992055
90261	3.313773037e-06
90262	0.002381221344
90263	0.001262473455
90264	0.003411560752
90265	0.0001108727973
90266	0.002215920454
90267	0.002151289734
90268	0.001064445567
90269	0.0002619219905
90270	0.002357512382
90271	0.005894163536
90272	0.001545591362
90273	0.002156604279
90274	0.002893501331
90275	0.002437417315
90276	0.001937025086
90277	0.001909376805
90278	0.002175295566
90279	0.001706880929
90280	0.006161575357
90281	0.005207551572
90282	0.0003396128765
90283	0.002188286614
90284	0.001129722003
90285	0.006338688531
90286	0.001617588823
90287	0.000977628584
90288	0.001863713613
90289	0.001368423368
90290	0.001100838483
90291	0.0007899041507
90292	9.976538424e-05
90293	0.001041125758
90294	0.0005030926519
90295	0.001660367732
90296	0.003520626836
90297	0.002261740697
90298	0
90299	0.0005611115163
90300	0.006488477873
90301	0.00457746677
90302	0.0008665481565
90303	0.0008016483323
90304	0.001115130613
90305	0.00889797081
90306	0.0007913439446
90307	0.001503559459
90308	0.001321421903
90309	0.0001806113627
90310	0.004240296935
90311	0.00400860128
90312	0.004588308618
90313	0.008681993756
90314	0.003113211315
90315	0.001569433174
90316	0.0003160777604
90317	0.001282050425
90318	0.000477479598
90319	0.0009852971151
90320	0.00298937412
90321	0.006821777112
90322	0.00035706736
90323	0.001850303715
90324	0.0002006817639
90325	0.002142472884
90326	0.001869544967
90327	0.001948928289
90328	0.003481302289
90329	0.0005498921786
90330	0.0008519377624
90331	0.01088810427
90332	0.00370069744
90333	0.002564029059
90334	0.003617095671
90335	0.007126724458
90336	0.001579853836
90337	0.0002978248952
90338	0
90339	0.001056724514
90340	0.002508030849
90341	0.0004788263491
90342	0.0003173909494
90343	0.001141037736
90344	0.001222812927
90345	0.003075181385
90346	0.001394055018
90347	0.004034740184
90348	0.00199260453
90349	0.003980551303
90350	0.006159646667
90351	0.003416399639
90352	0.002246764409
90353	0.0004867721361
90354	0.005314030254
90355	0.002047360017
90356	0.004419802582
90357	0.005827623189
90358	0.001609252235
90359	0.002694100648
90360	0.00325807344
90361	0.0006954385019
90362	0.001849598303
90363	0.001711534925
90364	0.002917521987
90365	0.003858536795
90366	0.001181584849
90367	0.000732164536
90368	0.001023816506
90369	0.001692338265
90370	0.002514077517
90371	0.001666794773
90372	0.001466305833
90373	0.002122600811
90374	0.001378376606
90375	0.0009640998918
90376	0.000379688307
90377	0.0006948162333
90378	0.004985219511
90379	0.006820447012
90380	0.002494816341
90381	0.0005904404667
90382	0.00227997238
90383	0.003901270182
90384	0.003106221892
90385	3.626139964e-05
90386	6.179247672e-05
90387	0.001465624824
90388	0.0029296293
90389	0.003676840944
90390	0.002661133683
90391	0.002390642684
90392	0.0001978946178
90393	0.0005660687897
90394	0.003649011579
90395	0.001460780246
90396	0.001027667541
90397	0.0004951912673
90398	0.00100641784
90399	0.001571807226
90400	0.0004599237638
90401	0.0007819805562
90402	0.002387165266
90403	0.0009601645512
90404	0.001212371492
90405	0.004001707395
90406	0.0007429144265
90407	0.006858769369
90408	0.006382924261
90409	0.002232048137
90410	0.001409910813
90411	0.001252119053
90412	1.378317263e-05
90413	0.0002096574113
90414	0.002842093677
90415	0.004163616188
90416	0.002507911599
90417	0.00303157434
90418	0.000411057415
90419	0.0008485557641
90420	0.0008427570065
90421	0.0004254605301
90422	0.002421739396
90423	0.000157884492
90424	0.0007019920895
90425	0.002947938164
90426	0.001467600639
90427	0.001335177054
90428	0.0005035714321
90429	0.001690371625
90430	0.00280989019
90431	0.003598412606
90432	0.0002745808209
90433	1.397937758e-05
90434	0.003528161917
90435	0.001567936078
90436	0.003204398269
90437	0.00322842261
90438	0.0004661893414
90439	0.001931242538
90440	0.0007609233831
90441	0.002091830749
90442	0.001181636897
90443	0.0003857406233
90444	0.0006779982132
90445	0.001420852162
90446	5.18172557e-05
90447	0.0001386025233
90448	0.003227326271
90449	0.0004034058845
90450	0.0007604377467
90451	0.005449789962
90452	0.0009415196525
90453	0.000611859601
90454	0.004680780867
90455	0.009602922871
90456	0.002670503713
90457	0.001041713052
90458	0.00448035999
90459	0.0002777224676
90460	0.007989168629
90461	0.001397502904
90462	0.001991459987
90463	0.00122034586
90464	0.0005703537028
90465	0.0002620902894
90466	0.0001871535204
90467	0.000796769969
90468	0.00169868601
90469	0.0009618478692
90470	0.005807267758
90471	0.0007669103334
90472	0.006757846958
90473	0.003543925478
90474	0.003991385496
90475	0.0002634588811
90476	0.00279992432
90477	0.004498494883
90478	0.003551034125
90479	0.007378840732
90480	2.888571923e-05
90481	0.005708714065
90482	0.002978715499
90483	0.003564783607
90484	0.004213289334
90485	0.001932204613
90486	0.0007669539186
90487	0.0003047929802
90488	0.003107025385
90489	0.003393633213
90490	0.0002497801073
90491	0.0005672994037
90492	0.0001045029117
90493	0.0006860896553
90494	0.003400378524
90495	0.002335310744
90496	0.001040725485
90497	0.003960196975
90498	0.001771965733
90499	0.002630966454
90500	0.0003079763843
90501	0.00420143617
90502	0.003859594414
90503	0.0007865190131
90504	0.003707696465
90505	0.002599631771
90506	0.002417254043
90507	0.001570857375
90508	0.0002292341814
90509	0.001111516133
90510	0.006061523091
90511	0.003615480452
90512	0.002179979756
90513	0.002874911265
90514	0.0005230962923
90515	0.003591962904
90516	0.004248956821
90517	0.002810392509
90518	0.001302808635
90519	0.002738927326
90520	0.001145505251
90521	0.001869405516
90522	0.0005485939351
90523	0.00186750574
90524	0.0002949970142
90525	0.0004144394807
90526	0.003006004273
90527	0.001740065146
90528	0.002746895068
90529	0.0007416612076
90530	0.002449689788
90531	0.001396270595
90532	0.0009982490517
90533	0.001468212807
90534	0.000810401353
90535	8.952449744e-05
90536	0.007195794372
90537	0.003302504332
90538	0.004478984173
90539	0.000826584858
90540	0.0001230104989
90541	0.0001125690802
90542	0.0001378752518
90543	0.002993333563
90544	0.0008589985503
90545	0.0002971801266
90546	0.001337048391
90547	0.00731588942
90548	0.0003848782665
90549	0.0007700400123
90550	0.002237048516
90551	0.001439261117
90552	0.0022965578
90553	9.123130538e-05
90554	0.0004089975866
90555	0.0001331277553
90556	0.0003161945756
90557	0.0008671657296
90558	0.002143302867
90559	0.0006491090047
90560	0.002502567717
90561	0.0004112769682
90562	0.001444652878
90563	0.0008186376121
90564	7.395142478e-05
90565	0.0007476372087
90566	0.0005505575369
90567	3.064815652e-05
90568	0.003750657922
90569	0.000246717603
90570	0.0001346092756
90571	0.003839679376
90572	0.001563172635
90573	7.554707376e-05
90574	0.0002002944797
90575	0.0009511310291
90576	5.092064417e-06
90577	0.0001075302353
90578	0.008534880588
90579	0.003522742488
90580	0.006553752585
90581	0.006521541812
90582	0.0002976478493
90583	0.0002003583262
90584	0.002407570868
90585	0.0006584936959
90586	2.08183095e-05
90587	0.001548476846
90588	0.001182975475
90589	0.001011509036
90590	0.0003073590223
90591	0.001402026971
90592	0.0003136345434
90593	0.0009585737663
90594	0.003211604484
90595	8.035486062e-05
90596	0.002477709722
90597	0.0002353322716
90598	0.0004789276059
90599	0.001929931716
90600	0.003599141981
90601	0.002280165032
90602	0.005838061129
90603	0.004077837845
90604	0.006744271521
90605	0.00223984424
90606	0.002584603353
90607	0.001393697417
90608	0.001290660773
90609	0.004069515577
90610	0.003201873091
90611	0.001003555844
90612	0.0003975042461
90613	0.004269314036
90614	0.003074170083
90615	0.003001951224
90616	0.002060321167
90617	0.001060207599
90618	0.00179646941
90619	0.005631278217
90620	0.006207693532
90621	0.004432612315
90622	0.004082688152
90623	9.719180918e-05
90624	0.001889715219
90625	0.00325477366
90626	0.002491296462
90627	0.001363790553
90628	0.001350550116
90629	0.004739429439
90630	0.0001103858422
90631	0.0003034417332
90632	0.0008679665206
90633	0.0007680535758
90634	0.0002541720029
90635	0.000335558586
90636	0.004260865939
90637	0.002762073655
90638	0.003296938536
90639	0.004120084579
90640	0.0008131108933
90641	0.004230578167
90642	0.003489764869
90643	0.00612947095
90644	0.001062718178
90645	0.0002109079248
90646	0.003666120986
90647	0.00171762802
90648	0.004675403011
90649	0.0028045151
90650	0.002592993275
90651	0.001460897561
90652	0.002372994463
90653	0.001992496604
90654	0.001644910782
90655	0.001673753719
90656	0.0006453871029
90657	0.003476673548
90658	0.000976112223
90659	0.001101770231
90660	0.001960452436
90661	0.003893963324
90662	0.0005669242091
90663	0.002299758883
90664	0.004748903116
90665	0.002986101319
90666	0.001955529821
90667	0.0009728373712
90668	0.00109693861
90669	0.0008308024133
90670	0.0005675249812
90671	0.0009040148542
90672	0.005353373297
90673	0.001075528386
90674	0.001472458265
90675	0.0002341070899
90676	0.00244950712
90677	0.001153151429
90678	0.0007158020802
90679	0.001852255939
90680	0.004150185701
90681	0.0005106301589
90682	0.0005975236369
90683	0.001049275385
90684	0.000209047963
90685	0.001250263628
90686	0.001045167177
90687	0.003495078855
90688	0.002213804841
90689	0.001649647342
90690	0.0005159385015
90691	0.0006096374355
90692	0.002723436166
90693	0.00046677342
90694	0.002515311076
90695	0.0005339521259
90696	0.0001090377058
90697	0.005470986598
90698	0.0009445533592
90699	0.001417562823
90700	0.002785343527
90701	0.0005039542952
90702	0.0001748184439
90703	0.001983125956
90704	0.001502165343
90705	0.001586951044
90706	0.002298279032
90707	0.0006749186527
90708	0.01115233552
90709	0.0001696668983
90710	0.004948999761
90711	0.001102175809
90712	0.0100112172
90713	0.0003822935057
90714	0.0001337415603
90715	0.001996461585
90716	0.009812511797
90717	0.002749992519
90718	0.006628441876
90719	0.001727387187
90720	0.0009931556622
90721	0.0001571098765
90722	0.001436200956
90723	0.001717129073
90724	0.004130213451
90725	0.003021160023
90726	0.001019327464
90727	0.001840094945
90728	0.00253618368
90729	0.002230430626
90730	0.0008596291237
90731	0.001319993072
90732	0.002868476915
90733	0.003371489519
90734	0.002097682842
90735	0.00212929101
90736	0.003112084894
90737	0.00466506498
90738	0.001721147677
90739	0.008954448527
90740	0.003764496225
90741	0.00469004766
90742	0.0005676525634
90743	0.0004854134725
90744	0.002376753108
90745	0.0004795817886
90746	0.0009432488254
90747	0.00376269849
90748	0.002724782876
90749	0.001212346442
90750	0.0003776539829
90751	0.007243946319
90752	0.0002807939424
90753	0.003310142937
90754	0.002943479931
90755	0.0004095471747
90756	0.0009517246397
90757	0.0009134060893
90758	0.003477373518
90759	0.004863646221
90760	0.0001342092161
90761	0.002015222029
90762	6.379668974e-05
90763	0.005967432774
90764	0.003202939262
90765	0.0006387928034
90766	0.0004456838623
90767	0.0014224917
90768	0.002149180692
90769	0.001295468819
90770	0.0006767437848
90771	4.403743471e-05
90772	0.001410202475
90773	2.380227214e-05
90774	1.013296069e-05
90775	0.0003739165834
90776	0.0002025589399
90777	0.0009531169926
90778	0.008806944171
90779	0.00039316052
90780	0.003356721262
90781	0.0006739630603
90782	0.002091616009
90783	0.003185454362
90784	0.003417147988
90785	0.006306373987
90786	0.002932710163
90787	0.002244827354
90788	0.003085806008
90789	0.003663148675
90790	0.0004329578487
90791	0.001323202938
90792	0.0003484009961
90793	0.0003153262813
90794	0.003419365916
90795	6.856880623e-05
90796	0.002586016472
90797	0.002335088153
90798	0.002247444453
90799	0.0007967228377
90800	0.003156230039
90801	0.0005969432218
90802	0.003578796048
90803	0.001428120313
90804	0.001467252328
90805	0.0001616341588
90806	0.0004613129199
90807	0.005470592153
90808	0.001048795773
90809	0.000430851124
90810	0.006322162459
90811	0.0003816036669
90812	0.002315261196
90813	1.517682838e-05
90814	0.0007079236582
90815	0.00022767809
90816	0.004227680426
90817	0.0005562113727
90818	0.007174932744
90819	0.005803891746
90820	0
90821	0.001750358788
90822	0.00211593322
90823	0.0009045576438
90824	0.001344057711
90825	0.003907902504
90826	0.001366723642
90827	0.002289360293
90828	0.001504714514
90829	0.001416089852
90830	0.002224151675
90831	0.002364110996
90832	0.00274463178
90833	0.0006123324202
90834	0.002053689279
90835	0.0007238936032
90836	0.0008203109738
90837	0.000149671448
90838	0.004026092647
90839	0.0007519128394
90840	0.004031261558
90841	0.003209878488
90842	9.0411462e-05
90843	0.001235109779
90844	0.002771016062
90845	0.004143568797
90846	0.0002533627041
90847	9.74709236e-05
90848	0.000280132259
90849	0.003514095108
90850	0.0007901522854
90851	0.002652794576
90852	0.003108958138
90853	0.0005983723579
90854	0.001548991971
90855	0.003188124131
90856	0.001512280036
90857	0.001010357059
90858	0.0002230715095
90859	0.001801048636
90860	0.002485028198
90861	0.003709274922
90862	0.003913559489
90863	0.001759342604
90864	0.001762372564
90865	0.002733520846
90866	0.002969699785
90867	0.00103288593
90868	0.00188514518
90869	0.004597453548
90870	0.0005064183264
90871	0.005009429769
90872	0.00220585664
90873	0.002143388973
90874	0.001537567489
90875	0.0004137052124
90876	0.001742784133
90877	0.000471971818
90878	0.004943198681
90879	0.00231811425
90880	0.0007677183362
90881	0.0006585124108
90882	0.0006774648503
90883	8.891165323e-06
90884	0.0003593591548
90885	0.001797808062
90886	0.0003478208933
90887	0.001022972536
90888	0.0002076929342
90889	0.0009918555053
90890	5.547297611e-05
90891	0.002074391546
90892	0.001799634068
90893	0.005289440666
90894	0.002279217684
90895	0.005310078106
90896	0.0006542088764
90897	0.000760642151
90898	0.000138939585
90899	0.0009644241439
90900	2.006249544e-05
90901	8.17697709e-05
90902	0.003008590024
90903	0.002421755449
90904	0.002134548464
90905	0.0006246902003
90906	0.003798406603
90907	0.001366975076
90908	0.001199077925
90909	0.007783353049
90910	0.0004846702038
90911	0.0008293788714
90912	0.0009524659204
90913	0.001988725927
90914	0.002233157963
90915	0.001456066949
90916	0.0009969814604
90917	0.001039170054
90918	0.004991644092
90919	0.001271704179
90920	0.00204054118
90921	0.001787160958
90922	0.00155513709
90923	0.003216211536
90924	0.004342009286
90925	0.0002110833885
90926	0.0004655165932
90927	0.0001727879564
90928	0.003089914183
90929	0.000237135894
90930	0.002317241411
90931	0.0002114670078
90932	0.001007346892
90933	0.0003205655557
90934	0.0003155973198
90935	2.456036939e-08
90936	7.807147073e-06
90937	0.0008464332319
90938	0.0004379104351
90939	0.00126550836
90940	0.0004186433068
90941	0.002726439959
90942	0.000403937969
90943	0.005222490182
90944	0.001502623023
90945	0.0001582315434
90946	0.0008794368748
90947	0.001458556253
90948	0.002579946927
90949	0.003091063418
90950	0.002744753404
90951	0.000716682891
90952	0.004774422626
90953	0.0002481171125
90954	0.00132180786
90955	0.005459834927
90956	0.0006268366453
90957	0.001653816338
90958	0.000576870894
90959	0.00350005764
90960	0.003008071056
90961	0.0006900821359
90962	0.001961442265
90963	0.00383003642
90964	0.001720366009
90965	0.00135682781
90966	0.002559766401
90967	0.002748491875
90968	0.001942628859
90969	0.0006538275371
90970	0.001643544682
90971	0.0008376458785
90972	0.0004094028972
90973	0.0002470670299
90974	0.001469352192
90975	0.0003751620171
90976	0.001212182338
90977	0.002065438608
90978	0.001058372814
90979	9.640044107e-05
90980	0.00180487836
90981	0.001449570408
90982	0.006291577291
90983	0.0004376066552
90984	0.002885498556
90985	0.004657224971
90986	0.0002775044117
90987	0.002313048329
90988	0.001110808684
90989	0.001669312476
90990	0.00100840945
90991	0.00435662143
90992	0.003503916063
90993	0.0002279087653
90994	0.0006030422815
90995	0.00198930108
90996	0.0008917011394
90997	0.002224265221
90998	0.001333769188
90999	0.001221866271
91000	0.001691564157
91001	0.001769012102
91002	0.00312688878
91003	0.001112820347
91004	0.003293841897
91005	0.0007635859896
91006	9.938565129e-05
91007	0.0003127648749
91008	0.0004314652607
91009	0.0007855862369
91010	0.0003456683348
91011	0.00559070764
91012	0.0004824198539
91013	0.0004757031628
91014	0.000253585398
91015	0.003150403061
91016	0.002238288204
91017	0.001180485129
91018	0.0002315562417
91019	0.004928169309
91020	0.001217809449
91021	0.001596446601
91022	0.0005605835819
91023	0.00144565697
91024	0.0002376597789
91025	0.001293081647
91026	0.001546094752
91027	0.005619656316
91028	0.004098931616
91029	1.74454623e-05
91030	0.0008839417944
91031	0.001652166836
91032	0.003591375095
91033	0.002975678553
91034	0.0004981281775
91035	0.0005232562013
91036	0.0005735767189
91037	0.005087963159
91038	0.004253222681
91039	0.003301520909
91040	0.001934100126
91041	0.001581726476
91042	0.001336757214
91043	0.003611258155
91044	0.002973652957
91045	0.001674996966
91046	0.00118509223
91047	0.001308782512
91048	0.0004184350783
91049	0.0002742725492
91050	0.0004130734905
91051	0.004108468592
91052	6.823569648e-05
91053	0.0035462463
91054	0.001360234104
91055	3.97426816e-06
91056	0.0001334412039
91057	0.0006335191604
91058	0.01165670369
91059	0.002366674592
91060	0.0006707503603
91061	0.002429727395
91062	0.0006247158083
91063	0.000690459477
91064	0.004059923419
91065	0.006343421448
91066	0.003949889494
91067	0.001437777527
91068	0.001590587287
91069	0.002443376455
91070	0.002123536358
91071	0.001072871905
91072	0.002467226936
91073	0.00111851511
91074	8.598154677e-06
91075	0.0008815810379
91076	0.0021726505
91077	0.0005709856326
91078	0.004604753147
91079	0.005156754678
91080	0.002490565706
91081	0.001003568777
91082	0.000221469234
91083	0.002659175458
91084	7.163441073e-09
91085	0.0006361802543
91086	1.679271266e-05
91087	0.001326818631
91088	0.0034336273
91089	0.0007334956515
91090	0.001051316545
91091	0.003406383861
91092	0.001225693263
91093	0.0003225968366
91094	0.0001878802615
91095	0.0001784145726
91096	0.0005309997261
91097	0.001901751122
91098	0.001027719316
91099	0.001453126008
91100	0.005614349032
91101	0.003815374192
91102	0.00154527318
91103	0.002036901902
91104	0.00128841925
91105	0.003098463698
91106	0.0001680950224
91107	0.004633952103
91108	0.0001505536966
91109	0.003180131806
91110	0.001659017421
91111	1.570276442e-05
91112	0.0003870952682
91113	0.007426515869
91114	0.006648293441
91115	0.003705511885
91116	0.007870700607
91117	0.003045275149
91118	0.001634714952
91119	0.005323455489
91120	0.004248687593
91121	0.001472587677
91122	0.001694395995
91123	0.001067106194
91124	0.005184728295
91125	0.0005110990645
91126	0.002470040265
91127	0.003026474667
91128	0.0006376541908
91129	0.008267394619
91130	0.007076107815
91131	0.001098121331
91132	0.007028277832
91133	0.003026631277
91134	0.005605121167
91135	0.00140722342
91136	0.00344620781
91137	0.002069275707
91138	0.004089250226
91139	0.009138862523
91140	0.001898266396
91141	0.001791275846
91142	0.0005962721255
91143	0.00164553028
91144	0.0001057032328
91145	0.0007525303143
91146	0.0005154448058
91147	0.001240747889
91148	0.0008705622812
91149	0.0003879071649
91150	0.001216864588
91151	0.0001503361912
91152	0.001095953942
91153	0.0006228876666
91154	0.0001977622925
91155	0.0002466803016
91156	0.000462133419
91157	0.0004423592346
91158	0.0005631567784
91159	0.0007590596623
91160	0.0008068183396
91161	0.0005739270082
91162	0.0003541659746
91163	0.0005812932818
91164	0.001047148377
91165	4.991564622e-05
91166	5.348732695e-05
91167	0.001097987361
91168	0.0002807823942
91169	0.0005163740812
91170	0.0007192297387
91171	0.0004661876667
91172	0.001483970085
91173	0.0006086518883
91174	0.001878635715
91175	0.000382116233
91176	0.0004822894974
91177	0.0007686849494
91178	0.001152176716
91179	0.0004360716789
91180	0.0004068652259
91181	0.0001494812988
91182	0.0009914060041
91183	6.447096966e-07
91184	0.0001851304085
91185	6.449468735e-05
91186	0.0005443112876
91187	0.0002794785166
91188	0.0009051031687
91189	0.0003371883728
91190	0.0002951212459
91191	8.94985216e-05
91192	0.0007586032082
91193	6.14643948e-05
91194	0.0003842734261
91195	0.001292703931
91196	0.00109571549
91197	0.0006324033109
91198	0.0003464571082
91199	0.0003433809901
91200	0.0003303053843
91201	0.0004858474093
91202	0.0001861970559
91203	5.077646209e-05
91204	0.0008039003023
91205	0.00077551456
91206	0.0004301673807
91207	0.0004332729221
91208	0.001328238427
91209	0.0002312867629
91210	0.0002695875788
91211	0.0005761850699
91212	0.000194262784
91213	0.0005724438633
91214	9.036120408e-05
91215	0.0001109829307
91216	0.0005857904315
91217	0.001002037786
91218	0.000773589874
91219	0.0004709817887
91220	0.0004328770816
91221	0.000491114463
91222	0.0002885461783
91223	0.0004252328045
91224	0.0005664982015
91225	0.0003447599208
91226	2.256546449e-05
91227	0.001063180287
91228	9.003884907e-05
91229	0.0003278413914
91230	0.0008048769097
91231	0.0001494818896
91232	0.00120400279
91233	0.0003328434566
91234	0.00114774765
91235	0.0007618667546
91236	0.0006741399907
91237	4.921432052e-06
91238	5.713269023e-05
91239	0.000207175724
91240	0.002360489463
91241	0.002617037732
91242	0.004339495148
91243	0.0002634179871
91244	0.001101917121
91245	0.001941603218
91246	0.00251711111
91247	0.003324354654
91248	0.0001874034003
91249	0.001364630117
91250	0.0002956043231
91251	0.0006338698795
91252	0.003880152637
91253	0.002155638604
91254	0.001836358426
91255	0.0007974464047
91256	0.001200075106
91257	0.0009663504388
91258	0.003239107135
91259	0.0008191991587
91260	0.0007358440416
91261	0.001255466685
91262	0.0003740587613
91263	0.00464566483
91264	0.0002776477385
91265	0.0003058401707
91266	0.0004191927064
91267	0.0002194667184
91268	0.002149485797
91269	0.001728332285
91270	0.0001949360521
91271	5.988278046e-06
91272	0.0003547960123
91273	0.001620398733
91274	0.0041835411
91275	0.0005326763921
91276	0.0003711196423
91277	0.001235662526
91278	0.0001433937483
91279	0.000193382119
91280	0.0001837766695
91281	0.00116194995
91282	0.0005283868615
91283	0.0007664503556
91284	0.00109713426
91285	0.001771936522
91286	0.001413351188
91287	0.001530610347
91288	0.00283548265
91289	0.000588170796
91290	0.001555352833
91291	3.998509162e-05
91292	0.0004008137666
91293	0.001671666928
91294	0.0009795544732
91295	0.0004539347504
91296	0.001305820351
91297	0.001215932257
91298	0.00131641903
91299	0.001246939308
91300	0.0003870410154
91301	0.0008148132092
91302	0.0002335032901
91303	6.987037132e-05
91304	0.001615561381
91305	0.0006554342162
91306	0.00501371129
91307	0.002802851862
91308	1.65666141e-05
91309	0.003221726585
91310	0.001626716447
91311	0.003858298615
91312	0.005645156123
91313	0.00765337936
91314	0.00245536192
91315	0.003647059499
91316	0.002374234816
91317	0.0007052215713
91318	0.0007599573798
91319	0.000155170183
91320	0.0006868326657
91321	0.0009188068459
91322	0.0003406985005
91323	0.000957994646
91324	0.002578051233
91325	0.005725169468
91326	0.0002944702802
91327	0.001921521872
91328	0.001035409554
91329	0.0003821135284
91330	0.002159299554
91331	0.0001476589231
91332	0.002697503275
91333	0.0002438797975
91334	0.0008292185396
91335	0.002354131344
91336	0.002571098545
91337	0.002595721758
91338	0.002410777812
91339	0.006964795985
91340	0.0003825366805
91341	0.004027399266
91342	0.000817851979
91343	0.00301011943
91344	0.001187410208
91345	0.004710720676
91346	0.001704251737
91347	0.001855419804
91348	0.0004346727661
91349	0.0001833122539
91350	0.001628505107
91351	0.0005706931927
91352	0.001081835904
91353	0.0009734767249
91354	0.001272391605
91355	0.001900374507
91356	0.0001129784183
91357	0.001125134091
91358	0.001218799647
91359	0.0001665268586
91360	0.001057881774
91361	0.0003119617448
91362	0.0004784347817
91363	0.002289461628
91364	0.0007207796876
91365	0.0001192463122
91366	0.001351867645
91367	1.004901269e-05
91368	0.0001309078534
91369	0.00354756454
91370	0.0007184089611
91371	0.001772062984
91372	0.0002107910626
91373	0.00729327162
91374	0.003533985647
91375	0.002643572978
91376	0.005355085423
91377	0.001943405793
91378	0.0004264323296
91379	0.0004328507507
91380	0.0002497187933
91381	0.0004670720748
91382	0.004436728269
91383	0.001221140713
91384	0.00199977223
91385	0.0018545151
91386	0.001162680923
91387	0.0007690310515
91388	0.001240520067
91389	0.000774711781
91390	0.00186176285
91391	0.001609173728
91392	0.0003452010193
91393	0.0002981362108
91394	0.003566831085
91395	4.671694329e-05
91396	4.604309771e-05
91397	0.0004435537143
91398	0.003251503346
91399	0.0008855245411
91400	0.0003299216991
91401	0.001336464813
91402	0.005005603099
91403	0.0005368966359
91404	0.0004397893062
91405	0.0004879107045
91406	0.0003718517374
91407	0.0001098541503
91408	0.0006183642599
91409	0.0005383935077
91410	0.002686257114
91411	0.001781574305
91412	0.0002748956266
91413	0.003012970821
91414	0.0008891621681
91415	0.003918042072
91416	0.0008769049523
91417	0.001187975713
91418	0.0004877437114
91419	0.0006335244501
91420	0.001392581454
91421	0.004309581126
91422	0.003657421739
91423	0.0005615155708
91424	9.780750442e-05
91425	0.005252157873
91426	0.002567474081
91427	0.001407924538
91428	0.0005717210388
91429	0.004578122843
91430	0.003223914328
91431	0.0004929032247
91432	0.0002317838525
91433	0.001193897688
91434	0.001805216372
91435	0.001288285063
91436	0.0002443281759
91437	0.000393539054
91438	0.0107162106
91439	0.009393655804
91440	0.0022768547
91441	0.002097802662
91442	0.000657119709
91443	2.140690533e-05
91444	0.001816962762
91445	0.001895422647
91446	0.0002920750465
91447	0.0009124235004
91448	0.005466228785
91449	0.002023697132
91450	0.004865594503
91451	0.001063108586
91452	0.002986458603
91453	0.004845995048
91454	0.0005532634949
91455	0.00259060275
91456	0.002379306445
91457	0.001933586595
91458	0.000455078811
91459	0.0007656594304
91460	0.002857403223
91461	0.001265018828
91462	0.007171971831
91463	0.004672327001
91464	0.0001384066648
91465	0.0006563787956
91466	0.002026459084
91467	0.0002353041894
91468	0.002612546791
91469	0.0006314037915
91470	0.000269746715
91471	0.0006618951107
91472	0.0008354735184
91473	0.004980638541
91474	0.004843823432
91475	0.0009135437426
91476	0.003719906215
91477	0.0005162090843
91478	0.006879611715
91479	0.001502812291
91480	0.002978887553
91481	0.0002711605433
91482	0.0009877576229
91483	0.002978512324
91484	0.0002024969164
91485	0.001762047116
91486	0.001376070738
91487	0.004933752657
91488	0.002588629183
91489	0.004134094063
91490	0.0001839994765
91491	0.0002490422187
91492	0.0007988186923
91493	0.0004612242366
91494	0.001150149926
91495	0.0023786122
91496	0.003076004478
91497	0.003673484503
91498	0.0007677496382
91499	0.002665001892
91500	0.001306991161
91501	0.004858751279
91502	0.0001316306522
91503	3.076453746e-05
91504	0.0006461946939
91505	0.001106907936
91506	0.002078490803
91507	0.0004596886447
91508	0.007133728521
91509	0.00212984003
91510	0.002463301442
91511	0.005397330574
91512	0.002940612402
91513	0.001749826838
91514	0.0004373534675
91515	0.002855066427
91516	0.001142311996
91517	0.005453511541
91518	0.0007060785847
91519	0.002163381889
91520	0.006053496192
91521	0.001232609011
91522	0.0005951605662
91523	0.0007250028461
91524	0.000179223942
91525	0.0004863445495
91526	0.0007762650858
91527	0.001328018048
91528	0.0005869903532
91529	4.600360193e-05
91530	0.002947425943
91531	0.003324551741
91532	0.002871792986
91533	0.001008527058
91534	0.004795680003
91535	0.000284306287
91536	0.001625631624
91537	0.0009718341048
91538	0.0009003860217
91539	0.003129837436
91540	3.071139569e-05
91541	0.001305366505
91542	0.0001306481029
91543	0.0001850308116
91544	0.0002689536084
91545	0.0002789668705
91546	0.0007958914916
91547	0.0006107666727
91548	0.0005768994504
91549	0.0002819567755
91550	0.0006195329771
91551	0.001407778709
91552	0.004526882883
91553	0.0002926052756
91554	0.001792582443
91555	0.0009002119571
91556	0.000938048394
91557	0.004468193486
91558	0.001985335486
91559	0.004459408022
91560	0.001235733529
91561	0.001386560368
91562	0.0008273393864
91563	0.0002565861182
91564	0.0006317686955
91565	0.006072022139
91566	0.0002258017174
91567	0.003670626685
91568	0.002412383431
91569	0.003838682391
91570	0.007293341303
91571	0.006448986914
91572	0.004210981652
91573	0.003099732057
91574	0.003358823772
91575	0.004781502452
91576	0.002126147899
91577	0.0005084882798
91578	0.00586648609
91579	0.0009368854091
91580	0.002259318927
91581	0.0003895281542
91582	0.00051632034
91583	0.0006578528296
91584	0.0007306206805
91585	0.0009289398773
91586	0.004131513055
91587	0.0007071739919
91588	0.001082785023
91589	0.001440582896
91590	0.002865888276
91591	0.00040958314
91592	0.00303229169
91593	0.001510618621
91594	0.0006635658409
91595	0.0004531558323
91596	0.0002681617641
91597	0.0001775218843
91598	0.0004860515849
91599	2.503652465e-05
91600	0.0004964257926
91601	0.004213607725
91602	0.001389715848
91603	0.003942288244
91604	0.001644292464
91605	0.0007070105511
91606	0.001280821975
91607	0.0003490171979
91608	0.002003712192
91609	0.004603687458
91610	0.003783240098
91611	0.001510441687
91612	0.0001072534729
91613	0.0006537210968
91614	0.0003517725493
91615	0.000210782859
91616	0.0006752998026
91617	0.0003215665122
91618	0.00340425786
91619	0.002604342898
91620	0.003220946874
91621	0.003263282188
91622	0.003268027437
91623	0.003301987846
91624	0.001132659017
91625	0.003335788111
91626	0.000375992731
91627	0.0003436893468
91628	0.002851149258
91629	0.001354440549
91630	0.001492242324
91631	0.0007710679803
91632	0.0008165397668
91633	0.00308106532
91634	0.004437942065
91635	0.001596506057
91636	0.0014205336
91637	0.004660511272
91638	0.001352483144
91639	0.001767420282
91640	0.004513024665
91641	0.0007932984143
91642	0.002901465788
91643	0.004944102533
91644	0.003914240777
91645	0.003485357051
91646	0.004874405568
91647	0.002717890784
91648	0.002513031492
91649	0.004858646368
91650	0.003844254441
91651	0.003519487378
91652	0.004636194991
91653	0.001081209539
91654	0.003656497108
91655	3.400938272e-05
91656	0.001927647806
91657	0.0004547164261
91658	0.002417604464
91659	0.00429027187
91660	0.002932162944
91661	0.0003990672632
91662	0.003547265401
91663	0.006772142968
91664	0.0009468219463
91665	0.001192297124
91666	0.003625760506
91667	0.001161002041
91668	1.396341984e-05
91669	0.001680767189
91670	0.003851683732
91671	0
91672	0.0004750042529
91673	0.001480466862
91674	0.0006931556698
91675	0.003973758224
91676	0.00055030339
91677	0.001687164302
91678	0.001035630598
91679	0.0008495236905
91680	0.0004317145305
91681	0.0008333305416
91682	0.000993280339
91683	0.001110762874
91684	0.0001979324885
91685	0.0006457192453
91686	0.001919835331
91687	0.0004072590674
91688	0.0003028996006
91689	0.001102878619
91690	7.705683185e-05
91691	0.0007563244853
91692	0.0005669301968
91693	0.0003645113537
91694	0.0002727339936
91695	0.0007355408391
91696	0.0002419985792
91697	0.002370010452
91698	0.0005610201757
91699	0.0007330920862
91700	0.0001762991502
91701	5.547606159e-05
91702	0.003127028446
91703	0.002245285632
91704	0.0005122544114
91705	6.375089076e-05
91706	0.002188989097
91707	0.0001620262462
91708	0.003652187958
91709	0.0003510119894
91710	0.002114642957
91711	0.002291129108
91712	0.0009319512521
91713	0.001526137783
91714	0.003066329666
91715	0.001073867708
91716	0.001718894949
91717	0.001026094612
91718	0.003037110456
91719	0.001139016485
91720	0.0007548087563
91721	0.0005857188324
91722	0.0005896984982
91723	0.0004770560115
91724	0.0006556431356
91725	0.0008326535109
91726	0.002977671511
91727	0.006583756502
91728	0.006879419487
91729	0.002258621136
91730	0.001715496888
91731	0.003444920434
91732	0.002209654105
91733	0.001804016041
91734	0.005277292204
91735	0.004221042694
91736	0.004706526012
91737	0.002947931693
91738	0.001776823501
91739	0.002660497098
91740	0.001343369625
91741	0.001993138007
91742	6.702956085e-05
91743	0.001093419735
91744	0.001605167036
91745	0.001709454465
91746	0.003592393913
91747	0.0003376332427
91748	0.0008796342361
91749	0.00375823963
91750	0.0002181845136
91751	0.002081823416
91752	0.0004715930139
91753	0.001213358918
91754	0.002867007347
91755	0.0007165391802
91756	0.002934561085
91757	0.002711600972
91758	0.0007621104168
91759	0.001178098835
91760	0.00152349376
91761	0.002252950541
91762	0.0009329433967
91763	0.001762696159
91764	0.000862948767
91765	0.001853245155
91766	0.002597278868
91767	0.0003184695702
91768	0.000950474672
91769	0.004577020861
91770	0.0009605952832
91771	0.000691521727
91772	0.0008207937887
91773	0.003657137031
91774	0.0002802607499
91775	0.001180570984
91776	0.003219123626
91777	0.001040752182
91778	0.0009828749075
91779	0.001071444574
91780	0.001917390581
91781	0.003423479874
91782	0.002995909552
91783	0.002938705353
91784	0.002192927942
91785	8.288270968e-05
91786	0.0004584091382
91787	0.0008649680754
91788	0.002927651577
91789	0.003026432895
91790	6.065227553e-05
91791	0.003464318396
91792	0.002613714711
91793	0.002344306833
91794	0.0006477373419
91795	0.002253824529
91796	0.001195329766
91797	0.0007778540326
91798	0.0004363644609
91799	0.00170974187
91800	0.003083987933
91801	0.003302259513
91802	0.001033953598
91803	0.0008965473346
91804	0.002705122275
91805	0.0006144708023
91806	0.00163975018
91807	0.005685066891
91808	0.00231956057
91809	0.0002267377374
91810	0.0002022566754
91811	0.002424087828
91812	0.005978697619
91813	0.001246258539
91814	0.0007870139411
91815	0.004822532684
91816	0.0008743953691
91817	0.001660586651
91818	0.0005449699434
91819	0.003671757179
91820	0.002321045274
91821	0.001650762766
91822	0.0009320865088
91823	0.0008853761768
91824	0.0005394973349
91825	0.004518394645
91826	0.0007613181646
91827	0.0006531091428
91828	0.001040271896
91829	0.001889676261
91830	0.001498163108
91831	0.002862986603
91832	0.0004297088647
91833	0.0001854545862
91834	7.799428361e-05
91835	0.001562906145
91836	0.0009424300364
91837	0.00116737341
91838	0.001868484612
91839	0.0014089765
91840	0.0006280881858
91841	0.0005443834358
91842	0.003700960743
91843	0.001852491921
91844	0.0001963060943
91845	0.001328083973
91846	0.000577392273
91847	0.0004811737125
91848	0.0002130477363
91849	0.0006204300248
91850	0.002973253435
91851	0.002458854245
91852	0.002239535175
91853	0.001954217281
91854	0.002340650565
91855	0.0005762931954
91856	0.0007847331681
91857	0.001835224556
91858	0.001279136735
91859	0.00135243225
91860	0.0007270559972
91861	9.129408946e-05
91862	0.0001897973212
91863	0.0002744841007
91864	0.0001729141762
91865	0.001872371087
91866	0.002198051735
91867	0.0005397441293
91868	5.754066262e-05
91869	0.001698162998
91870	0.0005703968575
91871	0.001339179858
91872	0.001105278083
91873	0.002651557876
91874	0.0018867577
91875	0.0005799850404
91876	6.961600054e-05
91877	0.0009910925529
91878	0.002013361919
91879	0.002764204073
91880	0.0007214960178
91881	0.003350653566
91882	0.001951347379
91883	0.005414882259
91884	0.002635114477
91885	0.0001168375115
91886	0.004084861413
91887	0.003462997664
91888	0.001432188626
91889	0.001188260014
91890	0.006911217573
91891	0.000406738683
91892	0.004568808256
91893	0.003392699071
91894	0.002507938706
91895	0.00140701523
91896	0.001057689735
91897	0.002230447376
91898	0.001226812499
91899	0.0008199061796
91900	0.0009310456488
91901	0.0006735391534
91902	0.0004878242212
91903	0.002434346842
91904	0.0006333171967
91905	0.0003752946706
91906	0.00461450378
91907	0.001843295216
91908	0.00284370396
91909	0.000804821573
91910	0.001598536174
91911	0.001351575511
91912	0.002009670007
91913	1.007190005e-06
91914	0.002905852282
91915	0.001316526371
91916	0.006016863128
91917	0.003156760789
91918	0.0009405806903
91919	0.001811795824
91920	0.001314716563
91921	0.003451082106
91922	0.002934034826
91923	0.000572821298
91924	0.004371395034
91925	0.003810527072
91926	0.001677197665
91927	0.005040938132
91928	0.004548440386
91929	0.0004393736269
91930	0.003110915928
91931	0.00221824081
91932	0.002449962062
91933	0.003201599656
91934	0.002699811811
91935	0.001490305599
91936	0.000796894084
91937	0.0004241670852
91938	0.002085005561
91939	0.0003496097832
91940	0.0001093509324
91941	0.0001919945131
91942	0.002111771529
91943	0.0002326871481
91944	0.00123064239
91945	0.002778119258
91946	0.005168384036
91947	0.0004869202833
91948	0.0003321205317
91949	0.002496946011
91950	0.0001211415124
91951	0.00213258451
91952	0.0017849112
91953	0.003845547768
91954	0.0005256830171
91955	0.001909198937
91956	0.001819084732
91957	0.0008350752773
91958	0.001055863771
91959	0.001710989352
91960	0.002340650565
91961	6.577544832e-05
91962	0.001872395687
91963	0.0001135045651
91964	0.002711767012
91965	0.003458307418
91966	0.0001006105069
91967	0.001618626802
91968	0.0007565803869
91969	0.004323599991
91970	6.770821695e-05
91971	0.002128456192
91972	0.002508897049
91973	0.0004165960237
91974	0.002833064157
91975	0.003136356865
91976	0.001412545885
91977	0.002852498336
91978	0.002753663555
91979	0.0009352564732
91980	0.001195917605
91981	0.0008784966926
91982	0.001426402289
91983	0.002973410216
91984	0.0008791412485
91985	0.001040170154
91986	0.0001624643254
91987	0.001125172672
91988	0.001319176548
91989	0.00350746057
91990	0.003389294015
91991	0.0005822844071
91992	0.00053812682
91993	0.0008435293067
91994	0.001120026539
91995	0.004536409525
91996	0.0006473005733
91997	0.003606492151
91998	0.001032610071
91999	0.002870175941
92000	0.003943509097
92001	0.002857451825
92002	0.0004382100311
92003	0.0008063701924
92004	0.001273352275
92005	0.001365425768
92006	0.001078526811
92007	0.001726093012
92008	0.0001084079127
92009	0.0005217389201
92010	0.0002276001121
92011	0.0007952504123
92012	0.0005325295637
92013	0.0008116784383
92014	7.715366495e-05
92015	0.001514704213
92016	0.0003289602078
92017	0.002135274019
92018	0.001104488436
92019	0.0001047023075
92020	0.002463768799
92021	0.0005076887623
92022	2.937239815e-05
92023	0.001047186301
92024	0.0005279023381
92025	0.003120186819
92026	0.0003516983472
92027	0.003080471695
92028	0.004145705186
92029	0.002100636112
92030	0.001671462387
92031	0.004326197293
92032	0.001809141667
92033	0.001969455116
92034	0.0008968683819
92035	0.001198200635
92036	0.0004163666089
92037	0.0005410022675
92038	0.001189971145
92039	0.003825952673
92040	0.002305365054
92041	0.001153873146
92042	0.001648709389
92043	0.003273553944
92044	0.0005352042632
92045	0.0008471097656
92046	0.0003830862538
92047	0.00161207631
92048	0.001086962676
92049	0.005000113291
92050	0.001294915477
92051	0.0007405157375
92052	0.001342153759
92053	0.001385900579
92054	0.001246758449
92055	0.003616254127
92056	0.001867040783
92057	0.003429764775
92058	0.004648276582
92059	0.001903634614
92060	0.002515853592
92061	0.0001624064722
92062	0.001135461747
92063	0.003574672901
92064	0.0008395946697
92065	0.002202483085
92066	0.0006989518449
92067	0.001904804981
92068	0.001615970159
92069	0.0005188164953
92070	0.0003859127352
92071	0.004255384572
92072	0.0001898758958
92073	0.001146905991
92074	0.004638238321
92075	0.006400824959
92076	0.001554112469
92077	0.002119580977
92078	0.001685740515
92079	0.000855460541
92080	0.005616794027
92081	0.004279691017
92082	0.00107693134
92083	0.001092796903
92084	0.0005885979198
92085	0.002393213657
92086	0.000743701657
92087	0.004823832684
92088	0.0002616847583
92089	0.003329168127
92090	0.001984224346
92091	0.0004846987715
92092	0.005030845281
92093	0.007966047274
92094	0.0006567133916
92095	0.0003807262585
92096	0.002763616097
92097	0.001827210684
92098	0.001238789396
92099	0.004604380345
92100	0.0008820538942
92101	0.0006400987267
92102	0.006688424309
92103	0.0007642387887
92104	0.003557175826
92105	6.720217028e-05
92106	0.002659542616
92107	0.002606028016
92108	0.001614553764
92109	0.001433674064
92110	0.0005747310875
92111	0.003709069043
92112	8.055063394e-05
92113	0.002522326206
92114	0.004480523658
92115	0.0003037116575
92116	0.0007438067977
92117	0.00468512123
92118	0.002058200836
92119	0.002908984847
92120	0.0002507094582
92121	0.001767582346
92122	0.000822063799
92123	0.00321419312
92124	0.00166293018
92125	0.0006860669815
92126	0.0003570454654
92127	0.0005905879035
92128	0.00158822183
92129	0.0001289271031
92130	6.318315637e-05
92131	0.002147900669
92132	0.0001028177836
92133	0.0001429344016
92134	0.002876152653
92135	0.0008961222235
92136	0.0004240374294
92137	0.003646986957
92138	0.0002829791685
92139	0.002143575069
92140	0.001864889043
92141	0.001422634371
92142	0.001196250828
92143	0.00422040055
92144	0.001638165307
92145	0.003120925091
92146	0.0002401415829
92147	0.0002418492469
92148	0.006924349801
92149	0.00140425348
92150	0.0006610909386
92151	0.0005838966042
92152	0.00118785869
92153	0.003941373941
92154	0.0005069464761
92155	0.0008955656783
92156	0.00462154917
92157	0.001723548565
92158	0.002493961908
92159	0.0003218112601
92160	0.001636924265
92161	0.001771943928
92162	0.001096923678
92163	0.003968044447
92164	6.267508611e-05
92165	0.00018324386
92166	0.002980367731
92167	0.002721456596
92168	0.003621403031
92169	0.0006742081364
92170	1.435068019e-05
92171	0.0005311643778
92172	0.001554435508
92173	0.001571670807
92174	0.001966928152
92175	0.002032144583
92176	0.01269281915
92177	0.0005068148726
92178	0.00233939436
92179	0.0005740287499
92180	0.001479575145
92181	0.0004167995247
92182	0.001631916007
92183	0.002180955789
92184	0.0005999396046
92185	0.0002961018119
92186	0.003275781228
92187	0.001030967832
92188	0.0009828719036
92189	7.814731411e-05
92190	0.002726248946
92191	0.001590583572
92192	0.0001124163146
92193	0.00384998614
92194	0.002185413114
92195	0.003641537006
92196	0.004979779032
92197	0.002862770333
92198	0.0003012142695
92199	0.001272702051
92200	0.0004692465117
92201	0.0041734821
92202	0.002204612424
92203	0.003614697129
92204	0.001772810037
92205	0.004162763045
92206	0.001127468043
92207	0.00279854147
92208	0.0005232355528
92209	0.0003797509492
92210	0.004224171455
92211	0.002365987681
92212	0.0004006503886
92213	0.002162603955
92214	0.005715991153
92215	0.0002360943545
92216	0.0005980140286
92217	0.0004342037479
92218	0.001878954064
92219	0.00227661324
92220	0.0002651158379
92221	0.001417359736
92222	0.0008788586446
92223	0.004602872691
92224	0.0009327656887
92225	0.004099223073
92226	0.002676209202
92227	0.0005493533649
92228	0.003289611182
92229	0.002166159541
92230	0.001071004572
92231	0.004969957873
92232	0.00168425169
92233	0.0008112633415
92234	0.005988341443
92235	0.0002686292367
92236	0.000200116031
92237	0.005429091299
92238	0.002061545438
92239	0.0006901955383
92240	0.00107374164
92241	0.0004942194713
92242	0.003833041507
92243	0.003828258604
92244	0.005019215026
92245	0.0005635119234
92246	0.001274504777
92247	0.0006089074541
92248	0.001353773064
92249	0.0007410506928
92250	0.001391222095
92251	0.002293729995
92252	0.003452658207
92253	0.002929084969
92254	0.001219510563
92255	0.001771950873
92256	8.977924364e-05
92257	0.001053202895
92258	4.219318708e-06
92259	0.001586495905
92260	0.001526781124
92261	0.001296914018
92262	0.002520995983
92263	0.0005863721684
92264	0.002526382387
92265	0.005124002272
92266	0.001994400059
92267	0.001761717605
92268	0.003780242356
92269	0.0003556584073
92270	0.003227530031
92271	0.0007173276368
92272	0.0009101917097
92273	0.004022812261
92274	0.002579315261
92275	0.001323861538
92276	0.002551043515
92277	2.952496287e-05
92278	0.001202706138
92279	0.001330171671
92280	0.001283532691
92281	0.001754662271
92282	6.697931365e-05
92283	0.003600130482
92284	0.001283517796
92285	0.001915235243
92286	0.0003474959556
92287	0.0004497259941
92288	0.001762966127
92289	0.0009909122872
92290	0.0002819798053
92291	0.002706454689
92292	0.001878238229
92293	0.002068189609
92294	0.001587772756
92295	0.001689695703
92296	0.0007585717291
92297	0.0007896239624
92298	0.001179563069
92299	0.001527254699
92300	0.0004643874864
92301	0.006052984213
92302	0.003112704855
92303	0.002358508087
92304	0.002519205963
92305	0.0003741181877
92306	0.000349718863
92307	0.0003487230688
92308	0.002624425312
92309	0.0001663946245
92310	0.00126235159
92311	0.0006427753794
92312	0.0009738790593
92313	0.0005832522691
92314	0.0004330468623
92315	0.0003332332037
92316	0.001806671654
92317	0.000458940538
92318	0.001087548017
92319	0.001240552353
92320	0.001394116204
92321	0.0009931540281
92322	0.0001535843334
92323	0.001204402943
92324	0.0007651734144
92325	0.001925231844
92326	0.004329185003
92327	0.002035523204
92328	0.002700930698
92329	0.002414149024
92330	0.0001087808605
92331	0.003225551376
92332	0.0009100485014
92333	3.428287871e-05
92334	0.00538819429
92335	0.001991172787
92336	0.0007294563347
92337	0.002002103776
92338	0.003645137706
92339	0.0001740765509
92340	0.00329830799
92341	0.004908826121
92342	0.002427768641
92343	2.279794298e-06
92344	0.002111492401
92345	0.001821211514
92346	0.003093592184
92347	0.0002037477326
92348	0.001272069126
92349	0.001603980657
92350	0.001064839132
92351	0.001742852983
92352	2.771390513e-05
92353	0.005939958127
92354	0.000260160275
92355	0.001170899596
92356	0.00462515833
92357	0.003160290802
92358	0.0009332533474
92359	0.0007668850339
92360	0.001594633283
92361	0.0004473703869
92362	0.002597095031
92363	0.000461227081
92364	0.0003625114905
92365	0.001047032216
92366	8.636700133e-07
92367	0.0009378350478
92368	0.001298731009
92369	0.001844991663
92370	0.0006671752488
92371	9.704841765e-05
92372	0.0006678014317
92373	0.001314935051
92374	0.0004624311121
92375	0.0007776368845
92376	0.0008708262589
92377	0.0008700175363
92378	0.001280791489
92379	0.001121604198
92380	0.00149376427
92381	0.001321183683
92382	0.0007300321522
92383	0.001125923833
92384	3.273993132e-05
92385	0.003868253613
92386	0.003975661218
92387	0.001517572011
92388	0.0001872997429
92389	0.006770487544
92390	0.000438176691
92391	0.001433265619
92392	0.001693077439
92393	0.0002303221158
92394	0.001698333892
92395	0.0001483467588
92396	0.002029563358
92397	0.001122121532
92398	0.004487637315
92399	0.002395860777
92400	0.0006711777018
92401	0.003305083898
92402	0.005096699148
92403	0.0003463365391
92404	0.00419334848
92405	0.0001178623933
92406	0.0005671334773
92407	0.001274434913
92408	0.003442557186
92409	3.17890354e-05
92410	0.0008742932118
92411	0.009407062691
92412	0.003512720434
92413	0.002619252918
92414	0.002378123049
92415	0.0002057254073
92416	0.001449048994
92417	0.00128714692
92418	0.001989319102
92419	0.001588190318
92420	0.003142941953
92421	0.001684749981
92422	0.001589626463
92423	0.0008471375429
92424	0.00118347367
92425	0.001491131749
92426	0.001083713592
92427	0.003287571121
92428	0.001721076684
92429	0.0015351969
92430	0.0005958345029
92431	0.002958367936
92432	0.0004637957414
92433	0.001587916905
92434	0.004797356717
92435	0.0003373185303
92436	0.0009844920179
92437	0.002869625917
92438	0.0008511987328
92439	9.75444779e-05
92440	0.002385430167
92441	0.0003319622149
92442	0.001544973299
92443	0.005320690076
92444	0.002232328894
92445	0.0008293347162
92446	0.0007685601917
92447	0.001054463583
92448	0.002381184216
92449	0.0003517904856
92450	0.0001226141788
92451	0.002984019885
92452	0.002223065021
92453	0.0003329258648
92454	0.002414152923
92455	9.32075553e-05
92456	9.292491592e-05
92457	0.002970637051
92458	0.0002516255156
92459	0.0002959428958
92460	0.000449201991
92461	0.001648574536
92462	0.004162317859
92463	0.003981182458
92464	0.001018279251
92465	0.0003342175401
92466	0.003869975596
92467	0.003371527781
92468	0.001445099298
92469	6.806583154e-05
92470	0.002749730898
92471	0.0009024020337
92472	0.0003623484124
92473	4.346339793e-05
92474	0.001972724868
92475	0.001250894156
92476	0.00426880283
92477	0.000526205099
92478	0.002993830047
92479	0.002103555414
92480	0.001158658174
92481	0.0004247860654
92482	0.0006257644065
92483	0.002745624082
92484	0.0005795573119
92485	0.001552515875
92486	4.917399348e-05
92487	0.005200920438
92488	0.0003474917267
92489	0.0008073837619
92490	0.0004079319844
92491	0.002676282992
92492	0.0006000678393
92493	0.0004471792424
92494	0.0025970247
92495	0.001532798658
92496	0.0003945369362
92497	0.003673341275
92498	0.002708048001
92499	0.001104905455
92500	0.001699425443
92501	0.004531072043
92502	0.004726132701
92503	0.0001785949575
92504	0.001645092115
92505	0.001495223787
92506	0.001305093873
92507	0.001931607579
92508	0.0003496985306
92509	0.001034472217
92510	0.0005291574569
92511	0.0002078537638
92512	0.001481993792
92513	0.0003950643874
92514	0.0008459589834
92515	0.00278965231
92516	0.002589561702
92517	0.002047462434
92518	0.001288651575
92519	0.005279151925
92520	0.001442339494
92521	0.0004107243675
92522	0.0008042352901
92523	0.0002448837653
92524	0.001094699987
92525	0.00218651757
92526	0.003762667792
92527	0.005121955549
92528	0.0003290953386
92529	0.005667362738
92530	0.00182942971
92531	0.002583141231
92532	1.994768426e-05
92533	0.001299367364
92534	0.0001141438377
92535	0.000637408181
92536	0.002518818045
92537	0.000662178079
92538	0.0003659093402
92539	0.003095481748
92540	0.0004926105261
92541	1.724948899e-05
92542	0.002732278942
92543	0.000812208593
92544	0.002558730886
92545	0.000253158418
92546	0.0008054324432
92547	0.001721935508
92548	0.001897957279
92549	0.001667274177
92550	0.0006086382963
92551	0.001501617525
92552	0.0008686079384
92553	0.001538570783
92554	0.002315645155
92555	0.001150925861
92556	0.002201691702
92557	0.00116088202
92558	0.0002430896289
92559	6.8851973e-05
92560	0.0002905484235
92561	0.0002242539211
92562	0.002811232156
92563	0.002771390487
92564	0.003033800507
92565	0.002127541553
92566	0.00231858328
92567	0.0009118712791
92568	0.0004238788935
92569	1.298956354e-05
92570	0.0002512468494
92571	0.0004959765087
92572	0.0007786185644
92573	0.003733169338
92574	0.0004286178148
92575	0.0006325849574
92576	2.677854189e-05
92577	0.0005507794729
92578	0.001355662088
92579	0.000151480831
92580	0.003746354408
92581	0.0004287206696
92582	0.0009882439545
92583	2.529906224e-05
92584	7.451214736e-05
92585	0.003120740458
92586	0.002170081499
92587	0.001227520831
92588	0.001344897326
92589	0.001850913319
92590	0.003153261887
92591	0.0003534024773
92592	0.0005354749923
92593	0.001559856159
92594	0.001594552769
92595	0.002059162205
92596	9.056114738e-05
92597	0.0007510227869
92598	0.0002451458527
92599	0.0005782305491
92600	0.001883964526
92601	0.0005357226312
92602	0.002899503346
92603	0.000333526973
92604	0.001086988401
92605	0.001530963276
92606	0.0001818948841
92607	0.0004901476977
92608	0.004247233872
92609	6.273576767e-05
92610	0.0008609738363
92611	0.0009115086029
92612	0.002224768977
92613	0.004083775172
92614	0.002086591972
92615	3.047181085e-05
92616	0.001555740168
92617	0.001036542623
92618	0.000139382882
92619	0.004057101253
92620	0.0008037328706
92621	0.0001188517116
92622	0.001122346879
92623	0.000474287806
92624	0.0003538612006
92625	0.001103515148
92626	0.0003318125997
92627	0.000328519449
92628	0.0009087799817
92629	0.0004509349262
92630	0.0002618751805
92631	0.001215626045
92632	0.0009803258189
92633	0.000916347532
92634	0.0004626470809
92635	0.0007802831762
92636	0.0006355914487
92637	0.0004971634015
92638	0.001227596588
92639	0.0001713821798
92640	0.0009957183762
92641	0.0008826423545
92642	0.0004750264153
92643	0.0002467101253
92644	0.00479205852
92645	0.0009896801781
92646	0.001701735887
92647	0.003868881653
92648	0.001876601933
92649	0.005704253212
92650	0.002051335263
92651	0.006204189512
92652	0.001114177492
92653	0.007285680496
92654	8.639433727e-05
92655	0.0003469088745
92656	0.0009836326301
92657	0.005791299128
92658	0.007994713711
92659	0.002573295013
92660	0.001474776287
92661	0.001803846688
92662	0.002161702
92663	0.002513194342
92664	0.002269255756
92665	0.004527978773
92666	0.003775039442
92667	0.002521353321
92668	4.62939353e-05
92669	0.0001743150061
92670	0.0001921166368
92671	0.00295667268
92672	0.002450493429
92673	0.0006450094496
92674	0.0009866634077
92675	0.0002601901975
92676	0.0002769988291
92677	6.566812316e-05
92678	0.002239308443
92679	0.0001747021931
92680	0.000119384411
92681	0.002651170654
92682	0.002113808221
92683	0.001100026804
92684	0.0006517548665
92685	0.0001417280906
92686	0.0009144256393
92687	0.003473542128
92688	0.0002432989636
92689	4.791600672e-05
92690	9.04825504e-07
92691	0.0005971366345
92692	9.903115766e-06
92693	0.0001910550548
92694	0.0008841576611
92695	0.00124709376
92696	0.001922078085
92697	3.935005406e-05
92698	0.001873813624
92699	0.000137441179
92700	0.000188695105
92701	3.615995383e-05
92702	9.873686118e-05
92703	0.0001770140592
92704	0.0003022628637
92705	0.0002120225379
92706	0.001677085046
92707	9.218191449e-05
92708	0.0005042349757
92709	0.0001150769882
92710	0.0001019554255
92711	5.326742671e-05
92712	0.0005324142031
92713	0.0001423653827
92714	0.001107357124
92715	9.176025852e-06
92716	0.0002335830347
92717	0.0005756084957
92718	0.003039540249
92719	0.000188873417
92720	0.001922689025
92721	0.0002457707611
92722	0.0004941856947
92723	0.002240311259
92724	0.001399353975
92725	0.004872823147
92726	0.002399975411
92727	0.000678710264
92728	0.001641995731
92729	0.002875723978
92730	0.001662299747
92731	0.003174746743
92732	0.001930614823
92733	0.002291275124
92734	0.001394673321
92735	0.001566929693
92736	0.00364557104
92737	0.00486868004
92738	0.00528776766
92739	0.003648249451
92740	0.001456011963
92741	0.0005753624096
92742	0.002282011772
92743	0.001868114539
92744	0.002123540118
92745	0.001509534638
92746	0.0009225892178
92747	0.001003179838
92748	0.0001001506535
92749	2.173759746e-06
92750	0.000938831764
92751	0.0005698494969
92752	0.0004904286609
92753	0.003456853073
92754	0.003001018567
92755	0.0007024196763
92756	0.00150831127
92757	0.0002283382732
92758	0.0009976448505
92759	0.00339976729
92760	0.0003255269998
92761	0.001019357198
92762	0.0004938578641
92763	0.0007761257374
92764	0.003183631829
92765	0.001466083378
92766	0.0003768365086
92767	0.0002946216175
92768	0.002862278987
92769	0.0004566870413
92770	0.0007688811227
92771	0.002526897912
92772	0.002361097777
92773	0.0006284400777
92774	0.0008101235986
92775	0.002887465068
92776	0.007624802037
92777	0.003542394557
92778	0.002898047144
92779	0.0003486075252
92780	0.001170287356
92781	0.0005449260476
92782	0.00482334405
92783	0.0008379163749
92784	0.001056712944
92785	0.0008884278578
92786	6.092877358e-05
92787	0.004747382001
92788	0.001123802645
92789	0.00254638001
92790	0.004256683685
92791	0.000336552643
92792	0.0004111860701
92793	0.001760324802
92794	0.0004914756088
92795	0.0007372386325
92796	0.003730289072
92797	0.00280754961
92798	0.001654238183
92799	0.0068613947
92800	0.0001801859411
92801	0.006070082555
92802	0.001847979505
92803	0.0006150038931
92804	0.001010749676
92805	0.00381737237
92806	0.002649965798
92807	0.006140294458
92808	0.0004280650136
92809	0.002483075613
92810	0.0002534038187
92811	0.00333016533
92812	0.00144869857
92813	0.0008472358136
92814	0.000865388728
92815	0.00204459499
92816	0.001128962299
92817	0.0005989359761
92818	1.502149005e-05
92819	0.001279886602
92820	0.002972380555
92821	0.002310436614
92822	0.0005226547955
92823	1.726800983e-05
92824	2.143821308e-06
92825	0.0002932300802
92826	0.0001973903933
92827	0.0003336918425
92828	6.257069483e-05
92829	0.0001578623693
92830	0.0004149570152
92831	0.0002882680227
92832	0.0004300876472
92833	4.711831915e-05
92834	0.0002552985923
92835	0.0003177970781
92836	0.0001978475204
92837	0.0001337791935
92838	0.0002677496162
92839	4.858090298e-05
92840	5.905473741e-05
92841	6.541080228e-05
92842	3.752950656e-05
92843	5.803864112e-05
92844	0.0002292916286
92845	0.005759869824
92846	0.000105389156
92847	0.0001654785221
92848	0.002663455937
92849	0.001327227133
92850	9.046950457e-05
92851	4.627139821e-05
92852	0.003096362036
92853	5.148540501e-05
92854	0.001588437761
92855	0.002792484925
92856	0.004568298752
92857	0.001095269369
92858	0.002932154133
92859	0.006601646852
92860	0.002705856593
92861	0.001197582932
92862	0.001879740297
92863	0.003126849488
92864	3.797876937e-05
92865	0.001075037036
92866	0.002002829795
92867	0.001288589818
92868	0.001450417094
92869	0.005886895957
92870	0.004078782108
92871	0.001251670581
92872	0.001564704735
92873	0.003136420963
92874	0.004813048802
92875	0.001042962339
92876	0.00195077585
92877	0.0007463122773
92878	0.002284956282
92879	0.0003209666794
92880	0.003942464386
92881	0.0005274368678
92882	0.0009439033423
92883	0.0002610065622
92884	0.002667474703
92885	0.0002046615193
92886	0.003181812009
92887	0.0003041112132
92888	0.001072237682
92889	0.0006348476124
92890	0.003231463827
92891	0.0006895121045
92892	0.002512821092
92893	0.002242629788
92894	0.0005287426375
92895	0.0002141529667
92896	0.0002714432909
92897	0.002291838708
92898	0.003096933698
92899	0.001213773256
92900	0.004085065458
92901	0.002044033429
92902	0.002450475253
92903	0.0009134376832
92904	0.001092303927
92905	0.0009958124509
92906	0.001581682171
92907	0.002060584016
92908	0.001262511013
92909	0.0001374074502
92910	0.001115764872
92911	0.0009838955005
92912	0.0009552296796
92913	0.0002182418935
92914	0.002165288796
92915	0.004252973004
92916	0.001678859186
92917	0.0004694905796
92918	0.00269338148
92919	0.0006389102766
92920	0.003195357085
92921	0.001864328995
92922	0.002363250076
92923	0.0003092914188
92924	8.885988979e-05
92925	0.0006200615046
92926	0.004394299999
92927	0.002484193434
92928	0.00312618984
92929	0.002246738647
92930	0.000609752437
92931	0.0002329229019
92932	0.002951861774
92933	0.0003307342447
92934	0.0004870220811
92935	0.0001219733129
92936	0.0001155251275
92937	0.006321355999
92938	0.0004681670981
92939	7.135549533e-05
92940	0.0003157640134
92941	0.002112355327
92942	0.001880054794
92943	0.002461345368
92944	0.0006008878347
92945	0.001372493331
92946	0.001504298043
92947	0.003280583832
92948	0.006228494931
92949	9.466287327e-05
92950	0.0001975657502
92951	0.0009700983598
92952	8.405272109e-05
92953	0.0005222762012
92954	2.548215477e-05
92955	0.003366823253
92956	0.0003866206043
92957	0.003709877116
92958	0.0005023992958
92959	0.001442944602
92960	0.0007558409007
92961	0.002636228657
92962	0.000518665485
92963	0.0009882719095
92964	0.001209204463
92965	0.00156594852
92966	0.001744159547
92967	0.0005356089556
92968	0.0003876320235
92969	6.139956194e-05
92970	0.0005112125181
92971	0.001601937665
92972	0.004020838793
92973	0.0001077809409
92974	0.002330044679
92975	5.712176352e-05
92976	0.001896336262
92977	0.002589167799
92978	0.001344884147
92979	0.002354901984
92980	0.0006937538595
92981	0.0007261010859
92982	0.001543994036
92983	8.998898063e-05
92984	0.004424484117
92985	0.0006090178987
92986	9.918623936e-05
92987	0.0001588381207
92988	0.0006605421516
92989	0.0005226194078
92990	0.0002597623483
92991	0.000392273936
92992	0.0006320389882
92993	0.0003803730959
92994	0.0006805309162
92995	4.967668621e-05
92996	0.0004112097548
92997	0.0006208503868
92998	0.003782546689
92999	0.0007046244977
93000	0.001212938342
93001	0.001158989506
93002	0.0008683306388
93003	0.00119289005
93004	0.0007516103184
93005	0.000523730601
93006	0.0002428666703
93007	0.0008729630846
93008	0.0003399368378
93009	0.001696486428
93010	0.0007078924741
93011	0.0006479426178
93012	0.0009267979789
93013	0.0004829292664
93014	0.001262459108
93015	0.0001555317642
93016	0.001115581143
93017	0.0004713594115
93018	0.001386160773
93019	0.0003655702767
93020	0.0004730506651
93021	0.0009703480765
93022	0.000397017408
93023	0.002372307526
93024	0.0003060560527
93025	0.0004731678302
93026	0.0009084147702
93027	0.001070008759
93028	0.001327665421
93029	0.001005630686
93030	0.0005408009842
93031	7.816047693e-05
93032	0.0004025182686
93033	0.0006557532163
93034	0.000268919707
93035	0.0005357955171
93036	0.002354503026
93037	0.000705935143
93038	0.008373563996
93039	0.001407955347
93040	0.003750360663
93041	0.001832763497
93042	0.001841320639
93043	0.0001965963784
93044	0.0004776487808
93045	0.0009327728275
93046	0.001119761393
93047	0.002840228929
93048	0.003681633316
93049	0.0008865668447
93050	0.0006600502241
93051	0.001080412987
93052	0.0006930956181
93053	0.0004158433884
93054	3.79888378e-05
93055	0.0001264215522
93056	0.0005216675242
93057	0.0002484381795
93058	0.003113590135
93059	0.00318899741
93060	0.0009593839011
93061	0.004631044882
93062	8.857892998e-05
93063	0.0003706717804
93064	0.0004985328554
93065	0.003592436954
93066	0.002423257962
93067	0.002099142079
93068	8.289188703e-05
93069	0.0004370629161
93070	0.001266748973
93071	0.0003233910588
93072	0.003651331375
93073	0.0001863690496
93074	0.0008767949458
93075	0.0009324149772
93076	0.002075203707
93077	0.002143951861
93078	9.844997041e-05
93079	0.0007658941033
93080	0.001581538444
93081	0.0004450659792
93082	7.701744007e-05
93083	0.002996961245
93084	0.003667725276
93085	0.000800426328
93086	0.001978057209
93087	0.005819948852
93088	0.0004205742366
93089	0.001448359082
93090	0
93091	0.002721266771
93092	0.002357564137
93093	0.003738133824
93094	0.0002140064595
93095	0.0009407222503
93096	0.002758098521
93097	0.009609753223
93098	0.0004336688208
93099	0.0005707761179
93100	0.00140443575
93101	0.001735301499
93102	0.000782519583
93103	0.000622009743
93104	0.001438418705
93105	0.0008818455031
93106	0.005946746081
93107	0.0003540350751
93108	0.0003023825072
93109	0.001693093395
93110	0.0004688359463
93111	0.0005137390391
93112	0.002957103608
93113	0.001019300639
93114	0.002042024015
93115	0.001152321545
93116	0.002382412281
93117	1.730559706e-05
93118	0.0006547848843
93119	0.0007452948277
93120	0.0006562022303
93121	3.647602321e-05
93122	0.00199072034
93123	0.002847339202
93124	0.001920954418
93125	0.001118224807
93126	0.0010517662
93127	0.005035115625
93128	0.003660203255
93129	0.004855639527
93130	0.00382340724
93131	0.0004421508846
93132	0.001156256402
93133	0.0003471307164
93134	0.0003021579803
93135	0.0005087299555
93136	0.0003219985561
93137	8.799161949e-05
93138	0.002631348556
93139	0.005323034472
93140	0.002885068997
93141	0.005090156509
93142	0.001557861027
93143	0.001355186496
93144	0.006665008193
93145	2.409519271e-05
93146	0.004192082088
93147	0.0003875102462
93148	0.001812886255
93149	0.005808459259
93150	0.006577628557
93151	0.0004238855444
93152	0.000640611989
93153	0.002159901975
93154	0.006661761885
93155	0.0006908973634
93156	0.0007838579112
93157	0.0004952327874
93158	0.0008956255021
93159	0.003997018646
93160	0.0001563467627
93161	0.004499425882
93162	8.539290296e-05
93163	0.001144930582
93164	0.00279355881
93165	0.0009911481495
93166	0.001211185516
93167	0.002925967145
93168	0.002344985323
93169	0.0004720071754
93170	0.005240114647
93171	0.005968480632
93172	0.002869799882
93173	0.0002814442631
93174	0.0006035724778
93175	0.0005451787648
93176	0.0009477076618
93177	0.004742468812
93178	0.003169660442
93179	8.753537099e-05
93180	0.002440134061
93181	0.004000231409
93182	0.003284538927
93183	0.001568794915
93184	0.00985560904
93185	0.001645802936
93186	0.0005049802282
93187	0.002353073398
93188	9.344045126e-05
93189	0.00336408899
93190	0.004791695402
93191	0.004421574072
93192	5.041756446e-05
93193	0.0007321257301
93194	0.00429303349
93195	0.0006839445184
93196	0.0009958525459
93197	0.001563862082
93198	0.001509128906
93199	0.001571190861
93200	0.002035119051
93201	0.002156699476
93202	0.00408970918
93203	0.0008810882547
93204	0.002508039435
93205	0.002180170072
93206	0.004171755028
93207	0.002321271541
93208	0.004910629625
93209	0.004739731562
93210	0.001958878605
93211	0.003263237773
93212	0.003115032796
93213	0.001831082388
93214	0.003275738348
93215	0.0007021099895
93216	0.0001873265976
93217	0.006379318996
93218	0.0002779029272
93219	0.004370270647
93220	0.001252443423
93221	0.002608864833
93222	0.003307809686
93223	0.000442677132
93224	0.00165655552
93225	0.001913633812
93226	0.0005689225009
93227	0.003532441927
93228	0.001144680943
93229	0.0009793856302
93230	0.0002664914074
93231	0.0003505638769
93232	0.001699677084
93233	0.00162910557
93234	0.0009267002029
93235	0.0005634099609
93236	0.0005236656447
93237	0.0005653724496
93238	0.0009904975961
93239	0.0009540664648
93240	0.002012748211
93241	0.001301424385
93242	0.003103139621
93243	0.008405073362
93244	0.0003289546916
93245	0.001519157578
93246	0.00580123454
93247	0.0005860115331
93248	0.0002095224604
93249	0.001092532336
93250	0.002560735383
93251	0.0001358836407
93252	4.165154737e-05
93253	0.001101890892
93254	0.0004864858531
93255	0.0005357684168
93256	0.00164782906
93257	0.003686935096
93258	0.001811732828
93259	0.0007619781793
93260	0.001345620105
93261	0.004772893332
93262	0.002397520888
93263	0.002203214076
93264	0.002086701345
93265	0.0001233781305
93266	0.002927441378
93267	0.002543150325
93268	0.004885177971
93269	0.0005696098533
93270	0.002269727039
93271	0.003087022485
93272	0.00178645837
93273	0.00110624764
93274	0.001004021297
93275	0.001602311401
93276	0.0002376391671
93277	0.002489805226
93278	5.175561624e-05
93279	0.00115697605
93280	0.003204671698
93281	0.0009818025416
93282	0.005208410652
93283	0.0008309012787
93284	0.003482434413
93285	0.0006635536783
93286	0.0004823123648
93287	0.0009153059796
93288	0.0003080884415
93289	0.0009392814322
93290	0.001334194601
93291	0.001085204608
93292	0.0006253510653
93293	0.005593104274
93294	0.0006719816238
93295	0.003418444562
93296	0.0007795358033
93297	0.002321737401
93298	0.001542167341
93299	0.0006019536286
93300	0.003446486371
93301	0.002160901943
93302	0.001348454819
93303	0.0005737235618
93304	0.00447846316
93305	0.002312176678
93306	0.005996020439
93307	0.0002294727552
93308	0.001080360406
93309	0.002308285768
93310	0.002701210926
93311	0.000172895286
93312	0.002305769671
93313	0.001771188675
93314	0.0002044039772
93315	0.001025142675
93316	0.00439889514
93317	0.001041212866
93318	0.001064341947
93319	0.000255890407
93320	0.0009533057177
93321	0.0004343473799
93322	0.0003129454904
93323	0.00225880124
93324	0.0004452471189
93325	0.0007217209585
93326	0.0002328076135
93327	0.001891215076
93328	0.004943563799
93329	0.005689372608
93330	0.0001130738399
93331	0.002645437421
93332	0.00054810537
93333	0.002687412936
93334	0.000756675205
93335	0.003133182376
93336	0.007453152817
93337	0.002135005398
93338	0.007531096857
93339	0.0009991018469
93340	0.002847029805
93341	0.00351630345
93342	0.002596701072
93343	5.52359021e-05
93344	0.0007743915408
93345	0.001304401765
93346	0.001528530996
93347	0.003144578072
93348	0.0007315148872
93349	0.000105911005
93350	0.002247186769
93351	0.001351482023
93352	0.0007302808517
93353	0.001805067747
93354	0.002355464321
93355	0.0005896232576
93356	0.0003411204138
93357	0.005766910386
93358	8.799690545e-05
93359	0.001235138456
93360	9.566411179e-05
93361	0.0005628040949
93362	0.001517199828
93363	0.001137734079
93364	0.003300090498
93365	0.004074254079
93366	0.00173286238
93367	0.001415542806
93368	0.0004112786955
93369	0.003251417015
93370	0.001351361895
93371	0.0003950371058
93372	0.0004445935411
93373	0.001207081303
93374	4.248917667e-05
93375	0.0002719396052
93376	0.004574084645
93377	5.381542153e-05
93378	0.005615487575
93379	0.0002978509253
93380	0.0003609160126
93381	0.000571112129
93382	0.001387109303
93383	0.007987636809
93384	0.0008258525262
93385	0.001823371983
93386	0.004761629947
93387	0.002405126177
93388	0.00630076617
93389	0.0002887663476
93390	0.001193115861
93391	0.0006194315084
93392	0.00145050612
93393	0.004044185931
93394	0.0006439623786
93395	0.004161358981
93396	0.004663510747
93397	0.01208700015
93398	2.884497182e-05
93399	6.110474424e-05
93400	0.001166499002
93401	0.000256094146
93402	0.0006799105353
93403	0.0004139941345
93404	0.0002504167369
93405	0.005275741609
93406	0.002590412209
93407	0.004128106793
93408	0.001403519589
93409	0.0007529777243
93410	0.00357433225
93411	0.003742484692
93412	0.0004189208826
93413	0.001590342842
93414	0.002487993243
93415	0.001167035215
93416	0.00103050177
93417	0.00587219605
93418	0.001215666112
93419	0.001016934037
93420	0.001696128803
93421	0.0001684522302
93422	0.004162415246
93423	0.002251443772
93424	0.004544490717
93425	0.002685723853
93426	1.642668208e-05
93427	0.003271750685
93428	7.504426259e-05
93429	0.000520958134
93430	0.003481030024
93431	0.001388326262
93432	0.00581675269
93433	0.001824260635
93434	0.0006774640869
93435	0.0006805174507
93436	0.003248427421
93437	0.001317593109
93438	0.0006323097162
93439	0.0008162321824
93440	0.001881205086
93441	0.003324807895
93442	0.002209068348
93443	0.002113920934
93444	0.001961239237
93445	0.0003062365507
93446	0.002687760727
93447	0.004450878493
93448	0.00331392813
93449	0.001427336348
93450	0.0009499010181
93451	0.0004974905496
93452	0.005166860726
93453	0.005592796718
93454	0.002609983363
93455	0.0008819797079
93456	0.001356897219
93457	0.00199493093
93458	0.0002193953959
93459	0.0004895527466
93460	0.001605914086
93461	0.000772244667
93462	0.00500690018
93463	0.002267907111
93464	0.001218318342
93465	0.0001650153585
93466	0.0003567567154
93467	0.0002580360162
93468	0.003299533785
93469	0.002695222541
93470	0.003715673762
93471	0.002110740091
93472	0.0007637526244
93473	0.001265295819
93474	0.001220316849
93475	9.318367001e-05
93476	0.001953243412
93477	3.264652454e-05
93478	0.0001107447835
93479	2.085130969e-05
93480	0.0002932254234
93481	0.001140069934
93482	0.003028459879
93483	0.00166342843
93484	0.004814743928
93485	0.003273879202
93486	0.004198291209
93487	0.003668110143
93488	0.002114880922
93489	0.0006520131826
93490	0.001459827124
93491	0.001914663198
93492	0.002001809977
93493	0.003245810299
93494	0.0003472555972
93495	0.002826759538
93496	0.0007623284503
93497	0.0006271748036
93498	0.002538546292
93499	0.001122388949
93500	0.001596120555
93501	0.0006584041766
93502	0.0003024111267
93503	0.002078464035
93504	0.0009699469373
93505	0.0008212155753
93506	0.0009610109739
93507	0.0002642430791
93508	0.001945676028
93509	0.0006559540362
93510	0.002590954741
93511	0.001716623718
93512	0.00248105618
93513	7.373645337e-06
93514	0.001475660401
93515	0.0003583872685
93516	0.005531969427
93517	0.0003165023522
93518	0.002566877798
93519	0.004343760278
93520	0.001961196354
93521	0.0007777534065
93522	0.004639944705
93523	0.009556060563
93524	0.0003429527875
93525	0.0008596569513
93526	0.0007901633525
93527	0.0008629057034
93528	0.003279250349
93529	0.001102030679
93530	0.0005719396584
93531	0.0002968298521
93532	0.0009232788278
93533	0.001089117666
93534	0.002198907612
93535	0.0005793766305
93536	0.001923369756
93537	0.002458402662
93538	0.001159175979
93539	0.01099222782
93540	0.001551954312
93541	0.0009258947857
93542	0.00231209157
93543	0.001154325321
93544	0.0007135202636
93545	0.0004360050621
93546	0.00586446293
93547	0.002137559047
93548	0.002285330537
93549	0.0003509552164
93550	0.002238324515
93551	0.0001721821356
93552	0.002951482497
93553	0.0005718553348
93554	0.002847547333
93555	0.002517778945
93556	0.00341216992
93557	0.002173632071
93558	0.002251664312
93559	0.00108667067
93560	0.002155531958
93561	0.0010135387
93562	0.0008484862829
93563	0.0009886723596
93564	0.001324213009
93565	0.00169493509
93566	0.00534855234
93567	0.004513063003
93568	0.0007451758441
93569	0.001178344724
93570	0.0004015182003
93571	0.00168861367
93572	0.00155397743
93573	0.000217490565
93574	0.001967939884
93575	0.004012906085
93576	0.003742556948
93577	0.0004330264402
93578	0.0004436046287
93579	0.0007420727301
93580	0.001085317061
93581	0.0007802259044
93582	0.007884484887
93583	0.002073278162
93584	0.002098900195
93585	0.001554805906
93586	0.003726753321
93587	0.001218377702
93588	0.002634243322
93589	0.002093703188
93590	0.0024396548
93591	0.0005419834141
93592	0.0004346085881
93593	0.0007136682162
93594	0.00477738899
93595	0.0003683335402
93596	0.0004145102503
93597	0.002850638174
93598	0.003868089092
93599	0.003856072089
93600	0.0002807315478
93601	0.0006360629972
93602	0.0001545763313
93603	0.0002601319508
93604	0.0005369133107
93605	7.861477373e-05
93606	6.142260075e-05
93607	0.0003355018633
93608	0.001405841257
93609	0.0004074500094
93610	0.0004145575494
93611	0.002276270628
93612	0.001331466269
93613	0.002467961209
93614	0.001738293176
93615	0.0001597222596
93616	0.004483677566
93617	0.001567850655
93618	0.001849563269
93619	0.001622297296
93620	0.001620895865
93621	0.001386969435
93622	0.002133045183
93623	0.003524920156
93624	0.000331346192
93625	0.0003383360149
93626	0.001951266527
93627	0.001808456063
93628	0.004311159604
93629	0.001592752039
93630	0.0009268490167
93631	0.000121352561
93632	0.001906929267
93633	0.001444022286
93634	0.006388994915
93635	0.006128023923
93636	0.003873234278
93637	0.004110556691
93638	0.0006607739348
93639	0.002327722104
93640	0.009888979546
93641	0.0003543802728
93642	9.468975956e-05
93643	9.344336244e-05
93644	0.0002420033924
93645	0.001004883039
93646	0.003706202242
93647	0.000490654497
93648	0.001940245485
93649	0.003116873337
93650	0.004257487517
93651	0.003931610721
93652	0.002550806409
93653	0.0008202384251
93654	0.001101211245
93655	0.0008232428053
93656	0.002476544326
93657	0.0004261586017
93658	0.0003980583377
93659	0.0005678528887
93660	0.00232576425
93661	0.001219099778
93662	0.002613359354
93663	0.001385167623
93664	0.0001350931083
93665	0.001380938263
93666	0.0005432790171
93667	0.0008391021199
93668	0.001108840339
93669	0.002754990709
93670	0.001521213523
93671	2.394636015e-07
93672	0.001234965737
93673	0.001108472882
93674	0.002058663293
93675	0.002617521231
93676	0.0002718244867
93677	0.0002652959863
93678	0.001388821373
93679	0.002754475157
93680	0.001502846841
93681	0.002074631391
93682	0.0006806644611
93683	0.002341688942
93684	0.0001419754823
93685	0.0004048662186
93686	0.001773098758
93687	0.0001386564562
93688	0.002340924501
93689	0.002337158297
93690	0.0005390864476
93691	0.001796024965
93692	0.000963312874
93693	0.0009690226871
93694	0.0001322859483
93695	0.001642609733
93696	0.0009851351174
93697	0.001374743437
93698	1.749926319e-07
93699	0.0002716957976
93700	0.001380648882
93701	0.002060774881
93702	0.001103077399
93703	0.001107253114
93704	0.0001513809662
93705	1.903428628e-07
93706	0.00276060562
93707	0.001395400381
93708	0.002761985408
93709	0.0006862648977
93710	0.0006899649797
93711	0.0005489923861
93712	1.396904706e-05
93713	0.001511830532
93714	0.001935191393
93715	0.0004147447109
93716	0.0009678648999
93717	0.002476858966
93718	0.000133687245
93719	0.0006795784394
93720	0.001782292915
93721	0.0005481574058
93722	0.001657554246
93723	0.0001379474564
93724	0.0008530941762
93725	0.001087829612
93726	0.0008161362339
93727	0.002615604002
93728	0.001918054036
93729	0.0006977705014
93730	5.065576182e-07
93731	0.0002580360809
93732	0.001383232784
93733	0.001661202594
93734	0.0006749726793
93735	0.002753776932
93736	0.001390776777
93737	0.002343147214
93738	0.002340292072
93739	0.001793584078
93740	0.001807716172
93741	0.0001419296545
93742	0.001648718184
93743	0.00275547117
93744	0.001520766041
93745	4.78927203e-07
93746	0.000561683929
93747	0.0001454045272
93748	0.0004174586927
93749	0.002616131861
93750	0.0005557209385
93751	0.0009635943445
93752	0.001937812275
93753	0.002329061175
93754	0.002079681256
93755	0.0001375485828
93756	0.002338201665
93757	0.001649143707
93758	0.0001381495415
93759	0.0002819816052
93760	0.002480883185
93761	0.000274166918
93762	0.002334298619
93763	0.000126059709
93764	7.52130106e-05
93765	0.000580840094
93766	0.0008463392225
93767	4.229158672e-05
93768	0.0006144228504
93769	0.001317486744
93770	0.0003676191451
93771	5.46045939e-05
93772	0.0001402851083
93773	0.001031538146
93774	0.0001027652037
93775	0.0001597175118
93776	0.001214017514
93777	0.002165773759
93778	0.003590321636
93779	0.003649682588
93780	0.004506499794
93781	0.001317468712
93782	0.002404744011
93783	0.0003458882163
93784	0.001012083994
93785	0.000543783733
93786	0.0006296245789
93787	0.00182035817
93788	0.001304071301
93789	0.0006486654263
93790	0.002562774898
93791	0.0008236253586
93792	6.521724736e-05
93793	0.0006050470466
93794	0.0006258591409
93795	0.0003985120648
93796	0.003084579042
93797	0.0001375373524
93798	0.004534483086
93799	0.000862822764
93800	0.001372272745
93801	0.0002674239919
93802	0.001847287392
93803	0.001836553656
93804	0.002610474124
93805	0.001058399518
93806	0.0009049416882
93807	0.00146854431
93808	0.005919593475
93809	0.004027144769
93810	0.001607007682
93811	0.005886958782
93812	0.001558583771
93813	0.0002609448609
93814	0.003959490796
93815	0.001491892664
93816	0.0002386432988
93817	0.0007334904042
93818	0.001478224145
93819	0.001032917845
93820	0.001425187871
93821	0.00168881074
93822	0.001263248634
93823	0.001338096204
93824	0.001902342995
93825	0.003457031261
93826	0.001822252259
93827	0.0008594327014
93828	5.625740959e-05
93829	0.0007466778239
93830	0.003323449426
93831	0.001111225061
93832	0.003722502004
93833	0.0002155675845
93834	0.001102321476
93835	0.0002807560687
93836	0.007259001372
93837	0.0003311558621
93838	0.00653663416
93839	6.104003778e-06
93840	0.003662705047
93841	0.004774699874
93842	0.004614215923
93843	0.0008381780304
93844	0.0003630380448
93845	7.935537062e-05
93846	0.0007340445532
93847	0.0006088683501
93848	0.001486935229
93849	0.0008405894409
93850	0.0002521910339
93851	0.002904635428
93852	0.0002506451311
93853	0.0005307313362
93854	0.001502595391
93855	0.002385152787
93856	0.002706643309
93857	0.001738849328
93858	0.002993774521
93859	0.0001488121021
93860	0.002972812821
93861	0.001781951486
93862	0.00116969878
93863	0.002816670284
93864	0.001085739567
93865	0.003441448923
93866	0.003396390619
93867	0.004803950885
93868	0.001704286592
93869	0.004132345039
93870	0.0009708079606
93871	0.0005627247558
93872	0.0001395744196
93873	0.0003024746997
93874	0.003084059877
93875	0.002511452994
93876	0.0001289035252
93877	0.0009380801454
93878	0.001424563613
93879	0.003142598931
93880	0.002882353866
93881	0.001976256724
93882	0.004536946029
93883	0.003967486778
93884	0.001057464391
93885	0.001067936227
93886	0.006705121805
93887	0.00107142331
93888	0.004179025571
93889	0.001323843621
93890	0.0006170882521
93891	0.003842799249
93892	0.002994729115
93893	0.001307774185
93894	0.0004148417136
93895	0.0005879011123
93896	0.000692524143
93897	0.001862045568
93898	0.001898982876
93899	0.000910019734
93900	0.004424030986
93901	0.00214271051
93902	0.004230340847
93903	0.00158934962
93904	0.0009758085074
93905	0.002083042279
93906	0.001027527631
93907	0.0007393556544
93908	0.0001600955488
93909	0.0006571359531
93910	0.002767744584
93911	0.0007558014364
93912	0.001339326888
93913	0.001018313504
93914	0
93915	0.0002430072724
93916	0.001931637827
93917	0.005183893559
93918	0.001976096074
93919	0.0007875740709
93920	0.0006668129206
93921	0.002104550505
93922	0.002592938971
93923	0.004744223915
93924	0.0006920692816
93925	2.478465863e-07
93926	0.002037804728
93927	0.002363110964
93928	0.004840227721
93929	0.005422115668
93930	0.0005940929106
93931	0.0004268853464
93932	0.001127641979
93933	0.003046243993
93934	0.002232704774
93935	0.0007465185702
93936	0.0004968876296
93937	0.000305469202
93938	0.001206252875
93939	0.003518947963
93940	0.00284198769
93941	0.002742501635
93942	0.0008598109012
93943	0.002236651476
93944	0.002395256749
93945	0.003722990049
93946	4.719997493e-05
93947	0.0003947039936
93948	0.0001459463052
93949	0.0001195131375
93950	0.0009605831645
93951	0.00401228047
93952	0.001863217892
93953	0.004935793154
93954	0.004597573918
93955	0.0008547420215
93956	0.0002587365053
93957	0.001791607349
93958	0.001043503412
93959	0.0002874851835
93960	0.004529241109
93961	0.002403122067
93962	1.067484408e-05
93963	7.828053392e-05
93964	0.001326704665
93965	0.003419518504
93966	0.0005191497917
93967	7.552761769e-05
93968	0.005829392273
93969	0.002558617904
93970	0.001235992674
93971	0.001539578774
93972	7.859284102e-05
93973	0.0001076683077
93974	0.003187788029
93975	0.0009770213526
93976	0.001195333601
93977	0.0005115808448
93978	0.001786732007
93979	0.001029936132
93980	0.001980239349
93981	0.002212886973
93982	0.0005661913791
93983	0.005453504863
93984	0.006136752193
93985	0.001740327988
93986	0.001133556372
93987	0.005261914514
93988	0.001965515221
93989	0.003554785115
93990	0.004431329476
93991	0.0004292960991
93992	0.0004063476234
93993	0.0003219655308
93994	0.001686143799
93995	0.002200171208
93996	0.000369887125
93997	0.004913847139
93998	0.0002799287708
93999	0.0006309234957
94000	0.0008206230223
94001	0.001471186111
94002	0.0005052876539
94003	0.00121154106
94004	0.003720683428
94005	0.001584803249
94006	0.00202109339
94007	0.0002691577726
94008	0.001151578917
94009	0.008819287955
94010	0.002642062355
94011	0.000747009706
94012	0.00243826712
94013	0.000383491375
94014	0.0004149953675
94015	0.004593921146
94016	0.001467135548
94017	0.00181043539
94018	0.002700560458
94019	4.954985297e-05
94020	0.001264226473
94021	0.00144348489
94022	0.0019828655
94023	0.001184773866
94024	0.002218630473
94025	0.00705620692
94026	0.007444066125
94027	0.0003220443358
94028	0.0005677808739
94029	0.0005092952355
94030	0.002208372723
94031	0.0009102445366
94032	0.006672554848
94033	0.0008710017682
94034	0.001533824256
94035	0.0001549527852
94036	0.002369333141
94037	0.0008320949483
94038	0.0008206940481
94039	0.0001613666029
94040	0.001260523628
94041	0.0009812890986
94042	0.002510905873
94043	0.00145954302
94044	0.0009364327785
94045	0.0004762015118
94046	0.002355840613
94047	0.0008710844436
94048	0.002915981775
94049	0.001436483097
94050	0.002816324579
94051	0.005176627376
94052	0.00429968928
94053	0.001397282911
94054	0.00116227094
94055	0.004766794769
94056	0.002436425771
94057	0.003726692938
94058	0.00281674069
94059	0.000175009917
94060	0.002822476807
94061	0.0001664150372
94062	0.002682483341
94063	0.002160246454
94064	0.003444944149
94065	0.003000938063
94066	0.0007611109216
94067	0.0016691933
94068	0.005694660483
94069	0.001371079923
94070	0.00693869961
94071	0.004281587021
94072	4.612766955e-05
94073	0.002102747871
94074	0.002973006215
94075	0.002892699906
94076	0.0001524319207
94077	0.002699920562
94078	0.003246737457
94079	0.004508314544
94080	0.003436343993
94081	0.003631693134
94082	0.00246629991
94083	0.0006174418076
94084	0.001499038371
94085	5.75882202e-05
94086	0.002211827488
94087	0.00234414873
94088	0.001413610769
94089	0.001292794214
94090	0.001844215797
94091	0.0007142548834
94092	0.003209877188
94093	0.001073777512
94094	0.001557712582
94095	0.003803333611
94096	0.0003198766702
94097	0.0007378425823
94098	0.004138518016
94099	0.003000266512
94100	0.004857390751
94101	0.003418917479
94102	0.004001219441
94103	0.001736449298
94104	0.00489221149
94105	0.003498202087
94106	0.003489249553
94107	0.000901947545
94108	0.002897261963
94109	0.002710757923
94110	0.00399063163
94111	0.002058688441
94112	0.00267932187
94113	0.0002747779188
94114	0.005391820125
94115	0.002879384959
94116	0.004092543976
94117	0.002813899099
94118	0.0001524860162
94119	0.001652948697
94120	0.001060748647
94121	0.003910077062
94122	0.0005564088389
94123	0.003052377164
94124	0.0006734052497
94125	0.001732171932
94126	0.003125789414
94127	0.0003792021633
94128	0.003275699052
94129	0.0001023224762
94130	0.0001867552663
94131	0.001489340427
94132	0.001579984621
94133	0.004074555293
94134	0.001257169053
94135	0.003336856209
94136	0.004331862155
94137	0.001476468443
94138	0.002907558906
94139	0.005755568785
94140	0.003130079445
94141	0.00134954226
94142	0.002321352896
94143	0.0003174342035
94144	0.001209055452
94145	0.0001226237746
94146	0.0008298410806
94147	0.005238850866
94148	0.003165212992
94149	0.00230113744
94150	0.001017925529
94151	0.002653225231
94152	0.002399598032
94153	0.004038025879
94154	0.0001842733203
94155	0.001906929954
94156	0.001706262724
94157	0.000953533375
94158	0.002549366663
94159	0.0003225117405
94160	0.003418789736
94161	0.001426037294
94162	0.002027825959
94163	0.005418400499
94164	0.002303446258
94165	0.0004781270005
94166	0.0003311810072
94167	0.001960003313
94168	0.0035171351
94169	0.0002364959512
94170	0.00390788617
94171	0.0006980535307
94172	0.002916495252
94173	0.0004007816786
94174	0.005270334225
94175	0.003384351577
94176	0.001258323284
94177	0.001906759728
94178	0.002309976882
94179	0.002778792885
94180	0.002916588056
94181	0.0006445905361
94182	0.00254117137
94183	0.003073237697
94184	0.00063166096
94185	0.002347368862
94186	0.0003149037533
94187	0.004767448677
94188	0.003638737923
94189	0.003567616706
94190	0.004279016222
94191	0.0007798422168
94192	0.0002886412609
94193	0.00135872501
94194	0.0005127940658
94195	0.004338802537
94196	0.00436768043
94197	0.0007533428359
94198	0.001193665392
94199	0.007040423812
94200	0.001588082104
94201	0.003437297635
94202	0.009340659017
94203	0.002860898322
94204	0.002123209324
94205	0.0008327983559
94206	0.0006672279983
94207	0.001023425981
94208	0.007091997402
94209	0.0005084041825
94210	0.001397657747
94211	0.003080131349
94212	0.005237676168
94213	0.0007099716622
94214	0.0002977849638
94215	0.0006178074312
94216	0.005577448521
94217	0.0008154115902
94218	0.0002777111276
94219	0.0004512403071
94220	0.0003521820439
94221	0.000721651713
94222	0.001320689629
94223	0.0004618959061
94224	5.203164236e-05
94225	0.0003764726225
94226	0.003885593825
94227	0.0002261025932
94228	0.003489774972
94229	0.001315182346
94230	0.000227029133
94231	0.000137118504
94232	0.001800475992
94233	0.005580078063
94234	0.001293650854
94235	0.002437919754
94236	0.004863298761
94237	0.006192389623
94238	0.007449175243
94239	0.003513261824
94240	0.002125243507
94241	0.00441918816
94242	0.0002076188384
94243	0.0006496640095
94244	0.005060341917
94245	0.005789998083
94246	0.0003476179871
94247	0.002133964416
94248	0.006225120433
94249	0.003391929937
94250	0.00012497221
94251	0.004941761177
94252	0.0004034993269
94253	0.003158006609
94254	0.002383608113
94255	0.001069309543
94256	0.003589305154
94257	0.005627351659
94258	0.001440489235
94259	0.001966273251
94260	0.003055396576
94261	0.0004544116817
94262	0.002406299837
94263	0.004815832329
94264	0.00229403428
94265	0.0007715021458
94266	0.003061685006
94267	0.000353359449
94268	0.001950351957
94269	0.001127162746
94270	0.0003602796509
94271	0.001941983818
94272	0.0005242971777
94273	0.001728413663
94274	0.0005972853601
94275	0.002099067523
94276	0.003694445619
94277	0.0004784029409
94278	0.004844961728
94279	0.0003738220217
94280	0.0007476285658
94281	0.001370701169
94282	0.00530313978
94283	0.0009595309388
94284	0.002677380513
94285	0.002402558442
94286	0.003450053713
94287	0.0008810791549
94288	0.001045576047
94289	0.00186009821
94290	0.00328236329
94291	0.001265659411
94292	0.00266181824
94293	0.0003647608926
94294	0.002064361203
94295	0.003316005621
94296	0.00365174969
94297	0.001664045507
94298	0.0005994238527
94299	0.0004120653734
94300	0.00242824314
94301	0.004910423951
94302	0.001765717124
94303	0.0008084450227
94304	0.001228963498
94305	0.001853800315
94306	0.005012334386
94307	0.0008431370713
94308	0.002738312557
94309	0.001636548133
94310	0.000192406912
94311	4.535600586e-05
94312	0.0004124251407
94313	0.002449902939
94314	0.003691019523
94315	5.642663096e-05
94316	0.004042723301
94317	0.0002410817837
94318	0.001200317929
94319	0.001799392993
94320	0.0008123707043
94321	0.0004352868253
94322	0.004048683227
94323	0.002324787265
94324	0.002917898825
94325	0.00200280752
94326	0.00336920722
94327	0.007157603016
94328	0.0005312003858
94329	0.006965009427
94330	0.001069645938
94331	0.0003973426839
94332	0.001774756134
94333	0.0009021316189
94334	0.003436965429
94335	0.0002509288042
94336	0.007583007925
94337	0.002255931365
94338	0.002094056438
94339	0.001607832626
94340	0.0004040155454
94341	0.004653516614
94342	0.003838920063
94343	0.007282443144
94344	0.0003212010012
94345	0.005143603561
94346	0.001620789624
94347	0.002216629858
94348	0.004134275709
94349	0.001217983131
94350	0.004196605702
94351	0.001156957436
94352	0.0001905269482
94353	0.003709680916
94354	0.002050830063
94355	0.002415146115
94356	0.0004646142179
94357	0.004503422198
94358	0.003139021391
94359	0.001304671761
94360	0.0002653590884
94361	0.00777954141
94362	0.001764478276
94363	0.0007221942232
94364	0.004328293547
94365	0.001231712007
94366	0.005714245691
94367	0.002618921236
94368	0.01008686045
94369	0.004297949077
94370	0.003265384087
94371	0.006300476939
94372	0.001878142604
94373	5.604662026e-05
94374	0.0001368300505
94375	0.001805457744
94376	0.0004074265574
94377	0.001040709164
94378	0.001574014621
94379	0.00735001693
94380	0.002759921581
94381	2.436574619e-05
94382	0.0001543990726
94383	0.002932995747
94384	0.001125657637
94385	0.0005274750313
94386	0.002380687904
94387	0.0004879086028
94388	0.001556267667
94389	0.001265706457
94390	0.005938470263
94391	0.0001405315597
94392	0.002912518064
94393	0.001647078986
94394	0.006495585542
94395	0.001461538491
94396	0.001840508527
94397	0.005520571658
94398	0.0009857317973
94399	0.0007439931553
94400	0.004336629646
94401	0.007361219523
94402	0.0005137703053
94403	0.002372081003
94404	0.00274085542
94405	0.003275324039
94406	0.0005427222818
94407	0.00426677259
94408	7.30261386e-05
94409	0.005642562227
94410	0.002278754379
94411	0.003376503342
94412	0.001814626581
94413	9.014704477e-05
94414	0.002349784521
94415	0.004465017216
94416	0.0008925641164
94417	0.004578598122
94418	0.0008731978266
94419	0.002929772117
94420	0.002015565143
94421	0.005289410026
94422	0.0008999646341
94423	0.0003346004396
94424	0.001039717753
94425	0.006294828596
94426	0.0003055929683
94427	0.002689564365
94428	0.002492007526
94429	0.002805339138
94430	9.538978747e-05
94431	0.004113174137
94432	0.000633884475
94433	0.002003034546
94434	0.0008652401052
94435	0.004397053822
94436	0.002731785377
94437	0.00962351615
94438	0.002203016285
94439	0.005257204924
94440	0.0005112091508
94441	0.004243574407
94442	0.008992408392
94443	0.000184907877
94444	0.0005183644205
94445	0.001022319261
94446	0.004402573216
94447	0.0003282717747
94448	0.001724868442
94449	0.001639567574
94450	0.001898737084
94451	0.003586239162
94452	0.006841373729
94453	0.0004988079436
94454	0.0004054899773
94455	0.005832545353
94456	0.001424491816
94457	0.002153655008
94458	0.007372227997
94459	0.000297839899
94460	0.001737543238
94461	0.001658173122
94462	0.001166249899
94463	0.002887358244
94464	7.989174139e-05
94465	0.00326453873
94466	0.0002293210668
94467	0.004673761688
94468	0.002103396048
94469	0.002720514198
94470	0.003427534854
94471	0.002476909542
94472	0.003148860896
94473	0.001986548127
94474	0.006400456156
94475	0.003161377082
94476	0.00123004764
94477	0.0001067134683
94478	0.008171660446
94479	0.0001863423575
94480	0.003542178855
94481	0.0008128415286
94482	0.0009777660647
94483	0.0004104012782
94484	0.0005513576193
94485	0.003342475685
94486	0.001832585821
94487	0.0009456351531
94488	0.00167371892
94489	0.001318105746
94490	0.0001480387289
94491	0.00324401623
94492	0.001206942392
94493	0.002852812033
94494	0.000922563751
94495	0.003935524923
94496	0.00650107474
94497	0.002013039099
94498	0.004987102275
94499	0.0002964168252
94500	0.0003199135913
94501	0.001821525681
94502	0.003293536711
94503	0.003781431471
94504	0.001141748644
94505	0.002043756713
94506	0.00133033135
94507	0.001201304325
94508	0.004208346834
94509	0.005618516697
94510	0.0003083411658
94511	0.004013993004
94512	0.004382275955
94513	2.21266043e-05
94514	0.003822979928
94515	0.004316596522
94516	0.0009010232596
94517	0.0002214519445
94518	0.002227315225
94519	0.0006479530706
94520	0.003087277736
94521	0.001419799781
94522	0.00395832161
94523	0.003348062631
94524	0.002983776762
94525	0.001543898569
94526	0.001837966205
94527	0.004371144603
94528	0.00134173722
94529	0.0007661838494
94530	0.004869153305
94531	0.0003280719087
94532	0.004542028065
94533	9.043453931e-05
94534	0.0007540843072
94535	0.002669813391
94536	0.001539276484
94537	0.005025775133
94538	0.0001867160661
94539	0.0002671358688
94540	0.0006345318035
94541	0.008727348038
94542	0.001786612442
94543	0.000312957688
94544	0.001242001553
94545	0.002752244815
94546	0.001530874591
94547	0.0007318772548
94548	0.002000173971
94549	0.006695465833
94550	0.001166833738
94551	0.00260598906
94552	0.005238150869
94553	0.006976036824
94554	0.001661105648
94555	0.001159562089
94556	0.001043019419
94557	0.00187205853
94558	0.001506568198
94559	0.0004595569288
94560	0.002012633877
94561	0.001189939562
94562	0.002020230592
94563	0.0001137262439
94564	0.000826616259
94565	0.002960169387
94566	0.001697748321
94567	0.002505775793
94568	0.001958385206
94569	0.004777580013
94570	0.002710719391
94571	0.001480385832
94572	0.003639125949
94573	0.003243489726
94574	0.00549533819
94575	0.002530262084
94576	0.006175708582
94577	0.000744146161
94578	0.0008142328343
94579	0.004226244616
94580	0.001095790432
94581	0.002417102893
94582	0.00379453557
94583	0.006599119937
94584	0.0007963580993
94585	0.001931668733
94586	0.00155849847
94587	0.001937516332
94588	1.215890909e-05
94589	0.00202761659
94590	0.007492642225
94591	0.00109101346
94592	0.002582752061
94593	0.002742725655
94594	0.004835993442
94595	0.001449901604
94596	0.004275837786
94597	0.0007649517604
94598	0.0005743360669
94599	0.001102624357
94600	0.002151188141
94601	0.002918378127
94602	0.003774902947
94603	0.003450114482
94604	0.0005165460649
94605	9.747039493e-05
94606	0.0007839243807
94607	0.005131895667
94608	0.001668290084
94609	0.002321932096
94610	0.002109084496
94611	0.003146876518
94612	0.001519108834
94613	0.0006649727237
94614	0.001942730532
94615	7.710924816e-05
94616	0.002478431427
94617	0.004259743754
94618	0.0008944210442
94619	0.001421191548
94620	0.003046963681
94621	0.001242576575
94622	0.00199110441
94623	0.002441925212
94624	0.001212762946
94625	0.001197830561
94626	0.002525760216
94627	0.001128158545
94628	0.002466793631
94629	0.001087199127
94630	0.0007556252305
94631	0.002929970428
94632	0.002805352247
94633	0.003202798174
94634	0.003785146833
94635	0.0017199249
94636	0.005113501741
94637	0.005366284483
94638	0.001111100214
94639	0.001370239927
94640	0.001943122247
94641	0.003795765717
94642	0.006128714358
94643	0.0003929181727
94644	0.0003832160238
94645	0.002140049866
94646	0.0008110319687
94647	0.003607828615
94648	0.004127968684
94649	0.003370741596
94650	0.001851315481
94651	0.003809106943
94652	0.009402146076
94653	0.0004281602597
94654	0.001302031369
94655	0.002933766663
94656	0.002489523091
94657	0.001222933592
94658	0.001992265803
94659	0.0002633324007
94660	0.0004450612774
94661	0.006951534068
94662	0.001543409812
94663	0.0003577108683
94664	0.0002069749533
94665	0.0008628888647
94666	0.00144050822
94667	0.004069932436
94668	0.002662205259
94669	0.001984940231
94670	0.004679219295
94671	0.009994671165
94672	0.001840571815
94673	0.004252545248
94674	0.005501265013
94675	0.00167111667
94676	0.005639846683
94677	0.001463833468
94678	0.006182689539
94679	0.001328375786
94680	0.003037068033
94681	0.001044009212
94682	0.003561466376
94683	0.00267931062
94684	0.001114888888
94685	0.002352406594
94686	0.001717628312
94687	0.002776825636
94688	0.003459467173
94689	0.006957631994
94690	0.00948007644
94691	0.004023576075
94692	0.007858577505
94693	0.001349409443
94694	0.003100968553
94695	0.007161735591
94696	0.00463934689
94697	0.001331519371
94698	0.001038632745
94699	0.0009814297244
94700	0.0002939417837
94701	0.0005138659263
94702	0.0007482458534
94703	0.0002271584525
94704	0.0009829819019
94705	0.005175185379
94706	0.0006384451975
94707	0.0003384885258
94708	0.001033654623
94709	0.0002287213356
94710	0.0002947633474
94711	0.005320921512
94712	0.0005001202211
94713	0.0009799508775
94714	0.00161189116
94715	0.0006951981855
94716	0.0005964002067
94717	0.0003600723712
94718	0.0001272264107
94719	0.0009490004329
94720	0.0002914469264
94721	0.000820305516
94722	0.001205802715
94723	0.001167733815
94724	4.722873638e-05
94725	0.001237619257
94726	0.001097036247
94727	0.0002294497591
94728	0.0004491110468
94729	0.002327774498
94730	0.001557374829
94731	1.880890725e-05
94732	0.0004081435755
94733	0.0009595369183
94734	0.0004949159958
94735	0.0002866070953
94736	8.799324884e-05
94737	0.0002683272618
94738	0.0006240246256
94739	2.558034901e-05
94740	7.095860469e-05
94741	0.00095430203
94742	0.0007158527205
94743	0.00029575497
94744	0.001624674307
94745	0.0001152476864
94746	9.929555537e-05
94747	0.0009796288884
94748	0.001472415619
94749	0.0006738882861
94750	0.0003777625644
94751	0.00173690538
94752	0.0002092663272
94753	0.0001247252099
94754	0.0001250765914
94755	0.001660488483
94756	0.0004249827904
94757	0.0003959640425
94758	0.0003789061959
94759	0.0008021557426
94760	0.0004940658971
94761	8.484761042e-06
94762	0.000469805944
94763	0.002430012882
94764	0.0003119916056
94765	0.002905975402
94766	0.0003120752871
94767	0.0001973654449
94768	0.001689990345
94769	0.0002808688726
94770	0.0001559166655
94771	0.0007384947235
94772	0.002103034584
94773	0.001623149992
94774	7.92756648e-05
94775	0.003285529614
94776	0.0001148291831
94777	0.001705383036
94778	0.0002224204626
94779	0.003135195274
94780	0.001003934646
94781	0.004540254542
94782	0.0060282276
94783	0.003213541067
94784	0.005039142379
94785	0.003930801937
94786	0.001963052734
94787	0.0006588465976
94788	0.0003229805458
94789	0.003941508924
94790	0.0003564463381
94791	0.006496248054
94792	0.00120662133
94793	0.002315349949
94794	0.002329758437
94795	0.0009495010639
94796	0.003404785137
94797	0.00160407039
94798	0.002927905006
94799	0.0005980135755
94800	0.003473138724
94801	0.0008254855112
94802	0.0005769773235
94803	0.006535795163
94804	0.0003291351095
94805	0.006358771827
94806	0.0002564504677
94807	0.000334848159
94808	0.002490915945
94809	0.001200062372
94810	0.00402259
94811	0.004867643403
94812	0.0007055981161
94813	0.004237226145
94814	0.0007460548656
94815	4.797478097e-05
94816	0.0005709266477
94817	0.0001780414719
94818	5.858970102e-05
94819	0.0003303664958
94820	9.474287749e-05
94821	0.004482326426
94822	0.001427170832
94823	0.0009381793618
94824	0.0009053627262
94825	0.001539466628
94826	0.0009445235026
94827	0.001050389155
94828	0.001101718345
94829	0.0001817763572
94830	0.001994642644
94831	1.036695697e-05
94832	0.002524591201
94833	0.004877867501
94834	0.0009152884365
94835	0.0002069475773
94836	0.002599738195
94837	0.001173279417
94838	0.004033673144
94839	0.001302513104
94840	0.0007144313877
94841	0.0006301232341
94842	0.002484182356
94843	0.0004176326873
94844	0.001887727242
94845	0.009061160157
94846	0.001028450631
94847	0.0005042149292
94848	0.0004131279202
94849	0.002100860596
94850	0.0007350686739
94851	0.0006357766011
94852	0.0007211634113
94853	0.0009283488486
94854	0.0004124239086
94855	0.003089982837
94856	0.0002092159803
94857	0.002080340495
94858	0.002891367826
94859	0.0005490956347
94860	0.0004372583676
94861	0.002313048318
94862	0.00272226195
94863	0.0004214993368
94864	0.0003804657731
94865	0.002141214368
94866	0.0001036846034
94867	0.003124308919
94868	0.001777235831
94869	0.001141888824
94870	0.002228774355
94871	0.002281931048
94872	0.0005904849984
94873	0.000363217374
94874	0.001934654008
94875	0.001784473265
94876	0.001665492127
94877	0.001483073453
94878	0.000952695373
94879	0.001055998931
94880	0.000481675889
94881	0.0006965293423
94882	0.001208298827
94883	4.687922255e-05
94884	0.001998950334
94885	0.0002173212351
94886	0.000603153507
94887	0.002699470117
94888	0.0001623534181
94889	0.003037989373
94890	0.002298215756
94891	0.002445037157
94892	0.002127423349
94893	0.001749939546
94894	0.002565887873
94895	0.001694509881
94896	0.001019666448
94897	0.0005021473851
94898	0.001732470819
94899	0.00221406837
94900	0.001241511052
94901	0.003743740914
94902	0.002051968072
94903	0.0001082010048
94904	8.716449169e-05
94905	0.001646596003
94906	0.001533199722
94907	0.0004154544506
94908	0.001833154503
94909	0.0003749548927
94910	0.0005708518839
94911	0.0007337204774
94912	0.001506810914
94913	0.001637464367
94914	5.733525579e-05
94915	6.477536545e-05
94916	0.001431751014
94917	0.0002072682988
94918	0.0006192692981
94919	0.001929335989
94920	0.003062130064
94921	0.001017049511
94922	0.0005695048011
94923	0.004496068435
94924	0.005971152182
94925	0.008989053148
94926	0.001675715281
94927	0.001728977323
94928	0.001185978836
94929	0.002501876945
94930	0.003322801324
94931	0.0005643350018
94932	0.003993919725
94933	0.005682357416
94934	0.001773801735
94935	0.0008899559212
94936	0.0004960263931
94937	0.0005824105783
94938	0.0003558785681
94939	0.003393369461
94940	8.779941419e-05
94941	0.0003885570203
94942	3.940443591e-05
94943	0.0014847672
94944	0.001526078923
94945	0.008848421441
94946	0.0007764521369
94947	0.0001093341434
94948	0.0001591021884
94949	0.0005356140723
94950	0.006592677384
94951	0.0013199998
94952	0.0009686837624
94953	0.001337838746
94954	0.001783223491
94955	0.001396009852
94956	0.002677905762
94957	0.0007016479097
94958	0.005098048346
94959	0.001300107346
94960	0.0007903343793
94961	0.001957996447
94962	0.0005268219779
94963	0.0005837811945
94964	0.002561775441
94965	8.552117998e-05
94966	0.001045915231
94967	0.0003324923861
94968	0.0005190474025
94969	0.001484576063
94970	0.0001607838134
94971	0.001349388885
94972	0.0005071171772
94973	0.001870781696
94974	0.001746830623
94975	0.0005599521155
94976	0.001627939521
94977	0.0009592365329
94978	4.733283043e-05
94979	0.002762276345
94980	0.001082565403
94981	0.001488307206
94982	0.001230211973
94983	0.001692528206
94984	0.0005261436777
94985	0.002405783298
94986	0.002306790863
94987	0.002323708559
94988	0.004129241134
94989	0.004008207375
94990	0.00201057496
94991	0.001320525883
94992	0.004645146987
94993	0.002694717046
94994	0.0003663358195
94995	0.00102841996
94996	0.003410260561
94997	0.00274345611
94998	0.001854879587
94999	0.001904336564
95000	0.0005907448978
95001	0.001000023167
95002	0.0003486693623
95003	0.001503735864
95004	0.0009585457714
95005	0.0001248141739
95006	0.0007149389382
95007	0.001076106496
95008	0.001032233386
95009	0.004865640516
95010	0.0001373520204
95011	0.0001708628734
95012	0.001624877337
95013	0.002347150505
95014	0.001102266112
95015	0.002401588505
95016	0.005063125028
95017	5.568226738e-05
95018	0.0008158612034
95019	0.001081395325
95020	0.0004783968655
95021	0.002785488287
95022	0.0003440268821
95023	0.0007131718475
95024	0.001109830502
95025	0.001877891586
95026	0.001217329859
95027	0.003288476747
95028	0.001133585565
95029	0.00210668537
95030	6.737028197e-05
95031	0.001653232575
95032	0.002377651521
95033	0.0007323307913
95034	0.002990025164
95035	0.0003313609621
95036	0.001001860744
95037	0.0002656003516
95038	0.002995558106
95039	0.002394504553
95040	0.004114910691
95041	0.0002581809822
95042	0.0003309426996
95043	0.006373280898
95044	0.0004324187438
95045	0.0010728859
95046	0.0002380246551
95047	0.0005342055111
95048	0.001295154449
95049	0.00168063011
95050	0.0002209576604
95051	0.002101018631
95052	0.00290067402
95053	0.001702482444
95054	0.0004223920664
95055	0.003802464216
95056	0.0003351042389
95057	0.001174511684
95058	0.0003529439604
95059	0.0006567940298
95060	3.312972348e-05
95061	0.0005205754572
95062	0.002022922894
95063	0.0001274380331
95064	0.003987500853
95065	0.002400867416
95066	0.001134121674
95067	0.001675691007
95068	0.0001316433583
95069	5.435459184e-05
95070	0.001012193196
95071	0.008318277682
95072	0.001379100022
95073	0.0001578970678
95074	0.0009321736382
95075	0.0004136034697
95076	0.0003311937317
95077	0.000323048962
95078	0.0009604310164
95079	0.0005449661723
95080	0.0008698988707
95081	0.0001175487997
95082	0.0008137597282
95083	0.0003115525127
95084	0.0001058527671
95085	0.003460295672
95086	0.0007424379543
95087	0.0009801894769
95088	0.003192766591
95089	0.0001845677274
95090	0.001845577854
95091	0.0006008145021
95092	0.002038565907
95093	0.001705758622
95094	0.002904782196
95095	0.001062710849
95096	0.0002826135924
95097	0.001060898266
95098	0.001949609552
95099	0.0002206907155
95100	0.0009501259857
95101	6.358369929e-05
95102	0.001161484432
95103	0.002344231161
95104	0.0007683995575
95105	0.001869037911
95106	0.0001741999312
95107	0.003523472763
95108	3.289627775e-05
95109	0.0006557211187
95110	0.0001108124099
95111	0.0002917081832
95112	0.003878479069
95113	0.0008605600791
95114	0.0003298979908
95115	0.0002694190726
95116	0.0001866988016
95117	2.551959653e-05
95118	0.0009411983254
95119	0.001871234809
95120	0.0005900105617
95121	0.004358623157
95122	0.001034137712
95123	0.0006345362852
95124	0.0003775521502
95125	0.0006065360118
95126	0.001282763142
95127	0.0008525762951
95128	0.002699308985
95129	0.00118639194
95130	5.859066579e-05
95131	7.478830448e-05
95132	0.003970195575
95133	0.001674771173
95134	0.0002149956121
95135	0.001447503121
95136	0.001091857549
95137	0.003678446451
95138	0.0001002983907
95139	0.002995876233
95140	0.0001956087613
95141	0.001428953884
95142	0.0009240992967
95143	0.0009637440273
95144	0.000746666167
95145	9.410479901e-06
95146	0.001581049302
95147	0.00217543741
95148	0.002665106528
95149	0.0001265956846
95150	0.0001018004922
95151	0.0007001823696
95152	0.00249227302
95153	0.0005772669851
95154	0.001666635606
95155	0.001039013565
95156	0.0004706348759
95157	0.001245103422
95158	0.0004755390321
95159	0.0006257988651
95160	0.0003702486579
95161	0.000218158741
95162	0.002895997777
95163	0.001517190294
95164	0.0001924547207
95165	0.0005662722839
95166	0.002740448327
95167	0.0008929755532
95168	0.000140186589
95169	0.002203980023
95170	0.0001504558867
95171	0.001488874622
95172	0.003475954889
95173	0.003749348317
95174	0.0006636751238
95175	0.005189011769
95176	0.00031610795
95177	0.001423865178
95178	0.002290100041
95179	0.00102733586
95180	0.002272349341
95181	0.0002314253798
95182	0.002967817572
95183	0.00202014777
95184	0.003160676752
95185	0.002178768268
95186	0.0003178934958
95187	0.00582814483
95188	0.0009308811214
95189	0.003683896297
95190	0.003212019585
95191	0.001416030244
95192	0.001990328521
95193	0.004564948823
95194	0.0001994528673
95195	0.005999549296
95196	0.0002003624081
95197	0.000227978275
95198	0.00387079267
95199	0.004791091812
95200	0.003246916121
95201	0.002495715773
95202	0.002069041993
95203	2.500418148e-05
95204	0.003138373761
95205	0.001179015091
95206	0.001721032275
95207	0.006494380992
95208	0.0002165372012
95209	0.00163340451
95210	0.0003895786465
95211	0.0008882382796
95212	0.001723801555
95213	0.002943073133
95214	0.002132238566
95215	0.002110202935
95216	0.001109958559
95217	0.002395706536
95218	0.003612898686
95219	0.001321534748
95220	0.006917664365
95221	0.0001142512437
95222	0.003104897318
95223	0.0004950070096
95224	1.366481127e-05
95225	0.0005378370511
95226	0.002829443822
95227	0.003659038796
95228	0.000367994644
95229	0.0002178255571
95230	0.004103031268
95231	0.0002837600516
95232	0.005926427062
95233	0.007628427846
95234	0.001175068509
95235	0
95236	0.001117002076
95237	0.002871632267
95238	0.0006139763221
95239	0.0006383395311
95240	0.004131646387
95241	0.0004610835059
95242	0.002778852851
95243	0.001696788456
95244	0.005731406963
95245	0.001567332814
95246	0.00266411802
95247	0.001608760096
95248	0.002835570245
95249	0.0003653533414
95250	0.005159321319
95251	0.003709590905
95252	0.001171524905
95253	0.002771214214
95254	0.001857560992
95255	0.001376691267
95256	0.001951325279
95257	0.004427163437
95258	0.002040518241
95259	0.002761647144
95260	0.001052786736
95261	0.001572995431
95262	0.003479521151
95263	0.002890275301
95264	0.001539993703
95265	0.01311295424
95266	0.002717129488
95267	0.0003918685482
95268	0.0007259770278
95269	0.001577691959
95270	0.008287527679
95271	0.006429481304
95272	0.0003595130193
95273	0.0026282763
95274	0.001024982311
95275	0.0007147961073
95276	0.002044785908
95277	0.006801025886
95278	0.001305922713
95279	0.002942355436
95280	0.0003274517968
95281	0.0008319585201
95282	0.002885666802
95283	0.002374328939
95284	0.0003947443306
95285	0.00157629139
95286	0.001387580801
95287	0.0007028340162
95288	0.000678070482
95289	0.001436871359
95290	0.001988894073
95291	0.001539662117
95292	0.004837195886
95293	0.004658880409
95294	0.003860712336
95295	0.004399968596
95296	0.0002016766275
95297	0.002100538454
95298	0.003228275335
95299	0.004317964427
95300	0.001627118974
95301	0.001778941242
95302	0.001005345489
95303	0.008117622969
95304	0.005871816398
95305	7.615654793e-05
95306	0.003032414724
95307	0.002626556483
95308	0.004824220766
95309	0.002805526172
95310	0.0007104255675
95311	0.001909154076
95312	0.0004999680195
95313	0.003092956335
95314	0.003314176661
95315	0.002234982065
95316	0.006818348149
95317	0.006805667937
95318	0.001427529306
95319	0.005477324875
95320	0.00180155886
95321	0.001923507486
95322	0.003425370543
95323	0.0009707101674
95324	0.001283293758
95325	0.002169975453
95326	0.003035062254
95327	0.004265114141
95328	0.002925548731
95329	0.001331293457
95330	0.004222726048
95331	0.002648931125
95332	0.0004295522322
95333	0.001728774831
95334	0.002857617034
95335	0.001230984738
95336	0.009261262408
95337	0.001836209088
95338	0.001875211376
95339	0.001010127165
95340	0.0004120323055
95341	0.003326903047
95342	0.001973925401
95343	0.002485237824
95344	0.002621042956
95345	0.00223413196
95346	9.878192321e-05
95347	0.005615504816
95348	0.0003443413488
95349	0.001704198635
95350	0.0008659996376
95351	0.005630144931
95352	0.005236530937
95353	0.0002933680347
95354	0.003190520477
95355	0.001459969426
95356	0.003126394569
95357	0.002182912629
95358	0.002083115695
95359	0.001294106509
95360	0.003140583802
95361	0.003390740551
95362	0.004564184565
95363	0.003625436818
95364	0.002750252155
95365	7.597326615e-05
95366	0.001268498702
95367	0.0004348843159
95368	0.002608124452
95369	6.383823961e-05
95370	0.001500732173
95371	0.0007647991765
95372	0.001605787517
95373	0.003207891053
95374	0.001801634986
95375	0.0005134244126
95376	0.001350024966
95377	0.002785407905
95378	0.0004754822411
95379	0.002018876204
95380	0.003709930355
95381	0.003938240017
95382	0.0001062871835
95383	0.003181332997
95384	0.001117359414
95385	6.760991135e-05
95386	0.00115647742
95387	0.002396005776
95388	0.001611876505
95389	4.896465991e-05
95390	0.00364788343
95391	0.001442966255
95392	0.001218700296
95393	0.001643597709
95394	0.001889339472
95395	0.000172686472
95396	0.000563473876
95397	0.005766820741
95398	0.004843379698
95399	0.0007510992708
95400	0.002260335918
95401	0.0007174689193
95402	4.328205131e-06
95403	7.435783998e-05
95404	0.002405462844
95405	2.851942089e-05
95406	0.001222895335
95407	0.002185467109
95408	0.001795912593
95409	0.0001486127909
95410	6.409234697e-05
95411	0.0009812414606
95412	0.0004200883812
95413	0.003558703013
95414	0.002261644611
95415	2.776479041e-05
95416	0.006474364074
95417	0.001904834109
95418	0.004060468843
95419	0.0004733492037
95420	0.001089463042
95421	0.0001153374569
95422	0.001287647723
95423	0.0009864244798
95424	0.0005337812616
95425	0.0004184114953
95426	0.002058580012
95427	0.000100010361
95428	0.001576785715
95429	0.0002339985209
95430	0.001163217611
95431	0.0003552382934
95432	0.004291450554
95433	0.003065898164
95434	0.001124460817
95435	0.002444318997
95436	0.001442904481
95437	0.004131560464
95438	0.002042941696
95439	0.003509057619
95440	0.004328681099
95441	1.38554933e-05
95442	0.005940631078
95443	0.003164830777
95444	0.005258326683
95445	2.024295118e-06
95446	0.0002629998591
95447	0.0005017800537
95448	0.002849911594
95449	0.0005427252545
95450	0.001421365518
95451	0.0006952407281
95452	0.003848964854
95453	5.28755262e-05
95454	0.002743633181
95455	0.005335270295
95456	0.002131574635
95457	0.003322344944
95458	0.002809785018
95459	0.002971793597
95460	0.001054523761
95461	0.001472910506
95462	0.003951702457
95463	0.0003869797048
95464	0.004402018292
95465	0.001959314588
95466	0.003012382708
95467	0.001613815905
95468	0.0004336576444
95469	0.007192376575
95470	0.001561723326
95471	0.0009972564091
95472	0.007560218125
95473	0.0009734468139
95474	0.00829308268
95475	0.0001209174584
95476	0.002123991034
95477	0.003372362778
95478	0.002385677846
95479	0.00340807991
95480	0.006815941372
95481	0.001690927537
95482	0.0005311669914
95483	0.004875999747
95484	0.003784986753
95485	0.005224586821
95486	0.002791397608
95487	0.001693287363
95488	0.001163286049
95489	0.0008758681978
95490	0.0002620100143
95491	0.001636442593
95492	0.001050621784
95493	0.003790557727
95494	0.009213314928
95495	0.001429491927
95496	0.002139746641
95497	0.0005006410488
95498	0.00309878806
95499	0.002013524643
95500	0.005005816306
95501	0.002170930969
95502	0.001285211502
95503	0.0003248884048
95504	0.001809721067
95505	0.002008751033
95506	0.001982766758
95507	0.001005938594
95508	0.002537932354
95509	0.0002299060836
95510	0.001589748031
95511	0.0002354597741
95512	0.0007649689503
95513	0.002335162922
95514	0.003866275986
95515	0.002131638995
95516	0.002137372971
95517	0.003977725677
95518	0.003117475887
95519	0.006685530842
95520	0.001654345722
95521	0.001114753027
95522	0.002697068358
95523	0.0002508959373
95524	0.00416865406
95525	0.0008905915006
95526	0.001085000104
95527	0.00298952415
95528	0.003842169916
95529	0.002895730564
95530	0.0006993890875
95531	0.001339521931
95532	0.001914425674
95533	0.0005152083262
95534	0.001447382102
95535	0.0003993335324
95536	0.0004140970923
95537	0.001488019722
95538	0.001038720575
95539	0.00173328147
95540	0.0006958779713
95541	0.003011133195
95542	0.004075667816
95543	0.0009004607866
95544	0.002812338796
95545	0.0008216800857
95546	0.0002921711827
95547	0.0001197229424
95548	0.004723234236
95549	0.002342322053
95550	0.001387338841
95551	0.002108154499
95552	0.004216103334
95553	0.000689925029
95554	0.00213826437
95555	0.001348783465
95556	0.002484042015
95557	0.001134609349
95558	0.003356065921
95559	7.753144514e-05
95560	0.001169415141
95561	0.0002845272979
95562	0.003488325316
95563	0.000316326397
95564	0.0001694765326
95565	0.0007503634547
95566	0.002197077721
95567	0.0004356489478
95568	0.001196316119
95569	0.0001836196198
95570	0.0005909881711
95571	0.0005722272132
95572	0.0002654745008
95573	0.0001104642894
95574	0.0005863119356
95575	3.935388272e-05
95576	6.672690093e-05
95577	0.001568803984
95578	0.0006341408099
95579	0.005681577413
95580	0.001141519343
95581	0.0001511472529
95582	0.000358529401
95583	0.0009480750333
95584	0.001748234914
95585	0.003620995765
95586	0.0007406732026
95587	0.00300936713
95588	0.001039902664
95589	0.003705462729
95590	0.003044133871
95591	0.0005604681839
95592	0.00191068835
95593	0.0009810742995
95594	0.0001242188597
95595	0.005635641651
95596	0.0002450145137
95597	0.002240469649
95598	0.0006835540983
95599	0.00102883086
95600	0.0001391620576
95601	0.0007011109214
95602	0.001519056255
95603	0.001043153226
95604	0.0003766131712
95605	0.004009120624
95606	0.0004967530535
95607	0.0003036222281
95608	0.0009605278204
95609	0.003343492065
95610	0.000680989859
95611	0.001961154839
95612	0.0002268597526
95613	0.001928715007
95614	0.001491210452
95615	0.007050890719
95616	0.002262234083
95617	0.001888586513
95618	0.001089346853
95619	0.0007780650675
95620	0.0004169685677
95621	0.005420917947
95622	0.002249904089
95623	0.001587858413
95624	0.003333909822
95625	0.007555160789
95626	0.0005568995496
95627	0.0005519288003
95628	0.0001492593475
95629	0.001685733249
95630	0.003444432413
95631	0.0008092235622
95632	0.0002459891696
95633	0.001220278364
95634	0.0005164349334
95635	0.0008388732549
95636	0.0002641873661
95637	0.0007683892
95638	0.0004084965196
95639	4.018631023e-05
95640	0.0002289368334
95641	0.0009653133236
95642	0.001005420914
95643	0.003680621557
95644	0.002487798154
95645	0.0004563028418
95646	0.002529161857
95647	0.002093751996
95648	0.001561280057
95649	0.003120786087
95650	0.00283208525
95651	0.0001880313535
95652	0.002610121573
95653	0.001087222093
95654	0.003814744832
95655	0.001682058923
95656	0.008302896025
95657	0.008662328954
95658	0.004027223979
95659	0.001824410354
95660	0.004512459318
95661	0.004829899545
95662	0.007128338986
95663	0.003217559893
95664	0.003440613446
95665	0.000300264331
95666	0.0001660326002
95667	0.005184575992
95668	0.001390513241
95669	0.0008894706629
95670	0.001601120037
95671	0.0008837678425
95672	0.001405969955
95673	0.002195501665
95674	0.002919855993
95675	0.002083291689
95676	0.001863870046
95677	0.0005849969065
95678	0.002070183025
95679	0.002572102214
95680	0.0006350994151
95681	0.001422864549
95682	0.001736282714
95683	0.000329138958
95684	2.457119074e-06
95685	0.0003783909231
95686	0.0002135777999
95687	0.0004811250077
95688	0.0005634045172
95689	0.002320545031
95690	0.0002911718746
95691	0.001961954773
95692	0.0007312149304
95693	9.85399558e-05
95694	0.0001233781582
95695	0.0003202783446
95696	0.0001111266434
95697	0.002742003476
95698	0.000531921425
95699	0.0005787351347
95700	0.002335066239
95701	0.0003248957312
95702	0.00134641747
95703	0.004867984968
95704	0.0005919309659
95705	0.001236300324
95706	0.0005110981259
95707	0.001937919732
95708	0.001110251653
95709	0.001430782477
95710	0.0002208725287
95711	7.811188488e-05
95712	0.0002979099148
95713	0.0004967150611
95714	8.487042689e-05
95715	0.0005520022481
95716	0.0001774793522
95717	0.000645771691
95718	0.000420083429
95719	0.0005660800529
95720	0.0001024568385
95721	0.0009369277576
95722	0.0009367833796
95723	0.001024464372
95724	0.0007969723626
95725	0.000571622282
95726	0.0007396406273
95727	0.0009297301849
95728	0.0005849967283
95729	0.0009445566879
95730	0.0008430686453
95731	0.0004044876784
95732	0.0002454908349
95733	0.0007524371113
95734	0.0001011513507
95735	0.001608643541
95736	0.0008113303318
95737	0.0006428052579
95738	2.601435859e-05
95739	0.0005046123912
95740	0.0004964659933
95741	0.001576529861
95742	0.00224524804
95743	0.002082437327
95744	0.001194793393
95745	0.001568208567
95746	0.004276998617
95747	0.001422815533
95748	0.001954292506
95749	0.003017619127
95750	0.0005528997502
95751	0.0006347382337
95752	0.001647583306
95753	0.001264917697
95754	0.004156235046
95755	0.0009992893551
95756	0.004999458851
95757	0.0001858824878
95758	0.001499653177
95759	0.004471260682
95760	0.002881494132
95761	0.004316528122
95762	0.002244716791
95763	0.0005872919493
95764	0.002764720296
95765	0.002176376636
95766	0.007241437354
95767	0.001301831042
95768	0.0003279900231
95769	0.004458061412
95770	0.002914061403
95771	0.001072843265
95772	0.001529825028
95773	0.004888662128
95774	0.002253292794
95775	0.004211106554
95776	0.001026578439
95777	0.00856922071
95778	0.00302603412
95779	0.001113133685
95780	0.0005297215693
95781	0.0005263473741
95782	0.002870526888
95783	0.002369554748
95784	0.0002011383031
95785	0.002124417931
95786	0.00223148602
95787	0.003668262026
95788	0.001797637764
95789	0.0007885478064
95790	0.001387201859
95791	0.006086494639
95792	0.003078494732
95793	0.000104527559
95794	0.003105416817
95795	0.001406168368
95796	0.00275930477
95797	0.001441372074
95798	0.0007893698562
95799	0.002226626687
95800	0.0004645946905
95801	0.00371923432
95802	0.002705165275
95803	0.003391541077
95804	0.0005566084353
95805	0.006454788049
95806	0.003120428012
95807	0.0009888843778
95808	0.0003800994785
95809	0.002900828928
95810	0.007632439974
95811	0.004570554733
95812	0.001730048765
95813	0.0003513642866
95814	0.001601516218
95815	0.0001464139609
95816	0.001309682602
95817	0.002115164341
95818	0.007593181556
95819	0.002046047908
95820	0.001843805093
95821	0.001611089862
95822	0.000772344852
95823	0.001146023611
95824	0.002089467446
95825	0.004394910987
95826	0.001272379718
95827	0.001187525227
95828	0.0007821375577
95829	0.001739677804
95830	0.004782428347
95831	0.004059729137
95832	0.0005155376606
95833	0.00412913491
95834	0.004247637859
95835	0.001520663377
95836	0.001594835711
95837	0.00093127489
95838	0.001185961853
95839	9.419055125e-05
95840	0.001169300509
95841	0.000495695465
95842	0.003225828563
95843	0.002640635819
95844	0.0008704486004
95845	9.516621424e-05
95846	0.001115698496
95847	0.0007576871903
95848	0.0001973319262
95849	0.001043592091
95850	0.004183203818
95851	0.001461993419
95852	0.0004301441774
95853	0.0002437102252
95854	0.0004471922681
95855	0.0001797528959
95856	1.941653442e-05
95857	0.0003302354847
95858	0.0001339568446
95859	5.542936019e-05
95860	0.0002819499289
95861	0.0001581158018
95862	0.0003801505839
95863	0.0002532852429
95864	0.0002343361798
95865	0.005874193205
95866	0.001976121509
95867	0.001456061835
95868	0.00147830343
95869	0.001085576385
95870	0.0008809898557
95871	0.004750822202
95872	0.00167597547
95873	6.446349485e-05
95874	0.002142296136
95875	0.0003887234564
95876	0.003388709362
95877	0.006052632339
95878	0.0007500033021
95879	0.001516372189
95880	0.00101057729
95881	0.000925721899
95882	0.0002492726788
95883	0.0009179181961
95884	0.0005208258245
95885	0.003868905178
95886	0.0006654639367
95887	0.0003596199562
95888	0.00045388104
95889	0.0002615972307
95890	0.002164525636
95891	0.0007850296619
95892	9.055784384e-06
95893	0.001619525342
95894	0.002998545679
95895	0.001014756389
95896	0.002498101703
95897	0.001946666437
95898	0.001292332652
95899	0.000370637037
95900	0.001775639499
95901	0.001733008941
95902	0.0006335819786
95903	0.003670438082
95904	0.003422086019
95905	0.001847297626
95906	0.005534130954
95907	0.0005712138039
95908	0.0004509820884
95909	0.001793478581
95910	4.098825113e-06
95911	0.003400838551
95912	0.000309806861
95913	0.007442626321
95914	0.0004094967715
95915	0.0009764065256
95916	0.002050073045
95917	0.001246396614
95918	0.0009132471763
95919	0.0001062552594
95920	0.0001602237452
95921	0.0001970259556
95922	0.0002493361895
95923	0.001524365082
95924	5.018854342e-06
95925	0.0005629429477
95926	0.0003025894694
95927	8.473135393e-05
95928	0.0001971539629
95929	0.0006734803273
95930	0.0001175710912
95931	0.0007906851623
95932	0.0001124847928
95933	0.002711462941
95934	0.001261856782
95935	0.0002122806475
95936	0.0008875245437
95937	0.0003322534472
95938	0.0003087448037
95939	0.0005171425189
95940	0.0001843522557
95941	0.0003186283661
95942	0.0003649660338
95943	2.786725536e-05
95944	0.0007307017388
95945	0.0006037922571
95946	0.0001506394778
95947	0.0001543284087
95948	0.0001804436945
95949	0.0005603112387
95950	4.242999341e-05
95951	9.799075479e-05
95952	2.998752953e-05
95953	0.0002621890663
95954	0.0005054190108
95955	0.0003452723814
95956	0.0003663178504
95957	8.532764202e-05
95958	2.687307738e-05
95959	0.0003296776992
95960	4.568135529e-05
95961	0.0002467591733
95962	6.734675481e-05
95963	6.842990346e-05
95964	0.0002851415294
95965	2.897376538e-05
95966	0.0001090744613
95967	6.457124343e-05
95968	0.000313992512
95969	0.0001326968309
95970	6.067413605e-05
95971	0.0001167117415
95972	0.0005396264498
95973	0.0001544129634
95974	4.767839945e-05
95975	0.0003153968471
95976	0.0006592228804
95977	5.903823399e-05
95978	0.0002019652185
95979	0.0001414677903
95980	0.000261181162
95981	5.588339554e-05
95982	0.0001754440751
95983	0.0001681198931
95984	0.0004773040835
95985	0.0001304149674
95986	0.003952145897
95987	0.0001401519874
95988	0.002988516638
95989	0.0006011013248
95990	0.005841560325
95991	0.004978788981
95992	0.003654500599
95993	0.001731558839
95994	0.003580009135
95995	0.001311128007
95996	0.003098403458
95997	0.00574392399
95998	0.005123334556
95999	0.0008584040641
96000	0.003528081139
96001	0.0005900108323
96002	0.0008338853054
96003	1.842027704e-08
96004	0.000156153409
96005	0.00130669089
96006	0.001290627777
96007	0.004947319242
96008	0.001066013637
96009	0.0009578013708
96010	0.002698432661
96011	0.001207298441
96012	0.003376047321
96013	0.0003476326099
96014	0.001994974105
96015	0.005230569575
96016	0.003416634479
96017	0.001497418034
96018	0
96019	0.0006597100883
96020	0.002385422199
96021	0.005037587361
96022	0.003763254488
96023	0.006549432601
96024	0.001218135727
96025	0.002286145224
96026	0.001476230588
96027	0.00365785458
96028	0.002573040002
96029	0.0002702520918
96030	0.003582561109
96031	0.003026119518
96032	0.0006750287443
96033	0.001616444351
96034	0.0005793955236
96035	0.001682987581
96036	0.001740051042
96037	1.466234009e-05
96038	0.000989402789
96039	0.0007912139579
96040	0.003003600712
96041	0.001037435149
96042	0.003290169362
96043	0.000260607962
96044	0.001649479344
96045	0.005323144874
96046	0.0007175721243
96047	0.001225157071
96048	0.0009112830863
96049	0.002139058927
96050	0.001356912187
96051	0.0005402290988
96052	0.0002758424381
96053	0.0003207323728
96054	0.0003117945542
96055	4.125374079e-05
96056	0.0008797745898
96057	0.001709683231
96058	0.0009394978515
96059	0.004296902271
96060	0.0003898552844
96061	0.0003662239187
96062	0.001357365884
96063	0.0003683498361
96064	1.655597197e-06
96065	0.0001062613846
96066	2.478550611e-07
96067	0.001738866191
96068	0.0003691790556
96069	0.001230661946
96070	0.001615189205
96071	0.0001644311523
96072	0.000218130221
96073	0.004630945244
96074	0.0006858993021
96075	0.004350127415
96076	0.005038308078
96077	0.003090463946
96078	0.006479046704
96079	0.0005968999382
96080	0.002610433105
96081	0.0006232223331
96082	0.005797928342
96083	0.002556935254
96084	0.004005359022
96085	0.002850106027
96086	0.00622372542
96087	0.0002875101118
96088	0.007454313266
96089	0.002164328736
96090	0.002490306444
96091	0.002265188946
96092	0.001745745286
96093	0.001212718617
96094	0.0004980179583
96095	0.001179425234
96096	0.002910745047
96097	0.00970975519
96098	0.001170413464
96099	0.0001603975932
96100	0.0007371919538
96101	0.001380539572
96102	0.001012899825
96103	0.0003900882787
96104	0.0006414755866
96105	0.0009334293057
96106	0.0004147912284
96107	0.006143069769
96108	0.0006553217379
96109	0.00161834964
96110	0.001530166381
96111	0.0001181048528
96112	0.0001273686465
96113	0.0004154887345
96114	0.002707588796
96115	0.004564031368
96116	0.001867693585
96117	0.006537824556
96118	0.001233118768
96119	0.00248397741
96120	0.008864104384
96121	0.004967275719
96122	0.001265372934
96123	0.00212746797
96124	0.0002987155793
96125	0.00226355186
96126	0.009041206021
96127	0.001347422212
96128	0.004908733212
96129	0.005724608228
96130	0.009035998134
96131	0.0002082358452
96132	3.725720104e-05
96133	0.0009351460136
96134	0.0004335359662
96135	0.0022805601
96136	0.002457261942
96137	0.0006435656865
96138	0.00781054267
96139	0.005621658349
96140	0.0005343270009
96141	0.001540674205
96142	0.0002518887277
96143	0.001434118091
96144	0.0008781007704
96145	0.001980967315
96146	0.001838319701
96147	0.002051613034
96148	0.001914262189
96149	0.0008651132875
96150	0.0003038922619
96151	0.001884123109
96152	0.00221740545
96153	0.0007467493178
96154	0.0006844465357
96155	0.0005515412124
96156	0.001463278246
96157	0.002143287038
96158	0.00220389505
96159	0.0006331459133
96160	0.001947293195
96161	0.001483234512
96162	0.000659979161
96163	0.001554979573
96164	0.00100825284
96165	0.002960517317
96166	4.207507077e-05
96167	0.0001267772537
96168	0.001012293684
96169	0.0007590847814
96170	0.000202102941
96171	0.001978508561
96172	0.001520553066
96173	0.0006801064735
96174	0.002375760528
96175	0.0006178165583
96176	0.0002827982247
96177	0.001123777457
96178	0.0004146095983
96179	0.002193633752
96180	0.003327125667
96181	0.0006859584878
96182	0.000476217406
96183	0.001920301282
96184	0.0001934458763
96185	0.001813887576
96186	0.001153802191
96187	0.0002002001415
96188	0.000160541071
96189	0.002516819993
96190	0.002202636121
96191	0.002625316777
96192	0.002741337632
96193	0.00177499188
96194	0.001281921977
96195	0.0008633936577
96196	0.001367683348
96197	0.001368643129
96198	0.002043530032
96199	0.0009462323465
96200	0.0007376978438
96201	0.0005961358691
96202	0.001030155417
96203	0.0004296243356
96204	0.001408121032
96205	0.00067841104
96206	0.0005668627565
96207	0.0002430609162
96208	0.003587695175
96209	0.001487377192
96210	0.0004340204465
96211	0.0006064487327
96212	0.00259407145
96213	0.001656416083
96214	0.0006857097397
96215	0.0009034115377
96216	0.0003713611269
96217	0.0007983618046
96218	0.0007694258897
96219	0.002380954916
96220	0.001019682801
96221	0.0007853963526
96222	0.001393457852
96223	0.001712315219
96224	0.000639995676
96225	0.001959818643
96226	0.0002178585392
96227	0.001397156229
96228	0.001141878628
96229	0.0007390886905
96230	0.002312618135
96231	0.001605343609
96232	0.001302659636
96233	0.003753988911
96234	0.0002801636963
96235	6.854691608e-05
96236	0.003759258978
96237	0.0004306760821
96238	0.0004392288973
96239	0.001035782333
96240	0.002413592879
96241	0.002538762994
96242	0.001151665955
96243	0.0006752670681
96244	0.000294018976
96245	0.002681425468
96246	0.002621690863
96247	0.0003237822021
96248	0.001543027696
96249	0.0009012460562
96250	0.00111694988
96251	0.003881947537
96252	0.001647324294
96253	0.001421447174
96254	0.002918175126
96255	0.001110229597
96256	0.00117573205
96257	0.0002326843586
96258	0.0005045806506
96259	0.001418156168
96260	0.001510304257
96261	0.001001362537
96262	0.0029358591
96263	0.0008127718508
96264	0.004858839674
96265	0.002286763586
96266	0.0007282763698
96267	0.000736787963
96268	0.0006959203341
96269	0.0005675205907
96270	0.0005701098258
96271	0.001561354276
96272	0.000743374786
96273	0.00112401511
96274	0.003342679221
96275	0.002180955086
96276	0.0003314732374
96277	0.001030236303
96278	0.001425747735
96279	0.001928847912
96280	0.001854104412
96281	0.0009693572563
96282	0.0003503766582
96283	6.829268183e-05
96284	0.0003785487351
96285	0.002000361832
96286	0.0002037129318
96287	0.002417058636
96288	0.001082158669
96289	0.000178725796
96290	0.0007836158869
96291	0.001130558046
96292	0.002070967628
96293	0.001061450084
96294	0.0001447493857
96295	0.0007885505787
96296	0.001029349095
96297	0.0008608882499
96298	0.0005036253029
96299	0.00232778703
96300	0.0002749308395
96301	0.0009587241136
96302	0.0004032413326
96303	0.0006649057293
96304	0.0004713024826
96305	0.005550949399
96306	0.001411557298
96307	0.006560188698
96308	0.0008745431316
96309	0.002788952977
96310	0.001969392219
96311	0.003788846356
96312	0.003311819808
96313	0.0003191378593
96314	0.002000444384
96315	0.004297499093
96316	0.0006781055518
96317	0.002179491952
96318	0.001658334244
96319	0.004359081144
96320	0.001846222552
96321	1.877506726e-06
96322	0.001432787806
96323	0.001035223283
96324	0.0009655768636
96325	0.002170185166
96326	0.005040324899
96327	0.001259332749
96328	0.001115580942
96329	0.003112794587
96330	0.005041908639
96331	0.0006834157838
96332	0.002296716159
96333	0.001447945571
96334	9.531575371e-05
96335	0.003502029046
96336	0.001101765856
96337	0.001171753528
96338	0.005656773716
96339	0.0006474505957
96340	0.003774376987
96341	0.0004195344193
96342	0.002065629496
96343	0.0002039550134
96344	0.001806059958
96345	0.003741002946
96346	0.0008075398292
96347	0.0009288820141
96348	0.0002182153468
96349	0.003136513818
96350	0.0002165961466
96351	0.0008808005844
96352	0.00131764858
96353	0.001513049071
96354	0.0004376988947
96355	0.002994986585
96356	0.002271311907
96357	0.004297273504
96358	0.004824429582
96359	0.003669593175
96360	0.0001369252608
96361	0.0003753795512
96362	0.001371050259
96363	0.002817845931
96364	0.0008971115562
96365	0.0008037883997
96366	0.0009448243267
96367	0.004977199136
96368	0.001209939912
96369	0.001380260159
96370	2.794905252e-05
96371	0.001079817745
96372	0.0007705681933
96373	0.006517419687
96374	3.373814778e-05
96375	0.002163538982
96376	7.304402165e-05
96377	0.002977791931
96378	0.001191495984
96379	0.0002532686771
96380	7.999296156e-06
96381	0.001849060976
96382	0.0003039015107
96383	0.003225936824
96384	0.001200241552
96385	0.002104580548
96386	0.005993061029
96387	2.829355692e-05
96388	0.003801211606
96389	0.007085991208
96390	0.005272006677
96391	0.003283619972
96392	0.002882446336
96393	0.004279017948
96394	0.001941282643
96395	0.0007395587109
96396	0.00366668576
96397	1.044471769e-05
96398	0.007615280509
96399	0.001651386846
96400	0.001156099908
96401	0.003068860422
96402	0.003471171895
96403	0.005667396718
96404	0.002687980855
96405	0.0004783392708
96406	0.0005975267743
96407	0.001360699401
96408	0.001906078378
96409	0.001518806207
96410	0.001121914015
96411	0.002080248155
96412	0.0009571314661
96413	0.0005647180887
96414	0.001596885022
96415	0.0001629676648
96416	0.0001450187625
96417	0.0001853385692
96418	0.0003384572113
96419	0.000398207111
96420	0.001036892015
96421	0.000159348374
96422	0.0004884088328
96423	0.0001330782636
96424	7.649591055e-05
96425	4.022091591e-05
96426	0.0002064542508
96427	0.00297952669
96428	0.001051436497
96429	0.0002150669562
96430	0.002155649478
96431	0.00267553512
96432	0.002812147803
96433	0.005364587837
96434	0.0056982924
96435	0.002198664823
96436	0.0006433575754
96437	0.002129138907
96438	0.0009805158121
96439	0.001067061147
96440	0.0008151609343
96441	0.001927155495
96442	0.002778235375
96443	0.0001256416909
96444	0.0006897618971
96445	0.0006242368435
96446	0.0008446419347
96447	0.004233579229
96448	0.00421354555
96449	0.002534059808
96450	0.001604264803
96451	0.001080734339
96452	0.0005732916303
96453	0.000129939774
96454	0.0003807761042
96455	0.003352777825
96456	0.003538295489
96457	0.0009501115422
96458	0.0003936097674
96459	0.0003201537706
96460	0.002931420894
96461	0.0001629820279
96462	0.003021889267
96463	0.001153060717
96464	0.002195613366
96465	0.004312127577
96466	0.0005142917973
96467	0.002974177615
96468	0.000376304098
96469	0.0006407163259
96470	0.0002232163006
96471	0.0003569620949
96472	2.16548063e-05
96473	0.0002621948349
96474	0.0009013907274
96475	9.35101086e-05
96476	0.001038429963
96477	0.0001831007702
96478	0.001142030027
96479	0.0004649172185
96480	0.001071410531
96481	0.001428155729
96482	0.0013507427
96483	0.001553153932
96484	0.001193965681
96485	0.001471759981
96486	0.0007431633288
96487	0.001134442076
96488	0.001453895568
96489	0.001372044712
96490	0.001122175971
96491	0.001176923325
96492	0.001247494558
96493	0.001820460244
96494	0.0004131325108
96495	0.00163333004
96496	0.001343881285
96497	0.001000818629
96498	0.0003727433622
96499	0.002809016348
96500	3.51101805e-05
96501	0.0008505773735
96502	0.001578094752
96503	0.001937037947
96504	0.005815170176
96505	0.0001157043533
96506	0.0003821553671
96507	0.0004734091592
96508	0.0004563466008
96509	8.721433629e-05
96510	0.000867417931
96511	0.000533587331
96512	0.003969858679
96513	0.001709406175
96514	0.0009946644316
96515	0.004307669066
96516	0.001372508614
96517	0.0005677068895
96518	0.0009165946768
96519	0.002889977759
96520	0.002677613713
96521	2.126979017e-05
96522	0.0005020643678
96523	0.00187026867
96524	0.002880871466
96525	0.001959136347
96526	0.003337065703
96527	0.00124408833
96528	0.001819489098
96529	0.001591507878
96530	0.001257307208
96531	0.004355606221
96532	0.0008952735092
96533	0.002152148331
96534	0.0003784876754
96535	0.001146904938
96536	0.001786831936
96537	0.003478660002
96538	0.0004756194484
96539	0.0003192558173
96540	0.001528543672
96541	0.00335268895
96542	0.002174501083
96543	0.004086198429
96544	0.004390403961
96545	0.0002942038709
96546	0.0005331942783
96547	0.0002866789703
96548	0.002214189704
96549	0.0008422072724
96550	0.001170324836
96551	0.002539995412
96552	0.0009428569028
96553	0.000798490469
96554	0.0002129708536
96555	0.00129724082
96556	0.004532985247
96557	9.474275103e-06
96558	0.001292948443
96559	0.0002626635047
96560	0.001533181514
96561	0.0005285586036
96562	0.001230248009
96563	0.002262956852
96564	0.004698620002
96565	0.002636613505
96566	0.003203166035
96567	0.0005575446735
96568	0.002490931384
96569	0.0002919884594
96570	0.001864218274
96571	0.0002233457871
96572	0.00259175122
96573	0.001773370016
96574	0.005951953262
96575	1.794220047e-05
96576	0.0009991094162
96577	0.002413951973
96578	0.0001625041945
96579	0.0002791475856
96580	0.003121712763
96581	0.001669164458
96582	0.002128250537
96583	0.000501666065
96584	6.552206981e-05
96585	0.001329081139
96586	0.00150624653
96587	0.00318929848
96588	0.0002597717244
96589	0.00154310107
96590	0.003072656264
96591	6.373858078e-05
96592	0.005245078753
96593	0.003612886861
96594	0.005152761167
96595	0.0001498303806
96596	0.0003826620862
96597	0.0002450739644
96598	0.0006862065233
96599	0.003495876487
96600	0.0006921305605
96601	0.003135210547
96602	0.001803532294
96603	0.003582116271
96604	0.0004278960469
96605	8.803078001e-05
96606	0.001646531952
96607	0.004018843001
96608	0.00754112176
96609	0.004987386443
96610	0.0009139858708
96611	0.0004710751131
96612	0.0009368334013
96613	7.019127066e-05
96614	0.0003241196398
96615	0.000282416635
96616	0.001225652782
96617	0.0001577414463
96618	0.003779756611
96619	0.0004464291465
96620	0.0002053811243
96621	0.003014702405
96622	0.0009316672512
96623	0.0002713728172
96624	0.001354799066
96625	1.300134842e-05
96626	0.0008446514613
96627	0.004459793773
96628	0.0002577583993
96629	0.0005412864326
96630	0.001339776734
96631	0.0005645732197
96632	0.0006811567658
96633	0.006782274519
96634	0.001324777709
96635	0.0003261230782
96636	0.0008804499054
96637	6.211309539e-05
96638	0.00257048581
96639	7.817236456e-05
96640	0.0003201143697
96641	0.005398904989
96642	2.043157763e-06
96643	0.0007869915195
96644	0.0005549001439
96645	0.0001176747951
96646	2.385763901e-06
96647	0.001594479801
96648	0.0003047384786
96649	0.0007290254391
96650	7.780996834e-06
96651	0.0003500207881
96652	0.001300991838
96653	0.001089796942
96654	0.0008208110725
96655	0.001226812625
96656	0.004680537446
96657	0.004914205094
96658	0.0005972808621
96659	0.0006381497871
96660	7.980991293e-05
96661	0.0002681534926
96662	0.001731067116
96663	0.0005149093716
96664	0.001263773175
96665	0.002048449688
96666	0.0009032147959
96667	0.0001213211767
96668	0.0002590332036
96669	0.0006755341187
96670	0.001854537348
96671	0.003053295897
96672	9.298543823e-05
96673	4.295786527e-05
96674	0.000850959593
96675	0.0004708412018
96676	0.0007904160631
96677	0.00261675066
96678	0.002735883268
96679	0.002452739297
96680	0.002093803877
96681	0.001909758673
96682	0.002412364191
96683	0.00382553351
96684	0.002403580518
96685	0.001851204723
96686	0.0002671244059
96687	0.001490642456
96688	0.002398223887
96689	0.001868470452
96690	0.003067308286
96691	0.003053054487
96692	0.00411375762
96693	0.002590076463
96694	0.002125556788
96695	0.002651712887
96696	0.001459895311
96697	0.002003428522
96698	0.003806514063
96699	0.001444897119
96700	0.001049943815
96701	0.005136785303
96702	0.001298038703
96703	0.0008935343327
96704	0.0001690509144
96705	0.000996969051
96706	0.0008880600945
96707	0.002105775756
96708	0.0001128517553
96709	0.0005172652925
96710	0.004339925208
96711	0.002007324898
96712	0.002009790893
96713	0.0004542161152
96714	6.772767486e-05
96715	0.0005093297625
96716	0.0003078620336
96717	0.0006915363906
96718	0.002528868078
96719	0.001421027046
96720	0.002036840746
96721	0.0004200913266
96722	0.001908984525
96723	0.001988157007
96724	0.0002130521655
96725	0.00112321233
96726	7.244573264e-05
96727	0.004509942086
96728	0.001029421001
96729	1.103828061e-05
96730	0.001941325146
96731	0.0007987739462
96732	0.0008068378325
96733	0.0002964827175
96734	0.001039174798
96735	0.00024695212
96736	0.001149791525
96737	0.001292474752
96738	0.000660101003
96739	0.001009772459
96740	0.0001389948345
96741	0.0002093438106
96742	0.000253685925
96743	0.000444020305
96744	0.001121263709
96745	0.003414848536
96746	9.129006774e-05
96747	0.0005064298398
96748	0.0005172781918
96749	0.004454212289
96750	0.0005232713762
96751	0.003168533863
96752	0.0013100582
96753	0.0001009539138
96754	0.002513173427
96755	0.0006645295501
96756	0.0007125024071
96757	0.001214130907
96758	0.001475864431
96759	0.002156921318
96760	0.002198328887
96761	0.001309532633
96762	0.002636465118
96763	0.001360145172
96764	0.002413644673
96765	0.001400459349
96766	0.001695882567
96767	0.0009145676379
96768	0.00101470648
96769	0.003124509326
96770	0.0007962621767
96771	0.003516286945
96772	0.00245076207
96773	0.0008082021687
96774	0.002907850257
96775	0.004933255943
96776	0.004718570117
96777	0.003670677156
96778	0.00190646972
96779	0.0006346705304
96780	0.0008621015906
96781	0.003798683141
96782	0.000335474949
96783	0.0001368944995
96784	2.144365897e-05
96785	0.0005704859783
96786	0.001343667432
96787	0.0002696792043
96788	0.0005541220421
96789	0.0005787759556
96790	0.0005248600355
96791	0.0004223559858
96792	0.0009343656266
96793	0.0002819596778
96794	5.496973445e-05
96795	0.0005498252783
96796	0.0004086648153
96797	0.0003825940685
96798	0.001104148932
96799	3.817090743e-07
96800	0.0001465194293
96801	0.001025812457
96802	0.0005488770678
96803	0.0001863596792
96804	0.0003670616542
96805	0.0002705863151
96806	0.00090219718
96807	0.0006354187243
96808	0.0005517837446
96809	0.0001390052804
96810	0.0009382131116
96811	0.000278279475
96812	0.000331023602
96813	0.0001433836133
96814	0.0004194027648
96815	0.0009155847837
96816	0.0007551194136
96817	0.0001266809547
96818	0.000533353802
96819	0.001035969036
96820	0.001827780679
96821	0.0007125387637
96822	0.0007447646091
96823	0.0002874040605
96824	0.0002760579804
96825	0.0004036454284
96826	0.0005225898297
96827	0.001575153843
96828	0.0007777939247
96829	0.0009601663356
96830	0.0001378635776
96831	0.000282726797
96832	0.0001246762869
96833	0.0006371533557
96834	0.0002818266757
96835	0.001649134956
96836	0.0004970066047
96837	0.0005319422698
96838	0.0004907628076
96839	0.0009785201463
96840	0.001094988505
96841	0.0003870338435
96842	0.001095617762
96843	0.0005268821013
96844	0.001654233077
96845	0.0004254425514
96846	0.00110080184
96847	0.001707803818
96848	0.0004123138832
96849	0.0004919218114
96850	0.00124775992
96851	0.0001150014072
96852	0.0001071206603
96853	0.0009909392492
96854	0.0006464179554
96855	0.0006900449181
96856	0.0004262743003
96857	0.0002724614986
96858	0.0007048872132
96859	0.001559273165
96860	0.0006489710011
96861	0.000273673233
96862	0.0003044035418
96863	0.0004310117999
96864	0.0006896565655
96865	0.001393521803
96866	0.0004515055066
96867	0.0006936555589
96868	0.001025885845
96869	0.0002922142961
96870	0.0004746389408
96871	0.00043933562
96872	0.0005531015164
96873	2.154149065e-07
96874	0.0001747839465
96875	0.0004075916003
96876	9.586629811e-06
96877	0.0009827888738
96878	0.001109535543
96879	0.0006021177472
96880	0.00127155629
96881	0.0007049775655
96882	0.000149875397
96883	0.0007874328524
96884	0.0008434227143
96885	0.0009782087127
96886	9.92136588e-07
96887	0.0004029126648
96888	0.0002772312966
96889	0.0003040484966
96890	0.0007236467019
96891	0.0001664085811
96892	0.0004046826677
96893	0.0008466692792
96894	0.0004134387226
96895	0.0003809145344
96896	0.001833273924
96897	0.0003701673016
96898	0.001291183476
96899	0.0009494708846
96900	0.0008080602091
96901	0.0001413620997
96902	0.000236508071
96903	0.0008182977737
96904	0.0004172977854
96905	0.00117727345
96906	0.0003898558941
96907	0.0001475347893
96908	0.0002362225565
96909	0.001254280189
96910	0.0001120993186
96911	0.0001644367135
96912	0.0008245795757
96913	0.000972369404
96914	0.0001288391868
96915	0.00023643439
96916	0.000597105112
96917	0.0004160268424
96918	0.0002591951651
96919	3.162147558e-07
96920	0.0008605728336
96921	0.0001190717708
96922	0.0001652270473
96923	0.0005294796311
96924	0.001099357335
96925	0.0008343016212
96926	0.000752566287
96927	0.001316692229
96928	0.002173082585
96929	0.0007928665103
96930	0.0008117156888
96931	0.0001601214817
96932	0.001408307256
96933	0.002423240846
96934	0.002278548865
96935	0.0007369564305
96936	0.004562996092
96937	0.00136005006
96938	0.003873264007
96939	0.0005869579624
96940	0.001719212223
96941	0.0007133819044
96942	0.001036036861
96943	0.0001078611069
96944	0.002169588401
96945	0.0002178940562
96946	0.0009567754082
96947	0.0005777787193
96948	0.001004370164
96949	0.0007134486303
96950	0.001292127389
96951	0.000817366007
96952	0.001012665015
96953	7.060332867e-05
96954	0.002462490828
96955	0.00053118946
96956	0.001080551267
96957	0.000935404747
96958	0.002799368716
96959	0.001086020742
96960	0.0002318489358
96961	0.0007683878308
96962	0.0008330200478
96963	0.001335519541
96964	0.001570954507
96965	0.00095543827
96966	0.001517995122
96967	0.003132930756
96968	0.0003591563341
96969	0.0003299430236
96970	0.003203154547
96971	0.001199195809
96972	0.001817727865
96973	0.0003288224888
96974	0.0009095720908
96975	0.0004547424114
96976	0.003308736525
96977	0.0009541168636
96978	0.002086162755
96979	0.0009701788678
96980	0.001368504718
96981	0.0003372010631
96982	0.0008486379673
96983	0.001070097951
96984	0.0009318569702
96985	0.0002335301557
96986	0.0009043611494
96987	0.002973439948
96988	0.0002319313651
96989	0.002393457824
96990	0.001107676059
96991	0.001172312233
96992	0.0009518099554
96993	0.003256734722
96994	0.001614057857
96995	0.0003247184576
96996	0.0001281115313
96997	0.004059404465
96998	0.001708120486
96999	0.001729403461
97000	0.001466652874
97001	0.0007377872832
97002	0.001278533396
97003	0.003890504251
97004	0.0008901297438
97005	0.0005366385231
97006	0.001130506933
97007	0.002348317504
97008	0.0009416401106
97009	0.0009014522696
97010	0.001208351638
97011	0.001435214337
97012	0.0006288280218
97013	0.0006833119566
97014	0.001012352787
97015	0.003959514262
97016	7.835019698e-05
97017	0.000939783746
97018	0.0003627055916
97019	0.001715889184
97020	0.000634667557
97021	0.001262663518
97022	0.0009624631926
97023	0.00171414264
97024	0.0001162264176
97025	0.001739856311
97026	0.001792735886
97027	0.0006177885273
97028	0.0003400919272
97029	0.001315471755
97030	0.001438113564
97031	0.001865213194
97032	2.178425505e-05
97033	0.000789183435
97034	0.0009273445531
97035	0.0007418134871
97036	0.001466087605
97037	0.002714046586
97038	0.0004906081013
97039	0.006839284162
97040	0.00337151208
97041	0.001428284297
97042	0.001217651615
97043	0.002238766926
97044	0.004194419449
97045	0.001509892355
97046	0.004516335749
97047	0.0007167673756
97048	0.001550821755
97049	0.001170122342
97050	0.001807486623
97051	0.0009420970455
97052	0.0006658347508
97053	7.756625772e-05
97054	0.001235679703
97055	0.0001912573349
97056	0.003321443947
97057	0.0005810590322
97058	0.0004905635778
97059	0.0006924642638
97060	0.001211433202
97061	0.0008373431672
97062	0.004549501873
97063	0.001137899647
97064	0.00390149921
97065	0.0008402379138
97066	0.001041448477
97067	0.005466351632
97068	0.001253748186
97069	0.002216418139
97070	0.0003055388702
97071	1.55040595e-05
97072	0.002337582336
97073	0.0009152162571
97074	0.002017684859
97075	0.0008734318587
97076	0.0002525277994
97077	0.0005345896451
97078	0.0006269977692
97079	0.002583557428
97080	0.0008736099008
97081	0.002026872103
97082	0.001205218683
97083	0.001418700383
97084	0.001820053368
97085	0.002659415963
97086	0.0006541326953
97087	0.0009437301464
97088	0.0009409507012
97089	8.992914453e-05
97090	0.0001675433736
97091	0.0008742220138
97092	0.0009193585535
97093	0.002123829034
97094	0.001229126413
97095	4.665845489e-05
97096	0.0005407898279
97097	0.002095264832
97098	0.0008982247807
97099	0.001342657022
97100	0.003819954705
97101	0.000535048399
97102	0.0008462888199
97103	0.002804705433
97104	0.0008050079911
97105	0.0009763213454
97106	0.0005524833182
97107	0.001877997541
97108	0.002326423002
97109	0.0002222561983
97110	0.0001974977668
97111	0.001601590129
97112	0.001636889574
97113	0.0009449237372
97114	0.001180294532
97115	0.005091178798
97116	0.00382412979
97117	0.001162297953
97118	0.00201170305
97119	0.002776584318
97120	0.001070544788
97121	0.001203876041
97122	2.309131945e-05
97123	0.002873157229
97124	0.0008488297167
97125	0.001322670117
97126	0.0001024804412
97127	0.001059982791
97128	0.0005894216741
97129	0.0009391669948
97130	0.002625586993
97131	0.0007274788221
97132	0.002219355668
97133	0.0006809714173
97134	0.001184088984
97135	0.0007467209334
97136	0.0007381487515
97137	0.002081693631
97138	0.0004580804923
97139	0.003714210632
97140	0.001253419838
97141	0.000979024758
97142	0.001092260996
97143	0.001238663151
97144	0.0006161185017
97145	0.001443724108
97146	0.001546010149
97147	0.0005125009807
97148	0.002025468834
97149	0.002915903819
97150	0.00111166091
97151	0.000937600696
97152	0.001078666124
97153	0.0008429272221
97154	0.003372878571
97155	0.001700619764
97156	0.0009518862125
97157	0.002397633407
97158	0.000512014872
97159	0.001431212066
97160	0.0001106891488
97161	0.0006509331682
97162	0.0001771416079
97163	0.001404120298
97164	6.078649991e-05
97165	0.001769726169
97166	0.002376848366
97167	0.001123279246
97168	0.00190232565
97169	0.000116173429
97170	0.003486597964
97171	0.0009629191409
97172	0.003016211589
97173	7.780629668e-05
97174	0.0008007366667
97175	0.0009802431056
97176	0.001040499313
97177	0.001617158879
97178	0.00117677832
97179	0.0005154043846
97180	0.000776896734
97181	1.609012406e-05
97182	0.0008475840704
97183	0.001263032616
97184	0.0005309971106
97185	0.0006070564622
97186	0.0004809316275
97187	0.001919779192
97188	0.0008880950428
97189	0.00020870602
97190	0.0004937583547
97191	0.001855256948
97192	0.0005543838588
97193	0.001943595871
97194	0.0006022747842
97195	0.001396382301
97196	0.002161566479
97197	0.0001439732718
97198	0.0009085302728
97199	0.0003730118381
97200	0.002424982777
97201	0.001092808951
97202	0.00275648224
97203	0.0004123142963
97204	0.0008719915815
97205	0.001041984659
97206	0.0006722586978
97207	0.0009345607243
97208	0.0008351234596
97209	0.001373849268
97210	0.001456245369
97211	0.001160368528
97212	0.0007665993135
97213	0.003420782964
97214	0.0009700494674
97215	0.0008673100819
97216	0.002001896535
97217	0.0005956544154
97218	0.001384274036
97219	0.001269835696
97220	0.001150451334
97221	0.001618158629
97222	0.0004488989782
97223	0.00289565059
97224	0.0003011443085
97225	0.0003036370489
97226	0.0005473744799
97227	0.001286351483
97228	0.0007417678675
97229	0.0008820964507
97230	0.001694580177
97231	0.001102806656
97232	0.0003048065425
97233	0.002914045063
97234	0.001315703752
97235	0.0001591511756
97236	0.00073365262
97237	0.0007036397237
97238	0.001326935514
97239	0.001136391944
97240	0.002276976371
97241	0.001126903106
97242	0.000353756191
97243	0.001437847071
97244	0.001360620602
97245	0.002684975201
97246	0.001013863715
97247	0.001237770283
97248	0.001499808672
97249	0.0008815793381
97250	0.001272797377
97251	0.000680022109
97252	6.00304657e-05
97253	0.0004272039369
97254	0.001961404392
97255	0.0007153552583
97256	0.0005945563691
97257	0.001116791053
97258	0.0009943712276
97259	0.001007974339
97260	0.004287757995
97261	0.001907162656
97262	0.0005695887334
97263	0.001463951255
97264	0.0005144813557
97265	0.0008704245655
97266	0.001077479136
97267	0.001279518155
97268	0.00161882461
97269	0.004980866134
97270	0.0002902298979
97271	0.0003039147675
97272	0.001638839977
97273	0.001770971022
97274	0.00399361203
97275	0.00301669546
97276	0.0003141494949
97277	0.0004465981002
97278	0.001262497862
97279	0.0009441080293
97280	0.0004866871204
97281	0.0005841395522
97282	0.001734819805
97283	0.001296110181
97284	0.001286594408
97285	0.001222288329
97286	0.0001244486292
97287	0.0005216736444
97288	0.001569623672
97289	0.001435101443
97290	0.001806489587
97291	0.0003578625356
97292	0.001328361956
97293	0.002806181511
97294	0.0001989373624
97295	0.000466152507
97296	0.001116373788
97297	0.0005654416601
97298	0.0008900968987
97299	0.00117588591
97300	0.002482967995
97301	0.0009372050925
97302	0.003217702118
97303	0.001998849603
97304	0.000251049734
97305	0.0002093879599
97306	0.0002532300578
97307	0.002458561269
97308	0.001262192882
97309	0.003717726823
97310	0.0001398163791
97311	0.00135879527
97312	0.0003237530279
97313	0.001114522506
97314	0.0006324264351
97315	0.0007339600001
97316	0.0005258291683
97317	0.001009251107
97318	0.003660503201
97319	0.002014405861
97320	0.0003439233828
97321	0.0005669727759
97322	0.001022644686
97323	0.000698793383
97324	0.002269247069
97325	0.0003940800002
97326	0.002048891106
97327	0.003346400753
97328	0.0003177943176
97329	0.0003377712715
97330	0.0008044303733
97331	0.001495217568
97332	0.001714270492
97333	0.001163561276
97334	0.002247392909
97335	0.001094982463
97336	0.001084333009
97337	0.002181473888
97338	0.0008028811564
97339	0.0004734882446
97340	0.0004160325875
97341	0.005333261935
97342	9.273053054e-05
97343	0.0007986003219
97344	0.002286372254
97345	0.001146368325
97346	0.001388560614
97347	0.001973301761
97348	0.002674543374
97349	0.0009170499431
97350	0.001774574583
97351	0.0003915373771
97352	0.001504977095
97353	0.0002834829159
97354	0.0002185068542
97355	0.001326788149
97356	0.0003044702255
97357	0.0009686249279
97358	0.005892505262
97359	0.0008716376872
97360	0.00166111413
97361	0.0006198821735
97362	0.0008398043931
97363	0.001009870821
97364	0.0008069021681
97365	0.0003795803225
97366	0.0001563257256
97367	0.002240269388
97368	0.0002464217245
97369	0.0001751694221
97370	0.001310320085
97371	0.0001982384941
97372	0.004596443162
97373	0.0007322987586
97374	0.003346085983
97375	0.0004988378229
97376	0.00110566306
97377	0.003002333108
97378	0.0005464004851
97379	0.004447041634
97380	0.001800885453
97381	0.001007293756
97382	0.0009990935016
97383	0.001128693243
97384	0.0004845831412
97385	0.0006768341398
97386	0.0009996589004
97387	0.002487934504
97388	0.001758789719
97389	0.000481222258
97390	0.00190499972
97391	0.00320875581
97392	0.0007855872588
97393	0.000379033428
97394	0.0005017618584
97395	0.004803713668
97396	0.002206771571
97397	0.0008116052211
97398	0.0007657226154
97399	0.0001899302
97400	0.001497494578
97401	0.0007015377126
97402	0.002799269682
97403	0.001516296817
97404	0.0005402849722
97405	0.0007031620052
97406	0.001553290332
97407	0.002071588993
97408	0.0003196287637
97409	0.001762815433
97410	0.000450840946
97411	0.0007071179486
97412	3.248021278e-05
97413	0.0015374338
97414	0.0007753853673
97415	0.002448001648
97416	0.0002831083536
97417	0.001314009215
97418	4.910549744e-05
97419	0.0006557642048
97420	0.001631344087
97421	0.0009304840414
97422	0.0006330805895
97423	0.001653984735
97424	0.001026445478
97425	0.0003213843552
97426	0.0008068809196
97427	0.0002966675803
97428	0.0005213147673
97429	0.002059418614
97430	0.003964085203
97431	0.002007881933
97432	0.001845780337
97433	0.004549243736
97434	0.005128353698
97435	0.001208666036
97436	0.0009125470831
97437	0.000895379084
97438	0.001164811478
97439	0.0008400579831
97440	0.0006458997932
97441	0.00187075491
97442	0.0009764476434
97443	0.001051239222
97444	0.001645534251
97445	0.00302225286
97446	0.0002880004599
97447	0.00260765537
97448	0.002272371596
97449	0.002838703474
97450	0.002145940737
97451	0.001790451444
97452	0.0005164654347
97453	0.001070869908
97454	0.004455604526
97455	0.004254405893
97456	0.0007932140179
97457	0.00234459734
97458	0.0004280127216
97459	0.001997894068
97460	0.0002503807408
97461	0.0007156106182
97462	0.001100546368
97463	0.001998511888
97464	0.0002040292475
97465	0.00202364303
97466	0.002892534611
97467	0.00156795184
97468	0.0007927431017
97469	0.0003358840096
97470	0.0001395263368
97471	0.0001084433385
97472	0.00168012821
97473	0.001008370764
97474	0.0005120902776
97475	6.616822407e-06
97476	0.0001338179393
97477	0.0008510556101
97478	0.00373432005
97479	0.001552523323
97480	0.00131678778
97481	0.0007330328018
97482	0.0004214857378
97483	0.0002164310006
97484	0.0001496059178
97485	0.001292277744
97486	0.000538363605
97487	0.001931680087
97488	0.0008054461356
97489	0.000468554843
97490	0.0003232220984
97491	0.0004723164402
97492	0.001257928121
97493	0.0004674798809
97494	0.001199806785
97495	0.0007971843427
97496	0.0001790041478
97497	0.0006941649771
97498	0.0005072766731
97499	0.002457961812
97500	0.001080510741
97501	0.002586128413
97502	0.001481115573
97503	0.002992111807
97504	0.0002290346047
97505	0.001119426631
97506	0.0008002065815
97507	0.003511583933
97508	0.0003562212978
97509	4.766218647e-05
97510	0.003160489732
97511	0.003240989132
97512	0.0004417440748
97513	0.001140818122
97514	0.002167877772
97515	0.001010161776
97516	0.002857405981
97517	0.002197262935
97518	0.0002578220737
97519	0.002357977968
97520	0.0001145407614
97521	0.001709281592
97522	0.002071044724
97523	0.001189087977
97524	0.001617402412
97525	0.001832118994
97526	0.001190222458
97527	0.002025466066
97528	0.002071846215
97529	0.0002861403297
97530	0.005408041332
97531	0.000522730021
97532	0.004309776229
97533	0.003514660027
97534	0.005547505659
97535	5.791144636e-06
97536	0.0007613023717
97537	5.308206514e-05
97538	0.0001404520322
97539	0.002229315609
97540	0.0001949886793
97541	0.0008005354505
97542	0.0003998168715
97543	0.001228826123
97544	0.002071426581
97545	0.004673633957
97546	0.002753813965
97547	0.006619998226
97548	0.006524678838
97549	0.005368694345
97550	0.006555335725
97551	0.002192863512
97552	0.006964314265
97553	0.000948382874
97554	0.005873741288
97555	0.0008310879397
97556	0.001107432315
97557	0.00287803868
97558	0.001619734329
97559	0.001524161566
97560	0.0001290795978
97561	0.001235879062
97562	0.0004780787916
97563	0.0009782437327
97564	0.002546383616
97565	0.0005949779164
97566	0.0009404890172
97567	0.001124431505
97568	0.007408623845
97569	0.003704570867
97570	0.001276550435
97571	0.0003902227409
97572	0.006671518806
97573	0.001552721554
97574	0.002788195393
97575	0.00237834156
97576	0.001094518979
97577	0.001631347105
97578	0.002673651492
97579	0.0004146711918
97580	0.002117104029
97581	0.0003557451741
97582	0.002639949515
97583	0.000899599995
97584	0.001438154789
97585	0.000923668014
97586	0.0003893826594
97587	0.003265493356
97588	0.00022915708
97589	0
97590	0.0006046729708
97591	0.007526199397
97592	0.001042765848
97593	0.0005078143187
97594	0
97595	0.0006220258252
97596	0.004079225028
97597	0.004981761271
97598	0.00131858511
97599	0.0006665327949
97600	0.001293152516
97601	0.0006332241762
97602	0.001036571444
97603	0.00328996094
97604	0.003547483512
97605	0.0009823366347
97606	0.002804306209
97607	0.002229477147
97608	0.003208565406
97609	2.543085987e-05
97610	0.001066351152
97611	0.0006260665668
97612	0.000578704595
97613	0.0004201223127
97614	0.002484133764
97615	0.001333185143
97616	0.0009049882095
97617	0.003453769621
97618	0.003343153189
97619	0.000599146123
97620	7.820535097e-05
97621	0.0001068983578
97622	0.001446677064
97623	0.001263021651
97624	0.001206143646
97625	0.001190536002
97626	0.00200597057
97627	0.0002669228611
97628	0.0004270852698
97629	0.005235199967
97630	0.001909590643
97631	0.004433571773
97632	1.650246302e-05
97633	0.001161265392
97634	0.000484476256
97635	0.001898233491
97636	0.0002123825521
97637	0.0005521976427
97638	0.00320565982
97639	0.002371853524
97640	0.0006961706749
97641	0.002687669893
97642	0.001102143345
97643	0.002786137766
97644	0.001267397611
97645	0.0001233221044
97646	0.001233258374
97647	0.005738859319
97648	0.0005269421471
97649	0.0009119433312
97650	0.00565143769
97651	0.0004408010115
97652	0.00016688431
97653	0.002375188393
97654	0.001034418795
97655	0.0006040211639
97656	0.0007288303003
97657	0.002521110941
97658	0.0052951971
97659	0.0008736065165
97660	0.0007203141048
97661	0.002412299616
97662	0.004775665737
97663	0.0006984116795
97664	0.000828355023
97665	0.005191659221
97666	0.0008125933416
97667	0.001710103963
97668	0.0004288255525
97669	0.0002507013121
97670	0.00246095833
97671	0.004071510525
97672	0.000667565319
97673	0.003543383527
97674	0.003409301382
97675	0.001112738829
97676	0.0005134330758
97677	0.001254115409
97678	0.001805037812
97679	0.0009679475871
97680	0.001050580184
97681	3.524513522e-05
97682	0.001518039124
97683	0.001596461892
97684	0.0003476945321
97685	0.0005562435978
97686	0.000373672522
97687	0.0008358628762
97688	0.002062762871
97689	0.001218074821
97690	0.002573946244
97691	0.0003401922355
97692	0.00070924251
97693	0.0006956258276
97694	0.004684766112
97695	0.001212055361
97696	0.003052780805
97697	0.000331523865
97698	0.001203035161
97699	0.001533731036
97700	0.001238242039
97701	0.002310796691
97702	8.6760357e-05
97703	7.772751006e-05
97704	0.0008549241136
97705	0.00208353618
97706	0.002649491221
97707	0.0009268570283
97708	0.0005814101977
97709	2.883212881e-05
97710	0.00126232273
97711	0.003538656267
97712	0.0009408389213
97713	0.0009392984958
97714	3.017236944e-05
97715	0.0008698181294
97716	0.000603010641
97717	0.0007057588584
97718	0.001589765155
97719	0.003714412716
97720	0.0009568111503
97721	0.001457475638
97722	0.001016176502
97723	0.00377777554
97724	0.002667678427
97725	0.0004304167502
97726	0.002750177898
97727	0.0005422257699
97728	0.0001906198297
97729	0.000675699733
97730	0.001509643384
97731	3.73097533e-05
97732	0.0003131472124
97733	0.000444998885
97734	0.0001062901537
97735	1.627532993e-05
97736	0.0006887377184
97737	0.0003207070856
97738	0.001650713801
97739	0.0009836908031
97740	0.001194282537
97741	0.0007281225035
97742	0.001452586678
97743	0.005125107141
97744	0.001198957342
97745	0.0008116940225
97746	0.0003027500858
97747	0.001797512216
97748	0.0003590901751
97749	0.003080210313
97750	0.0006771016908
97751	0.0009042207014
97752	0.003109655766
97753	0.0003469562112
97754	0.001548611711
97755	0.003861348293
97756	0.003690545738
97757	0.004411619945
97758	0.001337550707
97759	0.0006447636489
97760	0.001793161306
97761	0.000848735252
97762	0.001839733498
97763	0.001529073862
97764	0.00124042746
97765	0.0009627961869
97766	0.0009322455726
97767	0.0008031887503
97768	7.254965823e-05
97769	0.0002364489613
97770	0.0001959208016
97771	0.004841759251
97772	0.0004234565484
97773	0.001240830532
97774	0.003893663211
97775	0.0008864443484
97776	0.0004754773944
97777	0.0006339196899
97778	0.0007108060231
97779	0.001192264907
97780	0.002617842989
97781	0.002800095298
97782	0.001518172026
97783	0.001704782878
97784	0.004786386284
97785	0.003078829336
97786	4.845761539e-05
97787	0.0003239308168
97788	0.0040293153
97789	0.002751543016
97790	0.0005850389562
97791	0.001304916425
97792	0.001939753536
97793	0.0005909162509
97794	0.001214538791
97795	0.005579980423
97796	0.00162959779
97797	0.0002561842403
97798	0.003847396725
97799	0.001558379747
97800	0.0001683006603
97801	0.0001605921312
97802	0.001271963522
97803	0.0006073002254
97804	0.001331966094
97805	0.00082250285
97806	0.001006139203
97807	0.0009810583123
97808	0.001714295545
97809	0.00472626148
97810	0.0005379839907
97811	0.0008544540027
97812	0.0003701907405
97813	0.00479457299
97814	0.00383263904
97815	0.0003489536129
97816	0.0003976260491
97817	0.001555484555
97818	0.001716407049
97819	0.0005691144278
97820	0.0009627983153
97821	0.001069676361
97822	0.001213131281
97823	0.0004809357972
97824	0.001604906933
97825	0.001452711975
97826	0.001961107662
97827	0.005821494819
97828	0.0002255355867
97829	0.006879807933
97830	0.001465254393
97831	0.002614608638
97832	0.009550023069
97833	0.001005434393
97834	8.25049727e-05
97835	0.00168473122
97836	5.012743469e-06
97837	0.0001039460771
97838	0.001024237892
97839	0.004935882828
97840	0.002725628438
97841	0.003095854217
97842	0.0007254560612
97843	0.0009137799638
97844	0.002389446509
97845	0.0001350330562
97846	0.002963374668
97847	0.003114968778
97848	0.003102397362
97849	0.003915704889
97850	4.96958797e-05
97851	0.0002262576689
97852	0.0003239635718
97853	0.004389654144
97854	0.001002201044
97855	0.0003051227171
97856	0.001036332973
97857	0.001429582849
97858	0.0004503693957
97859	0.0002305040408
97860	0.0007854301668
97861	0.002094299381
97862	0.005539228637
97863	0.0009892216975
97864	0.005850186383
97865	0.002180544557
97866	0.001678605883
97867	0.0001830175927
97868	0.004970873458
97869	0.003119702149
97870	0.00436023476
97871	0.002895004369
97872	0.0005781560358
97873	0.004611083055
97874	0.002633920531
97875	0.002467852449
97876	0.0007530419492
97877	0.004770740297
97878	0.005523901172
97879	0.0007784414609
97880	0.0002960680761
97881	0.001712276346
97882	0.000190457737
97883	0.002684951021
97884	0.0009941733114
97885	0.003740566339
97886	0.004480204928
97887	0.0001812391886
97888	0.0001592882694
97889	0.003487096212
97890	0.007152108022
97891	0.001230922277
97892	0.0001846601406
97893	0.00162763864
97894	0.003830138168
97895	0.0009596827601
97896	0.0007139222358
97897	0.0002990671099
97898	0.005626221812
97899	0.002478292125
97900	0.00210776698
97901	0.002742811799
97902	0.0002562313796
97903	0.001071266416
97904	0.001710519114
97905	0.001122858067
97906	1.060362175e-05
97907	0.000755957869
97908	0.0007486165864
97909	0.000955928384
97910	0.0009695458491
97911	0.0009107257084
97912	0.00092128245
97913	0.0006036189428
97914	2.394636016e-07
97915	0.0008114726855
97916	0.0006548315092
97917	0.0009624741489
97918	1.197318008e-07
97919	0.002263371246
97920	0.0002712699702
97921	0.002698560991
97922	8.718903089e-05
97923	0.001724366738
97924	0.003219345144
97925	0.001464078167
97926	0.002921366922
97927	0.006134947971
97928	0.000616635088
97929	0.001469216724
97930	0.0006160030519
97931	0.002485465272
97932	0.0006036567701
97933	0.004972544947
97934	0.003125638853
97935	0.002589666663
97936	0.001091239546
97937	0.004249953453
97938	0.001238552122
97939	0.0009055464899
97940	0.002612759608
97941	0.004266964131
97942	0.002147539112
97943	0.0002654460266
97944	0.0002284124852
97945	0.002031281193
97946	0.002296571998
97947	0.002561829552
97948	0.0005306683216
97949	0.001002593363
97950	0.006218001016
97951	0.002737886188
97952	0.0008669848203
97953	0.003732331034
97954	0.001303908121
97955	0.0002165754733
97956	0.007753580921
97957	0.003073980562
97958	0.0007235418583
97959	0.0005167236758
97960	0.002930247779
97961	0.001763752604
97962	0.0004948127991
97963	0.001137762066
97964	0.001182080235
97965	0.0009955301912
97966	0.002044598256
97967	0.002492295561
97968	0.003805296778
97969	0.001880205562
97970	0.0018236972
97971	0.0016063187
97972	4.732368705e-05
97973	0.003168904379
97974	0.0004611864867
97975	0.0004293480161
97976	0.001379824077
97977	0.001215053817
97978	0.001646141639
97979	0.0007403719394
97980	0.001166878039
97981	0.003237648364
97982	0.005135827181
97983	0.002249439836
97984	0.003550286237
97985	0.0005047168217
97986	0.0009766874069
97987	0.0001590538728
97988	0.0021281856
97989	0.0005662741437
97990	0.0003197170443
97991	0.0007261079477
97992	0.0001526144172
97993	0.0002940043716
97994	0.00269735132
97995	0.002463679131
97996	0.003763696477
97997	0.0006357488134
97998	0.001412051765
97999	0.0007842473631
98000	0.001426842838
98001	0.002422667162
98002	3.519917291e-05
98003	0.001249000766
98004	0.001689525513
98005	0.003775468202
98006	0.002699659647
98007	0.0002518860388
98008	0.002762799186
98009	0.0005615138445
98010	0.004782575627
98011	0.0008624819682
98012	0.0004062765653
98013	0.0002633063742
98014	7.027429127e-05
98015	0.001064750123
98016	0.00528465119
98017	0.001708367195
98018	0.004511580933
98019	0.000969154579
98020	0.0004136652573
98021	0.0007122870327
98022	0.002588081253
98023	0.001965438426
98024	0.000236529965
98025	0.001801421184
98026	0.0008664932433
98027	0.003199500733
98028	0.001620491193
98029	0.006424081559
98030	0.00107895039
98031	0.0002128875383
98032	0.0003670476744
98033	0.000781880337
98034	0.0006492357965
98035	0.000144097806
98036	0.001932007393
98037	0.001761247891
98038	0.0003880145487
98039	0.001167164654
98040	0.001215199451
98041	0.0006164991937
98042	0.002159954856
98043	0.003673108577
98044	0.0009296911539
98045	0.001294004121
98046	0.0003670476744
98047	0
98048	0.001417159197
98049	0.007045633531
98050	0.001270753475
98051	0.003419684021
98052	0.001271265259
98053	0.00433414511
98054	0.001797252645
98055	0.002747589091
98056	0.005248549474
98057	0.002403032018
98058	0.00394499819
98059	0.00607689264
98060	0.0003348839177
98061	0.001963023205
98062	0.0003188212367
98063	0.002431411647
98064	0.001443792787
98065	0.00200732823
98066	0.0002019980251
98067	0.00210348736
98068	0.002040557691
98069	0.001791517255
98070	0.0001410436128
98071	0.0005534314633
98072	0.0002109308691
98073	0.000948589502
98074	0.0004275312724
98075	0.001163612535
98076	0.0003102083508
98077	0.002028611959
98078	0.001312069665
98079	0.00108534264
98080	0.004737853723
98081	0.0006174167741
98082	0.001798302106
98083	0.0002966088658
98084	0.001728241988
98085	0.0005645864842
98086	7.359278859e-05
98087	0.001002362788
98088	0.0007144434643
98089	0.001711069825
98090	0.004229647175
98091	6.016434667e-05
98092	0.003057340032
98093	0.0003099588444
98094	0.001787811264
98095	8.250339078e-05
98096	0.00269420433
98097	0.002578862762
98098	0.002001003414
98099	0.002699420884
98100	0.003908746142
98101	0.000898890312
98102	0.001925797265
98103	0.001002596419
98104	0.002085128436
98105	0.0007083847381
98106	0.003587213265
98107	0.002326194421
98108	0.0002603597195
98109	0.001380046055
98110	0.0007650093075
98111	0.006539296759
98112	0.002734042167
98113	0.001436336634
98114	0.003323412743
98115	0.001698013133
98116	0.003295968773
98117	0.000155992032
98118	4.668562369e-05
98119	0.00137219829
98120	0.002173568954
98121	0.0009269606183
98122	0.002851867971
98123	0.0005744862669
98124	0.0008126570793
98125	0.002649184342
98126	0.006016271124
98127	0.0001506348844
98128	0.003574439766
98129	0.0007058978724
98130	0.0008035482226
98131	0.005697940571
98132	0.001506193363
98133	0.002741458429
98134	2.654020603e-05
98135	0.0003696397999
98136	0.001613230459
98137	0.005110823078
98138	0.004930194974
98139	0.0008240241295
98140	0.002866985924
98141	0.002508736231
98142	0.002277102211
98143	0.0002649239766
98144	0.0005296164074
98145	0.001350731532
98146	0.0001059735836
98147	0.001972512152
98148	0.001269092245
98149	4.243667706e-05
98150	0.001813951347
98151	0.0001960076479
98152	0.002761924982
98153	0.0007750678976
98154	0.003769925728
98155	0.0004308826517
98156	0.002826249419
98157	0.002787308583
98158	0.0004396505271
98159	0.001894134834
98160	0.00244581235
98161	0.004358739666
98162	0.00444210689
98163	0.002413126079
98164	0.0006631963445
98165	0.0003824435247
98166	0.0001557605391
98167	0.001511097516
98168	0.001214484746
98169	0.002458592655
98170	0.00229267885
98171	0.005125272876
98172	0.0003815026182
98173	0.0005848874328
98174	0.0007959107732
98175	0.0004341153817
98176	0.003787611922
98177	0.002893540419
98178	0.0003394248644
98179	0.007413713227
98180	0.0009496737178
98181	0.001473232123
98182	0.002631429416
98183	0.0006959415177
98184	0.0008541111228
98185	0.0007042484947
98186	0.00169971927
98187	0.0003735490489
98188	0.007173334115
98189	0.001033488094
98190	0.002034071229
98191	0.002370008842
98192	0.003057310384
98193	0.007854121906
98194	0.002878876919
98195	0.003201115773
98196	0.006160171199
98197	0.002066751743
98198	0.001447324822
98199	0.0004232568195
98200	0.0005658335884
98201	0.0003868252813
98202	0.004115224821
98203	0.00218699328
98204	0.002300509172
98205	0.002961341817
98206	0.002590399544
98207	0.0004937374262
98208	0.001250047845
98209	0.001315196377
98210	0.0007296993331
98211	0.0006881976225
98212	0.001188830792
98213	0.0003287576209
98214	0.0008147400962
98215	0.001046243927
98216	0.001608100319
98217	0.0005935351682
98218	0.002208542419
98219	0.00149298768
98220	0.0037461983
98221	0.00211704947
98222	0.004636467243
98223	0.0009600550255
98224	0.004288525718
98225	0.002123371323
98226	0.001377760739
98227	0.003816601707
98228	0.003017734097
98229	0.000837211795
98230	0.0005388271517
98231	0.003325563199
98232	0.001979783764
98233	0.0002879458995
98234	0.001854247567
98235	0.0008050087144
98236	0.0004275627991
98237	0.003204835669
98238	0.001816979383
98239	0.004345902448
98240	6.931446141e-05
98241	0.0002188053089
98242	0.0001533050868
98243	0.0002055350955
98244	0.0001263932216
98245	0.0006907141938
98246	0.000257930618
98247	0.0004023586536
98248	0.000260284077
98249	0.0002187498316
98250	0.000419930008
98251	0.0001012403688
98252	0.005940669479
98253	4.300799855e-05
98254	0.0004392054689
98255	1.445466266e-05
98256	0.0001522126093
98257	9.972665095e-05
98258	0.0001611181926
98259	0.0001047048585
98260	8.556772158e-05
98261	0.000137618599
98262	0.0001489632859
98263	6.100722549e-05
98264	3.711262435e-05
98265	0.0008969284767
98266	0.0003704667846
98267	6.161910485e-05
98268	0.0002334690069
98269	0.0002625257822
98270	7.387153914e-05
98271	0.0002130505576
98272	0.0003684272949
98273	3.351778854e-05
98274	0.0001747172534
98275	0.0009668490224
98276	0.003967251035
98277	0.002492142131
98278	0.004889082094
98279	0.002021290442
98280	0.0005387393105
98281	0.00545368215
98282	0.001024451634
98283	0.001537281301
98284	0.0005693404446
98285	0.0003502288232
98286	0.002304952754
98287	0.006351834568
98288	0.001011234467
98289	0.004158801296
98290	0.00277964744
98291	0.001913417302
98292	0.0009098831043
98293	0.003082288247
98294	0.003098010896
98295	0.003332962268
98296	0.0009195524835
98297	0.00265930983
98298	0.001213028263
98299	0.002130654686
98300	0.005721358449
98301	0.003675772722
98302	0.001564910892
98303	0.001493832779
98304	0.000946381686
98305	0.0004237156287
98306	0.001611299286
98307	0.0007413873821
98308	0.00240794543
98309	0.0008604458143
98310	0.0006436743029
98311	0.005665630123
98312	0.0009916553581
98313	0.001857004444
98314	0.002208559994
98315	0.0005041594024
98316	0.002594147427
98317	0.001067155209
98318	0.005087437273
98319	0.001453233597
98320	0.002846957257
98321	0.001393979929
98322	0.003674353889
98323	0.0009232997024
98324	0.006669796456
98325	0.00311806364
98326	0.003752948354
98327	0.003895607934
98328	0.001677482211
98329	0.002539079869
98330	0.0004296602908
98331	6.629914209e-05
98332	0.0005664000096
98333	0.001417888805
98334	0.002176186007
98335	0.002687628574
98336	0.0014301194
98337	0.0002492533534
98338	0.001348008236
98339	0.002973044495
98340	0.003040363568
98341	0.0001274899651
98342	0.001621595196
98343	2.530792525e-05
98344	0.003709530214
98345	0.003577736674
98346	0.001286417013
98347	0.001598764522
98348	0.001872040533
98349	1.28211813e-05
98350	0.005275443269
98351	0.006250135558
98352	0.001096120669
98353	0.002877327644
98354	0.0006984472167
98355	0.000184771458
98356	0.003466944021
98357	0.001434857836
98358	0.001738534502
98359	0.004831913834
98360	0.005833136632
98361	0.0006898917722
98362	0.00356165566
98363	0.001221007789
98364	0.0005553759217
98365	0.001429224165
98366	0.003165824003
98367	0.000844254281
98368	0.001484006707
98369	0.001698915639
98370	0.006722667931
98371	0.002359018322
98372	0.0005868821186
98373	0.0005293958306
98374	0.0001531474997
98375	0.007619026466
98376	0.001271558494
98377	0.001084741237
98378	0.002062670312
98379	0.001227347808
98380	0.00223082266
98381	0.003469885797
98382	0.003472800432
98383	0.001560128941
98384	0.0001036312479
98385	0.0001290142915
98386	0.002140254143
98387	0.002546693102
98388	0.003381543064
98389	0.006135735024
98390	0.001047544119
98391	0.00241595201
98392	0.0009225523962
98393	0.000539012564
98394	0.004237869222
98395	0.0028801639
98396	0.004247820406
98397	0.002273720926
98398	0.003216193528
98399	0.005900390969
98400	0.002432260225
98401	0.0003442988208
98402	0.0003530071533
98403	0.00417895519
98404	0.003876343146
98405	0.001115278322
98406	0.0004827304298
98407	0.0006236935724
98408	0.003624286061
98409	0.001027594411
98410	0.004625615096
98411	0.003668829735
98412	0.001593759417
98413	0.002375253209
98414	0.0001363575484
98415	0.002387126213
98416	0.0007510316376
98417	0.003773096137
98418	0.002054315134
98419	0.003286511883
98420	0.00249685664
98421	0.002857297181
98422	0.001818315658
98423	0.003683057106
98424	0.003403973227
98425	0.008157512419
98426	0.001899335275
98427	0.004925976021
98428	0.0002359112689
98429	0.008593030506
98430	0.0001344153492
98431	0.001205608457
98432	0.001143026365
98433	0.01076122572
98434	0.0007255813631
98435	0.0006335333863
98436	0.003679645221
98437	0.004964123405
98438	0.004262161228
98439	0.0001825785133
98440	0.003960549413
98441	0.001031460638
98442	0.006290463862
98443	0.001202935515
98444	0.007529691225
98445	0.0008126788134
98446	0.0004516673787
98447	0.004332425482
98448	0.002044710497
98449	0.003545507599
98450	0.005955341487
98451	0.001580606407
98452	0.0008954847133
98453	0.003184017692
98454	0.001485178243
98455	0.007862680724
98456	0.001874175559
98457	0.01119935585
98458	0.003258482434
98459	0.0001226037968
98460	0.0008768443502
98461	0.003765874933
98462	0.006306481163
98463	0.001955948576
98464	0.0009049132088
98465	0.001064729267
98466	0.008461770611
98467	0.002340190757
98468	0.00556883917
98469	0.0003894936438
98470	0.004018237987
98471	0.002476502643
98472	0.002002374875
98473	0.003244140533
98474	0.003410696796
98475	0.002051850311
98476	0.001850646671
98477	0.00283010047
98478	0.004446500656
98479	0.0005853791971
98480	0.002947339103
98481	0.004156845334
98482	0.007870591551
98483	0.004646008624
98484	0.003791986062
98485	0.004168467751
98486	0.002544044271
98487	0.0009434115612
98488	0.003930453947
98489	0.004694300077
98490	0.001190655445
98491	0.00455273172
98492	0.002992653801
98493	0.0002271846536
98494	0.001073012608
98495	0.0007590352682
98496	0.002623848969
98497	0.003337613045
98498	0.003590046931
98499	0.002563137135
98500	0.00511202434
98501	0.001850794854
98502	0.004828425621
98503	0.001626968732
98504	0.005842990787
98505	0.004752351456
98506	0.00237213896
98507	0.0002851694884
98508	0.00307706003
98509	0.003153910536
98510	0.0007174012819
98511	0.0060932568
98512	0.000478919993
98513	8.168532852e-05
98514	0.00130376553
98515	0.0003262048906
98516	0.003531510878
98517	0.002369920512
98518	0.001439838776
98519	0.002896382856
98520	0.003870000392
98521	1.506785224e-05
98522	0.004222984419
98523	0.0008046580611
98524	0.00618309295
98525	0.0009055511831
98526	0.005756323911
98527	0.0002972924698
98528	0.001885832673
98529	0.009445276299
98530	0.0005434503258
98531	0.001688319605
98532	0.006079098843
98533	0.007231738265
98534	0.0005099457295
98535	0.004983370281
98536	0.001559071655
98537	0.003465730785
98538	0.00374968116
98539	0.002323672415
98540	0.001197788597
98541	0.002377066032
98542	0.002881814097
98543	0.003879927985
98544	0.005454386306
98545	0.0005064702695
98546	0.000752007935
98547	0.001211783139
98548	0.0005674419792
98549	0.0006152413133
98550	0.003592516145
98551	0.003017866775
98552	0.008732237746
98553	0.0001900123964
98554	0.001124636991
98555	0.0006881719193
98556	0.01081336019
98557	0.002534116715
98558	0.002974062251
98559	0.005044748166
98560	0.003217170902
98561	0.003308114478
98562	0.002857272833
98563	0.006011208578
98564	0.003513601973
98565	0.004084121424
98566	0.001729114981
98567	0
98568	0.0006117877114
98569	0.00359071131
98570	0.0007721513096
98571	0.0007053294972
98572	0.0008535553099
98573	0.002226565853
98574	0.000853540572
98575	0.003581339801
98576	0.001132142625
98577	0.0008439977238
98578	0.002448916264
98579	0.0005959512365
98580	0.007595266602
98581	0.007526305836
98582	0.003688623222
98583	0.002605560244
98584	0.00167371529
98585	0.004595435973
98586	0.003138735522
98587	0.00373784246
98588	0.002301445088
98589	0.0004193587468
98590	0.001460652468
98591	0.0009104877504
98592	0.002683239812
98593	0.003193350195
98594	0.006559115354
98595	0.005683542744
98596	0.006878875056
98597	0.00471201132
98598	0.001518391016
98599	0.001623977711
98600	0.002573978773
98601	0.00344180955
98602	0.003607701732
98603	0.007535417648
98604	0.0002638200414
98605	0.002353600909
98606	0.002198675803
98607	0.000758106677
98608	0.00282190931
98609	0.002671995445
98610	0.003284991871
98611	0.004532961924
98612	0.004142103769
98613	0.003219928769
98614	0.0007941083054
98615	0.01086915016
98616	0.000360560199
98617	0.002801520422
98618	0.0006575499383
98619	0.004217670864
98620	0.0008910615609
98621	0.004009075715
98622	0.0001797030923
98623	0.001123762948
98624	0.0001493729146
98625	0.002278948509
98626	0.006385440335
98627	0.0004340500069
98628	0.0003749033954
98629	0.004412651056
98630	0.002718976883
98631	0.0008424955331
98632	0.0003412865097
98633	0.001045918026
98634	0.001121016046
98635	0.006607571466
98636	0.005145832843
98637	0.007160649366
98638	0.00250086529
98639	0.00698377926
98640	0.001655515017
98641	0.01051557888
98642	0.0002324645918
98643	0.003473406532
98644	0.005584942024
98645	0.00253611635
98646	0.0005665961153
98647	0.0003057253887
98648	0.005579469175
98649	0.00113851606
98650	0.006972995045
98651	0.001383315508
98652	0.0005383608353
98653	0.0008720427374
98654	0.0001600491421
98655	0.003331726041
98656	0.002893201037
98657	0.001637112793
98658	0.002689053707
98659	0.003530981104
98660	0.0004067396847
98661	0.002466141062
98662	0.0002063154761
98663	0.003408421832
98664	0.0001614326157
98665	0.00638096309
98666	0.005483636138
98667	0.007484162673
98668	0.001651551288
98669	0.002950676582
98670	0.002850192707
98671	0.000295291891
98672	0.002513619983
98673	0.002659133397
98674	0.001110710069
98675	0.001802755009
98676	0.0001524890199
98677	0.000147720757
98678	0.0007009614102
98679	0.0002244088048
98680	0.0006580043234
98681	0.0009887514338
98682	0.001563180382
98683	0.000842527189
98684	0.001880576142
98685	0.0002836014717
98686	0.002139716456
98687	0.001427264917
98688	0.001868497661
98689	0.004304443903
98690	0.0005946690991
98691	0.00157376475
98692	0.0008715079284
98693	0.000898090872
98694	0.002809058617
98695	0.0005791696635
98696	0.004545554577
98697	0.0002747243516
98698	0.0006902473038
98699	0.001199049788
98700	0.001699487138
98701	0.003161593669
98702	0.001248863258
98703	0.0005023155504
98704	0.0008704179408
98705	0.004244340133
98706	0.0003799364971
98707	0.002095465518
98708	0.0008284196856
98709	0.0008819865302
98710	0.0005697014516
98711	0.002649752913
98712	0.001567986168
98713	0.001983888977
98714	0.002005652925
98715	0.0008606685281
98716	0.0001310905625
98717	0.002946925347
98718	0.001871413912
98719	0.002392707162
98720	0.000574107185
98721	0.001045040574
98722	0.006526325509
98723	0.002812956353
98724	0.001482936568
98725	0.0050994959
98726	0.003481588794
98727	0.001964044729
98728	0.004364697571
98729	0.0003863670198
98730	0.003490834732
98731	0.001569584599
98732	0.0005199634688
98733	0.007329873187
98734	0.00176892324
98735	0.002479803442
98736	0.006322188541
98737	0.006381632775
98738	0.002680503215
98739	0.00181727028
98740	0.003360804132
98741	0.0009702883108
98742	6.774112584e-05
98743	0.002112102975
98744	0.0005585150364
98745	0.004585329485
98746	0.002269488295
98747	0.002030092545
98748	0.002671981383
98749	0.002072454663
98750	0.00550801037
98751	0.0002123058229
98752	0.002634469633
98753	0.01067077358
98754	0.002266652197
98755	0.001684359026
98756	0.001534097963
98757	0.00425852921
98758	0.003343172128
98759	0.001378071094
98760	0.0001248985958
98761	0.0004512944355
98762	0.0008122874026
98763	0.003088953039
98764	0.0005880359917
98765	0.002773536258
98766	0.0001426984594
98767	0.001347087995
98768	0.001113747079
98769	0.0007395153332
98770	0.002439656998
98771	0.002756347918
98772	0.003187112253
98773	0.0004438194121
98774	0.003749293836
98775	0.0009466784077
98776	0.0001856272269
98777	0.002947845422
98778	0.0006274865679
98779	0.003517689635
98780	0.001520100988
98781	0.0007079098273
98782	0.002929592581
98783	0.002380056771
98784	0.002046462407
98785	3.044920367e-05
98786	0.0003456928435
98787	4.266231993e-05
98788	2.061714841e-05
98789	0.0001882919542
98790	0.0004288398844
98791	0.0004235137212
98792	0.0005876067364
98793	0.0008454626006
98794	0.002035047548
98795	0.002455817535
98796	0.002110200878
98797	0.0002915448164
98798	0.0002066538428
98799	0.0002929275152
98800	0.0004243001139
98801	0.0007686684044
98802	0.0006613089678
98803	5.607336394e-05
98804	0.0005387997609
98805	0.0005341700756
98806	0.0006944376802
98807	0.0001361814591
98808	0.0001544476643
98809	0.0001059668097
98810	0.0001395755047
98811	0.0001692635422
98812	0.001796681288
98813	2.380933542e-05
98814	0.0008885087924
98815	0.0001391625177
98816	0.001685950495
98817	0.0001413887393
98818	1.883951012e-05
98819	0.0002665359305
98820	0.001139227882
98821	0.005443701273
98822	0.0006499549141
98823	0.001378014834
98824	0.001275172366
98825	0.001689111608
98826	0.001745197184
98827	0.001142543258
98828	0.0007337548167
98829	0.0002439658137
98830	0.0002391003407
98831	0.00156786703
98832	0.001719061005
98833	0.00212629006
98834	0.002206499331
98835	0.003013432815
98836	0.001053469789
98837	0.001095386934
98838	0.00229367912
98839	0.0002317973942
98840	0.002132345602
98841	0.001559433112
98842	0.002791760382
98843	0.002397269429
98844	0.0008308334653
98845	0.000874146478
98846	0.00234462467
98847	0.0009270145605
98848	0.001387688414
98849	0.001164784821
98850	0.004678057088
98851	0.001256128531
98852	0.001484028129
98853	0.001467056757
98854	0.001770419497
98855	0.001661821175
98856	0.001534343073
98857	0.0006154606405
98858	0.0007453272265
98859	0.001011948924
98860	0.00330408206
98861	0.0001219615547
98862	0.002116311071
98863	0.0003081032957
98864	0.0005380682544
98865	0.001208194227
98866	0.002155640838
98867	0.002800142443
98868	0.001023003068
98869	0.004201651176
98870	0.002961524957
98871	0.003834961523
98872	0.002218960235
98873	0.0002983934971
98874	0.001234536625
98875	0.0003073371788
98876	0.00195461204
98877	0.001734147429
98878	0.0001416779032
98879	0.002978550145
98880	0.003672509346
98881	0.0002264250975
98882	0.0008612439046
98883	4.912073878e-08
98884	0.003231587225
98885	3.35873161e-05
98886	0.003785811065
98887	0.002363901359
98888	0.001735713462
98889	0.002340413498
98890	0.000132807369
98891	0.0004532931545
98892	0.0002266643938
98893	0.0006972003855
98894	0.0002764994071
98895	0.0007609701509
98896	0.0003633846628
98897	9.689417601e-05
98898	0.000148916477
98899	0.0003626529099
98900	0.0004865763447
98901	0.000473296644
98902	0.0005015655801
98903	0.0001990112242
98904	0.0004093076616
98905	0.0003047276034
98906	7.95147635e-05
98907	0.000379482082
98908	5.371915911e-05
98909	6.847636357e-05
98910	0.0001020036662
98911	0.0003658444483
98912	0.001461517064
98913	0.000601732836
98914	0.0009098933788
98915	0.002943810093
98916	0.0006876363989
98917	0.00208439461
98918	0.002227442371
98919	0.004680470659
98920	0.003202063153
98921	0.0008360708974
98922	0.005243053654
98923	0.002483379728
98924	0.004213082145
98925	0.003598259284
98926	0.007920853374
98927	0.001488965047
98928	0.001919585004
98929	0.002286545539
98930	0.0005488665808
98931	0.001792786432
98932	3.852803216e-05
98933	0.0002817397084
98934	0.001702526093
98935	0.007343305035
98936	0.004963895712
98937	0.002347916633
98938	0.001491244326
98939	0.001090975033
98940	0.003789511055
98941	6.207094222e-05
98942	0.0003845005405
98943	0.002856789879
98944	0.001367326914
98945	0.0006354020744
98946	0.001387512593
98947	0.00160672973
98948	0.005549935666
98949	0.001410917128
98950	0.001982591218
98951	0.002808475884
98952	0.0005835505329
98953	0.0001926053842
98954	8.446702836e-05
98955	0.0004966969498
98956	0.0001350316437
98957	0.0001419084584
98958	0.0005149053442
98959	0.0007841239501
98960	0.0006364294235
98961	0.000653405797
98962	0.0002279858676
98963	0.0004758160439
98964	0.000541852494
98965	0.0004523530557
98966	0.0004236544457
98967	0.0005321348833
98968	0.0002515602875
98969	3.436552791e-05
98970	0.0005285061688
98971	3.136763646e-05
98972	0.0001970830029
98973	0.0003820959426
98974	0.000146584718
98975	0.0003658963909
98976	0.0001688838907
98977	0.0006023051242
98978	5.456609754e-05
98979	0.0001144150553
98980	0.001221001467
98981	0.0003834440843
98982	0.0004627738698
98983	0.0001511998151
98984	0.0004175883098
98985	0.0003989234043
98986	0.000491756065
98987	0.0003034945941
98988	0.0002509753288
98989	0.001286732548
98990	0.0009248879684
98991	0.003461152982
98992	0.001148510876
98993	0.003865545287
98994	0.0003688633667
98995	0.001155714368
98996	0.0041196675
98997	0.002131946469
98998	0.001037302872
98999	0.0008621012437
99000	0.004712021329
99001	0.002139059121
99002	0.00169461516
99003	0.0004079287088
99004	0.001359468979
99005	0.001189691142
99006	0.0001360549441
99007	0.001406609195
99008	0.002047217636
99009	0.0004751150808
99010	0.001783802653
99011	0.002568961445
99012	0.002600803455
99013	0.003920046174
99014	0.002246132826
99015	0.002205180635
99016	0.001265818467
99017	0.0005181446304
99018	0.0002932832075
99019	0.000745621502
99020	0.0003757160552
99021	0.0005574245668
99022	0.001901682726
99023	0.0001750099145
99024	0.002547291896
99025	0.0008126487385
99026	0.0005808524074
99027	0.005721458015
99028	0.005746800727
99029	0.002601477857
99030	0.0003213181645
99031	0.002037712343
99032	0.002809348743
99033	0.001037666703
99034	0.003067044156
99035	0.005294919169
99036	0.003685763744
99037	0.0008020451231
99038	0.00392831762
99039	8.328009155e-05
99040	0.002043009855
99041	0.001366485437
99042	0.001211196932
99043	0.004594339385
99044	0.0004731952594
99045	0.002561199966
99046	0.001641840789
99047	0.0002244664862
99048	6.203318077e-05
99049	0.002631861066
99050	0.0008361029783
99051	0.00229373618
99052	0.004537296146
99053	0.002878542875
99054	0.000465822453
99055	0
99056	0.001395335746
99057	0.001049182588
99058	0.004499203528
99059	0.00254682923
99060	0.001782520077
99061	0.003408746562
99062	0.0008440069465
99063	0.0002383611318
99064	0.003003170326
99065	0.003574458925
99066	0.003849646894
99067	0.0004504019315
99068	0.0001678042288
99069	0.0001204735498
99070	0.001762629078
99071	0.00223886177
99072	0.001255713083
99073	0.0006972387904
99074	0.001060835325
99075	0.001021436411
99076	0.0005065904462
99077	0.0004026361436
99078	0.001394571195
99079	0.001365885779
99080	0.0004560671517
99081	0.001596622411
99082	0.0001537795051
99083	0.0001766063144
99084	0.0003918834254
99085	6.718256328e-05
99086	0.000255610873
99087	0.0001272211889
99088	0.0003229077688
99089	0.00258857046
99090	0.002983333501
99091	0.001487390854
99092	0.000126265334
99093	0.0002822112945
99094	0.0001640647064
99095	0.0002818155362
99096	9.189232988e-07
99097	0.0002583789596
99098	0.0002363416896
99099	0.0002376797327
99100	0.0002619618815
99101	0.0002302349918
99102	0.0001877203089
99103	0.001541139588
99104	0.002142678279
99105	0.003986634808
99106	0.00237932866
99107	0.000969502879
99108	0.008252507717
99109	0.007146221581
99110	0.006223239905
99111	0.001052405733
99112	0.0002556662929
99113	0.006292512189
99114	0.0002085450593
99115	0.001535370165
99116	0.001762912149
99117	0.001330487073
99118	0.0001166487766
99119	2.892735995e-05
99120	0.001005135066
99121	0.001083424654
99122	6.60724026e-05
99123	0.002783608596
99124	0.0005799601355
99125	0.001362948106
99126	0.0004454607506
99127	0.002386767813
99128	0.0006489957925
99129	0.002088369263
99130	0.006714799103
99131	0.001616094743
99132	0.0007715784541
99133	0.0002799477192
99134	5.424740088e-05
99135	0.0004330676145
99136	0.0003394112706
99137	0.001101621773
99138	0.001029047176
99139	0.001509880237
99140	0.000146922768
99141	0.001589136631
99142	0.0001722911445
99143	0.0003301223419
99144	0.0006974716195
99145	0.001245079517
99146	0.0007740109563
99147	0.0006042997466
99148	0.0002504939202
99149	0.0004692373384
99150	8.370106761e-05
99151	0.0005337674792
99152	0.0007676003403
99153	0.0009046817605
99154	0.0003380552616
99155	7.569310764e-05
99156	0.0006939458899
99157	0.0005456757447
99158	0.001213354113
99159	0.0001835491612
99160	0.0001108141018
99161	0.001278962043
99162	0.001080097002
99163	0.0008111855152
99164	0.0009284546207
99165	0.0006436186801
99166	0.000947828548
99167	0.0005385790571
99168	0.0002809521629
99169	0.002318914282
99170	0.0009575116304
99171	0.001216974566
99172	0.0005673159957
99173	0.001724394115
99174	0.0004475048492
99175	0.0004276034617
99176	0.0004283653806
99177	7.606404873e-08
99178	2.07317511e-05
99179	0.002221930337
99180	0.001797648744
99181	0.0004307041867
99182	0.001751613953
99183	0.001503191327
99184	0.001441074933
99185	0.004328425387
99186	0.000904838123
99187	0.001386954132
99188	0.001602035364
99189	0.003739006021
99190	1.515670585e-05
99191	0.003391459854
99192	0.000920114622
99193	0.001224181625
99194	0.002165759824
99195	0.0002078359207
99196	0.0004393453462
99197	8.300599418e-05
99198	0.002368732136
99199	0.001356561572
99200	0.0001550544963
99201	0.002833003167
99202	0.00487618396
99203	0.001113855618
99204	0.00750138331
99205	0.001976396072
99206	0.0008427831243
99207	0.0003228656076
99208	0.002288525451
99209	0.009173499331
99210	0.004094161484
99211	0.000713706412
99212	0.002682131913
99213	0.003309629254
99214	0.00462703292
99215	0.002327833559
99216	0.004340980865
99217	0.009110249745
99218	0.007874059278
99219	0.003912680539
99220	0.01302476884
99221	0.001439071829
99222	0.009203185705
99223	0.000178784669
99224	0.006681281879
99225	0.001690158731
99226	0.0009354283265
99227	0.008283503395
99228	0.006947739525
99229	0.005819211622
99230	0.00176635385
99231	0.001100986944
99232	0.001728291371
99233	8.641542437e-05
99234	0.001215686269
99235	0.001334283513
99236	0.0001121751335
99237	0.00150671863
99238	0.001668365357
99239	0.002053859608
99240	0.001338211538
99241	0.001809872929
99242	0.0006742871866
99243	0.0008386949967
99244	0.000702989697
99245	0.001672129443
99246	0.003913655028
99247	0.001778590519
99248	0.001053720506
99249	0.00305341538
99250	0.002427504544
99251	0.00816635001
99252	0.0009566000296
99253	0.0005583224057
99254	0.0005655348007
99255	0.0004213941862
99256	0.0008469484468
99257	0.006908835719
99258	0.002000876411
99259	0.0001718503235
99260	0.002753937574
99261	0.002924712464
99262	0.001357984955
99263	0.006253564747
99264	0.0007260284897
99265	0.0009091015027
99266	8.75121929e-05
99267	8.862091115e-05
99268	0.001082527137
99269	0.005077398281
99270	0.00222827876
99271	0.001964388354
99272	0.003297404941
99273	0.001606655639
99274	0.00601208246
99275	0.003421723011
99276	0.003025486078
99277	0.003172826335
99278	0.0004806753056
99279	0.002460213095
99280	0.0002234093299
99281	0.001734954448
99282	0.005358446563
99283	0.004731219283
99284	0.004626479941
99285	0.0008890693251
99286	0.006748433503
99287	0.00154409119
99288	0.0008490261994
99289	0.002703473346
99290	0.003779872565
99291	0.001790944231
99292	0.0008040477794
99293	0.00572868761
99294	0.002143710101
99295	0.0009173267342
99296	0.001166580864
99297	0.003487220285
99298	0.0009751005268
99299	0.003536443668
99300	0.004305362367
99301	7.631014177e-05
99302	0.002088080206
99303	0.002584901936
99304	0.001595082144
99305	0.001072373626
99306	0.002244903885
99307	0.003471686113
99308	0.0006607008339
99309	0.005487663915
99310	0.001646461862
99311	0.001622435116
99312	0.0008094489658
99313	0.003747193578
99314	0.002597653535
99315	7.270980511e-05
99316	0.0004898347882
99317	0.001378170868
99318	0.0004889560791
99319	0.006234948453
99320	0.003743571018
99321	0.003411244319
99322	0.002066833584
99323	0.004441822844
99324	0.002747632713
99325	0.0006591331447
99326	0.0004846036981
99327	0.001970567509
99328	0.001685798116
99329	0.008311109395
99330	0.001887980474
99331	0.001052449624
99332	0.001829846527
99333	0.002509557706
99334	0.003830893133
99335	0.002633907902
99336	0.004484494195
99337	0.003898679467
99338	0.001028495466
99339	0.003715408923
99340	0.001110181193
99341	0.001155034269
99342	0.0001811488877
99343	0.003089245403
99344	0.002004975444
99345	0.005087892527
99346	0.002589868058
99347	0.0005365510737
99348	0.002279016373
99349	6.738857806e-05
99350	0.0002868237589
99351	0.0005682338732
99352	0.005779522349
99353	0.001872163925
99354	0.005105512236
99355	6.560279767e-06
99356	0.001865013687
99357	0.0002812596618
99358	0.003651483903
99359	0.0006827929088
99360	0.000192895666
99361	0.00100019155
99362	4.75062315e-05
99363	0.003489455045
99364	0.000677049877
99365	0.00639412961
99366	0.001568391523
99367	0.001157454526
99368	4.296408639e-05
99369	0.001793438321
99370	2.525885326e-05
99371	0.003776712574
99372	0.0007802785801
99373	0.002499828103
99374	0.002836309207
99375	0.000174773786
99376	0.0003056858093
99377	0.0011712887
99378	0.001936453634
99379	0.00408486264
99380	0.0008090630803
99381	0.005527348168
99382	0.0005215134003
99383	0.002131722043
99384	0.0001574458019
99385	0.001921094941
99386	0.004525321941
99387	0.003516703399
99388	0.0007853565251
99389	0.0004363664572
99390	0.004566197187
99391	0.002479719023
99392	0.0008409963473
99393	0.00394563461
99394	0.0007111455106
99395	0.001909703826
99396	0.0008995788075
99397	0.0006154151008
99398	0.002496618056
99399	0.002387083181
99400	0.003706765109
99401	0.001884111274
99402	0.002306890935
99403	0.003589928822
99404	0.006406405351
99405	0.0003925245212
99406	0.000623497588
99407	0.002286255656
99408	0.0006401509687
99409	0.00141992701
99410	0.003750477002
99411	0.0002445208043
99412	0.002344239464
99413	0.002523835413
99414	0.0002784825414
99415	0.0003015354467
99416	0.001193490221
99417	0.005628414021
99418	0.00267575424
99419	0.002404275631
99420	0.0007316068789
99421	0.003659306833
99422	0.001039720618
99423	0.001046999583
99424	0.001877031666
99425	0.001109638355
99426	0.001114294289
99427	0.0003304534821
99428	0.0007718227559
99429	0.0006107734677
99430	0.0001478351002
99431	0.003494923381
99432	0.001012077236
99433	0.0007948163145
99434	0.001142814524
99435	0.0003507855503
99436	0.003160495612
99437	8.076901951e-05
99438	0.0004443238635
99439	0.002552979088
99440	0.002392111752
99441	0.004096916194
99442	0.0007848132064
99443	0.002150947368
99444	0.0007810906019
99445	1.662010281e-05
99446	0.002022650632
99447	0.004965280475
99448	0.002570033314
99449	0.002085305982
99450	0.002023176822
99451	0.002331055111
99452	0.0003004881553
99453	0.002325257475
99454	0.0007068302848
99455	0.00100288267
99456	4.840925195e-05
99457	0.004803929374
99458	0.003945664098
99459	0.0007616914602
99460	0.006972642774
99461	0.0009768895719
99462	0.00085596411
99463	0.001043788363
99464	0.00453227945
99465	0.0009655089916
99466	0.003384610199
99467	0.0008800265886
99468	0.0002933970836
99469	0.004890643464
99470	0.009846253543
99471	0.001331715011
99472	0.0003441436228
99473	0.007006304825
99474	0.001500955838
99475	0.006224011032
99476	0.0001219400916
99477	0.007169292525
99478	0.0002662003816
99479	0.005916987449
99480	0.001511660666
99481	0.00654778476
99482	0.0003988802543
99483	0.005000130104
99484	0.001281226752
99485	0.0002410195036
99486	0.002084418682
99487	0.0001783528207
99488	0.0001897962555
99489	0.001470670871
99490	0.0007172341129
99491	0.001580047909
99492	0.004809053284
99493	0.005255060793
99494	0.0006279376747
99495	0.003966539454
99496	0.000403386644
99497	0.0008783705873
99498	0.004968196926
99499	0.003904189426
99500	0.001531036681
99501	0.002532384639
99502	0.000704509666
99503	0.002794839771
99504	0.002498699261
99505	0.001167313648
99506	0.005502254693
99507	0.001069402018
99508	0.001325815638
99509	0.003289825754
99510	0.001027082745
99511	0.002263806286
99512	0.003595643698
99513	0.001332687099
99514	0.001621243847
99515	0.002429223122
99516	0.002383014117
99517	0.004223296106
99518	0.003967555207
99519	0.00275456925
99520	0.001283348246
99521	0.006302491285
99522	0.00428807489
99523	0.003451416768
99524	0.001607302679
99525	0.00273251715
99526	0.001855998985
99527	0.005073517059
99528	0.001356776405
99529	0.0004444471044
99530	0.001682096644
99531	0.002691508373
99532	0.001536491991
99533	3.930724517e-05
99534	0.004358813723
99535	0.00191332165
99536	0.003567072633
99537	0.002752283312
99538	0.005384286211
99539	0.002911674932
99540	0.003686475321
99541	0.001001620023
99542	0.00037124709
99543	0.0007861783121
99544	0.002131273288
99545	0.003252979087
99546	0.00166512957
99547	0.003412204558
99548	0.005418344426
99549	0.005698655586
99550	0.003251026948
99551	7.20499871e-05
99552	0.001484594
99553	0.0006710059549
99554	0.00510014417
99555	0.003907571177
99556	0.0006979249342
99557	0.00394087117
99558	0.002889819597
99559	0.0005183598906
99560	0.001401065849
99561	0.00362580802
99562	0.0007036991125
99563	0.002146791807
99564	0.002196010369
99565	0.002853964884
99566	0.001799442996
99567	0.001871658156
99568	0.0008094001123
99569	0.004147340695
99570	0.0001203521261
99571	1.50099539e-06
99572	0.001130941785
99573	9.185272154e-05
99574	0.00201294214
99575	0.0008523388527
99576	7.88319235e-06
99577	0.0002721747197
99578	0.002454167307
99579	0.0004591296356
99580	0.0003047262214
99581	0.001790680557
99582	0.0005829710892
99583	0.00112811991
99584	0.003091440116
99585	0.001796442809
99586	0.001911587919
99587	0.0001458772685
99588	0.0004768443352
99589	0.002001674229
99590	0.006793101738
99591	7.193761279e-05
99592	0.00584652027
99593	0.003951759959
99594	0.003961980617
99595	0.0001695185145
99596	0.001622819611
99597	0.0001511267259
99598	0.0003545109488
99599	0.00596391103
99600	0.002466063778
99601	0.001208972522
99602	0.0009742368233
99603	0.0003275128494
99604	0.0007072405075
99605	0.0002566383495
99606	0.00162038901
99607	0.0002356845149
99608	0.004004864804
99609	0.004561572923
99610	0.003291445863
99611	0.001438596992
99612	0.00332006376
99613	0.002607599024
99614	0.001201767657
99615	0.0001463611997
99616	0.0007718695484
99617	0.007531292773
99618	0.003524804822
99619	0.001125099299
99620	0.003484609382
99621	0.0007538643793
99622	0.0001129838547
99623	0.001738107788
99624	0.0001548017698
99625	0.001978714904
99626	0.003201911658
99627	0.003137131964
99628	0.005650724289
99629	0.003040220678
99630	0.005971508746
99631	0.0004306663183
99632	0.001008061897
99633	0.0001507034574
99634	0.004094801932
99635	0.002900813337
99636	0.004328120945
99637	2.949067527e-05
99638	0.00326292822
99639	0.0002593503255
99640	0.0006317498467
99641	0.000356108575
99642	0.002767282663
99643	0.0007369712005
99644	0.0005004728985
99645	0.0002500447843
99646	0.007183168498
99647	0.0001485030997
99648	8.17006311e-05
99649	0.003966993009
99650	0.0008495691044
99651	0.002222209199
99652	0.003672400904
99653	0.003345524028
99654	0.00179299508
99655	5.001148102e-05
99656	6.74205818e-06
99657	0.004394060134
99658	0.0006329571421
99659	0.001983771675
99660	0.0003660993441
99661	0.001663124439
99662	0.00440897536
99663	0.00178383821
99664	0.000120583858
99665	0.0007245370533
99666	0.00259034023
99667	0.0009271940908
99668	0.001796813153
99669	0.002486196607
99670	0.001172605196
99671	0.0008303980722
99672	0.002634211181
99673	0.003398156493
99674	0.002098481198
99675	0.0007013560755
99676	0.0001560407758
99677	0.0006559199673
99678	0.0005810249072
99679	0.000819142249
99680	0.001675770122
99681	0.001898643656
99682	0.003302924344
99683	0.003293779403
99684	0.0006584103898
99685	0.00171367589
99686	0.003784512448
99687	0.001257567826
99688	0.00146669492
99689	0.00175451405
99690	0.001532060722
99691	0.0003691278822
99692	0.0003751349311
99693	0.0007373936462
99694	0.003342732512
99695	0.003543697252
99696	0.002214138341
99697	0.003693061214
99698	0.003455852466
99699	0.002521362251
99700	0.003960578547
99701	0.001048493966
99702	0.004477090499
99703	0.001398574436
99704	0.004133783271
99705	0.002698128023
99706	0.002292388549
99707	0.002056340961
99708	9.470519623e-05
99709	0.001562147918
99710	0.0004578616169
99711	0.002151062803
99712	0.0004457146942
99713	0.0001026202765
99714	0.0002503605823
99715	0.003128922803
99716	0.003647430145
99717	0.0003868029452
99718	0.003073282885
99719	0.0001123197385
99720	0.001722551726
99721	0.002879596209
99722	0.001811207262
99723	0.001829226421
99724	0.0001438941135
99725	0.001716147526
99726	0.001052876943
99727	0.0005284888702
99728	0.002018093105
99729	0.006607817229
99730	0.0009154608159
99731	0.0004087811746
99732	0.0003951531564
99733	0.0001093801628
99734	0.002133419204
99735	0.001897356899
99736	0.0006884691539
99737	0.003529392848
99738	0.005665682274
99739	0.00537089622
99740	0.001087012441
99741	0.0008907440326
99742	0.006633676453
99743	0.0009650216688
99744	0.003517339887
99745	0.001538498246
99746	0.003530203796
99747	0.004200234771
99748	0.003729428391
99749	0.00130754505
99750	0.003718202727
99751	0.0009746823263
99752	0.002145781023
99753	0.0001792076623
99754	0.001659969124
99755	0.003489877313
99756	0.0005829014384
99757	0.0009108464087
99758	0.003816481561
99759	0.001334235453
99760	0.001477068785
99761	0.0003002116053
99762	0.0001992156425
99763	0.0009891134419
99764	0.0006194292976
99765	0.0007103491609
99766	0.003281060689
99767	0.003441786878
99768	0.001854987071
99769	0.000657404344
99770	0.003049922268
99771	0.003839547908
99772	0.001812042295
99773	0.003027366099
99774	0.002161069085
99775	0.000439140756
99776	0.0006139044793
99777	0.0003483935445
99778	0.002642921963
99779	0.0009462539003
99780	0.0007140734446
99781	0.003213626457
99782	9.628164534e-05
99783	0.001577226214
99784	0.0004262278748
99785	0.0007211461123
99786	0.002621947779
99787	0.0004386431374
99788	0.0003793091991
99789	0.00195981567
99790	0.002259599047
99791	0.001345934138
99792	0.003445383063
99793	0.00135219263
99794	0.0005054545193
99795	0.0006248737637
99796	0.006880671716
99797	0.002161251662
99798	0.001548186886
99799	0.002022677379
99800	0.0006903612791
99801	4.344708239e-06
99802	0.005270895562
99803	0.0005499173398
99804	0.003007070639
99805	0.0002031695859
99806	0.001893778177
99807	0.004182047364
99808	0.001341615915
99809	0.0009064648083
99810	0.0004091534387
99811	0.002220435812
99812	0.003789248715
99813	0.003587983837
99814	7.494142801e-05
99815	0.0003696342243
99816	0.0006143486849
99817	0.0008844710515
99818	0.0009538000278
99819	0.006322177695
99820	0.00203648153
99821	0.000381365212
99822	0.002345087192
99823	0.001346922124
99824	0.004196025896
99825	0.002318483473
99826	0.001714073003
99827	0.002813031359
99828	9.659869507e-06
99829	0.0004668518968
99830	0.001951625508
99831	0.002785650339
99832	0.003343005548
99833	0.004283361306
99834	0.004162885046
99835	0.002579793256
99836	0.002330344864
99837	0.003989458209
99838	0.002480057695
99839	0.002404792867
99840	0.00244164397
99841	0.001357112955
99842	0.004424395966
99843	0.0005661392673
99844	0.001738542468
99845	0.001153140419
99846	0.001156670924
99847	0.000889717368
99848	0.0003697342293
99849	0.00377797474
99850	0.00040549227
99851	0.001653569402
99852	0.002908601654
99853	0.004277106644
99854	5.058436876e-05
99855	0.0001049966983
99856	0.003344226332
99857	0.001678922577
99858	0.006970493376
99859	0.0001618013654
99860	3.244681229e-05
99861	0.003743871464
99862	0.0007907011232
99863	0.001755499082
99864	0.002237127699
99865	0.00156559748
99866	0.00375443191
99867	0.001666831557
99868	0.002253366098
99869	0.0003381206261
99870	0.004909728356
99871	0.001034503584
99872	0.0005491768461
99873	0.0006581618794
99874	0.0009670249542
99875	0.001057437613
99876	0.003624698706
99877	0.002455504617
99878	0.002770463895
99879	0.003472980321
99880	0.001026929515
99881	0.001176336011
99882	0.002961832737
99883	0.0006447698372
99884	0.0009838256737
99885	0.005678776786
99886	0.003691528836
99887	0.001067888762
99888	0.004861818818
99889	0.002748142727
99890	0.001099480463
99891	0.001351057181
99892	0.003360688402
99893	0.003286743221
99894	0.004443485835
99895	0.003884274259
99896	0.0003165005193
99897	0.0005963714326
99898	0.004932540507
99899	0.001592011295
99900	0.002089470606
99901	0.003027135764
99902	0.001172221765
99903	0.0001902727648
99904	0.0004084742719
99905	0.00149632624
99906	0.0007942955319
99907	0.003043312711
99908	0.004349025495
99909	0.0004896806693
99910	0.003732462087
99911	0.00775878966
99912	0.001168609948
99913	0.005903579495
99914	0.001022505466
99915	4.60506926e-08
99916	0.00827809233
99917	0.004077704249
99918	0.0003134190424
99919	0.008755825994
99920	0.002502263087
99921	0.002199367734
99922	0.007597562907
99923	7.562247573e-05
99924	0.001996071661
99925	0.005282887171
99926	0.004671857215
99927	1.712996558e-06
99928	0.004754394443
99929	0.004729314018
99930	0.001378150077
99931	0.003230748329
99932	0.001174757576
99933	0.004889564841
99934	0.002487633369
99935	0.005916943607
99936	0.0002595216259
99937	0.006588098562
99938	0.001200482699
99939	0.001249286283
99940	0.00275494121
99941	0.002678023839
99942	0.0001007472338
99943	0.002077330116
99944	0.00212074745
99945	0.001065789758
99946	0.0001794900875
99947	9.161609773e-05
99948	0.0003085580237
99949	0.001800479359
99950	0.00151408091
99951	0.002041165606
99952	0.001161019858
99953	0.003299522833
99954	0.002675030782
99955	0.0001719781741
99956	0.007748023537
99957	0.005457687032
99958	0.004231523675
99959	0.005682770493
99960	0.007671710782
99961	0.006223538248
99962	0.001141412898
99963	0.00390204123
99964	0.001408276541
99965	0.0006763546642
99966	0.004130051413
99967	0.005249752813
99968	0.0004008447422
99969	0.003041341303
99970	0.003575532693
99971	0.004301340539
99972	0.003519780477
99973	0.004387980629
99974	0.005000581021
99975	0.004870682879
99976	0.003925702377
99977	0.004043464167
99978	0.003732285771
99979	0.004618193381
99980	0.004527299167
99981	0.003796732206
99982	0.003120331072
99983	0.003333543829
99984	0.0003905759671
99985	0.0004002952817
99986	0.001371482911
99987	0.002333916033
99988	0.002086844732
99989	0.006469157004
99990	0.0007312454833
99991	0.0005663239524
99992	0.001186994185
99993	0.0004198268943
99994	0.0004116370776
99995	0.0009399934725
99996	0.001507548688
99997	0.001318123085
99998	0.0001160087822
99999	0.0001906991734
100000	0.003249743357
100001	0.004902490308
100002	0.001344001863
100003	0.001313157274
100004	0.0006511027473
100005	0.001525650091
100006	5.798781858e-05
100007	0.002611939393
100008	9.761820508e-06
100009	0.005135981371
100010	0.002554958309
100011	0.001748560764
100012	7.683022218e-05
100013	0.00192069807
100014	0.002905194775
100015	0.001778650412
100016	0.002199852433
100017	0.00110471537
100018	0.0003764237371
100019	0.001225025289
100020	0.001890168772
100021	0.0006468331408
100022	0.001092709823
100023	0.00417569083
100024	0.002019904715
100025	0.002053035556
100026	0.0001236259781
100027	0.0009372569246
100028	0.004575401036
100029	0.002322733098
100030	0.0002646753238
100031	0.001282768367
100032	0.002569539808
100033	0.003876634913
100034	0.002507103998
100035	0.001538058009
100036	0.005145408248
100037	0.001206954125
100038	0.001270852436
100039	0.002290000957
100040	0.003581661545
100041	0.0005333125421
100042	0.001842793283
100043	0.003152655407
100044	0.006209910053
100045	0.00545656854
100046	0.001057452882
100047	0.002975255927
100048	0.0005796900025
100049	0.001015142818
100050	3.892199386e-05
100051	0.003910921802
100052	0.003080521529
100053	0.004966048349
100054	0.001895303849
100055	0.003348121726
100056	0.002811313276
100057	0.0003917343789
100058	0.0008245509952
100059	0.00586200248
100060	0.00018933126
100061	0.001101339372
100062	0.000163065447
100063	0.001166275663
100064	0.0004839320666
100065	1.098948974e-05
100066	0.000919541904
100067	0.0007513459959
100068	0.0003721534887
100069	0.0002568545827
100070	0.0008309811176
100071	0.001890761237
100072	0.004443527426
100073	0.0008475657388
100074	0.006742417146
100075	0.001337717861
100076	0.0003154068013
100077	2.670761222e-05
100078	0.001004002753
100079	0.0009387368433
100080	0.001732375144
100081	1.315727226e-05
100082	0.002423680119
100083	0.001105805168
100084	0.001344870036
100085	0.002448862627
100086	0.0008905788315
100087	0.004932817815
100088	0.001415769341
100089	0.002720599108
100090	0.0003285228401
100091	0.005729287721
100092	0.001800461856
100093	0.001063367362
100094	0.003717975634
100095	0.003254963362
100096	0.003212291291
100097	0.000257491626
100098	0.001997388677
100099	3.915893532e-05
100100	0.003093500185
100101	8.902760326e-05
100102	0.0003143019013
100103	0.005201943522
100104	0.005487044292
100105	0.004415469577
100106	0.001702940351
100107	0.001605403399
100108	0.002338463012
100109	0.00530248374
100110	0.002866742707
100111	0.003491794083
100112	0.0017802504
100113	0.004575690737
100114	0.0007436176986
100115	0.0001076515484
100116	0.002659047876
100117	0.0001619276091
100118	0.001513944064
100119	0.003170913744
100120	0.005067233313
100121	0.002431477035
100122	0.0002073056176
100123	0.0003362025774
100124	0.004586872852
100125	0.002193330774
100126	0.001586422693
100127	0.0004655211986
100128	0.001400604291
100129	0.002397646658
100130	0.005123468663
100131	0.0005183074511
100132	0.0002769688259
100133	0.001173176325
100134	0.0005666645031
100135	9.665543792e-05
100136	0.0004592041465
100137	0.0008055547056
100138	0.002287207892
100139	0.0001417561444
100140	0.001328185353
100141	0.0003177825531
100142	0.0001894384348
100143	0.0007798344972
100144	0.0001461310119
100145	0.0001651380966
100146	0.0003510164425
100147	9.126298496e-05
100148	0.0001968637497
100149	0.002812936653
100150	0.001069061678
100151	0.001926394352
100152	0.001497771554
100153	0.003809421693
100154	0.001096808589
100155	0.001436962051
100156	0.001735886704
100157	0.002811951495
100158	0.0009470118459
100159	0.0005211147111
100160	0.003020626879
100161	0.001137830045
100162	0.001148680361
100163	0.0003679115163
100164	0.001971352775
100165	0.0009498129309
100166	0.00300852534
100167	0.001061074836
100168	0.004212527149
100169	0.001265259787
100170	0.00447082382
100171	0.0003527908741
100172	0.000497900718
100173	0.0002343746064
100174	0.002162544798
100175	0.005993265386
100176	0.0007461917279
100177	0.003271568041
100178	8.209884901e-05
100179	0.00181565268
100180	0.001890790877
100181	0.004531686205
100182	0.007487404949
100183	0.002320744278
100184	0.006504032887
100185	0.0017269073
100186	0.006850449745
100187	0.005311843824
100188	0.001107250392
100189	0.004050214029
100190	0.001650041673
100191	0.006501824549
100192	0.006987561749
100193	0.0007579020719
100194	0.00160431013
100195	0.003194038903
100196	0.003968172593
100197	0.002964203713
100198	0.0004541003853
100199	0.002295043765
100200	0.0003343737562
100201	0.002855353951
100202	0.001697262984
100203	0.0002859373269
100204	0.001975431787
100205	0.004034914693
100206	0.004161152423
100207	0.00325345537
100208	0.001727923019
100209	9.67582215e-05
100210	0.001922837946
100211	0.0004133618398
100212	0.001183248698
100213	0.001507329166
100214	0.005050728738
100215	0.001135048948
100216	0.002411268552
100217	0.000923738368
100218	0.002910214132
100219	0.001388778978
100220	0.003243692681
100221	0.0007291155125
100222	0.003219375612
100223	0.002631302565
100224	0.002405281378
100225	0.0001677691611
100226	0.0001266249238
100227	3.126679437e-06
100228	0.0009020322343
100229	0.001596198045
100230	0.001897962279
100231	0.004986100381
100232	0.000325383129
100233	0.001799603831
100234	0.001446454811
100235	0.007156134601
100236	0.001095241031
100237	0.003823779304
100238	0.004001524829
100239	0.00637997715
100240	0.003204348007
100241	0.0005013704604
100242	0.0008696963579
100243	0.008746826168
100244	0.003957972525
100245	0.00388292269
100246	0.001651103953
100247	0.00368788719
100248	0.006779869573
100249	0.001215485405
100250	0.001970660272
100251	0.001903988617
100252	0.0002669980338
100253	0.0003583544978
100254	0.002260797104
100255	0.001043901735
100256	0.0005935215612
100257	0.001263877206
100258	0.003046707934
100259	0.0004456406302
100260	0.001329923198
100261	0.0007053449514
100262	0.001293194023
100263	0.005081557589
100264	0.002197511159
100265	0.006784858884
100266	0.0005043398281
100267	0.0004686283608
100268	0.001083741747
100269	9.78000925e-05
100270	0.004505266119
100271	0.0006706717759
100272	0.00559776433
100273	0.002259941284
100274	0.00198297069
100275	0.0005447302968
100276	0.0062965731
100277	0.002979358877
100278	0.003195298011
100279	0.003480378351
100280	0.004519907632
100281	0.0008217728271
100282	0.003667207038
100283	0.005916580996
100284	0.0009241405396
100285	0.000859626883
100286	0.003334905182
100287	0.0001672819783
100288	0.001439768915
100289	0.0003262683538
100290	0.001278118104
100291	0.001826338167
100292	0.002341193127
100293	0.005748152913
100294	0.0006091758662
100295	0.000366890753
100296	7.502846956e-05
100297	0.0005731929544
100298	0.001767617173
100299	0.002942545369
100300	0.003522730796
100301	0.0007387913796
100302	0.003719813599
100303	0.002150498543
100304	0.002205958067
100305	0.002529055048
100306	0.003904574871
100307	0.002810557918
100308	0.004968092207
100309	9.604536932e-05
100310	0.0007411283144
100311	0.001072670863
100312	0.0009398442966
100313	0.001662207001
100314	0.002153045229
100315	0.006630673426
100316	0.006098565383
100317	0.0001009432689
100318	0.001354579364
100319	0.003584760198
100320	0.0009155870462
100321	0.003256751935
100322	0.0008712555563
100323	0.002482406454
100324	0.0001868228446
100325	5.527340445e-05
100326	0.003204625744
100327	0.008228353371
100328	0.0006020903838
100329	0.001048629499
100330	0.0006845364099
100331	0.002267120693
100332	0.0004348226636
100333	0.0006835411801
100334	0.001781600118
100335	0.0002963134064
100336	0.001315390759
100337	8.775375268e-05
100338	0.004394761276
100339	0.002491009897
100340	0.001380684019
100341	0.003212459108
100342	0.0007383921182
100343	0.006414860226
100344	0.004101031118
100345	0.004452087569
100346	0.002025250701
100347	0.0003044628267
100348	0.00306961818
100349	0.001658133472
100350	0.002849052912
100351	0.002416348896
100352	0.0009241553937
100353	0.0001922592075
100354	0.001099344502
100355	0.002158230533
100356	0.004477762847
100357	0.0007407735269
100358	0.006079665363
100359	0.0005571618797
100360	0.005935577164
100361	0.008972556142
100362	0.001572985187
100363	0.001855149795
100364	0.004684793086
100365	0.0004982889689
100366	0.002991241591
100367	0.0007571204414
100368	0.001510294641
100369	0.006221432762
100370	0.003425273287
100371	0.0008623203942
100372	0.00125073507
100373	0.004406880935
100374	0.002525976214
100375	0.001656944146
100376	0.0009752195446
100377	9.626790476e-05
100378	0.003060897117
100379	0.004930525336
100380	0.005268509793
100381	0.001647913254
100382	0.0005831036981
100383	0.001576445909
100384	0.002876665379
100385	0.001367835548
100386	0.002674865638
100387	0.004908241357
100388	0.004200269422
100389	0.002065113521
100390	3.726530601e-05
100391	0.0001477936551
100392	0.002733013199
100393	0.001622464171
100394	0.001624740599
100395	0.004355952936
100396	0.005272956859
100397	0.005692797668
100398	0.002738105832
100399	0.005394237772
100400	0.004339867189
100401	0.005428466723
100402	0.001263232439
100403	0.0009380127602
100404	0.007546257943
100405	0.00072102338
100406	0.002249164892
100407	0.002921508817
100408	0.001829627268
100409	0.003068004918
100410	0.001280102036
100411	0.003251229865
100412	0.0028049233
100413	0.000822572667
100414	0.001243800392
100415	0.00327256921
100416	0.00104303058
100417	0.0004198775632
100418	0.004373405965
100419	0.002592969618
100420	0.004098525173
100421	0.003355951449
100422	0.002131669052
100423	0.001576817776
100424	0.0002849392654
100425	0.000421111078
100426	0.001039608582
100427	0.0009813493481
100428	2.328396909e-05
100429	0.001404995073
100430	0.0009578643855
100431	0.002365876255
100432	0.002526554917
100433	0.001712290587
100434	0.0007849518582
100435	7.294483595e-05
100436	0.002265821849
100437	0.001062158676
100438	0.0006836181896
100439	0.0004418966321
100440	0.0006132245165
100441	0.0006377312035
100442	0.002401931755
100443	0.003565282134
100444	0.0008516479753
100445	0.002787563917
100446	1.258718932e-07
100447	0.001857505616
100448	0.0002347667119
100449	0.003027383719
100450	0.003801601204
100451	0.002058220888
100452	0.0004510793249
100453	0.002157889122
100454	0.00147708055
100455	0.002907273941
100456	0.001384874076
100457	0.0007192628312
100458	0.006541936901
100459	0.001663471839
100460	3.810106673e-05
100461	0.00027497896
100462	0.0008311026461
100463	0.001155769634
100464	0.0004931046955
100465	0.0005202509572
100466	5.648884955e-07
100467	0.0002744598643
100468	0.0007956069274
100469	0.0002742292632
100470	0.0006236766927
100471	0.0006230718937
100472	0.0002747081903
100473	0.0007736774575
100474	0.0006229583019
100475	0.0003437674084
100476	0.0006234034586
100477	0.0006907952939
100478	0.0001705753848
100479	0.0006234402992
100480	0.0009439362799
100481	0.0002746375793
100482	0.0007586979288
100483	0.0003685305288
100484	0.00206367007
100485	0.001279385382
100486	0.006899596909
100487	0.0006062058501
100488	0.000172446189
100489	0.0001372645826
100490	0.001970435993
100491	0
100492	0.001517583486
100493	0.0008182501708
100494	0.001016198539
100495	0.007216520273
100496	0.001479150938
100497	0.003630996968
100498	0.0009737190915
100499	0.001546613995
100500	0.002154360946
100501	0.001063618982
100502	0.00367682014
100503	0.00476134206
100504	0.0002150301785
100505	0.00388006214
100506	0.004523400825
100507	0.001512508536
100508	0.001647896407
100509	0.00178530565
100510	0.001088901818
100511	0.001502304096
100512	0.002700632988
100513	0.0003499210638
100514	0.002591256601
100515	0.002726416634
100516	0.002502521522
100517	0.002800300672
100518	0.002437333142
100519	0.001760301938
100520	0.002155419322
100521	0.003104110572
100522	0.0002874960937
100523	0.0001797416233
100524	0.0001634365242
100525	0.001176934419
100526	0.003062609467
100527	0.002646761251
100528	0.006434738236
100529	0.001050776878
100530	0.001295423718
100531	0.002659565548
100532	0.004352168702
100533	0.005543877074
100534	0.0007553909434
100535	0.002182247674
100536	0.001967766344
100537	0.001737052082
100538	0.001221813924
100539	0.002546745441
100540	0.002048008896
100541	0.00112193191
100542	0.0003471316923
100543	0.003062074777
100544	0.001235001748
100545	0.0001983414611
100546	0.0002671830647
100547	0.0002424452715
100548	0.00840047676
100549	0.0006294062503
100550	0.00552923455
100551	0.0003013666991
100552	0.002302900828
100553	0.0006854885235
100554	0.001587556532
100555	0.001048996732
100556	0.002669413789
100557	8.430221631e-08
100558	0.0005531257853
100559	0.0004813274311
100560	0.005513041799
100561	0.001956794662
100562	0.001877917207
100563	0.002209484231
100564	0.002389544125
100565	0.0005468996477
100566	0.001225453803
100567	0.0006637060136
100568	0.001516579568
100569	0.005332869332
100570	0.001860937225
100571	0.0005983954743
100572	0.004971446722
100573	0.001462321655
100574	0.002131431305
100575	0.0004356382282
100576	0.001637187987
100577	0.002447525119
100578	0.006448258836
100579	0.0003596030482
100580	0.001226153746
100581	0.001382949729
100582	0.0001245942521
100583	0.005588031949
100584	0.00313082002
100585	0.001027396611
100586	0.004120704806
100587	0.000534793693
100588	0.004907517514
100589	0.002669533464
100590	0.001641169098
100591	0.0008958671401
100592	0.002585266039
100593	0.001344857731
100594	0.005845777195
100595	0.002306166684
100596	0.005118083987
100597	0.003382970594
100598	0.001460135183
100599	0.0008738691706
100600	0.002861021238
100601	0.002448267669
100602	7.892427154e-05
100603	0.007257644812
100604	0.003557557053
100605	0.003438235643
100606	0.0003544495855
100607	0.001934977302
100608	0.0007141624155
100609	0.006978057503
100610	0.0003967615043
100611	0.001216612058
100612	0.00104462765
100613	0.001807080307
100614	0.002512753423
100615	0.003362727802
100616	0.006861594806
100617	0.0001921618464
100618	0.005600168371
100619	0.008653002455
100620	0.001422203297
100621	0.001156487654
100622	0.001339041937
100623	0.005158117169
100624	0.0007432574854
100625	0.003623893768
100626	0.00528369818
100627	0.001248543677
100628	0.001573865102
100629	0.003562796833
100630	0.001303626597
100631	0.0005992621461
100632	0.001813203954
100633	0.000273412948
100634	0.00071216194
100635	0.003795974047
100636	0.0009040664247
100637	0.0004464010536
100638	0.002078538086
100639	0.004677628387
100640	0.002711182671
100641	0.003475684076
100642	0.001622771349
100643	0.0001743872927
100644	0.0003394097153
100645	0.0003862511214
100646	0.0001575545791
100647	0
100648	0.004211123694
100649	0.003038926892
100650	0.0002516690374
100651	0.009518748834
100652	0.003503589938
100653	0.001167839462
100654	0.00227345042
100655	0.002764873656
100656	0.001040089545
100657	0.0005505955535
100658	0.002840594789
100659	0.0001742020391
100660	0.004948647888
100661	0.001781316944
100662	0.001138161553
100663	0.0007407883184
100664	0.0003201951516
100665	0.0007166404329
100666	0.0008920512245
100667	0.003730636756
100668	0.003260340251
100669	0.001406695285
100670	0.001189675553
100671	0.0004986446035
100672	0.0002752240008
100673	0.006698588273
100674	0.0008873182722
100675	0.006334725587
100676	0.001251185749
100677	0.003395866518
100678	0.002508482036
100679	0.0007914366897
100680	0.003361039782
100681	0.001237920347
100682	0.0002202888882
100683	0.002194804638
100684	0.006850533874
100685	0.0007729243036
100686	0.009437987542
100687	0.002603880099
100688	0.00470899432
100689	0.002722816069
100690	0.001972701599
100691	0.00105874383
100692	0.00430377786
100693	0.001274355079
100694	0.001655016839
100695	0.001887847386
100696	0.00175861833
100697	0.0003182747479
100698	0.006203816551
100699	0.0002000098819
100700	0.001873881078
100701	0.0008670734255
100702	0.001276538319
100703	0.00234827614
100704	0.002526823623
100705	0.003895825089
100706	0.001287812103
100707	0.001792759115
100708	0.003351574195
100709	0.005851763649
100710	0.002292796344
100711	0.008050003087
100712	0.002937286575
100713	0.00271894791
100714	0.001899475253
100715	0.004902388192
100716	0.002778457607
100717	0.0008486975584
100718	0.004614204671
100719	0.001043259969
100720	0.0007821521086
100721	0.0005813875221
100722	0.003009294379
100723	0.001637218078
100724	0.001562405486
100725	0.004801828846
100726	0.002602394606
100727	0.002807034483
100728	0.003553304122
100729	0.003165423743
100730	0.0009014181614
100731	2.467241053e-05
100732	0.006380078324
100733	0.001031369613
100734	2.403055507e-05
100735	0.002396004707
100736	0.0002109885165
100737	0.00373160822
100738	0.00158640265
100739	0.001623490146
100740	0.006173355724
100741	0.0002888347743
100742	0.00144123536
100743	0.00266877903
100744	0.0007394836183
100745	0.001605754768
100746	0.006291951214
100747	0.00739333374
100748	0.002052063939
100749	0.006399268474
100750	0.004006025067
100751	0.002826921197
100752	0.002020223524
100753	0.0002303770628
100754	0.003264404908
100755	0.00129910133
100756	0.006361195142
100757	0.002896615115
100758	0.004271592415
100759	0
100760	0.009921780652
100761	0.001776778657
100762	0.003114233478
100763	0.004718022085
100764	0.0007927465543
100765	0.00219678128
100766	0.001197889796
100767	0.001449875303
100768	0.001041630905
100769	0.004070648038
100770	0.002485202413
100771	0.0003357275635
100772	0.0005522486554
100773	0.0004991084843
100774	0.0002343162989
100775	0.0009331896389
100776	0.001126099345
100777	0.004417938741
100778	0.003695294757
100779	0.0002737381377
100780	0.0005646541524
100781	0.005684695521
100782	0.001800827427
100783	0.001051886196
100784	0.0001616214555
100785	0.0008608224352
100786	0.003853268249
100787	0.002078387172
100788	0.00597174681
100789	0.00741128114
100790	0.0007176222264
100791	0.003902936128
100792	0.003348459366
100793	0.001336537852
100794	0.0009396534172
100795	0.0004376285646
100796	0.002544927809
100797	0.001881650207
100798	0.0003817411643
100799	0.00526607721
100800	0.003585223876
100801	0.003945464427
100802	0.0005264790712
100803	0.001874334471
100804	3.94613307e-05
100805	0.003270687118
100806	0.000276360327
100807	0.000699363116
100808	0.008748295454
100809	0.006287440485
100810	0.003832228342
100811	0.004518917308
100812	0.0005743780549
100813	0.0001161488917
100814	0.001481437331
100815	0.0002207008403
100816	0.003652625315
100817	0.004547149056
100818	0.00498697045
100819	0.00645514045
100820	0.0003367955015
100821	0.002675243592
100822	0.003162415873
100823	0.00637601955
100824	0.001762811746
100825	0.0006519994809
100826	0.003937971333
100827	0.0004621618158
100828	0.0002174476044
100829	0.002289008409
100830	0.002023969505
100831	0.00347535218
100832	0.002582739376
100833	0.0007117628643
100834	0.0005131420476
100835	0.001073706832
100836	0.002014154771
100837	0.003004953971
100838	0.00164192528
100839	0.001259345983
100840	0.002101435386
100841	0.0008104043534
100842	0.001986617677
100843	0.006814046235
100844	0.001482815004
100845	0.0009849809633
100846	0.0004785299531
100847	0.000503757162
100848	0.001060630676
100849	0.002519879593
100850	0.0067252504
100851	0.0008951197411
100852	0.001229081106
100853	0.001270801793
100854	0.002123597239
100855	0.003025708543
100856	0.0007446979261
100857	0.004622352646
100858	0.0001155912625
100859	0.001719500095
100860	0.000516855189
100861	0.004816022175
100862	0.006795662988
100863	0.004864588678
100864	0.002463164633
100865	0.004245071901
100866	0.003162254582
100867	0.002168031718
100868	0.002652153726
100869	0.0002785315803
100870	0.004405408479
100871	0.00232742355
100872	0.001814694361
100873	0.002042541081
100874	0.001363317916
100875	0.0009550004774
100876	0.00396956834
100877	0.0009190186807
100878	0.000390206947
100879	0.001424320843
100880	0.003343374378
100881	3.9796862e-05
100882	0.004466917533
100883	0.001618206848
100884	0.002471281823
100885	0.0009708644498
100886	0.002385408071
100887	0.002235264163
100888	0.005752223031
100889	0.001834155661
100890	0.001543020914
100891	0.0001861906893
100892	0.0007529061954
100893	0.0002733208904
100894	0.000845658655
100895	0.005309558128
100896	0.001590418414
100897	0.001428310298
100898	0.004260042054
100899	0.003821915462
100900	0.003193402657
100901	0.002989913856
100902	0.0005479534301
100903	0.001075527307
100904	0.003583978336
100905	0.0004402617275
100906	0.002377797324
100907	0.0003289019302
100908	0.002104004932
100909	0.0009058031196
100910	0.0008689292
100911	0.00168343079
100912	0.0001312986046
100913	0.0002581020356
100914	0.0006565885139
100915	0.0003938727384
100916	0.0002648378149
100917	0.0006556153093
100918	0.000656192478
100919	0.0001318614577
100920	0.0006560538143
100921	0.0006560788863
100922	0.0007883072145
100923	0.002098028946
100924	0.0006567521102
100925	0.00143965531
100926	0.000394448379
100927	1.697350698e-06
100928	0.0002600921843
100929	7.750632271e-07
100930	0.0005229526851
100931	0.0001311414029
100932	0.001175396396
100933	0.0007822164192
100934	0.0009116943349
100935	0.0006583683547
100936	0.001703818379
100937	0.001047249236
100938	0.000263716038
100939	2.548138323e-07
100940	0.001176916746
100941	0.001835604907
100942	0.0002618073305
100943	0.0009168032112
100944	0.0002625331472
100945	0.001702986264
100946	0.0001336026129
100947	0.001055506885
100948	0.0003944646251
100949	3.530553095e-07
100950	9.143620852e-07
100951	0.0001318581621
100952	0.0006572695485
100953	0.0001329947438
100954	0.001445251001
100955	0.002513073685
100956	0.0002203778242
100957	0.002505878076
100958	0.003102006075
100959	6.11664607e-05
100960	0.004528312519
100961	0.002945252785
100962	0.00342569349
100963	0.001224547352
100964	0.004284087907
100965	0.001528331552
100966	0.001997925668
100967	0.00110308058
100968	0.001815496405
100969	0.001434213948
100970	0.004002176184
100971	0.002267126779
100972	0.00217824105
100973	0.0004604711079
100974	0.005009997093
100975	0.0001669213978
100976	0.001006432261
100977	0.001062786826
100978	0.0002897601227
100979	0.004666740423
100980	0.001209150877
100981	0.001877183896
100982	0.00339186306
100983	0.001481098942
100984	2.866613925e-07
100985	4.517338326e-05
100986	0.0008459760437
100987	0.001487558796
100988	0.001311507692
100989	0.002703256819
100990	0.00449139398
100991	0.000331435284
100992	0.001154486277
100993	0.002825805815
100994	0.001465198417
100995	0.001927814012
100996	0.001059090391
100997	0.001626501736
100998	0.000933998732
100999	0.003686204046
101000	0.005566464577
101001	0.0004811274964
101002	0.0003417371341
101003	0.0006516546669
101004	0.0004197401382
101005	1.897115429e-05
101006	4.223948315e-05
101007	0.0006983037445
101008	0.0005697809791
101009	6.683250733e-05
101010	0.005656096331
101011	0.005326872024
101012	0.003689284987
101013	0.002766017945
101014	0.0008127089418
101015	0.002661770923
101016	0.002076633762
101017	0.002872077885
101018	0.001554728056
101019	0.002041717712
101020	0.005083013464
101021	0.001789340516
101022	0.0008257536152
101023	0.002332623295
101024	0.001021183456
101025	0.003867612927
101026	0.002872619029
101027	0.0003564031379
101028	0.001521131503
101029	0.0001796459341
101030	0.0001969272492
101031	7.675115431e-07
101032	3.991060075e-08
101033	2.108098372e-07
101034	7.542080104e-07
101035	0.0003993239848
101036	0.000498349606
101037	0.00520507877
101038	0.003753683044
101039	0.0004280602494
101040	0.0004066211328
101041	0.001292023797
101042	0.003131743769
101043	0.003933152733
101044	0.00182021228
101045	0.0001448359446
101046	0.001387505006
101047	0.001333193536
101048	0.001612070959
101049	0.0001167162619
101050	0.001179777901
101051	0.002783831627
101052	0.005041348283
101053	0.003304072317
101054	0.001054862314
101055	0.0008118544474
101056	0.002905658884
101057	0.001201628929
101058	0.001872499252
101059	0.001193603565
101060	0.005351716719
101061	0.0003357628951
101062	0.0005218458206
101063	0.0004517883792
101064	0.0002152358815
101065	0.0003488932506
101066	0.001146439345
101067	0.0001985052245
101068	0.0003285682819
101069	0.0001839572357
101070	0.0005681773731
101071	2.028337216e-05
101072	0.0005665339189
101073	0.0002819915057
101074	0.001124774706
101075	0.0001387920342
101076	0.00143338136
101077	0.001310299414
101078	0.0009261580342
101079	0.002338618531
101080	0.003368339098
101081	0.001828399269
101082	0.00128912785
101083	0.00146075265
101084	0.003235833793
101085	0.003291309159
101086	0.002707309057
101087	0.0006584767925
101088	0.001600773899
101089	0.001147361751
101090	0.0004920735945
101091	0.002187607438
101092	0.0009021336338
101093	8.47407859e-05
101094	0.00287443178
101095	0.0009214784058
101096	0.0001325845924
101097	0.001668433642
101098	0.003718336931
101099	0.0001959081908
101100	0.002668929556
101101	0.003122090354
101102	0.002018203014
101103	0.003058788081
101104	0.0004563472186
101105	0.0005917915485
101106	0.00128766927
101107	0.001627958477
101108	0.002311159043
101109	0.001384018733
101110	0.001092072837
101111	0.003881036196
101112	0.001800127501
101113	0.0004632913806
101114	0.0002679348398
101115	0.0004261421499
101116	3.255463022e-05
101117	0.0005584857578
101118	0.001251298042
101119	0.002003752591
101120	0.0008510191465
101121	0.0009823703734
101122	0.001425918114
101123	0.0005136829752
101124	0.0005934445183
101125	0.00108980803
101126	0.001544118031
101127	0.002334327184
101128	0.001825651782
101129	0.0004885128977
101130	0.001258595895
101131	4.402691871e-05
101132	0.0006151308388
101133	0.001076399513
101134	0.0022209604
101135	0.007322466388
101136	0.005066323668
101137	7.061872781e-05
101138	0.0002028750074
101139	0.000987493362
101140	5.29723952e-05
101141	0.0003832415262
101142	0.0006699533265
101143	0.0005692352053
101144	1.103869643e-05
101145	0.001294856661
101146	0.0002746490744
101147	0.00162207279
101148	0.0002839176983
101149	0.0007965501482
101150	5.468598738e-05
101151	0.0007503219934
101152	0.0001936868238
101153	0.001276611753
101154	0.0001656368394
101155	0.0003278044317
101156	0.0005128545704
101157	0.003263838068
101158	0.001213070144
101159	6.034236202e-05
101160	0.0009867642793
101161	0.00184454163
101162	0.0001743069713
101163	0.001813696887
101164	0.001604339775
101165	0.000858552544
101166	0.001016904353
101167	0.0004958439933
101168	0.0003798439565
101169	0.001750024923
101170	0.002682775587
101171	0.002272117647
101172	0.0003191872139
101173	0.0006813234755
101174	0.0008792686066
101175	0.001105492741
101176	0.0008109967867
101177	0.003363349646
101178	0.003286333461
101179	0.001534058642
101180	0.000488312188
101181	0.0001203974757
101182	0.001535566189
101183	0.005419412824
101184	0.003008106628
101185	0.004424335644
101186	0.001762340809
101187	0.004096990753
101188	0.001608060097
101189	0.00289463519
101190	0.001911336631
101191	0.005987086862
101192	7.011882794e-05
101193	0.0003804864473
101194	0.0009876071885
101195	0.006295314546
101196	0.001024224498
101197	0.0002320812189
101198	0.001376987268
101199	0.006373735759
101200	0.002457463341
101201	0.003025764456
101202	0.005029982784
101203	0.00161648414
101204	0.005645972627
101205	0.004293818924
101206	0.003131969286
101207	0.001951150956
101208	0.004533544481
101209	0.001528089656
101210	0.0005885710518
101211	0.001869532591
101212	0.001978388403
101213	0.002272343983
101214	0.001921603425
101215	0.003877544447
101216	0.0001705671957
101217	6.342833843e-05
101218	0.0007886700158
101219	5.135230349e-05
101220	0.002408057304
101221	0.0009457553289
101222	0.003954655929
101223	5.905182948e-05
101224	0.0002186632141
101225	0.0004711944481
101226	0.003910137092
101227	0.001460427477
101228	0.001564577915
101229	0.0009279221312
101230	0.0004336297675
101231	0.000725722999
101232	0.001008681303
101233	0.001500129149
101234	0.002024810131
101235	0.003295624803
101236	0.001360417841
101237	0.003061015178
101238	0.005004109165
101239	0.002624039451
101240	0.0004452420044
101241	0.002655562701
101242	0.002516812899
101243	0.0003281259937
101244	0.001226593365
101245	0.0005736204975
101246	0.001025182923
101247	0.001267304404
101248	0.002604051756
101249	0.0005666560035
101250	0.000162926172
101251	0.004530907829
101252	0.001196579624
101253	0.001528858656
101254	0.0003411169423
101255	0.0002178059179
101256	0.001773398382
101257	8.742137773e-05
101258	0.001450298992
101259	0.0001177291553
101260	0.0009186866645
101261	3.925402391e-05
101262	0.003105418095
101263	0.0004186193539
101264	0.0003666029699
101265	0.001847845615
101266	0.001407932409
101267	0.002109554455
101268	0.0008801380817
101269	0.001855113909
101270	0.002716907448
101271	0.00587356414
101272	0.001882569073
101273	0.001632572429
101274	0.0007749969725
101275	0.001191032949
101276	0.002623499114
101277	0.003510208173
101278	0.001367713691
101279	0.002487015561
101280	0.003201276568
101281	0.002190588632
101282	0.001373563847
101283	0.001213022878
101284	0.001228015109
101285	0.001353689079
101286	0.0006564069638
101287	1.09973055e-05
101288	0.0001754410789
101289	0.002502008048
101290	0.00164423445
101291	0.001723661812
101292	0.003961963957
101293	0.0002210962908
101294	0.004053837821
101295	0.001316076068
101296	0.0003564858292
101297	0.002947457321
101298	0.0008085628209
101299	0.00080356041
101300	0.000611080299
101301	0.0005240101761
101302	0.00053394638
101303	0.001643274647
101304	0.0007313442512
101305	0.0006488615953
101306	0.001235597306
101307	0.001199222967
101308	1.627827931e-05
101309	0.001782377854
101310	0.000415334117
101311	0.002663509085
101312	0.0007499280642
101313	0.002615489686
101314	0.0008066618874
101315	0.0006409873098
101316	0.0008489693138
101317	0.0007593539728
101318	0.0008918030717
101319	0.0004465102278
101320	0.0004256242295
101321	0.001834061536
101322	0.0002612987169
101323	0.0003323655564
101324	0.001097153632
101325	0.001347712783
101326	0.0007802461572
101327	0.000575092456
101328	0.0003970715387
101329	0.001417095755
101330	0.001112702578
101331	0.001431972608
101332	0.0008155797607
101333	0.001149811861
101334	0.002717073845
101335	0.002353663797
101336	0.001319956202
101337	0.002342994235
101338	0.001368296219
101339	0.0008204451216
101340	0.0006307148142
101341	0.001496230442
101342	0.001861606744
101343	0.00114816922
101344	0.0007067567811
101345	0.002246842054
101346	0.002734941133
101347	0.005926151138
101348	0.00236396533
101349	0.001424639353
101350	0.000954151381
101351	0.001401735309
101352	0.002879582472
101353	0.0007366032794
101354	0.0007346094926
101355	0.004893704648
101356	0.0009742870291
101357	0.005535665999
101358	0.0004638659777
101359	0.0003205133972
101360	0.002231225634
101361	0.001697454609
101362	0.001687558299
101363	0.002298220906
101364	0.00107758442
101365	0.001303383901
101366	0.001674304502
101367	0.003757337324
101368	0.002854294757
101369	0.0008143183759
101370	0.0009159054066
101371	0.002621293454
101372	0.0008498705989
101373	0.0002731828595
101374	0.003155196349
101375	0.00137438812
101376	0.0004098397775
101377	0.002566694262
101378	0.004677981226
101379	0.003950646714
101380	0.00118002017
101381	0.004296345746
101382	1.525486565e-05
101383	0.000852730363
101384	0.00252350517
101385	0.000568475435
101386	0.002556164706
101387	0.0003888941726
101388	0.002439598706
101389	0.004225688066
101390	0.0005408156225
101391	0.002653441153
101392	0.003249214646
101393	0.000626994309
101394	0.006007489125
101395	0.0008653189633
101396	0.0006748502445
101397	0.000489912078
101398	0.001075350016
101399	0.003670548244
101400	0.0002238616334
101401	0.007160440081
101402	0.00575799018
101403	0.00308630947
101404	0.003898832402
101405	0.006348934612
101406	0.005804818448
101407	0.00336006215
101408	0.003109072811
101409	0.001081183768
101410	0.003816226509
101411	0.002458520245
101412	0.002707710839
101413	0.001640940055
101414	0.0003851804755
101415	0.001369358916
101416	0.003447379975
101417	0
101418	0.0005293376826
101419	0.003998259408
101420	0.001565238046
101421	0.001787870572
101422	0.001909493069
101423	0.0005981858455
101424	0.000300196056
101425	0.001150676611
101426	0.0006266024172
101427	0.002176681958
101428	0.001717188792
101429	0.00257362742
101430	0.00255255342
101431	0.003514747231
101432	0.002024118821
101433	0.004701995545
101434	0.00139960553
101435	0.00180877874
101436	0.0006723429581
101437	0.003895864774
101438	0.0004279705788
101439	0.000721996773
101440	0.005383340922
101441	0.001698677543
101442	0.005166535837
101443	0.002821231107
101444	0.0009614063009
101445	0.002956488646
101446	0.001862239204
101447	0.001799225323
101448	0.003330505913
101449	0.0004404786219
101450	0.001840095832
101451	0.0003062403298
101452	0.0002163529731
101453	0.00104713803
101454	0.003150468405
101455	0.001544966482
101456	0.00112901406
101457	0.0006751002765
101458	0.001616631312
101459	0.001893900808
101460	0.001618740111
101461	0.001398833039
101462	0.001475259194
101463	0.005347623631
101464	0.001811127907
101465	0.0002882794028
101466	0.0006060386773
101467	0.003227856516
101468	0.003240556277
101469	0.0002866808219
101470	0.00093748769
101471	1.279344174e-05
101472	0.006966879388
101473	0.00432027032
101474	0.002934006163
101475	0.0046207631
101476	0.003625246002
101477	0.00318265508
101478	0.001250711441
101479	0.005618937075
101480	0.002348523678
101481	0.002836098458
101482	0.001123571347
101483	0.005512402091
101484	0.006389497307
101485	0.005178665453
101486	0.0003518714821
101487	0.0008942724651
101488	0.001960945304
101489	0.001005532918
101490	0.003215269062
101491	0.001595903068
101492	0.005156582221
101493	0.003639945583
101494	0.007206015748
101495	0.002640810925
101496	0.004478311743
101497	0.005210487544
101498	0.000519307083
101499	0.001833066202
101500	0.003427518406
101501	0.001013213767
101502	0.0002094278463
101503	0.0009324346379
101504	0.001070052262
101505	0.001051160439
101506	0.00295060471
101507	0.0005255707572
101508	0.001362626042
101509	0.000416996615
101510	0.0006208033228
101511	0.001146518727
101512	0.0004422853272
101513	0.002742798558
101514	0.005290813201
101515	0.001743101291
101516	0.0002601474466
101517	0.0049794273
101518	0.003105775608
101519	0.0005421132262
101520	0.000761770494
101521	0.0002340147727
101522	0.004791917574
101523	0.00128638924
101524	0.001899432993
101525	0.002894242195
101526	0.000338473371
101527	0.0002260734414
101528	0.001799870994
101529	0.001073517406
101530	5.161712697e-05
101531	0.001414174983
101532	0.001886035672
101533	0.0009724001879
101534	0.005440526268
101535	0.0005664814763
101536	0.001639873789
101537	0.0007626947243
101538	0.001916978296
101539	0.0004680873856
101540	0.0002608312233
101541	8.777718135e-05
101542	0.002005226744
101543	0.002751412867
101544	0.0010770341
101545	0.0009482302385
101546	0.002008641444
101547	0.002150118668
101548	0.001891201491
101549	0.0009165035901
101550	0.0009731006033
101551	0.001835476747
101552	0.002589117606
101553	0.0007285553951
101554	0.0001213690918
101555	2.900163822e-05
101556	0.0007590331653
101557	6.395163871e-05
101558	0.0001761093825
101559	0.0001723292803
101560	0.0001200091032
101561	0.0002132518265
101562	0.000128281563
101563	0.002314480861
101564	0.0008312196416
101565	0.001261087443
101566	0.001672789951
101567	0.00027290738
101568	0.001344942067
101569	0.001391268423
101570	0.000264783452
101571	0.001758157147
101572	0.0005197828917
101573	0.006637643253
101574	0.001814321383
101575	0.0009132828848
101576	0.0009153414176
101577	0.002900382579
101578	0.00115332387
101579	0.001676820103
101580	0.003232143206
101581	0.0007966781423
101582	0.001357673748
101583	0.004017208622
101584	0.0009330105919
101585	0.0008614298359
101586	0.0005372915059
101587	0.0006452661848
101588	0.002165081863
101589	0.002381521212
101590	0.0001754282109
101591	3.717360847e-05
101592	0.001518308525
101593	0.0002076173001
101594	0.002080975414
101595	0.001327186643
101596	0.0009618177451
101597	0.002170214197
101598	0.0009386762856
101599	1.206704099e-05
101600	0.0002077526067
101601	0.0009071032461
101602	0.002929283957
101603	0.0005033827868
101604	0.0007748884649
101605	0.0004765633391
101606	0.001037983518
101607	0.001618319554
101608	0.0009787857888
101609	0.003243590021
101610	0.0003615706793
101611	0.003025454556
101612	0.0004377940291
101613	0.001519757113
101614	0.0005810977873
101615	2.323463561e-05
101616	0.001325019528
101617	0.001283232158
101618	0.002252331996
101619	0.001280274677
101620	0.0002786392954
101621	0.0002462824329
101622	0.0001337647649
101623	0.0001196036691
101624	4.175262793e-07
101625	0.0008680548196
101626	0.0006219215756
101627	0.0006547278066
101628	8.319825132e-07
101629	0.0008678614063
101630	0.0006018812159
101631	0.0008682727921
101632	9.179438059e-07
101633	0.000868217532
101634	0.0003852159787
101635	4.253383348e-05
101636	0.0003970350995
101637	3.71475587e-07
101638	0.0001222011489
101639	0.000633918068
101640	0.0005191838368
101641	0.0008679166668
101642	0.0006118193885
101643	6.176867581e-05
101644	0.0003458409057
101645	9.373327183e-05
101646	0.0002187957098
101647	0.0003976723696
101648	0.0007950345332
101649	0.000520716696
101650	0.001041462993
101651	0.0002821195331
101652	0.0004833338732
101653	0.001196154855
101654	0.004470043842
101655	0.003986671825
101656	0.001460276499
101657	0.001622886198
101658	0.0009904409626
101659	0.0008874018236
101660	0.003381545834
101661	0.002764053979
101662	0.001912167606
101663	0.002719188536
101664	0.001556717684
101665	0.003429776358
101666	0.001403264376
101667	0.003462299245
101668	0.0001399962333
101669	0.003545998176
101670	0.0007053785159
101671	0.002409171721
101672	0.001112775829
101673	0.001614737216
101674	0.001901030298
101675	0.0007718405624
101676	0.001345738133
101677	0.005269300975
101678	0.0008717602902
101679	8.202892275e-05
101680	0.0001874413358
101681	0
101682	0.0008583623235
101683	0.002221228326
101684	0.00142168002
101685	0.002503350754
101686	0.001670272636
101687	0.00019377377
101688	0.005020480169
101689	0.001996600114
101690	0.001121379738
101691	0.003836442807
101692	0.0004800439351
101693	0.001322824537
101694	0.004554659748
101695	0.0003261972786
101696	0.007097491877
101697	0.001650630212
101698	0.002156077543
101699	0.006122962869
101700	0.002690283177
101701	0.001246505274
101702	0.002648945032
101703	0.001626556275
101704	0.001925973272
101705	0.0003520558738
101706	0.0008733929118
101707	0.0002828303023
101708	0.001207364852
101709	0.0002496733431
101710	4.448662237e-05
101711	0.0007621142895
101712	0.0005285298252
101713	0.00152456408
101714	0.0003945176466
101715	0.00161946916
101716	0.0005682905933
101717	0.001953413783
101718	0.001766177856
101719	0.001723774764
101720	0.0008223838181
101721	0.002181667639
101722	0.0004733584835
101723	0.0001086668039
101724	0.001573715572
101725	0.001165614566
101726	0.00218811639
101727	0.005102607588
101728	0.001976127479
101729	0.005908871792
101730	0.003923009529
101731	0.007068776308
101732	0.0003855935824
101733	0.003970154876
101734	0.001043282003
101735	0.003215480613
101736	0.0005806712127
101737	0.001069195221
101738	0.001344922636
101739	0.004926110166
101740	0.001524233962
101741	0.000434122531
101742	0.003959391157
101743	0.00126556709
101744	0.001036240966
101745	0.0007034115616
101746	0.001273805386
101747	0.001560880857
101748	0.0004063303224
101749	0.0001525327251
101750	0.0003357902891
101751	0.004469112658
101752	0.002462892009
101753	0.0002377141619
101754	0.0004883054096
101755	0.002111449142
101756	0.003410739199
101757	0.00100088893
101758	0.003284873035
101759	0.001977361028
101760	0.004297217989
101761	0.002632360106
101762	0.001152094362
101763	0.002448756155
101764	0.0009047203748
101765	0.002540058866
101766	0.001741440688
101767	0.003585316717
101768	0.002288389422
101769	0.002417038362
101770	0.003725467896
101771	0.002723962202
101772	0.001707649362
101773	0.0003248707601
101774	0.003135278674
101775	0.0009003862292
101776	0.0006367701491
101777	0.001216902643
101778	0.005055890897
101779	0.0009150154745
101780	0.00128088016
101781	0.0006732206998
101782	0.001941948379
101783	0.002090452297
101784	0.001455215005
101785	0.002684528296
101786	0.003453876664
101787	0.009950666652
101788	0.0006806481437
101789	0.005212812926
101790	0.0007720209312
101791	0.0008022827318
101792	0.001485163793
101793	0.000958960354
101794	0.0001295443609
101795	0.003450259795
101796	3.692301031e-05
101797	0.0008434072793
101798	0.0005123047326
101799	0.0006458118075
101800	0.002874894409
101801	0.003791003684
101802	1.087695426e-05
101803	0.005391264552
101804	0.003245226444
101805	0.001197661873
101806	0.0004702951804
101807	0.0001908997527
101808	0.005570724559
101809	0.0005142776432
101810	0.001848310237
101811	0.001321489896
101812	0.003214053118
101813	0.003435202179
101814	0.002080669299
101815	0.0001009470597
101816	0.002325731742
101817	0.002086270931
101818	0.003914853174
101819	0.00161935756
101820	0.000583666268
101821	0.0001289632181
101822	0.00286181986
101823	0.005288702996
101824	0.0004392599684
101825	0.0007736032786
101826	0.005394460748
101827	0.001427968325
101828	3.054817033e-05
101829	0.001901955793
101830	0.0004248906946
101831	9.416882117e-05
101832	0.001249354738
101833	0.0007416780195
101834	0.0005927323253
101835	0.0009259940723
101836	0.0014167917
101837	0.001993404173
101838	0.002141464904
101839	0.000588273286
101840	0.002592113121
101841	0.001380013883
101842	0.002019158216
101843	0.0005992573116
101844	0.003957079094
101845	0.001305193497
101846	0.002108276067
101847	0.0008668386074
101848	0.0004785768993
101849	0.0008554445271
101850	0.004033425386
101851	0.004510236895
101852	0.0008550340539
101853	0.0009821305411
101854	0.0008624067365
101855	0.00054327866
101856	0.002583274858
101857	0.0005211794754
101858	0.003087795806
101859	2.906958963e-05
101860	0.001190963223
101861	0.0041175968
101862	0.002442212886
101863	0.0007046819646
101864	0.002158622342
101865	0.001282749867
101866	0.00400916631
101867	0.001276759329
101868	0.002011354776
101869	0.0004684479354
101870	1.679870061e-06
101871	0.003150739673
101872	0.001090400274
101873	0.0002629281525
101874	0.0008739086235
101875	0.001355676836
101876	0.0037961373
101877	0.0003047678895
101878	0.002588342856
101879	0.004311654582
101880	0.0007191479697
101881	9.763152885e-05
101882	0.002956657867
101883	0.002338641041
101884	0.002557458619
101885	0.000287914412
101886	0.00109918878
101887	0.003991005371
101888	0.001989144349
101889	0.001123216369
101890	0.000974844076
101891	0.0001119750618
101892	0.001762920249
101893	0.0004509625411
101894	0.0007188257197
101895	0.001382026334
101896	0.001952231822
101897	0.002129970465
101898	0.00103310957
101899	0.002606394225
101900	0.0003806599994
101901	0.003460455482
101902	0.0003922585517
101903	0.0007535714433
101904	0.003734798415
101905	0.001147735246
101906	0.0002130373919
101907	0.003102054923
101908	0.0007752262435
101909	0.003988210066
101910	0.001229755527
101911	0.002807873319
101912	0.002831872776
101913	0.0002880699124
101914	0.0003100128117
101915	0.003644737037
101916	0.001364484436
101917	0.00197268731
101918	0.0007538520134
101919	0.004136900705
101920	0.001194786289
101921	0.001997341573
101922	0.001135489903
101923	0.001319326184
101924	0.001519281293
101925	0.0005614306054
101926	0.001670419481
101927	0.001080088048
101928	0.0003360416874
101929	0.00212964751
101930	0.000877117248
101931	0.002312951788
101932	0.0005867204807
101933	0.001662761919
101934	0.0006638755808
101935	0.0009496942075
101936	0.001981795199
101937	0.0002819186779
101938	0.0008968250832
101939	0.0008120551098
101940	0.001001378632
101941	0.002453708459
101942	0.002281152063
101943	0.0008606373273
101944	0.002397694509
101945	0.003333833703
101946	0.001155929433
101947	0.0003465741168
101948	1.933229557e-06
101949	0.0006514448273
101950	0.001217709011
101951	0.00043346605
101952	0.000124424281
101953	0.002390391728
101954	0.000454355738
101955	0.0020230817
101956	0.00141884588
101957	0.003015912454
101958	0.003952743298
101959	0.0002183766482
101960	0.001130008041
101961	0.0003448000881
101962	0.0008082409864
101963	0.00078135099
101964	0.001024713107
101965	0.003171909816
101966	2.029939756e-05
101967	0.0005726653979
101968	0.0007149738924
101969	0.001518769896
101970	0.0002592114497
101971	0.0007642450596
101972	0.003114404856
101973	0.0001173459367
101974	0.0002104444145
101975	0.002477745892
101976	0.0004458525555
101977	5.092929812e-05
101978	0.004865652002
101979	0.001069488021
101980	4.321248745e-05
101981	0.0006664130402
101982	0.0003227351352
101983	0.000207490823
101984	0.001466316992
101985	0.002316424594
101986	0.001016089159
101987	0.0001436404811
101988	0.001098301117
101989	0.0009831714849
101990	0.002843457102
101991	0.002295935893
101992	0.001161631163
101993	0.001998571587
101994	0.00474601122
101995	0.004890157458
101996	0.0008993431324
101997	0.003550015486
101998	0.002500003598
101999	0.003075523053
102000	0.003419798205
102001	0.000520286817
102002	0.0005257248831
102003	0.003005456493
102004	0.001001597718
102005	0.0002531708592
102006	0.00508898707
102007	0.0006532025547
102008	0.002971161405
102009	0.001585182061
102010	0.0002008069339
102011	0.000529081409
102012	0.0002454336031
102013	0.0001328675676
102014	0.001512705556
102015	0.001803088591
102016	0.002275946725
102017	5.648484103e-05
102018	0.0005081840241
102019	0.0006068420568
102020	0.0009287967682
102021	0.0003243925422
102022	0.002630759139
102023	0.0004687701067
102024	0.002481467332
102025	0.002034614923
102026	0.001043078148
102027	0.001422276847
102028	0.006042239159
102029	2.994469009e-06
102030	0.001406037142
102031	0.0008650005063
102032	0.001822590575
102033	0.003540035587
102034	0.004781799268
102035	0.003056927858
102036	0.0003290778146
102037	0.001262540044
102038	0.002389633544
102039	0.0003619782651
102040	0.002098224126
102041	6.433152274e-05
102042	0.001622489075
102043	0.000544159562
102044	0.002067094398
102045	0.00123209674
102046	0.0003076264947
102047	0.0009671266768
102048	0.0004261446282
102049	0.002789012434
102050	0.002719403767
102051	0.000992593369
102052	0.006314470732
102053	0.006524463232
102054	0.00257150499
102055	1.773281502e-05
102056	0.001722275255
102057	0.0001612737242
102058	0.00529028811
102059	0.002761074911
102060	0.00072207444
102061	0.004022554218
102062	0.001484398307
102063	0.001474937518
102064	0.0007329998538
102065	0.000636230808
102066	0.004295083378
102067	0
102068	0.004314435565
102069	0.002484505848
102070	0.0004778935884
102071	0.002376639946
102072	0.003715122304
102073	0.002816275808
102074	4.24947014e-05
102075	0.001752871731
102076	0.002666914042
102077	0.001189195224
102078	0.006464258563
102079	0.0001098936388
102080	0.001487611227
102081	0.0007653055411
102082	0.00295246961
102083	0.0007217977981
102084	0.001345678666
102085	0.005484856434
102086	0.002726814887
102087	0.002792962255
102088	0.004570860967
102089	0.002987137856
102090	0.0004352721469
102091	0.003116408635
102092	0.004161614537
102093	0.001274551993
102094	0.00649074199
102095	0.002792091253
102096	0.004210248485
102097	0.001475154293
102098	0.00181280356
102099	0.001067462339
102100	0.002069767495
102101	0.001334169647
102102	0.000889176704
102103	0.0003130992096
102104	0.0005932029334
102105	0.0002926427848
102106	0.0004433318856
102107	0.0003227094749
102108	0.003030472567
102109	0.001237988373
102110	0.0003468741325
102111	0.003333354192
102112	0.002833243617
102113	0.0003357978658
102114	0.001526175545
102115	0.0003279803748
102116	0.00165291387
102117	0.001413094398
102118	0.007181654363
102119	0.002663308643
102120	0.007177174322
102121	0.00179682759
102122	0.001138632613
102123	0.0006450169227
102124	0.0008878908204
102125	0.0004516851352
102126	0.0008257246027
102127	0.0001593789095
102128	0.0001296408423
102129	0.0009585161395
102130	0.00137843713
102131	0.002104022468
102132	0.000822064321
102133	0.0008207767014
102134	0.0006261314345
102135	0.003833657066
102136	0.005440894752
102137	0.002386129772
102138	0.006701562752
102139	0.00378084122
102140	0.001075200635
102141	0.004038212332
102142	0.0002389963828
102143	0.001167794952
102144	0.002960548011
102145	0.001686956715
102146	0.0004495748852
102147	0.0007302397743
102148	0.00133739107
102149	0.0003613867539
102150	0.0004797277068
102151	0.0002883783481
102152	0.0002936898396
102153	0.0001526220865
102154	0.001186689881
102155	0.004439834519
102156	0.001025481708
102157	0.001756157784
102158	0.001568703149
102159	0.0007679916612
102160	0.001771025586
102161	0.005204388121
102162	0.001694366713
102163	0.002077167392
102164	0.002673785977
102165	0.0008540892607
102166	0.002396689214
102167	0.002451523119
102168	0.004186879918
102169	0.002303376611
102170	0.003065020739
102171	0.004842888194
102172	0.002026861152
102173	0.0009989914346
102174	0.00280464298
102175	0.004146596315
102176	0.004965680764
102177	0.006479437792
102178	0.001067014617
102179	0.0006053165179
102180	0.001046236929
102181	0.0004316100941
102182	0.0002182155118
102183	0.005411213361
102184	7.261249531e-05
102185	0.0007811499951
102186	0.004035452923
102187	0.002977164459
102188	0.001424809843
102189	0.01011443907
102190	0.001506691849
102191	0.001804274
102192	0.001528375234
102193	0.00853438971
102194	0.001057301691
102195	0.003641464918
102196	0.002721217299
102197	0.00306984499
102198	0.001300580481
102199	0.006249372801
102200	0.001807573568
102201	0.001411988541
102202	0.001115722747
102203	0.00257788549
102204	0.004439321812
102205	9.131233238e-05
102206	0.001029657125
102207	0.00127862604
102208	0.002071115916
102209	0.000637186119
102210	0.0001262254284
102211	0.003139224524
102212	0.0034987597
102213	0.003111957618
102214	0.001413391409
102215	0.001241726018
102216	0.002498393454
102217	0.004720546624
102218	0.006302863212
102219	0.001214617173
102220	0.00860918093
102221	0.00277138519
102222	0.0001923843352
102223	0.002472763697
102224	0.004103493488
102225	0.004699855962
102226	0.002707276992
102227	0.001880228569
102228	0.00683073324
102229	0.00211353035
102230	0.005004901565
102231	0.003123439705
102232	0.003537888866
102233	0.0001761191296
102234	3.451166421e-06
102235	0.0003313825406
102236	0.000337590416
102237	0.004548635003
102238	0.0005051138274
102239	0.004276747381
102240	0.002073388174
102241	0.0004178130505
102242	0.0002989452845
102243	0.005688238733
102244	0.00125821413
102245	0.0005485087409
102246	0.004081670768
102247	0.00107013437
102248	0.0004424445978
102249	0.006745753916
102250	0.001729292154
102251	0.0001375401491
102252	0.005868759686
102253	0.002600966689
102254	0.002402733342
102255	0.004000118414
102256	0.001949883286
102257	0.001515494268
102258	0.004449973666
102259	0.00489854098
102260	0.004447314575
102261	0.005326269124
102262	0.001656800787
102263	0.002026024954
102264	0.002266669123
102265	0
102266	0.002140566734
102267	0.0015602855
102268	0.003900296444
102269	0.0004881124735
102270	0.004285846926
102271	0.0004998750684
102272	0.005636499928
102273	0.0007756001471
102274	0.003142697521
102275	0.002956347818
102276	0.00167062934
102277	0.001494956233
102278	0.0008902755518
102279	0.004498091243
102280	0.005880280302
102281	0.0005973271297
102282	4.613790556e-05
102283	0.0003118159013
102284	0.0001563136873
102285	0.001688605666
102286	7.485505284e-05
102287	0.001033724792
102288	0.001593668317
102289	0.003116576544
102290	0.003386340013
102291	0.005862335024
102292	0.001369277642
102293	0.001182087794
102294	0.001276560968
102295	0.0008710408115
102296	0.001265096317
102297	0.0002073896735
102298	0.003108482317
102299	0.003777364932
102300	0.0006248565214
102301	0.004073438559
102302	0.002222664059
102303	0.001215294923
102304	0.001132480469
102305	0.003751128112
102306	0.004849826909
102307	0.001035400635
102308	0.0003355146365
102309	0.0006867570245
102310	0.001135749623
102311	0.0004909037879
102312	0.007368464625
102313	0.002561671622
102314	0.0005175401288
102315	0.0004089994843
102316	0.001830707899
102317	0.001375430677
102318	0.0007221939951
102319	4.60506926e-08
102320	0.001545185917
102321	0.003080533302
102322	0.0004550741653
102323	0.0004344376189
102324	0.002671596802
102325	0.000223160337
102326	0.003180388554
102327	0.001247170082
102328	0.004361898434
102329	0.0006438584254
102330	0.004630758253
102331	0.001858814736
102332	0.001077625913
102333	0.0005082893721
102334	0.002162553887
102335	0.000717531983
102336	0.003229923997
102337	0.001123921432
102338	0.0008311825716
102339	0.001879132838
102340	0.003426434137
102341	0.0007249213769
102342	0.006273832997
102343	0.0005743992472
102344	0.00206850474
102345	0.001816729932
102346	0.003070292287
102347	0.0008421234632
102348	0.0004289219877
102349	0.002471064622
102350	0.0007097847903
102351	0.001435313102
102352	0.00234922038
102353	0.006662675822
102354	0.00387460085
102355	0.001507233544
102356	0.004413104717
102357	0.00358133465
102358	0.004180788235
102359	0.003438437196
102360	0.003052677686
102361	0.003521369168
102362	0.001217575681
102363	0.001378810813
102364	0.0007799221036
102365	0.006076943788
102366	0.00355398004
102367	0.001720763926
102368	0.005362001931
102369	0.001564431784
102370	0.00317570006
102371	0.001172339585
102372	0.002208755161
102373	0.001111235769
102374	0.001483258967
102375	0.001583835671
102376	0.001368432613
102377	0.002965215292
102378	0.00155241526
102379	0.001811752524
102380	0.001494717977
102381	0.001730151035
102382	0.001281313695
102383	0.001588162394
102384	0.001117722393
102385	0.001558436383
102386	0.001474339056
102387	0.001380724426
102388	0.001510773514
102389	0.001194115673
102390	0.002619226064
102391	0.001458077331
102392	0.0007452967528
102393	0.0009869812019
102394	0.003555700407
102395	0.001475626635
102396	0.001483502563
102397	0.00165481088
102398	0.001377457217
102399	0.001489298846
102400	0.002112902049
102401	0.0003562530989
102402	0.002690063525
102403	0.001449257575
102404	0.0005643673926
102405	0.0007980118644
102406	0.0006971728046
102407	0.001254348362
102408	0.001479753621
102409	0.00142311491
102410	0.001144690154
102411	0.000948734814
102412	0.002724947026
102413	0.0004679680703
102414	0.00176927137
102415	0.001701522896
102416	0.001319570726
102417	0.0009782494209
102418	0.001417084815
102419	0.001369207232
102420	0.001143537897
102421	0.001438411218
102422	0.00140752634
102423	0.003766618059
102424	0.001800492905
102425	0.001978810344
102426	0.001253401425
102427	0.001170532164
102428	0.001592607221
102429	0.001026228242
102430	0.001374718269
102431	0.001466584141
102432	0.001769624891
102433	0.0007330598891
102434	0.001437890337
102435	0.001586862903
102436	0.001149621747
102437	0.0006312505048
102438	0.0008991598212
102439	0.002165864868
102440	0.001216100933
102441	0.001778800669
102442	0.002719704155
102443	0.001895847003
102444	0.001519850519
102445	0.001521190079
102446	0.001184517756
102447	0.0009521657473
102448	0.002871794563
102449	0.001390201351
102450	0.001651309297
102451	0.0008108990071
102452	0
102453	0.002671196887
102454	0.0001844160547
102455	0.001061780873
102456	0.001643330338
102457	2.866047353e-05
102458	0.001837857785
102459	7.482818729e-05
102460	0.0006443546951
102461	0.0003571445714
102462	0.0006841284161
102463	0.003660356611
102464	0.002736632004
102465	9.590263966e-05
102466	0.005531777205
102467	0.001643370715
102468	0.001151226708
102469	0.003914000814
102470	0.003613595666
102471	0.001294840338
102472	0.0002393773838
102473	0.0004733164994
102474	0.002675916577
102475	0.000492044889
102476	0.002580831601
102477	0.001070939105
102478	0.0016270444
102479	0.004078948219
102480	0.001970974549
102481	0.00257964287
102482	0.0002249260886
102483	0.003317350222
102484	0.001308516632
102485	0.003213245999
102486	0.001896359014
102487	0.001586696671
102488	0.0006404384927
102489	0.0001855493524
102490	0.001940261685
102491	0.001309493429
102492	0.001361692989
102493	0.001120397788
102494	0.002456375772
102495	0.0006730468983
102496	0.003466885503
102497	0.002512684137
102498	0.002497449172
102499	0.004263594667
102500	0.001396998481
102501	0.001044980164
102502	0.003721070293
102503	0.003767219815
102504	0.001387633771
102505	0.001299056948
102506	0.0008932708355
102507	0.001070221674
102508	0.001363771689
102509	0.003485124235
102510	0.001680344118
102511	0.00559053095
102512	0.00118961732
102513	0.001312510327
102514	0.00189524959
102515	0.0004347229478
102516	0.0005708600179
102517	0.001675100798
102518	0.001444934961
102519	0.00196403291
102520	6.333221045e-06
102521	0.001359629675
102522	0.00149921703
102523	0.002754882181
102524	0.001535278135
102525	0.001517323964
102526	0.001195211605
102527	0.005250225305
102528	0.001174923947
102529	0.002305736602
102530	0.00215589065
102531	0.0006783480624
102532	0.001419556759
102533	0.002316398484
102534	0.002150168024
102535	0.001192404592
102536	0.001393671683
102537	0.0003012355189
102538	0.001538171776
102539	0.0009397197704
102540	0.001460497322
102541	0.002234024348
102542	0.000666693272
102543	0.001971327561
102544	0.002338621224
102545	0.00129301998
102546	0.001194670964
102547	0.001586830944
102548	0.002113531846
102549	0.001471226264
102550	0.001106902264
102551	0.001125052566
102552	0.002153567866
102553	0.0007714507765
102554	0.001218980573
102555	0.002187360567
102556	0.002155114826
102557	0.0004245208751
102558	0.0001172756416
102559	0.0009281396126
102560	0.001978236798
102561	0.001675919827
102562	0.001624436761
102563	0.001075320166
102564	0.002211346467
102565	0.001180273292
102566	0.002386865859
102567	0.004087252804
102568	0.003882760173
102569	0.001265947624
102570	0.0004196050204
102571	0.00107250565
102572	0.001470506838
102573	0.001484098166
102574	0.001747654567
102575	0.0001200044237
102576	0.001358472272
102577	0.000831381325
102578	0.0007183498736
102579	0.001935618118
102580	0.001688763721
102581	0.00586506264
102582	0.002964431646
102583	0.0003498254543
102584	0.00182044862
102585	0.003935239324
102586	0.001039694812
102587	0.0003307325137
102588	0.001495070414
102589	0.001607517913
102590	0.0005653157115
102591	0.0008012833323
102592	0.002505018802
102593	0.002167941674
102594	0.001685917749
102595	0.0003268791031
102596	0.002815592052
102597	0.0001084266201
102598	0.0006560679148
102599	0.003410345408
102600	0.00192742085
102601	0.001419128992
102602	0.004992949806
102603	0.002878293676
102604	0.0002715173452
102605	0.001036141423
102606	0.003650129578
102607	0.0009017353344
102608	0.0005595497684
102609	0.001286115843
102610	0.001414614281
102611	0.00264999927
102612	0.0005315010954
102613	0.001115923636
102614	0.003736890057
102615	0.0008365936292
102616	0.0006345405741
102617	0.00300525687
102618	0.001657100895
102619	0.00058085976
102620	0.002578151392
102621	0.001452142772
102622	0.0004224972659
102623	0.0002113311712
102624	0.000721349927
102625	0.0001136254306
102626	0.0004776854577
102627	0.0002579626373
102628	0.0003672935462
102629	0.00254096651
102630	0.00152409458
102631	0.006201884319
102632	0.00212325799
102633	0.001972689307
102634	0.0001600988966
102635	0.0006053348363
102636	0.001968989559
102637	0.0005502257891
102638	1.145821868e-05
102639	0.001881295681
102640	3.153974564e-05
102641	0.001445746713
102642	0.001138230094
102643	0.001873988741
102644	0.0007830857078
102645	0.0005719721935
102646	0.0012895132
102647	0.001151884838
102648	0.0008352656667
102649	0.005086100814
102650	0.004422804977
102651	0.0008004680941
102652	0.001315655848
102653	0.0002453370799
102654	0.002939772018
102655	0.0005335925075
102656	0.0007290585438
102657	0.0002613366577
102658	0.001643925255
102659	0.0002572989255
102660	0.000428395725
102661	0.003307903879
102662	0.000154597625
102663	0.001166496937
102664	0.00170279468
102665	0.0003981273953
102666	0.0004401340718
102667	0.000505517764
102668	0.0007520857822
102669	0.0005657032084
102670	0.0001376850137
102671	3.694509398e-06
102672	0.0002655486492
102673	0.0003919498037
102674	1.785182688e-05
102675	2.821555047e-05
102676	4.845394145e-05
102677	0.0001947680615
102678	0.0004439820374
102679	0.0002291889534
102680	0.0006197759478
102681	0.001862648031
102682	0.003088987339
102683	0.0005534340781
102684	0.004047870445
102685	0.0002660245264
102686	0.001031906253
102687	0.0004410707462
102688	0.0012950987
102689	0.001548556821
102690	0.0001005320337
102691	0.0002518665044
102692	0.0006244867787
102693	0.0002079713519
102694	0.0002276958802
102695	0.0001290126238
102696	0.0008187315916
102697	0.00111983956
102698	3.960542653e-05
102699	0.0002471354223
102700	2.804328005e-05
102701	0.0003948762679
102702	0.000271728104
102703	0.0001027213554
102704	0.0005948019624
102705	0.0005811792374
102706	0.0003091605172
102707	0.0001605427408
102708	0.00215362328
102709	0.0004254181088
102710	0.001962439147
102711	0.0007277584483
102712	0.005574695369
102713	0.001416377692
102714	0.002703311741
102715	0.001472978797
102716	0.002179692725
102717	0.0003880930393
102718	0.00275685675
102719	0.001842965611
102720	0.002404840904
102721	7.544428156e-05
102722	0.0006495197402
102723	0.0009375870167
102724	0.0006457440944
102725	0.002845362398
102726	0.003363280697
102727	0.004152527939
102728	0.005678371686
102729	0.003867178099
102730	0.0003604925262
102731	0.003599585021
102732	6.848497128e-05
102733	0.0001854563148
102734	0.0004074371462
102735	0.005224744082
102736	0.0006302958123
102737	0.001309503853
102738	0.001133891042
102739	7.953952476e-06
102740	0.0006339661053
102741	0.0006543220594
102742	0.001404681165
102743	0.001292203449
102744	0.0009394690828
102745	0.003389143843
102746	0.0005641634361
102747	0.0005316984881
102748	0.0003480586276
102749	0.0002607952595
102750	0.001415979038
102751	0.003713869719
102752	0.0005428618471
102753	0.0006716476646
102754	0.0001724271812
102755	0.0002810953057
102756	0.001816580716
102757	0.0005069386654
102758	5.893677019e-05
102759	0.001687140688
102760	0.0006591616405
102761	0.0007533745742
102762	0.0003100399746
102763	0.0001198171744
102764	0.001094893957
102765	0.0003696741402
102766	0.002601242733
102767	0.001386228165
102768	0.0006203080019
102769	0.0009741772425
102770	0.0007511451619
102771	0.0003526430668
102772	0.0001924843935
102773	0.001169387463
102774	0.00118849731
102775	0.001564483243
102776	5.761574548e-05
102777	1.793829323e-05
102778	0.0003253901227
102779	0.0004307942116
102780	0.0001860844571
102781	0.00106060535
102782	0.005252830351
102783	0.005333867934
102784	0.002279326204
102785	0.0004998673593
102786	0.002904034207
102787	7.849740247e-05
102788	0.002882512198
102789	0.007382952713
102790	0.0006693736443
102791	0.001508517741
102792	0.0005848661865
102793	0.00472802852
102794	0.00165670257
102795	0.0003953226499
102796	0.003251637645
102797	0.0006698897395
102798	0.004139952225
102799	0.003528626839
102800	0.0005155521822
102801	0.0006706584945
102802	0.001198930207
102803	0.002733462809
102804	0.0008601645579
102805	0.0002203524077
102806	0.003154187352
102807	0.001024373692
102808	0.0007251614054
102809	0.002944128302
102810	0.002016554855
102811	0.0001868803136
102812	0.003845306942
102813	0.0004109733535
102814	0.0003573349245
102815	0.003105614969
102816	0.003437441461
102817	0.001470530081
102818	0.004364662687
102819	0.003102906634
102820	0.00234765624
102821	0.001467178382
102822	0.0001048497572
102823	0.0002297304725
102824	0.00104770882
102825	0.0008150655527
102826	0.003647776065
102827	0.000882706865
102828	0.0012988165
102829	0.004842773762
102830	0.0006870626497
102831	0.002642411154
102832	0.0006619958818
102833	0.002478185363
102834	0.0001760462448
102835	0.001078262208
102836	0.001390398931
102837	0.006612038905
102838	0.001907321234
102839	0.002983400184
102840	0.005479393972
102841	0.001663519532
102842	0.001044101149
102843	0.0008043138566
102844	0.001002183675
102845	0.004475918773
102846	0.0007363573436
102847	0.002721359547
102848	0.005326234462
102849	0.00212468398
102850	0.001702387162
102851	0.0009853512822
102852	0.002738331396
102853	0.002464465897
102854	0.0008928377366
102855	0.001022564198
102856	0.008754538791
102857	0.005732442091
102858	0.001885592567
102859	0.001344607598
102860	0.0002149687708
102861	2.6521626e-05
102862	0.001165662119
102863	0.003438192207
102864	0.0008117724951
102865	0.001530250455
102866	0.0009029104273
102867	0.006848925649
102868	0.00129494914
102869	0.00197730803
102870	0.000273580066
102871	0.002116876672
102872	0.004415029945
102873	0.002546151259
102874	0.002469250759
102875	0.006775771566
102876	0.001937543185
102877	0.001004421811
102878	0.006203434304
102879	0.0005214343307
102880	0.004349546556
102881	0.001501466251
102882	0.005899014274
102883	0.001301793729
102884	0.002183378259
102885	0.0004174990019
102886	0.006180613051
102887	0.001319489541
102888	0.00197270562
102889	0.000145828174
102890	0.001828115811
102891	0.000352099617
102892	0.003187728193
102893	0.000594911437
102894	0.004100444474
102895	0.001474516126
102896	0.002517353649
102897	0.00462295273
102898	0.004507634148
102899	0.002726172712
102900	0.0008328131004
102901	0.003486840976
102902	0.0003481442223
102903	0.0004714483533
102904	0.003673209656
102905	0.002145434603
102906	0.002605082952
102907	0.00399000163
102908	0.002330687778
102909	0.0008579411389
102910	0.006281285567
102911	0.0009271168363
102912	0.003772925035
102913	0.0003183260745
102914	0.0007512661484
102915	0.0001555655146
102916	0.0008331680859
102917	0.001214700798
102918	0.0004858247721
102919	0.001516788403
102920	0.002325327724
102921	0.002522724316
102922	0.0008996179909
102923	0.001861704611
102924	0.0003628891205
102925	9.60896463e-05
102926	0.001649643911
102927	0.00336761724
102928	0.003234994343
102929	0.0003443483722
102930	0.005468918218
102931	0.003843708324
102932	0.0008126729917
102933	0.00106048133
102934	0.001460506861
102935	0.002199649844
102936	6.503562022e-05
102937	0.0024572466
102938	0.0007294273302
102939	0.001852503718
102940	0.000235163298
102941	0.002292756713
102942	0.004299261217
102943	0.0006617069695
102944	0.002806503852
102945	0.002056454621
102946	0.002376503386
102947	0.001638611795
102948	0.001276426247
102949	0.001852382286
102950	0.001743403419
102951	0.0003076545508
102952	0.003053841597
102953	0.001042670145
102954	0.0002502102151
102955	0.002319611317
102956	0.001271890218
102957	0.001375481383
102958	0.001122549174
102959	0.0008377211915
102960	0.000673647441
102961	0.0002491582751
102962	0.002647254704
102963	0.0002181083593
102964	0.001275502607
102965	0.001280763629
102966	0.0002161357591
102967	0.003412028243
102968	0.002151898258
102969	0.001749370295
102970	0.00148176215
102971	0.000926170603
102972	0.004977463951
102973	0.001761005793
102974	4.828654361e-05
102975	0.003629246849
102976	9.451366277e-05
102977	0.00299582647
102978	0.003462490346
102979	0.001832232159
102980	0.0002233816876
102981	0.0007061581217
102982	0.004846679064
102983	0.001274012051
102984	0.006138516714
102985	0.002405416295
102986	0.003044633521
102987	0.002670729974
102988	0.002194603827
102989	0.001041455394
102990	0.001345207961
102991	0.001501371929
102992	0.0003704010505
102993	0.0003453398706
102994	0.0007418801289
102995	0.004213154672
102996	0.002018551893
102997	0.001335942533
102998	0.001948889347
102999	0.001540959521
103000	9.252692977e-05
103001	0.0008384673048
103002	0.001059380789
103003	0.00141195814
103004	0.0008742936928
103005	0.006749508073
103006	0.002562488091
103007	0.001996138496
103008	0.0005515250602
103009	0.001673163304
103010	0.0001919218311
103011	0.003285655518
103012	0.0004148298634
103013	0.008173879046
103014	0.0001757415458
103015	0.002058324856
103016	0.0003842156807
103017	0.001598337503
103018	0.0003119656283
103019	0.003613336218
103020	0.002418886165
103021	0.003851254349
103022	0.002348888183
103023	0.003030673328
103024	6.73256297e-06
103025	0.0009964067106
103026	0.001082762896
103027	0.001514639296
103028	0.001766594956
103029	0.003617208017
103030	0.001592115405
103031	0.001626550846
103032	0.0009275766958
103033	0.003267241414
103034	0.001393720004
103035	0.003664562799
103036	0.0008464165381
103037	0.005308222615
103038	0.003289228322
103039	0.00100538046
103040	0.001099532904
103041	0.002513003966
103042	0.0004234375386
103043	0.00134665437
103044	0.001655865555
103045	0.001863739411
103046	0.001337679019
103047	0.004050059382
103048	0.003364553244
103049	0.003126135957
103050	0.004407215105
103051	0.001485651274
103052	0.0009251669714
103053	0.001332289807
103054	0.0007207256045
103055	0.0007142527574
103056	0.002242049297
103057	0.004958342644
103058	0.0008032048948
103059	0.0003875018499
103060	0.0006832299534
103061	0.0009859670514
103062	0.002555057607
103063	0.00140940695
103064	0.001934310175
103065	0.0001186116114
103066	0.003811658645
103067	0.0001883249085
103068	0.002918633194
103069	0.002500549639
103070	0.0004035285049
103071	3.30718521e-05
103072	0.00345874278
103073	0.003640885055
103074	0.002753003832
103075	0.001268481545
103076	0.003104152699
103077	0.0009566598225
103078	0.003361316234
103079	0.0006447811778
103080	0.002181492285
103081	0.001885767828
103082	0.000481709938
103083	0.002518580916
103084	0.00116617934
103085	0.001511693158
103086	0.002260450613
103087	0.0007989342502
103088	0.001360310316
103089	0.0002532110367
103090	0.0003953382723
103091	0.001581531002
103092	0.002991252825
103093	0.005076580188
103094	0.003159969666
103095	0.003226827949
103096	0.00165839711
103097	0.001273327477
103098	0.003462955438
103099	0.001771866109
103100	0.003290056527
103101	0.004366682253
103102	0.002908675159
103103	0.001601902071
103104	0.001418100493
103105	0.004528143484
103106	0.001737106392
103107	0.001327176494
103108	0.001038718548
103109	0.004521998443
103110	0.001201817267
103111	4.707653014e-05
103112	0.000803498819
103113	0.0008985013497
103114	0.0003294198552
103115	0.003349849715
103116	0.006132132823
103117	0.005305727685
103118	0.002778618092
103119	0.0003606082359
103120	0.0002129760553
103121	0.003333766041
103122	0.0006918563167
103123	0.001004993168
103124	0.000214165353
103125	0.00699581624
103126	0.007011367633
103127	0.004623341
103128	0.004906763266
103129	0.002641815085
103130	0.001544937395
103131	0.00238324886
103132	0.002650246345
103133	0.001100924178
103134	0.007110188324
103135	0.002132636783
103136	0.0002638148614
103137	0.00332937556
103138	0.002647920886
103139	0.003889432802
103140	0.0006424794378
103141	0.0001747319527
103142	0.001510129034
103143	0.003731676518
103144	0.002604708923
103145	0.0002474026371
103146	0.002525709081
103147	0.004326774409
103148	0.006731457735
103149	0.001680119172
103150	0.0007980450899
103151	0.0008852160412
103152	0.001291692258
103153	0.001903679277
103154	0.003846852306
103155	0.005080404365
103156	0.0003435733307
103157	8.840205238e-06
103158	0.006233684388
103159	0.0005260818335
103160	0.0006486857329
103161	4.164245379e-05
103162	0.0008155479289
103163	0.00255922379
103164	0.005275862488
103165	0.003810281858
103166	0.003191364587
103167	0.007782030676
103168	5.625729682e-05
103169	0.0007005109205
103170	0.006570673336
103171	0.001101428168
103172	0.001127543199
103173	0.005338356048
103174	0.003082422472
103175	0.003510930961
103176	0.000106500666
103177	0.0008180157835
103178	0.002203588861
103179	0.001156314787
103180	0.001924114176
103181	0.002187979673
103182	0.001225539445
103183	0.00333364666
103184	0.005215566838
103185	0.002386357765
103186	0.003607664571
103187	0.00165399368
103188	0.003445885298
103189	0.000773654237
103190	0.003521993458
103191	0.000810147331
103192	0.0007290251505
103193	0.0009009114561
103194	0.001062521608
103195	0.003767092324
103196	0.001505972998
103197	0.002485682838
103198	0.0006954194831
103199	0.001431251856
103200	0.0006311345151
103201	0.0004787987713
103202	0.000545684652
103203	0.00203128411
103204	0.001601301591
103205	0.0005538646643
103206	0.0002690860885
103207	0.0001315259061
103208	0.00430315648
103209	0.001558793279
103210	0.002075406467
103211	0.002500895286
103212	0.001967874853
103213	0.005244253362
103214	0.001439288829
103215	3.415995175e-05
103216	0.001539942609
103217	0.002872406859
103218	0.00536204137
103219	0.002096781793
103220	0.001431223367
103221	0.001540495751
103222	0.005416449603
103223	0.002884301798
103224	0.001163678566
103225	0.004160165865
103226	0.003928126642
103227	0.005633875439
103228	0.000679201383
103229	0.006164793512
103230	0.0007988024095
103231	0.001185499702
103232	0.001588369064
103233	0.005116473573
103234	0.005260729652
103235	0.001654108584
103236	0.000560409015
103237	0.003380367126
103238	0.0008730215719
103239	0.002256697924
103240	0.00659400467
103241	0.003676797697
103242	0.0008981878952
103243	0.003758562738
103244	0.0008170033474
103245	0.000727062815
103246	0.002371058778
103247	2.799450555e-05
103248	0.003539865832
103249	0.0008005682017
103250	0.002159936572
103251	0.003304111957
103252	0.00097049364
103253	0.001081413484
103254	0.0005910546805
103255	0.003341475296
103256	8.202391145e-05
103257	0.001734015314
103258	0.001520086761
103259	6.854923159e-05
103260	0.0008591429796
103261	0.0006718484956
103262	0.0001762907554
103263	0.001054294355
103264	0.001182611508
103265	0.003749796774
103266	0.001466189623
103267	0.003602965834
103268	0.0006387560089
103269	0.0002873178258
103270	1.750745067e-05
103271	0.0001360090171
103272	0.00128880171
103273	0.001129016144
103274	0.000151267467
103275	0.0012407734
103276	0.003051795731
103277	0.0006571360224
103278	0.0001259022752
103279	0.001056036833
103280	0.003852927204
103281	0.002666917161
103282	0.001206196185
103283	0.001830724778
103284	0.002436798359
103285	0.001849375207
103286	0.0002924829888
103287	0.0009406293212
103288	0.001778528198
103289	0.0007511415544
103290	0.005096235821
103291	0.006028064511
103292	0.0001910877987
103293	0.000695068035
103294	0.007219269524
103295	0.005174414735
103296	0.0004671635632
103297	0.004576270702
103298	0.004608757139
103299	0.001716205896
103300	0.004057944735
103301	0.002863734907
103302	0.006397687338
103303	0.0001487409827
103304	0.0001947483578
103305	0.001177820925
103306	0.001818993892
103307	0.001643488328
103308	0.003039839105
103309	0.001290538515
103310	1.314431668e-06
103311	3.0606087e-05
103312	0.002895951941
103313	0.001285657641
103314	0.0004802040582
103315	0.001693811496
103316	0.0005472113153
103317	0.001203645154
103318	0.007663182546
103319	0.0008210322677
103320	0.004711622826
103321	0.001015807186
103322	0.001205866515
103323	5.209026461e-05
103324	0.0004672188713
103325	0.003803538295
103326	0.009866034076
103327	0.00244476842
103328	0.00251846529
103329	0.009939204685
103330	0.0004815513622
103331	0.003473532384
103332	0.003038597236
103333	0.001636647006
103334	0.001682298049
103335	0.003403591756
103336	0.0004974667944
103337	0.0006085954384
103338	6.407253211e-05
103339	0.0004609710785
103340	0.001130105654
103341	2.586912384e-05
103342	0.0004084900278
103343	0.0004777374879
103344	0.002550356594
103345	0.003812203865
103346	0.0002218921287
103347	0.002059889608
103348	0.0005489248405
103349	0.002767942332
103350	0.002453531301
103351	0.0007285127895
103352	0.0004785166844
103353	0.000880996157
103354	0.004239438378
103355	0.004570767278
103356	0.0003387121604
103357	0.00396088312
103358	0.00452239988
103359	0.001257550918
103360	7.517149047e-05
103361	0.0005108024891
103362	8.473212475e-05
103363	3.26350314e-05
103364	0.0005726796226
103365	0.0002153196116
103366	0.0002558447993
103367	0.0002822034551
103368	0.0006864230884
103369	0.000111426096
103370	0.003989114632
103371	0.0002089846572
103372	4.929718152e-05
103373	3.655408674e-05
103374	1.65195171e-05
103375	0.0005454762828
103376	0.003882812462
103377	0.00196955474
103378	0.00278283005
103379	0.00412543511
103380	0.001169235824
103381	0.004309123944
103382	0.0001063645187
103383	0.003042731115
103384	0.003801918795
103385	0.006894263195
103386	0.002174416546
103387	0.002539709734
103388	0.001995654735
103389	0.004982385444
103390	0.002208953103
103391	0.001184925702
103392	0.0003758097101
103393	0.0003285702616
103394	0.001437211579
103395	0.001170039534
103396	8.009973322e-05
103397	0.00517490643
103398	0.0003934442139
103399	0.007236635467
103400	0.0008370604513
103401	0.003929761185
103402	5.757160202e-05
103403	0.001907024818
103404	0.0001719979397
103405	0.001006501179
103406	0.001252924529
103407	0.002077357813
103408	0.0002524538587
103409	0.0003260749829
103410	0.0005228415689
103411	0.001905047481
103412	0.0001353774966
103413	0.0009610821187
103414	0.0002887401619
103415	0
103416	0.001186038936
103417	6.734883353e-05
103418	0.0006356845726
103419	0.00388146326
103420	0.001388099051
103421	0.003362788253
103422	0.001413328928
103423	0.001633073454
103424	0.0005384657895
103425	0.001852600702
103426	0.0003441839434
103427	0.004439726146
103428	0.001148513624
103429	0.0022962234
103430	0.0002491300467
103431	0.00380634393
103432	0.001175249658
103433	0.003226161551
103434	0.007475352576
103435	0.0007183048516
103436	0.005269847716
103437	0.002550111713
103438	0.001343996894
103439	0.007435009131
103440	0.001814527376
103441	0.000675436285
103442	0.001012332162
103443	0.0040896839
103444	0.000539369174
103445	0.006383747509
103446	0.0008134789117
103447	0.002354543924
103448	0.002305943612
103449	0.0006554238709
103450	0.002839166103
103451	0.00664935076
103452	0.0003808370321
103453	0.003135582702
103454	0.00400935503
103455	0.002027973354
103456	0.00143466442
103457	0.004621688496
103458	0.00468984068
103459	0.005733784727
103460	0.005585706152
103461	0.0007543404283
103462	0.005950233442
103463	0.004976226463
103464	0.0005792182638
103465	0.002988218668
103466	0.004096668216
103467	0.003637524268
103468	0.000411215206
103469	0.004320546938
103470	0.002060394386
103471	0.0001872835866
103472	0.001767384268
103473	0.003247320152
103474	0.0003223517606
103475	0.001120787829
103476	0.002582615801
103477	0.0008321644931
103478	0.005537521097
103479	0.002898812513
103480	0.003444474914
103481	0.002976637344
103482	0.003679933336
103483	0.0009327794252
103484	0.0006641610112
103485	0.003430149175
103486	0.003396610791
103487	0.001423325474
103488	0.003571960119
103489	0.0008575889915
103490	0.0001798996451
103491	0.0002127400439
103492	0.0008557184366
103493	0.003010915341
103494	0.0005651916172
103495	0.001727780623
103496	0.003274571443
103497	0.002050461017
103498	0.007723109982
103499	0.001324194191
103500	0.001608567915
103501	0.004211198191
103502	0.003777387097
103503	0.0003697227181
103504	0.002115865397
103505	0.005666743657
103506	0.00280632823
103507	0.008103828943
103508	0.0007254478954
103509	0.001081783713
103510	0.002932311995
103511	0.0002978714335
103512	0.001469609613
103513	0.003133712559
103514	0.001632545399
103515	0.002964840174
103516	0.0004296192752
103517	0.006045912256
103518	0.004574807243
103519	0.0006165842284
103520	0.000360276305
103521	0.0007756122691
103522	0.002759381751
103523	0.004524588152
103524	0.003174985744
103525	0.0008057377909
103526	0.001903338264
103527	0.0004575661656
103528	0.003491605897
103529	0.003553892886
103530	0.002978529582
103531	0.001085275862
103532	0.0008178690288
103533	0.003789138539
103534	0.003323948936
103535	0.00323689849
103536	0.001164107328
103537	0.002726546859
103538	4.326120683e-05
103539	0.007415956835
103540	0.001216133521
103541	0.0002873211485
103542	0.001130514429
103543	0.003166843859
103544	0.0003829179247
103545	0.000193171654
103546	0.004340640303
103547	0.001618867407
103548	0.003187730324
103549	0.001110778466
103550	0.002976460928
103551	0.004182886411
103552	0.003489842074
103553	0.004318484394
103554	0.004020561351
103555	0.0009277676397
103556	0.002198236011
103557	0.001542808623
103558	0.003060322436
103559	0.003284300795
103560	0.004484817294
103561	0.001499489984
103562	0.001662805272
103563	0.003145377959
103564	0.001735918193
103565	0.001834021357
103566	0.002339262842
103567	0.004866303632
103568	0.00321241206
103569	0.001042231123
103570	0.0005338941003
103571	0.0001206564408
103572	0.005653954297
103573	0.0008939634579
103574	0.001823668291
103575	0.004049922352
103576	0.002020567612
103577	1.507599041e-05
103578	5.062142035e-05
103579	0.002919697918
103580	0.006890883469
103581	0.002629221382
103582	0.00221015467
103583	0.002489976845
103584	0.003298390675
103585	0.001214351883
103586	0.002399781175
103587	0.005098779949
103588	0.0002798631871
103589	0.0001762469429
103590	0.001899795521
103591	0.003573461844
103592	0.005512869485
103593	0.001506360204
103594	0.002191779463
103595	0.004481629448
103596	0.004053849447
103597	0.000161157495
103598	0.0004071825675
103599	0.0008204198857
103600	0.001785827647
103601	0.001763173424
103602	0.003295849344
103603	0.0006711657463
103604	0.005873881062
103605	0.0009133168317
103606	0.00404577977
103607	0.003238922467
103608	0.0001148080762
103609	0.00584234486
103610	0.0005200099012
103611	0.002115003521
103612	0.001703294199
103613	0.0008202140261
103614	0.0001375136992
103615	0.002664377725
103616	0.0007214006984
103617	0.001065999221
103618	6.128783781e-05
103619	0.0009364081598
103620	0.002898084225
103621	0.0007279398054
103622	0.00258701523
103623	0.001313868101
103624	0.0009301414778
103625	0.001534258279
103626	0.001020066441
103627	0.0009707340505
103628	0.0003889033921
103629	0.0009746617644
103630	0.002238029496
103631	0.0009855078844
103632	0.001998784996
103633	0.002057421831
103634	0.00133885924
103635	0.0008565210083
103636	0.007632105458
103637	0.002125172605
103638	0.003961459517
103639	0.001583310979
103640	0.0006762624299
103641	0.0001349393586
103642	0.0002267031517
103643	8.836521159e-05
103644	0.0002163888037
103645	0.001709627516
103646	0.003261605112
103647	0.003866813178
103648	0.003094627271
103649	0.002523571144
103650	0.001870827606
103651	0.001986962671
103652	0.0004566843122
103653	0.0004387451695
103654	0.0004813902225
103655	0.002437448857
103656	0.002502798258
103657	0.002710972025
103658	0.0004333018808
103659	0.0004252268609
103660	0.0002751396408
103661	0.0008979265292
103662	0.0009991368315
103663	0.0003613310241
103664	4.299829205e-05
103665	0.002197505352
103666	0.001035573169
103667	2.18304385e-05
103668	0.0007142245917
103669	0.0001280301168
103670	0.002212876473
103671	0.001861480195
103672	0.001829973669
103673	0.001651468602
103674	0.001961374919
103675	0.0005046680309
103676	9.404995124e-05
103677	0.002985095383
103678	4.848345513e-05
103679	0.0008166830461
103680	0.001757470556
103681	0.007356701949
103682	6.796814645e-05
103683	0.001307353165
103684	0.0005509499367
103685	0.001019378407
103686	0.0007734692045
103687	3.703674568e-05
103688	0.0004272381027
103689	0.002593320838
103690	0.001786480221
103691	0.001817322105
103692	0.001498597581
103693	0.0001335821921
103694	0.005416111758
103695	0.0004455244086
103696	0.00212715282
103697	0.0003593128507
103698	0.001489138891
103699	0.0001843679695
103700	0.001379207391
103701	0.002639595333
103702	0.002812051475
103703	0.0004922371617
103704	0.003958910877
103705	0.0002810679068
103706	0.001937439308
103707	0.002235469952
103708	0.0002314329583
103709	0.001184228522
103710	0.00031776851
103711	0.00167751444
103712	0.0003627396468
103713	0
103714	0.003327050104
103715	0.0008723656444
103716	0.006712305899
103717	0.000770489501
103718	0.00201402719
103719	0.003813871955
103720	0.00230728085
103721	0.001740282888
103722	0.0004402462631
103723	0.001710920369
103724	0.001264311252
103725	0.003248485419
103726	0.0002292233626
103727	0.0008944867927
103728	0.0005294504596
103729	0.000183068023
103730	0.0003198879932
103731	0.00138483296
103732	0.002083099437
103733	0.0004104427264
103734	0.0009513596983
103735	0.0005382707043
103736	0.00193466351
103737	0.0009259392387
103738	0.00089792908
103739	0.002601993927
103740	0.003129748316
103741	0.0003033741919
103742	0.001057914957
103743	0.001054206298
103744	0.001026475644
103745	0.002372752839
103746	0.001065660249
103747	0.00142017874
103748	0.001836948972
103749	0.001478515287
103750	0.0004200284756
103751	0.0008921798656
103752	0.0008849555316
103753	0.001270544987
103754	0.003076101875
103755	0.0008189559025
103756	0.001882078603
103757	0.002031193013
103758	0.00105088985
103759	0.0004464411132
103760	0.003066671802
103761	9.591920585e-05
103762	0.0008436488274
103763	0.0005687932659
103764	0
103765	0.003333844273
103766	0.004067047609
103767	0.001604124784
103768	0.001902018796
103769	0.002185713154
103770	0.001709852411
103771	0.0009469661543
103772	0.001223299562
103773	0.0002187838744
103774	0.003505239494
103775	0.0007640859773
103776	0.004792420537
103777	0.0006174866051
103778	0.001315256933
103779	0.001224083986
103780	0.002801663379
103781	0.0003322813025
103782	0.001144483563
103783	0.002355913681
103784	0.001368839307
103785	0.003247201995
103786	2.611692338e-05
103787	0.001216345716
103788	0.0004263575264
103789	0.002917705692
103790	0.003867670152
103791	0.001402351188
103792	0.000115148194
103793	6.62097581e-06
103794	0.0008206544885
103795	0.00197431301
103796	0.0003122831095
103797	0.001191150331
103798	0.0001947830985
103799	0.0009983001738
103800	0.002492897999
103801	0.006217613684
103802	0.001509909548
103803	0.0006509837536
103804	0.001608356663
103805	0.001629440992
103806	0.0005407477683
103807	0.002358998618
103808	0.004898048399
103809	0.000182777582
103810	0.003557643163
103811	0.00111112021
103812	9.209030133e-05
103813	0.0004726414997
103814	0.001292718981
103815	0.0006989203951
103816	0.004326638347
103817	0.002282384637
103818	0.007608687767
103819	0.0002459955698
103820	0.0004012165926
103821	0.001975772415
103822	0.001522828295
103823	0.0009963732716
103824	0.004772209992
103825	0.001037980835
103826	0.001138894639
103827	0.001364509118
103828	0.00105003316
103829	0.002155478255
103830	0.0004727431949
103831	5.048253643e-05
103832	3.921908346e-05
103833	0.002437129652
103834	0.0003890663528
103835	0.003020792228
103836	0.001573444381
103837	0.0005294189937
103838	0.0001778151256
103839	0.003171334636
103840	0.0003047863808
103841	0.00340792109
103842	0.002339407837
103843	0.0006734662946
103844	0.0002813438019
103845	0
103846	0.004879533963
103847	1.136585652e-05
103848	0.002231856442
103849	0.003447671533
103850	0.0006150860121
103851	0.003667961261
103852	0.001514650809
103853	0.00129980996
103854	0.000309308427
103855	0.0007178109041
103856	7.380013786e-05
103857	0.0001939188574
103858	0.001138251596
103859	0.001503315193
103860	0.004822798515
103861	0.0007692074675
103862	0.002188083691
103863	0.003916611041
103864	0.006184975346
103865	0.0006054121406
103866	0.003836551708
103867	0.004035773017
103868	0.0001902238914
103869	0.001513569256
103870	0.00325520767
103871	0.0006978349789
103872	0.0006326927967
103873	0.0003957005316
103874	6.322880868e-05
103875	0.0001207571894
103876	0.0007866627771
103877	0.002668555172
103878	0.001737941481
103879	0.0006515471592
103880	0.002206364721
103881	0.001370059473
103882	0.0006882181501
103883	0.0009657974114
103884	0.001626230802
103885	0.0001325059492
103886	0.0001813319355
103887	0.0006081240574
103888	0.0005534878026
103889	0.000372205164
103890	0.001559717392
103891	0.0004178244299
103892	0.002334361574
103893	0.003197492263
103894	0.0002436944764
103895	0.003083612022
103896	0.002214404047
103897	0.000903313736
103898	0.001581113636
103899	0.0004303039157
103900	0.005311139479
103901	0.002436236276
103902	0.001140782864
103903	0.00239797333
103904	0.001895016166
103905	0.00213755433
103906	0.002167188105
103907	0.000766156271
103908	0.0007165880617
103909	0.0018599682
103910	0.004202902244
103911	0.0005579868287
103912	0.0003461493278
103913	0.0007419959846
103914	0.003007084386
103915	0.003498084466
103916	0.00297944195
103917	0.001734817903
103918	0.0005071972876
103919	0.00150779402
103920	0.004932785557
103921	0.0003378882543
103922	0.0001283379233
103923	0.0001281506504
103924	0.001158760818
103925	0.002935392943
103926	0.001671952066
103927	0.00443591133
103928	0.0009017005437
103929	0.002415841544
103930	0.005051199392
103931	0.000638393575
103932	0.001226142745
103933	0.0009724372035
103934	0.0002944334515
103935	0.002976369033
103936	0.00340985442
103937	0.002158401791
103938	0.00029632729
103939	0.002057330902
103940	0.001424327181
103941	0.001775657332
103942	0.007120316549
103943	0.001248836
103944	0.001973063593
103945	0.004670792721
103946	0.00504684539
103947	0.001731859836
103948	0.00125893618
103949	0.00105014783
103950	0.0001654305845
103951	0.003726810856
103952	0.001147822492
103953	0.005856524257
103954	0.0008995553942
103955	0.00185942698
103956	0.0007369438896
103957	0.001471133814
103958	0.004104069679
103959	0.008143643989
103960	0.0004087447339
103961	0.002227907644
103962	0.004618217557
103963	0.002766742698
103964	0.003111079713
103965	0.006841148253
103966	0.0002492774385
103967	0.001207092831
103968	0.002765486173
103969	0.001326818365
103970	0.003588831546
103971	0.003397050154
103972	0.0008658066498
103973	0.002542275471
103974	0.004759956287
103975	0.004806003315
103976	0.004053910498
103977	0.004692514628
103978	0.001937919607
103979	0.0003647446681
103980	0.0001926445748
103981	0.004439351247
103982	0.0002067724497
103983	0.001435885748
103984	0.001606447598
103985	0.004197750486
103986	0.004973022097
103987	0.0008452449087
103988	0.001558423
103989	0.003341125116
103990	0.00183365478
103991	0.004517193434
103992	0.003778780795
103993	0.003272428814
103994	0.001108755029
103995	0.002910331577
103996	0.001334546555
103997	0.003358135422
103998	0.002242315893
103999	0.003525433244
104000	0.003593563626
104001	0.003830092236
104002	0.0005701000744
104003	0.004034437736
104004	0.002742589472
104005	0.002219774105
104006	0.002910028091
104007	0.0062012534
104008	0.002336888532
104009	0.002402568585
104010	0.005058531911
104011	0.002804861781
104012	0.001225227124
104013	0.002219568089
104014	0.0004405930385
104015	0.0003491843704
104016	0.0007705501599
104017	0.0009841670249
104018	0.0007151433948
104019	0.001643739173
104020	0.001636900882
104021	0.005874866714
104022	0.001212674992
104023	0.003975130421
104024	0.002550569238
104025	0.003767013213
104026	0.002398275342
104027	0.001570248741
104028	0.002549793436
104029	0.001134351927
104030	0.001805487321
104031	0.002619603147
104032	0.0003695395311
104033	0.0009815691726
104034	0.001748089536
104035	0.001323253784
104036	0.006757899441
104037	0.0002836103832
104038	0.001382151881
104039	0.0005239063142
104040	0.004410527344
104041	0.001935810666
104042	0.002336903004
104043	0.002425425918
104044	0.00166291371
104045	0.002246004011
104046	0.00209931803
104047	0.00147994543
104048	0.001599519612
104049	0.001643203984
104050	0.0003943688914
104051	0.0001891267868
104052	0.0006929123936
104053	0.003718170496
104054	0.001312052906
104055	0.004115425576
104056	0.001401386428
104057	0.001507120381
104058	0.002462330236
104059	0.001700846131
104060	0.0005169191788
104061	0.002961252173
104062	0.001697377259
104063	0.003287119268
104064	0.0004825066818
104065	0.001436954721
104066	0.000325045589
104067	0.00440525491
104068	0.001622556582
104069	0.001166563045
104070	0.00294373815
104071	0.005191891776
104072	0.003116985664
104073	0.0005003223735
104074	0.001762039257
104075	0.0003359777428
104076	0.002989096786
104077	0.001226486907
104078	0.0005702206529
104079	0.001513769295
104080	0.0001014458913
104081	0.001196620541
104082	0.001513267961
104083	0.001144889267
104084	0.00124809964
104085	0.002245700263
104086	0.001342666106
104087	0.0001490730283
104088	0.0008035010526
104089	0.007462125404
104090	0.00395331694
104091	0.00213339695
104092	0.0007844329103
104093	0.0007528671419
104094	0.0002804207078
104095	0.003878166769
104096	0.002611148536
104097	0.004655654548
104098	0.003627659785
104099	0.004226697614
104100	0.003702487402
104101	0.005025597949
104102	0.0004044341553
104103	0.005409731459
104104	0.001937149871
104105	0.001084716334
104106	0.0003855432607
104107	0.00028304779
104108	0.0007148170461
104109	0.001400929637
104110	0.0004177618489
104111	0.002115740975
104112	0.002047943373
104113	0.003463516956
104114	0.001485932215
104115	0.005491028514
104116	0.003149012926
104117	0.002304308436
104118	0.0007391915521
104119	0.001743483016
104120	0.001998803279
104121	0.001888138446
104122	0.003093578184
104123	0.001061132667
104124	0.001798879065
104125	0.002901658293
104126	0.002560599462
104127	0.001281724923
104128	0.001074433522
104129	0.004824462826
104130	0.000768924332
104131	0.0004882220425
104132	0.002217445856
104133	0.005047660316
104134	0.001198437105
104135	0.003462567514
104136	0.0004257592111
104137	0.002040408632
104138	0.0002517750545
104139	0.002482520992
104140	0.002079903061
104141	0.002995824108
104142	0.0002531055036
104143	0.001252868487
104144	0.0009005094322
104145	0.002729927729
104146	0.001357611874
104147	0.000818243917
104148	0.0006062812775
104149	0.0009567950096
104150	0.003409536422
104151	3.597955096e-05
104152	0.00211628169
104153	0.003993993791
104154	0.002401737507
104155	0.0003407529767
104156	0.001923827332
104157	0.002199224456
104158	0.003127591153
104159	2.534979352e-06
104160	0.0007361479662
104161	0.001284079244
104162	0.004579986965
104163	0.002909372608
104164	0.002025764919
104165	0.003393291223
104166	0.002511237102
104167	0.0003120560143
104168	0.001276876557
104169	0.00140536169
104170	0.00199808802
104171	0.0006684190389
104172	0.0001014998494
104173	0.0001664255438
104174	0.0001380774812
104175	0.001457973612
104176	0.0007584615159
104177	0.001872726301
104178	0.0003175751659
104179	0.0005259986591
104180	2.310331048e-05
104181	0.001305760907
104182	0.002738182529
104183	0.001910616797
104184	0.001046693793
104185	0.0001803302038
104186	2.512748797e-05
104187	0.001178770769
104188	0.00183846066
104189	0.003560673501
104190	0.0001256183591
104191	0.0004201732245
104192	0.000143809426
104193	0.005944890333
104194	0.001428882686
104195	0.003246873959
104196	4.482893282e-05
104197	4.086784669e-05
104198	0.001254246565
104199	3.288141114e-05
104200	0.0003031530593
104201	0.001243867805
104202	0.0005278329988
104203	0.002451160697
104204	0.003487471892
104205	0.002920849845
104206	0.002926310314
104207	0.0008135160972
104208	0.0008012185681
104209	0.001157556093
104210	0.002853755932
104211	0.003844257197
104212	0.002693138137
104213	0.000286011722
104214	0.002684018357
104215	0.003845231857
104216	0.004500656211
104217	0.001240826844
104218	0.001545475851
104219	0.002306344755
104220	0.0008974208582
104221	0.003253856791
104222	0.003280617532
104223	0.002096321939
104224	0.0002949738203
104225	0.000921717938
104226	0.002601324228
104227	0.002155359936
104228	0.002559507422
104229	0.002067872459
104230	0.00423660447
104231	0.0006766836423
104232	0.00134169621
104233	0.0003192347927
104234	0.002820558611
104235	0.005357573711
104236	0.00187892676
104237	0.002059818736
104238	0.005064862221
104239	0.0008931370915
104240	0.002802612945
104241	0.00607230686
104242	0.00166228989
104243	0.005310299588
104244	0.0003633896483
104245	0.001905432569
104246	0.0004857765168
104247	0.001879394949
104248	0.0001923703594
104249	0.001794897729
104250	0.00213814861
104251	0.0007336492402
104252	0.002728106327
104253	0.002331493585
104254	0.0004448868328
104255	0.005838606699
104256	0.003241412662
104257	0.002084389235
104258	0.001920310989
104259	0.006090595706
104260	0.0003820735826
104261	7.9424424e-05
104262	0.000633543167
104263	0.0009552780585
104264	0.002629971612
104265	2.004620359e-05
104266	0.003181285594
104267	0.001691527142
104268	0.001117816288
104269	0.004651647621
104270	0.0002909050784
104271	0.00278431498
104272	0.004687427568
104273	0.006488174594
104274	0.00160861718
104275	1.115297846e-05
104276	0.001443410182
104277	0.001835920406
104278	0.0004885471697
104279	0.0008433386411
104280	0.002609780846
104281	0.002942177235
104282	0.002051891366
104283	6.464326797e-05
104284	4.642897275e-05
104285	0.003444520073
104286	0.002553508148
104287	0.002480883748
104288	0.00035058131
104289	0.003226450742
104290	0.0005413485714
104291	0.00198936794
104292	0.0003521380427
104293	0.002377940496
104294	0.002646820214
104295	0.001228975361
104296	0.001041625869
104297	0.0009259678561
104298	0.0002878024596
104299	0.0001103596484
104300	0.000553486801
104301	0.000713546559
104302	0.000105857441
104303	0.001628417848
104304	1.324192018e-05
104305	0.002913320819
104306	0.001483865445
104307	0.0004512059463
104308	0.003887173674
104309	0.002292559141
104310	0.003348383748
104311	0.005390640263
104312	0.001342102955
104313	0.003891784472
104314	0.001632051428
104315	0.003272115165
104316	0.001660600973
104317	0.002603633933
104318	0.002832537833
104319	0.0004919318455
104320	9.893531798e-05
104321	0.003916454884
104322	4.271572867e-05
104323	0.001630254538
104324	0.001735125086
104325	0.001462799597
104326	0.0009066718659
104327	0.002370694349
104328	0.0001443756745
104329	0.003720939684
104330	0.001216704342
104331	0.0008376503033
104332	0.0003359617431
104333	0.001023973781
104334	0.002318181681
104335	0.001425286252
104336	0.001284044575
104337	0.00298616293
104338	0.003261137158
104339	0.0006500328298
104340	0.001331061207
104341	0.001800617901
104342	0.004124142613
104343	0.0002889256062
104344	0.001600563407
104345	0.00112963811
104346	0.00345826116
104347	0.001816106369
104348	0.001195116217
104349	0.003043134327
104350	0.001970569174
104351	0.002042297573
104352	0.0009528025714
104353	0.006181647483
104354	0.001281172818
104355	0.0005304341471
104356	0.0009880085894
104357	0.002934783042
104358	0.003423213203
104359	0.001049704014
104360	0.005986982377
104361	0.002367515155
104362	0.01087331881
104363	0.0003773292846
104364	0.001300022424
104365	0.0007383819243
104366	0.000474379442
104367	0.002351956416
104368	0.004480275793
104369	0.007653259436
104370	0.002716857481
104371	0.0005677280088
104372	0.004969033286
104373	0.001635592113
104374	0.0005783078212
104375	0.001814296117
104376	0.002742407575
104377	0.001240078203
104378	0.005687015097
104379	0.0008449844612
104380	0.0008652896318
104381	4.970016897e-05
104382	0.001913856439
104383	0.0006609267345
104384	0.001005368673
104385	0.005355697314
104386	0.002074736035
104387	0.0006835934243
104388	0.0004409951944
104389	0.001083125531
104390	8.755378495e-05
104391	7.116441288e-05
104392	0.0001536807528
104393	0.000763599834
104394	0.0001241803591
104395	0.0005785391375
104396	0.0007205146333
104397	0.0006081125076
104398	0.0004586697931
104399	0.0009861006216
104400	7.400811915e-05
104401	0.0009288969879
104402	0.0004408338346
104403	0.0003429382607
104404	0.0002846678447
104405	0.0001530377982
104406	0.001132836201
104407	0.0007126870937
104408	0.001459401993
104409	0.0004472589638
104410	0.0007911634008
104411	0.0001021632258
104412	0.00142772911
104413	0.001570936403
104414	0.001403686449
104415	0.002714652298
104416	0.000421435148
104417	3.165297625e-06
104418	0.0002599621944
104419	0.000100551268
104420	0.0006709810326
104421	0.0007294249236
104422	0.00157452387
104423	0.000349365262
104424	0.0005582853595
104425	0.0007553148261
104426	0.001921169403
104427	0.0006784846955
104428	0.00179134754
104429	0.002671267184
104430	0.0006833127973
104431	0.00116812282
104432	0.0003489902435
104433	0.001735541346
104434	0.001045456273
104435	0.0009932304262
104436	0.001105536867
104437	0.001911158572
104438	0.001711009122
104439	7.564398885e-05
104440	0.0008412405378
104441	0.0002373731276
104442	0.001155972158
104443	0.001102616859
104444	0.0005105519298
104445	0.0004320040309
104446	0.0002362638541
104447	0.0002489772098
104448	0.0002425750189
104449	0.001818267349
104450	0.002699041491
104451	0.001021611828
104452	0.0001734918682
104453	0.0006698388904
104454	0.0001189703947
104455	0.0005169979769
104456	0.0007673862262
104457	0.0002756664797
104458	0.001521479778
104459	0.001394645317
104460	0.0003541124752
104461	0.0001236768825
104462	0.001296914089
104463	0.0008571866857
104464	0.001364615024
104465	0.001408826028
104466	0.001086050112
104467	0.00043135659
104468	0.0003878214195
104469	0.0004011653019
104470	0.0001106255738
104471	0.001799374401
104472	0.001353352672
104473	0.0009247517264
104474	0.0005449640873
104475	0.002097600396
104476	0.00169188131
104477	0.0002937956676
104478	4.505878643e-05
104479	0.0005560599424
104480	0.0002829473177
104481	0.0006215027777
104482	0.001497783695
104483	0.0007058308063
104484	2.628117244e-05
104485	0.0001704734201
104486	0.001387171261
104487	0.002613927305
104488	0.0006981679916
104489	0.00296463204
104490	0.0008098942009
104491	0.005962886424
104492	0.006368472136
104493	0.001447004967
104494	0.002612586736
104495	0.002908637389
104496	0.008757353124
104497	0.001470382306
104498	0.006146592374
104499	0.002497134628
104500	0.006235876458
104501	0.0003310855266
104502	0.0002866158344
104503	0.0009454505932
104504	0.0002543352074
104505	0.00478940183
104506	0.00148732756
104507	0.004002459233
104508	0.005211530202
104509	0.001131693491
104510	0.001619694728
104511	0.0005891242479
104512	0.002534553903
104513	0.001285341031
104514	0.001996044001
104515	0.0001045406464
104516	0.003260095841
104517	0.000571098176
104518	0.00360302686
104519	0.0004150970667
104520	0.002376444982
104521	0.002332889584
104522	0.0004101719847
104523	0.004860283404
104524	0.001359119862
104525	0.001344095851
104526	0.004046700087
104527	0.0004242796523
104528	0.003243715021
104529	0.002338115296
104530	0.003840294486
104531	0.003731766805
104532	0.001452532447
104533	0.0005204374884
104534	0.003746422005
104535	0.006347905964
104536	0.006448460307
104537	0.005477057215
104538	0.003714972222
104539	0.004432399938
104540	0.001242671535
104541	0.00711536644
104542	0.003443676742
104543	0.003006081793
104544	0.003920979477
104545	0.002212998654
104546	0.000205856524
104547	0.001380806544
104548	0.004308950838
104549	0.006949652092
104550	0.00307221011
104551	0.008452265553
104552	0.003698156783
104553	0.004402433196
104554	0.0059747921
104555	0.002659187474
104556	0.0008860196724
104557	0.004947203863
104558	0.006545837034
104559	0.004190686404
104560	0.0001153599126
104561	0.001137058213
104562	0.0007258567474
104563	0.0003869302612
104564	0.002929598596
104565	0.0004284131303
104566	0.000148380936
104567	0.002008013776
104568	0.0006406957238
104569	0.005808738709
104570	0.003150362629
104571	1.262703426e-06
104572	0.002829955517
104573	0.008232769116
104574	0.004694034221
104575	0.001581534688
104576	0.005687298816
104577	0.006886189047
104578	0.0015596542
104579	0.0009161401974
104580	0.002051220639
104581	0.003773188454
104582	0.003037322934
104583	0.002417542168
104584	0.008626757692
104585	0.0007751225266
104586	0.0001988468457
104587	0.001334182896
104588	0.001258262635
104589	0.00215787074
104590	0.0009207262657
104591	0.000221919262
104592	0.004210657997
104593	0.001322107529
104594	0.0006567969871
104595	0.0006400109967
104596	0.001442509047
104597	0.000524060655
104598	0.0001670993174
104599	0.001479558584
104600	0.001153533588
104601	0.003926744598
104602	0.00144952217
104603	0.01270184212
104604	0.003540016018
104605	0.004002614725
104606	0.002890375118
104607	0.0005358210422
104608	0.003616883228
104609	0.005877540575
104610	0.000299154216
104611	0.005926090824
104612	0.0008134099907
104613	0.003132020524
104614	0.0007661201729
104615	0.006603760699
104616	0.001042072871
104617	0.000411892549
104618	0.001290386546
104619	0.003108577959
104620	0.0002134448324
104621	0.003834274126
104622	0.008000275219
104623	0.003860281074
104624	0.0008422240343
104625	0.0005912990713
104626	0.0002014793069
104627	0.001667782876
104628	0.0006143436033
104629	0.006467516532
104630	0.01034615285
104631	0.002588334122
104632	0.0005315902551
104633	0.0006136901593
104634	0.001522326513
104635	0.007236954958
104636	0.01084388845
104637	1.868069081e-05
104638	0.003848809563
104639	0.0008554902854
104640	0.007351333551
104641	0.001203661037
104642	0.002277229268
104643	0.001057121107
104644	0.003655835854
104645	0.0007223285569
104646	0.006561293134
104647	0.00037483187
104648	0.0004910557478
104649	0.003422258402
104650	0.0002136668464
104651	0.004373894421
104652	0.006442324297
104653	0.005659810735
104654	0.01135197844
104655	0.0008322903297
104656	0.0009136095884
104657	0.002694108251
104658	0.003893545594
104659	0.005219472195
104660	0.002361601216
104661	0.002349952328
104662	0.001661304265
104663	0.001954040106
104664	0.0009147753723
104665	0.001607183198
104666	0.004821308924
104667	0.008084275905
104668	0.004274642196
104669	0.002835361163
104670	9.464034133e-05
104671	0.007558428275
104672	0.01001806579
104673	0.0007123959429
104674	0.006492558898
104675	0.002613325163
104676	0.00340381047
104677	0.005273706757
104678	0.0009781897866
104679	0.0001632912763
104680	0.001498548449
104681	0.00155384169
104682	0.002264784771
104683	0.003968344307
104684	0.002074746611
104685	0.002439545803
104686	0.002612194266
104687	0.001015739255
104688	0.00015712916
104689	0.001908114249
104690	0.003784904926
104691	0.002928199716
104692	0.001354392823
104693	0.004970826412
104694	0.002649094226
104695	0.003264571352
104696	0.005418075237
104697	0.002497963264
104698	0.003468570704
104699	0.001520245278
104700	0.001405393991
104701	0.001341803013
104702	0.004500347703
104703	0.001279435991
104704	0.003594263244
104705	0.007915383977
104706	0.007061700441
104707	0.001875603841
104708	0.005111947245
104709	0.00440091721
104710	0.004505709793
104711	0.004578431347
104712	0.003736660521
104713	0.001656294275
104714	0.006471169652
104715	0.0005150016517
104716	0.0004681897554
104717	4.363109544e-06
104718	0.004247669024
104719	0.00681335293
104720	0.001218010112
104721	0.0008228836206
104722	0.001150266019
104723	0.001142707614
104724	0.003316386395
104725	0.002876099288
104726	0.0005943876987
104727	0.001938136581
104728	0.009085909141
104729	0.0009731863862
104730	0.0008262562622
104731	0.0005740623491
104732	0.001141337288
104733	0.004807363505
104734	0.004291848877
104735	0.002839732361
104736	0.004997401157
104737	0.001560621948
104738	0.0004356228549
104739	0.000428485332
104740	0.002680041049
104741	0.003058731462
104742	0.002422744077
104743	0.0009508890821
104744	0.0003424835591
104745	0.001085539005
104746	0.0005371899884
104747	9.808885975e-05
104748	0.00829545457
104749	0.002059891453
104750	0.002700394321
104751	0.001337777013
104752	0.003524263126
104753	0.0001286485908
104754	0.001702902292
104755	0.0009260077884
104756	0.007794520174
104757	0.001978097288
104758	0.001834998669
104759	0.002029606022
104760	0.004560772931
104761	0.0004481565896
104762	0.003292121734
104763	0.0009722651388
104764	0.0009822769161
104765	0.003674522957
104766	0.001838266242
104767	0.00283956271
104768	0.003349008873
104769	0.0007599807423
104770	0.005201140107
104771	0.002588275586
104772	0.001642424287
104773	0.00614900126
104774	0.002558076569
104775	0.00591052196
104776	0.004355204325
104777	0.001067095283
104778	0.001343914688
104779	0.004138325839
104780	0.004047695348
104781	0.001966477149
104782	0.000186044818
104783	0.0005974703779
104784	0.003951479107
104785	0.003151644309
104786	0.008648993583
104787	0.0006679982108
104788	0.007558943703
104789	0.0003732339552
104790	0.003340020787
104791	0.0008583181098
104792	0.005679719266
104793	0.0006016682092
104794	0.00506935782
104795	0.006117919564
104796	0.0006886052454
104797	0.002034668145
104798	0.006640646625
104799	0.004362999635
104800	0.0005935486677
104801	0.003090764716
104802	0.005371867909
104803	0.0003700612389
104804	0.0006108150197
104805	0.0001436337669
104806	0.0005383518249
104807	0.004159870923
104808	0.0005997511046
104809	0.00552605413
104810	0.0007204057544
104811	0.002034435852
104812	0.002142927211
104813	0.0009786921103
104814	0.004897324952
104815	0.001782978086
104816	0.004942119294
104817	0.003592675883
104818	0.002203643252
104819	0.008144952216
104820	9.979656387e-07
104821	0.003262997125
104822	0.003452635874
104823	0.0003324482884
104824	0.004664440793
104825	0.0006865134583
104826	0.0002133939027
104827	0.003728043531
104828	0.0005666436919
104829	0.0006629414147
104830	0.006987997604
104831	0.0009195878312
104832	0.007617042883
104833	0.0006706097121
104834	0.002512388497
104835	0.002942504921
104836	0.0001010435949
104837	3.69927862e-05
104838	0.004795486257
104839	0.001754229569
104840	0.001158801534
104841	0.0002342358594
104842	0.008450923856
104843	0.001473544531
104844	0.004330218955
104845	0.00432405349
104846	0.0009142673122
104847	0.001488727236
104848	0.0009948414797
104849	0.002313331184
104850	0.002429069017
104851	0.003629590923
104852	0.0001415521338
104853	0.007910353023
104854	0.0008952574977
104855	0.0001297190447
104856	7.28203958e-05
104857	0.004961861564
104858	0.004793897626
104859	0.004323588208
104860	0.008815505102
104861	0.004510796331
104862	0.001879165146
104863	0.0009241658438
104864	0.000715017236
104865	0.005426772868
104866	0.003560561029
104867	3.778860691e-05
104868	0.006043291365
104869	0.003246561079
104870	0.0004014701268
104871	0.000358525794
104872	0.002191736152
104873	0.001873807647
104874	0.001209688693
104875	0.003666394995
104876	0.00543649826
104877	0.0006816793932
104878	0.003227633919
104879	0.002266259769
104880	0.0004659691351
104881	0.0001673411358
104882	0.00232684691
104883	0.001653398906
104884	0.0005969496037
104885	0.0006838900546
104886	0.004445947907
104887	0.001932296847
104888	0.002152985325
104889	0.001449576671
104890	0.005001342274
104891	0.001210085706
104892	0.001960153303
104893	0.0005575447445
104894	0.0001447935683
104895	0.004760574075
104896	6.51166976e-05
104897	0.00267181034
104898	0.0004098109418
104899	4.61811603e-05
104900	0.007760330924
104901	0.0008431445921
104902	0.001058308019
104903	0.003908683419
104904	0.0005101250026
104905	0.001733627809
104906	0.002254196687
104907	0.004395854433
104908	0.001670050908
104909	0.001902662156
104910	0.001328472897
104911	0.001733415486
104912	0.001462709266
104913	0.002504075948
104914	0.0002965979433
104915	0.002449965776
104916	0.00081649621
104917	0.003534670823
104918	0.002361649668
104919	0.003787202581
104920	0.001777497518
104921	0.002033730277
104922	0.0004961990079
104923	0.003787749823
104924	0.003546514011
104925	0.002198084005
104926	0.01232666365
104927	0.00913888961
104928	0.0006455804816
104929	0.003586252253
104930	0.005396626285
104931	0.001988475718
104932	0.009213489103
104933	0.002306025369
104934	0.003733744376
104935	0.005291948988
104936	0.0005933375013
104937	0.002686092433
104938	0.003738583795
104939	0.003358380084
104940	0.003280257751
104941	0.0005100616006
104942	0.008640380829
104943	0.0002216497382
104944	0.0006280774081
104945	0.002685781453
104946	0.0006309931385
104947	0.002651480985
104948	0.004657221171
104949	0.0002932404577
104950	0.002649865793
104951	0.0005564317184
104952	0.002506484044
104953	0.0009504352398
104954	0.0008123610247
104955	0.0003985574582
104956	0.0001760490457
104957	0.0001220710314
104958	0.0007871031574
104959	0.002109417031
104960	0.0002071473727
104961	0.00244426211
104962	0.000627767079
104963	0.004434487271
104964	0.0005462181796
104965	0.0001784039886
104966	0.0008379522868
104967	0.003547804283
104968	0.002470879246
104969	0.003781199677
104970	0.002483308783
104971	0.0008262149617
104972	0.004721876387
104973	0.001748421795
104974	0.003427922375
104975	0.00385888581
104976	0.004081809017
104977	0.002025962218
104978	0.001804030106
104979	0.003169443922
104980	0.0009020000781
104981	0.0045694674
104982	0.0002296464516
104983	0.001687016492
104984	0.001787985322
104985	0.0005158417823
104986	0.004114298673
104987	0.003869825746
104988	0.0003662417379
104989	0.005205875144
104990	0.002907925425
104991	0.002663723753
104992	9.883184805e-05
104993	0.0005397248507
104994	0.002784095897
104995	0.007831783991
104996	0.001335072554
104997	0.001811594145
104998	0.003266409283
104999	0.000786467547
105000	0.001813673614
105001	0.005788200349
105002	0.0007066438429
105003	0.001532028473
105004	0.001010138177
105005	0.001548884989
105006	0.004626258626
105007	0.001891282168
105008	0.0007030278745
105009	0.0007719003938
105010	0.0009999319438
105011	0.00172401911
105012	0.001996113473
105013	0.0001205096881
105014	0.00178521784
105015	0.0004424216007
105016	3.546487496e-05
105017	0.006570915675
105018	0.001281655537
105019	0.0001070246004
105020	0.000366397276
105021	0.0053426242
105022	0.001856429091
105023	0.0002788033753
105024	0.0006190339848
105025	0.002979854187
105026	0.002158826436
105027	0.002558355252
105028	0.003485488505
105029	0.001108940784
105030	0.00235112673
105031	0.002768159734
105032	0.003715816037
105033	0.001754059704
105034	0.000781982539
105035	0.0003018233974
105036	0.002942376207
105037	0.006785501548
105038	0.002612524793
105039	0.0006162781321
105040	0.0001035572329
105041	0.001852774747
105042	6.539558381e-05
105043	2.386844434e-05
105044	0.0006784998672
105045	0.0006153102204
105046	0.002120158144
105047	0.0002538465414
105048	0.001911565609
105049	0.003705470286
105050	0.003234779177
105051	6.792647884e-06
105052	0.0006181768328
105053	0.0003783278507
105054	0.001626152768
105055	0.000115074542
105056	0.001569053995
105057	0.005304878428
105058	0.002365768968
105059	4.243983494e-05
105060	0.002321415306
105061	0.0002554316904
105062	0.000470086119
105063	0.0006567959693
105064	0.002769997603
105065	4.208818494e-05
105066	0.0006220014679
105067	0.003195495638
105068	0.004377013414
105069	0.002316925101
105070	0.002381029997
105071	0.002811755607
105072	0.002101108334
105073	0.000806705226
105074	0.006364104818
105075	0.002897115411
105076	1.196499409e-05
105077	0.001913882574
105078	0.002012502364
105079	0.002135530112
105080	0.001007067779
105081	0.0009679449291
105082	0.0009640975527
105083	0.00177446652
105084	0.002548842787
105085	0.002227681832
105086	0.0008516764475
105087	0.0001683607681
105088	0.002447224598
105089	0.003530969812
105090	0.0015519677
105091	0.001138511149
105092	3.769213669e-05
105093	9.967362681e-06
105094	0.0005230652259
105095	0.00386774686
105096	0.002414820098
105097	0.001248049346
105098	0.004495748164
105099	0.0004647293315
105100	0.0002375463732
105101	0.001574652761
105102	0.0009381426549
105103	0.003872523421
105104	0.0006071850423
105105	0.007364974168
105106	0.004386834729
105107	0.003644432611
105108	0.002505725595
105109	0.001854208646
105110	0.004861591969
105111	0.002663836652
105112	0.005400755668
105113	0.003702347006
105114	0.002436534484
105115	0.00131024752
105116	0.001594026146
105117	0.002476324211
105118	0.002456312796
105119	0.001204385042
105120	0.001219770952
105121	0.005468610872
105122	0.0008737704739
105123	0.002049339872
105124	0.008128964808
105125	0.001577112487
105126	0.000528598335
105127	0.001511722147
105128	0.001200872265
105129	3.960164727e-05
105130	0.001827180947
105131	4.546027463e-05
105132	0.0002463001373
105133	0.0007609532126
105134	0.0003494318873
105135	0.001527447361
105136	0.0009183756059
105137	0.003384462773
105138	0.0003434318606
105139	0.0007425483355
105140	0.0001910595661
105141	9.094093834e-05
105142	0.00188701608
105143	0.002366549224
105144	0.001148439954
105145	0.0007425011166
105146	0.005557448404
105147	0.0004516598383
105148	0.003490122453
105149	0.0001950562692
105150	5.596575922e-05
105151	0.003054942975
105152	0.00713670573
105153	0.0002570531859
105154	0.0002581011359
105155	0.0004956760089
105156	0.0004697375318
105157	0.0007623443956
105158	0.003967551843
105159	0.0008313833592
105160	0.00108931032
105161	0.002272682893
105162	0.001027058689
105163	0.0003874477279
105164	0.0001740980836
105165	0.000176318763
105166	4.77830548e-05
105167	0.0007547593381
105168	0.000463446291
105169	0.0002499284645
105170	9.559657159e-05
105171	0.0004492947372
105172	0.0001521555231
105173	0.001560967244
105174	0.0008907721298
105175	9.861120107e-05
105176	0.0001590831217
105177	0.0003693986029
105178	0.0005732357313
105179	0.0002842551608
105180	0.0007307109765
105181	0.000313328296
105182	0.00138190789
105183	0.001352897864
105184	0.0001248769173
105185	0.0008976122887
105186	0.0004293458265
105187	0.0002902107224
105188	0.001006130945
105189	0.0003853090545
105190	0.001314587522
105191	1.860630906e-05
105192	0.0003604699586
105193	0.0002630025213
105194	0.0009274602487
105195	0.0006672740333
105196	0.0001069976381
105197	0.0001040707512
105198	0.001520849765
105199	0.0004189986519
105200	3.785235244e-05
105201	0.0004388845336
105202	0.0002988039413
105203	0.0006733717358
105204	0.0007078367
105205	5.774761008e-05
105206	0.0006611310388
105207	0.0007042013426
105208	0.0006813271748
105209	0.002065095155
105210	0.0009983857328
105211	0.0003960046055
105212	1.105994661e-05
105213	0.0003077066169
105214	0.001131463295
105215	0.000663193526
105216	0.0001911410413
105217	0.001579732096
105218	0.00134163735
105219	0.002246398062
105220	0.002672304403
105221	0.0004766397256
105222	0.001017320125
105223	0.0001094174804
105224	0.003127180965
105225	0.0005942963243
105226	0.0001723940159
105227	0.0002278930606
105228	0.0003730017206
105229	0.0003112906092
105230	0.0002553142601
105231	0.001377206682
105232	0.0007968049944
105233	0.001226055097
105234	0.0009740448265
105235	0.0002686065997
105236	0.0003926427829
105237	0.0003509777931
105238	0.0005251984124
105239	0.001612033723
105240	0.0007495528908
105241	0.001469267253
105242	0.0003476684375
105243	0.001225814383
105244	0.005652145171
105245	0.0006000134077
105246	0.006307579056
105247	0.00328155483
105248	0.00766997217
105249	0.0001537531016
105250	0.007021873869
105251	0.007606606038
105252	0.002538176021
105253	0.0004688397488
105254	0.001693037321
105255	0.001375578038
105256	0.0005933974989
105257	0.0004809096223
105258	0.000870139818
105259	0.00177101823
105260	0.001952217962
105261	0.001482028406
105262	0.00101828437
105263	8.588204707e-05
105264	0.000391164741
105265	0.004020152544
105266	0.0005882678428
105267	0.0002449866865
105268	0.0003296958185
105269	0.00207060447
105270	0.002227044839
105271	7.620341727e-05
105272	0.000429126279
105273	0.0006649012305
105274	0.0005368988414
105275	0.00144558525
105276	0.001793438663
105277	0.0007979232128
105278	9.58003742e-05
105279	0.0001438797455
105280	9.317146219e-05
105281	0.001828301456
105282	0.002138005454
105283	0.008485651559
105284	0.001123490497
105285	0.0006141215498
105286	0.000262445575
105287	0.002149406593
105288	0.001645749813
105289	0.00404813068
105290	0.005195300251
105291	0.001639807962
105292	0.001394125481
105293	0.000333015807
105294	0.0004064944173
105295	0.009421297716
105296	0.002362353057
105297	0.0008776725953
105298	0.0004433874771
105299	0.001752789773
105300	0.003421219981
105301	0.0007155884639
105302	0.0006373083825
105303	0.001479704948
105304	0.0003257015619
105305	0.004151903329
105306	0.001737552372
105307	0.0008427023881
105308	0.00164499299
105309	0.004584740611
105310	0.0007617734727
105311	0.003227448272
105312	0.001192608797
105313	0.0009621007325
105314	0.001229658632
105315	3.415320904e-05
105316	0.002553332957
105317	0.002861177986
105318	0.0001554737133
105319	0.002190703068
105320	0.001746515383
105321	0.0001275104605
105322	0.0002021925084
105323	0.003690345143
105324	0.003179097082
105325	0.0006388516686
105326	0.001028283272
105327	0.0006436346646
105328	0.0010055744
105329	0.002776638004
105330	0.001676975173
105331	0.00153133673
105332	0.002194681162
105333	0.003334098954
105334	5.989790898e-05
105335	0.004558404838
105336	0.001290831031
105337	0.000828740149
105338	0.002558893113
105339	0.005115365552
105340	0.001339723496
105341	0.00311803151
105342	0.00251456641
105343	6.689423359e-05
105344	0.001789280725
105345	0.001319481898
105346	0.001278830921
105347	0.0002808684119
105348	0.0001796449708
105349	0.0002928634658
105350	0.001606406716
105351	0.0004144353526
105352	3.561253562e-07
105353	0.001210832459
105354	0.001195634044
105355	0.003113985246
105356	0.0003528674151
105357	0.001391893267
105358	0.001448313126
105359	0.002215735146
105360	0.0001441565459
105361	0.001617673553
105362	0.0002752542077
105363	0.0002633943427
105364	0.002452537861
105365	0.00105341001
105366	0.0002921421478
105367	0.0001463901686
105368	0.0002385454553
105369	0.0009953081085
105370	0.0001836641812
105371	0.002161614315
105372	0.00174075368
105373	0.003482132527
105374	0.003048775043
105375	4.482461652e-05
105376	0.002383754481
105377	0.00541189273
105378	0.0002360663134
105379	0.001596470683
105380	0.0009044493208
105381	0.0007195745782
105382	0.001287249856
105383	0.004465694246
105384	0.0004364033468
105385	6.338284742e-05
105386	0.001920306568
105387	0.001948166681
105388	4.679014382e-05
105389	0.001835167236
105390	0.002583770322
105391	0.0002448608026
105392	0.0007244874216
105393	0.0002845132004
105394	0.0008478786905
105395	0.002608697833
105396	0.0007318647225
105397	0.001511818151
105398	9.477326124e-05
105399	0.0021693444
105400	0.003698145724
105401	0.0009337268008
105402	8.004552652e-05
105403	0.004027260506
105404	0.0007914510583
105405	0.0005497251385
105406	0.002670143591
105407	0.0007271836789
105408	0.001231463735
105409	0.001222115605
105410	0.0005331275098
105411	9.070767048e-05
105412	0.002838222751
105413	0.002932734852
105414	0.000243773627
105415	0.000746598148
105416	0.003374077013
105417	0.00482580923
105418	0.005048568918
105419	0.004815102187
105420	0.005488768942
105421	0.005301586782
105422	0.001237636456
105423	0.0006575421579
105424	0.001918773159
105425	0.00179804331
105426	0.0024859521
105427	0.004993367643
105428	0.001200635007
105429	0.0009057586303
105430	0.005476042179
105431	0.0006420565395
105432	0.002896616225
105433	0.002162187965
105434	0.006601389735
105435	0.003259531681
105436	0.002530101568
105437	0.004699153457
105438	0.001245492895
105439	0.003235642521
105440	0.0004976988678
105441	0.006804150257
105442	0.001039777474
105443	0.0058817435
105444	0.003645390412
105445	0.0009080870303
105446	0.001118931909
105447	0.003524347692
105448	0.0006218933742
105449	0.0007542186712
105450	0.0002103875766
105451	0.0007986405493
105452	0.007002990791
105453	0.0001332923581
105454	0.001872590059
105455	0.002909575887
105456	0.001698188221
105457	0.002387165691
105458	0.003204630897
105459	0.001628850567
105460	0.001204152112
105461	0.0004661656213
105462	0.0006936662218
105463	0.002783937684
105464	0.002385950064
105465	0.0001185178637
105466	0.002443208094
105467	0.0006488669362
105468	0.0004798366344
105469	0.003874166563
105470	0.002607082954
105471	0.0006337339893
105472	5.645102188e-05
105473	0.0002803060421
105474	0.003814635287
105475	0.002830346459
105476	0.002353670142
105477	0.00074402251
105478	0.0003907197247
105479	0.0006435612989
105480	0.002709861881
105481	0.003992027224
105482	0.005320550873
105483	0.003445041266
105484	0.0006692639317
105485	0.003024940903
105486	0.0007090984528
105487	0.003487683347
105488	0.003428695404
105489	0.0001470732163
105490	0.0003862622079
105491	0.0004232795314
105492	0.00089311536
105493	0.001232729191
105494	0.002123597551
105495	0.0006416128228
105496	0.004741879719
105497	0.0008059868604
105498	0.001727409262
105499	0.002519553207
105500	0.001140373548
105501	0.0006069210921
105502	0.001434251139
105503	0.002895590777
105504	0.004350383627
105505	0.008378980526
105506	0.007946862172
105507	0.004045382718
105508	0.004593128851
105509	0.001387528003
105510	0.003806753991
105511	0.001054690427
105512	0.001695173529
105513	0.001057704164
105514	0.001061291503
105515	0.0002109991699
105516	0.001330404197
105517	0.003880851116
105518	0.004407854052
105519	0.0006968417528
105520	0.005711441797
105521	0.00495002824
105522	0.002637528317
105523	0.002556243955
105524	0.005371390222
105525	0.001026135855
105526	0.004003581698
105527	0.005218846214
105528	0.002611503937
105529	0.001432473912
105530	0.0004692488174
105531	0.0008178694421
105532	0.003551806529
105533	0.002080675354
105534	0.004488687586
105535	0.005144256561
105536	0.00107437725
105537	0.003257341768
105538	0.0003315973466
105539	0.001367064024
105540	0.001181865477
105541	0.005114625677
105542	0.001199509623
105543	0.0004580779284
105544	0.00163992055
105545	0.004261494009
105546	0.0003377727685
105547	0.0004502604195
105548	0.003585359433
105549	0.003075354789
105550	0.0004629906013
105551	0.005592005472
105552	0.0009938271827
105553	0.0004534929064
105554	0.005381261768
105555	0.001751591738
105556	0.0002392050613
105557	0.001949723923
105558	0.001348102945
105559	0.002006421504
105560	0.003689340742
105561	0.0009065058519
105562	0.003343852427
105563	0.000721403154
105564	0.001309946934
105565	0.0001912403114
105566	0.003444182683
105567	0.001401063033
105568	0.0003425781828
105569	0.0007282250267
105570	0.0008348553396
105571	0.000332703316
105572	0.001781396423
105573	0.0007546395971
105574	0.0003430057068
105575	0.001188399092
105576	0.001776726831
105577	0.001949731036
105578	0.0002097565243
105579	0.003550072302
105580	0.0003805108756
105581	0.004227205946
105582	0.0008870122803
105583	0.002459718018
105584	0.001296263881
105585	0.001619530459
105586	0.001634815536
105587	0.002502848805
105588	0.004559036882
105589	0.003379671388
105590	0.002435665706
105591	0.0002276899681
105592	0.002513272624
105593	0.002803290774
105594	0.0002169943607
105595	0.0001837587211
105596	0.0007019258952
105597	0.0005435364001
105598	0.0002914241014
105599	0.002217910652
105600	0.000377618578
105601	0.003439297899
105602	0.00120026591
105603	0.004560364742
105604	0.007480635996
105605	0.01108645108
105606	0.000283634536
105607	0.000496760935
105608	0.0008949688633
105609	0.003769635466
105610	0.003908255115
105611	0.0001510470436
105612	0.0056192316
105613	0.001502291154
105614	0.001808236378
105615	0.0009262413339
105616	0.007424789338
105617	0.003586456134
105618	0.004464767231
105619	0.00291252214
105620	0.004282508651
105621	0.0002735863652
105622	0.006856051412
105623	0.001772701809
105624	0.0008230093262
105625	0.000397525892
105626	0.004168461544
105627	0.001195693677
105628	0.0006802762424
105629	0.007025557458
105630	0.002597075967
105631	0.0002868489289
105632	0.005440681495
105633	0.002764598235
105634	0.0006861890449
105635	0.001188225282
105636	0.0002429151888
105637	0.002182404886
105638	0.0009170430439
105639	0.0008751682083
105640	0.0007264231976
105641	0.00168918996
105642	0.001108226678
105643	4.595175818e-05
105644	0.002724084944
105645	0.002275468767
105646	0.002837026876
105647	0.0002336294753
105648	0.003706177699
105649	0.004271248355
105650	0.001461892518
105651	0.0008109689505
105652	0.001138885658
105653	0.004395092824
105654	0.001376713376
105655	0.003534763814
105656	6.36454251e-05
105657	0.003010832831
105658	0.001188539989
105659	0.001469859164
105660	0.00191309298
105661	0.0007675633501
105662	0.002051642972
105663	0.001942791832
105664	0.001628564971
105665	0.0006132190331
105666	0.001732388699
105667	0.004040788329
105668	0.0008250930929
105669	0.001523211186
105670	0.002130327044
105671	0.0009958117348
105672	0.004662281722
105673	0.0005171607845
105674	0.003288476016
105675	0.0008563678823
105676	0.001032193581
105677	0.0004395103203
105678	0.0001983845819
105679	0.003291317748
105680	0.0001222337694
105681	0.000174982782
105682	1.049217169e-05
105683	0.004281401535
105684	0.003314096123
105685	0.001083934048
105686	0.001754382812
105687	0.001885882459
105688	0.001952443388
105689	0.000137207877
105690	0.002056706651
105691	0.000344716794
105692	0.0003219131292
105693	0.000655737523
105694	0.001336773715
105695	0.0003764856243
105696	0.001294921386
105697	0.001648733298
105698	0.001310051803
105699	0.0007821050909
105700	0.001456388697
105701	0.002840585793
105702	0.0007042405238
105703	0.0008870916023
105704	0.001201374616
105705	0.001405320331
105706	0.0006719222547
105707	0.0003544017632
105708	0.005924651671
105709	0.002441408018
105710	0.001585443872
105711	0.0001567865126
105712	0.0005776243166
105713	0.003454711711
105714	0.004473565269
105715	0.00379992308
105716	0.0007679840328
105717	0.0009456586624
105718	0.006077175493
105719	0.006173759043
105720	0.001700362152
105721	0.008580432086
105722	0.005650656548
105723	0.004583249649
105724	0.006270659863
105725	0.0009251035175
105726	0.004141230849
105727	0.003817451621
105728	0.0009627859715
105729	0.002005654968
105730	0.004332495517
105731	0.0004643695224
105732	0.0001924238429
105733	0.001077383622
105734	0.001915769984
105735	0.0004087342139
105736	0.002579312275
105737	0.001460572914
105738	0.003722804541
105739	0.00304810823
105740	0.001056902325
105741	0.004164110497
105742	0.00254556653
105743	0.0007462885107
105744	0.0003540378549
105745	0.001154381429
105746	0.004408051444
105747	0.001931887479
105748	0.002344118792
105749	0.003007735559
105750	0.004679308004
105751	0.0002684152892
105752	0.002366238179
105753	0.006304877514
105754	0.005462900482
105755	0.004159998545
105756	0.0001243470382
105757	0.001010285332
105758	0.00020947685
105759	0.003817224888
105760	0.0001448521991
105761	0.002269148832
105762	0.005836601485
105763	1.361053802e-07
105764	1.258718934e-07
105765	0.0001292108323
105766	0.0002553685466
105767	3.837557715e-07
105768	0.001586272168
105769	0.004180644381
105770	0.0002222624935
105771	3.43329459e-05
105772	0.001336481939
105773	0.002643873297
105774	0.001473731553
105775	0.00147357143
105776	0.0003724913227
105777	0.0004247931361
105778	0.002592825796
105779	0.001779781197
105780	0.000918033564
105781	0.0003648968509
105782	0.002606043957
105783	0.002194579254
105784	0.0006731195902
105785	0.0004144673133
105786	0.001556761763
105787	0.00425861665
105788	0.0005516309476
105789	0.002016006987
105790	0.0008570051336
105791	0.001921153949
105792	0.0001264861889
105793	0.0001264299047
105794	0.001656817703
105795	0.0009313486657
105796	0.001393152763
105797	0.002233430329
105798	0.001881281516
105799	2.803710962e-05
105800	0.002399510607
105801	0.001868068538
105802	0.00154017335
105803	0.003518517024
105804	0.003052469363
105805	0.002708436318
105806	0.001051103002
105807	0.0002786370246
105808	2.576976347e-05
105809	0.0006344470523
105810	0.0005616465757
105811	0.0002768280011
105812	0.0008742319046
105813	0.0001728462727
105814	0.00045920135
105815	0.0007750195559
105816	0.0007247084545
105817	0.002305090423
105818	0.0009545171283
105819	0.001190815587
105820	0.001310887636
105821	0.0007056659122
105822	0.0007344555426
105823	0.0007955604412
105824	0.001679291445
105825	0.001317330267
105826	0.0007203674049
105827	0.0003227887559
105828	0.001105345878
105829	0.001057020471
105830	6.861295504e-05
105831	0.004122852986
105832	3.144625876e-06
105833	0.00160573146
105834	0.004318802861
105835	9.029297031e-05
105836	0.0008730960561
105837	0.004314570645
105838	0.0006402717199
105839	0.002109315735
105840	0.0002430386516
105841	0.0002294560621
105842	0.001176985852
105843	0.0009465202989
105844	0.005196651729
105845	0.01010566065
105846	0.001178393397
105847	0.0003913663234
105848	0.00202018169
105849	0.0007793829488
105850	0.000394635082
105851	0.003034279599
105852	0.0007152962333
105853	0.001206633963
105854	0.00100920917
105855	0.0003731210281
105856	0.0009184015575
105857	0.0006363073786
105858	0.0004581811888
105859	0.0008852915098
105860	0.0009125760872
105861	0.001315730537
105862	0.001284436782
105863	0.001040913599
105864	0.001907788261
105865	1.452594704e-05
105866	0.0003055979063
105867	0.001619169742
105868	0.000150617021
105869	0.0009798968652
105870	0.002300768201
105871	0.0009689392354
105872	0.0006748252839
105873	0.001177862759
105874	0.0005428137878
105875	0.002781228082
105876	0.000456394289
105877	0.001065687036
105878	0.0006249678555
105879	0.002287185753
105880	0.001890289282
105881	0.0008466504305
105882	0.001152660965
105883	0.0006420444804
105884	0.001615787625
105885	0.001272021504
105886	0.0005938892775
105887	0.001911640184
105888	0.003213232029
105889	0.001439013408
105890	0.00250564809
105891	0.0009203665065
105892	0.003310943955
105893	0.001237785481
105894	0.008514860235
105895	0.003403881787
105896	0.002536822517
105897	0.002876685173
105898	0.004027213779
105899	0.006823186387
105900	0.001966763414
105901	0.0001617165166
105902	0.001872551039
105903	0.001025346805
105904	0.001454561807
105905	0.001908390405
105906	0.0004728173149
105907	0.001304290914
105908	0.007377932039
105909	0.0005375904557
105910	0.002648512484
105911	0.006429425299
105912	0.0009998960811
105913	0.00151866971
105914	0.006415804138
105915	0.006727717815
105916	8.896389265e-06
105917	3.262761725e-05
105918	0.003332679306
105919	0.001201554873
105920	0.002122800638
105921	0.001253228281
105922	0.004234861951
105923	0.004242241304
105924	0.001675296588
105925	0.0001978345849
105926	0.003609124103
105927	0.001339002346
105928	0.001169581525
105929	0.007748828712
105930	8.155818713e-05
105931	0.003283329772
105932	0.0009145069576
105933	0.002795677803
105934	3.553527517e-05
105935	0.001521350889
105936	0.0002525243869
105937	0.0001134067064
105938	0.00223253374
105939	0.0007648576312
105940	0.0009782282831
105941	0.002011283975
105942	0.003910206166
105943	0.001502276731
105944	0.003058696649
105945	0.003082923549
105946	0.002518556872
105947	0.001600221922
105948	0.001747788301
105949	0.0006410500591
105950	0.0009670610279
105951	0.001410299336
105952	0.00126666443
105953	0.0004861584491
105954	0.002679267825
105955	0.001834497467
105956	0.003017482158
105957	0.003738480401
105958	0.0004733922881
105959	0.002554187503
105960	0.0005534763055
105961	0.003031976706
105962	0.003079390899
105963	0.00354485187
105964	0.0003228453534
105965	0.0013954126
105966	0.003353909889
105967	0.002207327318
105968	3.771539956e-05
105969	0.00656158509
105970	0.003303568462
105971	0.001733720679
105972	0.003123573353
105973	0.001590898188
105974	0.003231153813
105975	0.00340710471
105976	0.004284497029
105977	0.001223776883
105978	0.007674218433
105979	5.720072705e-06
105980	0.003271821747
105981	2.727158258e-05
105982	0.00012403171
105983	0.004397464313
105984	0.002478234631
105985	0.00135097753
105986	0.00473810032
105987	0.001041683093
105988	0.001037541966
105989	0.001256916231
105990	0.002600668587
105991	0.003987262638
105992	0.001658757847
105993	0.0004010567628
105994	0.00148855729
105995	0.0009539700758
105996	0.005759512807
105997	0.0008071370694
105998	0.0008832688351
105999	0.00521143537
106000	0.0007605296102
106001	1.339864112e-05
106002	0.0009589196895
106003	0.0006597899575
106004	0.002201696909
106005	0.001731578018
106006	0.000110111243
106007	0.0002832531419
106008	0.001845885733
106009	0.0007601772109
106010	0.0001903236336
106011	0.002401782652
106012	0.002919250893
106013	0.004666820483
106014	0.0002737013464
106015	0.0007910683719
106016	0.0002797306113
106017	0.001148540616
106018	0.001346415422
106019	0.005260198234
106020	0.0009766521388
106021	0.003437178356
106022	0.0008522588393
106023	0.001808118357
106024	0.000887628492
106025	0.004091893306
106026	0.0008474421172
106027	0.0003877886288
106028	0.001180608594
106029	0.0001408254529
106030	9.707769683e-05
106031	0.002252233068
106032	0.0005018404336
106033	0.0001142943665
106034	0.003330668722
106035	0.004169331054
106036	0.005890528103
106037	0.002863032853
106038	0.006506481012
106039	0.006800925488
106040	0.006702863056
106041	0.0008132704054
106042	0.00145500379
106043	0.0008056252469
106044	0.005264168166
106045	0.001927911325
106046	7.421377646e-05
106047	0.004993463686
106048	0.003614169135
106049	0.002533177803
106050	0.003510250624
106051	0.002433781789
106052	0.002203949199
106053	0.01040243517
106054	0.003375574797
106055	0.001949047353
106056	0.0002285369233
106057	0.0003268725199
106058	0.001834036981
106059	0.006882391011
106060	0.002148522158
106061	0.0001838264669
106062	0.004407800335
106063	0.0002559746587
106064	6.064053475e-05
106065	6.756158566e-05
106066	0.0007258399955
106067	0.0002076775575
106068	0.006535421803
106069	0.0004771330823
106070	0.0004821298003
106071	0.002421316753
106072	0.0001480681068
106073	0.0001122320163
106074	0.0004499809866
106075	1.688742444e-06
106076	0.004797268251
106077	0.000858163739
106078	0.0001023411777
106079	0.0001234858745
106080	7.76565387e-05
106081	0.002926851003
106082	0.003852442413
106083	0.002582739933
106084	0.0007397326614
106085	0.000208119408
106086	0.0001378954048
106087	0.0002586105364
106088	0.0007911446581
106089	0.0003925967628
106090	0.002602251578
106091	0.00141404894
106092	0.001138506324
106093	0.0002434997938
106094	0.0008155959687
106095	0.001015331749
106096	0.0006845565679
106097	0.002167469204
106098	0.0001674666754
106099	0.004531312757
106100	0.002350724109
106101	0.0004118291967
106102	0.0002872487636
106103	0.0008585670677
106104	0.001133607235
106105	0.002535511561
106106	0.0002991614516
106107	0.0005345783339
106108	0.00331438105
106109	0.001235537737
106110	0.004360181981
106111	0.001906574772
106112	0.0008530140421
106113	0.0006827575805
106114	0.001098322863
106115	0.001519418984
106116	0.002293191538
106117	0.008135705497
106118	0.001081872534
106119	0.0001799085464
106120	0.001098488143
106121	0.0003582726015
106122	0.0003993085397
106123	0.0006173263703
106124	0.000469111073
106125	0.0003126760337
106126	0.0001296589596
106127	0.001018845258
106128	0.001261627025
106129	0.001260931712
106130	0.0006664516401
106131	0.002863480214
106132	0.0005678068843
106133	0.0002629015557
106134	0.0001825359373
106135	0.0009567360624
106136	0.001688840514
106137	0.001133857396
106138	0.001850121125
106139	0.003097890313
106140	0.002009505475
106141	0.001970823698
106142	0.0004712539992
106143	0.002758788073
106144	0.001474762445
106145	0.003490992104
106146	0.001874166833
106147	0.001000913982
106148	0.00236966928
106149	0.0006883778487
106150	0.0004421630753
106151	0.002237374402
106152	0.003000937017
106153	0.001422282966
106154	0.0002550913486
106155	0.003475738769
106156	0.0003302265882
106157	0.004434378741
106158	0.006058018546
106159	0.004662452114
106160	0.00729871063
106161	0.004351657568
106162	0.0006486545066
106163	0.006948515121
106164	0.00752567004
106165	0.009055647138
106166	0.007140861506
106167	0.001236725541
106168	0.0002982883
106169	0.00585352065
106170	0.003554553478
106171	0.001631281413
106172	0.000555995788
106173	0.002200513769
106174	0.0002741507857
106175	0.0008968201826
106176	0.00141329749
106177	0.000196491234
106178	0.0007511520376
106179	0.0003303131125
106180	0.001763165277
106181	0.007130902434
106182	0.0003508834309
106183	0.002181825737
106184	0.0002526082013
106185	0.00343117274
106186	0.004634075363
106187	6.657831151e-06
106188	0.003157179523
106189	0.002771986625
106190	0.002910225142
106191	0.0005532997362
106192	0.0007753034359
106193	0.0007104465067
106194	4.14381522e-05
106195	0.005547348812
106196	0.0001326887398
106197	2.14702592e-05
106198	0.002317850804
106199	0.0007290615425
106200	0.003762343392
106201	0.001622983666
106202	0.001073509985
106203	0.0008625551202
106204	0.003364724092
106205	0.002674673357
106206	0.005629964776
106207	0.002847822337
106208	0.0009250769691
106209	0.005750685028
106210	0.001957832049
106211	0.0001378397343
106212	0.002828941496
106213	0.0001251711083
106214	0.0004958898382
106215	0.001004120221
106216	0.0001740103801
106217	0.0003877150287
106218	0.002457452321
106219	0.0007251132646
106220	0.0001280445494
106221	0.001931755313
106222	0.001070354199
106223	0.0008671367439
106224	0.0005650050299
106225	0.0001181540152
106226	0.001680265646
106227	0.0004570491324
106228	0.001103653915
106229	0.0008831899047
106230	0.0001206064922
106231	0.0001860233937
106232	0.0004297605666
106233	0.0002170024566
106234	0.0006969671935
106235	0.001329048491
106236	0.0002517023399
106237	0.001841196637
106238	0.001189552603
106239	0.002792267347
106240	0.0002723093378
106241	0.0004776955882
106242	3.372033211e-06
106243	0.0001297281228
106244	0.002012274123
106245	0.001205894336
106246	0.001880321708
106247	0.004259493717
106248	0.00327379725
106249	0.001034772441
106250	0.002215443831
106251	0.0007405638209
106252	0.000931325037
106253	0.001779193778
106254	0.002202489271
106255	0.0003938574685
106256	0.00210047843
106257	1.751196935e-05
106258	0.002395624144
106259	0.000958776004
106260	2.954670104e-05
106261	0.001780742404
106262	0.004204869048
106263	0.0006070173385
106264	0.002914212699
106265	0.002421915462
106266	0.001334459167
106267	0.001594205202
106268	0.0004586010167
106269	0.00159972262
106270	0.004174123631
106271	0.0009310998347
106272	0.003513218882
106273	0.002486819638
106274	0.0003997109066
106275	0.00447855043
106276	0.002042969804
106277	0.002204012321
106278	0.0002396973211
106279	0.0009582874099
106280	0.005182119327
106281	0.0006399568447
106282	0.003010940675
106283	9.899590197e-05
106284	0.001598936102
106285	0.001047440952
106286	0.004571560502
106287	0.000270762854
106288	0.0008013261032
106289	0.0009115733317
106290	0.003891841082
106291	0.001057244231
106292	0.001003754532
106293	0.0007545130376
106294	2.432689713e-05
106295	0.001250008002
106296	0.001993692498
106297	0.00181730375
106298	0.00317338004
106299	0.001747335403
106300	4.535901912e-05
106301	0.002474780222
106302	0.002324372931
106303	0.001400956556
106304	0.0007673197544
106305	0.001066983398
106306	0.003894929428
106307	0.0004552856026
106308	0.001053347368
106309	0.0001518982142
106310	0.004930276619
106311	0.003210859768
106312	0.002104986474
106313	0.0007745026989
106314	0.002434827009
106315	0.006603917503
106316	0.0006266328048
106317	0.002299307962
106318	0.0008412787579
106319	0.00081972857
106320	0.004531120769
106321	3.926954644e-05
106322	0.0006078815354
106323	0.001203704234
106324	0.003026693919
106325	0.001930339554
106326	0.001635855873
106327	0.0001398147494
106328	0.005709404726
106329	0.002802706375
106330	0.0007788212984
106331	0.002630428731
106332	0.002827464718
106333	0.004525003735
106334	0.001083606909
106335	0.005578144318
106336	0.0006840023567
106337	0.001316975742
106338	0.001663535125
106339	0.00153533121
106340	0.0009358375801
106341	0.00492932016
106342	0.001915471577
106343	0.001125713434
106344	0.001112256728
106345	0.002881327777
106346	0.00222330535
106347	0.008333578944
106348	0.0005069330415
106349	0.001046678582
106350	0.0006085802045
106351	0.003580569864
106352	0.004152051257
106353	0.001419879261
106354	0.002027633463
106355	0.003066622714
106356	0.0001791234541
106357	0.0009010093377
106358	0.002129673999
106359	9.59863683e-05
106360	0.001547941203
106361	0.0002966832512
106362	0.002789054825
106363	2.129907833e-05
106364	0.002983425892
106365	5.361446215e-05
106366	0.002122047616
106367	0.002809858027
106368	0.003859305515
106369	0.0004184258239
106370	0.002585278031
106371	0.0002192597471
106372	0.006330104803
106373	0.0007749979563
106374	0.0003978835555
106375	0.001021561927
106376	0.0002342404727
106377	0.003202332984
106378	0.0007459370309
106379	0.001175336377
106380	0.005054376405
106381	0.001697786967
106382	0.0006371260877
106383	0.001596426282
106384	0.001481966101
106385	0.003107368237
106386	0.0008764472202
106387	0.0006014437385
106388	0.001816381266
106389	0.002526762515
106390	1.729241348e-06
106391	6.586402403e-05
106392	0.0006237085101
106393	0.001208494079
106394	0.003311523004
106395	0.004330532205
106396	8.785611303e-06
106397	0.003272986329
106398	0.000227509629
106399	6.796449109e-05
106400	0.000298215836
106401	3.488444361e-05
106402	0.0004249891503
106403	0.001238307684
106404	0.003467062652
106405	0.005135223805
106406	0.0003085493401
106407	0.002289956284
106408	0.0008263951631
106409	6.770478025e-06
106410	0.006056706944
106411	0.001653374875
106412	0.0004651979551
106413	0.003010226791
106414	0.001956960401
106415	0.002220122554
106416	0.0005011900705
106417	0.001082913821
106418	0.003557129223
106419	0.001092328658
106420	0.0004592982899
106421	0.0002883566636
106422	0.0006553572089
106423	0.000418448956
106424	0.002337584556
106425	0.0009622214758
106426	0.0002340072689
106427	0.003570623716
106428	0.0001794110826
106429	0.0004683766452
106430	0.005924113413
106431	0.001826384802
106432	0.004061852384
106433	0.002486843809
106434	0.00198331949
106435	0.002269872208
106436	0.00134974164
106437	0.002024424449
106438	0.002810247662
106439	0.006047938109
106440	0.0002062472527
106441	0.00520316877
106442	0.005560403746
106443	0.0008312767374
106444	0.001302512481
106445	0.0006476671689
106446	0.003285525728
106447	0.000129381822
106448	0.0003235310769
106449	0.0009320980849
106450	0.001625335392
106451	0.001041433056
106452	0.0008347048881
106453	0.0001600255935
106454	0.006907523495
106455	0.00297775783
106456	0.002265626998
106457	0.001875872457
106458	0.002381856157
106459	0.001045807623
106460	0.001053730369
106461	2.42367845e-05
106462	0.0008998444275
106463	0.0008714170851
106464	0.001652200059
106465	0.002667205097
106466	0.001837377113
106467	0.003111871331
106468	0.007910586308
106469	0.0007138168423
106470	0.00427966141
106471	0.0001685636184
106472	0.001762578807
106473	0.001873228592
106474	0.00631375612
106475	0.001218530436
106476	0.001673801661
106477	8.12276284e-05
106478	0.003957249247
106479	0.008056376317
106480	0.001076276297
106481	0.00310579112
106482	0.000406763209
106483	0.00123579764
106484	0.00187012651
106485	0.004743914239
106486	0.0005260049664
106487	0.0007199706767
106488	0.001263820217
106489	0.001518572828
106490	0.001999799386
106491	0.001913241283
106492	0.001096989785
106493	0.002301806403
106494	0.002790133378
106495	0.001782552547
106496	0.005733300134
106497	0.0005734791698
106498	0.001666965767
106499	0.004034262244
106500	0.0002757782945
106501	0.0006749457817
106502	0.003352077407
106503	0.0006672127472
106504	0.001412029768
106505	0.0009413053749
106506	0.003390828058
106507	0.0008007610048
106508	0.002583464018
106509	0.004204383835
106510	0.005141515414
106511	0.001210011306
106512	0.000213330067
106513	0.006379604221
106514	0.00373541127
106515	0.000484147149
106516	0.002507613753
106517	0.001374711167
106518	0.002011813096
106519	0.005384023061
106520	0.004700662598
106521	0.0002133943707
106522	0.001055702329
106523	0.001528599548
106524	0.003371741834
106525	0.00082347389
106526	0.0009141129906
106527	0.0008290035776
106528	0.001566963207
106529	0.002129988748
106530	0.001721319216
106531	0.002203072468
106532	0.0007458566196
106533	0.002216589663
106534	0.0004288908777
106535	0.001354636971
106536	0.002580868604
106537	0.0008061526826
106538	0.002126033951
106539	0.003354628201
106540	0.001274374072
106541	0.004953892488
106542	0.001804327397
106543	0.001079767764
106544	0.0005969694673
106545	0.0009455764497
106546	0.0002544038623
106547	0.001108111875
106548	0.003839886448
106549	0.0001949802819
106550	0.000669274646
106551	0.0007947324544
106552	0.001737113847
106553	0.002139959584
106554	0.0006955535198
106555	0.002236522638
106556	0.00436865081
106557	0.001814507038
106558	0.0005919883583
106559	0.005722433692
106560	0.001362124815
106561	0.001200432417
106562	0.001255823936
106563	0.001074276024
106564	0.002681681496
106565	0.0008805627307
106566	0.0002558103551
106567	0.0008407792303
106568	0.0001399789948
106569	9.38313558e-05
106570	0.001585411941
106571	0.004679098016
106572	0.001832160778
106573	0.001557056521
106574	0.001159683794
106575	0.007442999981
106576	0.001605682032
106577	0.00184615692
106578	6.363607114e-05
106579	0.002397628504
106580	0.0002428913778
106581	0.002342990985
106582	0.003768666266
106583	0.004244779768
106584	0.003333471332
106585	0.001390797777
106586	0.001315014078
106587	0.003000096057
106588	0.0001226995553
106589	0.001167040427
106590	0.001715751791
106591	0.001990026491
106592	0.002032738772
106593	0.001108259813
106594	0.002036083421
106595	0
106596	0.01017321928
106597	4.210772196e-05
106598	0.003378794737
106599	0.001966091843
106600	0.002140124989
106601	4.743725178e-06
106602	0.001536347727
106603	0.00214118778
106604	0.0001168276961
106605	0.002839861728
106606	0.0004871599906
106607	0.005028405017
106608	0.003907329776
106609	0.0006107476797
106610	0.001427495668
106611	0.005458950062
106612	0.006048863298
106613	0.004533948104
106614	0.003221479957
106615	0.00276968875
106616	0.003684199088
106617	7.042660972e-05
106618	0.001116285254
106619	0.00715926801
106620	0.00431420713
106621	0.0003145249962
106622	0.0007990449719
106623	0.004291015599
106624	0.004482441256
106625	0.001280548896
106626	0.006453586833
106627	0.001042707303
106628	0.00265576488
106629	0.0001579801318
106630	0.002456265463
106631	0.001937988986
106632	0.004076018872
106633	0.0009085248167
106634	0.001414393495
106635	0.0004998017533
106636	0.0004531653757
106637	0.005116924343
106638	0.0002718455684
106639	0.001510843948
106640	0.0001744174238
106641	0.004667716808
106642	0.0003061902541
106643	0.001751589704
106644	0.002284555225
106645	0.0007457915251
106646	0.001451208665
106647	0.003605336017
106648	0.005688938279
106649	0.0007600794509
106650	0.002844239537
106651	0.0004723515667
106652	0.002419964046
106653	0.00177562004
106654	0.000284132045
106655	0.002767750962
106656	0.00207526066
106657	0.002872572422
106658	0.001274170834
106659	0.00238992596
106660	0.00117754314
106661	0.002268002304
106662	0.002271900806
106663	0.002616429734
106664	8.698464158e-08
106665	0.002495758697
106666	0.005467488581
106667	0.001131277927
106668	2.516154275e-05
106669	0.001722733349
106670	0.0001787583164
106671	0.000770869019
106672	0.0002262566751
106673	0.0005438049093
106674	0.0001406825865
106675	6.361325149e-05
106676	0.001441283887
106677	0.0006160903123
106678	5.743167194e-05
106679	0.0007876376773
106680	0.0003040658238
106681	0.0007380194726
106682	0.0001320024581
106683	0.0006176064772
106684	0.0006030788674
106685	0.0003231100131
106686	8.095311969e-05
106687	0.0007366790515
106688	0.000567355687
106689	0.002880915773
106690	0.001348939517
106691	0.002076198122
106692	0.0008438888272
106693	0.002595475611
106694	0.002087858424
106695	0.003416320823
106696	0.0005945416984
106697	0.002724392083
106698	0.001253645492
106699	0.001112293012
106700	0.003340880432
106701	0.0004017703442
106702	0.001114175978
106703	0.0001389735234
106704	0.0006998248053
106705	0.0002833773742
106706	0.004690911968
106707	0.003700007135
106708	0.002161227307
106709	0.002328373562
106710	0.003612628906
106711	0.006584940715
106712	1.643043037e-05
106713	0.0002842138851
106714	0.0007627478724
106715	0.0005334242175
106716	3.378888751e-05
106717	0.0003660604833
106718	5.894416551e-05
106719	0.001277367107
106720	0.004947715022
106721	0.005318842761
106722	0.004201219999
106723	1.275689102e-05
106724	0.000132903021
106725	0.0001753480504
106726	0.0001050745888
106727	0.0002922181886
106728	0.0006683808016
106729	0.0001460988081
106730	0.00655147701
106731	0.001590405691
106732	0.003175440712
106733	0.0004803761864
106734	0.003584959499
106735	0.0002501103037
106736	0.0004121234743
106737	0.004597553276
106738	0.003233460987
106739	0.002564554587
106740	0.002005297425
106741	8.96776149e-05
106742	0.00400764421
106743	0.001978650892
106744	0.0009521645065
106745	0.0004103873465
106746	0.0001467681255
106747	0.001974462807
106748	0.002054008428
106749	0.0001022639987
106750	3.302859844e-05
106751	2.212303527e-06
106752	0.0001331553018
106753	0.0003462150947
106754	0.0004929342665
106755	4.861735215e-05
106756	0.000963715541
106757	0.0005807433153
106758	0.004203206433
106759	0.002388566144
106760	0.001896715767
106761	8.93537542e-05
106762	0.0003326810066
106763	0.001228101606
106764	0.002126173654
106765	0.0007058373366
106766	0.0005517587882
106767	0.002123982717
106768	0.002953408373
106769	0.001143438054
106770	0.004310842517
106771	0.003626381968
106772	0.004588913506
106773	0.0006617597925
106774	0.0006713083575
106775	0.0007506460344
106776	0.001767017964
106777	0.0001679987454
106778	0.003014242244
106779	0.001560224902
106780	0.001961610254
106781	0.003603102902
106782	0.005158868291
106783	0.001168368887
106784	0.001254506899
106785	0.005622251292
106786	0.00146788754
106787	3.315387607e-05
106788	0.003577114261
106789	0.004937282739
106790	0.001843165144
106791	0.00136375812
106792	0.0004020811142
106793	0.006632642098
106794	0.00162155097
106795	0.004486977115
106796	0.001850842241
106797	0.0002473519529
106798	0.003359697353
106799	0.002517702481
106800	0.003651308332
106801	0.001737317379
106802	0.01343815106
106803	0.001560449396
106804	0.0001698074039
106805	0.0044076662
106806	0.001943362736
106807	3.640770521e-05
106808	0.0001491771401
106809	0.0009543851261
106810	0.0004437479488
106811	0.0004571897525
106812	0.002912836509
106813	0.00144604874
106814	0.0006365380082
106815	0.002661880186
106816	0.0005505324371
106817	0.00134840454
106818	0.002763459632
106819	0.0001477977205
106820	0.003110856375
106821	0.0001233990344
106822	0.0003414218763
106823	0.0001321075004
106824	0.001615433113
106825	0.003093664165
106826	0.001304090419
106827	0.000175014968
106828	0.006579963092
106829	0.001479048114
106830	0.002039731149
106831	0.002582742685
106832	0.00108217633
106833	0.001644203391
106834	0.0003192094542
106835	0.0005183614193
106836	0.002856401879
106837	0.00169832023
106838	0.0005542471412
106839	0.000265226936
106840	0.004309617061
106841	0.0002776496925
106842	0.001007083027
106843	0.004175147079
106844	0.004739170438
106845	0.0005585443594
106846	0.002105189686
106847	0.003874016047
106848	0.004757220785
106849	0.001438132433
106850	0.003388889661
106851	0.002695792587
106852	0.000670366011
106853	0.001799505868
106854	0.001434987026
106855	0.003862248887
106856	4.529026781e-05
106857	0.001213113724
106858	0.006117517354
106859	0.001108379924
106860	0.0009598015258
106861	0.006156718879
106862	0.001876162858
106863	0.0003892749407
106864	0.003113631893
106865	0.001873569862
106866	0.006210680963
106867	0.0009603910504
106868	0.001313104136
106869	0.0001688357196
106870	0.006033889153
106871	0.0006814265259
106872	0.0007182788164
106873	0.001848583637
106874	0.001788373431
106875	0.001057698957
106876	0.0003867124057
106877	0.001066006316
106878	0.003109023585
106879	0.001627681274
106880	0.0003827157506
106881	0.002873261167
106882	0.000971240707
106883	6.552518949e-05
106884	0.006519524746
106885	2.178715459e-05
106886	5.1050328e-05
106887	0.0003177706948
106888	0.000271635617
106889	0.0002034078065
106890	0.001040383161
106891	0.001106847602
106892	0.003976594882
106893	0.001666429453
106894	0.0008763083866
106895	0.000741362782
106896	0.002170115851
106897	0.001758633202
106898	0.004414843785
106899	0.002020978515
106900	0.00158670476
106901	0.001882772671
106902	0.0007310103609
106903	0.0006675425112
106904	5.48813156e-05
106905	0.001862022566
106906	0.001093454303
106907	0.00221598783
106908	0.003182889171
106909	0.002362262611
106910	0.002031099083
106911	0.0004458718164
106912	0.00111132654
106913	0.0001164183418
106914	0.003006170892
106915	0.0007447852416
106916	0.003656410425
106917	0.002417374967
106918	0.002994832763
106919	0.0003210456074
106920	0.002966413297
106921	0.0008198540061
106922	0.005969383826
106923	0.0001350496631
106924	0.0001980466528
106925	0.002854058778
106926	0.0007713074443
106927	0.0009081754721
106928	0.001094151293
106929	0.004542882731
106930	0.00047575993
106931	0.003993458696
106932	0.003009366192
106933	0.001859930274
106934	0.001831632866
106935	0.001160905421
106936	0.0009925944181
106937	0.004548342951
106938	0.002901370487
106939	0.0002641331061
106940	0.004027492092
106941	0.005200786547
106942	0.002296103875
106943	0.002454412736
106944	0.0006887991504
106945	0.003693263157
106946	0.00110430269
106947	0.0003929360957
106948	0.0002833461274
106949	0.0007850651846
106950	0.002089807318
106951	0.0001126363169
106952	0.001363260477
106953	0.001548757754
106954	0.003537548107
106955	0.002592029583
106956	4.203789324e-05
106957	0.0003637185135
106958	0.004287734556
106959	0.0001463177618
106960	0.000548030109
106961	0.00115118607
106962	0.00574059311
106963	0.005312081202
106964	0.00272456797
106965	0.002473531546
106966	0.003832226925
106967	0.006620992307
106968	0.002833192976
106969	0.005205597468
106970	0.004506887017
106971	0.002096745531
106972	9.514676313e-05
106973	0.002454435838
106974	0.00266281102
106975	0.0007246641942
106976	0.001086185195
106977	0.005149486518
106978	0.0005834549588
106979	1.22801847e-08
106980	0.0007584491468
106981	0.001097822914
106982	0.001903436056
106983	0.001066327224
106984	0.000215694216
106985	0.004721923816
106986	0.0002943084238
106987	0.0001083144194
106988	0.003111880619
106989	0.003101028663
106990	0.0009267072172
106991	0.000506574226
106992	0.0020513372
106993	0.004223148002
106994	0.001676839839
106995	0.003184896583
106996	0.001658648427
106997	0.002089933914
106998	0.003337432653
106999	0.002422263982
107000	0.001746849547
107001	0.0007783362642
107002	0.005785788445
107003	0.0001431900464
107004	0.0008703395582
107005	0.0007687449263
107006	0.003018977526
107007	0.0004475148548
107008	0.0002991450597
107009	0.003660108593
107010	0.0004116876776
107011	0.0007475214544
107012	0.002377932467
107013	0.001443456034
107014	0.001582752374
107015	0.001436494248
107016	0.001474489135
107017	0.002951396692
107018	0.003453317086
107019	0.007494533382
107020	0.001590673155
107021	0.0006718534203
107022	0.0028915327
107023	0.0008701339148
107024	0.0032324874
107025	0.0009668748309
107026	0.0002919726944
107027	0.004838634821
107028	0.000229062909
107029	7.984527199e-05
107030	0.00670950096
107031	0.0005423755353
107032	0.001479804591
107033	0.0004737338579
107034	0.001796677407
107035	0.00435010691
107036	0.0009395506322
107037	0.0009081093604
107038	0.001991430564
107039	0.002796866053
107040	0.007654727246
107041	0.0009710748524
107042	0.001228863833
107043	0.001581623481
107044	0.001512202531
107045	0.0003825651014
107046	0.001262827668
107047	0.0001755211609
107048	0.003689087487
107049	0.006194303775
107050	0.0008084411724
107051	0.0004120293097
107052	0.0006151054226
107053	0.003117463316
107054	0.002580079324
107055	0.004607153823
107056	0.00464161086
107057	0.003886374885
107058	0.004588780804
107059	0.0001177563637
107060	0.003415492947
107061	0.000682858125
107062	0.0004640902799
107063	0.001349103742
107064	0.00590087798
107065	0.0007026535078
107066	0.00102444613
107067	0.0001165645117
107068	0.001439506885
107069	0.001155002185
107070	0.0004832519518
107071	4.709496068e-05
107072	0.001163834703
107073	0.0001152587595
107074	0.005240237085
107075	0.002088196755
107076	0.006915614652
107077	0.003245002803
107078	0.00136233206
107079	0.000720071866
107080	0.0003782310729
107081	0.002607812824
107082	1.074104227e-06
107083	0.0002979508613
107084	0.004114090395
107085	0.003968386554
107086	0.0001766601098
107087	0.0001130531458
107088	0.0005397690796
107089	0.00283400772
107090	2.973942143e-05
107091	0.001554069675
107092	7.870620683e-06
107093	0.005044662684
107094	0.0002769564951
107095	0.003602676591
107096	0.006874482842
107097	0.001011743494
107098	0.001908227798
107099	0.0001745009165
107100	0.002125833885
107101	0.00265205176
107102	0.001172333913
107103	0.0006229399236
107104	0.0008655326918
107105	0.0003784516812
107106	0.0001976934944
107107	0.002526361339
107108	0.002356210321
107109	0.0007787774413
107110	0.00464915687
107111	0.0008951040899
107112	0.002397691944
107113	0.0003294215765
107114	0.0006621093066
107115	0.001783698006
107116	0.00353472083
107117	0.001872727042
107118	0.002193042913
107119	0.003936015367
107120	0.0003495790032
107121	0.001219095819
107122	0.003030403162
107123	0.0007247676121
107124	0.001148521466
107125	0.0004717506373
107126	0.002478849939
107127	0.006357557147
107128	0.0003875248271
107129	0.004001839016
107130	0.007289695436
107131	0.001790508322
107132	0.003495386815
107133	0.0008547458011
107134	0.0005542741853
107135	0.0002247365809
107136	0.007740632345
107137	0.005515458931
107138	0.004477311341
107139	0.0001277810404
107140	0.007345839817
107141	0.001838260607
107142	0.0006916259692
107143	0.000824025266
107144	0.001905998831
107145	0.002051901264
107146	0.001109031198
107147	0.001419746703
107148	0.00229888491
107149	0.0006545420687
107150	0.004979851125
107151	0.003857512268
107152	0.003773474927
107153	0.001976917655
107154	0.004545157414
107155	0.002282205715
107156	0.0017375963
107157	0.0003648935673
107158	0.000615776267
107159	0.0008040690853
107160	0.001551739948
107161	0.001647323646
107162	0.002217048463
107163	0.004713996792
107164	0.00257664484
107165	0.001901851949
107166	0.0007794467242
107167	0.0008810453699
107168	0.0005977953872
107169	0.001816619061
107170	8.272461474e-05
107171	2.985791991e-05
107172	0.0001298300601
107173	0.001584372951
107174	0.0008313407752
107175	0.002656187909
107176	0.000876965398
107177	0.0006731177451
107178	3.507116604e-05
107179	0.006264274767
107180	1.159041302e-05
107181	7.197603031e-05
107182	0.001993270707
107183	9.656867928e-05
107184	0.002836855425
107185	0.001263338281
107186	0.0001691509155
107187	0.001245475265
107188	0.000780567288
107189	0.0005887842272
107190	0.003331025829
107191	0.001757195944
107192	0.005831272995
107193	9.880551561e-05
107194	0.0007657521263
107195	0.002618575124
107196	0.0002723584376
107197	0.000258061671
107198	0.001790036574
107199	0.0001367340685
107200	0.006824263379
107201	0.003912553664
107202	0.001283518192
107203	0.001877254982
107204	0.0002805417496
107205	0.002080667823
107206	0.002124642537
107207	0.0008836872259
107208	0.0001134078153
107209	0.0008931049057
107210	0.0001130925658
107211	0.000744901595
107212	2.791868176e-05
107213	0.0003259988483
107214	0.0002450648041
107215	0.0003346249762
107216	9.267969104e-05
107217	0.003276214096
107218	0.002274951817
107219	0.004854599257
107220	0.001940878564
107221	0.001313811172
107222	0.0007641436948
107223	0.002663151439
107224	0.001311832302
107225	0.0002653488401
107226	0.0009807143119
107227	0.002680758128
107228	0.001203643486
107229	0.001583989005
107230	0.0002766902115
107231	0.006937831904
107232	0.0006290924511
107233	0.0005331682755
107234	0.0002356886322
107235	0.001953692817
107236	0.002079632984
107237	0.005322982409
107238	0.003468627799
107239	0.001468077714
107240	0.0004647097693
107241	0.0004573876427
107242	6.982063315e-05
107243	0.0006083428253
107244	0.000825130352
107245	0.0004958265393
107246	0.001258342331
107247	0.0007672594956
107248	0.0001568464725
107249	0.000372801046
107250	0.0007945582947
107251	0.000281172573
107252	0.0005084955029
107253	0.0003179118877
107254	0.000788441012
107255	0.0003119675504
107256	0.0004227936968
107257	0.005853642843
107258	0.0009502424401
107259	0.001164670828
107260	0.001389456506
107261	0.0001502008979
107262	0.0004504222306
107263	0.000938112886
107264	0.001268287633
107265	0.001707834354
107266	0.001146721252
107267	0.0007046504938
107268	0.001438352376
107269	0.0009313598562
107270	0.0001784497996
107271	0.000376492776
107272	0.000271936701
107273	0.0005493056715
107274	0.001180712694
107275	3.32595895e-05
107276	4.862745558e-05
107277	0.00142907756
107278	0.00026182107
107279	8.521275735e-05
107280	0.0008008405228
107281	0.0009192093198
107282	2.209004599e-05
107283	0.0001701580535
107284	0.0004838962499
107285	0.001611815846
107286	0.00244767371
107287	0.005502451096
107288	0.002519054306
107289	0.002979193199
107290	0.001677707723
107291	0.007022886369
107292	0.002348259027
107293	0.0001305752916
107294	0.0001654247863
107295	0.0006429224525
107296	0.0005164645725
107297	0.0009411352569
107298	0.0001123818723
107299	0.001143799152
107300	0.00248311933
107301	0.001998070464
107302	0.0001850433625
107303	0.001538099706
107304	0.002123448895
107305	0.0003282170133
107306	9.293445801e-05
107307	0.001501324165
107308	0.002470303191
107309	0.001478696529
107310	0.0020030066
107311	1.508416023e-07
107312	0.003175924659
107313	0.0001619554667
107314	0.002517243054
107315	0.0005726218992
107316	3.681152007e-06
107317	0.0002386600396
107318	0.003649117498
107319	0.001330670456
107320	0.002366852687
107321	0.001941414884
107322	0.0006750761261
107323	0.002991655114
107324	0.0006097372709
107325	0.0001300326937
107326	0.00149418383
107327	0.001359497165
107328	0.0001314835085
107329	0.0002341356069
107330	0.001785358126
107331	0.001632040467
107332	0.0004850410644
107333	0.0002643481378
107334	0.0004262436854
107335	0.0004165080528
107336	0.0004350904739
107337	0.000657180498
107338	0.002902258958
107339	0.001623956616
107340	0.003321831529
107341	9.333596974e-05
107342	0.0005830771499
107343	0.0006826645169
107344	0.0005367564928
107345	0.001162671678
107346	0.001090935709
107347	0.0004011396786
107348	0.001361744219
107349	0.001064160865
107350	0.00157234344
107351	0.0005369877656
107352	0.000494530029
107353	0.0002585464504
107354	0.0005407724183
107355	0.002143259714
107356	3.879045554e-05
107357	0.001049863854
107358	0.001213811309
107359	0.0007041817376
107360	0.0001236207263
107361	0.0002546945129
107362	9.159880411e-05
107363	0.002750102519
107364	0.006037994181
107365	0.00292420893
107366	0.0004047857266
107367	5.401046592e-05
107368	0.002752211129
107369	0.003763907261
107370	0.0002393295457
107371	0.007844491592
107372	0.0008563824158
107373	0.001728104752
107374	0.001348106925
107375	0.001124113626
107376	0.00407778155
107377	0.00140381273
107378	2.370697605e-05
107379	0.001359113136
107380	0.002017955644
107381	0.002039988553
107382	0.003430956913
107383	0.0002983922356
107384	0.001187227963
107385	0.002573468883
107386	0.00107374802
107387	0.001670573715
107388	0.006886259901
107389	0.0007090286886
107390	0.0001917763055
107391	0.001125729565
107392	0.002834676379
107393	0.001908252701
107394	0.003193271257
107395	0.002074420535
107396	0.00266219771
107397	0.001798266108
107398	0.00172725974
107399	0.002689139915
107400	0.0003116836785
107401	0.001180888287
107402	0.003691612135
107403	0.00137798878
107404	0.006280937828
107405	0.0008251114693
107406	0.001989045199
107407	0.0004024754413
107408	0.0007700612904
107409	0.002652264343
107410	0.0004665350726
107411	0.00285726952
107412	0.0007172237285
107413	0.005609959681
107414	0.0018970372
107415	0.0001184553759
107416	0.005020503978
107417	0.001751146685
107418	0.003109214308
107419	0.0004234917533
107420	0.001836430195
107421	0.00300650625
107422	0.002410112056
107423	0.004294323685
107424	0.003308884493
107425	0.007694100596
107426	0.0003152449009
107427	0.002473625485
107428	0.004279381229
107429	0.004705329449
107430	0.003400276409
107431	7.384336103e-05
107432	0.0003696949833
107433	0.007089843249
107434	0.001203688841
107435	0.0001949626803
107436	0.001821191301
107437	5.459511044e-05
107438	0.0002394251801
107439	0.0003555480858
107440	0.0005104645687
107441	0.0009245023721
107442	0.006543757091
107443	0.0002435426966
107444	0.00129567721
107445	0.0001663151181
107446	0.0008121147141
107447	0.000298147865
107448	0.0005739835284
107449	1.431105647e-05
107450	0.002615140932
107451	0.001053725167
107452	0.0001931563931
107453	0.001630324692
107454	0.001293603246
107455	0.001159015628
107456	0.003449146671
107457	0.009789275337
107458	0.0008290092765
107459	0.002238016932
107460	0.0008832511726
107461	0.002219512017
107462	0.003118341065
107463	0.003696495314
107464	0.00536868051
107465	2.763506804e-05
107466	0.0003636119068
107467	0.0006127372442
107468	0.005884016017
107469	0.002298679209
107470	0.0009696837207
107471	0.000440822672
107472	0.002083751482
107473	0.002164432089
107474	0.002886681693
107475	0.001486471078
107476	0.001590388297
107477	0.0003566089285
107478	0.002609248211
107479	0.002788091062
107480	0.001389388059
107481	0.0001759883576
107482	0.003180741691
107483	6.670368738e-05
107484	0.001805968293
107485	0.0004393468212
107486	0.0005550377586
107487	0.001825590599
107488	0.002629870288
107489	0.002171573013
107490	0.0002541378012
107491	0.001528736304
107492	0.002575488562
107493	0.001030185871
107494	0.001212756733
107495	0.001538818751
107496	0.002849202766
107497	0.003197159639
107498	0.003252361383
107499	0.0009160752689
107500	0.003518153675
107501	5.673097301e-05
107502	0.0009600304872
107503	0.0001042832221
107504	0.001969801503
107505	0.002964248282
107506	0.005167553793
107507	0.0009917085352
107508	0.004530312023
107509	0.008234929207
107510	0.0008999418316
107511	0.0006647157382
107512	0.0005976136658
107513	0.005125041005
107514	0.003242522027
107515	0.001405929132
107516	0.002024723996
107517	0.003616701818
107518	0.001188611083
107519	0.0006110758604
107520	0.001857376859
107521	0.0008044378055
107522	0.0003128143671
107523	0.002565317974
107524	0.0002380343809
107525	0.001250561458
107526	0.001282372992
107527	0.004168469852
107528	0.0006612261569
107529	0.001484478605
107530	0.004956571817
107531	0.0003948445137
107532	0.002630195674
107533	0.008940996458
107534	0.007000344451
107535	0.002379503134
107536	3.058114789e-05
107537	0.0003979864907
107538	0.001552533987
107539	0.0005393427133
107540	0.005005593536
107541	0.005998306388
107542	0.002491069219
107543	0.000961566643
107544	0.00253544054
107545	0.0003302717417
107546	0.0004851414058
107547	0.0004323853278
107548	0.003193156018
107549	0.002795433923
107550	0.001020203851
107551	0.0003169023895
107552	0.001633153752
107553	0.002061766016
107554	0.001647008544
107555	0.001460946371
107556	0.003931710431
107557	0.001458973723
107558	0.004904466012
107559	0.003893096725
107560	0.001309093214
107561	0.004301562723
107562	0.0025598163
107563	0.001488607677
107564	0.002773153199
107565	0.004578468719
107566	0.002527457406
107567	0.001488142361
107568	0.003006476137
107569	0.000774490805
107570	0.001577668852
107571	0.002786179267
107572	0.001440813474
107573	8.625806052e-05
107574	0.00477078708
107575	0.001965477678
107576	0.003261929188
107577	0.003534299599
107578	9.504095354e-05
107579	0.0008306789954
107580	0.00417118543
107581	0.008198170544
107582	0.0001234600498
107583	0.001534081889
107584	0.00142158872
107585	0.002945779916
107586	0.004182585878
107587	0.0008486900364
107588	0.001263096496
107589	0.00114201672
107590	0.0005232077125
107591	0.0004209898786
107592	0.001167499074
107593	0.0002677572153
107594	0.0008903180526
107595	0.0001909435967
107596	0.001354581108
107597	0.0008751400119
107598	0.0002820571644
107599	7.898659056e-05
107600	0.0006123655014
107601	0.0001522716814
107602	0.0001907253816
107603	0.0005940299541
107604	0.001860548808
107605	1.065713498e-05
107606	0.003114012754
107607	0.005167256532
107608	0.0001977108418
107609	0.001843940002
107610	0.001155320453
107611	0.000755343933
107612	0.002464505632
107613	0.002045055911
107614	0.0002106900373
107615	0.007524480513
107616	0.002219925269
107617	0.00233367368
107618	0.003608534084
107619	0.0009163918624
107620	0.0002779617473
107621	0.004042788397
107622	0.003129734184
107623	4.763276178e-05
107624	0.0006563918592
107625	0.001370261527
107626	0.0008126705777
107627	0.002782972291
107628	0.0007930761246
107629	0.004718930101
107630	0.002889374023
107631	0.001061680223
107632	0.004144655398
107633	0.004123132766
107634	0.001967375265
107635	0.0009951904979
107636	0.001201015457
107637	0.003628057297
107638	0.0002392871175
107639	0.0006194248877
107640	5.130377092e-05
107641	0.0008653287221
107642	0.001546417824
107643	0.001278888145
107644	0.004259200048
107645	0.0008775057655
107646	0.002069593783
107647	0.002267757601
107648	0.0008970763189
107649	0.000414689173
107650	0.0003264133427
107651	0.003231895894
107652	0.002986972128
107653	0.0004990098447
107654	0.001856973263
107655	0.003093658527
107656	0.00286414562
107657	0.001789070566
107658	0.00427130833
107659	0.001499470267
107660	0.005950797338
107661	0.001899202222
107662	0.001981378772
107663	0.003897709238
107664	0.002920732148
107665	0.0001548902882
107666	0.0003786240962
107667	0.003469463897
107668	0.003117194243
107669	0.001482449554
107670	0.001498610696
107671	0.0001882216038
107672	0.0005136277716
107673	1.521510663e-05
107674	0.0003758165867
107675	0.0004725586418
107676	0.0002053494117
107677	0.0001494143689
107678	0.0003947387854
107679	0.000631669354
107680	0.0004001932805
107681	3.290350305e-05
107682	0.0004458582441
107683	0.0004571149309
107684	0.002972626212
107685	0.002224436524
107686	0.00109170726
107687	0.004480060899
107688	0.005874418055
107689	0.0006218827264
107690	0.0002763567095
107691	0.003685799986
107692	0.001310181829
107693	0.0001732244731
107694	0.002018233018
107695	0.00337856923
107696	1.393595632e-05
107697	0.00304143903
107698	0.0001067728158
107699	0.004782033196
107700	0.004258385308
107701	0.002900678148
107702	0.0003145415377
107703	0.003648300083
107704	0.0002240426374
107705	0.0006828651215
107706	0.003210055864
107707	0.001049386626
107708	0.004010227922
107709	0.001447044732
107710	0.003258753256
107711	0.00487006182
107712	0.0004421183163
107713	0.0001308598752
107714	0.0001450017468
107715	0.0005119951744
107716	0.001385678636
107717	0.0001004956961
107718	0.002440937968
107719	0.0006687013158
107720	0.003775617512
107721	0.004838413568
107722	0.009384082777
107723	0.002602144158
107724	0.0002092830348
107725	0.001671374072
107726	0.002363095554
107727	0.009113872477
107728	0.003961334609
107729	0.001147710043
107730	0.002128053002
107731	0.00262910405
107732	0.002297439975
107733	0.000986603562
107734	0.002707562892
107735	0.001539971669
107736	0.0002410211291
107737	0.0009860866984
107738	0.001033133618
107739	0.000466196049
107740	0.0007331415946
107741	0.001260361969
107742	0.0009716647505
107743	0.0003154102294
107744	0.0003785853493
107745	0.003442636909
107746	0.0008587157915
107747	0.0006992430927
107748	0.0008344311508
107749	0.0009963504037
107750	0.001865560306
107751	0.001695888829
107752	0.0006430111048
107753	0.002467817168
107754	0.002176589033
107755	0.001470423288
107756	5.278021768e-05
107757	0.002122015732
107758	0.000752007416
107759	0.001623151447
107760	0.0007318572649
107761	0.002008392475
107762	0.002435007631
107763	0.006736151154
107764	0.003508483351
107765	0.0004374809977
107766	0.0006378152207
107767	0.001732741944
107768	0.0001960167682
107769	0.001444222631
107770	0.0003792582432
107771	0.001984614113
107772	0.004366947634
107773	0.0008783659709
107774	0.001128733297
107775	0.0005914760119
107776	0.001675785534
107777	0.002337319324
107778	0.002970189512
107779	0.005059412387
107780	0.005623841932
107781	0.0004948555562
107782	6.849219475e-05
107783	0.002155977108
107784	0.0007875707404
107785	0.0004584329699
107786	0.0009224785325
107787	0.000724247401
107788	0.001165084921
107789	0.001557702458
107790	0.002129678857
107791	7.907485784e-05
107792	0.001267590047
107793	0.00288802459
107794	0.000475479534
107795	0.002889693751
107796	0.001254160875
107797	0.001116934589
107798	0.003116883851
107799	0.0004736450272
107800	0.0004041149869
107801	0.001963561575
107802	0.0006983926461
107803	0.0005956790477
107804	0.00275469481
107805	0.001642005308
107806	0.004019066567
107807	0.008852332447
107808	4.430680372e-05
107809	0.004947555794
107810	0.002482502517
107811	2.110292449e-07
107812	0.001049212069
107813	0.001029838896
107814	0.0005645304075
107815	0.00171901846
107816	0.0003218017328
107817	0.003081889286
107818	0.001628008569
107819	0.001282463549
107820	0.0003960499097
107821	0.0003577188697
107822	0.0003869456573
107823	0.001744086092
107824	0.001599394171
107825	0.002472450479
107826	0.003727926607
107827	0.001061115294
107828	0.001889336657
107829	0.003386425888
107830	0.002104739899
107831	0.0001834122357
107832	0.001572210562
107833	0.0001347260806
107834	0.0002281703126
107835	0.003556221286
107836	0.003414738119
107837	0.004070120955
107838	0.002048756884
107839	0.0004005002887
107840	0.00314812625
107841	0.0003572299236
107842	0.000316730958
107843	0.00202342864
107844	0.001252023293
107845	0.001582872803
107846	0.005649522906
107847	0.003349860909
107848	0.000223552699
107849	0.001431444688
107850	0.0003528837978
107851	0.001080761792
107852	0.00609739652
107853	0.002294267155
107854	0.002515604861
107855	0.003291378331
107856	0.0002991054543
107857	0.003839868606
107858	0.001765251577
107859	0.000832493956
107860	0.002704864803
107861	0.001938693874
107862	0.0001466320194
107863	0.002036077357
107864	0.002421541544
107865	0.002149534549
107866	0.0008680229071
107867	0.005526104048
107868	0.0005134381917
107869	0.002548046786
107870	0.0009772393429
107871	0.003318151945
107872	0.00522246199
107873	0.001430725359
107874	0.006804564099
107875	0.002710645278
107876	0.001017366621
107877	0.0008592291854
107878	0.0004344248389
107879	0.006037299365
107880	0.007753039456
107881	0.004862948141
107882	0.001458153986
107883	0.0007011887321
107884	0.0004525682887
107885	0.001525675169
107886	0.002887305844
107887	0.001476024794
107888	0.0009199570933
107889	0.0006845901683
107890	0.001662420415
107891	0.002306901936
107892	0.0004354318666
107893	0.0004153554297
107894	0.001653918202
107895	0.004312919491
107896	0.001304270202
107897	0.002317386899
107898	0.002422733337
107899	0.002674633854
107900	0.001841774542
107901	0.00176029019
107902	0.003780416993
107903	0.003588037334
107904	0.002091625226
107905	0.0008434680293
107906	0.003832265979
107907	0.0003922633881
107908	0.0009492369636
107909	0.001823835323
107910	0.001161908394
107911	0.00506974807
107912	0.001817761619
107913	0.0009221658612
107914	0.0008032730943
107915	1.6045683e-05
107916	0.004459825993
107917	0.002565434966
107918	0.005028520717
107919	0.008170795772
107920	0.00293614866
107921	0.00163214293
107922	0.0009647155147
107923	0.004056224282
107924	0.00055487775
107925	0.0004086444312
107926	0.0002811335518
107927	0.0008058724718
107928	0.00367016208
107929	0.005471373986
107930	0.004495106645
107931	0.0002038464897
107932	0.005448938289
107933	0.001966900996
107934	0.003027773955
107935	0.001602496357
107936	0.004430026791
107937	0.002394014383
107938	0.0003514966646
107939	0.003253002776
107940	0.001706353576
107941	0.002966012717
107942	0.0003416426772
107943	0.002025549654
107944	0.002164718695
107945	0.0005425069976
107946	0.001628766295
107947	0.004027690009
107948	0.0002307787463
107949	0.003633636682
107950	0.001245542906
107951	0.001027678142
107952	0.002524275817
107953	0.0007022340377
107954	0.001640862995
107955	0.0007638888562
107956	0.002260663933
107957	0.001213074718
107958	0.00104655893
107959	0.0001200265689
107960	0.0003875650973
107961	0.001479513624
107962	0.0013304323
107963	0.001324872747
107964	0.0006812834251
107965	0.002214702861
107966	0.001033925561
107967	0.001366348925
107968	0.006312455416
107969	0.003066820624
107970	0.001160107113
107971	0.0009039752387
107972	0.002109722387
107973	0.001183109876
107974	2.619405886e-05
107975	0.0002578137621
107976	0.001494809225
107977	0.001596013259
107978	0.0006252512612
107979	0.009307432652
107980	0.00237094259
107981	0.0008064843346
107982	0.0002275890052
107983	0.002901887336
107984	0.001072697765
107985	0.0004655817923
107986	0.005685993128
107987	0.003817037135
107988	0.00122878093
107989	5.167853759e-05
107990	0.001124143696
107991	0.000384437988
107992	0.002002106759
107993	0.0004957759371
107994	0.001305486148
107995	0.002345547288
107996	0.004545833207
107997	0.005223627143
107998	0.0009681879732
107999	0.0002720208846
108000	0.0007794627128
108001	0.0003057492942
108002	0.001587478096
108003	0.002262828967
108004	0.00115980958
108005	0.0002677248084
108006	5.422981194e-05
108007	0.001274137376
108008	0.001276058609
108009	0.0003664708081
108010	0.00225049352
108011	0.0002608711764
108012	0.003367097873
108013	0.000440984068
108014	0.003377115147
108015	0.007530989674
108016	0.003523154374
108017	0.0007058926681
108018	9.565796348e-05
108019	0.001384517053
108020	0.0005621745191
108021	0.004656453566
108022	0.00852301779
108023	0.0007798862017
108024	0.0004258833682
108025	0.0008257508686
108026	0.0009853715109
108027	0.0002106058859
108028	0.001517951112
108029	0.001525332389
108030	0.0002824615951
108031	0.0003428899857
108032	0.0001787086768
108033	0.001206518891
108034	0.0008859113996
108035	0.001819875136
108036	0.003176041127
108037	0.002082566908
108038	0.0006013230334
108039	0.005402731507
108040	0.0008101163674
108041	0.002226616899
108042	0.003058778283
108043	0.002535748587
108044	0.002391571606
108045	0.0001663679172
108046	0.01000094516
108047	4.14384536e-05
108048	0.001167720756
108049	0.001199367286
108050	0.003618784248
108051	0.002378018068
108052	0.0003794013277
108053	0.0025131215
108054	0.002553380629
108055	0.0006260913413
108056	0.004137046747
108057	0.0004303671606
108058	0.006019920018
108059	0.001012203217
108060	0.0004369587124
108061	0.001670557003
108062	0.006535886153
108063	0.0004616952148
108064	0.0004077950349
108065	0.002161224716
108066	0.003797504411
108067	0.0007474718573
108068	0.0007995811401
108069	0.001297761921
108070	0.001885861932
108071	0.0002238589205
108072	0.004207973874
108073	0.001027823239
108074	0.0013553749
108075	0.001911338578
108076	0.002378563679
108077	0.0004368547964
108078	0.005262627204
108079	0.0003171247503
108080	0.001240717486
108081	0.004345658886
108082	0.002357374856
108083	0.0007571546054
108084	0.001755889051
108085	0.001270622228
108086	0.0001333072719
108087	0.001002917531
108088	0.001480093898
108089	0.005159875871
108090	0.002456284301
108091	0.00099989633
108092	0.002507816205
108093	0.00551296804
108094	0.001852937486
108095	0.004377197249
108096	0.002870860011
108097	0.005538123979
108098	0.00239138095
108099	0.001265615174
108100	0.0002696534567
108101	0.0002512105502
108102	0.0001182051606
108103	0.0003202324394
108104	5.427453207e-05
108105	0.0009477568323
108106	0.0009801653743
108107	0.007761530611
108108	0.001316065805
108109	0.0006295964234
108110	0.0004659740035
108111	0.001423523576
108112	0.006024832866
108113	8.957587091e-05
108114	0.0004818269521
108115	0.00201075396
108116	0.001856283388
108117	0.0006025735471
108118	0.004045947222
108119	0.003083679936
108120	0.001898582163
108121	0.001020595255
108122	0.001307875652
108123	0.001771469497
108124	0.002011440676
108125	0.008076868322
108126	0.002789737373
108127	0.004261415221
108128	0.0004839870221
108129	0.004866278491
108130	0.001720615843
108131	0.002549203819
108132	0.002768436159
108133	0.006723598053
108134	0.000281809095
108135	0.003579661132
108136	0.007215586908
108137	0.003203689658
108138	0.0005567857247
108139	0.001412446707
108140	0.002395512106
108141	0.0001115944072
108142	0.005032063467
108143	0.000298314162
108144	0.005475490687
108145	0.004639639147
108146	0.002921690117
108147	0.0004758178508
108148	0.002667458692
108149	0.002489843712
108150	0.0002862299841
108151	0.001349277617
108152	0.001005728683
108153	0.008206954759
108154	0.001663763026
108155	0.0005505394974
108156	0.005162627106
108157	0.0006371151981
108158	0.0005939920395
108159	0.01101146306
108160	0.0004215186627
108161	0.0002885931829
108162	1.665698764e-05
108163	0.0001116218998
108164	0.002467494499
108165	0.00511238555
108166	0.0003241441038
108167	0.002005299787
108168	0.0008087809801
108169	0.0005406700553
108170	0.005354558803
108171	0.004621470011
108172	0.003223325585
108173	0.0006390379529
108174	0.002254727646
108175	0.0005488741597
108176	0.001840266853
108177	0.003999559883
108178	0.004179174208
108179	0.004101822676
108180	0.0007434570974
108181	0.001309033827
108182	0.001020952075
108183	0.002226083417
108184	0.007540416092
108185	0.001289031499
108186	0.001901433011
108187	0.0047790384
108188	0.008413271263
108189	0.0009932085167
108190	0.001626520577
108191	0.00086042954
108192	0.004027508781
108193	0.005164657384
108194	0.003147253286
108195	0.001289191465
108196	0.003911793071
108197	0.00135284396
108198	0.001560740055
108199	0.0008411493984
108200	0.004539336402
108201	0.001927031197
108202	0.0001849291203
108203	0.002183832685
108204	0.003139297181
108205	0.002622238481
108206	0.0004933856307
108207	0.001479801782
108208	0.002536237124
108209	0.001497231322
108210	0.000750666966
108211	0.004417112409
108212	0.0006775909728
108213	0.001842221935
108214	0.004012028501
108215	0.008649637905
108216	0.001141806087
108217	0.0008072907091
108218	0.000628207531
108219	0.0005742798396
108220	0.000807889885
108221	0.0024532968
108222	0.000245300837
108223	0.002502521821
108224	0.00522914347
108225	0.00160112462
108226	0.001117570778
108227	8.47346409e-05
108228	0.002649531571
108229	0.002077189001
108230	0.004861910027
108231	0.001478084202
108232	0.001495072992
108233	0.004599166386
108234	0.003289044317
108235	0.003882418661
108236	0.006978523996
108237	0.002267729647
108238	0.0006469035076
108239	0.0009419576274
108240	0.0006433183088
108241	0.002892689699
108242	0.003899339158
108243	0.001094476423
108244	0.001467200292
108245	0.004773888708
108246	0.0009707570021
108247	0.001230612147
108248	0.0003655267276
108249	6.412900374e-05
108250	0.003670580565
108251	0.001067292085
108252	0.001993456474
108253	0.002346395207
108254	0.0004786187418
108255	0.004814224955
108256	0.002573125171
108257	0.00208897078
108258	0.001965060156
108259	0.001822826562
108260	0.003898555417
108261	0.002102317326
108262	0.004066458148
108263	0.002353096619
108264	0.003264378026
108265	0.001901516603
108266	0.000829810018
108267	0.001338007658
108268	0.0004327379654
108269	0.003480074829
108270	0.005774808692
108271	0.001220889767
108272	0.0009572243943
108273	0.0014214031
108274	0.0009170427032
108275	0.0008420522607
108276	0.0006013200889
108277	0.001483157229
108278	0.001719704807
108279	0.002654757213
108280	0.001433097463
108281	0.0006627294891
108282	0.0007235302627
108283	0.00482906082
108284	0.0005583756387
108285	0.005803066515
108286	0.005891074583
108287	0.00550119198
108288	0.002836276947
108289	0.00107403232
108290	0.0002299390618
108291	3.664638974e-05
108292	0.002923807699
108293	0.005268567513
108294	0.002851762338
108295	0.0001942485812
108296	0
108297	0.001352922137
108298	0.0004522279252
108299	0.002578907285
108300	0.0007031039272
108301	0.001301645719
108302	0.0005290451492
108303	0.001383331401
108304	0.007316141235
108305	0.002889196708
108306	0.0001625278083
108307	0.005367848393
108308	0.002436896694
108309	0.003747923189
108310	0.0001095767057
108311	0.001684058394
108312	0.0001396992158
108313	8.950731281e-05
108314	0.001456837689
108315	0.001104065229
108316	0.0002091225506
108317	7.096744032e-05
108318	0.001656402619
108319	0.004665395141
108320	0.003996333988
108321	0.0002905161116
108322	0.0002793524589
108323	0.005465789959
108324	0.005283989564
108325	0.00797684122
108326	0.0007121647853
108327	0.001549837792
108328	0.002558497061
108329	0.004083727111
108330	0.006761525602
108331	0.004553681523
108332	0.0009488139388
108333	0.003340078118
108334	0.0002095795447
108335	0.008585781109
108336	0.007336054917
108337	0.001605727065
108338	0.007787977005
108339	0.003606936522
108340	0.004538888303
108341	0.0021555141
108342	0.001301574195
108343	0.00220813246
108344	0.00015000151
108345	0.0006752785353
108346	0.0007039967462
108347	0.01004515331
108348	0.0004390913648
108349	0.003541433862
108350	0.002393208892
108351	5.535029642e-05
108352	0.0006054024481
108353	0.0006502802828
108354	0.0007810770597
108355	0.0004232244196
108356	0.00128788969
108357	0.0005196495786
108358	0.002345989026
108359	0.001167844394
108360	0.002533227446
108361	0.001850450028
108362	0.003488120451
108363	0.002586590887
108364	0.003733870929
108365	0.001637593734
108366	0.0006239493445
108367	0.0008064542675
108368	0.007523869572
108369	0.003157522858
108370	0.0014978268
108371	0.0001361627259
108372	0.0002907717216
108373	0.002241866899
108374	0.0003973469534
108375	0.0007925391933
108376	0.0003928278169
108377	0.001156509371
108378	0.0003419863803
108379	0.0003604060948
108380	0.003372496165
108381	0.008671784221
108382	0.001073465881
108383	0.00264254288
108384	0.00276543125
108385	0.002500995208
108386	0.0002441774566
108387	0.0005799493852
108388	0.005501425871
108389	0.0003548375018
108390	0.005666428135
108391	0.004254664751
108392	0.0005689695866
108393	0.002793371807
108394	0.004925880611
108395	0.003855063688
108396	0.00209282354
108397	0.0006850322132
108398	0.0005871425305
108399	0.0008543103692
108400	0.0002393805382
108401	0.001038965344
108402	0.003541083445
108403	0.0008611233797
108404	0.001596523202
108405	0.00338772789
108406	0.005599114008
108407	5.67829633e-05
108408	0.003157028617
108409	0.002235842309
108410	0.001363688994
108411	0
108412	0.002078796987
108413	0.002528664867
108414	0.003744447002
108415	0.003153819691
108416	0.0008342347861
108417	0.001266859484
108418	0.000636832624
108419	0.002137107452
108420	0.001340398585
108421	0.001843634405
108422	2.033524866e-05
108423	0.005754989164
108424	0.00130432968
108425	0.003951968816
108426	0.0020519177
108427	0.003063872876
108428	5.587957356e-05
108429	0.003686042359
108430	0.007036391489
108431	0.0001902842724
108432	0.0005816852124
108433	0.005576472658
108434	0.003839792103
108435	0.001792926134
108436	0.0006054296868
108437	0.0009308437854
108438	0.001190382014
108439	0.002299621855
108440	0.001818222357
108441	0.001580266215
108442	0.001991236579
108443	0.001972114806
108444	0.004356649025
108445	0.002206290484
108446	0.007573464659
108447	0.004093548767
108448	0.002826792016
108449	8.438384528e-05
108450	0.004337506638
108451	0.001146440105
108452	0.003338591777
108453	0.007654620293
108454	0.003961738733
108455	0.003059667389
108456	0.007893924533
108457	0.00720866969
108458	0.003281149794
108459	0.0003652191696
108460	0.001329625061
108461	0.001172948854
108462	0.002260584573
108463	0.006371461686
108464	0.005352567927
108465	0.0008596108071
108466	0.005472194995
108467	0.0004948871959
108468	0.00453191662
108469	0.001092283643
108470	0.004734965515
108471	0.008317260158
108472	0.000855741111
108473	0.004080663849
108474	0.0004154027986
108475	0.0005536381016
108476	0.007392560918
108477	0.0002654045924
108478	0.0002586604161
108479	0.003349096051
108480	0.002027849745
108481	0.005778012182
108482	0.002235962382
108483	0.001404492532
108484	0.0001068608303
108485	0.004173671789
108486	0.008578493582
108487	0.001930264245
108488	6.098086125e-05
108489	0.0006223094882
108490	0.002163890175
108491	0.004546753832
108492	0.001157173624
108493	0.002139797324
108494	0.000470647716
108495	0.000480430575
108496	0.001747519742
108497	0.001213577969
108498	0.006636946648
108499	0.0005901641557
108500	0.0002502621919
108501	0.001705549308
108502	0.001411397407
108503	0.001755418161
108504	0.002138170607
108505	0.003651642257
108506	0.004047780019
108507	0.003442955342
108508	0.004165012369
108509	0.002199426501
108510	0.004439485518
108511	0.004079046738
108512	0.0001588040008
108513	0.002583387609
108514	0.004326802799
108515	0.001020438286
108516	0.002413057107
108517	0.00115738312
108518	0.0008398871901
108519	9.233187779e-05
108520	0.0003903762811
108521	0.006010312673
108522	0.00180903337
108523	0.005936775508
108524	0.006466998595
108525	0.004105022268
108526	0.002188288407
108527	0.0009109793333
108528	0.00481704175
108529	0.0002025507531
108530	0.005285021897
108531	0.001086758976
108532	0.001509403125
108533	0.0009105942722
108534	0.003065481312
108535	6.157556732e-05
108536	0.001452189765
108537	0.003103009328
108538	0.001475379817
108539	9.076992069e-05
108540	8.722857657e-05
108541	0.001442782017
108542	0.0001876987358
108543	0.001048952535
108544	0.000480715341
108545	2.485545114e-05
108546	0.001049279132
108547	0.0001344122529
108548	0.0002063968071
108549	0.001602176027
108550	0.0006987282477
108551	0.002712365443
108552	0.0004777630851
108553	0.00229605702
108554	0.0004028735535
108555	8.288858164e-05
108556	0.001643305672
108557	0.001144191385
108558	0.0060058528
108559	0.0001006762507
108560	3.955536053e-05
108561	0.005530320888
108562	0.0006491187897
108563	0.008555862862
108564	0.000933934302
108565	0.00204119059
108566	0.0001951320745
108567	0.003139826387
108568	0.007900793252
108569	0.0009706619659
108570	1.819445508e-05
108571	0.001362059044
108572	0.00206253526
108573	0.0001140386591
108574	0.002050964689
108575	0.000674109527
108576	0.00106614435
108577	0.001199310904
108578	0.001878947602
108579	0.0006422127356
108580	0.001422273008
108581	0.003313099276
108582	0.002638182153
108583	0.0002245247511
108584	0.0003044189567
108585	0.001476274627
108586	0.0005691169287
108587	0.006284039718
108588	0.0001542930301
108589	0.002450170475
108590	0.0006771437495
108591	0.001927080483
108592	0.002703092148
108593	0.00422830528
108594	0.002421376209
108595	0.003487144896
108596	0.002779821368
108597	0.006803525157
108598	0.0001569672998
108599	0.003765452842
108600	0.002583949713
108601	0.006320042454
108602	0.006055290509
108603	0.0008213239545
108604	0.004246370872
108605	0.003208269167
108606	0.0006129413667
108607	0.0009980830277
108608	0.001463601957
108609	0.0001235890684
108610	0.003517790768
108611	0.002203664013
108612	0.001325694977
108613	0.001545997408
108614	0.0007734658491
108615	0.0001946466326
108616	0.007043390444
108617	0.003976192172
108618	0.004373183697
108619	0.002161670341
108620	0.006413694924
108621	0.0003206663628
108622	0.00146660443
108623	0.004205295178
108624	0.005278207991
108625	0.00242817555
108626	0.0004783987519
108627	0.002457236014
108628	0.00924222876
108629	0.000775078284
108630	0.004097487942
108631	0.00327119789
108632	0.003401681777
108633	0.001042388432
108634	0.0003500248342
108635	0.0001691998929
108636	0.0002159934636
108637	0.0009625451253
108638	0.002257713131
108639	0.0005134158155
108640	0.0001935509628
108641	0.002395918619
108642	0.004097775596
108643	0.002936551756
108644	3.98656339e-05
108645	0.00500960724
108646	0.0006142583585
108647	0.00558849264
108648	0.0002718109693
108649	0.001678416378
108650	2.912267255e-05
108651	0.008053623557
108652	0.002290691504
108653	0.0008185046779
108654	0.007944334061
108655	0.001132570467
108656	0.0003301083081
108657	0.008406707388
108658	0.001177754882
108659	0.003361479507
108660	0.0002856333502
108661	0.002933385798
108662	0.001153052286
108663	0.008952054755
108664	0.0001798624766
108665	0.004160839396
108666	0.0009633419134
108667	0.003472917797
108668	0.002602474127
108669	0.001443407847
108670	0.002398019671
108671	0.001622670633
108672	0.002162788654
108673	0.004124931427
108674	0.006144497909
108675	0.001684593796
108676	0.0006774670915
108677	0.001115026011
108678	0.001485652065
108679	0.001045014127
108680	0.002851599349
108681	0.0017387348
108682	0.0002349843813
108683	0.00107348181
108684	0.000978482855
108685	0.007760308033
108686	0.006391090165
108687	0.0004222518061
108688	0.0008211394729
108689	0.002518807721
108690	0.007636615711
108691	0.005880821866
108692	3.806770713e-05
108693	0.0002778399749
108694	0.001219807643
108695	0.002188286507
108696	0.0014161367
108697	0.00308690301
108698	0.0007787550636
108699	0.0006445122979
108700	0.0005987520098
108701	0.01137360938
108702	0.00198526334
108703	0.001167117044
108704	0.0002703343339
108705	0.003683334068
108706	0.006586333042
108707	0.001194451259
108708	0.000798429904
108709	0.003104101285
108710	0.00699526997
108711	0.003621420387
108712	0.0005355526093
108713	0.0008888076196
108714	0.01103659358
108715	0.001597307862
108716	0.002271420728
108717	0.0007478220841
108718	9.092929539e-05
108719	0.003825751245
108720	0.001020577291
108721	0.006418916817
108722	0.007083219954
108723	0.0009664055047
108724	0.004636949782
108725	0.008795569821
108726	0.0009044948496
108727	0.0003217916693
108728	0.003654126455
108729	0.003725730618
108730	0.01220756103
108731	0.000939335287
108732	0.001239069019
108733	0.008403572564
108734	0.007164330809
108735	0.001641242469
108736	0.0001682946085
108737	0
108738	0.003747286809
108739	0.00214943647
108740	0.005790648396
108741	0
108742	3.725122916e-05
108743	0.005916966692
108744	0.002740876737
108745	0.006141981056
108746	0.001195085201
108747	0.001587439951
108748	0.002536214789
108749	0.005360717813
108750	0.0001475616113
108751	0.0099874656
108752	0.002421969062
108753	0.001698203571
108754	0.001906533482
108755	0.002927960546
108756	0.00328497778
108757	0.001821567767
108758	0.0001192478825
108759	0.0005038542496
108760	0.002202553771
108761	0.00105032853
108762	0.0007219109526
108763	0.005314688843
108764	0.002885080534
108765	0.002491436196
108766	0.004361571643
108767	0.004808248417
108768	0.0008096844941
108769	0.00128835506
108770	0.0004016949487
108771	0.004719512763
108772	0.002388143337
108773	0.004728255342
108774	0.003060353796
108775	0.007411688023
108776	0.001573856882
108777	0.00483624465
108778	0.006531433247
108779	0.001830139918
108780	7.423053886e-05
108781	0.001235453696
108782	0.0002282775525
108783	0.0009049701762
108784	0.00200795692
108785	0.0003890201896
108786	0.007834444091
108787	0.0008718055782
108788	0.002598711935
108789	0.00371440788
108790	0.001482258041
108791	0.005675753479
108792	0.0007054334332
108793	0.001791305191
108794	0.003561091462
108795	0.0001198396012
108796	0.0006258399166
108797	0.000989884129
108798	0.001098987747
108799	0.002410393374
108800	0.001470841261
108801	0.002332527744
108802	0.004367866587
108803	0.007081661024
108804	0.005279512857
108805	0.0003671345208
108806	0.002167547269
108807	0.001473970507
108808	0.002860958743
108809	0.0002759112783
108810	0.004710786152
108811	0.003748475113
108812	5.458139856e-05
108813	0.001331275072
108814	0.0003989616947
108815	0.004262671341
108816	0.0007701333175
108817	0.0008000800827
108818	0.00154093505
108819	0.003785242732
108820	0.001867492211
108821	0.001104890266
108822	0.002800303882
108823	0.003030505062
108824	0.004689354535
108825	0.0002000927724
108826	0.0001949761257
108827	0.002927318719
108828	0.0004625195684
108829	0.002000892814
108830	0.004102338748
108831	0.002331929782
108832	0.003922766104
108833	0.003354986237
108834	0.001092837729
108835	0.0002433137838
108836	0.001982556901
108837	0.003305310133
108838	0.002709674684
108839	1.633171646e-05
108840	0.0002415323071
108841	0.001937736619
108842	0.007702589817
108843	0.006991621202
108844	0.003036131648
108845	0.002841719501
108846	0.0003771299735
108847	0.001237763051
108848	0.002688329771
108849	0.0011308595
108850	0.001190453873
108851	0.0004670174017
108852	0.002316846418
108853	0.001769668112
108854	0.002897582125
108855	0.002379219345
108856	0.001941923003
108857	0.001270235726
108858	0.0002080771041
108859	0.005543029905
108860	0.003138989911
108861	0.0005245396862
108862	0.002078343696
108863	0.001802481133
108864	0.000180370796
108865	0.0003890110112
108866	0.0004702947973
108867	0.001224593727
108868	0.0004514084994
108869	0.001240116082
108870	0.0003402271107
108871	0.002636910524
108872	0.003239310342
108873	0.002501435248
108874	0.001265575978
108875	0.001877878656
108876	0.0005146585211
108877	0.0007425475026
108878	0.001260225883
108879	0.003386631032
108880	2.670364301e-06
108881	0.001320680824
108882	0.0001536062014
108883	0.002179426373
108884	0.0008830029382
108885	0.0003469584747
108886	0.0003771348332
108887	0.0005737159994
108888	0.0006266840034
108889	0.004620743733
108890	0.0001894585012
108891	0.0002876200664
108892	0.002235120304
108893	0.0002896404388
108894	0.001514972364
108895	0.00388416291
108896	0.001288074686
108897	0.001340482465
108898	0.002558524548
108899	0.0004577437466
108900	0.0004603873761
108901	0.0005605492861
108902	0.0001006825202
108903	0.001010154092
108904	0.0006127610047
108905	0.004519249078
108906	0.0009667098917
108907	0.0007979024285
108908	0.00491967403
108909	0.001807843394
108910	0.001697885266
108911	0.00079782574
108912	0.000309994095
108913	0.002753811643
108914	0.0008234143894
108915	0.001645647662
108916	0.001268149346
108917	0.0007943368876
108918	0.0005894635255
108919	0.001499017833
108920	0.0009699950014
108921	0.0003961576675
108922	0.002982397901
108923	0.0007968656949
108924	0.001706559788
108925	0.003784808514
108926	0.0002955101397
108927	0.00563993867
108928	0.003790337977
108929	0.0009571142442
108930	0.0009033783926
108931	0.001146842877
108932	0.002980169089
108933	0.0004616300938
108934	0.003293160809
108935	0.002135026637
108936	0.0009715105259
108937	0.003948093824
108938	0.002474218609
108939	0.0006385619742
108940	0.002139078062
108941	0.003221511831
108942	0.0002212440159
108943	0.0001620388227
108944	0.002633911558
108945	0.002236976578
108946	0.002363491503
108947	0.004168692359
108948	0.001177889849
108949	0.002998524497
108950	0.003325182665
108951	0.002447103369
108952	0.0002674602799
108953	0.005743651793
108954	0.002560302444
108955	0.003046014225
108956	0.002771117046
108957	0.003582145615
108958	0.001522547238
108959	0.0003662326322
108960	0.001247339246
108961	0.0009523882484
108962	0.003630123287
108963	0.006926999829
108964	0.001306948334
108965	0.007463703631
108966	0.0007927145268
108967	0.0003198298878
108968	0.003865556117
108969	0.004638231207
108970	0.00386718032
108971	0.003115197543
108972	0.00288791859
108973	0.0004154016356
108974	2.740358295e-05
108975	0.00210029735
108976	0.002497854152
108977	0.001264892394
108978	0.0008247212736
108979	0.000354789982
108980	0.00211402986
108981	0.002298620987
108982	0.0002473338121
108983	0.001914188678
108984	0.001780799168
108985	0.003685393229
108986	0.000809144569
108987	0.0003975404528
108988	0.0003117357596
108989	0.002831135084
108990	0.002079184934
108991	0.001480032227
108992	4.645940988e-05
108993	0.001462192143
108994	0.0007723541323
108995	0.0001778814313
108996	0.002811610971
108997	0.004886584322
108998	0.001344833237
108999	0.001603656773
109000	0.002624498234
109001	1.036848547e-05
109002	0.00126899881
109003	0.0008391384111
109004	0.0005746368337
109005	0.002216454704
109006	0.001403606508
109007	0.004363665117
109008	0.001199965409
109009	0.0003724438739
109010	0.00267712952
109011	0.002541094815
109012	0.001381506119
109013	0.002188273267
109014	0.0006492120783
109015	0.003761824904
109016	0.001626477825
109017	0.000414790314
109018	0.002082455709
109019	0.0002281359047
109020	0.0001234145918
109021	0.0002878623488
109022	0.003496749268
109023	0.003374125582
109024	4.225195101e-05
109025	0.003868180131
109026	0.0045685105
109027	0.005139405727
109028	0.005200362241
109029	0.003634527888
109030	0.0004372573657
109031	0.004502952372
109032	0.002170973519
109033	0.003192022482
109034	0.001400774121
109035	0.001059095673
109036	0.003941618369
109037	0.001588117034
109038	0.002311871331
109039	0.003346371652
109040	0.004053590651
109041	0.001415074177
109042	0.001331576666
109043	0.0004660378597
109044	0.001201935633
109045	0.001247252932
109046	0.0003452592059
109047	0.0008809620502
109048	0.0003491988376
109049	0.002499940288
109050	0.001762388939
109051	0.001406161137
109052	0.002679912505
109053	0.001368047172
109054	0.002288084644
109055	0.005822366576
109056	0.004769508209
109057	0.0009891598859
109058	0.00418259735
109059	0.001266075216
109060	0.004429865445
109061	0.001437731294
109062	0.002669290761
109063	0.004667812297
109064	0.001259219833
109065	0.002421501371
109066	9.141867422e-05
109067	0.005492447656
109068	0.0002985812157
109069	0.001764625679
109070	0.00227443111
109071	0.004138406916
109072	0.003092472499
109073	0.006134107457
109074	0.002835025407
109075	0.0004366672919
109076	0.001195117385
109077	0.001125469065
109078	0.002428133299
109079	0.003967330671
109080	0.003579048205
109081	0.005037496532
109082	0.0007555796995
109083	0.0005652696215
109084	0.0001034005287
109085	0.00215712743
109086	0.00248319873
109087	0.000442087365
109088	0.00134069139
109089	0.003913192056
109090	0.001466729979
109091	0.00439314348
109092	0.002466233069
109093	0.0008186678609
109094	0.003307056643
109095	0.003550104112
109096	1.862069013e-05
109097	0.003339725096
109098	0.003175160235
109099	0.0001458180047
109100	0.0001632422255
109101	0.001653158187
109102	0.002043571285
109103	0.001205636228
109104	0.004909050085
109105	0.0001648087135
109106	0.001059283122
109107	0.0004416062961
109108	0.002994945173
109109	0.001687069609
109110	0.0009093941501
109111	0.00263679751
109112	0.002375214351
109113	0.0001238696971
109114	0.001236328876
109115	0.000302607846
109116	0.0002717998217
109117	0.001837947971
109118	0.001079515486
109119	0.00133333346
109120	0.008117815268
109121	0.002730315208
109122	0.001771338717
109123	0.0008235636916
109124	0.001776145682
109125	0.001443821222
109126	0.001504362248
109127	0.003995357305
109128	0.0004307571579
109129	0.0005776888456
109130	0.0009228675692
109131	0.0003086470712
109132	0.001402862369
109133	0.0003819989934
109134	0.003468004688
109135	0.002001000479
109136	0.0001633367066
109137	0.000371019726
109138	0.00326819271
109139	0.001231169192
109140	0.001279523261
109141	0.004052362378
109142	0.0005429479851
109143	0.005170771185
109144	0.001221774556
109145	0.009848781694
109146	0.001215606547
109147	0.002239003261
109148	0.006711466905
109149	0.0004852468589
109150	0.002174709182
109151	0.004372500916
109152	0.003020693932
109153	0.002658549531
109154	0.002939875855
109155	0.004146200409
109156	0.001848481603
109157	0.002227431476
109158	0.001107573403
109159	0.002935261731
109160	0.004362792706
109161	0.0008908831735
109162	0.0004385002532
109163	0.002017053656
109164	0.002048976665
109165	0.006830811013
109166	0.002033263392
109167	0.0025580678
109168	0.002121238843
109169	0.006856324731
109170	0.005048470928
109171	0.001572556469
109172	0.00364085528
109173	0.004708505521
109174	0.001612981759
109175	0.002747879758
109176	0.004313705894
109177	0.001963770448
109178	0.004470102024
109179	0.0005006275957
109180	0.00731357166
109181	0.000237489476
109182	0.0008608779568
109183	0.001265069367
109184	0.003548885483
109185	0.002013777005
109186	0.002366666357
109187	0.001257828755
109188	0.0008289053076
109189	0.006244381125
109190	0.001442175078
109191	0.002535476222
109192	0.001433846616
109193	0.0005118841788
109194	0.002142673023
109195	0.00166581405
109196	0.0008731592803
109197	0.00516825115
109198	0.0003336327133
109199	0.001543098947
109200	0.00354580923
109201	0.001086933759
109202	0.001398420268
109203	0.0003848648885
109204	0.001932442409
109205	0.0005178981826
109206	0.001164543352
109207	0.002183704258
109208	0.002995539001
109209	0.001715547143
109210	0.0007682672555
109211	7.558882918e-05
109212	0.0001464814596
109213	0.001813816144
109214	0.0008763726922
109215	0.0008324362751
109216	0.0004744176503
109217	0.002107581957
109218	2.087631398e-07
109219	0.0005472942158
109220	0.000236364182
109221	0.003359202738
109222	0.0004515779929
109223	0.001494539815
109224	0.0006012339
109225	0.0001870377763
109226	0.0001385225348
109227	0.000207890575
109228	0.004397928882
109229	9.70696588e-05
109230	0.006920600735
109231	0.001237979405
109232	0.003990210015
109233	0.0005606057562
109234	0.0001060949049
109235	0.006539319791
109236	0.001477141763
109237	0.00559469072
109238	0.001176979697
109239	0.003015817397
109240	0.0008119985512
109241	0.002194203092
109242	0.003141790642
109243	0.0008532483054
109244	0.005216693626
109245	0.004102929277
109246	0.00101815594
109247	0.0001269764706
109248	0.002492493095
109249	0.002936056828
109250	0.0004165759115
109251	0.001240989243
109252	0.00222662561
109253	0.004597952216
109254	0.002387106484
109255	0.001262172699
109256	0.0001469809097
109257	0.0004951470669
109258	0.000108904281
109259	0.001166247111
109260	0.002435420564
109261	0.002594797606
109262	0.000500855341
109263	0.00145528969
109264	0.001136013588
109265	0.004114578486
109266	0.0005215731458
109267	0.001396315266
109268	0.002886100363
109269	0.004518005698
109270	0.0002481780233
109271	0.003035213553
109272	0.0045714374
109273	0.00158740728
109274	0.002397500525
109275	0.005077732975
109276	0.0009447341958
109277	0.0004585301275
109278	0.0002456834723
109279	0.003346746038
109280	0.00183991104
109281	0.002800749263
109282	0.00226889865
109283	0.002596231336
109284	0.008901102311
109285	0.000247189613
109286	0.001556580509
109287	0.0005218744206
109288	0.0001784897223
109289	0.001166315649
109290	0.002664850831
109291	0.001476705967
109292	0.003079832267
109293	0.001225919761
109294	0.0002549585541
109295	3.110686883e-06
109296	0.0009614895462
109297	0.000223955653
109298	0.001147844731
109299	0.0004370688968
109300	0.002897096556
109301	0.002750430858
109302	0.003514559611
109303	0.000335774297
109304	0.0007209844987
109305	0.001442094459
109306	0.002230232591
109307	0.0004064343617
109308	0.0001808716923
109309	0.003477110134
109310	0.002350623853
109311	0.000674413969
109312	0.0009350882944
109313	0.0001538652573
109314	0.0003985673018
109315	0.001382888378
109316	0.004133341023
109317	0.0007900133631
109318	0.001320770094
109319	0.003163959309
109320	0.0007118495784
109321	0.003588774296
109322	0.00315617151
109323	0.002849750639
109324	0.00116926414
109325	0.0007691104489
109326	0.001721633973
109327	0.002166670992
109328	0.006513134276
109329	0.001901748615
109330	0.001105464246
109331	0.00207036596
109332	0.001992296926
109333	0.001352278824
109334	0.0008266618052
109335	0.0009563828237
109336	0.002837407132
109337	0.0006937225151
109338	0.0003667966286
109339	0.0002358512705
109340	0.001556145826
109341	0.003657755621
109342	0.002124265993
109343	0.001384197292
109344	0.0001335732143
109345	0.00391716956
109346	0.002346504017
109347	0.002312304976
109348	0.003571483259
109349	0.00377104265
109350	0.002884570991
109351	0.0006492323982
109352	0.002740318297
109353	0.003305362718
109354	0.0005488142498
109355	0.002190224165
109356	0.000992635692
109357	0.002895856183
109358	0.0005873548466
109359	0.000558523919
109360	0.002575565516
109361	0.001480709119
109362	0.001155588466
109363	0.003504442196
109364	0.0002255347368
109365	0.006207493346
109366	0.00436606786
109367	0.001267142339
109368	0.004152911662
109369	5.007522746e-05
109370	0.001718456482
109371	1.154465526e-05
109372	0.001440818359
109373	0.0002290638126
109374	0.0002328316675
109375	0.0004572552725
109376	0.0006269749166
109377	0.001143298769
109378	0.0007904477636
109379	0.002169867054
109380	0.00172561067
109381	0.001808142483
109382	0.002746855761
109383	0.002312014154
109384	0.00231760116
109385	0.0002991356401
109386	0.000311271296
109387	0.000496364757
109388	0.001941867713
109389	0.001758077662
109390	0.00941238324
109391	0.002470339229
109392	0.001282259815
109393	0.001876450797
109394	0.0004789924656
109395	0.0001127809881
109396	0.000172633265
109397	0.0003225732007
109398	0.0002900415696
109399	0.0009822231297
109400	0.00105300411
109401	0.0004350899353
109402	0.002703249182
109403	0.00225150335
109404	0.002142089888
109405	0.004335121091
109406	0.001484817758
109407	0.0002888911652
109408	0.001941460386
109409	0.001388297599
109410	0.002461288339
109411	0.0007769659141
109412	0.0004102311515
109413	0.0001010993024
109414	0.001012251111
109415	0.001130452757
109416	0.0003426824591
109417	0.0001268810644
109418	0.0003991506579
109419	0.0001546305162
109420	0.00182114043
109421	0.004063182409
109422	1.226259082e-05
109423	0.0001015800221
109424	0.003520294788
109425	0.004755374295
109426	0.001141050632
109427	0.007186975949
109428	0.0006174534979
109429	0.0001306102332
109430	0.0003947229324
109431	0.0009618402352
109432	0.001095314069
109433	0.003653977652
109434	0.00152511297
109435	0.0009676000602
109436	0.0002047667503
109437	0.0003470441519
109438	0.0006238896594
109439	0.002983352088
109440	0.003293691252
109441	0.003470135846
109442	0.0006390349254
109443	0.003803118864
109444	0.002718164697
109445	0.002386972885
109446	0.002510282161
109447	0.003130239428
109448	0.001460633486
109449	0.003315799158
109450	0.005754823292
109451	0.006273752079
109452	0.000721794883
109453	0.001416305834
109454	5.357222133e-05
109455	0.002183888865
109456	0.006908710747
109457	0.004102669453
109458	0.002257006903
109459	0.002443117983
109460	0.006713555781
109461	4.987018287e-05
109462	0.0006886365983
109463	0.005822661819
109464	0.001168185926
109465	0.0008767084055
109466	0.001519522701
109467	0.002914525362
109468	0.002427091009
109469	0.003719691161
109470	0.002769096115
109471	0.00386262092
109472	0.003389874595
109473	0.003435694533
109474	0.0008425070669
109475	0.0003069247909
109476	0.0006021443164
109477	0.004494426176
109478	0.00127173983
109479	0.00116187483
109480	0.001564483865
109481	4.146697395e-05
109482	0.003136063644
109483	0.0002190488312
109484	0.0009838664348
109485	0.0001711937054
109486	0.0003125847954
109487	0.0046925263
109488	0.00164975502
109489	0.005355162832
109490	0.000543787029
109491	0.002392037194
109492	2.148478905e-05
109493	0.005084269561
109494	0.0001313551731
109495	0.001744618141
109496	0.000122484307
109497	0.0005580213246
109498	0.002491037655
109499	0.002261338434
109500	0.0002279603209
109501	0.0009168419022
109502	0.0006549152271
109503	0.0001729133897
109504	0.003861058706
109505	0.003927127497
109506	0.005917658379
109507	0.001324001806
109508	0.001488496931
109509	0.0009721732769
109510	0.003303207963
109511	0.0008517047974
109512	0.001241188574
109513	0.001985389362
109514	0.002226007244
109515	0.0004547117693
109516	0.005683482596
109517	0.0001409503889
109518	0.002886470152
109519	0.001564566211
109520	0.0008714196544
109521	0.00299965574
109522	0.0002392433722
109523	0.001635557448
109524	0.001870492843
109525	0.002743087298
109526	0.004134209959
109527	0.002426890153
109528	0.003606077578
109529	0.002687792208
109530	0.002109468027
109531	0.00316225246
109532	0.0004367709487
109533	0.0009505087832
109534	0.004248488063
109535	0.002691055695
109536	0.0005104053121
109537	0.005397175936
109538	0.001860030437
109539	0.002887755099
109540	0.002001871241
109541	0.001982157745
109542	0.003942236322
109543	0.003477444886
109544	0.001493778683
109545	0.001921807079
109546	0.00211462015
109547	8.091965505e-05
109548	0.003625227232
109549	0.003195753979
109550	0.001146760029
109551	0.002758019606
109552	0.0006642758667
109553	0.002690126831
109554	0.001346422681
109555	0.001190828644
109556	0.0012520846
109557	0.003584126338
109558	0
109559	0.003795151886
109560	0.002321760384
109561	0.002680966838
109562	0.004241878415
109563	0.004233737054
109564	0.003814397357
109565	0.003886800328
109566	0.002377876294
109567	0.00175026171
109568	0.00226725798
109569	0.004783634896
109570	0.004618623131
109571	0.002086843912
109572	0.001672555934
109573	0.004175148677
109574	0.003455119882
109575	0.0007579196692
109576	0.002699028993
109577	0.0001848505811
109578	0.0003907478531
109579	0.003528725948
109580	0.003358585784
109581	0.0002780354854
109582	0.004408606467
109583	0.0007557727283
109584	0.0006728844071
109585	0.001488071274
109586	0.01047677726
109587	0.001878686865
109588	0.0004807848891
109589	0.001364099878
109590	0.004760581708
109591	0.0007353255708
109592	0.0008061104425
109593	0.007321246844
109594	0.001056298127
109595	0.00397532342
109596	0.01149888131
109597	0.0003826838775
109598	3.059976069e-05
109599	0.002045555328
109600	0.0005458623956
109601	0.002671497282
109602	0.001078592192
109603	0.005241979835
109604	0.006522095578
109605	0.002070141497
109606	0.001091708791
109607	0.004691802092
109608	0.002585517367
109609	0.002043830757
109610	0.005558102775
109611	0.005487391003
109612	0.002606082125
109613	0.00585667097
109614	0.000410122167
109615	0.002257387408
109616	0.001561860258
109617	0.000807866575
109618	0.0009431664908
109619	0.007315585935
109620	0.0009990973058
109621	0.001620850013
109622	0.003099351372
109623	0.006681585025
109624	0.002486051228
109625	0.0008352861946
109626	0.0004881337128
109627	0.004523331222
109628	0.001192065978
109629	0.00529867721
109630	0.001709066169
109631	0.001551398083
109632	0.004505044427
109633	0.001537826753
109634	0.001086255663
109635	0.001197728039
109636	0.0009853382481
109637	0.001796029196
109638	0.002220149197
109639	0.001754699477
109640	0.002018936325
109641	0.001419826967
109642	0.006430458955
109643	0.002376452607
109644	0.002679638742
109645	0.005153910961
109646	0.001526150995
109647	0.001979892216
109648	0.003730186486
109649	0.0043701872
109650	0.002635207854
109651	0.004609142336
109652	2.842766453e-05
109653	0.001589851358
109654	0.003400512744
109655	0.001524501528
109656	0.0001924781597
109657	0.0008308610099
109658	0.0001301090295
109659	0.001893055476
109660	0.002646925605
109661	0.000477084728
109662	0.0009764858746
109663	0.003177778596
109664	0.002999899971
109665	0.0006234664093
109666	0.001690115255
109667	0.000743756784
109668	0.001323583897
109669	0.006006989291
109670	0.000311165074
109671	0.001480917559
109672	0.002254483184
109673	0.003843878438
109674	0.0008640039601
109675	0.001036282937
109676	0.005213512584
109677	0.005246967495
109678	0.005633239966
109679	0.001147862548
109680	0.002377870438
109681	0.001570655192
109682	0.0004463710677
109683	0.001256528389
109684	0.00513386225
109685	0.000375518597
109686	0.0008579146254
109687	0.004405525567
109688	0.001248453838
109689	0.0001086987957
109690	0.001016352964
109691	0.0004906424814
109692	0.001203624216
109693	0.001583981899
109694	0.002217590954
109695	0.000988062468
109696	0.001113356136
109697	0.002138768843
109698	0.003735680591
109699	0.001497910749
109700	0.008665941825
109701	0.0001612590668
109702	0.006255975232
109703	0.003792140053
109704	0.006892803902
109705	0.005479461642
109706	0.0006415515998
109707	0.001248510586
109708	0.0007717040185
109709	0.001173256131
109710	0.0009828048465
109711	0.001268906329
109712	0.00386528703
109713	0.003092712545
109714	0.00213938843
109715	0.001284404115
109716	0.005186789406
109717	0.0003771985923
109718	0.001677142113
109719	0.0002827083367
109720	0.003327395626
109721	0.004007660234
109722	0.0004819627954
109723	0.003091571763
109724	0.0001003362244
109725	0.001958516918
109726	0.0005215984216
109727	0.002312783619
109728	2.374169041e-07
109729	0.001923763879
109730	0.0003429611843
109731	0.002946416869
109732	0.0002543834782
109733	0.0006199679489
109734	0.01082812526
109735	0.002059333212
109736	0.002297882053
109737	0.002699240559
109738	0.0001458977878
109739	0.000371564968
109740	0.002138806201
109741	0.0004204189067
109742	0.001495421603
109743	2.640239709e-07
109744	0.00067004538
109745	0.0005880894451
109746	0.0006427183951
109747	0.0006528121355
109748	0.0001304189647
109749	0.002470691196
109750	0.001746759585
109751	0.001049083209
109752	0.0008942331182
109753	0.001615770701
109754	0.003362330902
109755	0.0007583414684
109756	0.0013369624
109757	0.0005685931367
109758	0.0009277274181
109759	0.002432029613
109760	0.0004110199713
109761	0.0002759980191
109762	0.001278159382
109763	0.0006154366295
109764	0.0007614711015
109765	0.001736081882
109766	0.000239552874
109767	0.0006553921235
109768	0.002199116986
109769	0.002553755559
109770	0.004072309965
109771	0.002016484645
109772	0.0009499688029
109773	0.000730602692
109774	2.380158368e-05
109775	0.0002848713588
109776	0.002031766283
109777	0.0004618411706
109778	5.942324998e-05
109779	0.001041986125
109780	0.002007184243
109781	0.001721741643
109782	0.0007827471224
109783	0.000393357302
109784	0.0009534327855
109785	0.0005176944284
109786	0.0005978866196
109787	0.001527303654
109788	0.0003109442676
109789	0.0005108283652
109790	0.0002610337539
109791	0.0003138878037
109792	0.002258977978
109793	0.0008131584267
109794	0.002738113431
109795	0.002962265775
109796	0.002231225251
109797	0.001909960873
109798	0.0001739684702
109799	0.001546073599
109800	0.001144783171
109801	0.0005280056979
109802	0.0003510642295
109803	0.002558231269
109804	0.0005536328142
109805	0.0001369333082
109806	0.0008358221243
109807	0.001025114593
109808	0.001296937503
109809	0.0003558224183
109810	0.001115936032
109811	0.0001923305259
109812	0.001556281816
109813	0.004354683103
109814	0.001974075734
109815	0.003495290219
109816	4.089509542e-05
109817	0.005621857941
109818	0.00502448511
109819	0.0001971691453
109820	0.002215386383
109821	0.002678002933
109822	0.001002259156
109823	0.001082516093
109824	0.002962703111
109825	0.00203868087
109826	0.004250989342
109827	0.001474690282
109828	0.0005652385507
109829	0.002511065016
109830	0.0001736642832
109831	0.004044946541
109832	0.001901528207
109833	0.00106241388
109834	0.00235271175
109835	0.0007540632073
109836	0.002458638801
109837	0.00027051557
109838	0.002723609872
109839	0.0002289975431
109840	0.0003328212402
109841	0.002621145877
109842	0.000120003929
109843	0.002542451639
109844	0.001061143343
109845	1.69332237e-05
109846	0.002506273553
109847	0.002023071728
109848	0.00182709024
109849	0.0001277788492
109850	0.001527928718
109851	0.003490133293
109852	0.004848055507
109853	0.001326313971
109854	0.003114784674
109855	0.001791767094
109856	0.0004376331728
109857	0.0003299786339
109858	0.002548618814
109859	0.0007098957412
109860	0.0006622782972
109861	0.004804334206
109862	0.0002073355888
109863	0.0003980180832
109864	0.001729895671
109865	0.0002713969249
109866	8.68305372e-05
109867	0.0006913133592
109868	0.004500317135
109869	0.0003631961554
109870	0.003679809834
109871	0.001207481052
109872	0.005609701829
109873	0.007664856023
109874	0.001977120991
109875	0.007263881973
109876	0.00472189564
109877	0.003931442961
109878	0.0006432166889
109879	0.005481416889
109880	0.005708593726
109881	0.0002459191786
109882	0.003224695647
109883	0.0004685206002
109884	0.003728035928
109885	0.001343844363
109886	0.0006753639008
109887	0.0005680332486
109888	0.001161396492
109889	5.051882981e-05
109890	0.0002651176948
109891	0.0005938285143
109892	0.0004888619907
109893	0.0002540944618
109894	0.0001868261113
109895	0.004294634032
109896	9.349676175e-05
109897	0.0006954052686
109898	0.002209563961
109899	2.619297944e-05
109900	0.000860238538
109901	0.003624532101
109902	0.002092427687
109903	0.001725298496
109904	0.002525617537
109905	0.005340097779
109906	2.535869066e-05
109907	0.003421162449
109908	0.003109749171
109909	0.001057968492
109910	0.0006844927101
109911	4.356653917e-05
109912	0.0005830982689
109913	0.001579023706
109914	0.0002872393292
109915	0.009513685704
109916	0.002902138167
109917	0.001302091163
109918	0.0004903855562
109919	0.0004264083825
109920	0.002051407813
109921	0.001708841413
109922	0.004565186359
109923	0.003077387509
109924	0.004666091663
109925	0.004896140221
109926	0.00115527408
109927	0.006690869808
109928	0.001038807178
109929	0.004649955564
109930	0.001106359612
109931	0.0004145012882
109932	0.001427960801
109933	0.002014625166
109934	0.005936228747
109935	0.004844676795
109936	0.003491285533
109937	0.0003201790892
109938	0.001059685651
109939	0.003327910855
109940	0.001904360936
109941	4.701819046e-05
109942	0.0001005344911
109943	0.002486186026
109944	0.001976288175
109945	0.006497800058
109946	0.008092502543
109947	0.0003658602969
109948	0.002186553093
109949	0.001538772626
109950	0.00195569197
109951	0.000266842628
109952	0.003163228296
109953	0.004837185614
109954	0.003441365277
109955	0.0007882418231
109956	0.0025591544
109957	0.002879552123
109958	0.00156992069
109959	0.0004210154286
109960	0.0004349918211
109961	0.0003764916016
109962	2.063828926e-05
109963	0.007689381685
109964	0.001901863529
109965	0.006277734069
109966	0.007581240188
109967	0.00571819629
109968	0.000498451891
109969	0.00312086749
109970	0.002353553333
109971	0.00116798755
109972	0.0006253868501
109973	0.01191921371
109974	0.003419692689
109975	0.00216459243
109976	0.003304137344
109977	0.002229290092
109978	0.004218365043
109979	0.0009717088433
109980	0.0009249251938
109981	0.003065166264
109982	0.001412756488
109983	0.005234339161
109984	0.002091738356
109985	0.003298522699
109986	0.0005938403926
109987	0.0003863545934
109988	0.0001151415124
109989	0.002050249453
109990	0.002664774383
109991	0.0004254927542
109992	0.0001879545283
109993	0.0002156103852
109994	0.0003721949674
109995	0.00254208253
109996	0.0004255043004
109997	0.005048171353
109998	0.006839786539
109999	0.003123808485
110000	0.004169471887
110001	0.001247987473
110002	0.00153667222
110003	0.003025183422
110004	0.003728717017
110005	0.000781375365
110006	0.0001667600328
110007	0.002939148109
110008	0.003254185924
110009	0.001246109545
110010	0.001462338262
110011	0.006987133916
110012	0.001323083839
110013	0.001975269362
110014	0.00196660242
110015	0.0001378514036
110016	0.002711530722
110017	0.0008293596607
110018	0.002177680056
110019	0.0005118747768
110020	0.004154609547
110021	0.001600011376
110022	0.002818378742
110023	0.0005535631933
110024	0.0003205850656
110025	4.09818859e-05
110026	0.001567865002
110027	0.001422882058
110028	0.0009746351302
110029	0.0007034031445
110030	0.002164736007
110031	0.004136736369
110032	0.0008696780927
110033	0.003273851282
110034	0.002497473294
110035	0.003692668304
110036	0.004903335329
110037	0.005013373578
110038	0.004758042934
110039	0.003358569064
110040	0.002276966786
110041	0.001048497147
110042	0.001011466582
110043	0.0003557131658
110044	0.002859690883
110045	0.001892447358
110046	0.0007044590556
110047	0.00430200535
110048	9.841272344e-05
110049	0.00273752724
110050	0.001825137574
110051	0.002908260076
110052	0.0004343747437
110053	0.003489544292
110054	0.002255030963
110055	0.001114297993
110056	0.001067854834
110057	0.003042493709
110058	0.007345355919
110059	0.001014859944
110060	0.001588063419
110061	0.005089846555
110062	0.006560051724
110063	0.00418921247
110064	0.00309700225
110065	0.003300653747
110066	0.0008052092882
110067	0.001526191121
110068	0.001195646107
110069	0.0009477828801
110070	0.001359245464
110071	0.0006670253406
110072	0.0002185788807
110073	0.001182230551
110074	0.0009053398974
110075	0.002676979827
110076	0.004010304052
110077	0.001286360636
110078	0.002347120102
110079	0.0003193488007
110080	0.0007690094661
110081	0.0003422639013
110082	0.0008178674423
110083	0.004972910347
110084	0.001862279154
110085	0.0008680195132
110086	0.001300265323
110087	0.0006953956743
110088	0.002423604798
110089	0.001310534914
110090	0.005661060814
110091	0.0004037184886
110092	0.0006240685481
110093	0.006237979288
110094	0.001402588113
110095	0.006205566465
110096	0.002131145455
110097	0.0007325370024
110098	0.00177794313
110099	1.902805113e-05
110100	0.0005722118072
110101	0.0006408711749
110102	0.002432508822
110103	0.0004205696005
110104	0.001035365749
110105	0.0005788745934
110106	0.0006898819529
110107	0.004317988988
110108	0.001203958774
110109	0.0005624617338
110110	1.655210699e-05
110111	0.0004385711388
110112	0.00570745901
110113	0.003663899323
110114	0.0008184236632
110115	0.002771270519
110116	0.005477227292
110117	0.0006241428571
110118	0.0002424982626
110119	0.001801580065
110120	0.0004309842118
110121	0.00125446233
110122	0.004124483363
110123	0.0006098180855
110124	0.008455726238
110125	0.0002811948827
110126	0.0002523746949
110127	0.001319397783
110128	0.0009685450879
110129	0.002071384957
110130	0.000915626185
110131	0.002892654356
110132	6.560872829e-05
110133	0.003458054645
110134	0.0006486884844
110135	0.001502375011
110136	0.0006403993169
110137	0.0006323188913
110138	0.001267510555
110139	0.0009586108612
110140	0.0006006529229
110141	0.0003110448298
110142	0.002751221239
110143	0.004057873676
110144	8.504619306e-05
110145	0.002126073574
110146	0.001705608572
110147	0.0006771830664
110148	0.0001510653195
110149	0.004574597801
110150	0.001926605805
110151	0.0001859470634
110152	0.002136068476
110153	0.003011784571
110154	0.0002570866857
110155	0.0003381346217
110156	0.00409187152
110157	0.005492039546
110158	0.006016811705
110159	0.0005431775532
110160	0.001340010431
110161	0.002170315949
110162	0.003949344488
110163	0.0016374375
110164	0.0007971801439
110165	0.001013834708
110166	0.004230161957
110167	0.0007575101715
110168	0.0023308609
110169	0.0008776696964
110170	0.00299875487
110171	0.0001157620356
110172	0.0009517357042
110173	0.0002229627254
110174	0.001367198127
110175	0.002499312807
110176	0.0005782780249
110177	0.003899938044
110178	0.002516499037
110179	3.843516558e-05
110180	0.001148181066
110181	0.0008828556205
110182	0.001125677821
110183	0.00194016892
110184	0.004889934466
110185	0.007422749932
110186	0.0009472384108
110187	0.008604329309
110188	0.00206906553
110189	0.003154141752
110190	0.001891285123
110191	0.0009719489262
110192	0.001629590318
110193	0.001776083757
110194	0.001301631602
110195	0.004097795167
110196	0.002315071283
110197	0.002570949734
110198	0.001102230564
110199	0.001591547132
110200	0.001106588976
110201	0.002845645086
110202	0.001260212044
110203	0.001023910119
110204	0.002545247162
110205	0.001696084132
110206	0.001910025743
110207	0.0003476675765
110208	0.002698092121
110209	0.001835635077
110210	0.008167008981
110211	0.005671953305
110212	0.0003078017647
110213	0.001465323818
110214	0.00209837287
110215	0.001859128785
110216	0.006147070535
110217	0.001127087027
110218	0.0009424097333
110219	0.00212780478
110220	0.00169394883
110221	0.0005724086306
110222	0.0003530129397
110223	0.003164809077
110224	0.001902659859
110225	0.001422186518
110226	0.001061351393
110227	0.002654260157
110228	0.0003727389074
110229	0.0008376056155
110230	0.003620614087
110231	0.0006740011168
110232	0.003240051483
110233	0.00073088628
110234	0.000151687369
110235	0.001506057918
110236	0.001500146816
110237	0.002415527589
110238	0.005758208894
110239	5.59382933e-06
110240	0.002371125395
110241	0.000515651143
110242	0.004341437702
110243	0.002585176489
110244	0.003184419383
110245	0.001168994462
110246	0.0008805966826
110247	0.0009054235952
110248	0.001196152652
110249	0.004469010792
110250	0.0006645535379
110251	0.00294433235
110252	0.003080468716
110253	0.0001384637422
110254	0.003201068944
110255	0.001355103943
110256	0.0006347401358
110257	0.00279805272
110258	0.001237345802
110259	0.005712487498
110260	0.001620594986
110261	0.00169594942
110262	7.028897733e-05
110263	0.0007377826295
110264	0.0001858533501
110265	0.001670516395
110266	0.003596351968
110267	0.0001533176489
110268	0.0001804898643
110269	0.003767608415
110270	0.004699576644
110271	0.0005615524212
110272	0.005727797418
110273	0.00261606206
110274	0.0001483288949
110275	7.360182967e-05
110276	0.001687992533
110277	0.001965112848
110278	0.001204299663
110279	0.001167982846
110280	0.0009183444471
110281	0.001171406308
110282	0.002194803936
110283	0.001062417217
110284	0.003848189917
110285	0.001283901206
110286	1.082108644e-05
110287	0.002594468295
110288	0.003255450962
110289	0.002587984413
110290	0.001463621877
110291	0.0005684017896
110292	0.000691940746
110293	8.268337605e-05
110294	0.0006094454699
110295	0.002900593374
110296	0.0001956560207
110297	0.002048884911
110298	0.0005352341864
110299	0.003830975421
110300	0.003363265438
110301	0.004188555419
110302	0.004774705726
110303	0.002121869285
110304	7.03239103e-05
110305	0.002218203657
110306	0.001976876473
110307	2.737169867e-06
110308	0.001876858719
110309	0.0006889795615
110310	0.003575090017
110311	0.0002643055564
110312	0.0007159484355
110313	0.0003674205692
110314	0.008164820588
110315	0.004942702164
110316	0.005684725414
110317	0.0004529044386
110318	0.00264137118
110319	0.001202544007
110320	0.002769305237
110321	0.00575648866
110322	0.007442556119
110323	0.001815190815
110324	0.0007756871046
110325	0.0003974091214
110326	0.0005556009199
110327	0.001484666319
110328	0.00376162522
110329	0.003598252197
110330	0.002500085779
110331	0.001015684871
110332	0.003131475174
110333	0.0006527611154
110334	0.00708220733
110335	0.001506401803
110336	0.002782619173
110337	0.006479298253
110338	0.002001775559
110339	2.432318895e-06
110340	0.0008727409284
110341	0.0002221621751
110342	0.003906867029
110343	0.0001630726963
110344	0.008972925345
110345	0.001604387312
110346	9.968038771e-05
110347	0.00194503216
110348	0.0004386175769
110349	0.003774242249
110350	0.001368009621
110351	0.001530614569
110352	0.0003609155136
110353	0.001090667438
110354	0.0003124881464
110355	0.003308455846
110356	0.0002109546808
110357	0.0005176013539
110358	0.001654734613
110359	0.0006661757511
110360	0.0004201748064
110361	0.0003938121227
110362	0.002639141714
110363	0.001670260582
110364	0.0005117607806
110365	0.00190711744
110366	0.0005842431468
110367	0.003706206868
110368	0.0005687946264
110369	0.00195654878
110370	0.0001002731972
110371	0.0004908169057
110372	0.0003759713587
110373	0.004574516108
110374	0.0002655538466
110375	0.0004878886047
110376	0.001621949289
110377	0.002433771088
110378	0.00510064684
110379	0.0005924761269
110380	0.004272711812
110381	0.001132599949
110382	0.004886891169
110383	4.533990059e-06
110384	0.002882402463
110385	2.562203715e-05
110386	0.007968058027
110387	0.004300403733
110388	0.005103128567
110389	0.003495286129
110390	0.0003465529238
110391	9.367698856e-05
110392	0.0006651444759
110393	0.0001555038164
110394	0.0002878864178
110395	0.0002963499494
110396	0.001040765068
110397	0.001570440806
110398	0.002264554957
110399	0.006916074062
110400	0.0002459191786
110401	0.002206976343
110402	0.0005184981912
110403	0.000419615222
110404	0.001560027092
110405	0.002351439907
110406	0.004591183778
110407	0.0002644111787
110408	0.002431169572
110409	0.001022336837
110410	0.0002512431616
110411	0.005385132794
110412	0.003794768691
110413	0.0001377195273
110414	0.0005413858043
110415	0.0006419301276
110416	0.004309085353
110417	0.000639762368
110418	0.002575603407
110419	0.0001241211862
110420	0.0004095267008
110421	0.004387503838
110422	0.001339708744
110423	0.001241537927
110424	0.002548888238
110425	0.0004121059948
110426	0.0009281967257
110427	0.0001130799081
110428	0.001331784162
110429	0.001753674232
110430	0.0004695657917
110431	0.002080173223
110432	0.0001190668601
110433	0.001195306048
110434	0.002063747854
110435	0.002301447546
110436	0.0007963780953
110437	0.0002552584896
110438	0.002060352208
110439	0.001156987234
110440	0.004324526928
110441	0.001170899128
110442	0.001863426809
110443	0.0005020832985
110444	0.001177089446
110445	0.0123639162
110446	0.001146919162
110447	0.001314180433
110448	0.004422466367
110449	0.007038449499
110450	0.0003216517585
110451	0.004764273893
110452	0.001698757934
110453	0.003060248067
110454	0.0003332080361
110455	0.006135930651
110456	0.002642823972
110457	0.002381795354
110458	0.001275414347
110459	0.001054880834
110460	0.003436981404
110461	0.0006268822474
110462	0.002696734494
110463	0.003703126221
110464	0.001071733763
110465	0.0004784719549
110466	0.0002460994921
110467	2.757924812e-07
110468	0.001988560875
110469	0.003056280778
110470	0.00303754372
110471	0.0009271410403
110472	0.0001609482546
110473	0.0005740115219
110474	0.0002754781344
110475	0.005776105483
110476	0.008700148257
110477	0.00543412387
110478	0.007249439133
110479	0.0004911248498
110480	0.002798864009
110481	0.001295892984
110482	0.002546960947
110483	0.007075517035
110484	0.003521157402
110485	0.001638209289
110486	0.003891872358
110487	0.0004363695121
110488	0.0003231998982
110489	0.00325902475
110490	0.003966549019
110491	0.000366851571
110492	0.004474041982
110493	0.0009256531466
110494	0.002158398383
110495	0.0001836711178
110496	0.002305723879
110497	0.004282495879
110498	0.00264988686
110499	0.003100439671
110500	0.001226417268
110501	0.000345991564
110502	0.001082722335
110503	0.001860640334
110504	0.004777134142
110505	0.001134619342
110506	0.0003971268249
110507	0.005172884056
110508	0.003034808014
110509	0.001023248796
110510	0.00257566688
110511	0.002009514965
110512	0.0002775803355
110513	0.001619294359
110514	0.001417711358
110515	0.001345193952
110516	0.0007146152571
110517	0.002135902875
110518	0.001476438497
110519	0.005323596062
110520	0.0006065440104
110521	0.0009117726649
110522	0.0003299765503
110523	0.001894487142
110524	0.001646205767
110525	5.572616219e-05
110526	0.0008756414268
110527	0.001302262912
110528	0.003518105993
110529	0.004403434989
110530	0.0001708121937
110531	0.002088101541
110532	0.0007746291283
110533	0.0040598008
110534	0.001062371502
110535	0.000451427457
110536	0.00141122123
110537	0.002022386886
110538	0.001069606141
110539	0.00396726543
110540	0.001125635616
110541	0.001974987562
110542	0.001413285283
110543	0.003816022155
110544	0.004529995323
110545	3.991060026e-08
110546	7.441018132e-05
110547	0.003518366274
110548	0.0004845714537
110549	0.003149691252
110550	0.0004022739213
110551	0.001223799411
110552	0.001266702491
110553	0.001005089967
110554	0.001338303079
110555	0.002341936821
110556	0.0002680419586
110557	0.001731703506
110558	0.003678327745
110559	0.001389187827
110560	0.0001796160591
110561	0.001984872255
110562	0.001326958542
110563	0.008439601381
110564	0.003555843999
110565	0.0006855174785
110566	0.0006395629471
110567	0.0003400906353
110568	0.00539699363
110569	0.0009460110806
110570	0.00301274802
110571	0.001545696926
110572	0.002366138374
110573	0.0006542861053
110574	0.0002779218463
110575	0.003743417426
110576	0.002440375916
110577	0.001085206675
110578	0.0003038653259
110579	0.002068662112
110580	0.002584287057
110581	0.0007311049138
110582	0.001693893062
110583	0.001013617092
110584	0.005602494808
110585	0.0003373096157
110586	0.0003936719602
110587	0.003497146133
110588	0.004541276811
110589	0.002590801518
110590	0.0005572954623
110591	0
110592	0.0006529273847
110593	0.0005419632445
110594	0.003311806163
110595	0.002734837556
110596	0.004617479364
110597	0.001779589013
110598	0.003189093237
110599	0.0001160305864
110600	0.0006800949279
110601	0.004160488296
110602	0.001108872525
110603	0.0003495231798
110604	0.0006924212809
110605	0.000457085512
110606	0.0005552015224
110607	0.002029996296
110608	0.0006906510056
110609	0.000105150083
110610	0.001284041882
110611	0.0001655151794
110612	0.0006214997738
110613	0.003698964214
110614	0.001571047904
110615	0.006954101785
110616	0.00155386943
110617	0.0004497719094
110618	0.0001958709322
110619	0.004688284402
110620	0.0005657061543
110621	0.0006455293201
110622	0.0003143507516
110623	0.005246078231
110624	0.001443767362
110625	0.0005001678048
110626	0.005348308822
110627	0.0007100961275
110628	0.002275248546
110629	0.0004006958578
110630	0.0008706984311
110631	0.001704982813
110632	0.004028278205
110633	0.003339475133
110634	0.005274596025
110635	0.004488886793
110636	0.004206810445
110637	0.005538845049
110638	0.0001831736709
110639	0.001374767618
110640	0.001561065268
110641	0.002929597377
110642	0.0002230900758
110643	0.001823458281
110644	0.002689826523
110645	0.0005342026536
110646	0.001522160417
110647	0.001783521178
110648	0.003393465585
110649	0.001296226863
110650	0.002118067423
110651	0.001797548266
110652	0.004743531281
110653	0.001605007616
110654	0.0006259364567
110655	0.004457249017
110656	6.504461859e-05
110657	0.004396960386
110658	0.003249525818
110659	0.002276930693
110660	0.001390304745
110661	0.001790742603
110662	0.002147606879
110663	0.002034040593
110664	0.0002600319458
110665	0.003980107146
110666	0.0005345778175
110667	0.003189548646
110668	0.0003861872983
110669	0.007803348496
110670	0.001940308281
110671	0.00102714905
110672	0.004111289235
110673	0.001662366192
110674	0.001617938819
110675	0.01067806226
110676	0.002280274898
110677	0.001582690346
110678	0.003486613092
110679	0.005194717802
110680	0.001266551999
110681	0.001237533643
110682	0.0003005396677
110683	0.0004763221286
110684	0.000732451783
110685	0.002727037327
110686	0.002337474704
110687	0.001334668135
110688	0.005338957182
110689	0.001840585353
110690	0.001185152258
110691	0.003657416123
110692	0.002507270666
110693	0.001138211665
110694	0.003517825564
110695	0.001817960781
110696	0.00116286909
110697	0.001838522481
110698	1.572087838e-05
110699	0.003523448944
110700	0.000986996495
110701	0.003389835772
110702	0.0008552763488
110703	0.001736138375
110704	0.0006999215559
110705	0.004681990955
110706	0.002504365298
110707	0.002163171223
110708	0.003481281047
110709	0.0003799549177
110710	0.00358721365
110711	0.0001956879857
110712	0.001484733449
110713	0.002688668792
110714	0.001693729348
110715	0.003581774906
110716	0.002661716031
110717	0.0005176518546
110718	0.00623096982
110719	0.002807735039
110720	0.002188185089
110721	0.001263758902
110722	2.099692187e-06
110723	0.004679669125
110724	0.001395980351
110725	0.004205597199
110726	0.001381316784
110727	0.0005244825934
110728	0.0009390593302
110729	2.763041556e-08
110730	0.0005883350446
110731	0.0001186144095
110732	4.686618943e-05
110733	4.976064545e-05
110734	0.0006836322823
110735	0.003953242702
110736	0.001782767473
110737	0.001881837317
110738	0.0003968416482
110739	0.0003405458575
110740	0.000203935198
110741	0.0007935188463
110742	0.0009751268395
110743	0.002370292261
110744	0.001932722381
110745	0.00125100915
110746	0.0001083394568
110747	0.0003026193063
110748	0.005456940744
110749	0.00135035942
110750	0.0007516593706
110751	0.005218867172
110752	0.001750372526
110753	0.006893168071
110754	0.001961746703
110755	0.0005865343628
110756	0.0006563018128
110757	0.002126000609
110758	0.001250643708
110759	0.006596258914
110760	0.004086755618
110761	0.0007042511587
110762	0.0002498931835
110763	0.002154127823
110764	0.0009327316227
110765	0.0004183657427
110766	0.0003098412235
110767	0.001656951747
110768	0.0001296125257
110769	0.001479373675
110770	0.001494083379
110771	0.0008494416324
110772	0.002418125893
110773	0.001763022262
110774	0.002767568448
110775	0.0009118317464
110776	0.00426420665
110777	0.0004037911514
110778	0.000757554422
110779	3.650576223e-05
110780	0.0007891893343
110781	0.0008460263176
110782	0.00129954123
110783	0.00341655206
110784	0.002401405263
110785	0.001878045761
110786	0.002726176204
110787	0.002972822225
110788	0.0001548710223
110789	0.0008119724169
110790	0.0001610529783
110791	0.00324458572
110792	0.004263022169
110793	0.002900543923
110794	0.0016813834
110795	0.0007364149947
110796	0.001112195986
110797	0.006986058424
110798	0.0010156141
110799	0.00349983321
110800	0.004644192741
110801	0.001123196616
110802	0.002544335327
110803	0.002577925436
110804	0.001867114386
110805	0.0005110323171
110806	0.0002416720741
110807	0.002038487383
110808	0.002257989872
110809	0.0002075269738
110810	0.0007495031481
110811	0.003185578578
110812	0.00338341136
110813	0.001289089081
110814	0.003987488749
110815	0.0005427301549
110816	0.000157128552
110817	0.002462492048
110818	0.00272818341
110819	0.002358090915
110820	0.000100093386
110821	0.003053372556
110822	0.00101521448
110823	0.001835691594
110824	0.001234333734
110825	0.003262719983
110826	0.0003485550526
110827	0.003199927375
110828	0.005192783798
110829	0.00263760712
110830	0.002369808855
110831	0.001276036969
110832	0.002246863693
110833	0.00156621223
110834	0.0002087289768
110835	0.0009554744622
110836	0.0002492705788
110837	0.0008956070575
110838	0.002085205982
110839	0.0007216282203
110840	0.003561617276
110841	0.002953608611
110842	0.001558101334
110843	0.001591565551
110844	0.003846447865
110845	8.459033604e-05
110846	0.002084956563
110847	0.004803861224
110848	0.0008767398943
110849	0.004348560385
110850	0.001944209514
110851	0.0006053182617
110852	0.00353966442
110853	0.001860331547
110854	0.0002852916494
110855	0.002510009521
110856	0.0002208277616
110857	0.0003972719016
110858	0.0001924179482
110859	0.0009979756899
110860	0.002859943348
110861	0.001655272976
110862	0.0005533263421
110863	0.001047273531
110864	9.431960727e-05
110865	0.001659754876
110866	0.0004560830812
110867	0.00577464898
110868	0.0003277240192
110869	0.006754918295
110870	0.00102442785
110871	0.003018491002
110872	0.0003034637588
110873	0.00120032157
110874	0.007250517921
110875	0.003439605976
110876	0.0005129463034
110877	0.0002431436587
110878	0.004740908649
110879	0.003711261039
110880	0.001202006859
110881	9.65179623e-05
110882	0.001672831048
110883	0.001996235645
110884	0.0001335529871
110885	0.005647806172
110886	0.0001398296438
110887	0.000137255335
110888	0.002221244325
110889	0.003323909458
110890	0.001368396036
110891	0.001248523665
110892	0.0007328351465
110893	0.003722136469
110894	0.0002705089247
110895	0.008411186403
110896	0.0003922130383
110897	0.002013287997
110898	0.0008068990727
110899	0.00275154515
110900	0.0003122220254
110901	0.002404469969
110902	0.004065265016
110903	0.002090064082
110904	0.001364183353
110905	0.001508848428
110906	0.002924929567
110907	0.001521360162
110908	0.0003192629343
110909	0.00210524023
110910	0.002682505547
110911	0.001708064352
110912	0.0005459564978
110913	0.001894944058
110914	0.00376229136
110915	0.001271855004
110916	0.0005699913599
110917	0.00115809717
110918	0.0001035934664
110919	0.0008605868191
110920	0.003326620905
110921	0.0007622254493
110922	0.001249609395
110923	0.002183782426
110924	0.003410404951
110925	0.0001790482271
110926	0.001629508424
110927	0.002150478427
110928	0.0008768066948
110929	0.0002029635455
110930	0.0009305209832
110931	0.002596959153
110932	0.001251167696
110933	0.001223398641
110934	0.0002141136469
110935	0.00324746789
110936	0.001633719219
110937	0.005210748596
110938	0.0002098804724
110939	0.001017812601
110940	0.002007151288
110941	0.0005105814371
110942	0.0009354076331
110943	0.002747121099
110944	0.002788276553
110945	0.0009200232949
110946	0.0024193416
110947	0.003823088576
110948	0.000741742714
110949	0.006516938252
110950	0.003059854204
110951	8.262428067e-05
110952	0.0007344904237
110953	4.341479399e-05
110954	0.003823134623
110955	0.001879066825
110956	0.004582887333
110957	0.002857854977
110958	0.00305576868
110959	0.0007428708206
110960	0.001852872401
110961	0.002926383449
110962	0.002048192541
110963	0.001305834329
110964	0.0005271663382
110965	0.001891146592
110966	0.0005108876364
110967	0.001170544992
110968	0.0005179880487
110969	0.003444703513
110970	0.0006416623359
110971	0.0037017099
110972	0.000654913585
110973	0.0003295540368
110974	0.004578756226
110975	0.005908081453
110976	0.0003783995457
110977	0.003910952329
110978	0.003334318354
110979	0.0002546221889
110980	0.0005941420839
110981	0.00134141413
110982	0.0002608571793
110983	0.001644977946
110984	0.005122441095
110985	0.002529695094
110986	0.001487688889
110987	0.0008142113991
110988	0.0001595848947
110989	0.001685435072
110990	0.0004289624463
110991	0.00463692423
110992	0.004116811244
110993	0.0009689232792
110994	0.001763849105
110995	0.002342613788
110996	0.0026830042
110997	0.001979006661
110998	0.0004214535486
110999	0.003084156663
111000	0.0002307511357
111001	0.001596693056
111002	0.0005349998808
111003	0.0005677205576
111004	0.002608915031
111005	0.003731172241
111006	0.0008040213228
111007	0.00011401716
111008	0.0002654039778
111009	0.001645559679
111010	0.002243885766
111011	0.0008163361119
111012	0.0005434041711
111013	0.0005570829766
111014	0.0001601536831
111015	0.00745964454
111016	0.0002636681565
111017	0.0001316610586
111018	0.001070525626
111019	0.000556845559
111020	0.001855649479
111021	9.655665983e-05
111022	0.002252163298
111023	0.001844903021
111024	1.936770829e-05
111025	0.0009190989688
111026	0.001781555765
111027	0.0003695841113
111028	0.004471709233
111029	0.003223709554
111030	2.768910325e-05
111031	0.005290372636
111032	0.0005560325436
111033	0.0007735113024
111034	0.002589569772
111035	9.460309777e-06
111036	0.003473811781
111037	0.0003837624757
111038	0.002473505554
111039	0.0002150245443
111040	0.003285693431
111041	0.003438317402
111042	0.0005601534308
111043	0.002051394018
111044	0.006261123301
111045	0.002262284006
111046	0.003847568743
111047	0.002746622282
111048	0.001245190731
111049	0.002910727871
111050	0.003599239893
111051	0.0005844322371
111052	0.0008460416767
111053	0.000418083998
111054	0.001994252343
111055	0.004811009984
111056	0.0002365335846
111057	0.0006522441789
111058	0.003260446937
111059	0.001294321764
111060	0.002018267847
111061	0.0002033603218
111062	0.00193183281
111063	0.002135730892
111064	0.001507282365
111065	0.001120584537
111066	0.002167777852
111067	0.00572993534
111068	0.004422184037
111069	0.002940775326
111070	0.0009154450195
111071	0.001061949202
111072	0.000818870239
111073	0.002252207308
111074	0.0007043094357
111075	0.0002711920446
111076	0.004147690009
111077	0.002007036686
111078	2.974967394e-05
111079	0.003682745228
111080	0.001810480095
111081	0.0009575915496
111082	0.002451400873
111083	0.002789584884
111084	0.0001306017953
111085	0.0007658895274
111086	0.002771190497
111087	0.002319837576
111088	0.0008721438306
111089	0.001807854642
111090	0.003515960572
111091	0.002768592911
111092	0.0002679614578
111093	0.0007732684836
111094	0.003927569737
111095	0.00274979524
111096	0.0006706168477
111097	5.436883349e-05
111098	0.0001073438712
111099	0.006351978021
111100	0.001450489338
111101	0.0009579027633
111102	0.000212307503
111103	0.002116664112
111104	0.002367170928
111105	0.001540968007
111106	0.002441508079
111107	0.0008771695093
111108	0.002071578176
111109	0.004068548522
111110	0.0008867690345
111111	9.60749887e-05
111112	0.001915395958
111113	0.003029083792
111114	0.002266847751
111115	0.0004954423891
111116	0.001646762223
111117	0.001056573755
111118	0.002405012894
111119	0.002059891486
111120	0.004116544731
111121	0.002889094566
111122	0.003167685405
111123	0.003804987178
111124	0.001588193747
111125	0.002571382364
111126	0.003727884547
111127	0.004937396792
111128	0.006226538963
111129	0.001020454252
111130	0.003524481513
111131	0.0007424783875
111132	0.00206203242
111133	0.002763028022
111134	0.001455103465
111135	0.003327298819
111136	0.002076251016
111137	0.001685364817
111138	0.0003982203164
111139	0.0006336146321
111140	0.0004373415735
111141	0.00667781427
111142	0.00185203535
111143	0.003422353335
111144	0.000661514893
111145	0.0009589823757
111146	0.0009974749584
111147	0.00292352926
111148	0.003587967104
111149	0.0005371738954
111150	0.001729949575
111151	0.0004982873287
111152	0.001068129758
111153	0.0008448081689
111154	0.004204432408
111155	0.001184125113
111156	0.003211361603
111157	0.0002152240963
111158	0.0008310346574
111159	0.001971171583
111160	0.002857077307
111161	0.0004724501703
111162	0.0002275880576
111163	0.00014761421
111164	0.001282751026
111165	0.001098120113
111166	0.001774049816
111167	0.0004764242781
111168	0.001922123286
111169	0.003004244483
111170	0.001633641536
111171	0.001633880893
111172	0.00323689119
111173	0.001643884352
111174	0.00104569185
111175	8.188696794e-05
111176	0.0004197768838
111177	0.002373811903
111178	0.0004437252511
111179	7.646764332e-05
111180	0.001593711777
111181	0.003451407882
111182	0.0002716844304
111183	0.003459577297
111184	0.0001467115375
111185	0.001951406997
111186	0.001403910717
111187	0.003406885165
111188	7.110168386e-05
111189	0.000752254119
111190	0.0006236643742
111191	0.002450220244
111192	0.004564288901
111193	0.0008650541357
111194	9.156550102e-05
111195	0.001332944945
111196	0.001648065756
111197	0.001262813915
111198	0.004749141918
111199	0.002606868161
111200	0.00294348506
111201	0.0001568252089
111202	0.003742777455
111203	0.0003134291558
111204	0.0001295578299
111205	0.0004175147214
111206	0.001912535717
111207	2.442724288e-05
111208	0.002593728643
111209	0.0004613227778
111210	0.0004697682807
111211	0.001388994796
111212	0.001239539983
111213	0.005468730838
111214	0.0006574601173
111215	0.001866094211
111216	0.003334433373
111217	0.001760748874
111218	0.004775736205
111219	0.004835087666
111220	0.001961387856
111221	0.001919871082
111222	0.00099585245
111223	0.001131531018
111224	0.0001908748441
111225	0.003696773107
111226	0.004880591199
111227	0.0009491247151
111228	0.002104885719
111229	0.005643486173
111230	0.001595095555
111231	0.001247376468
111232	0.001937580671
111233	0.0003910165422
111234	0.002155258485
111235	0.004790673803
111236	0.00125813332
111237	0.002348191196
111238	0.0007181212005
111239	0.001327476546
111240	0.005729739948
111241	0.0007397570549
111242	0.003361487221
111243	0.001512946747
111244	0.0009691822523
111245	0.001344086974
111246	0.001535277311
111247	3.070046205e-09
111248	0.001953089431
111249	0.004210926006
111250	0.0003115826672
111251	0.002903461117
111252	0.002848084242
111253	0.001018248856
111254	0.0001211484624
111255	6.172294843e-05
111256	0.003876918247
111257	0.0001952428865
111258	0.002117832837
111259	0.0008453264841
111260	0.007355061689
111261	0.004196846832
111262	0.003064003257
111263	0.0007692636604
111264	0.0004533354899
111265	0.0003225045083
111266	0.002366880835
111267	0.004067480329
111268	0.001638069712
111269	0.002093254622
111270	0.0005545081884
111271	0.0006992582837
111272	0.004065437481
111273	0.0004497226919
111274	3.321073904e-05
111275	0.001260388514
111276	0.0009475305914
111277	0.00180047866
111278	0.0001394246971
111279	0.001917164497
111280	0.0001693747738
111281	8.68904011e-05
111282	0.003781455374
111283	0.001397940881
111284	0.003426259825
111285	0.002802907339
111286	0.002755703823
111287	0.0006760933453
111288	0.002764568935
111289	0.00128432514
111290	0.0003024592945
111291	0.000920729019
111292	0.00490232774
111293	0.002005978649
111294	8.943432746e-05
111295	0.001103586823
111296	0.001086860574
111297	0.006332025337
111298	0.002155473635
111299	0.000214544037
111300	0.00160068708
111301	0.002382483576
111302	0.0007494082773
111303	0.001816478434
111304	0.0007851407194
111305	0.007600657996
111306	0.00276739763
111307	0.002530597597
111308	0.002087498442
111309	0.008304531919
111310	0.007749032662
111311	0.005182837604
111312	0.002745788072
111313	0.004941115834
111314	0.01080974316
111315	0.0007377227438
111316	0.002255870965
111317	0.009458512481
111318	0.005040390651
111319	0.007534503651
111320	0.01218039966
111321	0.007801717824
111322	0.009532353001
111323	0.008767169025
111324	0.005053126811
111325	0.008466969725
111326	0.00855393613
111327	0.007051652414
111328	0.008898369241
111329	0.007111919484
111330	0.002641121155
111331	0.007764566317
111332	0.009146630473
111333	0.01061196096
111334	0.005386994896
111335	0.01142186978
111336	0.005722501223
111337	0.006805824514
111338	0.009382779441
111339	0.00843209099
111340	0.006538298505
111341	0.003207422631
111342	0.00304919246
111343	0.01066524683
111344	0.0001696709479
111345	0.01099708673
111346	0.004133594671
111347	0.01220908665
111348	0.001198596372
111349	0.002132870185
111350	0.003370531219
111351	0.01012362808
111352	0.007374256667
111353	0.009963290254
111354	0.008757834467
111355	0.005479379616
111356	1.894643953e-06
111357	0.008363144447
111358	0.01078201236
111359	0.000687210081
111360	0.007830615308
111361	0.007481095001
111362	0.0119418094
111363	0.01175434353
111364	0.006013570631
111365	0.0164780521
111366	0.003621173988
111367	0.007433366221
111368	0.001838078179
111369	0.01070758955
111370	0.01076306024
111371	0.001848923713
111372	0.001514534829
111373	0.003351261691
111374	0.006455163285
111375	0.006101140839
111376	0.005764607445
111377	0.0004746128778
111378	0.008886986492
111379	0.004651401999
111380	0.0004118978173
111381	0.009257639131
111382	0.007470280071
111383	0.01060686472
111384	0.004854427256
111385	0.0109581949
111386	0.01361493426
111387	0.008382925125
111388	0.005024550741
111389	0.01185678383
111390	0.00795706589
111391	0.004460567334
111392	0.01203860389
111393	0.003336175144
111394	0.003320438527
111395	0.005907660266
111396	0.0009593721812
111397	0.003921148789
111398	0.01282646768
111399	0.001133600284
111400	0.01185620631
111401	0.01191457326
111402	0.0004903021919
111403	0.006945182087
111404	0.008995476844
111405	0.01408590498
111406	0.006242328441
111407	0.009885683559
111408	0.007084339225
111409	0.003415519702
111410	0.006994827815
111411	0.01306179669
111412	0.00559576103
111413	0.008260978483
111414	0.006404245378
111415	0.007825313789
111416	0.005200490377
111417	0.01275113888
111418	0.005000562126
111419	0.005579191122
111420	0.01234743501
111421	0.008971366981
111422	0.009688719169
111423	0.003538654561
111424	0.01305293406
111425	0.005759952928
111426	0.009195249628
111427	0.0003585502167
111428	0.0001359495639
111429	0.007014242439
111430	0.007606646568
111431	0.007295368076
111432	0.01044599211
111433	0.005938972432
111434	0.004817869568
111435	0.007074472576
111436	0.01182766098
111437	0.001101492446
111438	0.007076388033
111439	0.005115089345
111440	0.01115684175
111441	0.001234823815
111442	0.006635248736
111443	0.0007710316064
111444	0.002574688344
111445	0.00329404502
111446	0.01280685283
111447	0.01001432345
111448	0.003241467134
111449	0.008886485326
111450	0.005534667487
111451	0.001816932775
111452	0.009069082258
111453	0.006274083672
111454	0.008421109083
111455	0.007422314706
111456	0.008313743629
111457	0.01093625878
111458	0.0008384175929
111459	0.001905311087
111460	0.000508745526
111461	0.01412225605
111462	0.0009365311936
111463	0.008215984382
111464	0.009915243683
111465	0.005324081038
111466	0.009305600795
111467	0.009552072948
111468	0.01303772748
111469	0.005828959931
111470	0.0003345788624
111471	0.01276110566
111472	0.007671480433
111473	0.006090463287
111474	0.00596171326
111475	0.003857069236
111476	0.001691089658
111477	0.007159138865
111478	0.0109796532
111479	0.009084515157
111480	0.004409228261
111481	0.005433967067
111482	0.004270574152
111483	0.005420079408
111484	0.01063955435
111485	0.009321805385
111486	0.005093683918
111487	0.0009951711382
111488	0.01056007335
111489	0.000205585477
111490	0.007003128389
111491	0.00817362976
111492	0.0134419852
111493	0.01241379779
111494	0.01126458705
111495	0.01214529017
111496	0.0003436370185
111497	0.005260228338
111498	0.009843995954
111499	0.001104729065
111500	0.003821253968
111501	0.002951186539
111502	0.006702293008
111503	0.008055118861
111504	0.006444892186
111505	0.00729079342
111506	0.005986512332
111507	0.007689831353
111508	0.008471472936
111509	0.01361991583
111510	0.00919459517
111511	0.003119629364
111512	0.009976757331
111513	0.002058622921
111514	0.003690673623
111515	0.004367519705
111516	0.0007880760774
111517	0.0008073617265
111518	0.002055079092
111519	0.01142092294
111520	0.008910933249
111521	0.009775063305
111522	0.004417401474
111523	0.01196525999
111524	0.0006471091934
111525	0.00216150669
111526	0.007553757086
111527	0.004005603733
111528	0.00432273313
111529	0.004748064927
111530	0.007434497153
111531	0.002827551427
111532	0.006545996656
111533	0.000269409224
111534	0.006029978331
111535	0.005691171026
111536	0.009638541372
111537	0.000750457066
111538	0.009432902914
111539	0.002807476615
111540	0.01232851782
111541	0.002325440592
111542	0.001333078522
111543	0.004740995215
111544	0.001235986439
111545	0.00948699156
111546	0.006731419428
111547	0.003959560294
111548	0.006918126904
111549	0.01212205297
111550	0.01338071688
111551	0.007357506795
111552	0.001187890055
111553	0.00781408974
111554	0.006757466497
111555	4.02932601e-05
111556	0.003970362103
111557	0.009206759754
111558	0.003484874113
111559	0.0003579867116
111560	0.004462505708
111561	0.009809714025
111562	0.002322884823
111563	0.003914490428
111564	0.01064675776
111565	0.003885369027
111566	0.006388654342
111567	0.007763670472
111568	0.01076879315
111569	0.003478049517
111570	0.002394906569
111571	0.008806909514
111572	0.0003375165909
111573	0.005411147647
111574	0.0002334090614
111575	0.01339916657
111576	0.006504216758
111577	0.001507559508
111578	0.007490658322
111579	0.00863091699
111580	0.009164933721
111581	0.004005298569
111582	0.005568891184
111583	0.01405991395
111584	0.001021795892
111585	0.00124914734
111586	0.005443766382
111587	0.013512207
111588	0.01341641503
111589	0.01086272211
111590	0.002599984281
111591	0.006972666597
111592	0.007692865309
111593	0.003958223123
111594	0.002022202977
111595	0.005860470062
111596	0.006352065387
111597	0.01032352216
111598	0.007716625035
111599	0.009829371203
111600	0.004104096522
111601	0.0001353522807
111602	0.006359136862
111603	1.044859972e-05
111604	0.0002077527116
111605	0.00319080052
111606	0.001714012814
111607	0.0008973304939
111608	0.0002464061845
111609	0.001769949676
111610	0.0008114227828
111611	0.0009690178001
111612	0.008841934193
111613	1.723535697e-05
111614	0.005723883764
111615	0.0001993456229
111616	0.005134261783
111617	0.001521133217
111618	0.001858372716
111619	0.001214534796
111620	0.003587014048
111621	0.001952280554
111622	0.002476549282
111623	0.002819369031
111624	0.003522660174
111625	0.0002214269866
111626	0.0005695079262
111627	0.001236429843
111628	0.001355785714
111629	3.81354322e-06
111630	0.001704012362
111631	0.0005990872923
111632	0.0008528030422
111633	0.001096358495
111634	0.0007376136106
111635	0.00186579792
111636	0.001222805573
111637	0.001162674313
111638	0.001665986429
111639	0.001930469694
111640	0.001561953946
111641	0.003950945531
111642	0.001844542469
111643	0.001452747973
111644	0.002015936052
111645	0.001961526071
111646	0.001748706942
111647	0.001574133027
111648	0.002558699963
111649	0.002030004234
111650	0.001236027623
111651	3.90983869e-06
111652	4.23082864e-05
111653	0.0008011565316
111654	0.001735949066
111655	0.0003144578852
111656	0.0001582901891
111657	0.0002821954332
111658	0.0001658973994
111659	0.0003974231916
111660	0.0003654029584
111661	0.0009086120226
111662	0.0002341332331
111663	2.599428187e-05
111664	0.0007850580155
111665	0.0004381599651
111666	0.001326935017
111667	0.002013292362
111668	0.0002793934633
111669	0.001601123768
111670	0.0007955503707
111671	0.0005065558045
111672	0.001806145228
111673	0.002947292355
111674	9.798477296e-05
111675	0.0001232932174
111676	9.454510258e-05
111677	0.001234075607
111678	0.003135002003
111679	0.000888614981
111680	0.0004330985767
111681	0.0003317201484
111682	0.0008231581734
111683	0.001166404388
111684	0.000392478653
111685	0.00073818809
111686	0.0008840808526
111687	0.0003900212008
111688	0.000681968178
111689	0.0006886812437
111690	0.0006598125
111691	9.056848245e-05
111692	0.001076666823
111693	0.0006866453855
111694	0.0001667139664
111695	0.0001982144483
111696	0.0003348099573
111697	0.0001745147438
111698	0.0003911620049
111699	0.0009980951234
111700	0.0003119884835
111701	0.0004166938534
111702	0.0002105188528
111703	0.0005085189866
111704	0.000720080599
111705	0.0005327918233
111706	0.0009982284825
111707	0.0008132151038
111708	0.0001756444125
111709	0.0006861920251
111710	0.001287901649
111711	0.0005161757998
111712	0.0003744089407
111713	0.001190335502
111714	0.0006682878809
111715	0.001031872236
111716	0.0001811016904
111717	0.0004776379925
111718	9.275396861e-05
111719	0.0004374653542
111720	0.0006203874064
111721	0.001126496625
111722	0.0006290669247
111723	0.0005315136315
111724	0.0008373867261
111725	0.0006972166024
111726	0.0001543476648
111727	0.001221970955
111728	0.0001470955291
111729	0.001016448528
111730	0.0008997344986
111731	0.0008153099302
111732	0.0006955633158
111733	0.0001612210112
111734	0.0006170762423
111735	0.001711299844
111736	0.001893829497
111737	0.0002167441808
111738	0.0001873504913
111739	0.0005714863161
111740	0.0003969593225
111741	0.0003968581019
111742	9.665142697e-05
111743	0.0004910362176
111744	6.208242681e-05
111745	0.0005210378805
111746	0.001990083349
111747	0.00126481873
111748	0.0004606463256
111749	0.0008940388594
111750	0.0005508460776
111751	0.001013682333
111752	0.0001438219007
111753	0.001372375897
111754	0.001591153848
111755	0.00129073115
111756	0.0006205827301
111757	0.0003617941267
111758	0.007850864776
111759	0.001080494036
111760	0.002434203802
111761	0.0005119579399
111762	0.0001826220577
111763	0.0008315202499
111764	0.0001863588626
111765	0.003064796581
111766	0.0007286275744
111767	0.0005991607264
111768	0.001411128415
111769	0.0003251459369
111770	0.000870887287
111771	0.0009322226709
111772	0.00158240037
111773	0.002031152859
111774	0.0003242573166
111775	0.0001519686775
111776	0.0003514689434
111777	0.0002270420451
111778	0.00123933971
111779	0.003026901543
111780	0.001511894954
111781	7.301220057e-05
111782	0.001724446437
111783	0.0001521229399
111784	0.0001195217382
111785	0.001767522432
111786	0.00126434817
111787	0.001056816298
111788	0.0002134036015
111789	0.0009825822568
111790	0.001258407374
111791	0.0001693530899
111792	0.001126264189
111793	0.0001770321755
111794	0.0002548047848
111795	0.001138704144
111796	0.0007620113733
111797	0.0006987885626
111798	0.0001337472924
111799	0.000306918588
111800	0.002515617396
111801	0.005081686662
111802	0.004333109584
111803	0.0003016557566
111804	0.002180422291
111805	0.001087715337
111806	0.001342296578
111807	0.0006098942694
111808	0.003541087643
111809	0.003222325222
111810	0.001619539472
111811	0.004320290261
111812	0.003646352135
111813	0.0001146233079
111814	0.0006787502766
111815	0.002520145753
111816	0.001456001103
111817	0.001964695452
111818	0.0007817222484
111819	0.0006157283272
111820	0.0005366849809
111821	0.004111263971
111822	0.003537821546
111823	0.0007998537592
111824	0.001213359025
111825	0.001663736505
111826	0.001439637258
111827	0.0006402819859
111828	0.001466520981
111829	0.002539503722
111830	0.002085754463
111831	0.000563151953
111832	0.002344351216
111833	0.0004566463494
111834	0.002618495117
111835	0.002393556325
111836	0.002815201526
111837	0.00291890784
111838	0.0004981029493
111839	0.003057228508
111840	0.001161815743
111841	0.002541445054
111842	0.0004495338011
111843	0.003492354511
111844	0.00362125929
111845	0.003174750048
111846	0.004068431816
111847	0.003879095614
111848	6.537337963e-05
111849	0.0009369475354
111850	0.002691153896
111851	0.002380808107
111852	0.002535753482
111853	0.00179506038
111854	0.002937204903
111855	0.002800302962
111856	0.002627319918
111857	0.002657678212
111858	0.002471042397
111859	0.002655530521
111860	0.001750266641
111861	0.002685878511
111862	0.003002169542
111863	0.0001568118974
111864	0.001661857164
111865	0.003202247708
111866	0.0007069733876
111867	0.0006296899676
111868	0.000181002922
111869	0.0003569382027
111870	0.003195203807
111871	7.638627266e-05
111872	0.001103860884
111873	0.001588256679
111874	0.0003465720874
111875	0.001817368379
111876	0.001394681545
111877	0.000417213351
111878	0.00181972028
111879	0.004827728793
111880	9.211714023e-05
111881	0.002086270035
111882	0.003408432475
111883	0.0006572604337
111884	0.0006206543803
111885	0.0004242329602
111886	4.306248872e-05
111887	0.006834952846
111888	0.0005638674892
111889	0.004900012131
111890	0.004471687618
111891	0.001217789924
111892	2.402903318e-05
111893	0.001863038095
111894	0.001727636824
111895	0.002757351276
111896	0.0005211018903
111897	0.003762318805
111898	0.000414082481
111899	0.00116892906
111900	0.002828872572
111901	0.00105545649
111902	0.003219440398
111903	7.142231738e-06
111904	7.822325273e-05
111905	0.004779296827
111906	0.0008543159819
111907	0.003180390469
111908	0.007796623535
111909	0.004276933552
111910	0.001041969481
111911	0.002719618358
111912	0.0002752540191
111913	0.001000193391
111914	0.001774674673
111915	0.0002729168756
111916	0.002094901035
111917	0.002004080776
111918	0.004155469166
111919	0.0002137349027
111920	0.001606287006
111921	0.0004398952203
111922	5.637014174e-05
111923	0.001700502586
111924	0.002416313662
111925	0.0009565921267
111926	0.005406321637
111927	0.002081762437
111928	0.002553910955
111929	0.0006136575638
111930	0.0008307169026
111931	0.001636934952
111932	0.0004713759895
111933	0.001355600667
111934	0.00345750065
111935	0.0006860869462
111936	0.001889049011
111937	0.001792897714
111938	0.002435883999
111939	0.000696597833
111940	0.0002385350176
111941	3.708811483e-06
111942	0.001848572219
111943	0.002068512173
111944	0.001930795837
111945	0.001654241352
111946	0.0007671603228
111947	0.002196503055
111948	0.001810956492
111949	0.0006133647327
111950	0.002075038634
111951	0.00414592637
111952	0.001753652038
111953	0.00117448692
111954	0.0003120343024
111955	0.000208558751
111956	0.002604412119
111957	0.002381663631
111958	0.002047062582
111959	9.937427004e-05
111960	0.004731885236
111961	0.002497872719
111962	0.002075418755
111963	0.002165218536
111964	0.001119443626
111965	0.00245095212
111966	0.0009174051248
111967	0.0007766290356
111968	0.0008196506685
111969	0.002700895369
111970	0.0006212592217
111971	0.000152371207
111972	6.577879938e-06
111973	0.0008042749773
111974	0.0001717905648
111975	0.004195400546
111976	0.002326865622
111977	0.001393603533
111978	0.00144186695
111979	0.0007854307705
111980	0.001695040409
111981	0.00266609861
111982	0.002833946752
111983	0.001328699496
111984	1.83002726e-06
111985	0.0007057088203
111986	0.0002807949003
111987	0.0007578415938
111988	0.0004157923633
111989	0.001783785488
111990	0.0007614211221
111991	0.0002960943611
111992	0.000719238741
111993	0.00207447278
111994	0.003753346536
111995	0.0002654644894
111996	0.0008621775601
111997	6.54877371e-05
111998	0.0001925175995
111999	0.000490535763
112000	0.0006321312988
112001	0.001290947963
112002	0.002259236163
112003	0.0004121331123
112004	0.002095897785
112005	0.00119741354
112006	0.0006431998632
112007	0.001880116307
112008	0.0002270713683
112009	0.002072835307
112010	0.003554478883
112011	6.524551551e-05
112012	0.0002066765097
112013	0.00053097559
112014	0.001397604018
112015	0.001593527424
112016	0.0001783583815
112017	0.001705237998
112018	0.0004021682189
112019	0.001140637563
112020	0.001638825083
112021	0.003116005564
112022	0.00321497139
112023	0.0003978294391
112024	0.001618103225
112025	3.168043752e-05
112026	0.002162957425
112027	0.004064830981
112028	0.0003824500585
112029	0.0001829729115
112030	0.0001020848301
112031	0.005150922073
112032	0.0014403631
112033	0.0005571767014
112034	0.002910312071
112035	0.0008186166272
112036	0.0008103510867
112037	0.0008718790756
112038	0.001865911224
112039	0.001347097198
112040	0.001064394554
112041	0.0004516012176
112042	0.0008752824296
112043	0.001785486854
112044	0.0007968495773
112045	0.0005392094465
112046	0.0009795692538
112047	0.000253095605
112048	0.000978817639
112049	0.0004630825203
112050	0.0003521810968
112051	0.001304021768
112052	0.001055801975
112053	0.002734627717
112054	0.001137745102
112055	0.0003011461851
112056	0.002027850726
112057	0.0009371077757
112058	0.001210772557
112059	0.0004110073491
112060	0.0004022365006
112061	0.0006579372328
112062	0.0002726496628
112063	0.001689743323
112064	0.000964403955
112065	8.702327431e-05
112066	0.0003754496736
112067	0.001832426821
112068	0.001428703917
112069	0.0002767019166
112070	0.0004230730674
112071	0.0005970795198
112072	0.003046000162
112073	0.001798324904
112074	0.00052056525
112075	0.002259534764
112076	0.0003308961494
112077	0.001720580035
112078	0.001934067498
112079	0.002864371763
112080	0.0003154714893
112081	0.0008261329099
112082	0.003076763166
112083	0.0008070240799
112084	0.001318384765
112085	9.380013778e-05
112086	0.001583671601
112087	0.000915640455
112088	0.0004516166761
112089	0.0003458995749
112090	0.003385418384
112091	0.002041394294
112092	0.002318079037
112093	0.0005583098504
112094	0.0003229475522
112095	0.001186193485
112096	0.001263519503
112097	0.0006380223796
112098	1.386853294e-05
112099	0.0008530467068
112100	0.0008688269927
112101	0.0002246885911
112102	0.001260474735
112103	0.0005945673536
112104	0.0001680344664
112105	0.001124936019
112106	0.004393194927
112107	0.0004804949964
112108	0.0002340384367
112109	0.0008091316525
112110	0.0001035796654
112111	0.000973878426
112112	0.0007522032306
112113	0.001380838146
112114	0.0001694576269
112115	0.002810869909
112116	0.0002309267622
112117	5.147334078e-05
112118	0.0002224287214
112119	0.0003864907088
112120	0.0003583782491
112121	6.211975357e-05
112122	0.0005404033344
112123	0.0006608257998
112124	0.0005627401678
112125	0.0004526069753
112126	0.000104578424
112127	0.001543370376
112128	3.186224818e-05
112129	0.0004023169348
112130	0.0004909287749
112131	0.0002937747893
112132	0.0007230641458
112133	0.0008336960303
112134	0.0002303910829
112135	0.0009230822161
112136	0.001822894077
112137	2.901490987e-05
112138	2.052968716e-05
112139	0.0008986156649
112140	0.0003097240356
112141	0.0002047544722
112142	0.0002539436693
112143	4.938118254e-05
112144	0.0008849631936
112145	0.0004785981398
112146	0.000286642269
112147	3.628669178e-06
112148	0.0002277730402
112149	0.001012558265
112150	6.851473811e-05
112151	0.0005526148914
112152	0.000387564154
112153	5.497799213e-05
112154	0.0002762314839
112155	0.001113295817
112156	0.001761011475
112157	0.0001933121154
112158	0.0003045590535
112159	0.003718770279
112160	0.0002885753725
112161	0.0004687380288
112162	4.865183073e-05
112163	0.002379780597
112164	0.0004395200885
112165	0.0002315987611
112166	0.002125620532
112167	5.632571318e-05
112168	0.0005256293184
112169	0.0001132685275
112170	0.001117672671
112171	0.0003800465571
112172	0.0009444772607
112173	0.001539692008
112174	0.001454313351
112175	0.0003516537399
112176	0.001650913171
112177	0.0005631336808
112178	2.40475893e-05
112179	0.001413644864
112180	0.0009338726882
112181	0.000533113095
112182	0.0008132817052
112183	0.0004591681405
112184	0.001101344088
112185	7.145298516e-05
112186	0.000368485186
112187	0.003936148764
112188	0.0004216239219
112189	0.002586010858
112190	0.001276359327
112191	0.0008330616125
112192	0.001756212273
112193	0.0003628653561
112194	0.0003159757013
112195	5.425669601e-05
112196	7.404317529e-05
112197	0.0008294914497
112198	0.0003379251832
112199	0.0002794317853
112200	0.001326039763
112201	0.0002535785383
112202	5.502232982e-05
112203	0.001952349313
112204	0.001692434872
112205	0.0003133047691
112206	1.612264232e-05
112207	0.0009563873051
112208	0.0008570731915
112209	0.00409569646
112210	0.002150018825
112211	0.001221291561
112212	0.002356483254
112213	0.0004243586852
112214	0.007634957716
112215	0.002378394539
112216	0.003547078494
112217	0.003481531138
112218	0.003909142541
112219	0.001301485782
112220	0.0007538400022
112221	0.001359178068
112222	0.002837812296
112223	0.0008454457456
112224	0.004898913992
112225	0.001500033256
112226	0.002074396799
112227	0.007431841992
112228	0.0007614329009
112229	0.003072237219
112230	0.001747152001
112231	4.34047304e-05
112232	0.0001490987507
112233	0.002447991871
112234	0.002235789652
112235	0.005151515152
112236	0.003557862824
112237	0.001980777504
112238	0.001838531434
112239	0.002637010482
112240	0.001010141087
112241	0.006626049872
112242	0.002001546158
112243	0.0006330613823
112244	0.003124329125
112245	0.001803606596
112246	0.001443734933
112247	0.001316496087
112248	0.002792924457
112249	0.004894550346
112250	0.0001448925803
112251	0.001514824893
112252	0.00228734232
112253	0.00343118487
112254	0.0004845200104
112255	0.0005831366164
112256	0.0002588099764
112257	0.000673561192
112258	0.001123329218
112259	0.002545991042
112260	0.003024441603
112261	0.001444935275
112262	0.001426733112
112263	0.002076047473
112264	0.001466444122
112265	0.001056703599
112266	6.116481995e-05
112267	0.001549502919
112268	0.0006007174964
112269	0.0006303034178
112270	0.001572706732
112271	0.001819407967
112272	0.001287278387
112273	0.0001135418492
112274	0.002184438292
112275	0.002174352212
112276	0.00127979167
112277	0.001278601463
112278	0.0003943003472
112279	0.0002742177273
112280	0.0005909393719
112281	0.0001236682515
112282	0.0006760199816
112283	8.653436534e-05
112284	0.000754750986
112285	0.0005112023411
112286	0.001268472903
112287	0.0013375781
112288	0.001819220031
112289	0.0001564530123
112290	0.0004169493271
112291	0.0006555926137
112292	0.001558676641
112293	0.001536848835
112294	0.001505598256
112295	0.001406949614
112296	0.005344913721
112297	0.00341381648
112298	0.0004629848482
112299	0.0002779079975
112300	0.002866613046
112301	0.0008439260881
112302	0.001842465212
112303	0.002884549252
112304	0.003038955216
112305	9.849505332e-06
112306	0.001494601416
112307	0.001604936738
112308	0.0006135814772
112309	0.0001562349532
112310	0.000389831585
112311	0.00151034096
112312	0.0006122917887
112313	0.000415804774
112314	0.0002241277959
112315	0.0008816733184
112316	0.000888109591
112317	0.0005828100596
112318	0.00098374125
112319	0.002509332256
112320	0.0006159332936
112321	0.000209675009
112322	0.00129599584
112323	0.0003012874552
112324	0.0006203173393
112325	0.000962915397
112326	0.00244141135
112327	0.0008520335968
112328	0.001141749268
112329	0.001160908436
112330	5.182627102e-05
112331	0.0008855317372
112332	0.001164659137
112333	0.0005236313888
112334	0.0001255667898
112335	0.0003697306447
112336	0.0008292004592
112337	0.0002588214544
112338	0.001931501812
112339	0.0001710078464
112340	3.948360881e-05
112341	0.0003276101867
112342	0.0007949888918
112343	0.0009470823456
112344	0.0008899144561
112345	0.003234896326
112346	0.0003433701853
112347	0.0009694409901
112348	0.0002772286196
112349	3.512775403e-05
112350	0.001180530265
112351	0.0004404885289
112352	0.002690855833
112353	0.0009925886654
112354	0.0001738230932
112355	0.002006896164
112356	0.002327783734
112357	4.907412287e-05
112358	0.0007306258828
112359	0.001204777105
112360	0.0004854674918
112361	0.001019167967
112362	0.001064373892
112363	0.0002828475408
112364	0.0006190987396
112365	0.002934631161
112366	0.0009731340466
112367	0.0001350100605
112368	0.001678328957
112369	0.0002326564663
112370	0.0002379427576
112371	0.0006004392641
112372	0.000401520359
112373	0.0003057693634
112374	7.844808907e-05
112375	0.0007053745185
112376	0.001050348068
112377	0.003033996245
112378	1.512290629e-05
112379	0.0001384256779
112380	0.0009457844642
112381	0.0009971578642
112382	0.001246170623
112383	0.0005685721646
112384	0.0005245477208
112385	0.0004311148241
112386	0.0005244788396
112387	0.0004204003786
112388	0.0001352292786
112389	0.0003262786068
112390	0.0009810629554
112391	0.0004440718126
112392	0.0005221183249
112393	0.001370175679
112394	0.001623814279
112395	0.0005502483938
112396	0.001283680621
112397	0.001740284277
112398	0.0001540111213
112399	0.0006466295608
112400	0.0006514000018
112401	0.001411834448
112402	8.068835369e-05
112403	0.0008082504902
112404	0.001230461771
112405	0.0004330702424
112406	0.0005149769383
112407	0.001488539246
112408	0.0002710830972
112409	0.002084567693
112410	6.932845098e-06
112411	0.0003126123214
112412	0.002641432966
112413	0.0001182618973
112414	0.002382141471
112415	0.000495475274
112416	0.001983993948
112417	0.001691079972
112418	0.00135960254
112419	0.0001011730556
112420	0.002904733802
112421	0.0008691368028
112422	0.002990204394
112423	0.003427922372
112424	0.003447486196
112425	0.0009286128167
112426	0.0003311555407
112427	0.003939401656
112428	0.0001930919114
112429	0.003960749278
112430	0.0008149885668
112431	0.001722353704
112432	0.002851149341
112433	0.004291011435
112434	0.004720909329
112435	0.0004295006326
112436	0.003426834555
112437	0.0009566056054
112438	0.0003068612396
112439	6.757372744e-05
112440	0.0002237119907
112441	0.001380623877
112442	0.002088591153
112443	0.001224043601
112444	0.0004408858019
112445	0.0008207584152
112446	0.0003948241527
112447	5.312956672e-05
112448	0.0006803938443
112449	0.003096131592
112450	0.0008066782633
112451	0.004886435486
112452	0.004487574769
112453	0.0004264125177
112454	0.0006799039431
112455	0.0003276401412
112456	0.001069621373
112457	0.003072221126
112458	4.753474869e-05
112459	0.001312628279
112460	0.0005327558245
112461	0.0006630295612
112462	0.0005813056762
112463	0.0003007551955
112464	0.0001838695726
112465	6.365229066e-08
112466	0.0006471163751
112467	0.001407190994
112468	0.0007622648806
112469	0.0005236942655
112470	0.006221036299
112471	3.519282264e-05
112472	0.0001693120746
112473	9.655338881e-05
112474	0.003660786374
112475	0.0007882489745
112476	0.001001374472
112477	0.003384137971
112478	0.00163719729
112479	0.0008002867601
112480	0.002676395692
112481	0.0005113787065
112482	0.003400882104
112483	0.001515197456
112484	0.001773557633
112485	4.025173501e-05
112486	0.004093757048
112487	0.0003238891117
112488	0.002197269971
112489	0.0002723299834
112490	0.001588110933
112491	3.60760472e-05
112492	0.002159800499
112493	0.000320106819
112494	6.498160739e-05
112495	0.005695393893
112496	0.005059108804
112497	0.001752879707
112498	0.002286326101
112499	0.002034866763
112500	0.003925944343
112501	6.468450028e-05
112502	0.003371908335
112503	0.001354182578
112504	0.0005860586817
112505	0.0002075619738
112506	0.003493620875
112507	0.0004624571663
112508	0.0008909995918
112509	0
112510	0.0009767960886
112511	0.00444387094
112512	0.001661466584
112513	0.0008135213945
112514	0.004191153787
112515	0.00369926247
112516	0.001490111372
112517	0.00542801323
112518	0.0002945365623
112519	0.002131754226
112520	0.0001368363844
112521	0.0005653728385
112522	0.00120622895
112523	0.0001095537328
112524	0.001822788797
112525	0.001530216447
112526	0.002424659895
112527	8.196908627e-06
112528	0.0003830694957
112529	0.003283961904
112530	0.001717098538
112531	0.001418786254
112532	0.00136351146
112533	0.0007137760987
112534	0.003644965728
112535	0.001940121014
112536	5.033270647e-05
112537	0.0004690378359
112538	0.0001476869689
112539	0.001558106524
112540	0.001446403949
112541	6.511452665e-05
112542	0.003744019667
112543	0.001642790727
112544	0.0004352717901
112545	0.001080151004
112546	6.795293758e-05
112547	0.004008622753
112548	0.0004889990556
112549	0.003951318815
112550	0.0005073083527
112551	0.001195326913
112552	0.003480304121
112553	0.000439356682
112554	0.0009827698116
112555	0.0007466533693
112556	0.003882920267
112557	0.001920095163
112558	0.0006451163545
112559	0.001569228789
112560	1.46575962e-05
112561	0.0006071002503
112562	0.004636968108
112563	0.002399783716
112564	0.004023699845
112565	0.006442625774
112566	0.003018905647
112567	0.001900101638
112568	0.005358261343
112569	0.00131167366
112570	0.001303589665
112571	0.0005277804494
112572	0.001373577847
112573	0.0006392546974
112574	0.004413487193
112575	0.0005391200541
112576	0.0001050555255
112577	0.002265972336
112578	0.00258409783
112579	0.0004276056087
112580	0.002298762595
112581	0.001144218144
112582	0.002943586164
112583	0.0002111227478
112584	0.001154867391
112585	0.002858839503
112586	0.0007903314307
112587	0.001446477747
112588	0.002395340533
112589	0.0008879138685
112590	0.0007547353407
112591	0.002217521665
112592	0.005258534238
112593	0.0001166324874
112594	0.0005211374251
112595	0.003961405481
112596	0.0008158621628
112597	0.0008089690775
112598	0.0004986815017
112599	0.000311402067
112600	0.0002208616102
112601	0.001059200501
112602	0.0001564707178
112603	2.359408489e-05
112604	0.0004581601022
112605	0.000163182399
112606	0.0004953227198
112607	0.002106622488
112608	0.001352236728
112609	0.007765939753
112610	0.0002202192171
112611	7.086140265e-05
112612	0.00113345737
112613	7.827985706e-05
112614	0.0006972339383
112615	0.00089519913
112616	0.0005056257823
112617	0.001205719113
112618	0.0004862693374
112619	0.0009805569491
112620	0.001618949825
112621	0.00473700945
112622	0.001721345272
112623	0.0001432002714
112624	8.535572293e-05
112625	0.004470879894
112626	0.001940391064
112627	0.0008734775076
112628	0.0004739579766
112629	0.001875598044
112630	0.003997313896
112631	0.001971328119
112632	0.00378359461
112633	0.004185394835
112634	0.002640371024
112635	0.0009046058577
112636	0.002552108288
112637	0.0008513437707
112638	0.0006230582074
112639	0.001022772764
112640	7.371308936e-05
112641	0.001136299932
112642	0.003510330324
112643	0.002122072782
112644	0.0004113303544
112645	0.001124417279
112646	0.002209314688
112647	0.003023075459
112648	0.002923451201
112649	0.0003710937653
112650	0.0004428718822
112651	0.0001332738559
112652	0.0007775870432
112653	0.000167057989
112654	0.0001950145335
112655	0.0006405482039
112656	0.005745553298
112657	0.0005639444381
112658	0.008854028084
112659	0.003310287439
112660	0.003561035935
112661	0.001364662185
112662	0.001319834251
112663	0.0016866497
112664	0.005698388341
112665	0.0002262670846
112666	0.0003756982529
112667	0.002528583358
112668	0.003660120108
112669	0.003344349873
112670	0.0016817143
112671	0.004296521326
112672	0.006085879339
112673	0.0001746732528
112674	0.001961234325
112675	0.006584618417
112676	0.002229844453
112677	7.232572317e-05
112678	0.002285387991
112679	6.849030079e-05
112680	0.00290849545
112681	0.00113037403
112682	0.004746580088
112683	0.001751033551
112684	0.001684224441
112685	0.0001715015819
112686	0.002254933024
112687	0.001487177836
112688	0.006348624308
112689	0.003949794891
112690	0.005631222505
112691	0.0008821954145
112692	0.001205668533
112693	0.004575017411
112694	0.002658048592
112695	0.003106914595
112696	0.003600685711
112697	8.837222317e-05
112698	0.004472008009
112699	0.0009718550111
112700	0.000123763936
112701	0.001748657175
112702	0.0005710083733
112703	0.00194833338
112704	0.0004891019834
112705	0.001623350951
112706	0.0001868091611
112707	0.004476883421
112708	9.286887322e-05
112709	0.003169636072
112710	0.005180523477
112711	0.003385910824
112712	0.0003994573946
112713	0.002499578721
112714	0.00358450955
112715	0.001210688357
112716	0.0005189411402
112717	0.0009448716114
112718	0.004640071587
112719	3.037080266e-05
112720	0.001851905254
112721	0.002891965054
112722	0.003374569128
112723	0.0002656496753
112724	0.00154439816
112725	0.0004965256122
112726	3.527734049e-05
112727	0.0006908591779
112728	0.0005345980612
112729	0.0001202943603
112730	0.000396424596
112731	0.001479763461
112732	0.005573053798
112733	0.001460610521
112734	0.002493694614
112735	0.001952301363
112736	0.002912491164
112737	0.003641444737
112738	0.0008443960141
112739	0.001831672813
112740	0.001639306305
112741	0.004319558878
112742	0.004253951279
112743	0.0003759423578
112744	0.001869001886
112745	0.001133519368
112746	0.0008324057336
112747	0.002607660555
112748	0.0004345422811
112749	0.002778572503
112750	0.0008017840571
112751	0.001871921521
112752	0.002640783637
112753	0.003753813057
112754	0.001367676992
112755	0.002216628612
112756	0.0004531613086
112757	0.001136438945
112758	0.0007955442023
112759	0.0007008281353
112760	0.0007409752628
112761	0.001157098245
112762	0.00192978349
112763	0.001424508739
112764	0.001123522782
112765	7.267248285e-05
112766	0.001537799005
112767	0.002331401743
112768	0.001368096364
112769	0.0027991374
112770	0.001461274552
112771	9.40454051e-06
112772	0.0009197846127
112773	0.001950837475
112774	0.003730486875
112775	0.005076589138
112776	0.002056855194
112777	0.0003744621924
112778	0.001177830907
112779	0.005991020828
112780	0.001336714413
112781	0.00546183346
112782	0.00240016458
112783	0.00254190718
112784	0.0006300788857
112785	0.0009724387455
112786	0.0006200669861
112787	0.001624287329
112788	0.0028625582
112789	0.001994474298
112790	0.0004658439452
112791	0.00557138606
112792	0.001775346334
112793	0.001291132072
112794	0.00478151928
112795	0.0006483832543
112796	0.002481470824
112797	0.004162878547
112798	0.005480446118
112799	0.0005317226663
112800	0.001488289148
112801	0.005553196364
112802	0.0005133257136
112803	8.420137169e-05
112804	0.0001853793536
112805	0.001309809661
112806	0.0006053954044
112807	0.0001458922005
112808	0.0006777611334
112809	0.001141357999
112810	9.92147859e-05
112811	0.0007235973715
112812	0.006913528456
112813	0.008840287631
112814	0.005072825785
112815	0.002773903328
112816	0.002611410832
112817	0.0009019032228
112818	0.003282953137
112819	0.005814923677
112820	0.001547020109
112821	0.003318520192
112822	0.002958443218
112823	0.0001332893478
112824	0.002904193352
112825	2.753200787e-05
112826	0.0001379327261
112827	0.002145468096
112828	0.00123934381
112829	0.002229055918
112830	0.003393507233
112831	0.003202284278
112832	0.0008579402725
112833	0.002766133634
112834	0.002474302868
112835	0.001795981788
112836	9.058125701e-05
112837	0.0003989386448
112838	0.0009242342367
112839	0.002395115435
112840	0.0007267662952
112841	0.002481818355
112842	0.0002398651891
112843	0.001268123097
112844	0.00788574759
112845	0.004373620868
112846	0.004220916781
112847	0.001496073819
112848	0.00203861139
112849	0.000927026049
112850	0.003134218739
112851	0.0003995669123
112852	0.002431192057
112853	0.0003495993855
112854	0.001183723806
112855	0.001626613783
112856	0.002494910675
112857	0.0005500971435
112858	0.004754080923
112859	0.001047908419
112860	0.0001407964017
112861	0.003021638641
112862	0.002932098786
112863	0.00582360944
112864	0.003956462738
112865	0.00258082537
112866	0.001932421175
112867	0.001372416848
112868	0.005370683318
112869	0.003748049779
112870	0.0001277602437
112871	0.00110520569
112872	0.003387844513
112873	0.002827081409
112874	0.00158104042
112875	0.001061984007
112876	0.001051977528
112877	0.0008928972691
112878	0
112879	0.002877187819
112880	0.001102292492
112881	0.001304330118
112882	0.0004661472013
112883	0.0003883642513
112884	0.0004772487165
112885	0.00173697975
112886	0.00435353297
112887	0.00664079504
112888	0.008083227365
112889	0.004863542299
112890	0.002108773856
112891	0.004568785653
112892	0.003804154777
112893	0.002441484809
112894	0.00367173642
112895	0.0009045631455
112896	0.0003019185138
112897	0.002922671922
112898	0.003142630237
112899	0.0007112239326
112900	0.005344081121
112901	0.0006062538165
112902	0.0005673022827
112903	0.0006951608726
112904	0.0002876747118
112905	0.002038022752
112906	0.0009510496417
112907	0.003208389301
112908	0.002795048717
112909	0.004563104481
112910	0.0004454134685
112911	0.000146768094
112912	0.0001004868139
112913	0.002996373039
112914	0.003658194287
112915	0.003480654562
112916	0.0005882646646
112917	0.0001936718052
112918	0.004244054451
112919	0.004378725063
112920	0.001313596092
112921	0.001363671344
112922	0.004166578241
112923	0.0002170569691
112924	0.0007095442252
112925	0.00221080885
112926	0.00369368249
112927	0.00519706679
112928	0.004675561535
112929	0.005811062511
112930	0.0002681007224
112931	0.003837317423
112932	0.000519468379
112933	0.00303989377
112934	0.006640454381
112935	0.00158803352
112936	0.00698331266
112937	0.001471018237
112938	0.002073362407
112939	0.00287277828
112940	0.00121737309
112941	0.00198701486
112942	0.002745741619
112943	0.004800120243
112944	0.0004778680571
112945	0.00217447623
112946	0.002221378993
112947	0.004048331113
112948	0.001792733427
112949	0.002266838424
112950	0.002914806704
112951	0.0001269764569
112952	0.0001884305209
112953	0.0005603830344
112954	0.005955305671
112955	0.002218229921
112956	0.004373506955
112957	0.01078418511
112958	0.003808985535
112959	0.006051511382
112960	0.006009379716
112961	0.00444379349
112962	0.0005003599104
112963	0.004110317572
112964	0.005844991577
112965	0.002257585831
112966	0.0004344810281
112967	0.002125086912
112968	0.0009346731718
112969	0.003673848862
112970	0.003711684683
112971	0.003344816693
112972	0.0005099675112
112973	0.002288613992
112974	0.002246441491
112975	0.002252265062
112976	0.002816769261
112977	0.0006196560535
112978	0.0002418082428
112979	0.0002607635708
112980	0.0009522400374
112981	0.001979620226
112982	0.001312729649
112983	0.002396834307
112984	0.0001304172253
112985	0.00103721015
112986	0.004450351781
112987	0.002379755481
112988	0.002551624691
112989	9.375432855e-05
112990	0.001440094489
112991	0.002222687767
112992	0.002987048883
112993	0.003711550608
112994	0.0003060670722
112995	0.001596223884
112996	0.002213426181
112997	0.003307718101
112998	0.0002416357308
112999	0.001184223613
113000	0.001741833803
113001	0.002839466985
113002	0.003535352378
113003	0.0003048800778
113004	0.0008708480694
113005	0.000200847973
113006	0.002543850909
113007	0.0008735333898
113008	0.001152001734
113009	0.0004319822084
113010	0.003029028453
113011	0.0009614029557
113012	0.002736210278
113013	0.0008332361283
113014	0.001126035223
113015	0.004509125308
113016	0.001972261342
113017	0.004010568093
113018	0.001995068955
113019	0.003549834235
113020	0.001167916285
113021	0.003161441336
113022	0.0007329248318
113023	5.923171308e-05
113024	0.004042199407
113025	0.002871055993
113026	0.00289572347
113027	0.004083418479
113028	0.004224772349
113029	0.00147979959
113030	0.000738741527
113031	0.0008627237052
113032	0.0005463110613
113033	0.0003334101293
113034	0.0006099508839
113035	4.041546984e-05
113036	0.0006093589723
113037	0.001177370274
113038	0.0009359756258
113039	0.0007139674666
113040	0.0004323584298
113041	0.0005591873614
113042	7.365001481e-06
113043	0.007556299513
113044	0.001369423559
113045	0.0007670999765
113046	6.839655845e-05
113047	0.0005916284523
113048	0.003058925562
113049	0.003892749064
113050	0.003260578354
113051	0.00156951182
113052	0.001074073429
113053	0.001129730113
113054	0.005059402746
113055	6.685573586e-05
113056	0.0001453980653
113057	0.0003088843578
113058	0.002960623479
113059	9.850798773e-05
113060	0.002469275867
113061	0.003018336917
113062	0.001031209753
113063	0.0009186299272
113064	0.001541778497
113065	0.001610224648
113066	0.001110217172
113067	3.576314881e-05
113068	0.001801459518
113069	0.001391306161
113070	0.0003946406936
113071	0.0002007840121
113072	0.001610321669
113073	0.0007224928666
113074	0.0007524259571
113075	0.0008188370015
113076	7.924999484e-06
113077	0.0001544165118
113078	0.0001835804978
113079	1.176828596e-05
113080	0.0008544833072
113081	0.0003569069233
113082	0.001492597784
113083	0.000315927397
113084	0.000223335099
113085	0.0006019252175
113086	0.0002841397243
113087	0.0009599767586
113088	7.612225332e-05
113089	0.0002949851608
113090	0.0003010821363
113091	0.0003599608745
113092	3.00864525e-07
113093	0.000300115547
113094	0.0007658466653
113095	0.0001362487474
113096	0.001103813684
113097	4.814403179e-05
113098	0.0002860338056
113099	0.000438271106
113100	0.0003026548797
113101	0.0006744062317
113102	0.0001854026793
113103	0.0003134485056
113104	0.002365420697
113105	0.000305585115
113106	0.001796703395
113107	0.001032052323
113108	0.001353248507
113109	0.001958601806
113110	0.0001480508767
113111	0.00079588827
113112	0.001239793414
113113	0.001569934686
113114	0.0001555102404
113115	0.0009461297503
113116	0.000319856105
113117	0.00162556304
113118	0.000661451274
113119	0.0001464190546
113120	0.001723222646
113121	8.01437059e-06
113122	0.0007166873497
113123	0.0004254234586
113124	0.000547085392
113125	0.0001483644685
113126	0.00132205563
113127	0.001504222019
113128	0.002027716265
113129	0.0008646048181
113130	0.001402619265
113131	0.002220352807
113132	0.001190132001
113133	0.0002755003639
113134	0.001235801502
113135	0.001423446928
113136	0.0009045827969
113137	0.0006902835151
113138	0.0003144001809
113139	3.724539046e-05
113140	0.0034269544
113141	0.001056884935
113142	0.0004643996169
113143	0.00219352011
113144	0.0002341918858
113145	0.000401725557
113146	0.0008556186398
113147	0.0001061276654
113148	0.00149125915
113149	0.001024433549
113150	0.0004569136004
113151	0.003860910369
113152	2.241073147e-05
113153	0.0006647393991
113154	8.614714991e-05
113155	0.0003129393405
113156	0.002965260463
113157	1.249360093e-05
113158	0.0002657503915
113159	0.00208313322
113160	0.002346221021
113161	0.001976410909
113162	0.00125004436
113163	0.0008155054298
113164	0.002717630174
113165	0.002267777177
113166	0.001679584141
113167	0.002382161908
113168	0.0007603827802
113169	0.0008544689357
113170	0.002002547325
113171	0.002207606688
113172	0.0006746469829
113173	0.000325885225
113174	0.001081894804
113175	0.001287548406
113176	0.0001214428226
113177	0.0005247733823
113178	0.0009034044683
113179	0.0001530932546
113180	0.0006715390847
113181	0.005394036046
113182	0.0009454469775
113183	0.001064851554
113184	0.0009711888309
113185	0.002263438152
113186	4.214383318e-05
113187	7.098624931e-05
113188	0.0008703241216
113189	0.002776343259
113190	0.00232764486
113191	0.001626829087
113192	0.001945052258
113193	0.001007880268
113194	0.002744000115
113195	0.0001097196021
113196	0.0008425499913
113197	0.001960869757
113198	0.0007050491226
113199	2.036389513e-05
113200	5.701135852e-05
113201	0.001215002998
113202	0.002883061958
113203	0.0002482196689
113204	0.003671764362
113205	0.0005761959095
113206	0.003376041276
113207	0.00100038011
113208	0.0009684031227
113209	0.002898142092
113210	0.00193553073
113211	0.002135335804
113212	0.003596464331
113213	0.003731937528
113214	0.002998970526
113215	0.003696845322
113216	0.001583684922
113217	0.00173514651
113218	0.003541088763
113219	0.0004950342903
113220	0.005781927139
113221	0.003946648894
113222	0.002778684893
113223	2.23430219e-05
113224	0.003471949862
113225	0.0005019469726
113226	0.000506797056
113227	0.002642130487
113228	0.002419813605
113229	0.001790452275
113230	0.003278159456
113231	0.002210355574
113232	0.002105578131
113233	0.001270227212
113234	0.0001845309796
113235	0.002333677081
113236	0.0003992718202
113237	0.00224205027
113238	0.0008087375785
113239	0.001984226287
113240	0.001796938868
113241	0.0002351480871
113242	0.001939983477
113243	0.001081216225
113244	0.0001127794134
113245	0.002206838984
113246	0.001220591789
113247	0.0006465119661
113248	0.001660436451
113249	0.0005057073207
113250	0.0004285672939
113251	0.0002295947246
113252	0.0004546797332
113253	0.000266985801
113254	0.0001552854299
113255	0.0003970059629
113256	0.001529705722
113257	0.0001224115672
113258	0.0004012553072
113259	0.0008969537188
113260	0.0009837428543
113261	0.0009054193276
113262	0.002080432823
113263	0.0009970146442
113264	5.61349542e-06
113265	0.002443743049
113266	0.0007294445027
113267	0.0004688640681
113268	0.0004865776932
113269	0.0002163411846
113270	0.0002675985732
113271	0.0004815824315
113272	0.0008588897749
113273	0.0009930804967
113274	0
113275	0.0005041937738
113276	0.0001765750493
113277	2.747838467e-05
113278	0.0002666951588
113279	0.0007731048857
113280	0.0002150843985
113281	0.0001532373388
113282	0.0005745885138
113283	5.1246755e-05
113284	0.001163138719
113285	0.0009989302527
113286	0.0006554324371
113287	0.001318656418
113288	0.0006598016483
113289	0.0005935735019
113290	0.0003304890041
113291	9.62916988e-05
113292	0.0001904583956
113293	0.0003555789107
113294	1.238044456e-05
113295	3.702570069e-05
113296	0.000210204743
113297	0.0005923543119
113298	0.002688465853
113299	6.107550821e-05
113300	0.0006714653926
113301	0.0005093557041
113302	3.559183251e-05
113303	0.0004329922909
113304	2.669892848e-05
113305	0.0007291903106
113306	0.0008306304753
113307	0.002653381608
113308	0.005430063627
113309	0.002315921071
113310	0.0003082100564
113311	0.001338935782
113312	0.0002797972851
113313	0.00445761353
113314	0.002629575003
113315	0.006675830587
113316	0.00185802306
113317	0.0006250119766
113318	0.004006846188
113319	0.0002291829417
113320	0.005125809274
113321	0.0001186807977
113322	0.002679373044
113323	0.0008629224828
113324	0.003726290583
113325	0.0004586581602
113326	0.001269459672
113327	0.0001968530531
113328	0.001016390503
113329	0.0002018003848
113330	0.0009197364703
113331	0.000368216181
113332	0.001235481963
113333	0.003405007533
113334	0.0008702638114
113335	0.001041107664
113336	0.001836747493
113337	0.001199327909
113338	0.0009721886875
113339	7.607519312e-05
113340	0.0009881631485
113341	0.002297222372
113342	0.001996577045
113343	0.0002147002766
113344	0.0006386954749
113345	0.01030597723
113346	0.002875193108
113347	0.0001526711374
113348	0.007592627227
113349	0.006043896704
113350	0.002875617245
113351	9.157383391e-05
113352	0.001021173693
113353	0.000322897551
113354	5.691195313e-05
113355	0.0009503260688
113356	0.0001429684686
113357	0.0001999662701
113358	0.0002646901167
113359	0.002353773524
113360	0.008397180947
113361	0.004291685472
113362	0.001393632063
113363	0.001124587279
113364	0.003668211252
113365	0.00093036041
113366	0.00278056136
113367	0.001850585406
113368	0.00300209565
113369	2.763041556e-07
113370	0.001013797235
113371	0.0005330941258
113372	0.001010705276
113373	0.0001506258515
113374	0.0004943758956
113375	0.0002802760225
113376	0.0005108389904
113377	0.00114276396
113378	0.001546789781
113379	0.0001479613992
113380	0.001845366414
113381	0.0002754855684
113382	6.21700594e-05
113383	0.002518284898
113384	0.0004082211958
113385	0.001906168911
113386	0.002776439046
113387	0.0004022132629
113388	0.002229205757
113389	0.0001385863915
113390	0.001892546706
113391	0.0003093915867
113392	0.001596940448
113393	0.0018572039
113394	0.002221715754
113395	0
113396	0.000121529725
113397	0.001403784579
113398	0.001829174384
113399	0.0005032352514
113400	0.0007965202899
113401	0.002491191093
113402	0.0007928400423
113403	0.0007894887463
113404	0.001044225293
113405	0.001458332102
113406	0.001645664527
113407	0.001301626947
113408	0.0006455861274
113409	0.001701926922
113410	0.000746909906
113411	0.00127087466
113412	0.0002666792889
113413	0.002132457055
113414	0.0007838504646
113415	0.0007047491975
113416	0.0001161607106
113417	0.0008275813845
113418	0.001929610069
113419	0.003745133949
113420	0.003180046295
113421	0.001062059908
113422	0.0008952545874
113423	0.001843320661
113424	0.0006517316697
113425	0.001578577027
113426	0.00247790743
113427	7.333935376e-05
113428	6.232193732e-07
113429	0.001804912981
113430	0.001367703792
113431	0.0005249998049
113432	0.001901099828
113433	0.002382930395
113434	0.0008987282417
113435	0.001168665619
113436	0.0001502716947
113437	7.780037599e-05
113438	0.0003604173783
113439	0.0005787935081
113440	0.001755017527
113441	0.000394221518
113442	0.001898365556
113443	0.001332056741
113444	4.59422789e-05
113445	0.001764162687
113446	0.001720295151
113447	0.002180259926
113448	0.0009591509005
113449	0.0006124082343
113450	0.001082452963
113451	0.0001773312307
113452	0.002730363408
113453	0.001061853332
113454	0.001182902002
113455	0.001896171366
113456	0.0002682627206
113457	0.000924964996
113458	0.001218234673
113459	0.00217794301
113460	0.0003957783376
113461	0.0001511317616
113462	0.0005008131899
113463	0.0005193977788
113464	0.0009418073933
113465	0.001044371905
113466	0.002963217632
113467	0.001747735484
113468	0.002028937691
113469	0.00133334496
113470	0.001786406612
113471	0.001125435564
113472	0.002067097152
113473	0.0002441826878
113474	0.004131666043
113475	0.0004761969892
113476	2.813820708e-06
113477	0.001173097958
113478	0.0001345154647
113479	0.002486823224
113480	0.000291230546
113481	0.0004440681267
113482	0.001596851413
113483	0.002104519414
113484	0.0003308020582
113485	0.0004543791588
113486	0.001913515147
113487	0.002736965982
113488	0.0009414095603
113489	0.002469937139
113490	0.0004196479245
113491	0.0006440013532
113492	0.001896265412
113493	0.0005969528087
113494	0.001476287272
113495	0.001954165392
113496	0.000842609135
113497	0.00107365763
113498	9.271539444e-07
113499	0.001598091709
113500	0.002520581483
113501	0.00318659767
113502	0.001822128948
113503	0.0003096025732
113504	0.001200508825
113505	0.0009515598458
113506	9.21013852e-07
113507	0.0001424950044
113508	1.423401529e-05
113509	0.0001444155575
113510	0.001277241726
113511	0.001945127497
113512	9.090875921e-05
113513	8.223050698e-05
113514	0.00249808956
113515	0.001743304588
113516	0.0007741402876
113517	0.001044967472
113518	0.00101154338
113519	0.000786976425
113520	0.001738741772
113521	0.001764457873
113522	0.0001645442221
113523	0.002044966673
113524	0.0004372272512
113525	0.0006040884399
113526	0.001022806533
113527	0.0009735192429
113528	0.000858578234
113529	0.0007155019849
113530	0.001901687292
113531	0.002448526256
113532	0.001223808645
113533	0.001202996288
113534	0.001322819325
113535	0.00164402572
113536	0.002585533028
113537	0.000920970062
113538	3.254248944e-07
113539	0.0005344727197
113540	0.001131919285
113541	0.002430452168
113542	0.0001251071513
113543	0.0009353754754
113544	0.001136676165
113545	0.001893599874
113546	0.001896662983
113547	0.001211361937
113548	0.0004467657287
113549	0.00105878108
113550	0.001104527542
113551	0.0002427683591
113552	0.0004880995078
113553	0.003323650188
113554	0.001033981385
113555	0.003172035244
113556	0.0007464254509
113557	0.000932301681
113558	0.001786975062
113559	0.000332648814
113560	0.0005038697281
113561	0.006883641883
113562	0.0004796580127
113563	0.004737771337
113564	0.0003296584084
113565	0.002499180061
113566	0.001053207697
113567	0.006646818972
113568	0.004089353163
113569	0.0003143489962
113570	0.0007092731603
113571	8.026126361e-05
113572	0.0006957464006
113573	0.003110503301
113574	0.0005204551246
113575	0.009247198073
113576	0.0007859107162
113577	0.005468391648
113578	9.235524564e-05
113579	0.0004875824735
113580	0.001171335945
113581	0.001682034543
113582	0.001832754873
113583	0.003197473533
113584	0.001150937516
113585	0.002455239922
113586	0.001807823476
113587	0.002860703765
113588	0.0003055004831
113589	0.0003884019357
113590	0.002703345524
113591	0.001456813751
113592	5.562428616e-05
113593	0.006988607315
113594	0.005906641804
113595	0.0004446231102
113596	0.0008865139807
113597	0.0006000298277
113598	0.001316322179
113599	0.001278161489
113600	0.003419643658
113601	0.001750462349
113602	0.003607911282
113603	0.001840087826
113604	0.0007391866219
113605	0.003044834639
113606	0.0002420833737
113607	0.0004588417228
113608	0.00304620791
113609	0.00602084835
113610	0.0002901540995
113611	0.007143359578
113612	0.0011828744
113613	0.001294361873
113614	0.0007964835929
113615	0.002485160361
113616	0.00162278836
113617	0.003827124329
113618	0.0012304898
113619	0.002873101281
113620	0.001204456024
113621	0.001071988919
113622	0.000247754313
113623	0.001179025324
113624	0.001151181718
113625	0.004483190005
113626	0.001693048638
113627	0.0007152789293
113628	0.0005423926329
113629	0.002832664504
113630	0.0008317137172
113631	2.049902787e-06
113632	0.0008068547478
113633	0.0001820283665
113634	0.003124992989
113635	0.002120514622
113636	0.0008294071768
113637	0.0008998599521
113638	0.002546488654
113639	0.003492394778
113640	0.001848009295
113641	0.001342614657
113642	0.0001315558218
113643	0.00013121914
113644	0.0002620142506
113645	0.0001318884102
113646	0.004230138041
113647	0.003195422855
113648	0.0006553448402
113649	0.003579132263
113650	0.003729934243
113651	0.004752846705
113652	0.001510830018
113653	0.003373955572
113654	0.001042724298
113655	0.005766868261
113656	0.003001129917
113657	0.000374776655
113658	0.002181989225
113659	0.001411478154
113660	0.002218221111
113661	0.002985062073
113662	0.003665766404
113663	0.0002775447981
113664	0.0003276282952
113665	0.002567486134
113666	0.001328314777
113667	0.001639136402
113668	0.0004174433501
113669	0.001647836214
113670	0.00275840394
113671	0.001569807255
113672	0.005682873372
113673	0.002194675239
113674	0.001753741469
113675	0.004112356204
113676	0.0008107099184
113677	0.002952625468
113678	0.00239811942
113679	0.002340104905
113680	0.002691479058
113681	0.002618349584
113682	0.001345783214
113683	0.00106698571
113684	0.0007841440232
113685	0.004077124757
113686	0.002035325254
113687	0.00245937078
113688	0.0001465646286
113689	0.002549570467
113690	0.000393952473
113691	0.005244487873
113692	0.002507844463
113693	0.001040787433
113694	0.0002970504202
113695	0.001124179364
113696	3.787141869e-05
113697	0.0007600613556
113698	0.003742970198
113699	0.00399790131
113700	0.003246480417
113701	0.001867193492
113702	0.001828336886
113703	0.001307556883
113704	0.001283198764
113705	0.001964856378
113706	0.0006912997687
113707	0.001118428593
113708	0.002985286264
113709	0.002702140721
113710	0.003332109214
113711	0.000798247116
113712	0.001281984636
113713	0.001067717444
113714	0.0002899523589
113715	0.001684135781
113716	0.0005862594263
113717	0.0008757674881
113718	0.001565005971
113719	0.002035631164
113720	7.982120054e-08
113721	0.001123204575
113722	0.001215816532
113723	0.0004377110717
113724	0.0001460780481
113725	3.37705079e-08
113726	0.0002373570877
113727	0.003621554523
113728	0.002279921894
113729	0.0005594970767
113730	0.001784409825
113731	0.0009666991712
113732	0.004632366727
113733	0.001704454181
113734	0.001114410921
113735	0.004200156567
113736	0.001171480535
113737	0.002699842052
113738	2.908377383e-05
113739	0.001810875434
113740	0.006694198249
113741	0.001139799453
113742	0.001491623003
113743	0.001902861668
113744	0.001232127189
113745	0.0001240582857
113746	0.001282848986
113747	0.003988096826
113748	0.002600894424
113749	0.0003290879817
113750	0.00239557216
113751	0.003497047944
113752	0.001244957987
113753	0.002271618266
113754	0.001103719205
113755	0.003901719043
113756	0.00345805164
113757	0.006356754267
113758	0.001274092252
113759	0.006731324032
113760	0.001521661588
113761	0.0008586343985
113762	0.002222525084
113763	0.0003826011446
113764	0.003977162804
113765	0.0006837117369
113766	0.002158990054
113767	0.0001487790983
113768	0.0008171449802
113769	0.002803950544
113770	0.0003508379948
113771	0.002390773752
113772	0.003718477739
113773	0.002902950723
113774	0.0001910190412
113775	0.002593706446
113776	0.001928164503
113777	0.0007695632714
113778	0.0008613458003
113779	0.003020748677
113780	0.0001763312372
113781	0.005159461378
113782	0.001643399508
113783	0.0003832488721
113784	0.001640834587
113785	0.003018681988
113786	0.001989743808
113787	0.001783295521
113788	0.001324659066
113789	0.002057113572
113790	0.0002456413174
113791	0.001038136385
113792	0.0004342784962
113793	0.000439930749
113794	0.0004439315661
113795	9.260259322e-05
113796	0.0001182581387
113797	7.690353105e-05
113798	0.0005998226372
113799	0.0007264373712
113800	0.0006937980963
113801	0.0005723626916
113802	0.0008167746577
113803	8.194549149e-05
113804	5.602744768e-05
113805	2.992204256e-05
113806	7.848078382e-05
113807	0.0001512028077
113808	0.0003938550779
113809	0.0002906465103
113810	0.0003994459203
113811	0.0005698949724
113812	0.0002505053522
113813	0.0001316693875
113814	0.004580322748
113815	0.007211006219
113816	0.002669977184
113817	0.004023989307
113818	0.0001758228749
113819	0.001473916155
113820	0.004141524671
113821	0.0005308327009
113822	0.002456850052
113823	0.002032535419
113824	0.0005478077532
113825	0.005985248006
113826	1.829593737e-05
113827	0.004947004367
113828	0.0009361011506
113829	0.003162624213
113830	0.001606950142
113831	0.001532507896
113832	0.0001386601313
113833	0.001971152068
113834	0.00368237754
113835	0.006642880133
113836	0.0001721488374
113837	0.0005613407181
113838	0.00489285838
113839	0.002439730673
113840	0.0006223745648
113841	0.002989803992
113842	0.001208198512
113843	0.001621140344
113844	0.0004603296759
113845	0.003809633218
113846	0.0008912195773
113847	0.004757006412
113848	0.0005135389781
113849	0.004558812255
113850	0.001513605131
113851	0.000204102613
113852	0.003229284376
113853	0.004282003006
113854	0.002375329272
113855	0.0003580009563
113856	0.001354796932
113857	0.004227726718
113858	0.0006526629645
113859	0.001401465518
113860	0.002205601042
113861	0.003565437965
113862	0.003201161291
113863	0.0002710160338
113864	0.001363715948
113865	0.002369358013
113866	0.0006956509772
113867	0.0009497178999
113868	0.006999256541
113869	0.0006981065505
113870	0.001091371803
113871	0.001855903279
113872	0.003676412436
113873	0.004375475434
113874	0.00396291838
113875	0.002528398644
113876	0.0009863930977
113877	0.0001507527968
113878	0.0001609847548
113879	0.0001651003312
113880	0.000149521834
113881	0.0004868706415
113882	0.0007023843321
113883	0.0004212053889
113884	0.001457017485
113885	0.0006749028493
113886	0.002392233516
113887	0.002778880641
113888	0.001285550861
113889	0.0007200105656
113890	0.002518771582
113891	0.000125685772
113892	0.00285073858
113893	0.01387297655
113894	0.003697885576
113895	0.001847874514
113896	0.001006286405
113897	0.001142837525
113898	0.002683935938
113899	0.0002860052314
113900	0.003758707109
113901	0.006553373137
113902	0.0001084728402
113903	0.0004191490204
113904	0.0004937047363
113905	0.0007074546585
113906	0.004305710823
113907	0.001130478958
113908	0.002295810502
113909	0.0006821379454
113910	0.0007450669957
113911	0.001186090655
113912	0.004661500118
113913	0.002504377429
113914	6.055012158e-05
113915	0.000597862364
113916	0.002045646783
113917	0.001173429364
113918	0.01002071133
113919	0.007904135847
113920	0.003009829632
113921	0.00146622375
113922	0.0003819162629
113923	0.002599798712
113924	0.001562221898
113925	0.001289282219
113926	0.003508460215
113927	0.00436542702
113928	0.0110631463
113929	0.00291066925
113930	0.004019327756
113931	0.00192284699
113932	0.002519294571
113933	0.0006208844564
113934	0.0002625466254
113935	0.0004078606123
113936	0.001255870957
113937	0.001285607812
113938	0.002236889827
113939	0.0006128051023
113940	0.0002746124697
113941	0.001089304367
113942	0.001978189864
113943	0.002730698081
113944	0.007133324092
113945	2.260826874e-05
113946	0.003238636364
113947	0.00431435554
113948	0.001416683529
113949	0.0001327781871
113950	0.006490717682
113951	0.001149532627
113952	0.0009963989887
113953	0.0006956883185
113954	0.002061451053
113955	0.0006647569403
113956	0.0003451453917
113957	0.001196193886
113958	0.007326951605
113959	0.002478524124
113960	0.0009881787838
113961	0.0009004205199
113962	0.003480827136
113963	0.000998423472
113964	0.003425902418
113965	0.000195451311
113966	0.0004912309623
113967	0.004468017298
113968	0.0001177067384
113969	0.002863569578
113970	0.001213522653
113971	0.000868249368
113972	0.001971291092
113973	0.002399581353
113974	0.0001278867765
113975	0.0008945369195
113976	0.001784902484
113977	0.001205907961
113978	0.004560925514
113979	0.004398342265
113980	0.001520418438
113981	0.001776876113
113982	0.0001636358215
113983	0.001106281672
113984	0.004398361199
113985	0.001362861374
113986	0.003514801296
113987	0.00133083656
113988	0.001152419151
113989	0.0007567565881
113990	0.003069007631
113991	0.003585167582
113992	0.000783475734
113993	0.001910849334
113994	0.0004663958453
113995	0.000838573184
113996	0.0003147193772
113997	0.003739967575
113998	0.001445498016
113999	0.0006214980162
114000	0.00179944623
114001	0.0008768005634
114002	0.005442823758
114003	0.002699306943
114004	0.00188713425
114005	0.0009325189724
114006	0.0008326791396
114007	0.001564418683
114008	0.003220372326
114009	0.003124340113
114010	0.0006617040748
114011	0.001775364926
114012	0.001032734601
114013	0.004705442868
114014	0.001984945911
114015	0.000802795235
114016	0.001693412708
114017	0.003893357058
114018	0.001638232776
114019	0.00119787923
114020	0.001607683088
114021	0.002401838337
114022	0.00455857396
114023	0.0002704703878
114024	0.002076284953
114025	0.0001606767053
114026	0.0007602258039
114027	0.0004617164678
114028	0.004274660774
114029	0.00255700691
114030	0.0005756714671
114031	0.002022311846
114032	0.001720292972
114033	0.001180591408
114034	0.0006141115936
114035	0.002637663121
114036	2.113828737e-05
114037	0.0002187790592
114038	0.0004519121361
114039	0.000619799994
114040	4.985761975e-05
114041	0.0004961118815
114042	0.0008904130266
114043	3.885395628e-06
114044	0.001965274642
114045	0.0004627867722
114046	0.003546842764
114047	0.004354518941
114048	0.0006018467145
114049	0.001446904254
114050	0.001046718146
114051	0.002879790736
114052	0.002545192239
114053	0.002390866152
114054	0.001329431519
114055	0.0005375925996
114056	0.003660666142
114057	0.001483237077
114058	0.004135715463
114059	0.003220228294
114060	0.002221899454
114061	0.0002577639763
114062	0.000814950048
114063	0.006636420281
114064	0.0005139271098
114065	0.001463891384
114066	0.0009658938633
114067	0.001936840838
114068	0.0006129243536
114069	0.00200560986
114070	0.001457647639
114071	0.001055290083
114072	0.001091401938
114073	0.00132374553
114074	0.0005191643222
114075	0.001863039706
114076	0.006890405756
114077	0.001791707161
114078	0.002074587286
114079	0.001091438508
114080	0.001427300738
114081	0.004084523707
114082	0.004752886195
114083	0.0003613324239
114084	0.0008563447928
114085	0.001684236867
114086	0.000198464489
114087	0.004641619104
114088	0.0008439900974
114089	0.00319816996
114090	1.036677339e-05
114091	0.002202178824
114092	0.001532906962
114093	0.0005121087051
114094	0.001977553166
114095	0.001492896009
114096	0.001507838785
114097	0.002369492175
114098	0.0007518828735
114099	0.008071385986
114100	0.0009151775656
114101	0.0008381165133
114102	0.0009880373406
114103	0.000110238112
114104	0.003602468883
114105	0.0007547448094
114106	0.001142633588
114107	0.001882242885
114108	0.007440109477
114109	0.004478957902
114110	0.003199405642
114111	0.0002766445681
114112	1.842027703e-08
114113	0.001102374436
114114	0.001456194638
114115	2.413697107e-05
114116	0.003379876446
114117	0.005260614224
114118	0.005444798261
114119	0.002487244691
114120	0.0009264185977
114121	6.941081522e-05
114122	0.001432524169
114123	0.004422845932
114124	0.001387311972
114125	0.002543907881
114126	0.0004140646088
114127	0.005783802851
114128	0.003157700401
114129	0.00223117221
114130	0.0006875031702
114131	0.004586932022
114132	0.0002246435478
114133	0.001230373719
114134	0.001503310271
114135	0.001618126175
114136	0.0002269593917
114137	0.005328332963
114138	0.004284282125
114139	0.004043950475
114140	0.001602925454
114141	8.019544263e-05
114142	0.007836870115
114143	0.004562619699
114144	0.004274168059
114145	0.007756512091
114146	0.0008465797327
114147	0.002184074317
114148	0.002447646942
114149	0.003540852489
114150	0.007840346585
114151	0.004049259537
114152	7.940621632e-05
114153	0.0006537802295
114154	0.001066823007
114155	0.003176075193
114156	0.00211200465
114157	0.003260290757
114158	0.0004633620417
114159	7.535920141e-05
114160	2.932863105e-05
114161	0.00137139719
114162	0.0003565705288
114163	0.001233030733
114164	0.0004352926315
114165	0.0008278416212
114166	0.001010513756
114167	7.55926979e-05
114168	9.086694339e-05
114169	0.0005408380569
114170	0.002049431702
114171	0.001698332291
114172	0.00524592276
114173	0.002642537762
114174	0.00116159138
114175	0.001925411493
114176	0.0042940367
114177	0.0002162598661
114178	7.497424744e-05
114179	0.004563851537
114180	0.002039264904
114181	0.0007253779018
114182	0.002338808526
114183	0.004757515721
114184	0.0001366640444
114185	0.00074196193
114186	0.0008772513099
114187	0.0006282719135
114188	0.001876802259
114189	0.0002448915708
114190	0.0001922557434
114191	0.0008006164597
114192	0.0006626301058
114193	0.005011116999
114194	0.00337029517
114195	0.0007552110325
114196	0.001339485917
114197	0.001008282991
114198	0.001516959616
114199	0.0007101350456
114200	0.0001164901084
114201	0.0004258524353
114202	0.0005483377023
114203	0.001863605496
114204	0.003354302142
114205	0.002191711018
114206	0.001772797315
114207	0.0006490362161
114208	0.0002321936002
114209	0.0005330155642
114210	0.0001552102608
114211	0.0008151888705
114212	0.001536691328
114213	0.0005306770204
114214	0.0004719332285
114215	0.001539004111
114216	0.0001022113018
114217	0.001043119343
114218	0.000405980977
114219	0.0005588049357
114220	0.0002540481067
114221	0.0007429432007
114222	0.0007422681177
114223	0.002056789351
114224	0.002593338822
114225	0.0007960790905
114226	0.001144201245
114227	0.0003085003362
114228	0.002428166321
114229	0.00216322057
114230	0.0004130513742
114231	0.0008416829096
114232	0.001557987047
114233	0.002475576732
114234	0.0008919447719
114235	0.004746172086
114236	0.003493608017
114237	0.005272629995
114238	0.004075509609
114239	0.004795037951
114240	0.001123450426
114241	0.0001544425405
114242	0.00163575371
114243	0.0001840205386
114244	0.002845072071
114245	0.001013025092
114246	0.0006366679196
114247	0.001051510432
114248	0.0007589626415
114249	0.002192399758
114250	0.005951752419
114251	0.00926425393
114252	0.001500811618
114253	0.004231620356
114254	0.001209158837
114255	0.002309080798
114256	0.001280457637
114257	0.00490393842
114258	0.005588127819
114259	0.002836311569
114260	0.003667653751
114261	0.001576415496
114262	0.00304193172
114263	0.0009146632561
114264	0.003641803033
114265	0.002772513619
114266	0.001491852424
114267	0.002053785996
114268	0.002631749161
114269	0.001352730933
114270	0.001525530353
114271	0.001747136877
114272	0.0007753191104
114273	1.362382469e-06
114274	0.001759155327
114275	0.001202043059
114276	0.002400736396
114277	0.002320426912
114278	0.0006564965697
114279	0.0004955980419
114280	0.001494086286
114281	0.007778295795
114282	0.003512838092
114283	2.304533482e-05
114284	0.003078700467
114285	0.0006825227286
114286	0.002618707306
114287	0.001054442316
114288	0.004278901961
114289	0.001703953645
114290	0.0006155472484
114291	8.831001113e-05
114292	0.001437672829
114293	0.001091878962
114294	0.001129038071
114295	0.003354722646
114296	0.0009133674422
114297	0.005745547255
114298	8.176375525e-05
114299	0.001276518163
114300	0.0003178346234
114301	0.002316385139
114302	0.001456713994
114303	0.0004712258851
114304	0.001588892363
114305	0.003061244134
114306	0.002106475873
114307	0.00396939682
114308	0.004154655848
114309	0.0003508333324
114310	0.003026400787
114311	0.004980516592
114312	0.001391758217
114313	0.002832023443
114314	0.001419288821
114315	0.002020410184
114316	0.002214701241
114317	0.006643750226
114318	0.007889478384
114319	0.001169872088
114320	0.0003186710867
114321	0.006269564994
114322	0.002135241925
114323	0.0005077654575
114324	0.004615856492
114325	0.003700553127
114326	0.0008655085653
114327	0.0003263881557
114328	0.003591827631
114329	0.002044404808
114330	0.002257309019
114331	0.002413904549
114332	0.004921023387
114333	0.001995138199
114334	0.004013997358
114335	0.001902433788
114336	0.002945981386
114337	0.0005931129595
114338	0.001396227062
114339	0.0005252095426
114340	0.0009494444206
114341	0.001634535157
114342	0.004561764569
114343	0.002985305326
114344	0.001548504265
114345	0.0005476141272
114346	0.0006179283553
114347	5.960201191e-05
114348	0.004301035706
114349	0.001326973542
114350	0.002186764492
114351	0.0006258725188
114352	0.001042381686
114353	0.005146119572
114354	0.0001871173914
114355	0.001248493896
114356	0.0004754964958
114357	9.814801576e-05
114358	0.0001430413705
114359	0.001399220936
114360	0.0005306524302
114361	0.0002997637893
114362	0.000819096202
114363	0.003238635913
114364	0.003149392166
114365	0.0001803201079
114366	0.003416205472
114367	0.001518538425
114368	0.0002091770995
114369	0.0006710890379
114370	0.0007138621667
114371	0.008503608333
114372	0.007063050327
114373	0.001834432301
114374	0.003122645566
114375	0.0001544994456
114376	0.001704114124
114377	8.50095087e-05
114378	4.299906102e-05
114379	0.0006893560306
114380	0.0002788725689
114381	6.186584146e-06
114382	0.001359145169
114383	0.001716949701
114384	0.002052831448
114385	0.004105127867
114386	0.0001108787839
114387	0.0001045610222
114388	0.001310513754
114389	0.0006194698836
114390	0.002217819935
114391	0.001474660047
114392	0.00460772012
114393	0.005984099648
114394	0.0007828767399
114395	0.003173838387
114396	0.004202748186
114397	0.0009388247842
114398	0.0006079611917
114399	0.001627815088
114400	0.001628068607
114401	0.001892293694
114402	0.0008489532315
114403	0.005023948411
114404	0.002029822619
114405	0.0004841917332
114406	0.00420293947
114407	0.003954709573
114408	0.0005379928574
114409	0.0002663927049
114410	0.00229003651
114411	0.007490719665
114412	0.001473266932
114413	5.493237196e-05
114414	0.000738885755
114415	0.0004487823623
114416	0.0004516249603
114417	0.002055449591
114418	0.0003125798579
114419	0.001129439164
114420	0.0005398215239
114421	0.0004611832008
114422	0.001856857813
114423	0.0001761443139
114424	0.000725005254
114425	0.002760903614
114426	0.002546699318
114427	0.002213310756
114428	0.0005205674811
114429	0.0004409883238
114430	0.003511297109
114431	0.001028227199
114432	0.0002058714084
114433	0.001061130914
114434	0.001368941789
114435	0.002096112924
114436	0.001423105583
114437	0.001206280649
114438	0.001853188187
114439	0.00252100855
114440	0.004238748668
114441	0.0003311696066
114442	0.00104406162
114443	0.002671344344
114444	0.0006792000255
114445	0.0003628227653
114446	0.006351872165
114447	0.00343393373
114448	0.001001352266
114449	0.0007371124797
114450	0.001829243354
114451	0.001190201678
114452	0.0005060920125
114453	0.001957523214
114454	0.002119702531
114455	0.00287427117
114456	0.003124455103
114457	0.000460971471
114458	0.002570896527
114459	0.003801205181
114460	0.001012010701
114461	0.00166052955
114462	0.00338831764
114463	0.002592526656
114464	4.123794942e-05
114465	0.0003757488282
114466	0.001231101803
114467	0.007588033405
114468	6.140092347e-09
114469	0.0004558699461
114470	0.0001466545348
114471	0.0002912812696
114472	0.0003107274435
114473	0.002166026359
114474	0.001784985147
114475	0.0012347308
114476	0.001118073551
114477	5.80275214e-05
114478	0.001765081121
114479	0.003522485935
114480	0.003328849291
114481	0.0008341566355
114482	0.004058618005
114483	0.001905845772
114484	0.0002724725263
114485	0.005691950362
114486	0.003012680221
114487	0.003968111668
114488	2.457913311e-05
114489	0.00645966034
114490	0.002338796216
114491	0.00320175569
114492	0.0008557402928
114493	0.001832578274
114494	0.002345981622
114495	0.001364429536
114496	0.0008604059105
114497	0.00105084458
114498	0.0008082845297
114499	0.003189325781
114500	0.002117900583
114501	0.0003956009735
114502	0.0001030327392
114503	0.003991460858
114504	0.004686119736
114505	0.001502588813
114506	0.00737561415
114507	0.0009710495883
114508	0.001339698656
114509	0.0024540493
114510	0.0001738199967
114511	9.803522745e-05
114512	5.44920446e-05
114513	0.005888700686
114514	0.003099626048
114515	0.00104740265
114516	0.006614480658
114517	0.0001736631076
114518	9.173705616e-05
114519	0
114520	0.001392896005
114521	0.002460735672
114522	0.0002727082156
114523	0.0007813020593
114524	0.0003375307326
114525	0.0001065454255
114526	0.003815957685
114527	5.734799505e-06
114528	0.002140087245
114529	8.703254447e-06
114530	0.002082846286
114531	0.003696531312
114532	0.0007592662743
114533	0.001001345646
114534	0.0003546370375
114535	0.005370164988
114536	0.001552093087
114537	0.001974829529
114538	0.003177360116
114539	0.00305632323
114540	0.0003389543871
114541	0.0007165320467
114542	0.001377645852
114543	0.0005091612885
114544	0.001342205405
114545	0.0003743933573
114546	0.001551723658
114547	0.001454356432
114548	0.0007650551282
114549	0.0007832861869
114550	0.001764688617
114551	0.003070916656
114552	0.002745816867
114553	0.0004005348092
114554	0.001224821182
114555	0.0009483109216
114556	0.00222057091
114557	0.001462086158
114558	0.003602919348
114559	0.001260123002
114560	0.002866671489
114561	0.001109821918
114562	0.004729583332
114563	0.0003694729511
114564	0.002250788612
114565	0.004103831666
114566	0.001106730243
114567	0.0009570361446
114568	0.001661019005
114569	0.0008258016641
114570	0.001899429777
114571	0.002812890606
114572	0.0009183058282
114573	0.0002943543471
114574	0.00164161618
114575	0.004875526082
114576	0.002242288611
114577	0.002982465247
114578	0.003483438954
114579	0.0005093179756
114580	0.0009082370544
114581	0.002250415757
114582	0.001701700044
114583	0.001854768968
114584	0.00118668971
114585	1.846485346e-05
114586	0.0004936171164
114587	0.004722999933
114588	0.001649155749
114589	0.001638348978
114590	0.001664662158
114591	0.0006849403899
114592	0.002727301194
114593	0.004086659477
114594	8.465366578e-05
114595	0.0001787993551
114596	0.0009052499822
114597	0.001126401396
114598	0.002284728378
114599	0.006497468373
114600	0.0004493932789
114601	0.0001793578048
114602	0.0004070064723
114603	0.001631549532
114604	0.00122757605
114605	0.002683632862
114606	0.004424326884
114607	0.0005347176314
114608	0.002805839092
114609	0.0008041280688
114610	0.0001491090833
114611	0.00267734156
114612	0.00258772305
114613	0.0001374826683
114614	0.0004849248807
114615	0.0007992029292
114616	0.0006005159058
114617	0.0004991678143
114618	0.0003479844807
114619	0.007042135945
114620	0.0007934557962
114621	0.002818004488
114622	0.002156939106
114623	0.005186321381
114624	0.002468107895
114625	0.00181001047
114626	0.001185996649
114627	0.002711368606
114628	0.0009272520316
114629	0.002406980538
114630	0.0008437764387
114631	0.001545238898
114632	0.004151130231
114633	0.001355085125
114634	0.00078842808
114635	0.004108276124
114636	0.0003915100784
114637	0
114638	0.0001322653034
114639	0.002098068656
114640	0.00291625418
114641	0.001101791261
114642	0.0002517249113
114643	0.000168524162
114644	0.0002714033175
114645	0.001870620319
114646	0.001261634137
114647	0.002067160736
114648	0.0001771882834
114649	0.0003030030184
114650	0.002879127058
114651	0.0009396897802
114652	0.001206517712
114653	8.275583171e-06
114654	0.001817556881
114655	0.002373433421
114656	0.004498321795
114657	0.007719553862
114658	0.001799476119
114659	0.003679240522
114660	0.005740726166
114661	0.002940995987
114662	8.203348315e-07
114663	0.000300073667
114664	0.002889451004
114665	0.007267473522
114666	0.000105229515
114667	0.002845703439
114668	0.00175863117
114669	0.00214182717
114670	0.004110052752
114671	0.001668671181
114672	0.0009006984202
114673	0.004406956486
114674	0.002732495414
114675	0.000730544944
114676	0.001980351566
114677	0.001444592766
114678	0.001015020418
114679	0.001900827932
114680	0.002125169871
114681	0.001420036271
114682	0.001857268726
114683	0.0003575181202
114684	0.0002772677797
114685	7.361261313e-05
114686	0.0008845721635
114687	9.467216622e-05
114688	0.002631530696
114689	0.00292918327
114690	0.001126682821
114691	0.001631062782
114692	0.001428767427
114693	0.001004462799
114694	0.004504507427
114695	0.006433819652
114696	0.0002854095401
114697	0.000893730994
114698	0.001678319626
114699	0.0004905123093
114700	0.0004883304051
114701	0.000169883734
114702	0.004288496267
114703	0.00275451979
114704	0.0008970466987
114705	0.001626422138
114706	0.002648094938
114707	0.001236027175
114708	0.0009498580322
114709	0.001195155284
114710	0.0001252885068
114711	0.002179155823
114712	0.009256759605
114713	0.004214569965
114714	0.004423785772
114715	0.001135021132
114716	0.001489132531
114717	0.006563061188
114718	0.001222023971
114719	0.004287868678
114720	0.0009448273879
114721	0.0007068622601
114722	0.0001240397312
114723	0.000324858927
114724	0.002988264546
114725	0.001984543593
114726	0.002255091122
114727	0.0002918845953
114728	0.002291376081
114729	0.0001645955737
114730	0.0002161157258
114731	0.0002636146689
114732	0.0005714778254
114733	0.001587432816
114734	0.00103791763
114735	0.001352700357
114736	0.004009658085
114737	0.001851911405
114738	0.001137818709
114739	0.0009928267873
114740	0.0007263411483
114741	0.0006183532357
114742	0.002202582695
114743	8.856255057e-05
114744	0.005266453191
114745	0.001154387653
114746	0.0004605762997
114747	0.004545405193
114748	0.002236907625
114749	0.001039976432
114750	0.0004030005971
114751	0.0002266526892
114752	0.001076687106
114753	0.001934560942
114754	0.001445545428
114755	0.003250081108
114756	0.000228722579
114757	0.004337746204
114758	0.005441421598
114759	0.0003358837357
114760	0.006434441336
114761	0.002518991548
114762	0.001431085355
114763	0.001618967381
114764	0.002547210528
114765	0.001600932044
114766	0.001754383963
114767	0.004253428532
114768	0.0001842893627
114769	0.00143762053
114770	0.002484123318
114771	0.002984586973
114772	0.002250195481
114773	0.003483938949
114774	0.0009473357492
114775	0.0003958770413
114776	0.000580244752
114777	0.0005613651305
114778	2.160957736e-05
114779	0.0008741312014
114780	0.002141024263
114781	0.0005190537682
114782	0.00141976183
114783	0.0001365794347
114784	0.003575101166
114785	0.001859611243
114786	0.006610041762
114787	0.000110308344
114788	0.001025129106
114789	0.0005976576812
114790	0.001274663141
114791	0.001286957846
114792	0.0007261164807
114793	0.00487073759
114794	0.001909317131
114795	0.0002275903174
114796	0.0007800324094
114797	0.001224216989
114798	0.0008247109689
114799	0.001489248572
114800	0.001923430882
114801	0.00129232696
114802	0.0007179117518
114803	0.00926926053
114804	0.0001594290833
114805	0.004062506741
114806	0.005875832986
114807	0.003661973884
114808	0.001757832019
114809	0.001726048777
114810	0.001083573613
114811	0.0007688954762
114812	0.002270625231
114813	6.29356433e-05
114814	0.001668065742
114815	0.001999228636
114816	0.003149073338
114817	0.001610822356
114818	0.003357058613
114819	0.001478832939
114820	0.0003550247432
114821	0.000734909741
114822	0.002543733322
114823	0.001088100399
114824	0.0006235327176
114825	0.002841262951
114826	0.001027543412
114827	0.006313073436
114828	0.001003891071
114829	0.001532886259
114830	0.001515131965
114831	0.004655891922
114832	0.0001539001972
114833	0.00113585494
114834	0.007767917554
114835	0.003537350943
114836	0.0005075268265
114837	0.002943122855
114838	0.001861298906
114839	0.001538457113
114840	0.002923029146
114841	0.0003723927767
114842	0.001463177951
114843	0.0005260509714
114844	0.002873927678
114845	0.002671699184
114846	0.00152765788
114847	0.0006694289766
114848	0.0005348219118
114849	0.0001579425355
114850	0.003434062142
114851	0.001877133361
114852	0.0006744193176
114853	0.00252169673
114854	0.0008662976337
114855	0.001530377318
114856	0.0004507755569
114857	0.002923296491
114858	0.001728118164
114859	0.005288168436
114860	0.001543936088
114861	4.973206924e-05
114862	0.0003806297155
114863	4.771502211e-06
114864	0.0001982922465
114865	0.0005760125061
114866	0.001139959513
114867	0.0005332310359
114868	0.002828683118
114869	0.0001712021065
114870	0.0001232797156
114871	0.0006706001275
114872	9.118734786e-05
114873	0.0008147282968
114874	0.002246887027
114875	9.372743416e-05
114876	0.004339159263
114877	0.0002349150216
114878	0.004003757729
114879	0.0003838691422
114880	0.001121962636
114881	0.002264509373
114882	1.144963986e-05
114883	0.003251605251
114884	0.001237852623
114885	0.009681133643
114886	0.005955855708
114887	0.002485715463
114888	0.004402295335
114889	0.00108064453
114890	0.00114103111
114891	0.0002809154952
114892	0.000202185324
114893	0.003527582779
114894	0.001443759005
114895	1.758889702e-05
114896	0.003522114588
114897	0.002081049591
114898	0.001038012952
114899	0.006000366705
114900	0.0002420771453
114901	0.006060368592
114902	0.0008331417851
114903	0.0007562274881
114904	0.006162307619
114905	0.0008362916495
114906	0.001036120487
114907	0.002188973524
114908	0.001918482242
114909	0.0004158475634
114910	0.002165829568
114911	0.002215774088
114912	1.485735617e-05
114913	0.0006476358495
114914	0.001295686665
114915	0.007266068777
114916	0.003638435208
114917	0.005262752866
114918	0.001345037013
114919	0.008200898734
114920	0.0003862143431
114921	0.0002123675168
114922	0.00036630866
114923	0.0004411175522
114924	0.002396529644
114925	0.00138587931
114926	0.0001765318075
114927	0.002444254898
114928	0.0002107133477
114929	0.0004306406893
114930	0.001229161726
114931	0.001197431721
114932	0.004763241611
114933	0.001867119662
114934	0.001843115359
114935	0.001666250466
114936	0.001426001959
114937	0.001158408894
114938	3.402765697e-05
114939	0.001780760963
114940	0.003468655296
114941	0.004157061916
114942	0.002331438094
114943	0.0006026009057
114944	0.004691145292
114945	0.001510040916
114946	0.002535109957
114947	0.002487941611
114948	0.001291924332
114949	0.001938661352
114950	0.007173312438
114951	0.0001083352709
114952	0.001611528809
114953	0.001121019346
114954	0.004321656903
114955	0.0001064414362
114956	0.002234978105
114957	0.0004086046182
114958	0.000844002101
114959	0.006189019916
114960	0.0003114358481
114961	0.0008897325886
114962	0.001571885352
114963	0.004321542691
114964	0.003724899332
114965	0.001661774323
114966	0.00541756226
114967	0.004627886687
114968	0.006157765286
114969	0.008118921019
114970	0.003308508285
114971	0.004834410512
114972	0.0002936673491
114973	0.002193754315
114974	0.004346275796
114975	0.001654995087
114976	0.002090223973
114977	0.003264939277
114978	0.0008884769867
114979	0.0002343728329
114980	0.0006036403867
114981	0.0009715143822
114982	0.004067368151
114983	0.002884137255
114984	0.0003142755647
114985	0.0009290288399
114986	0.001734613428
114987	0.0009121441746
114988	0.0004757415774
114989	0.001799783408
114990	0.001471398046
114991	0.001761659646
114992	0.0005284192693
114993	0.001342000078
114994	0.001756858577
114995	0.001556336973
114996	0.001117016876
114997	0.002767539915
114998	0.004308808927
114999	0.001222802912
115000	0.0008746636761
115001	0.003740014382
115002	0.0003743060867
115003	0.004652777028
115004	0.003283141147
115005	0.0008878875756
115006	0.0008946025319
115007	0.002742977601
115008	0.001173653975
115009	0.002342236753
115010	0.0003186026902
115011	0.002386525409
115012	0.00148995613
115013	0.005106377632
115014	0.0001819602487
115015	0.002083550446
115016	0.002156137557
115017	0.003064491187
115018	0.003314562537
115019	0.001454245194
115020	0.00383988585
115021	0.000209687308
115022	0.0007529822052
115023	2.689163151e-05
115024	0.00157432342
115025	0.0004507378219
115026	0.0008094953434
115027	0.001588509819
115028	0.0002359609872
115029	0.003536388257
115030	0.004232123674
115031	0.0001045684349
115032	0.002907666784
115033	3.578016643e-05
115034	0.00144007043
115035	0.0005451318998
115036	0.0002066730871
115037	0.0005049196677
115038	0.0003451483471
115039	0.0004256619858
115040	0.0004880881344
115041	0.0004624906649
115042	6.567549221e-05
115043	0.0004098131949
115044	0.0005726093081
115045	0.0001968899242
115046	0.001181393274
115047	0.004721951243
115048	0.0006624313006
115049	0.001532329718
115050	0.0003215199615
115051	0.001022012276
115052	0.005504325077
115053	0.0003748199698
115054	0.0003962277951
115055	0.002639494884
115056	0.002912146882
115057	0.005734374372
115058	0.0001514912718
115059	0.000451743813
115060	0.0001375931927
115061	0.000989661986
115062	0.003344886536
115063	0.002614823106
115064	0.0007398840433
115065	0.002392534726
115066	0.001918696223
115067	0.002092450376
115068	0.002986619949
115069	0.0004036591771
115070	0.0001249524632
115071	0.00782430827
115072	0.002468618797
115073	0.0001475140309
115074	0.003107968289
115075	0.008200765156
115076	0.003806529748
115077	0.001218476316
115078	0.003956770047
115079	0.007296171132
115080	0.003117862253
115081	0.0004708144269
115082	0.002888008725
115083	0.007271296276
115084	0.003208657627
115085	0.0002848616365
115086	0.003391405939
115087	0.0004282825884
115088	0.001794012295
115089	0.001942387241
115090	0.0005711279307
115091	0.0003803577
115092	0.006346277614
115093	0.001501099102
115094	0.003550168874
115095	0.002760488562
115096	0.000582362181
115097	0.001746462505
115098	0.0007216461236
115099	0.000870497962
115100	0.002524000451
115101	7.872126738e-05
115102	0.001088292825
115103	0.000548258021
115104	0.002669467118
115105	0.004916175554
115106	0.001155119837
115107	0.001973906148
115108	0.0009647572513
115109	0.001117748511
115110	0.0007899250546
115111	0.002408298092
115112	0.0003946207049
115113	0.002594071073
115114	0.001895331356
115115	1.503780771e-05
115116	0.004309063757
115117	0.002327422157
115118	0.0004358798626
115119	0.005180892644
115120	0.001249245045
115121	0.003403327161
115122	0.001744902168
115123	0.0004384201752
115124	0.002451673157
115125	0.002626540603
115126	0.001415979887
115127	0.001997927083
115128	0.001390481143
115129	0.0007895865984
115130	0.001054061085
115131	0.002203666769
115132	0.0002879124831
115133	3.739021627e-05
115134	0.0003621788528
115135	0.001265649966
115136	0.0005548299787
115137	0.0004545361054
115138	0.001351680736
115139	0.006584546698
115140	0.004710732609
115141	0.001411210326
115142	0.002116043431
115143	0.00415049452
115144	0.006083944991
115145	0.0005115607095
115146	0.001418375176
115147	0.001827370474
115148	0.002509340782
115149	0.0001113873731
115150	0.002894918487
115151	0.004809083729
115152	0.0002138966599
115153	0.001564084106
115154	0.00114308957
115155	0.00100397584
115156	0.0006425193128
115157	0.001000048014
115158	0.0005528338263
115159	0.00493401092
115160	0.0007402490564
115161	0.0001637707549
115162	0.0008944166357
115163	0.00481865723
115164	0.001477356007
115165	0.001351938247
115166	0.0005101373815
115167	0.0003076852082
115168	0.003121854892
115169	0.0005268111001
115170	0.0008289783867
115171	0.003462278694
115172	0.00233235129
115173	0.0002013083613
115174	0.004508226671
115175	0.003031098011
115176	0.004707559143
115177	0.000594901695
115178	0.0009952433877
115179	0.0003185382264
115180	0.0002345230873
115181	0.001787689531
115182	0.002325265209
115183	0.001032701155
115184	0.005754922735
115185	0.00102014154
115186	0.0002013759651
115187	0.0003161673906
115188	0.001429223269
115189	0.0006905801439
115190	0.001565412842
115191	0.0008296888338
115192	0.002559548862
115193	0.002087563231
115194	0.001807143425
115195	0.002825307956
115196	0.002370207918
115197	0.0005017883145
115198	0.001459498949
115199	0.004098035138
115200	1.464670513e-05
115201	0.001302527239
115202	0.002882371076
115203	0.0009416323312
115204	0.004108651314
115205	0.0008421142693
115206	0.0002218375061
115207	0.003874377945
115208	1.779193572e-06
115209	0.0003376796665
115210	0.001025293877
115211	0.003862520223
115212	0.001137491784
115213	0.005317027426
115214	0.000284658249
115215	0.006985740224
115216	0.001631668725
115217	0.00635994736
115218	0.004839421376
115219	0.0002532279939
115220	0.0008999923631
115221	0.001315359075
115222	0.001677073066
115223	0.003367029421
115224	0.0004906361843
115225	0.003653442693
115226	0.001350734485
115227	0.004121665553
115228	0.004142547822
115229	0.005167966384
115230	0.002942736393
115231	0.003396169483
115232	0.00193257761
115233	0.0005293322973
115234	0.004253908287
115235	0.0007436165217
115236	0.002491072426
115237	0.001363379357
115238	0.000576007424
115239	0.004801598426
115240	0.001406176373
115241	0.001156662705
115242	0.0003453133736
115243	0.0002952840106
115244	0.000789963356
115245	0.001337958319
115246	0.005133605095
115247	0.003258009545
115248	0.000627283566
115249	0.003156994456
115250	0.0001335201733
115251	0.003387193834
115252	0.0001452091939
115253	0.002012840581
115254	0.0006707671585
115255	0.004037959346
115256	0.002387916172
115257	0.0007847801554
115258	0.004534250668
115259	0.0015111043
115260	0.005574481691
115261	0.0001351404561
115262	0.001160537547
115263	0.0003621573615
115264	0.0005273687422
115265	0.0005163606451
115266	0.002718992821
115267	0.0007074623678
115268	0.002659589485
115269	0.002103807217
115270	0.001411775187
115271	3.070046174e-08
115272	0.000404505943
115273	0.0008402982124
115274	0.000335702112
115275	0.0005162478071
115276	0.004641763785
115277	0.0003608552784
115278	0.0004257137655
115279	0.001124746969
115280	0.0006016797171
115281	0.0001975397753
115282	0.002011893655
115283	0.004250419865
115284	0.005294061958
115285	0.0002413945204
115286	3.411146325e-05
115287	0.002100876121
115288	0.001516261696
115289	0.005265898626
115290	0.0007155083447
115291	0.002779520466
115292	0.003398202162
115293	0.003344068498
115294	0.002210677362
115295	0.0002211624332
115296	0.0009467237257
115297	0.0002038430317
115298	0.0003795838258
115299	3.051856773e-05
115300	0.00166022116
115301	0.0002580068391
115302	0.0008550595597
115303	0.002210942542
115304	0.001100066904
115305	0.001042492096
115306	0.0005838905164
115307	0.001907843622
115308	0.0007833715883
115309	0.0002292717957
115310	0.001691717654
115311	0.003594308546
115312	0.000530253058
115313	0.003530034509
115314	0.004941144425
115315	2.877196134e-05
115316	0.0008451067204
115317	0.003592487476
115318	0.001208126848
115319	0.0003765339414
115320	0.002181752428
115321	0.0005442334671
115322	0.0006526082407
115323	0.000562254129
115324	0.0002699813552
115325	0.0002557022719
115326	0.0006528892522
115327	0.0004106289651
115328	2.720568618e-05
115329	5.389455203e-05
115330	0.001838677304
115331	0.002713181674
115332	0.0021720578
115333	0.003748273132
115334	0.001361651955
115335	0.001631335331
115336	0.001385902931
115337	0.0008772559873
115338	0.005810218459
115339	0.002145177505
115340	0.0002279214827
115341	0.001982787809
115342	0.00585402423
115343	0.0009480575457
115344	0.003258892061
115345	0.0004774331246
115346	0.000851377474
115347	0.000728668885
115348	0.001748663066
115349	0.001080729171
115350	0.0005119671768
115351	0.001364147497
115352	0.0005838095949
115353	0.0001562758527
115354	0.0009146954479
115355	0.001977889637
115356	0.0006745497086
115357	0.001514219289
115358	0.001752470714
115359	0.001445751065
115360	0.0003773014435
115361	0.0002450886277
115362	0.002271248616
115363	0.001617969117
115364	0.0008597185858
115365	0.0002440113416
115366	0.002160827793
115367	0.003214732892
115368	0.0001367115577
115369	0.0002582005876
115370	0.001936370877
115371	0.0009045552233
115372	0.001109706446
115373	0.004388715005
115374	0.001869276316
115375	1.64623952e-05
115376	0.004336720831
115377	0.0007836177993
115378	0.005906232414
115379	0.005596173649
115380	0.0005580433585
115381	0.003093705831
115382	0.003719921632
115383	0.003186745797
115384	0.003085851572
115385	0.0006167084481
115386	0.003513778263
115387	0.002864546169
115388	0.002640722396
115389	0.004865006455
115390	0.004096899621
115391	0.001289239873
115392	0.002635998338
115393	0.001914550325
115394	1.493642461e-05
115395	0.002176016359
115396	0.0002641442276
115397	0.0007689662969
115398	0.002248490131
115399	0.00105485379
115400	0.0002340693917
115401	0.002519579711
115402	0.003485343286
115403	0.002355325089
115404	0.004603338574
115405	0.004515060833
115406	7.474841833e-06
115407	0.0001183023096
115408	0.000102780368
115409	0.0002655164089
115410	0.0002826674158
115411	0.0009529593957
115412	0.000751495124
115413	0.0001225169702
115414	0.0005649311334
115415	0.0002759842116
115416	0.0002524842422
115417	0.0002903119296
115418	0.0002160214913
115419	0.0002546839855
115420	0.0007676483801
115421	0.0002968708486
115422	0.001314741144
115423	0.0002577323476
115424	5.640023895e-05
115425	0.0002799357617
115426	0.0009280492389
115427	0.001169815631
115428	0.002010275249
115429	0.0004239386398
115430	0.0004201937973
115431	0.0003117845267
115432	0.00126359799
115433	0.001216992333
115434	0.00132026805
115435	2.520982116e-06
115436	9.803108592e-05
115437	0.0004404222155
115438	0.0003135823436
115439	0.001949820769
115440	0.0002948554399
115441	0.001951758308
115442	0.001119785668
115443	0.001019531734
115444	0.001557636344
115445	0.001035583551
115446	0.0004492366253
115447	0.0002427990486
115448	0.0008530434405
115449	0.0004366682618
115450	0.0004350596998
115451	0.0004288341461
115452	0.0008544639992
115453	0.0002449093074
115454	0.001413487567
115455	0.001265227599
115456	0.0006387300984
115457	0.0007652891655
115458	0.001583137233
115459	0.0008308384116
115460	0.001000552318
115461	0.002460101459
115462	0.003231360824
115463	0.0004038659455
115464	0.001913430794
115465	0.001155906744
115466	0.0004711149348
115467	0.0001687318288
115468	0.000565868741
115469	6.507082454e-05
115470	0.001201177904
115471	0.002170138037
115472	1.786031757e-06
115473	0.0002601382693
115474	0.0004414238626
115475	0.0003401648277
115476	0.0002573398066
115477	0.001117963764
115478	0.001879041377
115479	0.001791372324
115480	0.0002726002552
115481	0.001204607037
115482	0.0002362499453
115483	0.000522151223
115484	0.000936521325
115485	0.001955156486
115486	0.0002539732539
115487	0.001814905134
115488	0.001166990514
115489	0.0008925376277
115490	0.0007997108148
115491	0.0004548787172
115492	3.371257306e-05
115493	0.0006056684227
115494	0.002285526037
115495	0.001410882843
115496	0.0008574636075
115497	0.002271095782
115498	0.0006908159871
115499	0.001161265482
115500	0.0002131986103
115501	0.0001840119766
115502	0.0007223747091
115503	0.001574789386
115504	0.001424646469
115505	0.002286236828
115506	0.0001002951311
115507	0.001003258462
115508	0.001011793066
115509	0.0008754986918
115510	0.002242192856
115511	0.001339249547
115512	0.000473187466
115513	0.0001899114298
115514	0.001092669283
115515	0.0009071587625
115516	3.293398039e-05
115517	0.0002307459407
115518	0.0004763014792
115519	0.002231147478
115520	0.001152435948
115521	0.001235088165
115522	0.0005160798536
115523	0.0008140883547
115524	0.002057110891
115525	8.1966665e-05
115526	0.002162374511
115527	0.0009934655407
115528	0.0008324826441
115529	0.0001301636857
115530	7.789041446e-05
115531	0.001474166743
115532	0.0007889803388
115533	0.0003948825598
115534	0.0001188622577
115535	0.001030188545
115536	0.001065129123
115537	0.001018423769
115538	0.0004553735813
115539	0.0003067609755
115540	0.0002431453366
115541	0.001481295719
115542	0.0007118627913
115543	0.000799069501
115544	0.0001079392468
115545	0.000326514044
115546	0.000647881765
115547	0.0006701483199
115548	0.0001329510696
115549	0.0007067382715
115550	0.001798606093
115551	0.0002662926367
115552	6.982943367e-05
115553	0.0002959822835
115554	0.0002489326456
115555	0.0008736871281
115556	0.0003501530047
115557	0.0007764574052
115558	0.0001404742205
115559	0.0009703767127
115560	0.0005764606227
115561	0.001443064569
115562	0.001601352875
115563	0.001267816607
115564	0.001181215576
115565	0.0002706139231
115566	0.001071806489
115567	0.002279420342
115568	0.0008142378791
115569	0.0009183301334
115570	0.0002778521233
115571	0.0004570081543
115572	0.0001958020138
115573	0.002301323796
115574	0.001815539667
115575	0.0004497227709
115576	0.002195174264
115577	0.005188798144
115578	0.0001861957756
115579	0.001091767285
115580	0.0002463456447
115581	0.005843473567
115582	0.001956657221
115583	0.0004868249323
115584	0.006359789504
115585	0.002939615625
115586	0.001559467688
115587	0.000744467597
115588	0.004024089941
115589	0.00105077101
115590	0.003960893076
115591	0.007190048629
115592	0.007274384528
115593	0.003931824977
115594	0.000544578767
115595	0.0005286446304
115596	0.003092325382
115597	0.00116100813
115598	0.000730543227
115599	0.004150863655
115600	0.000129917763
115601	0.001137262789
115602	0.0002132134911
115603	0.001698986171
115604	0.0007717296709
115605	0.003666653212
115606	0.0004220291581
115607	0.0004134691393
115608	0.002515068891
115609	0.0001466981504
115610	0.0001793631626
115611	0.000334194343
115612	0.001154652112
115613	0.000333096618
115614	0.0007326493163
115615	0.0009873478015
115616	0.001161713308
115617	0.001003421538
115618	0.004578081639
115619	0.001344656549
115620	0.003155609673
115621	0.003815890083
115622	0.001053927039
115623	0.007205435571
115624	0.001922725457
115625	0.003660364183
115626	0.002083116526
115627	0.00105766712
115628	0.005177417572
115629	0.002172234331
115630	0.004445453174
115631	0.002412347603
115632	0.0001693891379
115633	0.004081141987
115634	0.002313605627
115635	0.005173901565
115636	0.004687075882
115637	0.002782901574
115638	0.0009875808052
115639	5.032366854e-07
115640	0.003994451368
115641	0.001075129962
115642	0.0001367200276
115643	0.000374752134
115644	0.00246044667
115645	0.0002018606424
115646	0.001012611193
115647	0.0001880540613
115648	0.001407414283
115649	0.0008707446711
115650	0.0001740170375
115651	0.002001258364
115652	0.001535821754
115653	0.0047706975
115654	0.005027859554
115655	0.001089026385
115656	0.0001955472321
115657	0.0001218484226
115658	0.0003793522459
115659	3.500449021e-05
115660	4.329354586e-05
115661	0.0001132553761
115662	0.0001106771327
115663	0.003755852788
115664	0.001621824471
115665	0.003114188753
115666	0.00182410813
115667	0.002310710839
115668	0.002911281469
115669	0.0002985862066
115670	0.0004325641607
115671	0.0002414919967
115672	0.002587809601
115673	0.0005691402891
115674	0.002007787703
115675	0.001103028046
115676	0.0007333366909
115677	0.0007384226708
115678	0.0003827117663
115679	0.0001068882998
115680	0.0003935112511
115681	0.0006203652416
115682	0.0001324583923
115683	0.001302708375
115684	0.002797106655
115685	0.007056690807
115686	0.004792945416
115687	0.001762712673
115688	0.0006956641231
115689	0.0005250355289
115690	0.000619180866
115691	0.001017897517
115692	0.00090668494
115693	0.0002353002447
115694	0
115695	3.669502935e-05
115696	0.0004455057866
115697	0.0007169039389
115698	0.003792959202
115699	0.002565201413
115700	0.0001798139164
115701	0.0001535656429
115702	0.0005122439158
115703	3.02808219e-05
115704	0.001309881059
115705	0.0005155286992
115706	0.002118181192
115707	0.002568318327
115708	9.811778541e-05
115709	0.002470742487
115710	0.002288902569
115711	0.001201650844
115712	0.005772502604
115713	0.002178038587
115714	0.0001394687167
115715	0.004447061691
115716	0.003843980892
115717	0.001331542384
115718	0.001458100608
115719	0.0006941769096
115720	0.001556063973
115721	0.0003656034632
115722	0.003861718727
115723	0.001023004715
115724	0.001988793448
115725	0.004635397951
115726	0.001021997309
115727	0.002157849006
115728	0.001401750212
115729	0.008668093921
115730	0.0005453063033
115731	0.002788195843
115732	0.000735619915
115733	0.0002283173907
115734	0.0005454711538
115735	0.0008528020377
115736	0.002566977455
115737	0.0002641600766
115738	0.0001064421964
115739	0.005357274445
115740	0.0003592997778
115741	0.003658499517
115742	0.001433658326
115743	0.004334051457
115744	0.004173380975
115745	0.00355420668
115746	0.0001451261978
115747	0.002202783124
115748	0.0009156759273
115749	0.006757730238
115750	0.002613134584
115751	0.002362477567
115752	0.0002013254934
115753	1.61245717e-05
115754	0.006043874414
115755	0.001473420546
115756	0.001840147439
115757	0.002342538271
115758	0.0008090703386
115759	0.001396475703
115760	0.0008543610235
115761	0.001958537468
115762	0.001349852651
115763	0.003237273186
115764	0.001272781086
115765	0.001029177906
115766	0.002789733348
115767	4.430536463e-05
115768	0.001145991937
115769	0.001537365385
115770	9.128700374e-05
115771	0.001192404274
115772	0.0005940651194
115773	0.0001004340447
115774	0.0005245864302
115775	0.000397786489
115776	0.0009508762376
115777	0.0001862480671
115778	0.001163803691
115779	0.004802221249
115780	0.002536738151
115781	0.002124321537
115782	0.003793926113
115783	0.0003930865649
115784	0.0004318252194
115785	0.001459308717
115786	0.003329647745
115787	0.001327102815
115788	0.002020295964
115789	0.0005612319902
115790	0.00125982133
115791	0.0002896084971
115792	0.0007853206066
115793	3.665544743e-05
115794	0.00183088401
115795	0.0002585759492
115796	0.002372902876
115797	0.0006852939585
115798	0.002849955132
115799	0.0003020919319
115800	0.000454953143
115801	0.002610545176
115802	2.040677143e-05
115803	0.0007605009685
115804	0.0003875762932
115805	0.0009483134312
115806	0.00392392526
115807	0.003430970091
115808	0.0008893521639
115809	0.001433750183
115810	0.007236434277
115811	0.0003931825311
115812	0.003191347418
115813	0.004420476877
115814	0.002923302291
115815	0.0001983764278
115816	0.004202760686
115817	1.577029238e-05
115818	0.0004680528434
115819	0.006237473027
115820	0.001738879949
115821	0.001446730727
115822	0.00315808772
115823	0.0001165810748
115824	0.001552940503
115825	0.003096950596
115826	0.000143884197
115827	0.0005033387698
115828	0.0001196244713
115829	0.004010106328
115830	0.0005350676114
115831	0.005968911788
115832	0.003320277404
115833	0.003170140994
115834	0.0002466232241
115835	0.001326625683
115836	0.001902757618
115837	0.001273561326
115838	0.0005894311596
115839	0.00027297923
115840	0.0002665596263
115841	0.0007057494583
115842	0.0005648800108
115843	0.0003488996392
115844	1.077070897e-05
115845	0.0001041698408
115846	0.002364002174
115847	0.0001608855416
115848	0.0008798591815
115849	2.722102768e-05
115850	0.001151980012
115851	0.001925372939
115852	0
115853	0.0007761236158
115854	0.001518366883
115855	0.004000646224
115856	0.006237974301
115857	0.00347093198
115858	7.610971613e-05
115859	0.0004286607252
115860	0.00490176858
115861	9.955490733e-05
115862	0.004161836247
115863	0.001203131979
115864	0.0003414810587
115865	0.001382872102
115866	0.0007786457031
115867	0.001815654981
115868	0.005605059809
115869	0.0002597778312
115870	0.002825537353
115871	0.002297394286
115872	0.003975957218
115873	0.001736504514
115874	0.0008171319262
115875	0.0001441162667
115876	0.004493086819
115877	0.0009335343197
115878	0.001305879589
115879	0.002270192855
115880	0.001757961385
115881	0.001102966343
115882	0.001709479835
115883	0.007540283201
115884	0.001355263059
115885	0.002601563981
115886	0.005092575027
115887	0.0006626943265
115888	0.0003306450264
115889	0.005724285731
115890	0.002003991765
115891	0.008005582385
115892	0.00134118532
115893	0.003967465218
115894	0.001494486964
115895	0.002636987033
115896	0.003440827718
115897	0.0004862634192
115898	0.001168411234
115899	0.004659844391
115900	0.004374620383
115901	0.00218811217
115902	0.002866191538
115903	0.004077040517
115904	0.003705070796
115905	0.001209222251
115906	0.0002936140926
115907	0.001214633071
115908	2.09960001e-05
115909	0.005924685852
115910	0.0004015831317
115911	0.005716866236
115912	0.0002943131503
115913	0.001825877748
115914	0.005001933621
115915	0.007127603727
115916	0.004019513249
115917	0.001072040883
115918	0.0008520405304
115919	0.0007712600934
115920	0.0005603714206
115921	0.000400144737
115922	0.001668275928
115923	0.005347223023
115924	0.002310001599
115925	0.006321193617
115926	0.006568272543
115927	0.001228609592
115928	0.004996195558
115929	0.002456381344
115930	0.004400596442
115931	0.002017101303
115932	0.00142147616
115933	0.003445382104
115934	6.670519127e-05
115935	0.001908436249
115936	0.000970310926
115937	0.00285046485
115938	0.0008895100384
115939	0.006127303648
115940	0.008830412078
115941	0.004013799883
115942	0.0006733044107
115943	0.002173147536
115944	0.005350985699
115945	0.001671460782
115946	0.002878065811
115947	0.006139562216
115948	0.005758254468
115949	0.007163643169
115950	0.005764142957
115951	0.0009402975942
115952	0.001073151665
115953	0.000799672207
115954	0.003590932694
115955	0.001988562961
115956	0.002123368957
115957	0.001439723731
115958	0.001997256629
115959	0.0007625414046
115960	5.977128614e-05
115961	0.0001757269021
115962	0.000601495563
115963	0.001964178756
115964	0.0003208029224
115965	0.000381737735
115966	0.001833593452
115967	0.006807800438
115968	0.004953078537
115969	0.0004469615205
115970	0.002090116304
115971	0.000604467421
115972	0.0007291220459
115973	0.002201194465
115974	0.003964370829
115975	0.001929783072
115976	0.004176593868
115977	0.003558749389
115978	0.00109875024
115979	0.004481153428
115980	0.0008203603275
115981	0.003823162294
115982	0.0006973588194
115983	0.004458088663
115984	0.004695674046
115985	0.004166144591
115986	0.004954679244
115987	0.001386424656
115988	0.006293952744
115989	0.004686978705
115990	0.0007811799607
115991	0.0009989995832
115992	0.0005018803823
115993	0.01105342654
115994	0.00778339358
115995	0.001078995445
115996	0.003623775817
115997	0.004308648714
115998	0.00259963093
115999	0.000987239149
116000	0.001892436682
116001	0.003489831601
116002	0.006377294846
116003	0.00529488489
116004	0.0002376400514
116005	0.004443575814
116006	0.001594745272
116007	0.000721190783
116008	0.004516240916
116009	0.0006518638744
116010	0.0001989160249
116011	0.001818926318
116012	0.000264876093
116013	0.002868323833
116014	0.0006580449879
116015	0.0001168665172
116016	0.001062282146
116017	0.0004875172743
116018	0.002129850187
116019	0.004227979987
116020	0.0009915787057
116021	0.001824905982
116022	0.0002413279526
116023	0.0001531409
116024	0.005155466179
116025	0.0002771856066
116026	9.569579449e-05
116027	0.0007803463653
116028	0.003523042013
116029	0.001410834523
116030	0.003055021598
116031	0.001691932832
116032	0.0001219597925
116033	0.0001449334799
116034	0.001412550393
116035	0.001922361491
116036	0.000154870782
116037	0.0001268129146
116038	0.001075165233
116039	0.0006941250558
116040	0.001650778697
116041	0.0005885401283
116042	0.0009381567438
116043	0.001938727827
116044	0.001075551809
116045	0.0001916062439
116046	0.0009765848775
116047	0.0006839078143
116048	0.001241135682
116049	0.002076778536
116050	0.001978749485
116051	0.001824378604
116052	0.002998030104
116053	0.001217129099
116054	0.0007009031755
116055	0.001342281514
116056	0.001135761048
116057	0.004684221009
116058	0.0004824626015
116059	0.001904927145
116060	0.003760192168
116061	0.00319315862
116062	0.0005919771136
116063	0.00156323656
116064	0.001975218833
116065	0.001490936857
116066	0.001068380869
116067	0.0001227768296
116068	0.0003681036452
116069	0.00337340433
116070	0.004528537482
116071	0.001102077176
116072	0.001582388884
116073	0.00214744695
116074	0.00143879885
116075	0.003208927999
116076	0.003772657657
116077	0.00122849899
116078	0.002122479607
116079	0.002087950682
116080	0.002627788429
116081	0.001198335224
116082	0.005190821188
116083	0.001608874584
116084	0.00141322011
116085	0.0003600315436
116086	0.001432370131
116087	0.003635763435
116088	0.0003508339645
116089	0.004375691661
116090	0.003596190633
116091	0.0009619397621
116092	0.0004811798001
116093	0.001688163785
116094	0.0008515821983
116095	0.0002943924233
116096	0.0005276743314
116097	0.001320145199
116098	0.003413404076
116099	0.00127830551
116100	0.002712723063
116101	0.001799756416
116102	0.001050763787
116103	7.070796542e-05
116104	0.002951993805
116105	0.004245240887
116106	0.0003583681409
116107	0.0006234270597
116108	0.005074351651
116109	0.0003404161279
116110	0.001569521161
116111	0.003867730942
116112	0.00134533069
116113	0.003286447045
116114	0.0007659817092
116115	0.002298824768
116116	0.004111843858
116117	0.001849192094
116118	0.001835513816
116119	0.002125592484
116120	0.000394140127
116121	0.003920254133
116122	0.0006987067482
116123	0.002971285247
116124	0.0005036245763
116125	0.006306858255
116126	0.0002279938179
116127	0.001769171956
116128	0.003708133891
116129	0.003956434766
116130	0.0006541415744
116131	0.0007109124235
116132	0.0005237627304
116133	0.005139799842
116134	6.382229545e-05
116135	0.0003102576383
116136	0.000432786039
116137	0.001459447649
116138	0.0007349771864
116139	0.0007969169145
116140	0.001156330049
116141	0.002660070922
116142	0.001446977865
116143	0.002453951527
116144	0.003672928941
116145	0.00147917426
116146	0.004359308384
116147	0.001413548601
116148	0.002095222208
116149	0.0007327076544
116150	0.001060916198
116151	3.082363859e-05
116152	0.001120472312
116153	0.0004321279256
116154	0.0007847666756
116155	0.003857781744
116156	0.003213576279
116157	0.001888847154
116158	0.003218282631
116159	0.001345465008
116160	0.002564841713
116161	0.002395045366
116162	0.003790686897
116163	0.003056945938
116164	0.0003716271209
116165	0.001122425149
116166	0.004054040527
116167	0.001954791031
116168	0.001547011506
116169	0.002456526146
116170	0.0005940185427
116171	0.0007944129326
116172	0.001703444162
116173	0.001229137035
116174	0.001109917821
116175	0.001518349235
116176	0.002363857707
116177	0.004619965928
116178	0.004581816341
116179	0.004095992989
116180	0.001572994426
116181	0.0009646428093
116182	0.0008262231092
116183	0.006811138695
116184	0.004753575416
116185	0.000376230557
116186	0.003087229545
116187	0.00139852385
116188	0.002476796065
116189	0.001073902605
116190	0.0006151675966
116191	0.0001913205978
116192	0.00069245542
116193	0.006033816519
116194	0.001961566072
116195	0.004268867153
116196	0.0007924981487
116197	0.001586357105
116198	0.00303676136
116199	0.003293465758
116200	0.001079155984
116201	0.006844870537
116202	0.002356352345
116203	0.006569057229
116204	0.003414883991
116205	0.0002474195786
116206	7.755234371e-06
116207	0.0026091793
116208	0.0004227185502
116209	0.005874185198
116210	0.00520935732
116211	0.001808136911
116212	0.0007954026622
116213	0.0006477856089
116214	1.430368705e-05
116215	0.0005248612667
116216	0.001485686006
116217	0.0004410151532
116218	0.001646205986
116219	0.003565260884
116220	0.002329155548
116221	0.0004010088836
116222	0.0002309209779
116223	0.0008805580003
116224	0.0001321727437
116225	0.003395030262
116226	0.00202926189
116227	0.0009154213523
116228	0.001816477756
116229	0.001589368364
116230	0.001167640664
116231	0.000325058654
116232	0.002132203304
116233	0.0003185706034
116234	0.001532488402
116235	0.0003894876771
116236	0.003165742059
116237	0.003940504905
116238	0.0007664456274
116239	0.003076767489
116240	0.0003397709122
116241	0.003282021171
116242	0.003365965603
116243	0.0010182874
116244	7.786794334e-05
116245	0.0005832747857
116246	0.0003886627309
116247	0.004538215244
116248	0.001020007569
116249	0.001400194929
116250	0.0007750714992
116251	0.0001716790697
116252	0.0009322567791
116253	0.001086875631
116254	0.0003968739032
116255	0.003613437484
116256	0.0008598527173
116257	0.00193054885
116258	2.280947207e-05
116259	0.0008687927067
116260	0.006705652005
116261	0.001958618288
116262	0.005761727651
116263	0.003401563643
116264	5.452414508e-05
116265	0.00214679402
116266	0.0001801778393
116267	0.0001170977297
116268	0.001647442041
116269	0.001667862589
116270	0.004228651258
116271	0.0008151395431
116272	0.002509680139
116273	0.001082615515
116274	0.0003211548706
116275	0.001975176283
116276	9.592346895e-05
116277	0.003012500473
116278	0.001394185786
116279	0.0002595372432
116280	0.001897268458
116281	0.003377962918
116282	0.003194409978
116283	0.002909083521
116284	0.001485938265
116285	0.00118328325
116286	0.001168644335
116287	0.001042591807
116288	0.003130302625
116289	0.004201851012
116290	0.0001207721053
116291	0.002398901143
116292	0.004507934172
116293	0.0004681150119
116294	0.006038259782
116295	0.003733173852
116296	0.0002218176232
116297	0.003718693887
116298	0.002418937045
116299	0.001660783692
116300	0.001559765853
116301	0.001965379562
116302	0.001329563053
116303	0.001529354177
116304	0.001470552751
116305	0.002152072239
116306	0.0001490382453
116307	3.438978566e-05
116308	0.001108364276
116309	0.0001178658176
116310	0.0003760892768
116311	0.000112759519
116312	0.001139997409
116313	0.007186486742
116314	0.0001448676617
116315	9.007161289e-05
116316	0.003039920526
116317	0.001429790683
116318	0.0001548603675
116319	0.003961152701
116320	0.001192897777
116321	0.004427135076
116322	0.003678789371
116323	0.002381492988
116324	0.002173488154
116325	0.001558020958
116326	0.002624843451
116327	0.00475428
116328	0.002891402628
116329	0.004491580528
116330	2.732539167e-05
116331	0.002229841992
116332	0.0009571978162
116333	0.0005515107593
116334	0.002047217628
116335	0.0003692119338
116336	0.003532092107
116337	0.005974856492
116338	0.0006440528561
116339	0.001514202091
116340	0.002490686321
116341	0.0006464314846
116342	0.001763274359
116343	0.002942048041
116344	0.006039482908
116345	0.0004791577789
116346	5.793551287e-06
116347	0.001665981065
116348	0.005490354002
116349	0.003941793688
116350	0.003492138424
116351	0.001510268053
116352	0.0006105462824
116353	0.002916150937
116354	0.002096418137
116355	0.002150016333
116356	0.0009356686984
116357	0.001333945
116358	0.0002006928529
116359	0.0003938418101
116360	0.001471817766
116361	0.003168285216
116362	6.079178164e-05
116363	0.00326070185
116364	4.507957298e-05
116365	5.467897954e-05
116366	0.002178672831
116367	9.901960087e-05
116368	0.00488336384
116369	0.002728429274
116370	0.0008911482216
116371	0.001512650774
116372	0.0006236289361
116373	0.001739701832
116374	0.00294425101
116375	0.003934079619
116376	0.001979521411
116377	0.0004010186265
116378	0.001355038661
116379	0.001355576566
116380	0.002805539767
116381	0.0008645742355
116382	7.490162688e-05
116383	0.002380128996
116384	0.002541593337
116385	0.001671449896
116386	0.002455890943
116387	0.001570345255
116388	0.001294253391
116389	0.0007954853323
116390	0.001110346562
116391	0.001050194364
116392	0.004430605568
116393	0.001365679155
116394	0.007005511973
116395	0.0007850640398
116396	0.001477740463
116397	0.000680252172
116398	0.001589793376
116399	0.002149452611
116400	0.001654444767
116401	4.765855935e-05
116402	0.003039749543
116403	0.0002345604854
116404	0.001992227176
116405	0.0006507480469
116406	0.001502295392
116407	0.004342905768
116408	0.0006477967986
116409	0.000657592445
116410	0.001229874649
116411	0.003405677829
116412	0.001432643486
116413	0.0008953387851
116414	0.001987841338
116415	0.002485343123
116416	0.002170001744
116417	0.003094170688
116418	0.002801869948
116419	8.49491898e-05
116420	0.0002846728496
116421	9.231329177e-05
116422	0.002775332743
116423	0.0003333290433
116424	0.0002571110167
116425	0.00069559217
116426	0.003041124124
116427	0.0002251065225
116428	0.0007110079769
116429	4.065226477e-05
116430	2.442580557e-05
116431	1.289635169e-05
116432	0.002441114506
116433	0.0001441152796
116434	0.003914897194
116435	0.003725555544
116436	0.002970145856
116437	0.0002993398481
116438	5.002495917e-05
116439	0.005088931361
116440	0.001574387349
116441	0.005457247363
116442	0.00500075339
116443	0.0003899045166
116444	0.001271577397
116445	0.001338714365
116446	0.001101832353
116447	0.004012719075
116448	0.0007370316952
116449	0.004351284817
116450	0.001941946293
116451	0.005528671118
116452	0.0008686338761
116453	0.001133710729
116454	0.0009152902444
116455	0.003174475566
116456	0.0002942043214
116457	0.005293533523
116458	0.0003387631731
116459	0.001325235553
116460	0.004338198701
116461	0.0006067799393
116462	0.0009330509854
116463	0.000241887311
116464	0.0004666462566
116465	0.001016432852
116466	0.001619196643
116467	0.002802002242
116468	0.00411834874
116469	0.001188121193
116470	0.0001252538788
116471	0.003004198393
116472	0.0001397391173
116473	0.0007280826903
116474	0.0002562286799
116475	0.0004224985451
116476	0.001207360382
116477	0.0006043268995
116478	0.0001179074017
116479	0.0003633010797
116480	0.0003193870719
116481	0.0007720178036
116482	0.001494430197
116483	0.0002012335358
116484	0.001197094113
116485	0.0004637178116
116486	7.109890655e-05
116487	0.001014325073
116488	0.0009828488886
116489	0.00164559747
116490	0.0008081127849
116491	0.0004946095198
116492	0.002153791434
116493	0.0006284751972
116494	0.0005306386181
116495	0.001030560863
116496	5.063214947e-05
116497	0.0003684022994
116498	0.00525348903
116499	0.003303521158
116500	0.001852302603
116501	8.29054957e-05
116502	0.0007641441703
116503	0.0006283866463
116504	0.001019883903
116505	0.0009975919987
116506	0.001224298016
116507	0.0005612662791
116508	0.0002947915451
116509	0.002971721234
116510	0.006549061516
116511	0.0003899124051
116512	0.002391316347
116513	0.00147150343
116514	3.856518484e-05
116515	0.005060433016
116516	0.0005379740035
116517	0.001743571293
116518	0.004078598931
116519	0.0006252757496
116520	4.731917843e-05
116521	0.0001288116545
116522	0.002306349353
116523	0.002903287979
116524	0.0006107751687
116525	0.000104171157
116526	0.0008202577522
116527	0.002787208587
116528	0.0001697800545
116529	0.002632821738
116530	0.00124250753
116531	0.001875098235
116532	0.002609657122
116533	4.20213544e-05
116534	0.00359497592
116535	0.004184463093
116536	0.005978399767
116537	0.004093870486
116538	0.002699223457
116539	9.050454716e-05
116540	0.002839845851
116541	0.00483708595
116542	0.001865629935
116543	0.001043806351
116544	0.001492059047
116545	0.0001908991181
116546	0.001507308544
116547	0.004020181469
116548	0.00158988249
116549	0.0006554140739
116550	0.003160641409
116551	0.0008376754115
116552	0.006611404125
116553	0.000803658853
116554	0.0007591038951
116555	0.003757929694
116556	0.0002087868169
116557	0.0001359455386
116558	0.0009862324111
116559	0.000532933679
116560	0.0009731952327
116561	0.0006599385058
116562	0.0005396889881
116563	0.001238448846
116564	0.001507855109
116565	0.0001437125811
116566	0.0008594810525
116567	0.001239487238
116568	0.001276512582
116569	9.509580113e-05
116570	0.0004434883507
116571	0.0005554536321
116572	0.0009998260607
116573	0.0004365043021
116574	0.0009895986919
116575	0.0001421673256
116576	2.477184505e-05
116577	2.762018207e-07
116578	0.000959662091
116579	0.001200707097
116580	0.0001051048268
116581	0.0002277099806
116582	0.0007206323915
116583	0.0004481425447
116584	0.0001385477059
116585	0.000507614346
116586	0.0006769171216
116587	0.0002609063225
116588	0.001049566415
116589	0.0005392196009
116590	1.254625537e-07
116591	0.0002672364957
116592	0.0007002681118
116593	0.0007397777699
116594	0.0007402347972
116595	3.803187081e-05
116596	0.0004194470073
116597	6.33137865e-05
116598	0.001533430697
116599	0.000221618566
116600	0.0006366283178
116601	0.0005308253562
116602	0.0002204586241
116603	0.0002433221865
116604	0.001537432052
116605	0.000675345789
116606	0.0002478760788
116607	0.0001195715167
116608	0.000540829113
116609	9.734399468e-05
116610	0.000649460075
116611	0.0006490154154
116612	0.0001183987595
116613	0.0002538118333
116614	0.0001310336468
116615	4.065845498e-05
116616	0.001035135764
116617	0.001233867392
116618	0.0009254875188
116619	0.002519511995
116620	0.002324861923
116621	0.0005253647364
116622	0.001583801981
116623	0.0007334164766
116624	0.001704754798
116625	0.001706279944
116626	0.005194108722
116627	0.002307075958
116628	0.001220881273
116629	0.004302802049
116630	0.002310952089
116631	0.0005761511078
116632	0.0001598697978
116633	0.0006820475317
116634	0.0002371547639
116635	0.0008141670689
116636	0.0005449940583
116637	0.001211100322
116638	0.003885580039
116639	0.002397153515
116640	0.0003306360774
116641	0.001719445956
116642	0.00174353924
116643	0.0004586222284
116644	0.0007287103587
116645	0.0003308585099
116646	0.001417563202
116647	0.0007364837516
116648	0.0003266065188
116649	0.001247243389
116650	0.001646178339
116651	0.0009602084987
116652	0.003052880684
116653	0.001684826615
116654	0.0007904286058
116655	0.0002217052284
116656	0.001181374806
116657	0.0006695071074
116658	0.002039638676
116659	0.002888047942
116660	0.003411519357
116661	0.00450629211
116662	5.327690546e-05
116663	0.001248108131
116664	0.003630468076
116665	0.003008016303
116666	0.001389243374
116667	0.001288733586
116668	0.0009481670766
116669	0.003098375207
116670	0.00537517088
116671	0.002025389692
116672	0.005133285323
116673	0.004227089259
116674	0.002338949078
116675	0.0008464410405
116676	0.001804932414
116677	0.003782262848
116678	0.001393364353
116679	0.001980992026
116680	0.001054899662
116681	0.003863279405
116682	0.0004555597062
116683	0.0009034443647
116684	0.000827048936
116685	0.001604661316
116686	0.002032075236
116687	0.0004753877173
116688	0.0003115765502
116689	0.003378916404
116690	0.004320638305
116691	0.001205789864
116692	0.0001026379586
116693	0.001450552417
116694	0.0005657817346
116695	0.00045747494
116696	0.002484909886
116697	0.0007763330919
116698	0.0002876109144
116699	0.0008635715046
116700	0.0008119276831
116701	0.001729431991
116702	0.001755183881
116703	5.439275828e-05
116704	0.001059972616
116705	0.0002422636832
116706	0.0003085148705
116707	0.001081139475
116708	2.241133707e-07
116709	0.0006172715556
116710	0.006830841487
116711	0.004982925579
116712	0.002548353185
116713	0.000884325658
116714	0.002607981341
116715	0.0003153734106
116716	0.006133018352
116717	0.000404063105
116718	0.001813237855
116719	0.003922992854
116720	0.0007656973479
116721	0.005667537982
116722	0.0007915973822
116723	0.002652139553
116724	0.002061997084
116725	0.002477252856
116726	0.001086918913
116727	0.0005268080775
116728	0.0002433240211
116729	0.001282673852
116730	3.571601624e-05
116731	0.0003609354634
116732	0.001446561849
116733	0.0001490690495
116734	0.001066303779
116735	0.000250047603
116736	0.0006584774448
116737	0.001130739492
116738	0.0005769828778
116739	0.002147159392
116740	0.001196703974
116741	0.002641272554
116742	0.002179460848
116743	0.001697871042
116744	0.0005119853853
116745	0.0003286997392
116746	0.001847173322
116747	0.004522034356
116748	0.003187400605
116749	0.002266204568
116750	0.00237236636
116751	0.0001092500251
116752	0.000426264224
116753	0.0004014561633
116754	0.0007093307708
116755	0.0006885937692
116756	0.0003048773996
116757	0.0003288779299
116758	0.0001962636098
116759	0.001051252493
116760	0.0007945333383
116761	0.001614678936
116762	0.0001265147668
116763	0.002470900933
116764	0.00533974237
116765	0.0006881476492
116766	0.0001590315693
116767	0.00063425313
116768	0.001757750752
116769	0.0002964620477
116770	0.0002355694059
116771	0.001018267611
116772	0.002114627264
116773	0.001911739874
116774	0.0011446004
116775	0.000954630853
116776	0.0006659510289
116777	0.000667958534
116778	0.001108047559
116779	0.0003900897843
116780	0.0003162783961
116781	0.0005647301824
116782	0.001382689979
116783	0.0009570695925
116784	0.0001772816871
116785	0.0006133126884
116786	0.004088747679
116787	0.000844088124
116788	0.002540061001
116789	0.003581956414
116790	0.0002283515221
116791	0.0009462470136
116792	0.003655563228
116793	0.001899131866
116794	0.001550463792
116795	4.858624325e-05
116796	0.001251192391
116797	0.0005353602707
116798	0.0006732162892
116799	0.005147030419
116800	0.0005363410432
116801	0.001236344211
116802	0.00404428892
116803	0.003285713604
116804	0.0002376185055
116805	0.003415566689
116806	0.0004306951382
116807	9.448143826e-05
116808	0.001330476031
116809	0.001382777079
116810	0.001198547033
116811	0.002442727708
116812	0.001802743747
116813	0.0005582394329
116814	0.003389762325
116815	0.00165780114
116816	0.004509015644
116817	0.0003932650733
116818	0.003798846599
116819	3.559492586e-05
116820	0.006108483688
116821	0.001530211057
116822	0.0003711345593
116823	0.0005229872117
116824	0.001917141018
116825	0.002983801754
116826	0.000215051142
116827	0.001798138331
116828	0.0008687802629
116829	0.001407179152
116830	0.007753210901
116831	0.001308353499
116832	0.00410548022
116833	0.000845746385
116834	0.0009843210723
116835	0.004181105318
116836	0.002468120605
116837	0.004633515673
116838	0.0007928705951
116839	0.001462370951
116840	0.001616912445
116841	0.000577785553
116842	0.005749056636
116843	0.003403501085
116844	0.001649536415
116845	0.00124518617
116846	0.001529958712
116847	0.004825889072
116848	0.0034069995
116849	0.004081637836
116850	0.003976597555
116851	0.003775340001
116852	0.002143862908
116853	0.002348766299
116854	0.0007755973781
116855	0.001957632086
116856	0.0007426798246
116857	8.29176027e-05
116858	0.0002545206195
116859	0.002290866973
116860	0.001248561459
116861	0.0003660115463
116862	0.001585580675
116863	0.0005998498578
116864	0.00298842313
116865	0.003248592443
116866	0.001147150506
116867	0.001171994491
116868	0.0009368780183
116869	0.0004174326261
116870	0.001074254885
116871	0.002012905677
116872	0.000429747054
116873	0.001175907917
116874	0.0002141550285
116875	0.003514301578
116876	0.0009845241846
116877	0.0007108112317
116878	0.0007618526246
116879	0.002988508764
116880	0.001896854196
116881	0.000380780109
116882	0.003876885421
116883	0.0002283557003
116884	0.0003341662218
116885	0.001334321838
116886	0.002416801791
116887	0.001765958093
116888	0.0008796972192
116889	0.002568567656
116890	0.00324646232
116891	0.001414809774
116892	0.004158958859
116893	1.59642401e-07
116894	3.358220775e-05
116895	0.0007108753618
116896	0.001281800966
116897	0.0006272822152
116898	0.0002995583576
116899	0.0002999373262
116900	0.001211405479
116901	0.0004504170259
116902	0.0004601234346
116903	0.00250181635
116904	0.0003576426688
116905	0.003215429269
116906	0.005842187962
116907	0.007055365562
116908	0.002465415426
116909	0.001853900041
116910	0.001083895909
116911	0.004248423897
116912	0.0006530788899
116913	0.004368007927
116914	0.0003414147902
116915	0.0003954864322
116916	0.001245915706
116917	5.141016967e-05
116918	0.0007203542214
116919	0.007097533925
116920	0.002326474638
116921	0.0003500028483
116922	0.002051598108
116923	0.002742178033
116924	0.001614530871
116925	0.001169559798
116926	0.0009480698585
116927	0.005502921115
116928	0.007307509524
116929	0.0001521949416
116930	0.0015225221
116931	0.0005209030766
116932	0.001466377195
116933	0.001074929841
116934	0.0008227970449
116935	0.0003465795483
116936	0.005085401646
116937	0.0003469533636
116938	7.08479696e-05
116939	0.003912990264
116940	0.0001580903024
116941	0.004087349301
116942	0.000433584316
116943	0.0009231625869
116944	0.0001170668844
116945	0.001264629412
116946	0.001039065525
116947	0.001735316489
116948	0.001288776319
116949	0.001582814657
116950	0.0003565401361
116951	0.0002094428311
116952	0.000152339375
116953	0.002061465272
116954	0.005132198963
116955	0.008502876327
116956	0.001011244878
116957	0.002084332032
116958	0.001083786034
116959	0.0008543011107
116960	0.002369484809
116961	0.0008051072568
116962	0.0003346607586
116963	0.0003370144827
116964	0.002837322825
116965	0.000988349952
116966	0.0001518390588
116967	0.004267954101
116968	0.002161203765
116969	0.003616099605
116970	0.003241932012
116971	0.001540948047
116972	0.006335979511
116973	0.001177876501
116974	0.003688603306
116975	0.001240989126
116976	0.002478572213
116977	0.0001730009733
116978	0.0004348286052
116979	0.001254017031
116980	0.001324008067
116981	0.001372893583
116982	0.0001708061226
116983	2.574109388e-05
116984	0.007226253611
116985	0.001392357258
116986	0.001003650186
116987	0.0005687871813
116988	0.007654685812
116989	0.002279404134
116990	0.002592771905
116991	0.002533987502
116992	0.001806875018
116993	0.0006667410393
116994	0.001709169992
116995	0.0008804071742
116996	0.004307884441
116997	0.002538866981
116998	0.0001558433066
116999	0.0005419172646
117000	0.001236023877
117001	0.003236235485
117002	0.005812293694
117003	0.004164590599
117004	9.938867423e-05
117005	0.0009512726035
117006	0.003527711352
117007	0.007290656235
117008	0.0009230219633
117009	0.0004091073016
117010	0.0006662132456
117011	0.004982056522
117012	0.006656665516
117013	0.0009157133868
117014	0.0003330936184
117015	0.001310394489
117016	0.003343426213
117017	0.001889341495
117018	0.001869500418
117019	0.0003128057866
117020	0.0002421786558
117021	0.0002461043343
117022	0.002005332508
117023	1.857723269e-06
117024	0.0002249285534
117025	0.001423839148
117026	0.001204110952
117027	0.002264873786
117028	0.001234186822
117029	0.001100330788
117030	0.0007523956495
117031	0.003925745465
117032	0.0003548541237
117033	0.003163722411
117034	0.0001845462688
117035	0.001718923404
117036	0.003720042538
117037	0.0006408340778
117038	0.00472285456
117039	0.008614384487
117040	3.499813643e-05
117041	0.0003506288384
117042	0.0005381786583
117043	0.003149962115
117044	0.0002848556282
117045	0.002705987871
117046	0.001032579612
117047	0.002280919709
117048	0.000579114973
117049	0.003211035773
117050	0.003828436786
117051	0.0007959688943
117052	0.002589184459
117053	0.0006486355275
117054	0.0006059964277
117055	0.0003689652162
117056	0.001078428018
117057	0.002049838828
117058	0.0005596314678
117059	2.225322079e-05
117060	0.005069533568
117061	6.184239733e-05
117062	0.0008282529245
117063	0.000222817433
117064	0.0006177911789
117065	0.0006739618077
117066	0.002423557886
117067	7.064074834e-06
117068	0.001063873223
117069	0.001020659796
117070	0.0004889093859
117071	0.000102527443
117072	0.0009709525665
117073	0.000244951332
117074	3.789283385e-05
117075	0.002399618192
117076	0.00160404358
117077	0.003105453081
117078	9.992883657e-05
117079	0.003689098255
117080	0.00812124889
117081	0.0009669312844
117082	0.004638971475
117083	0.0003764222378
117084	0.001731483775
117085	0.0002774971455
117086	0.002596336959
117087	0.0009392353739
117088	0.0006452429238
117089	0.01020895488
117090	0.008983946227
117091	0.001092865983
117092	0.0004373162017
117093	0.002083511309
117094	0.0005122496571
117095	0.001705681992
117096	0.003151569364
117097	0.002993089188
117098	0.003986603925
117099	0.001330425069
117100	0.001021769676
117101	0.005703198416
117102	0.002834716713
117103	0.002286494546
117104	0.0001866119984
117105	0.003142632285
117106	0.003441021214
117107	0.0006485802362
117108	0.003114945207
117109	0.0009411060725
117110	0.001739788341
117111	0.00536202039
117112	0.00148747027
117113	0.0005886484341
117114	0.002484380936
117115	0.001352969949
117116	0.0007820200863
117117	0.004309236715
117118	0.001690370851
117119	0.0004540875567
117120	0.0002897882847
117121	0.00284220829
117122	0.002295271317
117123	0.003104065882
117124	0.001090587161
117125	0.00147596401
117126	0.0001334018621
117127	0.001199975672
117128	0.009943170355
117129	0.0004325734298
117130	0.005785092354
117131	0.003766431084
117132	0.00117884419
117133	0.001052892559
117134	0.0001751717205
117135	7.715734571e-05
117136	0.0019167816
117137	0.0005531326623
117138	0.001724377778
117139	0.001869953519
117140	0.002605863636
117141	0.005868260233
117142	0.002173374752
117143	0.0005262906876
117144	0.001484957209
117145	0.007853690429
117146	3.556695256e-05
117147	0.003565341302
117148	0.003031505642
117149	0.0002010295781
117150	0.003483678427
117151	0.001041838945
117152	0.0006042555351
117153	0.000450163424
117154	0.002280901523
117155	0.001379732999
117156	0.0001912327159
117157	0.000864778836
117158	0.0002063939102
117159	0.001304548067
117160	0.002826515765
117161	0.001572734011
117162	0.002233945006
117163	6.090050995e-05
117164	0.001227519757
117165	0.003093537889
117166	0.0007935525114
117167	0.004096234825
117168	0.0001428995585
117169	0.0005151909322
117170	0.002724804135
117171	0.001034631279
117172	0.002619430804
117173	0.001839073018
117174	0.0008458269998
117175	0.0002731984449
117176	0.002984920335
117177	0.001984281767
117178	0.001370501674
117179	0.006878941692
117180	0.0002581607597
117181	0.0007701935659
117182	0.002799268279
117183	2.065269552e-05
117184	0.000774680005
117185	0.001178089512
117186	0.0004535619786
117187	0.004624986627
117188	0.001726773568
117189	0.0007207948809
117190	0.002561999015
117191	0.002010861414
117192	0.003712865319
117193	0.0003611604068
117194	0.00252086244
117195	0.0004781289778
117196	0.002255494578
117197	2.073230159e-05
117198	0.0002939718552
117199	0.0009236446966
117200	0.001163973537
117201	0.001246927455
117202	0.0003714126617
117203	0.004888605873
117204	0.0001314269984
117205	0.0007395124382
117206	0.0004551269193
117207	0.001526160308
117208	0.000996849012
117209	0.0002099401149
117210	5.825537214e-05
117211	0.001729695859
117212	2.27077434e-06
117213	0.005342264162
117214	0.005722570113
117215	0.0001262639275
117216	0.0001776621401
117217	0.001350443905
117218	0.002418903383
117219	0.004274025702
117220	0.000232463228
117221	0.0005846654802
117222	0.0007927254411
117223	0.0009214294482
117224	0.004388667684
117225	0.001390891824
117226	0.001059240825
117227	0.002894057359
117228	0.002032392887
117229	0.005358987596
117230	0.0006847778528
117231	0.00693065691
117232	0.005653552434
117233	3.597400792e-05
117234	0.002827060591
117235	0.002073206035
117236	0.001891703871
117237	0.0001252791535
117238	0.001340308929
117239	0.0005565598808
117240	0.001730865987
117241	1.228018469e-08
117242	0.001689425628
117243	0.002531391121
117244	0.00079967291
117245	0.0007444986914
117246	4.340796316e-05
117247	0.0009056612896
117248	0.001461702849
117249	0.0001560995598
117250	0.00330889733
117251	0.0002289504384
117252	0.001261637008
117253	0.003140537537
117254	0.0001848348619
117255	0.0005775476876
117256	0.0006407010998
117257	0.0003972097992
117258	0.0007724425584
117259	0.001329463236
117260	0.003342057312
117261	0.003264465565
117262	0.005553665778
117263	0.001560442496
117264	0.002109938845
117265	0.000305931922
117266	0.001591535836
117267	0.0004203425238
117268	0.0001034063933
117269	0.0008453372593
117270	0.001779097804
117271	0.0007276954868
117272	0.002113465373
117273	0.006733446557
117274	0.0008850160797
117275	0.003287479998
117276	0.002061117026
117277	0.001473008289
117278	0.0006863215792
117279	0.0007564106953
117280	0.0001626795598
117281	0.0007414815158
117282	0.002628018758
117283	0.001901038562
117284	0.001557106862
117285	0.0003080566752
117286	0.004291058864
117287	6.764077788e-05
117288	0.000155326477
117289	0.000364316254
117290	0.0002075096983
117291	3.549398549e-05
117292	0.000191714134
117293	0.0003487140058
117294	0.0003621636236
117295	0.0009821540125
117296	0.0007359925624
117297	0.0007605426574
117298	0.005680520698
117299	0.0005300201294
117300	0.001418507487
117301	0.0002713116016
117302	0.006528343964
117303	0.002457937867
117304	0.002739518809
117305	0.006188851411
117306	0.0002508803879
117307	0.002856734292
117308	0.001614581415
117309	0.003936053225
117310	0.005010935536
117311	0.002748450804
117312	0.001142534347
117313	0.004405616966
117314	0.002267264011
117315	0.001935523409
117316	0.00269668979
117317	0.002194187047
117318	0.0007202110447
117319	0.0001790543698
117320	0.0066076483
117321	0.004695794604
117322	0.002378455074
117323	0.003341549276
117324	0.002899363473
117325	0.001143482688
117326	0.0007835451348
117327	0.001462579662
117328	0.0002410728022
117329	0.0001071674585
117330	0.001792588213
117331	0.002130151395
117332	0.00140180264
117333	0.001405397218
117334	0.002210227204
117335	0.009074520908
117336	0.00981802131
117337	0.00419026636
117338	0.01023916284
117339	0.0005543815051
117340	0.0008312646747
117341	0.001262891163
117342	0.007876938601
117343	0.002054399098
117344	0.00293104453
117345	0.001783429142
117346	0.003474116794
117347	0.002340182638
117348	0.002524802067
117349	0.0005019574744
117350	0.0003810779867
117351	0.005412362496
117352	0.001084821356
117353	0.0006098444692
117354	0.0001263652381
117355	0.00123101723
117356	0.0005036514995
117357	0.004378133045
117358	0.002760097604
117359	0.001580488621
117360	0.002987626809
117361	0.001516009276
117362	0.0009345059061
117363	0.001561583899
117364	0.00209257301
117365	0.005622181718
117366	0.0007029566859
117367	0.006629359332
117368	0.0005006494284
117369	0.002125824902
117370	0.001276490691
117371	0.002730729882
117372	0.008360123419
117373	0.003063006324
117374	0.003153158688
117375	0.002890730696
117376	0.002382596617
117377	0.001155242866
117378	0.0008892621559
117379	0.004278016664
117380	0.002640345632
117381	0.0005653573473
117382	0.004831894067
117383	0.002875709439
117384	0.003456571473
117385	0.005339311107
117386	0.00420053419
117387	0.0004349432409
117388	0.005788852293
117389	0.003358103753
117390	0.007009651773
117391	0.0002167501213
117392	0.00072083604
117393	0.0001432177137
117394	0.0033783864
117395	0.004572656826
117396	0.0007990516629
117397	0.007656357439
117398	0.004269140409
117399	0.002164299073
117400	0.01009064906
117401	0.0002240128197
117402	0.003159672324
117403	0.005348285387
117404	0.001525297553
117405	0.0009862496497
117406	0.0005478955384
117407	0.005658764578
117408	0.003575601119
117409	0.002158891444
117410	0.004458281131
117411	0.0004336175652
117412	0.003915555476
117413	0
117414	0.001149938372
117415	0.002602151042
117416	0.0001454430768
117417	0.003573762397
117418	2.792679302e-05
117419	0.004385337747
117420	0.001081855185
117421	0.002227563978
117422	0.001072013553
117423	0.003457650178
117424	0.002478124343
117425	0.001922723071
117426	0.0007913934768
117427	0.00299027155
117428	0.004266596392
117429	0.004149346792
117430	0.001622083449
117431	0.007777739465
117432	0.0007048282379
117433	0.0004568541089
117434	0.006393016778
117435	0.002014668529
117436	0.002295387415
117437	0.003364716859
117438	0.0007229865935
117439	0.004177311786
117440	0.002794636785
117441	0.002788665282
117442	0.003397766539
117443	0.004716852651
117444	0.0003736541436
117445	0.0001726079984
117446	0.002668867317
117447	0.0006077133262
117448	0.005188536681
117449	0.006025236341
117450	0.0009217904779
117451	0.003163573651
117452	0.002770983745
117453	0.005885932793
117454	4.08299596e-05
117455	0.003053171678
117456	0.001971364191
117457	0.002157467963
117458	0.0003140130913
117459	0.0007311301369
117460	0.001962858842
117461	0.00623283589
117462	0.001272236228
117463	0.000963484121
117464	0.007343415103
117465	0.002265633761
117466	0.001388927558
117467	0.002022234475
117468	0.005445932997
117469	0.0004765544185
117470	0.0002597628441
117471	0.0008671973163
117472	0.0002535913656
117473	0.001465709946
117474	0.004730463053
117475	0.001937902604
117476	9.109608123e-05
117477	0.00467026757
117478	0.003925381611
117479	0.00163697294
117480	0.0004524341237
117481	0.002640805402
117482	0.001740420861
117483	0.001505987907
117484	0.000670604695
117485	0.001748398547
117486	0.001282759252
117487	0.001229783074
117488	0.009107184003
117489	2.829586699e-05
117490	0.004358117013
117491	0.002533089214
117492	0.00490074738
117493	0.0015999026
117494	0.006501682568
117495	0.0006095563571
117496	0.002438299854
117497	0.001206981786
117498	0.002635429272
117499	0.00688373316
117500	0.004298024375
117501	0.003564721098
117502	0.001006068948
117503	0.002744728089
117504	0.001001927942
117505	0.001354999591
117506	0.004421223651
117507	0.001173201138
117508	0.0003050065696
117509	0.001918130478
117510	0.002184443269
117511	0.0005509550446
117512	0.00255141297
117513	0.001146265709
117514	0.002410048366
117515	0.002616042964
117516	0.0007497136797
117517	0.001248161945
117518	0.004022927733
117519	0.0001739772569
117520	0.001850331058
117521	0.002168172891
117522	0.001400679502
117523	0.005993115897
117524	0.002753683264
117525	3.436372758e-05
117526	0.0005679795382
117527	0.002874220874
117528	0.009012752753
117529	0.001453088413
117530	0.00163593109
117531	0.005837976744
117532	0.003118682704
117533	0.000112603591
117534	0.001226040149
117535	0.0008069325086
117536	0.001125101757
117537	0.0005854314112
117538	0.003721980635
117539	0.001374928767
117540	0.0003767374582
117541	0.0009976225301
117542	0.001708619614
117543	0.003724663139
117544	0.001803913711
117545	0.00609411598
117546	0.005514879614
117547	0.002226465752
117548	0.006598252678
117549	0.001212209033
117550	0.0004312155697
117551	0.001887559004
117552	0.004766468114
117553	0.006356032578
117554	0.0005900924088
117555	0.001500538048
117556	0.004223339873
117557	0.004326872435
117558	0.001496883508
117559	0.005056497631
117560	5.93586272e-05
117561	0.0003305295685
117562	0.002077726372
117563	0.005797155587
117564	0.001823333602
117565	0.001427385421
117566	0.004281492151
117567	0.001761367244
117568	0.002628657407
117569	0.001797353284
117570	0.001042676735
117571	0.003254875123
117572	0.001855109936
117573	0.0004082618203
117574	0.002106436186
117575	0.001717610929
117576	0.0009737978105
117577	0.0004079755363
117578	0.0009015823809
117579	0.001419630305
117580	0.003103822368
117581	0.001173392546
117582	0.0001682365624
117583	0.004505092712
117584	0.00545826161
117585	0.005185009399
117586	0.003480347064
117587	0.001563229974
117588	0.004357027229
117589	8.811022602e-05
117590	0.003986440545
117591	0.002804110929
117592	0.003262481036
117593	0.005003730365
117594	0.003207041776
117595	0.005884146666
117596	0.004691335037
117597	0.003061770681
117598	0.0003462549375
117599	0.0005682558644
117600	0.00131316214
117601	0.0009933602882
117602	7.223437116e-05
117603	0.0005909302219
117604	0.0005276312873
117605	0.003946630334
117606	0.0004979589438
117607	0.003372404838
117608	0.001686844777
117609	0.003160227882
117610	0.0004149360869
117611	0.003771603616
117612	0.002194312198
117613	0.001694918695
117614	0.0009622059297
117615	0.0009218545097
117616	0.0002366627683
117617	0.0003857733946
117618	8.396575989e-05
117619	0.0031308017
117620	0.001683651901
117621	0.0008947292575
117622	0.001095634868
117623	5.064560291e-05
117624	0.0009784273526
117625	0.001868387498
117626	0.0005325892206
117627	0.00272859444
117628	0.0002039776058
117629	0.0005720452472
117630	0.0004673395899
117631	0.0009529948698
117632	0.001837067836
117633	0.002929112646
117634	0.002535890465
117635	0.0001965237573
117636	0.0006827691073
117637	0.000144305857
117638	0.00144237808
117639	0.001780595416
117640	0.002347379156
117641	0.003980649504
117642	0.005704293409
117643	0.000304769056
117644	0.004234197467
117645	0.0005996849382
117646	0.001590292383
117647	0.005363329125
117648	0.002089607634
117649	0.002290679356
117650	0.002031919405
117651	0.002378765984
117652	0.002704560951
117653	0.00153784372
117654	0.00573885292
117655	0.0004939289811
117656	0.0001160295445
117657	0.0009245978984
117658	0.001156882304
117659	0.0009524448469
117660	0.001325399759
117661	0.008134610073
117662	0.006134467959
117663	0.004802832217
117664	0.0003941223402
117665	0.003511196827
117666	0.0009996613282
117667	0.0001534744036
117668	3.496930832e-06
117669	0.002011650562
117670	0.0001652388211
117671	0.000334157924
117672	0.003270010043
117673	0.0003229100573
117674	0.0002971201997
117675	0.002993937118
117676	0.004624887018
117677	0.0004404993786
117678	0.0003021804787
117679	0.003968076604
117680	0.0006656021829
117681	0.001160837959
117682	0.002782468441
117683	0.000156924929
117684	0.002666385823
117685	0.0006282633814
117686	0.003982399695
117687	8.801140459e-05
117688	0.00259355366
117689	0.001837848583
117690	5.969604767e-05
117691	0.0008853854775
117692	0.002387106043
117693	0.0008427487551
117694	0.0003905586912
117695	0.001217783173
117696	0.0009437028885
117697	0.0001067588609
117698	5.822134883e-05
117699	6.147081168e-05
117700	0.002467893624
117701	0.001890328987
117702	0.0004715919129
117703	0.0001684495794
117704	0.001043462936
117705	0.001291580349
117706	0.00156389464
117707	0.0004690161903
117708	0.003886916684
117709	0.003087288545
117710	0.00591957434
117711	0.004351393215
117712	0.001210698663
117713	3.453916043e-05
117714	0.0001490284522
117715	0.0003305555049
117716	0.0008020338485
117717	0.000295810825
117718	0.0003144853182
117719	0.00187117986
117720	0.001806833029
117721	0.001890604467
117722	0.0008668442839
117723	9.885898061e-05
117724	0.001970685251
117725	0.00133444866
117726	0.0007717614742
117727	0.0004432748074
117728	0.001062664277
117729	0.0005674110627
117730	0.0001393681266
117731	5.310985634e-05
117732	0.0002439993443
117733	0.001431281286
117734	0.0005057955463
117735	0.003288440901
117736	0.0007353726048
117737	0.002228226467
117738	0.001384162087
117739	0.0009681364505
117740	0.0009240320178
117741	0.0007102464646
117742	0.0003562961263
117743	0.0002809027786
117744	0.00249865517
117745	0.0008600290714
117746	0.00663055249
117747	0.001164009347
117748	0.0019543588
117749	0.00112711389
117750	0.002927229101
117751	0.002328073902
117752	0.0002965727865
117753	0.0008679562369
117754	0.004967248661
117755	0.002881988004
117756	0.001731792169
117757	0.003708257064
117758	0.00226508294
117759	0.0001631974768
117760	0.00294679899
117761	0.001326869796
117762	0.0005803126861
117763	6.792955536e-05
117764	0.004055061782
117765	0.0002182932785
117766	0.000337145133
117767	0.002595547914
117768	0.001098760592
117769	4.269435797e-05
117770	0.003189662651
117771	0.000323074522
117772	0.0002648110938
117773	0.004280985228
117774	0.0009788467989
117775	0.0006694838389
117776	2.537482817e-05
117777	0.00332805985
117778	0.002966288754
117779	0.006048133766
117780	0.0001545271869
117781	0.001358449903
117782	0.0002609730936
117783	0.007923907959
117784	0.0008810785029
117785	0.002224012934
117786	0.0006503434769
117787	0.003613852507
117788	0.003031941229
117789	0.002662399535
117790	0.002049570063
117791	0.000333734957
117792	0.000507042269
117793	0.0001519470843
117794	0.001199777182
117795	0.003421141948
117796	0.0003366243813
117797	0.001019118726
117798	0.0009133006173
117799	0.001237687457
117800	0.002557337231
117801	0.005732144356
117802	0.002646325786
117803	0.0003412502907
117804	0.0001872052457
117805	0.0002142332214
117806	0.004119844498
117807	0.003143447369
117808	0.003587902374
117809	0.00045003151
117810	0.003060236737
117811	0.001103171667
117812	0.002588655743
117813	0.00251240913
117814	0.002256961988
117815	0.001593775636
117816	0.002805857282
117817	0.004960203409
117818	0.00168013639
117819	0.0005772568591
117820	0.002658612858
117821	0.0004145589728
117822	0.0003822238361
117823	0.0006762616516
117824	0.004779724801
117825	0.004594221981
117826	0.0008196377425
117827	0.0004653528609
117828	0.006054850513
117829	0.002818781856
117830	0.002048678706
117831	0.0006513481957
117832	0.0006294206371
117833	0.001016765849
117834	0.003732792348
117835	0.001933013206
117836	0.0009869831762
117837	0.0006308273195
117838	0.001585798975
117839	0.001392698099
117840	0.004961427362
117841	0.001274358118
117842	0.0003351527737
117843	0.001461331719
117844	0.001624834712
117845	0.001873343521
117846	0.001375599151
117847	0.004066446322
117848	0.001084758411
117849	0.001289189697
117850	0.002079484221
117851	0.003122497924
117852	0.001142891319
117853	7.856632506e-05
117854	0.003532073869
117855	0.001468339167
117856	0.0003526259623
117857	0.001099149666
117858	0.0003280481473
117859	0.0006425861225
117860	0.002080512592
117861	0.007094552276
117862	0.004099557587
117863	0.000759521986
117864	0.001801106421
117865	0.001400168845
117866	0.003539675016
117867	0.004176515319
117868	0.003677615896
117869	0.002015498117
117870	0.0002332193625
117871	0.001409092438
117872	0.001657423524
117873	0.001425072853
117874	0.0002612110302
117875	0.0007770377708
117876	0.0004998731073
117877	0.0005857492106
117878	0.0006544312145
117879	0.002677475254
117880	0.001728747388
117881	0.002705172324
117882	8.155741449e-05
117883	0.002228952204
117884	0.00421873798
117885	2.236638479e-05
117886	0.001350780108
117887	0.00368241647
117888	7.750917351e-05
117889	0.002458720474
117890	0.0005868594282
117891	0.001418161891
117892	0.002888432741
117893	0.005684075624
117894	0.0001673483145
117895	0.004522790383
117896	0.002489036498
117897	0.001384135522
117898	0.004745968619
117899	0.0007718247053
117900	0.0001692670787
117901	0.0004050228459
117902	0.0007159230948
117903	0.001175208108
117904	0.0031161462
117905	0.00108205635
117906	0.0003741440945
117907	0.0003584215342
117908	0.0008433173632
117909	0.002093660081
117910	0.0004367687265
117911	0.001088014292
117912	0.003328638816
117913	2.415990759e-05
117914	0.001782760572
117915	0.0005557475882
117916	4.120720677e-05
117917	0.0009703443867
117918	0.00261991494
117919	0.001672778666
117920	0.004218942759
117921	0.003069833935
117922	0.001776382778
117923	0.0007557416085
117924	0.001103484174
117925	0.0006947635974
117926	0.001011583071
117927	0.00104474608
117928	0.004475681311
117929	0.0006098210771
117930	0.00127162298
117931	4.260133643e-05
117932	0.003276525071
117933	0.0001382932703
117934	0.001737060029
117935	0.003751955675
117936	0.0005208793501
117937	0.006973883876
117938	0.002111254281
117939	0.003495550174
117940	0.0008281232892
117941	0.000243798733
117942	0.0008943240631
117943	0.002426327822
117944	0.002033900208
117945	0.001051190153
117946	0.0004380770101
117947	0.002262360932
117948	0.0009389797859
117949	0.0008717775663
117950	0.001590079575
117951	0.0003495817412
117952	0.00192993009
117953	0.0003062915777
117954	0.0005443186339
117955	0.003222464237
117956	0.00060857493
117957	0.0005538167199
117958	0.004834473243
117959	0.001147203038
117960	0.002565333111
117961	0.002896924762
117962	0.0004214860939
117963	0.0001717710438
117964	0.003341300116
117965	0.008076558178
117966	0.0005155354718
117967	0.003731865173
117968	0.007642618062
117969	0.0008177613379
117970	0.0007002944757
117971	0.005748894329
117972	0.004097154223
117973	0.006533607351
117974	0.002204202094
117975	0.0004396015933
117976	0.0004423555455
117977	0.004709101819
117978	0.002692569741
117979	0.0008743537053
117980	0.004374272443
117981	0.0001680744917
117982	0.00157667789
117983	0.003111364692
117984	0.003073994304
117985	0.0001134360838
117986	0.0003334292962
117987	0.002218519118
117988	0.0008150767298
117989	0.0004145523638
117990	0.0007516966351
117991	0.004057998574
117992	0.003788622443
117993	0.001197909368
117994	0.006440482443
117995	0.0002141045757
117996	0.0007978375419
117997	0.0002623978371
117998	0.00135604079
117999	0.0002156145037
118000	0.0003047459733
118001	0.000348142564
118002	0.0003326079781
118003	0.0003341159556
118004	0.001842054265
118005	0.0004525339545
118006	0.001259998451
118007	0.00109682935
118008	0.0009664475546
118009	0.001164252534
118010	0.0003695784307
118011	0.003049560284
118012	0.001074280984
118013	0.002839196726
118014	0.0007474112482
118015	0.006674354017
118016	0.002698174602
118017	0.001841479181
118018	0.001689585244
118019	0.00286159834
118020	0.005676894161
118021	0.001914188545
118022	0.004254944186
118023	0.0007845533305
118024	0.002357558952
118025	0.004795059151
118026	0.001288421797
118027	0.005539560673
118028	0.0001693207289
118029	0.0002075044383
118030	0.0005720537494
118031	0.00283717276
118032	0.0002697260828
118033	0.00682896441
118034	0.007169195672
118035	0.001081794421
118036	0.0002444024222
118037	0.0001884005138
118038	0.009559957973
118039	0.000545702061
118040	0.003622162338
118041	0.005015581672
118042	0.0009641001127
118043	0.005797592092
118044	0.003367435652
118045	0.001179927983
118046	0.0004484256102
118047	1.28702942e-05
118048	0.003475897376
118049	0.0006687724391
118050	0.0006590932808
118051	0.006022286977
118052	0.001374200197
118053	0.001236509969
118054	0.005346386195
118055	0.0004561063807
118056	0.0005765016701
118057	0.002053812355
118058	5.934247242e-05
118059	0.0002569363971
118060	0.001285754457
118061	0.001689232397
118062	0.001480841331
118063	0.002023126367
118064	0.001510066756
118065	0.001555165708
118066	0.0001965834942
118067	0.003504069395
118068	0.003354448162
118069	0.003102478393
118070	0.005389727671
118071	0.002799849307
118072	0.004997972998
118073	0.001786218047
118074	1.376000865e-05
118075	0.0002209016232
118076	0.00653730177
118077	0.004415400973
118078	0.00238254699
118079	0.002281426131
118080	0.003922555336
118081	0.0003893456448
118082	0.006639429937
118083	9.367150221e-05
118084	0.001677016618
118085	0.006546220358
118086	0.0005860383301
118087	3.150002976e-05
118088	0.0003812525076
118089	0.0006634263791
118090	0.002552053284
118091	0.0002403487119
118092	0.0002327784585
118093	0.002019905436
118094	0.004008471922
118095	0.0006962370003
118096	0.004387223236
118097	0.0003291931218
118098	0.0001302095104
118099	0.00162162986
118100	0.0002643754735
118101	0.00226746688
118102	5.006294796e-05
118103	0.0009228088108
118104	2.29915907e-05
118105	0.0005772919828
118106	0.005615500565
118107	7.488896138e-05
118108	0.0006580867648
118109	0.0006124386018
118110	0.004044115046
118111	0.0001865544049
118112	0.001832142831
118113	0.001134748282
118114	0.0002565413298
118115	0.004380996565
118116	0.0002835308896
118117	0.001118098491
118118	0.0009188213844
118119	0.001381172669
118120	0.004752835781
118121	0.0001931968645
118122	0.002931595015
118123	0.004648146296
118124	0.002563147019
118125	0.0003990986868
118126	0.0009094893147
118127	0.0008438656434
118128	0.0003101360559
118129	0.0006881596561
118130	0.00157220255
118131	0.005322293492
118132	0.0002353347421
118133	0.002093061673
118134	0.0001283788784
118135	0.001358334049
118136	0.0006403869124
118137	0.001817692394
118138	0.002013130767
118139	0.0003497686709
118140	0.003102293803
118141	0.0001251435791
118142	0.0003592994792
118143	0.0003269784177
118144	0.001411094279
118145	4.489275265e-05
118146	0.002791668443
118147	0.001714243586
118148	0.001796732343
118149	0.002387894582
118150	0.00155738017
118151	0.003629872428
118152	0.000946584582
118153	0.001450520669
118154	0.0004959295267
118155	0.0001531040362
118156	0.001889857642
118157	0.002381499906
118158	0.002506172418
118159	0.000416442976
118160	0.003018848475
118161	8.303623207e-05
118162	0.001293491057
118163	0.00231753317
118164	0.002571979905
118165	0.0008488262371
118166	0.003300562991
118167	0.0002092207854
118168	0.006661760579
118169	0.001189849277
118170	0.0007077363551
118171	0.0005676295307
118172	0.001088976671
118173	0.0003482450515
118174	0.002680703868
118175	0.0006980361162
118176	0.001760156471
118177	0.0006713111061
118178	0.001083561328
118179	0.0007749751034
118180	0.0007255037076
118181	0.0005304091111
118182	0.001407992794
118183	0.001401933936
118184	0.001194528087
118185	0.0002014025354
118186	0.001014894619
118187	0.004649072985
118188	0.002635371786
118189	0.006587992262
118190	0.001217730758
118191	4.437912553e-05
118192	0.002138277995
118193	0.000111198087
118194	0.0002868545226
118195	0.000459991813
118196	0.0035599229
118197	0.002691894882
118198	0.001037922827
118199	0.00171049129
118200	0.005422506196
118201	0.0005620280292
118202	0.00252365684
118203	0.00180813855
118204	0.001096644251
118205	0.0004198810526
118206	0.002406732833
118207	0.0001913380479
118208	0.001122238616
118209	0.001013519734
118210	0.0008160741957
118211	0.002098954722
118212	0.001763305862
118213	0.0007890092975
118214	0.002033381559
118215	0.0003816818324
118216	0.005328946218
118217	0.004000818645
118218	0.001368934354
118219	0.0002855699026
118220	0.005182736591
118221	0.001767264027
118222	0.002635901663
118223	0.003334197682
118224	0.001509841803
118225	0.0006233290896
118226	0.004202717349
118227	0.0005510528735
118228	0.001694600285
118229	0.0004330340673
118230	0.006177318245
118231	0.004655775676
118232	0.002605746491
118233	0.00218639084
118234	0.0005230790821
118235	0.001121062395
118236	0.0001938444966
118237	0.002901583292
118238	0.001792476453
118239	0.001752728679
118240	0.001697338471
118241	6.356114772e-05
118242	0.00401565629
118243	8.910870103e-05
118244	0.0003243697423
118245	0.0004286211706
118246	0.0001160624834
118247	0.0003626132241
118248	0.0004430111992
118249	0.0002700707644
118250	5.793468441e-05
118251	0.0002447966484
118252	0.0003405769064
118253	0.000277310337
118254	1.149259226e-05
118255	0.0002060928464
118256	0.002791014523
118257	0.0001043945604
118258	0.001827235503
118259	0.001364902753
118260	0.0004630582785
118261	0.0004844452623
118262	0.004262150929
118263	0.001688696748
118264	0.0005699958867
118265	0.003317446024
118266	0.004667360711
118267	0.001115585429
118268	0.0008465077473
118269	0.003470097159
118270	0.0007030924746
118271	0.001503526667
118272	0.001594164033
118273	0.0008650924605
118274	0.005017678968
118275	0.0004011837995
118276	0.003529636792
118277	0.0006371930543
118278	0.0008940113215
118279	0.002769746751
118280	0.0002910343325
118281	0.000602716454
118282	1.127773424e-05
118283	0.0004717277795
118284	0.001741307282
118285	0.0007634192765
118286	0.0005853554441
118287	0.0009171872811
118288	9.945941466e-05
118289	0.002252948236
118290	0.001151417275
118291	0.0008686808882
118292	0.0002560213002
118293	4.194124564e-05
118294	0.001943404944
118295	7.203489559e-05
118296	0.003487489423
118297	0.003871197156
118298	0.001365703436
118299	0.00051775055
118300	0.0002527981584
118301	0.0002434544717
118302	0.002301425901
118303	0.004032910012
118304	0.0003855531407
118305	0.0009251288625
118306	0.001670191073
118307	0.0002945837039
118308	0.0009561462754
118309	0.000950333248
118310	0.001124103471
118311	0.001824672072
118312	0.004077454876
118313	0.000455041255
118314	0.00281427724
118315	0.00188589862
118316	0.003937151046
118317	0.001041542607
118318	0.002504197527
118319	0.003204227576
118320	0.004669220427
118321	0.006400440169
118322	0.001150759263
118323	0.003423365224
118324	0.002188698553
118325	0.00170013546
118326	0.00174707385
118327	0.002927470437
118328	0.002392778706
118329	0.001641791871
118330	0.0004219432183
118331	0.001883015849
118332	0.001709482036
118333	0.002025201622
118334	0.002101283531
118335	0.0009601624959
118336	0.0007581693548
118337	0.002144037235
118338	0.000442487895
118339	0.001384973765
118340	0.0001401481937
118341	0.0001321312677
118342	8.062354656e-05
118343	0.0004792742872
118344	0.0007987356999
118345	0.000457124975
118346	0.0006251003921
118347	0.000992097568
118348	0.0006759211478
118349	0.0008413462907
118350	0.0004002769159
118351	0.0003969695265
118352	0.0001801728623
118353	0.0001314193727
118354	0.001426383551
118355	0.0001715390405
118356	1.135917085e-07
118357	0.000510351267
118358	0.0002660140566
118359	6.628010419e-05
118360	5.053888171e-05
118361	0.0002838320591
118362	0.0002543009564
118363	0.001559978014
118364	0.002204726956
118365	0.0007417374667
118366	0.002214090867
118367	0.0009956698468
118368	0.0002196635801
118369	0.0003808635888
118370	8.237957232e-08
118371	0.0007815450898
118372	0.0002695547159
118373	0.002228222878
118374	0.001325723854
118375	0.002324568353
118376	0.0006599786776
118377	7.894653038e-05
118378	0.0002493624782
118379	0.0003472281387
118380	0.0004370239285
118381	0.001287438582
118382	0.0003682193676
118383	0.0006313281799
118384	0.001388194978
118385	0.000136403073
118386	0.0006127992804
118387	0.002437925287
118388	0.001679195317
118389	0.001620936178
118390	0.0009275564416
118391	0.0003567403647
118392	0.0003317682434
118393	0.001241112411
118394	0.000532559016
118395	0.002511501314
118396	0.0004290857487
118397	0.0002482007973
118398	0.0002266684091
118399	3.876587541e-05
118400	0.001130884473
118401	0.0006669352443
118402	0.0007969184856
118403	0.0003565977876
118404	0.001349254097
118405	0.0004468100972
118406	0.001731539104
118407	0.001262740483
118408	0.001773655102
118409	0.001898870995
118410	0.0001227098013
118411	0.001285515232
118412	0.0007931616216
118413	0.001552882601
118414	0.0001926757994
118415	0.0004176503061
118416	0.0002433734842
118417	0.0001027555463
118418	0.001155510788
118419	0.001367883008
118420	0.000472344086
118421	0.000776063363
118422	0.0001407097521
118423	0.001489329891
118424	0.0007845191248
118425	0.0008209613945
118426	0.0004892554554
118427	0.002945971131
118428	0.0001067488881
118429	0.001313922424
118430	0.0005955846927
118431	0.001216677087
118432	0.00181364874
118433	0.002581794588
118434	0.003907701997
118435	0.007963638496
118436	0.004651718334
118437	0.002941781224
118438	0.0001537181223
118439	0.0007068480513
118440	0.000868670805
118441	0.0007217314158
118442	0.0001221999889
118443	3.735972421e-05
118444	0.003089601917
118445	0.0002550584889
118446	0.0003122428186
118447	0.003859455656
118448	0.000415096464
118449	0.0003543462879
118450	0.001024370281
118451	0.0001300711375
118452	0.0004251038393
118453	0.001384649193
118454	0.001695319899
118455	0.003801453244
118456	0.002829405745
118457	0.0003297897799
118458	0.0006278157407
118459	0.001737798351
118460	0.0001813608449
118461	0.004123295314
118462	0.0002548357344
118463	0.003825237679
118464	0.002194392439
118465	0.001952489788
118466	0.007389361028
118467	0.0003016288874
118468	0.0006055251496
118469	0.0003119769762
118470	0.001998264873
118471	0.0002361775454
118472	0.0002252300533
118473	0.002885993602
118474	0.0006970602346
118475	0.003686365096
118476	0.003825950496
118477	0.002327905156
118478	0.00316406805
118479	0.002971606735
118480	0.002964277167
118481	0.002176469409
118482	0.0003283271825
118483	0.003961411586
118484	0.004789264057
118485	0.00456286499
118486	0.005428271775
118487	0.001786445891
118488	0.0008672028312
118489	0.008259327212
118490	0.0004193589818
118491	0.002010371381
118492	0.006425610358
118493	0.002165604572
118494	0.004884039415
118495	0.001958380086
118496	0.0006357382328
118497	0.003729725917
118498	0.001433832718
118499	0.00511837775
118500	0.003856090383
118501	0.0008436072749
118502	0.001090491847
118503	0.0004463059313
118504	0.0009517619529
118505	0.004550618
118506	0.0009985338468
118507	0.0009791604642
118508	0.001219794914
118509	0.001944717907
118510	0.001970858606
118511	0.0005428675219
118512	0.00415828275
118513	0.00207397985
118514	0.000598203431
118515	0.0009206108182
118516	0.002202972509
118517	0.003143007616
118518	0.001047886417
118519	0.002711562992
118520	0.001049342678
118521	0.001299254608
118522	0.002980422795
118523	0.0009324608553
118524	0.0001666033446
118525	0.003827328319
118526	0.001409404038
118527	0.003678156448
118528	0.004286766481
118529	0.0008386155549
118530	0.0002288822511
118531	0.003258390113
118532	0.001798707711
118533	0.0002073170432
118534	0.001708761983
118535	0.0007888788641
118536	0.007941826168
118537	0.0006804224881
118538	0.006466944856
118539	0.003871381356
118540	0.0001263133965
118541	0.003477471794
118542	0.007822363268
118543	0.00176892068
118544	3.476558661e-06
118545	0.002003977915
118546	0.001489486008
118547	0.005522037387
118548	0.0007262637648
118549	0.0007067785729
118550	0.004894254807
118551	0.001446123027
118552	0.0007562326212
118553	7.50243784e-06
118554	0.003373744323
118555	8.130209859e-05
118556	0.004790277328
118557	0.001860715346
118558	0.0008539360161
118559	2.692025829e-05
118560	0.0003117547064
118561	0.003874489255
118562	0.003447372959
118563	0.001412894179
118564	0.001568482029
118565	0.0009512313
118566	0.00259371807
118567	0.002573073359
118568	0.001215492384
118569	0.001725552238
118570	0.001288264804
118571	0.003411799668
118572	0.001109631645
118573	0.002857089591
118574	0.003471360539
118575	0.004392255494
118576	0.001179058879
118577	0.000238372003
118578	0.002457430681
118579	0.001257401495
118580	0.0001238361246
118581	0.002697470218
118582	0.004663188078
118583	0.00405870247
118584	0.003418174905
118585	0.000988735636
118586	0.001168963845
118587	0.0002420257016
118588	0.0009937961679
118589	0.0004286773192
118590	0.001731708892
118591	0.003230826274
118592	0.003772047158
118593	0.001890905134
118594	7.122714266e-05
118595	0.0004718810439
118596	0.002679321498
118597	0.0003894832598
118598	0.001545827906
118599	0.001335019941
118600	0.003326922608
118601	0.001152486256
118602	0.003719286192
118603	0.001774448759
118604	0.003387337504
118605	0.0002360777835
118606	0.001872400216
118607	0.0002698379258
118608	0.001189908011
118609	0.00143743926
118610	0.002086013721
118611	0.002861022798
118612	0.001661521593
118613	0.003167649334
118614	0.0002569762499
118615	0.001371138478
118616	0.0006274044894
118617	0.002147706104
118618	0.00259226457
118619	0.00184954773
118620	0.004974468392
118621	0.00305556369
118622	0.0007303869061
118623	0.003581388012
118624	0.001463644987
118625	0.007137652661
118626	0.002602271756
118627	0.001893493521
118628	0.003271803587
118629	0.0003246782545
118630	0.003441790341
118631	0.004467338934
118632	0.003890530779
118633	0.002795219489
118634	0.001911807224
118635	0.0003563218151
118636	0.0004910027451
118637	0.002677609317
118638	0.0004236863555
118639	0.0004927968656
118640	0.001322142823
118641	0.001880783571
118642	0.002696078465
118643	0.001459722636
118644	0.004918396976
118645	0.0001957003863
118646	0.003747298403
118647	0.006051555457
118648	0.005656174937
118649	0.001709065141
118650	0.004121621058
118651	0.004282459992
118652	0.0008138968067
118653	0.002214556096
118654	0.000330177717
118655	0.004642180145
118656	0.0006948606853
118657	0.001824711406
118658	0.003201475922
118659	0.006310060819
118660	0.002408813937
118661	0.001925699922
118662	0.003331665672
118663	0.003019413225
118664	0.002730119254
118665	0.004332602246
118666	0.0009566358639
118667	0.0008131544171
118668	0.000470557659
118669	0.0005500273777
118670	0.002632988595
118671	0.002006590631
118672	0.000652451704
118673	0.001264824973
118674	0.003268091629
118675	0.0002790974869
118676	0.0002961559688
118677	0.0003087267516
118678	0.000689485017
118679	0.003774853546
118680	0.0005408289936
118681	0.004722932998
118682	0.002004134717
118683	0.0006496247714
118684	0.00435672047
118685	0.001966848674
118686	0.001277101933
118687	0.001644426584
118688	0.003207722789
118689	5.87519567e-05
118690	0.002871989465
118691	0.001301973667
118692	0.001802567319
118693	0.002910915628
118694	0.001449013564
118695	0.0004744764364
118696	0.000683350773
118697	0.002524440743
118698	0.0004683564509
118699	0.00465370191
118700	0.0008476493434
118701	0.0007758591227
118702	0.005219345227
118703	0.005267429156
118704	0.0002478828463
118705	0.0001953713267
118706	0.002856298578
118707	0.002280093946
118708	0.003051135322
118709	0.0005331279721
118710	0.003675843993
118711	0.002634504805
118712	0.001646813516
118713	0.00100401406
118714	0.001747782311
118715	0.0001675675721
118716	0.003805027029
118717	0.0005955602825
118718	0.0006437677958
118719	0.003665989692
118720	0.005410178645
118721	0.001053291176
118722	0.001899089376
118723	0.001398478976
118724	0.003179927894
118725	0.0002044994255
118726	0.001070010622
118727	0.0009126002071
118728	0.001304851526
118729	0.0009878168872
118730	0.0007784969521
118731	0.0003370148275
118732	0.003171032096
118733	0.0008421734319
118734	0.0005450040099
118735	0.001007614601
118736	0.002767542948
118737	0.003263266956
118738	0.004385582667
118739	0.00196808645
118740	0.002076907047
118741	0.0008727424661
118742	0.001063420892
118743	0.004194126581
118744	0.007160843253
118745	0.0003714903299
118746	0.000853896104
118747	0.001148310757
118748	0.001817514938
118749	0.001459927394
118750	0.002155997828
118751	0.002862922427
118752	0.001615223525
118753	0.002022394993
118754	0.00020791643
118755	1.317142125e-05
118756	0.0006188823951
118757	0.004137111932
118758	0.001993201645
118759	0.0009433051547
118760	7.732293647e-05
118761	0.000190318516
118762	0.002738027828
118763	0.00283940664
118764	0.0005924276963
118765	0.001389369902
118766	0.004187206727
118767	0.004653463584
118768	0.001275348652
118769	0.001222300936
118770	0.006171961536
118771	0.0008924757701
118772	0.0005440884868
118773	0.001588810932
118774	0.001641426514
118775	0.00194590334
118776	0.0002286983742
118777	0.003072886079
118778	0.000636160847
118779	0.004452486161
118780	9.087251589e-05
118781	0.001091037631
118782	0.002876765171
118783	0.004175308358
118784	0.0004579868853
118785	0.000756074634
118786	0.001438681108
118787	0.00335122917
118788	0.002103790907
118789	0.001029878989
118790	0.0006042322378
118791	7.753227567e-05
118792	0.0002836858501
118793	0.006395431628
118794	0.000812627917
118795	0.001581312032
118796	0.003035264821
118797	0.000482560747
118798	0.001714586661
118799	0.002533669385
118800	0.0008369140375
118801	0.002405746378
118802	0.0009761303024
118803	0.0001644887737
118804	0.001592001971
118805	0.00439301176
118806	0.002144121497
118807	0.002777632803
118808	0.001028170629
118809	0.001262428686
118810	0.001552139022
118811	0.001668296741
118812	0.001518886719
118813	0.004467236286
118814	0.0002246236561
118815	0.0008713426386
118816	0.0008225179089
118817	0.0004007017939
118818	0.001855526165
118819	0.005995420547
118820	0.006968228144
118821	0.0008578668166
118822	0.001732406105
118823	0.00157693597
118824	0.006606946498
118825	0.001418457259
118826	0.002676554229
118827	0.003933778419
118828	0.001584323767
118829	0.003714418936
118830	0.004164608884
118831	4.00441022e-05
118832	0.0004694384374
118833	0.000445870227
118834	0.002451119454
118835	0.001518761226
118836	0.001263681964
118837	0.0008677157662
118838	0.0004129406048
118839	0.008498862954
118840	0.0007622419824
118841	0.001343502358
118842	0.004009847806
118843	0.001606965495
118844	0.003743294766
118845	0.0003149789505
118846	0.004249068393
118847	0.000140334564
118848	0.001994481204
118849	0.0008355304381
118850	0.005906812004
118851	0.0001269193974
118852	0.0008998835069
118853	0.008430978734
118854	0.001830724927
118855	0.0007689579905
118856	0.001772894307
118857	0.00673580283
118858	0.006050644965
118859	8.102814807e-05
118860	0.0006037856699
118861	0.001908729911
118862	0.005928092544
118863	0.0003234520928
118864	0.002403637131
118865	0.001904725636
118866	0.001149308385
118867	0.003993644336
118868	0.001253461478
118869	0.0007486874511
118870	2.869606712e-05
118871	0.00328224693
118872	0.00247039242
118873	0.002837216091
118874	0.004028473573
118875	0.003320331459
118876	0.001480418285
118877	0.002912339333
118878	0.003587353117
118879	0.006237293516
118880	0.0006854691422
118881	0.001424020522
118882	0.001145555996
118883	0.003814953901
118884	0.002207247358
118885	0.00510742431
118886	0.0001425828534
118887	0.005347174213
118888	0.001056192846
118889	0.0006470375422
118890	0.0006783793151
118891	0.004678107958
118892	0.001927798133
118893	0.0004417937521
118894	0.002850608227
118895	0.001659522551
118896	0.0032405083
118897	0.006579690639
118898	0.001187398858
118899	0.006386135191
118900	0.0007405258921
118901	0.002562758005
118902	0.0009861723863
118903	0.000901185893
118904	0.0008502030077
118905	0.001632752797
118906	0.0006689176564
118907	7.511791186e-05
118908	0.0008736697679
118909	0.003730856026
118910	0.0004364281569
118911	0.002055185465
118912	0.001123083615
118913	0.004571030046
118914	0.0002305829017
118915	0.0003900184995
118916	0.001722964713
118917	0.002957345354
118918	0.0001459962115
118919	0.0005335286223
118920	0.001127511389
118921	0.0005642105871
118922	0.003759044085
118923	0.003981588773
118924	0.0009149089936
118925	0.006079267982
118926	0.001540817676
118927	0.002229446126
118928	0.0006885653107
118929	0.003892978931
118930	3.401621665e-05
118931	0.0001665173519
118932	0.0005472180704
118933	0.003029131702
118934	0.000421911276
118935	0.002725396539
118936	0.006812356997
118937	0.0009093421365
118938	0.001936507164
118939	0.005709646907
118940	0.0002047521892
118941	0.002221602359
118942	0.001531711316
118943	0.0004504071869
118944	0.006427297553
118945	0.002318400249
118946	0.003175654189
118947	0.004559546064
118948	0.0002453114093
118949	0.0004606272838
118950	0.001794949727
118951	0.0005228262053
118952	0.003465597469
118953	0.0003842294816
118954	0.000398903302
118955	0.003122516076
118956	0.00111108557
118957	0.0005559076831
118958	0.005396643658
118959	0.001277918013
118960	0.0004123760804
118961	0.003112042829
118962	0.002666835206
118963	0.007891378181
118964	0.001066852063
118965	0.0004629536976
118966	0.002997081419
118967	0.005064395764
118968	0.001066975399
118969	0.0001940338529
118970	0.003754445132
118971	0.003983032469
118972	0.001073912849
118973	0.0001906588763
118974	0.004493812208
118975	0.002139418134
118976	0.00309638136
118977	0.009170189946
118978	0.0008867473952
118979	0.001390047103
118980	0.006904695182
118981	0.00497196949
118982	0.003778709927
118983	0.0004663573796
118984	0.004373661497
118985	0.000284001271
118986	0.003541001384
118987	0.001172765817
118988	0.0003773753366
118989	0.005039288738
118990	0.00579185689
118991	0.001213143271
118992	0.002359734865
118993	0.00157121048
118994	0.002204421305
118995	0.002549512743
118996	0.003344918029
118997	0.001923663205
118998	0.0003310464777
118999	0.003476500003
119000	0.001659490209
119001	0.0004030989768
119002	0.0005379303141
119003	0.001775577712
119004	0.0009510034022
119005	0.0003261882474
119006	0.0008705729479
119007	0.005933682737
119008	0.0006066210106
119009	0.001737791753
119010	9.84283437e-05
119011	0.003252715045
119012	0.001534906183
119013	0.001038095037
119014	0.0002357856614
119015	0.003964581868
119016	0.004789710768
119017	0.000726193456
119018	0.001082411378
119019	0.0003590650865
119020	0.001066800457
119021	0.000585714399
119022	0.001663889028
119023	0.001568031696
119024	0.003220029214
119025	0.001662555365
119026	0.0006875735323
119027	0.001357972975
119028	3.886401214e-06
119029	0.003946158418
119030	0.0007198083222
119031	0.0005243047571
119032	0.002005149718
119033	0.004421160721
119034	0.003035893721
119035	0.0008675134485
119036	0.0007673294215
119037	0.0002513772973
119038	0.003310923866
119039	0.0002551281937
119040	0.0007179052802
119041	0.002088207534
119042	0.004673926231
119043	0.001553286879
119044	0.0006846498654
119045	0.003605882711
119046	0.0007104243336
119047	0.001109709341
119048	0.0009601130753
119049	0.00333053396
119050	0.00161488357
119051	0.0010060024
119052	0.001297851023
119053	0.0009227931525
119054	0.002231784198
119055	0.001862223919
119056	0.002517004112
119057	0.001705688377
119058	0.01011699205
119059	0.004580989714
119060	0.0006503191947
119061	0.0004532642705
119062	0.0009943662492
119063	0.002402158013
119064	0.001521721513
119065	0.002050275101
119066	0.0004446695572
119067	0.004245563033
119068	0.0004702924993
119069	0.002871133691
119070	0.004440646269
119071	0.003454314868
119072	0.002149166956
119073	0.0001136338398
119074	0.00231739461
119075	0.009775106282
119076	0.005309614486
119077	0.003198566239
119078	0.001604464748
119079	0.003863769423
119080	0.004454277221
119081	0.001361904086
119082	0.001448157976
119083	0.0009428655692
119084	0.00320324905
119085	9.948183099e-05
119086	9.682888966e-05
119087	0.0007264234703
119088	0.00448799716
119089	0.0005620417755
119090	0.0001870740188
119091	0.0009518898493
119092	0.0008574724096
119093	0.004923811459
119094	0.0004617055832
119095	0.0002098197081
119096	0.0002225316008
119097	0.001147095795
119098	0.0007431305002
119099	0.0009659673753
119100	0.006117901521
119101	0.00103365581
119102	0.0009006421102
119103	0.001942911111
119104	0.001981872259
119105	0.001296792819
119106	0.002955765843
119107	0.001172261898
119108	0.005539790142
119109	0.003298042058
119110	0.0003277302881
119111	0.003417519229
119112	0.003106060174
119113	0.0004235496471
119114	0.001204006156
119115	0.0003729773362
119116	0.001859464976
119117	0.00498967326
119118	0.00415661608
119119	0.00279930026
119120	0.002635650668
119121	0.0006547513193
119122	0.005850171191
119123	0.0002176155119
119124	0.002069281764
119125	0.0008997811552
119126	0.001523658907
119127	0.0008586634321
119128	0.0003102734212
119129	0.002727746929
119130	0.001072862873
119131	0.0003248456695
119132	0.001576818848
119133	0.001531016788
119134	0.001627293155
119135	0.0033655084
119136	0.0001536282005
119137	0.004691849171
119138	0.005875518392
119139	0.001061633481
119140	0.001914989
119141	0.0008580639179
119142	0.001174958305
119143	0.002895122627
119144	0.0002498478726
119145	0.00215202772
119146	0.0007846467776
119147	0.008399428723
119148	0.002771489004
119149	0.0008723470472
119150	0.003177702595
119151	0.002418604632
119152	0.0008457570496
119153	0.0002352233037
119154	0.002835703502
119155	0.003047775679
119156	0.002598700595
119157	0.002726770141
119158	0.003345947851
119159	0.004335435888
119160	0.001277183954
119161	0.005539498268
119162	0.0007067534797
119163	0.0006896465221
119164	0.003899637193
119165	0.000231935847
119166	0.001119407068
119167	0.0004622846005
119168	0.001003555153
119169	0.002737068412
119170	0.0008188082443
119171	0.005599247377
119172	0.0007425495627
119173	0.002620548385
119174	0.003683466481
119175	0.001925037391
119176	0.002488803425
119177	0.001402027806
119178	0.000773971359
119179	0.0001692015993
119180	0.0005866736945
119181	0.0002868762004
119182	0.002535823239
119183	0.001239370452
119184	0.0005138796396
119185	0.004171606318
119186	0.002617750778
119187	0.0005453814222
119188	0.003872751449
119189	6.576707594e-05
119190	0.003163450026
119191	0.0001645645253
119192	0.0003623629607
119193	0.003591355504
119194	0.003105589894
119195	0.002186543872
119196	0.00199792844
119197	0.0007037183302
119198	0.002567699269
119199	0.002602022611
119200	0.0001171471032
119201	0.003057545765
119202	0.001807977013
119203	0.005058410726
119204	0.000301353737
119205	0.001745565873
119206	0.004730134925
119207	0.0001952680023
119208	0.0001448088651
119209	0.003955779087
119210	0.004704207456
119211	0.0004551966767
119212	0.001115275056
119213	0.01170779851
119214	0.001828747754
119215	8.588782131e-05
119216	0.0011005278
119217	0.001752456915
119218	0.003945286041
119219	0.001428293404
119220	0.002123895538
119221	0.003497234101
119222	0.001553522345
119223	0.003823377074
119224	0.001915936418
119225	0.001985520315
119226	0.0005328780981
119227	0.0004599806083
119228	0.001999753456
119229	0.003024984783
119230	0.002064772757
119231	0.003664159138
119232	0.005020556447
119233	0.0001969856226
119234	0.001040343535
119235	0.005823834098
119236	0.001310917392
119237	0.001289308739
119238	0.001880141638
119239	0.001086195225
119240	0.001584652612
119241	0.008331664422
119242	0.001159727016
119243	0.00324476363
119244	0.001739392432
119245	0.002284634319
119246	0.0006087724852
119247	0.002270035736
119248	0.0008657268612
119249	0.005861336934
119250	0.005558620883
119251	0.0006243730732
119252	0.006131833408
119253	0.0005605271542
119254	0.0008047040083
119255	7.010827107e-05
119256	0.001050739996
119257	0.001518017471
119258	0.002097325831
119259	0.0004947758441
119260	0.002437905724
119261	0.004263615718
119262	0.0004586391998
119263	0.002531355388
119264	0.003604668522
119265	0.001080188554
119266	0.001269566796
119267	0.000131238394
119268	0.001461321648
119269	0.0006679942606
119270	8.02669424e-05
119271	0.002476341527
119272	0.0001754113358
119273	0.002994522604
119274	0.0006115976123
119275	0.006976760355
119276	0.000932663718
119277	5.420294142e-05
119278	0.00344909417
119279	8.386605929e-05
119280	0.004814909585
119281	0.00377259628
119282	0.003548525883
119283	0.001118726817
119284	0.006479652039
119285	0.0004985318987
119286	0.00437876783
119287	0.005689615088
119288	0.0003508697248
119289	0.003595694686
119290	0.01020288199
119291	0.0002561413468
119292	0.0002099204007
119293	0.008058897878
119294	0.001376742028
119295	0.005562459829
119296	0.002522380056
119297	0.002963769728
119298	0.0002246979281
119299	0.0002240171711
119300	0.00170720259
119301	0.005118529445
119302	0.0001526665984
119303	0.0002906704864
119304	0.00259724028
119305	0.00147626378
119306	0.001260387127
119307	0.001919188314
119308	0.007899602573
119309	0.0003301837962
119310	0.004467404851
119311	0.000783605771
119312	0.003265980194
119313	0.0006214384697
119314	0.008400945012
119315	0.001399500055
119316	0.005468712882
119317	0.001691887672
119318	0.005267779662
119319	0.0009068871936
119320	0.001885946678
119321	0.0002018389072
119322	0.006380358962
119323	0.003302986509
119324	0.00153239197
119325	0.001359401495
119326	0.0005489339825
119327	0.004960865623
119328	0.0002108053061
119329	0.002169062399
119330	0.00305363942
119331	0.003270769843
119332	0.004113675647
119333	0.0002263443614
119334	0.0003732289233
119335	0.0001664430968
119336	0.0008821433477
119337	0.002032700725
119338	0.0009528493698
119339	0.003025722801
119340	0.001700824264
119341	0.006426886142
119342	6.855695703e-05
119343	0.0003591283008
119344	0.004278926585
119345	0.001873763344
119346	0.003206590521
119347	0.0008409059464
119348	0.005552267122
119349	0.003595816213
119350	0.001359928387
119351	0.001323350512
119352	0.002187730223
119353	0.002850591909
119354	0.00296121381
119355	0.004461799244
119356	0.002980115445
119357	0.002024563397
119358	0.001511304867
119359	0.001026792108
119360	0.001272720175
119361	0.003645952431
119362	0.000925989828
119363	0.005062123667
119364	0.003520203236
119365	0.00151555219
119366	0.0004228712553
119367	0.001676212334
119368	0.0006871692986
119369	0.001563216493
119370	0.0004393368034
119371	0.002895381064
119372	0.001325495392
119373	0.004651198072
119374	0.002374186882
119375	0.002020458087
119376	0.0002622247994
119377	0.0002122364416
119378	0.000221719958
119379	0.001271899737
119380	0.0008138329794
119381	0.0004158716245
119382	0.004927628714
119383	0.0004846907329
119384	0.001205899109
119385	0.0006461516549
119386	0.001523572772
119387	0.003813299408
119388	0.002315674156
119389	0.0004133900009
119390	0.0002027458568
119391	3.249491624e-05
119392	0.00438382828
119393	0.0001080573274
119394	0.004792930049
119395	0.001278275836
119396	0.002741987077
119397	0.001587564683
119398	0.002024078694
119399	0.001917282195
119400	0.001612871419
119401	0.002323943244
119402	0.001863408413
119403	0.002168301435
119404	0.001730524684
119405	0.001000313003
119406	0.001343888584
119407	0.005225293169
119408	0.001461351129
119409	0.0004964554606
119410	0.0004235374435
119411	0.002754421784
119412	0.001807020885
119413	0.005622181242
119414	0.004933664466
119415	0.003697347253
119416	0.002263249883
119417	0.001037897069
119418	0.006662220351
119419	0.001785032645
119420	0.002896306489
119421	1.003089567e-05
119422	0.001272565604
119423	0.002725187932
119424	0.001322134194
119425	0.002971230998
119426	0.006172340059
119427	0.0005561500498
119428	0.0008995270655
119429	0.0006814413251
119430	0.0003919215424
119431	0.004160118256
119432	0.003897678127
119433	0.0007486385348
119434	0.001719217688
119435	0.0009461097967
119436	0.003561754839
119437	0.001481917713
119438	0.0007537558332
119439	0.0001963207081
119440	0.001071874615
119441	0.002119430356
119442	0.002503961379
119443	0.003276664764
119444	0.002377670159
119445	0.001163829328
119446	0.006158952416
119447	0.001686331482
119448	0.002019529402
119449	0.001034573421
119450	0.0001810541852
119451	0.0006526569014
119452	0.001955988867
119453	0.001654845914
119454	0.00796666867
119455	0.001512370969
119456	0.002155076804
119457	0.001308152189
119458	0.005702874602
119459	0.001764707717
119460	0.0002500236928
119461	0.0002999976802
119462	0.000850552441
119463	0.001040572305
119464	0.00132979798
119465	0.00283575001
119466	0.0007373497256
119467	0.0002937212185
119468	3.778002052e-05
119469	0.001202170371
119470	5.178795314e-05
119471	0.0009946705434
119472	0.00378923991
119473	0.001121802343
119474	0.002790329736
119475	0.003463109393
119476	0.001841732202
119477	0.0008908024032
119478	0.002544231755
119479	0.004690151538
119480	0.0006300725339
119481	3.298183035e-05
119482	0.000222122698
119483	0.003367911286
119484	0.002016667148
119485	0.002909832993
119486	0.003122506187
119487	0.0006334388568
119488	0.002055917731
119489	0.0005544785915
119490	0.002454516424
119491	0.0005013555828
119492	0.002032288199
119493	0.002232580805
119494	0.001886589882
119495	0.0008654331946
119496	0.00346876459
119497	0.001099487868
119498	0.002145710987
119499	0.003304893287
119500	0.003807482189
119501	0.0004494784688
119502	0.002217537137
119503	0.003125189412
119504	0.009440613642
119505	0.0009466165154
119506	0.001297427685
119507	0.0003954590059
119508	0.004657490591
119509	0.002945535989
119510	0.009387347075
119511	0.001650789368
119512	0.0008036107069
119513	0.001564367725
119514	0.0009576504609
119515	0.0002881123933
119516	0.002465658522
119517	0.003652612262
119518	0.001085218794
119519	0.00473223519
119520	0.001403351729
119521	0.001629170834
119522	0.002019490585
119523	0.003463598235
119524	0.003004770987
119525	0.001859697526
119526	0.0002376956524
119527	0.005239407398
119528	1.622462881e-05
119529	0.003801666913
119530	0.005304226702
119531	0.001014416001
119532	0.0009548966783
119533	0.00130965257
119534	0.0006128701803
119535	5.262649939e-05
119536	0.001777835958
119537	0.004663386172
119538	0.001684503696
119539	7.068933962e-05
119540	9.939754979e-05
119541	0.002757369097
119542	0.005312147762
119543	0.0009316343324
119544	0.001593732513
119545	0.0008315325234
119546	0.004802665422
119547	0.0006300227352
119548	0.002948602891
119549	0.002738064271
119550	0.0006381325497
119551	0.0007020536588
119552	0.00332004243
119553	0.0006996031868
119554	0.003954635041
119555	0.004360279583
119556	0.0002128896611
119557	0.005885581216
119558	0.007477370791
119559	0.003206572455
119560	0.00261330182
119561	0.00284316336
119562	0.001492277336
119563	0.005425251842
119564	0.000256526152
119565	0.001659225292
119566	0.003126693118
119567	0.001195631026
119568	0.005847807312
119569	0.0007242567594
119570	0.002003421187
119571	0.002735031262
119572	0.001641443048
119573	0.000159958638
119574	0.0005886306066
119575	0.0007784280816
119576	0.001827542647
119577	0.0004004070891
119578	0.000745858746
119579	0.003306053588
119580	0.003940146696
119581	0.004140477406
119582	0.007176379824
119583	0.001262550409
119584	0.003631956453
119585	0.001161293424
119586	0.002099793155
119587	0.001038703365
119588	0.005490916344
119589	0.00431161552
119590	0.003547165536
119591	0.001372831817
119592	0.003509309491
119593	0.001962919679
119594	0.0004829288823
119595	0.001074306548
119596	0.00370878762
119597	0.004421068075
119598	0.001558815142
119599	0.002775703371
119600	0.0004986664508
119601	0.001332738694
119602	0.002118133474
119603	0.005863368726
119604	0.0006844929054
119605	0.003619835864
119606	0.000597467276
119607	0.001034662238
119608	0.002547034375
119609	0.003910735112
119610	0.0008986801585
119611	0.001928661242
119612	0.000284821596
119613	0.002811217628
119614	0.003439829446
119615	0.0003959478164
119616	0.00167659694
119617	0.003177937539
119618	0.001031133853
119619	0.002280921816
119620	0.004628353681
119621	0.0006819207155
119622	0.002449100999
119623	0.003141394566
119624	0.001948381413
119625	0.0007268904498
119626	0.005692103609
119627	0.0001603866139
119628	0.001446378994
119629	0.005474840954
119630	0.00177526185
119631	0.002058371299
119632	0.003928239989
119633	0.002026465055
119634	0.000845962716
119635	0.0001310594484
119636	8.283748897e-06
119637	0.00220982913
119638	0.0002033057914
119639	0.001655004517
119640	0.002180463242
119641	0.002325233595
119642	0.002158821721
119643	0.002808663986
119644	0.001298276484
119645	0.0001693634039
119646	0.0007554301541
119647	0.005141378781
119648	0.003305891569
119649	0.001530591119
119650	0.003455589689
119651	0.001937283214
119652	0.0007884849533
119653	0.004211534358
119654	0.0004701385394
119655	0.0001658311097
119656	0.0002915976991
119657	0.0001509414395
119658	1.25871893e-07
119659	5.52608311e-08
119660	0.0001510550312
119661	0.0001389063334
119662	5.833087735e-08
119663	0.0002899582945
119664	0.0001386760799
119665	0.0002900227654
119666	0.0001505546136
119667	0.0002901394273
119668	1.768346596e-06
119669	0.0002906152844
119670	0.0002903420503
119671	7.091806658e-07
119672	2.17973278e-07
119673	0.0002900995167
119674	0.000290391171
119675	0.0001518839436
119676	0.0002906152844
119677	0.0001393054394
119678	6.477797428e-07
119679	4.912073879e-07
119680	0.001457984599
119681	0.0005963852117
119682	0.001040383398
119683	6.908711682e-05
119684	0.0001058551273
119685	0.006161669149
119686	0.007084472821
119687	0.001912894065
119688	0.001221963967
119689	0.0005671090959
119690	0.004839353931
119691	0.001680284579
119692	0.0007822154206
119693	0.000234742988
119694	0.0003899633053
119695	0.003702523678
119696	0.001103919163
119697	0.0004135103535
119698	0.001353672504
119699	0.00133891344
119700	6.24131126e-06
119701	0.0004102088902
119702	0.0003488260937
119703	0.0001560928033
119704	0.0005454565148
119705	8.387894288e-05
119706	0.0003472507082
119707	5.308721326e-05
119708	3.546132924e-06
119709	0.0009949250544
119710	0.0002821042448
119711	0.0001226202445
119712	0.0006129600796
119713	0.0002994600198
119714	0.0001404048417
119715	0.0002229391419
119716	0.0001608759106
119717	0.0005250907202
119718	0.0002641460477
119719	3.77061068e-05
119720	6.395453893e-05
119721	2.629441141e-06
119722	0.0003727719144
119723	0.0001597840655
119724	4.279432863e-05
119725	7.346320686e-06
119726	0.00012796298
119727	0.0005091393431
119728	0.00107157726
119729	3.397532489e-05
119730	0.0001311426052
119731	0.0002649845334
119732	0.0004429046525
119733	0.0003485224937
119734	0.0002501370243
119735	7.079549692e-05
119736	0.0002946734993
119737	0.0007121596539
119738	0.000332862664
119739	0.0005368536131
119740	0.0009560120468
119741	0.0001362593371
119742	1.8129474e-05
119743	0.0007191306979
119744	9.35397488e-05
119745	0.0003286351226
119746	0.0002359367755
119747	0.0007556154888
119748	9.176185102e-05
119749	0.0001077564841
119750	0.0003636879292
119751	0.0001308309464
119752	0.0004259977529
119753	0.0004366636063
119754	0.001225520661
119755	0.0002354348791
119756	0.0002406406674
119757	0.0003024238621
119758	0.0001518249298
119759	0.0002393940377
119760	0.0003569399867
119761	0.0003765574325
119762	0.0001895247868
119763	0.0002475878179
119764	0.0005756078778
119765	0.0005321762186
119766	0.0003510164784
119767	0.0005564550521
119768	0.0001114948299
119769	2.399671912e-05
119770	0.0009796849523
119771	7.384455708e-05
119772	0.0003164143018
119773	0.0008400487858
119774	0.0002755699335
119775	5.737366523e-05
119776	0.001257968995
119777	0.0004520052339
119778	0.0001745432228
119779	6.776527776e-05
119780	0.0002204771086
119781	1.379037045e-05
119782	0.0008973628731
119783	2.419833764e-05
119784	0.0003335003491
119785	0.002254158501
119786	0.0006105088888
119787	0.003859694388
119788	0.002010806837
119789	0.0001213717206
119790	0.0001634854636
119791	0.0009227769393
119792	0.006170523506
119793	0.001968267865
119794	0.0006224093134
119795	0.003937173207
119796	0.002069428905
119797	0.001797153191
119798	0.0007925429521
119799	0.004845448269
119800	0.003179746132
119801	0.0001446233556
119802	0.0004299462553
119803	0.00103410826
119804	0.0004053784214
119805	0.0008140958345
119806	0.003859967426
119807	0.002284154265
119808	0.0001226911118
119809	4.495645406e-05
119810	0.0009445632495
119811	0.00169753559
119812	0.003311606352
119813	4.404878194e-05
119814	0.005378183102
119815	0.0002109530379
119816	0.004608298733
119817	0.0009485099493
119818	0.001017880835
119819	0.001712374342
119820	0.001275313043
119821	0.001408597536
119822	0.0002583683765
119823	0.0001994659776
119824	0.0008550785058
119825	0.0003627857011
119826	0.002166788595
119827	0.003381390904
119828	0.000795919031
119829	0.0004746171745
119830	0.0002766741212
119831	0.0002732169993
119832	0.003973325187
119833	0.003684538074
119834	0.003321930136
119835	0.0006883695782
119836	0.0001758019334
119837	0.001004881386
119838	0.004364181858
119839	0.002002511131
119840	0.003537831312
119841	0.001596520683
119842	0.0006624030483
119843	0.0008650376
119844	0.0004368371243
119845	0.001013343058
119846	0.004163778616
119847	0.001078681164
119848	0.0007151580246
119849	0.0008869451906
119850	0.003035667951
119851	0.001938582586
119852	0.002499761081
119853	0.000602312482
119854	0.0008086546671
119855	0.003214865293
119856	0.0002079754641
119857	0.002071856196
119858	0.005609078331
119859	0.003493330414
119860	0.0004336808274
119861	0.0005517799853
119862	0.002887724115
119863	0.001713517218
119864	0.001182684039
119865	0.001031224898
119866	6.521594368e-05
119867	0.001993221429
119868	0.003358709086
119869	0.000200338741
119870	0.0001100099479
119871	0.0004261428701
119872	0.001563268552
119873	0.0006868007482
119874	0.006798795441
119875	0.001446506053
119876	0.0008201326975
119877	0.0003446901169
119878	0.003845515788
119879	0.0009490279324
119880	0.0009619099929
119881	0.007532109669
119882	0.003223670843
119883	0.001401516735
119884	0.0005626640897
119885	0.0002188796687
119886	0.004889692692
119887	0.0001577582669
119888	0.001034445052
119889	0.002665086375
119890	0.0007564533943
119891	0.001479296862
119892	0.001656055116
119893	0.004591008503
119894	0.004117119867
119895	0.000161784332
119896	0.0008078413932
119897	0.0008080931368
119898	1.907522027e-07
119899	0.0009708908871
119900	0.0004859051271
119901	3.563300256e-07
119902	0.0008081156506
119903	0.0001598228291
119904	0.0009701070804
119905	0.0001610800355
119906	0.0001651257662
119907	9.824147755e-08
119908	6.606739364e-07
119909	1.285325993e-07
119910	0.001756605716
119911	0.001868379681
119912	0.002042999669
119913	0.0006462616285
119914	0.001381266454
119915	0.0004697763818
119916	0.001389970871
119917	0.001544406808
119918	0.0002434330295
119919	0.0003027027055
119920	0.001268709566
119921	0.0001639433646
119922	0.0007936746689
119923	0.0001083166248
119924	0.0006021761663
119925	0.0003932965597
119926	0.0001331525812
119927	0.0006285723931
119928	0.0008756891252
119929	0.001864048036
119930	0.001720132235
119931	0.0009707116426
119932	0.0009742531186
119933	0.0003876208022
119934	2.898190907e-05
119935	0.0005277149863
119936	0.000138431274
119937	0.0002104468394
119938	0.0001460461119
119939	0.0007311528479
119940	0.0009367060967
119941	0.0003235414105
119942	0.0007741193605
119943	2.015996979e-07
119944	1.752484695e-06
119945	2.026230447e-07
119946	2.546603296e-06
119947	2.134193765e-06
119948	1.003393429e-06
119949	5.157677571e-07
119950	8.534728359e-07
119951	1.188107869e-06
119952	3.934775836e-07
119953	5.321412933e-08
119954	1.633776237e-06
119955	1.555490086e-07
119956	7.736516356e-07
119957	1.424501428e-06
119958	5.357230566e-07
119959	6.774568509e-07
119960	4.441333432e-07
119961	1.786766873e-06
119962	1.116473455e-06
119963	1.503299279e-06
119964	1.821560726e-07
119965	7.112273645e-07
119966	7.639298264e-07
119967	1.292489441e-06
119968	2.072281204e-07
119969	4.349232034e-07
119970	1.1236369e-06
119971	1.590283919e-06
119972	2.001670105e-06
119973	2.200199781e-07
119974	2.650473224e-07
119975	4.170146018e-07
119976	0.0002847729301
119977	0.001469809152
119978	0.0002935927733
119979	0.0004932489583
119980	0.001568757521
119981	0.0009548599304
119982	0.0011864864
119983	0.0008676495677
119984	4.021760492e-08
119985	0.0001412760176
119986	0.0009777628521
119987	0.001469327155
119988	0.0009380311806
119989	0.001598708045
119990	0.0005243522247
119991	0.0003606631797
119992	0.001142551113
119993	0.0009824845668
119994	0.0004674939496
119995	0.0006555097209
119996	0.001143721317
119997	0.0002308850712
119998	0.0004510074571
119999	0.0001237895985
120000	0.0006794042181
120001	6.830320912e-06
120002	0.0002873559509
120003	0.0006870525258
120004	9.822503308e-05
120005	0.000216026908
120006	0.001335118902
120007	6.350430068e-05
120008	0.00108419998
120009	0.002343243067
120010	0.0009277963187
120011	0.000361946058
120012	6.276070746e-05
120013	0.0007499929222
120014	0.0006046999499
120015	0.0002014490477
120016	0.0001347799499
120017	0.001082262064
120018	0.001844158439
120019	0.0006153823801
120020	0.0003203957154
120021	0.0001248540734
120022	0.0001847726906
120023	0.001033563669
120024	0.0001423248099
120025	0.001538315341
120026	0.0008362436697
120027	0.001419569992
120028	0.0001799533105
120029	0.0001357586364
120030	0.0004759844936
120031	0.0002749192207
120032	0.0002841677065
120033	0.0003088532376
120034	0.0003283349871
120035	0.0009672700474
120036	0.0002889391769
120037	0.000562824047
120038	0.0005207156449
120039	0.0009148900762
120040	0.0009901885855
120041	0.0005514366765
120042	8.766867792e-05
120043	0.0004082251394
120044	0.0003617471906
120045	0.0003803730776
120046	0.0001628134815
120047	0.0005514883098
120048	0.0004757988576
120049	0.0007317702775
120050	7.591639775e-05
120051	0.001556158461
120052	0.0009585473378
120053	0.001550004277
120054	0.0008214482508
120055	5.124534876e-05
120056	0.0002820086353
120057	0.0003280285618
120058	0.0004897491539
120059	0.0001655824946
120060	0.001440651231
120061	0.00133250947
120062	0.0005096820001
120063	0.000434908582
120064	0.002332290631
120065	0.0004803365431
120066	0.001478385926
120067	0.0007637066145
120068	0.0001733504578
120069	0.0003276690247
120070	0.002741930542
120071	0.0009538045454
120072	0.0009308468715
120073	0.002681371699
120074	0.000575704029
120075	0.0006588890461
120076	0.0004608259098
120077	0.001188059981
120078	0.002037531791
120079	0.0008294604248
120080	0.0001430099665
120081	0.001333172505
120082	0.000749797391
120083	0.001326387422
120084	0.001036827797
120085	1.940269181e-07
120086	0.002359225007
120087	2.692126624e-05
120088	0.0001404083639
120089	0.001701630877
120090	0.0006700806464
120091	0.0003606422099
120092	0.0003317039156
120093	0.0003005325259
120094	0.0003157249359
120095	0.001575490514
120096	0.0009700865895
120097	0.00028942294
120098	0.0003308010067
120099	8.441162809e-05
120100	0.001617682499
120101	0.0001557229384
120102	0.0006007802972
120103	0.001000815702
120104	0.001009780557
120105	0.0002727177791
120106	0.0007620741371
120107	0.0007750509375
120108	0.000175564783
120109	0.0002191329922
120110	0.001039275098
120111	0.0002127733924
120112	0.0009023707837
120113	0.0001889937144
120114	0.001153961024
120115	0.0002457786683
120116	0.00036158305
120117	0.003294007944
120118	0.001593232649
120119	0.003385600394
120120	0.0002418651516
120121	0.002738839622
120122	2.611585945e-07
120123	0.002959670307
120124	0.001555614696
120125	0.003163675995
120126	0.002435470702
120127	0.001755373996
120128	0.003174446457
120129	0.001272775598
120130	0.0009402693008
120131	0.002340857081
120132	0.0007355926418
120133	0.001952952757
120134	0.002230145876
120135	0.0002127729967
120136	0.001826009732
120137	0.0003317022285
120138	0.0002826462765
120139	0.001634803989
120140	7.104069664e-05
120141	0.001144475628
120142	0.004191885716
120143	0.005975003371
120144	0.004258715849
120145	0.0004228370698
120146	0.004694492152
120147	0.001747608888
120148	0.002860366131
120149	4.308560146e-05
120150	0.0006080746771
120151	0.001429344952
120152	0.00113294923
120153	0.0003695568489
120154	0.003991211909
120155	0.001807802304
120156	0.002648849222
120157	0.0002098111239
120158	0.001531469497
120159	0.00199309565
120160	9.183017399e-05
120161	0.001056192678
120162	0.0009401870574
120163	0.0007634003271
120164	0.001065633432
120165	0.001052003366
120166	0.002457277538
120167	0.005732462063
120168	0.003313443183
120169	0.0009541999591
120170	0.0001437540021
120171	0.0005259070844
120172	0.0001411913779
120173	0.002326181822
120174	0.0003906088656
120175	0.0001962125257
120176	0.00041909069
120177	0.0002093603816
120178	0.003959690947
120179	0.001078043809
120180	0.0005384749417
120181	0.000157123749
120182	0.001947887931
120183	0.0004739441721
120184	0.001372515578
120185	0.0005056592356
120186	0.00817027809
120187	0.001100102926
120188	0.004757328098
120189	0.004764433507
120190	0.0001216360448
120191	0.004059039366
120192	0.002666651532
120193	0.001047930709
120194	0.002444137597
120195	0.001428613131
120196	0.0006764747891
120197	8.067433758e-05
120198	0.001703564294
120199	0.0002261332456
120200	0.0005609322272
120201	7.858030604e-06
120202	0.002017405375
120203	0.005638163442
120204	0.0004994642025
120205	0.0001357621261
120206	0.003466354431
120207	0.005365995588
120208	0.003327124941
120209	0.0007727251716
120210	0.004945591727
120211	0.001655367909
120212	0.002256751857
120213	0.002266382166
120214	0.0002081576211
120215	0.0003714393725
120216	0.0002556144213
120217	0.0007428387006
120218	0.0005498774834
120219	0.006315566095
120220	0.00263111238
120221	0.00310523781
120222	0.0004606591612
120223	0.005080653218
120224	0.001948069207
120225	0.001336589662
120226	0.002951774054
120227	0.0001573659597
120228	0.0005878416903
120229	0.0002940998903
120230	0.0003371892026
120231	2.941190718e-06
120232	0.00320672401
120233	0.001157847966
120234	0.00115734773
120235	0.004732724623
120236	0.0006573561323
120237	0.001352895222
120238	0.004711983063
120239	0.004123258126
120240	0.004886236459
120241	0.0001652726644
120242	0.0007117636938
120243	0.00154602972
120244	0.0002724128973
120245	0.003062855846
120246	0.001244388201
120247	0.0005610693544
120248	0.001878995515
120249	9.408632178e-05
120250	0.0008970055108
120251	0.001651554522
120252	0.0005494735273
120253	0.001031462671
120254	0.00356769255
120255	0.0051886789
120256	0.0003271620578
120257	0.00212307241
120258	0.001976118434
120259	0.0001682719873
120260	9.535379331e-06
120261	0.001086870386
120262	0.0001797749027
120263	0.003120774131
120264	0.001827695587
120265	0.0007459670787
120266	0.002929616341
120267	0.0057288922
120268	0.00110666152
120269	0.001633538308
120270	0.001539162747
120271	0.001673177591
120272	0.002000358186
120273	0.00059868456
120274	0.002937054949
120275	0.001719040518
120276	0.002174237354
120277	0.001715945343
120278	0.0002407262715
120279	0.0006316442388
120280	6.863601457e-05
120281	0.001326541051
120282	0.004584956297
120283	0.001066461063
120284	0.0008445983387
120285	5.018931684e-05
120286	0.0002719224745
120287	0.000176170114
120288	0.006569079224
120289	0.0014337328
120290	0.006467039126
120291	0.003158449304
120292	0.002090744184
120293	0.0003763881913
120294	0.002617996148
120295	0.001397710261
120296	0.01094634408
120297	0.001948578571
120298	0.005310589473
120299	0.0005294167096
120300	0.001675044409
120301	0.0006085646345
120302	0.0007508345738
120303	0.0007110215837
120304	0.0004144041498
120305	0.001324896603
120306	0.0002272720161
120307	0.0001807865846
120308	0.0003454015673
120309	0.0001174703171
120310	0.0002959912668
120311	0.0001467803538
120312	0.0003764521215
120313	0.0002437687783
120314	0.0001602143774
120315	0.0001929804314
120316	0.0008586809582
120317	0.0005757267521
120318	0.0003534914359
120319	0.0005431696946
120320	0.001881392382
120321	0.0005872852763
120322	0.001300191361
120323	0.003194950288
120324	0.0003070397793
120325	0.00302695821
120326	0.004868332729
120327	0.006560323422
120328	0.004609779192
120329	0.002804108614
120330	0.001689407581
120331	0.0006673592239
120332	0.0001417819707
120333	0.004341537205
120334	0.004903906561
120335	0.0005732924982
120336	0.0006466104348
120337	0.0005011309551
120338	0.002014224597
120339	0.00423639143
120340	0.001148792614
120341	0.006215425149
120342	0.002624254994
120343	0.001725667467
120344	0.002133812351
120345	0.000525782147
120346	6.286977868e-06
120347	0.00536654891
120348	0.001133914663
120349	0.0007988798773
120350	0.003999851755
120351	0.002145115898
120352	0.003899978983
120353	0.001445430102
120354	0.001015139815
120355	0.002019222419
120356	0.00176361651
120357	0.00211880812
120358	0.0009611299081
120359	0.004016119566
120360	0.001013435335
120361	0.000823285829
120362	0.0006131484919
120363	0.0006758934458
120364	7.961896379e-05
120365	0.0007694208026
120366	0.001021581684
120367	0.001150792343
120368	0.00161011707
120369	0.002145210088
120370	0.001193777476
120371	0.002508144189
120372	0.0003234855131
120373	0.002493695955
120374	0.0005021020381
120375	2.137650734e-05
120376	0.004317252854
120377	0.005099588555
120378	0.0003803863482
120379	0.0006441142121
120380	0.003101650838
120381	0.0006815501763
120382	0.001087655968
120383	0.002189653843
120384	0.001105614807
120385	0.0004876788604
120386	0.006117488398
120387	0.002437120404
120388	0.004279556669
120389	0.00590230618
120390	0.0009850329981
120391	0.001180986499
120392	0.00326273367
120393	0.001060420446
120394	0.002177802244
120395	0.001127050927
120396	0.001869679914
120397	0.00281655811
120398	0.002243373273
120399	0.002373820377
120400	0.0002687475042
120401	0.001845439863
120402	0.006543466441
120403	0.003100126387
120404	0.0004908630691
120405	0.00292098863
120406	0.0002356497508
120407	0.0006093885621
120408	0.0001750873328
120409	0.003455024435
120410	0.004671719229
120411	0.001096928329
120412	0.001865732175
120413	0.0002423289978
120414	0.001544647382
120415	0.0001236566302
120416	0.001259114121
120417	0.006226779685
120418	0.001019869123
120419	7.091829747e-05
120420	0.007932753507
120421	0.007280103884
120422	0.003204157665
120423	0.001611716104
120424	0.006589187001
120425	0.0002411449439
120426	0.0009801215772
120427	0.0006095999578
120428	0.000102227713
120429	0.0005118380309
120430	0.001420564312
120431	0.0006205983648
120432	0.003749666823
120433	0.0005168059176
120434	0.006094652773
120435	0.001866261554
120436	0.003030734086
120437	0.007855612064
120438	0.0004361169313
120439	0.008146145971
120440	0.01025690272
120441	0.006941692237
120442	0.002263450932
120443	0.006879207411
120444	0.004766233374
120445	0.0003171362225
120446	0.0004059569656
120447	0.0007210519694
120448	0.00377796658
120449	0.0004184581397
120450	0.0007657001352
120451	0.00473937725
120452	5.026757433e-05
120453	0.001043425152
120454	0.0001772338112
120455	0.003571123719
120456	0.002275404365
120457	0.0002021323835
120458	0.002907444475
120459	0.000735523051
120460	0.005400346292
120461	0.001362729454
120462	0.003866844078
120463	0.0015524112
120464	5.330891178e-05
120465	0.002518977142
120466	0.0001579126863
120467	0.005684573426
120468	0.00163377214
120469	0.004920373248
120470	5.994156413e-05
120471	0.00589701752
120472	0.0002663919796
120473	0.003177127656
120474	0.001448868532
120475	0.001564859367
120476	0.0005739163763
120477	0.004950773984
120478	0.0004706277507
120479	0.0004448926455
120480	0.0006174831627
120481	0.0002421702072
120482	0.0008726865589
120483	0.004730252392
120484	0.0001360307709
120485	0.0006963263107
120486	0.001443468725
120487	0.004215774151
120488	0.004347368249
120489	0.0007841122079
120490	0.0004880167968
120491	0.003664687616
120492	0.001531013311
120493	0.001024655284
120494	0.004707314441
120495	0.001013332722
120496	0.003412841132
120497	0.004984099382
120498	0.00172839738
120499	0.004949738365
120500	0.003256336571
120501	0.0002332428975
120502	0.001152415677
120503	0.0008518832229
120504	0.005882064168
120505	0.006381391487
120506	3.85382535e-05
120507	0.0007083835657
120508	0.001550060746
120509	0.00877084682
120510	0.0001950393029
120511	4.375137957e-05
120512	0.003249960892
120513	0.0002289009241
120514	0.001312570133
120515	0.003657514548
120516	0.0007485014358
120517	0.00148591396
120518	0.001136228481
120519	0.001288400776
120520	0.002930685431
120521	0.009000312674
120522	0.001012089147
120523	0.00669527454
120524	0.003677552791
120525	0.000232379704
120526	0.0001187014537
120527	0.000395682748
120528	0.005133318837
120529	0.004157551528
120530	0.0009398787974
120531	0.0003597386513
120532	0.001648287211
120533	0.0006496339304
120534	0.0002791612908
120535	0.0008907311413
120536	0.0008761555071
120537	0.002681730629
120538	0.001214607557
120539	0.0006866971594
120540	0.001097498475
120541	0.0002516435372
120542	0.001048105657
120543	0.002800819894
120544	0.0002376208035
120545	0.0005432857341
120546	0.001238943737
120547	0.00173624258
120548	0.0008584532393
120549	0.001218063669
120550	0.0009515444276
120551	0.001428979267
120552	0.004052027843
120553	0.00555780184
120554	0.001523924759
120555	5.947812743e-05
120556	0.001086000557
120557	0.0002999385357
120558	0.003401832389
120559	0.0009331405738
120560	0.002527373449
120561	0.0001516062365
120562	0.002290184943
120563	0.002994719451
120564	0.001567147864
120565	0.0006850064173
120566	0.004083421224
120567	0.003095735254
120568	0.005262153052
120569	0.0009063091832
120570	0.003844695837
120571	0.00598136519
120572	0.0005796814742
120573	0.001984126329
120574	0.005492493155
120575	0.0007401417216
120576	0.005613779858
120577	0.002321069153
120578	0.001227624064
120579	0.0002094335502
120580	0.001799329413
120581	0.002548125815
120582	5.858442421e-06
120583	0.004543654052
120584	0.0004344363214
120585	0.002952540297
120586	0.002960499167
120587	0.000759558093
120588	0.001462699574
120589	0.0002169652128
120590	0.0009031333746
120591	0.0004041196275
120592	0.0001952643362
120593	0.0002715224029
120594	0.0009041091229
120595	0.0008243587893
120596	0.0006638459552
120597	0.0002472567793
120598	0.0001303398865
120599	0.004411369644
120600	0.005609546076
120601	0.005948982783
120602	0.006643868879
120603	0.006262022453
120604	0.003713793187
120605	0.007083010977
120606	0.005146770933
120607	0.008205731405
120608	0.001370527361
120609	2.728159071e-06
120610	0.0005100292678
120611	0.0004674311761
120612	0.0003400272545
120613	0.001611088061
120614	0.0004026811116
120615	0.005128836535
120616	0.002033067876
120617	0.006182376218
120618	0.001309364949
120619	0.003747063924
120620	0.001545608542
120621	5.830633173e-05
120622	0.001885792029
120623	0.0005429593547
120624	0.001600631518
120625	0.000383494226
120626	2.9452402e-05
120627	0.001420423758
120628	0.0008924632402
120629	0.001485960019
120630	0.003608490739
120631	0.001691749174
120632	4.458543972e-05
120633	0.0003751783498
120634	0.001799514942
120635	0.0008350144302
120636	0.00547351061
120637	0.002952682988
120638	0.002273253079
120639	0.002272887728
120640	0.002580542165
120641	0.00375970073
120642	0.0006209228812
120643	0.00301685004
120644	0.001957746394
120645	0.0006932045392
120646	0.000842627274
120647	0.001937026436
120648	0.005223889986
120649	0.004170937829
120650	0.001164897948
120651	0.00035553202
120652	2.696013439e-05
120653	0.001709551102
120654	0.001909468738
120655	0.002459976861
120656	0.0001565936761
120657	0.0002885502952
120658	0.0001928137751
120659	0.003208895545
120660	0.008924716811
120661	0.00355438851
120662	0.002003347065
120663	0.0003046857283
120664	0.002778187299
120665	0.004214810667
120666	0.001316484352
120667	0.002111123279
120668	0.001553781969
120669	0.004879559099
120670	0.0004155422828
120671	0.001642191022
120672	0.001301005418
120673	0.001160329495
120674	0.003090484519
120675	0.001122616171
120676	0.001376432587
120677	0.002324395394
120678	0.001597661509
120679	0.001032724566
120680	0.0001641518741
120681	0.0004495710393
120682	0.003858507881
120683	0.007005253623
120684	0.0004084786644
120685	0.004210065764
120686	0.0008570747915
120687	0.00107404567
120688	0.002477529924
120689	0.004037122225
120690	0.00398224729
120691	9.453061304e-05
120692	0.001130404156
120693	0.003298116557
120694	0.001825968631
120695	0.001549758144
120696	0.004376795141
120697	0.002144359725
120698	0.004405924919
120699	0.004459288502
120700	0.0002397742671
120701	0.002355773306
120702	0.001400389782
120703	0.001055070866
120704	0.001145773825
120705	0.00180772605
120706	0.001168539767
120707	0.0007204724252
120708	0.001017934032
120709	0.001814335065
120710	0.003455807619
120711	0.001976366331
120712	0.002099316862
120713	5.009068099e-05
120714	0.0005645260979
120715	0.003390276616
120716	0.002215370534
120717	0.008565750139
120718	0.001054653162
120719	0.0007533120555
120720	0.00236729728
120721	0.005799057173
120722	0.0006223794239
120723	0.001900051485
120724	0.000183674156
120725	4.056340472e-05
120726	0.001017970302
120727	0.001914471246
120728	0.0009812767019
120729	0.001794430458
120730	0.0005978328662
120731	0.004629036489
120732	0.002896992916
120733	0.006472088731
120734	0.0004456789472
120735	0.0002044198887
120736	0.002946219466
120737	9.910861521e-05
120738	0.003398399401
120739	0.0004012011041
120740	0.0005975779982
120741	0.001599132929
120742	0.0008633343792
120743	0.001084429013
120744	0.0001238562246
120745	4.220752275e-05
120746	0.005729729273
120747	0.003616749984
120748	2.491566913e-05
120749	0.005153273403
120750	0.001384136952
120751	0.0036603048
120752	0.0008580112461
120753	0.0005040686868
120754	0.0007691555046
120755	0.004895956005
120756	0.0001114334199
120757	0.0008836964078
120758	1.915201683e-05
120759	0.001685289438
120760	0.004148124147
120761	0.00186487216
120762	0.0004478386336
120763	0.002134898085
120764	0.0001324914405
120765	0.0009999412285
120766	0.006770363109
120767	0.0003137021596
120768	0.0002230365412
120769	0.00183588439
120770	0.006752958984
120771	0.003634196316
120772	0.004356412333
120773	0.001986301211
120774	0.0001682369283
120775	0.002751792044
120776	0.0006696193401
120777	0.003097592939
120778	0.0004726756268
120779	0.001282392402
120780	0.004434087424
120781	0.000407918321
120782	0.0006696326553
120783	0.004760006594
120784	0.0001230723473
120785	0.002039281
120786	0.002010074417
120787	0.0006967217657
120788	0.0003716638308
120789	0.001236671219
120790	6.856853723e-05
120791	0.003493215478
120792	0.0006361836245
120793	2.738176444e-05
120794	0.0004091110915
120795	0.0004047337342
120796	0.0003885684305
120797	0.001121666894
120798	0.001467973866
120799	0.0008492267841
120800	0.001694992721
120801	0.0001160822331
120802	0.004135573678
120803	0.0004765206999
120804	0.00274771471
120805	0.002188600327
120806	0.0008428955674
120807	0.001402166738
120808	0.003359406042
120809	0.0003716930995
120810	0.004914496722
120811	0.0003830585066
120812	0.0004686897471
120813	0.001670049605
120814	0.0001094669072
120815	0.002472963537
120816	0.002751601798
120817	0.001712019485
120818	0.005663372951
120819	3.139359261e-05
120820	0.001238638886
120821	0.001768981391
120822	0.0002602087181
120823	0.0007050144677
120824	0.000375306622
120825	0.004039780909
120826	0.0001934481891
120827	0.005654085093
120828	0.0001175879827
120829	0.004016086251
120830	0.001094454924
120831	0.002242978218
120832	0.0009155178263
120833	0.0008607648087
120834	0.0001371671671
120835	0.0006662560868
120836	0.004936182339
120837	0.0002107156846
120838	0.002499529265
120839	0.002886811657
120840	0.000671598238
120841	0.001887487166
120842	0.0007698457255
120843	0.001416103815
120844	1.116255069e-05
120845	0.001243883355
120846	0.001015705903
120847	0.00239714952
120848	0.0007811842651
120849	0.00503378552
120850	0.0007991433623
120851	0.001287325176
120852	0.001766465231
120853	0.0005092608683
120854	0.0001218811582
120855	0.0005036766936
120856	0.005800474077
120857	0.001880259292
120858	0.001035030388
120859	3.871521478e-05
120860	0.002168278544
120861	0.003556542826
120862	0.0006743505361
120863	0.0002219523462
120864	0.001303792447
120865	0.00355948591
120866	0.0008515373079
120867	7.268201067e-05
120868	1.941379173e-05
120869	0.002762026821
120870	0.001191594379
120871	0.003953965082
120872	0.0005060174229
120873	0.002213483685
120874	0.003044543248
120875	0.001245814755
120876	0.002744251978
120877	0.0007677556974
120878	0.0007204807772
120879	0.001294263591
120880	0.0007674542249
120881	0.001658497848
120882	0.002340787162
120883	0.004615579932
120884	0.001582590609
120885	0.002352184269
120886	0.0004371543797
120887	0.003822008528
120888	0.001090604495
120889	0.003316230507
120890	0.002030078977
120891	0.003459976566
120892	0.003688903145
120893	0.002599751969
120894	0.003338213025
120895	0.002817855491
120896	0.001553191071
120897	0.0009666741821
120898	0.003547601778
120899	0.0001372391797
120900	0.001575125662
120901	0.0003969806901
120902	0.0002628762857
120903	0.001224347791
120904	0.0003875039833
120905	0.002947517537
120906	0.0006687713072
120907	0.002462153251
120908	0.002274713508
120909	0.002879746104
120910	0.003009891952
120911	0.00127272066
120912	0.001051253194
120913	0.002175410088
120914	0.002039405182
120915	0.001715842577
120916	0.0008655381617
120917	0.004137225362
120918	0.0001633194914
120919	0.0004849144779
120920	0.00207556302
120921	0.0007204201856
120922	0.0009486017659
120923	0.0008767394408
120924	0.000253322901
120925	0.003794676238
120926	0.0005382536233
120927	0.0003505202752
120928	7.674662075e-05
120929	0.000124686053
120930	0.001539362975
120931	0.00163249062
120932	0.002331901696
120933	0.004808965696
120934	0.0001263717573
120935	0.0001482855023
120936	0.0007958436088
120937	0.0009736352551
120938	0.003247201217
120939	0.0003118327215
120940	0.001211826251
120941	0.0004344831231
120942	0.001398428825
120943	0.0008524082194
120944	0.0005321858724
120945	0.0002113853466
120946	0.0001363806289
120947	0.0008000650637
120948	0.0005462567128
120949	0.001125085137
120950	0.0001839750705
120951	0.0008366361675
120952	0.001090366842
120953	0.0002191331926
120954	0.003531923809
120955	0.00218368118
120956	0.0019204968
120957	0.0004493723625
120958	0.0006782323651
120959	0.002293149862
120960	5.069159996e-05
120961	0.0009101642363
120962	0.00565394202
120963	0.0004505784551
120964	0.0003881261954
120965	0.0007736132071
120966	0.004699075193
120967	0.001797142798
120968	0.001289778517
120969	0.001113268071
120970	0.002012175919
120971	0.001487165619
120972	0.003123329467
120973	0.001788115492
120974	0.003243627902
120975	0.001193066147
120976	0.001661344975
120977	0.001634467789
120978	0.002313585125
120979	0.001704607625
120980	0.002465731193
120981	0.00151183703
120982	0.001467980333
120983	0.0002802869896
120984	0.004352948965
120985	0.003854233378
120986	0.005609836212
120987	0.001182517744
120988	0.0006864919559
120989	0.0006847924699
120990	0.004525907955
120991	0.002089138198
120992	0.001656708541
120993	0.002231260363
120994	0.0007437009207
120995	0.0001459480894
120996	3.906714543e-05
120997	0.000783414932
120998	0.0004591307815
120999	0.003578698801
121000	0.003302829407
121001	0.003386712421
121002	0.001285840921
121003	0.0002204399702
121004	0.00071106253
121005	0.001969380528
121006	0.0001387106653
121007	0.003453254107
121008	0.002351070824
121009	0.005649862607
121010	0.002527177101
121011	0.001014637684
121012	0.000284689459
121013	0.002304715825
121014	0.0003395172325
121015	0.005642101095
121016	0.0002334651734
121017	9.812460148e-05
121018	0.0005421192335
121019	0.0007961486665
121020	0.0002473794401
121021	0.001967879263
121022	0.0008006213043
121023	0.002025327527
121024	0.0009428225212
121025	0.0009808462404
121026	0.0009484207792
121027	0.0005661633562
121028	0.0004614026383
121029	0.0006575391392
121030	0.00147252752
121031	0.0006860335074
121032	0.004552136335
121033	0.000626140527
121034	0.005302777234
121035	0.002412724283
121036	0.002700082751
121037	0.003253595602
121038	0.002800650774
121039	0.001039720885
121040	0.002734669456
121041	0.00145609303
121042	0.002404235186
121043	0.002783409838
121044	0.003183871191
121045	0.002770476894
121046	0.002009552485
121047	0.002446349074
121048	0.00388129377
121049	0.002913662808
121050	0.001561683025
121051	0.002117571261
121052	0.002588474329
121053	0.002115567932
121054	0.002568374932
121055	0.003946051349
121056	0.003064797142
121057	0.00382244567
121058	0.001590249184
121059	0.003621948694
121060	0.002639751858
121061	0.002241582442
121062	0.002783248303
121063	0.001937895246
121064	0.002336622734
121065	0.003155433894
121066	0.004402115805
121067	0.004636096235
121068	0.002780617349
121069	0.001605021722
121070	0.00188323905
121071	0.002062868642
121072	0.0003626872208
121073	0.003139033501
121074	0.003011450569
121075	0.002597507882
121076	0.002629490826
121077	0.003363390396
121078	3.196005445e-05
121079	0.0005745041256
121080	0.001720683796
121081	0.004178725086
121082	0.002213833056
121083	0.002144089146
121084	0.0005016802362
121085	0.001811241637
121086	5.422847286e-05
121087	0.0007691843882
121088	0.003070329385
121089	0.002919981659
121090	0.001264594911
121091	0.0005621244263
121092	0.000936396388
121093	0.003463892102
121094	0.003691095816
121095	0.0004613021375
121096	0.0001524629945
121097	0.005573931274
121098	0.001474347012
121099	0.002095917446
121100	0.0006318664738
121101	0.001371704308
121102	0.001424314341
121103	0.0023862906
121104	0.003452710992
121105	0.0009247996589
121106	0.005936452604
121107	0.01010479954
121108	0.002757385673
121109	0.0006461663343
121110	0.0009493548975
121111	5.322011349e-06
121112	0.005228716019
121113	0.002616996971
121114	0.003738863039
121115	0.004319965317
121116	3.173967925e-05
121117	0.003035679564
121118	0.001112673226
121119	0.007554509826
121120	0.0003528477933
121121	0.002735845192
121122	0.0001663324789
121123	0.0001489684126
121124	0.003552954982
121125	0.0009091176547
121126	0.000722717959
121127	0.0002757393793
121128	0.003188448935
121129	0.00153631767
121130	0.004135338775
121131	0.001057503106
121132	0.004771746426
121133	0.002298802486
121134	0.0005993206538
121135	0.001698160778
121136	0.001417370133
121137	0.0009022069024
121138	0.0003980572813
121139	0.004795413731
121140	0.001493214739
121141	0.001991631141
121142	0.003203096678
121143	0.0003213877845
121144	0.001606982893
121145	0.002018343854
121146	4.779945095e-05
121147	0.006868801928
121148	0.0003935451781
121149	0.0009926155107
121150	0.0007818303108
121151	0.001814703306
121152	0.003219623617
121153	0.0008348731154
121154	0.004341442364
121155	0.001681042923
121156	0.001228545464
121157	0.002374244038
121158	0.0009665419539
121159	0.0004557069372
121160	0.0009007693608
121161	0.00351212417
121162	0.002637769263
121163	0.0005848228055
121164	0.004822540932
121165	0.002983700536
121166	3.067278414e-05
121167	0.0004841085113
121168	0.003015853074
121169	0.0002986511233
121170	0.002633703683
121171	0.0001842110531
121172	8.501403853e-05
121173	0.001450185858
121174	0.003611920431
121175	0.001467651802
121176	0.004776239947
121177	0.00076589386
121178	0.0004578855978
121179	0.002235061549
121180	0.003353100061
121181	0.0007896252391
121182	0.004298659955
121183	2.574124457e-05
121184	0.0007730759628
121185	0.0008260759759
121186	0.001071256856
121187	0.0006826841834
121188	0.002125620313
121189	0.000108671518
121190	0.001502780352
121191	0.0007816410442
121192	0.001504452741
121193	0.002092891646
121194	0.0007335269342
121195	0.002402375904
121196	0.0009624469133
121197	0.006379461981
121198	0.0002771955926
121199	0.001095485202
121200	0
121201	0.001098932606
121202	0.0009064712545
121203	0.000387597625
121204	0.001129657814
121205	0.001247075995
121206	0.0034156281
121207	0.005587467589
121208	0.001550092504
121209	0.0005808159239
121210	0.003180634731
121211	0.001312760421
121212	0.001330554711
121213	0.003346099873
121214	0.0003585370997
121215	0.006331807242
121216	0.0008008495407
121217	0.001539002447
121218	0.002656004326
121219	0.0002773778535
121220	0.0004408733263
121221	0.0008873212431
121222	0.004457997576
121223	0.003325213881
121224	0.000266740213
121225	0.001838647786
121226	1.929370322e-05
121227	0.0002051919823
121228	0.00239041485
121229	0.0007109997199
121230	0.005379561752
121231	0.002798301124
121232	0.0005002787486
121233	0.001991727314
121234	0.0001990699612
121235	0.003809692275
121236	0.001416157738
121237	0.001790072567
121238	0.0005348144528
121239	0.002954868657
121240	0.000173130508
121241	0.004298892533
121242	0.001018559501
121243	0.001806465053
121244	0.001675322932
121245	0.001053637405
121246	0.0002739087565
121247	0.00043628618
121248	0.0003920025737
121249	0.002432093763
121250	0.002425207803
121251	0.001054580186
121252	0.0001966037492
121253	0.0004108997386
121254	1.209298221e-05
121255	0.0003271556964
121256	0.00163994961
121257	0.0007631168781
121258	0.0006801082961
121259	0.003348189793
121260	0.0004669236591
121261	0.0005591347647
121262	0.0001292829508
121263	0.000714360613
121264	0.0007388385474
121265	0.0004372620558
121266	0.000993551654
121267	0.0003358126867
121268	0.002965860188
121269	0.001316738411
121270	0.0004933891513
121271	0.002779001012
121272	0.001763195681
121273	0.001188870433
121274	0.000163153826
121275	0.001272651683
121276	0.0003256683735
121277	0.0003078917831
121278	0.001846835281
121279	0.0009567261823
121280	0.002252980684
121281	0.002357166645
121282	0.001471545849
121283	0.003932861484
121284	0.000169387628
121285	0.0009498410078
121286	0.001139182654
121287	0.001217826689
121288	0.001123174331
121289	0.002108509299
121290	0.001964742513
121291	0.002315966834
121292	0.002364553664
121293	0.004631012392
121294	0.001741648303
121295	0.002494243918
121296	0.001585874637
121297	0.0024075597
121298	0.005750587512
121299	0.000872806331
121300	0.001829021778
121301	0.001015259814
121302	0.000869725265
121303	0.000164628931
121304	0.002464750222
121305	0.002729731713
121306	0.004300929294
121307	0.003729223508
121308	0.0001708784244
121309	0.002221719634
121310	0.001367598331
121311	0.0006501502874
121312	0.004972515356
121313	0.0004185915691
121314	0.001115643494
121315	0.002781214446
121316	0.002214315953
121317	0.0009600841021
121318	0.004000152254
121319	0.0001791646592
121320	0.0005531876018
121321	0.00182023078
121322	0.0002715059576
121323	0.0004826003545
121324	0.001089321052
121325	0.0015873324
121326	0.000165499399
121327	0.000772070239
121328	0.002146559743
121329	0.0008170608162
121330	0.0007627310946
121331	0.003775374724
121332	0.00121812332
121333	0.003624474718
121334	0.001915128604
121335	0.002278327266
121336	0.001514510448
121337	0.001616029046
121338	0.002798827137
121339	0.000666540863
121340	0.005570797033
121341	0.001875408208
121342	0.000112495432
121343	0.0005656662732
121344	0.004845804657
121345	0.001448334584
121346	0.002651013179
121347	0.0008195814774
121348	0.001150915165
121349	0.0009914382375
121350	0.0001249734071
121351	0.002965259244
121352	0.0001591173045
121353	0.001462818359
121354	0.003249863784
121355	0.001500569551
121356	0.001966552664
121357	0.001368358357
121358	0.002678882009
121359	0.0005792309998
121360	0.00330211004
121361	0.00307608155
121362	0.0008009234147
121363	0.000747645985
121364	0.0003893682312
121365	0.002403963766
121366	0.001206711404
121367	0.0006363965228
121368	0.007877601568
121369	0.002735511766
121370	0.004145870402
121371	0.0008775439988
121372	0.0002130123303
121373	0.005690917185
121374	0.004806974871
121375	0.002717102409
121376	0.004410589569
121377	0.002081096756
121378	0.002341117803
121379	0.001657585577
121380	0.003344810434
121381	0.002163542043
121382	0.001165442228
121383	0.00376696396
121384	0.00358620857
121385	0.003094756809
121386	0.00160513771
121387	0.003104917533
121388	0.006245195348
121389	0.000780973526
121390	0.0002762842738
121391	0.0001910918254
121392	0.0009730890478
121393	3.447851397e-06
121394	0.0001622296965
121395	0.002948776811
121396	0.001471954945
121397	0.007366602318
121398	0.005931446506
121399	0.001664566514
121400	9.27300955e-05
121401	0.0006897689207
121402	0.002886492418
121403	0.002532358081
121404	0.00346304867
121405	0.0004567248522
121406	0.003446912235
121407	0.0004155889475
121408	0.001994961915
121409	0.002497236392
121410	0.002500210056
121411	0.0009775680358
121412	0.004975384228
121413	0.0005715752056
121414	0.001023445749
121415	0.001506045873
121416	0.0005295647438
121417	0.0007697063668
121418	0.001418204576
121419	0.0009898153261
121420	0.0005955946885
121421	0.001791009384
121422	0.0001468973958
121423	0.0001070389599
121424	0.0004107553419
121425	7.096806526e-05
121426	8.442726162e-05
121427	0.0001950241355
121428	0.0007322968458
121429	0.000540352076
121430	0.0005200301856
121431	0.0002703639053
121432	0.0005260774503
121433	0.0003216359239
121434	0.0002590279738
121435	0.001284082544
121436	3.988118881e-06
121437	0.0003983433562
121438	0.0002006989289
121439	5.74662417e-05
121440	0.0008624461722
121441	0.0002594582272
121442	0.0007230420466
121443	0.0001378181745
121444	0.00118491518
121445	0.0002290631513
121446	0.0002326120177
121447	0.0007800123157
121448	6.530452052e-05
121449	0.001539923463
121450	0.0008671207684
121451	0.00146199451
121452	4.586401529e-05
121453	0.0005201922403
121454	5.502982744e-05
121455	0.0003249204219
121456	0.001064460458
121457	0.0001486589003
121458	0.002019309866
121459	0.0002122673808
121460	0.0006202166458
121461	0.001082333215
121462	0.0002572521245
121463	0.0002320000259
121464	0.0006104779845
121465	0.0006413527466
121466	0.0009330049673
121467	0.000761468241
121468	0.0007414313428
121469	0.0003798487413
121470	0.0006212183376
121471	0.001327232279
121472	0.0004620108045
121473	9.441845886e-05
121474	0.0004368493435
121475	0.0001646414573
121476	0.000493768752
121477	0.0003257435937
121478	8.656616648e-05
121479	0.0008508312088
121480	0.0008905901598
121481	0.001428108451
121482	0.0003143498163
121483	0.0003462367678
121484	0.0002007312442
121485	5.984975886e-05
121486	0.0005034640578
121487	0.001151285718
121488	0.0001379923667
121489	0.0003450623537
121490	0.0006297217377
121491	0.0007351085668
121492	0.0007195912484
121493	0.002238492127
121494	0.001490476401
121495	0.0005039097706
121496	0.0007330797263
121497	0.0001142556154
121498	0.0006680436967
121499	4.039572679e-05
121500	0.0004480576148
121501	0.0009521410159
121502	0.0004841806514
121503	0.001640671927
121504	0.001723420656
121505	0.0004492250058
121506	0.0005065661224
121507	0.0009324705173
121508	3.357661375e-05
121509	0.0009291880605
121510	0.0005485051192
121511	0.0007663718278
121512	0.0001108700346
121513	0.0008237077964
121514	0.005136734405
121515	0.001168331351
121516	0.003328081404
121517	8.857083211e-07
121518	0.0009881877089
121519	0.0005115159703
121520	0.000502222965
121521	0.0003252474681
121522	0.0001989813332
121523	0.001303282689
121524	0.0003374920157
121525	0.000165444495
121526	0.0001582626473
121527	0.000661589022
121528	0.0006701319853
121529	0
121530	0.001132028387
121531	0.0009807886965
121532	0.000170343559
121533	0.001166710492
121534	0.0005089655941
121535	0.001326448636
121536	0.0001352420265
121537	3.637152067e-05
121538	0.0006359780475
121539	0.002565225673
121540	0.001151242632
121541	0.0001984980746
121542	0.001803649664
121543	0.001282193235
121544	0.0001518236462
121545	0.0001492510927
121546	0.000157388988
121547	0.0009455776423
121548	0.000676432118
121549	0.0001603954315
121550	0.0006368213395
121551	0.002114853483
121552	0.0003465052675
121553	0.0006511916276
121554	0.001295924533
121555	0.0001573334967
121556	0.001641341455
121557	0.0009685533958
121558	0.0001663521946
121559	0.0001516533079
121560	0.001321054386
121561	0.0008017058515
121562	0.0005059020461
121563	0.0001842065177
121564	0.0007969134263
121565	0.0006819286815
121566	0.0006553132123
121567	0.0001919877748
121568	0.001208896054
121569	0.0002126868162
121570	0.0006303632665
121571	0.000199816605
121572	0.0003364716867
121573	0.0005167282913
121574	0
121575	0.0003134605616
121576	0.0008298842743
121577	0.0006485123883
121578	0.0003474635673
121579	1.135917084e-06
121580	0.000349470533
121581	0.0008035593111
121582	0.001981053358
121583	0.0001600926028
121584	0.000648535536
121585	0.0005201624774
121586	0.001454609192
121587	0.0008070428401
121588	0.0003478209762
121589	0.002915345549
121590	0.001630419373
121591	0.0008370391761
121592	0.0001694070842
121593	0.0004816007462
121594	0.0009738471413
121595	0.0005383421878
121596	0.0001660162
121597	0.0008538106596
121598	0.0003276136089
121599	0.0009945674458
121600	9.965249239e-05
121601	0.0007496054026
121602	0.000165978491
121603	0.0004833418337
121604	0.0001653011945
121605	0.001783259905
121606	0.0005120869988
121607	0.0009414944716
121608	0.0005224005681
121609	0.0006806727459
121610	0.0004788664323
121611	0.0001853445105
121612	0.001589410893
121613	0.0005032858371
121614	0.0004889254526
121615	0.0009801645077
121616	0.001267381261
121617	0.0008271292437
121618	0.0005348804512
121619	7.428175879e-06
121620	0.0003460691833
121621	0.000144596396
121622	0.001969240936
121623	0.0003570979166
121624	0.001122255237
121625	5.628417984e-08
121626	0.00148268407
121627	0.002260129249
121628	0.001935941357
121629	0.0006668077551
121630	0.007432218021
121631	0.0002173322008
121632	0.0003529693986
121633	0.0005560239117
121634	0.002002975017
121635	0.0001906708739
121636	9.01347186e-06
121637	0.0002818088016
121638	0.0008644694761
121639	1.476787979e-05
121640	0.0003436388712
121641	9.514326026e-05
121642	0.0006323130989
121643	0.0002663894481
121644	0.0004912337778
121645	0.0002839458047
121646	0.0001166161124
121647	0.0004480222349
121648	5.46174499e-05
121649	8.456388533e-05
121650	0.000180652798
121651	6.766615283e-05
121652	0.0002851844588
121653	0.0003449492058
121654	0.0002591646622
121655	0.000102047628
121656	0.0003775293024
121657	0.0002850833305
121658	0.001064419696
121659	0.0002784438889
121660	1.496721375e-05
121661	0.0001389431602
121662	0.000805429388
121663	0.001584806932
121664	0.001996239565
121665	0.0007371485808
121666	0.0008500035941
121667	0.0001141304514
121668	0.0001072520846
121669	0.003074791571
121670	0.0009518641417
121671	0.0007505836534
121672	0.00319923462
121673	0.0006207970831
121674	0.0002512047927
121675	0.0002767122691
121676	8.604580805e-05
121677	0.002763384151
121678	0.0003253306999
121679	0.001023678117
121680	0.000713210543
121681	0.0003468648417
121682	0.0003336262149
121683	0.001380090672
121684	0.0002689143757
121685	0.000211687205
121686	0.0002132867756
121687	0.0002988378756
121688	0.0003040066184
121689	4.241973745e-05
121690	1.861493693e-05
121691	0.0001963022094
121692	0.0001859651303
121693	0.0005722655215
121694	0.0003860828874
121695	0.0001035327877
121696	0.0005854944444
121697	0.000273760106
121698	0.0004106339808
121699	0.0003522193445
121700	0.0005127055398
121701	0.0001392240226
121702	0.0002670151072
121703	0.0005171109031
121704	2.91496038e-05
121705	1.294996504e-05
121706	0.0005613939594
121707	0.0002005319674
121708	0.0004490468824
121709	0.0004080197882
121710	0.0001203619656
121711	0.0001676428823
121712	4.902360425e-05
121713	0.000413300928
121714	9.682010947e-05
121715	0.0001782060491
121716	0.0006194772436
121717	7.499613014e-05
121718	0.001758290787
121719	0.000483840657
121720	8.335250992e-05
121721	0.0006779114361
121722	7.260709615e-05
121723	0.0002084334325
121724	0.0006901533449
121725	0.0006392258491
121726	0.0004760366469
121727	0.0002863779635
121728	0.0001020935595
121729	0.0002817873487
121730	0.0005882637042
121731	0.0002268386406
121732	0.0009588655784
121733	0.0001754762659
121734	0.0001249616414
121735	0.0002809133805
121736	0.0002098240796
121737	0.0008891806861
121738	1.987940946e-05
121739	4.773570017e-05
121740	7.840921785e-05
121741	0.0002144288595
121742	0.0008259918304
121743	0.0001460528346
121744	0.0005946268924
121745	0.0002940430603
121746	0.0005259242789
121747	6.341765196e-05
121748	0.0005013247009
121749	0.0002197688306
121750	0.0005736652039
121751	0.001550365442
121752	0.0003640980261
121753	5.016374455e-05
121754	0.0001349721325
121755	0.0009917964977
121756	3.106136426e-05
121757	0.0003396492552
121758	5.037346722e-05
121759	0.0004831554584
121760	0.0001684932686
121761	0.0001165686841
121762	0.0005675742531
121763	3.653172096e-05
121764	0.0006041182824
121765	4.448639542e-05
121766	7.57940167e-05
121767	0.0008242239655
121768	0.0003341953648
121769	0.0005242561467
121770	5.868022267e-06
121771	0.0003521062265
121772	0.0001837711488
121773	0.001018726784
121774	4.314707994e-05
121775	0.0003048348398
121776	2.86574672e-05
121777	0.0003541915767
121778	0.0009154114696
121779	0.0005214798428
121780	0.001064723472
121781	0.0002992042581
121782	0.0008101436005
121783	5.943139414e-05
121784	0.0006529004368
121785	0.001764082675
121786	0.002097191323
121787	0.001459296499
121788	0.001115254574
121789	0.0004898044987
121790	0.0009916876665
121791	0.0002108944914
121792	0.0006653836923
121793	0.000407781402
121794	0.0001730398632
121795	0.0002385332725
121796	0.0009458388952
121797	0.0005348594885
121798	0.0003321271575
121799	0.0008174898437
121800	0.0003471939366
121801	0.0002697644362
121802	0.0001074507154
121803	0.000110415123
121804	3.832327728e-05
121805	6.818077821e-06
121806	4.389052415e-05
121807	0.0005513997965
121808	0.003356398876
121809	7.596935403e-05
121810	0.0004185078023
121811	0.0003076478373
121812	0.0002769606651
121813	0.00241305906
121814	0.0001966202115
121815	0.0001088013393
121816	0.000133325015
121817	0.0003153627241
121818	0.0003840471614
121819	4.26923692e-05
121820	3.483130125e-05
121821	0.0001608300189
121822	0.000189082163
121823	0.0007679793219
121824	7.775985498e-05
121825	0.0002717130801
121826	0.0003399601964
121827	0.0007030214162
121828	0.0002845984337
121829	0.0005159836172
121830	0.0002152122011
121831	0.0007179238187
121832	0.0001305743562
121833	0.0009246167766
121834	0.0004732161156
121835	0.0002919406466
121836	0.0006004513308
121837	0.0003407691099
121838	0.000148780386
121839	0.0008757974297
121840	0.0007131893838
121841	0.0004754227614
121842	0.0002159422034
121843	0.0001152883967
121844	0.0008004195362
121845	0.001127586358
121846	0.001211177975
121847	0.0001666039047
121848	0.001484912249
121849	0.0004618687332
121850	0.0002454168881
121851	0.0003611977085
121852	0.0004883967732
121853	0.0006899957005
121854	0.0003325091566
121855	0.0002559881327
121856	0.0002018546937
121857	0.0004241103312
121858	0.0006650045531
121859	0.006436812433
121860	0.0004364160319
121861	0.0007885154179
121862	0.0004377421347
121863	0.0006078232437
121864	0.0005000392375
121865	0.0007075350226
121866	0.0003037739744
121867	0.0002088825708
121868	0.0002119831998
121869	7.40845397e-05
121870	0.000743495792
121871	2.901121461e-05
121872	0.0007956504886
121873	0.0002104914342
121874	0.0008509862078
121875	0.0006473507471
121876	0.00141642558
121877	0.0001342423126
121878	7.430959613e-05
121879	0.0005649660929
121880	0.0003370387237
121881	0.0003937725041
121882	0.0004333651979
121883	2.026100637e-05
121884	0.0003544407212
121885	0.0002140346653
121886	0.0003028528813
121887	0.002409683998
121888	4.475729247e-05
121889	0.0005598991081
121890	0.0001053401069
121891	0.000462373682
121892	0.001732591645
121893	0.003510162748
121894	9.375445594e-05
121895	0.003456190169
121896	0.0004407537638
121897	0.0001891791067
121898	0.0001169811509
121899	0.0002298916996
121900	0.0003968708915
121901	0.001017288801
121902	0.001006909441
121903	0.002061012686
121904	0.0004523764926
121905	0.00108182571
121906	0.0001935204258
121907	0.0007835786892
121908	0.0003178531022
121909	0.0002626345306
121910	0.0008379744625
121911	0.0003928623391
121912	0.0002413054262
121913	0.000397982882
121914	0.0002955378201
121915	0.0002258331341
121916	0.000146244419
121917	8.801967268e-05
121918	0.00285801442
121919	0.0006829123031
121920	0.0003113249212
121921	9.899319805e-05
121922	0.0003702270776
121923	2.940200453e-05
121924	0.0008290557989
121925	0.002134150293
121926	0.0002526747774
121927	0.001008571135
121928	0.0006958002555
121929	0.0002782241287
121930	0.0004529537053
121931	0.0003535937142
121932	0.002028886966
121933	2.296792504e-05
121934	0.0002229513793
121935	7.889980259e-05
121936	0.0004526118976
121937	5.167505385e-05
121938	0.002075196975
121939	0.0009105202653
121940	0.0002343003595
121941	0.0001831314544
121942	7.208982108e-06
121943	3.341544916e-05
121944	0.0003168982762
121945	0.0007819662672
121946	9.911051287e-05
121947	0.0001610255553
121948	7.38231304e-05
121949	4.467532985e-05
121950	4.72661463e-05
121951	0.0003067140446
121952	0.0009786878795
121953	0.0001996050649
121954	0.0004024834014
121955	0.0003591270356
121956	0.001226223617
121957	0.0008039543829
121958	0.0004825499552
121959	0.0003626444247
121960	0.0002056843287
121961	0.0001069158711
121962	0.0008059511943
121963	0.0004559567951
121964	0.0001999702305
121965	0.0001150639354
121966	0.0001833555039
121967	0.0006110164747
121968	0.0002553094537
121969	4.037315773e-05
121970	0.000332263431
121971	9.603445621e-05
121972	0.001227146781
121973	0.0002826341301
121974	0.0002486625063
121975	0.0003688807498
121976	0.0005795961103
121977	0.0004299448565
121978	0.0004090314154
121979	0.0003591360979
121980	0.0002455727463
121981	0.001152674704
121982	0.0002806923094
121983	0.0006011857212
121984	0.0002488300005
121985	0.0006243213984
121986	0.0001198720746
121987	0.001000893705
121988	0.0001848892659
121989	0.0005989572595
121990	0.0003430755374
121991	0.0004467957341
121992	0.000259119814
121993	0.0004623110437
121994	1.033124129e-05
121995	0.000171423391
121996	0.001093437672
121997	0.0002629173711
121998	0.000786853727
121999	0.000475295077
122000	0.0001667485496
122001	0.0002003522632
122002	0.0006536613278
122003	9.175447154e-05
122004	0.000434788718
122005	0.000160945434
122006	0.0002042176283
122007	0.0009002578678
122008	0.0004246384743
122009	0.0004639780699
122010	5.813358065e-05
122011	0.002600845057
122012	0.0007127073292
122013	0.0007874930883
122014	0.0005920190891
122015	0.0003643682998
122016	0.0007617398006
122017	0.0005189563168
122018	0.0003898705922
122019	0.00107939107
122020	0.0006122292824
122021	0.0003670466926
122022	0.0002114885675
122023	0.0001515853514
122024	0.002613783122
122025	0.0001250855381
122026	0.0001723287995
122027	0.0003400602805
122028	0.0006326650746
122029	0.0006936097052
122030	0.002748398377
122031	0.00135886706
122032	0.0009358782288
122033	0.0009877592894
122034	0.0003720115448
122035	0.000959831659
122036	0.0007456448866
122037	0.0008049142928
122038	0.000221584551
122039	0.0003382928015
122040	0.000633402639
122041	0.0009603073826
122042	0.0002499803878
122043	3.820317322e-05
122044	0.000140356827
122045	3.020689755e-05
122046	0.0004533013224
122047	0.001181360624
122048	0.0006984311688
122049	0.000290798289
122050	0.0003622120441
122051	0.001747381288
122052	0.0008190595268
122053	0.0004915898645
122054	0.001159359431
122055	0.0008826789806
122056	0.0003139641991
122057	0.0005884173018
122058	0.002094040938
122059	0.007468258582
122060	0.000398976633
122061	0.0001727431042
122062	0.0005324458032
122063	2.360241165e-05
122064	0.0003463137724
122065	0.0002204691654
122066	0.0004163932741
122067	0.0001163390421
122068	0.001010051892
122069	0.0003149788589
122070	8.144982852e-05
122071	6.034102536e-05
122072	0.0007117008733
122073	0.0001808821685
122074	0.0005538910948
122075	0.0005365200655
122076	0.0001962107986
122077	0.0003560369238
122078	0.0002646620844
122079	0.002096666012
122080	0.0001230937078
122081	5.511426199e-05
122082	7.771259994e-05
122083	4.075298857e-05
122084	2.055286634e-05
122085	0.0001102146994
122086	0.0004501649072
122087	3.340375534e-05
122088	0.001604461981
122089	0.0003879737462
122090	0.0002266177099
122091	0.0003862768778
122092	0.001472167886
122093	0.0002788792956
122094	0.0002344206557
122095	0.0003528860512
122096	0.0001780819573
122097	0.0005665229865
122098	0.000494453223
122099	0.0002657345012
122100	0.0005857197119
122101	0.001271897959
122102	2.16517762e-05
122103	0.0001444916626
122104	0.0006632189267
122105	0.0003708811179
122106	0.0004745385515
122107	0.0004899355781
122108	0.00032569379
122109	0.0002267582115
122110	0.001220408301
122111	8.996436008e-05
122112	8.406545395e-05
122113	0.0003278893791
122114	0.0006659306121
122115	0.002763734158
122116	0.0004369543116
122117	7.789160737e-05
122118	0.0003538432677
122119	5.962402907e-05
122120	0.0004092503482
122121	1.477414803e-05
122122	0.0008984745764
122123	0.002058710917
122124	0.0002615209331
122125	0.000208195617
122126	0.0008388043197
122127	8.948402092e-05
122128	0.0002562008463
122129	0.0005850336645
122130	0.0004402339037
122131	0.001060247347
122132	0.001737833478
122133	0.0007045932954
122134	6.703207436e-05
122135	0.0007314804985
122136	0.0001463546434
122137	0.001155170534
122138	0.0007451622406
122139	9.652899437e-05
122140	0.0002627151641
122141	8.790729723e-05
122142	0.001219941496
122143	0.000656390706
122144	0.001007429708
122145	0.0001085044685
122146	9.851066273e-05
122147	0.0004603304972
122148	0.0001497406028
122149	0.0001625901003
122150	0.0003822282217
122151	0.0003886164409
122152	0.0006971946794
122153	3.693506905e-05
122154	0.0003859792269
122155	0.0002946363381
122156	1.498032664e-05
122157	2.14118084e-06
122158	9.863485304e-05
122159	0.0005659365792
122160	4.334461281e-05
122161	0.001461086441
122162	0.0003239009174
122163	0.0003443717019
122164	0.0001454511086
122165	0.0002535121752
122166	0.0001937137912
122167	0.0001733761061
122168	0.000123548945
122169	9.872910213e-05
122170	0.000442134359
122171	0.0001025153788
122172	0.0002041162832
122173	0.0001088828162
122174	0.000140757544
122175	0.0003169426978
122176	0.0002770466072
122177	0.0006730112709
122178	0.0001239111501
122179	2.455730866e-05
122180	0.0006765424614
122181	0.0002193397406
122182	0.00014495711
122183	0.0004211700395
122184	0.0005960355177
122185	7.546734094e-05
122186	0.0008234483809
122187	3.240420544e-05
122188	0.0001578281847
122189	0.0001814809029
122190	9.439245995e-05
122191	0.006372572288
122192	4.859111083e-05
122193	0.0006808607976
122194	8.540799657e-05
122195	0.0002461768772
122196	0.0008511443675
122197	0.0004632667322
122198	0.0005088587726
122199	0.0004064346675
122200	0.000128457883
122201	0.0002473561996
122202	5.84913437e-05
122203	0.001901109598
122204	0.000521635776
122205	3.792969855e-05
122206	0.0002225272701
122207	6.682380669e-05
122208	7.19193863e-05
122209	0.0005375637274
122210	0.0006009219782
122211	0.0005197404857
122212	1.488131138e-05
122213	0.0005687679282
122214	0.001638264927
122215	2.330886932e-05
122216	0.0006931503328
122217	3.146956744e-05
122218	0.001229952417
122219	0.0005581977949
122220	0.0003277306073
122221	3.318256098e-05
122222	0.0005352106003
122223	0.0004073650043
122224	0.0007840969713
122225	0.0002311690988
122226	0.0008303293452
122227	0.0001947435251
122228	0.001569742873
122229	0.0005095029545
122230	0.0006026645258
122231	0.001178236987
122232	0.0005839858643
122233	0.0008351431856
122234	0.001241459194
122235	0.0003768936892
122236	0.0006574134639
122237	0.0003625331435
122238	0.0005837068785
122239	0.0006094811213
122240	0.0008207566777
122241	0.0002065430306
122242	0.0006970855559
122243	0.0007932140434
122244	0.0002522973158
122245	0.0008131716777
122246	0.0003898778095
122247	0.0003775164591
122248	0.0009000625514
122249	0.001447073824
122250	0.0005912286382
122251	4.208841959e-05
122252	0.0007196419613
122253	0.001115233404
122254	0.001091395193
122255	0.0004808359051
122256	0.001266094609
122257	0.0007838878906
122258	0.0001337690636
122259	0.0009413136322
122260	0.002070054313
122261	0.001067846382
122262	0.0005415508082
122263	0.0008770060823
122264	0.0006040711914
122265	0.0003493217376
122266	0.001262369489
122267	0.000305702675
122268	0.0008348281067
122269	0.002516744978
122270	0.0008892232925
122271	0.001679355351
122272	0.001520323278
122273	0.001566725438
122274	0.0005834194957
122275	0.000515798564
122276	0.0006208152055
122277	0.001088477151
122278	0.0007166032728
122279	0.001391184368
122280	5.677633548e-05
122281	0.0008402956524
122282	0.0001283497538
122283	2.906709749e-06
122284	0.0009902110023
122285	0.0007751231826
122286	4.754232358e-05
122287	0.002718534951
122288	0.0002848261673
122289	0.0007063470438
122290	0.0002871649147
122291	0.0001466551553
122292	0.0002484203335
122293	0.0007594453197
122294	0.001058871192
122295	9.367141027e-05
122296	0.001294962779
122297	0.0003741036792
122298	0.0008514479631
122299	0.001402425734
122300	0.0007204631211
122301	0.001438597995
122302	0.001457211307
122303	0.0008728419547
122304	0.0008773124852
122305	5.335698521e-05
122306	0.001350711047
122307	0.0005394439163
122308	0.0002594016024
122309	0.0004685158245
122310	0.0001921795214
122311	0.0004408999306
122312	0.0004962373422
122313	0.0003030179833
122314	0.0001964536351
122315	0.0001131594722
122316	4.845846124e-05
122317	0.0002729633761
122318	0.0007316253755
122319	0.0005433071215
122320	0.000150754611
122321	0.0004942567504
122322	0.0001870397577
122323	0.0003847567252
122324	0.0003587093379
122325	0.0007523743464
122326	0.0002477215894
122327	0.0005106843894
122328	0.0004701300345
122329	0.001542970358
122330	0.0005485194344
122331	0.0001097536631
122332	0.004285032035
122333	0.0002754595562
122334	0.0005235881122
122335	0.0001177078504
122336	0.0007239785467
122337	0.0002387110432
122338	3.269467946e-05
122339	0.0005122961126
122340	0.0004486584971
122341	0.0003540385192
122342	4.56201404e-05
122343	0.0003607839521
122344	7.712109771e-05
122345	0.0002830394674
122346	7.789714394e-05
122347	0.0002921735957
122348	0.00115844875
122349	9.729090616e-05
122350	0.0004932662246
122351	0.0003875917856
122352	0.0005130086092
122353	0.0004392996942
122354	0.0001072710136
122355	0.0003518917977
122356	0.0002466763356
122357	0.0001269898775
122358	5.532039865e-05
122359	0.0005948997767
122360	0.0001012668895
122361	0.0004420744974
122362	0.0002384281674
122363	6.084122442e-05
122364	0.0005148000731
122365	0.0001897374116
122366	8.12946639e-05
122367	5.810077853e-05
122368	0.000716169884
122369	0.0005718731232
122370	0.0002877295043
122371	0.0005142412645
122372	0.0009973694193
122373	0.000328831491
122374	0.000988341446
122375	0.0001030361543
122376	0.001120136475
122377	0.001357458156
122378	0.0001536833913
122379	0.0001901111633
122380	0.0001555003748
122381	0.0001997134382
122382	0.0005388288121
122383	1.386386056e-05
122384	6.571902116e-05
122385	0.0003109091218
122386	0.0007196674218
122387	0.0003411458273
122388	0.000467549468
122389	0.0001477333268
122390	0.0001343597381
122391	0.0006618291935
122392	0.0007072187383
122393	0.00105347146
122394	0.0001861073085
122395	0.0001799535371
122396	0.0003332858214
122397	0.0009789537048
122398	0.0003711861525
122399	0.001059367236
122400	6.721908829e-05
122401	0.0003861400611
122402	0.0003292025182
122403	0.001222027152
122404	0.001123459409
122405	0.0005098769199
122406	0.0008629609319
122407	0.000595669038
122408	0.0004928303634
122409	0.0006011593199
122410	0.000925289727
122411	0.0008275206601
122412	0.000248895338
122413	0.0006083013566
122414	4.004401086e-05
122415	0.000885192227
122416	0.0006087420418
122417	0.0002110847119
122418	0.0005285943168
122419	4.850216154e-05
122420	0.0001953400995
122421	0.0004020022679
122422	0.0004467653582
122423	0.0009322821299
122424	6.209360336e-05
122425	0.0003139692958
122426	0.0003471443499
122427	0.0001490983027
122428	0.0004513489221
122429	0.0005757453866
122430	8.580002197e-05
122431	0.0004348401147
122432	0.000198949787
122433	0.0002981134206
122434	0.001259555753
122435	4.448006537e-05
122436	0.0005162235371
122437	0.0002140288433
122438	0.0005924888701
122439	0.0002672073499
122440	0.0005453499842
122441	0.0008492636101
122442	0.000455935629
122443	0.0006607291367
122444	0.0008594657738
122445	0.0003813204675
122446	0.0008690911366
122447	0.000256514506
122448	0.0003804872835
122449	0.0002431463291
122450	0.0002134214872
122451	0.0002093511439
122452	0.0002875443921
122453	0.0003909254877
122454	0.0002744248197
122455	0.0005699201723
122456	0.0001492487636
122457	2.9790904e-05
122458	0.0005849519655
122459	0.001991579968
122460	0.0004473004749
122461	0.0003815021371
122462	0.0003968152647
122463	0.0001560701119
122464	2.23850031e-05
122465	0.001221174144
122466	5.369954763e-05
122467	0.0005157994172
122468	0.0009108944843
122469	7.694508612e-06
122470	0.0003930263956
122471	0.0001563073978
122472	4.714208124e-05
122473	0.000683908595
122474	5.910509325e-05
122475	0.001379807328
122476	0.0006380569969
122477	0.0005872695789
122478	9.274080363e-05
122479	0.0001861690049
122480	0.000100090941
122481	0.0004198970697
122482	0.0005143839575
122483	0.0005122710089
122484	0.0006084205582
122485	0.0009696525118
122486	0.0002650706705
122487	0.000148125944
122488	0.0001575883909
122489	0.0003572630279
122490	9.281900669e-05
122491	0.0001809741257
122492	0.0001065814363
122493	0.0005514554034
122494	4.262087829e-05
122495	0.002341617435
122496	0.0003874499179
122497	0.0004439479125
122498	0.0008452988357
122499	0.0004323503478
122500	0.0003500161787
122501	6.506128166e-05
122502	0.0002736121341
122503	0.0002079956562
122504	0.0006802584041
122505	0.0005553024583
122506	0.0005840507749
122507	0.000105695296
122508	0.000502101745
122509	5.490378747e-05
122510	0.001081562993
122511	0.0008173124716
122512	8.49875628e-05
122513	0.000994401381
122514	9.430105684e-05
122515	0.0006472259848
122516	0.001909546237
122517	0.0002523561984
122518	0.0007097404926
122519	0.0001238223888
122520	5.062060886e-05
122521	0.0002881868857
122522	0.0002723183015
122523	0.0003666944349
122524	0.0005424173064
122525	0.0007701612447
122526	0.0001903567045
122527	0.001069986371
122528	0.0003027403982
122529	2.06951115e-05
122530	0.0001690857931
122531	3.961175874e-05
122532	0.0001058479999
122533	0.0004401897909
122534	0.0002179549788
122535	0.0005173639143
122536	0.0005671804948
122537	3.113230349e-05
122538	0.0005419180439
122539	0.0001124338654
122540	0.0002432937328
122541	0.0001146900541
122542	0.000472580435
122543	0.0003116154785
122544	6.988907811e-05
122545	0.0009884174066
122546	0.0003403537818
122547	0.000194325092
122548	0.0002346735359
122549	0.000352541724
122550	0.000246034615
122551	0.0001542170577
122552	7.001911255e-05
122553	0.0002481919201
122554	0.0002303092416
122555	0.0002803003743
122556	6.153672516e-05
122557	0.0004860207355
122558	0.0005244055805
122559	0.0006793150332
122560	0.001501937774
122561	0.0003017294488
122562	0.0004723411174
122563	0.0003186863533
122564	0.0005112603672
122565	0.001186653428
122566	0.0006583171026
122567	4.427716336e-05
122568	0.0002863017855
122569	0.0004755140773
122570	0.0002555245129
122571	0.0003754428964
122572	0.002781261854
122573	1.171531288e-05
122574	0.0007318113919
122575	0.000622653092
122576	0.0005562275827
122577	0.0009052451149
122578	0.0008983879233
122579	0.0008356296789
122580	0.0002702510227
122581	0.0001037703131
122582	0.0006211242229
122583	0.0008579264241
122584	0.0004380002875
122585	0.0002843604656
122586	0.004063785571
122587	5.059786786e-05
122588	9.261651883e-05
122589	0.0009967996052
122590	2.911544665e-05
122591	0.0001161842985
122592	0.0001760911187
122593	0.0005056665317
122594	0.0004615692809
122595	2.127270231e-05
122596	0.0003421124483
122597	0.0005545676737
122598	5.302211792e-05
122599	0.002397489137
122600	0.0007018337653
122601	0.0004731570097
122602	0.0003191939564
122603	0.0008466825461
122604	0.0005410566502
122605	0.000407800851
122606	0.0003119134338
122607	8.985445788e-05
122608	0.00181154457
122609	0.0002721897512
122610	1.306822437e-05
122611	0.0006011716927
122612	0.0002309674333
122613	9.074714837e-06
122614	0.000632036342
122615	0.0004543821244
122616	0.0004879101303
122617	0.000459891778
122618	0.0003519612982
122619	0.0001521124817
122620	0.0003912688862
122621	0.0002753445435
122622	0.0008503896763
122623	0.0004682050588
122624	0.0002235240674
122625	0.0001300991116
122626	0.0001250900044
122627	0.0006837752502
122628	0.0008329620402
122629	0.000156043868
122630	0.0003608866812
122631	0.0001797275139
122632	0.001086738388
122633	0.001232689306
122634	0.0007302218244
122635	0.0006238635636
122636	0.0002684304723
122637	0.0001407881538
122638	0.0007344219907
122639	3.142149364e-05
122640	0.000672400286
122641	0.000468227947
122642	6.372428509e-05
122643	0.000591124553
122644	0.0001348563057
122645	0.0006743554223
122646	0.0006800093544
122647	0.0001131406354
122648	0.0004697705888
122649	0.002582786221
122650	0.0002284559093
122651	0.0007285050456
122652	1.012448445e-06
122653	6.777055057e-05
122654	0.0009650625502
122655	2.329129913e-05
122656	0.001189164366
122657	0.0001154682249
122658	0.0001896356522
122659	0.001159901232
122660	0.0001220681931
122661	0.0002319689884
122662	0.0001494926974
122663	0.0001212757441
122664	0.0001514327861
122665	0.0004518249848
122666	0.0001362767871
122667	0.0005501419689
122668	0.0002534654402
122669	0.0009810658153
122670	0.00134153996
122671	0.0008738744625
122672	0.0003359757265
122673	0.0001577893972
122674	0.0002052072218
122675	0.0005839567655
122676	0.0005787609106
122677	0.0001355035945
122678	7.442382259e-05
122679	3.547718032e-05
122680	3.390451414e-05
122681	0.000306889271
122682	0.0001926627209
122683	0.00355485341
122684	0.0003249741742
122685	0.0001421882907
122686	0.0004053491396
122687	0.0007426493234
122688	0.0008020177564
122689	0.002307515492
122690	0.0001327537108
122691	0.001445680437
122692	0.000502028825
122693	0.0001940235149
122694	0.0007574797046
122695	0.0005335507832
122696	0.0003483265632
122697	0.0006903045341
122698	0.000445655077
122699	0.0001699219325
122700	0.0004792584706
122701	4.571352359e-05
122702	0.0001711667677
122703	0.0001323138272
122704	0.0006342578712
122705	0.0002498888029
122706	0.0007646629861
122707	0.002457389668
122708	0.0003805516439
122709	2.082952639e-05
122710	0.0002825330405
122711	0.0006714264181
122712	0.0002301200608
122713	1.77543842e-05
122714	0.0005900225048
122715	0.0005990369192
122716	0.0006933703972
122717	0.000322314584
122718	0.0004153729036
122719	0.0004893806161
122720	0.0001849549713
122721	0.0007472894837
122722	0.0005996442856
122723	0.000205145686
122724	0.0002371146346
122725	0.001052548067
122726	6.026029783e-05
122727	0.0005293278004
122728	0.0003773104875
122729	0.0007514155378
122730	3.512598903e-06
122731	0.0001898642808
122732	0.002332208902
122733	0.0002786479846
122734	0.0007142637584
122735	0.0006594035502
122736	0.0004913387034
122737	0.0003517919746
122738	0.0002982056497
122739	0.0003911329287
122740	4.151441191e-05
122741	0.000179881249
122742	0.000683607358
122743	0.001187507079
122744	0.000823386299
122745	0.0005487404334
122746	0.0005236913245
122747	0.0006391221955
122748	0.0004727891892
122749	0.0003906251754
122750	0.001856195743
122751	1.312527461e-05
122752	0.0006221898088
122753	1.77502101e-05
122754	0.0005896804947
122755	0.002080622779
122756	6.200846521e-05
122757	0.0005053320445
122758	5.413168095e-05
122759	0.0008805803692
122760	0.0002020540398
122761	0.0005428763654
122762	0.0002885050079
122763	0.0002102257675
122764	0.0002470401871
122765	0.004624489223
122766	1.057317102e-05
122767	0.0004304608593
122768	3.434163516e-06
122769	0.0003579395962
122770	0.001178612606
122771	0.0006205431844
122772	0.0006238413099
122773	7.802204719e-05
122774	0.0004274722138
122775	0.000527575745
122776	0.0006763538813
122777	5.589946866e-06
122778	0.0003391590957
122779	0.0002784056983
122780	0.000172749744
122781	0.0003229972009
122782	0.0005887398812
122783	0.0001445967264
122784	0.0001726619352
122785	0.0005303655733
122786	0.0003034811975
122787	0.0004468372135
122788	0.0005323503259
122789	4.011018239e-05
122790	0.001315249206
122791	0.0001015890607
122792	0.0008049892863
122793	0.0002073905237
122794	0.0006462249861
122795	7.988285044e-06
122796	0.001028961397
122797	0.0001035546969
122798	0.0007177754403
122799	0.0002009422664
122800	0.0002654188999
122801	0.0003010130753
122802	0.0001863442524
122803	0.001276882106
122804	0.001595335384
122805	2.158786643e-06
122806	0.0002681670292
122807	0.0005082732637
122808	0.0004868013308
122809	4.054387777e-05
122810	0.000172918265
122811	0.000635192163
122812	6.080526814e-05
122813	0.0005918619304
122814	0.0001826221371
122815	0.0001696764282
122816	0.0001418669554
122817	0.001315245116
122818	3.087069777e-05
122819	0.0003297845396
122820	0.0002941813971
122821	0.0002360457962
122822	8.661325432e-05
122823	2.291319433e-05
122824	0.0002709984986
122825	0.00027792392
122826	0.000287804
122827	2.447928504e-05
122828	0.0001374938394
122829	0.0004528809932
122830	0.0004668773505
122831	0.0002717367774
122832	0.0005289757011
122833	0.0006101504585
122834	0.001574447142
122835	0.0009089438967
122836	0.0005887745401
122837	0.0001267976824
122838	0.0002973588786
122839	1.406354623e-05
122840	0.0004489672672
122841	0.0004516911817
122842	0.0005136176773
122843	1.946788576e-05
122844	0.0003174151215
122845	3.286285637e-06
122846	1.942472562e-05
122847	0.0009561666162
122848	2.556383627e-05
122849	4.302052637e-05
122850	0.0002483533162
122851	0.002446362503
122852	0.0004203460791
122853	0.001219387984
122854	0.0005012059119
122855	0.0003412784057
122856	0.0002806869765
122857	0.00146896796
122858	0.0002413513609
122859	0.0001058798806
122860	0.0002050151457
122861	0.0004351841837
122862	0.0003943283673
122863	0.003230318621
122864	0.0005463531397
122865	4.154134745e-05
122866	0.0006248441815
122867	0.0009008220398
122868	0.001260050608
122869	0.0001332173308
122870	0.0004743836248
122871	2.084976301e-06
122872	0.0003478072201
122873	0.0004158666747
122874	0.0001044868277
122875	0.0002414276774
122876	0.002337410418
122877	0.0007785733605
122878	0.002492797626
122879	9.63488615e-05
122880	0.0002741286515
122881	0.0003948406236
122882	0.0005327457839
122883	0.0003642803231
122884	0.0001329513286
122885	0.000219507135
122886	0.0002552666311
122887	0.0003767376904
122888	0.0003997606589
122889	0.0002923946041
122890	0.0007087381721
122891	0.0001662726774
122892	0.0005811726707
122893	0.0001591360621
122894	0.0003407942406
122895	0.0001156974049
122896	6.908540611e-05
122897	0.0002622516395
122898	0.0007099053969
122899	0.000438766759
122900	0.0005386795241
122901	0.0002976528456
122902	0.0002732768066
122903	0.0008111923738
122904	0.0007551921062
122905	0.0009118683161
122906	0.0009601580949
122907	0.0001972559535
122908	0.0004472664929
122909	0.0006660042207
122910	0.0001000716318
122911	0.0006946913145
122912	0.000261113751
122913	0.002850611428
122914	0.0001819987345
122915	1.622264848e-05
122916	6.376912434e-05
122917	0.0001447000772
122918	0.0004706492134
122919	7.754039857e-05
122920	0.0009573659121
122921	0.0002551491733
122922	0.0001841727844
122923	0.0001220114952
122924	0.0005623140883
122925	0.001312950307
122926	0.0004889851029
122927	0.0001682389268
122928	0.0001898594449
122929	0.0009079651051
122930	0.0005810450721
122931	3.844732536e-05
122932	0.0003966942565
122933	0.0004333198792
122934	0.0001843597592
122935	0.0002039753196
122936	0.0001222107795
122937	3.257592438e-05
122938	0.0003089897809
122939	0.0009663591326
122940	4.033475171e-05
122941	0.0008067244023
122942	0.000657434151
122943	0.0005279410803
122944	0.0003683873037
122945	0.0008510653005
122946	0.001416451579
122947	0.0005542614437
122948	0.0002019108266
122949	0.0004564819234
122950	0.001553487893
122951	0.0008046951994
122952	0.0004370450364
122953	0.0002500157412
122954	0.0001296249137
122955	0.0002687238667
122956	0.0009058425681
122957	0.0003130200098
122958	0.0006241582674
122959	0.001054188784
122960	0.001424331789
122961	0.0008250766017
122962	0.001686524546
122963	0.0007693823621
122964	0.0003313920965
122965	0.0002819336057
122966	0.0001770483633
122967	0.000204121112
122968	0.0007316962281
122969	8.556499422e-05
122970	0.000355888615
122971	0.0002614649977
122972	0.0003157182013
122973	0.0001060560303
122974	0.0003056570727
122975	0.000158662385
122976	0.001996177848
122977	0.0002451682292
122978	0.0009319775392
122979	0.0003431135293
122980	0.0001271823538
122981	0.000642833487
122982	0.0001923251266
122983	0.0001114178047
122984	0.0003071018364
122985	0.001077987572
122986	0.0005505824092
122987	0.0002468632228
122988	0.0003559049287
122989	0.0004993029578
122990	0.0001389724356
122991	0.0004149826866
122992	0.0001549284968
122993	4.064055113e-05
122994	0.0003978388098
122995	0.0006283581827
122996	3.280300011e-05
122997	0.0001444025434
122998	0.000614166108
122999	0.0004173865003
123000	0.000309498651
123001	0.00191066567
123002	0.000586621177
123003	3.328895409e-05
123004	0.0002336387883
123005	0.0005355517031
123006	0.001034336025
123007	5.095362952e-05
123008	0.0003797823758
123009	0.0002163805136
123010	0.0001446831871
123011	0.0001789863543
123012	0.0006377327658
123013	0.0004338687653
123014	0.0003497918622
123015	0.001669365524
123016	0.0007824503067
123017	0.001349922176
123018	4.830195313e-07
123019	3.496106942e-05
123020	0.001519577131
123021	0.0007487898766
123022	0.0001482309918
123023	0.0006707702984
123024	0.0003467848094
123025	0.0003337100305
123026	0.001071817887
123027	1.978368357e-05
123028	0.00114835559
123029	0.0001406630578
123030	5.788859795e-05
123031	0.0003152230169
123032	0.0008652484352
123033	0.0003083878885
123034	0.00100649757
123035	0.001133107148
123036	0.0002828337458
123037	0.0001166645843
123038	0.0001783018916
123039	1.277814018e-06
123040	3.197275256e-05
123041	0.003919782645
123042	0.000680544405
123043	0.00103474773
123044	0.003093677637
123045	0.0008275416667
123046	0.001227032292
123047	0.001892723487
123048	0.0003327347602
123049	0.004511243199
123050	0.001252503687
123051	0.003776589344
123052	0.002960572648
123053	0.002070187521
123054	0.001768705157
123055	0.005854591685
123056	0.001727980571
123057	0.002957184403
123058	0.0003926434229
123059	0.0008274906764
123060	0.0006420184007
123061	0.001851446897
123062	0.0009736602143
123063	0.0006866513932
123064	0.0004734084744
123065	0.001622256424
123066	0.0007730525602
123067	0.001274794814
123068	0.003326099067
123069	0.001421776431
123070	0.002711022237
123071	0.002107079195
123072	0.0007594417499
123073	0.001679601687
123074	0.002469638092
123075	0.001374840629
123076	0.005460531457
123077	0.006456053351
123078	0.0003770038536
123079	0.003100237955
123080	0.002037014394
123081	0.00296334967
123082	0.005548025635
123083	0.001422949306
123084	0.001555412974
123085	0.002305965902
123086	0.0002001144331
123087	0.003129320098
123088	0.001089636023
123089	2.270394679e-05
123090	0.003437240374
123091	0.0001113595599
123092	0.003585345444
123093	0.001526643282
123094	0.001237866212
123095	0.00300957032
123096	0.0005677423804
123097	0.001257667585
123098	0.0008890639707
123099	0.0004782257043
123100	0.003478000948
123101	0.0009877207278
123102	0.001027155909
123103	0.001626629219
123104	0.004301097969
123105	0.0001937696478
123106	2.534787232e-05
123107	0.005207780617
123108	0.001991070937
123109	0.001238798192
123110	0.003656579121
123111	4.344513764e-05
123112	0.004802839314
123113	0.0007788644293
123114	0.001358075043
123115	0.0005133353941
123116	0.003384109989
123117	0.001833676065
123118	6.429278617e-05
123119	0.0006480670879
123120	0.0001092042003
123121	0.001312578904
123122	0.001901695385
123123	0.002711060738
123124	0.0005113336795
123125	0.000784550933
123126	0.0004993660485
123127	0.001515123593
123128	0.00193479747
123129	0.0008508084852
123130	0.001154405549
123131	0.003910855513
123132	0.00181966441
123133	0.001856307656
123134	0.0006265833099
123135	9.632108837e-05
123136	0.002974159462
123137	0.0001380785297
123138	0.003517005873
123139	0.003713114334
123140	0.0002275986757
123141	0.001318831028
123142	0.0002008376077
123143	0.001120218324
123144	0.0006893736438
123145	0.001440579382
123146	0.003154055088
123147	0.0005264286004
123148	0.0002830176947
123149	0.002122458425
123150	0.001507961074
123151	0.002360077745
123152	0.004313739869
123153	0.005144323505
123154	0.00276294829
123155	0.002669170745
123156	0.0004035780136
123157	0.0004365965343
123158	0.001067129152
123159	0.00352990152
123160	5.583053811e-05
123161	0.003014272985
123162	0.002544821129
123163	0.0001109754616
123164	0.002849814216
123165	0.002984454545
123166	0.002535912822
123167	0.003769755912
123168	0.00529466006
123169	0.003630188094
123170	0.004328535819
123171	0.002291762561
123172	0.002581069219
123173	0.004387504774
123174	0.003817847036
123175	0.0004853644697
123176	0.004371244696
123177	0.0002837482847
123178	0.0006435030564
123179	0.0007459899582
123180	0.001334307821
123181	0.003232685955
123182	4.912073878e-08
123183	0.001102256562
123184	3.070046173e-08
123185	0.002055023217
123186	0.002854671065
123187	0.002122663706
123188	0.0001399968745
123189	0.003020909549
123190	0.001941391888
123191	0.0006369898276
123192	0.00175286214
123193	0.0002062026105
123194	0.0007962891838
123195	0.0005736621765
123196	0.001069667207
123197	0.0001643506106
123198	0.000301211282
123199	0.001980209626
123200	0.0006971141505
123201	0.0003684237086
123202	0.00148108681
123203	0.003597545729
123204	0.00441490708
123205	0.00013514137
123206	5.737122457e-06
123207	0.0002282986621
123208	0.003391470983
123209	0.006844822249
123210	0.0009606018818
123211	0.001041562006
123212	0.0002518021327
123213	0.0009902140189
123214	0.003621159893
123215	0.005755536549
123216	5.280985637e-05
123217	0.003411328459
123218	0.002136648937
123219	0.000363755047
123220	0.00355793618
123221	0.001167362245
123222	0.003615912931
123223	0.001032623543
123224	0.00198248399
123225	0.002452524746
123226	0.005374458186
123227	0.002821366483
123228	0.001745752018
123229	0.001379666368
123230	0.006273456733
123231	0.0008944705467
123232	0.002119111193
123233	0.005199800555
123234	0.005644914505
123235	0.00339126201
123236	0.00140740144
123237	0.0009007259423
123238	0.006325575544
123239	0.002894221738
123240	0.006203108594
123241	0.004274237865
123242	0.000792359122
123243	0.0009736084509
123244	0.001783721815
123245	0.001735739424
123246	0.0005020427183
123247	0.001328713531
123248	0.003437193562
123249	0.006372640093
123250	0.0001505816092
123251	0.002706196112
123252	0.003119919668
123253	8.4829356e-05
123254	0.004071671815
123255	0.007005398184
123256	0.0007648791579
123257	0.0004603860976
123258	0.00703591406
123259	0.001824590663
123260	0.001697334503
123261	0.000558727871
123262	0.00196371863
123263	0.0009078940255
123264	0.003234508023
123265	0.002096177275
123266	0.004059858878
123267	0.001106064239
123268	0.002429694421
123269	0.002016692159
123270	0.002211348012
123271	0.001003594699
123272	0.0003231562013
123273	0.002724643505
123274	0.004781257128
123275	0.003059308864
123276	0.003914540056
123277	0.002276629878
123278	0.0005531260542
123279	0.001728773845
123280	0.003837739555
123281	0.004246818929
123282	0.003963577914
123283	0.0007369618366
123284	0.007617818434
123285	0.00379744268
123286	0.0008746598257
123287	0.006607150425
123288	0.001075997897
123289	0.0009400860429
123290	0.00202783795
123291	0.0005519253618
123292	0.002683526721
123293	0.001216291446
123294	0.002055422242
123295	0.001474701239
123296	0.002046917533
123297	0.002293386985
123298	5.636308394e-05
123299	0.0005539964625
123300	0.003888510147
123301	0.001817588445
123302	0.0008315118361
123303	0.003204968434
123304	0.0005786500006
123305	0.0002135862487
123306	0.0005694941006
123307	0.0003397131853
123308	0.001759586466
123309	0.001247005883
123310	0.003950156406
123311	0.006446878852
123312	0.003391777918
123313	0.0001174806886
123314	0.001105533309
123315	0.005609783616
123316	8.909136969e-05
123317	0.004889562522
123318	0.00234076967
123319	0.0005582993266
123320	0.004973359894
123321	0.001454001497
123322	0.004777007163
123323	0.001622718354
123324	0.001517309816
123325	0.0006748747463
123326	0.0009000970008
123327	0.001490589805
123328	0.0008948923577
123329	0.007271323785
123330	0.002574437295
123331	0
123332	0.003487820742
123333	0.002447391434
123334	0.002946458472
123335	0.002076687528
123336	0.0008148347338
123337	0.0001032089988
123338	0.001234185321
123339	0.001149634526
123340	0.001382932851
123341	0.004294310231
123342	0.0007964691094
123343	8.768397105e-05
123344	0.002378396056
123345	0.00248833243
123346	0.001579385341
123347	0.0008483937445
123348	0.006913816296
123349	0.0003475851656
123350	0.0008824761977
123351	0.0008616043856
123352	2.25842339e-05
123353	0.0001625967901
123354	0.0006121991473
123355	0.0006747350746
123356	0.0003052360026
123357	0.0006440566103
123358	0.004729789769
123359	5.363195397e-05
123360	0.0009245196917
123361	0.001382571366
123362	0.0004120354805
123363	0.007302534112
123364	0.002256159408
123365	0.004697249913
123366	0.001268838304
123367	0.0002676634067
123368	0.002218145333
123369	0.001651641528
123370	0.0007230631896
123371	0.00358196957
123372	0.0002246907197
123373	0.0004799895523
123374	0.004036734702
123375	0.0007146308326
123376	0.003447014917
123377	0.002915897256
123378	0.0006121621787
123379	0.001530084799
123380	0.002333379971
123381	0.001839048278
123382	0.0007855979959
123383	0.0006062202462
123384	7.837224881e-05
123385	0.003667859672
123386	0.0007425163574
123387	0.003211039446
123388	0.0003244742947
123389	0.001149825619
123390	0.0006331492336
123391	0.001453962471
123392	0.002549788072
123393	0.005237349439
123394	0.003881196589
123395	0.0001671401768
123396	0.0007632073422
123397	0.0009800273503
123398	0.002680735493
123399	0.0008852345864
123400	0.004254166574
123401	0.002209903378
123402	0.0009021314991
123403	0.004273376713
123404	0.00460613963
123405	0.0008225631415
123406	0.001984435525
123407	0.002478903728
123408	0.0004561858546
123409	0.001906251746
123410	0.002776973168
123411	0.003861114027
123412	0.003066067931
123413	0.00074272839
123414	0.008715747194
123415	0.001701176194
123416	0.001776293153
123417	0.002074900583
123418	0.002393497449
123419	0.001133257134
123420	0.0009258371206
123421	0.0003856513244
123422	0.005793446283
123423	0.0004131718549
123424	0.002438647818
123425	0.003442307449
123426	0.003554875862
123427	0.003495276791
123428	0.001827734479
123429	0.0009593509171
123430	0.0001008356279
123431	0.0003952179566
123432	0.0005598522812
123433	0.0007075435023
123434	0.001496121571
123435	0.004035654521
123436	0.001993847378
123437	0.00194022561
123438	0.0001055346333
123439	0.002506614134
123440	0.0002983808686
123441	0.001289969401
123442	0.001855612428
123443	0.001103536674
123444	0.0004874074642
123445	0.002113899189
123446	0.0002763456091
123447	0.0002003533968
123448	0.002789926505
123449	0.0001371570247
123450	2.783590056e-05
123451	0.0003172369817
123452	8.713836662e-05
123453	0.0002893072166
123454	0.0001835537467
123455	0.0001851172526
123456	0.0007890679897
123457	0.0007948715924
123458	0.0007627587698
123459	0.0006411448649
123460	0.0003888820233
123461	0.001531851679
123462	0.001218698363
123463	0.000536366712
123464	0.0007774450871
123465	0.00101114062
123466	0.0008781235337
123467	0.0002064645025
123468	0.0009211005613
123469	0.0005447416294
123470	0.0005093206336
123471	0.0008497508805
123472	0.0008098537046
123473	0.0006748240958
123474	0.0005524678043
123475	0.0009515079575
123476	0.000813869764
123477	0.0008162763211
123478	0.0001353893152
123479	0.001060082329
123480	0.001230060828
123481	4.866876581e-05
123482	0.0009989178966
123483	0.001151413692
123484	0.001162018924
123485	0.0002267478169
123486	0.0009540299315
123487	0.0009498076704
123488	0.0008149084979
123489	0.0009203208053
123490	0.001001189264
123491	0.0007915428031
123492	0.0005945389074
123493	0.0008884130396
123494	7.914640245e-06
123495	0.0001042611729
123496	1.53601736e-05
123497	5.131904748e-05
123498	6.54418663e-05
123499	9.681594283e-05
123500	6.81918489e-05
123501	0.0002293907911
123502	9.659977251e-05
123503	0.0002258688313
123504	5.000439087e-05
123505	0.0002236392495
123506	4.554276793e-05
123507	9.231546709e-05
123508	0.0002399558611
123509	0.0004547966865
123510	9.338044685e-05
123511	3.811556755e-05
123512	0.0001868240644
123513	0.0002109981263
123514	0.0001544869002
123515	0.0001439317432
123516	7.160711365e-05
123517	0.0002581665075
123518	9.349579257e-05
123519	0.0005154145069
123520	0.0002168414719
123521	5.163270827e-05
123522	0.0009122239883
123523	0.0005063710256
123524	7.83985138e-05
123525	0.0002181076119
123526	9.491560844e-05
123527	0.0005395695937
123528	0.0001454813986
123529	0.0001323620688
123530	0.003059882215
123531	0.00359641145
123532	0.004419766632
123533	0.003077492645
123534	0.003122123998
123535	0.003254717167
123536	0.003261836663
123537	0.003001976688
123538	0.002278280383
123539	0.0004140183632
123540	0.002169186294
123541	0.002465658736
123542	0.003234134594
123543	0.00297598415
123544	0.002132698895
123545	0.00289587907
123546	0.002602021628
123547	0.002669652459
123548	0.001989336206
123549	0.002753653859
123550	0.00301172587
123551	0.003511347164
123552	0.003556097655
123553	0.002658650804
123554	0.002724767945
123555	0.004564065015
123556	0.003721174833
123557	0.004252552966
123558	0.004249607361
123559	0.004317725577
123560	0.001772210153
123561	0.004630950794
123562	0.004753089102
123563	0.003537613605
123564	0.00371820235
123565	0.005112163021
123566	0.004724705435
123567	0.001960627189
123568	0.00451725908
123569	0.004370681527
123570	0.004208801565
123571	0.003592601616
123572	0.0040914143
123573	0.004966838788
123574	0.00508313364
123575	0.003332970595
123576	0.004667763078
123577	0.001014501162
123578	3.551654065e-05
123579	0.004093852327
123580	0.004187691714
123581	0.004479030695
123582	0.004569078168
123583	0.002248475023
123584	0.000800779963
123585	0.002204033406
123586	0.003196648822
123587	0.002647084457
123588	0.002533523204
123589	0.002907179999
123590	0.002361231915
123591	0.002408057093
123592	0.001669013572
123593	0.00201622231
123594	0.002209923609
123595	0.00241339806
123596	0.002270559369
123597	0.002057974209
123598	0.000748827465
123599	0.00275273235
123600	0.001709585781
123601	0.002053015719
123602	0.002955557506
123603	0.002699015748
123604	0.002148996563
123605	0.002449167942
123606	0.002629142144
123607	0.002197879861
123608	0.00191934054
123609	0.002399140654
123610	0.001903519717
123611	0.001827673645
123612	0.00203267542
123613	0.002618058497
123614	0.002740887619
123615	0.001662462277
123616	0.002130201244
123617	0.002774092154
123618	0.00225970834
123619	0.002385419266
123620	0.00229927815
123621	0.002650137976
123622	0.002597312567
123623	0.002619394712
123624	0.001033694451
123625	0.001961543818
123626	0.002600291407
123627	0.002749159439
123628	0.002861124464
123629	0.002628687298
123630	0.002629341239
123631	0.00186830612
123632	0.002687578942
123633	0.003826585403
123634	0.001733835599
123635	0.002394654322
123636	0.002003932194
123637	0.00137283825
123638	0.00241302229
123639	0.002791752832
123640	0.002370448199
123641	0.002631497873
123642	0.002324355278
123643	0.0007239038597
123644	0.001996832531
123645	0.002566929778
123646	0.002723258787
123647	0.001937398422
123648	0.002260822883
123649	0.004215885823
123650	0.0038331917
123651	0.004190259859
123652	0.003374534362
123653	0.003849970844
123654	0.003466575834
123655	0.003089642502
123656	0.002880735225
123657	0.002874250791
123658	0.004202491294
123659	0.003390995567
123660	0.004296873755
123661	0.005097428159
123662	0.0041173784
123663	0.004181107734
123664	0.003843655071
123665	0.003308511441
123666	0.003092213817
123667	0.00411965933
123668	0.003666475095
123669	0.004762710635
123670	0.003127998758
123671	0.003896865651
123672	0.003449452527
123673	0.002338833975
123674	0.003316825307
123675	0.004008618841
123676	0.003315853666
123677	0.004009810006
123678	0.00326780908
123679	0.00378078842
123680	0.003432382458
123681	0.003310205623
123682	0.003776282383
123683	0.004010196145
123684	0.001782547373
123685	0.003643911081
123686	0.004274014196
123687	0.004193480271
123688	0.004525156348
123689	0.00447428299
123690	0.002362216889
123691	0.0009128915541
123692	0.007033599194
123693	0.003144160694
123694	0.003808372063
123695	0.003502903979
123696	0.00446406065
123697	0.003232874026
123698	0.004430804682
123699	0.003159481835
123700	0.002154066266
123701	0.003851001106
123702	0.005956458383
123703	0.003794178363
123704	0.003769519757
123705	0.003081100761
123706	0.003166722274
123707	0.003563661046
123708	0.003990206927
123709	0.003360626595
123710	0.003663129701
123711	0.00212587512
123712	0.003697948261
123713	0.00310392577
123714	0.003964648899
123715	0.004467113082
123716	0.004090098956
123717	0.004682422778
123718	0.003790536869
123719	0.004415378526
123720	0.003804984944
123721	0.004199770978
123722	0.003682124311
123723	0.003568641711
123724	0.002689909529
123725	0.004124658973
123726	0.001866150958
123727	0.0001597826786
123728	0.001075900487
123729	0.002638390207
123730	0.001793826825
123731	0.001589800992
123732	0.0008803169404
123733	0.001340536569
123734	0.001631725247
123735	0.001536690159
123736	0.0002949250183
123737	0.0009147328525
123738	0.0002327039446
123739	0.0002810481229
123740	7.889998082e-05
123741	0.000413819477
123742	0.0003167668484
123743	0.0005649105901
123744	0.000156204916
123745	0.0003890579678
123746	2.728007467e-05
123747	0.0001079165615
123748	0.0002157014785
123749	0.0007099787913
123750	0.000276340494
123751	0.001116657406
123752	0.001204298245
123753	0.0001138834076
123754	7.991366411e-05
123755	0.0004938944191
123756	0.0005182289379
123757	0.001593024554
123758	0.0006366710236
123759	0.000332038957
123760	0.0008181230771
123761	0.002310026846
123762	0.0007461643341
123763	0.0001889585363
123764	8.611633701e-05
123765	0.000285165259
123766	0.0004111541916
123767	7.869329349e-05
123768	0.0007274428948
123769	8.098881097e-05
123770	0.0003455724854
123771	0.0002034234993
123772	0.0002850082629
123773	0.0008078467502
123774	0.0005418368276
123775	0.0001845594526
123776	0.0001777354498
123777	1.656264281e-05
123778	9.845320619e-05
123779	0.0001408871668
123780	0.001243763298
123781	0.0006989186147
123782	0.0001408778563
123783	0.0001246670473
123784	0.000184427761
123785	0.0002585841803
123786	0.0001787623
123787	0.001764501203
123788	0.001298736162
123789	0.001270130865
123790	0.001581383524
123791	0.0009770537486
123792	0.002178111086
123793	0.0005804871291
123794	0.001325968139
123795	0.002369502641
123796	0.001491944091
123797	0.001221294298
123798	0.001150618703
123799	0.001732179167
123800	0.001800800797
123801	0.002344586485
123802	0.001826411656
123803	0.0009291555113
123804	0.0003275125271
123805	0.00216145126
123806	0.001073202601
123807	0.002516378843
123808	0.002516174159
123809	0.00217120925
123810	0.001066914338
123811	0.001865101522
123812	0.001951281495
123813	0.00221785873
123814	0.00177920783
123815	0.001958678686
123816	0.001522792983
123817	0.001274810279
123818	0.001602124568
123819	6.142292067e-05
123820	0.001594854526
123821	0.000294270126
123822	0.001736223679
123823	0.000355764609
123824	0.0006816499044
123825	0.002129453388
123826	0.001650234452
123827	0.003664731623
123828	0.003228897225
123829	0.002897573906
123830	0.004073349847
123831	0.00358641912
123832	0.003787793305
123833	0.003897740741
123834	0.003677348692
123835	0.003729415017
123836	0.003792848684
123837	0.004065580847
123838	0.002306237643
123839	0.003635169754
123840	0.003669889912
123841	0.004086047959
123842	0.005302758136
123843	0.002877193501
123844	0.002672988426
123845	0.002933446944
123846	0.003658565842
123847	0.004223239197
123848	0.003314663664
123849	0.003525222121
123850	0.004162634206
123851	0.002196227673
123852	0.004049141364
123853	0.00310335627
123854	0.001800380988
123855	0.004017955674
123856	0.000966929273
123857	0.001151544135
123858	0.0004700296942
123859	0.0005085548376
123860	0.0009092428097
123861	0.0003694705715
123862	0.00059724183
123863	0.001231415239
123864	8.318102966e-05
123865	0.0004912179497
123866	0.001972207525
123867	0.001065543556
123868	9.913896273e-05
123869	0.0009591628701
123870	0.001581123519
123871	0.0004369782459
123872	0.005776815853
123873	0.00472647921
123874	0.003816218264
123875	0.001154210069
123876	0.001315177821
123877	0.000360441503
123878	0.00100270404
123879	0.0006304993139
123880	0.0001147163427
123881	0.001842445964
123882	0.001309739569
123883	0.00497110359
123884	0.002421172082
123885	0.00339214737
123886	0.003710375026
123887	0.0006733499357
123888	0.003560574837
123889	0.001606081093
123890	0.0003090585546
123891	0.00088106009
123892	0.0008777138159
123893	0.004048601082
123894	0.001257942811
123895	0.0006128604271
123896	0.003799529808
123897	0.0009526979992
123898	0.0007521778823
123899	0.005284438167
123900	0.002573755389
123901	0.002605034
123902	0.0005164878679
123903	0.000601609021
123904	0.001110871836
123905	0.002453970724
123906	0.001201155124
123907	0.0005173159444
123908	0.0002064085551
123909	0.002292602706
123910	0.00303612383
123911	0.0004249894608
123912	0.001686927615
123913	0.000633729457
123914	0.001400301237
123915	0.00136524968
123916	0.001745908012
123917	0.0002340207251
123918	0.0009601274436
123919	0.007081590246
123920	0.002120388598
123921	0.001293946569
123922	0.003702870372
123923	0.0001833860652
123924	0.003469042323
123925	0.001084470751
123926	0.0003533305887
123927	0.008060570963
123928	0.0002066335563
123929	0.001693961337
123930	0.0002139023052
123931	0.0003258390256
123932	0.0004467778894
123933	0.0001120602541
123934	0.001010940887
123935	0.001928698658
123936	0.002550990833
123937	0.002014359276
123938	0.0001978943997
123939	0.0001366027146
123940	0.003235512646
123941	0.00344468845
123942	0.002303575785
123943	0.00112056182
123944	0.001462656149
123945	0.0004933387516
123946	0.000537161727
123947	0.005628777189
123948	0.005263612286
123949	2.02340732e-05
123950	0.002420403315
123951	0.008929682684
123952	0.005983493644
123953	0.004832592522
123954	0.0005811136414
123955	0.001261627153
123956	0.002448146194
123957	0.001586056819
123958	0.0007877890982
123959	0.002456188732
123960	0.00211534565
123961	0.003404351283
123962	0.005253706229
123963	0.003753627467
123964	0.0004712607477
123965	0.004665596554
123966	0.001797747693
123967	0.0007664845521
123968	0.001116029807
123969	0.0006543232022
123970	0.005062198426
123971	0.001960879084
123972	0.0021909082
123973	0.001460068713
123974	0.002341552339
123975	0.002595852258
123976	0.0005515498823
123977	0.0002127947674
123978	0.0008841133112
123979	0.0007238572315
123980	0.0002975889469
123981	0.001126782283
123982	0.003066843642
123983	0.00184846922
123984	0.005124574583
123985	0.001154548803
123986	0.007700428555
123987	0.0002174493962
123988	0.0007592388635
123989	0.0002764835529
123990	5.303543102e-06
123991	0.001038523534
123992	0.000338732207
123993	0.008431002412
123994	0.001932347244
123995	0.005430663839
123996	0.002064294623
123997	0.00147337469
123998	0.00316312463
123999	0.001122582476
124000	0.0007648072573
124001	0.0001580339482
124002	0.002024569885
124003	0.0001357825565
124004	0.001107412863
124005	0.003602068733
124006	0.0002128502962
124007	0.00103471143
124008	0.001923610445
124009	0.0005896487599
124010	0.001817047562
124011	0.00353313431
124012	0.002283296697
124013	0.000383127527
124014	0.001354310981
124015	0.00342908857
124016	0.00303825763
124017	0.0006434881883
124018	0.008898049915
124019	0.0005976810108
124020	0.0005105440388
124021	0.007212836408
124022	0.0002600015851
124023	0.003892555538
124024	0.0008215221903
124025	0.003810393104
124026	0.0005505097458
124027	0.001055656978
124028	0.002987489978
124029	0.001939940016
124030	0.0001830717151
124031	0.001741696157
124032	0.002249186683
124033	0.004128114322
124034	0.001312055009
124035	0.003048992469
124036	0.001364267279
124037	0.00142329174
124038	0.00452122628
124039	0.007370667402
124040	0.001116877288
124041	0.0006061137073
124042	0.006319761678
124043	0.001961046388
124044	5.526083112e-08
124045	0.001359256496
124046	0.003501486393
124047	0.001072684363
124048	0.0005506959015
124049	0.002557178334
124050	0.0102085706
124051	0.0007998090842
124052	0.0005116091387
124053	0.0007556197636
124054	0.00828410774
124055	0.0003544144271
124056	0.001085503474
124057	0.001878547709
124058	0.001306670444
124059	0.0045975877
124060	0.0006785640676
124061	0.001677411982
124062	8.831604703e-05
124063	0.001259526526
124064	0.006413391108
124065	0.001860335737
124066	0.008776769814
124067	0.003300076257
124068	0.004283696692
124069	0.000464891554
124070	0.0004365256159
124071	0.0008347016144
124072	0.001421093816
124073	0.001449129339
124074	0.004378416662
124075	0.00193051574
124076	0.007614851612
124077	0.0008061764291
124078	0.001143102679
124079	0.0006633365158
124080	0.0009923331862
124081	0.001742118156
124082	0.004278105265
124083	0.0009212588669
124084	0.0005098440548
124085	0.001709274876
124086	0.0001241660452
124087	0.0002911138925
124088	8.885742625e-06
124089	0.001642868117
124090	0.0001495009793
124091	1.527043585e-05
124092	0.0003482643106
124093	0.001744922751
124094	0.0009236761239
124095	0.006553239493
124096	0.002998387754
124097	0.0029476651
124098	0.004232726795
124099	0.0002822539349
124100	0.000474739825
124101	0.001389576579
124102	0.004656752579
124103	0.0009325881487
124104	0.0009058456309
124105	0.0009678014641
124106	0.0003457060741
124107	0.002294781205
124108	0.002613053628
124109	0.003284232881
124110	0.001325065498
124111	0.002370831513
124112	0.003598427696
124113	0.001841415196
124114	0.004731495545
124115	0.0003937276512
124116	0.0007905126745
124117	0.004302557393
124118	0.001092808907
124119	0.0007023075682
124120	0.001376101621
124121	0.003368211357
124122	1.785706787e-05
124123	0.0002978679771
124124	4.772009113e-05
124125	0.00201019394
124126	0.000190030587
124127	0.0002274225516
124128	0.0005455167154
124129	0.0007830688263
124130	0.002661983265
124131	0.002992291701
124132	0.001541706354
124133	0.00406709343
124134	0.004074754976
124135	0.001817694074
124136	0.00176287361
124137	0.001082299749
124138	0.003743752162
124139	0.005712985874
124140	0.002931922042
124141	0.0001024169788
124142	0.005378433122
124143	0.000201623102
124144	0.002142332061
124145	0.0001758290703
124146	0.004124548246
124147	0.003801312494
124148	0.0001947652333
124149	0.001336172915
124150	0.002068285746
124151	0.004030428338
124152	0.0001694363506
124153	0.005414706107
124154	0.002428867397
124155	0.001512898398
124156	0.002058256795
124157	0.005710272577
124158	3.927227067e-05
124159	0.0001428104181
124160	0.002461904071
124161	0.004344214902
124162	0.002586218132
124163	0.002131170367
124164	0.002620256332
124165	0.0007903732368
124166	0.003021132207
124167	0.001071972521
124168	0.001537486512
124169	0.0001836294813
124170	0.002601685134
124171	0.001207833828
124172	0.000622853424
124173	0.001197968899
124174	0.001282219416
124175	0.0006430725348
124176	0.00462317868
124177	0.001157935307
124178	0.001481556979
124179	0.001998463063
124180	0.00711024496
124181	0.004659983058
124182	0.002256464707
124183	0.002076939052
124184	0.001848999342
124185	0.0008480009866
124186	0.003947950834
124187	0.003153203236
124188	0.001908060737
124189	0.0006001351181
124190	0.003150952803
124191	0.0002932947202
124192	0.008208048986
124193	0.0008934797242
124194	0.0004554142074
124195	0.0006930983585
124196	0.00401596398
124197	0.001371152134
124198	0.002096089272
124199	0.001843901607
124200	0.00240929646
124201	0.002104596029
124202	9.21013852e-08
124203	0.0003951836127
124204	0.001711587034
124205	0.004373684554
124206	0.001059576725
124207	0.002002529285
124208	0.004504484085
124209	0.002193143261
124210	0.004273798045
124211	0.0003756904048
124212	0.00199978751
124213	0.0008087006707
124214	0.005359876111
124215	0.001580320907
124216	0.003020113109
124217	0.002924637892
124218	0.004003633247
124219	0.0006389135297
124220	0.003111764425
124221	0.00133070551
124222	0.002360467766
124223	0.0006442730533
124224	6.716356582e-05
124225	0.004132907127
124226	0.002409896414
124227	0.0001452456327
124228	0.001736976226
124229	0.00193767236
124230	0.005282577638
124231	0.0005338218073
124232	0.0002078844527
124233	0.002223810179
124234	0.004194378833
124235	0.0001582654187
124236	0.0009146733113
124237	0.0002517472501
124238	0.002691286127
124239	0.002931960729
124240	0.0006057504893
124241	0.001730037959
124242	0.001627921217
124243	0.0002859392137
124244	0.001909899676
124245	0.0006097019093
124246	0.002396582983
124247	4.420884394e-06
124248	0.0004385699203
124249	0.000463410912
124250	0.0002925739438
124251	0.001186434802
124252	0.0009072874926
124253	0.003767124819
124254	0.002733811183
124255	0.000274480429
124256	0.004238288809
124257	0.0003281145634
124258	0.003732729777
124259	0.002367895593
124260	0.001868879374
124261	0.001998036175
124262	0.0001566519833
124263	0.006898162479
124264	0.001476225468
124265	0.002381521532
124266	0.001826854824
124267	2.186815235e-05
124268	0.001531407905
124269	0.0002604680989
124270	0.0006888089982
124271	0.00154286054
124272	0.0004489883453
124273	0.001369449972
124274	0.001629724807
124275	0.001116344656
124276	0.003361469763
124277	0.004201040876
124278	0.002248299741
124279	0.0006520221508
124280	0.003768301322
124281	0.00148692667
124282	0.005624609506
124283	0.002459378139
124284	0.0002316481536
124285	0.006514290073
124286	0.003893730788
124287	0.001034258765
124288	0.0002952605318
124289	0.0007557663653
124290	0.004188482103
124291	0.0008720597666
124292	0.003260557055
124293	0.003116472005
124294	0.007125299334
124295	0.0003509892809
124296	0.002304444113
124297	0.00354201227
124298	0.002026897279
124299	0.001664929636
124300	5.710940731e-05
124301	1.004664677e-05
124302	0.001598310669
124303	0.005379130715
124304	0.003474145877
124305	5.453195944e-05
124306	0.002932980183
124307	0.003181672254
124308	2.505552788e-05
124309	0.0005111005776
124310	0.0005644665917
124311	0.002246645444
124312	0.002160028919
124313	0.003000722716
124314	0.003289476586
124315	0.002464791754
124316	0.0005640852438
124317	0.0003355499222
124318	0.003466290334
124319	0.00197263727
124320	0.002675939881
124321	0.0001314968491
124322	0.0004024887186
124323	0.002373708638
124324	0.0008179775895
124325	0.000810337367
124326	0.005204171399
124327	0.001812046292
124328	0.002224137704
124329	0.00108775949
124330	0.001490561976
124331	0.001821871361
124332	0.002088763783
124333	0.002111510807
124334	0.001163104224
124335	0.00046621969
124336	0.001051055359
124337	0.003644432228
124338	0.00274528028
124339	0.002339066457
124340	0.0005496871349
124341	0.002721457597
124342	0.002032386899
124343	0.002370947106
124344	0.00104917142
124345	0.001347771419
124346	0.002088208592
124347	0.004532955733
124348	0.0007530295979
124349	0.0013217928
124350	0.003929052133
124351	0.009714147413
124352	0.0006995537198
124353	0.0004504335521
124354	0.003691972857
124355	1.895877802e-05
124356	0.0006444556227
124357	0.002973487319
124358	0.004093247702
124359	0.0008805215355
124360	0.004056635574
124361	0.002068145849
124362	0.004081925431
124363	0.001084485676
124364	0.00459575155
124365	0.0006744280355
124366	0.003120576217
124367	0.0007958417115
124368	0.001755013287
124369	0.004384329774
124370	0.001644724871
124371	0.001229134714
124372	0.005064099423
124373	0.003169942246
124374	0.0005085751855
124375	7.014996341e-05
124376	0.003900672295
124377	0.000617068269
124378	2.301615315e-05
124379	0.0001947244495
124380	0.001429309921
124381	0.0006668882515
124382	0.0004185336712
124383	0.000555335064
124384	8.12342245e-05
124385	0.0008407693258
124386	0.002458383143
124387	0.001890430232
124388	0.006255381028
124389	0.0007717064343
124390	0.003358636241
124391	0.0006039979045
124392	0.001424922005
124393	0.001174816815
124394	0.0004897025408
124395	0.0002843279895
124396	0.0004474509461
124397	0.004162355513
124398	0.001313538351
124399	0.0003084039732
124400	0.00227801332
124401	0.003656974895
124402	0.005788437254
124403	0.002592910061
124404	0.00141143796
124405	6.743596129e-06
124406	0.0008692594733
124407	0.00309554476
124408	0.0005230496227
124409	0.002574664287
124410	0.003277005912
124411	0.001812816519
124412	0.00404458572
124413	0.001605886628
124414	0.002180262608
124415	0.004130434988
124416	0.0004629239021
124417	0.001929443868
124418	0.003035671361
124419	0.001645073041
124420	0.0009439848999
124421	0.004418663262
124422	0.001066569519
124423	0.003453354676
124424	0.001504276843
124425	0.001182447746
124426	0.001786881569
124427	0.002165382216
124428	0.001105770965
124429	0.001419289085
124430	0.0005790148565
124431	0.004449983541
124432	0.005533655713
124433	0.0046384612
124434	0.005865742984
124435	0.0002093429758
124436	0.001832874953
124437	0.001810951847
124438	0.0009522112874
124439	0.0002059796633
124440	0.0006048814336
124441	0.00112348852
124442	0.001695878707
124443	0.002129397414
124444	0.0004872035296
124445	0.003135251659
124446	0.001044141263
124447	0.001379837708
124448	0.0005332982796
124449	0.001694886511
124450	0.0001501134144
124451	0.0007593093511
124452	3.991060026e-08
124453	0.0004316010752
124454	0.00515139782
124455	0.002980597311
124456	0.0005239172602
124457	0.002842385352
124458	0.004142434376
124459	0.004202858228
124460	0.0008994415363
124461	1.822046803e-05
124462	0.000203198538
124463	0.0008324314671
124464	0.004653641152
124465	0.0006717851155
124466	0.001301941254
124467	0.0007028982149
124468	0.001011603555
124469	0.00225731621
124470	0.0009260892722
124471	0.0006912233417
124472	0.000142063396
124473	0.0005161246981
124474	0.00506597025
124475	0.000866761511
124476	0.006375603626
124477	0.0008418638549
124478	0.0004524664627
124479	0.0006373548436
124480	0.001477580793
124481	0.0003056193624
124482	0.0002322848724
124483	0.005444339282
124484	0.002324900451
124485	0.006045656845
124486	0.001687207407
124487	8.660080982e-05
124488	0.0007465109016
124489	0.00063561342
124490	0.0009504394242
124491	0.002201976236
124492	0.0007433915253
124493	0.005146460945
124494	0.002113726238
124495	0.002734601515
124496	0.003551528449
124497	0.003629164858
124498	3.339027352e-05
124499	0.008749716002
124500	0.002801373768
124501	0.002688478755
124502	0.0007320301102
124503	0.0005487608888
124504	0.0005800238287
124505	0.0007021555322
124506	0.00566568156
124507	0.0001722159404
124508	0.0007595408808
124509	0.004122477202
124510	0.001771742035
124511	0.001073052923
124512	0.0007401408718
124513	0.0003968765036
124514	0.001109804644
124515	0.001739058719
124516	0.0004484033276
124517	0.0007638010064
124518	0.001832867913
124519	0.0001078379542
124520	0.002014691309
124521	0.0008710035615
124522	0.001210459105
124523	2.368016099e-06
124524	0.0007814569744
124525	1.79051771e-05
124526	0.0007762237153
124527	0.0008056407118
124528	0.001248532936
124529	0.002878306304
124530	0.00112912855
124531	0.0008765359191
124532	0.003096711113
124533	0.0001816867537
124534	0.00199770209
124535	0.001835421435
124536	0.003499933012
124537	0.0001273343822
124538	0.0008046649458
124539	0.0006567082304
124540	0.001910353277
124541	0.002986494776
124542	0.008095466534
124543	0.00253402725
124544	0.003860402626
124545	0.002305127903
124546	0.0001525694426
124547	0.00219821079
124548	3.787698194e-05
124549	0.001744543591
124550	0.005424043215
124551	4.662467914e-05
124552	0.0005704517288
124553	7.967555929e-06
124554	0.006232264429
124555	0.0005557630919
124556	0.0007517469416
124557	0.0009821176355
124558	0.002603850163
124559	0.0005674912283
124560	0.001108676908
124561	0.001430607436
124562	0.0002995596667
124563	0.0009160878733
124564	0.00209524527
124565	0.0001353855682
124566	0.0005721300442
124567	0.001504541534
124568	0.0004974961486
124569	0.0002693045206
124570	0.004004903227
124571	0.004360128458
124572	0.0002493626614
124573	0.001920025026
124574	0.004814496247
124575	0.01060755492
124576	0.001722840545
124577	0.001270152521
124578	0.0002119100085
124579	0.001663223472
124580	0.006178021756
124581	0.002345304203
124582	0.001777385199
124583	0.003836281025
124584	0.002955420477
124585	0.001681780352
124586	0.0004507696988
124587	9.831069613e-05
124588	0.00155279532
124589	0.002772234269
124590	0.003788666925
124591	0.0003757796994
124592	0.006086022009
124593	0.0001628225777
124594	0.001121875452
124595	0.0006955060462
124596	0.002580170813
124597	0.001049566092
124598	0.0004337745154
124599	0.001169541158
124600	0.00104382071
124601	0.0001488583178
124602	0.0002039690934
124603	0.001567483768
124604	1.331308601e-05
124605	0.001327602074
124606	0.002176399486
124607	0.001769734333
124608	0.001244584146
124609	0.001132473422
124610	0.001575274097
124611	0.00174334847
124612	0.0007735999032
124613	0.001760584284
124614	0.0004102429143
124615	0.001034103468
124616	0.001049594986
124617	0.0008930500297
124618	0.001582197522
124619	0.0002275441346
124620	0.00146567039
124621	0.001709472659
124622	0.0005279855996
124623	0.0005310919658
124624	0.001165088636
124625	0.0001235018624
124626	0.002276107596
124627	0.007520229725
124628	0.004673572301
124629	0.001169141797
124630	0.00152120612
124631	0.003594020741
124632	0.004363810413
124633	0.00408679929
124634	0.006150524106
124635	0.004127557295
124636	0.0006395958389
124637	0.004677919001
124638	0.00204702863
124639	0.000933936567
124640	0.002508190402
124641	0.001176736747
124642	0.000213926628
124643	0.004193719066
124644	0.004688333692
124645	0.0001651475851
124646	0.0009129933043
124647	0.008358300746
124648	0.00160042106
124649	0.004168556549
124650	0.001186063043
124651	0.0006212332393
124652	0.005185126157
124653	0.004486552592
124654	0.0001143813296
124655	0.005498805564
124656	0.001570069328
124657	0.002432732409
124658	0.001455203938
124659	0.004752919855
124660	0.001841438146
124661	0.000462033413
124662	0.008142095298
124663	0.0004197426696
124664	0.001879868189
124665	0.004368750619
124666	0.00337255629
124667	0.002837938307
124668	0.00382939791
124669	0.0001375895901
124670	0.001803759386
124671	0.001030427505
124672	0.003808818367
124673	0.0008842548669
124674	0.004848211225
124675	0.0006094467062
124676	0.004674435154
124677	0.003286887263
124678	0.003007586986
124679	0.002768820669
124680	0.003341408135
124681	0.001673150971
124682	0.005929814395
124683	0.0004597888508
124684	0.004739231261
124685	0.0004382880117
124686	0.004627081431
124687	0.002145008023
124688	0.001784403989
124689	0.005219113028
124690	0.002279337947
124691	0.002297063946
124692	0.001419924169
124693	2.729714643e-05
124694	0.0005522130857
124695	0.001038751154
124696	0.0003095584721
124697	0.003107672044
124698	0.00270888712
124699	0.003967064825
124700	0.005028596964
124701	0.001768986749
124702	0.002851374465
124703	0.007251244896
124704	0.001101536388
124705	0.001166692891
124706	0.003186016188
124707	0.003458931253
124708	0.003375754428
124709	0.002851847478
124710	0.004421253414
124711	0.005256929993
124712	0.0003185177164
124713	0.0005986860512
124714	0.0001849558648
124715	0.003617862721
124716	0.0008487940703
124717	0.003172746218
124718	0.005748030882
124719	0.002138237216
124720	0.0009277483638
124721	0.003547297297
124722	0.002609220325
124723	0.000498429833
124724	0.002493674932
124725	0.001947679278
124726	0.001262081554
124727	0.005516290823
124728	0.00124419459
124729	0.0002502237845
124730	0.002923771017
124731	0.002089447277
124732	0.0003929289676
124733	0.0007016274212
124734	0.0004911182053
124735	0.003524084005
124736	0.0003885540778
124737	0.0008780705471
124738	0.003095529841
124739	0.006652891271
124740	0.0007302076618
124741	0.0005649651433
124742	0.002799825923
124743	0.002246591049
124744	7.103107859e-05
124745	0.0001010048569
124746	0.001794006587
124747	0.0003844047663
124748	0.001592111414
124749	0.0006358445599
124750	0.001470517237
124751	0.004936996427
124752	0.003929534824
124753	0.0007705441014
124754	0.0005661633722
124755	0.004075786845
124756	0.001411533081
124757	0.002104045984
124758	0.002100464552
124759	0.001971550509
124760	0.0006384207737
124761	0.001820500736
124762	0.0009868472885
124763	0.001017612059
124764	0.0003137465364
124765	0.002678156889
124766	0.0004409847843
124767	0.001509618481
124768	0.005670997253
124769	8.796356621e-05
124770	0.000527615286
124771	1.959688103e-05
124772	8.333886387e-05
124773	0.0001194771873
124774	0.000242419616
124775	0.000283706425
124776	0.000207434196
124777	1.252127738e-05
124778	0.0004907948677
124779	0.0002527889173
124780	0.0003749390567
124781	0.000482063015
124782	7.648175618e-05
124783	5.364727057e-05
124784	0.0001538245742
124785	0.0003634231137
124786	1.646614024e-06
124787	7.82143424e-05
124788	0.0002405463715
124789	2.842885617e-05
124790	0.0006205446946
124791	0.0005960191536
124792	9.594387307e-05
124793	4.551585666e-05
124794	0.0005288547056
124795	0.0003122580017
124796	0.0004233713687
124797	0.0003478515253
124798	4.405214466e-05
124799	0.0001733352293
124800	2.821699551e-05
124801	0.001305029658
124802	0.0002727028989
124803	0.0002344620294
124804	0.004798970056
124805	0.001776524394
124806	0.005050010801
124807	0.006914275043
124808	0.0002602742907
124809	0.001340121495
124810	0.0004650950997
124811	0.005136830518
124812	0.004831490537
124813	0.003130460043
124814	0.005389229416
124815	0.0005933385719
124816	0.001432068715
124817	0.001015569375
124818	0.0008709508755
124819	0.0003051880652
124820	0.002471697133
124821	0.001370167032
124822	0.003399285189
124823	0.002836421269
124824	0.003828330315
124825	0.0004301327815
124826	0.002603454167
124827	0.001012063841
124828	0.002353949154
124829	0.0008283636642
124830	0.0005472856342
124831	0.002748141188
124832	0.0005472862897
124833	0.0008787119887
124834	0.002271911579
124835	0.002313352812
124836	0.002257155147
124837	0.002481844708
124838	0.003329019335
124839	0.003584240179
124840	0.001659772937
124841	0.005252924537
124842	0.001725376816
124843	0.0002726353706
124844	0.001681831915
124845	0.004651409822
124846	0.002935827311
124847	0.0008491978985
124848	0.0002590737463
124849	0.0017075978
124850	0.003825743671
124851	0.00148123286
124852	0.001991753335
124853	0.001077824641
124854	0.003269156078
124855	0.0009931820012
124856	0.0008284632576
124857	0.00145906267
124858	0.001117037281
124859	0.004011018017
124860	0.001544509621
124861	0.0003227041882
124862	6.51447305e-05
124863	0.001186180439
124864	0.0001558488503
124865	0.002154236445
124866	0.000165394705
124867	0.001647461941
124868	0.003396154024
124869	0.000239229551
124870	0.0008234860198
124871	0.000355987013
124872	0.0023568802
124873	0.002670378452
124874	0.0019003062
124875	0.001502995463
124876	0.0004053737185
124877	0.001879429091
124878	0.00146366787
124879	0.001897371365
124880	0.002138947514
124881	7.883054923e-05
124882	0.002233833432
124883	4.958406269e-05
124884	0.001797027441
124885	0.001453721079
124886	0.001077185626
124887	0.001920550338
124888	0.0008449692586
124889	0.002626467999
124890	0.0002888502546
124891	0.004148247439
124892	0.0007289800668
124893	0.0003639638269
124894	0.002817499577
124895	0.0007326875336
124896	0.002438627928
124897	0.001194377955
124898	0.001963120172
124899	0.0006386387225
124900	0.006170206162
124901	0.001181548529
124902	0.0001790386293
124903	0.003221803412
124904	0.004272812508
124905	0.004510529564
124906	0.00362059164
124907	0.007994485906
124908	0.00219451031
124909	0.0007253697505
124910	0.001309768337
124911	0.0005724535081
124912	0.0003454692678
124913	0.001643332592
124914	0.0008148850444
124915	0.001327927119
124916	9.943272586e-05
124917	0.000547074397
124918	0.003048133659
124919	0.004247232494
124920	0.003443635125
124921	0.004221934221
124922	0.003006509591
124923	0.000499347872
124924	0.002609602363
124925	0.002056580924
124926	0.004718868956
124927	0.002203493275
124928	0.003490976982
124929	0.001132774946
124930	0.001304817049
124931	0.003542558013
124932	0.0004612603135
124933	0.002870650018
124934	0.000767181818
124935	0.00258244574
124936	0.002491392663
124937	0.0002432435928
124938	0.0006838005616
124939	0.003680888016
124940	0.0002079661957
124941	0.002242090135
124942	0.004906195015
124943	0.0001738694813
124944	6.632297302e-05
124945	0.0005585458155
124946	0.002707014706
124947	0.0002268308332
124948	0.004269283182
124949	0.003464912117
124950	0.0006244391645
124951	0.004170358454
124952	0.001911714707
124953	0.0003079318751
124954	0.001585312154
124955	3.733838754e-05
124956	0.002599188026
124957	0.001285268845
124958	0.00582172729
124959	0.001132679787
124960	0.0007228361316
124961	0.0006728674402
124962	0.0003850837534
124963	0.0003958171558
124964	0.0006904182474
124965	0.0003115117517
124966	0.0004895705158
124967	0.0003024394573
124968	0.001024917712
124969	0.001422093445
124970	0.003333223762
124971	0.003981916183
124972	0.002399120719
124973	1.542105248e-05
124974	0.001362822859
124975	0.001959640991
124976	0.001764927623
124977	0.000180658336
124978	0.0008465089663
124979	0.00288445278
124980	0.001711202676
124981	0.003187975584
124982	0.001787688545
124983	0.001026847162
124984	0.005418018433
124985	0.001767250422
124986	0.005519327286
124987	0.001855150115
124988	0.002249695968
124989	0.002628504873
124990	0.008009397907
124991	0.005034913878
124992	0.004993620462
124993	0.0009807197243
124994	0.001982474604
124995	7.832819418e-05
124996	0.000878535024
124997	9.399917478e-05
124998	0.0008422422608
124999	0.005075262444
125000	0.002525451403
125001	0.000342130089
125002	0.005141902866
125003	0.006918514441
125004	0.004131445883
125005	0.001461264228
125006	0.00104577913
125007	0.002009002963
125008	0.001857295661
125009	0.002286492188
125010	0.002233493311
125011	0.007447577781
125012	0.001969210894
125013	0.00301100121
125014	0.0004151451731
125015	0.002224259085
125016	0.004962639115
125017	0.004136656659
125018	0.001992550576
125019	0.001868354193
125020	0.002880279422
125021	0.00145118748
125022	0.0006477324039
125023	0.001747428052
125024	0.001344601534
125025	0.005033774078
125026	0.003926777216
125027	0.0001847322757
125028	0.004018723257
125029	0.004684115103
125030	0.003752754261
125031	0.00710958412
125032	0.003201821114
125033	0.001172096195
125034	0.0007354838069
125035	0.003607282155
125036	0.002135050213
125037	0.001865377488
125038	0.003419064441
125039	0.005828024819
125040	0.005256051924
125041	0.0003519064208
125042	0.001210724002
125043	0.005440675641
125044	0.004933436906
125045	0.003169594962
125046	0.004177062988
125047	0.003190751894
125048	0.003775460754
125049	0.007857611653
125050	0.0007341010947
125051	0.004418131352
125052	0.001019046477
125053	0.001234928741
125054	0.0004369574762
125055	0.00207508423
125056	0.0003036223984
125057	0.001272582749
125058	0.001219349026
125059	0.0008849533402
125060	0.001251385814
125061	0.00479991694
125062	0.001751412531
125063	0.0005228924504
125064	0.005751099996
125065	0.0008490941652
125066	0.000163091632
125067	0.002635428251
125068	7.890061332e-05
125069	0.0043296887
125070	0.003997614743
125071	0.0001305777595
125072	0.00450358432
125073	0.001075872901
125074	0.00370139281
125075	0.002374971866
125076	0.0007492266345
125077	0.0002545592525
125078	0.001048068394
125079	0.005005879316
125080	0.0002135341694
125081	0.0001747507156
125082	0.0002765395307
125083	0.003396919598
125084	0.004220330462
125085	0.001623380596
125086	0.002026665701
125087	0.0007904212173
125088	0.003543448385
125089	0.0001678949636
125090	0.004122796026
125091	0.001842560708
125092	0.006424093547
125093	0.0005752232276
125094	0.002742534015
125095	0.004182716995
125096	0.001100294488
125097	0.002597377298
125098	0.002001469454
125099	0.001194707137
125100	0.01046825017
125101	0.00373230515
125102	0.001197111026
125103	0.005064023264
125104	0.003640079599
125105	0.0004702010348
125106	0.000449171139
125107	0.0006814720859
125108	0.0003311291435
125109	0.00152603075
125110	0.0005518036514
125111	0.002074947407
125112	0.0001677327588
125113	0.002238624768
125114	0.0003548539112
125115	0.001389403092
125116	0.001199097585
125117	0.001510517705
125118	0.00238436831
125119	0.002064033669
125120	0.001434115433
125121	0.008678487483
125122	0.006606716239
125123	0.005080082316
125124	0.004576355556
125125	0.003693727003
125126	0.001171081315
125127	0.0009211252208
125128	0.003100895722
125129	0.007821658692
125130	0.005822555734
125131	0.002840405933
125132	0.007329071652
125133	0.001163220914
125134	0.006799984746
125135	0.002490950921
125136	0.005276278946
125137	0.00750623851
125138	0.008007363416
125139	0.001863684288
125140	0.002580384634
125141	0.002513527119
125142	0.003714221366
125143	0.004838950395
125144	0.007859757635
125145	0.007018569184
125146	0.007471330494
125147	0.004966474191
125148	0.007010972944
125149	0.004974120932
125150	0.0001784386043
125151	0.004508377916
125152	0.007837547689
125153	0.003727716949
125154	0.002017704334
125155	0.0003696564804
125156	0.002238949963
125157	0.006812750887
125158	0.0005030848918
125159	0.002212296596
125160	0.0006267996393
125161	0.001859346577
125162	0.0008381454418
125163	0.0002942603393
125164	0.0009311730999
125165	0.0003526554466
125166	0.0001306867368
125167	0.0005567186496
125168	0.000297644519
125169	7.102674771e-05
125170	0.0008874321335
125171	0.000620667096
125172	0.0006394822061
125173	0.001406321804
125174	0.0006013095038
125175	0.001086433801
125176	0.0003945709208
125177	0.001076699499
125178	0.0005308400343
125179	0.0006888859468
125180	0.0002924241707
125181	0.0002628411019
125182	0.0004165954368
125183	0.0009840154719
125184	0.0006422976546
125185	0.001059879778
125186	6.332099936e-05
125187	0.0001626609416
125188	0.0008777549085
125189	0.0002965311856
125190	0.0001839187398
125191	0.0006186417215
125192	0.0002960711088
125193	0.0002611852312
125194	0.0002767941876
125195	0.0004510160119
125196	0.0006252124294
125197	0.002434178783
125198	0.0003767818069
125199	5.404500606e-05
125200	0.0003396961699
125201	0.0005401786723
125202	0.001113435454
125203	0.001198683656
125204	0.003297481649
125205	0.001967905249
125206	0.001291328112
125207	0.002652941455
125208	0.0008764317144
125209	0.000297789007
125210	0.003246671126
125211	0.002970784978
125212	0.003418672946
125213	0.004801869355
125214	0.0006349665658
125215	0.002567169135
125216	0.001202840844
125217	0.0007234379169
125218	0.001908122266
125219	0.002947394204
125220	0.0001661659951
125221	0.0002199748841
125222	0.001028361606
125223	0.0003752159496
125224	0.002805897547
125225	0.000417062949
125226	0.0003740409701
125227	0
125228	0.0006885208863
125229	0.003911225916
125230	0.001187528282
125231	0.004350069685
125232	0.001555450519
125233	0.0006194154687
125234	0.001188050116
125235	0.0003645401956
125236	0.0007484162809
125237	0.001583257627
125238	0.002573834118
125239	0.001565603177
125240	0.0003801599346
125241	5.876966913e-06
125242	0.002422177252
125243	0.000390118725
125244	0.001607039792
125245	0.004530127025
125246	0.00156681726
125247	0.003236007649
125248	0.002586925405
125249	0.001020752301
125250	0.004546876187
125251	0.008101597677
125252	0.006782449119
125253	0.002920169475
125254	0.002756813241
125255	0.0001843885542
125256	0.0009318207524
125257	0.0005075841074
125258	0.0003843025441
125259	0.001433042279
125260	0.001258796717
125261	0.002845660119
125262	0.001580869937
125263	8.756650447e-05
125264	0.002505159504
125265	0.004229868196
125266	0.00504565982
125267	0.002592173755
125268	0.006111046711
125269	0.002452244277
125270	0.002179867669
125271	0.0007789878641
125272	0.001181067874
125273	0.0005758355667
125274	0.001771442751
125275	0.0002745170112
125276	0.003045896809
125277	0.0003564180275
125278	0.0003603767582
125279	0.006454911703
125280	5.524326203e-05
125281	0.003562007735
125282	0.0004093869712
125283	0.0001230985882
125284	0.001117798713
125285	0.003377200612
125286	0.001732891384
125287	6.205027819e-05
125288	0.0001506521777
125289	0.004175409131
125290	0.0007220086353
125291	0.002508463943
125292	0.002250690992
125293	0.003062981948
125294	0.0007004360506
125295	0.0007266177659
125296	3.11536195e-05
125297	0.001481646766
125298	0.001581140204
125299	0.0005534184628
125300	0.0004475005348
125301	0.004176368598
125302	0.0006044521997
125303	0.0002140917804
125304	0.0001794801743
125305	0.0009467357037
125306	0.003672017016
125307	0.004584127777
125308	0.002467526563
125309	0.001377013929
125310	0.00170491602
125311	0.001398907557
125312	0.003929178458
125313	0.005434713484
125314	7.572802464e-06
125315	0.0001167645852
125316	0.0007862974127
125317	0.0002577169366
125318	0.001642606453
125319	0.0003757573188
125320	0.0003964239518
125321	0.001354166541
125322	0.0002118065232
125323	8.202654593e-05
125324	0.001724960852
125325	0.002984651184
125326	0.0003749968901
125327	0.002897518874
125328	0.003295718656
125329	0.002429293123
125330	0.004760184294
125331	8.537938594e-05
125332	0.002605902823
125333	0.0001253167867
125334	0.0003037080326
125335	0.0001729845582
125336	0.0006930524326
125337	0.0003088622219
125338	4.16611875e-05
125339	0.001070801927
125340	0.001773273585
125341	0.0010166229
125342	0.0009372267882
125343	0.001231957243
125344	0.001254212263
125345	0.00230197902
125346	0.006142473639
125347	0.004327409959
125348	0.001664617942
125349	0.002274334539
125350	0.0002003217543
125351	0.002378659754
125352	0.0004098362354
125353	0.001291664707
125354	0.001272673789
125355	0.003473254449
125356	0.0008111277085
125357	0.002666672493
125358	0.002203893362
125359	0.003719310245
125360	0.0002344577651
125361	0.000171297007
125362	4.469078712e-06
125363	0.002902521707
125364	0.002541709629
125365	0.000536591489
125366	0.001658159948
125367	0.0001144120857
125368	0.001249215431
125369	0.001093837142
125370	0.005380676243
125371	0.0008840698777
125372	0.003454594445
125373	0.0009159815523
125374	0.003298962532
125375	0.002528151226
125376	0.005018350875
125377	0.0006094911181
125378	0.003830612576
125379	0.002799878441
125380	0.0006415917431
125381	0.0009725122722
125382	0.0002704261748
125383	0.002286903715
125384	0.002742748692
125385	0.003697013553
125386	0.001512007851
125387	0.002517817758
125388	0.00285717019
125389	0.003436696933
125390	4.877456384e-05
125391	0.002028082488
125392	0.000196369346
125393	4.392188695e-05
125394	0.007730161592
125395	0.004633533684
125396	0.00576169825
125397	0.002700824722
125398	0.001835273883
125399	0.001300641614
125400	0.003044381812
125401	0.001069886507
125402	0.0008025436717
125403	0.0001176612599
125404	0.003634868193
125405	0.001450009014
125406	0.005806377986
125407	0.0002950422283
125408	0.003205094645
125409	0.002966639188
125410	0.006052602604
125411	0.00373104403
125412	0.004882447406
125413	0.005414022204
125414	0.0007811188856
125415	0.004286277344
125416	0.003974564926
125417	0.0002320187755
125418	0.001648142489
125419	0.001703352437
125420	7.446202355e-05
125421	0.000682828013
125422	0.001541930264
125423	0.005731395471
125424	0.002813790636
125425	0.002981280332
125426	0.0008899999222
125427	0.002553445629
125428	0.009096442859
125429	0.0009621694086
125430	0.001296474368
125431	0.0002126285608
125432	0.001559136267
125433	0.0001097864004
125434	0.008303256676
125435	0.000505753228
125436	0.008205196135
125437	0.003539507771
125438	0.001244457486
125439	0.006649231845
125440	0.002048730664
125441	0.0002447527439
125442	0.0005329294337
125443	0.0007482215947
125444	0.001623491866
125445	0.001789134992
125446	0.001173967401
125447	0.0003205476472
125448	0.001808133328
125449	0.005832939662
125450	0.0006840550071
125451	0.002209309742
125452	0.003182385687
125453	0.002076088082
125454	0.001268466543
125455	0.00385172692
125456	0.001699707146
125457	0.002099950487
125458	0.001159808296
125459	0.001396442704
125460	0.0002136776563
125461	0.00467907916
125462	0.001646802345
125463	0.002190002256
125464	0.001376666361
125465	0.001242753608
125466	0.003304368387
125467	8.691190761e-05
125468	0.00024669475
125469	0.0004834863233
125470	0.0003132737334
125471	0.0008132265606
125472	4.182891723e-05
125473	0.0001399671726
125474	0.003193224464
125475	0.0002265370113
125476	0.0003778127678
125477	0.00015204814
125478	0.0004687536754
125479	0.0002929916599
125480	0.000940856628
125481	0.0003609197265
125482	0.0001401000021
125483	0.000148726682
125484	0.0001427501273
125485	0.0001507913515
125486	0.0003456411625
125487	0.001917877493
125488	2.26320761e-06
125489	1.301681743e-05
125490	0.0002836470045
125491	0.0004480958399
125492	0.0002991925438
125493	9.813403345e-05
125494	0.0001078234233
125495	0.0002228258861
125496	0.0005984863631
125497	0.000185470571
125498	0.0002166001865
125499	0.0005369831316
125500	0.0001765623355
125501	0.0002368194228
125502	0.0001880463131
125503	0.0001750631136
125504	0.0002116805054
125505	0.0008166457748
125506	0.002601569032
125507	0.003303963098
125508	0.001446703041
125509	0.006159592394
125510	0.001721770522
125511	0.002353204797
125512	0.001617057224
125513	0.0002932674856
125514	0.001420975431
125515	0.001705219591
125516	7.666444661e-05
125517	0.0009065706736
125518	0.0009336803382
125519	0.000449262343
125520	0.0007376490907
125521	0.0005833012489
125522	0.001185160759
125523	0.000105817603
125524	0.000444328042
125525	0.001032171824
125526	0.0008155768294
125527	0.002022744115
125528	0.0005767702254
125529	0.003274050033
125530	0.002134363449
125531	0.002610378086
125532	0.004353837816
125533	0.00329107455
125534	0.0008006949719
125535	0.006915954573
125536	0.001447542642
125537	0.008258671093
125538	0.007455599257
125539	0.005057103537
125540	0.001387011459
125541	0.005017834151
125542	0.00327689739
125543	0.005509251695
125544	0.0009005919757
125545	0.0001810343446
125546	0.001968884955
125547	0.001267582791
125548	0.004250617957
125549	0.00451538093
125550	0.0006172684619
125551	0.0008611092332
125552	0.002918298437
125553	0.0008009188844
125554	0.001201958986
125555	0.002568336296
125556	0.003366880122
125557	0.001607764604
125558	4.053016094e-05
125559	0.0003827876757
125560	0.001399867874
125561	0.0005290589922
125562	0.0004041403012
125563	0.0003183363548
125564	0.0009302519602
125565	0.0002026138469
125566	9.193720128e-05
125567	0.0001853304246
125568	0.0009709883999
125569	0.000106310447
125570	0.0003976605534
125571	0.0001205962263
125572	0.0002007600604
125573	0.0001716936336
125574	4.599138541e-05
125575	8.416199252e-05
125576	0.0005452366951
125577	0.000420767289
125578	0.001834393833
125579	0.002893102615
125580	0.0001499307029
125581	0.001264792509
125582	0.0003337628065
125583	0.001177888212
125584	0.0004092589386
125585	0.002373202759
125586	0.00154842286
125587	0.001980509225
125588	0.004281705859
125589	0.001826799939
125590	0.004784299494
125591	0.001717741843
125592	0.0007744229081
125593	0.002261523049
125594	0.002119333097
125595	0.004924112206
125596	0.001032811504
125597	0.0004429337328
125598	0.00245248846
125599	0.001861304318
125600	0.003435961435
125601	0.002779485751
125602	0.003707501764
125603	0.003271568484
125604	0.0004324447526
125605	0.002801266648
125606	0.003616454977
125607	0.004005908154
125608	0.0001398411613
125609	0.001986131536
125610	0.0001433388386
125611	0.003413625463
125612	0.000806537641
125613	0.0003995149873
125614	7.36838294e-05
125615	0.000129052229
125616	6.846695365e-05
125617	0.0009527897827
125618	0.0004014461537
125619	0.0002137068981
125620	0.001370456531
125621	0.0004378418905
125622	0.0001243089707
125623	0.0002262248635
125624	0.0006513471023
125625	0.003101794709
125626	0.0009824825228
125627	0.001652956091
125628	0.003764850331
125629	0.00441645341
125630	0.00264901702
125631	0.004095767302
125632	0.002948818395
125633	0.003110556179
125634	0.0003082048404
125635	0.00409486591
125636	0.002457940889
125637	0.0004892177872
125638	0.002291057921
125639	0.001479400018
125640	0.000317803909
125641	8.596129282e-08
125642	0.002310949371
125643	0.002297751068
125644	0.00393041152
125645	0.005424828796
125646	0.001309041341
125647	0.002618248835
125648	0.002554849129
125649	0.002195040243
125650	9.673282608e-05
125651	0.004222339962
125652	0.001823144128
125653	0.002197804853
125654	0.0003628766529
125655	0.0004275169115
125656	0.001872266451
125657	0.001742769381
125658	0.003349035326
125659	0.002788722811
125660	0.00379884869
125661	0.0009060480703
125662	0.007416284109
125663	0.001388561517
125664	0.001260808231
125665	0.0002697282791
125666	0.000529643149
125667	0.002619588817
125668	0.001587116335
125669	4.728734094e-05
125670	0.006562298763
125671	0.001756867625
125672	0.005761521702
125673	0.004586581419
125674	0.0002914977033
125675	0.004549222339
125676	0.001407030395
125677	7.663284529e-05
125678	0.005802516419
125679	0.003516637233
125680	0.0001218397889
125681	0.003258695382
125682	0.0002573846855
125683	0.003660264936
125684	0.0008424064614
125685	0.001963106606
125686	0.0005815495574
125687	0.001727497697
125688	0.003725727067
125689	0.003491009006
125690	7.068353281e-05
125691	0.003226335514
125692	0.00194756432
125693	0.0004290219769
125694	0.007943458772
125695	0.004663940811
125696	0.000973571364
125697	0.003310241325
125698	0.002029627742
125699	0.001004609944
125700	0.0024871962
125701	0.001647522695
125702	0.001130856161
125703	0.002962216131
125704	0.005045369828
125705	0.0002302258662
125706	0.0001703276543
125707	0.00242286463
125708	0.0005764327179
125709	0.0007884638136
125710	0.002219163809
125711	0.0006010950682
125712	0.00215154824
125713	0.0006326996111
125714	0.004763758163
125715	0.003155609917
125716	0.001436886073
125717	0.0007350361175
125718	0.00365012786
125719	0.002112188118
125720	0.004137144438
125721	0.003061253807
125722	0.001345971556
125723	0.0002899146544
125724	0.003400505818
125725	0.004311909243
125726	0.003805476208
125727	0.0005656020324
125728	0.00228820359
125729	0.003940866897
125730	0.002656537768
125731	0.00201322943
125732	0.003823133349
125733	0.002559365905
125734	0.0002636776282
125735	0.0003757895969
125736	0.002421179788
125737	0.003799824709
125738	0.003003472481
125739	0.005131836852
125740	0.0008718823518
125741	0.001039372936
125742	0.001169726911
125743	0.0009753205314
125744	0.001523406032
125745	0.001235267214
125746	0.002755171554
125747	0.004391973405
125748	0.002820167249
125749	0.003865284806
125750	0.001710994904
125751	0.0005914717525
125752	0.0009622243745
125753	0.004845955866
125754	0.005907993138
125755	0.0004119834573
125756	0.00470652387
125757	0.0006282803378
125758	0.001433627614
125759	0.008464662344
125760	0.003947250857
125761	0.006319517193
125762	0.00101764204
125763	0.000544231203
125764	0.001648046547
125765	0.0001516475198
125766	0.0004147201119
125767	0.004557374289
125768	0.0001289020126
125769	0.0005594549456
125770	0.003575341801
125771	0.00502326966
125772	0.009402169753
125773	0.001161568142
125774	0.001968679482
125775	0.004437986353
125776	0.004172811156
125777	0.004770036811
125778	0.00140884137
125779	0.003767563937
125780	0.002812709465
125781	0.001212277248
125782	0.01018653747
125783	0.001506097867
125784	0.003586961937
125785	0.002366121379
125786	0.003308396017
125787	0.001806349379
125788	0.004975477228
125789	0.0009249931803
125790	0.0003128166698
125791	0.0006963619695
125792	0.001151339138
125793	8.377117635e-05
125794	0.0009627987759
125795	9.737018666e-05
125796	0.001441107524
125797	0.0009177739906
125798	0.0009691627905
125799	0.0005314492746
125800	0.002485097317
125801	0.0006600262169
125802	0.002710995235
125803	0.001199745717
125804	0.001611984155
125805	0.002260637329
125806	0.004525187511
125807	0.001625401852
125808	0.001272718693
125809	0.007932357683
125810	0.001286414171
125811	0.0003984517098
125812	0.002446651929
125813	0.002249844993
125814	0.001789261963
125815	0.0008736206612
125816	0.002393321494
125817	0.003060005949
125818	0.0008586204673
125819	0.001934097839
125820	0.0005436777679
125821	0.0002436173146
125822	0.005127261667
125823	0.0009188853107
125824	0.0004194490865
125825	0.005069613932
125826	0.0006561220374
125827	0.003736560942
125828	0.003397187175
125829	2.910978022e-05
125830	0.001248332131
125831	1.173379137e-05
125832	0.002446684888
125833	0.001148188188
125834	0.002347863472
125835	0.001435758069
125836	0.001120832864
125837	0.0007624868295
125838	0.0003982837775
125839	0.004203899591
125840	0.0003019877629
125841	0.001917141746
125842	0.002792273748
125843	0.0005226359688
125844	0.0005063056339
125845	0.0007798479177
125846	0.0009595891765
125847	0.00129747294
125848	0.0005268395844
125849	0.001101791745
125850	0.002206968317
125851	0.0008637502743
125852	0.007101701925
125853	0.003618599607
125854	0.001080017728
125855	0.000392759791
125856	0.00155296192
125857	0.0007562696959
125858	0.0003888492299
125859	0.0006339052656
125860	0.00432708468
125861	0.002097917201
125862	0.0007989122332
125863	0.001218342269
125864	0.0005546198086
125865	0.001367787675
125866	0.001506485992
125867	0.002942461281
125868	0.004362964999
125869	0.001050574037
125870	0.002006315071
125871	0.00111789097
125872	0.003421130671
125873	0.0002564422745
125874	0.0001473132029
125875	0.001180137374
125876	0.003524815724
125877	0.0005675955999
125878	0.005589150338
125879	0.004679226973
125880	0.001063626905
125881	0.001844370357
125882	0.000331937535
125883	0.0006270356173
125884	0.00333387483
125885	1.462453063e-05
125886	0.0002912313253
125887	0.004602547744
125888	0.002041226389
125889	0.0003515645938
125890	0.001463999139
125891	0.0003323773601
125892	0.005116446778
125893	0.000801717967
125894	0.003001172997
125895	0.0009692017597
125896	0.003272520728
125897	0.0006953641931
125898	0.0008258727596
125899	0.004836821538
125900	0.001512857278
125901	0.002521009976
125902	0.001059091284
125903	0.002686690071
125904	0.001767962909
125905	0.0008080079516
125906	0.001001888673
125907	0.002393377252
125908	0.0006258589355
125909	0.002256726207
125910	0.002706139288
125911	0.005564187975
125912	0.008042820281
125913	0.002319730178
125914	0.0007324334953
125915	0.005151709853
125916	0.0004430359177
125917	0.002511925904
125918	0.001874961457
125919	0.003243788677
125920	0.0009759595058
125921	0.001652526492
125922	0.003051544925
125923	0.0008182694429
125924	0.002908614575
125925	0.002515561609
125926	0.003140378423
125927	0.001978293574
125928	0.000492071878
125929	0.0005466967541
125930	0.0001491185283
125931	5.52608311e-08
125932	0.0005827820915
125933	0.0003047793183
125934	0.000149014605
125935	0.0002261069563
125936	0.001672347481
125937	0.001444867747
125938	0.0008484507188
125939	0.001922954592
125940	0.0007396010509
125941	0.0015886682
125942	0.00406998854
125943	0.0007537216843
125944	8.906086491e-05
125945	0.0008815749233
125946	0.0009031608462
125947	0.001861914806
125948	0.0003746539189
125949	0.0002289927671
125950	0.005795618054
125951	0.006735271001
125952	0.004028916941
125953	0.0007820268767
125954	0.0009784805454
125955	0.003801943819
125956	0.001743830373
125957	0.00132297645
125958	0.001109082646
125959	0.0001655253416
125960	0.003028772412
125961	0.0008903362068
125962	0.001376159008
125963	0.0008701535446
125964	0.00135265329
125965	0.0009389342679
125966	0.001814799528
125967	0.0004000355951
125968	0.0008757725046
125969	0.001880510091
125970	0.001022141407
125971	0.0008140723901
125972	0.002382417712
125973	0.001321263773
125974	0.001352154152
125975	0.002022359069
125976	0.006098544088
125977	0.002868241056
125978	0.002456351961
125979	0.001240067974
125980	0.006227377455
125981	0.003811517392
125982	7.192482214e-05
125983	0.0003614294972
125984	0.001838417486
125985	0.001990849043
125986	0.001920831664
125987	0.001600924565
125988	0.0005552081935
125989	0.0006417831822
125990	0.000595254709
125991	0.005043255532
125992	0.001272669845
125993	0.00389706894
125994	0.003120733412
125995	0.001748904412
125996	0.001009990945
125997	0.0001665543216
125998	0.003747057461
125999	0.001320820942
126000	0.004469975051
126001	0.003814308584
126002	0.002905920085
126003	0.0002224730069
126004	0.0003902247354
126005	0.001463395038
126006	0.001663784466
126007	0.001570501732
126008	0.002121060812
126009	0.0001670270703
126010	0.0007676341804
126011	0.002746426151
126012	0.003294368637
126013	0.0002347917998
126014	0.001276897697
126015	0.0002528589917
126016	0.0002292050489
126017	0.0002364113541
126018	0.0003247092505
126019	0.004580052481
126020	0.006071477762
126021	0.001232494418
126022	0.001205775988
126023	0.001320321023
126024	0.003984867953
126025	7.031830914e-05
126026	5.266569907e-05
126027	0.001066575476
126028	0.0002283934922
126029	0.0003582383913
126030	0.002481469516
126031	0.001689838663
126032	0.0009000519641
126033	0.002204246554
126034	0.0002211443606
126035	0.000664443842
126036	0.001645372469
126037	0.001183303483
126038	0.000436928775
126039	0.004535347179
126040	0.001723330061
126041	0.003996323229
126042	5.269441104e-05
126043	0.001208240861
126044	0.002342703567
126045	0.001126371386
126046	0.0008399839831
126047	0.0001868401987
126048	0.004521627832
126049	0.003917889856
126050	0.0002058619677
126051	0.003423084493
126052	0.003232709237
126053	0.00398398355
126054	0.000331282273
126055	8.849877848e-05
126056	0.002500541901
126057	0.0002810361621
126058	0.001521684033
126059	0.006128270539
126060	0.001268847353
126061	0.0004837556346
126062	0.001251688374
126063	0.002575847286
126064	0.0005614186915
126065	0.004362052951
126066	0.0007263421217
126067	0.0005285364811
126068	0.002421280982
126069	0.00163139145
126070	0.001749042142
126071	0.0001702340812
126072	0.0008245987658
126073	0.001528292788
126074	0.000298913637
126075	0.001240085664
126076	0.0003393171321
126077	4.300450935e-05
126078	0.001799666576
126079	0.001967601427
126080	0.0005945485113
126081	0.0002223148743
126082	0.0005077203562
126083	0.0002709525003
126084	0.001392976302
126085	0.001069823627
126086	0.005420992109
126087	0.0006166582886
126088	0.001200812377
126089	0.0007133083316
126090	0.0001638872948
126091	0.003162931074
126092	0.000801979381
126093	0.004379746563
126094	0.004331208588
126095	0.0009183205226
126096	0.0001552502117
126097	0.0006479937652
126098	0.000253271491
126099	6.893367211e-05
126100	0.002835528166
126101	0.001395126174
126102	0.001644383573
126103	0.002009615607
126104	0.001081802012
126105	0.001246929502
126106	0.002222155533
126107	0.000270066229
126108	0.0001857117385
126109	0.001217802101
126110	0.002843178424
126111	0.004141610209
126112	0.002132697247
126113	0.0001526537056
126114	7.769356013e-05
126115	0.0001849833987
126116	0.003052999107
126117	0.0002922514947
126118	7.52078873e-05
126119	0.002565742363
126120	0.003648017453
126121	4.507757167e-06
126122	0.003129161354
126123	0.002023149832
126124	0.001016480254
126125	0.0003959914294
126126	0.000298530889
126127	0.004055358981
126128	0.0003713544206
126129	0.003251112504
126130	0.00296402632
126131	0.001271666514
126132	0.001823500937
126133	0.0004591825284
126134	0.0001456038983
126135	0.003965614576
126136	0.008455904927
126137	0.001285986279
126138	0.006713092906
126139	0.002684692683
126140	0.003458415133
126141	0.0002138847351
126142	0.00231234683
126143	0.001527603539
126144	0.0007614667584
126145	0.002223912796
126146	0.0007879307232
126147	0.003871732997
126148	0.001056477574
126149	0.007334665877
126150	0.0002615185257
126151	0.003907016694
126152	0.002792152622
126153	0.001163046475
126154	0.001708130436
126155	0.001028567448
126156	0.0010811524
126157	0.001340488493
126158	0.001511200854
126159	0.004651427305
126160	0.0003338707701
126161	0.001349856968
126162	0.0002106192946
126163	0.0008993242011
126164	0.004489482794
126165	0.000380304285
126166	0.001579477642
126167	0.0002395320652
126168	0.002664867926
126169	0.001051896702
126170	0.001112666153
126171	0.0003536607224
126172	0.0005125868642
126173	0.002139031946
126174	0.001455228933
126175	0.004622849357
126176	0.001345770339
126177	0.0005258205442
126178	0.003309801349
126179	0.0005102810125
126180	0.003777337113
126181	0.003161158486
126182	0.002219131233
126183	0.0006599069706
126184	0.006688959812
126185	0.004873539296
126186	0.002634313783
126187	0.002142579755
126188	0.003299613983
126189	0.002095093034
126190	0.001927073381
126191	0.001780179038
126192	0.0005425859693
126193	7.398641978e-05
126194	0.0006301987571
126195	0.004685569787
126196	0.0002709989239
126197	0.002615473502
126198	0.002451801014
126199	0.009274173169
126200	0.001826156308
126201	0.0003000932223
126202	0.004523292155
126203	0.001885410282
126204	0.00397152215
126205	0.002151311762
126206	0.006419629081
126207	0.0007603650815
126208	0.002032909335
126209	0.0008939129531
126210	0.003275446798
126211	0.00196783541
126212	0.0003408334432
126213	0.002451749628
126214	0.007517769249
126215	0.004095507461
126216	0.003245116391
126217	0.005144519207
126218	0.0004495536094
126219	0.005605737866
126220	0.002828533767
126221	0.0005696678644
126222	0.001946543521
126223	0.002078602746
126224	0
126225	0.003135795759
126226	0.001045768191
126227	0.002344216069
126228	0.005068819879
126229	0.0007067103351
126230	0.005905234547
126231	0.004732728177
126232	0.0003363784942
126233	0.004112969407
126234	0.000717931151
126235	0.00385593534
126236	0.003772812871
126237	0.0009149371631
126238	0.0007233317626
126239	0.006015721025
126240	0.00463395376
126241	0.006548609409
126242	0.003682868573
126243	0.0005297430295
126244	0.0009640953297
126245	0.004926214296
126246	0.002050518333
126247	0.003777312521
126248	0.00592099388
126249	0.001719120418
126250	0.002254078816
126251	0.0001487463261
126252	0.005185419063
126253	0.001414269918
126254	0.003856177663
126255	0.007909664054
126256	0.0001768823
126257	0.0007054348929
126258	0.005651965235
126259	0.001561209447
126260	0.0008899010977
126261	0.001330601443
126262	0.009599591123
126263	0.0003990605867
126264	0.0008110653981
126265	0.0006840316741
126266	0.0009608491987
126267	0.0002956890665
126268	0.003332691308
126269	0.005368148565
126270	0.003728174641
126271	0.001140418273
126272	0.0007906014923
126273	0.0007185396315
126274	0.0007480092053
126275	0.00129094153
126276	0.006348434024
126277	0.002468109688
126278	4.713258933e-06
126279	0.0004323639816
126280	0.0005304582093
126281	0.0001813144412
126282	0
126283	0.001909129725
126284	0.0006386253064
126285	0.001373938269
126286	0.001195370856
126287	0.001423999146
126288	0.0008841123862
126289	0.004387791399
126290	0.0005597832492
126291	0.002604881021
126292	0.001535669227
126293	0.004798431053
126294	0.002372033244
126295	0.002252565858
126296	4.010363364e-05
126297	0.008686139609
126298	0.003269408714
126299	0.004103452742
126300	4.628247653e-05
126301	0.000491517443
126302	0.0009793902868
126303	0.0007204621727
126304	0.002861401879
126305	0.002231722849
126306	0.0080316843
126307	0.0006975780953
126308	0.001850578516
126309	0.000262850602
126310	0.001260958841
126311	0.005776626776
126312	0.001069655036
126313	0.004685550594
126314	0.003460099321
126315	0.002459563234
126316	0.001193960978
126317	0.0002660350565
126318	0.003651658472
126319	0.001512251298
126320	0.0006480068983
126321	8.340903048e-05
126322	0.002599034672
126323	0.001248059751
126324	0.003257698834
126325	0.001143964247
126326	0.0006546403603
126327	0.001750861468
126328	0.004604433067
126329	0.001713660173
126330	0.0002624925725
126331	0.001747396711
126332	0.005468121605
126333	0.007470016668
126334	0.002007840106
126335	0.002012940261
126336	0.003743617726
126337	0.001646460491
126338	0.002466507156
126339	0.001994617685
126340	0.001626204472
126341	0.00299974276
126342	0.004809698876
126343	0.001704579421
126344	0.002770078655
126345	0.005268444579
126346	0.002388079639
126347	0.0005767863486
126348	0.001109006881
126349	0.002124553941
126350	0.0006056062758
126351	0.001409893775
126352	0.00930074818
126353	0.004760257043
126354	0.002273722212
126355	0.00148737812
126356	0.0002834613357
126357	0.002942115802
126358	0.001648852923
126359	0.003899177312
126360	0
126361	0.003776220008
126362	0.0001770301802
126363	0.003489973407
126364	0.0004712814602
126365	0.0005628625893
126366	0.0005198549457
126367	0.002664278065
126368	0.001934997474
126369	0.0002613024074
126370	0.003980016945
126371	0.001246217387
126372	0.003971562812
126373	0.003679046895
126374	0.003111275793
126375	0.002048021281
126376	0.005976011621
126377	0.006145371242
126378	0.003071476526
126379	2.669657011e-05
126380	0.007537411543
126381	0.0007351524452
126382	0.001914744534
126383	0.002869067141
126384	0.0004219488052
126385	0.001137119623
126386	0.002599770437
126387	0.004763707673
126388	0.002448967146
126389	0.0005324705557
126390	0.000220601448
126391	0.007004200451
126392	0
126393	0.00263021527
126394	0.002464368441
126395	0.0002306553709
126396	0.000113754201
126397	0.002472408102
126398	0.0006467156512
126399	0.00471193659
126400	0.004395886633
126401	0.002851240216
126402	0.003358844802
126403	0.002863095122
126404	0.006222298667
126405	0.001173553771
126406	0.000403864283
126407	0.00610794253
126408	0.0006387426859
126409	0.001876841391
126410	0.01092652927
126411	0.0008059950211
126412	0.001018738444
126413	0.001257657793
126414	0.002803924148
126415	0.004015957893
126416	0.000808971281
126417	0.002113831529
126418	0.004854583806
126419	0.003707391151
126420	0.0001117276345
126421	0.0007766868563
126422	0.003964170382
126423	0.001167657917
126424	3.86093656e-05
126425	0.0009965602099
126426	0.0006095701409
126427	0.003544346895
126428	0.002004187895
126429	0.001043283715
126430	0.01151663791
126431	0.0004358823805
126432	0.001088187358
126433	0.003690033042
126434	0.001374251246
126435	0.00455182263
126436	0.002795689585
126437	0.001121153909
126438	0.0001083760827
126439	0.0003384166163
126440	0.00174660037
126441	0.003374883248
126442	0.0006985377268
126443	0.003286769665
126444	0.006218823912
126445	0.008029252631
126446	0.00209935235
126447	0.003360378402
126448	0.0007142650053
126449	0.001791617664
126450	0.00198756455
126451	0.0008222603159
126452	0.004856674941
126453	0.00803717204
126454	0.00502710026
126455	0.0005876741898
126456	0.001449827719
126457	0.001718375124
126458	0.0007072651822
126459	0.002719206022
126460	0.002192609623
126461	0.00134366472
126462	0.001813003338
126463	0.002297020702
126464	0.0007685280278
126465	0.0004341950186
126466	0.001948169592
126467	0.006041482538
126468	0.0001521210022
126469	0.0006221020841
126470	0.007319682599
126471	0.005963560639
126472	0.002721427847
126473	0.008849753036
126474	0.0007701380669
126475	0.001833543434
126476	0.002937142391
126477	0.009027274711
126478	0.0002492461631
126479	0.001266543363
126480	0.0005992841465
126481	0.003570862718
126482	0.0003913484422
126483	0.00276621948
126484	1.973191427e-05
126485	0.0004629983658
126486	0.003463100412
126487	0.002666706699
126488	0.00189931789
126489	0.007067123983
126490	0.002512403683
126491	0.006425149136
126492	0.001719158176
126493	0.002229489084
126494	0.0001695807456
126495	0.00548609584
126496	0.0001652368453
126497	0.00340323665
126498	0
126499	0.004942836903
126500	0.0008457677043
126501	0.0002776646965
126502	0.0004500938111
126503	0.001349263746
126504	0.006722690721
126505	0.005985358757
126506	0.0009104221513
126507	0.001455539844
126508	0.002079230962
126509	0.004767546054
126510	0.004120679798
126511	0.000718229311
126512	0.0001594443986
126513	0.0077487484
126514	0.001866833471
126515	0.00333005034
126516	0.00220637891
126517	0.003665897337
126518	0.001890609715
126519	0.0005452885874
126520	0.005385070222
126521	0.0006890300939
126522	3.037035874e-05
126523	0.00256474467
126524	0.003549890425
126525	0.001085119567
126526	0.00109233649
126527	0.0003917232688
126528	0.003247567624
126529	0.00194545395
126530	0.006201387909
126531	0.0006248924515
126532	0.001519900627
126533	0.00060856912
126534	0.008678007535
126535	0.0009138824607
126536	0.001744927686
126537	0.001936617771
126538	0.009482589267
126539	0.00399314833
126540	0.0003936114206
126541	0.003854899435
126542	0.00268840899
126543	0.001211342079
126544	0.001643815936
126545	0.0005486945247
126546	0.002576297861
126547	0.005049385012
126548	0.003908225487
126549	0.0004169408502
126550	0.0003654320045
126551	0.000106452144
126552	0.001276556791
126553	0.002361890553
126554	0.0002012447239
126555	0.002396190571
126556	3.233131272e-05
126557	0.004131245026
126558	0.004349638503
126559	0.001680137423
126560	0.0007091704874
126561	0.001403905304
126562	0.00523058253
126563	0.00188318694
126564	0.001321110846
126565	0.001039275571
126566	0.001124810945
126567	0.000614040703
126568	0.0002948690327
126569	0.001877297489
126570	0.001749836363
126571	0.002059086668
126572	0.001375145355
126573	0.002284217587
126574	0.0003560488003
126575	0.0005307597291
126576	0.001356502118
126577	0.003263331239
126578	0.001867882621
126579	0.001951796224
126580	0.003648329647
126581	0.004297997325
126582	0.0006455618603
126583	0.0005074015876
126584	0.002801573219
126585	0.001165053251
126586	0.002736820259
126587	0.0006081113483
126588	0.002198578754
126589	0.001169281663
126590	0.003051777376
126591	0.004046450424
126592	0.002004155378
126593	0.000607256637
126594	0.006498607086
126595	0.003002939801
126596	0.0001948234235
126597	0.001279524637
126598	0.001672222995
126599	0.0008725686468
126600	0.00754540978
126601	0.001827077399
126602	0.004079613337
126603	0.001062923649
126604	0.004144662883
126605	0.002553640671
126606	0.005749606809
126607	0.002815683877
126608	0.002032658765
126609	0.001765239758
126610	0.00239947855
126611	0.0005953727534
126612	0.00250721215
126613	0.006509585312
126614	0.0008421285403
126615	0.0004858073266
126616	0.001982695801
126617	0.0001259986528
126618	0.002941098756
126619	0.00217253418
126620	0
126621	0.005364617309
126622	0.005231454273
126623	0.004423797524
126624	0.004170626937
126625	0.0008338000578
126626	0.002383058211
126627	0.001179463915
126628	0.001185336406
126629	0.002583838215
126630	8.822135242e-05
126631	0.005012034136
126632	0.000875647263
126633	0.001386229496
126634	0.00219280392
126635	0.0005647071967
126636	0.009678436922
126637	0.003110104356
126638	0.001116786007
126639	0.003769553435
126640	0.001327983789
126641	0.007587766033
126642	0.001339684295
126643	0.002891725381
126644	0.0008393277114
126645	0.007569313751
126646	0.002589397162
126647	0.0008095057658
126648	0.002240671235
126649	0.001849875791
126650	0.003756072043
126651	0.001582412005
126652	0.003523809409
126653	0.003320089982
126654	0.00230503536
126655	0.009157511417
126656	0.002659574429
126657	0.002265755202
126658	0.0008679026515
126659	0.002541742855
126660	0.005938519718
126661	0.001511182192
126662	2.739133345e-05
126663	0.005061303222
126664	0.004220518894
126665	0.001231842356
126666	0.001106583531
126667	0.001523402573
126668	0.0005220847529
126669	0.005896168386
126670	0.0002995208704
126671	0.001843130485
126672	0.001117422193
126673	0.001898510503
126674	0.005060232262
126675	0.005940550892
126676	0.002945251602
126677	0.003134236093
126678	0.002432554787
126679	0.000374306083
126680	0.0008222886815
126681	0.0006800237703
126682	0.001292304311
126683	0.002338103908
126684	0.002412401155
126685	0.003607708935
126686	0.0005027929966
126687	0.001242761113
126688	0.01028136886
126689	0.004097344049
126690	0.003645577775
126691	0.001416305582
126692	0.004323054156
126693	0.006474075274
126694	0.002239238448
126695	0.001099607711
126696	0.00227442517
126697	0.002443620751
126698	0.005554499823
126699	0.006719574936
126700	0.001192969572
126701	0.0008334501313
126702	0.0005022267889
126703	0.001290676692
126704	0.001080244621
126705	0.006754889115
126706	0.002490830129
126707	0.002075805627
126708	0.002000673121
126709	0.0004477624659
126710	0.0009287943818
126711	0.001184155457
126712	0.001022630663
126713	0.003870029451
126714	0.001226226115
126715	0.0003642038386
126716	0.002454947155
126717	0.001512502197
126718	0.001442915063
126719	0.001512439914
126720	0.004029855035
126721	0.001090281718
126722	0.009232285264
126723	0.00396031939
126724	0.002565044746
126725	0.002222553679
126726	0.0001877165286
126727	0.001480640349
126728	0.002255678054
126729	0.007116048892
126730	0.004092852487
126731	0.004768671041
126732	0.001559933104
126733	0.003112461561
126734	0.0006255878423
126735	0.0008230804979
126736	0.001424483414
126737	0.002767659567
126738	0.002579427967
126739	0.002022988791
126740	0.005672783882
126741	0.002763354281
126742	0.002436179077
126743	0.002444424931
126744	0.000583713022
126745	0.006291907189
126746	0.00180031817
126747	0.003777082665
126748	0.003434521671
126749	0.003157008041
126750	0.009753701469
126751	0.0007366160203
126752	0.001220393898
126753	0.004923800034
126754	0.004594970781
126755	0.00251478931
126756	0.006825543937
126757	0.003798233209
126758	0.001850244635
126759	0.0007602750007
126760	0.004704237652
126761	0.0005237419664
126762	0.002189407061
126763	0.004510524299
126764	0.004428546258
126765	0.005126402896
126766	0.0006865964892
126767	0.0004887748461
126768	0.002163970683
126769	0.007864498233
126770	0.001764063688
126771	0.008364751747
126772	0.004438396046
126773	0.006067323848
126774	0.007395895283
126775	0.00079537553
126776	0.002827021217
126777	0.0007580820608
126778	0.002525405717
126779	0.000733154244
126780	0.0007537082046
126781	0.00558554688
126782	0.0009891534357
126783	0.01125367237
126784	0.002266558554
126785	0.006807955153
126786	0.0009917573272
126787	0.003373556346
126788	0.003453534672
126789	0.003109293485
126790	0.004641603907
126791	0.004653953948
126792	0.0007510780837
126793	0.001874925789
126794	0.005361902415
126795	0.00254967322
126796	0.005037850929
126797	0.002911334697
126798	0.001450116875
126799	0.001326627744
126800	0.001249760718
126801	0.006513585513
126802	0.004545544476
126803	0.0009628232636
126804	0.0009286840225
126805	0.0002149727679
126806	0.005163013187
126807	0.0006810328392
126808	0.002959626187
126809	0.001776064788
126810	0.006914025324
126811	0.0008650849033
126812	0.001894193165
126813	0.004142770379
126814	0.002435077091
126815	0.00610212863
126816	0.001089360659
126817	0.001220001637
126818	0.006342358905
126819	0.001851601205
126820	0.0009881973459
126821	0.002816434468
126822	0.0001958919911
126823	0.001693297905
126824	0.001727130353
126825	0.002677016959
126826	0.002737575569
126827	0.001389128573
126828	0.0008488090331
126829	0.0005839909441
126830	0.0003272426626
126831	0.001670594254
126832	0.0001852407694
126833	8.253630279e-06
126834	0.003256375728
126835	0.0001770566445
126836	0.004489926431
126837	0.008841769937
126838	0.001776602083
126839	0.004698292404
126840	0.002262212858
126841	0.004321669492
126842	0.0006101280244
126843	0.00548529913
126844	0.005814005258
126845	0.01234644368
126846	0.00576460285
126847	0.0002318234467
126848	0.001384493409
126849	0.006390424593
126850	0.006752265775
126851	0.002975839379
126852	0.002194936857
126853	0.001701172385
126854	0.00458232878
126855	0.002853415739
126856	0.002299533953
126857	0.007114736118
126858	0.002821902568
126859	0.001581999367
126860	0.00505143255
126861	0.002121558071
126862	0.001471310734
126863	0.002613651893
126864	0.004674244365
126865	0.001134125298
126866	0.0006754882502
126867	0.0003818965838
126868	0.002357151314
126869	0.001428950373
126870	0.003453569332
126871	0.005101216887
126872	0.00797360291
126873	0.00250784291
126874	0.001250607809
126875	0.004838139356
126876	0.005070548999
126877	0.004256518527
126878	0.008131884463
126879	3.561041287e-05
126880	0.001065890264
126881	0.005220884219
126882	0.0004057705972
126883	0.0003703506881
126884	0.001619361681
126885	0.0005326460137
126886	0.0002682533693
126887	0.00610274899
126888	0.002007241347
126889	0.00160984319
126890	0.0005429878205
126891	0.002464391413
126892	0.003013631138
126893	0.0028098994
126894	0.001462018818
126895	0.0006575647319
126896	0.00355392688
126897	0.007256885316
126898	0.000166543329
126899	0.007882409542
126900	0.001709487717
126901	0.002935325161
126902	0.008210076584
126903	0.003978727252
126904	0.001710086573
126905	0.000931287768
126906	0.00117030551
126907	0.002555304385
126908	0.002608209312
126909	0.001375219886
126910	0.002438227085
126911	0.00186921891
126912	0.0009285494885
126913	0.002915703261
126914	0.004051976684
126915	0.002631854037
126916	0.005330016219
126917	0.003287092506
126918	0.003907146226
126919	0.0001958076703
126920	0.00570320899
126921	0.00169747904
126922	0.001169001209
126923	0.0008884683727
126924	0.001714201942
126925	0.0002042006119
126926	0.006000261815
126927	0.0001682067971
126928	0.002092010361
126929	0.0004001889288
126930	0.00510189407
126931	0.002547228375
126932	0.003359706509
126933	0.002152739777
126934	0.002018097597
126935	0.005305014394
126936	0.000357473727
126937	0.002390591817
126938	0.002312615076
126939	0.002801222843
126940	0.0002366663183
126941	0.003411122592
126942	0.002418929285
126943	0.001139888005
126944	0.002287158531
126945	0.002416399275
126946	0.0009966417983
126947	0.001349416949
126948	0.000733586752
126949	7.668866983e-05
126950	0.003734503274
126951	0.003964880904
126952	0.0009487516555
126953	0.000183806467
126954	0.003704112205
126955	0.007995465836
126956	0.0009716394642
126957	0.002080555224
126958	0.001703068544
126959	0.0007530964869
126960	0.003775354668
126961	0.0008932764572
126962	0.0001897247607
126963	0.0009498239592
126964	0.001130897216
126965	0.001125171476
126966	0.002545029807
126967	0.005113913991
126968	0.002932626762
126969	0.0029075272
126970	0.002887757985
126971	0.004300523502
126972	0.000545827594
126973	0.002423533361
126974	0.005196152998
126975	0.0003584258778
126976	0.001178087302
126977	0.001529279011
126978	0.0006192653137
126979	0.004168040488
126980	0.0009485403394
126981	0.002482598869
126982	8.556158015e-05
126983	0.002642203528
126984	0.0006916185968
126985	0.001326158356
126986	5.439949703e-05
126987	0.0003819412768
126988	0.001245746707
126989	0.0006867653646
126990	0.002159033672
126991	0.0003779242801
126992	0.002214574621
126993	0.003010206677
126994	0.002062878498
126995	0.01049156888
126996	0.002608508503
126997	0.0006781360651
126998	0.001681385245
126999	0.0001130667227
127000	0.003462245821
127001	0.001731422266
127002	0.004533175657
127003	0.003132768156
127004	0.004807033626
127005	0.002965034157
127006	0.00160714753
127007	0.0006678854228
127008	0.002015070324
127009	0.0012597226
127010	0.0002805043767
127011	0.0008215591559
127012	0.001449374736
127013	0.0008777087932
127014	0.001235130931
127015	0.001254514711
127016	0.0003666840914
127017	0.001638727586
127018	0.003093742362
127019	0.0001899496531
127020	0.0004514424532
127021	0.001627635219
127022	0.0006304681221
127023	0.002280618847
127024	0.001137381147
127025	9.210138525e-09
127026	4.605069258e-08
127027	0.001253775939
127028	0.00135871374
127029	0.001148805998
127030	0.003345984396
127031	4.683038762e-06
127032	0.002647485104
127033	0.0009372707165
127034	0.0001481043868
127035	0.001660757386
127036	0.004972866427
127037	0.003659070798
127038	0.002397222899
127039	0.0002478515232
127040	0.004983750447
127041	2.158678238e-05
127042	0.0004852946691
127043	0.001350730708
127044	0.0008633390785
127045	0.004721463983
127046	0.005465509658
127047	0.002996533587
127048	0.001190167727
127049	0.001900489876
127050	0.001858215538
127051	0.002809740493
127052	0.0007408141072
127053	0.0004366481656
127054	0.0004922851222
127055	0.002360320434
127056	0.001468695102
127057	0.001992186182
127058	0.001149809103
127059	0.004150722029
127060	0.0009557957514
127061	0.002382124908
127062	3.35430043e-05
127063	0.0009438878421
127064	0.002943506669
127065	0.003124380522
127066	0.0002570821818
127067	0.0001538508952
127068	0.002313568219
127069	7.720635253e-07
127070	0.003053308146
127071	0.005589179271
127072	0.001023871443
127073	0.000617481344
127074	0.0003154921118
127075	0.001455558814
127076	0.0002557034043
127077	0.002049824368
127078	0.0009368357277
127079	0.0008426442603
127080	0.002435808745
127081	0.001299442623
127082	0.00309342717
127083	0.00633621504
127084	0.0009754563914
127085	0.00115329747
127086	0.005772997483
127087	0.002654115148
127088	0.0002963220297
127089	0.0034395982
127090	0.0008365560094
127091	0.002145289211
127092	0.00359145154
127093	0.001060547325
127094	0.0008827536676
127095	0.0005651174222
127096	0.003269020637
127097	0.003408106281
127098	0.00451712902
127099	9.627898343e-05
127100	0.002787282808
127101	0.0004284685582
127102	0.001503720265
127103	0.003090692471
127104	0.000582521136
127105	0.004886679757
127106	0.001883784364
127107	0.001508682259
127108	0.002696958193
127109	0.001005716839
127110	0.001130415643
127111	1.50942398e-05
127112	0.004238321613
127113	0.001319677687
127114	0.005317894286
127115	0.00277688551
127116	0.005371410708
127117	0.001261318967
127118	0.004022509519
127119	0.001732337835
127120	0.001369294815
127121	0.002221323289
127122	0.0003397274892
127123	0.0006611037811
127124	0.002946786484
127125	0.000110530391
127126	0.002626887585
127127	0.0006270453562
127128	0.0006684507009
127129	0.003956980291
127130	0.0009480782857
127131	0.004210966696
127132	0.001366214041
127133	0.001107829212
127134	0.002197718575
127135	0.001210608108
127136	0.001824219546
127137	0.0007017915891
127138	0.003205675475
127139	0.00143782292
127140	0.001302337937
127141	0.0006628790717
127142	0.001456627792
127143	0.000793881283
127144	0.00101785911
127145	0.001402179208
127146	0.0009792458294
127147	0.004339601726
127148	0.0002759854856
127149	0.002704018099
127150	0.000647658377
127151	0.002008449225
127152	0.00067370618
127153	0.002776119241
127154	0.0006538890156
127155	0.002006206054
127156	0.007167871432
127157	0.001663961399
127158	0.0009092467092
127159	0.0003127766128
127160	0.0001411278945
127161	0.005958698502
127162	0.004702920151
127163	0.004737065865
127164	0.002685705721
127165	0.0007250333929
127166	0.006437385229
127167	0.0008888084427
127168	0.004131038937
127169	0.003146787255
127170	0.001900626864
127171	0.00233651657
127172	0.0001274372512
127173	9.118274572e-05
127174	0.001954887487
127175	0.0005295589086
127176	0.001674460577
127177	0.002843631112
127178	0.004575569967
127179	0.004789155538
127180	0.004409489187
127181	0.004545693137
127182	0.007432358269
127183	0.002501038283
127184	0.00110525837
127185	0.00915438563
127186	0.002724590758
127187	0.001033078312
127188	0.004632458496
127189	0.001527691972
127190	1.732781204e-05
127191	0.005692931736
127192	0.003361758147
127193	0.004779324656
127194	0.0001565153874
127195	0.005697004004
127196	0.000270750331
127197	0.009031081363
127198	0.0001064462638
127199	0.001677690495
127200	0.001104479806
127201	0.00030919545
127202	0.004934660314
127203	0.005010740879
127204	0.004061399557
127205	0.001342118874
127206	0.003232953418
127207	0.006783927699
127208	0.004476066942
127209	5.717222102e-05
127210	0.005376789833
127211	0.0002549094833
127212	0.003703144608
127213	0.004799123599
127214	0.001861975483
127215	0.001146019895
127216	0.001098012286
127217	0.0003847719221
127218	0.005201266322
127219	0.001724477686
127220	0.0001340388995
127221	0.001714980741
127222	0.001045225577
127223	0.002583410824
127224	0.0001706050132
127225	0.001503152747
127226	0.00125532145
127227	0.006787714848
127228	0.004584992369
127229	0.002316295668
127230	0.001222923288
127231	0.008872310456
127232	0.001334715811
127233	0.001114318513
127234	0.0007130377399
127235	0.0002992599845
127236	0.004463174706
127237	0.004640677982
127238	0.002765357772
127239	0.00247946523
127240	0.001062330328
127241	0.004683489199
127242	0.000483540675
127243	9.30467294e-05
127244	0.001596168042
127245	0.0008845035034
127246	0.004893364428
127247	0.0001748903193
127248	6.838091892e-05
127249	0.001516906538
127250	0.002215491547
127251	0.002721659012
127252	0.000273788657
127253	0.0005081334915
127254	6.565474637e-05
127255	0.0004547846979
127256	0.0001371959067
127257	0.002032794173
127258	0.003911449416
127259	0.004101963762
127260	0.005413027897
127261	0.0008933265844
127262	0.003491540727
127263	0.0004008085306
127264	0.004530866851
127265	0.004960584201
127266	0.001745167115
127267	0.001277729198
127268	0.0003571726694
127269	0.0007260978603
127270	0.0009160036056
127271	0.001852709738
127272	0.0002311397357
127273	0.001027251203
127274	0.001757943306
127275	0.0002421814945
127276	0.004011091944
127277	0.000327538388
127278	0.003799641974
127279	0.005485266907
127280	0.0002937751643
127281	0.0004331645764
127282	0.002061540571
127283	0.002132877619
127284	0.001358857033
127285	0.001307837927
127286	0.0001125801532
127287	0.002587150356
127288	0.001841383574
127289	0.0002853491704
127290	0.001421316477
127291	0.000850732497
127292	0.006327716505
127293	0.00202127109
127294	6.882432244e-05
127295	0.002305736241
127296	0.002278429503
127297	0.001411433128
127298	0.003325005481
127299	0.0004664466373
127300	0.002899054685
127301	4.823925331e-05
127302	0.003506967161
127303	0.0001930277989
127304	0.0008397155211
127305	0.001853915766
127306	0.0009770588934
127307	0.001544260754
127308	0.0005600131618
127309	0.003439027971
127310	0.0003018317194
127311	0.002059902234
127312	0.002827840496
127313	0.0006722690105
127314	0.0009210580473
127315	0.0004197610453
127316	0.006668762415
127317	0.002763577145
127318	0.0004096743472
127319	0.000307780679
127320	0.004065018499
127321	0.0008136681657
127322	0.002848462392
127323	0.001468938477
127324	0.000843511145
127325	0.004612950785
127326	0.004114797271
127327	0.0001494670116
127328	0.001466604734
127329	0.002599867598
127330	0.002198982333
127331	0.003864728571
127332	0.002945946426
127333	0.000183078849
127334	0.001929635736
127335	0.003764717787
127336	0.00126268302
127337	0.001158085346
127338	0.006026901936
127339	0.002008454111
127340	0.00011628388
127341	0.002296701158
127342	0.0005499367712
127343	0.004253541199
127344	0.003710154667
127345	0.0005933448557
127346	0.0009639769198
127347	0.003776624968
127348	0.001691612784
127349	0.0005271032284
127350	0.0001546135585
127351	0.002732147694
127352	0.001177058927
127353	0.003423027797
127354	0.0005904506774
127355	0.001506288051
127356	0.001241035013
127357	0.001275359862
127358	0.007671004374
127359	0.0008741382785
127360	0.004570098661
127361	0.001359100474
127362	0.0004392548278
127363	0.000596950145
127364	0.0016110939
127365	0.0005091100651
127366	0.0001446432741
127367	0.0005860240776
127368	0.001649706075
127369	0.0002616627444
127370	0.005903707309
127371	0.002199419178
127372	0.0005420468048
127373	0.002584450358
127374	0.0006622837913
127375	0.001902312944
127376	0.00109898111
127377	0.004349063736
127378	0.002097669576
127379	0.0007526725944
127380	0.00273643929
127381	0.000578703282
127382	0.0006609917362
127383	0.003863391742
127384	0.003860588325
127385	0.00676261036
127386	0.00371111442
127387	0.00432595698
127388	0.002227556163
127389	0.003115162934
127390	0.001108377426
127391	0.0004039033715
127392	0.005960191549
127393	0.0004927792125
127394	0.002326126777
127395	0.002027866052
127396	0.002162570061
127397	0.0003516125921
127398	0.002640299552
127399	0.001625577987
127400	0.003632597995
127401	0.005335773991
127402	0.004916927232
127403	0.002079476333
127404	0.0007208382343
127405	0.003347644212
127406	0.0001345052941
127407	0.0002554003563
127408	0.001667885347
127409	0.0004092248295
127410	0.001594661698
127411	0.0009551518162
127412	0.005222056462
127413	0.003489806756
127414	0.005927352386
127415	0.0003475384657
127416	0.001241233215
127417	0.002228027279
127418	0.001818728919
127419	0.0001211078431
127420	0.003212517064
127421	0.0009779222212
127422	0.003175011756
127423	0.0002525561676
127424	0.0007100663343
127425	8.710427868e-05
127426	0.0004979215628
127427	0.00187443505
127428	0.001359551074
127429	0.002223778858
127430	0.001670422334
127431	0.0005325732446
127432	0.0001659578625
127433	0.002948645191
127434	0.005436767591
127435	0.0001634700981
127436	0.001001690766
127437	0.00259611364
127438	0.001587811667
127439	0.0003345434444
127440	0.002735319221
127441	0.000222657038
127442	0.0004237668885
127443	0.0005731323961
127444	0.000458992754
127445	0.0001321730021
127446	0.0002116283925
127447	0.003498264885
127448	0.00288739575
127449	0.001596442994
127450	0.0002092089662
127451	0.002357493722
127452	0.001913820481
127453	0.00458680615
127454	0.0003648152472
127455	0.002444994177
127456	0.006574188557
127457	0.0003119203711
127458	0.003009316742
127459	4.296967809e-05
127460	0.001552560103
127461	0.002900631524
127462	0.001043035369
127463	0.003513717818
127464	0.004927323324
127465	0.002052138582
127466	0.0007276520997
127467	0.0005484515895
127468	0.002406516624
127469	0.002891793382
127470	0.003145329286
127471	0.0008913703614
127472	0.0003721750499
127473	0.0007753962931
127474	0.002997402065
127475	0.00250131837
127476	0.005318209361
127477	0.0003340175268
127478	0.001687806085
127479	0.0001575856977
127480	0.001058036327
127481	0.0004518491618
127482	0.000942527992
127483	0.00255325725
127484	0.005706503395
127485	0.0008287486356
127486	0.001210216416
127487	0.005612651555
127488	0.0002557206094
127489	0.003993436792
127490	0.002866999159
127491	0.0009111841956
127492	0.003197508999
127493	0.003355973641
127494	0.00334828121
127495	0.000162212901
127496	0.002767128563
127497	0.003405677659
127498	0.001853527677
127499	0.003733090065
127500	0.00602433456
127501	0.002329148541
127502	0.00177152711
127503	0.003896760292
127504	0.0009459761244
127505	0.002277924913
127506	0.003071833022
127507	0.0004710820447
127508	0.001500607082
127509	0.00518252952
127510	0.000928080672
127511	0.004522212249
127512	0.005215621301
127513	0.003665901775
127514	0.001234673153
127515	0.001851636473
127516	0.0003493110288
127517	1.748379076e-05
127518	0.0006608300203
127519	4.022959552e-05
127520	0.005039349113
127521	0.0002414846946
127522	0.003274667108
127523	0.0001719515156
127524	0.0006778240954
127525	9.739652838e-05
127526	0.002112830399
127527	0.0002153104482
127528	0.00256126783
127529	0.0008030652338
127530	0.001085918661
127531	0.0002859202741
127532	0.0009397184302
127533	0.0004439240977
127534	3.183663447e-05
127535	0.002734906607
127536	0.001149585197
127537	0.0008148181346
127538	0.004900085521
127539	0.002747985623
127540	0.0002079762438
127541	0.0009762605556
127542	0.001594668526
127543	0.00118766969
127544	0.001918489003
127545	0.002176242032
127546	0.00335896091
127547	0.007496119905
127548	0.0008435229263
127549	0.00587998248
127550	0.003569690551
127551	0.001602037907
127552	0.0008567133683
127553	0.001125474705
127554	0.003024026353
127555	0.0002480591344
127556	0.001201350269
127557	0.0007424381352
127558	0.006208144191
127559	0.0009052273333
127560	0.004230124053
127561	0.002883077179
127562	8.226469668e-05
127563	0.006678287474
127564	0.0004590047274
127565	0.001893148468
127566	0.001291193961
127567	0.002099848543
127568	0.0005178907548
127569	0.002400815839
127570	0.001333235965
127571	0.001882478322
127572	0.00340493814
127573	0.0002666997947
127574	0.001652987004
127575	0.0003745575991
127576	0.001997833552
127577	0.0008221386055
127578	0.000546899608
127579	0.0004893375139
127580	0.00249311995
127581	0.0005640810651
127582	0.001763579657
127583	0.002002211024
127584	0.004343862988
127585	0.0007181780273
127586	0.002387888164
127587	0.002417210443
127588	0.00202086309
127589	0.001048205046
127590	0.001730011062
127591	0.0008215986181
127592	0.0007093079479
127593	0.0008754714742
127594	0.003159832737
127595	0.002569626119
127596	0.002042225355
127597	8.166923819e-06
127598	0.002510440845
127599	0.004635457086
127600	0.005067396527
127601	0.00106835434
127602	0.001830093146
127603	0.001024469376
127604	0.001199315032
127605	0.001383657763
127606	0.00291217961
127607	0.002512000175
127608	0.002711301586
127609	0.002592749352
127610	0.001875953171
127611	0.001342791021
127612	0.001484342554
127613	0.001547211406
127614	5.684035801e-06
127615	0.00177679683
127616	0.003119754065
127617	0.001219416525
127618	0.000421652582
127619	0.0006928601815
127620	0.002094843496
127621	0.0008218424071
127622	0.001673130512
127623	0.0008691950475
127624	0.0002878211222
127625	0.001478454973
127626	0.001078305968
127627	0.002987010914
127628	0.002846899182
127629	0.0002425698288
127630	0.003163751854
127631	5.495344778e-07
127632	0.0006922910088
127633	0.001187461818
127634	0.00324189272
127635	0.0007692317358
127636	0.003040912073
127637	9.085623868e-05
127638	0.0004245787238
127639	0.0001868304307
127640	0.002430050731
127641	0.001660848869
127642	0.002222899898
127643	0.0002706195278
127644	0.003741440563
127645	0.002645054003
127646	0.003125415676
127647	0.001661481354
127648	0.00467122632
127649	0.0003399819257
127650	0.001307559111
127651	0.0003722472848
127652	0.005001224598
127653	0.001740687574
127654	0.0011468343
127655	0.003586014736
127656	0.0006439368927
127657	0.002233332349
127658	0.0007119099031
127659	0.0006292947151
127660	0.0009812624539
127661	0.002060449026
127662	0.002262702097
127663	0.004013376834
127664	0.001281496772
127665	0.004858358431
127666	0.002285290032
127667	0.004893038723
127668	0.002685120337
127669	0.001564937994
127670	0.001134238289
127671	0.003325153039
127672	0.003083985871
127673	0.0004428624864
127674	0.001623406698
127675	0.002618258197
127676	0.001531063917
127677	0.002166209379
127678	0.0008784892332
127679	0.001529225397
127680	0.002099591872
127681	0.002885535843
127682	0.004039720021
127683	0.003914695388
127684	0.0003694006017
127685	0.00152476523
127686	0.0003543259655
127687	0.002087549226
127688	0.0003253581125
127689	0.001130533549
127690	6.493055708e-05
127691	0.004043150949
127692	0.00164571423
127693	0.0006579146802
127694	0.0002517030743
127695	0.0005916131064
127696	0.001075643809
127697	0.0015770501
127698	0.001039936177
127699	0.0007844573585
127700	0.001920667843
127701	0.001784558028
127702	0.002288421175
127703	0.0003470315977
127704	0.0003730789525
127705	0.002789562466
127706	0.00128717741
127707	7.28360602e-05
127708	0.002229585782
127709	0.002595125012
127710	0.001903033702
127711	0.004305392913
127712	0.001725930011
127713	0.0009881313667
127714	0.0007245937649
127715	0.0001438582232
127716	0.0005522592675
127717	0.0008343450213
127718	0.0003682517342
127719	0.001565367786
127720	0.0003617058846
127721	0.001344774214
127722	0.0006994378185
127723	0.001256821788
127724	0.001637195109
127725	0.0002358322118
127726	0.001018162876
127727	0.0009677908836
127728	0.001274959523
127729	0.001224029121
127730	0.0004734626628
127731	0.004308500088
127732	0.002163868774
127733	0.003230013851
127734	0.004532773656
127735	0.004405298762
127736	0.0006972770533
127737	0.0006459483717
127738	3.38990304e-05
127739	0.0002556409327
127740	0.0003476314788
127741	6.454270116e-05
127742	0.001550100221
127743	0.0002887841603
127744	0.0003233663844
127745	0.0001911052378
127746	0.00225955935
127747	0.004256053618
127748	0.0002496297059
127749	0.0024935863
127750	0.0004378881461
127751	0.00304229101
127752	0.002187762688
127753	0.0006880235089
127754	0.0001525266228
127755	0.002875933798
127756	0.0003578677913
127757	0.00103811154
127758	0.0006614112872
127759	0.0002413996688
127760	5.833723942e-05
127761	0.001773933782
127762	0.0006167424816
127763	0.001363059617
127764	0.004837751746
127765	0.001672859712
127766	0.001673657654
127767	0.003462145872
127768	5.447399838e-05
127769	0.001542780741
127770	0.001279710452
127771	0.001110583336
127772	0.001581350745
127773	0.0002830299307
127774	0.0006814294043
127775	0.0001956165695
127776	0.001293994758
127777	0.0003502823002
127778	0.001681942158
127779	0.002696806003
127780	0.001985795376
127781	0.001490205364
127782	0.0006000972128
127783	4.015575138e-05
127784	0.002363532916
127785	7.451441461e-05
127786	0.002692808113
127787	0.0009287072385
127788	0.0005925122543
127789	0.001146811198
127790	6.871293235e-05
127791	0.0004974078304
127792	0.0005483080458
127793	0.0003117368692
127794	0.000768353839
127795	0.0009153524832
127796	0.0004735902217
127797	0.0007627117993
127798	0.0009267021182
127799	0.0001626043084
127800	0.0002327333477
127801	0.000510452479
127802	0.0005228512439
127803	0.0002145936762
127804	0.0009963834643
127805	0.0005320647007
127806	0.0004226856154
127807	0.0003635984712
127808	0.001085082194
127809	0.0001930837468
127810	0.0003794450628
127811	0.000638301172
127812	0.001002123795
127813	0.0001030345427
127814	0.0009097366899
127815	7.117727949e-05
127816	0.0006118004654
127817	0.0002430251997
127818	0.0006020774784
127819	0.0005224703731
127820	0.0003388418351
127821	0.0001306236655
127822	0.0002481512455
127823	0.0002896521974
127824	0.0004994884885
127825	0.002485183724
127826	0.0008134552389
127827	0.002124622218
127828	0.002189484478
127829	0.002090944367
127830	0.0004288036725
127831	0.0001235657591
127832	0.001242219001
127833	0.002981140728
127834	0.003024709117
127835	0.0006961837481
127836	0.0005484315072
127837	0.003591526895
127838	0.0008081616944
127839	0.0003827671889
127840	0.002450783188
127841	0.001511259362
127842	0.001049634751
127843	0.003784397718
127844	0.001571531939
127845	0.0001711804773
127846	0.00705416781
127847	0.001434713586
127848	0.002024046115
127849	0.004075156885
127850	0.004464984656
127851	0.001710811078
127852	0.0009723204796
127853	0.002920808837
127854	0.001716950144
127855	0.0007756002524
127856	0.004238051495
127857	0.0005332414892
127858	0.002879863218
127859	0.006013026729
127860	0.003827017469
127861	0.00306231503
127862	0.001720090915
127863	0.005200855718
127864	9.295656255e-05
127865	0.003699351951
127866	3.149767425e-05
127867	0.001999143125
127868	0.0004819903811
127869	0.0005161692138
127870	0.0008625006092
127871	0.001410438002
127872	5.738508152e-05
127873	0.001433819765
127874	0.0001639125692
127875	0.0008208989236
127876	0.001178317696
127877	0.000454782951
127878	0.003204641476
127879	0.000894473891
127880	4.151568747e-05
127881	0.000232442258
127882	0.001009717181
127883	0.0003525883438
127884	0.0007534823523
127885	0.0006149134144
127886	0.0004208285454
127887	0.000524623778
127888	0.000688927955
127889	0.0002776121405
127890	0.0002965150923
127891	0.0002676791647
127892	0.0003664110264
127893	0.0005709432557
127894	0.001154655069
127895	0.000619805246
127896	0.000388526421
127897	0.001072607332
127898	0.0001450613453
127899	0.0009498041355
127900	0.0005422520822
127901	0.000665516792
127902	5.13680727e-05
127903	0.0005381179501
127904	0.000555572911
127905	0.004476919347
127906	0.0005953294897
127907	0.0002910100819
127908	0.0004770369938
127909	0.0008297845637
127910	0.0003646902877
127911	0.001004731506
127912	0.0006873272566
127913	0.0005309253092
127914	0.0004026281532
127915	0.0002991362335
127916	4.353555305e-05
127917	0.0004110662686
127918	0.001064501036
127919	0.0005773697903
127920	0.0003894177179
127921	0.0004741176098
127922	0.002513853401
127923	0.00374868305
127924	0.0001443874854
127925	5.782606194e-05
127926	0.0005640283416
127927	0.002683154469
127928	0.0008640168771
127929	0.0008039527558
127930	0.0002051703591
127931	0.0004812767983
127932	4.996219395e-05
127933	0.0007551759903
127934	0.0008591774573
127935	0.0004093911684
127936	0.0001933898146
127937	0.0002428980424
127938	0.0003473087464
127939	0.0009002141448
127940	0.0006205761472
127941	0.0003167805083
127942	0.0005714498285
127943	0.0006815140199
127944	0.0003726196148
127945	0.0007816114317
127946	0.0006639034231
127947	0.0002739331723
127948	0.0008683064331
127949	0.0006425877091
127950	0.0007057686583
127951	0.001107974409
127952	0.0007733824311
127953	0.0006235918937
127954	0.0003894844901
127955	6.484798171e-06
127956	0.0007952378597
127957	0.0003832970691
127958	0.00106961372
127959	0.0005708692585
127960	0.0003815598113
127961	0.0007563096622
127962	0.0003930491511
127963	0.0003024037432
127964	0.0008595804446
127965	0.0008498008164
127966	0.0005032967834
127967	0.00106216211
127968	0.0003782208251
127969	0.0005239636831
127970	0.0004035152805
127971	0.0003630172138
127972	0.0007412665503
127973	0.0004038940727
127974	0.00106942866
127975	0.0004521461776
127976	0.0007617207922
127977	0.0002762517992
127978	0.0003451535984
127979	0.0003620405491
127980	0.0008608826659
127981	0.001542826511
127982	0.001915440253
127983	0.003035112717
127984	0.001068329699
127985	0.0006919361132
127986	0.004718986521
127987	0.006372198424
127988	0.001756006524
127989	0.001132213558
127990	0.001567831667
127991	0.005155393654
127992	0.001419135996
127993	0.001066305891
127994	4.06113532e-07
127995	0.0007924526133
127996	0.0001019216639
127997	0.004117397002
127998	0.001840644661
127999	2.656721162e-05
128000	8.490044101e-05
128001	0.004779385965
128002	0.0005566238753
128003	0.001913053508
128004	0.001750079804
128005	0.0007717293904
128006	0.0005072606871
128007	0.001300429499
128008	0.007931877477
128009	0.000710786609
128010	0.001666875428
128011	0.003435072478
128012	4.417956931e-05
128013	0.0001333986164
128014	0.002581552906
128015	0.00270606624
128016	0.0001617039235
128017	0.0007354482687
128018	0.0003178378728
128019	0.0003017622402
128020	0.0002666620272
128021	0.0001741610322
128022	0.0001343155527
128023	0.0001524872256
128024	0.0001701493402
128025	0.0001283216704
128026	0.0003185067084
128027	0.0001053985742
128028	0.000155334213
128029	0.000306070856
128030	0.0002434694547
128031	0.0001823738862
128032	0.0001757514951
128033	0.0001796092206
128034	0.0002109803033
128035	7.848227666e-05
128036	0.0001439365623
128037	0.0002891664456
128038	0.0002526918183
128039	0.0001431937059
128040	0.0001981750482
128041	0.0002283748453
128042	0.0002559630423
128043	0.0001947209285
128044	0.0001217929406
128045	0.0001747996658
128046	9.249714392e-05
128047	0.000194636866
128048	0.0001625152946
128049	0.0001476215098
128050	0.0002608889579
128051	0.0001585694713
128052	0.0001505721313
128053	9.357789986e-05
128054	0.000138365803
128055	0.0002957831413
128056	0.0002597876049
128057	0.0002812923983
128058	0.0001785333185
128059	0.0001968305858
128060	0.0001277034836
128061	0.003012875729
128062	0.002392760612
128063	0.001256383096
128064	0.0002649265118
128065	0.0002282325676
128066	0.0001974865085
128067	0.002366872073
128068	0.0003388220725
128069	0.0001276855086
128070	6.12874745e-05
128071	0.0001064328332
128072	0.0002756602579
128073	0.001067704146
128074	0.0002289339731
128075	0.000428946163
128076	0.0001646672019
128077	0.0001853868533
128078	0.002988038165
128079	0.004948554416
128080	1.094562806e-05
128081	0.0002259760873
128082	0.0002510981918
128083	0.0002325183057
128084	0.0002429415415
128085	7.833789428e-05
128086	0.0001516041229
128087	0.003245911341
128088	0.0004652712915
128089	0.0004046091648
128090	0.0001378398046
128091	0.0002820014871
128092	5.183115309e-05
128093	0.0002923375887
128094	0.0003036457194
128095	0.0001407345765
128096	0.0001897559303
128097	0.0001594127746
128098	0.000218113098
128099	0.005762648332
128100	0.0002755909607
128101	2.982166359e-05
128102	0.0003070100046
128103	0.0002257040904
128104	0.0003963426359
128105	0.0002317486852
128106	0.000339303993
128107	0.0002034519901
128108	0.0002081225027
128109	0.0005502075329
128110	0.0001006386013
128111	0.0001922283357
128112	0.0001556526777
128113	0.0002173495616
128114	0.0002128184832
128115	0.0003145025442
128116	0.0002346902977
128117	0.0002590254237
128118	0.0002038615664
128119	0.0002752679647
128120	0.0002141485519
128121	0.0003648437552
128122	0.0001762017547
128123	0.0001993732754
128124	0.0005549473475
128125	9.507446439e-05
128126	0.0002403230024
128127	0.0002413434777
128128	0.00030013171
128129	0.0003726963368
128130	0.0004328947647
128131	0.0001375532447
128132	0.000255877674
128133	0.0007470392048
128134	0.0001922934422
128135	0.0003624475376
128136	0.0001219050535
128137	0.0001348781902
128138	0.0002244870286
128139	0.0001896695716
128140	0.0001413349092
128141	0.0002369623739
128142	0.0001371685907
128143	0.0002130697169
128144	0.0002394532864
128145	0.0001505406837
128146	0.0002443527131
128147	0.0002837202077
128148	0.0001873534947
128149	0.0001801996495
128150	0.0001509298722
128151	0.0001623880801
128152	0.0003717725148
128153	0.0001299941106
128154	0.0001466622537
128155	0.0002084064796
128156	0.0002287330638
128157	0.0002521176227
128158	0.0001392465586
128159	7.586623222e-05
128160	0.0001084915714
128161	0.0001859990999
128162	0.0002298248618
128163	8.512204985e-05
128164	0.0005005193545
128165	0.0003136836617
128166	0.000590691954
128167	0.0002097803184
128168	0.0001663261751
128169	0.002985313258
128170	0.000227995992
128171	0.0002225473904
128172	0.000176042464
128173	0.0001345299407
128174	0.0002205029778
128175	0.0001821138017
128176	0.006430804764
128177	0.0006897194723
128178	0.003824239573
128179	2.107309953e-05
128180	0.00235774816
128181	0.006862469757
128182	0.002965167326
128183	0.004741035927
128184	0.0001264966081
128185	3.971177257e-05
128186	0.0001127949723
128187	0.0002221371087
128188	0.0003115859012
128189	0.0001686280026
128190	0.0002111654796
128191	0.0003987347441
128192	0.003766370093
128193	0.0002132081556
128194	0.005445175347
128195	0.00192647234
128196	0.00398283852
128197	0.00635205499
128198	0.001519976927
128199	0.006377438346
128200	0.005054386168
128201	0.002865826497
128202	0.0005584436869
128203	0.0005498977344
128204	0.003222216164
128205	0.001900306543
128206	0.001615195967
128207	0.009347007257
128208	0.004633181991
128209	0.0003726572019
128210	0.001406442909
128211	0.002171033402
128212	0.002176032161
128213	0.003667575404
128214	0.00175218268
128215	0.002988557219
128216	0.001182570175
128217	0.007582731222
128218	0.0008009591482
128219	0.003041394212
128220	0.00294710656
128221	0.001934396047
128222	0.002132076249
128223	0.001860065861
128224	0.001584215038
128225	0.0006225067525
128226	0.0005096916019
128227	0.002827191214
128228	0.005484587767
128229	0.001456018142
128230	0.0003498450587
128231	0.003974758803
128232	0.002995448177
128233	0.001454955143
128234	0.008543275336
128235	0.0002773172559
128236	0.001532322285
128237	0.001335105644
128238	0.001286528401
128239	0.00266961534
128240	0.001556290828
128241	0.0002909845039
128242	0.005033731957
128243	0.002819460329
128244	0.001160273136
128245	0.004076226261
128246	0.004576169794
128247	2.198059353e-05
128248	0.003553674772
128249	0.003932145472
128250	0.001104368319
128251	0.000368432283
128252	0.002023322935
128253	0.0008351375022
128254	0.0009540684399
128255	0.001525915665
128256	0.001778140634
128257	0.001505353879
128258	0.0061822694
128259	0.001602231169
128260	0.005007199621
128261	0.002708387296
128262	0.0007690583459
128263	0.002017690381
128264	0.002113186154
128265	0.001623639004
128266	0.0006449144356
128267	0.0013533432
128268	0.004034086929
128269	0.0006222922753
128270	0.001500611801
128271	0.003657987572
128272	0.004179197862
128273	0.0001112094125
128274	0.001219062772
128275	0.003498487521
128276	0.004446844824
128277	0.0007923946016
128278	0.00198393454
128279	0.000453707377
128280	0.003106445649
128281	0.004368737817
128282	0.003882540708
128283	0.0004654812394
128284	0.00126772953
128285	0.001458726521
128286	0.0006283359612
128287	0.008973768833
128288	0.003389580685
128289	0.001056136709
128290	0.002685341208
128291	0.002955923879
128292	0.000432583284
128293	0.001689400069
128294	0.005315707523
128295	0.0006658656234
128296	0.0007143654523
128297	0.002507361328
128298	0.0001226669216
128299	0.0001601287891
128300	0.0005521827213
128301	0.001326834986
128302	0.004162766762
128303	0.0007382930563
128304	0.006554188185
128305	0.001605444686
128306	0.00615433094
128307	0.006244312193
128308	0.002366670829
128309	0.003276218872
128310	0.0009509390971
128311	0.000997504745
128312	0.000848751905
128313	0.007054536385
128314	0.001636792506
128315	0.003167394972
128316	0.0006678984156
128317	0.004482591582
128318	0.002773568779
128319	0.001737196101
128320	0.003006488441
128321	0.0004859195234
128322	0.0003374625314
128323	0.005395349543
128324	0.002268331347
128325	0.006224868409
128326	0.003506246653
128327	0.001668065582
128328	0.0005841418336
128329	0.00207739726
128330	0.005811373506
128331	0.004405491523
128332	0.0006548799783
128333	0.004997660591
128334	0.006696533937
128335	0.003963882332
128336	0.001677100547
128337	1.38506801e-05
128338	0.004214753155
128339	0.001278922982
128340	0.0008315560689
128341	0.004575319149
128342	0.006152860004
128343	0.0005601113017
128344	0.002190927721
128345	0.0008970658951
128346	0.002559825138
128347	0.000252291838
128348	0.001276281155
128349	0.005039698314
128350	0.0002909235288
128351	0.002942852017
128352	0.0005867998384
128353	0.0001321224629
128354	0.0002600919791
128355	0.0004789225106
128356	4.581256902e-05
128357	0.001585677988
128358	0.002111837026
128359	0.002841668687
128360	0.001783477381
128361	0.004878549092
128362	0.0007272557232
128363	0.002593239964
128364	0.001280161632
128365	0.0004594067571
128366	0.002378504834
128367	0.002944819443
128368	0.00136063597
128369	0.0005225575889
128370	0.003315508868
128371	0.004370827505
128372	0.0008983888093
128373	0.001952942383
128374	0.002125081597
128375	0.001344882799
128376	0.0006964038929
128377	0.001406913912
128378	0.0002026015059
128379	0.001081742211
128380	0.001962387146
128381	0.001819702798
128382	0.001023088666
128383	0.004464068728
128384	0.002059362989
128385	0.00485940124
128386	0.0007754407738
128387	1.686238225e-05
128388	0.00337606344
128389	0.00293144385
128390	0.001140225137
128391	0.000390408242
128392	0.003897022111
128393	0.001494756809
128394	0.001630512879
128395	0.00291646667
128396	0.003130220391
128397	0.001408979082
128398	0.0003701838094
128399	0.001206445469
128400	0.002637034919
128401	0.001284738497
128402	0.004462460388
128403	0.001858102847
128404	0.005670639084
128405	0.005342880063
128406	0.0003649452295
128407	0.002075223261
128408	0.0009636157876
128409	0.001111243129
128410	0.00047055561
128411	0.002898117158
128412	0.0004816263021
128413	0.001081477623
128414	0.0003810964404
128415	0.0008452764394
128416	6.567042993e-05
128417	0.00294197283
128418	0.000114052069
128419	4.705061166e-05
128420	0.00384237778
128421	7.306310465e-06
128422	0.001471434725
128423	0.008874720339
128424	0.002772317423
128425	0.002319671246
128426	0.001193081688
128427	0.001110491529
128428	0.0005922900111
128429	0.0002588956392
128430	0.003200430385
128431	0.003490001918
128432	0.0008783538889
128433	0.00127961772
128434	0.002272417182
128435	0.007539260722
128436	0.002580593866
128437	0.004086347019
128438	0.0006187091753
128439	0.0006389196155
128440	0.001268218751
128441	0.003449928582
128442	0.00411434156
128443	0.004819613051
128444	0.002218058631
128445	0.002456224021
128446	0.002231607876
128447	0.0009322664169
128448	0.0008409415991
128449	0.001148729828
128450	0.003167099759
128451	0.0003859725194
128452	0.005314554128
128453	0.002404646468
128454	0.0005173451616
128455	0.001974708368
128456	0.002553847715
128457	0.003239549393
128458	0.000856299237
128459	0.002715556878
128460	0.004889040611
128461	0.004947440284
128462	0.003757326777
128463	0.002252911038
128464	0.00255384123
128465	0.003371518479
128466	0.0001392767032
128467	0.0004542389061
128468	9.905014211e-06
128469	0.001117455586
128470	0.003699410623
128471	0.004037455267
128472	0.002942376404
128473	0.0002799732409
128474	0.000419159005
128475	0.002001930677
128476	0.004347542809
128477	0.0008054443887
128478	0.0010159327
128479	0.001514023459
128480	0.0005608768819
128481	0.001669653132
128482	0.002960770282
128483	0.0003191118232
128484	0.001594302197
128485	0.002086329107
128486	0.00345584193
128487	0.003772227831
128488	0.00110970786
128489	0.0004687302886
128490	0.0003351109663
128491	6.985963498e-05
128492	0.003053141201
128493	0.003915018326
128494	0.001733564952
128495	0.000115481143
128496	0.002263932235
128497	0.002440642334
128498	0.002487213453
128499	0.001363002708
128500	0.004784225373
128501	0.003215789042
128502	0.002878471915
128503	0.00353129753
128504	0.001475840116
128505	0.002028539267
128506	0.0004711143259
128507	0.002121045212
128508	0.003173418548
128509	0.005406404893
128510	0.0007138718227
128511	0.002197755441
128512	0.003815504893
128513	0.006403537091
128514	0.00198421985
128515	0.001389883129
128516	0.001523315521
128517	0.0001629786743
128518	0.00172628744
128519	0.001561555139
128520	0.0004819196429
128521	0.0001691946338
128522	0.001364879628
128523	0.002477311913
128524	0.003577889342
128525	0.001286623248
128526	9.210138492e-08
128527	0.003615711838
128528	0.001793093771
128529	0.001946944542
128530	0.0005391483668
128531	0.003726846011
128532	0.002771957768
128533	0.0007539864196
128534	0.0003346179224
128535	0.004085411588
128536	0.005388735938
128537	0.004834437632
128538	8.014638349e-06
128539	0.001041720835
128540	0.00102539788
128541	0.002305047955
128542	0.002217204273
128543	0.001670883079
128544	0.001337696732
128545	0.00268554086
128546	0.0009226741575
128547	6.477851943e-05
128548	0.005681459114
128549	0.0008845635942
128550	1.230037695e-05
128551	0.004148487607
128552	0.00200166188
128553	0.002632922009
128554	0.003242543166
128555	0.005221416176
128556	0.004566910178
128557	0.001986301423
128558	0.0004612251931
128559	0.005354744101
128560	0.0006543994893
128561	0.0007330013471
128562	0.003651793159
128563	0.001231616812
128564	0.001034518229
128565	0.0004430711095
128566	0.002119088116
128567	6.060959398e-05
128568	0.0005893973512
128569	0.0005802841131
128570	0.00130408379
128571	0.001222084248
128572	0.001694644558
128573	0.0001257054168
128574	0.002567664869
128575	0.001877497918
128576	0.003440002737
128577	0.009255657927
128578	0.000888209488
128579	0.003211577945
128580	0.002077796294
128581	0.001347424459
128582	0.0007041018719
128583	0.0004441778231
128584	0.0001878072725
128585	0.001650891082
128586	0.001690565089
128587	0.001180207657
128588	0.001628452844
128589	0.002071686861
128590	0.0001817638001
128591	0.001327210412
128592	1.068402986e-05
128593	0.0003515492627
128594	0.0001065228826
128595	0.0004589228947
128596	0.0008133109522
128597	0.0005731222017
128598	0.004370897644
128599	0.000648483038
128600	0.001249433852
128601	0.0001532744778
128602	0.000335583698
128603	0.002883159057
128604	0.002092185514
128605	0.002368576525
128606	0.004219526053
128607	0.002721301366
128608	0.001637046815
128609	0.002654742914
128610	0.002582115368
128611	0.004098294081
128612	0.004357333109
128613	0.003079219105
128614	0.00391519057
128615	0.004623828237
128616	0.003894258861
128617	0.001845853738
128618	0.001477303368
128619	8.220342483e-05
128620	0.0001874650373
128621	0.0008519438386
128622	0.0004776567231
128623	0.004588753685
128624	2.164588607e-05
128625	0.0001122586187
128626	0.000439321927
128627	0.001829877457
128628	0.004448240086
128629	0.0008202959198
128630	0.002293210017
128631	0.002659921981
128632	0.00172845126
128633	0.003718496992
128634	0.001880786656
128635	0.0009687191232
128636	0.005768447452
128637	0.004002753542
128638	0.005376852992
128639	0.006742380729
128640	0.006865236236
128641	0.005953367748
128642	0.007033514869
128643	0.001133661753
128644	0.004916608574
128645	0.003197365119
128646	0.002730204471
128647	0.004622566664
128648	0.001843486772
128649	0.006172472018
128650	0.003398351405
128651	0.008613047491
128652	0.00624261053
128653	0.001735206218
128654	0.002296910363
128655	0.004404909574
128656	0.00212716694
128657	0.0006192947277
128658	0.0004513356542
128659	0.001970179191
128660	0.001131287614
128661	0.00151486363
128662	0.00564810103
128663	0.002125624465
128664	0.003486759233
128665	0.0006461024215
128666	6.284145218e-05
128667	0.00205789589
128668	0.0005340959944
128669	0.002829403327
128670	0.004019610359
128671	0.001155481861
128672	0.00543235044
128673	0.002871989565
128674	0.002578758172
128675	0.003479378733
128676	0.002552927695
128677	0.007230574502
128678	0.004076838495
128679	0.002210972092
128680	0.0005888282385
128681	0.002914013246
128682	0.004327244829
128683	0.00278103482
128684	0.002211353869
128685	0.001222167747
128686	0.002846433966
128687	0.001960947992
128688	0.002234495775
128689	0.000176301618
128690	0.00172730589
128691	0.004176995092
128692	0.001225304889
128693	0.0006184809301
128694	0.0003038151323
128695	0.001510285311
128696	0.003448827667
128697	0.0004019946239
128698	0.003843835554
128699	0.006362647827
128700	1.252763869e-05
128701	0.001977742814
128702	0.007002021396
128703	0.00254925129
128704	0.001822221513
128705	0.0003157095131
128706	0.000927703281
128707	0.0001257723869
128708	0.002483223558
128709	0.0003379499347
128710	0.0002604826726
128711	0.004244693363
128712	0.0008713617017
128713	0.005654184549
128714	0.0009090811283
128715	0.003333200989
128716	0.0008094793014
128717	0.0009833857665
128718	0.003189211099
128719	0.004193218253
128720	0.0004711372004
128721	0.0001059851351
128722	0.00283332893
128723	0.001193467526
128724	0.003272438244
128725	0.002149760612
128726	0.0005157617498
128727	0.001482929853
128728	0.001812772248
128729	0.001230892353
128730	0.002568031941
128731	0.00303490343
128732	0.006493853596
128733	0.003656823483
128734	0.007553392785
128735	0.001329284517
128736	0.00676506214
128737	0.005616866993
128738	8.979780714e-05
128739	0.00591190081
128740	0.004395260828
128741	0.002799815847
128742	0.00667953313
128743	0.007717402924
128744	0.007662758412
128745	0.005387557695
128746	0.007526216502
128747	0.005188230238
128748	0.004518410836
128749	0.007526795279
128750	0.003862296667
128751	0.0005100582219
128752	0.006328097884
128753	0.003235630579
128754	0.006747934219
128755	0.0002020848626
128756	0.0001424129811
128757	0.000233181144
128758	0.000773967223
128759	0.0001737436898
128760	0.001407263315
128761	0.001402315235
128762	0.003215000392
128763	0.001760150887
128764	0.001112658827
128765	0.0001266259687
128766	0.001476343802
128767	0.000984401862
128768	0.0009090096394
128769	0.002368973131
128770	0.0008310946936
128771	0.004966198105
128772	0.003790432541
128773	0.0006921463208
128774	0.001292230616
128775	0.001280339927
128776	0.00156722724
128777	0.0004102967515
128778	0.001437234883
128779	0.005036630033
128780	0.006499588555
128781	0.000424616174
128782	0.002395149164
128783	0.001940586775
128784	0.002666851591
128785	0.0003609990352
128786	0.002596328591
128787	0.004977318364
128788	0.0009665147373
128789	0.00415488207
128790	0.0006103098433
128791	0.003096447928
128792	0.003085150681
128793	0.006715997296
128794	0.00203414475
128795	0.0006786532428
128796	0.005212239481
128797	0.002680593281
128798	0.002542104501
128799	0.0004012219062
128800	0.0027740159
128801	0.003958253885
128802	0.003992633543
128803	0.002834483599
128804	0.003715637399
128805	0.0001604821807
128806	0.005100862923
128807	0.002650447466
128808	0.00155307676
128809	0.004455440326
128810	0.0008017903108
128811	0.002549040293
128812	1.850977243e-06
128813	0.001383100915
128814	0.002143091302
128815	0.003553414192
128816	0.0005254668896
128817	0.00549983755
128818	0.0004087428833
128819	0.002436515762
128820	0.0004170827855
128821	0.004357076838
128822	0.0010393385
128823	0.004675505116
128824	0.005190452047
128825	0.006879477115
128826	0.001010606221
128827	0.002939742046
128828	0.003074958107
128829	0.002719339139
128830	0.0003435627253
128831	0.003413345457
128832	0.002332721745
128833	0.0009828984233
128834	0.003218112204
128835	0.0057408974
128836	0.001109813619
128837	0.004634004742
128838	0.0043661232
128839	0.00208640231
128840	0.00229719811
128841	7.165391368e-05
128842	0.00100985479
128843	0.003039760768
128844	0.001444630036
128845	0.005718999835
128846	0.002692092734
128847	0.0002425319174
128848	0.006890423174
128849	6.96765081e-05
128850	0.0003737299351
128851	0.001799358407
128852	0.001244873561
128853	0.002368576493
128854	0.005966693211
128855	0.00371864298
128856	0.0004272722234
128857	0.002304632524
128858	0.001732436296
128859	0.0008370365986
128860	0.0009668252758
128861	0.003126759783
128862	0.00168406831
128863	0.0001141763011
128864	0.003526364509
128865	0.0003666412572
128866	0.001781199914
128867	0.006287294909
128868	0.001971725206
128869	0.002483368226
128870	0.003555466828
128871	0.00443287169
128872	0.005904386707
128873	0.0013512574
128874	3.24580044e-05
128875	0.0005568086724
128876	0.001384477554
128877	0.0003929448633
128878	0.00287293254
128879	0.002158837801
128880	0.000900216429
128881	0.0005230995969
128882	0.0008469113825
128883	0.001835801341
128884	0.001500817351
128885	0.00107363526
128886	4.224745691e-06
128887	0.001072435588
128888	0.004893992609
128889	0.0002283134057
128890	0.002298326898
128891	0.003883254111
128892	0.004827275716
128893	0.0009401225654
128894	0.001082822415
128895	0.001583378475
128896	0.0002919760579
128897	0.0008139256893
128898	0.000848959798
128899	0.002469203009
128900	2.710623031e-07
128901	0.002741888245
128902	0.004628711649
128903	7.681222768e-05
128904	0.003763963931
128905	0.0009868049446
128906	0.001546185814
128907	0.0052727692
128908	0.0005571842644
128909	0.005386227529
128910	0.006026858188
128911	0.005139201764
128912	0.0002078363278
128913	0.0014240527
128914	0.0008475580197
128915	0.002087029182
128916	0.004764506689
128917	3.791097162e-05
128918	0.0002295724861
128919	0.001300075358
128920	0.00158165376
128921	0.002657259164
128922	0.001206692682
128923	1.452720225e-05
128924	0.002550225763
128925	0.003097913034
128926	0.001286319546
128927	0
128928	0.001967666497
128929	0.002294022977
128930	0.0002968274699
128931	0.0005522380007
128932	0.0008324654744
128933	0.0004195301112
128934	0.0004589682272
128935	0.003913427903
128936	0.004611806908
128937	0.0004146346625
128938	0.003080923068
128939	0.005820909906
128940	0.0004782978055
128941	0.0006846946785
128942	0.0007286080246
128943	0.003823078803
128944	0.0009910410879
128945	0.0003412173568
128946	0.00127369427
128947	0.002592395471
128948	0.004303393548
128949	0.003547063743
128950	0.001519744593
128951	0.001438467853
128952	0.000610741537
128953	0.003390571439
128954	0.00314246176
128955	0.00299356552
128956	0.001731802213
128957	0.001847569052
128958	0.001348226148
128959	0.0002025905871
128960	0.001584060397
128961	0.0008226245263
128962	0.001505895138
128963	0.001014385886
128964	0.003747263558
128965	0.002371456693
128966	0.001241463087
128967	0.0006520522001
128968	0.001690601073
128969	0.0001548065166
128970	0.001351803688
128971	0.002323263598
128972	0.0005145907008
128973	0.001645438774
128974	0.0006170878337
128975	0.0001517802925
128976	0.0002295310323
128977	0.0006088874538
128978	0.0005172638345
128979	0.0005178317935
128980	0.0001992685998
128981	0.005912149247
128982	0.0008142915359
128983	0.005780151139
128984	0.002163312274
128985	0.002798064351
128986	0.001469134309
128987	0.001817822138
128988	0.0004918502199
128989	0.002327084072
128990	0.003192960794
128991	0.001332665756
128992	0.00171890778
128993	0.0001635848099
128994	7.674580008e-05
128995	0.01233064448
128996	0.003582063032
128997	0.005117844281
128998	0.003789476997
128999	0.001988054505
129000	0.003026522428
129001	0.001691330477
129002	0.001161858263
129003	0.00147053555
129004	0.003782560632
129005	0.0007374739999
129006	0.0008781426347
129007	0.00394385383
129008	0.0003939085906
129009	0.001496283525
129010	0.0003332285244
129011	0.003907335577
129012	0.001985296001
129013	0.0001653382314
129014	0.004435254473
129015	0.002402755993
129016	0.0006091485716
129017	0.001989526527
129018	0.0004601395148
129019	0.003701169522
129020	0.005270670216
129021	0.0003148603575
129022	0.007158802505
129023	0.0007132718123
129024	0.0006104772747
129025	0.0008784755759
129026	0.0007104284863
129027	0.000657456605
129028	0.001386134648
129029	0.004136718944
129030	0.003197782756
129031	0.002049771429
129032	0.003105296954
129033	0.0008349317385
129034	0.001139011053
129035	3.239946706e-06
129036	0.001700879204
129037	7.340268913e-07
129038	0.0007499852826
129039	0.004013200943
129040	0.0004979569277
129041	0.0001329150267
129042	0.001743280917
129043	0.0002024776372
129044	0.001112857316
129045	0.002827827551
129046	1.40959934e-05
129047	0.0009628554196
129048	0.003803853202
129049	5.793295772e-05
129050	0.004520284109
129051	0.002276858074
129052	0.001046947462
129053	0.004542803786
129054	0.006347876817
129055	0.005738310606
129056	0.001632546308
129057	0.00546716756
129058	7.157163933e-05
129059	0.0005013328541
129060	0.002272658155
129061	0.004347061789
129062	0.001650858761
129063	0.0007041547196
129064	0.002542870812
129065	0.0006515220948
129066	0.001159519494
129067	0.0001380071749
129068	0.00133294752
129069	0.003827950928
129070	8.588362011e-05
129071	0.0003960622841
129072	0.0002067062385
129073	0.001334117798
129074	0.001120152176
129075	0.00362473217
129076	0.0002802499821
129077	0.002592805189
129078	0.0002888454618
129079	0.002016703773
129080	0.003183172336
129081	0.001737016808
129082	0.002859251794
129083	0.004904665558
129084	0.002035467375
129085	0.0005517234084
129086	0.0008423655111
129087	0.004213067451
129088	0.0009325024246
129089	0.004922297768
129090	0.001538654247
129091	0.0001417087052
129092	8.012193215e-05
129093	0.0002153145684
129094	0.003081496973
129095	0.001167442322
129096	0.00378216534
129097	0.002386149594
129098	0.0008360697365
129099	0.004725304441
129100	0.002245282511
129101	0.005768586692
129102	0.0018896623
129103	0.000205894277
129104	0.002881230192
129105	6.965757195e-05
129106	0.0007247736717
129107	0.001270098702
129108	0.006897408346
129109	0.001666096719
129110	0.002232830861
129111	0.001238817373
129112	0.002552274544
129113	0.0004544526142
129114	0.003917065051
129115	0.0001680046353
129116	0.0007527538465
129117	0.007312635316
129118	0.009133208271
129119	0.001088057828
129120	0.002564398453
129121	0.004222150078
129122	0.001200789785
129123	0.0004133945547
129124	0.0004573809669
129125	0.004683256229
129126	0.000846876859
129127	0.0004292138679
129128	0.0004588538744
129129	0.003784757233
129130	0.002981135638
129131	3.810605753e-05
129132	0.004535418415
129133	0.00319296461
129134	0.002252716264
129135	0.004062267779
129136	0.000783347505
129137	0.003742140366
129138	0.001989649475
129139	0.0004951029451
129140	7.639987214e-05
129141	5.838157198e-05
129142	0.0006965785767
129143	0.002054656145
129144	0.003692901637
129145	0.0008723705181
129146	0.003710513577
129147	0.001016871153
129148	0.00137934598
129149	0.000325242058
129150	0.001506812703
129151	0.002655092131
129152	0.002770405013
129153	0.002259032609
129154	2.456036939e-07
129155	0.0004242095134
129156	0.002063228737
129157	0.0001859376416
129158	0.0029912602
129159	0.003520751494
129160	0.001295714899
129161	0.0007600240785
129162	0.00180273784
129163	0.002781243448
129164	0.002073598846
129165	0.0007867659067
129166	6.148870298e-05
129167	0.0004660318008
129168	0.001469978416
129169	0.004805019185
129170	0.001419515339
129171	2.078776626e-05
129172	0.002220873003
129173	0.001335257251
129174	0.002714159086
129175	0.002617864407
129176	0.0006449983425
129177	0.003228425762
129178	0.0009181269296
129179	0.0005256581819
129180	0.002521285042
129181	0.0001214274601
129182	0.0008151077609
129183	0.002771554592
129184	0.005523409371
129185	0.001683955666
129186	0.003952973407
129187	0.0001892586218
129188	0.001649883844
129189	0.004342622758
129190	0.0001677972127
129191	0.004402730622
129192	0.004351078294
129193	0.002113819068
129194	0.002390856971
129195	0.0006518783456
129196	0.0001196118844
129197	0.000196805446
129198	0.0006026586429
129199	0.003291923524
129200	0.0004070542935
129201	0.001457311219
129202	0.0009187268798
129203	0.001485922363
129204	0.003531131888
129205	0.0002240800923
129206	0.001440418337
129207	0.001211998799
129208	0.001427243612
129209	0.0007430852146
129210	0.002711589774
129211	0.0004367473745
129212	0.0003898576876
129213	0.001721397091
129214	0.002148389634
129215	0.001555810651
129216	6.146539634e-05
129217	0.002089200622
129218	0.0004840586671
129219	0.0008068369159
129220	0.006077108195
129221	0.0003347565867
129222	0.002223519528
129223	0.0001882580686
129224	0.00203574276
129225	0.00244751764
129226	0.0002150298124
129227	0.0003685730319
129228	0.0008673567461
129229	0.0001066053407
129230	0.00759342375
129231	0.002758971841
129232	0.0009164625886
129233	0.004065977638
129234	0.002159011622
129235	0.0008788054948
129236	0.0002789242433
129237	0.0008140074205
129238	0.001161963269
129239	0.001471174571
129240	0.0004700292215
129241	0.0005677649984
129242	0.003785689081
129243	0.004364777509
129244	0.002359809914
129245	0.002853367371
129246	0.001894209861
129247	0.001335211811
129248	0.0006536323966
129249	0.0005280430938
129250	0.0006209475007
129251	0.0003458023522
129252	0.002707197529
129253	0.0008155359513
129254	0.004446057454
129255	0.001785433831
129256	0.00277849741
129257	0.004361753183
129258	0.001141738816
129259	0.007849028348
129260	0.001896671208
129261	0.001383123448
129262	0.004786546648
129263	0.006189848579
129264	0.0001648617162
129265	0.00597353602
129266	5.019699211e-05
129267	0.0004209016609
129268	0.002614703619
129269	0.0005338783459
129270	0.0006711087769
129271	0.001226980752
129272	0.003043247072
129273	0.004654401371
129274	0.0002733006255
129275	0.000147284249
129276	0.0003236884357
129277	0.003394131947
129278	3.791022328e-05
129279	0.00226630317
129280	0.001385547769
129281	0.003701396776
129282	0.002822525142
129283	0.0007648969425
129284	0.002793896013
129285	0.000507314794
129286	0.004229879174
129287	0.008264858012
129288	0
129289	0.0005388223936
129290	0.002328469192
129291	0.004826755912
129292	0.004123161073
129293	0.002803366394
129294	0.003041669252
129295	0.001501662269
129296	0.008027274389
129297	0.0002386106475
129298	0.002613352188
129299	0.001945612685
129300	0.002012498044
129301	0.0005770214404
129302	0.004607802315
129303	0.0004100463873
129304	0.00622400938
129305	0.00168771383
129306	0.0005446111922
129307	0.003050663297
129308	0.0006654189663
129309	0.003364696925
129310	4.346048778e-05
129311	0.001103864627
129312	0.002135501311
129313	0.001997064048
129314	0.004835005156
129315	0.005098214965
129316	0.0009885508929
129317	0.003029103836
129318	0.001443818652
129319	0.005392531462
129320	0.002960064952
129321	0.006941705897
129322	0.0003246016808
129323	0.0001625145707
129324	0.004098245521
129325	0.007118161199
129326	0.01067026539
129327	0.001243211202
129328	0.001258391752
129329	0.001137892241
129330	0.0008448636225
129331	0.006360787432
129332	0.004207939444
129333	0.001614800035
129334	0.002742047578
129335	0.003607481961
129336	0.003214529738
129337	0.0004403631529
129338	0.0001120982985
129339	0.0007955915255
129340	0.001291975486
129341	0.002092062393
129342	0.0006244866106
129343	0.001256347426
129344	0.004688339059
129345	0.001632454254
129346	0.00216927795
129347	0.002280893288
129348	0.001691497244
129349	0.00278918087
129350	0.005399371634
129351	0.0002911595693
129352	0.0005615523566
129353	0.001954639841
129354	0.007240582103
129355	0.003181690159
129356	0.004054039688
129357	0.00632916233
129358	0.0007189630471
129359	0.0005412868783
129360	0.004958026242
129361	0.002859138378
129362	0.002561576587
129363	0.00106215567
129364	0.005727666557
129365	0.003416428834
129366	0.001383217361
129367	0.003548011477
129368	0.002320830671
129369	0.00120785478
129370	0.001574417816
129371	0.001351271471
129372	0.006008820923
129373	0.001816679826
129374	0.0008775432288
129375	0.002015521094
129376	0.0007598011654
129377	0.001798015493
129378	0.006210458421
129379	0.002847871574
129380	0.003288717303
129381	0.0001629858648
129382	0.0007063126661
129383	0.001285372683
129384	0.004578152079
129385	0.0009223460167
129386	0.002786855504
129387	0.0007099970455
129388	0.002998757684
129389	0.002562522027
129390	0.001206379913
129391	0.003616531681
129392	0.004240925072
129393	0.004757768409
129394	0.007130445999
129395	0.003228113928
129396	0.000245379688
129397	0.00235080664
129398	0.004994603428
129399	0.0001507867801
129400	0.000701228998
129401	0.007238869785
129402	0.0001357832925
129403	0.001700374802
129404	0.001953519117
129405	0.004081923632
129406	0.002357486254
129407	0.004070211282
129408	0.002482373027
129409	0.002340865873
129410	0.0005266857289
129411	0.0001749427332
129412	0.001012500913
129413	0.003498504651
129414	0.0044970037
129415	0.006596346196
129416	0.01228208516
129417	0.001428853245
129418	0.00480677579
129419	0.0006186746966
129420	0.001457003365
129421	0.00115305057
129422	0.0002557801314
129423	0.0004043527136
129424	0.0006494136949
129425	0.001055869101
129426	0.00162820175
129427	0.0006859978047
129428	0.0005458617092
129429	0.001500932682
129430	0.001052045005
129431	0.004995908105
129432	0.001714097006
129433	0.0005907398708
129434	0.0009310612887
129435	0.0005539779363
129436	0.001525540633
129437	0.006351150228
129438	0.001450657179
129439	0.0004951779497
129440	0.000309162306
129441	0.004633265683
129442	0.003870081122
129443	0
129444	0.0002535638682
129445	0.005424819153
129446	0.002691712906
129447	0.004866724414
129448	0.003439105453
129449	0.004606851659
129450	0.000921226065
129451	0.003718234398
129452	0.007446918911
129453	0.0003398346203
129454	0.00250691345
129455	0.002754124417
129456	0.001705949768
129457	0.0009115193386
129458	0.001390141426
129459	0.002043998149
129460	0.0009910023455
129461	0.000142969948
129462	0.0018551958
129463	0.001966840669
129464	0.005170577947
129465	0.002504621013
129466	0.001381130506
129467	0.0006622454721
129468	0.002434647994
129469	0.001587044256
129470	0.001043210269
129471	0.003579403969
129472	0.002342226235
129473	0.003444773034
129474	0.0003644336399
129475	0.003106241806
129476	0.0001550341244
129477	0.004244304932
129478	0.007166966928
129479	0.0001626159243
129480	0.002088955808
129481	0.007837431114
129482	0.001839216322
129483	0.003197133644
129484	0.006360703612
129485	0.003563330614
129486	0.001897618348
129487	0.00359821912
129488	0.005592389785
129489	0.001611936032
129490	0.004776505987
129491	0.0030186919
129492	0.001157011577
129493	0.001577142395
129494	0.0004438073239
129495	0.002678161544
129496	0.002634282626
129497	0.002616166952
129498	0.009891227953
129499	0.001423943788
129500	0.004108275349
129501	0.0006933559258
129502	0.001259071252
129503	0.0001454183397
129504	0.001126485683
129505	0.0002733435102
129506	0.00166068929
129507	0.000647517076
129508	0.00538429414
129509	0.004172130679
129510	0.001067171904
129511	0.003541956647
129512	0.002017001637
129513	0.002520873197
129514	0.0005065642326
129515	0.00226545591
129516	0.0009330379564
129517	0.0005834552136
129518	0.0002112533919
129519	0.0004863689678
129520	0.0003224089232
129521	0.002421226497
129522	0.0003659715565
129523	0.00213529961
129524	0.001535211265
129525	0.004893720842
129526	0.0008685497891
129527	0.003775206314
129528	0.001146611362
129529	0.002956941957
129530	0.0007566934757
129531	0.0007322749961
129532	0.002465942541
129533	0.001904210599
129534	0.004331933661
129535	0.0002949679925
129536	0.001065998949
129537	0.004241303623
129538	0.0002437454229
129539	0.004172747458
129540	0.004584725623
129541	0.00164835622
129542	0.0007315293372
129543	0.0008217441645
129544	0.001798952044
129545	0.002557849245
129546	0.001315453183
129547	0.005537196706
129548	0.003682292525
129549	0.005580430318
129550	0.00243852979
129551	0.0004942427101
129552	0.000731967618
129553	0.002163289845
129554	0.003414602776
129555	0.0036643028
129556	0.002399193875
129557	0.003152823181
129558	4.346048778e-05
129559	0.004390905224
129560	0.004083711643
129561	0.0007667941369
129562	1.391427883e-05
129563	0.003041079345
129564	0.001320677104
129565	0.004452597406
129566	0.004350639373
129567	0.0005571488684
129568	0.0009024188929
129569	0.001176282784
129570	0.004671803618
129571	0.002701544851
129572	0.001710240397
129573	0.002194860701
129574	0.0009502247317
129575	0.001359170293
129576	0.001893703176
129577	0.00168883558
129578	0.002455454086
129579	0.001111686779
129580	0.001809552072
129581	0.004044247853
129582	0.00150303446
129583	0.0007468851751
129584	0.002664407737
129585	0.0005551226618
129586	0.00229396833
129587	0.003800060841
129588	0.001830266148
129589	0.005450579491
129590	0.004219142898
129591	0.002592909784
129592	0.00238133921
129593	0.001381241214
129594	0.000709046537
129595	0.0006415273292
129596	0.0008676034477
129597	0.001389670004
129598	0.003077939328
129599	0.001279225961
129600	0.001007469856
129601	0.001261453727
129602	0.004211647069
129603	0.001071854029
129604	0.001743946413
129605	0.000660645982
129606	0.004922515162
129607	0.002209376999
129608	0.006149339211
129609	0.001934618951
129610	0.003238918247
129611	0.001220681574
129612	0.004849302752
129613	0.002888473365
129614	0.001238111631
129615	0.004075723018
129616	0.004765399527
129617	0.001082345533
129618	0.007145097034
129619	0.003455638208
129620	0.00165123017
129621	0.001946105342
129622	0.001714924082
129623	0.002185059999
129624	0.001507072896
129625	0.001242495479
129626	0.0007128535949
129627	0.0001216918055
129628	0.005761184602
129629	0.001754762272
129630	0.00354073308
129631	0.002374949111
129632	0.004069991498
129633	0.003778739951
129634	0.00336143976
129635	0.00398243677
129636	0.001606429252
129637	0.006789353193
129638	0.001262760207
129639	0.0005861160139
129640	0.0007019077825
129641	0.001178741022
129642	3.280505481e-05
129643	0.005659305847
129644	0.0008788676909
129645	0.0009804549986
129646	0.001325194381
129647	0.00936654059
129648	0.0001776853479
129649	0.001168415021
129650	3.678926043e-05
129651	0.0008811330935
129652	0.003423525271
129653	0.0001995240749
129654	0.002152016337
129655	0.002368462252
129656	0.002254139697
129657	0.001951636077
129658	0.002604750688
129659	0.001681022092
129660	0.0008411491269
129661	0.004380066227
129662	0.003563735231
129663	0.001305705323
129664	0.001691255583
129665	0.001675605142
129666	0.00164857394
129667	0.0002403773691
129668	0.009216935523
129669	0.0008859916927
129670	0.0002294285361
129671	0.0009259720946
129672	0.003966046192
129673	0.002371138888
129674	0.001788809516
129675	0.001722575274
129676	2.584659838e-05
129677	0.004346221925
129678	0.0008514605057
129679	0.0002837714318
129680	0.0002260038728
129681	0.0002540210562
129682	0.0008177260219
129683	0.0004490149034
129684	0.001520927938
129685	0.0001388040911
129686	0.001738455063
129687	0.001430562192
129688	0.0007190591157
129689	3.783920682e-05
129690	0.0004564564301
129691	0.002652534863
129692	0.0001363724669
129693	0.0004352679847
129694	0.001380425746
129695	0.0005746968745
129696	0.0001257288782
129697	0.001854501117
129698	0.001084094676
129699	0.0004439250299
129700	0.000448109436
129701	0.0004220703043
129702	0.0002142640073
129703	0.0003105887204
129704	8.39145161e-05
129705	0.0008207758245
129706	0.006324033828
129707	0.002894602746
129708	0.003810754055
129709	0.002681100066
129710	0.00163288377
129711	0.003863979462
129712	0.0005260036771
129713	0.006829217695
129714	0.0006043855746
129715	0.004711212503
129716	0.001563849765
129717	0.006449318168
129718	0.001588825372
129719	0.002326212379
129720	0.002134075625
129721	0.001700482637
129722	0.002304389002
129723	0.00388283081
129724	0.003501444488
129725	0.000422267299
129726	4.032280935e-05
129727	0.002423755029
129728	0.001964579374
129729	0.01176252613
129730	0.001297760809
129731	0.0003764256443
129732	0.005739939541
129733	0.002414637596
129734	0.0003444061005
129735	0.0008269619399
129736	0.004812750773
129737	0.001025708219
129738	0.007413338962
129739	0.001379866619
129740	0.005068933184
129741	0.002087060818
129742	0.001697543461
129743	0.001189479247
129744	0.0007338192342
129745	0.0008830105781
129746	0.001789903871
129747	0.001007007324
129748	0.0004080094333
129749	0.0006902292575
129750	0.0005825876073
129751	0.001116090375
129752	0.001014809101
129753	0.00480729105
129754	0.001137777102
129755	0.0005404900846
129756	0.001011941951
129757	0.001856088503
129758	0.0008539896233
129759	0.001302309015
129760	0.001695752235
129761	0.001426776528
129762	0.001604856839
129763	0.001038359959
129764	0.0005252108877
129765	0.001856161126
129766	0.00167135848
129767	0.002146332779
129768	0.002315031034
129769	0.001357340036
129770	0.006275509506
129771	0.004486681979
129772	0.00157917165
129773	0.004009893788
129774	0.005851436836
129775	0.005364673098
129776	0.004568525469
129777	0.00539706972
129778	0.005591059888
129779	0.005979893061
129780	0.005519038576
129781	0.005149476226
129782	0.005445367716
129783	0.005532285406
129784	0.005825389879
129785	0.0059489049
129786	0.004909212188
129787	0.004847609602
129788	0.004733452923
129789	0.005374883831
129790	0.004873322221
129791	0.005487621427
129792	0.004780771054
129793	0.006160189877
129794	0.001196082906
129795	0.0008032264126
129796	0.0006256943135
129797	0.0006729363169
129798	0.0009864566806
129799	0.0011745484
129800	0.0007303416159
129801	0.001172089865
129802	0.001154740451
129803	0.0009440905245
129804	0.001296115339
129805	0.0005399309325
129806	0.001173020955
129807	0.001106768363
129808	0.0006430497397
129809	0.001018360597
129810	0.002947608509
129811	0.001837128987
129812	0.002005721167
129813	0.001821593811
129814	0.001502963914
129815	0.001465042131
129816	0.001907677188
129817	0.001415412025
129818	0.001755468129
129819	0.001565721
129820	0.001953466032
129821	0.001758338399
129822	0.001760676204
129823	0.0006103768018
129824	0.004199469917
129825	0.004875977381
129826	0.003772592861
129827	0.004687471243
129828	0.004295101067
129829	0.004532855307
129830	0.003884824355
129831	0.004331035459
129832	0.004089773613
129833	0.004917346357
129834	0.004479513053
129835	0.004632012741
129836	0.004658168563
129837	0.004311969716
129838	0.004775058455
129839	0.003871132526
129840	0.004712351666
129841	0.004666489997
129842	0.004244382261
129843	0.004425205695
129844	0.002014933949
129845	0.002378563746
129846	0.003752785327
129847	0.0007739452468
129848	0.001131692826
129849	0.003303187357
129850	0.002364710344
129851	0.005347767227
129852	0.005698344025
129853	0.005511335018
129854	0.006702959374
129855	0.006688119234
129856	0.005803865861
129857	0.005758085972
129858	0.004912947795
129859	0.005725864709
129860	0.006159662382
129861	0.005916413227
129862	0.006775399091
129863	0.00620889962
129864	0.005336095051
129865	0.005666818189
129866	0.002062441713
129867	0.00437911121
129868	0.003203319469
129869	0.001950439577
129870	0.001486781342
129871	0.001729452843
129872	0.0004227117102
129873	0.0008285105042
129874	9.368324377e-05
129875	0.0003745832591
129876	0.0008955367985
129877	0.0003870004958
129878	0.0002241174094
129879	0.001693956763
129880	0.0008868387475
129881	0.0008724144022
129882	0.0007276917299
129883	6.293755758e-05
129884	0.0005950816867
129885	0.0004962899399
129886	0.0002599642895
129887	8.50100091e-06
129888	0.0006977444954
129889	0.0002426268249
129890	5.831108709e-06
129891	0.0005426932662
129892	0.0003593978833
129893	0.0003947860017
129894	0.0002597508498
129895	0.0002167226747
129896	0.0001007838305
129897	1.840264392e-05
129898	2.194644436e-07
129899	0.002404618678
129900	0.002020000483
129901	0.002321219664
129902	0.003010543327
129903	0.002829639434
129904	0.002435871704
129905	0.002556031983
129906	0.002148103796
129907	0.00247794495
129908	0.002603917756
129909	0.002887162131
129910	0.001955668667
129911	0.00258329668
129912	0.0004291765862
129913	0.00610553061
129914	0.006455686518
129915	0.005856870646
129916	0.006985874343
129917	0.005546845204
129918	0.004407149883
129919	0.006398205543
129920	0.007142983475
129921	0.005152916024
129922	0.007424461968
129923	0.007146893045
129924	0.005604352987
129925	0.00600009522
129926	0.006491362373
129927	0.002025447411
129928	0.000140504619
129929	0.0002006902124
129930	0.0002665284817
129931	0.0002547540447
129932	3.90931241e-06
129933	0.0001773974911
129934	0.0001800160864
129935	8.26731632e-06
129936	1.908026066e-05
129937	1.88825224e-05
129938	0.0004328222327
129939	0.0002505035854
129940	1.800225475e-05
129941	0.0001129063832
129942	0.0006092302684
129943	3.3104407e-05
129944	0.0005769479174
129945	0.0004759373511
129946	4.850110902e-05
129947	1.818618065e-05
129948	0.002060285692
129949	0.005626880607
129950	0.002680525653
129951	0.007215081316
129952	0.0001162113409
129953	0.0005455312531
129954	0.0009660535889
129955	0.001063283398
129956	0.0003661271485
129957	0.0005642202737
129958	0.0002356772296
129959	3.514577692e-05
129960	0.001842064438
129961	0.0002156192695
129962	0.0001787593228
129963	5.347250531e-05
129964	0.0003087990515
129965	0.0005081040811
129966	4.862088916e-05
129967	0.001298934315
129968	0.0001207163684
129969	5.827671486e-05
129970	0.003907110086
129971	0.001222620217
129972	0.002220015397
129973	0.001822836468
129974	0.002681869337
129975	0.0004625903708
129976	0.001378026057
129977	0.001288668687
129978	0.001992650367
129979	0.0002110122534
129980	0.006027109689
129981	0.002011882553
129982	0.001245788882
129983	0.001413075311
129984	0.0009081440844
129985	0.001640621863
129986	0.001165629318
129987	0.001388592647
129988	0.003302589395
129989	0.004275923604
129990	0.004356595043
129991	0.003905688434
129992	0.004526206852
129993	0.004074193631
129994	0.002959771365
129995	0.004182578048
129996	0.004809546981
129997	0.004582724573
129998	0.004520179779
129999	0.004209427811
130000	0.004657241668
130001	0.004780181609
130002	0.00115049299
130003	0.0003741838947
130004	0.0006368081312
130005	0.000311040045
130006	0.0005287420227
130007	0.001766318313
130008	0.0007564331336
130009	0.0001207663313
130010	0.001097532052
130011	0.0008027907928
130012	4.728154073e-05
130013	0.003372199301
130014	6.830059505e-05
130015	0.0002167083359
130016	0.0005759257192
130017	0.0009857972407
130018	0.0003380088972
130019	0.001302389832
130020	7.834757841e-05
130021	0.000272399873
130022	0.00249675033
130023	0.002362921011
130024	0.002300840929
130025	0.002451528678
130026	0.002146493136
130027	0.002461207446
130028	0.001714985644
130029	0.002493019549
130030	0.002419611522
130031	0.002158689262
130032	0.002298374434
130033	0.002405509865
130034	0.00219709528
130035	0.002432585469
130036	0.002247762571
130037	0.003164459408
130038	0.00324432347
130039	0.003740141761
130040	0.003130250102
130041	0.003336208209
130042	0.002764002074
130043	0.003139420365
130044	0.002818383148
130045	0.002408845058
130046	0.001767450622
130047	0.002835120722
130048	0.002957925245
130049	0.0028157631
130050	0.002683094649
130051	0.002839623492
130052	0.002479582686
130053	0.002740939419
130054	0.002560468638
130055	0.002689332537
130056	0.002206337492
130057	0.002584995306
130058	0.0005441063254
130059	0.002716196736
130060	0.0002934284923
130061	0.0005892489528
130062	0.0001550574556
130063	0.0006175103005
130064	0.001338935666
130065	0.001276290183
130066	0.0001908563967
130067	0.001321990207
130068	0.0004642636122
130069	0.0002881008594
130070	0.0004021111046
130071	0.0005896974137
130072	0.001244703028
130073	0.0002753875426
130074	0.00111967754
130075	0.0008508995645
130076	1.386568878e-05
130077	0.000890231619
130078	0.0002182211882
130079	0.001012303852
130080	0.0005841596867
130081	0.001833925075
130082	0.0007615119054
130083	0.001488478517
130084	0.0008381918006
130085	0.001266048855
130086	0.002035915925
130087	0.001756854711
130088	7.572223502e-05
130089	0.001146880492
130090	0.001681678446
130091	0.001638951688
130092	0.00163011375
130093	0.003734723351
130094	0.003822713429
130095	0.003172033774
130096	0.004570735771
130097	0.004411171125
130098	0.003313743208
130099	0.001991943977
130100	0.003596885982
130101	0.003086984698
130102	0.003319431206
130103	0.004203394979
130104	0.003731379329
130105	0.003847591363
130106	0.003477610366
130107	0.00401120338
130108	0.004181630805
130109	0.004076722204
130110	0.002110655288
130111	0.003682783602
130112	0.003844399819
130113	0.00386276002
130114	0.004055053299
130115	0.003386849738
130116	0.003307702209
130117	0.004269343009
130118	0.0003938734265
130119	0.003654024252
130120	0.0003057634087
130121	0.0001093718307
130122	0.0002363584125
130123	0.0001058405123
130124	0.0001707321493
130125	0.0007561613819
130126	0.0004771811415
130127	0.0001234559733
130128	0.0004062938791
130129	0.0001279200772
130130	0.004225041887
130131	0.0006128690882
130132	0.0002972754251
130133	0.0002778545597
130134	0.0001303945667
130135	0.0006914606517
130136	0.0005564365031
130137	0.000219861453
130138	0.003496903493
130139	0.0001759111314
130140	5.164997963e-05
130141	5.433462763e-05
130142	0.006178494266
130143	3.565883802e-05
130144	0.0001027673764
130145	8.475136302e-07
130146	0.0003973250696
130147	3.681141998e-05
130148	0.0004631019978
130149	0.006555832801
130150	0.005279962057
130151	0.0009764731326
130152	0.005803058178
130153	0.003825731296
130154	0.001725296727
130155	0.0007491233532
130156	0.002993340848
130157	0.000611519918
130158	0.002650278391
130159	0.004825741012
130160	0.003544380596
130161	0.0006795279483
130162	0.002977888706
130163	6.72018887e-05
130164	0.0003223020327
130165	0.003276257681
130166	0.002045216627
130167	0.0005857433104
130168	0.001019655971
130169	0.002733978747
130170	0.0001402762831
130171	0.003120124017
130172	0.002733548619
130173	0.001915187238
130174	0.0004955606286
130175	5.917657504e-05
130176	0.002755727066
130177	0.0009498624923
130178	0.0009546424549
130179	0.003550705442
130180	0.001306880664
130181	0.001762970138
130182	0.001134356145
130183	0.0006204053214
130184	0.003406383202
130185	0.0002050245894
130186	0.0001872806238
130187	0.000119219173
130188	4.44020054e-05
130189	0.0007133786766
130190	0.0004349438579
130191	3.095578223e-05
130192	0.0004427545877
130193	0.0004354011144
130194	0.002079941618
130195	0.002775679285
130196	0.001862100595
130197	0.001699946927
130198	0.0004497906613
130199	0.001964082562
130200	0.002607292941
130201	0.004931964155
130202	0.001560038789
130203	0.003536974412
130204	0.001927685693
130205	0.0007759076818
130206	0.00247131553
130207	0.001290753866
130208	0.000908198087
130209	0.004646850886
130210	0.007643163283
130211	0.00355884723
130212	0.001761845274
130213	0.002668510198
130214	0.004123997175
130215	0.006120346476
130216	0.003931532331
130217	0.003893275173
130218	0.006389811392
130219	0.0005540675164
130220	0.000299755541
130221	0.0006315070679
130222	0.001122961337
130223	0.0007367320188
130224	0.0005777743847
130225	0.0009825884583
130226	0.0038651863
130227	0.0008599745334
130228	0.002244569101
130229	0.002215274931
130230	0.001270180363
130231	0.0001246372961
130232	0.002116338852
130233	0.001454314922
130234	0.001147163337
130235	0.003958708353
130236	0.003232912768
130237	0.001588270219
130238	0.00183107605
130239	0.003131151628
130240	0.002613026619
130241	0.0008585475703
130242	0.0062857336
130243	0.003567922729
130244	0.001701781687
130245	0.003565499067
130246	0.004060392313
130247	0.0003399014783
130248	0.003889367788
130249	0.001033764106
130250	0.003962383572
130251	0.003231643415
130252	0.002565349798
130253	0.001437674448
130254	0.003475732901
130255	0.00335370535
130256	0.001908765052
130257	0.002993571025
130258	0.005281839244
130259	0.003528299214
130260	0.003173489073
130261	0.001814413496
130262	0.001964186294
130263	0.00114418655
130264	0.007074167223
130265	0.002728558954
130266	0.002136747353
130267	0.002483020301
130268	0.00128845745
130269	0.002035754248
130270	0.001681966642
130271	0.003108399958
130272	0.002517709242
130273	0.002273909559
130274	0.002131144288
130275	0.001731769919
130276	0.002555353996
130277	0.001458003015
130278	0.0004627788393
130279	0.0006102265733
130280	0.0005105198183
130281	0.001381675903
130282	0.0009804833907
130283	0.0002534713534
130284	0.001486211465
130285	0.004818245719
130286	0.0006195016701
130287	0.001461948064
130288	0.0005256986511
130289	0.005092195072
130290	0.003481427848
130291	0.001530510642
130292	0.0007515781872
130293	0.005349266075
130294	0.002016434179
130295	0.001232170098
130296	0.001054587953
130297	0.0006789557569
130298	0.00295094661
130299	0.0003553168042
130300	0.001718346919
130301	0.002756045542
130302	0.004318752752
130303	0.001456258201
130304	0.003372992461
130305	0.001220162321
130306	0.001484234916
130307	0.000198020897
130308	0.004035361598
130309	0.001409612497
130310	0.0002735130079
130311	0.006022989589
130312	0.002272442796
130313	0.005709616828
130314	0.001707752165
130315	0.002920995697
130316	0.003626110829
130317	0.001273459292
130318	0.00135105158
130319	0.001284471594
130320	0.00627063097
130321	0.005982052134
130322	0.002021353026
130323	0.002092834733
130324	0.003754143316
130325	0.001516351787
130326	0.0009656136584
130327	2.637773335e-05
130328	0.0005973012601
130329	0.002308869878
130330	0.0003601931937
130331	0.003569215762
130332	0.00401666381
130333	0.002720228305
130334	0.0004725765545
130335	0.005177809238
130336	0.006066663209
130337	0.0008229031031
130338	0.002091604526
130339	0.002934371712
130340	0.000159545761
130341	0.0007162205713
130342	0.001745484574
130343	0.003862218489
130344	0.005701153873
130345	0.0007120848617
130346	0.00180446411
130347	0.003495308876
130348	0.001148420661
130349	0.001669753144
130350	0.001235050358
130351	0.001169974042
130352	0.00177856598
130353	2.027140095e-06
130354	0.002858422374
130355	0.002951363846
130356	0.002463145861
130357	0.005210792913
130358	0.0008422212718
130359	0.001941908236
130360	0.002223585166
130361	0.0001561614777
130362	0.003083385694
130363	0.005660670591
130364	0.001270319931
130365	0.0006879043881
130366	0.003086799961
130367	0.001188651357
130368	0.001152071133
130369	0.003218774606
130370	0.000429415463
130371	0.00274509328
130372	1.537962828e-05
130373	0.002461638856
130374	0.001532880845
130375	0.002208479809
130376	0.0003953389528
130377	8.416893256e-05
130378	0.0006071013179
130379	0.002999336949
130380	0.0002963452812
130381	0.003643085703
130382	0.0005985163476
130383	0.0006834947498
130384	0.003972180655
130385	0.004265884493
130386	0.003606342661
130387	0.0005984466032
130388	0.004803523859
130389	0.003885313672
130390	0.002414176192
130391	0.00333908701
130392	0.004564774296
130393	0.001322686942
130394	0.002604488604
130395	0.001474609335
130396	0.0008456697631
130397	0.00214156561
130398	0.003510227438
130399	0.00125117619
130400	0.001695226848
130401	0.001770460358
130402	0.002039360319
130403	8.339922582e-05
130404	0.001660910689
130405	0.001719132893
130406	0.00116407966
130407	0.002014521506
130408	0.003789252488
130409	0.000730184403
130410	0.002747564538
130411	0.001330009199
130412	0.001877064501
130413	0.0008845710476
130414	0.001165649854
130415	0.001884465268
130416	0.0009262775653
130417	0.001245429983
130418	0.001458396243
130419	0.001033217781
130420	0.0008589656771
130421	0.002531463703
130422	0.001235700904
130423	0.006325544558
130424	0.0001339380305
130425	0.003848569343
130426	0.003551005366
130427	0.00270818083
130428	0.003460585944
130429	0.002783434977
130430	9.545182673e-05
130431	0.001664239194
130432	0.002621071988
130433	0.0006847918027
130434	0.0024853549
130435	0.005726217863
130436	0.00126886565
130437	0.001640022534
130438	0.0001219745289
130439	0.001567927402
130440	0.002406739053
130441	0.001883928556
130442	0.001047579464
130443	0.0006683288469
130444	0.004564500509
130445	0.002736451012
130446	0.002970859571
130447	0.007219768004
130448	0.0001048850014
130449	0.0003289199436
130450	0.0008031787509
130451	0.007288762565
130452	0.001190671011
130453	0.002282632953
130454	0.004191280052
130455	0.001288665087
130456	0.001086856427
130457	0.001887243222
130458	0.002222448668
130459	0.0001164121195
130460	0.006034503888
130461	0.003911700635
130462	0.003466730305
130463	0.001096365829
130464	0.001992896512
130465	0.001346309163
130466	0.005330305998
130467	0.006393238526
130468	0.00423972916
130469	0.0002119485096
130470	0.000315805058
130471	0.005330730453
130472	0.0001326481438
130473	0.002182223825
130474	0.002079966619
130475	0.00113365554
130476	0.001985708556
130477	0.001533188028
130478	0.001713976846
130479	0.001461063125
130480	0.0006462648856
130481	0.001500344279
130482	0.0005842698361
130483	0.003977534305
130484	0.00565524931
130485	0.003090149008
130486	0.0004559268832
130487	0.001940396958
130488	0.004585159101
130489	0.002213180026
130490	0.001274891783
130491	0.0007250579623
130492	0.002558476531
130493	0.0005633292781
130494	0.0001604412686
130495	0.001952121482
130496	0.000385813899
130497	1.1085113e-05
130498	0.00353402708
130499	0.0008072937801
130500	0.003508760156
130501	0.003422298878
130502	5.963699008e-05
130503	0.003517938998
130504	0.003382717305
130505	0.00158850589
130506	5.004890992e-05
130507	0.0004580164393
130508	0.0002428162556
130509	0.001339206314
130510	0.0002762999351
130511	0.00120250082
130512	7.413520765e-05
130513	0.003078427151
130514	0.003076670676
130515	0.0001740663503
130516	0.004501632583
130517	0.002081532893
130518	0.004411191121
130519	0.002819615198
130520	0.005903511408
130521	0.001273969021
130522	0.001046868409
130523	0.0001593904987
130524	0.0009435265056
130525	0.001946558653
130526	0.001308272237
130527	0.001639592731
130528	6.302541365e-05
130529	0.0001077398154
130530	0.0001818957341
130531	0.001078812862
130532	0.0007788366738
130533	0.0009049328476
130534	0.0003299297824
130535	0.001119752828
130536	0.002647817244
130537	0.000346881468
130538	0.002048525292
130539	0.006265497908
130540	3.114937728e-05
130541	0.001601224865
130542	0.003528311319
130543	0.002454124147
130544	0.001766002638
130545	0.001705310354
130546	0.004567227323
130547	0.005030925834
130548	0.003041671312
130549	0.001158145609
130550	0.0001385297551
130551	0.002173604478
130552	0.002928145076
130553	0.0004634632067
130554	0.002936683068
130555	0.005929878352
130556	0.001093922326
130557	0.0001222600277
130558	0.0001064066304
130559	0.0007655865291
130560	0.001238323359
130561	0.000121976661
130562	6.636550304e-05
130563	0.004867525313
130564	0.0008843911808
130565	6.966133053e-05
130566	0.001941733657
130567	0.0008350618016
130568	0.007203308247
130569	0.001291001058
130570	0.0004334200426
130571	0.001511488382
130572	0.001495983572
130573	0.004743199384
130574	0.001117998158
130575	0.005910299002
130576	0.0003510848477
130577	0.0006638369446
130578	0.00454093762
130579	0.008032482552
130580	0.009940778117
130581	0.002985337133
130582	0.001850985994
130583	0.008207407948
130584	0.000710069573
130585	0.002093567699
130586	5.544443987e-05
130587	0.001600683124
130588	0.001712908561
130589	0.00173463193
130590	0.002577358792
130591	0.002598915156
130592	0.005449867777
130593	0.0002340210357
130594	0.0008066510907
130595	0.0009747391092
130596	0.0005432903791
130597	0.0013190471
130598	0.0008770486142
130599	0.0004858466717
130600	0.0003266375415
130601	0.0003681770588
130602	0.004572640877
130603	0.000318754757
130604	0.0006533037233
130605	0.00764063451
130606	0.0004525631127
130607	0.002469014243
130608	0.003151068555
130609	0.00161651619
130610	0
130611	0.0004186908842
130612	0.001671491931
130613	0.002783141779
130614	0.0008964704746
130615	3.795922207e-05
130616	0.005874725871
130617	0.00395640592
130618	0.003057877281
130619	0.0002754191306
130620	0.003148164596
130621	0.005022272051
130622	0.0002887185641
130623	0.001729440989
130624	0.000298249092
130625	0.001347198243
130626	0.001972063323
130627	0.0005832892741
130628	0.000987910462
130629	0.001992999204
130630	0.003318808523
130631	0.001507904404
130632	0.00087621091
130633	0.001182750703
130634	0.0008603147967
130635	0.00176284546
130636	0.002119349119
130637	0.0007746922974
130638	0.0003546096405
130639	0.005614451211
130640	0.001108537478
130641	0.003179339061
130642	0.001220832136
130643	0.003792003447
130644	0.002616733398
130645	0.004936138887
130646	0.002898598658
130647	0.004812768472
130648	0.001763425
130649	0.002101352059
130650	0.002212793195
130651	0.0004540949428
130652	0.0004310060997
130653	0.002299927342
130654	0.00333978352
130655	0.0002505051082
130656	0.0007054372384
130657	0.00256316566
130658	0.001139331281
130659	0.003094142986
130660	0.003089286418
130661	0.003629578993
130662	0.001932614581
130663	0.001919496474
130664	0.001435316159
130665	0.01079878518
130666	0.004253222868
130667	0.0003746034778
130668	0.0001829608089
130669	0.00305391487
130670	0.002205024289
130671	0.00258750338
130672	0.00177326273
130673	0.001215621289
130674	0.0005184996835
130675	0.0008105438335
130676	0.0005936419168
130677	0.001168118066
130678	0.0009244960019
130679	0.003955811053
130680	0.001657282918
130681	0.0005751194035
130682	3.960953362e-05
130683	0.0004160989047
130684	0.002126669296
130685	0.0004354139581
130686	0.001742743496
130687	0.000232261177
130688	0.002726899797
130689	0.0001593591315
130690	0.002955834284
130691	0.001264657657
130692	0.00553608545
130693	0.002635196631
130694	0.003655854679
130695	0.001108267204
130696	0.002109730987
130697	0.000344392961
130698	0.001544879357
130699	0.0004144758948
130700	0.001003693813
130701	0.0002050378538
130702	0.0007186767392
130703	0.001371775051
130704	0.0005367724927
130705	7.581577695e-05
130706	0.00427625519
130707	0.002727282941
130708	0.001985824471
130709	0.00176349732
130710	0.0009893065212
130711	0.0005124344005
130712	0.001285542666
130713	0.002009714802
130714	0.0001338425768
130715	0.0007152676151
130716	0.000965016037
130717	0.001746636084
130718	0.002190313847
130719	0.0006765750096
130720	0.0008915466518
130721	0.0003036948704
130722	0.000418070141
130723	0.0065253472
130724	0.0002610198535
130725	0.0002789565197
130726	0.002979476269
130727	0.0002917717888
130728	0.0006559652789
130729	0.0006684155354
130730	0.001543212415
130731	0.002430845093
130732	0.001323866424
130733	0.006984451963
130734	0.001175727097
130735	0.001599773102
130736	0.002661299181
130737	0.003627499473
130738	0.007876620964
130739	6.812558352e-05
130740	0.001440954683
130741	0.00640353892
130742	0.002119736488
130743	8.047409887e-05
130744	0.0004356804283
130745	0.00144316027
130746	0.00225640066
130747	0.003440685931
130748	0.00328083828
130749	0.001736965128
130750	0.0007137697134
130751	0.0023512814
130752	0.002140047847
130753	0.004153435521
130754	0.003230068487
130755	0.002094368762
130756	0.005402203178
130757	0.0007041870664
130758	0.003525702009
130759	0.001507284765
130760	0.001645130638
130761	0.002182479316
130762	0.0007856902784
130763	0.0001597005206
130764	0.003531672375
130765	0.0007856050585
130766	0.001918927617
130767	0.003260623328
130768	0.002806172609
130769	0.0005272997733
130770	0.0007165970633
130771	0.001324227678
130772	0.002936384764
130773	0.0005164884209
130774	0.002086224918
130775	0.001761320877
130776	0.0005536597261
130777	4.23218728e-05
130778	0.00137347974
130779	0.004333265177
130780	0.001668229206
130781	0.0008708488595
130782	0.003006499922
130783	0.001299215347
130784	0.0006575131272
130785	0.0008232539592
130786	0.0006248306081
130787	0.001440286972
130788	0.0005531144608
130789	0.0002511277108
130790	0.001322841477
130791	0.002164063162
130792	0.001232682668
130793	0.001519923476
130794	0.004197915383
130795	0.002116858244
130796	0.007137107035
130797	0.004851169551
130798	0.001041579247
130799	0.003367527473
130800	0.005179154155
130801	0.00034535477
130802	0.001349961449
130803	0.0009697314475
130804	0.0007355875317
130805	0.005133737236
130806	0.00197861997
130807	0.0007574608451
130808	0.007194520723
130809	0.006290046384
130810	0.001308565144
130811	0.0003778643723
130812	0.0003345668747
130813	0.0008541502713
130814	0.001451643247
130815	0.0008146998178
130816	0.000203045633
130817	0.000793784895
130818	0.002826809471
130819	0.001654473366
130820	0.001525338846
130821	0.001097963796
130822	0.000456949191
130823	0.0006723462785
130824	0.0002339082962
130825	0.0003235188853
130826	0.002810449308
130827	0.002148519699
130828	0.002540515906
130829	0.000696397592
130830	0.0006912170877
130831	0.0008785948578
130832	0.000785128635
130833	0.0008333933778
130834	0.005976988587
130835	0.001159339981
130836	0.001251918471
130837	0.001201343194
130838	0.004949819454
130839	0.0002919803926
130840	0.0007158378925
130841	0.00102338361
130842	0.0006408911992
130843	0.0007121868518
130844	0.0003663038715
130845	0.0005034737588
130846	0.000532768006
130847	6.492417512e-05
130848	3.985265956e-05
130849	0.0004321943159
130850	0.0003449875629
130851	0.003781333428
130852	0.0003367940282
130853	0.004290689896
130854	0.0005931826285
130855	0.002935342579
130856	0.001419457618
130857	0.000854194583
130858	0.001139513283
130859	0.0005042871928
130860	1.892028821e-05
130861	0.0006689114588
130862	0.001650689364
130863	0.0003959724173
130864	0.004166726429
130865	0.0007614549243
130866	0.002325036352
130867	0.005672228796
130868	0.0002164105385
130869	0.0001320856602
130870	0.0001006144868
130871	0.008186903056
130872	1.075974849e-05
130873	0.000758880025
130874	0.0007985757329
130875	0.000502538447
130876	0.0003589520382
130877	0.001477050255
130878	0.00392139447
130879	0.0008675490868
130880	0.0009046009053
130881	0.004771788944
130882	0.0002869596733
130883	0.0008424829997
130884	0.0005794311676
130885	0.00480149472
130886	0.0006353061699
130887	0.003092182657
130888	0.0002540387726
130889	0.005479825116
130890	0.003352108986
130891	0.001670370193
130892	0.0008364380293
130893	0.002581447012
130894	0.006327642052
130895	0.000291450507
130896	0.005070750496
130897	0.003122846082
130898	0.003243939702
130899	0.003217549775
130900	0.001331586017
130901	0.002159490478
130902	0.001871383827
130903	0.001079237874
130904	0.0004160641379
130905	0.0001071881686
130906	0.0001082973498
130907	0.005948007599
130908	3.812989763e-05
130909	0.002868983564
130910	0.0009217845284
130911	0.0005304412482
130912	1.174955034e-05
130913	0.0007858173938
130914	0.00102018798
130915	0.000868817505
130916	0.0002002911982
130917	0.0007535687852
130918	0.0003484246518
130919	0.001288655853
130920	0.0002994778136
130921	0.001875152017
130922	0.002508173693
130923	0.007001573329
130924	0.000775667453
130925	0.001302691539
130926	0.0005416593421
130927	0.001870309381
130928	0.001998378525
130929	0.002361199767
130930	0.0005600952893
130931	0.000664734061
130932	0.003482649236
130933	0.002843169166
130934	0.002040671756
130935	0.001615755519
130936	0.002234760696
130937	0.007082285858
130938	0.001169177518
130939	0.001961860645
130940	0.000674086995
130941	0.001267412446
130942	0.003048883792
130943	0.001604503772
130944	0.000998065519
130945	0.001562772709
130946	0.004118573084
130947	0.003123794719
130948	0.001292193294
130949	0.001275691619
130950	0.002015186216
130951	0.002234033305
130952	0.000495637396
130953	0.002656736753
130954	0.0008422353706
130955	0.001131427145
130956	0.004221436947
130957	0.0006714086927
130958	0.005864768581
130959	0.001392179405
130960	0.006665475411
130961	0.008939429985
130962	0.004460058799
130963	0.001031838293
130964	0.003715388133
130965	0.0008358544951
130966	0.002722746923
130967	0.0008451746031
130968	0.001439013916
130969	0.001326882344
130970	0.00145746156
130971	0.0001273373748
130972	0.003788448483
130973	0.002383300168
130974	0.0006849068964
130975	0.001714739109
130976	0.001263681204
130977	0.001133903569
130978	0.002853414748
130979	0.000597122276
130980	0.005597359649
130981	0.004427040281
130982	0.002778158822
130983	0.001159164185
130984	0.00197533001
130985	0.0005662285227
130986	0.002157466138
130987	0.0004969073656
130988	0.002189740051
130989	0.00584825986
130990	0.002253804339
130991	0.001872210277
130992	0.003205568843
130993	0.0003558079146
130994	0.0007941596826
130995	0.0001623558331
130996	0.003051141271
130997	0.002591245795
130998	0.004335632855
130999	0.0004849066962
131000	0.001181782154
131001	0.001805783333
131002	0.0003720739098
131003	0.0008260340803
131004	0.00144450568
131005	0.0001095216756
131006	0.001900704645
131007	0.002939328906
131008	0.004695885432
131009	0.001319571157
131010	0.001116394218
131011	0.0006473549156
131012	0.001388486098
131013	0.0003774661412
131014	0.0003453212112
131015	0.001480126432
131016	0.0005738807532
131017	0.0003613918253
131018	0.001567311849
131019	0.001228241982
131020	0.002741642328
131021	0.001724121202
131022	0.004896607959
131023	0.006213804965
131024	0.0005250421652
131025	0.001602450285
131026	0.004148850685
131027	0.002089065794
131028	0.00381842312
131029	0.001890479043
131030	0.0003109586089
131031	0.001143385542
131032	0.0006092586381
131033	0.0006020878999
131034	0.002806928558
131035	0.004201086905
131036	0.002705545896
131037	0.0007426796226
131038	0.0003029507485
131039	0.0001101673136
131040	0.001346192285
131041	0.0002743440561
131042	0.00210106211
131043	0.001071556295
131044	0.0006787546595
131045	0.0003984830137
131046	0.0002329271729
131047	0.0005007601858
131048	0.00187696429
131049	0.003118094051
131050	0.003687233363
131051	0.002308995195
131052	0.001099853213
131053	0.0006061364066
131054	0.000295375371
131055	0.0007214818754
131056	0.001117153654
131057	0.001628293004
131058	0.003019884333
131059	8.347426677e-05
131060	0.0007739933615
131061	0.001808194407
131062	0.004851096262
131063	0.003190564381
131064	0.004504975234
131065	0.006237864348
131066	0.002505835531
131067	0.0009599101461
131068	0.0007310381582
131069	0.00112852749
131070	0.003492547156
131071	0.00227211149
131072	0.001855156817
131073	0.001897076066
131074	9.67833468e-05
131075	0.003850449118
131076	0.001856141785
131077	0.001029586504
131078	0.0001556249245
131079	1.154035792e-05
131080	0.005014809008
131081	0.0007331920601
131082	0.003413670571
131083	0.001278707573
131084	0.001265257593
131085	0.004547649554
131086	0.0007230329522
131087	0.001516100201
131088	0.005938631907
131089	0.0001977943175
131090	0.005457715022
131091	0.002354423002
131092	0.0004623189152
131093	0.0005821048828
131094	0.006721667489
131095	0.00852741056
131096	0.0004877294577
131097	0.001796660728
131098	0.001821128209
131099	0.0009725531369
131100	0.003000324988
131101	0.006374676905
131102	0.0009611728541
131103	0.001819454163
131104	0.0003842212879
131105	0.0007123860317
131106	0.002521329099
131107	0.001533758808
131108	0.0006175925448
131109	0.0008752114905
131110	0.0001838834022
131111	0.005458468112
131112	0.002645334728
131113	0.000840106537
131114	0.0001354487624
131115	0.002486067054
131116	0.001066347984
131117	0.0009932419039
131118	0.0002889741281
131119	0.003021809727
131120	0.0007084920121
131121	0.002876519215
131122	0.001396757321
131123	0.001688892806
131124	0.0005300241602
131125	0.001794167665
131126	0.003889977329
131127	0.006731885965
131128	0.0005007451179
131129	0.002673738225
131130	0.005323351462
131131	0.001493648871
131132	0.001700455329
131133	0.000567772526
131134	7.130984322e-06
131135	0.001276989916
131136	0.005742120645
131137	0.00285565363
131138	0.002816365104
131139	0.000920416308
131140	0.0003425902393
131141	0.001938888808
131142	0.001671337093
131143	0.002037479059
131144	0.0001752662211
131145	0.0004773943622
131146	0.001593974426
131147	0.002307416158
131148	0.008283797965
131149	0.0007371600571
131150	0.000635009572
131151	0.007650872472
131152	0.001018589481
131153	0.005852740314
131154	0.004009474428
131155	0.0008915514146
131156	0.0002046804252
131157	0.003038530712
131158	0.003352774266
131159	0.00149489714
131160	0.0004902226084
131161	0.005996611477
131162	0.003934217857
131163	0.0003019102628
131164	0.001476505204
131165	8.971717086e-05
131166	3.761139787e-05
131167	0.001180812761
131168	0.004910946281
131169	0.0003692064754
131170	0.001115735547
131171	0.0003873919548
131172	0.0003084689587
131173	0.0008885905941
131174	7.268563308e-05
131175	1.595508351e-05
131176	0.0006869631641
131177	0.0004542320168
131178	0.0005203113319
131179	9.011497952e-05
131180	0.0003070108766
131181	0.002068190502
131182	0.0003294144161
131183	0.0001621403398
131184	0.0001613285512
131185	0.00300853962
131186	0.001359959142
131187	0.0008806729857
131188	0.001266925547
131189	0.001115074635
131190	0.002342025877
131191	0.002476101356
131192	6.002214557e-05
131193	0.0004496526455
131194	0.002750367184
131195	0.004189130127
131196	3.728594064e-05
131197	0.0002086214169
131198	0.0001192952934
131199	0.0004415272431
131200	0.0002169647995
131201	8.261776944e-05
131202	0.0001182972511
131203	0.0004299487472
131204	0.0004084101084
131205	0.0004456463452
131206	4.368884106e-05
131207	5.803233985e-05
131208	0.0001602299373
131209	0.0002263650726
131210	0.0001713558747
131211	0.0006331560021
131212	0.0006434013559
131213	0.0001309639401
131214	0.0004469697721
131215	0.0003029816822
131216	0.000260395852
131217	9.453885216e-05
131218	0.0004076086099
131219	0.0004588626359
131220	0.0001513951153
131221	0.0002335606046
131222	0.0004602778648
131223	0.0002213301101
131224	0.002289570523
131225	6.671399397e-05
131226	0.001365041582
131227	0.0009260681723
131228	0.001248257064
131229	0.0004170432012
131230	0.006410821214
131231	0.003997461046
131232	0.001628050934
131233	0.004246531952
131234	0.002380612806
131235	0.009459057706
131236	0.001452407632
131237	0.001946010023
131238	0.0003847148623
131239	0.0009676941205
131240	0.003021186867
131241	0.0007920157833
131242	0.001076774151
131243	0.001435600873
131244	0.004547479786
131245	0.005808835632
131246	0.00748334453
131247	0.000471583342
131248	0.001043414771
131249	0.002956071477
131250	0.001985011497
131251	0.001274088352
131252	0.0003332035362
131253	0.0008340688543
131254	0.00159094722
131255	0.001147477045
131256	0.0001964342246
131257	0.00142965172
131258	0.001028311145
131259	0.00229646856
131260	2.576939882e-05
131261	0.0004726419105
131262	0.003260634905
131263	0.0001895791207
131264	0.002123195077
131265	0.0005136241518
131266	0.001965754192
131267	0.002141376117
131268	0.0001971902599
131269	0.0001693751372
131270	0.0005544857487
131271	0.002455218814
131272	0.0009481787845
131273	6.461827861e-06
131274	0.0008388417591
131275	0.0003377688922
131276	9.414808263e-08
131277	0.0005515156969
131278	0.01322704135
131279	0.002192181731
131280	0.001293755034
131281	6.810531641e-05
131282	0.001181278706
131283	0.00182405285
131284	0.0005202052942
131285	0.002843648082
131286	0.0004731567003
131287	0.00153172702
131288	0.003279501605
131289	0.0008985203677
131290	0.0006327316507
131291	0.00253983407
131292	0.003714177756
131293	0.003963325434
131294	0.006534562111
131295	0.001555285882
131296	0.002968005736
131297	0.0002661114311
131298	1.556530181e-05
131299	0.0003165950022
131300	0.006060274382
131301	0.003862152723
131302	0.005634668337
131303	0.005392234853
131304	0.002443661757
131305	2.959818873e-05
131306	0.001366486679
131307	0.003865919977
131308	0.003596400569
131309	0.003349520763
131310	0.0002236084518
131311	0.0005767873069
131312	0.0001287217597
131313	0.0006737899543
131314	0.002151191633
131315	0.003840267014
131316	0.001190160671
131317	0.0004101565062
131318	0.005339875674
131319	0.0008149353198
131320	0.0009365848377
131321	0.0005918082799
131322	0.0002174656224
131323	0.0008488407618
131324	0.00231622646
131325	0.00104577027
131326	0.001904588617
131327	0.003499613903
131328	0.001594063348
131329	0.001179951808
131330	0.002369904035
131331	0.0001999805429
131332	0.003910246636
131333	0.0008793280946
131334	0.0008797359204
131335	0.003268381151
131336	1.218824301e-05
131337	0.00104399241
131338	0.000157588052
131339	0.002462270808
131340	0.003445037938
131341	0.002448472099
131342	0.0005193500223
131343	0.003196265853
131344	0.0009675334177
131345	0.004700508098
131346	0.001190744446
131347	0.004722948838
131348	0.00284042452
131349	0.00117360638
131350	0.0008649711406
131351	0.0007364184046
131352	0.0007332778444
131353	0.001342472604
131354	0.0005597072521
131355	0.0004997235854
131356	0.001466929008
131357	0.0001729267564
131358	0.001200620428
131359	0.0004827337909
131360	0.003847068907
131361	0.001406466688
131362	0.0006588795409
131363	0.001207982686
131364	0.001113781182
131365	0.002564901126
131366	0.0005973292952
131367	0.003667713323
131368	0.001579018431
131369	0.002473063507
131370	0.001333166982
131371	5.200629704e-05
131372	7.214848689e-05
131373	0.0001926776791
131374	0.0009303627849
131375	0.0005379566803
131376	0.0003062512782
131377	0.003774879766
131378	5.019180468e-05
131379	0.002156588744
131380	0.001060082826
131381	0.000951583795
131382	0.001727001731
131383	0.000191128627
131384	0.001210615317
131385	9.072195349e-05
131386	0.001583871083
131387	6.904472892e-05
131388	0.002885181329
131389	0.0001474775379
131390	0.0004929966379
131391	0.003879569081
131392	7.05040816e-06
131393	0.002367990412
131394	0.002148767545
131395	3.553932303e-05
131396	0.001540301386
131397	0.001239869081
131398	0.0005437179761
131399	0.001090195479
131400	0.0001894871072
131401	0.0004231512625
131402	0.001204423852
131403	0.0009797429518
131404	0.004095896882
131405	0.00370921289
131406	1.937955824e-05
131407	0.001481012851
131408	0.0005539910116
131409	0.002487491684
131410	0.004066473645
131411	0.001980759114
131412	0.003607846161
131413	0.002253305508
131414	0.002740100355
131415	0.001592736264
131416	0.002980205582
131417	0.0011646731
131418	0.0006088564096
131419	0.001479463802
131420	0.0006220751382
131421	1.297514168e-05
131422	0.001225355124
131423	0.006177343335
131424	0.0009695745111
131425	0.0009271874779
131426	0.001983604172
131427	0.004267869639
131428	0.0035883973
131429	0.003004759706
131430	0.001752791999
131431	0.0008517475428
131432	0.001472100453
131433	0.0004272661199
131434	0.00308364882
131435	0.0007249486191
131436	0.003004002402
131437	0.0003276302901
131438	0.002564986155
131439	0.003689310381
131440	0.004379429129
131441	0.001637862272
131442	0.0005243119242
131443	0.001160374952
131444	0.005570115899
131445	0.0005901523244
131446	0.005732168276
131447	0.0006622077277
131448	0.001029937577
131449	0.0002457093668
131450	0.0008539133975
131451	0.002685422807
131452	0.002647071125
131453	0.003847532403
131454	0.001535825189
131455	0.005322519139
131456	0.002598022788
131457	0.002784268778
131458	0.001416878455
131459	0.0009193578674
131460	0.003100388074
131461	0.003026426453
131462	0.0007594452468
131463	0.0006853038433
131464	0.006013165561
131465	0.004877603651
131466	0.006119058107
131467	0.000500189264
131468	0.0004405763123
131469	0.001285276782
131470	0.002510217451
131471	0.00904318904
131472	0.004022761972
131473	0.004099148528
131474	0.0001350448406
131475	0.001455513971
131476	0.005101288743
131477	0.005638225956
131478	0.0001391104419
131479	0.004897633888
131480	0.0007803609264
131481	0.002822058172
131482	0.002332991488
131483	0.008780093273
131484	0.006308499028
131485	0.0005745214548
131486	0.004911754408
131487	0.0008983484355
131488	0.001705836686
131489	0.003159826914
131490	0.00258003364
131491	0.005342674546
131492	0.0005346382631
131493	0.002119849952
131494	0.003337759314
131495	0.000678972589
131496	0.001676079113
131497	0.003851979281
131498	0.0008852613876
131499	0.001335038757
131500	0.0007812367142
131501	0.002061184195
131502	7.878458283e-05
131503	0.0006674003904
131504	0.001840174638
131505	0.0001665716263
131506	0.001124357591
131507	0.005510294072
131508	0.001040426652
131509	0.001044772762
131510	0.0007140000369
131511	0.002230508379
131512	0.002706230304
131513	0.002383329356
131514	0.003812083588
131515	0.004366804877
131516	0.001895154009
131517	0.002409546716
131518	0.003302139636
131519	0.0003325487407
131520	0.003393672316
131521	0.004878286306
131522	0.0003736642611
131523	0.004789780677
131524	0.0006059186559
131525	0.002055597496
131526	0.0006999076478
131527	4.232825163e-05
131528	0.0002451719975
131529	9.953597569e-06
131530	0.002493753357
131531	0.001999108023
131532	0.004366648377
131533	0.002629463162
131534	0.00103208824
131535	0.00377631922
131536	0.001394533736
131537	0.0007475470715
131538	6.112044115e-05
131539	0.0006992355956
131540	0.002945700138
131541	0.006303942035
131542	0.005791798245
131543	0.0002211274856
131544	0.001571539331
131545	0.001369882099
131546	0.001388661574
131547	0.005058577852
131548	0.0009455167344
131549	5.906902688e-05
131550	0.000879065369
131551	0.00144930155
131552	0.003601541746
131553	0.003907616359
131554	0.002267837103
131555	0.0002702649927
131556	0.0003878821061
131557	0.003105431364
131558	0.004151546918
131559	0.001413195579
131560	0.0001558533362
131561	0.002634012929
131562	0.003481355787
131563	2.144876396e-05
131564	0.001206394208
131565	0.002516415681
131566	0.00893484834
131567	0.001838326372
131568	0.0002424360956
131569	0.002504790155
131570	0.005896026816
131571	0.001142009121
131572	0.004164527158
131573	0.00136440525
131574	0.002706630095
131575	6.520690736e-05
131576	0.001375763209
131577	0.002810228658
131578	0.0009374541098
131579	0.00128009426
131580	0.0003416986236
131581	0.002520145232
131582	0.006274835584
131583	0.005214475194
131584	0.0003929585264
131585	0.001256482662
131586	0.001937892082
131587	0.002246869545
131588	0.001414605446
131589	0.001291215693
131590	0.001442322443
131591	0.0002989275313
131592	0.0004553913483
131593	0.006768440282
131594	0.002318488116
131595	0.002040300038
131596	0.000839023087
131597	0.0003239903305
131598	0.003969289044
131599	0.002408388772
131600	0.001082228019
131601	0.0001170090804
131602	0.0003673590699
131603	0.00303576794
131604	0.001414388579
131605	0.004077155928
131606	0.003015721274
131607	2.213324543e-05
131608	0.002214553975
131609	0.0001390731484
131610	0.0006108044854
131611	0.0002146811208
131612	0.002323426895
131613	0.0001249576871
131614	0.00373336484
131615	0.001589883147
131616	0.000676708684
131617	0.004850570002
131618	0.003355825526
131619	0.000370356782
131620	0.0003447751707
131621	0.0002231885341
131622	0.002648949478
131623	0.0002643477724
131624	0.000548778239
131625	0.002111742064
131626	0.001161627711
131627	0.002664633296
131628	0.0007019994246
131629	0.003146623163
131630	0.0006771654127
131631	0.001859392852
131632	0.00249526807
131633	0.004802361531
131634	0.003302469814
131635	0.005666689424
131636	0.0005341234097
131637	0.00105355473
131638	0.0006458349745
131639	0.0002483494804
131640	0.004177173976
131641	0.0001288621741
131642	0.001465552412
131643	0.004326315169
131644	0.0005270065583
131645	0.002133932319
131646	0.0008925487845
131647	0.003223867918
131648	0.0008122107441
131649	0.003448347416
131650	0.006275155215
131651	0.0001926708329
131652	0.003725691021
131653	0.005225853756
131654	0.0005623226746
131655	7.272718379e-05
131656	0.001698757496
131657	0.0004592447091
131658	0.001306829313
131659	8.137344878e-05
131660	0.001034519726
131661	0.004773252556
131662	0.003657474168
131663	0.002054388295
131664	0.001723008297
131665	0.0006064422587
131666	0.0006017940548
131667	0.0008114586706
131668	0.006409992233
131669	0.004500453371
131670	0.001017021676
131671	0.001624661886
131672	0.003115784926
131673	0.0002671614865
131674	0.0001682629604
131675	0.0004486034701
131676	0.0005645534727
131677	0.0003230336615
131678	0.0002015411296
131679	0.003636043253
131680	0.005772477373
131681	0.0009038363529
131682	0.006274753161
131683	4.054306489e-05
131684	0.001488133076
131685	0.0003397593537
131686	0.0004820429101
131687	0.000415595952
131688	0.0001965348871
131689	0.000493168896
131690	0.001142492733
131691	0.0003965654371
131692	9.726771274e-05
131693	0.0008948096765
131694	0.0003030660753
131695	0.0006628299695
131696	0.002624092279
131697	0.004758720323
131698	0.001035986693
131699	0.005283240324
131700	0.002759610445
131701	6.344048779e-05
131702	0.002898961837
131703	0.0008655965922
131704	0.0008223177321
131705	0.001962262687
131706	0.004134533503
131707	0.002238203963
131708	0.001234917377
131709	0.004963307132
131710	0.000397148606
131711	0.002733793846
131712	0.004248382388
131713	0.001140075974
131714	0.006282686801
131715	0.001056775521
131716	0.0007542689362
131717	2.155305509e-05
131718	0.0006579181394
131719	0.001208982137
131720	0.001017497732
131721	0.006810554221
131722	0.00111831652
131723	0.000431554492
131724	0.0009123596261
131725	0.000606897327
131726	0.0009482212168
131727	0.0006182940897
131728	0.00118963983
131729	0.0003596095264
131730	0.0005842503179
131731	0.0001624258409
131732	0.0001988542026
131733	0.001210889758
131734	0.0007033103898
131735	0.000419988462
131736	0.0005026920018
131737	0.0009518361643
131738	0.00068904964
131739	0.0001419373105
131740	0.0003753085019
131741	0.0005169099441
131742	0.0005025190554
131743	0.005204974254
131744	0.002011825773
131745	0.001109213654
131746	0.0008837270924
131747	0.0007204918383
131748	0.002675887468
131749	0.001682984398
131750	0.0009178786975
131751	0.003087585314
131752	0.002365012563
131753	0.002723657844
131754	0.002328688321
131755	0.0002884120196
131756	0.0007367005327
131757	0.0001461330063
131758	0.001182529431
131759	0.0003420732908
131760	0.002449801613
131761	0.0003255374687
131762	0.0006022517001
131763	0.00204067221
131764	0.0006838346846
131765	0.0003986449864
131766	0.005353791206
131767	0.0002780736629
131768	0.002379360159
131769	0.002069908004
131770	0.0001550887736
131771	0.0006426191403
131772	0.0007170835429
131773	0.0001325762591
131774	0.001983499338
131775	0.002310141433
131776	0.006565689296
131777	0.0008720573772
131778	0.007680362066
131779	0.007463730802
131780	0.007153780835
131781	0.008509430424
131782	0.0001286442817
131783	0.006517012188
131784	0.007955971317
131785	0.00670946225
131786	0.006677165096
131787	0.007038468712
131788	0.007381169421
131789	0.0009347962764
131790	0.004132439983
131791	0.003594901759
131792	0.001685362721
131793	0.0003294945702
131794	0.009268994008
131795	0.006982977043
131796	0.006701050589
131797	0.01029497667
131798	0.006612791319
131799	0.0001614107011
131800	0.007717084643
131801	0.002948722043
131802	0.001220723375
131803	0.007259824317
131804	0.005260289289
131805	0.001749854508
131806	0.000330054457
131807	0.005340694839
131808	0.002138927371
131809	0.006575133474
131810	0.001547444257
131811	0.006198356063
131812	0.008908938187
131813	0.00195402388
131814	0.005866763887
131815	0.001286543385
131816	0.007735374365
131817	0.00694025547
131818	0.006988292544
131819	0.006760061645
131820	0.008067303257
131821	0.008270049972
131822	0.004223081446
131823	0.0005308987276
131824	0.0006767009911
131825	0
131826	0.002161619523
131827	0.003429064272
131828	0.000124625874
131829	0.002917914069
131830	0.00105196174
131831	0.005716235352
131832	0.0001457055794
131833	0.0007857363741
131834	0.005115672406
131835	0.007289044764
131836	0.001353895783
131837	0.0002857154947
131838	0.007650737328
131839	0.001395403807
131840	0.003151196841
131841	0.004407040374
131842	0.000424912703
131843	0.004088593236
131844	0.0006494566173
131845	0.002878515592
131846	0.002566898578
131847	0.005363321518
131848	0.004776118111
131849	0.005315735547
131850	0.001804409303
131851	0
131852	0.001635318289
131853	0.00503757988
131854	0.002010673688
131855	0.000233813722
131856	0.001054745513
131857	0.009742117426
131858	0.001663600784
131859	0.001463133275
131860	0.004468707202
131861	0.005569400528
131862	0.002915665253
131863	0.005694118576
131864	0.001692741686
131865	0.001086138757
131866	0.003055078738
131867	0.0001893221698
131868	6.071637971e-05
131869	0.005212921599
131870	0.0007404928627
131871	0.001604626748
131872	0.001504145919
131873	0.0006053085211
131874	0.0001993099287
131875	0.002408880517
131876	0.002177453974
131877	0.001778334548
131878	0.002386455274
131879	0.0005104745685
131880	0.00315482065
131881	0.001241309787
131882	0.00629807567
131883	0.002252006982
131884	0.001559087128
131885	0.003244859104
131886	0.001624566427
131887	0.004391212968
131888	0.005550199423
131889	0.002396853268
131890	0.0008430909195
131891	0.001515443577
131892	0.0009635677503
131893	0.001977629894
131894	0.00635594881
131895	0.001514431026
131896	0.001618868215
131897	0.001214294761
131898	0.002351437393
131899	0.00466015953
131900	0.0005016943189
131901	0.002714975038
131902	0.0004526381039
131903	0.004044318939
131904	0.003224034077
131905	0.0002559817728
131906	0.0004176647277
131907	0.002493071786
131908	0.001662097393
131909	0.003051682311
131910	0.002620403153
131911	0.002872565638
131912	0.003392073697
131913	0.001597415822
131914	0.002609085291
131915	0.003593825576
131916	0.007471053992
131917	0.0005806614593
131918	0.001842711789
131919	0.002048328099
131920	0.0006811639678
131921	0.002306781307
131922	0.005713729174
131923	0.001525132167
131924	0.009511245133
131925	0.003663782447
131926	0.001128115465
131927	0.009261563855
131928	0.0006099059927
131929	0.0002709109798
131930	0.004163441317
131931	0.0007142420764
131932	0.001048714259
131933	0.00492055334
131934	0.001910998066
131935	0.0008442058438
131936	0.002679757102
131937	0.002531847772
131938	0.001229880516
131939	0.00264838404
131940	0.002723866917
131941	0.005362624274
131942	0.006961543963
131943	9.74192176e-05
131944	0.0009305683409
131945	0.0008058383032
131946	0.001340123679
131947	0.002209497447
131948	0.004254642281
131949	0.007234167659
131950	0.003285206626
131951	0.001211696029
131952	0.0009499571763
131953	0.003521373863
131954	0.00399437389
131955	0.0005716478681
131956	0.005343021597
131957	0.00192813272
131958	0.001296021521
131959	0.0002611022186
131960	0.004007147559
131961	0.0002201608997
131962	0.005540366109
131963	0.004865540963
131964	0.001927537946
131965	0.007849320557
131966	0.0009439475178
131967	0.002582501209
131968	0.0005896727318
131969	0.0006108367578
131970	0.002386677886
131971	0.0028890809
131972	0.0003780875841
131973	0.002207108097
131974	0.0003139484259
131975	0.003243869822
131976	0.0008435517048
131977	0.002859742798
131978	0.007984385383
131979	0.003069953025
131980	0.001363911327
131981	0.001399642748
131982	0.001011519529
131983	0.002842103701
131984	0.004289276865
131985	0.005821948215
131986	0.0005639276439
131987	0.00757297957
131988	0.003036158845
131989	0.001948109736
131990	5.70409409e-05
131991	0.005452491244
131992	0.002449895478
131993	0.003069288161
131994	0.001874799883
131995	0.004199829824
131996	0.0001551300321
131997	0.006911788428
131998	0.003615461276
131999	0.0004705515922
132000	0.002658250205
132001	0.0003833841662
132002	0.001458120217
132003	0.002170933226
132004	0.0002046825837
132005	0.0005806760901
132006	0.001596311277
132007	0.001457770427
132008	0.001885271015
132009	0.001371114487
132010	0.001302283735
132011	0.001970514204
132012	0.007616866497
132013	0.000527790523
132014	0.0001795215321
132015	0.001569020454
132016	0.005204060913
132017	0.008554899544
132018	0.002736578656
132019	0.003354142347
132020	0.004620027487
132021	0.002831631263
132022	0.001682651492
132023	0.001189969874
132024	0.003996828658
132025	0.0007877167693
132026	0.000379132404
132027	0.001337521686
132028	0.0009594823732
132029	0.0009857613848
132030	0.0005218582928
132031	0.005512720248
132032	0.005253674505
132033	0.002544304176
132034	0.004527533248
132035	0.00294745479
132036	0.001783853792
132037	0.004092631485
132038	0.001579317344
132039	0.00167704068
132040	0.00152903338
132041	0.0005167397418
132042	0.005286618576
132043	0.002462954191
132044	0.001630852812
132045	0.006852544214
132046	0.006473919867
132047	0.003480934084
132048	0.001388416314
132049	0.0009070911153
132050	0.001066053888
132051	0.0007450712802
132052	0.001550595962
132053	0.002552504405
132054	0.004960075738
132055	0.00258593839
132056	0.002803389848
132057	0.007897396735
132058	0.002772389996
132059	0.0005286236525
132060	0.001781751932
132061	0.0007464986745
132062	3.069025857e-05
132063	0.001390897527
132064	3.806855972e-05
132065	0.002864356336
132066	0.0007084577184
132067	0.0006302702002
132068	0.0004556884993
132069	0.0002291303939
132070	0.0005666113758
132071	0.001660602866
132072	0.003802404274
132073	0.0001792247768
132074	0.0001125437342
132075	0.0003554037289
132076	0.0004558704127
132077	0.0004944820048
132078	0.0008846536746
132079	0.0007196688863
132080	0.001155486672
132081	0.0004398298597
132082	0.001912673479
132083	2.427620354e-05
132084	0.0008309406513
132085	0
132086	0.0008511145807
132087	0.0003825407231
132088	0.0002922660669
132089	0.0003219102019
132090	0.0004798761118
132091	0.0005137028957
132092	0.0008604962288
132093	0.0003118404376
132094	0.001295633371
132095	0.001113036707
132096	0.00236740549
132097	0.0003522215592
132098	0.0001952884791
132099	0.003230729467
132100	0.0008929243545
132101	0.0007696840807
132102	0.001721690417
132103	0.0004959583593
132104	0.001498262765
132105	0.00842258916
132106	0.00471648924
132107	0.005080165397
132108	0.0004862853158
132109	0.000123247405
132110	0.0008299959338
132111	0.005147771923
132112	0.004177777583
132113	0.001952446989
132114	0.0005054990944
132115	0.008320092912
132116	0.00394630401
132117	0.001572826733
132118	0.0003186478609
132119	5.945081401e-06
132120	6.597051036e-05
132121	0.0005611354772
132122	0.001683466948
132123	0.001625380854
132124	0.0003299047159
132125	0.0006116397804
132126	0.005593150349
132127	0.002034400265
132128	0.007225694083
132129	0.000331088136
132130	0.0017743473
132131	0.001318674889
132132	0.002921016915
132133	0.0001248517648
132134	0.003580185392
132135	0.0001527831523
132136	0.0006454674002
132137	0.001972053552
132138	0.0003678140836
132139	0.0002962699273
132140	0.001122538197
132141	0.005983331431
132142	0.0001751546688
132143	0.000498555758
132144	0.0003244796269
132145	0.0008276985651
132146	1.885087077e-06
132147	0.0008207212617
132148	0.004155048026
132149	0.004233129844
132150	0.002590266869
132151	0.003160913814
132152	0.0009570145257
132153	0.003140501812
132154	0.00243842558
132155	0.000302332356
132156	0.002989671017
132157	0.005593294246
132158	0.001948632725
132159	0.00111964963
132160	0.001800058921
132161	0.002869399457
132162	0.0006283926047
132163	0.0006030752252
132164	0.0007149514377
132165	0.003217894736
132166	0.001285158115
132167	0.001476907839
132168	0.005187499299
132169	0.001343449904
132170	0.002663808794
132171	0.006732553492
132172	0.001504676038
132173	0.001749520711
132174	2.071236202e-05
132175	0.000777135831
132176	3.600872491e-05
132177	0.006001333527
132178	0.0006932089027
132179	0.0006165983692
132180	0.00151577006
132181	0.002076368036
132182	0.0006998025068
132183	0.0006836664082
132184	0.004597623992
132185	0.0003875154978
132186	0.002603307458
132187	0.0006416590216
132188	0.001717891204
132189	0.0004680405462
132190	0.003734143258
132191	0.001212008299
132192	0.00125194107
132193	0.002609758327
132194	0.007448769343
132195	7.226279909e-05
132196	0.0005462366172
132197	0.007962590857
132198	0.0002013083012
132199	0.0007066573205
132200	0.001604221385
132201	0.002493367934
132202	0.001576332498
132203	0.002909946343
132204	0.002707925529
132205	0.0009990512636
132206	0.0001414553131
132207	0.0002523067447
132208	0.003322718494
132209	0.001234713657
132210	0.001434618362
132211	0.003757304418
132212	0.001338622855
132213	0.0004638557647
132214	0.003040512791
132215	0.0005854633853
132216	0.001734170157
132217	0.001395540916
132218	0.0004920122701
132219	4.301053555e-05
132220	0.0003691491727
132221	0.002300918808
132222	0.0007649084284
132223	0.001098010118
132224	0.002034153461
132225	0.001565583366
132226	0.0004516225444
132227	0.001148191232
132228	0.0007931535406
132229	0.0007558842024
132230	0.001610650332
132231	0.000873305559
132232	0.001075605924
132233	0.001537360368
132234	0.0005162545191
132235	0.000470036733
132236	0.001626890023
132237	0.004192362631
132238	0.002860960772
132239	0.0002221011941
132240	0.001999668746
132241	0.001803569275
132242	0.0008620866676
132243	0.002763664974
132244	0.0007368565429
132245	0.002478887015
132246	0.003979647042
132247	0.002607802607
132248	0.0005079426958
132249	9.44008763e-05
132250	0.003464195748
132251	0.00121357648
132252	0.0005323936306
132253	0.0007634601759
132254	0.004947197469
132255	0.004621435157
132256	0.0007001874095
132257	0.006094105423
132258	0.003356214012
132259	3.829180601e-05
132260	0.001680536309
132261	0.003736162389
132262	0.001574589597
132263	0.0001535114372
132264	0.003082556747
132265	0.00511407674
132266	0.0008257212828
132267	0.000475052177
132268	0.0002979189719
132269	0.001848189916
132270	0.0004183019814
132271	0.0008306048856
132272	0.002422357922
132273	0.00154905422
132274	0.0006833100225
132275	0.001619981461
132276	0.002510810254
132277	0.001940143858
132278	0.002809729437
132279	0.001694302004
132280	0.0007937020108
132281	0.001039465627
132282	0.0006909614626
132283	0.0008072645733
132284	0.00408821262
132285	7.929737162e-05
132286	0.0004934024726
132287	0.0002639109659
132288	0.003749018533
132289	0.002835989781
132290	0.007033624765
132291	0.004544244509
132292	0.00271480798
132293	0.0005313776589
132294	0.004833217762
132295	0.0008350637607
132296	0.001117474625
132297	0.003074053005
132298	0.001782244995
132299	0.001754893505
132300	0.006205670252
132301	8.046772867e-05
132302	0.0002813091472
132303	0.001918765599
132304	0.002501616613
132305	8.611393682e-06
132306	0.0009917043445
132307	0.001745826253
132308	0.003915634695
132309	0.0005636463194
132310	0.008915571963
132311	0.002976907721
132312	0.001707550564
132313	0.002601190435
132314	0.001361507038
132315	0.003033045985
132316	3.581593655e-05
132317	0.000830002693
132318	0.003237716378
132319	0.0002243377449
132320	0.0003034723796
132321	0.0006358266855
132322	0.002485153017
132323	0.002344417362
132324	0.001760147641
132325	0.001054509761
132326	0.0001273760039
132327	0.000486037944
132328	0.002394691012
132329	0.001933658488
132330	0.001497903344
132331	0.004514876105
132332	0.003335135029
132333	0.0006299349659
132334	0.005681349753
132335	0.002389119709
132336	0.0006602816681
132337	0.001653103858
132338	0.002020541576
132339	0.0009035326731
132340	0.00439785053
132341	0.0023306949
132342	0.0007837144312
132343	0.002902065084
132344	0.001017430693
132345	0.001446183223
132346	0.003141952412
132347	0.000694526757
132348	9.037498355e-05
132349	0.001699184313
132350	6.971585009e-05
132351	0.0002941131793
132352	0.0005318350329
132353	0.0002623381251
132354	0.001036022446
132355	0.0003406747769
132356	0.007383660483
132357	0.003238181008
132358	0.003143021
132359	0.004228295949
132360	0.005115907387
132361	0.001171868513
132362	3.973536569e-05
132363	0.0008360208909
132364	0.0002057078744
132365	7.760782224e-05
132366	0.001790142716
132367	0.002820485355
132368	0.0001285233708
132369	0.004995738761
132370	0.0008040377092
132371	0.0001975182546
132372	0.00143205312
132373	0.004277645181
132374	0.001297751282
132375	0.001161928897
132376	0.000795888752
132377	0.0006914289697
132378	0.002804681737
132379	0.001414909732
132380	0.0005267792191
132381	0.001805953813
132382	0.000403550393
132383	0.0008863037913
132384	0.001553600339
132385	0.003304299212
132386	0.0002728008301
132387	0.0004569224516
132388	0.000335330362
132389	0.0008636097894
132390	0.001270149575
132391	0.0004561315017
132392	0.0004410085297
132393	0.003423445117
132394	0.002843546735
132395	0.002711614275
132396	0.008464008917
132397	0.0006574255769
132398	0.0008994546666
132399	0.009537007771
132400	0.002168216912
132401	0.001297116455
132402	0.0008032524125
132403	0.002116691269
132404	0.0001860992226
132405	0.001445093964
132406	0.0002242607165
132407	0.003344139187
132408	0.002242398584
132409	0.0002550578346
132410	0.00646240341
132411	0.001281775213
132412	0.001386813771
132413	0.0004198423665
132414	0.001102785333
132415	0.002269941662
132416	0.001770467785
132417	0.004651104604
132418	0.002068017792
132419	0.001669637263
132420	0.0009283216548
132421	0.002224323006
132422	0.0003560356515
132423	0.002919509188
132424	0.005105771242
132425	0.001301694136
132426	0.0002866474512
132427	0.00233418131
132428	0.00673140551
132429	0.004071871947
132430	0.002179485827
132431	0.0006511301552
132432	0.005029583161
132433	0.002915795063
132434	0.00682654374
132435	0.00148539027
132436	0.005397371046
132437	0.001929811988
132438	0.0006515571004
132439	0.002723936325
132440	0.000724989615
132441	0.001887902585
132442	0.0004127528109
132443	0.002408400153
132444	7.864515841e-05
132445	0.005924750948
132446	0.005284500051
132447	0.0008212865958
132448	0.0004904596334
132449	0.007882061568
132450	0.0006385279113
132451	2.559320793e-05
132452	0.005612265948
132453	0.00411268504
132454	0.00251847473
132455	0.0005338026297
132456	0.003108014054
132457	2.989946643e-05
132458	0.001041151242
132459	0.003265244839
132460	0.003362902915
132461	0.000328684751
132462	0.002623744275
132463	0.001615962088
132464	0.00103108993
132465	0.0002360323495
132466	8.511088637e-05
132467	0.0005237199188
132468	0.005050400469
132469	0.002502548169
132470	0.004028698509
132471	0.003523466507
132472	0.001443296263
132473	0.001225170114
132474	0.001235747319
132475	0.0006101189746
132476	0.0004326744968
132477	0.001368249922
132478	0.005656509258
132479	0.002990488165
132480	0.00127876971
132481	0.001881316205
132482	0.004936360688
132483	0.001503094758
132484	0.001925193421
132485	0.0006628265671
132486	0.001235466121
132487	9.116143818e-05
132488	0.00060549582
132489	0.006394951186
132490	0.003361907589
132491	0.002665280308
132492	0.002191494033
132493	0.001213526065
132494	0.00137878914
132495	0.004113098284
132496	0.0002657804422
132497	0.0006997346121
132498	0.0003610717604
132499	0.006458725933
132500	0.00170067055
132501	0.003058491398
132502	0.001210416163
132503	0.0001657159291
132504	0.001206383214
132505	0.006206566833
132506	0.001756481141
132507	0.001770813554
132508	2.387835136e-05
132509	0.004075161001
132510	0.005664608016
132511	0.008216096254
132512	0.002803069599
132513	0.002571557797
132514	0.0003746777476
132515	0.0006396431079
132516	0.002503837632
132517	0.002023064837
132518	0.006819969174
132519	7.717064478e-05
132520	0.0003348439904
132521	0.0004412215465
132522	9.636390919e-05
132523	0.000201676305
132524	0.000306303121
132525	0.001295740211
132526	0.002619112668
132527	0.003640727856
132528	5.37317816e-05
132529	0.000177473781
132530	0.008358354301
132531	0.001364801096
132532	0.00234436107
132533	0.001784790708
132534	0.0003641997028
132535	0.003530400277
132536	0.003985135006
132537	0
132538	0.001552811102
132539	0.002571602868
132540	0.0004081771753
132541	0.0001128052176
132542	0.005705427061
132543	0.002682959215
132544	0.0009958382847
132545	0.006284393305
132546	0.0007603784258
132547	0.001010664421
132548	0.004236675572
132549	0.001821130298
132550	0.002456940818
132551	0.0002287779982
132552	0.01037249941
132553	0.0008584133142
132554	0.002451103866
132555	0.000615010666
132556	0.005262327598
132557	0.004341545777
132558	0.0003475775216
132559	0.002063808838
132560	0.002040340311
132561	0.0004831065827
132562	0.0007301664973
132563	0.0009511199705
132564	0.001234855369
132565	0.0002860677359
132566	0.006670466495
132567	0.0015513292
132568	0.001288379369
132569	5.886482324e-07
132570	0.003068489328
132571	0.001439481859
132572	0.00282474379
132573	0.00105282617
132574	0.002409361789
132575	0.0008510885514
132576	0.0023116141
132577	0.000336181827
132578	0.004846614544
132579	0.001523984128
132580	0.004199966411
132581	0.001265930624
132582	0.002081756024
132583	0.002901009273
132584	0.005885891108
132585	0.00457632412
132586	0.003492001912
132587	0.002099710049
132588	0.002229401693
132589	0.001495526348
132590	0.0003170871499
132591	0.001355392303
132592	0.002378223259
132593	0.0002262484911
132594	0.002086057152
132595	0.001924521296
132596	0.0004758283116
132597	9.728531486e-05
132598	0.002714732442
132599	0.0007100056878
132600	0.001090317612
132601	0.001679741074
132602	0.0001641796194
132603	0.001033750709
132604	0.005387214482
132605	0.001029281876
132606	0.0007762039901
132607	0.002155132114
132608	0.002221904566
132609	0.001413389437
132610	0.002934792781
132611	0.002375213938
132612	0.0006279325083
132613	0.002812100833
132614	0.005746491554
132615	0.0005137742145
132616	0.0002064078476
132617	0.002536669876
132618	0.0005266090687
132619	0.0001279420136
132620	0.0006500539497
132621	0.0003711996632
132622	0.004670705873
132623	0.002655204991
132624	0.000762762179
132625	0.0002539097051
132626	0.002742481138
132627	0.0008104161962
132628	0.001556042542
132629	0.002383612856
132630	0.003933553322
132631	0.001593823521
132632	0.007898681032
132633	0.00221586991
132634	0.005769146809
132635	0.0004723626866
132636	0.003632095253
132637	0.005354574428
132638	0.0008821089238
132639	0.0002080177875
132640	0.002386075458
132641	0.004001281827
132642	0.001372252018
132643	0.003996489676
132644	0.004612541408
132645	1.076302877e-05
132646	0.0004564403169
132647	0.003250921349
132648	0.00205160674
132649	0.005705752153
132650	0.0004598803047
132651	0.0005602349116
132652	0.0008672101597
132653	0.001431860562
132654	0.0009025906689
132655	0.00281321033
132656	0.005854842164
132657	0.002940672217
132658	0.004830264973
132659	0.002425675797
132660	0.004017496812
132661	7.569680656e-05
132662	0.00319935621
132663	0.001841541704
132664	0.004354429735
132665	0.001676813763
132666	2.066898525e-05
132667	0.002508515604
132668	3.521831127e-05
132669	2.139737951e-05
132670	0.002136911667
132671	0.001487742477
132672	0.0003419434207
132673	0.004585864638
132674	0.002436706118
132675	0.001528262439
132676	0.0008373749989
132677	0.0002576738703
132678	0.002771744421
132679	0.004117739889
132680	0.0005478895892
132681	0.003417480664
132682	0.0004491515994
132683	0.0001509285676
132684	0.003441066303
132685	0.003085342869
132686	0.001091637463
132687	0.00100445019
132688	0.003591789966
132689	0.003284294196
132690	5.689384257e-05
132691	0.004665500381
132692	0.0003617122713
132693	0.002617858974
132694	0.002299147102
132695	0.002459478328
132696	0.0006124578634
132697	0.002728917394
132698	0.006453517855
132699	0.00288410839
132700	0.000785039899
132701	0.00454928008
132702	0.000751774845
132703	0.003572022199
132704	0.00358709331
132705	0.004290769112
132706	0.000123614082
132707	0.0001788358573
132708	0.000862278985
132709	0.000302639713
132710	0.001565309336
132711	0.0006702450761
132712	0.004279844512
132713	0.005490398961
132714	0.001989998463
132715	0.002936806386
132716	0.004834259606
132717	0.002729510896
132718	0.0005928993588
132719	0.001627350805
132720	0.002750290779
132721	0.0003457306318
132722	0.001230667766
132723	0.0007037286718
132724	0.001472256105
132725	0.0009667006211
132726	0.002218465419
132727	0.002962971825
132728	0.001404112555
132729	0.001485330646
132730	0.00243285216
132731	0.0006433901234
132732	0.0008565615845
132733	0.0005099513664
132734	0.0002590801196
132735	0.0003009211144
132736	0.0004788856563
132737	2.048940154e-05
132738	0.001206094952
132739	0.00110818934
132740	0.0005380477343
132741	0.002993061539
132742	0.0004230310077
132743	0.004671443264
132744	0.002326438498
132745	0.005925793156
132746	0.000980805992
132747	0.002130720278
132748	0.004864092841
132749	0.003913594684
132750	0.00320716093
132751	0.002293767061
132752	0.003091669373
132753	0.005555025484
132754	0.002184629891
132755	0.003612278673
132756	0.0007455969665
132757	0.0004249386486
132758	0.0005850975166
132759	0.006064730507
132760	0.0001703354358
132761	0.0001234550437
132762	0.003087221941
132763	0.0009992933994
132764	0.001155251935
132765	0.0003478905835
132766	0.005301451678
132767	0.004623848063
132768	1.348633312e-05
132769	0.0001207346298
132770	0.0001838700253
132771	0.0002321538932
132772	0.005726439562
132773	0.001122603823
132774	0.006815816842
132775	0.000787579675
132776	0.0005262095501
132777	0.0007865730223
132778	0.0006468833538
132779	0.001017353327
132780	0.0002208304749
132781	0.005438113719
132782	0.0002684660359
132783	0.003332741708
132784	0.002663145708
132785	0.008188802226
132786	0.001478976696
132787	0.0007807425904
132788	0.00167457297
132789	5.203173871e-05
132790	0.001016752221
132791	0.002960138152
132792	0.0005843334204
132793	0.0004922021295
132794	0.001281149762
132795	0.005612366427
132796	0.002334293808
132797	0.0003068991011
132798	0.004198010699
132799	0.000914089116
132800	0.0009516494326
132801	0.001240385765
132802	0.001340734568
132803	0.001278075901
132804	2.383985909e-05
132805	0.001423368214
132806	0.002528870885
132807	0.0006428168539
132808	0.001841007943
132809	0.001320707356
132810	0.0004105186277
132811	7.243510648e-05
132812	0.0006804304998
132813	0.004881423932
132814	0.001620736307
132815	0.000405180237
132816	0.003373755937
132817	0.0002327365265
132818	0.001495700798
132819	0.0003540917018
132820	0.0002403171922
132821	0.003934942225
132822	0.003097485797
132823	0.0005279151434
132824	0.003566712309
132825	0.001884603053
132826	0.002532771048
132827	0.0001470491551
132828	0.001064988325
132829	0.001139820839
132830	0.001953724431
132831	0.007160032005
132832	0.0001795439232
132833	9.139214259e-05
132834	0.002250168598
132835	0.004527963795
132836	0.0003958388918
132837	0.0001071769803
132838	0.001918669586
132839	0.0006420667334
132840	0.003583697615
132841	0.001189491799
132842	0.002939238942
132843	0.001974932092
132844	0.001796278294
132845	0.003037391673
132846	0.0004762354824
132847	0.001863910386
132848	0.003354731354
132849	0.003252192619
132850	0.006672055603
132851	0.0004628021488
132852	0.004951282505
132853	0.0007851575296
132854	0.003694267393
132855	0.0007609973837
132856	0.001628264733
132857	0.003559906596
132858	0.001944896413
132859	0.001555639272
132860	0.004031134115
132861	0.001141827972
132862	0.0006780856219
132863	0.0009967218227
132864	0.001920135861
132865	0.001301944602
132866	0.001556318946
132867	0.00224557459
132868	0.005160498088
132869	0.008939287912
132870	0.00363472693
132871	0.006027255419
132872	0.007360646929
132873	0.001355951241
132874	0.008374715971
132875	0.0005079610751
132876	0.01270270668
132877	0.008710205765
132878	0.001338151111
132879	0.0009742825289
132880	1.352005706e-05
132881	0.001518074493
132882	0.0006754503222
132883	0.002602668897
132884	0.00117595485
132885	0.0009098461921
132886	0.001104730222
132887	0.0005329087065
132888	0.0002804497873
132889	0.003077735209
132890	0.001463717856
132891	0.001337400119
132892	0.004586000429
132893	0.005425299734
132894	0.002044985
132895	0.003739264554
132896	0.002018798016
132897	0.0004403860766
132898	0.005402525861
132899	0.0004302723717
132900	0.005166574205
132901	0.001475348718
132902	0.001769956506
132903	0.002423207239
132904	0.001556820316
132905	0.002671514748
132906	0.003231560222
132907	0.002741236242
132908	0.003093102619
132909	0.004952671455
132910	0.001777789744
132911	0.00217128365
132912	0.003043705924
132913	0.0009955339716
132914	0.004370690235
132915	8.542889286e-06
132916	0.002530595562
132917	0.0009706234088
132918	0.000323872612
132919	0.002642970647
132920	0.002529118059
132921	0.006009524109
132922	0.001849021641
132923	0.00155487422
132924	0.0006595345888
132925	0.002469273973
132926	0.005838219336
132927	0.0034109931
132928	3.58412883e-05
132929	0.0002486419329
132930	0.001662454904
132931	0.002061223288
132932	0.002159554129
132933	0.000208561593
132934	0.002994505741
132935	0.001783955678
132936	0.00331186296
132937	0.00367486843
132938	0.002301298339
132939	0.001464742534
132940	0.00300843197
132941	0.000341619255
132942	0.001150758023
132943	0.004241172426
132944	0.001391115321
132945	0.001144032801
132946	0.0006523332561
132947	0.0004832412491
132948	0.0002108430936
132949	0.0003465589984
132950	0.001971647191
132951	5.945245374e-05
132952	0.0005444037713
132953	0.0002679415658
132954	0.0005704248668
132955	2.554501116e-05
132956	0.0008351424901
132957	1.823413205e-05
132958	0.0006147286205
132959	3.684055409e-08
132960	2.456036939e-08
132961	0.0001443571587
132962	0.001212376227
132963	0.0008402551688
132964	0.002425221339
132965	0.001280272815
132966	6.637352199e-05
132967	0.002227374791
132968	0.003696193821
132969	0.0001389023702
132970	0.0006225845911
132971	0.0006354214769
132972	0.0004152798127
132973	0.0001547117684
132974	0.001087430064
132975	0.0007716013192
132976	0.0009515295927
132977	0.001128627616
132978	0.000647457608
132979	0.0001533704359
132980	0.000438128184
132981	0.0002506022704
132982	0.001374985926
132983	0.002372909125
132984	0.001443642684
132985	0.005454127325
132986	0.002674703577
132987	0.002843127537
132988	0.006654945156
132989	0.001332451847
132990	0.001145743959
132991	0.0005662070788
132992	0.000652341594
132993	0.004173432845
132994	0.0009104679366
132995	0.00158969983
132996	0.003889346583
132997	0.002761470553
132998	0.0009467046493
132999	0.002471660143
133000	0.001989783494
133001	0.0008715272995
133002	0.0006329727345
133003	0.00113176038
133004	0.002191634564
133005	0.0001040584995
133006	0.0009952726152
133007	0.0008250770843
133008	0.0009468541293
133009	0.002021750775
133010	0.0002869271107
133011	0.0007214434507
133012	0.00213831946
133013	0.0006031167935
133014	0.0009556744289
133015	0.001117532635
133016	0.0007088154071
133017	0.001075708879
133018	0.000160423517
133019	0.0008049168135
133020	0.0009589934783
133021	0.003103143657
133022	0.004791441292
133023	0.004827396077
133024	0.004614579196
133025	0.004734107984
133026	0.004350701878
133027	0.004343250009
133028	0.004442718816
133029	0.005080135823
133030	0.004421981305
133031	0.004903709884
133032	0.004527971847
133033	0.004676559344
133034	0.004764630223
133035	0.004491524515
133036	0.004412576177
133037	0.004854245382
133038	0.002878234468
133039	0.001015962218
133040	0.00374236233
133041	0.004254591054
133042	0.004721717581
133043	0.004434066506
133044	0.003993542672
133045	0.005422616221
133046	0.004913281539
133047	0.005221165799
133048	0.004460856804
133049	0.004512058924
133050	0.003966601495
133051	0.004024974427
133052	0.004272556564
133053	0.004607841018
133054	0.004571246861
133055	0.004926884727
133056	0.004609843578
133057	0.00455369502
133058	0.0043222916
133059	0.005054163615
133060	0.004541402304
133061	0.003537262597
133062	0.004041640504
133063	0.005488365781
133064	0.004586191851
133065	0.004647858676
133066	0.004573073355
133067	0.004855525954
133068	0.004397686294
133069	0.004837852352
133070	0.004909960074
133071	0.004032485035
133072	0.005054817017
133073	0.004637763735
133074	0.004413541494
133075	0.004257502358
133076	0.00436381242
133077	0.004435992939
133078	0.003988492437
133079	0.004656050841
133080	0.003584132908
133081	0.004719442695
133082	0.00411671635
133083	0.004156520027
133084	0.004627911898
133085	0.004051542409
133086	0.004124543764
133087	0.004444570148
133088	0.004394884887
133089	0.004351934227
133090	0.004580543528
133091	0.005099937545
133092	0.004177611898
133093	0.004374184236
133094	0.004237342869
133095	0.004710545608
133096	0.004566626011
133097	0.004247793105
133098	0.003776192366
133099	0.003737428057
133100	0.004935463364
133101	0.004834087144
133102	0.004511525196
133103	0.005742131704
133104	0.004672339371
133105	0.004382232946
133106	0.00472793523
133107	0.003796385659
133108	0.004098532254
133109	0.004318656067
133110	0.004188055349
133111	0.004379250712
133112	0.004274357818
133113	0.002698833335
133114	0.004637721152
133115	0.00413394148
133116	0.004767849036
133117	0.004283537622
133118	0.004643209625
133119	0.00460316311
133120	0.004632913056
133121	0.00448055596
133122	0.004323245316
133123	0.004296566567
133124	0.00476728868
133125	0.003721183968
133126	0.004836403317
133127	0.00454170422
133128	0.004776628325
133129	0.00458902312
133130	0.004725181876
133131	0.00425116916
133132	0.004622163341
133133	0.004421704335
133134	0.004651909798
133135	0.004571655108
133136	0.004106064511
133137	0.004679650125
133138	0.005236041742
133139	0.004031154702
133140	0.004082164082
133141	0.001348904945
133142	0.004628778843
133143	0.003373356681
133144	0.003496925253
133145	0.004235827567
133146	0.00407178041
133147	0.003985194349
133148	0.003862922225
133149	0.00468422709
133150	0.004325882948
133151	0.004278287642
133152	0.00502074704
133153	0.003919092124
133154	0.004585289444
133155	0.00486906069
133156	0.004059453126
133157	0.004481791356
133158	0.004216030539
133159	0.003925421793
133160	0.005024175509
133161	0.004446969113
133162	0.004203395516
133163	0.004422839673
133164	0.004231757734
133165	0.005013912031
133166	0.004845632558
133167	0.004000193286
133168	0.004690581334
133169	0.004902966601
133170	0.004048546324
133171	0.004631709863
133172	0.004161703255
133173	0.004588823438
133174	0.004296525768
133175	0.004757292138
133176	0.004636414495
133177	0.004243461122
133178	0.004757471987
133179	0.004498622143
133180	0.004324678551
133181	0.004330719371
133182	0.004393168997
133183	0.004571645228
133184	0.004233878047
133185	0.004745687105
133186	0.005325810794
133187	0.00577922223
133188	0.005081467247
133189	0.004475683328
133190	0.003847493675
133191	0.004409983377
133192	0.003925772841
133193	0.004756037883
133194	0.004556237265
133195	0.004217926458
133196	0.004095503675
133197	0.004256339353
133198	0.004274035278
133199	0.004168263583
133200	0.004279014233
133201	0.004733833722
133202	0.004158416575
133203	0.004505417446
133204	0.004494373672
133205	0.001107945215
133206	0.0031560609
133207	0.004428059141
133208	0.00456925371
133209	0.004423608997
133210	0.00434961894
133211	0.003942546213
133212	0.004567057302
133213	0.004466002004
133214	0.004005495262
133215	0.004429692032
133216	0.004352075215
133217	0.004792079462
133218	0.004361766288
133219	0.004930805941
133220	0.00443655923
133221	0.004633542879
133222	0.004136246911
133223	0.003939624208
133224	0.004019696339
133225	0.00465290753
133226	0.003865676987
133227	0.004350842538
133228	0.004341452395
133229	0.003955835818
133230	0.00422161066
133231	0.003761077706
133232	0.003655284208
133233	0.003360740005
133234	0.004129990425
133235	0.004052605156
133236	0.003939006891
133237	0.004020157682
133238	0.004610509162
133239	0.004151637138
133240	0.004991222298
133241	0.004144456884
133242	0.004075596971
133243	0.004289017972
133244	0.004376922727
133245	0.004276060582
133246	0.004128679419
133247	0.00527243273
133248	0.004486779278
133249	0.005002190943
133250	0.003805740003
133251	0.00453094318
133252	0.004184531088
133253	0.00472901429
133254	0.00461806595
133255	0.004410989368
133256	0.004579244695
133257	0.00487026289
133258	0.004325607966
133259	0.005036786185
133260	0.004104353947
133261	0.004628036977
133262	0.004189350806
133263	0.004368638557
133264	0.003839291778
133265	0.003581575137
133266	0.001912117064
133267	0.004240874108
133268	0.004590590675
133269	0.004004008539
133270	0.004109491103
133271	0.004938146814
133272	0.004436278852
133273	0.004593416464
133274	0.004443991948
133275	0.004625169327
133276	0.00410394052
133277	0.004517763381
133278	0.004416258779
133279	0.004875825926
133280	0.00320194207
133281	0.004490937319
133282	0.004389656843
133283	0.005214090664
133284	0.004061567579
133285	0.001428725181
133286	0.00481644264
133287	0.004189431829
133288	0.004660160918
133289	0.004490598344
133290	0.002926432618
133291	0.004142974628
133292	0.0042070121
133293	0.003977207937
133294	0.004679855677
133295	0.004742687047
133296	0.004258434849
133297	0.00463832267
133298	0.0008755300654
133299	0.0004917397705
133300	0.001383585585
133301	0.0004592852528
133302	0.000712561915
133303	0.000641927732
133304	0.0009863278977
133305	0.005005604338
133306	0.003623475595
133307	0.001386100358
133308	0.001270263415
133309	0.003644723687
133310	0.000478811141
133311	0.004684801163
133312	0.002016636897
133313	0.001780240501
133314	0.003065828371
133315	0.0007223119751
133316	0.002289064108
133317	0.00133342546
133318	0.0001446782652
133319	3.061466324e-05
133320	0.001915563151
133321	0.009047910088
133322	0.003717160946
133323	0.000671638922
133324	0.003481519764
133325	0.002883121847
133326	0.004104754522
133327	0.0015210806
133328	0.001886765352
133329	0.0002204988274
133330	0.003071870898
133331	0.002505739678
133332	0.001855538059
133333	0.000970211065
133334	0.0003549363248
133335	0.001200952967
133336	0.006596373701
133337	0.002339729249
133338	0.000565518768
133339	0.0008764370835
133340	0.001098374712
133341	0.007937927043
133342	0.00208787066
133343	0.001888436882
133344	0.001392578656
133345	0.002688819005
133346	0.0008763630825
133347	0.000537766025
133348	0.005298911971
133349	0.0003525161684
133350	9.366144814e-05
133351	0.0009785851901
133352	0.001235298168
133353	0.0005063370148
133354	0.006200350068
133355	0.002111718646
133356	0.001334046956
133357	0.0003297521421
133358	0.001486036284
133359	0.002843594238
133360	0.0007917251829
133361	0.0009969069592
133362	0.0006401615166
133363	0.001566204753
133364	0.006601295137
133365	0.003441452559
133366	0.0006886761047
133367	0.0004948442277
133368	0.001175261759
133369	0.0003917359652
133370	0.001100035234
133371	0.00100961606
133372	0.00126212763
133373	0.0001667900954
133374	0.001305504515
133375	0.0008617829144
133376	0.001144057474
133377	0.0004449028856
133378	0.0007222041323
133379	0.0006502315612
133380	0.0007885944583
133381	0.0005745604339
133382	0.001403533817
133383	0.0005025297002
133384	0.001826431353
133385	0.0009712258606
133386	0.000498717782
133387	0.000533162128
133388	0.0009736310355
133389	0.0007323257232
133390	0.0006795592268
133391	0.0007672692662
133392	0.0004613052851
133393	0.0004890915682
133394	0.001922014477
133395	0.0009617328192
133396	0.0007945771988
133397	0.001353706013
133398	0.001047561182
133399	0.0008702676123
133400	0.001787039391
133401	0.000498363183
133402	0.0009996579796
133403	0.001070290499
133404	0.0005349901702
133405	0.0006734294001
133406	0.0006834277553
133407	0.0007996684008
133408	0.000789417631
133409	0.0004277708307
133410	0.0003895962284
133411	0.00118217244
133412	0.0008803459079
133413	0.0004654431096
133414	0.0007456526085
133415	0.0005832707118
133416	0.0008185327301
133417	0.001497805399
133418	0.003281226549
133419	0.0002831047721
133420	0.00211037791
133421	0.003129860043
133422	0.002075558079
133423	0.001144506148
133424	0.001416096443
133425	0.006974389029
133426	0
133427	0.004404213922
133428	0.0007638824803
133429	0.004596209374
133430	0.007438016275
133431	0.002176036011
133432	0.002425237669
133433	0.005508521885
133434	0.001523902279
133435	0.00182501412
133436	0.0004575796447
133437	0.0009623681767
133438	0.0006841642887
133439	4.447888807e-06
133440	0.0003778449118
133441	0.004636524049
133442	0.0008290481696
133443	0.001901989239
133444	0.001827989005
133445	0.001837687834
133446	0.0005727268347
133447	0.001880341321
133448	0.003299616405
133449	0.0004764198439
133450	0.003423432502
133451	0.001869206464
133452	0.001958063928
133453	0.0001258037438
133454	0.00559645579
133455	0.0006294835821
133456	0.003529987786
133457	0.002215146387
133458	0.001248174424
133459	0.00614038472
133460	0.002257889198
133461	0.0002674100153
133462	0.000674461054
133463	0.002963841234
133464	0.002529763707
133465	0.005913943652
133466	0.001588356725
133467	0.001122872066
133468	0.0005730671628
133469	0.001884569541
133470	0.002867862333
133471	0.0001051452
133472	0.0001406943235
133473	0.004198521678
133474	0.00444553027
133475	0.001056835738
133476	0.001918993693
133477	0.002088302656
133478	0.001233005894
133479	0.0005322625358
133480	0.007636336052
133481	0.0003981572189
133482	0.002204115316
133483	0.003011053182
133484	6.482869496e-07
133485	0.003414680298
133486	0.00107022848
133487	0.005071139461
133488	0.0005557547141
133489	0.002117574376
133490	0.001675502256
133491	0.0007331293205
133492	0.004268864908
133493	0.000968197127
133494	0.001433479424
133495	0.002779306673
133496	0.004139406917
133497	0.004509464555
133498	0.008346356182
133499	0.001127553844
133500	0.0007748401898
133501	0.002847927781
133502	0.000612984353
133503	0.002592682061
133504	0.0004239865314
133505	0.00502202297
133506	0.002631322338
133507	2.309555096e-05
133508	0.0001095137874
133509	0.003037968281
133510	0.001650214308
133511	0.0007995293613
133512	0.007646676885
133513	0.004508274846
133514	0.0007067461681
133515	0.0002808947469
133516	0.001190642161
133517	0.0009887583131
133518	0.001697095783
133519	0.001469090251
133520	0.0002799956965
133521	0.001151600258
133522	0.002041723727
133523	0.0008463162014
133524	0.00313006444
133525	0.0004851681482
133526	0.006015957896
133527	0.0003145359618
133528	0.0001189955603
133529	0.008411908091
133530	0.004679492028
133531	0.0008833211439
133532	0.001200474932
133533	0.002033173002
133534	0.004120528883
133535	0.001273583642
133536	0.0005138956288
133537	0.001649749407
133538	0.006071139206
133539	0.005361296572
133540	0.0003010661797
133541	0.001493519975
133542	0.006181869342
133543	0.001514308856
133544	0.002062138132
133545	0.0005039208296
133546	0.0003147829308
133547	0.001813826931
133548	0.0003828005692
133549	0.001341729755
133550	0.0008331666172
133551	0.0005980705254
133552	0.0007222650673
133553	0.001165071162
133554	0.0005947365976
133555	0.0007700313113
133556	0.0005778496322
133557	0.0005852900786
133558	0.001276327914
133559	0.001040174179
133560	0.0001352949144
133561	0.0003921482659
133562	0.0006836684297
133563	0.001135416511
133564	0.001817871643
133565	0.001076907868
133566	0.000693058553
133567	0.0008937529496
133568	0.0005970406757
133569	0.000982583069
133570	0.0006016099446
133571	0.0003998309517
133572	0.0006755975029
133573	0.001669369139
133574	0.0005809500001
133575	0.0001706206636
133576	0.000413784624
133577	0.001052143061
133578	0.0006955826332
133579	0.0005461982005
133580	0.0005756446626
133581	0.0006665272842
133582	0.0006326462983
133583	0.0006562413382
133584	0.0008497655162
133585	0.001597470995
133586	0.0008338059067
133587	0.000642354072
133588	0.0008722778584
133589	0.0004064130093
133590	0.001230488467
133591	0.0008588537642
133592	0.0006128908825
133593	0.00131820249
133594	0.0006165388114
133595	0.0006139799546
133596	0.001157437011
133597	0.0007161977111
133598	0.0006272608831
133599	0.000476202069
133600	0.001000617363
133601	0.0004346415676
133602	0.000882975968
133603	0.0008532911416
133604	0.0004742036127
133605	1.245141114e-05
133606	0.0002062523118
133607	0.00108166677
133608	0.0005674337677
133609	0.0009467424522
133610	0.00109403558
133611	7.662287749e-05
133612	0.0006728052602
133613	0.000763430083
133614	0.0008274875429
133615	0.0010042406
133616	0.001310843293
133617	0.0009459230014
133618	0.001435216458
133619	0.0008451527308
133620	0.0005942307759
133621	0.0004912363688
133622	0.0006456472792
133623	0.0007722255338
133624	0.0008377632213
133625	0.0001433356994
133626	0.002868935048
133627	0.0005738997909
133628	0.001033197837
133629	0.0003517186876
133630	0.0006110614012
133631	0.0006417475096
133632	0.001109300693
133633	0.0008365100704
133634	0.001294213112
133635	0.0006408014267
133636	0.0002853039649
133637	0.001386126519
133638	0.0009165554196
133639	0.0003224226449
133640	0.0005982329346
133641	0.0006633177989
133642	0.001288598916
133643	0.0009091015218
133644	0.0008677228901
133645	0.0007796685582
133646	0.0003193157936
133647	0.001132592416
133648	0.003518417155
133649	0.001114232394
133650	0.0007957347727
133651	0.0005232784612
133652	0.0006775311938
133653	0.001126764988
133654	0.00062297056
133655	0.0009328908056
133656	0.001252627366
133657	0.00142280334
133658	0.0009521036841
133659	0.0007593447917
133660	0.0005347535085
133661	0.0006121733639
133662	0.001909286656
133663	0.0005039217125
133664	0.0006724091243
133665	0.001298126996
133666	0.001305414994
133667	0.001456990115
133668	0.001201282257
133669	0.0006411605206
133670	0.001228405817
133671	0.0002668043044
133672	0.0009970260202
133673	0.0005374857926
133674	0.001007353003
133675	0.00192564387
133676	0.0003394796394
133677	0.0005893886457
133678	0.0006874392283
133679	0.001346499893
133680	0.0009122044055
133681	0.001143873555
133682	0.0008136752443
133683	0.001279103828
133684	0.0005931533456
133685	8.312729674e-06
133686	0.001231084457
133687	0.0004041388875
133688	0.0002966493499
133689	0.001063700072
133690	0.0005514873816
133691	0.0009147455637
133692	0.0008384429027
133693	0.0009394299587
133694	0.002008806628
133695	0.003654969763
133696	0.004706046586
133697	0.0001896797079
133698	0.0007874058227
133699	0.001039883166
133700	0.001279003255
133701	0.0005425337346
133702	0.001700448101
133703	0.0003261206742
133704	0.009765198024
133705	0.0001257999481
133706	0.0002899180115
133707	0.001025720321
133708	0.002564706
133709	0.0004699823093
133710	0.0003470417764
133711	0.0009101962068
133712	0.0001134385148
133713	0.001107475699
133714	0.001340753528
133715	0.001252541268
133716	0.001005321559
133717	0.00134351458
133718	0.0005918302929
133719	0.0007686486006
133720	0.001099819962
133721	0.0006639297831
133722	0.001002370278
133723	0.0006924517055
133724	0.001052523335
133725	0.0007304822879
133726	0.0003708063985
133727	0.001085270943
133728	0.0007668247249
133729	0.001028727893
133730	0.0004046558254
133731	0.0005489269383
133732	0.0006269767233
133733	0.0008814414
133734	0.00171385852
133735	0.0008834986203
133736	0.0009816752908
133737	0.002922534158
133738	0.001258739143
133739	0.001268732922
133740	0.001769863957
133741	0.0007851343761
133742	0.001055587937
133743	0.0004121893198
133744	0.0004577878589
133745	0.0008050330589
133746	0.0004948958133
133747	0.0004779679496
133748	0.0005509092272
133749	0.001056594088
133750	0.0004711883353
133751	0.0007203036482
133752	0.0008789235704
133753	0.0003604892223
133754	0.0006292573155
133755	0.0005314370206
133756	0.0007388264205
133757	0.0008702852618
133758	0.001206566865
133759	0.0006667699494
133760	0.00192973279
133761	0.001227825726
133762	0.0009580209879
133763	0.0006333974946
133764	0.001125930609
133765	0.0007952112859
133766	0.0009972607494
133767	0.001756760918
133768	0.001169377903
133769	0.0009969445881
133770	0.001549841708
133771	0.001386560645
133772	0.0007148129929
133773	0.0006833143879
133774	0.0008465836929
133775	0.0007647679147
133776	0.001523484883
133777	0.0002709705314
133778	0.001031796611
133779	0.0009818231055
133780	0.0008704485559
133781	0.0007246292318
133782	0.0009821816257
133783	0.0006970398356
133784	0.0007831997389
133785	0.00067029276
133786	0.0006266610294
133787	9.351534575e-05
133788	4.132880637e-05
133789	0.00289941892
133790	0.0009471269106
133791	0.002170323402
133792	0.0009811757531
133793	0.000760106813
133794	0.001284899762
133795	0.001126284529
133796	0.0002819939509
133797	0.0009848892074
133798	0.0006171961684
133799	0.0007298319299
133800	0.001293244923
133801	0.0007064505
133802	0.001077527526
133803	0.0007532768321
133804	0.001330895722
133805	0.000486442052
133806	0.0007057204745
133807	0.0008813457882
133808	0.0006994865529
133809	0.0004329455347
133810	0.0009767696902
133811	0.0006915269726
133812	0.001795610849
133813	5.513468211e-05
133814	0.000997521886
133815	0.0009242887703
133816	0.001108061285
133817	0.001140462331
133818	0.0006347445699
133819	0.0007918799589
133820	0.001226292569
133821	0.00104573947
133822	0.0008095569011
133823	0.0007862812703
133824	0.0009716367816
133825	0.0006351793506
133826	0.0007665358847
133827	0.001390032366
133828	0.000734822174
133829	0.0012331224
133830	0.001103847131
133831	0.001334278062
133832	0.001602886555
133833	0.0007899042887
133834	0.0003906362191
133835	0.000655617176
133836	0.0006596197012
133837	0.000101167664
133838	0.0003584507582
133839	0.0009723796517
133840	0.0003042138504
133841	0.0006757733251
133842	0.0002570581344
133843	0.0007108163627
133844	0.0008424916712
133845	0.0008762252594
133846	0.0006307284364
133847	0.0005754748775
133848	0.0008828267577
133849	0.000891689738
133850	0.001353617131
133851	0.005069922322
133852	0.001451237354
133853	0.002477939942
133854	0.004990406584
133855	0.001199263037
133856	0.005172742761
133857	0.005715756815
133858	0.00261650186
133859	0.003730421747
133860	0.003149604669
133861	0.004322451447
133862	0.001799272475
133863	0.006740418644
133864	0.0003773655488
133865	0.002423734782
133866	0.00679224162
133867	0.003818482449
133868	0.002512415205
133869	0.004918426352
133870	0.003560455721
133871	0.003068147599
133872	1.395129158e-05
133873	0.00186242331
133874	0.00412048445
133875	0.007214836769
133876	0.0005824759344
133877	0.004996887818
133878	0.0004734348463
133879	0.002410153698
133880	0.002173797569
133881	0.001650214308
133882	0.0004606315726
133883	0.0001530422475
133884	0.001366876808
133885	0.001842765773
133886	0.001461944117
133887	0.001108736637
133888	0.0007080474592
133889	0.0009761824187
133890	0.0007339678685
133891	0.0002334245919
133892	0.001337313871
133893	0.000254435346
133894	0.0005395990624
133895	0.001180068751
133896	0.0009587335245
133897	0.0012328952
133898	0.0008105652145
133899	0.0005085455809
133900	0.0006496017266
133901	0.001056937234
133902	0.001565601377
133903	0.0001770961673
133904	0.001187922187
133905	0.001597058996
133906	0.0008943528203
133907	0.001729455637
133908	0.001230227952
133909	0.001304858643
133910	0.001152014517
133911	0.0006229909965
133912	0.0008518476201
133913	0.0004634388163
133914	0.001233447534
133915	0.0006003714473
133916	0.0004429018554
133917	0.001159706455
133918	0.0003620289851
133919	0.0007696695874
133920	0.001295781154
133921	0.000625552513
133922	0.001335238986
133923	0.001257675573
133924	0.0008058977702
133925	2.197438359e-05
133926	0.002733958968
133927	0.00523044739
133928	0.007540441104
133929	0.0009811817732
133930	0.004891339689
133931	0.001332773429
133932	0.0001463275482
133933	0.001032559063
133934	0.002374713115
133935	0.004000423805
133936	0.0007789946141
133937	0.0008491953899
133938	0.003445100093
133939	0.0002091053579
133940	0.002529375447
133941	0.001358137722
133942	0.0007725872289
133943	0.00134321865
133944	0.001098218042
133945	0.0008402151104
133946	0.0005322455031
133947	0.0008727167804
133948	0.0005722318611
133949	0.0004784953305
133950	0.0006194764852
133951	0.0013013621
133952	0.001018562965
133953	0.0003734117293
133954	0.0008991944445
133955	0.0006428982916
133956	0.00122412418
133957	0.000961142363
133958	0.0008476329311
133959	0.001180375889
133960	0.002094722167
133961	0.0005817646069
133962	0.001210015283
133963	0.001028196729
133964	0.002504111175
133965	0.0007185026428
133966	0.0003656655654
133967	0.001189629927
133968	0.0003704729994
133969	0.0007921563692
133970	0.0008234372932
133971	0.0001474257239
133972	0.000672667237
133973	0.0004865685773
133974	0.0002763098027
133975	0.001700902773
133976	0.0007886011497
133977	0.001498460763
133978	0.0003577774644
133979	0.0009764666187
133980	0.001075496489
133981	0.001128026887
133982	0.0004754618495
133983	0.0006755879773
133984	0.001521835986
133985	0.001042236899
133986	0.000710456081
133987	0.000593910429
133988	0.0006608644431
133989	0.001355704334
133990	0.00259842206
133991	0.001170306188
133992	0.0004380639996
133993	0.001047465043
133994	0.0009972076132
133995	0.0004249932224
133996	0.0006544232021
133997	0.0001020455008
133998	0.001087960378
133999	0.001240319485
134000	0.002321316367
134001	0.0005071407294
134002	0.0007950741554
134003	0.003858552254
134004	0.0004345404295
134005	0.002162969866
134006	0.0003747170417
134007	0.001367836568
134008	0.0009192184366
134009	0.0003416477239
134010	0.003762633989
134011	0.003879807416
134012	0.001304639873
134013	0.0008291704861
134014	0.0003517103123
134015	0.002038841545
134016	0.002503184881
134017	0.002922111935
134018	0.002419268061
134019	6.083385763e-05
134020	0.001482501424
134021	0.004004634406
134022	0.007993507155
134023	0.001032496153
134024	0.0006449941003
134025	0.002855244816
134026	0.0009662310218
134027	0.0009423278115
134028	0.0001369701432
134029	0.00139962877
134030	0.000127211996
134031	0.001024770922
134032	0.00123223986
134033	0.0004032225501
134034	0.001653076049
134035	0.002499382479
134036	0.001437599949
134037	0.001359071025
134038	0.005064369504
134039	0.000341563691
134040	0.0005648570214
134041	0.006411562151
134042	0.001132357108
134043	7.640028065e-05
134044	0.001013128425
134045	0.0009815837758
134046	0.00100007394
134047	0.0004688654798
134048	0.001267526507
134049	0.0009596954366
134050	0.0007531374346
134051	0.0007946243837
134052	0.0006708622794
134053	0.0005621868473
134054	0.0008557707587
134055	0.0009708470728
134056	0.0006507044368
134057	0.0005235383988
134058	0.0003713531138
134059	0.0005549563014
134060	0.001166139175
134061	0.001214232171
134062	0.001056766464
134063	0.0009530726688
134064	0.0008707814161
134065	0.0004562787827
134066	0.0006703741074
134067	0.0002870650442
134068	0.0008596491039
134069	0.001279747356
134070	0.001027871885
134071	0.0009074627005
134072	0.001148582519
134073	0.001099806395
134074	0.0008381389096
134075	0.0001321823442
134076	0.000871596863
134077	0.0008992273105
134078	0.0006908752137
134079	0.0009546671661
134080	0.0008027543177
134081	0.0006734437081
134082	0.0002690772631
134083	0.0001109191189
134084	0.0001100859366
134085	5.556964281e-05
134086	0.000987032709
134087	0.000436151085
134088	0.0003724975604
134089	0.000698431811
134090	0.0005356486019
134091	0.0008343716246
134092	0.0004270143716
134093	0.0005844299389
134094	0.0005456609604
134095	0.0006586627837
134096	0.0003231755902
134097	0.001174349182
134098	0.0009349004988
134099	0.0007212555653
134100	0.0006142682172
134101	0.0003123724999
134102	0.0006120327287
134103	0.001162378293
134104	0.0005024991899
134105	0.001044958373
134106	0.0004929869884
134107	0.0003673265763
134108	0.0006554560398
134109	0.0008142289782
134110	0.0007893657586
134111	0.0007040394597
134112	0.0006917923087
134113	0.0006366349442
134114	0.0008058859723
134115	0.0004878073497
134116	0.0006995789836
134117	0.001233933748
134118	0.0005472225061
134119	0.0008007840883
134120	0.001384358836
134121	0.0004679800072
134122	0.0005748668798
134123	0.0007778028736
134124	0.0007310128974
134125	0.0006681070553
134126	0.0004204326659
134127	0.0006181933998
134128	0.0007743640352
134129	0.001442082461
134130	0.001268616529
134131	0.00135011638
134132	0.0007546933005
134133	0.0009535024381
134134	0.000847798298
134135	0.001126588991
134136	0.0007303065613
134137	0.0006626492207
134138	0.0009286738494
134139	0.000603615463
134140	0.000530254187
134141	0.0009897242912
134142	0.0006417078595
134143	0.0007051150831
134144	0.001198175617
134145	0.0002532501608
134146	0.0003618779015
134147	0.0006394611033
134148	0.0009369832246
134149	0.001255569577
134150	0.001337023941
134151	0.0006585716796
134152	0.0009944758863
134153	0.0005975872286
134154	0.001889421753
134155	0.0009134272271
134156	0.000815199974
134157	0.0003548835407
134158	0.0007887252957
134159	0.0006072857467
134160	0.001193929234
134161	0.0005257717311
134162	0.0009755904982
134163	0.0009178195538
134164	0.0008583372638
134165	0.0007772860502
134166	0.0004640204186
134167	0.001101700868
134168	0.0007040982645
134169	0.001099220871
134170	0.0007156311801
134171	0.000499688345
134172	0.0004146862109
134173	0.0009675152607
134174	0.0006414936741
134175	0.00117525811
134176	8.374475041e-05
134177	0.0003611146701
134178	0.0007487130225
134179	0.000781957091
134180	0.0007314290185
134181	0.0009720948605
134182	0.0008415483355
134183	0.0007242178216
134184	0.0007588732156
134185	0.0007296032078
134186	0.001168343737
134187	0.0009783183781
134188	0.000570582553
134189	0.001333121497
134190	0.0009769925284
134191	0.001070944748
134192	0.0005879338612
134193	0.0006604843752
134194	0.0001926376373
134195	0.0006852756555
134196	0.0005673180578
134197	0.0004625271853
134198	6.588054899e-07
134199	0.0006847429522
134200	0.000739189625
134201	0.0007857187311
134202	0.0008942527205
134203	0.001151209344
134204	0.0008881501564
134205	0.0008724312721
134206	0.001343144373
134207	0.001035375666
134208	0.001256762076
134209	0.0009599056336
134210	0.001050612215
134211	0.0006662428898
134212	0.0001767806495
134213	0.001333132971
134214	0.0004249415406
134215	0.0007951254409
134216	0.001242795657
134217	0.001353253398
134218	0.001546280135
134219	0.000650515297
134220	0.0006466488758
134221	0.0005902301366
134222	0.001385819218
134223	9.900511863e-05
134224	0.001111889526
134225	0.001250486338
134226	0.0009247357683
134227	0.0005493279356
134228	0.0008207462454
134229	0.0004388964744
134230	0.0009790845517
134231	0.0005005447779
134232	0.0009143604809
134233	0.0006441912657
134234	0.001389171535
134235	0.00056695754
134236	0.0002094025552
134237	0.0009306170206
134238	0.000142363553
134239	0.0009679621125
134240	0.0008649956741
134241	0.0009456618602
134242	0.0005858317598
134243	0.0007386301836
134244	0.0006686710036
134245	0.001020868846
134246	0.0006117489281
134247	0.0001665546213
134248	0.0006343768432
134249	0.0009736205958
134250	0.0004274522593
134251	0.0004636466312
134252	0.000964681296
134253	0.001093816989
134254	0.0006413596856
134255	0.0004019908966
134256	0.0003808637457
134257	0.0006490018814
134258	0.0005475538894
134259	0.0009139329998
134260	0.0007834330813
134261	0.001123753655
134262	0.0007213559744
134263	9.887398709e-05
134264	0.0001038659147
134265	0.0008933287361
134266	0.001000043691
134267	0.0006498821602
134268	0.001516437723
134269	0.000499643779
134270	0.0005084207035
134271	0.001180106257
134272	0.004578936428
134273	0.0001996118171
134274	0.0004503812158
134275	0.0002181097705
134276	0.0005669970139
134277	0.001545873038
134278	0.0032653642
134279	0.0003504527039
134280	0.002805565818
134281	7.923815705e-05
134282	0.001188129449
134283	0.006409379905
134284	0.001229004194
134285	0.003905425765
134286	0.00120059177
134287	0.006312442685
134288	0.001142621428
134289	9.060191693e-05
134290	0.000779229115
134291	0.0004253246116
134292	0.002429587145
134293	0.002792817134
134294	0.0002278665896
134295	0.007685451958
134296	0.002362926073
134297	0.002996306965
134298	0.000567645633
134299	0.002834925966
134300	0.001936158484
134301	0.002047401139
134302	0.0004505665799
134303	0.001306638185
134304	0.002681611883
134305	0.0002951666384
134306	0.003156809927
134307	0.006982235591
134308	0.007129220757
134309	0.0007195563277
134310	0.003804264119
134311	0.004969714898
134312	0.0006300266382
134313	0.0007030048091
134314	0.00319358043
134315	0.0007838403887
134316	0.004290567481
134317	0.001119568628
134318	0.002499838446
134319	0.0004745966201
134320	0.0005030167
134321	0.0007202841573
134322	0.0005912926751
134323	0.00649094392
134324	0.0009987279479
134325	0.001782180608
134326	0.001783228524
134327	0.002055850895
134328	0.001926654581
134329	0.001661075252
134330	0.002669276604
134331	0.002662092832
134332	0.002588448282
134333	0.003571586488
134334	0.001646629394
134335	0.001675042738
134336	0.002972499377
134337	0.004920131957
134338	0.0006498268723
134339	0.002344644156
134340	0.002097285773
134341	0.001508486801
134342	0.0001976833581
134343	0.005423395232
134344	0.002753107569
134345	0.001327018583
134346	0.0002988098416
134347	0.0006836855984
134348	0.004655418791
134349	0.0006491058501
134350	0.0009909014275
134351	0.0001086706401
134352	0.004048408577
134353	2.343789893e-05
134354	0.002339075541
134355	0.002284883881
134356	0.0005524701786
134357	0.001424731806
134358	0.003913290586
134359	0.006902976862
134360	0.001769854487
134361	0.0007767916156
134362	0.001693807848
134363	0.001292010164
134364	0.007157211772
134365	0.000866394521
134366	0.0003159073458
134367	0.002530626834
134368	9.67141909e-05
134369	0.001505393292
134370	0.0007513392541
134371	0.001951347822
134372	0.001348562354
134373	0.001939881326
134374	0.002043849585
134375	0.005356238391
134376	0.0001518909453
134377	0.004079627517
134378	0.001114081531
134379	0.000804235981
134380	0.002755192068
134381	0.003394914264
134382	0.007356189072
134383	0.0009891924823
134384	0.00654165641
134385	0.00568516807
134386	0.002454580758
134387	0.001002417449
134388	0.002799271281
134389	9.133446987e-05
134390	0.0009851644117
134391	0.0001725422013
134392	0.002790121651
134393	0.003979515775
134394	0.001008539135
134395	0.002614063448
134396	0.003015585164
134397	0.004321212713
134398	0.001277633059
134399	0.003210948547
134400	0.004398534101
134401	0.001317867005
134402	0.002188191641
134403	0.001629430163
134404	0.0006794285608
134405	1.667354938e-05
134406	0.001820683786
134407	0.001168248081
134408	0.004410763022
134409	0.003290284525
134410	0.001878713321
134411	0.0009898035146
134412	0.001169446442
134413	0.000792671187
134414	0.0002969724628
134415	2.216488237e-06
134416	0.0006295592891
134417	0.004522219947
134418	0.005694325626
134419	0.001890412013
134420	9.941554094e-05
134421	0.000104273036
134422	0.00250565174
134423	0.001307685714
134424	0.001770912145
134425	0.004145661929
134426	0.0004677750309
134427	0.006338378298
134428	0.003673870282
134429	0.003504347814
134430	0.001715715819
134431	0.003182379457
134432	0.001782335126
134433	0.002740379052
134434	0.0007091552969
134435	0.0008974315198
134436	0.008714371878
134437	0.002848792436
134438	0.002314240165
134439	0.003049040518
134440	0.003534336444
134441	0.0004951650971
134442	0.0003808435479
134443	0.002575353454
134444	0.0003812074634
134445	0.001109546547
134446	0.0009663657995
134447	0.0009636763878
134448	0.002324597261
134449	0.002742728545
134450	0.005178273476
134451	0.0001830387651
134452	0.00155032505
134453	0.001772979062
134454	0.0005170144756
134455	0.005675403978
134456	0.001847249365
134457	6.378155703e-05
134458	2.116392706e-05
134459	0.000385283455
134460	0.001198189675
134461	0.002486706964
134462	0.002926196073
134463	0.001049616354
134464	0.001433218479
134465	0.0008701434648
134466	0.000743169289
134467	0.0007749376117
134468	2.337157574e-06
134469	0.004869390964
134470	0.002733088247
134471	0.001107776496
134472	0.0003308088806
134473	0.001274242026
134474	0.005199711461
134475	0.00364564769
134476	0.003402960558
134477	0.0003834547205
134478	0.001890647127
134479	0.003308524308
134480	0.0004898074775
134481	0.0007878345058
134482	0.0004203252388
134483	0.001654151304
134484	0.0002139195651
134485	0.0007665631592
134486	0.00267006725
134487	0.001078418658
134488	0.002522819667
134489	0.0006066867499
134490	0.002649352534
134491	0.00355562607
134492	0.0005101043628
134493	0.0006117571768
134494	0.0002797455723
134495	0.002645094047
134496	0.004963863104
134497	0.00132471345
134498	0.0004942570785
134499	0.005645569699
134500	0.001188813627
134501	0.0001238998666
134502	0.000287042066
134503	0.0006096308429
134504	0.002941766865
134505	0.0009960538458
134506	0.0009959563268
134507	0.002226074218
134508	0.003291393127
134509	0.001789467484
134510	0.0009525144716
134511	0.0001495925838
134512	0.0002084541269
134513	0.0004337138973
134514	0.004641163523
134515	0.008861382445
134516	0.0005223289746
134517	0.00394376277
134518	0.0003732940702
134519	0.002532579371
134520	0.0003818645484
134521	0.001633942575
134522	0.001135115572
134523	0.002389026687
134524	0.002322692461
134525	0.002968753609
134526	0.0001533028758
134527	0.008141796709
134528	0.003865577718
134529	0.005464495068
134530	0.001600415402
134531	0.0006668870338
134532	0.001766132333
134533	0.0005496190108
134534	0.005421042889
134535	0.0008043600559
134536	0.0009760906574
134537	0.004453494507
134538	0.006102938096
134539	0.004201742726
134540	0.003720829778
134541	0.00245909284
134542	0.001613306616
134543	0.002702484717
134544	0.002816708759
134545	0.001212754707
134546	2.598160787e-05
134547	0.001169181599
134548	0.0009614229702
134549	0.003976978909
134550	0.002192269384
134551	0.0011554271
134552	0.00248544065
134553	0.003181138753
134554	0.003009993889
134555	0.0002517976765
134556	0.002619796827
134557	0.007753653857
134558	0.001928177995
134559	0.002437602872
134560	0.003876538358
134561	0.0004485624366
134562	0.000586833029
134563	1.960912333e-05
134564	0.002191470341
134565	0.002346154544
134566	0.005156423933
134567	0.0008216072822
134568	0.0003138882586
134569	0.003104331908
134570	0.001874933512
134571	1.545495065e-06
134572	0.006299020318
134573	0.0003646942844
134574	1.657824938e-07
134575	0.008898202931
134576	0.008663427261
134577	0.005785807766
134578	0.001396991768
134579	0.003143135456
134580	0.003345243631
134581	0.001739786715
134582	0.0007722379885
134583	0.001522693145
134584	0.001601529172
134585	0.002111135877
134586	0.002224070784
134587	0.003128346868
134588	0.002053106764
134589	0.0002704826362
134590	0.001197979125
134591	0.001683951936
134592	0.003435885141
134593	0.001278170144
134594	0.001313450071
134595	0.004635376171
134596	0.0004712486527
134597	0.001965553964
134598	0.004020763512
134599	0.002309630471
134600	0.001478034713
134601	0.00216572989
134602	0.0008866588663
134603	0.006861505017
134604	0.003472181048
134605	0.001542461198
134606	0.0002817763784
134607	0.0001682914426
134608	0.001616288469
134609	0.0007556244362
134610	0.004223744831
134611	0.00182217874
134612	0.0006422865912
134613	0.0008866718276
134614	0.004621144864
134615	0.0003589967407
134616	0.001319100626
134617	0.001598117408
134618	0.001121158248
134619	0.0006534910796
134620	0.001036223121
134621	0.0002814624958
134622	0.00166334731
134623	0.002439111779
134624	0.0005987783754
134625	0.001359551199
134626	0.0017909278
134627	0.0008006565683
134628	0.0008181374821
134629	0.0004611434384
134630	0.001325144617
134631	0.001942047877
134632	0.001056202088
134633	0.000860302153
134634	0.00127636069
134635	0.0005968229464
134636	0.001299977674
134637	0.001150700766
134638	0.002927094231
134639	0.002792498939
134640	0.001635011209
134641	0.002032492065
134642	0.00157557354
134643	0.001254230458
134644	0.00069660831
134645	0.005197027049
134646	0.003415159271
134647	0.005196242986
134648	0.0004814119569
134649	0.0009273618749
134650	0.001155846527
134651	0.0003057728423
134652	0.003524127338
134653	0.003522085587
134654	0.001956478597
134655	0.0009907930407
134656	0.002543181636
134657	0.002485141044
134658	0.0002736393487
134659	0.0006265366156
134660	0.0005017638276
134661	0.001328525721
134662	0.002707334056
134663	0.0007547427821
134664	0.0003873471226
134665	0.00259464101
134666	0.0006345059319
134667	0.001795546747
134668	0.002001859486
134669	0.001571440273
134670	0.001132964972
134671	0.003702372877
134672	0.0006411989315
134673	0.003044979028
134674	0.0004594355152
134675	0.001010928375
134676	0.004105023716
134677	0.0001498829097
134678	0.0002947030605
134679	0.002856326485
134680	0.002159662436
134681	0.003652822935
134682	0.002032330838
134683	0.0001577761725
134684	0.005360125516
134685	0.0015926782
134686	0.0007498797858
134687	7.639087432e-05
134688	0.002872304954
134689	0.001726339134
134690	0.001189691646
134691	0.005123889964
134692	0.003365075257
134693	0.0004645117963
134694	0.0006651041706
134695	0.002436511621
134696	0.001833993219
134697	0.000957581328
134698	0.002142356312
134699	0.001599164173
134700	0.0001841549714
134701	0.002295149688
134702	0.001980496789
134703	0.001569250982
134704	0.00214294521
134705	0.001493629293
134706	0.003419333724
134707	0.001732195934
134708	0.0006198086075
134709	3.846091584e-05
134710	0.005863528151
134711	0.004357101576
134712	0.0001043358419
134713	0.007128171412
134714	0.004594039189
134715	0.001086682573
134716	0.0006519403201
134717	0.0004211176018
134718	0.003030652297
134719	0.00518343051
134720	0.0006548243969
134721	0.004285398897
134722	0.001501479449
134723	0.0008796504213
134724	0.001087684092
134725	0.003080084221
134726	0.0005311242618
134727	0.001028975599
134728	0.001618214136
134729	0.0003570643291
134730	0.003900403314
134731	0.003501808571
134732	0.001661632099
134733	0.003562512955
134734	0.001041093225
134735	0.002034836839
134736	0.0005339893234
134737	0.001484631886
134738	0.0002277480877
134739	0.00176497967
134740	0.001867143912
134741	0.002442277977
134742	0.001292544615
134743	0.0008362493837
134744	0.00727518439
134745	0.002568505239
134746	0.002074020194
134747	0.001228186954
134748	0.0001666385018
134749	0.00516494733
134750	0.0001647326602
134751	0.00682710782
134752	0.00459484811
134753	0.001116478324
134754	9.857918609e-05
134755	0.0003770859136
134756	0.001336306125
134757	1.250281259e-05
134758	7.016955998e-05
134759	0.002573972725
134760	2.353441229e-05
134761	0.0003054854469
134762	0.002008175762
134763	0.0005688580275
134764	0.0005066915648
134765	0.005359709428
134766	0.0009183648437
134767	0.002841536208
134768	0.0002643883059
134769	0.002139588963
134770	0.0006925623269
134771	0.0003952407828
134772	0.0009500662057
134773	0.000397500228
134774	0.001130179344
134775	0.0009330135828
134776	0.0002245969207
134777	0.001670275785
134778	0.0001002725056
134779	0.0002248376591
134780	0.002289408197
134781	0.002725286952
134782	0.00412131277
134783	5.800589892e-05
134784	0.0009811744353
134785	0.0001546906678
134786	0.00536283097
134787	0.001447107831
134788	0.0008665543577
134789	0.001404448376
134790	0.005814013137
134791	0.0001076842544
134792	0.002211026452
134793	0.003161178067
134794	0.00328215402
134795	0.0093455918
134796	0.0001895699461
134797	0.004634901113
134798	0.00313929077
134799	0.001661836216
134800	0.00244696574
134801	0.005306967997
134802	0.0008594920665
134803	3.378242098e-05
134804	0.001683714244
134805	0.0005367536861
134806	0.002112208749
134807	0.004135899778
134808	0.0003140283937
134809	0.0009482624335
134810	0.003248419393
134811	0.002366943826
134812	0.000527902605
134813	0.002031885274
134814	0.0006084779183
134815	0.0001729019181
134816	0.001312642892
134817	6.297289983e-05
134818	0.001747922
134819	0.00358892959
134820	0.005408677117
134821	0.00231395784
134822	0.0002135971888
134823	0.002000426039
134824	0.00234063376
134825	0.003571474231
134826	0.001468703092
134827	0.0002551314797
134828	0.003907991423
134829	0.001785467651
134830	0.002538128463
134831	0.0008826242676
134832	0.002284289659
134833	0.0008947108435
134834	0.002250006962
134835	0.001043609018
134836	0.004551111058
134837	0.002018979242
134838	0.0007572067659
134839	0.007067936707
134840	0.003416313169
134841	0.0009133732013
134842	0.004585735276
134843	0.003428048311
134844	0.001259082701
134845	0.001218380641
134846	0.0008028908063
134847	0.0001642814598
134848	0.000487591995
134849	0.00095611915
134850	0.002711380203
134851	0.003055130204
134852	0.002624218661
134853	0.001399295681
134854	0.004066809309
134855	0.003614689589
134856	0.0005321591589
134857	0.00179024728
134858	0.001334292899
134859	0.005047941864
134860	0.001605453497
134861	0.002860493557
134862	0.003099005242
134863	0.001365812805
134864	0.0006253410535
134865	0.002253344134
134866	0.001517943782
134867	0.0008963099258
134868	0.003725033466
134869	0.002167977772
134870	0.002223616696
134871	0.002355457511
134872	0.004756337699
134873	0.001236243232
134874	0.0005690018152
134875	0.001660390341
134876	0.001687739138
134877	0.0003196228802
134878	0.002046318786
134879	0.003164763999
134880	0.0013216723
134881	0.004866618383
134882	0.003181047344
134883	0.002151644446
134884	0.001291763175
134885	0.0009010240278
134886	0.001901834883
134887	0.0008877214448
134888	0.003647493974
134889	0.001197637872
134890	0.0003367062856
134891	0.00213621791
134892	0.001431109598
134893	0.001855923739
134894	0.0009009937694
134895	0.001488689267
134896	0.001212125642
134897	0.001881067206
134898	0.0008497601711
134899	0.0006412195806
134900	0.001883595889
134901	0.004036836122
134902	0.002080848769
134903	0.002122929975
134904	0.001004785798
134905	0.006959477764
134906	0.001458766129
134907	0.002254674521
134908	0.002906205342
134909	0.0008365065255
134910	0.001585673238
134911	0.005020959722
134912	0.0006899870592
134913	0.0004494073577
134914	0.001792411538
134915	0.004184329824
134916	0.002661728032
134917	0.003610214534
134918	0.001281415683
134919	0.0007737132371
134920	0.0007451338773
134921	0.001087178662
134922	0.00242161749
134923	0.00134198719
134924	0.0004730639383
134925	0.0003113063932
134926	0.0001586134485
134927	0.00095415676
134928	0.005693061799
134929	0.001628954683
134930	0.0008952839865
134931	0.002669973685
134932	0.00239529991
134933	0.002316797217
134934	0.001830334916
134935	0.003116028239
134936	9.747963187e-05
134937	0.001967983378
134938	0
134939	0.0008989622127
134940	0.001132457245
134941	0.004853313857
134942	0.0008310685512
134943	0.006348641025
134944	0.009043151735
134945	0.004763161252
134946	0.0006897162154
134947	2.859765417e-07
134948	0.003823365821
134949	0.002483753281
134950	0.001173530482
134951	0.001392849073
134952	0.004941006626
134953	0.0007159082828
134954	8.06784985e-05
134955	0.0008024605045
134956	0.00323126875
134957	8.223300017e-05
134958	0.0005883031194
134959	0.003397990807
134960	0.0005953228203
134961	0.0003579066316
134962	0.001454132989
134963	0.00288259395
134964	0.0009298933444
134965	0.002807248051
134966	0.001993585335
134967	0.0004682512036
134968	0.005618307075
134969	0.005075978757
134970	0.000756951651
134971	0.003123429907
134972	0.0009649750401
134973	0.003627791895
134974	0.005994777337
134975	0.004461079859
134976	0.001271129755
134977	0.001167432486
134978	0.001034816285
134979	0.001099779427
134980	0.005044801665
134981	0.002643181389
134982	0.001961463105
134983	0.002501569681
134984	0.001992060979
134985	0.001203790076
134986	0.004112519992
134987	0.0006513164941
134988	0.001363347577
134989	0.0001878174882
134990	0.0001069212826
134991	0.004148281185
134992	7.716860402e-05
134993	9.473065832e-05
134994	0.0001963960048
134995	0.0002702172259
134996	0.0004428904109
134997	0.0009034559932
134998	0.0002461865223
134999	0.001361716847
135000	0.001088174755
135001	0.00593764159
135002	0.003285908742
135003	0.0005312829507
135004	0.002851847683
135005	0.0001354392729
135006	0.0005024926431
135007	0.004057757783
135008	1.571282848e-05
135009	0.002893923483
135010	0.0008725941228
135011	0.0002112065725
135012	0.001037222871
135013	0.003423703685
135014	0.001485675414
135015	0.001405519275
135016	0.0009562625751
135017	0.00263626459
135018	0.002919272967
135019	0.002860676496
135020	0.0002241829106
135021	0.001138280961
135022	0.001666046118
135023	0.000645461762
135024	0.003285515709
135025	0.001724231772
135026	0.001050953438
135027	0.0006602296599
135028	0.0004772662702
135029	0.002878751142
135030	0.00181687716
135031	0.007093168012
135032	0.001860641553
135033	0.00156246269
135034	0.006368620269
135035	0.004586096351
135036	0.001079460632
135037	0.002441445296
135038	0.001566619753
135039	0.001898828661
135040	0.0005941569801
135041	0.001429981393
135042	0.0008345790446
135043	0.001871738338
135044	0.0001384435333
135045	0.005711089356
135046	0.005935102181
135047	0.003371369965
135048	0.008512882124
135049	0.002862799695
135050	0.002471032735
135051	0.002171986248
135052	0.0009717107276
135053	0.0001468832494
135054	0.001276254193
135055	0.0004273031081
135056	0.00147996687
135057	0.0005685280905
135058	0.0006356249899
135059	0.00124605786
135060	0.000443424959
135061	0.002876599205
135062	0.001458415414
135063	0.0003293781565
135064	0.004548291016
135065	0.002494467514
135066	0
135067	0.003298770667
135068	0.001014551196
135069	0.00275717133
135070	0.001785626075
135071	0.006577706803
135072	0.0007192010644
135073	0.001983061249
135074	0.003945219699
135075	0.0006547298599
135076	0.001462382506
135077	0.006669236158
135078	0.003209538609
135079	0.002212391677
135080	0.000217656475
135081	0.004270121157
135082	0.001747784373
135083	0.0005818330885
135084	0.004204564707
135085	0.000206802719
135086	0.003932194062
135087	0.0003509822345
135088	0.0001288572437
135089	0.005910619721
135090	0.003328827894
135091	0.0003182579116
135092	0.001907975831
135093	0.00297224117
135094	0.001332318247
135095	0.003155659876
135096	0.001673282559
135097	0.0009832969949
135098	0.001081836892
135099	0.001790316126
135100	0.001403612187
135101	0.002500665751
135102	0.0003119793719
135103	0.001377618272
135104	0.001271323664
135105	0.0006596187111
135106	0.0001678492479
135107	0.002047509064
135108	0.006048509903
135109	0.001880372794
135110	0.000112391262
135111	0.0009682570529
135112	0.003665780485
135113	0.001315434919
135114	0.005581791655
135115	0.0006273946133
135116	9.997233116e-05
135117	0.002271019173
135118	0.001491353353
135119	0.001292179556
135120	0.002152352928
135121	0.0009701015536
135122	2.531145165e-05
135123	0.002737939619
135124	0.003329021974
135125	0.002636463584
135126	0.003764968914
135127	0.001262420844
135128	0.002636949953
135129	0.003146645312
135130	0.001036020187
135131	6.275201328e-05
135132	0.0004678003478
135133	0.0004744578264
135134	0.001980597478
135135	0.002940731428
135136	0.0006224874508
135137	0.001656277528
135138	0.002428663761
135139	0.0001498659298
135140	0.0004633842931
135141	0.002676699158
135142	0.001378371923
135143	6.633675446e-05
135144	0.000136931826
135145	0.008775088821
135146	0.004873721691
135147	0.001592078631
135148	0.003520353197
135149	0.002946823019
135150	0.0006598655161
135151	0.0009474320532
135152	0.0003520529194
135153	0.002485142773
135154	0.0002185538077
135155	0.002142960909
135156	0.002029575535
135157	0.0002411227675
135158	0.0004782570686
135159	0.002704957098
135160	0.002439376605
135161	0.001268743327
135162	0.002650474168
135163	0.0007588472669
135164	8.975168418e-05
135165	0.001207113003
135166	0.001592315775
135167	0.001134958336
135168	0.005107285049
135169	0.001989870471
135170	0.001488574986
135171	0.0003965829146
135172	0.0007566796073
135173	0.005518085245
135174	0.003901730468
135175	0.003389961537
135176	0.0007357200159
135177	0.0004443714392
135178	0.002511104422
135179	0.001178813821
135180	0.003382537705
135181	0.0005127474487
135182	0.001166353253
135183	0.004287584805
135184	0.003230691746
135185	0.0011658408
135186	0.002120245392
135187	0.00107530491
135188	0.0004002544246
135189	0.001022697654
135190	0.008300451856
135191	0.0007766398195
135192	0.006534560776
135193	0.002265138646
135194	0.002989819567
135195	0.001189726988
135196	0.004304739214
135197	0.002380984253
135198	0.01177702451
135199	0.002824184723
135200	0.001311095918
135201	0.005378734962
135202	0.00011348482
135203	0.006745989507
135204	0.003716034708
135205	0.00104218851
135206	0.005071470852
135207	0.001533702598
135208	0.00104329477
135209	0.002265870816
135210	9.868554185e-05
135211	0.00652760153
135212	0.004924519368
135213	0.001070820198
135214	0.002992137863
135215	0.00126287395
135216	0.002335095785
135217	0.004808962708
135218	0.001870101687
135219	0.003029646332
135220	0.003255847803
135221	0.00410910014
135222	0.001598528063
135223	0.001093684649
135224	2.175065166e-05
135225	0.00446505113
135226	0.002189175783
135227	0.000160300544
135228	0.0005855588252
135229	0.0002684003218
135230	0.0003261741004
135231	0.002501154721
135232	0.000423888555
135233	0.002504977653
135234	0.001019610058
135235	0.003481798186
135236	0.004138785867
135237	0.0001031476547
135238	0.0001179741057
135239	0.005676298403
135240	4.373731786e-05
135241	0.0004784989307
135242	0.002975736071
135243	0.000918166173
135244	0.001906082521
135245	0.008053327324
135246	0.005608536363
135247	0.003937006258
135248	0.004653165242
135249	0.0009913632712
135250	0.0006035648234
135251	0.001277192662
135252	0.009809420245
135253	0.007283046637
135254	0.0009430106825
135255	0.0008418854384
135256	0.008895621226
135257	0.006281242465
135258	0.002445098788
135259	0.0009138336791
135260	0.002612216575
135261	0.008166960375
135262	0.003162494218
135263	0.001803498189
135264	0.00289027248
135265	1.509902947e-05
135266	0.00259828906
135267	0.0006792926526
135268	0.0007145968394
135269	0.003084681957
135270	0.004029831313
135271	0.001020073295
135272	0.003992494215
135273	0.001927845498
135274	0.0001171882024
135275	0.002622343324
135276	0.001368793919
135277	0.0002305110203
135278	0.001425718257
135279	0.009759516785
135280	0.001687046992
135281	0.00387288672
135282	0.003330139046
135283	0.002136649075
135284	0.004085384593
135285	0.00184590022
135286	0.0004012614218
135287	0.002935460642
135288	0.002065111883
135289	0.001495132903
135290	0.0009577138262
135291	0.00151678267
135292	0.0007132726927
135293	0.0003797791533
135294	0.001441096328
135295	0.001705609696
135296	0.001766226654
135297	0.00167542467
135298	0.00298164632
135299	0.003166024459
135300	0.001750916903
135301	1.485565303e-05
135302	0.001938691723
135303	0.003281212157
135304	3.247006104e-06
135305	0.004062957838
135306	0.003944937163
135307	0.00133123046
135308	0.0007864888695
135309	0.001260965256
135310	0.0009553631759
135311	0.0003585520445
135312	0.0004988909122
135313	0.0001811736897
135314	0.002064534623
135315	8.19447138e-05
135316	0.0008300857756
135317	0.004182809869
135318	0.003818805027
135319	0.000841269892
135320	0.006396909187
135321	0.003679699358
135322	0.00295860682
135323	0.00137108214
135324	0.0002394366424
135325	0.004902877883
135326	0.002582124809
135327	0.002586147235
135328	0.001549505461
135329	0.001012583205
135330	0.001297217506
135331	0.001086218889
135332	0.003181527446
135333	0.003243395248
135334	0.003747643777
135335	0.0009546188559
135336	0.0009384289206
135337	3.240149964e-05
135338	0.0005625736112
135339	0.0003184667469
135340	0.006198270321
135341	0.0003155198778
135342	0.0003965411495
135343	0.0007285813104
135344	0.001598535611
135345	0.0001696615769
135346	0.001870773037
135347	0.0002293659216
135348	0.0008452469978
135349	0.001249896483
135350	6.402925449e-05
135351	0.0004971342275
135352	0.0006422192765
135353	0.0017796041
135354	0.004160784819
135355	2.653566221e-06
135356	0.0002936792543
135357	0.0001040732495
135358	0.0007460977899
135359	0.001378869074
135360	0.0002239628499
135361	0.000236367269
135362	0.0005699210662
135363	0.000520914432
135364	0.0007943525145
135365	0.00119164754
135366	0.005341250581
135367	0.0002715817263
135368	0.003778436277
135369	0.004762306553
135370	0.007502466637
135371	0.0006082800367
135372	0.00380335117
135373	0.002457793826
135374	0.001580252783
135375	0.001031871397
135376	0.001038743519
135377	0.004382970132
135378	0.002266814079
135379	0.000452835055
135380	0.001592893417
135381	0.003850155057
135382	0.003186849211
135383	0.001160594168
135384	2.651450449e-05
135385	0.002874105635
135386	0.00237836509
135387	0.004172365707
135388	0.006914632123
135389	0.0007666904368
135390	0.003976290147
135391	0.007949196696
135392	0.001623193501
135393	0.00175727131
135394	0.003696476871
135395	0.0009010275577
135396	0.002135852476
135397	0.001760672595
135398	0.001264199924
135399	0.0002121374157
135400	9.888417529e-05
135401	0.000388060547
135402	0.001044105078
135403	0.001027778597
135404	0.0009850082381
135405	0.003200872941
135406	0.002403786608
135407	0.002842003183
135408	0.001055227795
135409	0.0006444267678
135410	0.001575167653
135411	0.004216798552
135412	0.004446042686
135413	0.0001639062336
135414	0.001904098416
135415	0.001712261249
135416	0.00666659703
135417	0.001544620879
135418	0.005641380795
135419	0.004562719084
135420	0.004744344491
135421	0.002417552091
135422	0.002226564041
135423	0.00418541648
135424	0.0001002703864
135425	0.0003224215217
135426	0.003423179957
135427	0.00398994646
135428	0.005822728698
135429	0.0007169516402
135430	0.001470720986
135431	0.0003605116636
135432	0.003053758283
135433	0.0008394765807
135434	6.753077613e-06
135435	0.004816761731
135436	0.002847579149
135437	0.001518943284
135438	0.002326553023
135439	0.0004157107036
135440	0.002581194776
135441	0.003744289047
135442	0.002894390981
135443	0.001510107393
135444	0.001122869821
135445	0.001801067295
135446	0.001750477066
135447	0.004811407639
135448	0.0002525722375
135449	0.00148831154
135450	0.001580602059
135451	0.002452075598
135452	0.001455980925
135453	0.002526577191
135454	5.706989823e-05
135455	0.004261617601
135456	0.0003981278253
135457	0.003751165883
135458	0.0002032978712
135459	0.001756151624
135460	0.001086311035
135461	0.004287177836
135462	0.001929151372
135463	0.002458534893
135464	0.001381333863
135465	0.0003456169633
135466	0.001821517369
135467	0.007445672806
135468	0.001564621375
135469	0.0004793178805
135470	0.005894471971
135471	0.002190559956
135472	0.002653516479
135473	0.001684057358
135474	0.003359438986
135475	0.003089256376
135476	0.003024391852
135477	0.002778035905
135478	0.002064856327
135479	0.003144689009
135480	0.0006457967787
135481	0.003491006527
135482	0.0001161073781
135483	0.0002344852668
135484	0.002126985581
135485	0.00305172966
135486	0.009856943985
135487	0.000386552735
135488	0.003518934351
135489	0.0002084291798
135490	0.002353528878
135491	0.005127791401
135492	0.001880433123
135493	0.001114762581
135494	0.0005706890406
135495	0.0009771008797
135496	0.0003046588726
135497	0.001381185417
135498	0.001477240833
135499	0.002233447915
135500	0.001241332422
135501	0.001478410168
135502	0.001747765839
135503	0.00432426258
135504	0.002160145265
135505	0.001998069041
135506	0.001645380993
135507	0.002568654892
135508	0.005417499581
135509	0.002197547641
135510	0.001453322785
135511	0.001245443149
135512	9.91030183e-05
135513	0.00145536966
135514	0.0008161360736
135515	0.0009574925272
135516	0.0003986044445
135517	0.005212036178
135518	0.002503027789
135519	0.004346102123
135520	0.0005176112598
135521	0.004208421404
135522	0.002572892602
135523	0.003695296164
135524	0.006138098794
135525	0.0005908997612
135526	0.0002439816231
135527	0.004729718674
135528	0.001168509344
135529	0.0009718559782
135530	0.001957994487
135531	0.003724050786
135532	0.0007140053402
135533	0.005490372333
135534	0.0005984018988
135535	0.001652603699
135536	0.0008243654405
135537	0.001593790527
135538	0.004867734907
135539	0.0013065001
135540	0.000832648212
135541	0.0005538163905
135542	0.0009192276407
135543	0.0005002232733
135544	0.003925246875
135545	0.005080979227
135546	0.003597675911
135547	0.002978049906
135548	0.0004340028985
135549	0.002852394636
135550	0.002457909448
135551	0.0005749054346
135552	0.004038562715
135553	0.006638900612
135554	0.00237954249
135555	0.0005821506546
135556	0.003469883348
135557	0.001171726674
135558	0.003056556737
135559	0.0002236002133
135560	0.001240999455
135561	0.003856245198
135562	0.000355371821
135563	0.004464002961
135564	0.001008281945
135565	0.004931039212
135566	0.001810411702
135567	0.004229520891
135568	0.00502193901
135569	0.0001207934555
135570	0.003699497384
135571	8.335619751e-05
135572	0.004850851109
135573	0.001183994247
135574	0.005937577437
135575	0.005875931988
135576	0.0002352981208
135577	0.001346200744
135578	0.001963250045
135579	0.00286064632
135580	0.002583620223
135581	0.00229626201
135582	0.004360148933
135583	0.001895950813
135584	0.005002144573
135585	0.002359765902
135586	0.002877343716
135587	0.00302419864
135588	0.0001746955888
135589	0.00330972897
135590	0.001009281567
135591	0.0001645886579
135592	2.576164208e-06
135593	0.002343678539
135594	0.002825577639
135595	0.002814380254
135596	0.00166744744
135597	0.000370498662
135598	0.0008407507835
135599	0.009110855526
135600	0.006387885224
135601	0.001214323865
135602	0.001202454871
135603	0.0003374115753
135604	0.0003050405341
135605	0.0006394028841
135606	0.0003013557717
135607	0.0003374115753
135608	0.0008305574953
135609	0.004707846454
135610	0.002902753383
135611	0.0003437492823
135612	0.002108753775
135613	0.001526664991
135614	0.0009327747023
135615	0.001035795039
135616	0.005204637407
135617	0.0001358937596
135618	0.000850017932
135619	9.673094098e-05
135620	0.003877138782
135621	1.584814578e-05
135622	0.006074871194
135623	0.003368898214
135624	0.001547135876
135625	0.002424354979
135626	0.003844366727
135627	0.001681992893
135628	0.001199712951
135629	0.003808649307
135630	0.003566249852
135631	0.002314354128
135632	0.0007531259727
135633	0.009256474429
135634	0.002447511326
135635	0.002481084546
135636	0.002871771197
135637	0.001978834801
135638	3.484313861e-05
135639	0.0003820421916
135640	0.005261581202
135641	0.00136616726
135642	0.003527798105
135643	0.0007570699253
135644	0
135645	0.002895096837
135646	0.001016752195
135647	0.001501953873
135648	0.0009785734876
135649	0.003518941943
135650	0.002298535751
135651	0.004180651076
135652	0.003766518497
135653	0.005235065508
135654	0.001865765957
135655	0.002091428291
135656	1.468229583e-05
135657	0.0009181150878
135658	0.002072902077
135659	0.001300532649
135660	0.0002985729132
135661	0.0002802996727
135662	0.0001160977086
135663	0.003735268873
135664	0.001856150791
135665	0.004434476382
135666	0.001100643881
135667	0.002539063577
135668	0.001863141073
135669	0.0005040716576
135670	0.002003279564
135671	0.0002745678386
135672	0.00213755308
135673	0.001628186775
135674	0.004097298529
135675	0.001462575172
135676	0.005207169781
135677	0.002086657777
135678	0.002654162415
135679	0.00130953676
135680	0.000877882805
135681	0.006578853727
135682	0.0002167775094
135683	0.0005182538911
135684	0.001842540796
135685	0.00295821327
135686	0.00262827021
135687	0.002224284299
135688	0.0005333469578
135689	0.004178367099
135690	0.002116847937
135691	0.001784669234
135692	0.000724474579
135693	0.0007559297043
135694	0.000954882766
135695	0.0003061953038
135696	0.002769196029
135697	0.002034836938
135698	0.001172243338
135699	0.002076053389
135700	4.167623985e-05
135701	0.0007513112117
135702	0.001723210723
135703	0.00180159406
135704	0.000519759667
135705	0.0008184412123
135706	0.00163290085
135707	0.001452047107
135708	0.0006000046689
135709	0.001349312111
135710	0.0002871162981
135711	9.091252641e-05
135712	0.002666226375
135713	0.0001903771641
135714	0.000475277908
135715	0.0005541009502
135716	0.0001951713501
135717	0.002536760189
135718	9.919973234e-05
135719	9.085816086e-05
135720	0.0005951165655
135721	0.001623769294
135722	0.001172643952
135723	0.0005020497924
135724	0.004411687416
135725	0.001088103449
135726	3.994771816e-05
135727	0.003469807508
135728	0.0008109819699
135729	0.0007433131367
135730	0.001209026702
135731	0.005592400768
135732	0.0001491860326
135733	0.002449289526
135734	0.000249552198
135735	0.000327036654
135736	0.0025110705
135737	0.006042008864
135738	0.002599725673
135739	0.00184252341
135740	0.0007692862797
135741	0.0002949768776
135742	0.0001667764863
135743	0.0007588375711
135744	0.000338275259
135745	0.0004822449033
135746	0.00186303358
135747	0.0008779625462
135748	0.00158165611
135749	0.005353288453
135750	0.001568671152
135751	0.0002821100191
135752	0.001439437786
135753	0.003187412986
135754	0.004683352256
135755	0.009563557678
135756	0.001543873131
135757	0.001687520009
135758	0.0009098705462
135759	0.0003727239765
135760	0.0002540130498
135761	0.002101529831
135762	0.004618393082
135763	7.73848646e-05
135764	0.00148817811
135765	0.001898800841
135766	0.001385526969
135767	0.001432657004
135768	0.004106402894
135769	0.000485494894
135770	0.0001081558631
135771	0.0006650044644
135772	0.0009357574279
135773	0.0005950659194
135774	0.005030383644
135775	0.002721406298
135776	0.0008075966653
135777	0.0007951663028
135778	0.0003100909806
135779	0.001827948316
135780	0.001123371192
135781	0.0004821637474
135782	1.698703952e-05
135783	0.0001601516702
135784	0.001001734988
135785	0.0006682160062
135786	0.0008016319288
135787	1.946208903e-05
135788	0.0009911692856
135789	0.001643671779
135790	0.0008190416733
135791	0.002452077436
135792	3.800636987e-05
135793	0.001768578982
135794	0.002459356568
135795	0.0008069054325
135796	0.0004557177209
135797	0.0006708674052
135798	0.0002148632599
135799	0.0003438495505
135800	0.0001478584466
135801	0.0003268452414
135802	0.001462600154
135803	0.0008226825493
135804	0.001336970752
135805	0.0009566416424
135806	0.0003429204694
135807	0.001520843388
135808	0.0008245431502
135809	0.001003614853
135810	6.320315722e-06
135811	0.001173828158
135812	0.0001033279748
135813	0.000137780998
135814	2.110088077e-05
135815	0.0001794173118
135816	0.001746857617
135817	0.0006542778391
135818	0.001600747805
135819	0.001164589565
135820	0.0006318041578
135821	0.0006388516945
135822	0.001818702112
135823	0.003425856094
135824	0.0006607604971
135825	0.001154177453
135826	0.0004917860517
135827	0.0004772792867
135828	0.0001873339051
135829	0.00069338161
135830	0.0001485098369
135831	0.0004952040845
135832	0.002798746676
135833	0.002182437463
135834	0.0003089784069
135835	0.0002910520373
135836	0.001454569802
135837	0.003272710653
135838	0.0006399816562
135839	0.00275157185
135840	0.001481671879
135841	0.000648760963
135842	0.0003245709581
135843	0.002274893085
135844	0.001700635287
135845	0.0009610575231
135846	0.001338521738
135847	0.00246008224
135848	0.0003258712373
135849	0.0003089325365
135850	1.197319574e-05
135851	0.0005145987074
135852	0.001320961092
135853	0.0003099039212
135854	0.0005183611288
135855	0.0009602721745
135856	0.0003457499531
135857	0.002136919153
135858	0.0006926199862
135859	0.001799251033
135860	0.0001624800896
135861	0.001488422387
135862	0.001345038727
135863	0.001130998283
135864	0.0001646637035
135865	0.00113729802
135866	0.0003310356071
135867	0.001663738726
135868	0.0006974560039
135869	0.0004393003062
135870	0.0001805340054
135871	0.0004987949932
135872	0.0003291292238
135873	0.00047022657
135874	0.001135077197
135875	0.0006469945363
135876	0.0006373358435
135877	0.0006508890121
135878	0.0002145874508
135879	0.0003471072043
135880	0.0008526856001
135881	0.001841200373
135882	0.0001696216801
135883	0.0008105540251
135884	0.0001680077521
135885	0.000963909524
135886	0.00013824642
135887	0.001307808039
135888	0.000379143163
135889	0.000957177616
135890	0.001000492051
135891	0.0006670039858
135892	0.001649042462
135893	0.001995426644
135894	0.0006793310477
135895	0.0005019727308
135896	0.0005098536937
135897	0.0007058864465
135898	0.001655413272
135899	0.001126729276
135900	0.0004744874287
135901	3.075008613e-05
135902	0.0004853679337
135903	0.0004936523446
135904	0.001678234543
135905	0.0005018585697
135906	0.003077796351
135907	0.001869224574
135908	3.194195283e-05
135909	0.0001595761495
135910	0.0009685983519
135911	0.0005773968372
135912	0.0001309615723
135913	0.001049840281
135914	0.0007943231068
135915	0.0005744579968
135916	0.0003193111238
135917	0.00657320405
135918	0.0009641862733
135919	0.001706411199
135920	0.001136459699
135921	0.001501537855
135922	0.00354688009
135923	0.001177116633
135924	0.0030229339
135925	0.000363571941
135926	0.004007134547
135927	0.007880184765
135928	0.00322546037
135929	0.004741675946
135930	0.0004830339972
135931	0.001258091766
135932	0.00241931073
135933	0.0007452104019
135934	0.0048222173
135935	2.12455528e-05
135936	0.004758662373
135937	0.00174880921
135938	0.003260266895
135939	0.006488168999
135940	0.001843362071
135941	0.0001802685056
135942	0.003964532894
135943	0.004127915292
135944	0.006028854164
135945	0.003848628011
135946	0.0008275213304
135947	0.001333109688
135948	0.002801046235
135949	0.00299755497
135950	0.008080923136
135951	0.002633121385
135952	0.002123398957
135953	0.001688894367
135954	0.003970328616
135955	0.001198409128
135956	0.0006127142629
135957	0.001219550905
135958	0.0003578377967
135959	0.005124718197
135960	0.001211117465
135961	0.0008533199135
135962	0.003185664293
135963	0.004415332399
135964	0.001381677509
135965	0.003591183674
135966	0.0009230079027
135967	0.0004527288835
135968	0.0006668902045
135969	0.001839588944
135970	0.003143384911
135971	0.001028049646
135972	0.003474537399
135973	0.0008661811738
135974	0.0009991991302
135975	0.001819927562
135976	0.004608611347
135977	0.003910624688
135978	0.002552224483
135979	0.0005695250642
135980	0.002323354172
135981	0.002573237479
135982	0.006102665949
135983	0.0007081911692
135984	0.00292508206
135985	0.004398784603
135986	0.003740208762
135987	0.001567236729
135988	0.0002065717163
135989	0.002171442655
135990	0.00233976789
135991	0.00346677577
135992	0.002123349911
135993	0.0002147141657
135994	0.001697439587
135995	0.0006309276859
135996	0.0005815213703
135997	0.001430837989
135998	0.000921665936
135999	0.00024655441
136000	0.0007238332039
136001	0.0006718727873
136002	0.0007596204505
136003	0.0001104644423
136004	0.002535533655
136005	0.002700642971
136006	0.004263822471
136007	0.002720439271
136008	0.003325579702
136009	0.003763497275
136010	6.970816422e-05
136011	0.001681375852
136012	0.004688160939
136013	0.002633010978
136014	0.0008558339321
136015	0.0005308409831
136016	0.002742534773
136017	0.003199719876
136018	0.001445285739
136019	0.0002517349862
136020	0.0001377370406
136021	0.0008221190933
136022	0.0001889453268
136023	0.0003923789082
136024	0.0007831020936
136025	0.002304950743
136026	0.001934919497
136027	0.002075643112
136028	8.083564193e-05
136029	0.003664002311
136030	0.0003134373865
136031	3.161695594e-05
136032	0.0002204922602
136033	0.0002255265861
136034	8.336395648e-05
136035	2.052758691e-05
136036	8.40611952e-05
136037	1.823831199e-05
136038	1.488281048e-05
136039	0.0004669278973
136040	0.0001883090823
136041	0.0007311015825
136042	0.00087940269
136043	0.002211919371
136044	0.0003400462304
136045	0.0004703289894
136046	3.482249593e-05
136047	0.0006470832043
136048	5.46203951e-05
136049	0.0003531508577
136050	0.0006384151854
136051	0.000170416511
136052	0.0005005710612
136053	0.001538312961
136054	0.0002729398678
136055	0.0001980765919
136056	0.0004219824153
136057	0.0003082242176
136058	0.0003531700191
136059	0.0004939139025
136060	0.0002965961616
136061	0.00050273312
136062	0.0006648134357
136063	0.001350421695
136064	0.001045723353
136065	0.001226127524
136066	0.0003337270682
136067	0.002576204832
136068	0.00134464839
136069	0.0003197202698
136070	0.001971793375
136071	0.001740860807
136072	0.001810917097
136073	0.004483509399
136074	0.0006091062873
136075	0.001656940153
136076	0.001990068054
136077	2.367640423e-05
136078	0.00125120531
136079	0.00102315178
136080	0.001616570634
136081	0.004590832119
136082	0.00110728174
136083	0.001841901455
136084	0.00125419514
136085	0.001503845569
136086	0.001213103718
136087	0.001186034649
136088	0.001481761039
136089	0.001103265216
136090	0.000846210234
136091	0.001464718864
136092	0.001596463144
136093	0.00122252238
136094	0.001363836528
136095	0.001390278986
136096	0.001304753232
136097	0.001272026054
136098	0.001085037622
136099	0.001268797532
136100	0.00216370443
136101	0.001181073714
136102	0.001832123539
136103	0.001291439047
136104	0.001054109484
136105	0.001326817124
136106	0.002241860415
136107	0.0009473631982
136108	0.001194685703
136109	0.001347357354
136110	0.001074531998
136111	0.001286878952
136112	0.001411003572
136113	0.001053586016
136114	0.001458106891
136115	0.001483218866
136116	0.001139636854
136117	0.001588538185
136118	0.001275818757
136119	0.001782423962
136120	0.001770782868
136121	0.00127112145
136122	0.001113643115
136123	0.0009702885924
136124	0.00115614804
136125	0.0008481426765
136126	0.001423785903
136127	0.00119599765
136128	0.001235514647
136129	0.00126073785
136130	0.001127943551
136131	0.001546415733
136132	0.002965087775
136133	0.0005428338968
136134	0.001198467236
136135	0.001837537089
136136	0.0008424206741
136137	0.001366488146
136138	0.001241011101
136139	0.000908465913
136140	0.001374399523
136141	0.002199323023
136142	0.001269469004
136143	0.001173181606
136144	0.000543094676
136145	0.000451350171
136146	0.001230600893
136147	0.0009047093441
136148	0.001433982003
136149	0.0009293779411
136150	0.001579215646
136151	0.0006647844967
136152	0.001391886526
136153	0.001264119159
136154	0.001845813242
136155	0.0009361803288
136156	0.001415482888
136157	0.001124571044
136158	0.001110097871
136159	0.001228771171
136160	0.001162118437
136161	0.001188171632
136162	0.001801838279
136163	0.001312016894
136164	0.001111563893
136165	0.001565261513
136166	0.001674092388
136167	7.53522478e-05
136168	0.001079212627
136169	0.001261667896
136170	0.005877321871
136171	0.002371421104
136172	0.001816362404
136173	0.001126194545
136174	0.002435539676
136175	0.004031013954
136176	0.001830410327
136177	0.002790237022
136178	0.003564082474
136179	0.0023491606
136180	0.003618716563
136181	0.002639904378
136182	0.002050201833
136183	0.001891694949
136184	0.001012256114
136185	0.001192372182
136186	0.001307213737
136187	0.001938487987
136188	0.0005381669534
136189	0.0006231924762
136190	0.0005924529072
136191	0.004074562815
136192	0.002291701514
136193	0.001007126509
136194	0.0003987360412
136195	0.0003356339373
136196	0.0007008559514
136197	0.0002680355438
136198	0.003504357819
136199	1.408002955e-05
136200	0.0001914458002
136201	0.0008409279607
136202	0.0002171642366
136203	0.000114339982
136204	0.0001238765196
136205	0.0002496674906
136206	0.0001272370649
136207	0.0001255900971
136208	0.0002265791863
136209	0.001013501247
136210	0.0002211588333
136211	0.0003056913294
136212	0.0006387218665
136213	0.0002814019113
136214	0.000216839211
136215	0.0003072140067
136216	0.0001835452544
136217	0.0002806092535
136218	2.949677589e-05
136219	0.0009312219141
136220	0.000141424052
136221	0.0004965026812
136222	0.0007737288839
136223	0.0001320248193
136224	0.0001810226359
136225	0.001243608841
136226	0.001369851068
136227	0.001146404206
136228	0.0008935802139
136229	0.001861721454
136230	0.002771021999
136231	0.00058912277
136232	0.0008104017825
136233	0.0009311555633
136234	0.0001369404715
136235	0.001905032932
136236	0.002108786282
136237	0.001662268264
136238	0.002176776173
136239	0.00112848413
136240	0.003117721972
136241	0.001325055517
136242	0.004016377901
136243	0.000185525425
136244	0.0002983504836
136245	0.0003505893122
136246	0.001679342349
136247	0.003123743698
136248	0.001033488364
136249	0.00128631538
136250	1.364294072e-05
136251	0.000391981092
136252	0.0001575026818
136253	0.0003517282584
136254	0.0002321379207
136255	0.0006276776658
136256	0.0008457602035
136257	0.0004803578216
136258	0.0001715073734
136259	0.0003236519508
136260	0.0001223323289
136261	0.0002877689642
136262	0.0004577107816
136263	0.0006564368323
136264	0.0004923963301
136265	0.00207727915
136266	0.001770348808
136267	0.0005536814874
136268	0.0003008668459
136269	3.300278897e-05
136270	0.0008887290707
136271	0.0001381628795
136272	0.0002156356764
136273	0.0001448565978
136274	0.0006680023648
136275	5.166155847e-05
136276	0.0003488053099
136277	3.969773313e-05
136278	0.0003975605433
136279	0.000356368496
136280	0.0005433152978
136281	0.001450332391
136282	0.0001545071342
136283	0.001320787309
136284	0.0009009935386
136285	0.0007499168149
136286	0.0002651856855
136287	0.0006102877508
136288	0.0005634145457
136289	0.002853958087
136290	0.002069443977
136291	4.803235148e-06
136292	0.001074287452
136293	0.004791947108
136294	0.001475680362
136295	0.004241278813
136296	0.002704432526
136297	0.003906990903
136298	0.0002997031638
136299	0.001011801941
136300	0.002197298508
136301	0.001807368698
136302	0.001008923139
136303	0.001182419263
136304	0.003215246034
136305	0.003235455231
136306	0.006219549266
136307	0.002354198998
136308	0.0008450944206
136309	0.003498336441
136310	0.001747535621
136311	0.003122583129
136312	0.002150837859
136313	0.0001229832668
136314	0.003643850325
136315	0.004489308548
136316	0.006131468996
136317	0.0003532157474
136318	0.003644907105
136319	0.0004321111628
136320	0.0002820876249
136321	0.007268104165
136322	0.003873988998
136323	0.005875967741
136324	0.002534579457
136325	0.003099609649
136326	0.0009041608967
136327	0.002275168948
136328	0.00078665513
136329	0.003505544438
136330	0.0004921843312
136331	0.001998215666
136332	0.002136645746
136333	0.002918791902
136334	0.008633415225
136335	0.004514172766
136336	0.00177391124
136337	0.001178018623
136338	0.002465524873
136339	0.003827541366
136340	0.0008217941047
136341	0.001973299813
136342	0.002203928724
136343	0.0001638219638
136344	0.003247330806
136345	0.006595862557
136346	8.354308527e-06
136347	0.0006638978503
136348	0.004498639414
136349	0.004612028416
136350	0.001268883527
136351	0.001467504031
136352	0.0004422211184
136353	0.001509460021
136354	0.001589223139
136355	0.0006037315082
136356	0.0008070465023
136357	0.0005217816797
136358	0.001616229358
136359	0.002654656782
136360	0.0006865855712
136361	0.0001213820152
136362	0.001654305406
136363	0.004161232992
136364	0.01023146438
136365	0.003375790862
136366	0.002553588287
136367	0.006939743696
136368	0.002263290995
136369	0.001652460714
136370	0.001677253858
136371	0.0006336117322
136372	0.0002112761448
136373	0.001632653567
136374	0.001407710713
136375	0.0003794929533
136376	0.001505134584
136377	0.0002895713117
136378	0.0001608009428
136379	0.001073113281
136380	0.0002014664895
136381	0.001163703142
136382	8.006119246e-05
136383	0.0001289414144
136384	0.001086796009
136385	0.0009003074339
136386	0.0001320635246
136387	0.0007993771579
136388	0.002924513767
136389	6.412661008e-05
136390	0.0008540330365
136391	0.0004662762971
136392	0.0001878846341
136393	0.002590459317
136394	0.0002554110971
136395	0.002850467071
136396	0.001852101017
136397	0.0004952079301
136398	0.001887976709
136399	0.002440853756
136400	0.006139859827
136401	4.911273132e-05
136402	0.0001497827509
136403	0.0005592022761
136404	0.0001461317463
136405	0.005072915337
136406	0.002269885877
136407	0.0001920489682
136408	9.431587948e-05
136409	0.0003060230175
136410	0.008209703183
136411	0.005058780209
136412	0.008688661244
136413	0.001258110318
136414	0.001797697052
136415	0.003152425383
136416	0.0003009004271
136417	0.001798184518
136418	0.001501176696
136419	0.002582628196
136420	0.0008057686001
136421	0.0009993935298
136422	0.001645754881
136423	0.0001273236245
136424	0.003403421433
136425	0.0004064462094
136426	0.0002103852981
136427	0.002333367076
136428	0.001706346418
136429	0.002262564811
136430	0.001828389432
136431	0.0009778898965
136432	0.000906256711
136433	0.0003587752647
136434	0.0009688583895
136435	0.001809548161
136436	0.005018411978
136437	0.003441593752
136438	0.001052251594
136439	0.002958627094
136440	0.003808341052
136441	0.008229131618
136442	1.064904436e-05
136443	0.0006885719752
136444	0.001580291568
136445	0.0002208252619
136446	0.005027121428
136447	0.001531560361
136448	0.0005375694646
136449	0.00407140593
136450	0.0008575513277
136451	0.0007392298622
136452	0.001386467076
136453	0.0009664447815
136454	0.0004530906126
136455	0.001801586308
136456	0.001592712011
136457	0.00617364111
136458	0.0002536668063
136459	0.00649486013
136460	0.007383754038
136461	0.001713578415
136462	0.0007477455256
136463	0.003041666528
136464	0.007622834508
136465	0.003010232876
136466	0.002979004739
136467	0.0002307186155
136468	8.001400741e-05
136469	0.004653686628
136470	0.005566199192
136471	0.001306972518
136472	0.003350345501
136473	0.002133866853
136474	0.004605831983
136475	0.003874807675
136476	0.004915651422
136477	0.002038736552
136478	0.003358812537
136479	0.00286264146
136480	0.00461339617
136481	1.9817643e-05
136482	0.001459770518
136483	0.005305509111
136484	0.002203465233
136485	0.004036264804
136486	0.0003687729627
136487	0.003173550544
136488	0.00186554324
136489	0.001951220007
136490	0.0005658911988
136491	0.001393689494
136492	0.003671812046
136493	0.0006000688545
136494	0.0008883742832
136495	0.004131172841
136496	0.003436375125
136497	0.005876260664
136498	0.0007357377556
136499	0.004722985906
136500	0.0006876502369
136501	0.002782151252
136502	0.001259392573
136503	0.00195322716
136504	0.001495318227
136505	0.007264021147
136506	0.001228347312
136507	0.001811171949
136508	0.0006968115443
136509	0.002689050828
136510	0.0007862506467
136511	0.0002961098362
136512	0.0003191965295
136513	0.002254685425
136514	0.0004392535227
136515	0.001557139278
136516	0.003541364871
136517	0.00324803844
136518	8.456309261e-05
136519	0.0002437821421
136520	0.0004532402111
136521	0.0005131604782
136522	0.004664143497
136523	0.001728178765
136524	0.003071554633
136525	0.001047676751
136526	0.001264241159
136527	0.0001731876845
136528	0.005746356218
136529	0.002074976576
136530	0.0001470761074
136531	0.0004389014756
136532	0.001075701953
136533	0.004176226253
136534	0.001281020845
136535	0.003387159178
136536	0.003439001439
136537	0.0002324789052
136538	0.0002170506751
136539	0.0008053358278
136540	0.00103093684
136541	0.002033355571
136542	0.001176555298
136543	0.0008324444473
136544	0.005122360982
136545	0.003922631396
136546	0.001073892577
136547	0.0006891828458
136548	0.002993534898
136549	0.002148124734
136550	0.00366177429
136551	0.007861747175
136552	0.004059981751
136553	0.001537715281
136554	8.452995304e-05
136555	0.004515965898
136556	0.003696879508
136557	0.003226030466
136558	0.001664752278
136559	0.0004387104126
136560	0.003265965581
136561	0.00273189329
136562	0.006034790975
136563	0.004902695558
136564	0.004188794146
136565	0.005051876908
136566	0.002556998798
136567	0.0007016896619
136568	0.002159199497
136569	0.0003225712391
136570	5.07855971e-05
136571	0.0008180691419
136572	0.000896113312
136573	0.0004167072322
136574	0.0005047411954
136575	0.0009521051053
136576	0.0004541648489
136577	0.001492936414
136578	5.167736249e-06
136579	0.001132299603
136580	0.0004710049131
136581	0.00168747278
136582	0.0006162142251
136583	0.0004218490595
136584	0.0004739379388
136585	0.00069850949
136586	0.0002633999005
136587	0.003048398739
136588	0.001459215798
136589	0.001255987642
136590	0.00263245456
136591	0.0001909814608
136592	0.004936519585
136593	0.002095023053
136594	0.0007790324222
136595	0.006317093215
136596	0.005234217359
136597	0.001071646953
136598	0.007741066402
136599	0.00504688595
136600	0.002346334597
136601	0.0001891981631
136602	0.001047550635
136603	0.002479726974
136604	0.0006018879231
136605	0.000109057019
136606	0.004451165282
136607	0.002155127266
136608	4.187915606e-05
136609	0.003948429509
136610	0.0008973719796
136611	0.000266952293
136612	0.00287088388
136613	0.000869819663
136614	0.0004716197617
136615	0.0003947331098
136616	0.001682673116
136617	0.0001669500188
136618	0.003462536907
136619	0.001728168725
136620	0.0002204195128
136621	0.0001819073742
136622	0.005883651043
136623	0.0001010098521
136624	0.000924297008
136625	0.001039921046
136626	9.96318565e-05
136627	0.0001413248029
136628	0.003851108178
136629	0.0006448579433
136630	0.001907651301
136631	0.0003442486541
136632	0.0001956857364
136633	0.0004820242723
136634	0.001083968807
136635	0.0005370379613
136636	0.0005783692967
136637	0.0001193790545
136638	0.0005820913183
136639	0.0008072753562
136640	0.0002924326468
136641	0.0005244452012
136642	0.0007876072945
136643	0.0006310054401
136644	0.002544846241
136645	0.001294290869
136646	2.862208476e-05
136647	0.001426902966
136648	0.0003103228263
136649	5.271328337e-05
136650	5.420678078e-05
136651	0.0003650393116
136652	0.0002169052861
136653	0.001729348419
136654	0.003078883693
136655	0.0007880246048
136656	0.0007286658488
136657	0.0001510950377
136658	0.0003367748138
136659	0.000106660133
136660	7.575312566e-05
136661	0.0002481936768
136662	0.0002794735867
136663	0.001131584971
136664	0.0004707556133
136665	6.426718858e-05
136666	4.309450157e-05
136667	0.0007735784208
136668	0.0008740881859
136669	0.0001055925591
136670	0.003410948186
136671	0.000382369524
136672	0.001127387171
136673	0.001022899286
136674	0.002680743556
136675	0.001686648112
136676	0.004968434367
136677	0.006160945182
136678	0.0005316636726
136679	0.002877838791
136680	0.001697116784
136681	0.004015278798
136682	0.003908451251
136683	0.0002723155915
136684	7.830290696e-05
136685	0.002188193598
136686	3.732413334e-05
136687	0.003436262135
136688	0.0008440440785
136689	0.001683408879
136690	0.0003926228584
136691	0.004227264824
136692	0.003504164714
136693	0.0007395457053
136694	0.0007655280062
136695	0.0006780465065
136696	0.004334493674
136697	0.001347020287
136698	0.0001819955285
136699	0.0005978826692
136700	0.001705102085
136701	0.002403875461
136702	0.001622078138
136703	0.001978372071
136704	0.0009893039934
136705	0.001343219739
136706	0.0003072256798
136707	0.000935181445
136708	0.00054722882
136709	0.0005281589452
136710	0.001177438792
136711	0.001652115133
136712	0.002771689295
136713	0.002492809682
136714	0.001425327231
136715	0.0004971293693
136716	0.0004766991607
136717	0.001026785573
136718	0.0005301862594
136719	0.0003452676257
136720	0.003917399047
136721	0.001480994403
136722	0.0005898071231
136723	0.002373109522
136724	0.003342049731
136725	0.008365893071
136726	0.0008766293984
136727	0.004078358801
136728	0.001149193419
136729	0.000755353187
136730	7.509348756e-05
136731	0.0009145185681
136732	0.004551915627
136733	0.0003153751821
136734	0.0005932484986
136735	0.0003496527682
136736	0.001467489424
136737	0.004032175852
136738	0.0007251608893
136739	0.003283129116
136740	0.001119655212
136741	9.357823551e-05
136742	0.0001062291803
136743	0.002901720218
136744	0.0002454746012
136745	0.0006617428249
136746	0.001823593511
136747	0.002771549249
136748	0.002485574761
136749	0.001615328856
136750	0.003908575558
136751	0.001408571918
136752	0.001979112548
136753	0.001206451104
136754	0.003283522236
136755	0.001120001368
136756	0.003226415104
136757	0.001952256739
136758	0.0008427254558
136759	0.004720071727
136760	0.0002006202575
136761	0.0008456737612
136762	0.00321256644
136763	8.394758342e-05
136764	0.001911070907
136765	0.00284680267
136766	0.00267717318
136767	0.003711852182
136768	0.003131443279
136769	0.0004900242619
136770	0.0004718356067
136771	0.001743937694
136772	0.003642350905
136773	0.002392290535
136774	0.004835342281
136775	0.001241391708
136776	0.002543354372
136777	0.001281235342
136778	0.004873306875
136779	0.004201758053
136780	0.002945300188
136781	0.001429476615
136782	0.001222550973
136783	0.002520630621
136784	0.00185737712
136785	0.003292322698
136786	0.000292158525
136787	0.0006704487984
136788	0.003282559919
136789	0.0009524126933
136790	0.0007906629372
136791	0.0001379411497
136792	0.0002948362556
136793	0.0001004806939
136794	0.0002374110854
136795	0.001171419564
136796	0.002295279485
136797	0.0002242458311
136798	0.001792906495
136799	0.0002854416947
136800	0.004626048709
136801	0.002969135504
136802	9.594556784e-05
136803	0.003928373523
136804	0.0006651042614
136805	0.0009897907723
136806	0.001740428378
136807	0.0003083358058
136808	0.0004672260123
136809	0.002354044352
136810	0.001268556252
136811	0.002280553664
136812	0.005357861136
136813	0.0001212982113
136814	0.002210597859
136815	0.00162142155
136816	0.001133093339
136817	0.0007321775698
136818	0.0001857845323
136819	0.003573979904
136820	0.000834524607
136821	0.0001158278615
136822	0.001509738289
136823	0.001976103335
136824	0.001861396611
136825	0.002840944795
136826	0.003617161476
136827	0.001587758991
136828	0.0004837143682
136829	0.0009108520234
136830	0.00401181414
136831	0.0003042026949
136832	6.067490712e-05
136833	0.001065083757
136834	0.0002199836041
136835	0.00012388775
136836	0.004669604748
136837	0.0004975540626
136838	0.004657999919
136839	0.002186606625
136840	0.002809292364
136841	0.001125840212
136842	0.003100349598
136843	4.165085376e-05
136844	0.001785676466
136845	0.0003378012612
136846	0.001262173573
136847	0.000340364696
136848	6.230349552e-05
136849	0.0009494793649
136850	0.0005637633412
136851	0.0006380778278
136852	0.002549678972
136853	8.222613118e-05
136854	0.0005533106516
136855	0.000801053467
136856	0.001622633751
136857	0.0003365584677
136858	0.001748844807
136859	0.002629082281
136860	0.002420811393
136861	0.001481037465
136862	0.002055166128
136863	0.0005929961612
136864	0.008740096563
136865	0.007862096348
136866	2.464250943e-05
136867	0.001170073957
136868	0.002574861139
136869	0.001491290491
136870	0.003235452752
136871	0.003171533044
136872	0.001077464931
136873	5.130929359e-05
136874	0.002038802446
136875	0.004025070025
136876	0.001454090417
136877	0.004406301096
136878	0.0009615422614
136879	0.0007924068609
136880	0.00217517055
136881	0.0006450155766
136882	0.0004455883964
136883	0.003911536037
136884	0.005446418228
136885	0.003899488753
136886	0.001968979607
136887	0.002672083631
136888	0.0006717866711
136889	0.005216729085
136890	0.002461286473
136891	0.002497738474
136892	0.0008145361911
136893	0.001408824026
136894	0.0005622309864
136895	0.001908372565
136896	0.000420370791
136897	0.002072143764
136898	0.006382345076
136899	0.000296518263
136900	0.002093349902
136901	0.003254661221
136902	0.001110665123
136903	0.00586356391
136904	6.50710517e-05
136905	0.0008765602899
136906	0.004742542588
136907	0.006845779205
136908	0.002895926337
136909	0.0003444968637
136910	0.001832689404
136911	0.0006070441138
136912	0.003536898253
136913	0.001711572755
136914	0.00632353423
136915	0.0009477106817
136916	0.007254733311
136917	0.0006190795018
136918	0.00131134584
136919	0.004797519429
136920	0.002009245627
136921	0.001691944562
136922	0.003605188633
136923	0.001272587172
136924	0.0003288307125
136925	0.002116629407
136926	0.0009993444396
136927	0.002116187542
136928	0.000609811206
136929	0.0009051070477
136930	0.0006491328411
136931	0.000593289236
136932	0.001768587273
136933	0.002370864177
136934	0.0005564226872
136935	0.001807723144
136936	0.0002110909848
136937	0.005193911617
136938	0.0004283549011
136939	0.0001084433559
136940	0.0001413067297
136941	0.0009133819911
136942	0.004953853246
136943	0.0005139592949
136944	0.0001361733142
136945	0.002244945177
136946	0.0004313442382
136947	6.950520402e-05
136948	0.0001527078635
136949	0.0001025523986
136950	0.0002399050437
136951	0.0004611847492
136952	5.969498212e-05
136953	0.0001923614242
136954	0.0001013450577
136955	0.0002805694598
136956	0.0002316597195
136957	0.0001383685999
136958	5.84538727e-05
136959	0.0001238720054
136960	9.105393025e-05
136961	6.59054353e-05
136962	0.0008219508259
136963	0.0001572648497
136964	0.003045010877
136965	0.0001618515211
136966	0.0004059606801
136967	9.594421078e-05
136968	0.0004051440298
136969	0.000422423919
136970	1.569930111e-05
136971	0.0001293808006
136972	0.0002126400107
136973	0.0003219927656
136974	0.0002005793287
136975	0.003676993084
136976	0.001919936227
136977	4.984024681e-05
136978	0.0007239498677
136979	0.0009751496988
136980	0.00144227232
136981	0.000583524301
136982	0.00906005792
136983	0.002605095607
136984	0.003529277545
136985	0.001800457302
136986	0.000541992173
136987	0.000557798479
136988	0.003119093401
136989	0.002577192762
136990	0.0008890116828
136991	0.002483251076
136992	0.001254235609
136993	0.0008674699407
136994	0.002856349832
136995	0.0002268051834
136996	0.0007608972031
136997	0.001643359474
136998	0.0001818749272
136999	0.001046211051
137000	0.000691356592
137001	0.001324713948
137002	0.0009866557125
137003	0.0006200762438
137004	2.068820405e-05
137005	0.003183672388
137006	0.001256912765
137007	0.0006107004304
137008	0.001486028402
137009	0.002084253705
137010	0.001126321036
137011	0.0005117971948
137012	0.001982547621
137013	3.469696994e-05
137014	0.002102680777
137015	0.001078810802
137016	0.001106114007
137017	0.001277759062
137018	0.0002589848683
137019	0.0008796886301
137020	0.0006674177114
137021	0.003011280231
137022	0.002883114161
137023	0.0009808810957
137024	0.0009696509082
137025	0.0003490567239
137026	0.002937916051
137027	0.000810083013
137028	0.0007016878885
137029	0.0004118149811
137030	0.0007290619055
137031	9.085228144e-05
137032	0.001826498686
137033	0.0005038850674
137034	0.0003708226772
137035	0.000763841617
137036	0.004031267919
137037	0.0003809916813
137038	0.0003604470366
137039	0.0005221790814
137040	0.001562747548
137041	0.001235973163
137042	0.001154577338
137043	0.0006988966469
137044	0.0006092406917
137045	0.0003665594653
137046	0.00209785191
137047	0.0009553608471
137048	0.001871589865
137049	0.001540903238
137050	0.001845014145
137051	0.0002787459518
137052	0.001733410541
137053	0.0003211005968
137054	0.0007340384545
137055	0.0002606155979
137056	0.0006369805832
137057	0.001376742746
137058	0.001804590703
137059	0.001427807833
137060	3.747850428e-05
137061	0.001032651838
137062	0.001491268077
137063	0.001960660766
137064	0.0009373301475
137065	0.002636880029
137066	0.001073408338
137067	0.002459649036
137068	9.264895166e-06
137069	0.001690291099
137070	0.0006235743229
137071	0.004259617109
137072	2.363935554e-07
137073	0.001056445411
137074	0.002459098964
137075	0.000100441508
137076	0.0007690614658
137077	0.002355193124
137078	0.0004718084432
137079	0.001778583979
137080	0.0003338324226
137081	0.001091698092
137082	6.242560913e-05
137083	0.0008494955102
137084	0.0001048397782
137085	0.000938210244
137086	0.001640796281
137087	0.0002697737771
137088	0.0001717447366
137089	0.002060315161
137090	0.0003340924082
137091	0.0004083861823
137092	5.196254989e-05
137093	0.001143424096
137094	0.001174862776
137095	0.0004769068525
137096	0.001022464579
137097	0.003282211585
137098	0.001209234263
137099	0.0009381256131
137100	0.001402106705
137101	5.047287007e-05
137102	0.001397078243
137103	0.0009607860001
137104	0.0010172967
137105	0.0006210349545
137106	0.001184562315
137107	0.001012055613
137108	0.0009547530035
137109	0.0001180882501
137110	0.00191459653
137111	0.0004665531882
137112	0.001047738036
137113	0.0003182094379
137114	1.867250677e-06
137115	0.0003418908793
137116	0.0006631231979
137117	0.001352059337
137118	0.001933070014
137119	0.003782668876
137120	0.00130462368
137121	0.001000478174
137122	0.003161271057
137123	0.001014102262
137124	0.0001017029629
137125	0.002775279177
137126	0.0004203638937
137127	0.001174461011
137128	0.0003222479022
137129	0.0005810269206
137130	0.0001753292211
137131	0.00198425028
137132	0.003461241995
137133	0.0008312053616
137134	0.0009356073387
137135	0.0001840238902
137136	0.0008323204471
137137	0.002224881999
137138	0.001605798236
137139	0.003354072706
137140	0.0004438561697
137141	0.0003162691751
137142	0.003196891482
137143	0.002040278228
137144	0.0003183707483
137145	0.0005474681264
137146	0.0009471421593
137147	0.001545139676
137148	0.0009606786521
137149	0.0006775299624
137150	0.002194572715
137151	0.000568954049
137152	0.00186124087
137153	0.001754855572
137154	0.0007409614754
137155	0.001141351337
137156	0.003420093941
137157	0.002725719128
137158	0.001781883134
137159	0.001076596155
137160	0.002041347431
137161	0.001865571386
137162	0.000482041228
137163	0.0001339194102
137164	0.002871488747
137165	0.004608436942
137166	0.001563490915
137167	0.0002954021504
137168	0.002854748794
137169	0.0004451572962
137170	0.0001333467469
137171	0.0001069119536
137172	4.017755915e-06
137173	0.0004920629932
137174	0.002956301998
137175	0.001265094193
137176	0.001453198732
137177	0.0008404662028
137178	0.00128064561
137179	0.001000083861
137180	0.003155022703
137181	0.000129080736
137182	0.001762738924
137183	0.0002556699185
137184	0.002315293237
137185	0.002184218173
137186	0.005137338102
137187	0.004512609332
137188	0.001380112839
137189	0.0007722784512
137190	0.0002548720108
137191	4.12409536e-07
137192	0.003240572619
137193	0.002130180238
137194	0.001197558554
137195	0.002540960644
137196	0.003045881878
137197	0.001773436263
137198	0.005632382255
137199	0.007896844052
137200	0.007440417122
137201	0.002926785995
137202	0.001437792519
137203	0.005409003188
137204	0.006864650248
137205	0.005858045673
137206	0.003780176659
137207	0.004683033139
137208	0.002511192195
137209	0.002418322179
137210	0.002585849243
137211	0.008056197684
137212	0.007433839717
137213	0.0008653861295
137214	0.00470529899
137215	0.005585926363
137216	0.007136672126
137217	0.005622324103
137218	0.005044997226
137219	0.001916634482
137220	0.004837589021
137221	0.0005966330925
137222	0.008196116987
137223	0.003867231149
137224	0.004252236167
137225	0.006390841448
137226	0.004987721035
137227	0.007154709114
137228	0.006669900295
137229	0.006130247556
137230	0.002033365256
137231	0.0044205957
137232	0.007833930907
137233	0.005324404966
137234	0.003565418868
137235	0.001488842136
137236	0.002500592895
137237	0.003171522798
137238	2.215549988e-07
137239	0.003525933423
137240	0.005903623862
137241	0.003551007956
137242	0.0002258195652
137243	0.006131983374
137244	0.00557464075
137245	0.001676627884
137246	0.008330261292
137247	0.005717606227
137248	0.005187556746
137249	0.004374606091
137250	0.002308472536
137251	0.0008115764047
137252	0.001672953295
137253	0.001116427704
137254	0.0008766215844
137255	0.0008742192076
137256	0.0005780765918
137257	0.002380175041
137258	0.0006779426536
137259	0.002791545351
137260	0.001838789294
137261	0.003597030945
137262	0.004858718552
137263	0.001781397624
137264	0.001557178845
137265	0.0007722026677
137266	0.0009286743307
137267	0.0002254471797
137268	0.001121636029
137269	0.002618007062
137270	0.0001882127077
137271	0.007708457906
137272	0.005291531363
137273	0.0005676020556
137274	0.001730415431
137275	0.0008051205666
137276	0.004736217368
137277	0.0005941577627
137278	0.003806544466
137279	0.0004493423947
137280	0.0003813537799
137281	0.0006429160019
137282	0.0002675858385
137283	0.003733411296
137284	3.815126715e-05
137285	8.581033462e-05
137286	0.0006393316874
137287	0.0003333859482
137288	0.001707859978
137289	0.001994673063
137290	8.134929153e-05
137291	0.004755583727
137292	0.002266298812
137293	0.00668271219
137294	0.006235884698
137295	0.0002404976606
137296	0.0003112757252
137297	6.615713375e-05
137298	0.000464556996
137299	0.0004652622408
137300	0.0007109697407
137301	0.0002812343802
137302	0.0003101433579
137303	0.000136274941
137304	0.0004321837817
137305	0.0009297784334
137306	9.003425938e-05
137307	0.0005636301171
137308	0.00051113495
137309	0.0004941009574
137310	0.0007647939249
137311	0.0002309770936
137312	0.0004178657614
137313	0.0008705733442
137314	6.967472654e-06
137315	1.325925159e-06
137316	0.0003377149464
137317	0.0006825371314
137318	0.0004099465946
137319	0.0002679494142
137320	0.0008338919612
137321	0.0007726142472
137322	0.0001369700614
137323	0.0001389056808
137324	0.006922734583
137325	0.001168983652
137326	0.000549003947
137327	0.0006505930404
137328	0.0003206777802
137329	0.003556199589
137330	0.002050179018
137331	0.002678376353
137332	0.001523221518
137333	0.002656821461
137334	0.00454852853
137335	0.002015739135
137336	0.003323422406
137337	6.228284601e-05
137338	1.02520747e-05
137339	0.005162407325
137340	0.0002444278122
137341	0.002973376827
137342	0.003525035175
137343	0.0001575863951
137344	0.002897392458
137345	0.004246061062
137346	0.001698904566
137347	0.0003025489724
137348	0.0001559772132
137349	0.007066761357
137350	0.0003072256806
137351	0.004106502382
137352	0.001126304244
137353	0.0003375332558
137354	0.003669396289
137355	0.003071906741
137356	0.001432071999
137357	0.0009214204559
137358	0.0001257988552
137359	0.0007834690027
137360	0.0001085466295
137361	0.003372388262
137362	0.004678829998
137363	0.002045348159
137364	0.003397680195
137365	0.002902718587
137366	0.007882195031
137367	0.002144629939
137368	0.0011815583
137369	0.003016726725
137370	0.0002111010712
137371	0.001940031969
137372	0.001471581683
137373	0.004029225736
137374	0.00149424034
137375	0.001111394381
137376	0.0008997963972
137377	0.00122896596
137378	0.001665001377
137379	0.0011190636
137380	0.0004884036377
137381	0.00236858555
137382	0.0007716890937
137383	0.0003196712023
137384	0.006422377621
137385	0.004244185414
137386	0.001127728602
137387	0.001639598142
137388	0.004946166342
137389	0.004685281182
137390	0.003557694177
137391	0.00173372837
137392	0.001420477798
137393	6.140092347e-09
137394	0.0002260541844
137395	2.728140587e-05
137396	0.003309898736
137397	0.0001092170461
137398	0.0003157867528
137399	0.0003263530986
137400	0.0002078161082
137401	0.0002944956352
137402	0.0003861237839
137403	0.0003219865167
137404	0.0001945811768
137405	7.125337048e-06
137406	0.0007953611724
137407	0.0003787303505
137408	0.0002408490681
137409	0.000455850826
137410	0.001507059904
137411	0.0009180089501
137412	0.0004114935074
137413	0.0002430066753
137414	0.000236537038
137415	0.0001826831252
137416	0.002654366031
137417	0.0002744184676
137418	0.0005033760602
137419	7.346647704e-05
137420	2.865941126e-05
137421	0.0001964588285
137422	0.0004167617481
137423	0.0002215989609
137424	2.716491773e-06
137425	0.0003560624214
137426	0.0004284699048
137427	6.725231738e-05
137428	0.0002990761532
137429	0.0003631775356
137430	1.313135113e-05
137431	0.0004097061361
137432	6.440338489e-05
137433	0.0007932786761
137434	0.0002276959194
137435	0.0001707950765
137436	0.0001164170473
137437	0.0004171162107
137438	0.0001478143966
137439	0.0002388173171
137440	0.0005238294214
137441	7.052576072e-06
137442	0.00039495365
137443	0.003823208125
137444	0.0025498263
137445	0.002180292239
137446	0.0007516247128
137447	0.0002636642353
137448	0.001355251106
137449	0.006711794276
137450	0.0001728522091
137451	0.0003814854982
137452	0.0001837254437
137453	0.000518274351
137454	0.001454335502
137455	0.002286665327
137456	0.0003745859845
137457	0.001438104191
137458	0.007359328902
137459	0.001006692872
137460	0.00284025884
137461	0.0005328107101
137462	0.0004813329372
137463	0.005523610945
137464	2.745204461e-05
137465	0.0002374580062
137466	0.0001672872697
137467	0.001830856347
137468	0.00170075227
137469	0.0005044495933
137470	0.002012922412
137471	0.002782449717
137472	0.0002123665062
137473	0.002326429096
137474	0.0001622700418
137475	0.002133066067
137476	0.000433838784
137477	0.0007757211179
137478	0.004258893449
137479	0.001244537453
137480	8.192870834e-06
137481	0.002231385653
137482	0.002174494259
137483	0.0007247442789
137484	0.002077403248
137485	0.001228136274
137486	0.004094918387
137487	0.004037506716
137488	0.002417795373
137489	0.0003080783372
137490	9.649310953e-05
137491	8.627817609e-05
137492	0.0003280422266
137493	0.0001163946233
137494	0.0005749336969
137495	0.0002938589267
137496	0.0001817716596
137497	0.0004432685422
137498	0.001424671328
137499	6.359710442e-05
137500	0.0001946078678
137501	0.001023423124
137502	0.000694161311
137503	0.0004281359805
137504	0.0001000627936
137505	1.201869144e-05
137506	0.002107789699
137507	0.001267211721
137508	0.0001099473079
137509	0.001409101777
137510	0.00647334476
137511	0.002288498748
137512	0.00329098224
137513	0.002147895794
137514	0.004265363819
137515	0.007578800591
137516	0.002911556045
137517	0.002146052205
137518	2.214623117e-05
137519	5.404388085e-05
137520	0.0004014242992
137521	0.0002015428268
137522	0.002343309761
137523	0.001212142372
137524	0.001245529508
137525	0.002459267865
137526	0.000854325793
137527	0.001026896378
137528	0.0006926998536
137529	0.002116286274
137530	0.001948301717
137531	0.0001147278773
137532	0.002232499307
137533	0.00368770145
137534	0.002809546393
137535	0.0001854211432
137536	0.004553090632
137537	0.00684606675
137538	0.0008206181426
137539	2.371545814e-05
137540	0.002499421743
137541	0.001101043972
137542	0.002098634182
137543	0.0005645452638
137544	0.0009299028083
137545	0.002996369554
137546	0.00320063353
137547	0.001415666934
137548	0.0002526518792
137549	0.0002282597823
137550	0.0002520026408
137551	0.0002572646248
137552	9.709690168e-05
137553	0.0007335469057
137554	0.0009471127502
137555	0.0003779510111
137556	6.204359591e-05
137557	0.002221753044
137558	2.01204748e-05
137559	0.000120885707
137560	0.004841581036
137561	0.001934124116
137562	0.0001523216629
137563	0.0001069646007
137564	5.812969037e-05
137565	0.000216254033
137566	0.0001569818481
137567	0.0003930601784
137568	0.0001426160811
137569	8.177639239e-05
137570	0.0002693839896
137571	0.0004150060125
137572	0.001210170713
137573	0.0003219696279
137574	9.869383732e-05
137575	6.283785814e-05
137576	0.0001060088406
137577	0.0005575081461
137578	0.0004947084382
137579	0.0002046619178
137580	0.0001535614837
137581	0.0001286290446
137582	3.84843778e-05
137583	3.19493235e-05
137584	0.0002459071432
137585	0.0003643301301
137586	0.0001367044056
137587	0.0004386388349
137588	0.0004056728605
137589	0.0001558083545
137590	0.0001734224949
137591	0.0001366502971
137592	0.001981860896
137593	0.0006260093196
137594	0.004664420021
137595	0.001730750334
137596	0.002969857239
137597	0.0006907490637
137598	0.001465121682
137599	0.000180709345
137600	0.001724833267
137601	0.00775801419
137602	0.003227374189
137603	0.006272636255
137604	0.0002851568453
137605	0.006541520334
137606	0.002498819539
137607	0.002706455484
137608	0.0003272980317
137609	0.0006217965769
137610	0.001024890102
137611	0.0003556792668
137612	0.0006468900423
137613	0.0002716651492
137614	1.01326158e-05
137615	0.000665425555
137616	0.001625022274
137617	0.0004555601484
137618	9.921412967e-05
137619	0.002251656573
137620	0.001408458872
137621	0.0008778411456
137622	0.00107169709
137623	0.00196138777
137624	0.0007468689218
137625	0.0007482814
137626	0.002615462054
137627	0.003046544362
137628	0.0005717316362
137629	0.003386117228
137630	0.0007968701722
137631	0.0007450852237
137632	0.0001745872209
137633	0.004491467996
137634	0.0003117999467
137635	0.001137879164
137636	0.001284782508
137637	0.002762418489
137638	0.0008710664521
137639	1.665247625e-05
137640	0.001653496381
137641	0.002950728788
137642	0.003508832619
137643	0.003079937812
137644	0.002285398646
137645	0.003804272025
137646	0.003493782264
137647	0.0001631552479
137648	0.00801265058
137649	0.0009596312568
137650	0.0008311383713
137651	0.0004504329099
137652	0.0001222219328
137653	0.001639275545
137654	0.001000290057
137655	0.0006378341392
137656	0.005934479503
137657	0.002851731354
137658	0.0005608056489
137659	0
137660	0.001580470635
137661	0.0008480875914
137662	0.001523294234
137663	0.002186996521
137664	0.00285576812
137665	0.007321794651
137666	6.303932057e-05
137667	0.0009210481763
137668	0.001644759999
137669	0.001722263889
137670	0.0003146648978
137671	0.0001618349378
137672	0.007407812179
137673	0.001124996264
137674	0.001606703605
137675	0.0009452152391
137676	0.001751913299
137677	0.001168994392
137678	7.788215937e-05
137679	0.001764346879
137680	0.002420167667
137681	0.0006571521529
137682	0.0007819286604
137683	0.003135099887
137684	0.001245355003
137685	0.002430310146
137686	0.0003656793525
137687	0.002004906149
137688	0.001081889483
137689	0.001929610794
137690	0.0001705680205
137691	0.001377351252
137692	0.00472148497
137693	0.002776488791
137694	0.004545122906
137695	0.00269365179
137696	0.005005261921
137697	0.0003389368732
137698	0.003245510453
137699	0.003825608807
137700	0.003968285763
137701	0.0004882929071
137702	0.001331768246
137703	0.0001993686424
137704	0.0004420279989
137705	0.001341403873
137706	0.0008965384541
137707	0.00181430617
137708	0.001698300955
137709	0.001406605158
137710	0.002942765519
137711	0.0009951076425
137712	0.009096661061
137713	0.000804715847
137714	0.001787596909
137715	0.006027671011
137716	0.00284006666
137717	0.002874979334
137718	0.003090534731
137719	0.0007635875122
137720	0.002280977251
137721	0.0008302797091
137722	0.001527696026
137723	0.0004586290963
137724	0.004585572171
137725	0.00179282592
137726	0.001349143496
137727	0.005567543258
137728	0.006304309949
137729	0.002083458659
137730	0.0004262000293
137731	0.0004121448833
137732	3.423273139e-05
137733	0.002562034321
137734	0.0001738940885
137735	0.004243161412
137736	0.001680670442
137737	0.002991583136
137738	0.001990435028
137739	0.002418969582
137740	0.001722383012
137741	0.002376355536
137742	0.002164289899
137743	0.001449822426
137744	0.001885585832
137745	0.002506276655
137746	0.0004916981176
137747	0.001299054941
137748	0.001907360928
137749	0.0002621291713
137750	0.004587144493
137751	0.001169769555
137752	0.005356525239
137753	0.004132440716
137754	0.002014483049
137755	0.001397984128
137756	0.001766636138
137757	0.002337378175
137758	0.003492920742
137759	0.002337960789
137760	0.003638032213
137761	0.001458009484
137762	0.0004485570365
137763	0.002492301147
137764	0.006397558247
137765	8.182159317e-05
137766	0.0001042300388
137767	0.003325162551
137768	3.62522646e-05
137769	0.004143307352
137770	0.0001317061921
137771	0.00220903215
137772	0.000403206913
137773	0.002914339046
137774	0.0001395869079
137775	0.001269682921
137776	0.001405893195
137777	0.0009985913306
137778	0.001279641499
137779	0.0003404391825
137780	0.001037651835
137781	0.006402108706
137782	1.821208488e-05
137783	0.004329925859
137784	0.004107577129
137785	0.001072799214
137786	0.0005541962308
137787	0.001607040449
137788	0.001959716796
137789	0.001010336462
137790	0.000169503891
137791	0.0002755776423
137792	0.004089367276
137793	0.006390147909
137794	0.004427228386
137795	0.006062585199
137796	0.0005834280454
137797	0.0004017916324
137798	0.0009793657413
137799	0.0004959459628
137800	0.0001866226071
137801	0.003326478278
137802	0.001064552665
137803	0.001259522036
137804	0.001457980481
137805	0.001641694131
137806	0.006030947217
137807	0.004127192289
137808	0.002749280229
137809	0.003413902567
137810	0.00244655895
137811	0.002084218232
137812	0.001284229017
137813	0.0009703380634
137814	0.002114550535
137815	0.00103579501
137816	0.003759793763
137817	0.0007800136744
137818	0.001188919217
137819	0.001169402772
137820	0.004067862443
137821	0.004030238388
137822	0.0009414835617
137823	0.003248296702
137824	0.001321145253
137825	0.003724202525
137826	0.003593146613
137827	0.002933462256
137828	0.003699886633
137829	0.0004711410575
137830	0.003946049
137831	0.002874983293
137832	0.002094093487
137833	0.0007875920127
137834	0.001350342772
137835	0.0003482367836
137836	0.0002478785041
137837	0.001626957281
137838	0.001205703883
137839	0.0004508945123
137840	0.002268605345
137841	0.0008029843735
137842	0.0003467052605
137843	0.002268892505
137844	0.005020142665
137845	0.007407570426
137846	0.0002359740962
137847	0.002067487263
137848	0.001686359311
137849	0.003132048509
137850	9.699589778e-05
137851	0.002704263289
137852	0.004647563987
137853	0.0009201629676
137854	0.001219901187
137855	0.003488939301
137856	0.0008448411063
137857	0.001580425927
137858	0.001449171205
137859	0.003508275909
137860	0.004846593474
137861	0.00101669023
137862	0.0007697889652
137863	0.0001164291424
137864	0.00394124944
137865	0.003928797838
137866	0.001988935661
137867	0.002756253656
137868	0.0007025379466
137869	0.0009160153191
137870	0.004684560965
137871	0.001064802019
137872	0.0005912420316
137873	0.007094365837
137874	0.003717347491
137875	0.006403718449
137876	0.000402305791
137877	0.00108335648
137878	0.0038616485
137879	0.001905645337
137880	0.006147296024
137881	0.001046267877
137882	0.0003505452196
137883	0.0010647753
137884	0.002257209362
137885	0.0004918484265
137886	0.0006323245591
137887	0.007465463311
137888	0.003248550201
137889	0.002292324307
137890	0.0006732860303
137891	0.0005018926994
137892	0.0001830268845
137893	0.002078334773
137894	0.001460261502
137895	0.00163372344
137896	0.0001094467992
137897	0.001117646183
137898	0.001243363909
137899	0.0003402761186
137900	0.001743725413
137901	0.007607437044
137902	0.002267974231
137903	0.001721635139
137904	0.0006945145867
137905	0.006535642124
137906	0.002776627041
137907	0.004689953546
137908	0.002417229134
137909	0.001959439639
137910	0.001839226652
137911	0.004630674329
137912	0.003112947766
137913	0.002147307294
137914	0.0001180059757
137915	0.0004181792526
137916	0.001450179377
137917	0.002372692837
137918	0.002940634122
137919	0.005845805693
137920	0.004328199381
137921	0.005202955032
137922	5.893922213e-05
137923	0.0001363383943
137924	0.001383984224
137925	0.0002321807037
137926	0.005265105685
137927	0.002937788503
137928	0.0008490580929
137929	0.0007779292397
137930	0.0001912487102
137931	0.0008471731757
137932	6.790124949e-06
137933	0.003836308906
137934	0.001699284443
137935	0.0002434340032
137936	0.005022096754
137937	8.992642344e-05
137938	0.001073784181
137939	0.00585286925
137940	0.003163965856
137941	0.0001934423605
137942	0.005773507094
137943	0.002592741336
137944	0.0007664641039
137945	0.001683486338
137946	0.003357518498
137947	0.004859931197
137948	0.003057368437
137949	0.003153965448
137950	0.001921143829
137951	0.002325340683
137952	0.002851754431
137953	0.0009406414522
137954	0.002854634254
137955	0.0009578128525
137956	0.002963039989
137957	0.0005803817688
137958	0.0008963104067
137959	0.001607686352
137960	0.002284780599
137961	0.0001094119561
137962	0.001145638777
137963	0.001345671519
137964	0.00219026554
137965	0.003281219132
137966	0.002345822658
137967	0.0009158382315
137968	0.000331363329
137969	0.005268699933
137970	0.00818846733
137971	0.002726310304
137972	0.000923085371
137973	0.002579398697
137974	0.001444990142
137975	0.001572214274
137976	0.006109720919
137977	0.001514248508
137978	0.0006623800601
137979	0.003320637193
137980	0.004774840722
137981	4.001687388e-06
137982	0.005653924112
137983	0.008301887455
137984	0.000893288776
137985	8.148578132e-05
137986	9.941232751e-05
137987	0.004141749335
137988	0.001339083852
137989	0.002421686157
137990	0.0003401292615
137991	0.0007373925045
137992	0.004574437902
137993	0.002495426572
137994	0.004496242475
137995	0.0008214649407
137996	0.002358251605
137997	0.002479067835
137998	0.003535285504
137999	0.003414895514
138000	0.001571574556
138001	0.0006761345099
138002	0.001287728536
138003	0.001077711318
138004	0.001430936948
138005	0.003551102322
138006	0.001111266939
138007	0.00120702161
138008	0.0002604177976
138009	0.0005613268595
138010	0.001626015741
138011	0.001682878331
138012	0.0009337760842
138013	0.001454765302
138014	0.003324663522
138015	0.004262500157
138016	0.003005660225
138017	0.003759002945
138018	0.003303567156
138019	0.000595519728
138020	0.0001991865911
138021	0.004764460388
138022	0.0006772086971
138023	0.00423757191
138024	0.0001966713147
138025	0.00154715103
138026	0.000113033678
138027	0.006386643937
138028	0.001720013165
138029	0.001803151179
138030	0.00213213789
138031	0.001070528173
138032	3.986942337e-05
138033	0.004241226418
138034	0.002722427934
138035	9.419933263e-05
138036	0.003503263533
138037	0.0002771208487
138038	0.004569111651
138039	0.0008969211633
138040	1.988185054e-05
138041	0.001367623343
138042	0.00444489869
138043	0.001153602778
138044	0.0002529265901
138045	0.001244064286
138046	0.002683927235
138047	0.001860875945
138048	0.001841690528
138049	0.003643384025
138050	0.001723114339
138051	0.003131342218
138052	0.002872784621
138053	0.0007543807798
138054	0.004217347799
138055	0.0003645895953
138056	2.10432356e-05
138057	0.0005995797283
138058	7.973462206e-05
138059	0.0005721999808
138060	0.001131156424
138061	0.0009335856854
138062	0.0009964074489
138063	0.001951267314
138064	0.001819631632
138065	0.003947035008
138066	0.0007587968517
138067	0.002085385817
138068	8.542129274e-05
138069	0.001443046495
138070	0.0004674675119
138071	0.0007347992855
138072	0.0004934880526
138073	0.002556144571
138074	0.005983469963
138075	0.007036704602
138076	0.002336008928
138077	0.0001479357325
138078	0.005419822956
138079	0.0007658760108
138080	0.003758446362
138081	0.003125069782
138082	0.0007524618819
138083	0.004859475954
138084	0.001025589067
138085	0.0007627290044
138086	0.002204558201
138087	0.0006495507353
138088	0.00357149824
138089	0.0005713742173
138090	0.0008803579733
138091	0.003437901751
138092	0.003322942134
138093	0.003206827877
138094	0
138095	0.003638294712
138096	0.004650019704
138097	0.001027097727
138098	0.0003640707663
138099	0.002479509785
138100	0.002581929673
138101	0.0006288665064
138102	0.0009480357745
138103	0.001406965531
138104	0.002111388251
138105	0.0002744303346
138106	5.049286384e-06
138107	0.007857882266
138108	0.001463322581
138109	0.0001839076118
138110	0.0009452966358
138111	0.004003936514
138112	0.001897188777
138113	0.0006345479413
138114	0.000737194313
138115	0.0001618693211
138116	0.002347677388
138117	0.005706337974
138118	0.004966840529
138119	0.004532620515
138120	0.00109060558
138121	0.00187642386
138122	0.00248363155
138123	0.0009542197597
138124	0.003896787142
138125	0.005825464339
138126	0.004201568446
138127	0.0006781997368
138128	0.001387366477
138129	0.003844005241
138130	0.002042665128
138131	0.0001298536675
138132	0.005585124089
138133	0.007268849477
138134	0.001081620004
138135	0.005420232164
138136	0.002357467785
138137	0.00768439079
138138	0.004309205964
138139	8.006659284e-06
138140	0.0003456276045
138141	0.0002599373075
138142	0.003278733586
138143	0.001724223769
138144	0.004693842459
138145	0.0008743313621
138146	0.002339533289
138147	0.0007066157745
138148	0.001110798392
138149	0.0004139102714
138150	0.001509725295
138151	0.003771173288
138152	0.008542353337
138153	0.004243711175
138154	0.004913489937
138155	0.006279663786
138156	0.002328609484
138157	0.000859535095
138158	0.0004825771595
138159	0.004155128594
138160	0.0003199705914
138161	0.001075469735
138162	0.0008332188268
138163	0.001642251225
138164	0.0007522509665
138165	0.001500914751
138166	0.0003185720632
138167	0.00269351154
138168	0.003287636811
138169	0.003523434269
138170	0.003707834601
138171	0.002000456401
138172	0.001306260056
138173	0.004265079921
138174	0.003802924605
138175	0.004538738403
138176	0.0002395699173
138177	4.039586662e-05
138178	0.002546701263
138179	0.000164751384
138180	0.005965828289
138181	0.001688848183
138182	0.00249946747
138183	1.286943343e-05
138184	0.006308764566
138185	0.006896836379
138186	0.001173458238
138187	0.002463267654
138188	0.00166232549
138189	0.0008669649294
138190	0.001749622134
138191	0.001194139741
138192	0.001105688661
138193	0.000946170516
138194	0.002142971979
138195	0.0004877412758
138196	0.0007712986048
138197	7.994488814e-05
138198	0.0008003034814
138199	0.001670967779
138200	0.00125414485
138201	0.001174714262
138202	0.002248254858
138203	4.678516708e-05
138204	0.005719881528
138205	0.0008434359727
138206	0.002275242066
138207	0.003793857396
138208	0.004511924028
138209	0.0005126404505
138210	5.44179608e-05
138211	0.00243502354
138212	0.0003423211244
138213	0.004666956308
138214	0.0001156278501
138215	0.00320761142
138216	0.0005994607523
138217	0.003150732743
138218	0.002032614183
138219	0.006163000335
138220	0.0007167024125
138221	0.002813137728
138222	0.0028156421
138223	0.002570743784
138224	0.002766976751
138225	0.001815474721
138226	0.00086363586
138227	0.0009347100925
138228	0.0004499320737
138229	0.001498771522
138230	0.0001792229886
138231	0.004396967358
138232	0.002798606105
138233	0.0009314127711
138234	0.0003682353999
138235	7.609166102e-05
138236	0.0003932599172
138237	0.001315000014
138238	0.002382106542
138239	0.002372339668
138240	0.0006824162724
138241	0.001643694221
138242	0.0004048787872
138243	0.0003822414632
138244	0.002103089416
138245	0.0004137602701
138246	0.001434554415
138247	0.001569169204
138248	0.0001760125667
138249	8.885152506e-05
138250	0.0006663510705
138251	0.001488895079
138252	0.0005193287672
138253	0.0002290654056
138254	0.0006147603597
138255	0.003812904621
138256	0.0002838624166
138257	0.002958016569
138258	0.00150652738
138259	0.0008367156683
138260	0.0008458144581
138261	0.0003575107597
138262	0.002952230319
138263	0.003171258777
138264	0.001154168442
138265	0.002309686128
138266	0.0002685249236
138267	0.002820841107
138268	0.005439001981
138269	0.001881992613
138270	0.0001611735471
138271	0.005212596975
138272	0.001510691439
138273	0.00679565345
138274	2.48637137e-05
138275	0.001679817152
138276	0.003266928405
138277	0.002056434383
138278	0.005200949746
138279	0.0002665182974
138280	0.0009071693681
138281	0.003605605039
138282	0.002265119031
138283	0.001419030095
138284	0.00165814164
138285	0.0002666743889
138286	0.006144438864
138287	0.001070912931
138288	0.001917636561
138289	0.002682727454
138290	0.0002104491929
138291	0.0008620175992
138292	0.002183189658
138293	3.352410879e-05
138294	0.0004182483458
138295	0.004803617541
138296	0.0003685549893
138297	0.0004903817693
138298	0.005753321365
138299	0.002464127199
138300	0.004710864678
138301	0.000156541287
138302	0.002227229301
138303	0.003257905433
138304	0.001175945778
138305	0.005196321639
138306	0.00389455675
138307	0.003215561851
138308	0.007048045053
138309	0.005857014257
138310	0.0009028764105
138311	0.002927817096
138312	0.0008302090683
138313	0.001634988019
138314	0.001230431093
138315	0.001446522674
138316	0.001471679241
138317	1.06908031e-05
138318	0.003895844092
138319	0.0007305675113
138320	0.001406488805
138321	0.001489170905
138322	0.0007992264631
138323	0.002414698893
138324	0.001854334433
138325	0.002962488277
138326	0.001142683399
138327	8.906342804e-05
138328	0.001023072959
138329	0.002306346626
138330	0.001025499794
138331	0.002045829077
138332	0.0003604485534
138333	0.001893784953
138334	0.001787620691
138335	0.004514209441
138336	0.0005264937736
138337	0.001274705377
138338	0.005940446921
138339	0.001400747187
138340	0.001095077945
138341	0.005140457886
138342	0.003834569923
138343	0.004038436485
138344	1.195385295e-05
138345	0.0007442884597
138346	0.003532768787
138347	0.0007223291718
138348	1.998965555e-05
138349	0.001844993135
138350	0.009788114718
138351	0.0009601392095
138352	0.004230924298
138353	3.464306516e-06
138354	0.001452054084
138355	9.377371785e-05
138356	0.000807950429
138357	0.0003352096341
138358	0.007145664484
138359	0.003467912943
138360	0.003857628356
138361	0.0002363477241
138362	0.001266885558
138363	0.001786775024
138364	0.003244730996
138365	0.001085871678
138366	0.0003007556831
138367	0.0005205854385
138368	0.0009896454544
138369	0.006333969327
138370	0.000134943378
138371	0.002934079975
138372	0.002522477294
138373	0.0004606212385
138374	0.003146362969
138375	0.003227536716
138376	0.0005139427908
138377	0.003139566738
138378	0.00108410918
138379	0.002756888878
138380	0.0009830400863
138381	0.003270615534
138382	0.002237741915
138383	0.002898807037
138384	0.0002590170013
138385	0.001785466258
138386	0.001837864959
138387	0.00288643117
138388	0.0004979357745
138389	7.505415727e-05
138390	0.0001856618161
138391	0.0006276692362
138392	3.266853561e-05
138393	0.002597246411
138394	0.0004611537801
138395	4.530409966e-06
138396	0.006435528663
138397	0.002726270595
138398	0.001943044349
138399	0.002616938483
138400	0.00212101901
138401	0.004654604317
138402	0.001128496793
138403	0.0002281453419
138404	0.001745589882
138405	0.00113079481
138406	0.001584998437
138407	0.003313105257
138408	0.0007189513903
138409	0.0007125155053
138410	0.000593786861
138411	0.002454110977
138412	0.0036769368
138413	7.644869958e-05
138414	0.006217428817
138415	0.005419142479
138416	0.001592439651
138417	0.003091263697
138418	0.003244937743
138419	0.002363753418
138420	0.003670814966
138421	0.001471188068
138422	0.00110700198
138423	0.0001461269113
138424	0.006236221389
138425	0.001173208284
138426	0.002093614973
138427	0.0001878723283
138428	0.0001939735527
138429	0.004304648551
138430	0.0022685995
138431	0.0005823446601
138432	0.001309678423
138433	0.0001397718386
138434	0.0004291587837
138435	0.002292719759
138436	0.002473465246
138437	0.001123083524
138438	6.608859892e-05
138439	0.001253029136
138440	0.000229755434
138441	0.0004944335303
138442	0.0005053621698
138443	0.0006958460839
138444	0.0001708962701
138445	0.0007491842951
138446	0.0003757660374
138447	0.001828838393
138448	0.00194995614
138449	0.002651008849
138450	0.001293165299
138451	0.001312140294
138452	0.0002361657183
138453	0.001066893829
138454	0.0004495745011
138455	0.005256049138
138456	0.0008136084926
138457	0.001551793247
138458	0.0005747063469
138459	0.000215624491
138460	0.001617174144
138461	0.0008437543518
138462	0.001866349459
138463	0.002973292666
138464	0.001175482708
138465	0.003028033578
138466	0.002202272665
138467	0.0004623429586
138468	0.001833990788
138469	0.002375063367
138470	0.002410796419
138471	0.001010184713
138472	0.003247980894
138473	0.0005715686187
138474	0.001519900939
138475	0.001834486434
138476	0.004110151254
138477	3.99910434e-05
138478	0.0002888609998
138479	0.003108786985
138480	0.002687569303
138481	0.001850675506
138482	0.000211732077
138483	0.00219338406
138484	0.0006431406189
138485	0.003789129909
138486	0.000696486481
138487	0.0001980480191
138488	0.001256198178
138489	0.0004335590911
138490	0.0002373453922
138491	0.0002238329765
138492	0.0006608795104
138493	0.001267303163
138494	0.0006259102966
138495	0.003379422139
138496	0.001342480417
138497	0.0008014643886
138498	0.0003831553648
138499	9.193648436e-05
138500	0.004305691046
138501	0.003501537303
138502	0.0006901715805
138503	0.0002276161129
138504	0.001975371382
138505	0.003583036773
138506	0.00270977125
138507	0.000737117563
138508	0.004871308673
138509	0.001194296535
138510	0.004344025961
138511	0.00170659003
138512	0.001658718708
138513	0.0001574449919
138514	0.001036482682
138515	0.001549445775
138516	3.183914448e-05
138517	0.003236051976
138518	0.004045456257
138519	0.0005394510786
138520	0.0002466910053
138521	0.004435907978
138522	0.008510312623
138523	0.002387880837
138524	9.088892967e-05
138525	8.108262923e-05
138526	0.002263409786
138527	0.002216401632
138528	0.003772771045
138529	8.046807719e-05
138530	0.00349372078
138531	0.002375075854
138532	0.0006391430851
138533	0.0007751329144
138534	0.001923063227
138535	0.003998967011
138536	0.003408406996
138537	0.002364696612
138538	0.0008174321195
138539	0.002759796581
138540	4.371620562e-05
138541	0.0009020069865
138542	0.002235480126
138543	0.002192486611
138544	0.006502697968
138545	0.004379227067
138546	0.001675474434
138547	0.001025934004
138548	0.001773041396
138549	0.002162928701
138550	0.0004282121884
138551	0.0004513587371
138552	0.000639896622
138553	0.003198073595
138554	0.0003005448841
138555	0.001736065411
138556	0.003045622927
138557	0.006139325593
138558	0.004276546331
138559	0.003468160294
138560	0.0003970701546
138561	0.0007094533493
138562	0.001238018529
138563	7.157500108e-05
138564	0.001006499047
138565	0.001281258299
138566	7.573098482e-06
138567	0.001401249532
138568	0.0009874453084
138569	0.005066557054
138570	0.003303823314
138571	0.001541213414
138572	0.002950352867
138573	0.0005776955682
138574	0.0005359855366
138575	0.004312736393
138576	0.001102908111
138577	0.002522971998
138578	0.004813830955
138579	0.002528913402
138580	0.001794278254
138581	0.004213014466
138582	0.004145860468
138583	0.0003748449164
138584	0.001805518288
138585	0.000174564999
138586	0.003559933105
138587	0.0003677885108
138588	0.002947966327
138589	0.0006061674402
138590	0.00449342201
138591	0.0004004682097
138592	0.001821091245
138593	0.002125680239
138594	0.002550717455
138595	0.001909232155
138596	0.0007828761313
138597	0.0001748944818
138598	0.001873228637
138599	0.002978569736
138600	0.001472611788
138601	0.003120387845
138602	0.00163903845
138603	0.0008007363075
138604	0.002067025166
138605	0.001374500453
138606	0.0006076167636
138607	0.0003039919489
138608	0.002227690651
138609	0.001729405067
138610	0.0002890458497
138611	0.0002668011609
138612	0.003187425377
138613	0.00117347245
138614	0.002598724886
138615	0.0004363749855
138616	0.006092475523
138617	0.001390833791
138618	0.0003348108082
138619	0.001524623701
138620	2.9308126e-05
138621	0.0001516492895
138622	0.0007024856914
138623	0.000370962505
138624	0.001828120958
138625	0.002654261563
138626	0.002532689174
138627	0.001164839814
138628	0.004246558149
138629	0.002346400148
138630	0.003382886021
138631	0.002253054075
138632	0.001891666665
138633	0.0006805087487
138634	0.003293776821
138635	0.001518561795
138636	0.002215274649
138637	0.0004611670546
138638	0.003863842885
138639	0.004710973522
138640	0.0005529891206
138641	0.0030752984
138642	0.003600744092
138643	0.003658699965
138644	0.0008739238487
138645	0.0004696703637
138646	0.003647989022
138647	0.002164416158
138648	0.002683321456
138649	0.001892116507
138650	0.004969948689
138651	9.467558417e-05
138652	0.001395238698
138653	0.0001440583844
138654	0.0008209157508
138655	0.004876547932
138656	0.006465054276
138657	7.111889157e-05
138658	0.002967478634
138659	0.002872512906
138660	0.003645499896
138661	0.0007436569439
138662	0.006102643977
138663	0.0001266780336
138664	0.001192579858
138665	0.002765018088
138666	0.0006099599624
138667	0.003243122096
138668	0.004075226031
138669	0.0005169200186
138670	0.003229054988
138671	0.0001570312025
138672	0.002919419991
138673	0.0001414235754
138674	6.441996131e-05
138675	0.001809627556
138676	0.003745027506
138677	0.0004005557201
138678	0.004913869153
138679	0.0009480708807
138680	0.0004472282662
138681	0.0001262166018
138682	0.0002246946878
138683	0.004779395306
138684	0.002551547116
138685	0.001040192441
138686	0.0001375918738
138687	0.0006382000822
138688	0.005799515262
138689	0.0007926949909
138690	0.001526771248
138691	0.0003802232803
138692	1.113698093e-05
138693	0.005065684623
138694	0.002297732128
138695	0.003914503956
138696	0.001596874866
138697	0.001074952953
138698	0.006220365186
138699	0.000986055911
138700	0.001099721288
138701	0.002302279742
138702	0.002738114438
138703	0.001315271561
138704	0.002301797158
138705	0.006517597563
138706	0.000917712085
138707	0.00412284007
138708	0.0005415426251
138709	0.0004003802605
138710	0.001910772556
138711	0.002977381775
138712	0.0004251989878
138713	0.0007513312265
138714	0.006377261836
138715	0.002021992345
138716	0.005871156212
138717	0.004675050575
138718	0.001496829532
138719	0.00176103163
138720	0.0002383346051
138721	0.001432939813
138722	0.001093202659
138723	0.001548638778
138724	0.0001458503331
138725	0.0004973224639
138726	0.001823228102
138727	2.565543703e-05
138728	0.001330335218
138729	0.006541686386
138730	0.002057749162
138731	0.007251451005
138732	0.002294845183
138733	0.002889756363
138734	0.001201043948
138735	0.0009606261854
138736	0.004985788725
138737	0.001055823002
138738	0.0001947589789
138739	6.268477186e-05
138740	4.895797277e-05
138741	0.004773792215
138742	0.004138261918
138743	0.00035943358
138744	0.003278962846
138745	0.004567268189
138746	0.003628485532
138747	0.007476402865
138748	0.003493504371
138749	0.004583346053
138750	0.001336388846
138751	0.004470359311
138752	0.001921628737
138753	0.001282153385
138754	0.002215418724
138755	0.00325254283
138756	0.001769560436
138757	0.006618827013
138758	0.001370376238
138759	0.0008892752079
138760	0.009923448348
138761	0.006031672107
138762	0.0001194953271
138763	0.001121075913
138764	0.0003847912365
138765	0.002147454832
138766	0.002455601189
138767	0.003467178777
138768	0.005024127763
138769	0.000721895464
138770	0
138771	0.003462879803
138772	0.001474496819
138773	0.001529536369
138774	0.0001904218113
138775	0.002955503388
138776	0.002229027372
138777	0.002223706337
138778	0.001179815687
138779	0.0004574625536
138780	0.0009090204023
138781	0.004304702771
138782	0.001715589767
138783	0.0001044009266
138784	0.0005946865327
138785	0.001282436035
138786	0.0003732891448
138787	0.005824167397
138788	0.003158422503
138789	0.002690293766
138790	0.000530266296
138791	0.001632262299
138792	0.0006914939377
138793	0.0003632307401
138794	0.001037657496
138795	0.002035034271
138796	0.002667884506
138797	0.0006937578259
138798	0.0002758096089
138799	0.001452672469
138800	0.0001272267898
138801	0.0004255627379
138802	0
138803	0.001600506084
138804	0.001608343091
138805	0.00430789484
138806	0.005739558038
138807	0.001490525611
138808	0.00307223502
138809	0.001205793882
138810	0.003454204591
138811	0.002609264816
138812	0.003646019046
138813	0.002268028975
138814	0.0003901083325
138815	0.002720371441
138816	0.003316932836
138817	0.004528368565
138818	9.122842814e-05
138819	0.001160042288
138820	0.003662363582
138821	0.003192851372
138822	0.0004013289386
138823	0.0003934959318
138824	0.001498095031
138825	0.003010840144
138826	0.00313450315
138827	0.002401482997
138828	0.002808776806
138829	0.000118223345
138830	0.000245902385
138831	0.001808769813
138832	0.002182091607
138833	0.002638773233
138834	0.003258785032
138835	0.000100006756
138836	0.001456865836
138837	0.0002912744932
138838	0.000458646471
138839	0.002009092621
138840	0.0014813039
138841	0.002307189334
138842	0.001353683993
138843	0.00126885585
138844	0.001250380569
138845	0.0003928257189
138846	0.001755602587
138847	0.002289208566
138848	0.0001434020904
138849	0.00121534314
138850	0.003237231264
138851	0.00630417421
138852	0.002502015224
138853	0.003302925438
138854	0.001639901191
138855	0
138856	0.002311859021
138857	0.001923314347
138858	0.002154848212
138859	0.0005877627986
138860	0.001040289081
138861	0.001332737183
138862	0.001364528299
138863	0.001743340545
138864	0.001185411817
138865	0.001247475984
138866	0.0001344331244
138867	0.005509860206
138868	0.001102514573
138869	0.002898571878
138870	0.002698810678
138871	0.001005856313
138872	0.002067369041
138873	0.001103059396
138874	0.001826919084
138875	0.0003520398946
138876	0.0005754016264
138877	0.003375492476
138878	0.0009462318847
138879	0.0009562539276
138880	0.001784421438
138881	0.0005770480982
138882	0.0005666787304
138883	0.0002261468697
138884	0.002070268406
138885	0.001627627674
138886	0.001087574455
138887	0.008264768225
138888	0.004376702754
138889	0.002264723818
138890	0.001337075552
138891	0.003373884337
138892	0.0005961155033
138893	0.005478780451
138894	0.0007108883699
138895	0.002033304601
138896	0.001484655038
138897	0.0004204174784
138898	0.001814492206
138899	0.0001481566634
138900	0.0007005461785
138901	0.007454976041
138902	0.0001176916347
138903	0.00258316515
138904	0.001764717051
138905	0.001299328094
138906	0.002010578763
138907	0.0006438128517
138908	0.0003120417461
138909	0.001069960218
138910	0.003520518908
138911	0.002423855564
138912	0.0008608571
138913	0.001327787331
138914	0.003768977891
138915	0.001540240587
138916	0.0002780943194
138917	0.0007515817013
138918	0.001107723221
138919	0.000121817366
138920	0.002860537628
138921	0.005064972086
138922	0.003816640875
138923	0.002070906258
138924	0.004803735518
138925	0.002076844287
138926	0.001991424176
138927	0.001178100138
138928	0.0003596808192
138929	0.0009139946332
138930	0.001578905896
138931	0.002563046522
138932	0.004154321751
138933	0.0003539632314
138934	0.0002053627022
138935	0.002456620845
138936	0.0001832486929
138937	0.0007612328678
138938	0.001052636751
138939	0.001063372151
138940	0.001345254521
138941	0.005075111438
138942	0.004539001032
138943	0.0001013593597
138944	0.003396954121
138945	0.005419105671
138946	0.001933112307
138947	0.00299715666
138948	0.003025017537
138949	0.0007040190583
138950	0.002463486407
138951	0.005333196399
138952	0.001856793987
138953	0.002663148476
138954	0.003133979614
138955	0.0006460471754
138956	0.0001774417095
138957	0.001447110842
138958	0.0009365031735
138959	0.002283751516
138960	0.003921110038
138961	0.004854470125
138962	0.003314747482
138963	0.0001188206194
138964	0.0003771126204
138965	0.002889729947
138966	0.001903900232
138967	0.00127670194
138968	0.002456825556
138969	0.003252458292
138970	0.001392210131
138971	0.002860408391
138972	0.002441209878
138973	0.003514360119
138974	0.0002350938534
138975	0.002458933282
138976	0.001717674386
138977	0.000597008951
138978	0.00256467879
138979	0.002965854879
138980	7.960243494e-05
138981	0.009714360471
138982	0.002024285593
138983	0.001210731535
138984	0.000146159282
138985	0.004384591426
138986	0.002494418867
138987	0.00057421606
138988	0.00389782414
138989	0.007965933389
138990	0.004021619878
138991	0.002683267709
138992	0.0003948457799
138993	0.002788154175
138994	0.0009955423128
138995	4.807505034e-05
138996	0.002438336276
138997	0.00244597881
138998	0.004311560294
138999	0.001073958365
139000	0.004428387763
139001	0.004817299668
139002	0.004182494697
139003	0.00435300374
139004	0.002151855216
139005	0.000470492955
139006	0.0005554762215
139007	0.0002837287634
139008	0.004546460483
139009	0.002494069496
139010	9.695673537e-05
139011	0.003678943064
139012	0.0005232009236
139013	0.004404692698
139014	0.0003563556575
139015	0.003542673819
139016	0.001491443047
139017	0.0002295842981
139018	0.001974404184
139019	0.006638830623
139020	0.003201246833
139021	1.449211959e-05
139022	0.000123625376
139023	0.0001452127079
139024	0.001094677107
139025	0.0009114973073
139026	0.0009202171171
139027	0.002960542971
139028	0.0004439884828
139029	0.001098954462
139030	0.0006826102598
139031	0.001973433362
139032	0.002235972106
139033	0.000668564744
139034	0.001125007753
139035	0.0008606071396
139036	0.0003308428308
139037	0.000812384966
139038	0.003506053588
139039	0.0003967102442
139040	0.000902229546
139041	0.002405282852
139042	0.004525716687
139043	0.0006489211101
139044	0.0005847851439
139045	0.001429529048
139046	0.000232877014
139047	0.00476171854
139048	0.00111801602
139049	0.001904616265
139050	0.003349811095
139051	0.003363786354
139052	0.0009118679881
139053	0.00400812436
139054	0.004967171267
139055	0.0001927140963
139056	0.003311724344
139057	0.002713892106
139058	0.001432298357
139059	0.001336293745
139060	0.001508170712
139061	0.004190191442
139062	0.001524756637
139063	0.0002233049788
139064	0.0008224145471
139065	0.0005202242987
139066	0.003202605182
139067	0.000450507169
139068	2.394955365e-05
139069	0.001229670035
139070	0.001478198606
139071	4.016429498e-05
139072	0.003104134441
139073	0.002440044082
139074	0.003793614399
139075	0.001675210596
139076	0.001848862262
139077	0.0001585820963
139078	0.005378730362
139079	0.003293964226
139080	0.001326903656
139081	0.0003592884141
139082	0.00139272637
139083	0.006597136809
139084	0.001679899266
139085	0.00607610575
139086	0.004484537712
139087	0.0004058251374
139088	0.002094773643
139089	0.002371221611
139090	0.0002208373777
139091	0.0009974046672
139092	0.0005691953757
139093	0.006915435813
139094	1.262928711e-05
139095	0.004279941999
139096	0.0003343309229
139097	0.004856359802
139098	0.0007780143625
139099	0.00153292426
139100	0.002192491834
139101	0.00141455671
139102	0.0007364928589
139103	0.001880379569
139104	0.002805432265
139105	0.001264187106
139106	0.0001355660983
139107	0.007887719343
139108	0.002210889974
139109	0.002638860442
139110	0.001788141884
139111	0.0004367100874
139112	0.00129847412
139113	6.558348946e-05
139114	0.003576083581
139115	0.002918120177
139116	0.003811440763
139117	0.001751814656
139118	0.0004362702755
139119	0.003037609312
139120	0.001990582777
139121	0.0001657012476
139122	0.003099296012
139123	0.001353282313
139124	0.0007523020493
139125	0.001622684063
139126	0.002685779094
139127	0.0002229991254
139128	0.005020587755
139129	0.0006439879663
139130	0.004184719806
139131	0.0004853774574
139132	0.0002419700543
139133	0.002152701461
139134	0.001723823527
139135	0.001389018041
139136	0.0001664472658
139137	0.001512023978
139138	0.002569065537
139139	0.0009831239937
139140	0.002154764025
139141	0.0004581455703
139142	0.001494343923
139143	0.005528384399
139144	0.0003495845545
139145	0.001106285785
139146	0.00041888505
139147	0.000355860809
139148	0.0009109774313
139149	0.001385759259
139150	0.0001283150568
139151	0.002591201366
139152	0.002459430508
139153	0.001139613604
139154	0.0005051559439
139155	0.004061366752
139156	9.062878607e-05
139157	0.001574885248
139158	0.0002418156307
139159	0.00257573786
139160	0.002040130091
139161	0.001574934682
139162	0.004300857309
139163	0.001617333391
139164	0.003933868182
139165	0.002477000043
139166	0.0001307654028
139167	0.001295510765
139168	0.001871213382
139169	0.0003373555452
139170	0.0008256416109
139171	0.0004784625673
139172	0.00780275094
139173	0.001890036146
139174	0.0004301279437
139175	0.0002582091893
139176	0.001955531634
139177	0.004285982236
139178	2.76512751e-05
139179	0.002064938228
139180	0.0006880705223
139181	0.002488668579
139182	0.0006420119663
139183	0.0004286794173
139184	0.001604540453
139185	0.00027514882
139186	0.0001055213685
139187	0.003249257916
139188	0.004474435176
139189	0.0004905609463
139190	0.00118783538
139191	0.001039911688
139192	0.002543477166
139193	0.001875798875
139194	0.003359096408
139195	0.002949294043
139196	0.0007437602879
139197	0.006483819277
139198	0.001107114865
139199	0.0004685083803
139200	0.0003168811348
139201	0.002211653745
139202	0.001611463654
139203	0.003103537847
139204	2.860688477e-05
139205	0.0004255949395
139206	0.002049930733
139207	0.005122256198
139208	0.003132572684
139209	0.004355841477
139210	0.0002020080016
139211	0.001950805106
139212	0.001105319593
139213	0.002720662419
139214	0.002181742826
139215	0.002306810961
139216	0.002648676598
139217	0.002060981927
139218	0.0001978286972
139219	0.007071722614
139220	0.005042298756
139221	0.0002284630394
139222	1.737111722e-06
139223	0.006859464464
139224	0.002007463668
139225	0.002938341477
139226	0.0006714947601
139227	0.003678240434
139228	0.001085863666
139229	0.0005157304859
139230	0.003027348185
139231	0.001073131939
139232	0.002396037242
139233	0.002003287675
139234	0.0003496825899
139235	0.0001244675556
139236	0.002057357936
139237	0.0003892799962
139238	0.002470519683
139239	0.006323769835
139240	0.003776298323
139241	0.002677710901
139242	0.0005688897482
139243	0.003281393172
139244	0.0005826791806
139245	0.001064301587
139246	0.003196185036
139247	0.002520258301
139248	0.0004209411494
139249	0.0007105097463
139250	0.0001242341091
139251	0.0009941625037
139252	0.001164476188
139253	0.004247503593
139254	0.001061547706
139255	0.0009026936814
139256	0.002346983873
139257	0.005689047288
139258	0.001640173675
139259	0.003807817477
139260	0.002989167549
139261	0.003082114777
139262	0.003463774042
139263	0.001021384025
139264	0.001067155309
139265	0.001402510419
139266	0.001256375978
139267	0.001163883382
139268	0.001180409432
139269	0.0004858025692
139270	0.0006307661352
139271	0.0045452822
139272	0.0002667333687
139273	0.0004124135963
139274	0.005976140214
139275	0.003099945286
139276	0.00180303435
139277	0.001230613069
139278	0.00159047384
139279	0.006949345231
139280	0.0006984671649
139281	0.001496415005
139282	0.00317860113
139283	0.002647906122
139284	0.00115792961
139285	0.004307558753
139286	2.12956918e-05
139287	0.001916784118
139288	0.0003339863542
139289	0.001624865717
139290	0.000962285661
139291	0.0003658917834
139292	0.002425123642
139293	0.000336803097
139294	0.0008120394947
139295	0.001252266834
139296	0.002498133722
139297	0.001426073406
139298	0.001877720901
139299	0.00126875321
139300	0.0001353104994
139301	3.274049346e-05
139302	0.0002037499682
139303	0.0005610467567
139304	0.0008117007719
139305	0.0003474046137
139306	0.003624031235
139307	0.007058183909
139308	0.003704775952
139309	0.0008472916148
139310	0.001564912408
139311	0.0001992023993
139312	0.0003881570429
139313	0.004174451268
139314	0.001221341328
139315	0.003061704722
139316	0.00216578099
139317	0.002497770719
139318	0.001923396914
139319	0.00689479369
139320	0.008038194391
139321	0.001462400022
139322	0.001987640801
139323	0.0003307721446
139324	0.002705925035
139325	0.002994207355
139326	0.0006418105731
139327	0.003629501582
139328	0.001250026233
139329	0.001349299086
139330	0.001774772701
139331	0.002642146081
139332	0.001785294786
139333	0.001379024517
139334	0.0003499486847
139335	0.002282052569
139336	0.0001632481383
139337	0.001577757153
139338	7.109654206e-05
139339	0.001556402637
139340	0.002739546791
139341	0.002627058858
139342	0.001621498196
139343	0.002056436898
139344	0.001028464735
139345	0.003487931968
139346	0.00367943553
139347	0.003730404771
139348	0.001185934482
139349	0.001026351719
139350	0.002147513549
139351	0.003804476925
139352	0.0007330960193
139353	0.004701949034
139354	0.0001133536352
139355	0.00309765128
139356	0.002610131822
139357	0.0004310898948
139358	0.0003226301494
139359	1.851120144e-05
139360	0.0001190480433
139361	0.0001732936609
139362	0.0001921835406
139363	0.0001463059381
139364	0.0001409447336
139365	0.0002517785951
139366	0.0001209311024
139367	4.569273431e-05
139368	0.0005090293641
139369	0.0002391275447
139370	0.0002222318221
139371	0.0005054299394
139372	1.747835357e-05
139373	0.0006207918997
139374	0.0001704491866
139375	0.0001045400947
139376	0.0001435558063
139377	0.0002119945028
139378	0.000357976584
139379	0.007023420983
139380	0.001723807077
139381	0.001491899117
139382	4.788412619e-05
139383	0.001443097646
139384	0.0005245835945
139385	0.001740301489
139386	0.005050595464
139387	0.004984580622
139388	0.001429421046
139389	6.098214649e-05
139390	5.632326789e-06
139391	0.0007087424541
139392	0.003860062487
139393	0.003034413482
139394	0.004119680128
139395	0.001965389934
139396	0.002109310369
139397	0.0007707018429
139398	0.001949449997
139399	0.0005395673947
139400	0.00104951726
139401	0.001748920328
139402	0.002010032021
139403	0.00292480242
139404	0.003334691704
139405	0.001184536719
139406	0.0005215467574
139407	0.001985453768
139408	0.002360350304
139409	0.001022154523
139410	0.000770231633
139411	0.0004337039923
139412	0.0006049018775
139413	3.205878676e-05
139414	8.705153949e-06
139415	0.0005461822676
139416	0.0001314352739
139417	0.006918535912
139418	0.002420237625
139419	0.001686413651
139420	0.004049928799
139421	0.001274723438
139422	0.0005784641464
139423	0.00465968656
139424	0.002517874527
139425	0.00319650203
139426	0.004557848436
139427	0.004638308731
139428	0.005715567572
139429	0.004822194516
139430	0.004145352961
139431	0.004737268308
139432	9.023606301e-05
139433	0.004479216819
139434	0.005133196422
139435	0.001665896378
139436	0.001206990536
139437	0.002806923354
139438	0.00487743861
139439	0.0003302237117
139440	0.001023278139
139441	0.00124827715
139442	0.003807939346
139443	0.0022767173
139444	0.0002292395962
139445	0.001497997219
139446	0.008433208874
139447	0.001108718896
139448	0.003011103858
139449	0.00189985778
139450	0.002740152529
139451	0.002244664122
139452	0.002071297701
139453	0.0008283336511
139454	0.003111959315
139455	0.007181745349
139456	0.000963241158
139457	0.001048933747
139458	0.0008246907178
139459	0.002291867028
139460	0.002907914772
139461	0.001731850071
139462	0.000375030048
139463	0.0005870827809
139464	0.002778331033
139465	0.001241233263
139466	0.002660157651
139467	0.0002774096398
139468	0.002061562615
139469	0.008294517735
139470	0.004933735694
139471	0.0003042893527
139472	0.000593159779
139473	0.004256619397
139474	0.004559436923
139475	0.002582798646
139476	0.003843626213
139477	0.0003329233717
139478	0.002755713514
139479	0.001217393614
139480	0.0018378557
139481	0.003290731362
139482	0.004104134338
139483	0.0004588105077
139484	0.001486318117
139485	0.000983421284
139486	0.00301975487
139487	0.003797926364
139488	0.001480859086
139489	0.003895365447
139490	0.001292668272
139491	0.001530532232
139492	0.005108014421
139493	0.002545331376
139494	0.001730259908
139495	0.0007996565477
139496	0.005050350145
139497	0.001625113706
139498	0.0008414601489
139499	1.563211365e-05
139500	0.002231998695
139501	0.0002142269795
139502	0.004564340348
139503	0.00322164194
139504	0.002623790939
139505	0.0007993174836
139506	0.0009722077423
139507	0.0004255723894
139508	0.0001474115138
139509	0.0003189169839
139510	0.0002268863042
139511	0.001104673313
139512	0.001265279959
139513	0.001165083909
139514	0.000310653306
139515	0.001814535169
139516	0.00128430329
139517	0.0005962501002
139518	0.0005016217413
139519	0.001215290258
139520	0.002369475573
139521	0.000420639827
139522	0.000355800309
139523	0.0002370465864
139524	8.529596151e-05
139525	0.0001387000648
139526	0.002172323492
139527	0.0002443925012
139528	0.0003030952035
139529	8.054367759e-05
139530	0.001224234883
139531	0.0005954023415
139532	0.001830243212
139533	0.0003808320224
139534	0.001176129316
139535	0.001954578597
139536	0.0002671770175
139537	0.0006014235722
139538	0.0005385572711
139539	0.0001087724408
139540	0.0002172485603
139541	0.001576841508
139542	0.0002126513746
139543	0.0006651673215
139544	0.001359741191
139545	0.001379297134
139546	0.000645700394
139547	0.00152217363
139548	0.0002009766173
139549	0.0007097674556
139550	0.001026956695
139551	0.0002319871724
139552	0.0003927223857
139553	0.002887535025
139554	2.346439807e-05
139555	0.0009427603338
139556	5.05708235e-05
139557	0.0009058572585
139558	0.0009124072696
139559	2.057406024e-05
139560	3.237109566e-06
139561	0.0001680727457
139562	0.0003852426666
139563	0.0005453423637
139564	0.0004532526166
139565	0.0001962798524
139566	0.001200567118
139567	0.0002332948868
139568	0.0004438414035
139569	0.001445903739
139570	0.0004806744851
139571	0.0005150862516
139572	0.000118416101
139573	0.0002176574388
139574	0.0004694843314
139575	0.000373044388
139576	0.002421869154
139577	0.001009877958
139578	0.002259271891
139579	0.0003924717585
139580	0.0004117716745
139581	0.0007970094874
139582	0.001390394984
139583	7.839296818e-05
139584	0.001328459824
139585	0.0007082831641
139586	0.0005538639146
139587	0.0007335770143
139588	0.0004006779264
139589	0.0001976180677
139590	7.569928094e-05
139591	8.643018288e-05
139592	0.0001589170226
139593	0.003160267973
139594	0.0006654573247
139595	3.103388816e-06
139596	0.0007330693958
139597	0.0003278928774
139598	0.0003700656983
139599	0.001123229313
139600	0.0008790736142
139601	0.0009567938512
139602	0.000644161388
139603	0.0009982612231
139604	0.0003157496801
139605	0.0003206426055
139606	0.0005532949867
139607	0.00118237
139608	0.0007169601655
139609	0.00104170127
139610	0.001064969394
139611	0.0002408823886
139612	3.684055408e-08
139613	0.001713666928
139614	0.0007895864811
139615	0.0004403793887
139616	0.001438545044
139617	0.0009483649228
139618	0.003176907653
139619	0.002273959612
139620	0.001321614316
139621	5.29678085e-06
139622	0.001505751416
139623	0.00161648678
139624	0.001595588264
139625	0.0003686585187
139626	0.002813198776
139627	0.002119974928
139628	0.00118334081
139629	0.001792574203
139630	0.001570661395
139631	0.0007043619863
139632	3.542465672e-05
139633	0.000604847076
139634	0
139635	0.002078357703
139636	0.001172997018
139637	0.0008119262776
139638	0.0002388661479
139639	0.0008120244037
139640	0.0004821292794
139641	0.0009597186011
139642	0.0003072453212
139643	2.070707572e-05
139644	0.001874682943
139645	0.00121005949
139646	0.001520069144
139647	0.0001705131671
139648	0.001354633907
139649	0.001013740115
139650	0.001757721158
139651	0.0002691719967
139652	0.00152393958
139653	0.00279908161
139654	0.0003985421386
139655	0.0002762726501
139656	0.0004398334877
139657	5.790636543e-05
139658	8.463766523e-05
139659	0.0001189718566
139660	2.758441507e-05
139661	2.484200304e-06
139662	0.0002177902637
139663	0.0009181304535
139664	8.866398757e-05
139665	0.0003119958781
139666	0.0002149191119
139667	3.684055411e-08
139668	0.0003296405707
139669	0.0002285696202
139670	0.0006676054496
139671	0.0001968797931
139672	8.222955098e-05
139673	0.001406810567
139674	0.0005296103953
139675	0.001253036979
139676	0.0005824503449
139677	0.0004192424044
139678	0.001360133213
139679	0.001603267458
139680	0.001454816382
139681	0.0001606222546
139682	0.001094674848
139683	0.00107840705
139684	0.001817984194
139685	0.0005534282145
139686	0.001166756009
139687	0.001011943698
139688	0.002709446023
139689	0.0009276719939
139690	0.0008317434148
139691	0.0003782320546
139692	0.0001728458039
139693	1.37722193e-05
139694	0.0001966202545
139695	0.001056776689
139696	0.001023880364
139697	0.0003974662883
139698	0.0003970929374
139699	0.0004864669609
139700	0.0004672963965
139701	0.0003068200398
139702	0.002046098286
139703	0.0005619183867
139704	0.0005491837463
139705	0.001296521384
139706	9.45704264e-05
139707	0.000401034537
139708	0.0006546951447
139709	0.0005505911413
139710	0.00118147825
139711	1.434987938e-05
139712	0.0002053945965
139713	0.001507459262
139714	0.0008734988021
139715	0.0004847836296
139716	0.000825188529
139717	0.002064972145
139718	0.0002292482687
139719	5.214047446e-05
139720	0.0004803518811
139721	0.0003882762684
139722	0.001724149093
139723	0.0001118347853
139724	0.0007631228736
139725	0.0003341572418
139726	0.0004158267752
139727	0.0003361891494
139728	1.249551693e-05
139729	0.0007071111666
139730	0.0002924301837
139731	8.764933098e-07
139732	0.0003924936245
139733	0.0004177285297
139734	0.0006077804282
139735	0.0003929482742
139736	0.001463862497
139737	8.406934636e-05
139738	0.0006750708196
139739	0.0003005455208
139740	0.0002640359487
139741	6.064350336e-05
139742	0.0009139927962
139743	0.0006751008058
139744	0.0006305207494
139745	0.001491404756
139746	1.857938057e-05
139747	0.0001177782958
139748	0.0001386293788
139749	4.630688645e-05
139750	0.0002421492003
139751	0.0004659723159
139752	0.0001439729582
139753	0.0006037295478
139754	0.001493326255
139755	0.0004123413166
139756	1.067060777e-06
139757	0.0002912670257
139758	0.0001637110084
139759	0.0005051688635
139760	0.0008431468891
139761	0.001142629679
139762	0.0007958904097
139763	0.0004338744698
139764	0.0009661743257
139765	0.0004128607915
139766	0.001111052559
139767	0.001097404103
139768	0.0003248838672
139769	0.001368915356
139770	0.002009384296
139771	0.002544253058
139772	0.0001986809919
139773	0.001069289035
139774	0.0006231945655
139775	0.00053940975
139776	0.001970969802
139777	0.001055833819
139778	0.002016059393
139779	0.0011418297
139780	0.001508347958
139781	0.0008972100395
139782	0.0001809305569
139783	0.0006475078936
139784	0.0005464190083
139785	0.0009775258118
139786	0.0006987951898
139787	0.007336882048
139788	0.003390155678
139789	0.001374683644
139790	0.002518987473
139791	0.001780237746
139792	0.0002510763204
139793	0.001964160597
139794	0.004201877711
139795	0.004004967664
139796	0.003220558472
139797	0.002835844848
139798	0.002820814803
139799	0.002441564392
139800	0.003617482684
139801	0.0005312551369
139802	0.0008277234946
139803	0.005346038971
139804	0.001374000433
139805	0.002437058028
139806	0.002183414938
139807	0.003957976779
139808	0.001255864754
139809	0.0007047736849
139810	4.251070563e-05
139811	0.0002859044287
139812	0.000118580754
139813	0.005074631516
139814	0.003406281159
139815	0.0006055420637
139816	8.075372368e-05
139817	0.006768310908
139818	9.960333777e-05
139819	0.0002898396139
139820	0.001771034076
139821	0.0001632900557
139822	6.491373435e-05
139823	0.0008275271011
139824	0.001397218722
139825	0.0002654289702
139826	0.001706695354
139827	0.001315575398
139828	0.001168858067
139829	0.003571468307
139830	0.002601258494
139831	0.0001926613729
139832	0.000129474092
139833	0.001229493539
139834	3.549108697e-05
139835	0.000275865406
139836	0.002932850197
139837	0.005519682591
139838	2.05665727e-05
139839	4.445388237e-05
139840	0.004915504211
139841	6.150079657e-05
139842	0.0007752512829
139843	0.0009019321844
139844	0.002949747045
139845	0.001231291836
139846	0.0008209869791
139847	0.003554960691
139848	0.0002222242872
139849	0.0001584075804
139850	0.004462804
139851	0.00783373654
139852	0.001416260672
139853	0.00375738048
139854	0.001523274415
139855	0.0009003871677
139856	0.001925644127
139857	0.001116058278
139858	0.001309710864
139859	0.0005147369435
139860	0.001282601547
139861	0.001613417261
139862	0.002574488924
139863	0.002517334705
139864	0.0007702579249
139865	0.0003013318355
139866	1.112909838e-05
139867	0.0004756422881
139868	0.0001205906332
139869	0.004314874767
139870	0.0001988813858
139871	0.001724480524
139872	4.301695837e-07
139873	0.001302789379
139874	0.0001195441374
139875	0.0007428708949
139876	0.00043462893
139877	0.0006174541335
139878	0.0002197408907
139879	0.0006689568742
139880	0.0002470246957
139881	0.0003277792493
139882	0.0004669569866
139883	0.0009806517873
139884	0.000718083252
139885	0.00073509157
139886	0.0003905831687
139887	0.000759250891
139888	0.0009600921469
139889	0.0008205961462
139890	0.0007603558135
139891	0.0008068915429
139892	0.002044896689
139893	0.001401479243
139894	0.0009396511082
139895	0.001586245621
139896	0.001166782263
139897	0.0009127349505
139898	0.0007159231583
139899	0.0002269673174
139900	0.0009350889359
139901	0.0003784592475
139902	0.001159476626
139903	0.0008898239876
139904	0.0006073010348
139905	0.0003147523898
139906	0.0003667416311
139907	0.001510362547
139908	0.001276067266
139909	0.001748325861
139910	0.00021040461
139911	0.001523559412
139912	0.0007491787052
139913	0.000142436979
139914	0.000518521692
139915	0.001515389522
139916	0.0001170106353
139917	0.0005282254957
139918	0.0003632539268
139919	0.0002606905992
139920	0.001994484672
139921	4.896297711e-06
139922	0.000917014391
139923	0.0006307186152
139924	0.0003668684968
139925	0.002338211387
139926	0.0001469448929
139927	0.003379282489
139928	0.001589470309
139929	1.87272817e-07
139930	2.24113371e-07
139931	0.002687452335
139932	0.001435980552
139933	0.01006704441
139934	0.004898483439
139935	0.002763885148
139936	0.006294033938
139937	0.00251442981
139938	0.001413824087
139939	0.005939962403
139940	0.001721766443
139941	0.0007746236131
139942	0.004343209876
139943	0.006307768556
139944	0.0002239804889
139945	0.003484005343
139946	0.002281580625
139947	0.003827807679
139948	0.007582351985
139949	0.003593505156
139950	0.0001461508147
139951	3.884726399e-05
139952	0.002270775677
139953	0.002876457285
139954	0.001901821598
139955	0.004262810352
139956	0.001588995914
139957	0.005480535465
139958	0.004184719963
139959	0.002538319652
139960	8.042770154e-05
139961	0.0009590817779
139962	0.001324043613
139963	0.0001721586172
139964	0.000582561641
139965	0.0003794459463
139966	0.001242128311
139967	0.0005590677774
139968	0.002652867807
139969	0.002066586195
139970	0.002091846471
139971	0.00526340899
139972	0.002762863129
139973	0.002650765014
139974	0.003436541468
139975	0.006109379595
139976	0.0009282349713
139977	0.002603529845
139978	0.001635513615
139979	0.0003909175719
139980	0.001561710373
139981	0.003464445096
139982	0.002184239964
139983	0.0001645653485
139984	0.0003400546894
139985	0.002794152727
139986	0.004578619963
139987	0.002282979618
139988	0.004412423597
139989	0.001560243571
139990	0.0004156677392
139991	0.004671588983
139992	0.0003713936698
139993	0.002640533934
139994	0.00135509042
139995	0.0006158821611
139996	0.00164126403
139997	0.0009703584294
139998	0.0007832451433
139999	0.0006784055005
140000	0.002550549772
140001	0.001752732442
140002	0.0004528278179
140003	0.002846114076
140004	0.004868968153
140005	0.0004661895144
140006	0.001872441931
140007	0.000626407088
140008	0.001035523943
140009	0.003678484722
140010	0.00127387143
140011	0.002301029925
140012	0.00266977563
140013	0.007664287726
140014	0.0008881301679
140015	0.0002965721222
140016	3.602960414e-05
140017	0.0006315284384
140018	0.00301213049
140019	0.005447499833
140020	0.0006604841188
140021	0.002116415609
140022	0.001857618445
140023	0.004926786001
140024	0.0005187370202
140025	0.001247933041
140026	0.003764192164
140027	0.001244706838
140028	0.0007244918593
140029	0.004281433785
140030	0.00747668248
140031	0.0003148654985
140032	0.003223490869
140033	0.0006140344421
140034	0.0008578414995
140035	0.001205970056
140036	0.00211485438
140037	0.003557528492
140038	0.0006781331754
140039	0.001484598031
140040	0.0003308351486
140041	0.00870316621
140042	0.002856989729
140043	0.001924507627
140044	0.01122131369
140045	0.0008937531333
140046	0.0007697870443
140047	0.002078260068
140048	0.003798934577
140049	0.004906130612
140050	0.01092638054
140051	0.006370280042
140052	0.0004290250635
140053	0.002908470097
140054	0.0004120545303
140055	0.004862924067
140056	0.00149183036
140057	4.985530411e-05
140058	0.004121723932
140059	0.002802150186
140060	0.001916218547
140061	0.001652506684
140062	0.0006628837072
140063	0.0004404020501
140064	0.003490397912
140065	0.005181910945
140066	0.000785377706
140067	0.0007259985749
140068	0.002865715327
140069	0.0003101583441
140070	0.00263434226
140071	0.001554103768
140072	0.001460386232
140073	0.0003579136131
140074	0.002033921141
140075	0.001442152111
140076	0.001739253584
140077	0.001244543523
140078	0.0004034054532
140079	0.005581247304
140080	0.0009735158018
140081	0.0007443481037
140082	0.003046743539
140083	0.000763338098
140084	0.002386828979
140085	0.00122586412
140086	0.001538195996
140087	0.0004692472294
140088	0.003609691992
140089	0.00169452866
140090	0.003825587075
140091	0.002983975855
140092	0.001187722658
140093	0.0001884708807
140094	0.01034232211
140095	0.0009287549483
140096	0.005137891507
140097	5.624202547e-05
140098	0.001942600613
140099	0.001387841023
140100	0.001856307788
140101	0.0006289626059
140102	0.0007137852817
140103	0.003691317759
140104	0.001582689648
140105	0.004255253075
140106	0.003907096661
140107	0.003446218314
140108	0.002688270659
140109	0.001274374446
140110	0.0006713938584
140111	0.001155707885
140112	0.004177645395
140113	0.002554129888
140114	8.837449542e-05
140115	0.0006473947598
140116	0.001384067936
140117	0.002790089398
140118	0.002031641679
140119	0.0005823206917
140120	0.0009338174025
140121	0.001300964978
140122	0.004014604671
140123	0.00823123359
140124	0.00054350496
140125	0.0005115346323
140126	0.001847077467
140127	0.001731730671
140128	0.001677981343
140129	0.0002463553335
140130	0.001557192964
140131	0.001257465734
140132	0.000726727567
140133	0.002765288991
140134	0.0009396216504
140135	0.001814055419
140136	0.0005784594446
140137	0.0005083425407
140138	0.003148276406
140139	0.002943063325
140140	0.0004154237186
140141	0.003352315038
140142	0.00102633046
140143	0.00286059091
140144	0.0004003528524
140145	0.002146724522
140146	0.003701514566
140147	0.0002204123958
140148	0.004117318803
140149	0.0009831721016
140150	0.001202897051
140151	0.00291675047
140152	0.0002848357343
140153	0.0005914525437
140154	0.001013815757
140155	0.002131241208
140156	0.001794806627
140157	0.002011671786
140158	0.002915582987
140159	0.001338743221
140160	0.004919237219
140161	0.001438742871
140162	0.004431927408
140163	0.004912038938
140164	0.0003419262927
140165	2.456082788e-05
140166	0.0004143589264
140167	0.0003465273039
140168	2.557854198e-05
140169	0.0001769021299
140170	0.001695790154
140171	0.003657718244
140172	0.0004730334677
140173	0.002446913586
140174	0.0006609658972
140175	0.001687693151
140176	0.000550030322
140177	0.001121398175
140178	0.002623419554
140179	0.002492001627
140180	0.003000466591
140181	0.0008953729085
140182	0.005157493114
140183	0.003042418695
140184	0.001307450885
140185	0.00325595738
140186	0.0003463642126
140187	0.004318320065
140188	0.003237166022
140189	0.002308896259
140190	0.003182856975
140191	0.0003129327305
140192	0.001581079673
140193	0.00433964647
140194	0.00067817542
140195	0.002487477797
140196	0.002474081171
140197	0.005666154296
140198	0.00272647343
140199	0.0008963802696
140200	2.399297841e-05
140201	0.0007149128116
140202	0.001254552671
140203	0.003857473322
140204	0.001147521655
140205	0.003826577438
140206	0.002827892801
140207	0.0001042600617
140208	0.003627958014
140209	0.0001225646663
140210	0.001940639904
140211	0.001148246213
140212	0.0004805471443
140213	0.0006747550923
140214	0.005036005414
140215	0.00125798011
140216	0.004902979079
140217	0.0001016082402
140218	0.001264104645
140219	0.000447461337
140220	0.0004150666495
140221	0.00133416446
140222	0.003651309307
140223	0.0006524679719
140224	0.003989831009
140225	0.002816829303
140226	0.0006297476067
140227	0.001851625281
140228	8.390224667e-05
140229	0.003234008278
140230	0.001655056724
140231	0.001984762517
140232	0.004310269596
140233	0.003657948105
140234	0.0007528720542
140235	0.001085143713
140236	0.0001201508853
140237	0.002883442664
140238	0.0008331338612
140239	0.001104215879
140240	0.0004728634167
140241	0.00053143633
140242	0.001496157616
140243	0.003437098886
140244	0.001356291759
140245	0.0001664388161
140246	0.001423746335
140247	0.00323409132
140248	0.001247907074
140249	0.001791404208
140250	0.0004576431036
140251	0.0007752847381
140252	0.0006265937258
140253	0.001731596937
140254	0.0003776619455
140255	0.005573089928
140256	0.0007341888415
140257	0.005794310471
140258	0.002372737345
140259	0.0005245960134
140260	0.0001714689567
140261	0.005935656978
140262	0.00540177753
140263	0.002372441362
140264	0.0003519847263
140265	0.001161775357
140266	0.002429644861
140267	0.00128672151
140268	0.002119260912
140269	0.002639035628
140270	2.169004302e-06
140271	0.0004622982905
140272	0.005743310318
140273	0.0003325064168
140274	0.002759377335
140275	0.004636325323
140276	0.004898431578
140277	7.86840091e-06
140278	0.00191022825
140279	0.002456172654
140280	0.003489394866
140281	8.532696242e-05
140282	0.0005421577389
140283	0.00653679919
140284	0.0002016300855
140285	0.00671361867
140286	0.002315132198
140287	0.00340038567
140288	0.003398667806
140289	0.0001758734502
140290	0.0006000355994
140291	0.001010180499
140292	0.005008331736
140293	0.002599989013
140294	0.003216114752
140295	0.003405025106
140296	0.0009783299946
140297	0.001802764787
140298	0.001168942034
140299	0.00238150988
140300	0.002518387301
140301	0.001444186435
140302	0.0007218675337
140303	0.001568764353
140304	5.513068129e-05
140305	1.069303943e-05
140306	0.0002098734135
140307	0.001274186315
140308	0.0006979650529
140309	0.000732790444
140310	0.003579269259
140311	0.005683539909
140312	0.004037332079
140313	0.0007842171223
140314	0.001525364606
140315	0.001467356278
140316	0.004500814536
140317	0.0007473102329
140318	0.001694587795
140319	0.0009850716732
140320	0.0006916610156
140321	0.003598166047
140322	0.0009893468954
140323	0.003404467886
140324	0.0001486255715
140325	0.0001890392848
140326	0.000600579685
140327	0.0007863764898
140328	0.0009328657232
140329	0.001508390241
140330	0.001742762042
140331	0.0015650191
140332	4.000403624e-05
140333	0.0006626407723
140334	0.004533108615
140335	0.002121879085
140336	0.0002919319268
140337	0.001419321561
140338	0.002701641897
140339	0.001800149672
140340	0.001116803601
140341	0.001636709259
140342	0.001018496437
140343	0.0001949216483
140344	0.0008966189593
140345	0.001311332595
140346	0.002768096619
140347	0.0002941781694
140348	0.002287082755
140349	0.0001567720226
140350	0.0002292710142
140351	0.0003805546298
140352	0.0008788951658
140353	0.004228143989
140354	0.0002408713095
140355	0.003710974688
140356	0.00185268133
140357	0.007086327814
140358	0.002777264439
140359	0.003034861002
140360	0.001353654092
140361	0.001957946865
140362	1.228018469e-07
140363	0.001059272457
140364	0.0005166517176
140365	0.002769775141
140366	0.003433077268
140367	0.003354411606
140368	0.003872756227
140369	0.0006902427305
140370	0.001456157772
140371	0.0006881306177
140372	0.002476394639
140373	0.00140298781
140374	0.001231973434
140375	0.0009925878318
140376	0.000707625764
140377	5.192901668e-05
140378	0.0001215318662
140379	0.0005792712197
140380	0.00353660857
140381	0.00171607423
140382	0.002269767964
140383	4.238104683e-05
140384	0.001134483015
140385	0.0007274579423
140386	0.001909692759
140387	0.0008104967008
140388	0.001117910574
140389	0.001427627525
140390	0.002847660395
140391	9.470065611e-05
140392	6.293594656e-08
140393	0.0007079061806
140394	4.652007969e-06
140395	0.000496610295
140396	0.000760733269
140397	0.001078927836
140398	0.001556393187
140399	0.0001551818604
140400	3.605999446e-05
140401	0.001239447796
140402	0.003911635997
140403	0.001103876663
140404	0.0006666842745
140405	0.0008104659597
140406	0.001957902147
140407	0.001443544539
140408	0.001389431082
140409	0.000805237392
140410	0.001502061878
140411	0.001460391629
140412	0.001634491885
140413	0.001599714579
140414	0.001860546574
140415	0.001632403466
140416	0.001577617451
140417	0.001728558265
140418	0.001604985715
140419	0.001544802984
140420	0.001221959668
140421	0.00141290386
140422	0.0008889933457
140423	0.001382055233
140424	0.001673591714
140425	0.0006021312839
140426	0.002112955038
140427	0.001642849973
140428	0.002347950157
140429	0.0009676652682
140430	0.001709229546
140431	0.001724431068
140432	0.001137777724
140433	0.001649891105
140434	0.001798063372
140435	0.001192482592
140436	0.0009225910812
140437	0.001476715798
140438	0.001498928991
140439	0.001453672466
140440	0.001802970579
140441	0.001239306018
140442	0.001320344189
140443	0.002096772454
140444	0.001647183936
140445	0.001721313817
140446	0.00220511808
140447	0.001533190377
140448	0.00155464042
140449	0.001624102272
140450	0.001420915906
140451	0.001385941896
140452	0.001556984295
140453	0.0002063267568
140454	0.001359861039
140455	0.002017696323
140456	0.001712276927
140457	0.001807217969
140458	0.002295341358
140459	0.002375076187
140460	0.001740846263
140461	0.00135025518
140462	0.001148034255
140463	0.001219333422
140464	0.001688422776
140465	0.001533287578
140466	0.001751105347
140467	0.00188151574
140468	0.001928904269
140469	0.002182957342
140470	0.001846183813
140471	0.0002476992671
140472	0.001130717847
140473	0.001501727433
140474	0.001774079024
140475	0.0003669974004
140476	0.0006972629534
140477	0.0008538096166
140478	0.0007273093894
140479	0.0006131290893
140480	0.0004607150709
140481	0.0008468624858
140482	0.0012022199
140483	0.001082666487
140484	0.0006147566768
140485	0.0005800041475
140486	0.001174569012
140487	0.000647731858
140488	0.0004044468569
140489	0.0009863220063
140490	0.0007320429553
140491	0.000460548568
140492	9.921543972e-05
140493	0.0005716262647
140494	0.0009408843609
140495	0.001006869362
140496	0.0006045254517
140497	0.0005601002777
140498	0.0006762998451
140499	0.0006100598389
140500	0.0007136769025
140501	0.0008191164124
140502	0.0008318286982
140503	0.0007324157378
140504	0.0003854026033
140505	0.0002864219235
140506	0.000380586425
140507	0.001082363083
140508	0.0004986980528
140509	0.0007051287015
140510	0.0006131119155
140511	0.0007919367971
140512	0.0007378408089
140513	0.0009058037652
140514	0.0007726476988
140515	0.0006528825262
140516	0.0006909649623
140517	0.0008510100801
140518	0.000745222811
140519	0.0001761575354
140520	0.0008334574872
140521	0.0007853581135
140522	0.0006809087481
140523	0.0006720653393
140524	0.0003486154164
140525	0.0006781923042
140526	0.0006789086218
140527	0.0005668742649
140528	0.0007906006595
140529	0.0008342623826
140530	0.0009890264462
140531	0.0006492405115
140532	0.0009436789711
140533	0.0007538698428
140534	0.0009147826005
140535	0.001267516386
140536	0.001601140963
140537	0.001032879108
140538	0.0006990588198
140539	0.0003189392658
140540	0.0008480199214
140541	0.001783779997
140542	0.002733540572
140543	0.001922939446
140544	0.001373900848
140545	0.001393651059
140546	0.004418212537
140547	8.87017998e-05
140548	0.001728121413
140549	0.003405345771
140550	0.002341791311
140551	0.002350620805
140552	3.61220825e-05
140553	0.0009414614962
140554	0.001797267202
140555	0.002773599341
140556	0.0002840303964
140557	0.003966100009
140558	0.001302111338
140559	0.002233906204
140560	0.001857589701
140561	0.003264439883
140562	0.000515687264
140563	7.711202337e-05
140564	0.0007817714805
140565	0.0007287853263
140566	8.739125524e-05
140567	0.0003699813336
140568	0.002472701782
140569	0.0008002285767
140570	0.004513235109
140571	0.005525327029
140572	0.004370853805
140573	0.001391226449
140574	0.002028264512
140575	0.001468493395
140576	0.007655533226
140577	0.004069574171
140578	0.0007122667032
140579	0.0006223403497
140580	0.0005634135128
140581	0.004660615979
140582	0.001920163897
140583	0.0002735018799
140584	0.001895906473
140585	0.000609682752
140586	0.003201383788
140587	0.002692645203
140588	0.001683157871
140589	0.0002987826146
140590	0.005965131191
140591	0.001601877597
140592	0.002043063279
140593	0.005632007971
140594	0.004752771699
140595	0.0001692405818
140596	0.001031708762
140597	0.0001343120109
140598	0.0001091919684
140599	0.000996198142
140600	0.001362320312
140601	0.001191986162
140602	0.007169077002
140603	0.00142917941
140604	0.001067858559
140605	0.001526814222
140606	0.0005564224592
140607	0.001107994251
140608	0.0009658263494
140609	0.00203223134
140610	0.002361968768
140611	0.001161512112
140612	0.0008932984662
140613	0.0009046458532
140614	0.0007477928974
140615	0.001414024669
140616	0.002004849798
140617	0.001204065798
140618	0.001661991541
140619	2.441987318e-05
140620	0.0002005853237
140621	0.000746102872
140622	0.0006672311646
140623	0.0008772367256
140624	0.001643195721
140625	0.001255828622
140626	0.007495607533
140627	0.002407400188
140628	5.394265244e-05
140629	0.001476380703
140630	0.001871833563
140631	0.0006366521247
140632	0.004018933628
140633	0.0002344682854
140634	0.00207350927
140635	0.000694387879
140636	0.0003158242652
140637	0.003166024848
140638	0.0002324562264
140639	0.001894698153
140640	0.003307560355
140641	0.0009677449622
140642	0.001981886004
140643	0.001251800203
140644	0.001538169418
140645	0.0005959902907
140646	0.001688777612
140647	0.003215140615
140648	0.005027520219
140649	0.0007549671786
140650	0.001815268088
140651	0.002032297065
140652	0.003494377667
140653	0.002465858709
140654	0.00109118489
140655	0.001022060285
140656	0.00225443625
140657	0.0001370162517
140658	0.002747431668
140659	0
140660	0.003168933387
140661	0.002024446221
140662	0.001207952581
140663	0.004469646274
140664	0.003766021166
140665	0.0003590989851
140666	0.0007062984875
140667	0.001747428029
140668	0.0005413507668
140669	9.850917611e-05
140670	0.002188766864
140671	0.00141630839
140672	0.00034010304
140673	0.004916512383
140674	0.0009119217252
140675	0.004657437735
140676	0.0004392661541
140677	0.0008955639335
140678	0.001799937518
140679	0.001120502413
140680	0.002247569312
140681	0.0003664470391
140682	0.0009219858213
140683	0.001581328947
140684	0.0009502574061
140685	0.0005782390927
140686	0.004674671298
140687	0.00280606533
140688	0.001801234081
140689	0.0002391074905
140690	0.001633513782
140691	0.002813487118
140692	0.0005333143758
140693	0.0002725705153
140694	0.0009355522615
140695	0.001329041677
140696	0.001173406964
140697	0.001778859477
140698	0.001476883408
140699	0.003799297816
140700	8.666894747e-05
140701	0.00164983091
140702	0.0004735556116
140703	0.0001978099581
140704	0.0007840098512
140705	0.001339602484
140706	0.0003726860344
140707	0.00224414285
140708	0.0003747526719
140709	0.003386351779
140710	0.001664350015
140711	0.0001873636587
140712	0.0001590624972
140713	0.0005712670935
140714	0.0006911046784
140715	0.0003662690617
140716	0.002696492693
140717	0.001529538502
140718	0.002146201756
140719	0.005594897409
140720	0.004055399273
140721	0.0006040961952
140722	0.001556563497
140723	0.00328682683
140724	0.0005104173023
140725	0.00240328672
140726	0.000498181217
140727	0.003625955724
140728	0.00249220775
140729	0.004031799623
140730	0.003830226998
140731	0.002052347157
140732	0.001002333003
140733	1.848431698e-05
140734	0.0001742322297
140735	0.00342412007
140736	0.001275971618
140737	0.004032070517
140738	0.002062017254
140739	0.002390524822
140740	0.0001586324658
140741	0.003604338759
140742	0.001555899298
140743	0.002496817121
140744	0.001610728786
140745	1.315719455e-06
140746	0.0007329481193
140747	0.0001143633468
140748	0.001003186967
140749	0.001192815261
140750	0.0002295772937
140751	0.001063493796
140752	7.667083266e-05
140753	0.0003275152935
140754	0.0002679369937
140755	8.221141716e-05
140756	0.000873178296
140757	0.0006697102589
140758	0.002835294666
140759	0.002732827467
140760	0.003212404153
140761	0.001721723416
140762	0.001930208429
140763	0.0004538045906
140764	0.0001189655703
140765	0.001905896555
140766	0.0009243372405
140767	0.0009743979985
140768	0.002018208665
140769	0.0004102184246
140770	0.001321040614
140771	0.00235207873
140772	0.002280337274
140773	0.002618355268
140774	0.0004289645408
140775	0.004332774075
140776	8.632454295e-06
140777	0.0004234595324
140778	0.0007083949189
140779	0.00126333166
140780	0.002363529919
140781	3.377849656e-05
140782	0.001049106617
140783	0.0005539547756
140784	0.0020152488
140785	0.0007853421001
140786	0.0003248110773
140787	0.0003398597372
140788	0.002904075748
140789	0.006118610782
140790	0.0002154552881
140791	0.002283187039
140792	0.002363048789
140793	0.0005694520008
140794	0.003445697747
140795	0.0005423974653
140796	0.00267263243
140797	0.001047597242
140798	0.0003904035255
140799	0.000217764037
140800	0.002545222162
140801	0.004338685339
140802	0.001369200904
140803	0.001758728814
140804	0.001283729491
140805	0.0008243592986
140806	0.00236488711
140807	0.001742226683
140808	0.001132774522
140809	0.002180634813
140810	0.0008502417237
140811	0.00346124692
140812	0.0005581089736
140813	0.001927241856
140814	0.004330663437
140815	0.005881594848
140816	0.002350011955
140817	0.003784915271
140818	0.002470048822
140819	0.0009509467249
140820	0.003425669069
140821	0.003305025418
140822	0.001729133885
140823	0.0006284540696
140824	0.001898642095
140825	0.002002519853
140826	0.002924159323
140827	0.0008896889154
140828	0.0002454108369
140829	0.0004003041549
140830	0.001958270101
140831	0.001109975398
140832	0.002776547525
140833	0.001916657597
140834	0.001349720532
140835	0.0002927249287
140836	0.0008441247365
140837	0.002131070886
140838	0.0007664628642
140839	0.002459676998
140840	0.00511652414
140841	0.0009323387644
140842	0.00175398719
140843	0.0005974371073
140844	0.0004938907617
140845	0.003683761307
140846	0.0003418653766
140847	0.0008189660361
140848	0.001829032771
140849	0.002062703335
140850	0.001005757543
140851	0.003977276933
140852	0.004729544857
140853	0.002371111611
140854	0.001925579899
140855	0.003598179096
140856	0.002172207118
140857	0.0001940300681
140858	0.0001786196389
140859	0.003923783873
140860	0.003379494128
140861	0.007508379322
140862	0.0002106771078
140863	0.005238883081
140864	0.002551449201
140865	0.003321751401
140866	0.0006776135626
140867	0.002072315001
140868	0.003977890297
140869	0.001560862922
140870	0.002646829682
140871	0.0008899407832
140872	0.006465175804
140873	0.0001496363956
140874	0.002672259837
140875	0.003162818613
140876	0.002550933432
140877	0.003443162815
140878	0.0002135687728
140879	0.0008715628617
140880	0.001036199552
140881	0.002965193497
140882	0.002880519744
140883	0.001599766682
140884	0.0003999043325
140885	0.004468999521
140886	0.0008199251631
140887	0.001892366522
140888	0.001807571154
140889	5.810003052e-05
140890	0.003615650632
140891	0.003576430563
140892	0.002561217571
140893	0.0004459260911
140894	0.001949020086
140895	0.001125208335
140896	0.001055802369
140897	0.001467585567
140898	4.214488982e-05
140899	0.001940359556
140900	0.003188353898
140901	0.001855310002
140902	0.002845239751
140903	0.0002017651414
140904	0.001522290466
140905	0.0001022765668
140906	0.001987323755
140907	0.002752190049
140908	0.0007915704129
140909	0.001892601851
140910	0.002302056618
140911	9.070878631e-05
140912	0.0006117780903
140913	0.002722316173
140914	0.0009424378437
140915	0.001081677206
140916	0.0003471568889
140917	0.001156777592
140918	0.0004776454699
140919	0.004305152224
140920	0.001168573749
140921	0.002709889479
140922	0.0001103360139
140923	0.00242844516
140924	0.0001487646972
140925	0.004978444108
140926	0.00202572735
140927	0.0006455864976
140928	0
140929	0.002247176625
140930	0.0009576559385
140931	0.004294524523
140932	0.0003484384671
140933	0.001538343499
140934	0.005283585741
140935	0.002709744771
140936	0.001376617852
140937	0.000843161923
140938	0.003019556873
140939	0.0009230309278
140940	0.0009867483253
140941	0.003402897904
140942	0.00122571863
140943	0.001016693623
140944	0.0007697011627
140945	0.00124543086
140946	0.003687861897
140947	0.001652865905
140948	0.001927589535
140949	0.0002644432763
140950	0.0009338823564
140951	0.005246026195
140952	0.0002855688113
140953	0.0006616908198
140954	0.002337201098
140955	0
140956	0.003233052726
140957	0.002179244737
140958	0.004898957495
140959	0.001991072076
140960	0.001809671266
140961	0.001885220947
140962	0.0003624926314
140963	0.003214791014
140964	0.002290372897
140965	0.003101935263
140966	0.002082475457
140967	0.0001626739994
140968	0.0009938003122
140969	0.00085070655
140970	0.003582789399
140971	9.873638219e-05
140972	0.0002972472582
140973	0.000743428283
140974	0.0002965782454
140975	0.002831415178
140976	0.0007555819176
140977	0.005718044373
140978	0.002573638772
140979	0.001222243024
140980	0.003291557021
140981	0.0007488751063
140982	0.003398640635
140983	0.001970136307
140984	0.0005804247577
140985	0.004848878311
140986	0.002024889015
140987	0.00485632457
140988	0.0009917153324
140989	0.001450196691
140990	0.00241238324
140991	0.0003789499507
140992	0.001124691029
140993	2.280591737e-05
140994	0.001511218146
140995	0.002104088545
140996	0.0001919982538
140997	0.001460590756
140998	0.004543082942
140999	0.002049224552
141000	0.00173524026
141001	0.0004334791157
141002	0.002595765601
141003	0.001815000478
141004	0.001669425912
141005	0.000576205982
141006	0.0004538686731
141007	0.0002977645525
141008	0.003053153277
141009	0.0003667269475
141010	0.001014254349
141011	0.0007373964208
141012	0.001975041154
141013	0.0001538303694
141014	0.0004092847259
141015	0.001638369605
141016	0.002057115498
141017	0.0002206927769
141018	0.001416510101
141019	0.004659601137
141020	0.002762205348
141021	0.001642270746
141022	0.0001801933241
141023	0.001092461047
141024	0.0009834019025
141025	0.0002936650253
141026	1.436666032e-05
141027	0.002574652673
141028	0.00127815174
141029	0.0006805482955
141030	0.003885053728
141031	0.0004494712993
141032	0.001752270588
141033	0.002093923815
141034	0.003100049446
141035	0.002108616886
141036	0.00181198493
141037	0.001934553571
141038	0.001997276273
141039	0.002664833018
141040	0.003156388287
141041	0.00175278181
141042	0.001942373095
141043	0.001809622191
141044	0.001924197354
141045	0.002858461348
141046	0.001536917853
141047	0.001682609403
141048	0.00148931688
141049	0.00148846835
141050	0.001568238575
141051	0.001937695922
141052	0.001862389334
141053	0.001007198616
141054	0.001817081923
141055	0.002020823452
141056	0.001850325011
141057	0.002437964516
141058	0.001918499576
141059	0.002437154154
141060	0.001059619073
141061	0.002052804058
141062	0.001439429387
141063	0.001866435026
141064	0.001761010067
141065	0.001958935273
141066	0.002130164679
141067	0.00186034226
141068	0.001738890969
141069	0.0008976722138
141070	0.001634502189
141071	0.001183928125
141072	0.0005998176316
141073	0.0009016281037
141074	0.0009232393087
141075	0.0006253057119
141076	0.0009073605568
141077	0.001270133731
141078	0.0007251795104
141079	0.005256793884
141080	0.002986335003
141081	0.0006802168258
141082	1.480192021e-07
141083	0.00127160913
141084	0.0002923973475
141085	0.0008133896787
141086	0.001227788433
141087	0.0002353729575
141088	0.0003990228023
141089	0.0009693629325
141090	0.001001797601
141091	0.001176402929
141092	0.0008717141617
141093	0.001254474475
141094	0.0008525019919
141095	0.001548474391
141096	0.00175032045
141097	0.001389454632
141098	0.00090251659
141099	3.079917385e-05
141100	0.0008579873216
141101	0.001016114407
141102	0.0007364463776
141103	0.001161503347
141104	0.0008814811447
141105	0.0009588608506
141106	0.001140663868
141107	0.0009189768205
141108	0.001340837041
141109	0.001695791903
141110	0.00248283938
141111	0.0008228201514
141112	0.001527688433
141113	0.001552784722
141114	0.001688296992
141115	0.001674690211
141116	0.0019485429
141117	0.001551701689
141118	0.002041268922
141119	0.001256493389
141120	0.001954273861
141121	0.001486165747
141122	0.00173785701
141123	0.001180706206
141124	0.001298378517
141125	0.0008335956467
141126	0.001795650558
141127	0.001082059395
141128	0.001734252639
141129	0.002620913746
141130	0.001815203814
141131	0.002199315282
141132	0.001442955228
141133	0.002085003718
141134	0.001337868765
141135	0.001757956247
141136	0.001521232484
141137	0.001759067678
141138	0.001236471298
141139	0.001782553742
141140	0.001272245231
141141	0.001730636879
141142	0.001677379113
141143	0.001592647178
141144	0.001059659095
141145	0.002061716594
141146	0.001539514415
141147	0.001612184362
141148	0.001211516618
141149	0.0005597488115
141150	0.000245044963
141151	0.00151163276
141152	0.0006461109495
141153	0.0004439825822
141154	0.000220758676
141155	0.0008123070293
141156	0.0005606310467
141157	0.001116389171
141158	4.81926694e-05
141159	0.0005324588975
141160	0.0003969268662
141161	0.0006873494482
141162	0.001393221479
141163	0.0007743499699
141164	0.000272064852
141165	0.001011968914
141166	0.001743390923
141167	0.0002274799202
141168	0.0009329888378
141169	0.001073539261
141170	0.0006749753005
141171	0.0007450629349
141172	0.001025830946
141173	0.0002781796629
141174	0.0001495982112
141175	0.0007298973646
141176	0.00072780395
141177	0.0004632105214
141178	0.0004123310832
141179	0.0001883844419
141180	0.0002921011665
141181	0.0007033168641
141182	0.0003347950093
141183	1.478481543e-05
141184	0.0006682869616
141185	0.0002485923016
141186	0.0009127110835
141187	0.001010715389
141188	0.0003110281997
141189	0.0005188677349
141190	1.689116346e-05
141191	0.001101989614
141192	0.0004905908938
141193	0.0002103065542
141194	0.000178254688
141195	0.003246927785
141196	0.0003114973005
141197	0.0001988698254
141198	6.924489525e-05
141199	0.0006706475949
141200	0.0002016392864
141201	2.336449926e-05
141202	0.0001932841498
141203	0.000492632608
141204	0.0002578085864
141205	0.0002701729296
141206	0.0004280764581
141207	0.0003036634578
141208	0.001860229399
141209	0.0001934420858
141210	0.0002886049044
141211	0.0001559392219
141212	0.001618943076
141213	0.0005105819621
141214	0.0001845099912
141215	0.0002045061448
141216	0.0004953825473
141217	0.0009081219607
141218	0.0008038943254
141219	0.0001850302963
141220	0.0001420255992
141221	0.0001893977198
141222	0.0001049681308
141223	5.731813171e-05
141224	0.0005460264863
141225	5.15989525e-05
141226	3.923739324e-05
141227	0.0003766225696
141228	0.0003513956706
141229	2.689281634e-05
141230	0.001027629432
141231	0.0006595958119
141232	0.001539933437
141233	0.0004431650231
141234	0.0004974210965
141235	0.000233418185
141236	0.001085438801
141237	0.001586546872
141238	0.000739481167
141239	6.02248718e-06
141240	0.0005380295943
141241	0.0005938616098
141242	0.0007321398778
141243	0.0002993283666
141244	0.0005482794687
141245	0.001273652054
141246	0.0002935013764
141247	0.0006969877593
141248	0.0007817240515
141249	0.0006841672408
141250	9.548801264e-05
141251	0.0004944688694
141252	0.0002729092995
141253	0.001145095036
141254	0.0007700382559
141255	7.256287966e-05
141256	0.0002187889886
141257	0.0003135506331
141258	0.0003927888541
141259	0.0006744994409
141260	0.0006461637401
141261	0.0001140772821
141262	0.0005887170429
141263	1.076724013e-05
141264	0.0008552407997
141265	0.0007760437726
141266	0.0006748321368
141267	0.0004275116945
141268	0.0007020618163
141269	0.0005568657535
141270	0.0007910270865
141271	0.0005181607194
141272	0.001371788882
141273	0.0006059329594
141274	0.0004045872039
141275	0.0009751132796
141276	0.0008759352671
141277	0.0007014735837
141278	0.0002626907493
141279	0.0009580171875
141280	6.832452757e-05
141281	0.0001958317659
141282	0.0002909874982
141283	0.0007803751763
141284	0.0006629742948
141285	0.0008326781803
141286	0.0006095095684
141287	0.0008309094676
141288	0.0003626740656
141289	0.0005214960535
141290	0.0006854095709
141291	0.0009691389252
141292	0.0007537022232
141293	0.0006434752492
141294	0.001093025371
141295	1.000383257e-05
141296	0.0003505656863
141297	0.0004839010643
141298	0.0002252327966
141299	0.0002344545055
141300	0.002318455796
141301	0.0005409942869
141302	0.0002092578177
141303	0.0003269274305
141304	0.0001416144442
141305	0.0004110390447
141306	0.001287722319
141307	0.001235786287
141308	0.002200435603
141309	0.0005211589637
141310	0.001274412343
141311	5.695658369e-05
141312	0.0005227331206
141313	0.00023182069
141314	0.0001248427283
141315	0.0005902734603
141316	0.00200068843
141317	0.0003137469562
141318	0.0006891521189
141319	0.001342462319
141320	0.001183970659
141321	0.001694583173
141322	0.0009009303464
141323	0.001305650874
141324	0.001365312065
141325	0.001983045073
141326	0.0001900933493
141327	0.001488936978
141328	0.001328810915
141329	0.002691962799
141330	0.002693558694
141331	0.0008371118183
141332	0.001798326087
141333	0.001210469863
141334	0.001773355966
141335	0.001111643955
141336	0.001148029893
141337	0.002290124699
141338	0.002389593853
141339	0.001344135611
141340	0.001057389754
141341	0.001445091973
141342	0.001887817574
141343	0.001438819003
141344	0.001287047907
141345	0.001646648916
141346	0.00135213591
141347	0.001651453373
141348	0.0008874594745
141349	0.001412050224
141350	0.0008879829156
141351	0.002084490853
141352	0.001018968428
141353	0.001490592147
141354	0.0009334001931
141355	0.001216362513
141356	0.002029848607
141357	0.0007746018935
141358	0.002096833284
141359	0.0007776214328
141360	0.002031291849
141361	0.001432438447
141362	0.0001728485642
141363	0.0001243046704
141364	0.0002569433807
141365	0.0002184982776
141366	0.0009470509197
141367	0.0003992632829
141368	7.514828789e-05
141369	0.001292595012
141370	0.0008772549764
141371	0.0003679945587
141372	0.0001121969695
141373	0.0001143055244
141374	0.001033360882
141375	0.0006070717456
141376	0.000736582682
141377	0.001629768131
141378	5.801027195e-05
141379	0.0003706241035
141380	7.300651043e-05
141381	5.813833855e-05
141382	0.0005193949797
141383	0.001167756274
141384	0.0009720698915
141385	0.000696500864
141386	0.0003706378237
141387	0.0005865137658
141388	0.001442769028
141389	0.0007501961454
141390	0.001005724134
141391	0.001181132405
141392	0.0006490558607
141393	0.000507723413
141394	0.0003298249725
141395	0.0005990339907
141396	0.0001589501671
141397	0.0007534351176
141398	0.001237193524
141399	0.001312273451
141400	0.001297062378
141401	0.001188156868
141402	0.001239877192
141403	0.002884091306
141404	0.001256583095
141405	0.002347588233
141406	0.001731542492
141407	0.0002101655213
141408	0.000982882179
141409	0.0002126954397
141410	0.0006402232715
141411	0.001094690387
141412	0.0007960407224
141413	0.0009005582431
141414	0.001516249262
141415	0.001409669524
141416	0.001112056854
141417	0.001681641842
141418	0.001161542229
141419	0.001706404279
141420	0.0009526423941
141421	0.001452922163
141422	0.001407481705
141423	0.001115528651
141424	0.001491403729
141425	0.0009273553282
141426	0.0008493417798
141427	0.001485730501
141428	0.001528965843
141429	0.001385257381
141430	0.001210751211
141431	0.001548885558
141432	0.001655599716
141433	0.0007052528409
141434	0.0004833413983
141435	0.001482483391
141436	0.0009204582828
141437	0.00127659321
141438	0.001100994527
141439	0.001496412376
141440	0.00135404005
141441	0.001822663059
141442	0.0006406235568
141443	0.001139463398
141444	0.001126223164
141445	0.001248726472
141446	0.001508970177
141447	0.001022499063
141448	0.001955608488
141449	0.0005997891299
141450	0.001122778083
141451	0.000902933164
141452	0.001299326295
141453	6.886311951e-05
141454	0.001002457249
141455	0.001249660391
141456	0.001270311494
141457	0.001335203015
141458	0.001331575204
141459	0.00138836193
141460	0.001584913542
141461	0.001449005461
141462	0.001134686821
141463	0.001224860899
141464	0.001376109315
141465	0.001259501552
141466	0.001220267799
141467	0.00135457132
141468	0.001146950012
141469	0.001308881273
141470	0.001343748184
141471	0.001194552334
141472	0.001128440772
141473	0.0009344988198
141474	0.00127484786
141475	0.001265522435
141476	0.001130772193
141477	0.00130083472
141478	0.001296691621
141479	0.001214465272
141480	0.001294642642
141481	0.001405339755
141482	0.001115073153
141483	0.001315199566
141484	0.001299746387
141485	0.00120272247
141486	0.001171969748
141487	0.001196507927
141488	0.001274946836
141489	0.001334416853
141490	0.00126413141
141491	0.001276252037
141492	0.00123324353
141493	0.001295249028
141494	0.001413027664
141495	0.001231282996
141496	0.001295104551
141497	0.0001204608177
141498	0.0005669800329
141499	0.000299289059
141500	0.0005070529104
141501	0.0006465445405
141502	0.001038899354
141503	0.000787066625
141504	0.001193926023
141505	0.0001268573298
141506	0.001167735942
141507	0.0001412231546
141508	5.723386094e-05
141509	0.0001641279786
141510	0.0001192815401
141511	0.0002364948511
141512	0.001227366654
141513	0.0002370355945
141514	0.0006432384714
141515	0.0006219376409
141516	8.448653803e-05
141517	0.0005424682415
141518	0.0007235887849
141519	0.00157908604
141520	0.0007471604385
141521	0.0006463565086
141522	0.0009428555725
141523	0.0008596771335
141524	0.0001955331786
141525	0.0004384583965
141526	0.00074691067
141527	0.001104755741
141528	0.0006815159268
141529	0.001033068194
141530	0.0002234148133
141531	5.016079602e-05
141532	0.001381382107
141533	0.0009984865442
141534	0.001099535311
141535	0.001145336694
141536	0.001147328084
141537	0.001086505774
141538	0.001940387829
141539	0.0007235617653
141540	0.0009805714762
141541	0.0008843946162
141542	0.0005026015048
141543	0.0006031345697
141544	0.0009317944939
141545	0.001217475618
141546	0.001109472666
141547	0.00120877392
141548	0.0008665739634
141549	0.0007354298659
141550	0.001731499975
141551	0.001310140919
141552	0.001031936175
141553	0.001018490541
141554	0.0007786131489
141555	0.0001476561257
141556	0.001055987647
141557	0.0005398430093
141558	0.0004314194999
141559	0.0006556006662
141560	0.0008827495442
141561	5.841666158e-05
141562	0.0004313689598
141563	0.000877667071
141564	0.0002387073415
141565	0.0006745275796
141566	9.864625696e-05
141567	0.000776638566
141568	0.001502731121
141569	0.001099409775
141570	0.002878716828
141571	0.001600127963
141572	0.000562355051
141573	0.001090730884
141574	0.001182174025
141575	5.276701873e-05
141576	0.0003032048705
141577	0.0009910424517
141578	0.0009495980638
141579	0.001733807202
141580	0.0003225135684
141581	0.002933560879
141582	0.00284663626
141583	0.002895650759
141584	0.0009675474989
141585	0.001144479769
141586	0.005110497732
141587	0.00284334266
141588	0.00113615392
141589	0.0003189289891
141590	0.001221111151
141591	0.001260139595
141592	0.003279205212
141593	0.009729784363
141594	0.001907733401
141595	0.003642194931
141596	0.00280532266
141597	0.002985790358
141598	0.001443874576
141599	0.001773432707
141600	0.004483239743
141601	0.0007306164277
141602	0.002161397932
141603	0.0007881129979
141604	0.0003342887519
141605	0.0005407401742
141606	0.0006909883216
141607	0.003567070595
141608	0.000381593856
141609	0.001275679456
141610	0.0003366748228
141611	0.001227552639
141612	0.003752957566
141613	0.003092418061
141614	0.0006788332971
141615	0.0001084441596
141616	0.0008061066923
141617	0.0002550030981
141618	6.110685455e-05
141619	0.005755783712
141620	0.001626648166
141621	0.005345380098
141622	0.0006290528769
141623	0.001341334598
141624	0.001184062098
141625	0.003719022165
141626	6.986677246e-05
141627	0.003994304882
141628	0.003179688957
141629	0.000136004515
141630	0.005835228564
141631	0.002437206981
141632	0.003299513295
141633	0.001210987925
141634	0.000432497203
141635	0.003619040549
141636	0.002329672999
141637	0.0006912618317
141638	0.001677370194
141639	0.002220588034
141640	1.310665172e-05
141641	0.001551973528
141642	0.004195466691
141643	0.002834184243
141644	0.001050955719
141645	0.0006237845374
141646	0.001929318676
141647	0.0003741479618
141648	0.000906868373
141649	0.0007215503604
141650	0.004137927476
141651	0.001849585245
141652	0.0009093865347
141653	0.0006620622852
141654	0.0006413754762
141655	0.001102398331
141656	0.001193007872
141657	0.0003840430806
141658	0.002904882159
141659	0.002227874534
141660	0.0004498309316
141661	0.002013149298
141662	4.021290356e-05
141663	0.001258828957
141664	0.001567230697
141665	0.001196347648
141666	0.0003327350901
141667	0.003378261842
141668	0.000874119913
141669	0.0003276444668
141670	0.00460669522
141671	0.0003012265979
141672	3.264952701e-05
141673	0.004837932455
141674	0.000633255337
141675	0.002543937409
141676	0.001456763393
141677	0.004129195958
141678	0.003426866106
141679	0.0005494694484
141680	0.001382846599
141681	0.001343672492
141682	0.000205704156
141683	0.0005018228116
141684	0.002525259421
141685	0.005319373122
141686	0.004072534966
141687	0.005785853563
141688	0.001275800464
141689	0.003684226909
141690	0.006122692524
141691	1.842659596e-05
141692	0.001930599045
141693	0.003821856728
141694	0.002985707149
141695	0.0008536550973
141696	0.004156350384
141697	0.001823707137
141698	0.001434808928
141699	0.0016982195
141700	0.0006650308973
141701	1.627738846e-05
141702	0.0007334762661
141703	0.0002139357707
141704	0.001155435241
141705	0.002009699938
141706	0.0008153577866
141707	0.0002591542448
141708	0.003165451488
141709	0.000452298579
141710	0.002438903977
141711	0.0005821730789
141712	0.002461638892
141713	0.002197422607
141714	0.00108798771
141715	0.002220504091
141716	0.002413133742
141717	0.004595209118
141718	0.001326376399
141719	0.002465469919
141720	0.002570725622
141721	0.001040108889
141722	0.003148820627
141723	0.003042389531
141724	0.0002751392282
141725	0.001167141493
141726	9.909041694e-05
141727	0.002595605937
141728	0.0001870213927
141729	0.004035401897
141730	0.002903442206
141731	0.0001068640475
141732	0.0006499692622
141733	0.0002397015144
141734	0.003010970749
141735	0.001779697696
141736	0.0006998324467
141737	0.003058924944
141738	1.738209902e-05
141739	0.0004397226387
141740	0.001161747869
141741	0.0002187932056
141742	0.003623830803
141743	0.003312972705
141744	0.003536228701
141745	0.0001220307309
141746	0.0009517279376
141747	0.003297437954
141748	0.005797953082
141749	0.002210093343
141750	0.001689759048
141751	0.0006699838736
141752	0.001109960897
141753	0.002037039551
141754	0.0001391358216
141755	0.0008406876584
141756	0.0006958109203
141757	0.002611762708
141758	0.001272045907
141759	0.003668279526
141760	0.000152160323
141761	0.002251551229
141762	0.005856197958
141763	0.001245655724
141764	0.003712169564
141765	0.004938223139
141766	0.0001114993448
141767	0.001126456451
141768	0.002550367123
141769	0.003165652623
141770	0.006464017976
141771	0.00110806789
141772	0.0004048529755
141773	0.0001624880502
141774	0.0005549602875
141775	0.001717626365
141776	5.422233205e-05
141777	0.001520298899
141778	0.0003738137834
141779	0.0008231299592
141780	0.002996506401
141781	0.003223662042
141782	0.007203966301
141783	0.001325193077
141784	0.001443678624
141785	0.0007361276778
141786	8.942776155e-05
141787	0.002824789781
141788	0.003838630044
141789	0.00494874965
141790	0.002370077717
141791	0.0001234481897
141792	0.00347804392
141793	0.004546259961
141794	0.002493358998
141795	0.0006317165977
141796	0.004466449864
141797	0.0007463511741
141798	0.001572205482
141799	0.002604359869
141800	0.0046791449
141801	0.001630061368
141802	0.007972317295
141803	0.0001963254657
141804	0.01010779271
141805	0.001222918701
141806	0.0001378963217
141807	0.001755406636
141808	2.802941115e-05
141809	0.005469001746
141810	0.002099421749
141811	0.001565747316
141812	0.0002661678202
141813	0.0006371228715
141814	0.001195781171
141815	0.006262699415
141816	0.0020760251
141817	0.002213020137
141818	0.001920242547
141819	0.0003862874288
141820	0.005411093278
141821	0.0004412043234
141822	0.001118900682
141823	0.002047989683
141824	0.001599191465
141825	0.0003808709006
141826	0.001710624648
141827	2.548780385e-05
141828	0.004660885854
141829	0.0009286687353
141830	0.001694813798
141831	0.00186880912
141832	0.003200266955
141833	0.002658504391
141834	0.003115474472
141835	0.0001474412842
141836	0.001474216023
141837	0.0002119249392
141838	0.00248677557
141839	0.003098976056
141840	0.002218422209
141841	0.0003180913338
141842	0.003385838822
141843	0.001225235959
141844	0.001814595935
141845	0.002554536733
141846	0.000391366228
141847	0.003076058746
141848	6.718197519e-05
141849	0.002082913858
141850	0.004491215008
141851	0.0004806792471
141852	0.0003702693108
141853	0.009578207876
141854	0.001597565775
141855	0.0003517038539
141856	0.002635071112
141857	0.001775135032
141858	0.001054281611
141859	0.0006364277848
141860	0.003498810459
141861	0.000607637731
141862	0.0006223168603
141863	0.002253966308
141864	0.0003777568062
141865	0.0009137574
141866	0.003687408018
141867	0.0003880901263
141868	0.0001368127911
141869	0.001909826092
141870	0.0003755715293
141871	0.0009181431564
141872	0.0002377580705
141873	0.0003519052404
141874	0.0006637689089
141875	0.000309675871
141876	5.747533737e-05
141877	0.005760300074
141878	0.001413934464
141879	0.000316147069
141880	1.032005353e-06
141881	0.0003127796477
141882	0.0003929371588
141883	0.0002865983899
141884	4.474762799e-05
141885	9.21013852e-09
141886	0.001061234469
141887	0.0001164512127
141888	0.0003496058379
141889	0.000605418262
141890	0.001138591875
141891	0.000832279095
141892	0.005324066956
141893	0.001736763577
141894	0.0004599814876
141895	0.003073884708
141896	0.0001237792445
141897	0.0001513880989
141898	0.002277434809
141899	0.001929746052
141900	0.001522345791
141901	0.0006059725115
141902	0.003354920925
141903	0.0005339725812
141904	0.001395788562
141905	0.0001815982785
141906	0.001570739836
141907	0.0005156342324
141908	0.0009234820987
141909	0.001198649652
141910	0.0003348863154
141911	0.001333065206
141912	0.001077857754
141913	0.001181303467
141914	0.0008491392901
141915	0.003077828245
141916	0.004786003906
141917	0.000351867778
141918	0.0005360388119
141919	7.799853291e-05
141920	0.001760082706
141921	0.0004227009258
141922	0.001352527957
141923	0.002494062691
141924	7.827563935e-06
141925	0.001139606469
141926	0.002006026686
141927	0.0008438528969
141928	0.0001104863534
141929	0.003106561796
141930	0.001498887917
141931	0.00329725616
141932	0.000141903018
141933	0.0009105539405
141934	0.0008374333322
141935	0.001378386435
141936	0.001930981768
141937	0.0009358561039
141938	0.003545217368
141939	0.00263782439
141940	0.001590024914
141941	0.001778263684
141942	0.0008749154904
141943	1.018026167e-05
141944	0.0001179852946
141945	0.003361574805
141946	0.002074491066
141947	0.002754788164
141948	0.001142873548
141949	0.001155361893
141950	0.002364467192
141951	0.001592005109
141952	0.0008962858487
141953	0.003409192245
141954	0.002155472984
141955	0.0001191653784
141956	0.0007250991725
141957	0.001842941594
141958	0.001888447202
141959	0.0002057344819
141960	0.002224320897
141961	0.003130265262
141962	0.0001303397397
141963	0.0007582343588
141964	0.001174595622
141965	0.001409931452
141966	0.0005830053016
141967	0.00507677393
141968	0.001692103316
141969	4.098003766e-05
141970	0.004867958944
141971	0.0003808510685
141972	0.003196220191
141973	0.0007761753435
141974	0.003196333942
141975	0.0001337971008
141976	0.003724014855
141977	0.0006798362704
141978	0.001625322316
141979	0.002225219394
141980	0.001286922133
141981	0.0001953747686
141982	0.00105134902
141983	0.002410239518
141984	0.003640835452
141985	0.0004648964599
141986	0.0001484854964
141987	0.003708290731
141988	0.000809492499
141989	0.00144349012
141990	3.172117682e-05
141991	0.0005255251062
141992	0.002115526978
141993	0.001170737592
141994	0.0006042438961
141995	0.002974350741
141996	0.0004551600453
141997	0.002408155859
141998	0.0001360871378
141999	8.260665696e-05
142000	0.0002141452303
142001	9.589042749e-05
142002	0.0005293194086
142003	0.001668926987
142004	0.0006899684654
142005	9.113422043e-05
142006	0.001412764335
142007	0.001315364614
142008	0.001518993838
142009	0.001509992131
142010	0.00201517209
142011	0.001184820197
142012	0.002076774367
142013	0.0003536144522
142014	0.001960913602
142015	0.001053737254
142016	4.104566576e-06
142017	0.0009773154096
142018	0.002399183818
142019	0.003913154851
142020	0.0009490717607
142021	0.000488840833
142022	5.25776153e-05
142023	0.0006194782906
142024	0.000323552457
142025	0.001036315221
142026	0.0003675587596
142027	0.003568855695
142028	5.43734383e-05
142029	0.002905923821
142030	0.0009284547566
142031	0.004262650852
142032	0.0008363023923
142033	0.0001552523196
142034	0.0002472822574
142035	0.001136624606
142036	0.000501805938
142037	4.318292851e-05
142038	0.0005215285994
142039	0.003307740151
142040	0.001380169828
142041	0.004799211509
142042	0.001284756772
142043	0.001933634041
142044	0.002249629172
142045	0.001257369428
142046	0.001944459471
142047	0.006096723862
142048	0.0004055043414
142049	3.668989792e-05
142050	0.0002570894336
142051	0.0003633263615
142052	0.00179559814
142053	0.003361028412
142054	0.001227542028
142055	0.0005471136528
142056	0.000275237356
142057	0.00480270367
142058	0.003789619285
142059	0.0009265112929
142060	0.00133372622
142061	0.000978433193
142062	1.381681872e-05
142063	0.001890244418
142064	0.0001014293995
142065	9.403920529e-05
142066	0.0008363734224
142067	0.0007625834672
142068	2.14983591e-05
142069	0.0002306376211
142070	0.0007442364214
142071	0.001885384412
142072	0.004001811149
142073	0.00255848797
142074	0.002249339017
142075	0.002893064879
142076	0.001241370613
142077	0.002777029849
142078	0.005578907467
142079	0.001573431128
142080	0.002996174544
142081	0.003067126611
142082	0.002766871066
142083	0.000292459804
142084	0.004145171712
142085	0.0002270760173
142086	0.002485140188
142087	0.0003422857394
142088	0.002507987095
142089	0.0001241376397
142090	0.000928430092
142091	0.0004475505019
142092	0.002416909215
142093	0.0001987306508
142094	0.001092203373
142095	0.001930460299
142096	0.0010917852
142097	0.0008038609799
142098	0.001046256925
142099	0.003090276377
142100	0.001323684761
142101	0.001282756071
142102	0.0008407204149
142103	0.001915485371
142104	0.002080863344
142105	0.0003013967289
142106	0.0007123701761
142107	0.003802869974
142108	0.006670128685
142109	0.003759653635
142110	0.00215696319
142111	0.001466394388
142112	0.003473836098
142113	0.0008823243273
142114	0.001182010691
142115	0.0004013949488
142116	0.001722698444
142117	0.001614734083
142118	0.004545163172
142119	0.001842715712
142120	0.002079380127
142121	0.002874647718
142122	0.002986805066
142123	0.001667919337
142124	7.777551505e-06
142125	1.013115238e-07
142126	0.001584273005
142127	0.0006124377313
142128	1.088148394e-05
142129	0.0001930649264
142130	0.0006085116231
142131	1.535023087e-08
142132	0.001333102111
142133	0.005646691772
142134	5.106608521e-05
142135	0.0006838462073
142136	0.0007008341245
142137	0.0001222603035
142138	0.002661366439
142139	0.004803656345
142140	0.002623732301
142141	0.0001332526873
142142	0.003107416076
142143	0.003262299414
142144	0.0004635156846
142145	0.000435267425
142146	0.002081940985
142147	0.004263837423
142148	0.0009092916584
142149	0.003778644365
142150	0.000171964583
142151	0.0001723412972
142152	0.0004435913134
142153	0.0006899081486
142154	0.0002089270119
142155	0.0002199798503
142156	0.0002138865462
142157	0.0003813302044
142158	0.001671383046
142159	0.0005768807191
142160	0.0002603663215
142161	0.001828741016
142162	0.0002156960313
142163	0.0009193487264
142164	0.0002194638108
142165	0.0006894118539
142166	0.0008532972886
142167	0.0004145409084
142168	0.0002191017111
142169	1.152466364e-06
142170	0.0003535025697
142171	0.0002676695474
142172	0.001620222761
142173	0.0002471661981
142174	0.002602932381
142175	0.001897017485
142176	0.002798696109
142177	0.0035538181
142178	0.001490865187
142179	0.0006749538067
142180	0.0001455359386
142181	0.003839222673
142182	6.952541254e-05
142183	0.001497581864
142184	0.005643151117
142185	0.002483424718
142186	0.006196570359
142187	0.0002246741459
142188	4.974334807e-05
142189	0.001194222214
142190	0.0005400602338
142191	1.95043579e-05
142192	0.00555010887
142193	0.001083313199
142194	0.002023654843
142195	0.00116030391
142196	0.00111169241
142197	0.006146964365
142198	0.0004536419631
142199	0.0006620918037
142200	0.004341435381
142201	0.001798854936
142202	0.005356534589
142203	0.01141004376
142204	0.0003823661297
142205	0.002749298103
142206	0.003223202672
142207	0.0001137080342
142208	0.00420419017
142209	0.003513049693
142210	0.001344353929
142211	0.0006446046855
142212	0.003310620401
142213	0.001827737133
142214	0.00145839667
142215	0.0004325436266
142216	0.002451058291
142217	0.0004716264247
142218	2.287648458e-05
142219	0.0005416937255
142220	0.001871016364
142221	0.0008096343573
142222	0.003342180217
142223	0.0001306646393
142224	2.409292185e-05
142225	0.001823992563
142226	0.003972294878
142227	0.001729049215
142228	0.002426782051
142229	0.004287564136
142230	0.003747659743
142231	0.003114348657
142232	0.002813615333
142233	0.002339135547
142234	0.005652720021
142235	0.001637946728
142236	0.001233566908
142237	0.003455296862
142238	0.001591532461
142239	9.071372502e-06
142240	0.004727278458
142241	0.002697159653
142242	0.003001205715
142243	0.001096714682
142244	0.002232867852
142245	0.001817638528
142246	0.003121205456
142247	0.000804983222
142248	0.001971227587
142249	0.001356743683
142250	0.001782948998
142251	6.140092347e-08
142252	0.0003528409417
142253	0.001535910889
142254	0.001225028609
142255	0.0008557479851
142256	0.000124792763
142257	0.0004509864394
142258	0.002174129941
142259	0.000518298712
142260	0.0008754294519
142261	0.0004351969216
142262	5.535892443e-06
142263	0.0008119997646
142264	0.0004339391439
142265	0.0002577153699
142266	0.0003648509871
142267	0.0002617765554
142268	0.0002848205132
142269	0.0005410099724
142270	1.120178763e-05
142271	0.001931772407
142272	0.002517155366
142273	0.000599346201
142274	0.00180605003
142275	0.004401255826
142276	0.000146630143
142277	0.0004363852268
142278	0.00173311651
142279	0.001670741351
142280	0.002516801332
142281	0.004104044023
142282	0.0006033587005
142283	0.002120820114
142284	0.000360820628
142285	0.0008248954138
142286	0.0005232372383
142287	0.0005818008581
142288	0.0008788478637
142289	7.098188438e-05
142290	0.001027206682
142291	0.001078561194
142292	8.058443494e-05
142293	0.004417759246
142294	0.004274513477
142295	0.001982160581
142296	0.0001723678355
142297	4.955598521e-05
142298	0.0008645827557
142299	0.0002487781542
142300	0.0008200924979
142301	0.00156719276
142302	0.0005511587504
142303	0.0001470397662
142304	0.0002242067416
142305	0.0006461359307
142306	0.0008889831403
142307	0.0005033654938
142308	0.0004218693835
142309	0.0006205507605
142310	0.0003859054408
142311	0.0008807500028
142312	0.001384593869
142313	0.0002180572824
142314	0.0007816281137
142315	0.001716695449
142316	0.0007834954099
142317	0.0001256351974
142318	0.0008144107313
142319	0.001572214003
142320	0.001094934301
142321	0.0007809756674
142322	0.0008680525658
142323	0.00024274084
142324	0.0009333093691
142325	0.001081846301
142326	0.0003320904038
142327	0.003708937559
142328	0.001191873784
142329	0.001321030583
142330	0.0004011838182
142331	0.001542978122
142332	0.002149176812
142333	0.0004267527688
142334	0.001282260902
142335	0.002425977739
142336	0.001297439016
142337	0.0002718658503
142338	0.0006407087808
142339	0.0003274466592
142340	0.001952655636
142341	0.0005236111988
142342	0.0005385868004
142343	0.001311446961
142344	0.001149433884
142345	0.00142595158
142346	0.0003079585415
142347	0.001143060462
142348	1.054049187e-07
142349	7.091295388e-05
142350	0.00096360397
142351	0.0004043538058
142352	2.087559456e-05
142353	0.000105918808
142354	0.001439511501
142355	0.004874532085
142356	0.002315343054
142357	0.001284403753
142358	0.00269626831
142359	0.003622128681
142360	0.0001111158872
142361	0.0002343647025
142362	0.0003242809245
142363	0.002441554346
142364	0.003796199706
142365	0.002413546311
142366	0.0004839289153
142367	0.001942479091
142368	0.001040786188
142369	0.000285259553
142370	0.0005611421629
142371	0.0001743587641
142372	0.003916367867
142373	7.309192151e-05
142374	0.0005638415127
142375	1.600428945e-05
142376	0.0007400144056
142377	0.0008890184257
142378	0.001837798368
142379	0.001909615547
142380	0.001472804274
142381	0.0006763468689
142382	0.0005617937089
142383	0.0007032284138
142384	0.001613387666
142385	6.128522528e-05
142386	0.0006569323196
142387	0.0007618584641
142388	0.001178507631
142389	0.001821894147
142390	0.001236431503
142391	0.000130571141
142392	0.0004812466649
142393	5.189621874e-05
142394	0.00056505786
142395	0.0002905977701
142396	0.0004412125835
142397	0.0001116074347
142398	0.0003762797061
142399	0.001200796684
142400	0.0001206052945
142401	0.000430382133
142402	0.0009554912139
142403	0.0009885477106
142404	0.0001526574841
142405	0.001508973255
142406	0.0007577467262
142407	0.0007004333628
142408	2.998971479e-05
142409	0.0001626223998
142410	0.0003054686149
142411	0.0001325211387
142412	0.0001117983369
142413	7.036919749e-05
142414	0.001120018782
142415	0.0002755717226
142416	0.000229757518
142417	0.000242694187
142418	0.0002111964604
142419	0.0001141468298
142420	0.000377693998
142421	0.0006048591946
142422	0.0003214516996
142423	0.0001223732937
142424	0.0003646446974
142425	0.0001882715655
142426	0.001086635177
142427	0.001091834338
142428	0.000399865687
142429	0.001021001669
142430	0.001471474548
142431	0.001256817427
142432	0.002381376631
142433	0.002820444459
142434	0.0008131378862
142435	0.005089005285
142436	0.001429876272
142437	0.002308539152
142438	0.0004182551633
142439	0.0006156439466
142440	0.002631539603
142441	0.000226096562
142442	0.0003903348529
142443	0.001207247344
142444	0.0003750450083
142445	0.0002738565942
142446	0.003276249096
142447	9.491618212e-05
142448	0.0005913986178
142449	0.001198828447
142450	0.00143008456
142451	0.0001110620374
142452	9.813731384e-05
142453	0.001742579039
142454	0.001640797571
142455	0.001303830309
142456	0.001387382744
142457	0.01158153502
142458	0.0023102539
142459	0.0009811326577
142460	0.001350376352
142461	0.00943295236
142462	0.009954183851
142463	0.009738307245
142464	0.009229422579
142465	0.008872981942
142466	0.00995847404
142467	0.01017444191
142468	0.008694410174
142469	0.009342491227
142470	0.008818020642
142471	0.004698572159
142472	0.00977845498
142473	0.009452223489
142474	0.0100251075
142475	0.007798731253
142476	0.007025985706
142477	0.00840900757
142478	0.005409863543
142479	0.002145170342
142480	1.667178047e-05
142481	0.00033807778
142482	0.0005184661048
142483	0.001103704997
142484	0.0009926447781
142485	8.940966129e-05
142486	3.171290091e-05
142487	0.0001620778163
142488	0.0001447147332
142489	6.776580293e-05
142490	0.001236819501
142491	0.001322515239
142492	6.040172753e-05
142493	0.001125353362
142494	0.001092959253
142495	4.974751443e-05
142496	0.0004540380108
142497	5.344369962e-05
142498	0.0008849213362
142499	0.0009092098144
142500	0.003597185045
142501	0.00303799193
142502	0.0005874319171
142503	0.0001622193086
142504	0.0007693644975
142505	0.0002147011069
142506	0.0003710384121
142507	0.0001806550574
142508	6.749152351e-05
142509	0.005022692515
142510	0.0112815623
142511	0.005409100115
142512	0.003350234816
142513	0.0006112788954
142514	0.002306437325
142515	0.001013350744
142516	0.003707225393
142517	0.005410309204
142518	0.0007720595448
142519	0.0006507652724
142520	0.0004683365303
142521	0.000916267307
142522	0.0002487540819
142523	9.056608913e-05
142524	7.933163273e-07
142525	0.003211055335
142526	0.0004186395244
142527	0.0009022250496
142528	0.001053925627
142529	0.000917192493
142530	0.0005928894857
142531	0.0005194787545
142532	0.0006497573648
142533	0.0009348167468
142534	0.0004104471139
142535	0.000304021659
142536	0.001880484567
142537	0.0003291426596
142538	0.0005990005965
142539	0.00015034563
142540	0.001039043604
142541	0.0006810031424
142542	0.0008151839987
142543	0.0001515344068
142544	0.0001351501241
142545	0.0001357311438
142546	2.243556176e-05
142547	0.002518417772
142548	0.0001095233027
142549	0.0006779821387
142550	0.0002691454691
142551	0.0007480850005
142552	0.0009171203426
142553	0.000476613249
142554	0.0008546642592
142555	0.0003559702466
142556	0.0006757942745
142557	0.0001452888352
142558	1.854632154e-05
142559	0.001203327734
142560	0.0007306144677
142561	0.0008818331292
142562	0.0001499505674
142563	0.0002281389798
142564	0.0002469500729
142565	0.0008629759395
142566	0.00123253367
142567	0.0009141241334
142568	0.0003215614962
142569	0.004821535007
142570	0.005599941733
142571	0.001986724162
142572	0.002563249591
142573	0.0003871612892
142574	0.00411140171
142575	0.003129459223
142576	0.001388382273
142577	0.003220136864
142578	0.0001361239083
142579	0.0001564451429
142580	0.001926567135
142581	0.0001376313532
142582	0.004002188661
142583	0.001195009095
142584	0.001089990793
142585	0.0008350084513
142586	0.0008937175474
142587	0.002014982642
142588	0.0005371094096
142589	0.0001034979922
142590	0.001694859348
142591	0.0006293319486
142592	0.0003376760607
142593	0.0006704777763
142594	0.0003646036855
142595	0.001191755441
142596	0.002638565667
142597	0.0004922750852
142598	0.0007546894679
142599	0.0001413509725
142600	0.0009414524694
142601	0.0006100949101
142602	0.0001480016015
142603	0.001208366841
142604	0.001479862001
142605	0.000794414164
142606	0.001245710705
142607	0.0006179729319
142608	0.002149870484
142609	0
142610	0.0008352428778
142611	0.0009238848723
142612	0.001424145202
142613	0.0004471234847
142614	0.001266703083
142615	0.001048226552
142616	0.0003075979486
142617	0.001497880551
142618	6.415168278e-05
142619	0.0002176502021
142620	0.0009060897799
142621	0.001087877298
142622	8.634593684e-05
142623	0.001505917101
142624	0.001619453185
142625	0.005072980317
142626	0.003317718877
142627	0.001933342456
142628	0.002280247382
142629	0.0004677133563
142630	0.002201029623
142631	9.687526911e-05
142632	0.001765141485
142633	0.001616998617
142634	0.0006899834782
142635	0.001423014839
142636	0.007265620035
142637	0.00334555067
142638	0.000454657514
142639	0.003210171141
142640	0.001957416456
142641	0.0009180665233
142642	0.0001882893149
142643	0.006077489501
142644	0.004013320032
142645	0.003817338848
142646	1.382873593e-05
142647	7.980520007e-05
142648	0.004478177663
142649	0.006103388826
142650	0.000668626299
142651	0.001173099837
142652	0.001763481005
142653	0.0009661185981
142654	1.878162517e-05
142655	0.0001461032133
142656	0.0002663717105
142657	0.0008616349182
142658	0.005946478827
142659	5.762777391e-05
142660	0.003746479228
142661	0.0009086737416
142662	0.002391425996
142663	0.001815285279
142664	0.003039911429
142665	0.003948649081
142666	0.0004558760756
142667	0.001670637956
142668	0.003482677332
142669	0.001999532377
142670	0.001237185964
142671	0.0006194238753
142672	0.001522648645
142673	0.0006229654141
142674	0.001039098965
142675	0.0002306724732
142676	0.0004628618494
142677	0.0001942066833
142678	0.001342688573
142679	0.002589242477
142680	0.001852820667
142681	0.004389708978
142682	0.0002890431593
142683	0.003510429914
142684	0.0008095801168
142685	0.0008145150379
142686	0.0006511254971
142687	0.003336569026
142688	0.0002946472912
142689	0.001633690214
142690	0.004488487291
142691	0.0006754494786
142692	0.000610917264
142693	0.001854733852
142694	0.003069165422
142695	0.002389994609
142696	0.004275783265
142697	0.0006034227162
142698	0.001829002252
142699	0.003238174021
142700	0.001734931425
142701	0.00488914098
142702	0.002570042241
142703	0.002018542217
142704	0.0006683972809
142705	0.003173467875
142706	0.0007542416715
142707	0.0006778110745
142708	0.006325501143
142709	0.006520015098
142710	0.0003092626815
142711	0.001422690176
142712	0.001984002689
142713	0.003202098119
142714	0.0001578741376
142715	0.003463723022
142716	0.0006047634675
142717	0.0006591273439
142718	0.0005634462291
142719	0.003377062699
142720	0.0004896188445
142721	0.002050893829
142722	0.004202163546
142723	0.0004366229723
142724	0.0009735881615
142725	0.002382945359
142726	0.0003928589245
142727	0.0001772695313
142728	0.001465883213
142729	0.005149303596
142730	0.002044368953
142731	0.002591410029
142732	0.0004445829838
142733	0.0007231966862
142734	0.0001019030538
142735	0.0003572919617
142736	0.001166277884
142737	0.0006631048372
142738	0.0009176904338
142739	0.0004440012992
142740	0.001875477138
142741	0.000586999317
142742	0.001935878011
142743	0.003611057613
142744	0.001240107651
142745	0.002358645794
142746	0.003132960245
142747	0.0004306637988
142748	0.001035550056
142749	0.0004700657306
142750	0.003631830383
142751	0.003696710335
142752	0.002631884733
142753	0.0004589219313
142754	0.002357554812
142755	0.001366596518
142756	0.0009308309544
142757	0.003509294059
142758	0.0005926282777
142759	6.40113069e-06
142760	0.001622438306
142761	0.001116149313
142762	0.001746653162
142763	0.0003387980782
142764	0.004970531166
142765	0.001660784189
142766	0.0004274300515
142767	0.003890737809
142768	0.0003245040094
142769	0.001212445702
142770	0.0002381705483
142771	0.0008374588871
142772	0.0002702112861
142773	0.001416774005
142774	0.003724281884
142775	0.003346564295
142776	0.001113698462
142777	0.0003293869871
142778	0.001141818516
142779	0.0005761904553
142780	0.002382596731
142781	0.001980488074
142782	0.001280036589
142783	0.001055885756
142784	0.0003263664875
142785	0.003586315012
142786	0.0007081300882
142787	0.001179191664
142788	0.0009141049649
142789	7.26022079e-05
142790	0.002476289428
142791	0.0001797463651
142792	0.0007682477915
142793	0.0003913525149
142794	3.408718151e-05
142795	0.0007907366923
142796	0.0003896462371
142797	0.003637621327
142798	3.745779067e-05
142799	0.001542568467
142800	0.0005246787446
142801	0.0005758053273
142802	1.134594415e-05
142803	0.003083003846
142804	0.006181909517
142805	0.001437424479
142806	0.0006798428601
142807	0.001532834223
142808	0.005402622883
142809	0.002358609262
142810	0.001446045812
142811	0.002561767555
142812	0.001980159376
142813	0.0003500129717
142814	0.001992863187
142815	0.0002221180237
142816	0.0001014599409
142817	0.002633207367
142818	0.000129472859
142819	0.0002004406856
142820	0.001199418791
142821	0.001201044691
142822	0.002824412574
142823	0.004992558735
142824	0.00177069872
142825	0.0003703487861
142826	0.00122455192
142827	0.002230748014
142828	0.0009020469111
142829	0.002112584735
142830	0.002445581488
142831	0.0009820791146
142832	0.001986804673
142833	0.0003817837478
142834	0.0002610599022
142835	0.0007279170745
142836	0.0001059223808
142837	7.609686315e-05
142838	0.000779725154
142839	0.0009345995132
142840	0.001182003311
142841	0.0001375846332
142842	0.00103044085
142843	0.002869900213
142844	0.001983400977
142845	0.0008480530885
142846	0.003821205632
142847	0.000308934568
142848	0.002119659819
142849	0.004786152284
142850	0.0002454785286
142851	0.001860251703
142852	0.005665083348
142853	0.0007268228892
142854	0.0008180675299
142855	0.00666334963
142856	0.002620571489
142857	0.001798145232
142858	0.002716303309
142859	0.001325757099
142860	0.001102974058
142861	9.239745794e-05
142862	0.002493340718
142863	0.0005958411895
142864	3.260802718e-05
142865	0.00272508045
142866	0.002386972445
142867	0.001829740218
142868	0.0006792151405
142869	0.0001204507985
142870	0.001317235632
142871	0.0006548631054
142872	0.002263044451
142873	0.001368036422
142874	0.0003560435727
142875	0.001968008899
142876	0.006197870671
142877	0.002938046132
142878	0.001980780057
142879	0.003176531853
142880	0.0006144574788
142881	0.001106131854
142882	0.003717795855
142883	0.002542477788
142884	0.002047495479
142885	0.001006168707
142886	0.003201050106
142887	0.002551257261
142888	0.002746585411
142889	0.000152203439
142890	0.001140233468
142891	0.002113825694
142892	0.002247714623
142893	0.001657090979
142894	0.0005763169756
142895	0.002380205754
142896	0.003706389494
142897	0.0001188750472
142898	0.0008079115738
142899	0.002242489187
142900	0.001926900809
142901	0.0007386499545
142902	0.00141727561
142903	0.001876048623
142904	0.00180987257
142905	0.001632366012
142906	0.001908938048
142907	0.0007958378843
142908	0.0008097814476
142909	0.001269941578
142910	0.003072546502
142911	0.001925967296
142912	0.001178538666
142913	0.005487857338
142914	0.001815251951
142915	6.131961221e-05
142916	0.001102124606
142917	0.002087396896
142918	0.005386012541
142919	5.626595501e-05
142920	0.0001535704164
142921	0.002867785494
142922	0.0004669676123
142923	0.0004802525523
142924	0.0001828405906
142925	0.001960961723
142926	0.005580475837
142927	0.00664924163
142928	0.0007061951931
142929	0.001254317797
142930	0.001487302482
142931	0.003022856027
142932	0.001725818737
142933	0.001412647674
142934	0.0003149317648
142935	0.000614543445
142936	0.0006765807838
142937	8.792956739e-05
142938	0.002042627599
142939	0.0001199273293
142940	0.001110592513
142941	0.005474840857
142942	0.003125927818
142943	0.001117098995
142944	0.003191417149
142945	0.004621315589
142946	0.003335398922
142947	0.001817144083
142948	0.003417555103
142949	0.0002369503641
142950	4.399757812e-05
142951	0.001185632653
142952	0.0002276827408
142953	0.0003167715311
142954	0.002224367119
142955	0.001355083192
142956	0.004101265622
142957	0.0004011307491
142958	0.0003532397498
142959	0.001998782661
142960	0.0003260655479
142961	0.001254422491
142962	0.001454589118
142963	0.001077226593
142964	0.001030619252
142965	0.0004934611007
142966	0.001606996956
142967	0.0006005047416
142968	0.0001426786923
142969	9.212880906e-05
142970	0.003636281688
142971	0.0007609198673
142972	0.00143127317
142973	0.004055655117
142974	0.0005773546304
142975	0.0003010695835
142976	0.001347096691
142977	0.0007033179721
142978	0.001813805402
142979	0.001248346182
142980	0.004745120443
142981	0.00139930793
142982	0.0003672613018
142983	0.0002362548296
142984	0.0007057845664
142985	0.001165574485
142986	0.0009796975973
142987	0.001585437811
142988	0.00108920605
142989	0.002689403254
142990	0.0009641491744
142991	0.003834594335
142992	0.000830648126
142993	0.0003882945455
142994	0.0002918959889
142995	0.003079646965
142996	0.00083660579
142997	0.0002203092814
142998	8.875129614e-07
142999	0.0008522965673
143000	0.0004450635512
143001	0.0006099775908
143002	0.0005147206361
143003	0.00189368192
143004	0.003168086657
143005	0.005827037068
143006	0.002235227382
143007	0.002785217109
143008	0.0002636038939
143009	0.001101862709
143010	0.001038650626
143011	0.000378261823
143012	9.018334184e-05
143013	1.345348487e-05
143014	8.525008213e-05
143015	7.195367399e-05
143016	0.0007804569764
143017	0.001440002277
143018	0.001687222564
143019	0.002804280939
143020	0.001598105301
143021	0.000488662626
143022	0.0002703344414
143023	0.000157563893
143024	1.602240007e-05
143025	0.004822329038
143026	0.001676222135
143027	0.00175315515
143028	0.004724907789
143029	0.001120433647
143030	0.0002613654661
143031	0.0007920765888
143032	0.0002754745573
143033	2.376600601e-05
143034	0.0006040393107
143035	0.0006615981636
143036	2.71068451e-05
143037	0.001350478167
143038	0.0001470033029
143039	0.0001536579748
143040	0.003717605419
143041	0.001836480658
143042	9.425155617e-05
143043	0.002122629442
143044	0.003636583969
143045	0.002702725145
143046	0.003906153132
143047	0.001416822903
143048	0.0005366635712
143049	0.001699366628
143050	0.005552861337
143051	0.0008086216468
143052	0.003617619678
143053	0.0005632490987
143054	0.002592439246
143055	0.003898567801
143056	0.001951679752
143057	0.001432890576
143058	0.003205612122
143059	0.0004488036477
143060	0.001190710205
143061	0.0002253714012
143062	0.0005597455501
143063	0.0008130720723
143064	0.001026494882
143065	0.002225701817
143066	0.003320801861
143067	0.002299038331
143068	0.003317770963
143069	0.0009418111553
143070	0.001833466783
143071	0.006502990362
143072	0.00227515708
143073	0.001155595511
143074	0.005763040049
143075	0.001942884792
143076	0.001015287874
143077	0.0008466058907
143078	0.0008054526939
143079	0.0006347655429
143080	0.0003747665086
143081	0.000336529961
143082	0.0001407471766
143083	0.0005650963912
143084	0.00062974773
143085	0.0002796834713
143086	0.000859940963
143087	0.0009634896773
143088	0.0009009748067
143089	0.0008838925274
143090	2.843937039e-05
143091	0.003654439343
143092	0.001466621938
143093	0.005382995622
143094	0.001453528699
143095	0.003974970372
143096	0.002771963045
143097	0.001069426842
143098	0.0003727578277
143099	0.001607118487
143100	0.0001405344298
143101	0.001889423055
143102	0.002976219171
143103	0.001963415852
143104	0.002326504764
143105	0.002328816898
143106	0.002626986973
143107	3.649600288e-05
143108	0.0009138566211
143109	0.0009354028379
143110	0.0001205900284
143111	0.001319801896
143112	0.001896188188
143113	0.0009418489711
143114	0.0009319628481
143115	0.001740683578
143116	0.001595753987
143117	1.920102991e-05
143118	0.001244099255
143119	0.001199902428
143120	0.002058101871
143121	0.001065369892
143122	0.001033113399
143123	0.003102053881
143124	0.006188152748
143125	0.001730292556
143126	0.003086503135
143127	0.0007438459166
143128	0.0004466962207
143129	0.003536927977
143130	0.002757149542
143131	0.003645990676
143132	0.003357268536
143133	0.0006774007103
143134	0.001756206833
143135	0.001941801746
143136	0.001052337025
143137	0.001185142415
143138	0.002070580299
143139	0.0008112041817
143140	0.002875438275
143141	0.001305171858
143142	0.001390090648
143143	1.71473577e-05
143144	0.002438186405
143145	0.001097462997
143146	0.002209454248
143147	0.001600063243
143148	0.003307182261
143149	0.0009218932442
143150	0.004536681067
143151	0.001540201644
143152	0.001035463911
143153	0.002228084281
143154	0.003070842488
143155	0.002536611018
143156	0.001510962226
143157	0.001879292202
143158	2.699347321e-05
143159	0.001014729358
143160	0.002827802206
143161	0.0006213125317
143162	0.0006673882389
143163	0.001069161323
143164	0.0009308104091
143165	0.00168798217
143166	0.001211478177
143167	0.00060614568
143168	0.001156530763
143169	0.003536452122
143170	0.001991060389
143171	1.55907693e-05
143172	0.001591974243
143173	0.00424336858
143174	0.0028229415
143175	0.003332392632
143176	0.001301146699
143177	0.001283803428
143178	0.004725279922
143179	0.001286032949
143180	0.001347826681
143181	0.002274257171
143182	0.003404071259
143183	0.0007548906629
143184	0.001100580452
143185	4.196420686e-05
143186	0.001166151897
143187	0.002596766826
143188	0.00060320174
143189	0.0007340521541
143190	0.0008396212517
143191	0.002668953741
143192	0.001396779714
143193	0.002898554703
143194	0.001278157707
143195	0.0003948286634
143196	0.00100093869
143197	0.001485460424
143198	0.0003288038217
143199	0.004184628939
143200	0.001950098137
143201	0.00244608083
143202	0.0003307541918
143203	0.002316549201
143204	0.002185204293
143205	0.001050690594
143206	0.0001939929857
143207	0.0006605460388
143208	0.0002950716016
143209	0.002173890022
143210	0.001054430072
143211	0.001655076679
143212	0.0002158893022
143213	0.000838694321
143214	0.0007560791983
143215	0.0004030879214
143216	0.001073108524
143217	0.001522001924
143218	0.0005620979359
143219	0.0009463244957
143220	0.0002424575759
143221	0.0001015220249
143222	0.000310086202
143223	0.0004148697952
143224	0.00288367046
143225	0.001173108935
143226	0.002632007053
143227	0.0008411482174
143228	0.002907868793
143229	0.0017784704
143230	0.003385138082
143231	0.00140937983
143232	0.0004617718542
143233	0.002648811375
143234	0.001975654868
143235	0.001749080462
143236	0.0007465057387
143237	0.002447411824
143238	0.003512555882
143239	0.0003226677721
143240	0.0003215129685
143241	0.0001138354867
143242	0.002625670021
143243	2.061405157e-05
143244	0.0005699128072
143245	0.00181286387
143246	0.005282292896
143247	0.0002845522182
143248	0.003103513216
143249	0.005416099424
143250	0.002027640146
143251	0.002633099563
143252	0.001987356699
143253	0.00124129856
143254	0.002222290974
143255	0.0005921499298
143256	0.002686703034
143257	0.001102054906
143258	0.0020418777
143259	0.0005178778864
143260	0.0006075681827
143261	0.00125859539
143262	0.001264505072
143263	0.001620093496
143264	0.001053595083
143265	0.005246519909
143266	0.004081661939
143267	0.0003085969436
143268	0.0006757234139
143269	0.001018274058
143270	0.002293220406
143271	0.0004004657563
143272	0.0006186161398
143273	0.002674281941
143274	0.001798488816
143275	0.0017357408
143276	0.0003423132922
143277	0.0008138621741
143278	0.000765323069
143279	0.0008546624415
143280	0.0007660642883
143281	0.0001890865901
143282	5.352470034e-05
143283	0.0005648061652
143284	0.002524441949
143285	0.0005978364325
143286	0.001662810192
143287	0.0004251943045
143288	0.0003240522274
143289	0.0004381975718
143290	0.0005887619501
143291	0.0001508319174
143292	0.0008510783638
143293	0.0007162834944
143294	7.117626264e-05
143295	8.441101295e-05
143296	0.002683737796
143297	0.001158590385
143298	0.002054887916
143299	0.001613075787
143300	0.003166055899
143301	0.001322451179
143302	0.0006572449085
143303	0.003473462238
143304	0.00498753093
143305	0.001675696226
143306	0.001200141008
143307	0.0001298383555
143308	5.480167489e-05
143309	0.0003274942289
143310	0.001666658407
143311	0.003316859178
143312	0.002572160761
143313	0.001761713461
143314	0.0009175674679
143315	0.001131717397
143316	0.006058510829
143317	0.001777902721
143318	0.0004847419509
143319	0.001408761361
143320	0.001313449943
143321	0.0005974172083
143322	0.001812570685
143323	0.001100198774
143324	0.0007867716644
143325	0.0008268499561
143326	0.001312696326
143327	0.001997961877
143328	0.001029425865
143329	0.003616667123
143330	0.001338043307
143331	0.001031974317
143332	0.004032350518
143333	0.0001864098229
143334	0.001146671665
143335	0.0007904873371
143336	0.001868079913
143337	0.001397600509
143338	0.0004093513165
143339	0.002083481382
143340	0.001600059392
143341	0.001965612758
143342	0.001508502803
143343	0.001790488445
143344	0.001106186678
143345	0.001179845278
143346	0.0009907967555
143347	0.002530651926
143348	0.002545128297
143349	0.001527950953
143350	0.001613504458
143351	0.0004726798634
143352	0.002735430246
143353	0.002570366368
143354	4.882556161e-05
143355	0.0008894530058
143356	0.003844969361
143357	0.0005143772591
143358	0.0006825821868
143359	0.0002362792326
143360	0.001534794078
143361	0.003292517678
143362	0.001757242346
143363	0.003275813471
143364	0.001514597081
143365	0.003293276405
143366	0.001557747338
143367	0.0003154626296
143368	0.001443733103
143369	0.001021407808
143370	0.0007502047268
143371	0.003709765324
143372	0.003830407545
143373	0.001987943254
143374	0.001138694332
143375	0.001898007298
143376	0.0005940718382
143377	0.003899167911
143378	0.001047745671
143379	6.367172081e-05
143380	0.0005379896148
143381	0.001174363667
143382	0.0005377634765
143383	0.0004320780855
143384	0.002514509936
143385	0.001782357141
143386	0.0001915230673
143387	0.0005115850528
143388	0.001206924028
143389	0.001138723946
143390	0.003261464451
143391	0.001215481885
143392	0.0007486936327
143393	0.0001940357989
143394	0.001117895923
143395	0.0002970727157
143396	0.001423652138
143397	0.001168923172
143398	0.0005546702339
143399	0.0008107161806
143400	0.000178029373
143401	0.005239332585
143402	0.001761664666
143403	0.002771733898
143404	0.001824448313
143405	0.001290332108
143406	0.002036013865
143407	0.001304317604
143408	0.0002260669981
143409	0.0003148584325
143410	0.002741401784
143411	0.0009743972736
143412	0.0003422393743
143413	0.001141970694
143414	0.002102412681
143415	0.0003265875518
143416	0.001643322955
143417	0.003277395324
143418	0.003947317677
143419	0.006731672496
143420	0.004766582551
143421	0.0009452110068
143422	0.002204199661
143423	0.001356111843
143424	0.0008019544144
143425	0.004984107139
143426	0.0008001203413
143427	0.0007262388948
143428	0.003037659622
143429	0.0009966321505
143430	0.0004502404958
143431	0.0001234654626
143432	4.98147056e-05
143433	0.001641549605
143434	0.002842852799
143435	0.0001021294077
143436	0.001776786958
143437	0.002569547857
143438	0.003597294713
143439	0.003283109973
143440	0.001268493441
143441	0.001561757304
143442	0.001161684494
143443	0.002913742716
143444	0.0009521201392
143445	0.002548430688
143446	0.00303858854
143447	0.001014578447
143448	0.004175849413
143449	0.0009265588265
143450	0.0006093932262
143451	8.327680152e-05
143452	0.0002317189591
143453	0.0001498982158
143454	0.0004509754472
143455	0.0006079381742
143456	0.001921646578
143457	0.003967623431
143458	0.00021099526
143459	0.001067420113
143460	0.0003425613555
143461	0.001119920495
143462	9.39272242e-05
143463	0.001438757624
143464	0.001164102291
143465	0.0005495916481
143466	0.00010853549
143467	0.000166233596
143468	0.002569933334
143469	2.80889601e-05
143470	0.0008201791392
143471	0.0002619819616
143472	0.003724876819
143473	0.0003252377171
143474	0.0009004693557
143475	0.0007738033501
143476	0.0003803831796
143477	0.0001598330402
143478	0.003639558349
143479	0.0003529678006
143480	0.0004527247313
143481	0.000899138985
143482	0.002499339149
143483	0.0006464715172
143484	0.0006903991975
143485	0.0009766129977
143486	0.001333136555
143487	0.0004833755489
143488	0.001890776081
143489	0.003370959796
143490	8.97093607e-05
143491	0.0001660473744
143492	0.00207552335
143493	0.004351328401
143494	0.006708057559
143495	0.0004871273119
143496	0.001161117309
143497	0.0005919983335
143498	0.005442929634
143499	0.002430967931
143500	0.001050349881
143501	0.001950460499
143502	0.0004959057667
143503	0.000385559514
143504	0.002790239562
143505	0.0005076668205
143506	0.001214064823
143507	0.002157832877
143508	0.001363722929
143509	0.002279921314
143510	0.0005286631562
143511	0.0008736051204
143512	0.001573976938
143513	0.0005411391638
143514	0.0001153460004
143515	0.00130414622
143516	0.0001785101319
143517	0.0001342860121
143518	0.0001225058544
143519	0.001481554033
143520	0.002509083045
143521	0.001427010704
143522	0.001650282618
143523	0.0003007634271
143524	0.0001771238655
143525	0.002417788336
143526	0.0008124597031
143527	0.0006394741462
143528	0.001196638204
143529	0.001328942913
143530	0.001589457684
143531	0.0006208529541
143532	0.004074825036
143533	0.0004101393924
143534	0.002273084031
143535	0.001175430911
143536	0.003376722046
143537	0.0002248999554
143538	0.0007656862861
143539	0.0005631506447
143540	0.0002992610438
143541	0.001556588018
143542	0.001082100759
143543	0.0005450780447
143544	0.002690790715
143545	7.084893951e-05
143546	0.0004007267953
143547	0.0010486465
143548	0.0009987687732
143549	0.00122700411
143550	0.001342485243
143551	0.001724342114
143552	0.001783021939
143553	0.001657324543
143554	0.001540790282
143555	2.006188563e-05
143556	0.001663966744
143557	0.0003133922018
143558	1.184726539e-05
143559	0.001028923724
143560	0.002078238884
143561	0.0007941197308
143562	0.00153145574
143563	0.003229994164
143564	0.0004460787863
143565	0.001008778252
143566	0.001701031652
143567	0.002918568905
143568	0.0004762402251
143569	0.000482481826
143570	0.001035645188
143571	0.0002278108412
143572	0.001041291287
143573	0.0004458186075
143574	0.001722852876
143575	1.384028347e-05
143576	0.003563948544
143577	0.0018376966
143578	0.002312231034
143579	0.001653515769
143580	0.0005370897931
143581	0.003635719354
143582	0.001179348995
143583	0.001264862035
143584	0.001024376796
143585	0.0003672493835
143586	0.003247892001
143587	0.004082244284
143588	9.59467937e-05
143589	0.004635855711
143590	0.003561318594
143591	0.0007469789319
143592	0.001236777816
143593	0.00128311795
143594	0.0004238881756
143595	0.002685959915
143596	0.0009734743796
143597	0.002381492316
143598	0.0003926252633
143599	0.0006981129099
143600	0.002647217793
143601	0.001434325331
143602	0.003677016064
143603	0.0001434031509
143604	0.0005672797802
143605	0.004541283962
143606	0.001832907362
143607	0.001184416836
143608	6.595776858e-05
143609	0.001030748658
143610	0.00100575224
143611	0.002095542431
143612	0.0009337348008
143613	0.003475178604
143614	0.0002634451639
143615	0.0005071752721
143616	0.002473862668
143617	0.003439846161
143618	0.00129272859
143619	0.001189696978
143620	0.001866376758
143621	0.001563382959
143622	0.001670929755
143623	8.535876002e-05
143624	0.000812238886
143625	0.000205948069
143626	0.005311405958
143627	0.0004770013132
143628	0.003068505261
143629	1.402754679e-05
143630	0.001453948223
143631	0.0002333833577
143632	0.0001247724293
143633	0.004169735925
143634	0.003120719409
143635	0.002086422528
143636	0.008400555343
143637	0.0005410806764
143638	5.868221884e-06
143639	0.00166860996
143640	0.003585951832
143641	0.004824581482
143642	0.00158483978
143643	0.0007118919435
143644	0.001488231
143645	0.001290398292
143646	1.554716383e-06
143647	0.006585663588
143648	0.002356037521
143649	0.0005977658886
143650	0.00171607233
143651	0.001748983046
143652	0.006509974674
143653	0.001586241833
143654	0.006989349444
143655	0.003517461241
143656	0.001132279779
143657	0.003575680869
143658	0.001510292595
143659	0.004141845559
143660	0.0006387509972
143661	0.0009704548002
143662	0.0007137075846
143663	0.002469577153
143664	0.0003328122892
143665	0.0004332456299
143666	0.001822337433
143667	2.785106084e-05
143668	0.007564902852
143669	0.005265660204
143670	0.0005738014455
143671	0.004963780723
143672	0.001209881128
143673	0.001833047555
143674	0.0003660836019
143675	0.001195172655
143676	0.001680623179
143677	0.000690618959
143678	0.0004369722374
143679	0.001054660529
143680	0.003423194486
143681	0.0007329118063
143682	0.002334407801
143683	0.0009061120745
143684	0.002543600547
143685	0.0002894612138
143686	0.001822794633
143687	0.002543143376
143688	0.0006743892697
143689	0.002838402906
143690	0.0004629615213
143691	0.0001665347712
143692	0.001254437346
143693	0.003230836434
143694	0.001417599997
143695	0.003277522483
143696	0.0006863639795
143697	5.513999908e-05
143698	0.001173055599
143699	0.001019749758
143700	0.005064447268
143701	0.0007375752236
143702	7.0343948e-05
143703	0.002191166281
143704	0.0002352766546
143705	0.004263695745
143706	0.0006747163117
143707	0.001653179603
143708	0.0006344968034
143709	0.0002241608748
143710	0.001957515765
143711	0.000723970575
143712	0.00131873139
143713	0.002021748025
143714	0.00215280039
143715	0.0009268704608
143716	0.0001519373569
143717	0.001395555656
143718	7.458196714e-05
143719	0.002377808591
143720	0.001332893359
143721	0.0001802075015
143722	0.0001673252689
143723	0.001982150673
143724	0.001929370608
143725	0.002608065879
143726	0.0001268253707
143727	0.007081170663
143728	5.378249972e-05
143729	0.00059333161
143730	0.005434409174
143731	0.001374447483
143732	0.0005750845115
143733	0.001616218556
143734	0.0004505952885
143735	0.0008299292077
143736	0.003723540342
143737	0.0005547414914
143738	0.002575644766
143739	8.531921602e-06
143740	0.001855976736
143741	0.00187840127
143742	0.001817623507
143743	0.003178331649
143744	0.0009450003696
143745	0.0003778542979
143746	0.0001113058027
143747	0.0002166216527
143748	0.0006761285664
143749	0.0006876485419
143750	0.003163641369
143751	0.0006263242623
143752	0.0005499031849
143753	0.001900877131
143754	0.002499754886
143755	0.000773082683
143756	0.0006944254617
143757	0.001585758614
143758	0.001575580381
143759	0.0003129423998
143760	0.002793061317
143761	0.001793663012
143762	0.0016233656
143763	8.553184759e-06
143764	0.001316462919
143765	0.003370566536
143766	0.00243773565
143767	0.0009807805671
143768	0.0002798336338
143769	0.005673863079
143770	0.006328906795
143771	0.001729512404
143772	0.0002031036913
143773	0.001936454552
143774	0.002327299902
143775	0.002293881193
143776	0.001538797546
143777	0.003106273961
143778	0.006250496324
143779	0.000531853605
143780	0.0006919161115
143781	0.000725238696
143782	0.0003578125324
143783	0.003614522958
143784	0.004091933182
143785	0.001383486151
143786	0.001441809731
143787	0.003067438232
143788	0.001721391446
143789	9.118193951e-05
143790	0.001200732878
143791	0.0004940829755
143792	0.003712000455
143793	0.002028283525
143794	0.003550569329
143795	0.0009206511493
143796	1.954053953e-05
143797	5.618808805e-05
143798	0.0002466491014
143799	0.000705420436
143800	0.001064117947
143801	0.0006873744971
143802	0.009374462842
143803	0.0006093591211
143804	0.0006923810183
143805	0.0007662136794
143806	0.002517431883
143807	0.004197542147
143808	0.002362484822
143809	0.0007973950959
143810	0.003806362794
143811	0.0006419783667
143812	0.0003300981179
143813	0.0005632028742
143814	0.001093578995
143815	0.004340070133
143816	0.001243787808
143817	0.001313282028
143818	0.0001496284262
143819	0.00120521805
143820	0.002503435296
143821	0.0003088966894
143822	0.0007722558745
143823	0.003337828637
143824	0.00264047223
143825	0.000178044631
143826	0.0006266616466
143827	0.002706212717
143828	0.0001955623782
143829	0.003404687596
143830	0.002706346843
143831	0.005157906381
143832	0.00229133961
143833	0.0005338066051
143834	0.0002182851426
143835	0.002174069484
143836	0.0001085687786
143837	0.001460358481
143838	0.001359102846
143839	0.0006838408226
143840	0.0001583515354
143841	0.0001995294525
143842	0.0003691858629
143843	0.000592612887
143844	0.002857638139
143845	0.0008719735214
143846	0.0004445351782
143847	0.0004710631318
143848	0.0008493657907
143849	0.004828184288
143850	0.005277919578
143851	0.005457159469
143852	0.001495091419
143853	0.0003621828811
143854	0.002409740776
143855	0.002410040407
143856	5.866299929e-05
143857	0.001002452796
143858	0.002084342756
143859	0.002457623702
143860	0.001975310842
143861	0.004760269638
143862	0.001559039962
143863	0.0009345772526
143864	0.0007150711117
143865	0.001855578412
143866	0.0003227508838
143867	0.0003626392489
143868	0.0001174811227
143869	0.0002447828706
143870	0.003120639622
143871	0.0008487758026
143872	0.001276644676
143873	0.002472240634
143874	0.0004396233117
143875	0.001019145766
143876	0.003914101119
143877	0.004288925233
143878	0.001293328784
143879	0.005056976567
143880	0.003212868586
143881	0.001555011951
143882	0.001252938611
143883	0.003155614802
143884	0.001390159565
143885	0.000727484868
143886	2.4439779e-05
143887	0.0007288072388
143888	0.003512578822
143889	0.001924084431
143890	0.0004686278933
143891	0.0008787912789
143892	0.00166693622
143893	0.001571613957
143894	0.002378172857
143895	0.000699242614
143896	0.001767087045
143897	0.000141472813
143898	0.00170100026
143899	0.002878541425
143900	0.001077887603
143901	0.002228110858
143902	0.0009388825526
143903	0.003035093809
143904	0.003822888103
143905	0.0006864165119
143906	0.001860071768
143907	0.003948397277
143908	0.001118082333
143909	0.004913722596
143910	0.001493479584
143911	0.001842942069
143912	0.004372253356
143913	0.0008263070374
143914	0.002297848211
143915	0.002770236862
143916	8.395921756e-05
143917	0.002414902044
143918	0.005787971016
143919	0.005086606278
143920	0.002635828003
143921	0.0003376865025
143922	0.001177179346
143923	0.003226672261
143924	0.003649678523
143925	0.003095429082
143926	0.0004600287676
143927	0.0005857708435
143928	0.001754460169
143929	0.002597816419
143930	0.003005998492
143931	0.001911662792
143932	0.0006241047358
143933	0.0003838957295
143934	0.003703550502
143935	0.0005352645728
143936	0.001185722319
143937	0.0006841143529
143938	0.00128024123
143939	0.0003316055722
143940	0.0008229600464
143941	0.0007300405634
143942	0.0001864689046
143943	0.0009874932387
143944	0.001891581939
143945	0.0003023412391
143946	0.002995673435
143947	0.001318563818
143948	0.007431456799
143949	0.005360362885
143950	0.0002490691583
143951	0.001005195599
143952	0.0005878740873
143953	0.0002849416498
143954	0.0004888815924
143955	0.0008312535693
143956	0.002935098455
143957	0.0001604127072
143958	0.0009169264343
143959	0.0001025049972
143960	0.0006949411914
143961	3.395484889e-06
143962	0.003451174083
143963	0.0006484165921
143964	0.001520675596
143965	0.001881738594
143966	0.001300035661
143967	0.001041031423
143968	0.0004420204231
143969	0.002178069483
143970	0.001990745421
143971	0.0038479449
143972	0.0003337226337
143973	0.0002521652424
143974	0.002532507144
143975	0.0006896154851
143976	3.52303849e-05
143977	0.000418769647
143978	0.0004517999159
143979	0.0001508258799
143980	0.0009697353032
143981	0.0004899045936
143982	0.0009916666399
143983	0.002891696655
143984	0.001088377415
143985	3.74135781e-05
143986	0.001990620194
143987	0.0006970414403
143988	0.0026633596
143989	0.001158415603
143990	0.003218221784
143991	0.005148099799
143992	0.001730282617
143993	0.002073934816
143994	0.001795487926
143995	0.0001656854281
143996	0.001745057408
143997	0.002570452794
143998	0.002892148198
143999	0.001645554807
144000	0.00126830871
144001	0.00164816524
144002	0.001245090581
144003	0.0004986246241
144004	0.0006590238316
144005	0.00047775016
144006	0.001685878712
144007	0.003795426787
144008	0.003795792612
144009	0.0009880803371
144010	0.001800748676
144011	0.0006806844004
144012	0.0002476073456
144013	0.0032724689
144014	0.001539086992
144015	0.0003593821345
144016	0.002868125994
144017	0.001913688839
144018	0.001301069397
144019	0.0008220546959
144020	0.001096222149
144021	0.0005183912455
144022	0.00127428166
144023	0.004753076481
144024	0.0005402056914
144025	0.002187093065
144026	0.001003945388
144027	0.003907250344
144028	0.0002071033764
144029	0.001051554052
144030	0.001990688777
144031	0.002396929923
144032	0.0005883893295
144033	0.0003105278073
144034	0.0005363652175
144035	0.002990609535
144036	0.0004056483393
144037	0.003644439361
144038	0.006339691262
144039	8.071105767e-07
144040	0.002888330745
144041	0.001365472402
144042	0.0004384315032
144043	0.0003248971785
144044	0.001351515496
144045	0.002172921143
144046	0.001567580135
144047	0.0007444525673
144048	0.00282478461
144049	0.007878044398
144050	0.002553380102
144051	0.002020185291
144052	0.0007870699494
144053	0.0019585779
144054	0.002525858425
144055	9.099393663e-06
144056	0.0002209991232
144057	0.000745718254
144058	3.532562825e-06
144059	0.005275463507
144060	0.0002356776892
144061	0.001079236018
144062	0.001255360911
144063	0.0008132591621
144064	0.001484962899
144065	0.0003835245175
144066	0.001706135173
144067	0.002041638925
144068	0.00369463906
144069	0.0009230739801
144070	0.001875412244
144071	0.003234095979
144072	0.000989972902
144073	0.002996383245
144074	0.001440015692
144075	0.002871351025
144076	0.002488997916
144077	0.001146055216
144078	0.001136872015
144079	0.002037063921
144080	0.0008245160405
144081	0.0001031714384
144082	0.002269649633
144083	0.0005227317701
144084	0.0001016023057
144085	0.0004109586563
144086	0.001531708145
144087	0.003013230793
144088	0.0004326558493
144089	0.00175076541
144090	0.002193842779
144091	0.001442428528
144092	0.0001589913034
144093	0.001082562385
144094	0.001131750557
144095	0.000433904567
144096	0.00129016044
144097	0.001364350152
144098	4.884580394e-05
144099	0.0002035752215
144100	0.0001478184584
144101	0.001495386472
144102	0.002286172598
144103	0.001434770605
144104	0.0006337839108
144105	0.003203823762
144106	0.004766981937
144107	0.002060286126
144108	0.0006822845111
144109	0.000827124522
144110	0.003499272782
144111	0.005331034815
144112	0.001988519928
144113	0.001072686946
144114	0.000282030594
144115	0.001449349719
144116	0.0003320399028
144117	0.0009168044857
144118	0.00422957857
144119	0.0003489941445
144120	0.0005921416451
144121	0.001640426566
144122	0.002908318016
144123	0.0005419304717
144124	0.0006537270339
144125	0.002787973285
144126	4.209155086e-05
144127	0.000590423727
144128	0.002775997838
144129	0.005591103246
144130	0.00322747744
144131	0.001906307039
144132	0.002528877232
144133	0.0008097357811
144134	0.001472482846
144135	0.0007006379093
144136	3.907524178e-05
144137	0.0004721438032
144138	0.004618243065
144139	0.0005078294462
144140	7.343989025e-05
144141	0.0001792925455
144142	0.001378419282
144143	0.002090998031
144144	0.002510714033
144145	0.003696990612
144146	0.0001456567494
144147	0.0001888460704
144148	0.0009907564544
144149	0.004215548055
144150	0.001116140196
144151	0.002666216937
144152	0.000810863218
144153	0.004906490709
144154	0.001293890935
144155	0.002201084864
144156	0.0001958600185
144157	0.001509204093
144158	0.002774791821
144159	0.001882554578
144160	0.0007998346707
144161	0.00195550431
144162	0.002368528803
144163	0.005803668461
144164	0.002092418483
144165	0.0002304337999
144166	0.0002629861304
144167	0.002610434069
144168	0.0007887748805
144169	0.00243445061
144170	0.0050530228
144171	1.42797068e-05
144172	0.001490492823
144173	0.0008869461596
144174	0.001434461607
144175	0.002602266255
144176	0.0006295062472
144177	0.0002437543893
144178	1.252905735e-05
144179	0.0008105720031
144180	0.001947308725
144181	0.0009073899695
144182	0.0006396537595
144183	0.002187217672
144184	0.000175834802
144185	0.000182343038
144186	1.785177756e-05
144187	0.002818789821
144188	0.00171330602
144189	0.001740705642
144190	0.001256145826
144191	0.002962792112
144192	0.002321494147
144193	0.002245846532
144194	0.0003777902244
144195	0.001844146706
144196	0.0004142163319
144197	3.030056661e-05
144198	0.004850933028
144199	0.0009446822481
144200	0.001372736008
144201	0.0004354707697
144202	0.0004175157501
144203	0.003510978642
144204	0.003150228676
144205	0.0008904925538
144206	0.001494931438
144207	0.0006982202681
144208	0.004247436393
144209	0.002355524144
144210	0.001735731914
144211	0.0005169289985
144212	0.003750508732
144213	0.0003037102895
144214	0.0002005021426
144215	0.001266301875
144216	0.001114631221
144217	0.001188462549
144218	0.0006538953572
144219	0.0009745837296
144220	0.002848599318
144221	0.0002036588626
144222	0.0002826882184
144223	0.0004662870163
144224	0.006364844955
144225	0.002315695338
144226	0.00277887549
144227	0.001292263256
144228	0.0006438234086
144229	0.0007320923337
144230	0.001731882811
144231	0.0001096047182
144232	0.0002950150285
144233	0.0009226476163
144234	0.001500411877
144235	0.004168551085
144236	0.003581557545
144237	0.0009405637077
144238	0.003775641117
144239	7.213860772e-05
144240	0.0004865372704
144241	0.002615488664
144242	0.002121066924
144243	0.001005499743
144244	0.001878050697
144245	0.0001985905767
144246	0.0003021600416
144247	9.132438872e-05
144248	0.002645370266
144249	0.0008841431851
144250	2.667492856e-05
144251	0.002792516274
144252	0.001231385018
144253	0.001938401034
144254	0.0009008142016
144255	0.001159179986
144256	0.001156230774
144257	0.0008758196095
144258	0.001582853699
144259	0.004474219834
144260	0.003100431631
144261	0.002910399169
144262	0.001010004723
144263	0.003680671841
144264	0.001880346577
144265	0.0001837076572
144266	0.002465988253
144267	0.001045146485
144268	0.003282806094
144269	0.00144802939
144270	0.002022715513
144271	0.001857922193
144272	0.0002380186286
144273	0.001271632461
144274	0.0006586142998
144275	0.0003779701618
144276	0.003492539871
144277	0.0008159030383
144278	0.0002812695682
144279	0.0001913355043
144280	0.001574752522
144281	0.0004860626455
144282	0.001831683931
144283	0.001968619021
144284	0.000600083066
144285	0.0001642495183
144286	0.002346444797
144287	0.0006803110428
144288	0.001241978908
144289	0.000552263588
144290	0.0002145437647
144291	0.002615470706
144292	0.00121050226
144293	0.0002683177909
144294	0.0009587172801
144295	0.0002212189478
144296	0.0006049743976
144297	0.001101433088
144298	0.00178594947
144299	0.001002264861
144300	0.001891971733
144301	0.002161208301
144302	0.000146507284
144303	2.797228028e-06
144304	0.0003442995831
144305	0.002306649331
144306	3.878356129e-05
144307	0.0004109131098
144308	0.002907607103
144309	0.002487294696
144310	0.0003635991428
144311	0.00657405292
144312	0.002206367487
144313	0.001613470806
144314	0.003681782997
144315	0.003840927196
144316	0.0006425893097
144317	0.0003386448743
144318	0.001007903306
144319	0.0004903169494
144320	0.004273654544
144321	0.001665119586
144322	0.004136532281
144323	0.0005558345906
144324	0.001671290003
144325	0.001454507499
144326	0.00104626448
144327	0.004275761056
144328	0.002226331718
144329	0.00100402115
144330	0.003389284708
144331	2.20564509e-05
144332	0.001336732928
144333	0.0004165195146
144334	0.0001658508095
144335	0.0001452802818
144336	0.0006971286481
144337	0.001547463078
144338	0.001069675596
144339	0.0009161235925
144340	0.0001265474264
144341	2.144245525e-05
144342	0.002745641351
144343	0.002369012546
144344	0.002217511651
144345	0.0003542460631
144346	0.001947126747
144347	5.489631919e-05
144348	0.002683066846
144349	0.002314271832
144350	0.001171405111
144351	0.0008855499282
144352	0.0004663911359
144353	0.00157245562
144354	0.0005264738755
144355	0.001053098478
144356	0.0001502636652
144357	0.0006069318554
144358	0.003292272504
144359	0.0006809603192
144360	0.001431310405
144361	0.001161532116
144362	0.00233612012
144363	0.002999026278
144364	0.0009976672767
144365	0.0009163944096
144366	0.001429515928
144367	0.002545785362
144368	0.002859943921
144369	0.0005621094957
144370	0.0002507773349
144371	5.336654421e-05
144372	0.0002768734625
144373	0.003937571983
144374	0.00132896004
144375	0.002966722522
144376	0.002493231124
144377	0.0005098228061
144378	0.001371451712
144379	0.001584162019
144380	0.000435274911
144381	0.0008013218687
144382	0.0003997865173
144383	0.0007096132963
144384	0.002805964176
144385	0.002107525362
144386	0.001125544132
144387	0.0007199783035
144388	0.004288020224
144389	0.0001303064183
144390	0.00093056512
144391	0.001624790052
144392	0.003086768074
144393	0.0004154343305
144394	0.001362764181
144395	0.000781931418
144396	0.0007488060783
144397	0.00137195587
144398	0.001490435821
144399	0.0001529844117
144400	0.002726555634
144401	0.000802199828
144402	0.0001173100159
144403	0.001630012103
144404	0.001507383092
144405	0.0004603380108
144406	0.0004358866582
144407	0.001041596883
144408	0.0007137740719
144409	0.001225970367
144410	0.001709957714
144411	0.0003547430761
144412	0.001055081767
144413	0.001160078453
144414	0.0005272385259
144415	0.001950826943
144416	0.002776685446
144417	0.0005736450782
144418	1.564346499e-05
144419	0.001113410183
144420	2.8458389e-05
144421	0.001178529671
144422	0.0005771645148
144423	0.002160868296
144424	0.0001758714926
144425	0.0002746570325
144426	0.0002217922948
144427	0.0007017328269
144428	0.002512992321
144429	0.002412713162
144430	0.0003624324945
144431	0.002134930074
144432	0.0005795423393
144433	0.001454456871
144434	0.002418635817
144435	0.0008351882198
144436	0.001453675504
144437	0.004924539416
144438	0.001128807662
144439	0.001791629271
144440	0.0007008882161
144441	0.003497596619
144442	0.001412178879
144443	0.002044293835
144444	0.0005261136811
144445	0.002888650521
144446	0.003104696491
144447	4.11763538e-05
144448	0.003567473525
144449	0.001152139521
144450	0.002152006766
144451	0.002771655369
144452	3.683470979e-05
144453	0.00185028214
144454	0.0007044256158
144455	0.005117873964
144456	0.0045244652
144457	0.0008810571316
144458	0.004287045499
144459	0.001633447094
144460	0.0002509523676
144461	8.767959308e-05
144462	0.003326872198
144463	0.0004357599643
144464	0.00167389868
144465	0.004837848471
144466	0.001114803849
144467	0.004345944638
144468	0.0006969385868
144469	0.0003546339094
144470	0.002714467151
144471	0.0007079557411
144472	0.002916339467
144473	0.001628148458
144474	0.004409353286
144475	0.0003151521929
144476	0.001033242826
144477	0.001546800997
144478	0.002107855534
144479	0.001383834557
144480	0.001142566255
144481	0.003854009242
144482	0.001247799832
144483	0.00119779437
144484	0.000965207567
144485	0.0006643228255
144486	0.0007056456983
144487	0.001373492608
144488	0.000509454117
144489	0.003646404918
144490	0.0001727687432
144491	0.001126686372
144492	0.001209678065
144493	0.001192059088
144494	0.001340869585
144495	0.0008161320075
144496	0.002434412397
144497	0.002408536842
144498	0.0001935513514
144499	0.002836662896
144500	0.0005080507091
144501	0.002962996486
144502	0.0008415446392
144503	0.001455913893
144504	0.003160024601
144505	0.003072361918
144506	0.001413346145
144507	0.00345404506
144508	0.006120128287
144509	0.001104416974
144510	0.001280643162
144511	8.16325734e-05
144512	0.0003835919862
144513	0.002658543807
144514	0.003264439219
144515	0.002462085676
144516	0.00105046275
144517	0.002369916694
144518	0.0002994718914
144519	0.003343291063
144520	2.967097424e-05
144521	0.001455901602
144522	0.006456907522
144523	0.0009336054109
144524	0.001459860554
144525	0.0002192714813
144526	0.005271011978
144527	0.001462452674
144528	0.001261892618
144529	0.0001907805297
144530	0.00112757817
144531	0.00531815411
144532	0.0007178358053
144533	0.0003308776996
144534	0.000584526893
144535	0.001705589457
144536	0.0004050039015
144537	0.001687429738
144538	0.006115523128
144539	0.00075581119
144540	0.004795860971
144541	0.002803559271
144542	0.0006711920457
144543	0.0009308171788
144544	0.002406708802
144545	0.0001701926942
144546	0.002120879767
144547	0.0005740355382
144548	0.001713908501
144549	0.002573414186
144550	0.003884728687
144551	0.0003688352249
144552	0.002078853993
144553	0.002519465622
144554	0.00050675276
144555	0.001943512917
144556	0.0003520131279
144557	0.0004855212613
144558	3.206752491e-06
144559	0.001104416118
144560	0.0006072043511
144561	0.002007143713
144562	0.0001442756635
144563	0.001830543164
144564	0.001283585462
144565	0.002672556521
144566	0.004449254886
144567	0.000687827438
144568	0.001741739527
144569	0.001639146346
144570	0.0002503541865
144571	0.001289853635
144572	0.002916161658
144573	0.0005949535143
144574	0.002226955573
144575	0.002689756646
144576	0.0006913650248
144577	0.002511856551
144578	0.003240731802
144579	0.001279047073
144580	0.0007132740058
144581	0.004457100945
144582	0.004379621149
144583	0.001566160897
144584	0.001180722609
144585	0.001952391643
144586	0.003028271428
144587	0.0009751412971
144588	0.0007166549261
144589	0.000974691982
144590	0.0009537561746
144591	0.001848479853
144592	7.148657661e-05
144593	0.0008664904569
144594	0.0004441696602
144595	0.0005268799257
144596	0.001841060791
144597	0.002696571351
144598	0.0008572295885
144599	0.001086443515
144600	0.002281022781
144601	0.001787145875
144602	0.002484271636
144603	0.0003098093285
144604	0.0005574211314
144605	0.001094954814
144606	0.0009851415044
144607	0.006199876795
144608	0.001592598949
144609	0.001165090213
144610	0.001632781206
144611	0.001336821398
144612	0.0002818447912
144613	0.002550955253
144614	4.01744343e-05
144615	0.0002188527881
144616	0.0005238857565
144617	0.001578667302
144618	0.002760146981
144619	0.002303283979
144620	0.002008168068
144621	0.002331700442
144622	0.001712692443
144623	0.001458069421
144624	0.002720629913
144625	0.003626068705
144626	0.0002183589181
144627	0.000385411319
144628	0.001626166361
144629	0.002888883715
144630	0.0005547657939
144631	0.0006892903348
144632	0.0007813239368
144633	0.001322198701
144634	0.0003862733152
144635	0.002048932822
144636	0.0001066155486
144637	0.0008483980719
144638	0.002933408205
144639	0.0009325463984
144640	0.0007337409247
144641	0.0008238928421
144642	0.0005769190912
144643	0.001732574264
144644	0.002639744498
144645	0.0026898147
144646	0.00206748163
144647	0.0035979008
144648	0.001780342456
144649	0.004839170928
144650	0.002437786894
144651	0.0001621179089
144652	4.724498884e-05
144653	0.0004616828976
144654	0.004190619049
144655	0.00133855506
144656	1.668795419e-05
144657	0.0006171035533
144658	0.005436393056
144659	0.001939199763
144660	0.001003481148
144661	0.0002578200125
144662	0.002132829649
144663	0.0006318565469
144664	0.0006656379677
144665	0.001266898362
144666	0.003988583783
144667	0.0003757103043
144668	0.0005302686308
144669	0.001584602953
144670	5.111064309e-05
144671	0.001604429121
144672	0.00847849656
144673	0.0009582489487
144674	0.001736807891
144675	0.0005571824081
144676	0.005796053593
144677	0.002433954901
144678	0.0004197406906
144679	0.002482507038
144680	0.0007885848481
144681	0.0006771759521
144682	0.0008679368962
144683	0.001328363087
144684	0.003216615287
144685	0.002196571
144686	0.001610027313
144687	0.0001895447632
144688	0.002542068569
144689	0.003147797737
144690	0.0005751852686
144691	0.0007395312937
144692	0.0004776247554
144693	0.001583311379
144694	0.006565957444
144695	0.002533966098
144696	0.003008823242
144697	0.0003203966196
144698	0.0003707210967
144699	0.000375217076
144700	0.002325351088
144701	0.001117843081
144702	0.00145696243
144703	0.0002985618615
144704	7.285998426e-05
144705	0.0009698747206
144706	0.0002339933765
144707	0.0008602160633
144708	0.001998403951
144709	6.916364829e-05
144710	0.002024574726
144711	0.0007158322472
144712	0.0001666927823
144713	0.001975577137
144714	0.0007124090407
144715	0.001587755196
144716	0.001093293012
144717	0.003868991703
144718	0.001162199909
144719	0.001944691936
144720	0.0007801295561
144721	0.001476980818
144722	0.0004252942889
144723	0.002683415615
144724	0.0005117404498
144725	0.0002716979749
144726	0.002005370057
144727	0.001850959399
144728	0.002273709029
144729	0.003530280593
144730	0.002035344256
144731	0.0004723468533
144732	0.0001514266115
144733	0.0007551034785
144734	0.0009931956247
144735	0.003090338464
144736	0.0005108330451
144737	0.0006603373074
144738	0.0002455908065
144739	0.0004704787781
144740	0.001863222243
144741	0.004349103775
144742	0.0008005886201
144743	0.002356070802
144744	0.000357866238
144745	0.0062433216
144746	0.002062313508
144747	0.001833882892
144748	0.001339806402
144749	0.000112939232
144750	0.001929178309
144751	0.001433480176
144752	0.00160405124
144753	0.004149150206
144754	0.003967965524
144755	2.465544738e-05
144756	0.0001353131749
144757	0.001035160655
144758	0.001127201705
144759	0.00231716268
144760	0.003272901785
144761	0.0004468299524
144762	0.0006615594931
144763	0.002224713015
144764	0.001513796874
144765	0.003244863753
144766	0.0007320557012
144767	0.001974363534
144768	0.001425235592
144769	0.001455056952
144770	0.0005921202907
144771	0.001458915495
144772	0.001103901527
144773	0.002704969962
144774	0.0008032005517
144775	0.002284743716
144776	0.0002548057961
144777	0.0008444250199
144778	0.00107356964
144779	0.001603343807
144780	0.0025877938
144781	0.0007498416366
144782	0.0001492993439
144783	0.003088403677
144784	0.003405876337
144785	0.0001721684591
144786	0.002936925351
144787	0.0008253740079
144788	0.0009657765181
144789	0.0002658063951
144790	0.001622265462
144791	0.005807414233
144792	0.002117076976
144793	0.002196023384
144794	0.0002595745424
144795	0.0004124734075
144796	0.0005836659586
144797	0.0005142269363
144798	0.0001750897683
144799	0.001909121991
144800	0.005872130454
144801	0.002189636627
144802	0.0007316283651
144803	0.0002101254837
144804	0.003732339058
144805	7.759165942e-05
144806	0.00182499652
144807	7.680249816e-05
144808	0.001292565822
144809	0.00305121533
144810	0.001134038711
144811	0.004135477443
144812	0.002086710307
144813	0.008031695906
144814	0.0004521374797
144815	0.004515767695
144816	0.000469451638
144817	0.0004453984756
144818	0.001232371332
144819	0.002318418945
144820	0.00187302746
144821	0.004035511005
144822	0.002895009347
144823	0.002504016908
144824	0.004430064295
144825	0.0008611639463
144826	0.0006024609971
144827	0.001110016676
144828	0.0002722757678
144829	0.001496129679
144830	0.001669507508
144831	0.002345080673
144832	0.0002281177161
144833	0.001387296285
144834	0.0004826442755
144835	0.003032007229
144836	0.002363324028
144837	0.0003707158469
144838	0.002725227404
144839	0.001490434483
144840	0.001048036567
144841	8.786928442e-05
144842	0.003588729512
144843	0.0001172727963
144844	0.00228611557
144845	0.0002640474825
144846	0.001562426919
144847	0.000417125758
144848	0.0006016813172
144849	6.833942552e-05
144850	0.00209900391
144851	0.001806715644
144852	0.0008628822533
144853	5.823601889e-05
144854	0.000392206241
144855	0.001839318005
144856	0.0003789944574
144857	0.00483189362
144858	0.00889774653
144859	0.002237127383
144860	0.0002069306027
144861	0.0006208762766
144862	0.0005144829565
144863	0.0001198310437
144864	0.0001898674994
144865	0.001697188521
144866	0.0003619482513
144867	0.001690005414
144868	0.0001433349247
144869	0.0005096947105
144870	0.0004648539183
144871	0.005148617663
144872	0.0001221296505
144873	0.001119906706
144874	0.002945054225
144875	0.0001950113648
144876	0.002316533766
144877	0.002123045666
144878	6.270209938e-05
144879	0.002547463947
144880	0.001931784485
144881	0.001522887038
144882	0.0006975150163
144883	0.0003715941863
144884	0.0004367737113
144885	0.0005178571617
144886	0.003307374556
144887	0.001625822578
144888	0.003020198758
144889	0.000244364016
144890	0.0001047824646
144891	0.0003634504264
144892	0.001279756869
144893	0.003674465101
144894	0.002090295427
144895	0.0003348322539
144896	0.000281147546
144897	0.00285354428
144898	0.003328200472
144899	1.955595947e-05
144900	0.002016083575
144901	0.000121952487
144902	0.0005920715361
144903	0.001701883252
144904	0.0003944459144
144905	0.001402838139
144906	0.002325730033
144907	0.0006833114332
144908	0.0004740866032
144909	0.001323212627
144910	0.004268096632
144911	0.003377087607
144912	0.002766991735
144913	0.004890734081
144914	0.002058376786
144915	0.001783005984
144916	0.001246135963
144917	0.002372759021
144918	0.002549396062
144919	0.0008118299671
144920	0.0008852563947
144921	0.007042926825
144922	0.0002575245851
144923	0.002235741289
144924	0.003275198129
144925	0.0006219666166
144926	0.0003757984215
144927	0.003409349342
144928	0.0003729953982
144929	0.002267489377
144930	0.000229166137
144931	0.0002967641628
144932	0.0005209959031
144933	0.00303638413
144934	0.003576401977
144935	0.0002321111374
144936	7.681282715e-06
144937	0.0005337178007
144938	0.001766421147
144939	0.003497560793
144940	0.00498944221
144941	0.002654080399
144942	0.0001341199243
144943	0.004092422676
144944	0.00135450727
144945	2.798782173e-05
144946	0.001599409874
144947	0.0005639137816
144948	7.644802595e-05
144949	0.001191850806
144950	0.0005960343379
144951	0.001609590755
144952	0.002093701048
144953	0.0003970881809
144954	0.0004195257114
144955	0.0005433088646
144956	0.0007774495803
144957	0.005203242275
144958	0.0007666378983
144959	0.000162916613
144960	0.003316657534
144961	0.001340529913
144962	0.002342268763
144963	0.001587025777
144964	0.004585664676
144965	0.001199526606
144966	0.0009330767469
144967	0.003208839128
144968	0.001478724247
144969	0.001763664915
144970	0.0002597210101
144971	0.001058478166
144972	0.0009344287128
144973	0.001692033279
144974	0.0002710422715
144975	0.003202121256
144976	0.001101324442
144977	6.198246739e-05
144978	0.0009060475558
144979	0.001065664748
144980	0.0009075463543
144981	0.003666481242
144982	0.004882906185
144983	0.003611096404
144984	0.0002016852896
144985	0.0001820706663
144986	0.001201550767
144987	0.0006283406693
144988	0.00547433873
144989	0.0003179543854
144990	0.0007167468531
144991	0.001434615772
144992	0.0001343491115
144993	0.0007296656157
144994	0.002499780579
144995	0.001021666305
144996	0.0001808887332
144997	0.0004585993523
144998	0.001251631667
144999	0.0001561422329
145000	0.0004215320639
145001	0.001296867
145002	0.001227825023
145003	0.0002281595339
145004	0.002217994728
145005	0.0002654717245
145006	0.003439818739
145007	0.001170343978
145008	0.0009591462684
145009	0.003428761244
145010	4.261487232e-05
145011	7.020215242e-05
145012	0.003491064152
145013	0.0004295228376
145014	0.0005247611277
145015	0.0009383370056
145016	0.001095420426
145017	0.004320517491
145018	0.0007507765091
145019	0.001649169
145020	0.000353737087
145021	0.002468187364
145022	0.002630797058
145023	0.002782799699
145024	0.0002291063401
145025	0.001634296251
145026	0.0004416118708
145027	0.001897881105
145028	0.0005602857942
145029	0.002351950891
145030	0.001009530762
145031	0.0008501302646
145032	0.001050412735
145033	0.002645652723
145034	0.003666771269
145035	0.003951891774
145036	0.0006477671097
145037	0.0002451503077
145038	0.002419885562
145039	0.00350264764
145040	0.0001079476093
145041	0.00373461278
145042	0.00183674688
145043	0.000310152069
145044	0.0008911361042
145045	0.0006734060512
145046	0.001499885878
145047	0.002306507905
145048	0.00162762548
145049	0.003440469133
145050	0.001350844297
145051	0.001764080643
145052	0.002614802147
145053	0.0001183321485
145054	0.001362055481
145055	0.008712326592
145056	0.0007592285
145057	0.0001805613416
145058	0.003406479666
145059	0.004049415573
145060	0.0003107179964
145061	0.004219120758
145062	0.002543174663
145063	0.0004511237626
145064	0.003179145947
145065	0.00195888036
145066	0.00187670007
145067	0.001673466408
145068	0.001611087993
145069	0.002456793482
145070	0.0007004981258
145071	0.0007223871964
145072	0.003550500444
145073	0.001015803001
145074	0.000152916962
145075	0.00013774691
145076	0.002300271838
145077	0.000388157188
145078	0.0005026334185
145079	0.001056865743
145080	0.000956463675
145081	0.001491532415
145082	0.002498342085
145083	0.001042496689
145084	0.002845008179
145085	0.001846328393
145086	0.0003955949561
145087	0.003883075451
145088	0.001042337601
145089	0.001379213187
145090	0.0008892776157
145091	0.004272873666
145092	0.003552334548
145093	0.0004340652982
145094	0.0007369898974
145095	0.0004134653478
145096	0.006358642759
145097	0.004730852239
145098	6.712916494e-05
145099	0.0004260776113
145100	0.0007565528121
145101	0.001823895985
145102	0.003157964117
145103	0.001741258201
145104	0.00178130809
145105	3.942564824e-05
145106	0.000346567668
145107	0.0003559165392
145108	0.0009339901663
145109	0.007555235295
145110	0.0004712352913
145111	0.001768882021
145112	5.616028235e-05
145113	0.002503373641
145114	0.0007382220437
145115	0.001378509931
145116	0.0008201045096
145117	0.003425406571
145118	0.0003767789721
145119	0.0009226604493
145120	0.001464912786
145121	0.001745936083
145122	0.0001229444518
145123	0.006333726135
145124	0.0003787780097
145125	0.003022417389
145126	0.0009996157225
145127	0.0008366147078
145128	0.004823107203
145129	0.000543051411
145130	0.005031777352
145131	0.001578553393
145132	0.0008621442448
145133	0.002326689322
145134	0.002493974871
145135	0.001822970469
145136	0.001517807579
145137	0.0001258130336
145138	0.001833742389
145139	0.001607335184
145140	0.001654050771
145141	0.0008832679509
145142	0.00251394956
145143	0.002039924984
145144	0.001239850922
145145	0.001272656771
145146	0.0005347731302
145147	0.002090919757
145148	0.001641551204
145149	0.002362470448
145150	0.004127426452
145151	0.0005652305617
145152	0.008000886035
145153	0.004861699811
145154	0.000174706241
145155	0.007354412456
145156	0.0005071844273
145157	0.002276524283
145158	0.002337552799
145159	0.0006530946207
145160	0.0004852115457
145161	0.001626964673
145162	0.001852248975
145163	0.001572632579
145164	0.003046789741
145165	0.001608747102
145166	0.00264852844
145167	0.003399157338
145168	0.0002905175184
145169	0.0002302642282
145170	0.0002851647166
145171	0.0003162376615
145172	0.0008204894076
145173	0.004756946481
145174	0.0009610498106
145175	0.002513332845
145176	0.0006947187368
145177	0.001982608943
145178	0.002126151958
145179	0.0004831082794
145180	0.002487073798
145181	0.004519912213
145182	0.003807349061
145183	0.005493988034
145184	0.0001100465281
145185	0.00102084543
145186	0.001157285047
145187	0.001345283628
145188	0.0008260280863
145189	0.0007879847314
145190	0.002374520917
145191	0.0002719954469
145192	0.0009089729136
145193	4.676732528e-05
145194	0.0008927254846
145195	0.001479135893
145196	0.0005691559905
145197	0.0003995394355
145198	0.006171352024
145199	0.0008005518375
145200	0.00288861189
145201	0.0001499771673
145202	0.001632278337
145203	0.002029282267
145204	0.005131991688
145205	0.001414201318
145206	0.001612222669
145207	0.006649803271
145208	0.00272283457
145209	0.0008890328781
145210	0.001929255792
145211	0.0003810654737
145212	0.002127072402
145213	0.0004629369026
145214	0.0002561497534
145215	0.001697968461
145216	0.002579981646
145217	0.001498536634
145218	0.000886182596
145219	0.0003796683662
145220	0.001556000564
145221	0.002773978325
145222	0.0005026426135
145223	0.0004712308306
145224	0.002304910068
145225	0.0001283087834
145226	0.002175857048
145227	0.002935169569
145228	0.0003956367764
145229	0.0006375602114
145230	6.886956319e-05
145231	0.001007640609
145232	0.0004718006763
145233	0.0003951760664
145234	0.000716978048
145235	0.002409783134
145236	0.001293280061
145237	0.00345182292
145238	0.004385250234
145239	0.005116803398
145240	0.001187622438
145241	0.001044929118
145242	0.003624994917
145243	0.0008739050159
145244	0.003672749974
145245	0.0001616802188
145246	0.005412266608
145247	0.0002755942776
145248	0.001770965679
145249	0.003179796739
145250	0.001826189804
145251	0.000398827049
145252	8.687787258e-05
145253	0.002536224492
145254	0.002675727805
145255	0.001214653256
145256	0.00488184732
145257	0.003519739477
145258	0.001370019241
145259	0.001883520592
145260	0.00268344632
145261	0.002658291772
145262	0.001030333445
145263	0.001924750086
145264	0.0003237687542
145265	0.00337294784
145266	0.002287844135
145267	0.005829616732
145268	0.0008513765979
145269	0.0006154902919
145270	0.0003418455165
145271	0.00131962179
145272	0.0005503646831
145273	0.004397922974
145274	0.001867623896
145275	0.0012630202
145276	0.002816963044
145277	0.003254911559
145278	5.382982226e-05
145279	0.001827455878
145280	0.001039126373
145281	0.0005792498228
145282	0.0004958941859
145283	0.004138692565
145284	0.0009712068169
145285	0.002784207413
145286	0.00123068315
145287	0.003461990392
145288	0.002052602194
145289	0.003646065721
145290	0.003526945746
145291	0.000248398605
145292	0.003511981024
145293	0.0008573312176
145294	0.001727448672
145295	0.00148490711
145296	0.001204261494
145297	0.001428614826
145298	0.001466744093
145299	0.002933673597
145300	0.001410112227
145301	0.002782941707
145302	0.0003755450077
145303	0.001333004794
145304	0.0009055786205
145305	0.00173602402
145306	0.004305002326
145307	0.001245152755
145308	0.003992694632
145309	0.001385032639
145310	7.617004558e-05
145311	0.003553287023
145312	0.0004990364677
145313	5.008728385e-05
145314	0.0002380580999
145315	0.0004556949172
145316	0.001221111169
145317	0.002841451046
145318	0.001705428503
145319	0.00318379581
145320	0.004597365713
145321	0.0001465461265
145322	0.0001608818784
145323	0.0003514215131
145324	0.003071420357
145325	0.0008616605531
145326	0.001138466424
145327	0.0001113098495
145328	0.001743141314
145329	0.001710424064
145330	0.0009939722852
145331	0.004507952226
145332	0.0001390549529
145333	0.002627601442
145334	0.002230149066
145335	0.0008321677934
145336	0.001465213636
145337	0.002526399107
145338	0.004881827314
145339	0.003361976779
145340	0.0007732538907
145341	0.001334124012
145342	0.00224897045
145343	0.0003011000018
145344	0.001265758429
145345	7.438431112e-05
145346	0.001317195884
145347	0.005145400639
145348	0.00349418652
145349	0.005077647597
145350	0.001066678758
145351	0.003842709067
145352	0.002200215824
145353	0.001139708526
145354	0.002454038152
145355	0.0009737875486
145356	0.0009787508563
145357	0.0006213266855
145358	1.568187916e-05
145359	0.0003260544154
145360	0.0008919142317
145361	0.0001835514271
145362	0.0006781032317
145363	0.0004976182051
145364	0.0001827646733
145365	0.0005897531058
145366	0.001966000858
145367	0.0001216886316
145368	0.0002922892263
145369	7.067676314e-06
145370	0.003416182741
145371	0.0002900102996
145372	0.0009654563609
145373	0.002088040339
145374	0.001250872451
145375	0.0001924889458
145376	0.0005140138689
145377	9.338140498e-05
145378	0.001332015567
145379	2.794609379e-05
145380	0.001472780922
145381	0.001897631819
145382	0.008064996031
145383	0.002423638916
145384	0.0002002986338
145385	0.001825543855
145386	0.000269268813
145387	0.004246934544
145388	0.0049195313
145389	8.326360703e-05
145390	0.0001776411774
145391	0.001028943742
145392	0.0008895659881
145393	0.0004708236714
145394	0.0007770869079
145395	0.0009264507361
145396	0.001172269872
145397	0.0004507235775
145398	0.004258231428
145399	0.0007818197516
145400	0.001271124637
145401	0.001327594867
145402	0.002496280547
145403	0.002542276332
145404	0.001018140662
145405	0.001317908431
145406	0.002084894879
145407	0.0007034558659
145408	0.00347056249
145409	0.004853421735
145410	0.003279716761
145411	0.001604979226
145412	0.0009158076249
145413	0.000470489359
145414	0.0003955526686
145415	0.0008496323809
145416	0.002980910237
145417	0.001267829754
145418	0.001548623328
145419	0.000194335136
145420	0.001022473264
145421	0.0009912857358
145422	0.002364977065
145423	0.000804268652
145424	0.001026821571
145425	0.0005632589459
145426	1.333760125e-05
145427	0.0005208248286
145428	0.002838770489
145429	2.668739083e-05
145430	0.001767435658
145431	9.244374203e-06
145432	0.002409152724
145433	0.000826856881
145434	0.0001481860092
145435	0.0002533037395
145436	0.0001108929277
145437	0.0004753051274
145438	0.00519923088
145439	0.003606853239
145440	0.0002472445393
145441	0.00146965548
145442	0.0005112345884
145443	0.000322435041
145444	0.0009760248397
145445	0.002775670837
145446	0.0008359323967
145447	0.001854721809
145448	0.002802700507
145449	0.0006924870684
145450	8.826917279e-05
145451	4.297574165e-05
145452	0.0003108412398
145453	0.0007544894201
145454	0.001036426749
145455	0.002145071981
145456	0.0001403012757
145457	0.0001824957442
145458	0.0004961737349
145459	0.003354685659
145460	0.0004423836117
145461	0.002503811444
145462	0.0005229472006
145463	0.0002916050399
145464	0.002665442444
145465	0.0004550981091
145466	0.003106202395
145467	0.0009436408952
145468	0.0007586159473
145469	0.001112079902
145470	0.002550574522
145471	0.0002572489274
145472	0.0003753439687
145473	0.003257604132
145474	5.293813201e-05
145475	0.004881518406
145476	0.0003202309135
145477	0.001567495658
145478	0.005145834083
145479	0.001681082508
145480	0.0004031514066
145481	0.0006555279183
145482	0.001416547246
145483	0.001472170107
145484	0.0001923167904
145485	0.001352920435
145486	0.0007026788748
145487	0.007230064636
145488	0.005170767992
145489	0.001133680128
145490	0.001156416431
145491	0.001767083368
145492	0.001388669843
145493	0.001342930275
145494	0.0005149911171
145495	0.001459655438
145496	0.0001637008368
145497	0.0007416208118
145498	0.0004480252088
145499	0.001317310824
145500	0.002200246283
145501	0.0009425204375
145502	0.001555390628
145503	0.00149958678
145504	0.0001201109554
145505	0.0003862815448
145506	0.0004003757109
145507	0.0006172748074
145508	0.001332044072
145509	0.0066111069
145510	0.002945602103
145511	4.329617511e-05
145512	0.003502756638
145513	0.001348212013
145514	0.001264453683
145515	0.0008659214681
145516	0.000106730358
145517	0.0007960865264
145518	0.0008939376831
145519	9.573739521e-05
145520	0.001646352958
145521	0.001309580901
145522	0.001865493315
145523	0.001186662407
145524	0.001529552759
145525	0.001967032994
145526	0.000839495647
145527	0.000898219691
145528	0.003988519701
145529	0.001645825515
145530	0.0004401103777
145531	0.002759927645
145532	0.0008593666644
145533	0.00038835548
145534	6.953580245e-06
145535	0.00259710471
145536	0.003276994618
145537	0.001866815124
145538	0.0009268056792
145539	0.003797879376
145540	0.0008683965925
145541	0.001074948173
145542	0.001744445502
145543	0.001030400602
145544	0.001359651891
145545	0.0005959482384
145546	0.005419078623
145547	0.003197195444
145548	0.0002112726656
145549	0.001289414355
145550	0.004238072584
145551	0.004157979809
145552	0.003507790388
145553	0.0006532699524
145554	0.001653311264
145555	0.002935594471
145556	0.001760797741
145557	0.003466505998
145558	0.001537914475
145559	0.001134659123
145560	0.0009545972269
145561	0.001654102494
145562	4.927441254e-05
145563	0.00089220158
145564	0.0009847057707
145565	0.001504316238
145566	0.001043206252
145567	0.005932138956
145568	0.002317232926
145569	0.002772657687
145570	0.0006067238992
145571	0.0009290862571
145572	0.0004377475151
145573	0.0006911938936
145574	0.001876848172
145575	0.0003026364917
145576	0.001443270476
145577	0.001378074873
145578	0.0005041937015
145579	0.0006341649243
145580	0.0004142251336
145581	0.000896189125
145582	0.00258123956
145583	0.0006107495398
145584	0.004456420629
145585	0.0005666610239
145586	0.0038558017
145587	0.00189088015
145588	0.001713307405
145589	0.0009243183129
145590	0.001145358178
145591	0.001169001231
145592	0.0005601208715
145593	0.001597407502
145594	0.003991459425
145595	0.0005065243348
145596	0.003313332045
145597	0.005326314918
145598	0.002226062267
145599	0.004024751157
145600	0.0003264451656
145601	0.0005659366323
145602	0.0006668463437
145603	1.54688123e-05
145604	0.002462848404
145605	0.00216705253
145606	0.0004143852859
145607	0.001778870805
145608	0.00162433957
145609	0.0003526567509
145610	0.0002321109614
145611	0.001818695155
145612	0.002121813885
145613	0.0002039505372
145614	0.00462165093
145615	0.004545663039
145616	0.001152902058
145617	0.001833938233
145618	0.001482472399
145619	0.001370841864
145620	0.00123493512
145621	0.003684987649
145622	0.001068203724
145623	0.001001074129
145624	0.001474147191
145625	3.405646455e-05
145626	0.002506458466
145627	8.365186068e-05
145628	0.0006928685701
145629	5.634059601e-05
145630	0.0007964068426
145631	0.0005907976593
145632	0.003420212686
145633	0.003350162737
145634	0.0005274516625
145635	0.001255163652
145636	0.003726341972
145637	0.0003417498874
145638	0.0003867784686
145639	0.001809646451
145640	0.001375572009
145641	0.0008051841904
145642	0.002338736643
145643	0.00127613885
145644	0.000345939176
145645	0.002916632044
145646	0.0009998413755
145647	1.661741517e-06
145648	0.002814552614
145649	0.001878267809
145650	0.001883023234
145651	0.001571694206
145652	8.438144256e-05
145653	0.0006392801389
145654	0.0007916637038
145655	0.001468268615
145656	0.001277159821
145657	0.001606496034
145658	0.0007779193092
145659	0.001235026355
145660	0.005054920935
145661	0.001108742581
145662	0.004674492276
145663	0.008887018139
145664	0.0001947779411
145665	0.0002104635372
145666	0.001380035097
145667	0.002424499406
145668	0.0009151537555
145669	0.0001385616466
145670	0.002911007229
145671	0.00236950139
145672	0.003456656984
145673	7.342516521e-05
145674	0.0006014263582
145675	0.0004401056203
145676	0.0002800782715
145677	0.001760692204
145678	0.0002280318014
145679	0.001650816987
145680	0.001270292796
145681	0.001097303291
145682	0.0009053045957
145683	0.0009584709153
145684	0.007446805748
145685	0.0006062478954
145686	0.0003757144878
145687	0.004329656025
145688	0.0007048708912
145689	7.631654791e-07
145690	0.002686712383
145691	0.0006605163776
145692	0.0009209718802
145693	0.002548045953
145694	0.0006741857871
145695	0.003390194997
145696	0.001047718053
145697	0.002156581739
145698	0.0003603086929
145699	0.003634193398
145700	0.002920265405
145701	0.0005816331218
145702	0.001397778383
145703	0.002648287533
145704	0.0003570592176
145705	0.0001426596153
145706	0.0003482487576
145707	0.002745930018
145708	0.0004035054421
145709	0.0006865955788
145710	0.0003954152017
145711	0.0007492756032
145712	0.001047414969
145713	0.001172813954
145714	0.002016241602
145715	0.00262950852
145716	0.0002797646096
145717	0.001572433905
145718	0.00117320876
145719	0.004685863302
145720	0.0008554784098
145721	0.002248338996
145722	0.002644615081
145723	0.0006657149564
145724	0.00506307049
145725	0.003801097953
145726	0.002530481623
145727	0.0001147316546
145728	0.005170381767
145729	0.0002741260877
145730	0.005160278036
145731	0.001025089063
145732	0.001273523654
145733	0.001485986438
145734	0.0003225077977
145735	0.004182004414
145736	0.001887467898
145737	0.0001120843299
145738	0.0009455394474
145739	0.001557798136
145740	0.0007932889529
145741	0.001721844057
145742	0.0005716814827
145743	0.000499068898
145744	0.0009907169373
145745	0.0005617398046
145746	0.001258034952
145747	0.002955282126
145748	0.0002835087657
145749	0.002002510885
145750	0.001124614186
145751	0.001618924722
145752	0.001435522658
145753	0.008694767827
145754	0.003159790062
145755	0.001491586741
145756	0.0002545873044
145757	0.00503292945
145758	0.001709947581
145759	0.0009076673843
145760	0.00309642414
145761	0.001358968089
145762	0.002164897987
145763	0.0005066530517
145764	0.003173346454
145765	0.0004695534501
145766	0.002840166094
145767	0.003303332869
145768	0.0008063373482
145769	0.0005406330998
145770	0.003471576367
145771	0.003730549757
145772	0.002232905874
145773	0.001070579183
145774	0.004736665622
145775	7.773637742e-06
145776	0.0001955606147
145777	0.001223869679
145778	0.006197736567
145779	0.0002564925389
145780	0.0004466209503
145781	0.0008642404676
145782	0.002562060997
145783	0.001273122492
145784	0.0006778582979
145785	0.001355006001
145786	0.0004394998626
145787	0.001240620546
145788	0.000119774814
145789	1.429447778e-06
145790	0.0004049707631
145791	0.004374867275
145792	0.001103325541
145793	0.0008213269682
145794	0.001620494658
145795	5.677978821e-05
145796	0.0005287724708
145797	0.0001503000559
145798	0.001381998199
145799	0.001094752669
145800	0.003686539655
145801	0.003221182838
145802	0.002526911801
145803	0.0002427034807
145804	0.003118219207
145805	0.001219953866
145806	0.001655298002
145807	0.0008055699381
145808	0.001674011241
145809	0.003204791359
145810	0.002027253038
145811	0.0006151167824
145812	0.004949331587
145813	0.0027055156
145814	0.0003734622415
145815	0.0003731471118
145816	0.001867056527
145817	0.00240976756
145818	0.001370847378
145819	0.0006055699071
145820	0.00318826556
145821	0.0007325964259
145822	0.002104266209
145823	0.001120538506
145824	0.003276968473
145825	0.000643084801
145826	0.001503062862
145827	0.001648658351
145828	0.0002361633339
145829	0.0003211212452
145830	0.002544420933
145831	0.001042484802
145832	0.0009888477676
145833	0.006079665402
145834	0.0004574759212
145835	0.0005288400132
145836	0.001298296108
145837	0.002613570918
145838	0.001474122919
145839	0.001733114061
145840	0.004298929913
145841	0.0003758881541
145842	0.002226600385
145843	0.0003015602526
145844	0.001763705663
145845	0.002439715834
145846	0.000453055295
145847	0.00077558369
145848	0.001511723579
145849	0.006097817458
145850	0.006931846894
145851	0.006467216519
145852	0.001324760554
145853	0.0001034120632
145854	0.0001084079182
145855	0.0007497793984
145856	0.001636704512
145857	0.001177514473
145858	0.0001119388163
145859	0.001331000249
145860	0.002456975559
145861	0.005474379137
145862	0.0003174101361
145863	0.001009186173
145864	0.001420017243
145865	0.003560655782
145866	0.001478076156
145867	0.0005014907191
145868	0.0005714122038
145869	0.00215446114
145870	0.00240411199
145871	0.0002492081618
145872	0.0004384275896
145873	0.001465261548
145874	0.005314532227
145875	0.001323444843
145876	0.001021034752
145877	0.000176085794
145878	0.003441790441
145879	0.0006760644747
145880	0.0005190229084
145881	0.0001284330497
145882	0.0006794978478
145883	0.001172985958
145884	0.0007254992285
145885	0.0002171007978
145886	0.004954434047
145887	0.001263470753
145888	0.001969277247
145889	0.003145889823
145890	0.0003401080292
145891	0.0003723140859
145892	0.000397885036
145893	0.002803177407
145894	0.00191161795
145895	0.002319933665
145896	0.002702415507
145897	0.001195511409
145898	0.0008297009056
145899	0.003721056594
145900	0.0009559523542
145901	0.001818671058
145902	0.0003632899797
145903	0.0004552914296
145904	0.002093541624
145905	0.0005375590192
145906	0.003203927879
145907	0.001101352344
145908	0.001646406568
145909	0.002279727232
145910	0.001010547743
145911	0.003269642902
145912	0.003910605196
145913	0.003629341614
145914	0.0002506788152
145915	0.002583673979
145916	0.001520672045
145917	0.002392028707
145918	0.0002158093847
145919	0.005570625997
145920	0.003742801808
145921	0.002863715369
145922	0.001086367112
145923	0.006144292972
145924	0.005923780994
145925	0.004089973571
145926	0.00282199646
145927	0.001042448254
145928	0.001362231925
145929	0.000355739822
145930	0.002201321484
145931	0.00244897553
145932	0.001750317102
145933	0.000990947279
145934	0.00145848339
145935	0.002842523155
145936	0.001267093602
145937	0.00110286207
145938	0.00385847251
145939	0.005626886245
145940	0.003217139643
145941	0.0008937801544
145942	0.002372570334
145943	0.003136927593
145944	0.001642376659
145945	0.003296400276
145946	0.004528641108
145947	0.001589745278
145948	0.0005492183864
145949	0.0005989395419
145950	0.002843978831
145951	0.001128875225
145952	0.002521782078
145953	0.002014879679
145954	0.002259902061
145955	0.005744035465
145956	0.002039887009
145957	0.0005396758381
145958	0.00514934931
145959	0.00492495521
145960	0.003455888526
145961	0.005845616201
145962	0.001396569631
145963	0.004577176211
145964	0.001149240341
145965	0.003239526449
145966	0.003450242619
145967	0.003391169714
145968	0.002017364459
145969	0.002330770402
145970	0.003470763271
145971	0.004209459586
145972	0.001720472055
145973	0.0004773015453
145974	0.002698850407
145975	0.002314635977
145976	0.003682620878
145977	0.003712206674
145978	0.0004323058631
145979	0.003267642561
145980	0.003150624893
145981	0.002693434166
145982	0.001996199906
145983	0.003370453816
145984	0.002098940017
145985	0.004493332549
145986	0.0005979250561
145987	0.001885581927
145988	0.00425105579
145989	0.00540707466
145990	0.00274174076
145991	0.001855434596
145992	0.001554928267
145993	0.002907196342
145994	0.005915297132
145995	0.0007451473795
145996	0.001555854222
145997	0.002723659403
145998	0.002440421159
145999	0.00166108909
146000	0.003826648906
146001	0.003234535979
146002	2.403377427e-05
146003	0.004380312689
146004	0.005797436345
146005	0.003200580934
146006	0.003623839311
146007	0.004203950427
146008	0.0001953832372
146009	0.004128413355
146010	0.0002702607222
146011	0.002710676673
146012	0.003903909534
146013	0.001750184529
146014	0.001530311469
146015	0.0001429149481
146016	0.004814151262
146017	0.001606921442
146018	0.005719251335
146019	0.000956812031
146020	0.003627122848
146021	0.002779809453
146022	0.0007041909011
146023	0.006138083015
146024	0.001487173791
146025	0.001879045926
146026	0.0007077863955
146027	0.003735489367
146028	0.0009143988207
146029	0.002040385646
146030	0.005858183432
146031	0.004445525925
146032	0.003590000834
146033	0.001043215356
146034	0.003399395735
146035	0.002067427099
146036	0.003794436959
146037	0.0004227283526
146038	0.004307282466
146039	0.002569971496
146040	0.002562740145
146041	0.00226745319
146042	0.001600897239
146043	0.002127212429
146044	0.002068542406
146045	0.0005280869578
146046	0.004065901084
146047	0.001513153953
146048	0.004042135997
146049	0.004029165997
146050	0.002814718524
146051	0.002928342499
146052	0.002744105509
146053	0.001563339412
146054	0.001894150056
146055	0.0004890958592
146056	0.001074290258
146057	0.003804968744
146058	7.657200499e-05
146059	0.0005978622515
146060	0.002739680138
146061	0.0006653503418
146062	0.00420843206
146063	0.0005191301842
146064	0.001740373905
146065	0.001013090753
146066	0.002190751724
146067	0.003262816315
146068	0.0002842407856
146069	0.003985508215
146070	0.00442317025
146071	0.001893586442
146072	0.002691500056
146073	0.000467818204
146074	0.004714033933
146075	0.005330636681
146076	0.001288052025
146077	0.001045073767
146078	0.0006330838436
146079	0.0008364397482
146080	0.003436688917
146081	0.0009270509928
146082	0.00239951512
146083	0.000196334272
146084	0.002132912255
146085	0.001889706924
146086	0.00115297797
146087	0.003444489998
146088	8.727720086e-05
146089	0.003960845818
146090	0.0005903445528
146091	0.001523403474
146092	0.002926423508
146093	0.0020116565
146094	0.0006876516053
146095	0.002860812529
146096	0.005394105144
146097	0.003085790892
146098	0.003366407408
146099	0.005683638774
146100	0.0017276711
146101	0.004950660536
146102	0.0006564208886
146103	0.002533190545
146104	9.92138474e-05
146105	0.001642679002
146106	0.001603688535
146107	0.0003012719078
146108	0.003968632379
146109	0.0006952352872
146110	0.004584357011
146111	0.002203846207
146112	0.0007708075183
146113	0.002176961406
146114	0.003462476595
146115	0.003424024737
146116	0.0008621565985
146117	0.0009551819361
146118	0.002071459393
146119	0.0001226688567
146120	0.00274024938
146121	0.004140929052
146122	0.0005521216864
146123	0.001386252882
146124	0.001428654087
146125	0.002880839459
146126	0.0008439524016
146127	0.00298895116
146128	0.002461230484
146129	0.0009666720616
146130	0.0008516388525
146131	0.001735878736
146132	0.003957810791
146133	0.001226285201
146134	0.001962152649
146135	0.0009057975185
146136	0.001287966555
146137	0.001019116913
146138	0.00135500442
146139	0.001981134715
146140	0.002457652232
146141	0.004042070196
146142	0.002504958628
146143	0.0008677235606
146144	0.002443104704
146145	0.002702500501
146146	0.004384232334
146147	0.0005198905441
146148	0.0009219995914
146149	4.483532525e-05
146150	0.002479423114
146151	0.0009692953174
146152	0.0006270408639
146153	0.002448560929
146154	0.001806055156
146155	0.005248401703
146156	0.002496407948
146157	0.001997733737
146158	0.002006298321
146159	0.002880462897
146160	0.00276958333
146161	0.00213675749
146162	8.004988754e-05
146163	0.001573735836
146164	0.000953877598
146165	0.0003228094118
146166	0.00176219034
146167	0.001283394971
146168	0.0003602664217
146169	0.002763529016
146170	0.003128716915
146171	0.002837144154
146172	0.002878549987
146173	0.001523291097
146174	0.006396129349
146175	0.00548021685
146176	0.002620718296
146177	0.0001239694503
146178	0.002056337598
146179	0.001954941858
146180	0.003054177431
146181	0.004324868224
146182	0.002764559105
146183	0.003001443989
146184	0.003363945952
146185	0.002444350008
146186	0.002247925339
146187	0.003402614686
146188	0.002267514164
146189	0.00309257211
146190	0.001673161575
146191	0.0003318547804
146192	0.002442830237
146193	0.001516615291
146194	0.002797627315
146195	0.004139151521
146196	0.004905438645
146197	0.0003880132375
146198	0.00237785282
146199	0.00481112417
146200	0.006009184246
146201	0.0008133250135
146202	0.003539086196
146203	0.004256240735
146204	0.000918689696
146205	0.001533931425
146206	0.0007505611248
146207	0.002225947795
146208	0.002438236446
146209	0.0008518396909
146210	0.002603666547
146211	0.001015499546
146212	0.002364103186
146213	0.001726173275
146214	0.001325741692
146215	0.002135987855
146216	0.002140942489
146217	0.002948235229
146218	0.003567631163
146219	0.001172742216
146220	0.003652802623
146221	0.002521991746
146222	0.00206847991
146223	0.001270029445
146224	0.003059276968
146225	0.0007915160732
146226	0.001918537035
146227	0.001682151493
146228	0.0008293612932
146229	0.002592842606
146230	0.0002261331902
146231	0.002426352863
146232	0.002934758281
146233	0.005631824131
146234	8.874572166e-05
146235	0.0001910859806
146236	0.002213189022
146237	0.002494167426
146238	0.001831853512
146239	0.004057749169
146240	0.002398403599
146241	0.0008202412013
146242	0.00517953718
146243	0.001887027802
146244	0.002517664872
146245	0.001004117254
146246	0.001804168376
146247	0.002484167793
146248	0.003571830961
146249	0.001177602135
146250	0.003565912528
146251	0.003670572227
146252	0.001311133424
146253	0.00241991515
146254	0.004005932765
146255	0.002650224376
146256	0.00391026251
146257	0.002464068953
146258	0.002921712474
146259	0.004637832693
146260	0.0009173501363
146261	0.002882489987
146262	0.002015200838
146263	0.0001507909722
146264	0.001798550782
146265	0.001419498009
146266	0.00251535157
146267	0.002930818565
146268	0.005864498983
146269	0.00178075443
146270	0.002890872198
146271	0.001018075383
146272	0.00161399108
146273	0.002938630397
146274	0.003291281636
146275	0.001887823552
146276	0.000523873982
146277	0.00206056513
146278	0.001821323429
146279	0.004593313109
146280	0.003767030164
146281	0.001226922841
146282	0.001256004973
146283	0.001059483089
146284	0.003741545487
146285	0.003131286935
146286	0.004034427493
146287	0.002203542237
146288	0.004094573044
146289	0.0002058009003
146290	0.001862793703
146291	4.565568731e-05
146292	0.002412064651
146293	0.003309996895
146294	0.004694621579
146295	0.003783900109
146296	0.003374157601
146297	0.002774261214
146298	0.00264141826
146299	0.0005378037418
146300	0.00137672107
146301	0.004112609855
146302	0.003533365925
146303	0.001868931621
146304	0.002845569172
146305	0.005218563736
146306	0.0006185152482
146307	0.002683827653
146308	0.001451347305
146309	0.0007769949886
146310	0.001786439622
146311	0.0001922863502
146312	0.003812134732
146313	0.005430296188
146314	0.0008293209791
146315	0.00157981282
146316	0.008047709829
146317	0.003517071229
146318	0.003034865856
146319	0.001310118622
146320	0.00175270998
146321	2.61376841e-05
146322	0.00146181448
146323	0.00244214936
146324	0.001847887923
146325	0.0009165009718
146326	0.002055861621
146327	0.002603334449
146328	0.001568164321
146329	0.002226471385
146330	0.001907628355
146331	0.00194970641
146332	0.001838112875
146333	0.0002608174732
146334	0.00254976147
146335	0.001547103667
146336	0.0008859738965
146337	0.0009305080007
146338	0.0005324892819
146339	0.0005665291148
146340	0.0004437139659
146341	0.001501099548
146342	0.0002509939236
146343	5.669653148e-05
146344	0.0003861549048
146345	0.002481968126
146346	0.001867323135
146347	0.0009901098089
146348	0.003763819155
146349	0.004811020094
146350	0.000160929361
146351	0.003619131286
146352	0.001519508367
146353	0.003125350521
146354	0.0006272285923
146355	0.0003077773352
146356	0.0004685219899
146357	0.002357192781
146358	0.002397701155
146359	0.0008805569125
146360	2.276589174e-06
146361	0.0001836784602
146362	0.00147120114
146363	0.001318034844
146364	0.000461395997
146365	0.0001242109414
146366	9.307534722e-06
146367	0.0004915572872
146368	0.001226126043
146369	2.629394186e-05
146370	0.00320044754
146371	0.001734977781
146372	0.0005119050413
146373	0.0003757473402
146374	0.0004894634493
146375	2.892712687e-05
146376	0.0006443317918
146377	0.001866611836
146378	0.001427801081
146379	0.0009582965191
146380	0.000117280783
146381	0.0001816216039
146382	0.0007647500422
146383	0.0007382765924
146384	0.000398022662
146385	0.0005171523882
146386	0.001540222059
146387	0.002569294146
146388	0.001756931018
146389	0.000664691105
146390	0.0003397809636
146391	0.001921001448
146392	7.418080994e-05
146393	0.0004525013193
146394	0.00148551569
146395	0.0007841541832
146396	0.002116787462
146397	0.0007988760115
146398	0.000120854485
146399	0.001567785618
146400	0.0003188820937
146401	0.000192119913
146402	0.001490856294
146403	0.0006228437425
146404	0.002315391752
146405	0.0008665478565
146406	0.0003843497841
146407	0.0005396506713
146408	0.002753295333
146409	0.003348858121
146410	7.382426946e-05
146411	0.002568829235
146412	0.0001927617281
146413	0.0005336506469
146414	0.002741468562
146415	0.003496215003
146416	0.0009024380563
146417	0.00192479184
146418	0.0005384482167
146419	0.001469388348
146420	2.530609281e-05
146421	0.0002588913099
146422	0.0003857480276
146423	0.002479280567
146424	0.000220383734
146425	0.002057936167
146426	0.0002890744052
146427	0.0002384474537
146428	0.0002696792978
146429	0.003846059982
146430	0.002393638817
146431	0.0005528061509
146432	0.0001749499128
146433	0.000808557381
146434	0.0004797514325
146435	0.001342977334
146436	0.0001809844427
146437	0.002049943854
146438	0.0006251667551
146439	0.0007360051522
146440	0.0001403874616
146441	0.00107914196
146442	0.000461944955
146443	0.004183321114
146444	0.0004057679855
146445	0.001224639792
146446	0.0008201873502
146447	0.0007509737052
146448	0.00196178864
146449	0.003460952193
146450	0.0002149130687
146451	0.0006524732684
146452	0.0004999213618
146453	0.002127400782
146454	0.0002945392819
146455	0.0005390720596
146456	0.0007955841943
146457	0.000344827841
146458	0.002697950226
146459	3.819275139e-05
146460	0.0001877460179
146461	0.0003069877855
146462	0.000573680237
146463	0.002014593382
146464	0.003310864264
146465	0.000424838433
146466	0.002616795702
146467	0.0009208317499
146468	0.0002071955859
146469	2.896904951e-05
146470	0.002352068569
146471	0.0002722329694
146472	0.003325324941
146473	0.0001231028402
146474	0.00090494657
146475	0.0001116929414
146476	0.001229850205
146477	0.0006450189954
146478	0.0002509045946
146479	0.0005323451056
146480	0.0002333440082
146481	5.041587433e-05
146482	0.0001922412657
146483	2.624421343e-05
146484	0.00470442779
146485	1.495821472e-05
146486	0.0007022556341
146487	0.000259518536
146488	0.003055863755
146489	0.001708682119
146490	0.001161776371
146491	0.0001364248399
146492	0.001343279047
146493	0.004474669946
146494	0.000759918014
146495	0.0001905475366
146496	0.001624504983
146497	2.677408955e-05
146498	0.0013668166
146499	0.0005830243154
146500	0.0004525309246
146501	0.0005266431857
146502	0.001256260828
146503	8.085627837e-05
146504	0.0003337667873
146505	0.0003864255483
146506	0.001536280336
146507	0.0005292594696
146508	0.0002684647457
146509	0.0001442635061
146510	0.002289475489
146511	0.004520586431
146512	0.001594902518
146513	0.00304010878
146514	0.0005164867733
146515	6.988561887e-05
146516	5.102016651e-05
146517	0.0002367345318
146518	0.0004916695103
146519	0.0006854036851
146520	0.0003312986001
146521	0.0001903855682
146522	1.174888276e-05
146523	0.0006014092196
146524	0.0002990730182
146525	0.0003360965844
146526	0.0006063276381
146527	0.0008779472348
146528	0.0004586258002
146529	0.0003354827102
146530	0.001276606754
146531	0.0001859866038
146532	0.004937617321
146533	0.0005738637776
146534	0.003303113091
146535	0.0009612407375
146536	0.0004720727791
146537	0.0007948797672
146538	0.0001548396388
146539	0.0004494898866
146540	0.002684997857
146541	0.0001040295907
146542	0.00243442935
146543	0.0005383468238
146544	0.0002003109117
146545	0.001062750179
146546	0.001972486862
146547	0.00193073745
146548	7.986543477e-05
146549	0.005158836681
146550	0.00174191461
146551	0.0002595098928
146552	2.51530998e-05
146553	0.0006025483311
146554	0.0005960711906
146555	0.00142372686
146556	0.00355052653
146557	0.0006977881489
146558	0.0001300266055
146559	0.0008451994953
146560	0.0003427143664
146561	5.606793821e-05
146562	0.0003658020629
146563	0.0002993185542
146564	0.0003150673756
146565	0.002414298798
146566	0.001061845624
146567	0.000689527895
146568	0.00349182879
146569	0.001800057136
146570	0.0004412133545
146571	0.002239636817
146572	8.356632405e-05
146573	0.001592003501
146574	0.0002106137665
146575	0.0007353485549
146576	0.0004070172563
146577	0.001010033844
146578	0.0002272333064
146579	0.000497101259
146580	0.0005913088834
146581	0.0002929237865
146582	0.0004098335112
146583	0.0003738330046
146584	0.0003303907925
146585	0.0001101135569
146586	0.0048274955
146587	0.002545842572
146588	0.001224068002
146589	0.0002589820211
146590	0.0001292260283
146591	0.0006513799713
146592	0.003443158903
146593	0.00143934065
146594	5.521200073e-06
146595	0.0005207018576
146596	0.0004874331019
146597	0.0002300525196
146598	0.001367009959
146599	0.0009176455736
146600	0.001718483934
146601	0.0002382489385
146602	0.0002078275199
146603	0.0005549252281
146604	0.0003328713594
146605	0.001123654268
146606	0.0006240908636
146607	0.001431456659
146608	0.0001794938631
146609	0.0002847325774
146610	2.186470341e-05
146611	0.001448710668
146612	0.0003189606719
146613	2.90690318e-05
146614	0.00194824307
146615	0.001141071587
146616	0.001342244825
146617	0.001643241601
146618	0.0001924702894
146619	0.0002035250791
146620	0.002026786127
146621	0.000904134762
146622	0.0005960613979
146623	0.0005787408323
146624	0.004514268535
146625	0.0003311158052
146626	2.524917902e-05
146627	0.001812468617
146628	7.043166729e-05
146629	0.001394788129
146630	9.437115979e-05
146631	0.00331610584
146632	0.001086652571
146633	0.0004900985678
146634	0.001260399897
146635	0.0001959703279
146636	6.965360206e-05
146637	0.0008969756848
146638	0.0007783000585
146639	1.891303848e-05
146640	0.0005641606611
146641	0.0002976640619
146642	0.000393013135
146643	0.003279273635
146644	0.0003465002074
146645	0.0002145574086
146646	0.0006062110083
146647	0.0007492528086
146648	0.0003290241532
146649	0.0002444822836
146650	0.00242693056
146651	0.0003286524735
146652	0.001327505979
146653	0.001034586518
146654	0.000550729244
146655	0.001771585088
146656	0.0009628379478
146657	0.001711936062
146658	0.0006449700393
146659	0.0004710833281
146660	0.0009556796556
146661	0.0002377878044
146662	0.0001611003805
146663	0.001011727695
146664	0.0004192648852
146665	0.003750189506
146666	0.0002611478497
146667	0.003307202253
146668	3.051374096e-05
146669	0.002270437092
146670	0.0007097761093
146671	0.002260641137
146672	0.0008107885103
146673	0.0001891420261
146674	0.0004481109764
146675	0.003819388177
146676	0.0009306515035
146677	0.0001822862563
146678	0.0002177303312
146679	0.00172487621
146680	0.001656613474
146681	0.0009145605549
146682	0.000409566464
146683	0.0007070623555
146684	0.001340890132
146685	0.0001857253709
146686	0.001338449073
146687	0.0005560543475
146688	2.016451787e-07
146689	0.001701384431
146690	0.001261339316
146691	0.002149631432
146692	0.0003551558169
146693	0.002006960428
146694	0.0003535214768
146695	0.0001769779153
146696	0.0004215516063
146697	0.001066526431
146698	0.0005463311944
146699	0.0006356938056
146700	0.0006552552118
146701	0.0001992596778
146702	0.0009529670241
146703	0.001144986796
146704	0.0004049524341
146705	0.002926228102
146706	0.0001118281395
146707	6.53663407e-05
146708	0.002308896408
146709	0.002251171437
146710	0.002268927774
146711	0.0002155508785
146712	0.0004939697228
146713	0.0001412412657
146714	0.0008355086747
146715	0.001596977128
146716	0.0001409525477
146717	0.003625229278
146718	0.001842512085
146719	3.33600451e-06
146720	0.001071205602
146721	0.0008476113469
146722	0.0002367455112
146723	0.003728453169
146724	0.0008327238252
146725	7.367211792e-05
146726	0.0002319188895
146727	0.0004540437655
146728	0.0009472804721
146729	0.002621627111
146730	0.0001731390473
146731	0.0003910002819
146732	0.0001857051044
146733	0.0001653049776
146734	6.47063872e-05
146735	0.0007009043072
146736	0.001265134472
146737	0.0005583163221
146738	0.0004313319855
146739	9.207485683e-05
146740	0.00105153037
146741	0.0001355512307
146742	0.004024061778
146743	0.000492120701
146744	0.000107034105
146745	0.004096419859
146746	0.0003545292785
146747	0.0002354176373
146748	0.0007877815189
146749	0.0007611734238
146750	0.001310392097
146751	0.0002641345184
146752	0.0009471437541
146753	1.433697287e-05
146754	0.001208330333
146755	0.0009998619518
146756	0.0002143944667
146757	0.003514593916
146758	0.001749277058
146759	0.001102310246
146760	0.0001040312735
146761	0.0003232113617
146762	0.0006314172008
146763	0.0009784778466
146764	0.0003108562259
146765	0.0007340614448
146766	0.001970031855
146767	0.005340316346
146768	0.001249614722
146769	6.989853852e-05
146770	0.0008837326353
146771	0.0001427044269
146772	0.0008723844189
146773	0.00252864912
146774	0.001451142558
146775	0.0005170606608
146776	0.0002494214429
146777	0.000259732923
146778	0.0002518121524
146779	0.001476593827
146780	0.003235891649
146781	0.0004718528345
146782	0.0003610696705
146783	0.0003394084316
146784	0.005272818858
146785	0.000393064556
146786	0.001269025764
146787	0.0003236311924
146788	0.0002558155521
146789	0.0008910251088
146790	0.000918129004
146791	0.0005914653927
146792	0.0004571632025
146793	0.002188138061
146794	0.0001790200154
146795	0.001694967632
146796	0.0001328528108
146797	0.0007104433182
146798	0.0002153693178
146799	0.0002549660553
146800	0.00111576856
146801	0.0001863740616
146802	0.0002359248079
146803	0.0009473823846
146804	0.00130266578
146805	0.0006354853241
146806	0.0006061385453
146807	0.0008573590369
146808	0.0008757793355
146809	0.00118037386
146810	0.0005059718653
146811	0.0001263013349
146812	0.0005100512932
146813	0.001700137502
146814	0.0002226057074
146815	4.690655123e-05
146816	0.001218557051
146817	0.001816400018
146818	0.0006307022354
146819	0.0007166570868
146820	0.002664408516
146821	0.0008477994389
146822	0.0001695856461
146823	0.0002326386528
146824	0.006081509519
146825	0.0009088411813
146826	0.0003696708832
146827	0.000250086905
146828	0.002873626419
146829	0.0001644683544
146830	0.000988009582
146831	0.002119432363
146832	0.002301074622
146833	0.0002190154502
146834	4.187011499e-05
146835	0.002758250081
146836	0.001039469456
146837	0.000304543264
146838	0.001068035635
146839	0.0001706106392
146840	0.0004598508006
146841	0.0004923159897
146842	0.001861157675
146843	0.00151780158
146844	0.0006439214231
146845	0.000346302628
146846	7.33786895e-05
146847	0.001078967559
146848	0.0008257582722
146849	0.001130986435
146850	0.003475991678
146851	0.0001664045777
146852	0.0002449021474
146853	0.001723402044
146854	0.001450570771
146855	0.001320058786
146856	0.0003599947088
146857	0.001425716892
146858	0.0004415432841
146859	9.875683805e-06
146860	0.001014175139
146861	0.0001173699366
146862	0.0005158653865
146863	6.297883041e-05
146864	0.0003351816238
146865	0.0001185650958
146866	0.002198396586
146867	3.098669364e-05
146868	0.0007303071396
146869	0.001089239742
146870	0.0006344720098
146871	0.0007652558396
146872	2.473148828e-05
146873	8.6782825e-05
146874	0.0006599375377
146875	0.001456178143
146876	0.001740033794
146877	0.0003286412786
146878	0.0008011846056
146879	0.0006002564904
146880	0.0001375103326
146881	0.0009644089863
146882	0.001937848606
146883	0.0003073156068
146884	0.001428560431
146885	0.0002023870208
146886	0.0001543697815
146887	0.000654347251
146888	0.0003640768028
146889	0.0006781522696
146890	0.0004511449253
146891	0.002693113376
146892	0.0007930133768
146893	0.0003540226739
146894	0.001734659021
146895	0.0007034791737
146896	8.630479067e-05
146897	0.0001752892442
146898	0.001074210315
146899	0.0003418084838
146900	0.002221687387
146901	0.0005345635495
146902	0.0008303281064
146903	4.296213544e-05
146904	0.001838437095
146905	0.00250173625
146906	6.150125032e-05
146907	0.0006254644359
146908	0.001069891874
146909	0.0003263270183
146910	0.005212740247
146911	0.0001849332713
146912	0.003203300298
146913	0.0004918495632
146914	7.628783402e-05
146915	0.0003085718272
146916	0.0003330703845
146917	0.001432772486
146918	0.0006381211806
146919	0.0005765225373
146920	7.210544355e-05
146921	0.001462300373
146922	0.0005824329129
146923	0.005228833258
146924	0.0002079641936
146925	6.496008067e-05
146926	0.0006208094055
146927	0.0003911178209
146928	0.001771815135
146929	0.001593784096
146930	0.00138703671
146931	0.0002444119712
146932	0.0007281371764
146933	0.001013914143
146934	0.001123721191
146935	3.564248647e-05
146936	0.001389273197
146937	0.0001734075748
146938	0.001404060147
146939	0.0008488079913
146940	0.0002054030257
146941	0.00168549333
146942	0.001441536674
146943	0.0003943297804
146944	0.002122003127
146945	0.0002554081764
146946	0.0009788159339
146947	0.0004016735436
146948	0.0003919548335
146949	0.0002560021302
146950	0.0008199801301
146951	0.001799129346
146952	0.0006217398673
146953	0.00086294018
146954	0.0004936886363
146955	0.001483913607
146956	0.0001170587545
146957	0.000504723096
146958	0.004655901162
146959	0.0002241629344
146960	0.0001170457082
146961	0.00171166347
146962	0.003155190884
146963	9.836104595e-05
146964	0.001893748591
146965	0.001159816348
146966	0.0009000230281
146967	0.0002734208208
146968	0.0002417457401
146969	0.0004425926976
146970	0.0007149725113
146971	0.002463027329
146972	0.000694617263
146973	0.0001117293765
146974	0.0007100199466
146975	0.00289564824
146976	0.001336317391
146977	0.0003141602842
146978	0.0004742097923
146979	0.001262493844
146980	0.0001662502912
146981	0.001152206787
146982	0.004988305674
146983	0.003390119667
146984	0.001593209551
146985	0.0002422317871
146986	0.0008153261758
146987	0.00012026966
146988	0.001394143271
146989	0.0006962344597
146990	0.002425057666
146991	0.001358930796
146992	0.00150094713
146993	0.001153302074
146994	0.002325574249
146995	0.002612394288
146996	0.0009401236464
146997	0.0007212771928
146998	0.003058177711
146999	0.001569851186
147000	0.0007868426708
147001	0.001850470914
147002	0.0009646711501
147003	0.002450324416
147004	0.002879939472
147005	0.0008173835823
147006	0.0005180083857
147007	0.002084723931
147008	0.00107514336
147009	0.0008797444985
147010	0.0005668012677
147011	0.003962742428
147012	0.0008324179965
147013	0.001372806373
147014	0.0006895568266
147015	0.000636991047
147016	0.001308757506
147017	0.001774496634
147018	0.0005837159844
147019	0.001035216689
147020	0.001040135578
147021	0.00177007629
147022	0.001018482411
147023	0.002852135167
147024	0.0006296318122
147025	0.0004995203537
147026	0.001332453789
147027	0.002562053147
147028	0.002462508634
147029	0.0008150459555
147030	0.0006169168352
147031	0.003100919383
147032	0.0008459435461
147033	0.0002562932897
147034	0.0008550463552
147035	0.001475501919
147036	0.003336186577
147037	0.001173366067
147038	0.0008469455703
147039	0.002678925657
147040	0.0005698497152
147041	0.001476919345
147042	0.0006638607304
147043	0.001173375065
147044	0.001342222205
147045	0.001441111399
147046	0.0006093148881
147047	0.001532160663
147048	0.0028260493
147049	0.002670033473
147050	0.00104504803
147051	0.0009234605586
147052	0.001698132084
147053	0.0008886351904
147054	0.0002205538921
147055	0.003305229043
147056	0.003007717597
147057	0.0005253685785
147058	0.0008468534798
147059	5.343907109e-05
147060	0.000505357324
147061	0.002671410735
147062	5.525212575e-06
147063	0.001390868811
147064	0.00270255841
147065	0.0003639803917
147066	1.257437653e-05
147067	0.002067812701
147068	0.001328552186
147069	0.0006068066008
147070	0.002981169172
147071	0.001295610609
147072	0.0004296628102
147073	0.00157066746
147074	0.0003528126551
147075	0.0003677003806
147076	0.0009135375066
147077	0.002895044864
147078	0.001826812323
147079	0.001589582438
147080	0.000701022437
147081	6.374674197e-05
147082	0.00103906159
147083	0.0004173837512
147084	0.001782354467
147085	0.003208105621
147086	0.003791830614
147087	0.003699181485
147088	0.0014099191
147089	0.0003277687411
147090	0.001958227888
147091	0.0006073693873
147092	0.00196768864
147093	0.0008353055196
147094	0.005473411298
147095	0.0002370070694
147096	0.0017021275
147097	0.0005659942918
147098	0.0006366346863
147099	0.001171555352
147100	0.0002678959328
147101	0.0002001693222
147102	0.0006181964553
147103	0.001951041249
147104	0.001861946229
147105	0.003280376591
147106	0.0005594167433
147107	0.0002517603212
147108	9.035977835e-05
147109	0.0005357490383
147110	0.0004375776622
147111	0.006434895114
147112	8.432302247e-05
147113	0.000691120162
147114	0.0003446989266
147115	0.002274073506
147116	0.000768152639
147117	0.001985332745
147118	0.001434456612
147119	0.002146849538
147120	0.001660543814
147121	0.001786796564
147122	0.0004391681043
147123	0.002170387682
147124	0.00082576637
147125	0.001181181071
147126	0.001028960991
147127	0.00618085485
147128	0.001452198488
147129	0.0005327273584
147130	0.004097105916
147131	0.0003264001984
147132	0.000237268325
147133	0.0006470472461
147134	0.000903224687
147135	0.0005984490886
147136	0.0005932918813
147137	0.0006715145472
147138	0.00438372736
147139	0.001720216218
147140	0.001141606735
147141	9.789043694e-05
147142	0.004056829976
147143	0.003018889504
147144	0.001390324643
147145	0.001960741801
147146	0.001169439284
147147	0.006408861581
147148	0.0009148245846
147149	0.001695839097
147150	0.002088611016
147151	0.0006001831156
147152	0.001247542947
147153	0.001197833832
147154	0.002519076301
147155	0.0005391763903
147156	0.0007704237903
147157	0.005351076841
147158	0.001541272168
147159	0.0002119024965
147160	0.002270014878
147161	0.007594549214
147162	0.0005893207771
147163	0.001695423268
147164	0.003680116826
147165	0.001165421452
147166	2.729110947e-07
147167	0.002136677955
147168	0.001403617579
147169	0.001707744411
147170	0.002893833145
147171	0.00104745925
147172	0.001131582014
147173	0.001339249322
147174	1.450366428e-06
147175	0.0007704166706
147176	0.00126113971
147177	0.001647494453
147178	0.001452633136
147179	0.002426159758
147180	0.001075957267
147181	0.001911856182
147182	0.0008107366385
147183	0.003996903913
147184	0.001005143946
147185	0.007032213368
147186	0.004545530064
147187	0.0009415199546
147188	0.006060551707
147189	0.0006075161038
147190	0.00561624692
147191	0.001213209442
147192	0.0007178983852
147193	0.001548104854
147194	0.001956263049
147195	0.005425732254
147196	0.002401646571
147197	0.001110286113
147198	0.0004323426286
147199	0.001093757882
147200	0.0007287410448
147201	0.002676911529
147202	0.004810271854
147203	0.001465090515
147204	0.002186809055
147205	0.001259722101
147206	0.006560581717
147207	0.001253288844
147208	0.003175822792
147209	0.001604640808
147210	0.001151973525
147211	0.003104683591
147212	0.0006263325128
147213	0.0005932729218
147214	6.515390766e-06
147215	0.0005854338884
147216	0.000992543465
147217	0.001028840908
147218	0.001630327469
147219	0.0003106397635
147220	0.00308409827
147221	0.001041641876
147222	0.002562289585
147223	0.003935424369
147224	0.004142582015
147225	0.0019200741
147226	0.0001866781347
147227	0.002452132839
147228	0.001752191883
147229	0.001476913279
147230	0.001718985088
147231	0.001155533372
147232	0.0006136944107
147233	0.000937004404
147234	0.002813046352
147235	0.001803946896
147236	7.858979428e-05
147237	0.001452676079
147238	0.001661744012
147239	0.004311538629
147240	0.001604392623
147241	0.003681743805
147242	0.0002258436167
147243	0.001234853168
147244	0.001633195117
147245	0.000170527825
147246	0.003854008428
147247	0.001610214769
147248	0.001187983827
147249	0.004321668693
147250	0.004275713023
147251	0.001087020921
147252	0.0001711722093
147253	0.001173824765
147254	0.001723715676
147255	0.005130470763
147256	0.001744867969
147257	0.002142673524
147258	0.002065969332
147259	0.002034552993
147260	0.001014705848
147261	0.0004589087836
147262	0.004097501951
147263	0.004459986917
147264	0.00456908188
147265	0.002265699624
147266	0.002342432776
147267	0.001098969656
147268	0.002068017487
147269	0.005126432569
147270	0.001481534874
147271	0.0005345369017
147272	0.0006223162117
147273	0.001677412614
147274	0.0003756483514
147275	0.006673399729
147276	0.001316419934
147277	0.0003792305096
147278	0.003824339085
147279	0.001196089645
147280	0.005088949917
147281	0.002787780514
147282	0.0001415430028
147283	0.0005287112327
147284	0.005169516822
147285	0.0002883212046
147286	0.002196040973
147287	0.0005182488987
147288	0.003226171896
147289	0.0004417036886
147290	0.0001890580252
147291	0.0007160674608
147292	0.00289913142
147293	0.002126103723
147294	0.00264133449
147295	0.005090507462
147296	0.0001520555143
147297	0.0001391075686
147298	0.002404304956
147299	0.004891168525
147300	0.0009124761486
147301	0.003055215451
147302	3.196610662e-05
147303	0.0006802749037
147304	0.0003135243227
147305	0.002549816046
147306	0.003621992265
147307	0.001732389704
147308	0.00148951381
147309	0.004304749959
147310	0.001153650328
147311	0.001332775895
147312	0.003554375963
147313	0.001259070367
147314	0.001202263585
147315	0.004244061708
147316	0.00176031037
147317	0.006195922895
147318	0.002000379127
147319	0.001542674634
147320	0.001561026177
147321	0.001241061292
147322	0.00126594337
147323	0.003767856147
147324	0.004151701495
147325	0.001717631262
147326	0.003949939771
147327	0.00091631525
147328	0.001465721878
147329	0.0004568984718
147330	0.002774578077
147331	0.002069869526
147332	0.002433113446
147333	0.002602112227
147334	0.004537715029
147335	0.0004983447544
147336	0.001430743684
147337	0.002512563611
147338	0.002986836713
147339	0.003403404672
147340	0.001554569106
147341	0.001240424561
147342	0.001224998377
147343	0.00210945311
147344	0.002436719384
147345	0.003637545124
147346	0.001058074171
147347	0.002324191431
147348	0.0006926499263
147349	0.0008508991769
147350	0.005419661864
147351	0.0008066165467
147352	0.0003428610501
147353	0.004108985054
147354	0.003778899806
147355	0.007809295909
147356	0.0004031511271
147357	0.004336937145
147358	0.0003572069334
147359	0.002807925458
147360	7.944780885e-05
147361	0.002096467668
147362	0.002162159879
147363	0.001135962541
147364	0.001214888577
147365	0.001869102119
147366	0.004987993378
147367	0.0002114333431
147368	0.005309574402
147369	0.003141063187
147370	0.002661518502
147371	0.0004220979005
147372	9.882988064e-06
147373	0.00026393923
147374	0.004041760457
147375	0.004684343947
147376	4.156333604e-05
147377	0.001196255901
147378	0.004164373658
147379	0.00158617036
147380	0.0005955211791
147381	0.001390887634
147382	0.002281203011
147383	0.00304335914
147384	0.0008988834294
147385	0.0004745784315
147386	0.005749203066
147387	0.001310153124
147388	0.001233961073
147389	0.0001176106475
147390	0.002540593636
147391	0.002580056639
147392	0.002658877807
147393	0.00228989326
147394	0.001117953573
147395	0.00134173955
147396	0.0006358671328
147397	0.0007639189538
147398	0.004564280556
147399	0.001328976987
147400	0.001441517758
147401	0.001183184301
147402	0.001669361594
147403	0.003947449899
147404	0.001655817554
147405	0.002718790479
147406	0.0007399471111
147407	0.004550582754
147408	0.002751945558
147409	0.003238952475
147410	0.002533418898
147411	0.004243836418
147412	0.0006555238147
147413	0.0007402798725
147414	0.003511682857
147415	0.003499335753
147416	0.0008170908696
147417	0.004053637662
147418	0.001553417635
147419	0.003270684141
147420	5.834179646e-05
147421	0.0008700720314
147422	0.000831210985
147423	0.0004387031212
147424	0.001186952937
147425	0.0006172668986
147426	6.579851388e-05
147427	0.0004679146806
147428	0.0032120079
147429	0.001851773215
147430	0.002398532658
147431	0.0007622344557
147432	0.002936048698
147433	0.0009011867207
147434	0.0008689635577
147435	0.0003011548469
147436	0.001771148733
147437	0.002567032517
147438	0.001762291112
147439	0.001094038158
147440	0.005160297196
147441	0.0006007777274
147442	0.0004199218981
147443	0.002166358678
147444	0.0006261398112
147445	0.0008191516859
147446	0.003496716469
147447	0.002078339124
147448	0.001175401321
147449	0.0007569596336
147450	0.0004741736475
147451	0.000233977352
147452	0.001002043668
147453	0.0008580031233
147454	0.004848221186
147455	4.775413386e-05
147456	0.00200393519
147457	0.0005835482801
147458	0.002713306722
147459	0.003837068064
147460	0.003504392461
147461	0.0008425561708
147462	0.00326132076
147463	0.01023274474
147464	0.003967415106
147465	0.0004297906759
147466	0.0003214644833
147467	0.0008836359685
147468	0.001831640716
147469	0.002678846516
147470	0.002354968505
147471	0.002165325758
147472	0.0005161427968
147473	0.0009673501025
147474	0.000409840587
147475	0.001219966245
147476	0.004068556924
147477	0.00422006195
147478	0.0005791620741
147479	0.0003211344103
147480	0.0002484094662
147481	3.247529161e-05
147482	0.0002354442228
147483	0.002788214368
147484	0.0008269409515
147485	0.000338464987
147486	0.002799818744
147487	0.0005587739114
147488	0.002187758261
147489	0.0005678743633
147490	2.434074167e-05
147491	0.001495551852
147492	0.001736077765
147493	0.001585203874
147494	0.00197300283
147495	0.0005319812215
147496	0.0002181894738
147497	0.007560963069
147498	0.003754602088
147499	0.001573074787
147500	0.00496472332
147501	6.115027259e-05
147502	0.002622636448
147503	0.00123704866
147504	0.001861000052
147505	0.0001718229204
147506	0.003254397216
147507	0.0009343763219
147508	0.003474538949
147509	0.002324683916
147510	0.0001494948368
147511	0.001927744366
147512	0.0004155238059
147513	0.00169324031
147514	0.002478856147
147515	0.000726201839
147516	0.0001830755912
147517	0.0006248142682
147518	0.0008219052396
147519	0.0001555105481
147520	0.00376124118
147521	0.002679191706
147522	0.001299463088
147523	0.0001722826308
147524	0.004443137264
147525	0.002614530071
147526	0.001016049318
147527	0.002312982092
147528	0.003242536472
147529	0.0001765676953
147530	0.001111005737
147531	0.000225071565
147532	0.001661350405
147533	0.003093364491
147534	0.0006255399197
147535	0.007051625324
147536	0.006816870824
147537	0.0002104356395
147538	0.001347063238
147539	0.0002816009889
147540	0.0003175135533
147541	6.627763671e-05
147542	0.001517351121
147543	0.001896048323
147544	0.003535018251
147545	0.002127128445
147546	0.002866524936
147547	0.0005517642367
147548	0.0008176929544
147549	0.0002361000589
147550	0.001932447275
147551	0.001629333945
147552	0.0005822436708
147553	0.002920333189
147554	0.003077781619
147555	0.0004439317769
147556	9.180192708e-05
147557	0.001311845396
147558	0.001129047993
147559	0.00480774962
147560	0.0006822109467
147561	0.0002220019382
147562	0.005383887059
147563	0.001783010588
147564	0.002127302749
147565	0.0008896571951
147566	0.0007574859659
147567	0.000807928707
147568	0.0002277832603
147569	0.004230592087
147570	0.002444687481
147571	0.0002599004289
147572	0.0008173661133
147573	0.00539786987
147574	0.001737480412
147575	0.0001611200647
147576	0.000678294252
147577	0.0005855070498
147578	0.0006257639906
147579	0.0007190163351
147580	0.0007872919237
147581	0.002341159858
147582	0.0007566863989
147583	0.003944612183
147584	0.001912515698
147585	0.0005999502716
147586	0.001721125078
147587	0.0004672648868
147588	0.0001770138725
147589	0.002684907854
147590	0.001432011545
147591	0.001595119411
147592	0.001000707454
147593	0.001850907812
147594	8.377728541e-05
147595	0.003322818332
147596	0.001133510319
147597	0.001226471896
147598	0.0008411339469
147599	0.0002171091323
147600	0.0008865206936
147601	0.002731669023
147602	0.001375910841
147603	0.002417153661
147604	0.003402580757
147605	0.0005252448418
147606	0.0008137038163
147607	4.616716154e-05
147608	0.0005665126073
147609	0.001237873262
147610	0.001705482641
147611	0.003034515483
147612	0.001770897781
147613	0.000383087805
147614	0.0002821015566
147615	0.004697755086
147616	0.0001415540383
147617	0.000994560519
147618	0.0003567859194
147619	0.00239508347
147620	0.0005373421202
147621	0.001965586771
147622	0.000140127845
147623	0.0009924357629
147624	0.0004265969154
147625	0.002593268332
147626	0.001403530517
147627	0.0007136776489
147628	0.002934340319
147629	0.003024188582
147630	0.002337772322
147631	0.00151213474
147632	0.0007492553838
147633	0.001176106807
147634	0.003233668176
147635	0.002062478571
147636	0.0001936324852
147637	0.001034674415
147638	0.003026875605
147639	0.0004841016455
147640	0.000663255785
147641	0.003797309039
147642	0.002207145642
147643	0.001018350578
147644	0.0001889637243
147645	0.0007730750725
147646	0.0002591451135
147647	0.001086840216
147648	0.001103137342
147649	0.004180838863
147650	0.002225305557
147651	0.002308578465
147652	0.002142621773
147653	0.0008310864616
147654	0.003281276675
147655	0.0001031785864
147656	0.002632780164
147657	0.00062253392
147658	0.0008512751682
147659	0.001016844296
147660	0.001757749631
147661	0.0001136252875
147662	0.003204420074
147663	0.004217025251
147664	0.0032759025
147665	0.0008671945125
147666	0.002451136544
147667	0.007151868552
147668	0.005811202983
147669	0.001463047345
147670	0.001321318478
147671	0.005053399508
147672	0.0009044250866
147673	0.003504627788
147674	0.001304405421
147675	0.002176767352
147676	0.0006515997679
147677	0.0004371488644
147678	0.004171342145
147679	0.002060755664
147680	0.001090768122
147681	0.002091487334
147682	0.0003713002935
147683	0.007071883129
147684	0.0002140319443
147685	0.0002995834347
147686	0.0001065861498
147687	0.001548530856
147688	0.0002328041591
147689	0.0007696065117
147690	0.001560143527
147691	0.0003568576733
147692	0.002116595227
147693	0.002094645239
147694	0.004189883707
147695	0.00533655296
147696	0.003087000219
147697	0.002897292239
147698	0.001039985505
147699	0.001231570905
147700	0.003971419187
147701	0.0008374450493
147702	0.0005394521264
147703	0.0006484023548
147704	0.00246126479
147705	0.001673919022
147706	0.003424278201
147707	0.002002954321
147708	0.00111246403
147709	0.003909297916
147710	0.000176230568
147711	0.0001485829042
147712	0.003318499584
147713	0.0008460703519
147714	0.002351834721
147715	0.0006306110602
147716	0.001550908051
147717	0.001552775639
147718	0.001405208063
147719	0.0008991063321
147720	0.0002374589786
147721	0.0004742753317
147722	0.002492087021
147723	0.003353821607
147724	0.001683865506
147725	0.0007904984634
147726	0.003059336802
147727	0.001410890712
147728	0.001656673023
147729	0.002530717067
147730	0.0007326132308
147731	0.002291972772
147732	0.003772580368
147733	0.001141805197
147734	0.001703368072
147735	0.002775764039
147736	0.002638412742
147737	0.000357434385
147738	0.0001409447723
147739	0.0006044009244
147740	0.004620238177
147741	0.0001052982339
147742	0.0008285744045
147743	0.0006192537249
147744	0.003722250881
147745	0.0003725096123
147746	0.002017365174
147747	0.001058225564
147748	0.0003355555361
147749	0.001685594928
147750	0.005793655367
147751	0.001084692636
147752	0.0001353505215
147753	0.001109660529
147754	0.001250373428
147755	0.001183498477
147756	0.0005462896386
147757	0.00109016335
147758	0.0001715818092
147759	0.001060913037
147760	4.361243986e-05
147761	0.0009897942538
147762	0.0014936751
147763	0.0003654121222
147764	0.001274778855
147765	0.00227135259
147766	0.0008503549326
147767	0.002768494148
147768	0.001599945245
147769	0.00050599961
147770	0.00127236599
147771	0.0005716274495
147772	0.001172954117
147773	0.000762293348
147774	0.001577641186
147775	0.0008249816318
147776	0.001953654289
147777	0.00613884275
147778	0.0002664441006
147779	0.0008700733548
147780	0.004669202151
147781	0.003194567376
147782	0.005978647832
147783	0.001475442252
147784	0.003980137977
147785	1.146307723e-05
147786	0.000122920015
147787	0.002404650952
147788	0.0002313271552
147789	0.003012735414
147790	0.0002502953366
147791	0.001467872709
147792	0.001947873512
147793	1.591209031e-05
147794	0.0004674168151
147795	0.001281526286
147796	0.0001891732346
147797	0.002444571783
147798	0.003523576791
147799	0.002435978348
147800	0.0001210497946
147801	0.003267429549
147802	0.001004717579
147803	0.001496500088
147804	0.001884384955
147805	0.0004454068606
147806	0.001547416319
147807	0.003942552336
147808	0.0002568493463
147809	0.003429710938
147810	0.002932568112
147811	0.004694532143
147812	0.001578093028
147813	0.001336824321
147814	0.0003969758121
147815	0.003124948302
147816	0.000310127593
147817	0.002290178752
147818	0.0001909927712
147819	0.002079025599
147820	0.0004929137714
147821	0.002349632315
147822	0.0001442538345
147823	0.003480505685
147824	0.003475975793
147825	0.0007143218054
147826	0.002021936497
147827	0.0009309699258
147828	0.002533572473
147829	0.0005921874066
147830	0.0002217279025
147831	0.002036797922
147832	0.001073640854
147833	0.00222368693
147834	0.0004430653697
147835	0.0006900654807
147836	0.002788440647
147837	9.196922492e-05
147838	0.002421836674
147839	0.0002585446467
147840	0.0006671629047
147841	0.0003385681221
147842	0.0005548402757
147843	0.0001461326713
147844	0.001012090288
147845	0.0002770967389
147846	0.003453807732
147847	0.001254555384
147848	0.002999143667
147849	0.002894117555
147850	0.003363585692
147851	0.0007054202975
147852	0.003224820193
147853	6.520939378e-05
147854	0.00338924121
147855	0.0003658024792
147856	0.0008246704799
147857	0.0001774410534
147858	0.0003410454923
147859	0.00565186753
147860	0.001751414014
147861	0.002984963479
147862	9.507161792e-05
147863	0.001922169734
147864	0.0005225858154
147865	0.0004572507977
147866	0.001205617074
147867	0.00372329283
147868	0.002229632701
147869	0.0004215361666
147870	0.001168548849
147871	0.001383714602
147872	8.041342701e-05
147873	0.003248195139
147874	0.004661447837
147875	0.003477458623
147876	0.003140116672
147877	0.001023634841
147878	0.0005070269272
147879	0.00021126987
147880	0.002734797177
147881	0.0008688726848
147882	0.0007726765819
147883	0.003116505313
147884	0.00199476089
147885	0.002860026538
147886	0.002122696298
147887	0.001993299911
147888	0.002278906916
147889	0.001916433499
147890	0.003962413434
147891	0.001006431548
147892	0.001313382333
147893	0.001542374276
147894	0.00170542281
147895	0.002512862955
147896	0.001351471218
147897	0.003070553349
147898	0.002062486234
147899	0.001656407233
147900	0.001079820148
147901	0.002685923491
147902	0.0004290092638
147903	0.0001650915588
147904	0.0002644659836
147905	0.0003915954787
147906	0.002180393995
147907	0.002076190644
147908	0.000314924439
147909	0.0004992864323
147910	0.00385284535
147911	0.0008132916319
147912	0.0006527901247
147913	0.00133460927
147914	0.000564082093
147915	0.0005211375367
147916	0.0006229318169
147917	0.00160074808
147918	0.001426474794
147919	0.006727256216
147920	0.001964731087
147921	0.001275532966
147922	0.002143080139
147923	0.0009773967424
147924	0.0006263416043
147925	0.003319759174
147926	0.003740771425
147927	0.00228711065
147928	0.001980219776
147929	0.001905449712
147930	0.0001139618306
147931	0.002725009922
147932	0.003082473833
147933	0.000663880916
147934	0.0013010885
147935	0.002151653048
147936	0.0005033081722
147937	1.910907738e-05
147938	0.004196341522
147939	0.001237695371
147940	0.0009745090118
147941	0.0001091221101
147942	0.000156532813
147943	0.001587679739
147944	0.0009162328009
147945	0.003430341053
147946	0.003039579559
147947	0.003369570031
147948	0.002770297279
147949	0.0003373738589
147950	0.001523383827
147951	0.0002554576745
147952	0.001806707932
147953	0.001239725999
147954	0.001012213138
147955	0.0006440188175
147956	0.0008522121689
147957	0.0009098422092
147958	0.00087538879
147959	0.001517750641
147960	0.003303859891
147961	0.001460951603
147962	0.001479058762
147963	0.002880323152
147964	0.00212912189
147965	0.003647462308
147966	0.0001637636846
147967	0.0001961450593
147968	0.001559036207
147969	0.002004539716
147970	0.002099675441
147971	0.0008390606549
147972	0.002593624401
147973	0.00292218069
147974	0.0002010388248
147975	0.003682754809
147976	0.001089711876
147977	0.0002915639997
147978	3.816123105e-05
147979	0.002988895875
147980	0.001794627735
147981	0.001866278595
147982	0.000574083574
147983	0.003141102077
147984	0.004377889369
147985	0.0001383052272
147986	0.0008283472643
147987	0.0006747693419
147988	0.001723605763
147989	0.003273162033
147990	0.001207553288
147991	0.0008152244544
147992	0.001248575663
147993	0.004157873283
147994	0.002485826466
147995	0.0002190898427
147996	0.0003308668194
147997	0.001033769388
147998	4.109714531e-05
147999	0.001655064088
148000	4.090850537e-07
148001	0.0005054164301
148002	0.0006826992514
148003	0.002048789756
148004	0.005551946228
148005	0.003232659191
148006	0.002111797045
148007	0.003059820807
148008	0.0001196013093
148009	0.003678534522
148010	0.001253825978
148011	0.002138631063
148012	0.001612854143
148013	0.003428337251
148014	0.0008045631227
148015	0.00129582559
148016	0.0004894355462
148017	0.001192485136
148018	0.002110785898
148019	0.0006159569093
148020	0.006617149439
148021	0.002165957092
148022	0.0001950420404
148023	0.001211596534
148024	0.005555108261
148025	0.0006566637104
148026	0.0005857300719
148027	0.001040558795
148028	0.003355988538
148029	0.003379716528
148030	0.0007070722789
148031	0.002287122227
148032	0.0008983081583
148033	0.002678492198
148034	0.000896473017
148035	0.001261453141
148036	0.003023777733
148037	0.0001561594379
148038	0.0007564210587
148039	0.0001700202865
148040	0.00132436381
148041	0.002539754933
148042	0.002416120731
148043	0.004534116497
148044	0.005399272782
148045	0.003274995203
148046	0.0001475296488
148047	0.0002459627541
148048	0.002445145232
148049	0.001989253117
148050	0.002354821582
148051	0.003701596212
148052	0.0008718359939
148053	0.002703932589
148054	0.001596528242
148055	0.0004130046716
148056	0.0004432528241
148057	0.0008930976346
148058	0.0002036501788
148059	0.001385613673
148060	6.669093902e-05
148061	0.0008175871108
148062	0.002138712074
148063	0.00119960193
148064	0.001879698683
148065	0.0001322652706
148066	0.0008539149551
148067	0.001533243493
148068	0.0002715622238
148069	0.006224781067
148070	0.0005653784193
148071	0.004804887761
148072	0.0001574386913
148073	0.003295470044
148074	5.498213288e-05
148075	0.000676867816
148076	0.003463192582
148077	0.004154775618
148078	0.005071497619
148079	0.001634822771
148080	0.001143526652
148081	0.0007502961763
148082	0.0009844601001
148083	1.991027772e-06
148084	2.685619963e-05
148085	0.004756173611
148086	0.001488737512
148087	0.002847376327
148088	0.006734717496
148089	0.003804689732
148090	0.003275623813
148091	0.00166740647
148092	0.001373864063
148093	0.0006180671028
148094	0.001944922116
148095	0.0001547332152
148096	0.005516843322
148097	0.0003400547032
148098	0.001144525927
148099	0.003525491835
148100	0.004625255783
148101	0.0005103801694
148102	0.0002328047077
148103	0.000817749914
148104	0.003231095126
148105	0.003730430314
148106	0.001646995746
148107	0.0002535625698
148108	0.001907337768
148109	0.001343007104
148110	0.001396342482
148111	0.001505135191
148112	6.260321019e-05
148113	0.0008205094344
148114	0.0007562818435
148115	0.001112802794
148116	0.0004566626926
148117	0.0005604796972
148118	9.629670356e-05
148119	0.002088900326
148120	0.00111564405
148121	5.98562211e-05
148122	0.0008146792195
148123	0.001396926012
148124	0.0006588634875
148125	0.007655769409
148126	0.001313472676
148127	0.005368292274
148128	2.616979018e-05
148129	0.0008047424009
148130	0.001074700564
148131	0.0004557611646
148132	0.0006477571366
148133	0.001658872605
148134	0.005567123047
148135	0.0001455946398
148136	0.0002715831158
148137	0.00039654958
148138	0.00138809892
148139	0.0009539085608
148140	0.0001304666518
148141	0.001103678379
148142	0.003135386359
148143	0.0009131881024
148144	0.006774476286
148145	0.00321605651
148146	0.003376930217
148147	6.416089786e-05
148148	0.001241145634
148149	0.0001992299899
148150	0.003050504411
148151	0.0004352877969
148152	0.0007367261922
148153	9.711918291e-05
148154	0.00494682139
148155	0.001218046527
148156	0.0007940625413
148157	0.002352200001
148158	0.0008110689772
148159	0.001423639009
148160	0.001504211387
148161	0.0003743606301
148162	0.002441423475
148163	0.002950753446
148164	0.003997628363
148165	0.0003859940044
148166	0.002229775793
148167	0.003757357567
148168	0.0002635058991
148169	0.002148384508
148170	0.003866505673
148171	0.0008811662075
148172	0.001081086064
148173	0.004554499915
148174	0.0003150027045
148175	0.002674075622
148176	0.002147393158
148177	9.812879038e-06
148178	0.00538694475
148179	0.002834694603
148180	0.001784530267
148181	0.001997224132
148182	0.003446891558
148183	0.001152198719
148184	0.00239118112
148185	3.938671231e-05
148186	0.00170418021
148187	0.0008922694847
148188	0.001569314022
148189	0.0004084591228
148190	0.002051663084
148191	0.0003805261248
148192	0.000294128067
148193	0.001709482382
148194	0.002437569425
148195	0.0008729266724
148196	0.002623490315
148197	0.002881016722
148198	0.00220551498
148199	0.002682734587
148200	0.003603535562
148201	0.001461558029
148202	0.001322961057
148203	0.000206489731
148204	0.0008710476885
148205	0.00428214828
148206	0.004705325267
148207	0.002599299697
148208	0.0002683867904
148209	0.003551834806
148210	0.005004489273
148211	0.0008587171095
148212	0.0006928838278
148213	0.003555758463
148214	0.001287823782
148215	0.0007283547401
148216	0.002386530136
148217	0.003632098441
148218	0.0001975913481
148219	0.001024709073
148220	0.000666489933
148221	0.0005520612986
148222	0.001944602918
148223	0.001445724613
148224	0.0008556292977
148225	0.0005770549547
148226	0.0001767869338
148227	0.0004769958229
148228	0.000329795775
148229	0.002733810709
148230	0.0008235319309
148231	0.001074883547
148232	4.384879558e-05
148233	0.002272310033
148234	0.001131050577
148235	0.00211222567
148236	0.0002981676559
148237	0.002702974551
148238	0.001144489149
148239	0.004504838515
148240	0.0007707850676
148241	0.0001936696298
148242	0.001499026725
148243	0.001315511436
148244	0.001578628429
148245	0.003239155944
148246	0.001027461065
148247	0.0005430844734
148248	0.003258931357
148249	5.981803118e-05
148250	0.001628847084
148251	0.001452632756
148252	0.001902766138
148253	0.001733577972
148254	0.001730473923
148255	0.0006631869671
148256	0.004054796481
148257	0.002095776923
148258	0.0001675348015
148259	0.0003005442722
148260	0.002425380908
148261	0.003524924569
148262	2.994117376e-05
148263	0.007499361427
148264	0.002334869402
148265	0.0008125731439
148266	0.001457803233
148267	0.001309180934
148268	0.0008105164434
148269	0.0001761969981
148270	0.001888420273
148271	0.003010046484
148272	0.001966049173
148273	0.0007957975958
148274	0.002424207581
148275	0.005920761075
148276	0.0005330076694
148277	0.0008989567851
148278	0.0008611830936
148279	0.002932594289
148280	0.0002665063285
148281	0.001306673982
148282	0.0007346391798
148283	0.0008004362409
148284	0.00121106402
148285	0.0001401255709
148286	0.002515970441
148287	0.001727397853
148288	0.002893353182
148289	0.0001841867209
148290	0.002442875748
148291	0.001407593633
148292	0.00432922363
148293	0.001715597259
148294	0.001063654715
148295	0.0006331909293
148296	0.0003166071167
148297	0.0004336045225
148298	0.0004402044219
148299	0.002971941862
148300	0.0029927868
148301	0.0004059237722
148302	0.0005329268049
148303	0.002280613931
148304	0.0003130375994
148305	0.0001043625974
148306	0.0003052068865
148307	0.002950982607
148308	0.000644462451
148309	0.002834122919
148310	0.002569504608
148311	0.001225776253
148312	0.001370941543
148313	0.0008696358348
148314	0.005141534386
148315	0.0006252071018
148316	0.0007675384316
148317	0.0001339978105
148318	0.001274773179
148319	0.001612451476
148320	0.0005614872918
148321	0.001091029605
148322	0.001383663173
148323	0.005452619516
148324	0.001560010695
148325	0.0004173183902
148326	0.002078399527
148327	0.0008313701395
148328	2.955836309e-05
148329	0.0004567597673
148330	0.0005308230425
148331	0.001733419991
148332	0.0008000670079
148333	0.002374188013
148334	0.002070916972
148335	0.00653487082
148336	0.0005111068951
148337	0.0004732655293
148338	1.2479743e-05
148339	0.001652069962
148340	0.000371195524
148341	0.003881453388
148342	0.00404082603
148343	0.003049753411
148344	0.0005298470018
148345	0.007104743625
148346	0.001671378169
148347	0.001131206803
148348	0.002964447885
148349	0.000474386701
148350	0.003401874023
148351	0.001780512322
148352	0.001234976079
148353	0.003098716819
148354	0.0002898794519
148355	0.001448826433
148356	0.005218773906
148357	5.788047573e-05
148358	3.194840789e-05
148359	0.002749180379
148360	0.0002740894634
148361	0.0008071886509
148362	0.002578335868
148363	0.0009100511255
148364	0.003511989734
148365	0.0001010560488
148366	0.001727439497
148367	0.003235122484
148368	0.001034061026
148369	0.001818032647
148370	0.0008804893288
148371	0.001573431616
148372	0.0009760117271
148373	0.003819952352
148374	0.002493238508
148375	0.0006694075042
148376	0.001174275827
148377	0.002014180236
148378	0.001079309316
148379	0.0002845552336
148380	3.700501019e-06
148381	0.0001892631862
148382	0.000231102673
148383	0.001941901222
148384	0.002005791518
148385	0.00164136222
148386	0.001565640889
148387	0.0001849148593
148388	0.0007604726371
148389	0.002635036943
148390	0.00607345457
148391	0.0007512650169
148392	0.001637526966
148393	0.0006617429867
148394	0.001860781134
148395	0.002111219541
148396	0.001828088155
148397	0.001194139265
148398	0.001441735944
148399	0.000393736179
148400	2.741756243e-05
148401	0.003954637126
148402	0.001035256386
148403	4.582907898e-05
148404	0.004644790647
148405	0.002575177555
148406	0.0008417344754
148407	1.79510721e-06
148408	0.004004265231
148409	0.0007367376201
148410	4.645378886e-05
148411	0.001921308114
148412	0.002321648563
148413	0.0009957609485
148414	0.0001244436709
148415	0.001836737823
148416	0.0005992650591
148417	0.001426834119
148418	0.00345670958
148419	7.280023771e-05
148420	0.001789856505
148421	0.002970650467
148422	0.0006995405018
148423	0.001239999418
148424	0.002773166585
148425	0.003582962824
148426	0.0007117304581
148427	0.002531477319
148428	0.0006742914416
148429	0.003068728549
148430	0.0008992398897
148431	0.0009244807901
148432	0.006171985777
148433	0.00128611469
148434	0.00295164201
148435	0.003185874423
148436	0.002389452339
148437	0.004599981773
148438	0.001349713833
148439	0.001137711302
148440	0.00430848801
148441	0.0005464663176
148442	0.0005803746644
148443	0.003621918969
148444	0.0005027271488
148445	0.00155681335
148446	0.000700685993
148447	0.0008602851065
148448	0.00480656954
148449	0.000212754049
148450	0.001806023174
148451	0.0009459917796
148452	0.0007241212582
148453	0.001117428539
148454	5.436681297e-05
148455	0.002418999879
148456	0.0002798091317
148457	0.0004212219628
148458	0.002385147425
148459	0.001070184753
148460	0.000993313475
148461	0.0006752031729
148462	0.004681645065
148463	0.001245010742
148464	0.0009646826008
148465	0.002526103428
148466	0.0002091628519
148467	0.002473750245
148468	0.0002987163698
148469	9.062421011e-05
148470	2.515081577e-05
148471	0.0009188221057
148472	0.0009726207572
148473	0.0001320346881
148474	0.001189128713
148475	0.0004546253606
148476	0.0009483817946
148477	0.005745915429
148478	0.0006297367762
148479	0.002840315188
148480	0.001405024207
148481	0.0006889795978
148482	0.002138759938
148483	0.001616234534
148484	5.21657791e-05
148485	0.001879104149
148486	0.001231693239
148487	0.001785509112
148488	0.0005295255034
148489	0.001078377216
148490	0.0005612600857
148491	0.001214280898
148492	0.003456295362
148493	0.003868152924
148494	0.0005540732045
148495	0.001528990487
148496	0.003769290093
148497	0.001063022165
148498	0.000308036897
148499	0.001800006888
148500	0.001406668473
148501	0.0003164167338
148502	0.0005097750594
148503	0.002090394069
148504	0.002940438848
148505	0.002352991011
148506	0.0005552773507
148507	0.000161235036
148508	0.0008109404815
148509	0.002968702162
148510	0.002629856189
148511	0.001772500541
148512	0.003727219042
148513	0.001317647782
148514	0.003781344667
148515	0.001661766095
148516	0.002090516325
148517	0.0002926326572
148518	0.003173087361
148519	0.002739232165
148520	0.003792452866
148521	0.0009817663389
148522	0.005602907514
148523	0.0002339875532
148524	0.0009300307332
148525	0.0005894101363
148526	0.00371774664
148527	0.00268934514
148528	0.001046908849
148529	0.0006311728034
148530	0.002141699398
148531	0.001582062778
148532	0.004583984516
148533	0.001126590416
148534	0.006495929798
148535	0.005019012781
148536	0.002146247512
148537	0.002707250041
148538	0.0003456381564
148539	0.005269719871
148540	0.000662776072
148541	0.0005528810839
148542	0.0001569323341
148543	0.002595404029
148544	0.0007509494155
148545	0.0004728015017
148546	4.355458198e-05
148547	0.0006899304015
148548	0.0003615008569
148549	0.001111639865
148550	0.0003945798194
148551	0.0001263360348
148552	0.001327663356
148553	0.003860492878
148554	0.002328956582
148555	0.0006769814265
148556	0.00115967027
148557	3.794601594e-05
148558	0.0005615302167
148559	0.003318358938
148560	0.0004933756568
148561	0.001581239591
148562	0.001686423977
148563	0.001234257782
148564	0.001608233874
148565	0.002933918066
148566	0.0005071421594
148567	0.002608978349
148568	0.001111606482
148569	0.005167236465
148570	0.001206402589
148571	0.002181608261
148572	0.001194911626
148573	0.00290266171
148574	0.0006568747683
148575	2.087669973e-05
148576	0.001255398588
148577	0.001320958892
148578	0.0003194437124
148579	0.0004477767771
148580	0.004899045738
148581	0.0003914653813
148582	0.00363182395
148583	0.001138139222
148584	0.0003673234257
148585	0.001020863001
148586	0.001327766421
148587	0.001566502527
148588	0.000351052309
148589	0.0008903008599
148590	0.00019421191
148591	0.001299388993
148592	0.002026573678
148593	0.0008621743047
148594	0.0001309282023
148595	0.001658043183
148596	2.384021226e-05
148597	0.0003008051092
148598	0.003218304545
148599	0.001335252202
148600	0.0005374452715
148601	0.001306574023
148602	0.001351678016
148603	0.001838534933
148604	0.0003272163257
148605	0.002223937273
148606	0.003346166013
148607	9.104953271e-05
148608	7.010293147e-05
148609	0.0005197782177
148610	0.001514026517
148611	0.0004614843959
148612	0.002784253413
148613	0.0002284528367
148614	0.001907910335
148615	0.001009786619
148616	0.002513414908
148617	0.006608484848
148618	0.002643365835
148619	0.004885414614
148620	0.001165139518
148621	0.0005910948063
148622	0.003232379644
148623	0.002104007266
148624	0.0004613424012
148625	0.004097485842
148626	0.0004817872408
148627	0.003541190022
148628	0.0003759710222
148629	0.005018111076
148630	0.004153394259
148631	0.003924633234
148632	0.0005345798645
148633	0.002407317041
148634	0.003540148782
148635	0.002942154548
148636	0.001240210254
148637	0.002008358666
148638	0.00427443223
148639	0.0008962802808
148640	0.0002311118108
148641	0.0008383376976
148642	0.0007597195334
148643	0.0004705104728
148644	0.0002096311579
148645	0.004159241406
148646	0.0005054324006
148647	0.002718872073
148648	0.0009532027369
148649	2.875523474e-05
148650	0.002073646008
148651	0.0007650313079
148652	0.0008578937774
148653	0.003222216714
148654	0.0006566629218
148655	0.0007285888572
148656	0.00111145733
148657	0.001794795305
148658	0.003649051202
148659	0.0001940092952
148660	0.0008141104074
148661	0.001190883934
148662	0.003857286119
148663	0.0009992099904
148664	0.0006122968809
148665	0.002886395565
148666	0.0001638122513
148667	0.0007367082163
148668	0.001088482233
148669	0.001669662832
148670	0.000597436115
148671	0.0006302527297
148672	0.0003561376312
148673	0.001293594113
148674	0.0003210032954
148675	0.001761960283
148676	0.000620588954
148677	0.002015485545
148678	0.003286628974
148679	0.001210206439
148680	0.001176987762
148681	0.003584183178
148682	0.003048310249
148683	0.0004332551561
148684	0.0008880896589
148685	0.0007042660316
148686	7.18858496e-05
148687	0.0004688371562
148688	0.001633826968
148689	0.004277072747
148690	0.001092990909
148691	0.002496456281
148692	0.007342475063
148693	0.002103948524
148694	0.002140729481
148695	0.001654984878
148696	0.002665244254
148697	0.002121577174
148698	1.44966805e-05
148699	0.000379085169
148700	7.903517079e-05
148701	0.002404124718
148702	0.001379679358
148703	0.002357625794
148704	7.478031359e-05
148705	0.001725331583
148706	0.0006548530251
148707	0.006946896146
148708	0.00138358597
148709	0.0008999507784
148710	0.001711115933
148711	0.0002160155794
148712	0.002977675299
148713	0.0005679282655
148714	0.005062106176
148715	0.003277965514
148716	0.001030137695
148717	6.608029127e-05
148718	0.004412758828
148719	0.0003372858756
148720	0.000608037555
148721	0.000527460395
148722	0.001527180156
148723	0.002633360223
148724	0.0007025220063
148725	0.001991851544
148726	0.003271466109
148727	0.0002194332039
148728	0.0006171707974
148729	0.001216036687
148730	0.001019745268
148731	0.003278925012
148732	0.005287487227
148733	0.001868173874
148734	0.001222193183
148735	0.0008392080879
148736	0.00142977203
148737	0.0008271555125
148738	0.002277071426
148739	0.0006644491549
148740	0.001856202179
148741	0.000629815041
148742	0.00102684883
148743	0.00143594843
148744	0.003431138203
148745	0.001529248815
148746	0.001709007886
148747	0.001675368112
148748	0.001072096725
148749	0.001013874653
148750	0.005361644748
148751	0.000593548111
148752	0.0004933776754
148753	0.001150691193
148754	0.001613044768
148755	0.0003951909187
148756	0.001294398791
148757	9.645288301e-05
148758	0.003132169253
148759	0.0001171423769
148760	0.0006491479213
148761	0.001392306928
148762	0.0007143238388
148763	0.0006531633011
148764	0.003357045237
148765	0.0006025731244
148766	0.0008866253522
148767	0.001334365848
148768	0.0007760804986
148769	0.003233028018
148770	0.0001893231784
148771	0.00252439778
148772	0.001839307879
148773	0.001217126271
148774	0.002865709959
148775	0.0005392588504
148776	0.001877771491
148777	0.002578128939
148778	0.0009545556027
148779	0.001538784786
148780	0.001725716744
148781	0.000432919831
148782	0.0006921239063
148783	0.001702132179
148784	0.0003505185361
148785	1.201709567e-05
148786	0.001936224141
148787	0.00167464815
148788	0.002475520288
148789	0.000227607752
148790	3.135305438e-05
148791	0.001363752588
148792	6.162578284e-05
148793	0.002786940736
148794	0.001880525633
148795	0.0002263568409
148796	0.003521665548
148797	0.0002435266505
148798	0.0007519933182
148799	0.001076956533
148800	0.002532248264
148801	0.006175212467
148802	0.0008759855254
148803	0.002334200854
148804	0.002290379325
148805	0.0003304110367
148806	0.003087450586
148807	2.267443646e-05
148808	0.005753116224
148809	0.001261093847
148810	0.0003685208528
148811	0.0005202229862
148812	0.0004230183162
148813	0.001895420696
148814	0.0006225548509
148815	0.001422935897
148816	0.0007806309608
148817	0.0005705837097
148818	0.0006351511129
148819	0.003462915103
148820	0.0004799612736
148821	0.001635836722
148822	0.004313914609
148823	0.002371750939
148824	0.0003049436892
148825	0.003006014354
148826	0.002157052341
148827	0.002628565203
148828	0.0001634667369
148829	4.803767342e-06
148830	0.001205554436
148831	0.0004395760413
148832	0.003892885549
148833	0.0003803773798
148834	0.001343186895
148835	0.0001244760426
148836	0.007878832035
148837	2.420649232e-05
148838	0.0003716180573
148839	0.002906288741
148840	0.000835167658
148841	0.003260284899
148842	0.004773048503
148843	0.003551445361
148844	0.0002619759355
148845	0.001250270953
148846	0.001875091471
148847	0.002220295635
148848	0.001474397573
148849	0.002631757135
148850	0.0005071942914
148851	7.778856463e-05
148852	0.0001480165639
148853	0.000107005434
148854	0.001156151094
148855	0.004431589696
148856	0.0009501463302
148857	0.002331353372
148858	0.0004345903248
148859	0.005041807122
148860	0.001616950437
148861	8.29386896e-06
148862	0.001866491577
148863	0.0004815505433
148864	0.003782729823
148865	5.06711643e-05
148866	0.001391846708
148867	0.002955182652
148868	0.002815409533
148869	0.003240261452
148870	0.002593355604
148871	0.0006976527518
148872	0.0007966015878
148873	0.002126043367
148874	0.003198770482
148875	0.0003049674855
148876	0.001402330571
148877	0.0002031421306
148878	0.0006923416301
148879	0.0007294274927
148880	0.001187515142
148881	0.0006693143492
148882	0.002061690687
148883	0.001898279056
148884	0.0003542657419
148885	0.0002232684146
148886	0.002870755653
148887	0.003061894737
148888	0.002217369965
148889	0.001040008881
148890	0.0008042001033
148891	0.0003197872828
148892	0.001503687418
148893	0.001268406423
148894	0.0003845616019
148895	0.001060661777
148896	0.001607448536
148897	0.002385018793
148898	0.00209019967
148899	0.0006324190384
148900	0.004706738179
148901	0.0008038217655
148902	0.0004450976716
148903	0.00155138033
148904	0.0007362202082
148905	0.003558280663
148906	0.003275987144
148907	0.000941690602
148908	0.00141391291
148909	0.0007442754445
148910	0.001869328527
148911	0.001627833032
148912	0.001221059718
148913	0.001350473211
148914	0.007271817875
148915	0.001883076261
148916	0.0008047694777
148917	0.001120801834
148918	0.004878526158
148919	0.0003033463568
148920	0.001720588846
148921	0.001034985492
148922	0.002117736887
148923	2.524674054e-06
148924	9.97355225e-05
148925	0.002168959744
148926	0.0001955364548
148927	0.0002183105726
148928	0.00192786463
148929	0.004063245978
148930	0.0009514551822
148931	0.001967810453
148932	0.0008519752805
148933	0.0004955195529
148934	0.002217919324
148935	0.0002466628422
148936	0.0009047037064
148937	0.0007436598231
148938	0.005733101533
148939	0.002910523652
148940	0.000147135259
148941	0.002101957439
148942	0.002623937363
148943	0.0007315388867
148944	0.0005643459654
148945	0.000689893079
148946	0.000303435278
148947	0.0009324988499
148948	0.00126414819
148949	0.0005047908899
148950	0.003173568868
148951	0.001562873633
148952	0.0006909526187
148953	0.0002788383464
148954	0.00111082937
148955	0.0004802609313
148956	0.003903890881
148957	0.0008983626818
148958	0.004554394572
148959	0.001751379014
148960	0.006130382196
148961	0.001267751045
148962	0.001357078757
148963	0.0009074195156
148964	4.473637217e-05
148965	0.002970425724
148966	0.002848098981
148967	0.00467632757
148968	0.001730364894
148969	0.004039620193
148970	0.0003097783262
148971	0.0003596936972
148972	0.0007394194698
148973	0.002155876383
148974	0.003179053824
148975	0.001177088858
148976	0.000730142775
148977	0.0005423475443
148978	0.000429700581
148979	0.001377455406
148980	0.0002637607368
148981	0.002728681259
148982	6.464069621e-05
148983	0.0005853501825
148984	0.001692387415
148985	0.0001270565302
148986	0.00208463627
148987	0.00299342493
148988	0.001535055473
148989	0.001422479397
148990	0.0004449206518
148991	0.001230489772
148992	0.001399515713
148993	0.002440345371
148994	0.001518303907
148995	0.001708588454
148996	0.000673870472
148997	0.0008696814586
148998	0.002278894669
148999	0.0007822058998
149000	5.211330298e-05
149001	0.003005203622
149002	0.001584593941
149003	0.005141149014
149004	0.003431931134
149005	0.001968179193
149006	0.0002534830458
149007	0.0003091845042
149008	3.689114711e-05
149009	0.0003966168804
149010	0.003566061869
149011	0.001832096402
149012	0.004535517495
149013	0.00372226981
149014	0.0007339771776
149015	0.0007882383616
149016	0.0009451088754
149017	0.0008855024046
149018	0.003587729482
149019	0.000849025842
149020	0.002644670043
149021	0.001332580429
149022	0.0002984409291
149023	0.002677319045
149024	0.0007028664519
149025	0.002061517097
149026	0.002406572505
149027	0.001697255711
149028	0.0002993945419
149029	0.004664708399
149030	0.001594532475
149031	0.0004689181985
149032	0.002730508818
149033	0.00119956538
149034	0.0005776885134
149035	0.00231741819
149036	0.003022495453
149037	0.002970531706
149038	0.005318370539
149039	0.00154386896
149040	0.003519002437
149041	0.0001987695133
149042	0.002679713808
149043	0.001138201099
149044	0.001989508656
149045	0.000935746155
149046	0.001832556701
149047	0.003283219331
149048	0.0008189206997
149049	0.0006658980247
149050	0.001406801241
149051	0.0009625848836
149052	0.002700396566
149053	0.001444513153
149054	0.002868061335
149055	0.001432981369
149056	0.003948526501
149057	0.007740848824
149058	0.002542587653
149059	0.0003904634923
149060	0.003421047144
149061	0.001587894637
149062	0.0009224981922
149063	0.002790533855
149064	0.002280399462
149065	0.002826911204
149066	0.002147693546
149067	0.0004984597141
149068	0.0002454190434
149069	0.005672448949
149070	0.0001274790926
149071	0.0002438054887
149072	0.001289328071
149073	0.003020910808
149074	0.003857990428
149075	0.004124181222
149076	0.0004469182864
149077	0.001714945288
149078	0.001144954634
149079	0.003649924021
149080	0.0002351478043
149081	0.001667195149
149082	0.00162757292
149083	0.001519539069
149084	0.003898957842
149085	0.001279299397
149086	0.00173573215
149087	0.001228172163
149088	0.0009409115477
149089	0.00323531979
149090	0.001284223098
149091	0.00196693462
149092	0.005226558915
149093	0.00381943241
149094	0.002592475569
149095	0.0002872555094
149096	0.001415882479
149097	0.0002077197562
149098	0.003721199315
149099	0.002979767064
149100	0.0004489543199
149101	0.002602484609
149102	0.000796564944
149103	0.0002677373733
149104	0.001351408313
149105	0.0009406892257
149106	0.0008569265958
149107	0.002177106582
149108	0.0005099976814
149109	0.00342125382
149110	0.001644450275
149111	0.001070459422
149112	0.0004943806684
149113	0.007385332639
149114	0.0008214514492
149115	0.0001201457678
149116	0.00181643076
149117	0.000634958639
149118	0.002234856954
149119	0.0006026307212
149120	0.000546274604
149121	0.0007930309067
149122	0.003857943537
149123	0.002227924112
149124	0.001703981564
149125	0.002763931183
149126	0.0005622269131
149127	0.003885424036
149128	0.002647907718
149129	0.001004142905
149130	0.001706427789
149131	0.001631656017
149132	0.006429449495
149133	0.00215702742
149134	0.001072950894
149135	0.001109775938
149136	0.0004665029138
149137	0.000854579698
149138	0.0008870162976
149139	0.001744537587
149140	0.001497337278
149141	0.0006147956814
149142	0.002963175876
149143	0.002014643413
149144	0.0008069841165
149145	0.006520828402
149146	0.0006216694345
149147	0.001449199628
149148	0.0002390906405
149149	0.00372913766
149150	0.004361819334
149151	0.00166844273
149152	0.003505074035
149153	0.001624801415
149154	0.00144172056
149155	0.002228628304
149156	0.001225993341
149157	0.0004380527504
149158	3.301261213e-05
149159	0.001498187604
149160	0.003835114812
149161	0.006048871044
149162	0.003362385994
149163	0.003604560843
149164	0.001843164131
149165	0.003419869075
149166	0.006529665601
149167	0.003216889671
149168	0.001532304793
149169	0.001188282239
149170	0.0007211142776
149171	0.0001855344421
149172	0.001016208582
149173	0.002021480664
149174	0.00074719948
149175	3.070046174e-08
149176	0.001082545098
149177	0.001360032203
149178	0.001907563646
149179	0.001192967544
149180	0.0009639525484
149181	0.001396771802
149182	0.002256471794
149183	0.0009913314967
149184	0.001139757379
149185	0.001008256899
149186	0.002808547784
149187	0.0004746389716
149188	0.001989880362
149189	0.003676305579
149190	0.001404522243
149191	0.003268666613
149192	0.002350918862
149193	0.0007823062155
149194	0.0002520800846
149195	0.0001350242501
149196	5.332251123e-05
149197	0.00242211173
149198	0.0001939244804
149199	0.002468515519
149200	0.003621952436
149201	0.002486186951
149202	0.0003052849135
149203	0.002661687047
149204	0.0002570562468
149205	9.137676552e-05
149206	0.001111287767
149207	1.302657813e-05
149208	0.001331112577
149209	0.0005033199197
149210	0.0005051823102
149211	0.006232487866
149212	0.004952478611
149213	0.002256239463
149214	0.001320465432
149215	2.653343651e-05
149216	0.0006480742218
149217	0.001406617075
149218	0.0007726658591
149219	0.0005526143711
149220	0.0002747091835
149221	0.003015220287
149222	0.001029822269
149223	0.0007996240026
149224	0.0004030324068
149225	0.0007512063539
149226	0.001747237784
149227	0.004574066902
149228	0.002079035322
149229	0.0003638426994
149230	0.005309713182
149231	0.005518103394
149232	0.0004916723
149233	0.001577752496
149234	0.005572084196
149235	0.00335032838
149236	0.001061689391
149237	0.002493366081
149238	9.032467846e-05
149239	0.0007885423268
149240	0.0009837742348
149241	0.003770963317
149242	0.003238108373
149243	0.003853785716
149244	0.0005549111966
149245	0.001455995883
149246	0.001776979834
149247	0.001028738866
149248	0.003456214727
149249	0.0007370089208
149250	0.0005260010224
149251	0.002324648047
149252	0.0008239441174
149253	0.001564241982
149254	0.006540172828
149255	0.004532280544
149256	0.0006974764792
149257	0.001790154152
149258	0.003860034389
149259	0.001270180514
149260	0.002375697371
149261	0.005180067846
149262	0.001157477101
149263	0.0009073723724
149264	0.0004611500186
149265	0.002231970131
149266	0.005918276116
149267	0.0005758275305
149268	0.00165690417
149269	0.0008008745229
149270	0.003030245821
149271	0.001839739256
149272	0.001770907067
149273	0.000550875229
149274	0.003375450764
149275	0.006073033809
149276	0.0009631990818
149277	0.001321983997
149278	0.001554283312
149279	0.0007613384415
149280	0.005416618868
149281	0.001906479952
149282	5.795917536e-05
149283	0.006187732611
149284	0.0009908458435
149285	0.002350386231
149286	0.0006473912218
149287	0.0007691467098
149288	9.089134776e-05
149289	0.0004303635032
149290	0.0006599128367
149291	0.002215849431
149292	0.002937619811
149293	0.002803095157
149294	0.002694437523
149295	0.0008739438872
149296	0.005432333713
149297	0.001188144282
149298	0.0002299035596
149299	0.004296557852
149300	0.001030470197
149301	0.0009534557309
149302	0.005996103405
149303	0.0003144033424
149304	0.0006312637965
149305	0.001102795911
149306	0.002713579949
149307	0.003220163641
149308	4.512051424e-05
149309	0.002003429828
149310	0.004608516963
149311	0.003571330256
149312	6.874894047e-05
149313	0.005919660064
149314	0.00107129608
149315	0.001324899126
149316	0.003731541878
149317	0.002099837868
149318	0.008859077845
149319	0.0003363185105
149320	0.003174729475
149321	0.001600264739
149322	0.001594445463
149323	0.003455933279
149324	0.003655498094
149325	0.005993119586
149326	0.001350416023
149327	0.0007634742315
149328	0.001716768253
149329	0.003623097087
149330	0.001601466364
149331	0.0005035704904
149332	0.001726154374
149333	0.0003987007559
149334	0.004338074516
149335	0.001657227797
149336	7.174608558e-05
149337	0.0001157417358
149338	0.008332708204
149339	0.002331334123
149340	0.001765071783
149341	0.003023372477
149342	0.001577650932
149343	0.00328280678
149344	0.004185065717
149345	0.001304584473
149346	0.0007800175719
149347	0.002489412105
149348	0.002548962295
149349	0.002253345977
149350	0.00422346245
149351	4.038319399e-05
149352	0.0004282002594
149353	0.001880961253
149354	0.001058039342
149355	0.001454139767
149356	0.0004183530717
149357	0.001549793959
149358	0.005018070797
149359	9.870694259e-05
149360	0.001393167958
149361	0.001045418536
149362	0.002939232412
149363	0.000599588622
149364	0.0002389936717
149365	0.003113845024
149366	0.002038253353
149367	0.0001554595329
149368	0.0008396409298
149369	0.00952848077
149370	0.0008711908987
149371	0.001998983147
149372	0.001879500594
149373	0.001103494439
149374	0.001054589197
149375	0.001655191465
149376	0.001521655648
149377	5.287424475e-05
149378	0.0008585211833
149379	0.0004264842727
149380	0.0001910605542
149381	6.966112476e-05
149382	0.001906719456
149383	0.0008632331497
149384	0.0001934659407
149385	0.0003290943753
149386	0.001121232247
149387	9.870801571e-05
149388	9.899506502e-05
149389	0.0003260688579
149390	0.0004497476005
149391	0.0002609085661
149392	4.5962977e-08
149393	0.0001583715052
149394	0.0002187003676
149395	0.0002958108309
149396	0.001400965663
149397	0.0003287603744
149398	0.001541873747
149399	0.001343804316
149400	5.096716834e-07
149401	0.002158493863
149402	0.001142800148
149403	0.00410366631
149404	0.0004752831633
149405	0.0001132832857
149406	0.003677589382
149407	0.001152952187
149408	0.001989991825
149409	0.002701939191
149410	0.0006405462084
149411	0.004178570723
149412	0.000961147184
149413	0.0005028147396
149414	0.0004930704301
149415	0.001528110271
149416	0.005641237415
149417	0.0006065609823
149418	0.002481182918
149419	0.001125663579
149420	0.00332357852
149421	0.005155586181
149422	0.002352119507
149423	0.002734139204
149424	0.0007228606041
149425	0.002833782764
149426	0.006250718787
149427	0.00174236796
149428	0.00323507919
149429	0.00211113935
149430	0.0005217885983
149431	0.001715315371
149432	0.002960976158
149433	0.001343195198
149434	0.001943923539
149435	0.002107657818
149436	0.002204513091
149437	0.001585352617
149438	0.001561429827
149439	0.0001733977369
149440	0.001901419215
149441	0.002128016386
149442	0.0002436614953
149443	0.0005415073591
149444	0.0008154617157
149445	9.764311943e-05
149446	0.002969304611
149447	4.389348375e-05
149448	0.002809823776
149449	0.0007846079805
149450	0.005743828646
149451	0.0004660664098
149452	0.001335611237
149453	0.0009108129552
149454	0.0004036471535
149455	0.0009382100294
149456	0.002919417648
149457	0.0009601027504
149458	0.001875978907
149459	0.002052948105
149460	0.001073625839
149461	0.000724216433
149462	0.0002483289737
149463	0.004048940351
149464	0.00045354352
149465	0.003723546193
149466	0.004405497922
149467	9.844992055e-06
149468	0.0009840378722
149469	0.002837956332
149470	0.001945860062
149471	0.0007352587053
149472	0.004597786239
149473	0.004755551899
149474	0.001261089086
149475	0.0022795812
149476	0.0009609637382
149477	0.004256207277
149478	0.002993955861
149479	0.001574412043
149480	0.004409034406
149481	0.001412281885
149482	0.002233318086
149483	0.003314216657
149484	0.001754764034
149485	0.001144355947
149486	0.0001429895959
149487	0.0007638042194
149488	0.001474170933
149489	0.000209254673
149490	0.0002953277806
149491	0.001466606068
149492	4.177512068e-05
149493	0.001228123998
149494	0.0006935845542
149495	0.0007578721504
149496	0.0002373657139
149497	0.001733199137
149498	0.002266087231
149499	0.0004700697489
149500	0.0001592402651
149501	0.0006372908314
149502	0.0002468361834
149503	0.001782867355
149504	0.002396038873
149505	0.0004769428041
149506	0.003420945424
149507	0.00261549883
149508	0.007675745979
149509	0.003703951441
149510	0.0006537772355
149511	0.002855331956
149512	0.001414843561
149513	0.0006725831847
149514	0.0005334647465
149515	0.001004416516
149516	0.002739518755
149517	6.258802316e-05
149518	0.001205289316
149519	0.003456013348
149520	0.0005915256158
149521	0.0002621646675
149522	0.0009608189609
149523	0.002897794816
149524	0.002555958599
149525	0.00419370619
149526	0.001450394442
149527	0.002510259605
149528	0.001412906708
149529	0.001012679528
149530	0.001669166643
149531	0.002167194361
149532	0.002470069974
149533	0.001823432662
149534	0.007960459956
149535	0.002468008212
149536	0.003001977589
149537	0.0002871584961
149538	0.007412730713
149539	0.000437953751
149540	0.003519930808
149541	0.0001057800889
149542	0.0004363532898
149543	0.002612579948
149544	0.0001203074165
149545	0.001253182905
149546	0.003000585806
149547	8.043719005e-05
149548	0.001301444515
149549	0.0002793408267
149550	0.001972077085
149551	0.0005161458557
149552	0.001230712929
149553	0.001812043004
149554	0.00148867039
149555	0.000427026656
149556	0.0004081574383
149557	0.002454143042
149558	0.0003110333883
149559	6.911463201e-05
149560	0.000395989714
149561	0.0007217310074
149562	0.0005932486389
149563	0.005082999673
149564	0.0005821313081
149565	0.001006085171
149566	0.0002928905162
149567	0.0008264407405
149568	0.00108746494
149569	0.003422416737
149570	0.0008242429253
149571	0.001001639347
149572	0.006885796772
149573	0.001168266772
149574	0.002972754554
149575	0.0006819470981
149576	0.002110713641
149577	0.0006662447653
149578	0.0001752765593
149579	0.001482113176
149580	0.005745696266
149581	0.00274863933
149582	0.006251790689
149583	0.000305987386
149584	0.003566783127
149585	0.003623005634
149586	0.001954353803
149587	0.005082035416
149588	0.003141729405
149589	0.001785252726
149590	0.0005936080872
149591	0.0005885271343
149592	0.0005340548672
149593	0.002099163042
149594	0.002698878609
149595	0.004350530722
149596	0.001142313094
149597	0.003237261502
149598	0.0009388893376
149599	0.001310783897
149600	0.001293417755
149601	0.0001369829224
149602	0.0008879674764
149603	0.000407017762
149604	0.0004220917256
149605	0.0001627686255
149606	0.001074742839
149607	0.0002488309102
149608	0.001709423969
149609	0.002312795567
149610	0.0001389492071
149611	0.0003262379022
149612	0.0005046806447
149613	7.359737897e-05
149614	0.0006421642497
149615	0.0008245158399
149616	0.0006242223817
149617	0.00369788412
149618	0.003066602507
149619	0.003297705821
149620	0.0004658258519
149621	0.00306324507
149622	0.004391777863
149623	0.007359693195
149624	0.004396839307
149625	0.002440510684
149626	0.004766471212
149627	0.000334083859
149628	0.0007718919846
149629	0.004329579625
149630	0.003826178452
149631	9.726114908e-05
149632	0.009171248359
149633	0.001089625635
149634	0.004588795245
149635	0.005726189049
149636	0.001210040198
149637	0.006564099561
149638	0.001851248043
149639	0.002310714561
149640	0.0008826733602
149641	0.004663486821
149642	0.00431658278
149643	0.002365118312
149644	0.006971840461
149645	0.001452393802
149646	0.0004895146312
149647	0.000663951631
149648	0.006112227154
149649	0.0002044216856
149650	0.001013520761
149651	0.001470541842
149652	0.0002833572819
149653	0.0003346197387
149654	0.001485000149
149655	0.0006311161158
149656	0.002659759665
149657	0.001290935538
149658	0.0008108758823
149659	0.001085852016
149660	0.005043351553
149661	0.0004058604261
149662	0.002594840848
149663	0.0004853621017
149664	0.0009864878331
149665	0.002787886639
149666	0.0009554553134
149667	0.0002846524586
149668	0.0001413872784
149669	0.001672317534
149670	0.001597083868
149671	4.088423704e-05
149672	0.002361446383
149673	0.0006956547075
149674	0.005551332824
149675	0.0004975643492
149676	0.0003184960709
149677	0.004854615511
149678	0.005629641609
149679	0.002529770598
149680	0.001235777242
149681	0.00448051883
149682	0.001206800103
149683	0.001814623681
149684	0.001180765018
149685	0.00323012034
149686	0.00491562926
149687	0.002234143474
149688	0.0003005441251
149689	0.002938500306
149690	0.001824835495
149691	0.001329993317
149692	0.0003435323662
149693	0.004857973466
149694	0.004241747267
149695	0.0008646894412
149696	0.001534026074
149697	0.003231953147
149698	0.0007561697974
149699	0.0004015151615
149700	0.003831094844
149701	0.001332237258
149702	0.0005355588896
149703	0.004049746307
149704	0.00226725352
149705	0.003546898211
149706	0.0001442649225
149707	0.0006586992935
149708	0.002597157424
149709	0.005257334741
149710	0.006617071146
149711	0.003870308131
149712	0.00121920515
149713	0.002322371742
149714	0.003386264277
149715	0.001240700524
149716	0.0002240104451
149717	0.003857944972
149718	5.719035784e-05
149719	0.0007458908939
149720	0.0007315697448
149721	0.001196587378
149722	0.002429219775
149723	0.0007713615277
149724	0.003894346605
149725	9.681770447e-05
149726	0.004745201247
149727	0.003021457308
149728	0.004750246218
149729	0.0002581738253
149730	0.0008489075118
149731	0.0005173041781
149732	0.0001708729337
149733	9.624260192e-05
149734	0.005838465619
149735	0.0003726571618
149736	0.0006344710907
149737	0.001217299492
149738	0.001915189951
149739	0.001226103215
149740	0.001093401567
149741	0.002365305516
149742	0.005096585938
149743	0.0001004148531
149744	0.0007189339207
149745	5.320688292e-05
149746	0.002030222091
149747	0.001636143093
149748	0.002372294391
149749	0.001639617555
149750	0.0004932071311
149751	0.004791790448
149752	0.003769784284
149753	0.002683931193
149754	0.001241718291
149755	0.005043562342
149756	0.002866780545
149757	0.0007719814738
149758	0.003117240329
149759	0.001903857393
149760	0.005543571134
149761	0.004516959734
149762	0.008126154303
149763	0.004636093694
149764	0.008178229819
149765	0.002459107422
149766	0.0003305276861
149767	0.003975135624
149768	0.005755845393
149769	0.005854369299
149770	0.0005762805272
149771	0.0008800828537
149772	0.004334248809
149773	0.004526837203
149774	0.002798207155
149775	0.004798281983
149776	0.002918240901
149777	0.0001350203144
149778	0.00551289521
149779	0.001730015648
149780	0.003915212132
149781	0.001552128221
149782	0.001940884144
149783	0
149784	0.000591090458
149785	0.0009737695721
149786	0.0006404166201
149787	0.005369240617
149788	0.002536931334
149789	0.0002005396687
149790	0.003337200412
149791	0.00265823319
149792	0.003646914653
149793	0.003008225929
149794	0.003059078668
149795	0.0004650815134
149796	0.0002064108416
149797	0.001145045288
149798	0.001538289801
149799	0.00104897147
149800	0.005738282587
149801	0.0004607504364
149802	0.000959553631
149803	0.001314800593
149804	0.0006940277558
149805	0.00223768808
149806	0.0009998306782
149807	0.0005352209709
149808	0.002384814375
149809	0.001029983405
149810	0.001929304118
149811	0.0003309148292
149812	0.0005495015853
149813	0.00397570243
149814	0.0002614127216
149815	0.001226253279
149816	0.002503317243
149817	0.002905322855
149818	0.007429585201
149819	0.005499137057
149820	0.002314044123
149821	0.003694197924
149822	0.002251381539
149823	0.003501790348
149824	0.002685372764
149825	1.261059378e-05
149826	7.210690549e-05
149827	0.004620891594
149828	0.00157598712
149829	0.001672602193
149830	0.004427893183
149831	0.001564320647
149832	0.001783913347
149833	0.00104659978
149834	0.005467594507
149835	0.0004283731893
149836	7.325877415e-05
149837	0.001523332518
149838	0.003556480989
149839	0.001747298754
149840	0.0004167686739
149841	0.00102142129
149842	0.001449457643
149843	0.00223515032
149844	0.00595777183
149845	0.0002272339969
149846	0.0001924014737
149847	0.0002017119258
149848	0.0006005428126
149849	0.0003746402261
149850	0.002954418097
149851	0.001962884042
149852	0.003045166438
149853	0.001639310626
149854	0.0006520529075
149855	0.001020419436
149856	0.000295148005
149857	0.002151800122
149858	0.0002955371051
149859	0.003024711029
149860	0.001311214719
149861	0.0004549354027
149862	0.0006205164023
149863	0.000765464885
149864	0.003781477015
149865	0.0006021105524
149866	0.001855880441
149867	0.0009905922544
149868	3.004573695e-05
149869	0.00128991774
149870	0.001659199212
149871	0.001173383667
149872	0.0001961853376
149873	0.003618322144
149874	0.002755218663
149875	0.001158194901
149876	0.006483905193
149877	0.000576149261
149878	0.004446810737
149879	0.0003545897898
149880	0.001671294169
149881	0.000321868867
149882	0.001209802881
149883	0.001584279308
149884	0.0009605272078
149885	0.0003064670079
149886	0.002126149085
149887	0.0008657740511
149888	0.001475443748
149889	0.001457336047
149890	0.0009183603027
149891	0.003635082152
149892	0.00191856948
149893	0.001208096164
149894	0.00234389083
149895	0.001771327539
149896	0.001076380814
149897	0.001055340925
149898	0.002266370539
149899	0.003342870965
149900	0.001248219954
149901	0.001678652024
149902	0.002402781693
149903	0.004650521264
149904	0.0008625571735
149905	0.003228295712
149906	0.004093556954
149907	0.006235253696
149908	0.003275372085
149909	0.001402751839
149910	0.0007223633781
149911	0.003641898059
149912	0.0008536974103
149913	0.002086356647
149914	0.001356890984
149915	0.003475912797
149916	0.001348609472
149917	0.001975017186
149918	0.0007443275984
149919	0.001175277861
149920	0.001846468672
149921	0.001318088335
149922	0.0003397088589
149923	2.912298019e-05
149924	0.0007392824778
149925	0.001528350911
149926	0.0034670283
149927	0.002341314425
149928	7.155746052e-05
149929	0.0009759353927
149930	9.411190395e-05
149931	0.002064915548
149932	0.001008507762
149933	0.001542091378
149934	0.004259657134
149935	0.001216338226
149936	0.0004932644593
149937	0.0002726374273
149938	0.0005660779679
149939	0.0003420967548
149940	0.0006718068264
149941	0.0005886830351
149942	0.004179977761
149943	0.002668918867
149944	0.002933214459
149945	0.0001929656599
149946	0.0008516264403
149947	0.0005118993126
149948	0.00121061371
149949	0.0037031684
149950	0.0008390498407
149951	0.001573616387
149952	0.0005891072526
149953	0.001795615778
149954	0.003398105322
149955	0.0001907124678
149956	0.003619943381
149957	0.0003231901833
149958	0.001620639631
149959	0.005045776458
149960	0.008901205555
149961	0.001590060038
149962	0.0009706968629
149963	0.002991225306
149964	0.0002834009301
149965	0.001361882189
149966	3.332608039e-05
149967	0.0008189672014
149968	0.005474050535
149969	0.000475735115
149970	0.007922049407
149971	0.006247696234
149972	0.0002856768107
149973	0.0005329492491
149974	0.008178454011
149975	0.0006468310529
149976	0.0001454921821
149977	1.080443839e-05
149978	0.002824091479
149979	0.0007300157419
149980	0.0003816628068
149981	0.0009919761247
149982	0.00176048604
149983	0.0002981148859
149984	0.0005742039093
149985	0.0005172285235
149986	0.0002582033008
149987	0.0002336515349
149988	0.001580304604
149989	0.000613917714
149990	0.00163184035
149991	0.001474257946
149992	0.002857997662
149993	0.0003012657014
149994	0.0003450639314
149995	0.002393247079
149996	2.427156533e-05
149997	0.0004223095768
149998	5.577130605e-05
149999	0.0004177583195
150000	0.0005559705073
150001	3.560204269e-05
150002	0.003333013177
150003	0.001590283077
150004	0.0007866035818
150005	0.0004297269937
150006	0.00212547519
150007	0.002624888641
150008	0.0003884462006
150009	0.00059843025
150010	0.00102409848
150011	0.002128671374
150012	0.001725363516
150013	0.001560929963
150014	0.0006494811718
150015	0.002226056177
150016	0.003303890039
150017	0.002281020707
150018	0.001904211489
150019	0.001513885287
150020	0.001490280308
150021	0.0003545599693
150022	0.001148373655
150023	0.001497276319
150024	0.002855168391
150025	0.001349307348
150026	0.001725825733
150027	0.001396045235
150028	0.001393154912
150029	0.002811058008
150030	0.002030464494
150031	0.0004527294044
150032	0.0062247029
150033	0.00225039613
150034	0.0001584221193
150035	0.002185122564
150036	0.0002475271519
150037	0.0006838797607
150038	0.002749864901
150039	0.002069474342
150040	0.000426084959
150041	0.0009391031595
150042	0.0007940183901
150043	0.002630968795
150044	0.00131848437
150045	0.0001263078141
150046	0.002307189757
150047	0.001208230853
150048	0.002409705952
150049	0.0007031106668
150050	0.0006398383514
150051	0.0001098214723
150052	0.0009096265737
150053	0.0005315460329
150054	9.361357916e-05
150055	0.00266517418
150056	0.001275535129
150057	0.0004131944792
150058	0.0004293619278
150059	0.001021452672
150060	0.00140749605
150061	3.075652687e-05
150062	0.001001742383
150063	0.001707627856
150064	0.0005425359588
150065	0.001375401828
150066	0.002066694799
150067	0.0004103669731
150068	0.001313779327
150069	0.001508687611
150070	0.002048983184
150071	0.0003296438374
150072	0.0008825214014
150073	0.008339411582
150074	0.004539242343
150075	0.004430142847
150076	0.0008951806158
150077	0.002063277865
150078	0.001459165421
150079	0.0008556690961
150080	0.0003118444532
150081	0.001046075864
150082	0.0007987321708
150083	0.001371146678
150084	0.0004967666682
150085	0.0007647306608
150086	0.0004639437613
150087	0.001801271301
150088	0.0009807681398
150089	0.0009015850167
150090	0.0001775151199
150091	0.0008006085931
150092	0.0003608792288
150093	0.0002538762821
150094	0.0001589538957
150095	0.001255148008
150096	0.001067257012
150097	0.000128410716
150098	0.001671040843
150099	0.001461842974
150100	0.001831255581
150101	0.000885918528
150102	0.0001931094813
150103	0.0004140488749
150104	0.0006495870205
150105	0.0003114666572
150106	0.0003219874158
150107	0.002598212073
150108	0.002637279641
150109	0.003559761768
150110	0.003227058947
150111	0.001473010657
150112	0.0004200958358
150113	0.0007594121573
150114	0.0006109120417
150115	0.0006932019788
150116	0.0008624559682
150117	0.001937046188
150118	0.0009525941543
150119	0.001610292652
150120	0.002314311601
150121	0.001028598494
150122	0.001881348665
150123	0.001991819794
150124	0.002981225705
150125	0.001561149077
150126	0.0005266705617
150127	0.003680588217
150128	0.00194725419
150129	0.002642845516
150130	0.0003961376809
150131	0.003037158392
150132	0.001314938635
150133	0.001133406468
150134	0.0005713280695
150135	0.006657933647
150136	0.0003820696034
150137	0.002588504411
150138	0.005467352615
150139	0.001539801044
150140	0.0003947964963
150141	0.001098726078
150142	0.0003963849882
150143	6.209914374e-05
150144	0.0004645122361
150145	9.305786951e-05
150146	0.0001151463216
150147	0.001129376576
150148	0.00199979171
150149	0.0001105555236
150150	0.001141247768
150151	0.006673307358
150152	0.002169985763
150153	0.002417979849
150154	0.001052450581
150155	0.003627287724
150156	0.004097298568
150157	0.003820889573
150158	0.001695269751
150159	0.00240720284
150160	0.004180131722
150161	0.0008000314483
150162	5.301607836e-05
150163	0.0058920397
150164	3.724338531e-05
150165	0.002229295156
150166	0.0001051362126
150167	0.001895976348
150168	0.0002058146664
150169	0.001525656288
150170	0.0001948552303
150171	0.0009488028117
150172	0.0006174767732
150173	0.0004447938053
150174	0.001170154495
150175	0.0002224721331
150176	0.0003229457493
150177	0.001662355011
150178	0.0006979927644
150179	0.004242908146
150180	0.002532346213
150181	0.00681651828
150182	0.000854243414
150183	0.0006026834369
150184	0.003214756008
150185	0.002033360033
150186	0.002426970252
150187	0.0005336447384
150188	0.001233433925
150189	0.004545835519
150190	0.003113822565
150191	0.005171746866
150192	0.0115488903
150193	0.0002014904386
150194	0.003141694484
150195	0.005300521382
150196	0.008928805163
150197	0.007753266747
150198	0.001244204095
150199	0.003392542678
150200	0.001775073561
150201	0.00337972759
150202	0.001035336825
150203	0.001012630176
150204	0.00548188982
150205	0.001628058162
150206	0.001396427444
150207	0.004290881667
150208	0.001084766422
150209	0.0005183334189
150210	0.0006266512379
150211	0.002089455685
150212	0.00171276662
150213	0.003136563868
150214	0.000232165479
150215	0.008282666402
150216	0.00265150726
150217	4.438022117e-05
150218	0.0004422430114
150219	0.00117246003
150220	0.003178726503
150221	0.001136964331
150222	0.003244828099
150223	0.006089497116
150224	0.001949890503
150225	0.0009697152116
150226	0.00241903827
150227	0.0003718933863
150228	0.002382904511
150229	0.001062357552
150230	0.001001113787
150231	0.002837741485
150232	0.002129515791
150233	0.0007327574115
150234	0.001731188064
150235	0.001934153633
150236	0.0038360067
150237	0.0004265911511
150238	0.004550281177
150239	0.001630125409
150240	3.510897619e-06
150241	0.0001596155734
150242	0.0002540387553
150243	0.0009489377545
150244	0.003893976605
150245	0.002105932781
150246	0.001101138407
150247	0.003901232077
150248	0.0004333277245
150249	0.0003477097297
150250	0.001882568956
150251	0.001196268232
150252	0.001661687971
150253	0.00201466448
150254	0.002109995624
150255	0.0007893066984
150256	0.001353167423
150257	0.002428057136
150258	0.002287744584
150259	0.002386850417
150260	0.0009708304582
150261	0.000469017105
150262	0.004697300654
150263	0.001985108903
150264	0.00148681343
150265	0.0002133341649
150266	0.0007376509733
150267	0.0021933002
150268	4.966438279e-05
150269	0.005134789413
150270	0.001913429801
150271	0.006449095899
150272	0.0008601151012
150273	0.0003761155075
150274	0.0006029580924
150275	0.0003417914622
150276	0.004659672415
150277	0.0006228077506
150278	0.0003485665955
150279	0.00147541392
150280	0.001407425576
150281	0.0002379217789
150282	0.002546213171
150283	0.002423004611
150284	0.00078568577
150285	0.0007997326824
150286	0.005127503882
150287	0.008520613858
150288	0.006145266661
150289	0.001369753977
150290	0.0007288349781
150291	0.003200552041
150292	0.0008893147137
150293	0.005903821674
150294	0.004882022792
150295	0.0007628868078
150296	0.0001397777482
150297	0.004915483179
150298	0.003954042461
150299	0.0024319596
150300	0.0003907397289
150301	0.001382317973
150302	0.001441381278
150303	0.001909003003
150304	0.0005849826407
150305	0.003141614279
150306	0.004353403054
150307	0.001015774735
150308	0.0001615218388
150309	0.004165116649
150310	0.0001718264993
150311	0.0006017717163
150312	0.004589980373
150313	0.001914704173
150314	0.001863461731
150315	0.001360293435
150316	0.0003895399381
150317	0.00194678776
150318	0.001950603868
150319	0.003208803232
150320	0.00173605119
150321	0.000810611613
150322	0.003929470231
150323	1.440271945e-05
150324	0.001256892569
150325	3.688345879e-05
150326	0.000758178925
150327	0.002855426912
150328	0.001148120932
150329	0.0007587495755
150330	0.0003916739894
150331	0.0007507032497
150332	0.001485841465
150333	0.001460211339
150334	0.001617978629
150335	0.0001810186299
150336	0.003801561852
150337	0.002006725514
150338	0.003621856945
150339	0.0001643028094
150340	0.0003702761046
150341	0.001019529375
150342	0.0005596239714
150343	6.996370829e-05
150344	0.0009792848862
150345	0.0002852217362
150346	0.003996696072
150347	0.00249531301
150348	0.0005995512043
150349	0.009254241905
150350	0.0007969855525
150351	0.0007348734591
150352	0.003155135082
150353	0.002553567951
150354	0.00473547145
150355	0.002430622201
150356	0.004859187208
150357	0.004042550148
150358	0.0006500665816
150359	0.0008408367693
150360	0.002984855844
150361	0.003467764719
150362	0.004594070166
150363	0.00135488817
150364	0.004661540554
150365	0.001752942613
150366	0.002121358598
150367	0.0008827329541
150368	0.003114815312
150369	0.0002788013458
150370	0.001688096647
150371	8.960296319e-05
150372	0.001024605648
150373	0.006577259117
150374	0.000399154848
150375	0.002383007045
150376	0.006614309375
150377	0.003498836165
150378	0.004473087468
150379	0.002532546688
150380	0.003529857171
150381	0.00056431842
150382	0.001443398688
150383	0.0003538665261
150384	0.003291771483
150385	0.003704365864
150386	0.0006624778368
150387	0.0003630301587
150388	0.003367529166
150389	0.0002430085687
150390	0.0002501806804
150391	6.304646097e-05
150392	0.0007167942579
150393	0.001889565071
150394	8.702557346e-05
150395	0.001048860569
150396	0.001728395211
150397	0.002030448059
150398	0.002957652497
150399	0.0008629686653
150400	0.0002786945004
150401	0.0001761846275
150402	0.001782555657
150403	9.106056132e-05
150404	0.005427180376
150405	0.00418114519
150406	0.000318387841
150407	0.006361485492
150408	0.002407774666
150409	0.000842904023
150410	0.0006571910394
150411	0.0001456076751
150412	0.001254692019
150413	0.002331851217
150414	0.002442069778
150415	0.001110338746
150416	0.0008561279986
150417	0.002189068705
150418	0.004249908288
150419	0.004004798479
150420	0.00201122012
150421	0.001060798699
150422	0.004428406309
150423	0.00153985276
150424	0.0007629695761
150425	0.00050863699
150426	0.001882589859
150427	5.015215928e-05
150428	0.01240756076
150429	0.003293350589
150430	0.0005219258431
150431	0.002889874729
150432	0.001963543953
150433	0.005147083995
150434	0.0003029397139
150435	0.001029403914
150436	0.001830835189
150437	0.0006306479411
150438	0.005067120411
150439	0.001689150928
150440	0.001344742704
150441	0.003308073745
150442	0.0007120213966
150443	0.001384855531
150444	0.0003130630816
150445	0.005045604274
150446	0.002101608811
150447	0.006262382551
150448	0.0001638325466
150449	3.808459401e-05
150450	0.002416864292
150451	0.0002617648353
150452	0.001631826841
150453	0.00215979654
150454	0.0005952033734
150455	0.001312300603
150456	0.003470095968
150457	0.001551483585
150458	0.002216093686
150459	0.002087716576
150460	0.0009559075209
150461	0.0001394404167
150462	0.001150934249
150463	0.001047565283
150464	0.004374486286
150465	0.002726403986
150466	0.002707535236
150467	0.003331256581
150468	0.002966756724
150469	0.001848309828
150470	0.001073080877
150471	0.0003545912458
150472	0.000291973002
150473	0.0009359460433
150474	0.002201226832
150475	0.005631151853
150476	0.001991174089
150477	0.002981717883
150478	0.003081579072
150479	0.002209502216
150480	0.002145954885
150481	0.002733016035
150482	0.001990413259
150483	0.002750604755
150484	0.002128568953
150485	0.001639716884
150486	0.001252079897
150487	0.001509045465
150488	0.001532236703
150489	0.001317730497
150490	0.00130994444
150491	0.001160186331
150492	0.001428941735
150493	0.001545704551
150494	0.001000593471
150495	0.001658648444
150496	0.00153685143
150497	0.001821120451
150498	0.001533262734
150499	0.001381726483
150500	0.001822314071
150501	0.00189311626
150502	0.00137605389
150503	0.001474478469
150504	0.001530212586
150505	0.001835101553
150506	0.001748634235
150507	0.00124160561
150508	0.001277315056
150509	0.001615998835
150510	0.0008077803019
150511	0.001350118635
150512	0.001161280061
150513	0.001637474829
150514	0.001319460536
150515	0.001528005607
150516	0.001428362683
150517	0.00157173606
150518	0.0004212813601
150519	0.0004382677105
150520	0.0004369079122
150521	0.001790623003
150522	0.0004257684794
150523	0.0005079583569
150524	0.0005037803019
150525	0.0004885418484
150526	0.0003712852455
150527	0.0007294576054
150528	0.0003336338307
150529	0.0004664772371
150530	0.0006298349842
150531	0.0002228551997
150532	0.0002252410026
150533	0.0006522273626
150534	0.0001761686311
150535	0.0001222123125
150536	0.000267597719
150537	0.000447034961
150538	4.370444302e-05
150539	0.001306298087
150540	7.476857027e-05
150541	0.0002441019666
150542	0.0001962602992
150543	0.0002468582935
150544	0.000925860113
150545	0.002001181661
150546	0.00161933816
150547	0.0009962667701
150548	5.211012752e-05
150549	0.001427801392
150550	0.0001677443542
150551	0.0005197427509
150552	0.0008673344658
150553	0.002027903657
150554	0.005658202415
150555	0.004010299897
150556	0.002367711461
150557	0.00205910218
150558	0.002130186711
150559	0.001680155098
150560	0.0008598785409
150561	0.003130993612
150562	0.001198418803
150563	0.0007180534377
150564	0.001499635995
150565	0.003403979845
150566	0.001519584843
150567	0.0005235431403
150568	0.001273127255
150569	0.0001828602401
150570	0.001240434526
150571	0.0007205884989
150572	0.001312876344
150573	0.003282768879
150574	0.001803266999
150575	0.0005543394299
150576	0.001706374944
150577	0.002512675355
150578	0.001669697248
150579	0.001354692482
150580	0.002674732283
150581	0.001685782546
150582	0.003276674398
150583	0.002919096652
150584	0.000173472139
150585	0.002874138191
150586	0.0005238327979
150587	0.003218122472
150588	0.001069668884
150589	1.103248444e-05
150590	0.001110304831
150591	0.003764982189
150592	0.00162275287
150593	0.005340380789
150594	0.0004457783361
150595	0.001538683449
150596	0.002811710997
150597	0.0008881882806
150598	0.002012055106
150599	0.0008541634876
150600	0.0001508375632
150601	0.0005717164031
150602	0.000328395859
150603	0.002975688804
150604	0.001925715306
150605	0.002236892963
150606	0.001960272102
150607	0.0003075823362
150608	0.002198616483
150609	0.0002156283086
150610	0.000264868969
150611	0.001010533126
150612	0.004906914154
150613	0.002929729841
150614	0.0001709026686
150615	0.0007962782156
150616	0.002099629818
150617	0.004267131409
150618	0.00151257405
150619	0.0006270953238
150620	0.002683390652
150621	0.002595294223
150622	0.001517119933
150623	0.003530192935
150624	0.002653843521
150625	0.003961753945
150626	0.001485525588
150627	0.002096315335
150628	0.0003441068995
150629	0.00583617392
150630	0.0001591902049
150631	0.0007718348888
150632	0.0008721686706
150633	0.0006721906198
150634	0.005710527467
150635	0.0006592064044
150636	0.004521857211
150637	0.002272958751
150638	0.001861720905
150639	0.0001811964491
150640	0.0005010418504
150641	0.001339331171
150642	0.001644874446
150643	0.001110607476
150644	0.0004795079865
150645	0.001666598455
150646	4.452306538e-05
150647	0.0006918776302
150648	0.002408864411
150649	0.001548831709
150650	0.002079902219
150651	0.0006911588682
150652	0.00111783777
150653	0.001630180431
150654	0.0008259507432
150655	0.002856582934
150656	0.006781638208
150657	0.0003570660151
150658	0.002031496203
150659	6.880263581e-05
150660	0.00252797758
150661	0.003621306948
150662	0.004122931513
150663	0.001438081374
150664	0.002103386399
150665	0.00192082523
150666	0.001634643413
150667	0.002352858221
150668	0.00325156098
150669	0.003089175269
150670	3.325880481e-06
150671	0.0008530298893
150672	0.005406893407
150673	0.002937969842
150674	0.001238649831
150675	0.007561318107
150676	0.0001287058451
150677	0.002300573988
150678	0.0059362029
150679	0.002684258105
150680	0.001438089251
150681	0.001829572598
150682	0.002858029441
150683	0.002417147124
150684	0.001554228854
150685	0.0006339466887
150686	0.005326197923
150687	0.0003559349456
150688	0.003751458488
150689	0.0002858181464
150690	0.001128697248
150691	0.00165381152
150692	0.0006214739021
150693	0.000410393646
150694	0.0006984185318
150695	0.003535418123
150696	9.774181665e-06
150697	0.0001446732149
150698	0.001332974133
150699	0.002255591915
150700	0.0002485897811
150701	0.0004747569387
150702	0.0001454493377
150703	0.00448194902
150704	0.003938417185
150705	0.0007204263493
150706	0.003486857746
150707	0.003688090693
150708	0.0005722264428
150709	0.002570119359
150710	0.001341509672
150711	0.0006644809115
150712	0.003057481279
150713	0.002500491906
150714	0.002538584505
150715	0.00282964112
150716	0.002833845509
150717	0.00139099241
150718	0.000259262511
150719	0.001945764177
150720	0.0002884971193
150721	0.001805957834
150722	0.001142677514
150723	0.004263463028
150724	0.001301906619
150725	0.0008229569315
150726	0.009942708498
150727	0.00302162151
150728	0.002775885042
150729	0.0068600623
150730	0.0009878722621
150731	0.001789943513
150732	0.001355829022
150733	0.005370401524
150734	0.002637357312
150735	0.00715821999
150736	0.001866492174
150737	0.002226924558
150738	0.0009573529268
150739	0.0005673285628
150740	0.0004368995415
150741	0.0001575175567
150742	0.001687250586
150743	0.0002745250464
150744	0.0004433753234
150745	0.001528311209
150746	0.001186108689
150747	0.003785502504
150748	5.792506534e-05
150749	0.0005984292718
150750	0.004831596119
150751	0.003269997724
150752	0.0002123338841
150753	0.002805135797
150754	0.0006241940931
150755	0.0004453776482
150756	0.004564704809
150757	0.001636615311
150758	0.002129620434
150759	0.002474997721
150760	0.0005907058256
150761	0.004498051117
150762	0.0005668339633
150763	0.00213287479
150764	0.002206004763
150765	0.001414605341
150766	0.0007010800637
150767	0.0001171532574
150768	0.002405610091
150769	0.0007985691851
150770	0.004881125508
150771	0.002428693962
150772	0.001965470979
150773	9.496176726e-05
150774	0.001318337904
150775	0.00267041337
150776	0.00850979124
150777	0.00177126616
150778	7.916173864e-05
150779	0.004521946568
150780	0.0006131741902
150781	0.008821588058
150782	0.0005550494582
150783	0.00336223564
150784	0.001966750869
150785	0.004166941139
150786	0.001137289
150787	0.001927866241
150788	0.002291041321
150789	0.009467124239
150790	0.00253890843
150791	0.0003806826539
150792	0.001791342775
150793	0.001989770843
150794	0.003887967109
150795	0.0003380154687
150796	0.001033989313
150797	0.00223750869
150798	0.003432369144
150799	0.00169325721
150800	0.002198644715
150801	0.004234672434
150802	0.001901291208
150803	0.003375598136
150804	0.004012329867
150805	0.003499875356
150806	0.00211735615
150807	0.0005209975524
150808	0.0006376822261
150809	0.001333517659
150810	0.004136983634
150811	0.002445919091
150812	0.000287162272
150813	0.0003802065568
150814	0.0009757484986
150815	0.001441233144
150816	0.00252603578
150817	0.006769813724
150818	0.002444295797
150819	0.005943889312
150820	0.006275980646
150821	0.0009760573032
150822	0.003989347644
150823	0.0001389095736
150824	0.001579996866
150825	9.845615503e-05
150826	0.009318418591
150827	0.00185307237
150828	0.002169900416
150829	0.001333714519
150830	0.0006827907376
150831	0.001565345189
150832	0.003226266688
150833	0.0007495900623
150834	0.0006322996436
150835	0.001697895576
150836	0.003835533744
150837	0.005197220993
150838	0.00376458629
150839	0.0005042769764
150840	0.001411581013
150841	0.005154698023
150842	0.0005511489046
150843	0.003020234962
150844	0.001472505576
150845	0.001717278255
150846	0.0001446732149
150847	0.01081529947
150848	0.0003058077418
150849	4.120766873e-05
150850	0.003394991088
150851	0.002905838049
150852	0.002373383337
150853	0.001687770519
150854	0.001490469055
150855	0.0003021008937
150856	0.002244537625
150857	0.000198690458
150858	0.001294214285
150859	0.0009964330871
150860	0.0003238820883
150861	0.002237801713
150862	0.001259797925
150863	0.002332351753
150864	0.001675501659
150865	0.0006495468426
150866	0.001732877472
150867	0.002023043242
150868	0.0007804188312
150869	0.0005263341635
150870	0.0002860245696
150871	0.000706950997
150872	0.0009564450905
150873	0.001609999452
150874	0.0008572083166
150875	0.006986100369
150876	0.003499344506
150877	0.002331264617
150878	0.001063332084
150879	0.001309976414
150880	0.001366449265
150881	0.0003333397888
150882	0.000283024292
150883	0.002957706888
150884	0.002682800958
150885	4.982985358e-07
150886	0.001486025614
150887	0.002486483078
150888	0.005637239784
150889	0.001290840332
150890	0.002427974184
150891	0.003249929207
150892	0.002638599378
150893	0.004188807376
150894	0.002652308228
150895	0.0009537065825
150896	0.001288103393
150897	0.0006078800777
150898	0.002569042964
150899	0.001434028268
150900	0.0003923290284
150901	0.005280560526
150902	0.0006491340643
150903	0.00186748853
150904	0.003052076573
150905	0.0006753848875
150906	0.002340416263
150907	0.0003142401258
150908	0.0002510854751
150909	0.001303379087
150910	0.0007607204408
150911	0.0005382122094
150912	8.626097939e-05
150913	0.003109702918
150914	0.0007771605706
150915	0.001006291902
150916	0.004019571411
150917	0.003800960259
150918	4.977428522e-05
150919	0.0006282959515
150920	0.005496606275
150921	0.001756212239
150922	0.0009661024079
150923	0.003106063303
150924	0.002634806121
150925	0.00441466227
150926	0.002547074062
150927	0.001895331707
150928	0.0009320228075
150929	0.003425481649
150930	0.001040962942
150931	0.0007607216781
150932	0.002071648866
150933	0.002055484218
150934	0.002102320655
150935	0.002496302617
150936	0.002958833754
150937	0.0008729279722
150938	0.0002853023432
150939	3.536298258e-05
150940	0.008587977397
150941	0.0001672499727
150942	0.001123182685
150943	0.002360226919
150944	0.000462239319
150945	0.004516197428
150946	0.001690928189
150947	0.00476906023
150948	0.002502847753
150949	0.002311756154
150950	0.000278282049
150951	0.001202653851
150952	0.001555411159
150953	0.005346716873
150954	0.0004832927866
150955	0.003134648528
150956	0.001332053555
150957	0.0001889546751
150958	0.001767545044
150959	0.0002877142075
150960	0.0002526838653
150961	0.002688465428
150962	0.007269669726
150963	0.003075204471
150964	0.005365182895
150965	0.002351120323
150966	0.002221744914
150967	0.0002764450082
150968	0.0001570228232
150969	0.004690691776
150970	0.001990506182
150971	0.0003452365296
150972	0.001778759362
150973	0.001708735148
150974	0.0001598021716
150975	0.003130342953
150976	0.001637975018
150977	0.004027816792
150978	9.434728353e-05
150979	0.002273307633
150980	0.001769638714
150981	0.003720239978
150982	0.001928764581
150983	0.0009712138349
150984	0.000687277168
150985	0.00285885796
150986	0.000277856654
150987	0.004232215373
150988	0.001490397609
150989	0.002302661593
150990	0.004424748786
150991	0.002140541175
150992	0.0009990146122
150993	0.001367457234
150994	0.004941614294
150995	0.002286848993
150996	0.0001427592007
150997	0.001906008606
150998	0.001858634082
150999	0.0003030139055
151000	0.003003102059
151001	0.001915070803
151002	0.004592120039
151003	0.00224802651
151004	0.006869843908
151005	0.006687243027
151006	0.002682358254
151007	0.0005363483767
151008	0.0004606379371
151009	0.0005301338569
151010	0.001023287162
151011	0.001875844835
151012	0.0009326887291
151013	0.001852340263
151014	0.003403658033
151015	0.002367254881
151016	0.005458923546
151017	0.0004211169021
151018	0.0003448453869
151019	0.001962402907
151020	0.003313473719
151021	0.0008708547237
151022	0.0008223434736
151023	0.001294190203
151024	0.006112121052
151025	0.001818666219
151026	0.00611084104
151027	0.001649103276
151028	0.006403208612
151029	0.001390431162
151030	0.000435960045
151031	0.002511502302
151032	8.036016197e-05
151033	6.208871726e-05
151034	0.002779620398
151035	0.002304822826
151036	0.004669084773
151037	0.001151696909
151038	0.0004961888731
151039	0.0008654627604
151040	0.003968281093
151041	0.002572068811
151042	0.0007071382889
151043	0.001488134586
151044	0.001648500148
151045	0.002222691287
151046	0.003855865575
151047	0.002940687381
151048	0.006679559744
151049	0.0003423068635
151050	0.0007640563105
151051	0.004010504286
151052	0.004720354003
151053	0.001563894455
151054	0.00122453479
151055	0.001098181299
151056	0.004666835883
151057	0.004669173815
151058	0.001345799017
151059	0.00172988558
151060	0.0001388824168
151061	0.001335575832
151062	0.006937036001
151063	0.002673224167
151064	0.005748663557
151065	0.00156618124
151066	0.0004902990344
151067	0.004414963806
151068	0.002891614462
151069	6.756046187e-06
151070	0.00151939896
151071	4.14001461e-05
151072	0.0009020116962
151073	0.004038877997
151074	0.00473218401
151075	0.0005221822502
151076	0.000189759402
151077	0.002724825557
151078	0.00498026567
151079	0.0008577142229
151080	0.003515419939
151081	0.002891467211
151082	0.002503411367
151083	0.0008758644889
151084	0.003768936496
151085	0.00458930129
151086	0.001625545432
151087	0.0006653130978
151088	0.001411343832
151089	0.004806072086
151090	0.002013417827
151091	0.000504878018
151092	0.007294447753
151093	0.0004383392395
151094	0.0002806974129
151095	0.009242031456
151096	0.001996715542
151097	0.001580323416
151098	0.003666651279
151099	0.004557117441
151100	0.001212347182
151101	0.001819572806
151102	0.002687259702
151103	0.0005495837748
151104	0.0005956320393
151105	3.922866123e-05
151106	0.002604516893
151107	0.001506351363
151108	0.002264968669
151109	0.001102068716
151110	0.001818527073
151111	3.843035791e-05
151112	0.000341546227
151113	0.006570637468
151114	0.0004297993766
151115	0.0009947299365
151116	0.001611258659
151117	0.00153505246
151118	3.03650788e-05
151119	0.004427435693
151120	0.004054411959
151121	0.0008769957638
151122	0.003769784071
151123	0.005394503574
151124	0.005858363979
151125	0.0003218071362
151126	0.005834913051
151127	0.001150665985
151128	0.001893985753
151129	0.002816213045
151130	0.001940552765
151131	0.002543069036
151132	0.002963621169
151133	0.001272471356
151134	0.004719848685
151135	0.001364774423
151136	0.002257022144
151137	0.000515510329
151138	0.0004539819191
151139	0.003623611334
151140	0.0003941314763
151141	0.0009413999705
151142	5.431894338e-05
151143	0.002496070739
151144	0.001356556652
151145	0.003041198685
151146	0.0005068348951
151147	0.000965812427
151148	0.005286972345
151149	0.0002332264598
151150	0.0007687893058
151151	0.001123936859
151152	0.006897644597
151153	0.00533814205
151154	0.0003093716345
151155	0.002089753213
151156	0.0001624703862
151157	0.001009639698
151158	0.0009531903193
151159	0.0007612103433
151160	0.00191978652
151161	0.0009557930727
151162	7.189220853e-05
151163	0.005467516687
151164	6.498753736e-05
151165	0.0008713544782
151166	0.003718305299
151167	0.001451188885
151168	0.002750730587
151169	0.0003707334633
151170	0.004286788021
151171	0.002948585432
151172	0.00125929822
151173	0.001557800451
151174	0.0007023317454
151175	0.003128415375
151176	0.0001624881623
151177	0.001871454801
151178	0.0005251542934
151179	0.003516621346
151180	0.00268196241
151181	0.004652353687
151182	0.005281841666
151183	0.004960848402
151184	0.0001859661954
151185	0.001430614304
151186	0.0001464013842
151187	0.001394378771
151188	0.001916429843
151189	0.001847889172
151190	0.003614208867
151191	0.0004158748179
151192	0.000944903868
151193	0.001917430164
151194	0.001303966693
151195	0.0003784516658
151196	0.001778562331
151197	0.003435534984
151198	0.00124018802
151199	0.00121153409
151200	0.001767814795
151201	0.0008863253619
151202	0.003397217282
151203	0.0009951152621
151204	0.0008647794164
151205	0.003048224838
151206	0.003269154484
151207	0.001827460965
151208	0.0002246043219
151209	0.003652976913
151210	0.003173890365
151211	0.0006056416108
151212	0.001372205346
151213	0.003673567835
151214	0.006938482158
151215	0.000365267942
151216	0.006401518893
151217	0.003597055456
151218	0.00487741573
151219	0.002342681151
151220	0.001097613526
151221	0.00131694378
151222	0.006902687706
151223	0.0003802251634
151224	0.001170375925
151225	0.0001005052018
151226	0.0004567912323
151227	0.002904067726
151228	0.003536063231
151229	0.0001189537729
151230	0.002994476992
151231	0.006027587841
151232	0.004688405958
151233	0.006006443754
151234	0.001109293277
151235	0.005526699139
151236	0.001960354213
151237	0.0005573838589
151238	6.84923703e-05
151239	0.0003285261059
151240	3.095295746e-05
151241	0.0001091802345
151242	0.000116437605
151243	0.0005768478315
151244	0.0006628732394
151245	0.00665421638
151246	0.004482420931
151247	0.006725475152
151248	0.0002116072323
151249	0.001082429757
151250	0.002539503569
151251	0.0002698801997
151252	0.0001935035603
151253	0.0009984852653
151254	0.001556533337
151255	0.000692902062
151256	0.002928346505
151257	0.001053702209
151258	0.002905182238
151259	6.41030502e-05
151260	0.004016670881
151261	0.002797350243
151262	0.003170792956
151263	0.00568370943
151264	0.002695483862
151265	0.002451045059
151266	0.0004846475391
151267	0.001041503611
151268	0.002073419301
151269	0.006566028289
151270	0.003814323134
151271	0.002243286133
151272	0.001754139199
151273	0.003201297648
151274	0.0004032124675
151275	0.0002809640402
151276	0.0004902827341
151277	0.0009252184849
151278	0.0005261411309
151279	0.002795801673
151280	0.0003660044941
151281	0.0001254507166
151282	0.0003784228774
151283	0.001824166205
151284	0.001657247808
151285	0.001149667277
151286	0.0001508555218
151287	0.0001348466285
151288	0.0007962711837
151289	0.0002622950009
151290	0.0006847747415
151291	0.00041299789
151292	0.0002490843978
151293	0.000700963228
151294	0.0009236882944
151295	0.0003754213146
151296	0.0006358457503
151297	0.000493236219
151298	0.0005475383314
151299	0.0003946524302
151300	0.001304501897
151301	1.381182107e-05
151302	0.0001195262631
151303	0.0005142076209
151304	0.002292657371
151305	0.0006645231865
151306	0.001004982754
151307	0.00167799468
151308	0.0001043840501
151309	0.0003451483222
151310	0.00283665359
151311	0.0004580287775
151312	0.000802622169
151313	0.005598973736
151314	0.002762733705
151315	0.0006215822121
151316	0.001355299297
151317	7.320890731e-05
151318	0.0006058681706
151319	0.0009068388932
151320	0.001262237795
151321	0.0005807897675
151322	0.001568971881
151323	0.0004509655325
151324	0.001796979714
151325	0.0006088601193
151326	0.0002508150273
151327	0.0003983657195
151328	6.040402346e-05
151329	0.0005816148282
151330	0.0008443278824
151331	0.0002890797285
151332	0.0007040082373
151333	0.0006042018034
151334	0.001034380982
151335	0.001294479761
151336	0.0004764865561
151337	0.001267116036
151338	0.002863866306
151339	0.0006802368228
151340	0.001625661481
151341	0.001094083957
151342	0.001598724919
151343	0.002428326387
151344	0.002227176403
151345	0.002190252162
151346	0.0008167372684
151347	0.002155371328
151348	0.002597036026
151349	0.002718455623
151350	0.003295249632
151351	0.005033833239
151352	0.002379059222
151353	0.00160588829
151354	0.0009608572715
151355	0.002208228647
151356	0.001764933099
151357	0.002234389251
151358	0.001928852538
151359	0.0007268149567
151360	0.001065942029
151361	0.002103457031
151362	0.003691750567
151363	0.0001110082646
151364	0.001168127413
151365	0.001837658863
151366	2.886854567e-05
151367	0.00016157506
151368	0.0004867074137
151369	5.7774962e-06
151370	0.005503450247
151371	0.001600935326
151372	0.002413226598
151373	0.000129056284
151374	0.003720073227
151375	0.001407160592
151376	0.0009866132268
151377	0.00305778063
151378	0.001081064743
151379	0.002598312405
151380	0.0008985639884
151381	0.001574274354
151382	0.001670495888
151383	0.001926769876
151384	0.00128801838
151385	0.001229242876
151386	0.002882789506
151387	0.0009075326576
151388	0.001569299743
151389	0.003876528467
151390	0.001276148732
151391	0.00612180829
151392	0.0001611691326
151393	0.005007339802
151394	0.0008400826561
151395	0.007358546753
151396	0.0004619172326
151397	0.0003835675131
151398	0.0001186638822
151399	0.004604581639
151400	0.001860677964
151401	0.0001112836759
151402	0.001788832874
151403	0.0002119955881
151404	0.00233372397
151405	0.000295141455
151406	0.001295957975
151407	0.0004476045302
151408	0.002599039772
151409	0.0002456135557
151410	0.0002356227377
151411	0.002947551435
151412	0.002023410774
151413	0.002148612564
151414	0.003324534796
151415	0.001680565711
151416	0.0004135846069
151417	0.002389676899
151418	0.0001238128282
151419	0.0007591293414
151420	0.0001336494613
151421	0.0009116142923
151422	0.003566923172
151423	0.001535026339
151424	0.0007905281415
151425	0.0001891600572
151426	0.001145021353
151427	0.002111647088
151428	0.002263415939
151429	0.002619550606
151430	0.0006602601013
151431	0.00472843456
151432	0.00417242703
151433	0.005314579899
151434	0.006480698554
151435	0.003123452321
151436	0.002424411842
151437	0.001200705236
151438	0.003239755416
151439	0.001793550976
151440	0.0003049131298
151441	0.001179649257
151442	0.00058628925
151443	0.003142561861
151444	0.002047521278
151445	0.0007511008043
151446	0.0003785976928
151447	9.955219446e-05
151448	0.003397378928
151449	0.00525420555
151450	0.0009111083552
151451	0.002493697118
151452	0.002308141049
151453	0.002574999287
151454	0.0003149455601
151455	0.002792732803
151456	0.001030021506
151457	0.001677344432
151458	0.001672960951
151459	0.00170182188
151460	0.003194532134
151461	0.0001568187799
151462	0.0001515307207
151463	0.00252645662
151464	0.003542491252
151465	0.001550745439
151466	0.0005444390419
151467	0.00162530791
151468	0.0007582932072
151469	0.0005696230494
151470	0.00207177566
151471	0.0001127707823
151472	0.001088185482
151473	0.001422846635
151474	0.001296335361
151475	0.000440256979
151476	0.003421837908
151477	0.002976658517
151478	1.311811407e-05
151479	0.004393539712
151480	0.002638931664
151481	0.001163104111
151482	0.003844557374
151483	6.415948471e-05
151484	0.005575784868
151485	0.002828912292
151486	0.0001837000731
151487	0.002448132701
151488	0.0009586864694
151489	0.001953599274
151490	0.000988124473
151491	0.0003760384606
151492	0.003216874695
151493	0.0001898889472
151494	0.001259596373
151495	0.002482170546
151496	0.0003460924799
151497	0.001100053753
151498	0.0001128848672
151499	0.0001784178761
151500	0.0001433296228
151501	0.0001067580744
151502	0.0001263320953
151503	0.0001132911392
151504	2.130310964e-05
151505	0.001520142176
151506	0.002830528647
151507	0.001658584896
151508	0.00281642235
151509	0.001611627257
151510	0.005699907625
151511	0.0001928083223
151512	0.002776865724
151513	0.005152798086
151514	0.0004817691791
151515	0.001831300031
151516	8.781007826e-05
151517	0.0007994648534
151518	0.002574805747
151519	9.908912863e-05
151520	0.0008119077614
151521	0.0002962753523
151522	0.0009236104401
151523	0.00498504334
151524	0.002388289152
151525	0.001173797122
151526	0.0009408496468
151527	0.0002601822032
151528	0.003599252925
151529	0.001560924875
151530	0.00141372759
151531	0.003692370227
151532	0.002262914092
151533	0.002229022867
151534	2.791229818e-06
151535	0.002518181896
151536	0.001455801306
151537	0.000561617624
151538	0.002526156913
151539	0.002952776821
151540	0.002389389236
151541	0.005549429116
151542	0.005209291997
151543	0.002271669904
151544	0.0006434632187
151545	0.001049221956
151546	0.003843390128
151547	0.002430981713
151548	0.0005716558294
151549	0.001093436045
151550	0.001806573758
151551	0.001870858173
151552	0.002362374181
151553	0.0004851935463
151554	0.004022746635
151555	0.00214436248
151556	0.002850127546
151557	0.002661936891
151558	0.002254309632
151559	0.0002498261407
151560	0.0004122902916
151561	0.0004539021818
151562	0.004176541375
151563	0.00559186031
151564	0.006025479187
151565	0.005057197637
151566	0.006223185457
151567	0.003274650741
151568	0.003214207558
151569	0.006182337219
151570	0.007758554373
151571	0.0007488164915
151572	0.002419581564
151573	0.006214115881
151574	0.007386200331
151575	0.005260660156
151576	0.003960050354
151577	0.0008830916299
151578	0.004719835645
151579	0.0007450862944
151580	0.002036653903
151581	0.003367785799
151582	0.0008695364447
151583	0.006583029395
151584	0.006456912647
151585	0.0007844999583
151586	0.003578351195
151587	0.0007429990118
151588	0.004505995982
151589	0.0002584699403
151590	0.001033172991
151591	0.000450745016
151592	0.001461510445
151593	0.0007394971243
151594	0.003315294995
151595	0.0008485980772
151596	0.0001310608739
151597	0.006593889259
151598	0.001036808835
151599	0.000852381609
151600	6.809809764e-05
151601	0.0006546016866
151602	0.00377893416
151603	0.001821584966
151604	0.002640244519
151605	0.004156730468
151606	0.004234847112
151607	0.002112384764
151608	0.0007908554348
151609	0.002071913548
151610	0.002501656252
151611	6.635826774e-05
151612	0.001491204142
151613	0.0004265801604
151614	0.002427438565
151615	0.002642698259
151616	0.002502229133
151617	0.005030281331
151618	0.0007663781256
151619	0.001951529152
151620	0.001432489664
151621	0.001882032352
151622	0.004540141968
151623	0.002701934635
151624	0.001260674197
151625	0.002622089438
151626	0.001645916915
151627	0.00170739399
151628	0.001760520231
151629	0.003184322756
151630	0.002744538017
151631	0.003222917954
151632	0.001123303664
151633	0.00444175428
151634	0.002817093404
151635	0.004657834257
151636	0.006331091278
151637	0.001982393185
151638	0.00143444828
151639	0.001217913604
151640	0.0002289918667
151641	4.342420053e-05
151642	0.0044171356
151643	0.0009733599777
151644	0.00204318674
151645	0.001326639054
151646	0.007085456168
151647	0.000336326584
151648	0.004329998098
151649	0.002230776293
151650	0.0006680777666
151651	5.971636012e-05
151652	0.001977390892
151653	0.001432302678
151654	0.000242231818
151655	0.004107492272
151656	0.0001949833691
151657	0.0007881122722
151658	0.004019213022
151659	0.001729141789
151660	0.0004624553811
151661	0.003329031671
151662	0.007300663161
151663	0.002686714464
151664	0.002257151627
151665	0.0008341573904
151666	0.00226577507
151667	0.000318737503
151668	0.001585884968
151669	0.002586207231
151670	0.008484021434
151671	0.00171250287
151672	0.002375812803
151673	0.0002515646013
151674	0.0004027917918
151675	0.007100858229
151676	0.00421418656
151677	0.003211245999
151678	0.005563472664
151679	0.0004447056672
151680	0.0001597941541
151681	0.0007767851788
151682	0.0005797436984
151683	0.001760406054
151684	0.003571101515
151685	0.0005178742526
151686	0.0003291314124
151687	0.007138168535
151688	0.0003711814414
151689	0.004805374105
151690	0.001021492109
151691	0.002258386684
151692	8.995852924e-05
151693	0.001226780003
151694	0.001419322979
151695	0.001766183056
151696	0.002684158156
151697	2.696165615e-05
151698	0.004733617402
151699	0.002232442468
151700	0.0008847141052
151701	0.001463365716
151702	0.0001994064435
151703	0.003020695754
151704	0.0001265303901
151705	3.381327725e-05
151706	0.000972691886
151707	0.003173750782
151708	0.0002287339968
151709	0.001179128666
151710	0.0001004027418
151711	0.00225225052
151712	0.001438008469
151713	0.001999020556
151714	0.003178253134
151715	0.004186067871
151716	0.0003663772288
151717	0.001023205744
151718	0.0009343272175
151719	0.000675410223
151720	0.009111998107
151721	0.00780441158
151722	0.002766578999
151723	0.003066694303
151724	0.001253935583
151725	0.005096819854
151726	0.00146986149
151727	0.001053085674
151728	0.006116893929
151729	0.002782676715
151730	0.002379714726
151731	0.002022853185
151732	0.001699198574
151733	0.001279124805
151734	0.0001338589314
151735	0.0007563507717
151736	0.001175490415
151737	0.002151346655
151738	0.00103960485
151739	0.0002804437795
151740	0.000684390462
151741	0.001457991045
151742	0.005290150447
151743	0.002219419531
151744	0.004879739963
151745	0.001855708862
151746	0.0005510950571
151747	0.004114499592
151748	0.001613281137
151749	0.001117512765
151750	0.001065248471
151751	0.001643974033
151752	0.0003634292614
151753	0.000364603368
151754	0.005307023808
151755	0.00345673512
151756	0.005760233659
151757	0.001915734053
151758	0.001978788687
151759	0.001051415565
151760	0.002612239199
151761	0.0006393909073
151762	0.002272760553
151763	0.001582512909
151764	0.0004518019087
151765	0.000232576177
151766	0.00358609195
151767	0.0012031884
151768	0.004055850204
151769	0.0004098268761
151770	0.004391271667
151771	0.001079373279
151772	0.0008235246459
151773	0.0001242892936
151774	0.001910318261
151775	0.0003733949278
151776	0.0001080409026
151777	0.0007739372299
151778	0.0005008321767
151779	4.38185912e-05
151780	0.0004176119184
151781	0.001337227337
151782	0.001716499054
151783	0.001590338478
151784	0.001596958348
151785	0.0006319988781
151786	0.001642382177
151787	0.001415743546
151788	9.592279565e-05
151789	0.001085444084
151790	0.001394450619
151791	0.001303041585
151792	0.001442994513
151793	0.001299784311
151794	0.001365530168
151795	0.001339130487
151796	0.001614190098
151797	0.001036543113
151798	0.001171571525
151799	0.001836317665
151800	0.001491135686
151801	0.001170140734
151802	0.001266491454
151803	0.001066681991
151804	0.001722399763
151805	0.001020082915
151806	0.001559817913
151807	0.001282217605
151808	0.00167897925
151809	0.001515673655
151810	0.0006836348751
151811	0.001420463603
151812	0.0006319131231
151813	0.001315235224
151814	3.106897272e-05
151815	0.001180780891
151816	0.001414524479
151817	0.001700282875
151818	0.001133766011
151819	0.001225205244
151820	0.001338086298
151821	0.001398092149
151822	0.001350458556
151823	0.0007523130084
151824	0.001114865283
151825	0.001364641071
151826	0.00142622369
151827	0.0006590862113
151828	0.001243920135
151829	0.001319591923
151830	0.001741838083
151831	0.004729526952
151832	0.001439276927
151833	0.001006931968
151834	0.001061006766
151835	0.0006786909721
151836	0.001057425271
151837	0.001919759193
151838	0.001161385856
151839	0.001482692966
151840	0.001381217546
151841	0.001336467908
151842	0.001547355397
151843	0.002348679212
151844	0.001330010633
151845	0.001797074073
151846	0.001224554393
151847	0.001132261219
151848	0.001407547567
151849	0.001051396999
151850	0.0009252995083
151851	0.001167378215
151852	0.001649817223
151853	0.001139450177
151854	0.002505995197
151855	0.002260706261
151856	0.002222457345
151857	0.002416820836
151858	0.001259596781
151859	0.000490827311
151860	0.001174772619
151861	0.0009944436941
151862	0.001503301212
151863	0.005553895795
151864	0.00149269231
151865	0.00131953287
151866	0.001788551288
151867	0.008201100795
151868	0.001869437068
151869	0.0001588631917
151870	0.001423273733
151871	0.003219923793
151872	0.0013663122
151873	0.0001015320807
151874	0.00193004948
151875	0.0003331451932
151876	0.0008949371498
151877	0.0009659622054
151878	5.6132381e-05
151879	0.002871151169
151880	0.003790838205
151881	0.00305045855
151882	0.001136418794
151883	0.002045128093
151884	0.001870242748
151885	0.002242495781
151886	0.004553745238
151887	0.005819781649
151888	0.003315076942
151889	0.002338599529
151890	0.006021470643
151891	0.0003399250231
151892	0.004482808222
151893	0.0005105544882
151894	0.0006044610945
151895	0.003908861854
151896	0.00148127145
151897	0.003807513742
151898	0.001418755145
151899	0.0003224598812
151900	0.0002604679032
151901	0.002458009613
151902	0.001526865032
151903	0.00264933119
151904	0.001329938512
151905	0.003185000637
151906	0.0003017929783
151907	0.001152499127
151908	0.004581061235
151909	0.007521292709
151910	0.001113772867
151911	0.0009441566512
151912	0.0006691885732
151913	0.001131952817
151914	0.001485520108
151915	0.001902900838
151916	0.002953036837
151917	0.002332165141
151918	0.003663219064
151919	0.001930883416
151920	0.0005756728993
151921	0.002229881518
151922	0.002211031086
151923	0.004753947548
151924	0.00144539969
151925	0.003192864968
151926	0.00302900757
151927	0.0002355455259
151928	0.002451684917
151929	0.000779780168
151930	0.001665013757
151931	0.0007884386948
151932	0.000506847127
151933	0.001365697615
151934	0.001843870686
151935	0.001643861059
151936	0.002717707354
151937	0.002075884658
151938	0.0008109658399
151939	0.0003314214589
151940	0.0001358167752
151941	0.000355177902
151942	0.002767127167
151943	0.001647157691
151944	0.0001914558656
151945	0.001458051583
151946	0.0004909551743
151947	0.0004241695174
151948	0.002572336809
151949	0.003760548943
151950	0.0001889053546
151951	0.001847832945
151952	0.001207494222
151953	0.003005383599
151954	0.00358341539
151955	4.388996783e-05
151956	0.001644545795
151957	0.005114557778
151958	0.0003066815893
151959	0.003948457736
151960	0.0003717831087
151961	0.001562703654
151962	0.0004268590138
151963	0.0005529551543
151964	0.0002737572171
151965	0.003460387365
151966	2.65607282e-05
151967	0.001187006076
151968	0.001280370705
151969	0.001403793008
151970	0.0005068725578
151971	0.00158975601
151972	9.447696399e-05
151973	0.0006529679715
151974	0.0005018588816
151975	0.001264658195
151976	0.003121761078
151977	0.0008609486354
151978	0.001641900068
151979	0.004543748835
151980	0.001148689275
151981	0.003722637057
151982	0.001350940326
151983	0.003529051474
151984	0.00468500061
151985	0.002226367268
151986	0.0007464769555
151987	0.002916467491
151988	0.001866684133
151989	0.002797616308
151990	0.0009751779577
151991	0.005223363171
151992	0.001698193437
151993	9.331522473e-05
151994	0.001840148671
151995	0.002106200163
151996	0.001122982061
151997	0.002711788983
151998	0.0008154476392
151999	0.002252484955
152000	0.0004771607424
152001	0.001272586434
152002	0.001033320512
152003	0.003536171287
152004	0.00205340025
152005	0.001992761957
152006	0.002117060684
152007	0.001415785319
152008	0.0002023672862
152009	0.001782553825
152010	0.003674968882
152011	0.001490875911
152012	0.0002418353455
152013	0.001275647732
152014	0.0001862350232
152015	0.001465443493
152016	0.001081797744
152017	0.0008649532307
152018	0.004129405753
152019	1.418439582e-05
152020	0.0006948965438
152021	0.00350913724
152022	0.0002355532015
152023	0.0001119254047
152024	0.0008890316484
152025	0.0008844709756
152026	0.003190714653
152027	6.997422108e-06
152028	0.0008884435294
152029	0.00121078006
152030	0.002615157564
152031	0.002739151887
152032	0.001580954534
152033	0.005776124483
152034	0.00417524277
152035	0.003110496348
152036	0.0003016800838
152037	0.002411435556
152038	0.006142744683
152039	0.001478082925
152040	0.0006674600317
152041	0.004328793864
152042	0.005563855249
152043	0.0009498332216
152044	0.001156026145
152045	0.0005909254301
152046	0.0019749123
152047	0.004301227125
152048	0.002400302542
152049	0.002182960185
152050	0.001854146178
152051	0.002869152646
152052	0.001101755023
152053	0.0005456177722
152054	0.001857363454
152055	0.001450362467
152056	0.002260002334
152057	0.00245543758
152058	0.00274428564
152059	0.001148362535
152060	0.004785086505
152061	0.004170344523
152062	0.002514255023
152063	0.002650105724
152064	0.004485003808
152065	0.001504259206
152066	0.0001878939863
152067	0.000626038446
152068	0.002726056423
152069	0.004740795507
152070	0.006320904238
152071	0.002539815631
152072	0.003672858804
152073	0.0009632071997
152074	0.0007852496954
152075	0.00266910425
152076	0.0003607762854
152077	0.0002978041265
152078	0.0004786944478
152079	0.005273836984
152080	0.001497688834
152081	0.0001850660264
152082	0.001552963798
152083	0.004312657286
152084	0.001472166401
152085	0.003998844382
152086	0.0006115565059
152087	0.00506776715
152088	0.003186048951
152089	1.04703566e-05
152090	0.0006215232919
152091	0.0003703716988
152092	0.0008090835048
152093	0.001898538819
152094	0.001517951722
152095	0.0009814693635
152096	0.002233971265
152097	0.001373120043
152098	0.001349249801
152099	0.003122054599
152100	0.0004507396309
152101	0.002405052772
152102	0.0003115813358
152103	0.0001846181163
152104	0.0003541049724
152105	0.002720974252
152106	0.0006516656181
152107	0.001035866549
152108	0.0003851806478
152109	0.002513999172
152110	0.0007097896714
152111	0.0009728869129
152112	0.0006699675062
152113	0.003554347617
152114	0.001933670532
152115	0.0001404010662
152116	0.001463722978
152117	0.001781212354
152118	5.92166355e-05
152119	0.0004800556107
152120	0.002414863035
152121	0.00014730785
152122	0.003202926917
152123	0.002884449569
152124	0.002390120605
152125	0.0008727468048
152126	0.0002240945183
152127	0.00276305057
152128	0.001369141285
152129	0.003312436066
152130	0.002525490199
152131	0.002443853811
152132	0.003618863224
152133	0.0001414239476
152134	2.361709938e-05
152135	0.004553962401
152136	0.003705723108
152137	0.003934824108
152138	0.0004231857773
152139	0.00434343893
152140	0.004326683732
152141	0.0007754217021
152142	0.0009997744703
152143	0.00141918259
152144	0.0009062192827
152145	0.003217898025
152146	0.000882555743
152147	0.004400966009
152148	0.002213336518
152149	0.001114494135
152150	0.001097197641
152151	0.00292263531
152152	0.00375590117
152153	0.001951408977
152154	0.0009159438082
152155	0.004772696197
152156	0.0007746317938
152157	0.001762622933
152158	0.00171901013
152159	0.007766436761
152160	0.0003304370035
152161	0.0007076078669
152162	0.001443276995
152163	0.000353043512
152164	0.001069605139
152165	0.004148816964
152166	0.001491262572
152167	0.0009440914263
152168	0.002479227001
152169	0.002474198705
152170	0.001391059455
152171	0.00142090621
152172	0.007798229997
152173	0.005581606924
152174	0.003070296134
152175	0.001372036996
152176	0.001193081528
152177	0.001784022542
152178	0.004570983698
152179	0.003509512897
152180	0.001964807313
152181	0.0005522754219
152182	0.003839511771
152183	7.104403942e-05
152184	0.00178139824
152185	0.005242364158
152186	0.003216596845
152187	0.0008537560771
152188	0.0005996676343
152189	0.002456212052
152190	0.005818457635
152191	0.0002406033913
152192	0.002268845413
152193	0.003377204292
152194	9.937616979e-05
152195	0.003890854173
152196	0.0008254007398
152197	0.0005477967093
152198	0.0009036905254
152199	0.000436698397
152200	0.001375677449
152201	0.002308776114
152202	0.0007787611093
152203	0.0007411364308
152204	0.004297801436
152205	0.0005691405235
152206	0.001412121402
152207	0.001126737413
152208	0.003395002106
152209	0.001285622592
152210	0.0003984303705
152211	0.001035198128
152212	0.001072290234
152213	0.002025403881
152214	0.001192818496
152215	0.00268075873
152216	0.001566951387
152217	0.003295665801
152218	0.0001455336591
152219	0.001049597478
152220	0.0018185686
152221	0.001297773504
152222	0.001145509076
152223	0.001560527517
152224	0.0008924230616
152225	0.003152608336
152226	0.002511858185
152227	0.0005442727677
152228	0.002726316151
152229	0.0023015281
152230	0.003251743319
152231	0.000904783859
152232	0.0008895151638
152233	0.003742733486
152234	0.0002888124451
152235	0.0004714822933
152236	0.003077003155
152237	0.003170342724
152238	0.003011412904
152239	0.00284274918
152240	0.005135533596
152241	0.001005995842
152242	0.004478468633
152243	0.003326921005
152244	0.002971515107
152245	0.01007652751
152246	0.0008906756267
152247	0.003396391419
152248	0.0006222948645
152249	0.0002230914609
152250	0.00339700192
152251	0.000753709261
152252	0.000133023674
152253	0.003053032502
152254	0.0006525548061
152255	0.003930455272
152256	0.0001692944254
152257	0.001097292397
152258	0.0001340433677
152259	0.005132953658
152260	0.000876145145
152261	0.00173462022
152262	0.003922756842
152263	2.012005819e-05
152264	0.0004720885517
152265	0.0002746942689
152266	0.003059315284
152267	0.00197606931
152268	0.0005208854438
152269	0.001968803852
152270	0.001389996276
152271	0.005652916035
152272	0.002749877788
152273	0.001642807133
152274	0.004205507856
152275	0.0006594834386
152276	0.001077772045
152277	0.001170873249
152278	0.0003784410278
152279	0.005232558038
152280	0.002536493786
152281	0.0007770620281
152282	0.002748682306
152283	0.00126449906
152284	0.001124632322
152285	0.004698904941
152286	6.169794656e-05
152287	0.004270124167
152288	0.004706376613
152289	0.003514015837
152290	0.004317275247
152291	0.002642142886
152292	3.922410424e-05
152293	0.0009152267711
152294	0.003294643701
152295	0.0009976445781
152296	0.0006793259346
152297	0.0002131125293
152298	3.768848481e-05
152299	0.008372791402
152300	0.00182558811
152301	0.002277705684
152302	0.002737416562
152303	0.001622500668
152304	0.0003508684847
152305	0.0002505623786
152306	0.0006990417582
152307	0.002044979058
152308	0.0002168272681
152309	0.002536116796
152310	0.001034908243
152311	0.001526801597
152312	0.002680400356
152313	0.0009377676323
152314	0.0009190801919
152315	0.0002910739922
152316	0.002195823771
152317	0.00286008093
152318	0.005246509071
152319	0.0002413345564
152320	0.000521451413
152321	0.0002253445209
152322	1.708508044e-05
152323	0.002468397135
152324	0.0001780947023
152325	0.002396735083
152326	0.002281246572
152327	0.00206517072
152328	0.0002363991653
152329	0.001163860415
152330	0.00140935131
152331	0.001090082685
152332	0.0005744926898
152333	0.003184298159
152334	2.641010078e-06
152335	0.0009678789024
152336	0.00209220411
152337	0.0002919692159
152338	1.758821396e-05
152339	0.0006368417108
152340	0.0001902413287
152341	0.003910325693
152342	0.002649320453
152343	0.002610900343
152344	0.003610684058
152345	0.001010230989
152346	0.001048904325
152347	0.001232611987
152348	0.005683086226
152349	0.0008086254058
152350	0.0001802332479
152351	0.0006363168321
152352	0.0005485487344
152353	5.557353996e-05
152354	0.002676709833
152355	0.0004268600707
152356	0.00498320157
152357	0.00222774529
152358	0.003598236991
152359	0.003562469511
152360	0.001701105492
152361	0.001621367398
152362	0.002735282038
152363	0.001597431847
152364	0.000759185545
152365	0.0007582160629
152366	0.002370992906
152367	0.001911199618
152368	0.003298451629
152369	0.002730711321
152370	0.0004001566883
152371	0.001312343038
152372	0.0001117100243
152373	0.0008307744739
152374	0.00108521786
152375	0.002279205467
152376	0.0007657855332
152377	9.547943918e-05
152378	0.001536754677
152379	0.002762364717
152380	0.002770058873
152381	0.0002925632604
152382	0.001606611445
152383	0.002756663083
152384	0.002540781331
152385	0.0007219172262
152386	0.000743607061
152387	0.001055452636
152388	0.002502403663
152389	0.004288564944
152390	0.001619844443
152391	0.001720854242
152392	0.003391781648
152393	0.006001631998
152394	0.0001278951507
152395	0.0003786358221
152396	0.0008956968748
152397	0.002232256406
152398	0.000515929111
152399	0.004840751253
152400	0.002301446801
152401	0.002256367234
152402	0.0003396122836
152403	0.0008838607527
152404	0.001021137674
152405	0.003794503197
152406	0.003155454634
152407	0.001158631075
152408	0.001083078823
152409	0.0002368722712
152410	0.0007128499158
152411	0.0002887577195
152412	0.0002592672208
152413	0.0002107882739
152414	4.20727467e-05
152415	0.003194357329
152416	0.0007352217672
152417	0.00261503744
152418	0.002180540775
152419	0.00321733709
152420	0.003454609416
152421	0.002520698675
152422	0.003131236851
152423	0.001646256862
152424	0.001557561667
152425	0.001425930251
152426	3.644758984e-05
152427	0.001737312092
152428	0.00326146685
152429	0.003013139869
152430	0.0009589353468
152431	0.0008520543393
152432	8.651970368e-05
152433	0.0008934831223
152434	0.002379385689
152435	4.452491191e-05
152436	7.01585864e-05
152437	0.0008547681072
152438	0.000467290928
152439	0.0008574958795
152440	0.00333465031
152441	0.003092399233
152442	0.0006003581264
152443	0.001048997982
152444	0.0003758653654
152445	0.003972188192
152446	0.001250477423
152447	0.002504716388
152448	0.0007056029773
152449	0.0004018720429
152450	0.001076925437
152451	0.0004736360565
152452	0.002255994998
152453	0.002363911212
152454	0.0009896500222
152455	0.003258346467
152456	0.002402905082
152457	0.004113579304
152458	0.0005183199126
152459	0.002568629595
152460	0.001252159602
152461	0.005257347218
152462	0.0003177953076
152463	0.003314302071
152464	0.008966918885
152465	0.003876571399
152466	0.0003534698581
152467	0.0003246861317
152468	0.00489795135
152469	0.003815526365
152470	0.006471834514
152471	0.0007881692714
152472	0.005952238238
152473	0.0006240552329
152474	0.001154466591
152475	0.0007210803048
152476	0.000152542291
152477	0.0001911453834
152478	0.001649099386
152479	0.001595365602
152480	0.003419407547
152481	0.005034729764
152482	0.005455016749
152483	0.001218627281
152484	0.006339849646
152485	0.003266134528
152486	0.00187159454
152487	0.003267077394
152488	0.0002841278823
152489	0.0008760457181
152490	0.0002946300161
152491	8.05908862e-05
152492	0.002181769172
152493	0.001551131238
152494	0.000515672345
152495	0.001330719951
152496	0.0005299671121
152497	0.0001246676734
152498	0.001797796681
152499	0.0001305274384
152500	0.001666994317
152501	0.002469609329
152502	0.001352138777
152503	0.000366331759
152504	0.002598850195
152505	0.003105443097
152506	0.0003968747309
152507	0.00118335923
152508	0.0008095016984
152509	0.001208590929
152510	0.004205526239
152511	0.001780276268
152512	0.0007776463365
152513	0.001790862128
152514	0.002433202849
152515	0.004453319574
152516	0.0005749067172
152517	0.002727967698
152518	0.001526008311
152519	0.002177120744
152520	0.004452482854
152521	0.001937879044
152522	0.0007375849261
152523	0.005262833335
152524	0.001212517644
152525	0.0003840023909
152526	0.0003787594321
152527	0.0005683228579
152528	0.0005631502842
152529	0.0004372024476
152530	0.0003925098999
152531	0.002621532303
152532	0.0004268566686
152533	0.003405997275
152534	0.004815665154
152535	0.001721740955
152536	0.0001366868855
152537	0.002321270106
152538	0.008319449823
152539	0.001648269283
152540	0.002782006109
152541	0.004795789908
152542	0.002866626357
152543	0.001162681329
152544	0.001946999464
152545	0.0008958628499
152546	5.067384994e-05
152547	0.006097879122
152548	0.002896287381
152549	0.002475169915
152550	0.003374687334
152551	0.004212239471
152552	0.000412736726
152553	0.002730698877
152554	0.006251940337
152555	0.003563152273
152556	0.003909268486
152557	0.005227649093
152558	0.0005440327694
152559	0.0008667942948
152560	0.00457873586
152561	0.001147692869
152562	0.001097929658
152563	0.002989016076
152564	0.003213865498
152565	0.00439316161
152566	0.001140932821
152567	0.001036903857
152568	0.0003189099656
152569	0.004203011619
152570	0.00271685322
152571	0.005979453263
152572	0.0005347990887
152573	0.0007975883496
152574	0.002142736103
152575	0.0001881896372
152576	0.001158958127
152577	0.005612736261
152578	0.001918023795
152579	0.0007348998206
152580	0.002771552213
152581	0.006129739184
152582	0.0001412147878
152583	0.0009464519546
152584	0.004811845586
152585	0.002978602584
152586	0.00203600348
152587	0.0009096913526
152588	0.002658534651
152589	0.003417866636
152590	0.00164406161
152591	0.0004132794818
152592	0.001892224493
152593	0.004129655808
152594	0.002847573581
152595	0.002110514178
152596	0
152597	0.0006176188469
152598	0.001075120463
152599	0.002368794681
152600	0.0007418422704
152601	0.003851851894
152602	0.00223438353
152603	0.0007046544438
152604	0.0008349425841
152605	0.0008523750976
152606	0.001026853131
152607	0.0009231678926
152608	0.000123202079
152609	0.0008035189234
152610	0.0001839343874
152611	0.003346640996
152612	0.001514394398
152613	0.00150990668
152614	3.177642543e-05
152615	0.001114156774
152616	0.003857306836
152617	0.003304163188
152618	0.003004167091
152619	3.732926826e-05
152620	0.0009511490288
152621	0.00458848877
152622	1.398161186e-07
152623	0.00129429371
152624	0.0004991341414
152625	0.0002225060441
152626	0.0006638859974
152627	0.006075843188
152628	0.005831177143
152629	0.002503672578
152630	0.002257923897
152631	0.003382805106
152632	0.000565153165
152633	0.00678364613
152634	0.002986276479
152635	0.001307652627
152636	0.001059262931
152637	0.0008113299428
152638	0.003631369034
152639	0.005607841149
152640	0.000716295142
152641	0.002575088531
152642	0.002710227729
152643	0.0001825449362
152644	0.001030185963
152645	0.004638104557
152646	7.184776503e-05
152647	0.0004907769609
152648	0.003347156736
152649	0.00147158555
152650	0.00212452734
152651	0.001409322773
152652	0.002489761306
152653	0.0007963405362
152654	0.001617963478
152655	7.93071225e-05
152656	0.004708590722
152657	0.001584033254
152658	0.002318613533
152659	0.001525448967
152660	0.006707586313
152661	0.002406861523
152662	0.003838278884
152663	0.0006308969315
152664	0.001704781066
152665	0.003049248731
152666	0.00185967651
152667	0.002300568999
152668	0.001571871529
152669	0.005694391002
152670	0.002030248737
152671	0.001741295151
152672	0.003802891101
152673	0.0009636860855
152674	0.0002336799601
152675	0.0002055936037
152676	0.001189448595
152677	0.004121115816
152678	0.002951424518
152679	0.0008372433394
152680	0.003889779947
152681	0.0002100391427
152682	0.0004869249901
152683	0.001292977984
152684	0.000892971037
152685	0.007570602127
152686	0.004629206566
152687	0.00225241142
152688	0.0006860906196
152689	0.00380009724
152690	0.001982439765
152691	0.0002853447998
152692	0.001063952405
152693	0.001154820914
152694	0.0001354160687
152695	0.001256494456
152696	0.002747962083
152697	0.001149225164
152698	0.001271509568
152699	0.002871710585
152700	0.002007330988
152701	0.0008978429526
152702	0.0004945830486
152703	0.001267042602
152704	0.0006054900471
152705	0.0009034533134
152706	0.0007200058632
152707	0.00052819541
152708	0.003361529631
152709	0.002156250235
152710	0.001404944325
152711	0.001178763502
152712	0.0001688099735
152713	0.005189961375
152714	0.007790626534
152715	0.0003447059342
152716	0.0003783811494
152717	0.001217958119
152718	0.001160500675
152719	0.0004381406118
152720	0.0001874926919
152721	0.003523561024
152722	0.001208344627
152723	0.001210174727
152724	0.001239736669
152725	0.000256502706
152726	0.0003528902672
152727	0.001399127096
152728	0.0004506441692
152729	0.0002266109985
152730	0.0007089158476
152731	0.0007610453886
152732	0.0007678214897
152733	0.0004253707117
152734	0.0004921471206
152735	0.0008604212438
152736	0.0004621837095
152737	0.001760202311
152738	0.0004800418982
152739	0.0001975162709
152740	0.0001640346414
152741	0.00306402056
152742	0.0007932694326
152743	0.000226926671
152744	0.0009044631201
152745	0.0005666810963
152746	0.0001029757065
152747	0.00662298937
152748	0.0001893532325
152749	0.0007372567941
152750	0.000408543463
152751	0.005024726051
152752	0.001159715311
152753	0.0004864539222
152754	0.003580600081
152755	0.001070236446
152756	0.003231439352
152757	0.001538514485
152758	0.003444920761
152759	0.0002318276674
152760	0.001942202335
152761	0.002290122562
152762	0.004205228724
152763	0.003067218952
152764	0.001893017182
152765	0.001782640976
152766	0.003605041019
152767	0.003304628797
152768	0.003146640667
152769	0.007212408502
152770	0.00252373943
152771	0.0008495169738
152772	0.002268269002
152773	0.003023899752
152774	0.003640545092
152775	0.004001768901
152776	0.001124587502
152777	0.0003415281206
152778	0.0001930562964
152779	0.0005216845866
152780	0.0009455722529
152781	0.0005182579211
152782	0.001897219966
152783	0.001911896594
152784	0.0003115081909
152785	0.001176350179
152786	0.002329336501
152787	0.001817716271
152788	0.00285936038
152789	0.0002612800052
152790	0.001539282243
152791	0.002608156725
152792	0.004592747968
152793	0.001702730462
152794	0.001102530881
152795	0.002093859964
152796	0.005009735487
152797	0.001978028106
152798	0.0009956932764
152799	0.0008483769928
152800	0.002986295662
152801	0.007875205764
152802	0.004135755551
152803	0.0001818179132
152804	0.004284907592
152805	0.002704539192
152806	0.002692932172
152807	0.005589372875
152808	0.005826116988
152809	0.0009755185241
152810	0.0006720975432
152811	7.829797915e-05
152812	0.002656989498
152813	0.004235529161
152814	0.0005418354483
152815	0.005051658049
152816	7.191315229e-05
152817	0.004814943293
152818	0.001579451233
152819	0.002938895263
152820	0.004752262995
152821	0.001955152036
152822	0.00483309434
152823	0.005955886586
152824	0.002583120776
152825	0.002909710303
152826	0.00141414005
152827	0.0009219693532
152828	0.001142037881
152829	0.005771783142
152830	0.008052872399
152831	0.002116740553
152832	0.001542199621
152833	0.001770104229
152834	0.0008950829931
152835	0.003040548779
152836	0.0008726401781
152837	0.003286615046
152838	0.0005771581108
152839	0.003786306037
152840	0.0001237811149
152841	0.00221212797
152842	0.002154047044
152843	0.001778355793
152844	0.00152810198
152845	0.001501473823
152846	0.004068208043
152847	0.001788891652
152848	0.001258377253
152849	0.001678941487
152850	0.0003733718567
152851	0.001509008
152852	0.00426763058
152853	0.009442457214
152854	0.00165519008
152855	0.001049073043
152856	0.001189339392
152857	0.0008222990164
152858	0.004263290624
152859	0.002860107619
152860	0.002767907981
152861	0.0001581581473
152862	0.004201316124
152863	0.0006371438203
152864	0.001671507259
152865	0.002777393431
152866	0.005538182765
152867	0.002841044006
152868	0.001572114756
152869	0.004516747891
152870	0.002017862314
152871	8.033309226e-05
152872	0.002415285957
152873	0.001050873112
152874	0.001295618868
152875	0.002391868772
152876	0.0001305424479
152877	0.0007305588062
152878	0.0008755244485
152879	0.0008574946773
152880	0.0009979031454
152881	0.004140350241
152882	0.0009369647368
152883	0.002230350083
152884	0.0009341599742
152885	0.003814189146
152886	0.00162570726
152887	0.000590004673
152888	0.001177141812
152889	0.005728575888
152890	0.0005806811767
152891	0.002455489198
152892	0.001950500434
152893	0.004719255665
152894	0.001290763038
152895	0.001998931229
152896	0.005137757051
152897	0.002803566651
152898	0.004488269844
152899	0.001846393182
152900	0.003083135244
152901	0.0006620682539
152902	0.001115303212
152903	0.002382308743
152904	0.004370161206
152905	0.003411513132
152906	0.0006378578255
152907	0.005353203994
152908	0.004470025123
152909	0.002149240546
152910	0.001576230352
152911	0.004107160642
152912	0.002861715143
152913	0.002182131788
152914	3.264551989e-05
152915	0.0002727080586
152916	0.001796886983
152917	0.003014875578
152918	0.0003754200398
152919	0.0006646912384
152920	0.003318629151
152921	0.003525950995
152922	0.0009586640341
152923	0.0005277190298
152924	0.004226738307
152925	0.008283480569
152926	0.002279684344
152927	0.0008898528345
152928	0.001462037039
152929	0.003906144161
152930	0.002391478108
152931	0.001202233036
152932	0.00143542709
152933	9.040826445e-05
152934	0.001643467878
152935	0.003180383375
152936	0.001023381318
152937	0.001355044755
152938	0.001989801646
152939	0.004074235706
152940	0.0005619006786
152941	0.001624681208
152942	0.0003415898847
152943	0.003874891827
152944	0.001316241
152945	0.001558598254
152946	7.008250172e-05
152947	0.003031515111
152948	0.004446130445
152949	5.192376124e-05
152950	0.007909336006
152951	5.846481155e-05
152952	0.0002610558472
152953	0.001969515784
152954	0.0001627488945
152955	0.001365899051
152956	0.00111568619
152957	0.0001133685433
152958	0.001229068217
152959	0.002449470397
152960	0.0003754200398
152961	0.003618555452
152962	0.009640352428
152963	0.002196822503
152964	0.003328600688
152965	0.0002891695009
152966	0.0005480304238
152967	0.0003847558975
152968	8.688669107e-05
152969	0.0003460383747
152970	0.0003566891831
152971	0.005776348298
152972	0.00266847954
152973	0.0005431836473
152974	0.002109556085
152975	0.00404636962
152976	0.0002772340821
152977	0.001800679313
152978	0.002058255352
152979	0.003320929033
152980	0.0009353140525
152981	0.006837690203
152982	0.001512362613
152983	0.0003754200398
152984	0.0002556937563
152985	0.002939531555
152986	0.001492376352
152987	0.002453486665
152988	0.001495148829
152989	0.003260354678
152990	0.0009229582274
152991	0.0002403908304
152992	0.001154502761
152993	0.007906428519
152994	0.003362029285
152995	0.004210072233
152996	0.002757882704
152997	0.004339843692
152998	0.0002290892177
152999	0.001168357694
153000	0.001532736049
153001	0.001198534639
153002	0.0008399306881
153003	0.0007464247307
153004	0.0001638648964
153005	0.003759210824
153006	0.004551786269
153007	0.0002116144748
153008	0.0008588953454
153009	0.00085653122
153010	0.001110992395
153011	0.0008801754227
153012	4.954635157e-05
153013	0.003565568813
153014	0.002966638143
153015	0.00189004532
153016	0.001643527541
153017	5.813014862e-05
153018	0.004498262119
153019	0.003687034126
153020	0.001021175644
153021	0.007019848577
153022	0.001761280331
153023	0.0001434863068
153024	0.001553714084
153025	0.002193022007
153026	0.002288989715
153027	5.876522851e-05
153028	0.000715699959
153029	0.0007525426354
153030	0.0003792244516
153031	0.003484112179
153032	0.0006906047475
153033	0.005631004244
153034	0.002555464936
153035	0.006360421007
153036	0.002542553039
153037	0.003243256587
153038	0.002899444574
153039	0.00570476543
153040	0.0004027278394
153041	0.000275029694
153042	0.008978881787
153043	0.0001186746677
153044	0.0001299857099
153045	0.0005906864388
153046	0.001683476986
153047	0.004524588538
153048	0.002283309511
153049	0.004670184867
153050	0.002335820403
153051	6.940437934e-05
153052	0.001276333552
153053	0.002465401667
153054	0.003467945111
153055	0.001795288341
153056	0.001527193995
153057	0.001687613098
153058	0.00591855775
153059	1.621870097e-05
153060	0.002796704583
153061	0.00328784951
153062	0.000833741401
153063	0.00498709362
153064	0.004953577191
153065	0.0008493521245
153066	0.0002577380155
153067	0.002905326376
153068	0.0005993246987
153069	0.002934672939
153070	0.004792695781
153071	0.0008948018092
153072	0.0007144481179
153073	0.003469432948
153074	0.0009489132019
153075	0.002601090736
153076	0.002424665557
153077	0.001909104094
153078	0.002379372659
153079	0.003506480144
153080	0.001481600138
153081	0.001309553277
153082	0.0008075302336
153083	0.001221280342
153084	0.005266519422
153085	0.002000355278
153086	0.0009856754158
153087	0.0003301057584
153088	0.001625086089
153089	0.003915796546
153090	0.005968733413
153091	0.002465691992
153092	0.0003626716006
153093	0.0006403179173
153094	0.00116364445
153095	0.001302062204
153096	0.0005776286448
153097	0.003617029525
153098	0.0003951444535
153099	0.002738130198
153100	0.008060908313
153101	0.001424786607
153102	0.003002829161
153103	0.0007131923213
153104	5.591716098e-05
153105	0.003000944559
153106	0.0004080783434
153107	0.0001788161681
153108	0.0009497769512
153109	0.002289797381
153110	0.0004060022848
153111	0.0004645084002
153112	0.004435122389
153113	0.00310063427
153114	0.0004654413711
153115	0.000473884057
153116	0.002009214333
153117	0.001205676709
153118	0.003268840898
153119	0.001478591585
153120	0.002054974946
153121	0.0001697495776
153122	0.001107866644
153123	0.001379356624
153124	0.001277544887
153125	0.002834307596
153126	0.002861243707
153127	0.004400441247
153128	0.005273644967
153129	0.003681239277
153130	0.0009316658163
153131	0.0005496543175
153132	0.008136765656
153133	0.002475830648
153134	0.0007072155647
153135	0.003462389877
153136	0.00373403648
153137	0.005919174529
153138	0.002209940011
153139	0.0009521244067
153140	0.003401228064
153141	0.0003978939357
153142	0.00420619753
153143	0.003309707158
153144	0.005625886887
153145	0.003237544591
153146	0.0004676110955
153147	0.003056901354
153148	0.002374195114
153149	0.0009243795063
153150	0.001847426473
153151	0.0007644356454
153152	0.000782980457
153153	0.004896853071
153154	0.000726300492
153155	0.0003842152909
153156	0.0005178177698
153157	0.0002052255575
153158	0.0006335244907
153159	0.0003736017332
153160	0.0003335816895
153161	0.002655853119
153162	0.0009893945074
153163	0.0006368930999
153164	0.001643455832
153165	0.001043653938
153166	0.005218551991
153167	0.004778741778
153168	0.005204668329
153169	0.001060550616
153170	0.002895486198
153171	0.0004794292454
153172	0.002875365477
153173	0.001300822774
153174	0.0003214722798
153175	0.002840393604
153176	0.0008237198009
153177	0.002845760319
153178	0.004491281804
153179	0.000317259601
153180	0.003140294278
153181	0.003171211796
153182	0.0006364758471
153183	0.0008789705865
153184	0.004124120351
153185	0.00193268364
153186	0.003855744079
153187	0.001214801793
153188	0.001225263048
153189	0.004674092688
153190	0.0001868357975
153191	0.001953516278
153192	0.0009566586813
153193	0.0008130824529
153194	0.001517844027
153195	0.002081845188
153196	0.00280555734
153197	0.002471184515
153198	0.0006156584691
153199	0.0007847969621
153200	8.143378414e-05
153201	0.001911695613
153202	0.001113731518
153203	0.002981978995
153204	0.001851135293
153205	0.0009632919253
153206	0.0008350052714
153207	0.001639813064
153208	0.002833789618
153209	0.001215995958
153210	3.576086239e-05
153211	0.001073226912
153212	0.00262143464
153213	0.002132664999
153214	0.001211641637
153215	0.005985330799
153216	0.00212127381
153217	0.002722847563
153218	0.001367972701
153219	0.0004750958112
153220	0.0006576866698
153221	0.001435435516
153222	0.00474696983
153223	0.0004374728542
153224	0.001041212844
153225	0.003722611313
153226	0.0005505081309
153227	0.001733454466
153228	0.0014434856
153229	0.003143602572
153230	0.0004611390435
153231	0.0008615015914
153232	0.00248083015
153233	0.0008304158672
153234	0.003357263521
153235	0.006834662976
153236	0.001214210379
153237	0.00664549003
153238	1.444071857e-05
153239	0.004119162176
153240	0.0031654905
153241	0.0009702571696
153242	0.005219088886
153243	0.001814639177
153244	0.002840325769
153245	0.0009949779845
153246	0.005273480528
153247	0.002524655204
153248	0.001272802673
153249	0.001673637186
153250	0.003074616158
153251	0.001433029509
153252	0.003605002677
153253	0.007894239879
153254	0.005219474969
153255	0.0005448037489
153256	0.000355395791
153257	0.004437867305
153258	0.001672004802
153259	0.0008937115598
153260	0.006860560298
153261	0.0003754200398
153262	6.603644202e-05
153263	0.003574691575
153264	0.002394598045
153265	0.0006001731714
153266	0.000398649658
153267	0.0003548295576
153268	0.00154518188
153269	0.0006641876507
153270	0.0005178685771
153271	0.005904544644
153272	0.002112742376
153273	0.001965323448
153274	0.001370875864
153275	0.002255618585
153276	0.000200976944
153277	0.0042108797
153278	0.007037954597
153279	0.003265639741
153280	6.115261592e-05
153281	0.007416095919
153282	0.001389432621
153283	0.001613970119
153284	0.00236813713
153285	0.002713395515
153286	0.002224108462
153287	0.00200301927
153288	0.001064577034
153289	0.0005965498361
153290	0.001060217639
153291	0.002665420925
153292	0.001374682942
153293	0.003586413133
153294	0.002829585112
153295	0.0001552032815
153296	0.002011926387
153297	0.005784846821
153298	0.0004686034553
153299	0.0008254066184
153300	0.003067732132
153301	0.00440880541
153302	0.005412034917
153303	0.002927750708
153304	0.002838099873
153305	0.001168330542
153306	0.0003877043363
153307	0.004984399514
153308	0.0008362711212
153309	0.002218389314
153310	0.0001731749873
153311	0.0005953763421
153312	0.001141441594
153313	0.0002403792529
153314	0.005701345689
153315	0.0008636106658
153316	0.001242724727
153317	0.002049748037
153318	0.001425605192
153319	0.006766844509
153320	0.001366746857
153321	0.003205796694
153322	0.003731992393
153323	0.001959694518
153324	0.0001746279547
153325	0.002740996188
153326	0.0003546386177
153327	0.002463690168
153328	0.00157012583
153329	0.001112058999
153330	8.562152339e-05
153331	0.0007130953161
153332	0.001298546825
153333	0.005937660926
153334	0.00132778393
153335	0.002857307174
153336	0.005934752263
153337	0.001435712901
153338	0.0008491818665
153339	0.0006997103574
153340	0.004708269956
153341	0.000867303464
153342	0.004234631376
153343	0.003786255393
153344	0.005581835042
153345	0.00663940508
153346	0.005880998804
153347	0.001085825064
153348	0.002828223263
153349	0.0002923453526
153350	0.002456737348
153351	0.002268412128
153352	0.005961053523
153353	0.005891094067
153354	0.004819413844
153355	0.006859621191
153356	0.0002057575463
153357	0.001312061098
153358	0.001374784138
153359	0.0005668178212
153360	0.002481620093
153361	0.0003962722098
153362	0.001498615876
153363	0.002552530291
153364	0.003894613674
153365	0.002121077736
153366	0.0003621428456
153367	0.001347010891
153368	0.005273715379
153369	0.001343411103
153370	0.001792421694
153371	0.001646733628
153372	0.0008390071823
153373	0.0003146098621
153374	0.002213926423
153375	0.005649673795
153376	0.003075314353
153377	0.0004772863551
153378	0.0006813059525
153379	0.002971543971
153380	0.001984016903
153381	0.004300286004
153382	0.001349949012
153383	0.004105580893
153384	0.002756898976
153385	0.001502113954
153386	0.002591944721
153387	0.002556683735
153388	0.001818752725
153389	0.003430620801
153390	0.004355777848
153391	0.0008641076068
153392	0.003389475868
153393	0.0006473478385
153394	0.001270496457
153395	0.0040472759
153396	0.002598456255
153397	0.0004288582108
153398	0.002038810038
153399	0.002605923695
153400	0.001667943939
153401	0.002484746584
153402	0.002294856083
153403	0.003223120514
153404	0.005296213314
153405	0.0001664081709
153406	0.003575838056
153407	0.0008529466583
153408	0.001185901731
153409	0.0008252668668
153410	0.002508573019
153411	0.001351094925
153412	0.003577493277
153413	0.004702390369
153414	0.001908440941
153415	0.002860231424
153416	0.001954697636
153417	0.003444957487
153418	0.000817707716
153419	4.214930032e-05
153420	0.003124721031
153421	0.00219331522
153422	0.001518737255
153423	0.0001876035832
153424	0.001838565464
153425	0.003739179971
153426	0.007649646631
153427	0.0001796115672
153428	0.002207093674
153429	0.001133229076
153430	0.0005666929307
153431	0.006092449966
153432	0.0007680607676
153433	0.002170033438
153434	0.0009466560642
153435	0.0007150112694
153436	0.0006370104068
153437	0.001189909619
153438	0.002539108873
153439	0.0005238484285
153440	0.004698531808
153441	0.003370332767
153442	0.001666522245
153443	0.0005764876284
153444	0.0002980010916
153445	0.002734299046
153446	0.0002600796883
153447	0.001087082189
153448	0.00013207452
153449	0.002420566182
153450	0.003413382447
153451	0.001616685053
153452	0.002680011341
153453	0.0008736126612
153454	0.003691102588
153455	0.0002538625125
153456	0.006060125907
153457	0.00248698974
153458	0.002776211798
153459	0.002900845681
153460	0.007194351896
153461	0.0005306716133
153462	0.002310558811
153463	0.002627208695
153464	0.0001131821249
153465	0.0007144201401
153466	0.0005945667717
153467	0.000136273789
153468	0.001689653006
153469	9.343913921e-05
153470	0.001327472896
153471	0.001870992856
153472	6.452310368e-05
153473	0.001870446298
153474	0.0006464567612
153475	0.0006085308629
153476	0.0001251992634
153477	0.00505561717
153478	0.001453950902
153479	0.001488966398
153480	0.008727856131
153481	0.003278655437
153482	0.0006483289892
153483	0.00321059608
153484	0.002971885931
153485	0.002168278499
153486	0.002951814005
153487	0.004301493733
153488	0.003315265474
153489	0.003059322785
153490	0.0003901890059
153491	0.0001359276382
153492	1.81899885e-05
153493	0.00620605621
153494	0.003742473761
153495	0.005618729449
153496	0.002209343456
153497	0.0003765570576
153498	0.0002152911313
153499	0.0001117324868
153500	0.002592061341
153501	0.0004490336771
153502	0.003243975001
153503	0.0007993913315
153504	0.001850791392
153505	0.000885772128
153506	0.0009681321383
153507	0.0003178865895
153508	0.00252138404
153509	0.003721110859
153510	0.00465054043
153511	0.004399139464
153512	0.0003138139542
153513	0.0001701323551
153514	0.0005635604829
153515	0.001541607763
153516	0.001767740313
153517	0.00296500462
153518	0.006828935342
153519	0.003983632697
153520	0.001370570615
153521	0.001241992626
153522	0.001022067023
153523	0.01030000752
153524	0.002641717651
153525	0.0006124282838
153526	0.003064792692
153527	0.001729346029
153528	0.001252013116
153529	0.001679318204
153530	0.003356358968
153531	0.002024141479
153532	0.004791515151
153533	0.0005331700288
153534	3.924846202e-05
153535	0.0007620225597
153536	0.002714171294
153537	0.003592046233
153538	0.009373879529
153539	0.002439547694
153540	0.001159441601
153541	0.003316450837
153542	0.00285469533
153543	0.003046029253
153544	0.002584788594
153545	0.002886092098
153546	0.001981619865
153547	0.002809553888
153548	0.00332555989
153549	0.003462145516
153550	6.238976449e-06
153551	0.002977399636
153552	0.001011852242
153553	0.00132499269
153554	0.005052250822
153555	0.008631299799
153556	0.003628274689
153557	1.888806842e-05
153558	0.003598616889
153559	0.0009292974025
153560	0.0002998574807
153561	0.0002767430405
153562	0.007046700555
153563	0.002963621085
153564	0.003934855217
153565	0.000849492531
153566	0.001510493952
153567	0.003450116746
153568	0.007507404477
153569	0.0007915840322
153570	0.0007666474648
153571	0.003935888855
153572	0.0009600126778
153573	0.003713180209
153574	0.002976122216
153575	0.003831721541
153576	0.00455550363
153577	0.0007177029485
153578	0.001508666858
153579	0.0007194483592
153580	0.003063047138
153581	0.0025270557
153582	0.002020116945
153583	0.002087582286
153584	0.001616861744
153585	0.002896536573
153586	0.00213175028
153587	0.002946633699
153588	0.002844773559
153589	0.003324753219
153590	0.0002798400813
153591	0.004293104735
153592	0.0002078478098
153593	0.001011105296
153594	0.001073368919
153595	0.001384643123
153596	0.003398303725
153597	0.006112211604
153598	0.002419911944
153599	0.003045283369
153600	0.001205006644
153601	0.004462643879
153602	0.007563082931
153603	0.0037861112
153604	0.000266101013
153605	0.007557549448
153606	0.001292322548
153607	0.003171470598
153608	0.006897268684
153609	0.004274500783
153610	0.001841039968
153611	0.005103911265
153612	0.0022934124
153613	0.00176756804
153614	0.006079612035
153615	0.003015727299
153616	0.004585248588
153617	0.001415756522
153618	0.00141292162
153619	0.002728632125
153620	0.004892795278
153621	0.002787208805
153622	0.001348391359
153623	0.0002233729053
153624	0.003606540735
153625	0.001688613924
153626	0.00301777402
153627	0.003156278945
153628	0.0008784603021
153629	0.005333202422
153630	0.001185650791
153631	0.00425839047
153632	0.002502403172
153633	0.0006407786991
153634	0.003861490261
153635	0.003865297885
153636	0.001284315518
153637	0.002651641175
153638	0.0007553474915
153639	0.003140164164
153640	0.001737804944
153641	0.0005878749194
153642	0.003342030164
153643	2.480627388e-05
153644	0.001549878446
153645	0.000223117646
153646	0.003970191808
153647	0.003018173535
153648	0.0001048974549
153649	0.004670081998
153650	0.0006229005923
153651	0.003331463804
153652	0.005745946433
153653	0.001990851494
153654	0.007778220738
153655	0.0008438274812
153656	0.0001679854392
153657	0.001938969576
153658	0.003849322728
153659	0.002564639208
153660	0.005227261545
153661	0.002604680508
153662	0.0001401085275
153663	0.003569517754
153664	0.00433690152
153665	2.785499313e-05
153666	0.00861802407
153667	0.002241240526
153668	0.001266427246
153669	0.002300221622
153670	0.003826334172
153671	0.0003843778243
153672	0.003151941801
153673	0.00280131407
153674	0.00228122179
153675	0.001405836537
153676	0.0008381435251
153677	0.001500312797
153678	0.00185799931
153679	0.005441024302
153680	0.002048121014
153681	0.006114133745
153682	0.0002716453067
153683	0.001140276767
153684	0.001904484171
153685	0.001184717623
153686	0.0006671037474
153687	0.004339177034
153688	0.003226734937
153689	0.00548851985
153690	0.005846508933
153691	0.001887092954
153692	9.436517096e-05
153693	0.001815117552
153694	0.0007469643648
153695	0.002660733048
153696	0.001737152733
153697	0.003493480192
153698	0.0007984644564
153699	0.001634894129
153700	0.004805872948
153701	0.001730968604
153702	0.007196673628
153703	0.005059126676
153704	0.004203875956
153705	0.0002925696483
153706	0.004525930502
153707	0.0006773368848
153708	0.00382253954
153709	0.001662564856
153710	0.002059619935
153711	0.003312852562
153712	0.00265412007
153713	0.001684887327
153714	0.005229829815
153715	5.633349451e-05
153716	0.002921465452
153717	0.0007394367059
153718	0.003006931377
153719	0.0001655164601
153720	0.003730995188
153721	0.002114550277
153722	0.003707455424
153723	0.00575056516
153724	0.001185247967
153725	0.004461997109
153726	0.003875626037
153727	0.003257408758
153728	0.0008418383595
153729	0.003195612925
153730	0.003160603015
153731	0.000159725331
153732	0.004847273324
153733	0.007794769604
153734	0.002213243621
153735	0.001556934187
153736	0.0003262204082
153737	0.003824520723
153738	0.001951387798
153739	0.006879930923
153740	0.0008245199386
153741	0.002739466307
153742	8.688754507e-05
153743	0.001401780287
153744	0.00109783727
153745	0.00457871037
153746	0.0007582177843
153747	0.002450509753
153748	0.0008877433311
153749	0.0001580613595
153750	0.002546080379
153751	0.0003700619125
153752	0.003830607303
153753	0.002433350157
153754	0.006194980946
153755	0.001786869431
153756	0.002461180354
153757	0.002729472333
153758	0.004251246111
153759	0.002137950737
153760	2.843322327e-05
153761	0.0001676391158
153762	4.119503414e-05
153763	0.004206741989
153764	0.0002795030914
153765	0.00149305934
153766	0.003692363996
153767	0.002109062116
153768	0.0008671373745
153769	0.001323458487
153770	7.276977661e-05
153771	0.003441650684
153772	0.0007497638496
153773	0.004088433262
153774	0.002811385298
153775	0.006791662358
153776	7.587184591e-05
153777	0.004363899242
153778	0.001631923244
153779	0.006237476151
153780	0.002743229543
153781	3.606200857e-05
153782	0.002628309275
153783	0.00205092592
153784	0.0028298521
153785	0.0052081255
153786	0.0005060951878
153787	0.004381632223
153788	0.0009011272645
153789	0.002860031599
153790	0.000328958889
153791	0.002959242844
153792	0.001379344993
153793	0.006505001491
153794	0.003854867902
153795	0.001476220331
153796	0.0005698206696
153797	0.00383902622
153798	0.004014602446
153799	0.001635669771
153800	0.001954054047
153801	0.001608232499
153802	0.005517296109
153803	0.001176337673
153804	0.0004565762848
153805	0.001240951447
153806	0.0005483200836
153807	0.001029700729
153808	0.004643042495
153809	7.451723417e-05
153810	0.0004357338682
153811	0.002399928998
153812	0.001054375439
153813	0.0005650481013
153814	0.002586148608
153815	0.0007600851964
153816	0.002520808401
153817	0.004995808804
153818	0.00011440823
153819	0.006124935987
153820	0.001003497013
153821	0.003050596413
153822	0.004328408322
153823	0.001568848321
153824	0.003303959991
153825	0.002929757405
153826	0.0005916774618
153827	0.001044252247
153828	0.002642942789
153829	0.00116643064
153830	0.002134293459
153831	0.0003868762297
153832	0.001764859014
153833	0.003187374433
153834	0.002830096143
153835	0.001716335873
153836	0.004351206715
153837	0.002586431886
153838	0.0006709828014
153839	0.004996059615
153840	0.001861590932
153841	0.0004220588617
153842	0.0008434469062
153843	0.001946409078
153844	6.306442974e-05
153845	0.002179965261
153846	0.0001528633936
153847	0.003358857802
153848	0.003283691899
153849	0.001843413915
153850	0.003390463479
153851	0.0003559223408
153852	0.003281815916
153853	0.001476749342
153854	0.001170530932
153855	0.0007248127916
153856	0.001450167626
153857	0.00160735486
153858	0.0003523027464
153859	0.0006664651359
153860	0.001042143509
153861	0.001387779275
153862	0.0002577947936
153863	0.003974056222
153864	0.002385767061
153865	0.0004718301743
153866	0.001113940905
153867	0.000690944261
153868	0.0009685143672
153869	0.0008712759304
153870	0.002553239515
153871	0.001536687737
153872	0.001176958683
153873	0.005755179002
153874	0.004914965316
153875	0.006351820944
153876	0.004714668807
153877	0.001467229426
153878	0.002533370283
153879	0.001469087181
153880	0.00555222218
153881	0.001947066476
153882	0.000527380811
153883	0.0007426073764
153884	0.0008435496036
153885	0.002272541157
153886	0.001598911461
153887	0.0009180968868
153888	0.001205988994
153889	0.0009008854091
153890	0.0005579393541
153891	0.005982858477
153892	0.003684252587
153893	0.0002544335987
153894	0.000565710954
153895	0.000820117628
153896	0.00050064801
153897	0.001351738664
153898	0.001327652262
153899	0.000489421225
153900	0.0003458476345
153901	0.0004622379002
153902	0.0008668442649
153903	0.0004735103351
153904	0.001762974893
153905	8.24271769e-05
153906	9.899786386e-05
153907	0.002322113281
153908	8.844195803e-05
153909	0.001063066419
153910	3.688465425e-05
153911	0.005766354395
153912	0.0009324482208
153913	0.004744981815
153914	0.004161513642
153915	0.005146597088
153916	0.004623440987
153917	0.003717067807
153918	0.0001551326662
153919	0.001309804011
153920	0.00114026072
153921	0.009303736783
153922	0.002842730976
153923	0.002160665067
153924	0.0001769280934
153925	0.0004820757202
153926	0.000746335771
153927	0.0007810230312
153928	0.00203109367
153929	0.005074109963
153930	0.0003885298514
153931	0.001296133189
153932	0.001152017156
153933	0.0006025529876
153934	0.003524932334
153935	0.002920102269
153936	0.004646684831
153937	0.003216295704
153938	0.004043411993
153939	0.001959353868
153940	0.001189405174
153941	0.0009907965017
153942	0.001312853087
153943	0.001592677125
153944	0.001123496587
153945	0.000864448677
153946	0.00286494745
153947	1.964829532e-07
153948	0.0008975243696
153949	0.002274543231
153950	0.002460829882
153951	0.0008168854572
153952	0.001294117844
153953	0.0018529392
153954	0.0006665548929
153955	0.002489804844
153956	0.001536323161
153957	0.002732097073
153958	0.004036618045
153959	0.001183697045
153960	2.724648611e-05
153961	0.003607543659
153962	0.001404728783
153963	0.0009629867688
153964	0.001864153184
153965	0.003079288232
153966	0.0005729001389
153967	0.001612595956
153968	0.0026948686
153969	0.0001780143069
153970	0.0003360796781
153971	0.001268970993
153972	0.005137540122
153973	0.00116901656
153974	0.0007685456543
153975	5.101205723e-05
153976	0.007126543862
153977	0.004188615985
153978	0.0002157904165
153979	0.006269911801
153980	0.004819288057
153981	0.001400340018
153982	0.001669397874
153983	0.001983962197
153984	0.001818694831
153985	0.001355346202
153986	0.002914775662
153987	0.000729179118
153988	0.002205405485
153989	0.005317575496
153990	0.0008555419515
153991	0.0005918826644
153992	0.003117806683
153993	0.0001354297172
153994	0.005152125546
153995	0.00273788992
153996	0.002373219464
153997	0.001910699198
153998	0.003375149037
153999	0.0005599160615
154000	0.003822325387
154001	0.0003554042994
154002	0.003839506935
154003	0.01024191921
154004	0.0009200245328
154005	0.002666329311
154006	0.000733019962
154007	0.001314792474
154008	0.0008055488325
154009	0.003109146399
154010	0.003229318748
154011	0.001146469479
154012	0.001407627329
154013	0.002719948289
154014	0.000630869695
154015	0.004847014674
154016	0.004273511228
154017	0.00164914831
154018	0.003921979451
154019	0.001283241261
154020	0.00357791669
154021	0.007425911968
154022	0.00125321152
154023	0.0009403729579
154024	0.0004788626437
154025	0.003551779407
154026	0.000594802908
154027	0.0008205817178
154028	0.002040537915
154029	0.001011296942
154030	0.006364474407
154031	0.0003458723872
154032	0.0007137239922
154033	0.002620459046
154034	0.001624885517
154035	0.002437491036
154036	0.0005529676519
154037	0.003152258563
154038	0.0005888138737
154039	0.0006539563625
154040	0.0007948215544
154041	0.007537141956
154042	0.006282483532
154043	0.008694045191
154044	0.004377096632
154045	0.001492164774
154046	0.0009058835717
154047	0.007272141922
154048	0.003057777003
154049	0.003833562163
154050	0.004456704573
154051	0.001251538549
154052	1.428183277e-05
154053	0.00518750195
154054	0.001174533579
154055	0.0001170269232
154056	0.002411839781
154057	0.002906934453
154058	0.001738827462
154059	0.003245569257
154060	0.002830088019
154061	0.0001181060049
154062	0.001657392907
154063	0.001128933632
154064	0.00288054673
154065	0.00271068614
154066	0.002890538928
154067	0.0008121470485
154068	0.0007473564751
154069	0.003651371896
154070	0.001374017544
154071	0.0005387539903
154072	0.001841296471
154073	0.002255093464
154074	0.0008050494538
154075	5.015260748e-05
154076	0.001272755239
154077	0.006440522525
154078	0.00447093501
154079	0.00160383072
154080	0.002184815591
154081	0.001708415478
154082	0.003301505718
154083	0.000648014372
154084	0.001084471041
154085	0.001053430028
154086	0.0002718199793
154087	1.842027704e-08
154088	0.001751287563
154089	0.001258622566
154090	0.001579559469
154091	0.00145546981
154092	0.00176495326
154093	0.0009538715076
154094	0.0024811845
154095	0.0004027774713
154096	0.0001638157864
154097	0.0001522342927
154098	0.003415444616
154099	0.0007016431775
154100	0.0001521632651
154101	0.0002672580133
154102	0.001515769938
154103	9.514916638e-05
154104	0.006925951149
154105	0.001554069058
154106	0.0002898849048
154107	0.001034456149
154108	0.001188585708
154109	0.003653727212
154110	0.000782560777
154111	0.002272940141
154112	0.0008134893239
154113	0.001747818369
154114	0.0008522829074
154115	0.004876941202
154116	0.005646177376
154117	0.009167599986
154118	0.005425255995
154119	0.002982519343
154120	0.003809363012
154121	0.00500620549
154122	0.0007498801081
154123	0.001474667856
154124	0.001774083091
154125	0.001021263708
154126	0.001311417454
154127	0.002056837685
154128	0.001063232319
154129	0.004123396945
154130	0.0005351202136
154131	0.003399701827
154132	0.001506200548
154133	0.005142250748
154134	0.003587185588
154135	0.00237863351
154136	0.0005155842167
154137	0.001458760561
154138	0.0003343673091
154139	0.0006796564049
154140	0.002435980082
154141	0.001136680292
154142	0.006034548812
154143	0.001778562547
154144	0.001995635325
154145	0.0002891734722
154146	0.00330924877
154147	0.006553554693
154148	0.0009982884654
154149	0.0005597380165
154150	0.0003138943663
154151	0.001464112828
154152	0.0002649100966
154153	0.0002927226507
154154	0.002697405535
154155	0.004884533068
154156	0.00478506692
154157	0.00164104011
154158	0.0007842305617
154159	0.0002099470848
154160	0.0009971568666
154161	0.0007376361315
154162	0.002485286347
154163	0.005882794922
154164	0.003330382161
154165	5.254823893e-05
154166	0.002406169617
154167	0.001045590415
154168	0.001516656612
154169	0.0004420585215
154170	0.001682169108
154171	0.002974275093
154172	2.153418048e-06
154173	0.0004079399373
154174	0.0001066057289
154175	0.000406345669
154176	0.005241217369
154177	9.445898224e-05
154178	0.002012875979
154179	0.0005950258503
154180	0.002057819863
154181	0.007026751983
154182	0.0002350342298
154183	0.002780056745
154184	0.005711099019
154185	0.00106589966
154186	1.464377871e-05
154187	0.002062143633
154188	0.0001178878433
154189	0.0009933393027
154190	6.914545562e-05
154191	0.002529274848
154192	0.0007739006071
154193	0.0007473574437
154194	0.001951639183
154195	0.004018800203
154196	0.003723882625
154197	0.003116134808
154198	0.002683374997
154199	0.001047899293
154200	0.0005299379935
154201	0.0001406740184
154202	0.001645384054
154203	0.0007242529754
154204	0.000513370047
154205	0.002435922588
154206	0.0001304890959
154207	0.0006839079375
154208	0.0001274789208
154209	0.0003866767653
154210	0.002783651804
154211	0.001076647706
154212	0.0003605190984
154213	0.0002611327088
154214	0.004600665868
154215	0.0003989561239
154216	0.002806333444
154217	0.0001265189702
154218	9.670795989e-05
154219	0.002285093938
154220	0.000628016494
154221	0.001695200012
154222	0.001255327825
154223	1.973388762e-05
154224	0.0005480076219
154225	0.001745757759
154226	0.001506546674
154227	0.001119624673
154228	0.0005533021011
154229	0.000309601836
154230	0.0003304628375
154231	0.0002407066009
154232	0.00461918928
154233	0.003722994298
154234	0.0005841471233
154235	0.00842662036
154236	0.002742454468
154237	0.0002737591143
154238	0.0007766349304
154239	0.0001979491873
154240	0.00296920308
154241	0.001363417453
154242	0.0002540314571
154243	6.382310778e-06
154244	0.001815825686
154245	0.002727506087
154246	0.001074599592
154247	0.001174131403
154248	0.001880704409
154249	0.00178609988
154250	0.0001539894241
154251	0.001199367154
154252	0.001927100751
154253	0.004388770733
154254	0.0006568423982
154255	0.0001782849502
154256	0.0007974010779
154257	0.0002505568437
154258	0.0005744104247
154259	0.00152083949
154260	0.0008989369135
154261	0.002782641607
154262	0.0001723003651
154263	0.0008569466687
154264	0.00122157511
154265	0.003314174879
154266	0.001267316505
154267	0.001187530101
154268	0.003963635589
154269	0.0009428395283
154270	0.0009927200534
154271	0.001168285522
154272	0.006511291571
154273	0.00221926222
154274	0.00414772432
154275	0.0008507327442
154276	0.0008686785046
154277	0.001909240603
154278	0.004636216845
154279	5.120691769e-05
154280	0.002425244913
154281	0.0008994756268
154282	0.0003312073259
154283	0.00096739251
154284	0.004086475973
154285	0.005135798196
154286	0.006382252608
154287	0.0007771692291
154288	0.005076677712
154289	0.001994393658
154290	0.006151613114
154291	0.002617395715
154292	0.0001015194513
154293	0.002927281081
154294	0.007256814636
154295	0.00284721599
154296	0.0004211412304
154297	0.003930754876
154298	0.0001889053668
154299	2.884875088e-05
154300	5.049252917e-05
154301	0.0002992930075
154302	0.00170960966
154303	0.001577690046
154304	0.000596499674
154305	0.003418699762
154306	0.001245569506
154307	0.0009190346595
154308	0.00109699479
154309	0.003317424841
154310	0.00125781042
154311	0.005124269495
154312	0.0001276550573
154313	0.004114363306
154314	0.002873805337
154315	0.001893063478
154316	0.001770552565
154317	0.001366810526
154318	0.002903433589
154319	0.00495193428
154320	0.00129868566
154321	0.002100775584
154322	6.66446851e-05
154323	0.0009118063985
154324	0.0005575803153
154325	0.004624805246
154326	0.003635803213
154327	0.003458015435
154328	0.001499632344
154329	0.005295914471
154330	0.002489265669
154331	0.0001832382814
154332	0.001934393901
154333	0.0003499312512
154334	0.001821604509
154335	0.002507585937
154336	0.003620918766
154337	0.001284492148
154338	0.001347543054
154339	0.002200811087
154340	0.0004873274143
154341	0.0002907056376
154342	0.0001208729875
154343	0.0003805335089
154344	0.001015256958
154345	0.00030363023
154346	0.0004435864554
154347	5.706912019e-05
154348	0.0004760960962
154349	0.0008534423709
154350	0.0001165741479
154351	0.0009752448392
154352	0.0003006478572
154353	0.001691993355
154354	0.002058312613
154355	0.002103800226
154356	0.002033343738
154357	0.005276197889
154358	0.002693298037
154359	0.002467704685
154360	0.0005098147003
154361	0.002778117138
154362	0.002874463906
154363	0.00211422281
154364	0.004862700532
154365	0.0002288187915
154366	0.002554944975
154367	0.00086811791
154368	0.001614077563
154369	0.001211478966
154370	0.002156087392
154371	3.444070681e-05
154372	0.003414814639
154373	0.0003167432123
154374	0.002479291232
154375	0.002339120291
154376	0.0001152119655
154377	0.003114195938
154378	4.108484928e-05
154379	0.001042944283
154380	0.001441818778
154381	0.001323552726
154382	0.0007919622477
154383	0.006504662993
154384	0.003900554312
154385	0.001016810667
154386	0.001184804635
154387	0.002899481855
154388	0.004353296144
154389	0.004076822938
154390	0.00657633417
154391	0.003512978793
154392	0.003846806823
154393	0.00473445063
154394	0.001066653181
154395	0.007760271251
154396	0.003955299294
154397	0.0005471274002
154398	0.0005438077109
154399	0.001483774411
154400	0.00446262594
154401	0.00157914624
154402	0.003621447002
154403	0.00137562734
154404	0.0006683986409
154405	0.002107271028
154406	0.002292689965
154407	0.004005018109
154408	0.005928193293
154409	0.001958529062
154410	0.003450139502
154411	0.002053946736
154412	0.005957517453
154413	0.004543628514
154414	0.001092506644
154415	0.001623382983
154416	0.002576013498
154417	0.006421011887
154418	0.002845493907
154419	0.004969165213
154420	0.002799204523
154421	0.005605126698
154422	0.005739722509
154423	0.0005163702276
154424	0.001537301818
154425	0.003516619556
154426	0.002723910659
154427	0.0005469277932
154428	0.00712301105
154429	0.003685703519
154430	0.001654120251
154431	0.004842872679
154432	0.004277477969
154433	0.006409760131
154434	0.0003904019844
154435	8.414681022e-05
154436	0.005319284655
154437	0.0001706753847
154438	0.006500893393
154439	0.004876182582
154440	0.003110403926
154441	0.007002258288
154442	0.005734409197
154443	0.002350082647
154444	0.004937264152
154445	0.008991883561
154446	0.0004075562068
154447	0.001922274044
154448	0.001904513542
154449	0.00657081268
154450	0.003508181952
154451	0.005895707715
154452	0.007712019835
154453	0.008334611632
154454	0.004365888893
154455	0.005411569094
154456	0.002975675445
154457	0.008628793261
154458	0.000136158286
154459	0.004112079798
154460	0.002272923803
154461	0.002591900222
154462	0.0005041556689
154463	0.004571156775
154464	0.0002672448886
154465	0.003741517087
154466	0.004672614732
154467	0.0009970424753
154468	0.001215252516
154469	0.000641093855
154470	4.804085374e-05
154471	3.477043002e-05
154472	0.0008404863253
154473	0.0009407196834
154474	0.001590249765
154475	0.001268486512
154476	0.003569383799
154477	0.0008370381545
154478	0.003604457477
154479	0.002239734262
154480	0.003156314029
154481	0.003471968103
154482	0.001528842793
154483	0.002701650642
154484	0.001130781522
154485	0.0002801725661
154486	0.000208846901
154487	0.001281130353
154488	0.0004327949631
154489	0.001914546918
154490	0.0006799865884
154491	0.002273754754
154492	0.0009045757004
154493	0.0007270540188
154494	0.0003075181523
154495	0.002794529797
154496	0.001213786919
154497	0.001315081463
154498	0.001533439259
154499	0.001426347024
154500	0.003399619735
154501	0.002159494812
154502	0.003744017887
154503	0.0006994762552
154504	0.00633300595
154505	0.00108242455
154506	0.002773286272
154507	0.001479427291
154508	0.001363773815
154509	0.004260642204
154510	0.002279742438
154511	0.001940225996
154512	0.00419324045
154513	0.0008056884503
154514	0.0001620659283
154515	0.00112666356
154516	0.0004949829709
154517	0.00157134023
154518	7.739859957e-05
154519	2.460150085e-05
154520	0.001425494454
154521	0.0006854043797
154522	0.001462134064
154523	0.0002301351092
154524	0.0001072613487
154525	0.0004491439015
154526	0.0005601936221
154527	0.0003729873826
154528	0.0003634300142
154529	0.00164492183
154530	0.0007518855967
154531	0.001322997408
154532	0.00159471738
154533	0.002001747975
154534	0.001092557226
154535	0.00149092325
154536	0.001641018064
154537	0.0004394173232
154538	0.0002498858411
154539	0.0005937080371
154540	0.002216472019
154541	0.0005939999547
154542	0.001213514589
154543	0.0003945175588
154544	0.001731809583
154545	0.001024896932
154546	0.0003998237092
154547	0.0007095193518
154548	0.003212025842
154549	0.001898026225
154550	0.000178224496
154551	0.001338093587
154552	0.0006231866207
154553	0.002083408546
154554	0.0004119521104
154555	0.003804885512
154556	0.0002400299657
154557	0.003158158087
154558	0.0006996122035
154559	0.0002687229602
154560	0.0004509732459
154561	0.0005320346237
154562	9.002710729e-05
154563	0.0003870707609
154564	0.000323697817
154565	0.000203983955
154566	0.0005983645452
154567	0.0001987813275
154568	3.523011145e-06
154569	0.0001997855856
154570	0.0001426209373
154571	0.0003097800149
154572	0.0004801761188
154573	0.0003678438114
154574	0.0001875643379
154575	0.0003553293403
154576	0.0001193844446
154577	0.0004033706263
154578	0.0002199716629
154579	0.000439485101
154580	2.379007318e-05
154581	1.032077591e-05
154582	0.0001911930318
154583	9.602543369e-06
154584	0.0006086396926
154585	0.0001597875345
154586	0.000134443841
154587	3.109314414e-05
154588	0.0002994759162
154589	0.0002115680329
154590	0.001531009503
154591	0.0006928822335
154592	0.0006270867879
154593	0.001523596386
154594	0.001551428741
154595	0.001671491603
154596	0.0009953621745
154597	0.0001367035294
154598	0.002215281413
154599	0.0008884146753
154600	0.0004155218272
154601	0.002519317006
154602	0.0006348803406
154603	0.001901033072
154604	0.002998837356
154605	0.003451222792
154606	0.005546922708
154607	0.002647103759
154608	0.0002885153303
154609	0.004954964751
154610	0.003256181482
154611	0.004037779529
154612	0.001181032846
154613	1.8945186e-05
154614	0.001065104614
154615	0.001918351146
154616	0.003935147585
154617	0.0007836825976
154618	0.002066304941
154619	0.002272840484
154620	0.001813397025
154621	0.001839579617
154622	0.0001109246815
154623	0.002372258522
154624	0.003067898821
154625	0.001521198944
154626	0.000187494064
154627	0.006638955104
154628	0.006028310621
154629	0.0008919750827
154630	0.003256305468
154631	0.001686154009
154632	5.903185459e-05
154633	0.0009066147302
154634	0.001339222904
154635	0.005103641443
154636	0.0005306387221
154637	0.002127231949
154638	0.0009201376582
154639	0.002357403452
154640	0.002102467234
154641	0.001542331806
154642	0.004095512985
154643	0.003031364369
154644	0.001549921173
154645	0.007445617009
154646	0.002074109527
154647	0.002486830277
154648	0.0007523936362
154649	0.001915586259
154650	0.001899752487
154651	0.002000413724
154652	0.0008534087655
154653	0.0006194335462
154654	0.0004645280549
154655	0.002200003912
154656	0.000144875341
154657	0.003953335866
154658	0.0008995540886
154659	0.00270949091
154660	0.0003168303671
154661	0.0007614251426
154662	0.003090250384
154663	0.0001990328491
154664	0.001800564048
154665	0.002552507626
154666	0.0005754159971
154667	0.0001813971423
154668	0.002935256757
154669	0.005456202721
154670	0.003097296364
154671	0.001377474959
154672	0.0003903758949
154673	0.006244524175
154674	0.002008802879
154675	0.0005550060283
154676	0.00465222219
154677	0.00313594749
154678	0.0001885168214
154679	0.001055619415
154680	0.0008702443247
154681	0.002861342063
154682	0.001600519396
154683	0.0001765476736
154684	0.004627701815
154685	0.001583817489
154686	0.000932705227
154687	0.0007677026655
154688	0.006331745675
154689	0.002976294037
154690	0.0005809380628
154691	0.0002479798748
154692	0.0007052843591
154693	0.002544243839
154694	0.005193606234
154695	0.004737800164
154696	3.505812779e-05
154697	0.002185871192
154698	0.004915660409
154699	0.0003576489004
154700	9.187676703e-05
154701	0.0007707267274
154702	0.00211395197
154703	0.0008183713902
154704	0.002815037257
154705	0.001122903966
154706	0.001991877195
154707	0.004427482792
154708	0.0007289577714
154709	0.002807298012
154710	0.0009066899894
154711	1.988232916e-05
154712	0.0006136868936
154713	0.003049627049
154714	0.004731744578
154715	0.00281373569
154716	2.659681125e-05
154717	0.001338472477
154718	0.001558493191
154719	0.0005811522638
154720	0.00446904869
154721	0.0005025749575
154722	0.004676368556
154723	0.002966550094
154724	0.003169356857
154725	0.001272805052
154726	0.001313084546
154727	0.002086815988
154728	0.004245359727
154729	0.0001562983897
154730	0.001707976155
154731	0.003685078798
154732	0.0001085202452
154733	0.00158985565
154734	0.000375240954
154735	0.0007616171126
154736	0.0005560430914
154737	0.002902964956
154738	0.0004608697978
154739	0.004939854433
154740	0.003001867169
154741	0.0002700738664
154742	0.002499021538
154743	0.002973012657
154744	0.002461964996
154745	0.002849571642
154746	0.0002601200854
154747	0.0041208965
154748	0.001768018337
154749	0.0008301738649
154750	0.001942161719
154751	0.001504297395
154752	0.0002610460018
154753	0.0004161490835
154754	0.001986330478
154755	0.001646902635
154756	0.005234676706
154757	0.001113283145
154758	0.001369166675
154759	7.342435864e-05
154760	0.002841983675
154761	0.0004735688647
154762	0.003882095038
154763	0.002224127709
154764	1.412113806e-05
154765	5.824150714e-06
154766	0.004287018749
154767	0.002570158602
154768	0.001195691786
154769	0.001296565804
154770	0.002955414633
154771	0.001849800619
154772	0.0006473420835
154773	0.003817801832
154774	0.001794765704
154775	0.0001936064012
154776	0.00155904892
154777	0.004111886794
154778	0.004434608297
154779	0.0002520384965
154780	0.003279701148
154781	0.0006321762065
154782	0.002214569032
154783	2.428887824e-05
154784	0.001571542069
154785	0.001807702347
154786	0.001234780782
154787	0.001212831489
154788	0.001257164702
154789	9.592166443e-05
154790	0.0001113807166
154791	0.0005500678541
154792	0.001121897136
154793	0.0009111719051
154794	0.001128141801
154795	0.0005782288444
154796	5.12191516e-05
154797	0.0006646995761
154798	0.005866149509
154799	2.878516401e-05
154800	0.002469406283
154801	0.0009936019748
154802	0.006670429709
154803	0.001404569751
154804	0.00127258079
154805	0.0002936373115
154806	0.002634197481
154807	0.0009556454687
154808	0.0009352735679
154809	0.0007706401916
154810	0.0005904546661
154811	0.000638309039
154812	0.0003396398907
154813	0.000907125644
154814	0.0009774247568
154815	2.960574861e-05
154816	0.001365132892
154817	0.0006971022716
154818	1.087030045e-05
154819	0.0004639023715
154820	2.728074862e-05
154821	7.011506408e-05
154822	0.000417424609
154823	0.001001107381
154824	0.003308150258
154825	0.004678696517
154826	0.004672154192
154827	0.003594999859
154828	0.004060181989
154829	0.00367805622
154830	0.004926102116
154831	0.005128101051
154832	0.003308015053
154833	0.0005335295034
154834	0.005041337591
154835	0.001771557156
154836	0.001684212963
154837	0.002391468266
154838	0.000958081308
154839	0.001605896671
154840	0.002594596755
154841	0.003512555841
154842	0.0004350800107
154843	0.001909805826
154844	0.004214489815
154845	0.002983244246
154846	0.001128944213
154847	0.0007598606081
154848	0.001326004248
154849	0.00174823465
154850	0.002236070725
154851	0.002137264995
154852	0.001201296977
154853	0.0008924958067
154854	0.002160902013
154855	0.001744850186
154856	0.001263704107
154857	0.0010451329
154858	0.0007130668193
154859	0.002681584705
154860	0.005053360383
154861	0.002062501709
154862	0.001552933929
154863	0.0001837475683
154864	0.002572513327
154865	0.0008448561185
154866	0.004289374362
154867	0.002119031108
154868	0.0007057628572
154869	0.001971504585
154870	0.004512323869
154871	0.002169543544
154872	1.007558019e-05
154873	0.0005381787872
154874	0.002964072157
154875	6.742853633e-05
154876	0.0008623923546
154877	0.0007863992255
154878	5.31343548e-05
154879	4.289483045e-05
154880	0.0003849048712
154881	0.003545821532
154882	0.0006139438984
154883	0.003756172684
154884	0.001138972496
154885	0.0006277631997
154886	0.001275930178
154887	0.00208700177
154888	0.008487505601
154889	0.002993758104
154890	0.0001581906861
154891	0.0004973795211
154892	0.004032886526
154893	0.0002887615593
154894	0.002963831327
154895	0.003483545528
154896	0.0002148022206
154897	0.001394269025
154898	0.003870991894
154899	0.001489084051
154900	2.563156566e-05
154901	0.001169913011
154902	0.0009596390038
154903	0.000576123213
154904	0.002038392567
154905	0.001224036928
154906	0.002394241931
154907	0.0003252109824
154908	0.00114503559
154909	0.001918632714
154910	0.001777874511
154911	0.000468808988
154912	0.0006749511378
154913	0.002221244673
154914	9.999361741e-05
154915	0.0004960600129
154916	0.001133827268
154917	6.993468412e-07
154918	0.003721122346
154919	0.0002509620482
154920	0.0003289219171
154921	0.000729229604
154922	0.001419067193
154923	0.0007147038522
154924	0.0007782023479
154925	0.0006240834513
154926	0.000462586537
154927	0.0004690787908
154928	0.0002306833111
154929	0.0002713282134
154930	0.0008357698481
154931	0.0001375806907
154932	0.0006774222183
154933	0.0003455024592
154934	5.373902831e-06
154935	0.0003435002251
154936	0.0001958108503
154937	0.0005928944342
154938	0.001666659156
154939	3.847496802e-05
154940	0.00087449408
154941	0.0007170658358
154942	0.000755336535
154943	0.001784757898
154944	0.0007121489193
154945	0.000238824338
154946	0.0003582550693
154947	0.0005080255469
154948	0.0005474119122
154949	0.001192863712
154950	0.001470231489
154951	0.0002881448103
154952	0.0002172131349
154953	0.0005661737016
154954	0.000597979949
154955	0.00149007937
154956	0.0002844315567
154957	0.001132202779
154958	0.0008556087812
154959	0.0008261531947
154960	0.0004859188861
154961	0.0006953848682
154962	0.0002267762853
154963	0.0002625838701
154964	0.0009987215428
154965	0.0007306558501
154966	0.0001494066857
154967	0.0009219834554
154968	0.0007508767772
154969	0.001018119859
154970	0.0009721044566
154971	0.001099793038
154972	0.001034659468
154973	0.0009333975937
154974	0.0004416781836
154975	0.001654333865
154976	0.0007651360837
154977	0.0005050220647
154978	0.0002270915041
154979	0.001791041001
154980	0.0007631871569
154981	0.001182110805
154982	0.001574298701
154983	0.0008603265979
154984	0.0006464365006
154985	0.001159167004
154986	0.0007910425922
154987	0.0007619326893
154988	0.002000223931
154989	8.379217219e-05
154990	0.0007206422685
154991	0.0003511793507
154992	0.0003727423169
154993	0.0003214951094
154994	0.0001294676142
154995	0.0002696301366
154996	0.001873048685
154997	0.0003025849087
154998	0.0004775154777
154999	0.0002219311901
155000	0.000273322393
155001	0.0005944259669
155002	3.139350271e-05
155003	0.000984817221
155004	0.0009684210857
155005	0.0001405650546
155006	0.001638459216
155007	0.0002549802442
155008	0.0038035475
155009	0.0005381733947
155010	0.0008463367752
155011	0.00114269395
155012	0.0006114785618
155013	0.0008075748974
155014	0.0001396342396
155015	6.286877693e-05
155016	0.001765045196
155017	0.001251319691
155018	0.0006130131933
155019	5.815205811e-05
155020	0.0001000850052
155021	0.0003749812196
155022	2.620672925e-05
155023	0.0003593149792
155024	0.0003772688608
155025	0.001196418474
155026	0.0003362498444
155027	4.074030942e-05
155028	0.0006104559219
155029	0.0001392576205
155030	0.0004869615131
155031	0.0003635457179
155032	0.000243814067
155033	0.0006020279639
155034	0.0007777356759
155035	0.0001092920019
155036	4.494989376e-05
155037	0.0001284652286
155038	0.0007223177797
155039	0.0002412356272
155040	0.0005737592375
155041	0.0002787673531
155042	0.0005432165415
155043	0.0001125070266
155044	0.0001562654981
155045	0.0001201911366
155046	0.0007610106248
155047	0.0007122693691
155048	0.0003356176116
155049	0.0001263734368
155050	0.0001051597197
155051	0.0005332210689
155052	0.00030026572
155053	0.001016476662
155054	0.0005314031129
155055	3.199314683e-05
155056	0.0007599691247
155057	0.0007052897208
155058	4.612061377e-05
155059	0.0002530750724
155060	0.0002502759563
155061	0.0005471861864
155062	4.451015208e-05
155063	0.00102267105
155064	8.524625109e-05
155065	0.0003464852427
155066	0.00021232516
155067	5.117792084e-05
155068	0.0008418619775
155069	5.867135905e-05
155070	0.0002272143229
155071	0.0006422356424
155072	0.0004731721182
155073	0.0005055933435
155074	0.0004272609815
155075	0.001392087876
155076	0.0003825248166
155077	0.0005770253638
155078	0.0004181379941
155079	0.000744812304
155080	0.0001406481508
155081	4.087616883e-05
155082	0.0006815023635
155083	0.0001329118524
155084	0.0003344526395
155085	0.00089286065
155086	0.0003868498429
155087	0.001072107372
155088	0.0004893563559
155089	0.0003742538165
155090	0.0001594802427
155091	0.0003784428788
155092	0.0005258879051
155093	0.003187249706
155094	4.758383049e-05
155095	0.002023730034
155096	0.0003789644434
155097	0.003164455429
155098	0.002976381277
155099	0.001162852513
155100	0.0008346974234
155101	0.001336979172
155102	0.001165913017
155103	0.001526503857
155104	0.00246901603
155105	0.005335330575
155106	0.008332374888
155107	0.003539336798
155108	0.002716577397
155109	0.007011520666
155110	0.004383178476
155111	0.002235215214
155112	0.001134183699
155113	0.006423146672
155114	0.000573342656
155115	0.001526219557
155116	0.005537811419
155117	0.0004414864742
155118	0.001677560136
155119	0.0006163047578
155120	0.0004784940384
155121	8.405828098e-05
155122	0.000300626739
155123	0.0003078827794
155124	0.001249801757
155125	0.0006579742098
155126	0.0003825705089
155127	0.001290672211
155128	0.0007982690096
155129	0.0003310482835
155130	0.001003612374
155131	0.0004358027053
155132	0.0007189242918
155133	0.0002259434432
155134	0.0002773270581
155135	0.000815855352
155136	0.0004132465408
155137	9.441723679e-05
155138	0.0002301230806
155139	0.0004692294533
155140	0.0002789145318
155141	0.000671672608
155142	0.0003600569612
155143	0.0008068766326
155144	0.0006788261504
155145	0.0005662286747
155146	0.0003908177136
155147	0.000332127584
155148	0.001216648495
155149	0.001064337347
155150	0.001568732763
155151	0.0001727775217
155152	0.0002570648325
155153	0.002083532191
155154	0.0001150794867
155155	0.0002159623078
155156	0.001015461565
155157	0.001056548893
155158	0.0001916438517
155159	0.0007612367405
155160	0.0002004631538
155161	0.0003105348008
155162	0.0007796962575
155163	2.844212818e-05
155164	0.001838545892
155165	0.0001361675214
155166	0.001250657406
155167	0.0002636811654
155168	0.0009857156004
155169	0.0001289147168
155170	0.0002633854993
155171	0.00041699503
155172	8.147981963e-05
155173	0.000615876151
155174	0.000351872246
155175	0.000836574544
155176	0.0003054777425
155177	0.0001266768738
155178	0.0002356705529
155179	0.0007542889434
155180	0.0004022342463
155181	0.000668036001
155182	2.924061884e-05
155183	0.001005323615
155184	0.0002668462526
155185	0.0006873152953
155186	0.001069508458
155187	0.0009797757959
155188	0.0008754458012
155189	0.001093076589
155190	0.0001038406362
155191	0.0003598570945
155192	0.002638094957
155193	0.0003828189553
155194	8.214872573e-05
155195	0.001467047077
155196	0.001102416168
155197	0.0005373586754
155198	0.0005840822594
155199	0.0001590228246
155200	0.0004535605099
155201	0.0008773755969
155202	0.0001406235864
155203	0.0002328032893
155204	0.001577487024
155205	0.001102802793
155206	0.0006613349706
155207	0.0011244499
155208	0.001139601724
155209	0.0003278668671
155210	0.0008998910174
155211	0.000839114839
155212	0.001348129334
155213	0.0004749360408
155214	1.680447159e-06
155215	0.0006268165859
155216	0.001445161188
155217	0.0009388215358
155218	0.001273400628
155219	0.0009506342148
155220	0.001785551185
155221	0.001653833148
155222	0.0007542394633
155223	0.001616393889
155224	0.0004708873422
155225	0.001928445526
155226	0.001069188155
155227	0.0008510597511
155228	0.000820895559
155229	0.001328536466
155230	0.001216227115
155231	0.0008361294898
155232	0.0008286615535
155233	0.001421163901
155234	0.00146224977
155235	0.000625662319
155236	0.001051004636
155237	0.0009996755431
155238	0.001341257273
155239	0.0005504282408
155240	0.0005237340665
155241	0.0009584335441
155242	0.001258132907
155243	0.0006313230888
155244	0.001277425223
155245	0.000958937825
155246	0.001197143376
155247	0.001183818734
155248	0.001127376948
155249	0.002450244807
155250	0.0003871256591
155251	0.0003066331104
155252	7.689444058e-05
155253	0.0009628053366
155254	0.0006970886871
155255	0.001413400149
155256	0.0009461445979
155257	0.001342468245
155258	0.0007691298835
155259	0.00116989301
155260	0.000902808453
155261	0.0003956246985
155262	0.0006833795905
155263	0.0007448556741
155264	0.002294398329
155265	9.225542264e-05
155266	0.0005705444802
155267	0.002144382018
155268	0.001102499267
155269	0.001201442726
155270	0.0007998573639
155271	0.001404498783
155272	0.001875527187
155273	0.0008137584489
155274	0.001468491327
155275	0.0007727119487
155276	0.0006198738195
155277	0.0008798995374
155278	0.0002621380739
155279	0.004257164116
155280	0.0006557448056
155281	0.002736223373
155282	0.001041255663
155283	0.002848720525
155284	0.001670393283
155285	3.825848168e-05
155286	0.001027165659
155287	5.402410728e-05
155288	0.0007443174512
155289	0.001861884197
155290	0.003085221356
155291	0.0005773482425
155292	0.001504246414
155293	7.451927363e-05
155294	0.001947149368
155295	0.000205762567
155296	0.001842521878
155297	0.002070494381
155298	0.003091372887
155299	0.0008563040653
155300	7.82879751e-05
155301	0.00148145833
155302	0.0007163705068
155303	0.0004577773761
155304	0.002894721914
155305	6.161715502e-05
155306	0.004967098971
155307	0.0001660997676
155308	0.001249976456
155309	0.002871748686
155310	0.00272395255
155311	0.0006148048886
155312	0.0004097558621
155313	0.003121355289
155314	0.0006546186827
155315	0.001388497199
155316	0.001198622384
155317	0.001535415025
155318	0.001330634419
155319	0.00131201699
155320	0.002373712616
155321	0.001480340073
155322	0.00187773032
155323	0.001095700481
155324	0.000761025492
155325	0.0005187474026
155326	0.003376665689
155327	0.002689883929
155328	0.007261297272
155329	0.0008129096179
155330	0.0005514826833
155331	0.003942875133
155332	0.003479339185
155333	0.002380913003
155334	0.0004410702048
155335	0.001869749767
155336	0.0003749606411
155337	0.00235683302
155338	0.001746216453
155339	0.001752751733
155340	0.006077105654
155341	0.00210689436
155342	0.001197314966
155343	0.003995545694
155344	0.006616126262
155345	0.003062144894
155346	0.002390489809
155347	0.001949253779
155348	0.0004654981057
155349	4.18525604e-05
155350	0.0002751463782
155351	0.0001818779887
155352	0.0004081207975
155353	0.001985126061
155354	0.001720046895
155355	0.002110719134
155356	0.002368589541
155357	0.003497126564
155358	0.004392631598
155359	0.002362052649
155360	0.0002423711529
155361	0.00422882533
155362	0.0009089127565
155363	0
155364	0.001700151971
155365	0.001408817786
155366	0.001705656585
155367	0.001206607728
155368	0.003154232598
155369	0.0004911172953
155370	0.004523337595
155371	0.00394480227
155372	0.003900117399
155373	0.000703467883
155374	0.0001598817496
155375	0.002101187461
155376	0.002293303452
155377	0.001707620083
155378	0.003016645296
155379	0.0006614311788
155380	0.001443806062
155381	0.0003088120334
155382	9.067278226e-05
155383	0.0004485133517
155384	0.002889583792
155385	0.001088612868
155386	0.001384334176
155387	0.005161535472
155388	0.001707494337
155389	0.002355698725
155390	0.002337526204
155391	0.001726641544
155392	0.001612772397
155393	0.005595242062
155394	0.000609036714
155395	0.001688585315
155396	0.002272416
155397	0.003243293616
155398	0.0001580436799
155399	0.0007467189278
155400	0.002428125519
155401	0.00196273037
155402	0.003815921064
155403	0.0005052584557
155404	0.005392956213
155405	0.002803649886
155406	0.001300692381
155407	0.001889483524
155408	0.005708612684
155409	0.003475758867
155410	0.00319428616
155411	0.001177710228
155412	0.001153582366
155413	0.0002656389698
155414	0.0002925022922
155415	0.0003588314717
155416	0.001020913619
155417	0.0007509493265
155418	0.0001437020363
155419	0.0001357307607
155420	0.0009297823561
155421	0.0008640152693
155422	0.0006334290775
155423	0.007973090194
155424	0.005199255886
155425	0.0009772694937
155426	0.00405443586
155427	0.001904558707
155428	0.002199868282
155429	0.001621267811
155430	0.002525575294
155431	0.0002947043103
155432	0.0008996211118
155433	0.001471267041
155434	0.002848102618
155435	0.004571359264
155436	0.0001301496703
155437	0
155438	0.0003214676868
155439	0.001192697933
155440	0.001615127877
155441	2.95209919e-05
155442	0.0002888500716
155443	0.003214838152
155444	0.001575616403
155445	0.001803563239
155446	0.0001627645722
155447	9.061331631e-05
155448	0.00419200797
155449	0.0001891697813
155450	0.0006493410775
155451	0.001304966239
155452	0.001611148464
155453	0.0003826079775
155454	0.0002719025353
155455	0.002544502555
155456	0.001412517016
155457	0.002190338504
155458	0.0007980811675
155459	0.0004077295475
155460	0.0001117380407
155461	0.002449572313
155462	0.001037860581
155463	0.003264061784
155464	0.0003254756912
155465	0.0004693602091
155466	0.001094892157
155467	0.0007566296999
155468	0.002559478638
155469	0.002650765167
155470	0.0007166827379
155471	0.003236165466
155472	0.000192165304
155473	0.0008742747607
155474	0.002559074877
155475	0.0006188220527
155476	0.0001370327231
155477	0.002329711934
155478	0.0005885174365
155479	0.002898152944
155480	0.000890342744
155481	0.002493681752
155482	0.0002975101554
155483	0.001328540667
155484	0.0004585220467
155485	0.0001761513156
155486	0.001873588915
155487	0.001215587615
155488	0.001490572507
155489	0.002563095985
155490	0.0001491655631
155491	0.0002953415824
155492	0.0008695093945
155493	0.0002993910626
155494	0.001374089177
155495	0.005022948142
155496	0.001522355535
155497	0.0007517284255
155498	0.0001750928818
155499	0.002418345591
155500	0.001578803655
155501	0.0007094758169
155502	0.0002541933372
155503	0.001461883113
155504	0.001769401085
155505	0.001021756942
155506	0.001903325191
155507	0.001731754452
155508	0.001638479829
155509	0.0007536767946
155510	0.0007023174986
155511	0.002769701116
155512	2.665463472e-05
155513	2.773973156e-05
155514	0.003107206512
155515	1.207077406e-05
155516	0.001028394137
155517	0.003499102666
155518	0.0001194016493
155519	0.001029726102
155520	0.002997965652
155521	0.001003984452
155522	0.0005916790966
155523	0.000557457622
155524	0.0004344692969
155525	0.001188142777
155526	0.002965701947
155527	0.001347772752
155528	0.001324308684
155529	0.0004827354092
155530	0.001053415534
155531	0.0001419804465
155532	3.374360082e-05
155533	0.001038153156
155534	0.001214524087
155535	0.0006196052149
155536	0.000887641425
155537	0.0007316373015
155538	0.002349440786
155539	0.000888457925
155540	0.003419206878
155541	0.00105210429
155542	0.001469361725
155543	0.0001405115269
155544	0.002455552432
155545	1.101028678e-05
155546	0.000320385462
155547	0.0005735136724
155548	0.002135403882
155549	0.000146733494
155550	0.003256361777
155551	0.002207730295
155552	0.001345863657
155553	0.0007433595106
155554	0.0002559285034
155555	0.0005703197316
155556	0.002910915489
155557	0.0008485942826
155558	0.0007651500546
155559	0.002541000341
155560	0.002504832399
155561	0.003884909368
155562	0.0001444795004
155563	0.0006143517239
155564	0.0008865283964
155565	0.0002935612739
155566	0.0004338124591
155567	0.001799148384
155568	0.0007826074614
155569	0.0006151471267
155570	0.001768999844
155571	0.001477900468
155572	0.003126852299
155573	0.0006129503308
155574	0.002997621844
155575	0.0006793359097
155576	0.0001197538882
155577	0.0001249672326
155578	0.0001827313487
155579	0.0008423022251
155580	3.354965882e-05
155581	0.0002453782879
155582	0.002197208418
155583	0.000957308854
155584	0.002312803796
155585	0.0001143584891
155586	0.0006050563102
155587	9.757529816e-05
155588	0.0004768750233
155589	0.0002688162748
155590	0.0003500759221
155591	0.002565274443
155592	0.00324401492
155593	0.004163097048
155594	0.003845574695
155595	0.001377210618
155596	0.006764057213
155597	0.001522880011
155598	0.001443761484
155599	0.001561713564
155600	0.001042284524
155601	0.0001651112826
155602	1.466679508e-05
155603	2.408106126e-05
155604	0.0003757253428
155605	0.005613102757
155606	0.0007782194586
155607	0.0003443647641
155608	0.001859128295
155609	0.003707003204
155610	0.000137770892
155611	0.0009570438747
155612	0.001575973507
155613	0.001477963877
155614	0.00157348992
155615	0.001410693715
155616	0.001428068587
155617	0.001539156815
155618	0.001557998935
155619	0.001549591225
155620	0.001781181526
155621	0.001200168295
155622	0.001556799264
155623	0.001196785176
155624	0.00138618625
155625	0.001467231465
155626	0.001397011908
155627	0.001388546967
155628	0.001626679173
155629	0.001693928406
155630	0.001008598666
155631	0.002012982839
155632	0.001463152814
155633	0.00152814186
155634	0.001741013338
155635	0.001412897068
155636	0.001612246834
155637	0.001124530592
155638	0.001218685832
155639	0.002061759482
155640	0.0008929251087
155641	0.001298091552
155642	0.001856349606
155643	0.002681882985
155644	0.0007608963822
155645	0.0002947125988
155646	0.001242215281
155647	0.0002425278129
155648	0.0001493122949
155649	0.0082272753
155650	0.0009388948256
155651	0.004528716855
155652	0.002667642141
155653	0.000918876999
155654	0.0008181609974
155655	0.001835919924
155656	0.0003434299642
155657	0.004877332002
155658	0.0004121858919
155659	0.0001318667671
155660	0.0006482835676
155661	0.0005251320892
155662	0.0003956767489
155663	0.0009020660139
155664	0.004246524974
155665	0.0001756711772
155666	0.0003628299151
155667	0.002526873326
155668	0.0008238877017
155669	0.001367407506
155670	0.004603270981
155671	0.0009316211947
155672	0.0006630511271
155673	0.000233826767
155674	0.001984863178
155675	0.0016240798
155676	0.003505534152
155677	0.004753521917
155678	0.006485460259
155679	0.005987081595
155680	0.0004041465464
155681	0.0005079180279
155682	0.001308317888
155683	0.005113998066
155684	0.003390588837
155685	0.000493896684
155686	0.001262784527
155687	0.002610206372
155688	0.001192472611
155689	0.002898439499
155690	0.009356637035
155691	0.0001411932808
155692	0.004595885414
155693	0.002048142461
155694	0.0007494541961
155695	0.0006360633872
155696	0.0006912050674
155697	0.0006650296286
155698	0.0006604224678
155699	0.001709865504
155700	0.00468667177
155701	0.0009121419725
155702	0.003128736898
155703	0.006285528246
155704	0.006589914544
155705	0.001388728831
155706	0.005802122585
155707	0.001390120707
155708	7.778708163e-05
155709	0.002009949047
155710	0.003670606092
155711	0.00159381645
155712	0.0012526217
155713	0.0009854298423
155714	0.00520817987
155715	0.005270879665
155716	0.001025827705
155717	0.004783444001
155718	0.006136836009
155719	0.00413023
155720	0.001999428989
155721	7.812485887e-05
155722	0.003574223769
155723	0.0005345262191
155724	0.0007479094173
155725	0.001538082988
155726	0.0002023387515
155727	0.001044494811
155728	0.004220488607
155729	0.000233687832
155730	0.00434802907
155731	0.003319751755
155732	0.004839447662
155733	0.003050931598
155734	0.0004490253988
155735	0.0001232347335
155736	0.0005122099355
155737	0.001421687661
155738	0.003786952493
155739	0.002831259616
155740	0.002136849642
155741	0.0007467518219
155742	0.0009509924143
155743	0.003204962025
155744	0.002049117194
155745	0.006173115264
155746	0.0004713720397
155747	4.912530775e-06
155748	0.001775176623
155749	0.003748935175
155750	0.002982716518
155751	0.0001476029259
155752	0.005081205426
155753	0.003989172961
155754	0.0004815829888
155755	0.0003492423748
155756	0.0007020526305
155757	0.001001010916
155758	0.001038180096
155759	0.0002958592247
155760	0.002539381143
155761	8.158616005e-05
155762	0.004975649289
155763	0.003916568792
155764	0.001649910809
155765	0.003761135747
155766	3.57194409e-05
155767	0.001807189151
155768	0.001893480737
155769	0.001625258769
155770	0.001327142918
155771	0.003666035315
155772	0.0004864927029
155773	0.007791358183
155774	0.0003357085041
155775	0.0001098138356
155776	0.0004229339802
155777	0.000292262918
155778	0.0003776373734
155779	0.002994391348
155780	0.0009504674739
155781	0.003494642006
155782	0.004119571603
155783	0.0005347663088
155784	0.001558422152
155785	1.987543829e-05
155786	0.001523976608
155787	0.002838218549
155788	0.003669767332
155789	0.006409118169
155790	0.002816964292
155791	0.0008433126045
155792	0.006196941118
155793	0.00379638502
155794	0.002533985982
155795	0.000625401842
155796	0.00142324679
155797	0.001000657291
155798	0.007647458046
155799	0.005579697882
155800	0.00364714828
155801	0.001416092669
155802	0.005121123257
155803	0.0004020656008
155804	0.000598805535
155805	0.0004794588137
155806	0.00268314727
155807	0.001061382802
155808	0.0009508308824
155809	0.003664521042
155810	0.004858530515
155811	0.004446451641
155812	0.006136737432
155813	0.0003213278742
155814	0.00307981421
155815	0.006805054483
155816	0.005331169296
155817	0.0001030287625
155818	0.0002512108439
155819	0.0001880065874
155820	0.002900864913
155821	0.0005286713845
155822	0.0009655094839
155823	7.61593784e-05
155824	0.002360452386
155825	0.001641094381
155826	0.002707877571
155827	0.001638542508
155828	0.0009270154227
155829	0.003251503952
155830	0.0005420346158
155831	0.0003428461493
155832	0.001207955076
155833	0.002566463998
155834	0.003416121193
155835	0.004502174085
155836	0.001354369396
155837	0.00284344368
155838	0.004338547243
155839	0.001220479282
155840	0.01143038675
155841	0.001206547665
155842	0.001563332696
155843	0.004986370123
155844	0.001875145455
155845	0.0009362202121
155846	0.00194314663
155847	0.000251984797
155848	0.001330529852
155849	0.0001722566451
155850	0.003714012705
155851	0.002046959083
155852	0.002125288684
155853	0.001879664386
155854	0.0005223586994
155855	0.0005466011281
155856	0.001093429568
155857	0.004063680366
155858	0.0002343456295
155859	0.004979773255
155860	0.003335032935
155861	0.002760679987
155862	0.002080649571
155863	0.003389409866
155864	0.003858690181
155865	0.0005964909608
155866	0.0008393170198
155867	6.477496667e-05
155868	0.00151379667
155869	0.001348028309
155870	0.0002656168071
155871	0.0004852602816
155872	0.0006566853111
155873	0.001491577125
155874	0.001829511568
155875	0.001656229738
155876	0.004213401826
155877	0.001963071097
155878	0.001656258337
155879	0.0005989138639
155880	0.003647109944
155881	0.002347840741
155882	0.003054673073
155883	0.0004097260522
155884	0.004080231786
155885	0.001106729831
155886	0.00123228031
155887	0.0006334646488
155888	0.001100816115
155889	0.003552878373
155890	0.001659959693
155891	0.001759932359
155892	0.0006539397834
155893	0.0006830231842
155894	0.001819333528
155895	0.0006720667799
155896	0.001419854175
155897	0.001618787942
155898	0.0008617458756
155899	0.0009278511795
155900	0.004198587988
155901	0.002871384243
155902	0.003532597863
155903	0.000381257731
155904	0.001402284506
155905	0.0005118619669
155906	0.00903530297
155907	0.002170165832
155908	0.00037299144
155909	0.0005425552141
155910	0.001679770045
155911	0.001937929525
155912	0.0001948721104
155913	0.002941400017
155914	0.001289424378
155915	0.0007767373849
155916	4.976974455e-05
155917	0.001203638864
155918	0.001381895978
155919	0.004103799542
155920	0.003892233008
155921	0.003095288717
155922	0.0008484700777
155923	0.001095071815
155924	0.002446128353
155925	0.0001688949898
155926	2.289085907e-05
155927	0.0002959482633
155928	5.461111015e-05
155929	4.314310572e-05
155930	0.0009544465355
155931	4.001106732e-05
155932	0.0009302889534
155933	0.001424683178
155934	8.732678846e-05
155935	0.001349173115
155936	0.002176348093
155937	0.001622131269
155938	0.002985544195
155939	0.003251899239
155940	0.006066048769
155941	0.003787147817
155942	0.0004188061098
155943	0.006563466828
155944	0.003367575945
155945	0.007312868919
155946	0.001288793748
155947	0.001633496193
155948	0.001648653095
155949	0.002508987308
155950	0.0002994824312
155951	0.002339457287
155952	0.0002708201222
155953	0.002625394358
155954	0.001030111332
155955	0.005836908977
155956	0.0002821982253
155957	0.005970095353
155958	0.0005020881184
155959	0.0003446969586
155960	0.003696408001
155961	0.001462274658
155962	0.002130793849
155963	0.0008173468172
155964	0.0009906269856
155965	0.001743618451
155966	0.0008218399606
155967	0.001579097677
155968	0.001573133206
155969	0.0005221168299
155970	0.001309214577
155971	0.002522519445
155972	0.0008793800027
155973	0.002330851059
155974	0.0008767490799
155975	0.00416788099
155976	0.002266381549
155977	0.00703591992
155978	0.001445492677
155979	0.0003588263356
155980	0.0002317657814
155981	0.001749908922
155982	0.002222597817
155983	0.001619377588
155984	0.001506377339
155985	0.00319656472
155986	0.00145582769
155987	0.001235695252
155988	0.0003591551733
155989	1.047667618e-05
155990	0.0003499831363
155991	0.001602354651
155992	0.0002090403628
155993	0.0002014482369
155994	0.002668430742
155995	0.0006232262545
155996	0.003295103276
155997	0.001045791399
155998	0.001936556417
155999	0.001743320196
156000	0.001556341683
156001	0.001226615381
156002	0.002273017996
156003	0.002426267651
156004	0.000162378079
156005	0.0008625834791
156006	0.001459410711
156007	0.0016192847
156008	0.001343212733
156009	0.004268638492
156010	0.0001554245727
156011	0.002158009966
156012	0.002044908272
156013	0.004126589025
156014	0.001632202262
156015	0.0003779065386
156016	0.003007658878
156017	0.001543075433
156018	0.002816463581
156019	0.0008862054603
156020	0.001315724412
156021	0.0007769063049
156022	0.0001195319868
156023	0.001351208537
156024	0.0006815296956
156025	0.001049414583
156026	0.001055552146
156027	0.0007474870598
156028	0.00131321432
156029	0.002203695645
156030	0.0005889636872
156031	0.00116940838
156032	0.0005750991098
156033	0.001753152552
156034	0.001664451243
156035	0.001444252944
156036	0.002974672473
156037	0.0008947836547
156038	0.002504516257
156039	0.002517829362
156040	0.000943461337
156041	0.0003706932226
156042	0.0002257004672
156043	0.001652796837
156044	0.003582918467
156045	0.001284046715
156046	0.0003124018088
156047	0.0003226151447
156048	2.51129777e-06
156049	0.0002474957468
156050	0.003501071178
156051	0.00046770925
156052	0.002134000809
156053	0.002405786032
156054	0.001539961448
156055	0.00118984996
156056	0.001539498325
156057	0.001367336046
156058	0.001112235501
156059	0.0001447244717
156060	0.0004428579749
156061	0.002980196802
156062	0.001000317567
156063	0.000152726682
156064	0.002849419948
156065	0.002420812
156066	0.002352987195
156067	0.000464061959
156068	0.0003273870744
156069	0.003304394528
156070	0.003802094392
156071	0.0004763958691
156072	0.003452085487
156073	0.001369556321
156074	0.001762089823
156075	0.001256245658
156076	0.002648726911
156077	0.0004271792609
156078	0.001322859016
156079	0.0005242321696
156080	0.0005723799045
156081	0.0008198413906
156082	0.002384892391
156083	0.0003589639215
156084	0.001093797282
156085	0.0003086795888
156086	0.002201638305
156087	8.248907669e-05
156088	0.002057412387
156089	0.0005644811051
156090	0.0008952547391
156091	0.002200729562
156092	0.001024900073
156093	0.0001339096887
156094	0.0003637478963
156095	0.0009573819666
156096	0.001938150349
156097	0.002200714212
156098	0.001106706963
156099	0.001585057908
156100	0.0005381501838
156101	8.486816555e-05
156102	0.000314026871
156103	2.312932043e-05
156104	0.000630760196
156105	0.001345307448
156106	0.0001653940425
156107	8.170673833e-05
156108	0.0002386260673
156109	2.423755898e-05
156110	0.002070513253
156111	0.001423341742
156112	0.002417144929
156113	0.0009214933458
156114	0.0001489530219
156115	0.002699935807
156116	0.0009081839916
156117	0.0001970493354
156118	0.0006272455424
156119	0.0001555936656
156120	0.001111690574
156121	0.002534974614
156122	0.001734726022
156123	0.0003319873107
156124	0.0001525535178
156125	0.001113807035
156126	0.0003072119782
156127	0.00199904519
156128	0.001748940356
156129	0.0004426556286
156130	0.002922377313
156131	0.0006004002687
156132	2.953460152e-05
156133	0.0001895421262
156134	0.0003279551146
156135	0.0007191076124
156136	0.0004309072166
156137	0.002744721103
156138	0.001341666581
156139	0.0003431360976
156140	0.0001150447976
156141	0.001383060094
156142	0.0007347773553
156143	0.002068929913
156144	0.0003010689708
156145	0.00101467996
156146	0.00371798853
156147	0.00133761864
156148	0.001180777713
156149	0.001370984333
156150	0.002029350931
156151	0.0009257707448
156152	0.002835652848
156153	0.0009476464289
156154	0.0001700348434
156155	0.0005429646605
156156	0.000920689088
156157	0.001974444942
156158	0.001741266865
156159	0.001748650578
156160	0.002534871816
156161	0.0006701097381
156162	0.00299834426
156163	0.002357012037
156164	0.001579117979
156165	0.0007021409763
156166	0.0001543670112
156167	0.001889311051
156168	0.001634968246
156169	0.000430382129
156170	0.002069198451
156171	0.001897425612
156172	0.002336283461
156173	0.0009595517806
156174	0.002353836895
156175	0.001386021791
156176	4.044740546e-05
156177	0.0004768554775
156178	0.002553828626
156179	0.0005248045378
156180	1.673175165e-06
156181	7.785625008e-05
156182	0.001652741786
156183	0.001541135926
156184	3.764943979e-06
156185	0.0001985972535
156186	0.002851946193
156187	0.001672680016
156188	0.0005200666444
156189	0.0003097980277
156190	0.001591276736
156191	0.001176784562
156192	0.0009250910932
156193	0.001521171051
156194	0.001639692894
156195	0.001293066165
156196	0.0002547632418
156197	0.003134653217
156198	0.0007187526094
156199	0.001372662416
156200	0.0006152204206
156201	0.001451649289
156202	0.001003693268
156203	0.0004424248054
156204	0.0003764728964
156205	0.0008714307386
156206	0.0002212692403
156207	0.00174555738
156208	0.002578699429
156209	0.000955100071
156210	0.001781749227
156211	0.001889072353
156212	0.0007734534224
156213	0.003579904277
156214	0.000142565623
156215	0.0006329112538
156216	0.002551921581
156217	0.0006461858102
156218	0.001002440442
156219	0.0003984102299
156220	0.000906805688
156221	0.002403430931
156222	8.872433441e-07
156223	0.002674701195
156224	0.002307755424
156225	0.0006276821313
156226	0.001748694885
156227	0.001575313189
156228	0.002441582242
156229	0.001238316555
156230	0.0007689502432
156231	0.002130648624
156232	0.001762140007
156233	0.001061651319
156234	0.001699393076
156235	0.00191322154
156236	0.001593372729
156237	0.001171562465
156238	0.001741476605
156239	0.001262504414
156240	0.00046203771
156241	0.002384243604
156242	0.0004307090759
156243	1.275062256e-05
156244	0.001918132064
156245	0.001831352872
156246	0.0007250295803
156247	1.144888e-05
156248	0.002854727362
156249	0.002202482566
156250	0.002522884558
156251	0.002057568976
156252	0.0009146756377
156253	0.001310191623
156254	9.122712045e-05
156255	0.001744933406
156256	0.00100204733
156257	0.001899485592
156258	0.001475103422
156259	0.003944076378
156260	0.001146462218
156261	0.001685295817
156262	0.001194002192
156263	5.097560817e-05
156264	0.0004996739034
156265	0.00303593612
156266	0.001965708385
156267	0.00236236051
156268	0.001768018688
156269	0.002228421637
156270	0.001234423978
156271	0.0001362593844
156272	0.001392319231
156273	0.001926064577
156274	0.001237378085
156275	0.00146756188
156276	0.001817910769
156277	0.003150771892
156278	0.0001571602313
156279	0.001895610778
156280	0.001310880016
156281	0.001882870922
156282	0.0004056221449
156283	0.0011432135
156284	0.0002944131831
156285	0.003185800545
156286	0.002271297673
156287	0.002127365325
156288	0.001647285207
156289	0.001799845322
156290	0.001294680777
156291	0.0001625123002
156292	0.00284175282
156293	0.0007169820399
156294	0.0002915989733
156295	0.0004876431066
156296	0.00204560223
156297	0.0005681977656
156298	0.002429493172
156299	0.001013690952
156300	0.0006012821658
156301	0.0008543062948
156302	0.0002110543468
156303	0.0001231162821
156304	0.00174491869
156305	0.001872180365
156306	0.0001389564347
156307	0
156308	0.00117548476
156309	0.002576765443
156310	0.003004474404
156311	0.002286938961
156312	0.001402098244
156313	0.0005962737399
156314	0.001494863814
156315	0.00054197457
156316	0.001236736772
156317	0.0001713786015
156318	0.0003765341877
156319	0.002503865023
156320	0.0006744997791
156321	0.001368834536
156322	0.0005019755323
156323	0.002705221316
156324	0.001580115039
156325	0.00127951744
156326	0.001858253848
156327	0.001493090771
156328	0.0001734572655
156329	0.0004463776155
156330	0.001825583791
156331	0.001814019629
156332	0.0005710093937
156333	0.0006614889011
156334	0.002051957144
156335	0.003004774193
156336	0.0006539665353
156337	0.00149468014
156338	0.000754324744
156339	0.002677224177
156340	0.001292638724
156341	0.001285633551
156342	0.0008914161428
156343	0.002099560912
156344	0.0007227172686
156345	0.0001420395944
156346	0.001946798982
156347	0.0002044237138
156348	0.001879199545
156349	0.002524027711
156350	0.000178924397
156351	0.001139795546
156352	0.00126294032
156353	0.0001572188657
156354	0.000794941871
156355	0.002248504735
156356	0.003462245217
156357	0.0008480759524
156358	0.000211253768
156359	0.001461146107
156360	0.002080194196
156361	0.001786274879
156362	0.0002593106139
156363	0.0001297316513
156364	0.001309096637
156365	0.002692854471
156366	0.0002791774389
156367	0.0007368783057
156368	0.002199160772
156369	0.0005838376438
156370	0.002342395479
156371	0.0005853735937
156372	0.0006591168863
156373	0.002048568563
156374	0.0001010005124
156375	0.002209560954
156376	0.002524192043
156377	0.001990432594
156378	0.0004003932141
156379	0.001037705408
156380	0.000411184735
156381	0.0001390000762
156382	0.001803617381
156383	0.001926810839
156384	0.001206646435
156385	0.0001263921911
156386	2.548138326e-07
156387	0.0009772603703
156388	0.001121263169
156389	0.002427130396
156390	0.0009224489675
156391	0.0001578832393
156392	0.000105845441
156393	0.0009330000589
156394	0.0003407265704
156395	0.002235952602
156396	0.002201601462
156397	0.0005827381826
156398	0.002970671529
156399	0.002981836456
156400	0.001313682227
156401	0.0005149814128
156402	0.002526168269
156403	0.002385288239
156404	0.00269318491
156405	0.0004214318726
156406	0.0008289625238
156407	0.0002168265687
156408	0.001953772783
156409	0.002187922831
156410	0.00189779935
156411	0.0009874161716
156412	0.001494094012
156413	0.001207893845
156414	0.002811592025
156415	0.0006517325858
156416	0.0004600596263
156417	0.002144630803
156418	0.001366882006
156419	0.00160930052
156420	0.001452767735
156421	0.0002064876078
156422	5.15145875e-05
156423	0.001105706124
156424	2.554278417e-06
156425	0.001388042465
156426	0.0002988681211
156427	0.00118330311
156428	0.001694230206
156429	0.002341636636
156430	0.00235295173
156431	0.005428199768
156432	0.0009161851213
156433	0.0007059753348
156434	0.00119334998
156435	0.000393436012
156436	0.0009903346682
156437	0.001173662432
156438	0.003275601342
156439	0.00373650477
156440	0.002974318666
156441	0.001287260829
156442	0.0013036149
156443	0.0009908994855
156444	0.001582316811
156445	0.001032193403
156446	0.002705079489
156447	0.000306463247
156448	0.00119064403
156449	0.0004168433267
156450	0.001983569236
156451	0.001952569236
156452	0.0004396525997
156453	0.00419687187
156454	0.0003045027604
156455	0.0008686071526
156456	0.001427337297
156457	0.001645091715
156458	0.0006013426224
156459	0.0003128063659
156460	0.00074074979
156461	0.003008159922
156462	0.0008644161672
156463	0.0008121242434
156464	0.003567067062
156465	0.0006841048484
156466	0.001110880161
156467	0.001566404742
156468	0.001827483699
156469	0.0009222246755
156470	0.000693744922
156471	8.430067605e-05
156472	0.0007065276388
156473	0.001037240263
156474	0.0007715309562
156475	3.981493428e-05
156476	0.001736863635
156477	0.0006693303074
156478	0.002738812353
156479	0.001431471083
156480	0.00220199372
156481	0.0005893919055
156482	0.002751170996
156483	0.001189068221
156484	0.0002905210729
156485	0.0001480646167
156486	0.001420272081
156487	0.002484938978
156488	0.0001348320178
156489	0.0003024754117
156490	0.0001031994552
156491	0.001827692704
156492	0.0009520742549
156493	0.0001519388628
156494	0.0001647900848
156495	0.001343259909
156496	0.002073100066
156497	0.00226069032
156498	0.0007677239292
156499	0.003504712559
156500	0.002860503745
156501	0.001049538466
156502	0.0004107237482
156503	0.0003007059304
156504	0.00112258033
156505	0.0002821989627
156506	0.001900388753
156507	0.0002983149353
156508	0.0003191165862
156509	0.002055307126
156510	0.002899874722
156511	0.002969807085
156512	0.002360113098
156513	0.00359111639
156514	9.266802927e-06
156515	0.002251911483
156516	0.0007706436422
156517	0.0005971559829
156518	7.185302639e-05
156519	0.0007164088138
156520	0.001423723525
156521	0.0002591335412
156522	0.00042605648
156523	0.0003848082593
156524	0.000700334958
156525	0.001532715472
156526	0.003327977798
156527	0.0006127635746
156528	0.00122763269
156529	0.001089150666
156530	0.002054902627
156531	0.002037880196
156532	0.0008136139168
156533	0.001733747077
156534	0.0008190042972
156535	0.0005604610753
156536	0.000425425431
156537	0.001550639963
156538	0.001736543708
156539	0.001603360565
156540	0.002024751062
156541	0.002019560576
156542	0.001698358078
156543	0.002292723129
156544	0.0001358509836
156545	0.001822263754
156546	0.001833532629
156547	0.002027525309
156548	0.0007450176369
156549	0.001758382093
156550	0.001634992677
156551	0.007615928571
156552	0.0006233015811
156553	0.004108207432
156554	0.004653215485
156555	0.0001458679378
156556	1.465514847e-05
156557	0.002536407273
156558	0.001538465694
156559	0.003179483947
156560	0.0003948443164
156561	0.001289268301
156562	0.002982834685
156563	0.001318521489
156564	0.001438449441
156565	0.0007657170253
156566	0.0009273106603
156567	0.001045552971
156568	0.0007643598033
156569	0.00311446045
156570	0.006046286207
156571	0.001737023294
156572	9.148597097e-05
156573	0.0009162689749
156574	0.002904996209
156575	0.002004830753
156576	0.0009141804261
156577	0.0003077753788
156578	0.00426094974
156579	0.001487668154
156580	0.001796489337
156581	3.577755463e-05
156582	0.0001862706017
156583	9.214102007e-06
156584	0.001072501085
156585	0.001578190775
156586	0.004046955847
156587	4.682271416e-05
156588	0.0002568404814
156589	0.005972295797
156590	0.006923177004
156591	0.001070911538
156592	0.0002146625511
156593	0.0005045202747
156594	0.0002350335481
156595	0.0002688358208
156596	0.003042616139
156597	0.000978827717
156598	0.0004007782276
156599	0.003107098426
156600	0.0008444008401
156601	0.0008632007144
156602	0.001104770398
156603	4.097689346e-05
156604	0.001824536644
156605	0.00414189953
156606	5.171890829e-05
156607	0.004061612871
156608	0.0004682569461
156609	0.00178005613
156610	0.0002679752817
156611	0.000242654627
156612	0.001077056786
156613	0.0005283486893
156614	0.0002295618795
156615	0.001947629993
156616	0.002431581869
156617	0.001145465171
156618	0.001190080738
156619	0.004320655735
156620	0.00532152567
156621	0.001497111013
156622	0.0004376668621
156623	0.002872036573
156624	3.15107898e-05
156625	0.0002612928679
156626	0.000209217479
156627	6.8765225e-05
156628	0.0003202392372
156629	0.0006000020928
156630	5.261756241e-05
156631	0.0001336741552
156632	0.0002176611851
156633	0.001124173598
156634	0.0005330643284
156635	0.0002250262213
156636	0.000158738191
156637	0.0003815472264
156638	0.0003540226707
156639	0.004324137533
156640	0.0008408093907
156641	0.0002139462724
156642	0.0004967093086
156643	0.004144869469
156644	0.001260734123
156645	0.003223962009
156646	0.00159125259
156647	0.002258543947
156648	0.001382975308
156649	0.0003589257144
156650	0.001007690623
156651	0.001754352165
156652	0.0008855158089
156653	0.001140081724
156654	0.0002249652481
156655	9.513237058e-05
156656	0.0003973380938
156657	0.0008404292861
156658	0.0002953165498
156659	0.0009007060057
156660	0.0004691884694
156661	0.001515281035
156662	0.000331572785
156663	3.90028642e-05
156664	0.0001483133168
156665	0.000588433697
156666	0.0002375584975
156667	0.0004338367545
156668	6.228161801e-05
156669	0.0002447031758
156670	0.001837515417
156671	0.00135675913
156672	0.00139147703
156673	0.001299291757
156674	0.002077330353
156675	0.002784221447
156676	0.002080588001
156677	0.005277171111
156678	0.0005620726842
156679	0.0002820396424
156680	0.0003557778681
156681	0.005658867147
156682	0.00174045901
156683	0.001306597805
156684	0.0001776818495
156685	1.228018465e-07
156686	0.001878764186
156687	0.0004074436599
156688	0.0003530375757
156689	0.000760569086
156690	0.000619652193
156691	0.002127232257
156692	0.002654312275
156693	0.001264625786
156694	0.001571660241
156695	0.00335611764
156696	0.001390406164
156697	0.003179357506
156698	0.002063485396
156699	0.003205736735
156700	0.003532280712
156701	0.002652082939
156702	0.001722665753
156703	0.001697425629
156704	0.001357856765
156705	0.000143253231
156706	5.283601581e-05
156707	0.0007277616144
156708	0.0003401326805
156709	0.0005025821707
156710	0.003553129176
156711	0.001163929611
156712	0.001307345924
156713	0.0001485647974
156714	0.0008869569381
156715	0.0004115940483
156716	0.001440529322
156717	0.0004025010112
156718	0.002858173237
156719	0.001191666548
156720	0.002794075906
156721	0.003138605068
156722	0.000485389499
156723	0.0008030213793
156724	0.001309725233
156725	0.0002858950915
156726	0.001855609671
156727	0.001391792045
156728	0.0008556408136
156729	0.00385684444
156730	0.0004470076038
156731	0.0003633525019
156732	0.0002420186693
156733	0.001229272364
156734	0.002322614691
156735	0.0002135407634
156736	0.0007710150581
156737	0.001084870087
156738	0.0006525032056
156739	0.0007817690121
156740	0.001437857793
156741	0.001157626075
156742	0.0009798340593
156743	0.0004271207229
156744	3.868287983e-05
156745	0.0008687146261
156746	0.0007486910915
156747	0.00108485719
156748	0.001071625572
156749	0.00438598581
156750	0.005354581835
156751	0.001460941422
156752	0.004071366857
156753	0.001480186592
156754	0.002287806536
156755	0.0005854244329
156756	0.005754809382
156757	0.0007317234853
156758	0.003668603587
156759	0.007536060296
156760	0.001166146641
156761	0.005039339119
156762	0.0009731071498
156763	0.0005380842787
156764	0.000366340893
156765	0.001749088069
156766	0.0001725220943
156767	0.004064105116
156768	0.006780220085
156769	0.003666347585
156770	0.0004428505073
156771	0.001545697796
156772	0.000726262186
156773	0.002807083317
156774	0.004909160497
156775	0.004961520131
156776	0.001300123373
156777	0.0005613385038
156778	0.001248021244
156779	0.006096030412
156780	0.001503610846
156781	0.0007754431125
156782	0.004517451116
156783	0.007822192042
156784	0.000469445834
156785	0.006542473662
156786	0.001288336622
156787	0.003762869379
156788	0.00393375517
156789	0.001764797401
156790	0.003851046331
156791	0.0003357566933
156792	0.002382511028
156793	0.001992001883
156794	0.00119360018
156795	0.005740883078
156796	0.0003495827966
156797	0.00164897501
156798	0.003652765539
156799	0.002609871828
156800	0.002240183646
156801	0.0001280343173
156802	0.005238219479
156803	0.0007012637339
156804	0.001779970849
156805	0.001090851754
156806	0.001049597762
156807	0.00245638696
156808	0.002854338431
156809	0.001578417347
156810	0.000193238067
156811	0.0001174522265
156812	0.009068827251
156813	0.002887153172
156814	0.001167590259
156815	0.00106439783
156816	0.001485343082
156817	0.003296678847
156818	0.005136841993
156819	0.001190242772
156820	0.0009833369375
156821	0.00164217272
156822	0.001084208687
156823	0.001821230208
156824	0.005509479649
156825	0.00072182876
156826	0.0008747001381
156827	6.828941244e-05
156828	0.001578961047
156829	0.0004187010248
156830	0.002471067993
156831	0.002315590272
156832	0.000744605022
156833	0.000937377289
156834	0.001341315505
156835	0.003322521773
156836	0.005246733164
156837	0.009117335836
156838	0.002719046349
156839	0.001399661536
156840	0.00241450176
156841	0.002143623721
156842	0.003920271182
156843	0.002101843515
156844	0.001809390621
156845	0.00492851446
156846	0.002930537666
156847	0.002908171786
156848	0.003606356576
156849	0.000494091279
156850	0.005167989853
156851	0.001015440612
156852	0.006930577991
156853	0.01306812833
156854	0.0006483225553
156855	0.002286730914
156856	6.724609731e-05
156857	0.001287985783
156858	9.963238407e-05
156859	0.0002696207633
156860	0.004961739896
156861	0.0005678198882
156862	0.004722136086
156863	0.000267961198
156864	0.0007276564424
156865	0.001341178657
156866	0.005590631618
156867	0.001072736958
156868	0.004807888274
156869	0.003908616303
156870	0.00378683514
156871	0.002919857438
156872	9.688164226e-05
156873	0.001485512938
156874	0.005508886417
156875	0.0003199718247
156876	0.005495656202
156877	0.002614495815
156878	0.009807875843
156879	0.0005483898913
156880	0.002258988435
156881	0.00644967545
156882	0.001579156538
156883	0.0001086318647
156884	0.002681943194
156885	0.006152860499
156886	0.001444645055
156887	0.003304371729
156888	0.001872662135
156889	0.001663755663
156890	0.001707385752
156891	0.006408387949
156892	6.051605785e-05
156893	0.0006979255467
156894	0.008647329963
156895	0.00575671457
156896	0.003425520178
156897	0.001428960365
156898	0.0009691555233
156899	6.946823116e-05
156900	0.004457665868
156901	0.001035244707
156902	0.001571918085
156903	0.001310968835
156904	0.0003084815479
156905	0.001847528923
156906	0.001637231536
156907	0.005611292842
156908	0.0005936293586
156909	0.0009114118715
156910	0.0005313339596
156911	0.00326878952
156912	0.0017820432
156913	0.004130339583
156914	0.0003248284798
156915	0.004561752517
156916	0.001262842912
156917	0.007108761277
156918	0.00195031118
156919	0.003770727106
156920	0.00690499305
156921	0.0003984387638
156922	0.00683270024
156923	0.001174744274
156924	0.002676348626
156925	0.002415524993
156926	0.006032423788
156927	0.003155348795
156928	0.003466329019
156929	0.005521843186
156930	0.0001932127316
156931	0.00281291647
156932	0.003379413491
156933	9.000368944e-05
156934	0.0002040024227
156935	8.613636508e-05
156936	0.005791442657
156937	0.001855042848
156938	0.003906246898
156939	0.002188594888
156940	0.001025801838
156941	0.000117278859
156942	0.004981581804
156943	0.006148109429
156944	0.001680626717
156945	0.0002625414907
156946	0.0004491950734
156947	0.0008869862484
156948	0.001654881026
156949	0.002720602828
156950	0.002408636439
156951	0.003076032168
156952	0.001437342608
156953	0.003492274449
156954	0.0003297129649
156955	0.001092715703
156956	0.002032931895
156957	0.002609041251
156958	0.001513609625
156959	0.00271491273
156960	0.001511915108
156961	0.003656676355
156962	0.001751001087
156963	0.000162892404
156964	0.002521148801
156965	0.0007656436987
156966	0.007862213519
156967	0.00118795486
156968	0.003889078521
156969	0.000811741092
156970	0.002757922323
156971	0.002838598863
156972	0.004104661755
156973	0.0001355619543
156974	0.0002425037741
156975	0.001126811443
156976	0.001687557492
156977	0.002279144976
156978	0.003673163813
156979	0.004006883245
156980	0.001147037575
156981	0.004397288272
156982	0.002235756421
156983	0.004632180229
156984	0.001005890712
156985	0.00227574871
156986	0.00287958913
156987	0.003966210734
156988	0.0002663732214
156989	0.008757792659
156990	0.002026916993
156991	0.005786286904
156992	2.670449533e-05
156993	0.001689673202
156994	0.001763960158
156995	0.01028475877
156996	0.001231174926
156997	0.003436269205
156998	0.004010407308
156999	0.003663206224
157000	0.001583034579
157001	0.002351175487
157002	0.002179262597
157003	0.0009170956097
157004	0.0005992489144
157005	0.001914532227
157006	0.006276151962
157007	0.0005722838531
157008	0.003063352971
157009	0.007143322834
157010	0.00720594689
157011	0.002422093908
157012	0.001244547329
157013	0.004690306228
157014	0.002182181128
157015	0.001579159317
157016	0.002729172962
157017	0.0004615712416
157018	0.00106700297
157019	0.004673626997
157020	0.003555912097
157021	0.006890735782
157022	0.002569491927
157023	0.0007139669881
157024	0.000700906231
157025	0.0002945288315
157026	0.006264759021
157027	0.006591692978
157028	0.005851539313
157029	0.002387888577
157030	0.003589958519
157031	0.003124833247
157032	0.0004207457823
157033	0.00352219077
157034	0.005554737267
157035	0.002228240163
157036	0.003016975716
157037	0.001912948425
157038	0.0009863237312
157039	0.008513469694
157040	0.005332494736
157041	8.577295295e-05
157042	0.001730820958
157043	0.006336745254
157044	0.001993167992
157045	0.002164790253
157046	0.001204007052
157047	0.001735137589
157048	0.00348786654
157049	0.003848487314
157050	0.004243111966
157051	0.001860197904
157052	0.002055790196
157053	0.003880946484
157054	0.0007661656259
157055	0.003537750963
157056	0.001762642925
157057	0.0007598047469
157058	0.002730031845
157059	0.003256677868
157060	0.001824721384
157061	0.002206899683
157062	0.004163194944
157063	0.005015646915
157064	0.002144506325
157065	0.001592030338
157066	0.0001932490896
157067	0.0049502289
157068	0.003179037507
157069	0.004815911362
157070	0.001169658428
157071	0.002424141997
157072	0.005601300434
157073	0.0007121959058
157074	0.004838137406
157075	0.001318287585
157076	0.002428912864
157077	0.0005755377842
157078	0.005464824992
157079	0.0009409419566
157080	0.0007817979635
157081	0.005144921747
157082	0.0004486011698
157083	0.00270748928
157084	0.001698124058
157085	0.0009163566119
157086	0.004280253295
157087	0.001198032312
157088	0.0003425164917
157089	0.0006302628785
157090	0.0005324797268
157091	0.0001697586778
157092	0.001084613419
157093	0.0009494680556
157094	0.000272448306
157095	0.0007205012821
157096	0.0005872803975
157097	0.0002822459741
157098	0.0002342414922
157099	0.002040240191
157100	0.000326199671
157101	0.0004084651767
157102	6.354811292e-05
157103	0.0008389046657
157104	3.19284802e-07
157105	6.249826208e-05
157106	0.002027420133
157107	5.111262161e-05
157108	0.0004202820438
157109	0.0002427639197
157110	0.003168861218
157111	0.002898573943
157112	0.003250595218
157113	0.005526218926
157114	0.0005779606632
157115	0.002030964258
157116	0.0008456088918
157117	5.844669764e-05
157118	0.005265127737
157119	0.00579583337
157120	0.003286328006
157121	0.002611499807
157122	0.0006273836159
157123	0.002247401329
157124	0.003300252016
157125	0.004933255098
157126	0.001116175865
157127	0.0041352366
157128	0.0007465781768
157129	0.001424418682
157130	0.0001119565445
157131	0.0001488730611
157132	0.0005641890147
157133	0.0005823939287
157134	7.109554499e-05
157135	0.001926313582
157136	0.001026195541
157137	0.0002454704959
157138	0.003224000523
157139	0.0005625081418
157140	0.003202617013
157141	0.000748047918
157142	0.0006271394757
157143	0.0005267189682
157144	0.0002657644567
157145	0.0009527460858
157146	0.0006191552902
157147	0.002958019528
157148	0.005544978616
157149	0.0001730205124
157150	0.001475489197
157151	0.0009473227657
157152	0.0006383826958
157153	0.001544412605
157154	0.001449644763
157155	0.0009735629278
157156	0.004017302926
157157	0.0002385146096
157158	0.0007812548558
157159	0.002761204767
157160	0.0007819154865
157161	0.0001209604774
157162	0.001326409787
157163	0.001552010544
157164	4.733924789e-05
157165	0.002263550059
157166	0.0003087238334
157167	0.004505951907
157168	0.002054472854
157169	0.002739450685
157170	0.006994987303
157171	0.0002087152834
157172	0.001207099096
157173	0.001143755857
157174	0.002392444876
157175	0.001915154747
157176	0.0008116981167
157177	0.001779884942
157178	0.001198020935
157179	0.001569186349
157180	0.0003344445563
157181	0.006788327395
157182	0.002470771092
157183	0.001663912882
157184	0.0005347752887
157185	0.002800755208
157186	0.000391122994
157187	0.004100293238
157188	0.002530638819
157189	0.0008662645607
157190	0.001156242516
157191	0.002071761954
157192	0.002486197313
157193	0.0001484554705
157194	0.000411783516
157195	0.0005270341209
157196	0.0001900933223
157197	0.0006498103369
157198	1.995530013e-07
157199	0.0003642363747
157200	0.000392665392
157201	6.600599273e-07
157202	0.000797407012
157203	0.0005816101632
157204	0.000430622611
157205	0.001007816763
157206	0.0003334926737
157207	0.0003202869722
157208	0.001318833977
157209	5.085566337e-05
157210	0.0007544211195
157211	0.0001494265972
157212	8.179947282e-05
157213	0.0005355962421
157214	0.001389606154
157215	0.0001884297277
157216	0.0004927775126
157217	0.0006621964394
157218	0.001016463543
157219	0.0009901987533
157220	0.0005254453111
157221	0.0006569192683
157222	0.0007441845165
157223	3.131447097e-07
157224	0.0001275848009
157225	0.0009185507714
157226	0.0002292985005
157227	0.0002196707781
157228	0.0002864489331
157229	1.339092544e-05
157230	5.034875726e-07
157231	0.0006408396222
157232	0.000908367505
157233	0.0007989342363
157234	0.0002715511507
157235	0.0003907569196
157236	0.0007828979637
157237	0.0007811793621
157238	8.617451213e-05
157239	0.0002547147339
157240	9.72492744e-05
157241	0.0006779463834
157242	0.0006414825164
157243	0.000194848088
157244	0.0007624011951
157245	0.0001940899961
157246	0.000587229338
157247	0.001377798131
157248	0.0003611598056
157249	8.477643737e-05
157250	0.0005327808699
157251	7.064350073e-05
157252	0.0007019804895
157253	0.0006047263205
157254	0.0001542897325
157255	0.0001206744637
157256	0.0001816493282
157257	0.0002453254087
157258	0.0005438560765
157259	0.0001413964525
157260	0.001021307751
157261	0.00025926109
157262	0.000349619271
157263	0.0002848709292
157264	0.0005327736543
157265	0.0008543187818
157266	0.000482541179
157267	0.0002181219558
157268	0.0009087504116
157269	0.0005477509223
157270	9.795179496e-05
157271	0.0003157472503
157272	0.0004194183793
157273	0.0005388312613
157274	0.0001311076844
157275	0.0005211544795
157276	0.000822168834
157277	0.000375682459
157278	4.13354236e-05
157279	0.0007606728678
157280	0.0007772458665
157281	0.0002628845142
157282	0.0001052125778
157283	0.0009265564875
157284	0.001319635766
157285	0.00105056789
157286	1.310358525e-05
157287	0.001298532263
157288	0.0007321630524
157289	0.000924188992
157290	0.0002880357757
157291	0.001542696942
157292	0.0001554797136
157293	9.076236887e-05
157294	0.001535463516
157295	0.001217782786
157296	0.002272786928
157297	0.0009701982177
157298	0.007216190678
157299	0.002896998126
157300	0.002844791674
157301	0.000552801848
157302	0.0002590155738
157303	0.0004646315058
157304	0.0008982221465
157305	0.0003488496129
157306	0.001863734618
157307	0.006460991506
157308	0.0005359482736
157309	0.002083110804
157310	0.001529580556
157311	0.0004526730671
157312	0.002033271568
157313	0.002474698466
157314	0.004434159037
157315	0.003111330074
157316	9.409760922e-05
157317	0.0005278056391
157318	0.002260949039
157319	0.0002350159037
157320	0.00170963517
157321	0.0020167678
157322	0.002201072762
157323	0.0005770460905
157324	1.820864782e-05
157325	0.0003617153829
157326	0.00123253082
157327	0.004858040984
157328	0.0004526926734
157329	0.002479389799
157330	0.0007179797575
157331	0.002957454246
157332	0.003542725095
157333	0.0003142827784
157334	0.0009079972209
157335	0.0022911347
157336	0.006942633458
157337	0.001656392722
157338	0.003422546791
157339	0.003490625854
157340	0.0007401716832
157341	0.000188072565
157342	0.002413046891
157343	2.746647623e-05
157344	0.001063395994
157345	5.502031554e-05
157346	0.002971260969
157347	0.002210331733
157348	0.002248810911
157349	0.001417276587
157350	0.003947323854
157351	0.003919023916
157352	0.002667459071
157353	0.0007319525365
157354	8.643538281e-05
157355	8.683518548e-05
157356	0
157357	0.002167121625
157358	0.00273252007
157359	0.004015225715
157360	4.198259479e-05
157361	0.000286781599
157362	0.0005300965451
157363	0.0001160825272
157364	0.0002496213232
157365	7.509813202e-05
157366	0.0005460863836
157367	4.583532577e-05
157368	0.0005265575654
157369	0.000182675008
157370	0.0003976706155
157371	0.0002822213974
157372	0.0002136631055
157373	0.000249856441
157374	0.0003731691123
157375	0.0007527468012
157376	5.721867744e-06
157377	2.122209943e-05
157378	6.989741864e-05
157379	2.690699596e-05
157380	8.92405749e-05
157381	0.000324376778
157382	0.0005261533345
157383	0.0001811322378
157384	0.0001051214305
157385	0.0008136119894
157386	0.0002548073336
157387	0.0001331423843
157388	0.000112690028
157389	0.0003621971286
157390	0.0007853646978
157391	0.000576172093
157392	0.00126804804
157393	0.0008620167949
157394	0.001297343125
157395	0.002602604334
157396	0.001276340177
157397	0.002916524814
157398	0.005348691313
157399	9.574363165e-05
157400	0.003862766589
157401	0.003904583817
157402	0.0009188729046
157403	0.001567302947
157404	0.0004333950508
157405	0.001211483619
157406	0.0007464269121
157407	0.00439395752
157408	0.002808113186
157409	0.002318362908
157410	0.000159677087
157411	0.0002344573066
157412	0.0002492059333
157413	0.003328614013
157414	0.003142058488
157415	0.003023218708
157416	0.001687533872
157417	0.0003049560402
157418	0.001651028045
157419	0.00502663552
157420	0.0003104167023
157421	0.004776069587
157422	0.0002966504183
157423	0.002986370612
157424	0.003718548376
157425	0.004570387134
157426	0.001405760301
157427	0.000177920094
157428	0.0006682724922
157429	0.002699332926
157430	0.0009795489093
157431	0.001881459259
157432	0.004994727006
157433	0.002333201131
157434	0.002117351846
157435	0.001364093524
157436	0.0007576924461
157437	0.000584948608
157438	0.0001377943962
157439	0.001031842224
157440	1.504322625e-07
157441	0.000629270986
157442	0.001281842517
157443	0.005011147887
157444	0.0009039570251
157445	0.008673561877
157446	0.0003237543162
157447	0.003876314813
157448	0.00479142788
157449	4.941295302e-05
157450	0.0002717857742
157451	3.866351999e-05
157452	0.001039650197
157453	0.0003304065882
157454	0.006225010381
157455	0.002819818666
157456	0.002802517862
157457	0.001684529207
157458	0.00652137449
157459	0.005487539213
157460	0.005171086079
157461	0.002023011236
157462	0.003952786657
157463	0.0004054783045
157464	0.0004531667547
157465	5.530269296e-05
157466	0.0004841207469
157467	0.0009620726082
157468	0.001200134296
157469	0.003726680222
157470	0.002854269903
157471	0.000878382353
157472	0.0003857247383
157473	0.0009149325444
157474	0.000560426163
157475	0.0002888550783
157476	0.005195357499
157477	0.004730165155
157478	3.84017755e-05
157479	0.0007512068847
157480	0.00542341852
157481	0.0009216070925
157482	8.405222932e-05
157483	0.001808505114
157484	0.003065508557
157485	0.004833666187
157486	0.0004038404781
157487	0.003917241958
157488	0.001471327781
157489	0.0003187900741
157490	0.004767741501
157491	0.004045183376
157492	0.0002746359386
157493	0.006724346957
157494	0.0001979772795
157495	0.001667519201
157496	0.0006373389785
157497	0.004847438703
157498	0.0002172517564
157499	0.000135114138
157500	0.0004623309955
157501	0.003447047385
157502	0.001404105852
157503	0.001819472687
157504	0.003296585782
157505	0.0002048846838
157506	0.002845737355
157507	0.004683907844
157508	0.007625926492
157509	0.0007822379895
157510	0.001616085519
157511	0.0002925971717
157512	0.0009479469495
157513	0.003251911659
157514	0.001214888132
157515	0.005523858141
157516	0.0003289358119
157517	0.004159297324
157518	0.0005858614931
157519	0.000566131588
157520	0.001643708321
157521	0.008084804027
157522	0.0004533102768
157523	0.004044510509
157524	0.001041710421
157525	0.003969150589
157526	0.007537418892
157527	0.002242701624
157528	0.001281455505
157529	0.004926061936
157530	0.001433869
157531	0.004253877042
157532	0.003169604
157533	0.0001119623132
157534	0.001006276984
157535	0.002608052752
157536	0.004703336867
157537	0.0007851338892
157538	0.006680601387
157539	0.000767555811
157540	0.0009664146805
157541	0.00128567618
157542	0.006032213108
157543	0.0007072957752
157544	0.001573704912
157545	0.001927887303
157546	0.003144763734
157547	0.006513012247
157548	0.003911295701
157549	0.0008984781957
157550	0.0004905034319
157551	0.001021479569
157552	0.002677141742
157553	0.00333174812
157554	0.002350314656
157555	0.002566816667
157556	0.001195230052
157557	0.002490517714
157558	0.00486380349
157559	0.005319679815
157560	1.787135096e-05
157561	0.0004043287693
157562	0.001230057919
157563	0.002877646383
157564	0.001495584391
157565	0.0001007910128
157566	0.001796478707
157567	0.001315661798
157568	0.0001599560126
157569	0.002780513414
157570	0.002299348225
157571	0.00578550716
157572	0.0009126335139
157573	0.002761192294
157574	0.001125580623
157575	0.0005041632631
157576	0.003965970374
157577	0.004988275706
157578	0.007424583886
157579	0.0003919965761
157580	0.002262833194
157581	0.003931759077
157582	0.001287964145
157583	0.0001380891181
157584	0.001053803916
157585	0.003536983266
157586	0.001165533633
157587	0.003334595857
157588	0.002219716564
157589	0.00244873396
157590	0.005604281982
157591	2.673730968e-05
157592	0.0001584707716
157593	0.0004170485213
157594	0.002892078657
157595	0.002140697725
157596	0.001721727785
157597	0.0004306629806
157598	0.0006397636468
157599	0.003554968971
157600	0.002355845439
157601	0.002580822521
157602	0.001851494899
157603	0.002323369558
157604	0.001691623695
157605	0.003683833042
157606	0.003933206558
157607	0.0007666959512
157608	0.001034297982
157609	0.006721092523
157610	0.004959678263
157611	0.0008649046228
157612	0.001014149717
157613	0.001095771082
157614	0.0005472832504
157615	0.0006572828934
157616	0.0001721831701
157617	0.001314493342
157618	0.003361538295
157619	0.001497012613
157620	0.0005721706643
157621	0.001586421744
157622	0.001781016976
157623	0.001513447448
157624	0.0005963971313
157625	5.010806378e-05
157626	0.002801953399
157627	0.0006927486271
157628	0.0002324911317
157629	0.001810814949
157630	0.001158339249
157631	0.0005895051833
157632	0.002673831316
157633	0.001424445386
157634	0.001233286415
157635	0.003170393657
157636	0.001731333718
157637	0.001757703103
157638	0.0002899446428
157639	0.0001948768334
157640	0.002292736169
157641	0.001996989433
157642	0.002574320667
157643	0.000223603135
157644	9.464424132e-06
157645	0.0010943455
157646	0.0004564947754
157647	0.0008379033561
157648	0.0007841272455
157649	0.0006714294721
157650	0.0004350822124
157651	0.004006185834
157652	0.002242198136
157653	0.002217482417
157654	0.001700750485
157655	0.0009937784279
157656	0.0008719312673
157657	0.002350464028
157658	0.0002528962568
157659	0.006455605138
157660	0.0005856756808
157661	0.0009341853053
157662	0.0004739863918
157663	0.000483756961
157664	0.0008287942168
157665	0.001558390544
157666	0.001598507818
157667	0.003950338768
157668	0.001031793621
157669	0.00191804609
157670	0.002549655649
157671	0.001430210062
157672	7.522430195e-05
157673	0.003796121098
157674	0.002769417757
157675	0.001739318282
157676	0.001724358553
157677	0.004657444686
157678	0.0007893261377
157679	0.001192662107
157680	0.0001091755989
157681	0.00121590568
157682	0.0005464538962
157683	0.002303072093
157684	0.002431309031
157685	0.004008211257
157686	0.0005451908602
157687	0.004618786928
157688	0.00145889653
157689	0.002426052052
157690	0.0006569685478
157691	0.0002709545659
157692	0.002001654127
157693	0.0004751011892
157694	0.002983865096
157695	0.002766908816
157696	0.001103027594
157697	0.003376381239
157698	0.006102073947
157699	0.001795515875
157700	0.001646075453
157701	0.001890357399
157702	0.0007937001425
157703	0.00487744592
157704	0.001964484129
157705	0.001629829093
157706	0.0008559098164
157707	0.0013648031
157708	0.001645741898
157709	0.002840869226
157710	0.002474506173
157711	0.0007852008193
157712	0.0001402800324
157713	0.002357962689
157714	0.0009302157996
157715	0.0001786464845
157716	7.031026675e-05
157717	0.001387922594
157718	0.003590465121
157719	0.00126835235
157720	0.001350534756
157721	0.004238294622
157722	0.001501361663
157723	0.003552161773
157724	0.0007695025377
157725	0.00382100718
157726	0.0002460012114
157727	0.006475076176
157728	0.001769815446
157729	0.003865992488
157730	0.003075973679
157731	0.0006218565395
157732	0.002234318494
157733	0.004037657554
157734	0.0007021778804
157735	0.0002414682552
157736	0.007545189796
157737	0.002469247404
157738	0.0007464667476
157739	0.005639706689
157740	3.539229779e-06
157741	0.000865304325
157742	0.001824517797
157743	0.0009771779612
157744	5.787022064e-05
157745	0.002069024772
157746	0.00399202369
157747	0.001552426395
157748	0.0001365462968
157749	0.001154010985
157750	0.0002513704705
157751	0.003085597566
157752	0.001199215992
157753	0.0002625216666
157754	0.002359874624
157755	0.004686563325
157756	0.0003117677366
157757	0.002546838701
157758	0.001279475418
157759	0.001640217564
157760	0.001562481543
157761	0.003012089756
157762	0.001399996166
157763	0.0003603793241
157764	0.0006527494071
157765	0.00281519521
157766	0.001511874889
157767	0.002480835404
157768	0.0023645546
157769	0.001383807551
157770	0.00214610067
157771	0.004173440114
157772	0.0008568098232
157773	0.000903354652
157774	0.003585318551
157775	0.0002402503336
157776	0.001740973468
157777	0.002943960268
157778	0.0008966916014
157779	0.002981812466
157780	0.0001534962015
157781	0.002185191626
157782	0.002269785718
157783	0.0004898238538
157784	0.0003533581733
157785	0.0009445355148
157786	0.0003727312533
157787	0.001477330565
157788	0.002015625255
157789	0.001916678621
157790	0.001225424194
157791	0.001237958299
157792	0.001734223219
157793	0.0002923366845
157794	2.26540536e-05
157795	0.001859277954
157796	0.0002084326834
157797	2.414152554e-05
157798	1.02876929e-05
157799	0.0002204829904
157800	0.003239525064
157801	0.0005339680117
157802	0.0003635118458
157803	2.973166337e-05
157804	0.00139649887
157805	0.0002378441372
157806	0.0004463995718
157807	0.0003390222512
157808	0.0001705740519
157809	0.0004756151642
157810	0.001345711651
157811	0.0002935381344
157812	0.001128587988
157813	0.0004199813449
157814	0.0008771303675
157815	0.0008014557509
157816	0.001862808419
157817	0.00394068723
157818	0.003459720748
157819	0.001999503809
157820	0.0002902688164
157821	0.0008582267836
157822	0.001269322688
157823	0.0007137669257
157824	0.0007411738824
157825	0.003923519704
157826	0.001356638268
157827	0.001941188737
157828	0.002671653268
157829	0.001081265852
157830	0.001604663598
157831	0.002352311721
157832	0.001351617467
157833	0.001414942914
157834	0.001015546595
157835	0.001835199203
157836	0.0002880192234
157837	0.002045323255
157838	0.00174108468
157839	0.004039014921
157840	0.0007088827746
157841	0.001196899802
157842	0.001352566719
157843	0.0001350629088
157844	0.001358371366
157845	0.0006839681247
157846	0.00370927952
157847	0.001822296245
157848	0.0009853848046
157849	0.00211103212
157850	0.0006529321582
157851	0.001302187594
157852	0.002340249713
157853	0.001136778693
157854	0.001531691538
157855	0.001704680341
157856	0.002138206299
157857	2.96855158e-05
157858	0.001990305475
157859	0.0004173929998
157860	0.001490622672
157861	0.002133689408
157862	0.001049814548
157863	0.002582845213
157864	0.001747002074
157865	0.0008822756635
157866	0.001051524845
157867	0.002699742063
157868	0.00149538845
157869	0.001125227259
157870	0.0002488932309
157871	0.002440905024
157872	0.001243665858
157873	0.002057549393
157874	0.001562741798
157875	8.891075715e-05
157876	0.0001053973493
157877	0.0006599413875
157878	0.002346258774
157879	0.0023974001
157880	0.005612468639
157881	0.0008182112787
157882	0.001765308504
157883	0.0006722899605
157884	3.574115971e-06
157885	0.002346904123
157886	0.002791594384
157887	0.005869299906
157888	0.00179993003
157889	0.0006724811983
157890	8.742654983e-05
157891	0.002043514265
157892	0.0003862331529
157893	0.0001246225822
157894	0.000933692575
157895	0.000904311208
157896	0.005329418709
157897	0.0002882285106
157898	0.0008187891778
157899	0.0008774881712
157900	0.0001226204497
157901	0.000318114659
157902	0.0001852360136
157903	0.000259637292
157904	0.0003115642596
157905	0.0008403910349
157906	0.0002763277908
157907	0.0006326583086
157908	0.0007716065032
157909	0.0003811974691
157910	3.082373216e-05
157911	0.0005888320305
157912	0.0005749105936
157913	0.0003018790498
157914	0.0002613151566
157915	0.0002984037942
157916	6.823036783e-05
157917	0.003022853806
157918	7.847261564e-05
157919	0.002313819412
157920	0.002042289609
157921	7.795075502e-05
157922	0.0008269347686
157923	0.0005624819344
157924	0.00187195743
157925	0.001351492935
157926	0.007317687086
157927	0.001282833409
157928	0.00142484111
157929	0.001294715432
157930	0.0005977520001
157931	0.001855734975
157932	0.0002864430134
157933	0.001639590312
157934	0.00120672276
157935	0.0004252440724
157936	0.000523690549
157937	0.0003249772635
157938	0.001452372133
157939	0.001166689432
157940	0.002058417064
157941	0.000274604895
157942	0.002080022495
157943	0.0007234180592
157944	0.003830631437
157945	0.0006172978305
157946	0.002378275742
157947	0.001284587779
157948	0.0002134856804
157949	0.003374169629
157950	0.00225738377
157951	0.001253995521
157952	0.0003655088536
157953	0.002536428639
157954	5.088693647e-05
157955	0.0008330521453
157956	5.027267887e-05
157957	0.0008671187786
157958	0.001979390972
157959	0.005524251372
157960	0.0007019316785
157961	0.001011429037
157962	0.0007149862071
157963	0.0005836217723
157964	0.0004147856963
157965	0.002699403754
157966	0.0006918201754
157967	0.0005897040668
157968	0.001562389226
157969	0.0003761857511
157970	0.0001015041061
157971	0.005504674761
157972	0.0004654348201
157973	0.0004640879645
157974	0.002778791286
157975	2.445629752e-05
157976	0.0006887459962
157977	0.001240217665
157978	0.007194538694
157979	0.0008113906717
157980	0.0005088492759
157981	0.0001197369993
157982	0.0006155254455
157983	0.004090432783
157984	0.0003096987732
157985	0.0004688497655
157986	0.002699313029
157987	0.002458008683
157988	0.001601481713
157989	0.003229404086
157990	0.003839979283
157991	0.0006238255109
157992	0.0008360679632
157993	0.0005268826673
157994	0.002780492154
157995	0.0006652612021
157996	0.0004468698215
157997	0.0001970650694
157998	0.002627821635
157999	0.003631343801
158000	0.0004010749334
158001	0.0005967297659
158002	0.002017347092
158003	0.002525900443
158004	0.003165214079
158005	0.0002450238266
158006	7.514344483e-05
158007	0.002211629111
158008	0.0009492901407
158009	8.995224291e-05
158010	0.001765920852
158011	0.00233966819
158012	0.005596964398
158013	0.001101610873
158014	0.0001788436976
158015	0.002175391967
158016	0.0007279540941
158017	0.002185809493
158018	0.0007982671805
158019	0.0001207850006
158020	3.290046148e-06
158021	0.0001922344796
158022	0.0002038915038
158023	0.0002521109523
158024	0.001294732146
158025	0.0006634630633
158026	0.0003591864258
158027	0.002365842279
158028	2.96179598e-05
158029	6.203102062e-06
158030	0.0006613497127
158031	0.0007205545009
158032	0.002535954118
158033	0.001176423659
158034	0.0003279515588
158035	0.0004058504442
158036	0.001933834449
158037	0.002222525245
158038	0.001213431836
158039	0.0005389030479
158040	0.004452489325
158041	0.000875014187
158042	0.01153532405
158043	0.0008437827271
158044	0.001162172908
158045	0.00338741453
158046	0.002315534735
158047	0.001257358011
158048	0.002280680557
158049	0.002425313764
158050	0.007880118907
158051	0.00143108326
158052	0.006184274203
158053	0.004673216998
158054	0.0009488445574
158055	0.003238771132
158056	9.62692501e-05
158057	0.009212440128
158058	0.003648238897
158059	0.008112588889
158060	0.0006576977061
158061	0.004996482495
158062	0.0009219900359
158063	0.006675483561
158064	0.009188695024
158065	0.002026367087
158066	0.001904227087
158067	0.0006456064795
158068	0.009008258943
158069	0.003728029424
158070	0.001770552113
158071	0.003450143307
158072	0.001405053643
158073	0.005553129228
158074	0.0004317334212
158075	0.00612090302
158076	0.0004629792016
158077	0.001308822086
158078	0.002006518227
158079	0.005867135901
158080	0.00561639886
158081	0.008000628427
158082	0.009594668532
158083	0.002530212953
158084	0.002242429569
158085	0.00298993897
158086	0.003864749961
158087	0.00532461216
158088	0.00113831453
158089	0.008843553212
158090	0.007582052152
158091	0.005122412852
158092	0.0003254623937
158093	0.003967615311
158094	0.0005023436768
158095	0.002125550691
158096	0.002280752289
158097	0.008161601865
158098	0.001237558988
158099	0.007138630953
158100	0.006984456533
158101	0.004122821173
158102	0.004182975777
158103	0.003476921278
158104	0.001636966372
158105	0.001257623304
158106	0.0009055431323
158107	0.0003685400238
158108	0.0006906155307
158109	0.001245241366
158110	0.003437446774
158111	0.001886871764
158112	0.003741649031
158113	0.0001115313267
158114	0.0005707167684
158115	0.001186668123
158116	0.0008069962372
158117	0.001731683993
158118	0.0003458764097
158119	0.0003457731753
158120	0.0009617627911
158121	0.003005065891
158122	0.00352477251
158123	0.0003780447993
158124	0.00194070544
158125	0.001488077752
158126	0.003884188812
158127	4.56762802e-05
158128	0.0005815139759
158129	0.00239709241
158130	0.002592368652
158131	0.0007977255129
158132	0.0003962691075
158133	0.0001648308848
158134	0.009497506454
158135	0.0003272006466
158136	0.009092453481
158137	0.0005681061411
158138	0.001299158797
158139	0.001662742313
158140	0.002158806746
158141	0.003785584961
158142	0.006949427979
158143	0.01159967558
158144	0.0006603341082
158145	0.00178000232
158146	0.00676268685
158147	0.004377285347
158148	0.0008333195613
158149	0.002195011166
158150	0.005015837074
158151	0.001328989499
158152	0.002528387726
158153	0.006988246741
158154	0.0003449714943
158155	0.003994631007
158156	0.001803992393
158157	0.004810087035
158158	0.008489060227
158159	0.003610969508
158160	0.001339880618
158161	0.008663475588
158162	0.003128031007
158163	0.002900050228
158164	0.008973747368
158165	0.001616535696
158166	0.0007985901157
158167	0.004481540352
158168	0.008710572271
158169	0.003364353285
158170	0.005398964076
158171	0.002217233256
158172	0.0002480710421
158173	0.001347914995
158174	0.0008743275676
158175	0.001378223783
158176	0.0007034468693
158177	0.0007698056262
158178	0.004167320272
158179	0.004622459015
158180	0.005157170164
158181	5.918773806e-05
158182	0.002424784325
158183	0.0002408128616
158184	0.001271064815
158185	0.000708439469
158186	0.007177794261
158187	0.0002662472946
158188	0.002345017236
158189	0.006791506849
158190	0.003855768481
158191	0.002396637403
158192	0.005045744582
158193	0.001069659402
158194	0.0003720452209
158195	0.003264055107
158196	0.006170674324
158197	0.00592885118
158198	0.0022210136
158199	0.003684829057
158200	0.0004391909364
158201	0.0009443482152
158202	0.0007922481191
158203	0.001269008705
158204	0.0008413987763
158205	0.0001587444791
158206	0.0006422009616
158207	0.001739413297
158208	0.004475206203
158209	0.001792499982
158210	0.0004622305306
158211	5.58561842e-05
158212	0.0009132337961
158213	0.0003113831227
158214	0.0001628017551
158215	0.001668240329
158216	0.001032829777
158217	9.672837005e-05
158218	0.0003314989183
158219	0.0005390237806
158220	0.000225509104
158221	0.0009943796804
158222	0.001306387258
158223	0.0001186884234
158224	0.0003897953242
158225	0.000234418371
158226	0.0001157136472
158227	0.0001552292986
158228	0.00983352506
158229	0.004216779734
158230	0.006285422171
158231	0.001250504135
158232	0.0002078082111
158233	0.0007153123629
158234	0.003142779035
158235	0.0007556578448
158236	0.0007884027692
158237	0.003724041646
158238	0.003049729175
158239	0.0002759908116
158240	0.001647829351
158241	0.00103410373
158242	0.0002535369241
158243	0.001450786557
158244	0.0002384589434
158245	0.006215787087
158246	0.0002291745018
158247	0.0009778709539
158248	0.000765381756
158249	0.002773793041
158250	0.0009678071066
158251	0.001296093339
158252	0.0003843464793
158253	0.006254971834
158254	0.001823302891
158255	0.004845361048
158256	0.00228521245
158257	0.00158505315
158258	0.004202906352
158259	3.978683132e-06
158260	0.000543490782
158261	0.001662486775
158262	0.00270260847
158263	0.0006026054215
158264	0.0007074504116
158265	0.0003073739731
158266	0.0005771345354
158267	0.0005776389166
158268	0.0004356653975
158269	0.001764628257
158270	0.0003405148942
158271	0.0009569169318
158272	0.0007787685787
158273	0.001917916014
158274	0.001307172932
158275	0.005078517071
158276	0.001854616468
158277	8.489728222e-05
158278	0.001378336964
158279	0.001031219307
158280	0.001905582674
158281	0.001279865612
158282	0.0003511284329
158283	0.002426052468
158284	0.0002177930747
158285	0.002485725425
158286	0.002059308719
158287	0.0009533037389
158288	0.0003104126201
158289	0.002948979079
158290	0.0006107576226
158291	0.002999792586
158292	0.0001656222132
158293	0.001704240839
158294	0.002311409407
158295	0.0008864561601
158296	0.001290224747
158297	0.0005084063042
158298	0.0008890481122
158299	0.0003300775434
158300	0.002736363722
158301	0.001847670541
158302	0.003180609796
158303	0.006478287889
158304	0.004523777818
158305	0.0009699764033
158306	0.002412259516
158307	0.00198501692
158308	0.006627829491
158309	0.003948953689
158310	0.005500497033
158311	0.006019383801
158312	0.002781989207
158313	0.002458022337
158314	0.0008936305818
158315	0.003072114773
158316	0.0007299325209
158317	0.003132096479
158318	0.001080397022
158319	0.0001459947484
158320	0.001535732632
158321	0.0008176864283
158322	0.001206342564
158323	0.000418816336
158324	0.001347227254
158325	0.002354783564
158326	0.000301246621
158327	0.0009979127268
158328	4.034509099e-06
158329	0.0006038541277
158330	0.0009268772265
158331	0.0006563082386
158332	0.00190374653
158333	0.001834483732
158334	0.001126287311
158335	0.0009967203608
158336	0.0007440508202
158337	0.00494689919
158338	0.0006474625004
158339	0.0006699426322
158340	0.002774800588
158341	0.001139064063
158342	0.0002289467045
158343	0.007414037797
158344	0.0002342995129
158345	0.002762927342
158346	0.003148181849
158347	0.002149032652
158348	0.001003059216
158349	0.001898603843
158350	0.000986380033
158351	0.001682422789
158352	0.0006854313352
158353	0.001825036206
158354	0.0003944146173
158355	0.002147017472
158356	0.0006975508214
158357	0.002117639981
158358	0.000343694998
158359	0.0006639092912
158360	0.004495163377
158361	0.0004339547839
158362	0.0005302796998
158363	0.0003390876032
158364	0.0007385601395
158365	0.0009548732298
158366	0.001210808976
158367	0.003744685632
158368	0.001294109964
158369	0.0008365825878
158370	0.0001969686765
158371	0.001029365816
158372	0.002884454737
158373	0.00157387874
158374	0.0002305679219
158375	0.003062834102
158376	0.000809739414
158377	6.63216417e-05
158378	0.000222588088
158379	0.002474225204
158380	0.000519036683
158381	0.001405373816
158382	0.001084153111
158383	0.0003257634845
158384	0.0007376879562
158385	0.001702202015
158386	0.0008391892058
158387	0.003274691088
158388	0.001538457523
158389	0.0002831652076
158390	0.003035826625
158391	0.003868325663
158392	0.0005173740973
158393	0.005221908594
158394	0.0005937348077
158395	0.002456927153
158396	0.004765245456
158397	0.002674304927
158398	0.0008152332055
158399	0.002911540787
158400	7.846208112e-05
158401	0.001904960238
158402	0.0007073658135
158403	0.001427988714
158404	0.003996561971
158405	0.0007847340827
158406	0.001675289558
158407	0.003305962296
158408	0.0007547099743
158409	0.002447278476
158410	0.002343323
158411	0.000747307714
158412	0.004463439754
158413	0.001384294355
158414	0.002519563651
158415	0.0008925162595
158416	0.0002845878773
158417	0.002186665549
158418	0.003196789615
158419	0.001550084673
158420	0.00323917676
158421	0.003581431333
158422	0.0001652900849
158423	0.0005152072545
158424	0.00189323995
158425	0.001158249756
158426	0.001980352496
158427	0.0005189576597
158428	0.003966872272
158429	0.0001672817718
158430	0.0007056651305
158431	0.002046764971
158432	0.00188191676
158433	0.0004104654084
158434	0.001347718761
158435	4.605069261e-08
158436	0.001278080432
158437	0.000751495664
158438	0.003237809926
158439	0.001651908794
158440	0.001444077801
158441	0.005504298964
158442	0.003127861201
158443	0.0002191812118
158444	0.002731074501
158445	0.001405484917
158446	0.004010311787
158447	0.003170883753
158448	0.004442947846
158449	0.003706761628
158450	0.001695297518
158451	5.743724665e-05
158452	0.004844088096
158453	0.001220900637
158454	0.002115613787
158455	0.00208301693
158456	0.001959344962
158457	0.002185474936
158458	0.003485379881
158459	0.001784298598
158460	0.001115311724
158461	0.0004757577471
158462	0.0002060369684
158463	0.0004381900791
158464	0.00232026468
158465	0.00526642933
158466	0.000477875253
158467	0.007543306217
158468	0.00439465255
158469	0.0001841269738
158470	0.002140016064
158471	0.0004061191383
158472	0.005604512022
158473	0.004503046279
158474	0.004256774192
158475	0.001979863195
158476	0.002937180268
158477	0.001646101354
158478	0.006936471099
158479	0.002480204872
158480	0.0007807595747
158481	0.0009710113097
158482	0.0003056452991
158483	0.0007182480467
158484	0.003770339854
158485	0.004799459367
158486	0.0003277306737
158487	0.007365468378
158488	0.00377297104
158489	0.002476785657
158490	0.004439083588
158491	0.001274637412
158492	0.001806593856
158493	0.002187929685
158494	0.002048376968
158495	0.001520672533
158496	0.003647727836
158497	0.0084344951
158498	0.001217932182
158499	0.002414960371
158500	3.904790755e-05
158501	0.001204389852
158502	0.005068645246
158503	2.840351402e-05
158504	0.0008992092095
158505	0.0001041275591
158506	0.003528193197
158507	0.0005285380045
158508	0.0009542194524
158509	0.0009715687564
158510	0.000666441711
158511	0.001137554603
158512	0.00196505443
158513	0.001071778487
158514	0.0008261395123
158515	0.0007120301099
158516	0.001744248471
158517	0.001502277814
158518	0.0007930519544
158519	0.001914271629
158520	0.004093154996
158521	2.893170503e-05
158522	0.003500102324
158523	0.003856743207
158524	0.004070153162
158525	0.004678602475
158526	0.006605626088
158527	0.00277386527
158528	0.0001114808008
158529	0.007242904231
158530	2.916543865e-07
158531	0.0007435364673
158532	0.0008139943012
158533	9.367125937e-06
158534	0.001621887537
158535	0.002192709485
158536	0.0003051041371
158537	0.003701143665
158538	0.001039830712
158539	0.0002438316685
158540	0.001163192664
158541	0.00133367283
158542	0.002906189302
158543	0.001094936999
158544	0.001319347308
158545	0.006822095355
158546	0.000593921673
158547	0.002298615671
158548	0.004005256358
158549	0.0003227449505
158550	0.002099711462
158551	0.002935609956
158552	0.001040146925
158553	0.00694386012
158554	0.001295346418
158555	0.0006841263924
158556	0.002817514744
158557	0.00457986081
158558	0.0001875494129
158559	0.007550901076
158560	0.001401046184
158561	0.00377697566
158562	0.0004494612295
158563	0.002150179092
158564	1.103909544e-06
158565	0.004735573364
158566	0.001255683944
158567	0.0002918665901
158568	0.0009245113427
158569	0.001007900979
158570	0.00148531121
158571	0.002587102341
158572	0.0006335776077
158573	0.0004582887163
158574	0.004546729986
158575	0.0007269206537
158576	0.00122624395
158577	0.001822610917
158578	0.0001839253141
158579	0.003271147201
158580	0.005927262012
158581	0.0001783649888
158582	0.001336991808
158583	0.004870883202
158584	0.003755037935
158585	0.003939873388
158586	0.003000993273
158587	0.002230876261
158588	0.003661372029
158589	0.003824038334
158590	0.003062740902
158591	0.005889050157
158592	0.003467221682
158593	0.004315052816
158594	0.004058310964
158595	0.004530926961
158596	0.007245545753
158597	0.005000587222
158598	0.002988541919
158599	0.003478499971
158600	0.001538658579
158601	0.001846169568
158602	0.0003479683581
158603	0.0002131130198
158604	0.0002064671125
158605	0.0009019961696
158606	0.0007167159967
158607	0.0003029870932
158608	0.0005649753296
158609	7.584742971e-05
158610	0.004174707064
158611	0.001595113913
158612	0.001357571199
158613	0.002532001253
158614	0.0009681391051
158615	0.002235468338
158616	0.003312594465
158617	0.003470065191
158618	0.0007080624178
158619	0.0004374904893
158620	0.0003755023228
158621	0.001870935784
158622	0.00412802419
158623	0.001425204518
158624	0.005766892724
158625	0.002058597877
158626	0.004457379955
158627	0.002975676119
158628	0.001799612395
158629	0.004393943844
158630	0.001303684811
158631	0.0004575433926
158632	0.001601820356
158633	0.008601632108
158634	0.0001429731178
158635	0.0004990884361
158636	0.003834679736
158637	0.003982984413
158638	0.00881484861
158639	0.0005325991933
158640	0.003730559578
158641	0.000180584933
158642	0.002491392835
158643	0.006335242565
158644	0.003631774
158645	4.189814658e-05
158646	0.0001853574803
158647	0.00459360874
158648	0.002735014801
158649	0.0007301352932
158650	0.0005953982737
158651	0.001166510047
158652	0.003007297486
158653	0.002240059891
158654	0.0006374292684
158655	0.003129970368
158656	0.0015359321
158657	0.001720891692
158658	0.0007688341493
158659	0.002226153704
158660	0.0004344339823
158661	0.0008009353782
158662	0.0004138972911
158663	0.002395755126
158664	0.0004545530682
158665	0.002329837211
158666	0.0008531805911
158667	0.001730530489
158668	0.0003018441559
158669	0.001417297069
158670	0.0002204478579
158671	0.0001125148082
158672	0.0002003582497
158673	0.0008695478875
158674	2.854429422e-06
158675	0.000184555335
158676	0.002193805217
158677	0.002172598422
158678	0.0003266336869
158679	3.171127472e-05
158680	0.0001013716829
158681	0.0005009548149
158682	0.004267606963
158683	0.000347658672
158684	0.001075208676
158685	0.001905027095
158686	0.001291963654
158687	9.22758319e-05
158688	0.0004059429389
158689	0.0002818384514
158690	0.0003692367388
158691	0.0002548487301
158692	5.069272201e-05
158693	0.006540619359
158694	0.002788086058
158695	0.002480641214
158696	0.0008247106933
158697	0.002888477833
158698	0.004370579399
158699	0.00682392161
158700	0.005433099125
158701	0.003362439276
158702	0.005819181144
158703	0.004609563164
158704	0.004046955995
158705	0.004477485594
158706	0.004172617834
158707	0.004961068501
158708	0.0001477421142
158709	0.0001541662322
158710	0.0008792166755
158711	0.001655347163
158712	0.0003526875187
158713	0.000894280476
158714	0.0001918689607
158715	0.0001608919194
158716	0.001340130538
158717	0.0009509723087
158718	2.487399509e-05
158719	0.0006378293212
158720	0.0001251382
158721	0.00171841473
158722	0.0008647526081
158723	0.001171041196
158724	0.003588066431
158725	0.0006936964133
158726	0.0005486142147
158727	7.445073544e-05
158728	0.0001562163035
158729	0.001057025971
158730	0.0002427934683
158731	8.137247648e-05
158732	8.133111137e-05
158733	0.00018115659
158734	0.001533299595
158735	0.0002758204458
158736	0.0005534103785
158737	0.0007479594063
158738	0.0005127920578
158739	3.178558663e-05
158740	0.0001689668283
158741	0.0005959012454
158742	0.0001498741369
158743	0.0001532196422
158744	0.0006314595471
158745	0.0005440945003
158746	0.0001759546719
158747	0.002518589792
158748	0.0002761341541
158749	0.0006681506144
158750	0.0004012067494
158751	0.00129151024
158752	0.0004337880191
158753	0.00157987096
158754	0.0004998737428
158755	0.0003886090507
158756	0.0003060684295
158757	0.0004792502815
158758	0.0003916680986
158759	0.0001647567394
158760	4.794707054e-05
158761	0.001066018483
158762	0.00170012981
158763	0.0004719525932
158764	0.001230854047
158765	0.0003310900129
158766	0.002345411887
158767	0.0006384209776
158768	7.61405264e-05
158769	0.0003122087259
158770	0.0004047655703
158771	0.0008508360314
158772	0.001296687199
158773	0.000464677193
158774	0.0003239043727
158775	0.001069132067
158776	0.001159287829
158777	0.0002627804379
158778	0.0006425244767
158779	0.0002789845237
158780	0.0005559646932
158781	0.0004103742379
158782	0.001219302186
158783	0.00139413929
158784	0.001656091515
158785	0.0007087686
158786	0.0002651060288
158787	0.0007169612798
158788	0.003858039008
158789	0.0003678223087
158790	0.0009428853041
158791	0.0009437418476
158792	0.0003773152223
158793	0.0008011963833
158794	0.0002625309099
158795	0.0008072872973
158796	0.0002572903987
158797	0.0001336116871
158798	0.0001226528407
158799	0.0006863021754
158800	0.0008029960564
158801	0.0009423357664
158802	0.0008082236614
158803	0.0006755275318
158804	0.0008042817797
158805	0.0009398029784
158806	0.000276582845
158807	0.0007997340521
158808	0.0008121103399
158809	0.0005461189741
158810	0.0003956492456
158811	0.0006567259961
158812	0.0002687984839
158813	0.0002709405165
158814	0.0004087491382
158815	0.0005339849838
158816	0.0006834097164
158817	2.815232341e-06
158818	2.965664608e-06
158819	7.276009431e-07
158820	0.0002645004192
158821	0.0009474320431
158822	0.000942857674
158823	0.0002585096632
158824	1.479762256e-06
158825	0.000537801123
158826	0.0008144313523
158827	0.0001365459676
158828	0.0003882271556
158829	2.026230475e-07
158830	0.0002656777073
158831	0.0008134901667
158832	0.0004066431442
158833	0.0005426309894
158834	0.0006739221339
158835	0.0004075139949
158836	1.498182532e-06
158837	0.0002752872855
158838	8.596129269e-08
158839	0.0001434183462
158840	0.0006713950104
158841	0.0009421239326
158842	0.0005416044924
158843	0.000122539249
158844	0.0002583035139
158845	0.0001393526159
158846	0.0002693286845
158847	0.0006795844389
158848	0.0001365874935
158849	0.0001357631058
158850	0.0006833353515
158851	0.000131523998
158852	0.0009385565391
158853	0.0003990765188
158854	0.0001357821521
158855	3.263459085e-06
158856	0.0002446952177
158857	0.0003961266207
158858	0.000275796287
158859	0.0009436466757
158860	0.0009432659901
158861	0.000122008131
158862	2.348585318e-06
158863	4.48226745e-07
158864	0.0008170887363
158865	0.0003947735901
158866	3.1314471e-07
158867	0.0006620971222
158868	0.0006780774049
158869	2.063071028e-06
158870	0.0004272557102
158871	0.0005328666273
158872	1.501252578e-06
158873	0.0008027242771
158874	0.0009427410121
158875	0.0003834430344
158876	0.0006794524269
158877	0.0005472878994
158878	0.0004085715454
158879	0.0001309837276
158880	0.0009445523392
158881	0.0002673053454
158882	2.763041557e-06
158883	2.026230475e-07
158884	3.656424991e-06
158885	0.000940886704
158886	0.0003837016684
158887	0.0002666053749
158888	0.0006868578537
158889	0.0006686541147
158890	6.140092347e-07
158891	0.000942464708
158892	0.0005339692299
158893	0.0009464588378
158894	0.0005302303173
158895	0.0006745146528
158896	0.0002732457048
158897	0.000815779045
158898	0.0006530051001
158899	0.0001292569855
158900	0.0002834033915
158901	0.0001312937446
158902	0.0004283364241
158903	0.0004081592139
158904	0.0003921477832
158905	0.0006621032622
158906	0.000943797108
158907	0.0006889185471
158908	0.0008212297531
158909	1.455201886e-06
158910	0.0009412305494
158911	0.0002711839098
158912	1.743786226e-06
158913	0.0006891266178
158914	0.0005286977382
158915	0.0006297662758
158916	0.0005527902587
158917	0.0005741975141
158918	0.0007762640912
158919	0.0009932122593
158920	0.00135699585
158921	2.571469116e-05
158922	0.0009193249976
158923	0.0002984599076
158924	0.001388412932
158925	0.0007023010279
158926	0.0004666063124
158927	0.001378781396
158928	0.0003663997443
158929	0.00066256467
158930	0.0004179398093
158931	0.0002020327678
158932	0.0009521457532
158933	0.0005485036856
158934	0.001300074454
158935	0.0002174502128
158936	0.0007868171404
158937	0.0006573125754
158938	0.0004243492465
158939	0.0002563014744
158940	0.001235612294
158941	0.0002121952275
158942	9.266829747e-05
158943	0.001312869254
158944	0.001029724388
158945	0.001243110507
158946	0.001646570225
158947	0.001353395928
158948	0.001092859116
158949	0.001249916184
158950	0.0007675628589
158951	0.001085642768
158952	2.061596283e-05
158953	0.001008566935
158954	1.485033644e-05
158955	0.0005450565818
158956	0.0005997357082
158957	0.0008811161417
158958	0.0004217380713
158959	0.0006527282766
158960	0.001851023206
158961	0.0003522772445
158962	0.0005617473445
158963	0.00152455679
158964	0.0006394808892
158965	0.001227913404
158966	0.0004344295771
158967	0.0005673977209
158968	0.0001104133335
158969	0.0009905690999
158970	0.0005317568255
158971	0.0006568642473
158972	0.001037520276
158973	0.0001308809824
158974	0.001435717065
158975	0.00277132389
158976	0.0001112848844
158977	0.0008168970323
158978	0.002403848483
158979	0.0003009912616
158980	0.0006780292906
158981	0.0006063265694
158982	0.0001598836495
158983	0.0009912204609
158984	1.11903183e-06
158985	0.001591986293
158986	0.0003434929781
158987	0.0002395184391
158988	0.0002303872263
158989	8.741939207e-05
158990	0.0004890822253
158991	0.0004517759284
158992	0.00180877033
158993	0.00191434543
158994	0.0009912204609
158995	0.000860287107
158996	3.748848244e-05
158997	0.0003961443771
158998	1.642474703e-07
158999	0.0005845882485
159000	0.001074726328
159001	0.0001886327223
159002	0.0009694806642
159003	0.001257060896
159004	0.0007351695179
159005	0.001689854324
159006	0.002245971418
159007	0.002597810545
159008	0.002000829986
159009	0.001755111834
159010	0.0008618347075
159011	0.0002729862708
159012	0.002926244575
159013	0.002915599638
159014	0.002913052416
159015	0.0002006172818
159016	0.001968862966
159017	0.001820711936
159018	0.001115548919
159019	6.697337398e-05
159020	0.001277747098
159021	0.0002074868624
159022	0.002813163295
159023	0.002945868946
159024	0.001324972581
159025	0.0009468749932
159026	0.002123729055
159027	0.002978593028
159028	0.001796747371
159029	0.001107013457
159030	0.003116035673
159031	0.0006491396081
159032	0.001410081751
159033	0.001144037596
159034	0.00225136549
159035	0.002665015556
159036	0.0006541667016
159037	0.001669057156
159038	0.003979527592
159039	0.0005949433384
159040	0.0001468664791
159041	0.005464615237
159042	0.001688978539
159043	0.001569803949
159044	0.0009584090205
159045	0.0003214894573
159046	0.000574586289
159047	0.0003916086975
159048	0.001207385631
159049	0.001321955612
159050	0.0004251085741
159051	0.003062742343
159052	0.00224221672
159053	0.001983390225
159054	0.002190522192
159055	0.006590248571
159056	6.210063386e-05
159057	0.002104570936
159058	0.001023072749
159059	0.001781795655
159060	0.003798541375
159061	0.002014634476
159062	0.0009602958867
159063	0.0001677756503
159064	0.004351352953
159065	0.000818557134
159066	0.001578130422
159067	0.001614280019
159068	0.0006714528135
159069	0.0003091756026
159070	0.003314066352
159071	0.0009109649429
159072	0.000407532123
159073	0.0004101845993
159074	0.0007108936654
159075	0.002464114536
159076	0.001339450551
159077	0.002707539517
159078	0.0007011858432
159079	0.005468847595
159080	0.005792235007
159081	0.002424327189
159082	0.002211993664
159083	0.0007801112271
159084	0.0005639297606
159085	0.001706719508
159086	0.0008326276677
159087	8.283472061e-05
159088	0.002372016998
159089	0.0005480068997
159090	0.002073087334
159091	0.0003022516016
159092	0.001375818851
159093	0.0006787125529
159094	0.0001664497779
159095	0.006623028645
159096	0.000978154765
159097	0.0006451603439
159098	0.0002319815115
159099	0.00179898789
159100	0.00278665514
159101	0.0003202706979
159102	0.001641442924
159103	0.001449829455
159104	0.0003207544473
159105	0.001430907913
159106	0.0003866033846
159107	0.002454467176
159108	0.001423697342
159109	0.001594759113
159110	0.0007584570938
159111	0.0009836868692
159112	0.001542408806
159113	0.001505990477
159114	0.001608464337
159115	0.001703852813
159116	0.002175769125
159117	0.001669201572
159118	0.00520244571
159119	0.003377288171
159120	0.0001919162595
159121	0.0006017029908
159122	0.001516963698
159123	0.001292919626
159124	0.000560617045
159125	0.003118050994
159126	0.004814906141
159127	0.004507767109
159128	0.00407178613
159129	0.00123821215
159130	5.215538539e-06
159131	0.002301919291
159132	0.001290091523
159133	0.007858972329
159134	0.001365594499
159135	0.001687817784
159136	0.008031124983
159137	0.00539873355
159138	0.0006904188026
159139	0.0005224066913
159140	0.001207105867
159141	0.001036352051
159142	0.0003450889856
159143	3.070046173e-07
159144	0.001036207759
159145	0.0001707998669
159146	0.000690443363
159147	0.0003521225923
159148	0.0005158857824
159149	0.001207035256
159150	0.001205659875
159151	0.001204560645
159152	0.0007904657648
159153	0.0003972267914
159154	0.0002558199755
159155	0.004953077946
159156	0.002025130353
159157	0.003269830644
159158	0.002573070772
159159	0.003111186444
159160	0.002923357389
159161	0.001098053871
159162	0.0004025017225
159163	0.004032113691
159164	0.000232455403
159165	0.003126797414
159166	0.002390758392
159167	8.991587451e-06
159168	0.001214231864
159169	0.0002929008866
159170	0.001445447772
159171	0.0002863814613
159172	2.571382714e-06
159173	0.001689589878
159174	0.001217140812
159175	0.001909807621
159176	0.005085537589
159177	0.002319265332
159178	0.000819043709
159179	3.755340736e-05
159180	0.000186069533
159181	0.00204783134
159182	0.0001064398314
159183	0.00423493458
159184	0.002480076521
159185	0.000832915328
159186	0.0005276572208
159187	0.0001028137597
159188	0.0008745383315
159189	0.001119061391
159190	0.0005805109019
159191	0.004933247786
159192	0.001660437439
159193	0.0006017846882
159194	0.0003057615693
159195	0.00226031803
159196	0.001876355424
159197	0.000987870573
159198	0.002789203473
159199	0.002294097939
159200	0.002107149378
159201	0.0001521434594
159202	0.001365153021
159203	0.001770440295
159204	0.004578485414
159205	0.00060423065
159206	0.001704771106
159207	0.003016228657
159208	0.005076247041
159209	0.0001426180535
159210	0.0002619886707
159211	0.0006299445787
159212	0.002480255986
159213	0.001218349828
159214	0.00225049672
159215	0.003035357312
159216	0.002685017618
159217	0.0003316031098
159218	0.0008867030727
159219	0.002971501629
159220	0.0008494596476
159221	0.00140835562
159222	0.0002459232934
159223	0.002401417595
159224	0.0001765421651
159225	0.001454010909
159226	0.001602066779
159227	0.001140045241
159228	0.006672869893
159229	0.0005019637036
159230	0.003284749159
159231	0.004736829712
159232	0.001206260699
159233	0.006228207535
159234	0.001288653771
159235	0.002246262546
159236	0.0001023608664
159237	0.004051534335
159238	0.00121081677
159239	0.0008213192638
159240	0.001481823846
159241	0.00108874446
159242	0.0001604656161
159243	0.0005788507071
159244	0.0006598183035
159245	0.0004692366528
159246	0.001392596057
159247	0.0005703350806
159248	9.798646247e-05
159249	0.0005218012336
159250	0.00443488899
159251	0.002009897456
159252	0.0006678936651
159253	0.003696331808
159254	0.001511307296
159255	0.0001189060042
159256	1.65782493e-07
159257	1.135917084e-07
159258	0.0009280877474
159259	0.001262015954
159260	0.0008536845375
159261	0.0001697163131
159262	0.002495184591
159263	0.004939707666
159264	0.001390436878
159265	0.0008909072296
159266	0.0002718095238
159267	0.005497875442
159268	0.004648882929
159269	0.0005552894778
159270	0.001031370675
159271	0.001352201889
159272	0.00287583343
159273	0.0009958735088
159274	0.004871778469
159275	0.0007578712916
159276	0.00100372542
159277	0.0008627312152
159278	0.0006425147217
159279	5.251705461e-06
159280	0.003070222211
159281	0.003405822613
159282	0.0009650462501
159283	0.003598946925
159284	0.0009883414335
159285	0.0006733804331
159286	0.00293594497
159287	0.0002615051825
159288	0.0002270118477
159289	0.001543756953
159290	0.0003919338885
159291	0.003363515279
159292	0.00507781874
159293	0.005950458509
159294	0.003828461426
159295	0.00325254046
159296	0.002490675859
159297	0.000421977541
159298	0.0002400409301
159299	0.007117456354
159300	0.002432861805
159301	0.0004427942468
159302	0.005728783631
159303	0.001161702433
159304	0.0003322287362
159305	0.003081513479
159306	0.005508697072
159307	0.002106116109
159308	0.0005729740742
159309	0.0002913074517
159310	0.003243190716
159311	0.003210461601
159312	0.0008047666666
159313	0.0001818096904
159314	0.0046068619
159315	0.0008971135849
159316	0.001764060849
159317	9.662247406e-05
159318	0.001504441489
159319	0.0009274750941
159320	0.001963209386
159321	0.001959091838
159322	0.001583468898
159323	0.0004802774313
159324	0.001781668765
159325	0.002563805648
159326	0.002084938081
159327	0.002883460938
159328	0.00106273374
159329	0.0005067620969
159330	8.911799692e-05
159331	0.001913753986
159332	0.0004594645497
159333	0.002698542795
159334	0.0004962916032
159335	0.0003412841275
159336	0.003292452532
159337	0.00110864819
159338	0.001215059761
159339	0.0009639217394
159340	0.0007115735965
159341	0.0004346991607
159342	0.0001489290711
159343	0.0009200226848
159344	0.0005121869955
159345	0.0003841031717
159346	0.001181782547
159347	0.001050262315
159348	0.001817011
159349	3.65726147e-05
159350	0.0004723039076
159351	0.001395137721
159352	0.001899082705
159353	0.002671432219
159354	0.0006051163466
159355	0.002547664822
159356	0.001983005662
159357	0.001310264397
159358	0.001086139144
159359	0.00307578818
159360	0.0001123679841
159361	0.002187487946
159362	0.0004284716832
159363	0.000103528432
159364	0.0005236978784
159365	0.001271946996
159366	0.002382728853
159367	0.0005262641904
159368	0.000892061611
159369	0.0004239635815
159370	0.002173461174
159371	0.002042110938
159372	0.0001017681696
159373	0.0004215855113
159374	0.00252393638
159375	0.001297895466
159376	0.0005959633936
159377	0.002299913188
159378	0.0002122429305
159379	0.0002180873876
159380	0.001445344324
159381	0.001325204732
159382	0.001758727449
159383	0.002325649006
159384	0.001280604322
159385	0.0003147172983
159386	0.0001105172847
159387	0.0004865777883
159388	0.000389926069
159389	3.85409285e-05
159390	0.0008839907552
159391	0.0001228826539
159392	0.0001116550874
159393	0.0003545988384
159394	0.0003227506537
159395	5.833087688e-08
159396	0.0005991666524
159397	0.0001194466712
159398	0.0006488212853
159399	0.0002542631239
159400	0.0004744934502
159401	0.0002981471663
159402	0.0008034764573
159403	0.002307013072
159404	0.0008884008407
159405	0.00698452079
159406	0.003914971616
159407	0.004782013411
159408	0.0006331570009
159409	0.00105861174
159410	0.002842670015
159411	0.0003211019173
159412	0.0006710882001
159413	0.0003984354308
159414	0.001409758404
159415	0.0006990829352
159416	9.523825119e-05
159417	0.004605494247
159418	0.001807765347
159419	0.0003338414532
159420	0.0001480128252
159421	0.0002093465386
159422	0.0003692876474
159423	0.002177555481
159424	0.001974505578
159425	0.001753419538
159426	9.714848264e-05
159427	0.0004384636847
159428	0.0004988400689
159429	0.0002678706654
159430	0.001625920986
159431	0.002835391145
159432	0.0007863165257
159433	0.0007513784787
159434	0.002494483152
159435	0.0005595502581
159436	0.002130000027
159437	0.0001954464656
159438	0.0004506017794
159439	0.001607093144
159440	0.0009885045849
159441	0.001606647312
159442	0.002356240592
159443	0.0009283431347
159444	0.001105200807
159445	0.0008313682291
159446	5.464682192e-07
159447	0.001015665403
159448	0.00418346382
159449	0.0006821324682
159450	0.002111603163
159451	0.00117871264
159452	0.001475106964
159453	0.001998201441
159454	0.0005451206491
159455	0.0008543673461
159456	0.00152817559
159457	0.00157674532
159458	0.002090564264
159459	0.0002042905953
159460	0.002944349135
159461	0.0004739477818
159462	0.002273634965
159463	0.001292728382
159464	0.004248521323
159465	0.00887625198
159466	0.0001419602365
159467	0.0005406085788
159468	0.0001300766674
159469	3.12121364e-08
159470	0.0001306430909
159471	0.0006725960674
159472	0.0002624360744
159473	0.0005243458649
159474	0.0005422088136
159475	0.0009787949634
159476	0.001770805155
159477	0.00296034561
159478	0.003938818218
159479	0.0002247075967
159480	0.0008382509828
159481	0.0008174503086
159482	0.001128837084
159483	0.003865720097
159484	0.002504913841
159485	0.001986360395
159486	0.0005069952121
159487	0.002414422212
159488	0.001081626769
159489	0.002932291316
159490	0.004669872568
159491	0.002504191101
159492	0.0006369915828
159493	0.000119476451
159494	0.00319483967
159495	0.0005105013641
159496	0.0006430584189
159497	0.004263354291
159498	0.0005224534229
159499	0.004021402883
159500	0.002669776752
159501	0.0009536663629
159502	0.002217733471
159503	0.001472283557
159504	0.0009136117552
159505	0.003293286868
159506	0.00573649516
159507	0.003214397529
159508	4.25624124e-05
159509	5.139531645e-05
159510	0.001196581535
159511	0.0002642793091
159512	0.005260845011
159513	0.0001261460626
159514	0.004470631784
159515	0.0005416833155
159516	0.001880450176
159517	0.003672589794
159518	0.0006799734753
159519	0.005859594947
159520	0.0003009884934
159521	0.002520511943
159522	0.003004624767
159523	0.004739110754
159524	0.00343522686
159525	0.002058341883
159526	0.002442476789
159527	0.0004525416522
159528	0.003346814123
159529	0.0001344642549
159530	0.003464227199
159531	0.001615736852
159532	8.033940695e-05
159533	0.0001164599241
159534	0.001347284018
159535	0.005515871014
159536	0.001486681965
159537	0.002184623049
159538	7.725528941e-05
159539	0.0004793117942
159540	0.001071438491
159541	0.0009992744662
159542	0.002026263032
159543	0.0009393883675
159544	0.0009540420445
159545	0.008815313723
159546	0.00281820956
159547	0.0005853553471
159548	0.0002030766845
159549	0.002887650678
159550	0.0002751701334
159551	0.002383618099
159552	0.004393268491
159553	0.001774959149
159554	0.001025800432
159555	0.003184739107
159556	0.0005704358693
159557	0.003459134368
159558	0.005183277713
159559	0.002837701143
159560	0.005383687984
159561	0.0008788838791
159562	0.0007574516268
159563	0.003491423959
159564	0.0007084697649
159565	0.002753472622
159566	0.0002206087137
159567	0.004115894574
159568	0.001794004877
159569	0.0005214828426
159570	0.0002041089057
159571	0.003741550975
159572	0.000630056276
159573	0.0006757251376
159574	0.001315058217
159575	0.0001332786663
159576	0.004178742654
159577	0.001238884611
159578	0.002773160588
159579	6.241883051e-05
159580	0.003396751399
159581	0.002825834748
159582	0.002678568283
159583	0.003113521608
159584	0.0005538228349
159585	0.002366220073
159586	0.001308916499
159587	6.159853999e-05
159588	0.0007347065096
159589	0.0001760089074
159590	0.004112378002
159591	0.002322802093
159592	0.002483840653
159593	0.0002418914359
159594	0.0002618538045
159595	0.002821383385
159596	0.002207909229
159597	0.0004892782783
159598	0.0007366760637
159599	0.002870267901
159600	0.002375630245
159601	0.001346797489
159602	0.004725206364
159603	0.0008465491971
159604	0.0007370556418
159605	0.002986366953
159606	0.001279542351
159607	0.001222721802
159608	0.001611420878
159609	0.003762332618
159610	0.001392816274
159611	0.001744735565
159612	0.0002717801553
159613	0.0003327421375
159614	0.0004428337784
159615	0.0002897670832
159616	0.00561638059
159617	0.0006022256575
159618	0.003532807826
159619	0.0006712405881
159620	0.0008644081971
159621	0.0005569177779
159622	0.001105097713
159623	0.0002361655087
159624	0.0007885848886
159625	0.001585591614
159626	0.001716679748
159627	0.001744303131
159628	0.003408553079
159629	0.004131500179
159630	0.002243759968
159631	0.0009621869708
159632	0.000885353204
159633	9.314234047e-05
159634	0.0008700848591
159635	0.0001200637409
159636	0.001076123584
159637	0.0004830783036
159638	0.0002379856125
159639	0.0003566109873
159640	3.157030818e-07
159641	0.0003566606196
159642	1.755043061e-07
159643	0.001725677753
159644	0.002527649812
159645	0.0009766185084
159646	0.0005956123733
159647	0.001058489987
159648	0.00131081749
159649	0.0003618849644
159650	0.000823324533
159651	0.0004764552914
159652	0.0002693697476
159653	0.0003423059535
159654	0.0007008731294
159655	0.0005129216271
159656	0.0006069633011
159657	0.0002415323859
159658	0.0003659206179
159659	0.0004211194266
159660	0.0005370633308
159661	0.001161949061
159662	0.0009091026406
159663	0.0006361575678
159664	0.003041452912
159665	0.001039362088
159666	3.894320653e-05
159667	0.0001370307603
159668	9.052783107e-05
159669	0.000746778165
159670	0.001153257653
159671	0.0002906641145
159672	0.005107964261
159673	0.0009020323019
159674	0.003961038516
159675	0.0003219272413
159676	0.003597872765
159677	0.0006743505971
159678	1.084749648e-07
159679	0.001620931806
159680	0.0004523296379
159681	0.0001531099957
159682	0.0009711734289
159683	6.306623971e-05
159684	0.001111320766
159685	0.0001894431971
159686	0.0002118804625
159687	0.0003968108912
159688	5.307839648e-05
159689	0.0002097746644
159690	0.000277221468
159691	0.0003543220421
159692	0.0001348986987
159693	0.001119820877
159694	0.0007522726954
159695	0.002055231129
159696	0.003046456335
159697	0.0003264754829
159698	0.0003123299274
159699	0.0002776529874
159700	0.0001114450661
159701	0.0005976497432
159702	0.0009416875597
159703	0.0001754186062
159704	0.0002248250525
159705	0.001694087281
159706	0.001323879855
159707	0.001698533334
159708	0.0002475983537
159709	0.0001824180029
159710	0.002216057075
159711	0.001206646657
159712	0.001823914712
159713	0.002012409531
159714	0.000477595687
159715	0.0005727677065
159716	0.0002067774035
159717	0.000477264122
159718	0.0002488748896
159719	0.0005722898025
159720	0.0002281072998
159721	9.440450789e-05
159722	0.0001108788064
159723	0.0002128640899
159724	0.0006749430057
159725	5.423748243e-07
159726	0.00108874115
159727	0.000103209262
159728	0.000375045728
159729	0.002787154171
159730	0.002135856273
159731	0.003357876595
159732	0.003318090528
159733	0.002589190985
159734	0.001028010357
159735	0.002901754033
159736	0.004198009748
159737	0.001633931516
159738	0.000148950891
159739	0.002619531553
159740	0.004092461942
159741	0.003798302304
159742	0.0005591758524
159743	0.001454520073
159744	0.0002206737519
159745	0.002173590939
159746	0.003949006452
159747	0.003223832397
159748	0.0005465545856
159749	0.00243601292
159750	0.003654870105
159751	0.001301131445
159752	0.0001181582242
159753	0.002462916563
159754	0.003758952121
159755	0.0002385336122
159756	0.002044909704
159757	0.001813007062
159758	0.0009430526977
159759	1.524789601e-07
159760	0.0001930348266
159761	0.001260590089
159762	0.0009026590976
159763	0.0007183419081
159764	0.001277018083
159765	4.944067585e-06
159766	0.00148721174
159767	0.001153631677
159768	0.001235865493
159769	0.001153511434
159770	1.386637522e-07
159771	0.001394411178
159772	0.0001189360817
159773	0.0003279122963
159774	0.0004511452152
159775	0.002158159937
159776	0.0005245639145
159777	0.003858730922
159778	0.0006615826919
159779	0.001669610706
159780	0.0003214523802
159781	0.000285949676
159782	0.0003695631044
159783	0.0002441915666
159784	0.0004580187986
159785	0.001491286101
159786	8.354150118e-05
159787	0.0001878914204
159788	7.679711197e-05
159789	6.421049551e-05
159790	6.281695614e-05
159791	0.000602605439
159792	0.002243165097
159793	0.002190258247
159794	0.001267884069
159795	0.001951207898
159796	0.004138852724
159797	0.002018500248
159798	0.001075026805
159799	0.001756062444
159800	9.260055321e-05
159801	0.003489177725
159802	2.322315042e-05
159803	0.0004091970602
159804	0.0003837514983
159805	0.00090954074
159806	0.0001962792023
159807	0.00016446788
159808	0.001605457505
159809	0.001059250234
159810	0.004410632347
159811	0.0005691374404
159812	0.002983912586
159813	0
159814	0.0004564097785
159815	0.001190543231
159816	0.004415365094
159817	0.0002691328299
159818	0.001262565187
159819	0.004168003338
159820	0.003744213871
159821	0.003352110973
159822	0.001855689379
159823	0.003315178248
159824	0.0006827466725
159825	0.0003063991524
159826	0.001405666149
159827	0.0002960348635
159828	0.0002444540093
159829	0.004904427153
159830	0.002365969493
159831	0.0005944555213
159832	3.257069775e-05
159833	0.002796241104
159834	0.001916861678
159835	0.001476739243
159836	0.0005227149382
159837	0.003005333014
159838	0.0004680326847
159839	0.0005824886496
159840	0.0007533091255
159841	0.003714105877
159842	0.0005779592723
159843	0.004472939297
159844	0.0009002570222
159845	0.0004670245277
159846	0.002742344704
159847	0.001591542689
159848	0.001110788523
159849	0.001552852228
159850	0.0005879360315
159851	0.00684554156
159852	0.004117780382
159853	0.005989463221
159854	0.003220791534
159855	0.003309047869
159856	1.900253856e-05
159857	0.001929949945
159858	0.0016064288
159859	0.001474764702
159860	0.006395788485
159861	0.0019016774
159862	0.001783604213
159863	0.005499103922
159864	0.002192445724
159865	0.003979170139
159866	0.007537595577
159867	0.007797738686
159868	0.001447574366
159869	0.001692821617
159870	0.001959052975
159871	0.00137266191
159872	0.0011241432
159873	0.0001626084254
159874	0.0007709934127
159875	0.007696798432
159876	0.006096674525
159877	0.001007425561
159878	0.001173247284
159879	0.003740072473
159880	0.006647281882
159881	0.002175334333
159882	0.001110867938
159883	0.0002108188948
159884	0.003531796132
159885	0.0009180482543
159886	7.880762407e-05
159887	0.0009137412989
159888	0.001886476371
159889	0.0001343291354
159890	0.001782986582
159891	0.002546271983
159892	0.001590247857
159893	0.0002105487497
159894	0.0008935406692
159895	0.002118458497
159896	0.0006574399432
159897	0.0007970275651
159898	0.0001377982025
159899	0.0003344627344
159900	0.000271837792
159901	0.001034990685
159902	0.0005313826317
159903	0.002014022756
159904	0.0003370953525
159905	0.0008478565111
159906	0.003487512133
159907	0.002557833563
159908	0.003829816585
159909	0.0002191804958
159910	0.0002727998067
159911	0.007005940796
159912	0.002299227285
159913	0.0007044700025
159914	0.001928074993
159915	0.0002180991611
159916	0.00873518895
159917	0.003505578187
159918	0.006330551646
159919	0.006089857137
159920	0.0003976203718
159921	0.003023750473
159922	0.004478401124
159923	0.007145451844
159924	6.564364418e-05
159925	0.004113402463
159926	0.000671115765
159927	0.001125366943
159928	0.003129958211
159929	0.004152541623
159930	0.003489402171
159931	0.003819100358
159932	0.002406311614
159933	0.00261715113
159934	0.00279865851
159935	0.002569306307
159936	0.003264484531
159937	0.003099348759
159938	0.003044882549
159939	0.003034866409
159940	0.003437875299
159941	0.003040955149
159942	0.002817366256
159943	0.002922066955
159944	0.00330528432
159945	0.003118183526
159946	0.002117294877
159947	0.003474984195
159948	0.002779349375
159949	0.002703819133
159950	0.001527557728
159951	0.002802983298
159952	0.002884154884
159953	0.003144625601
159954	0.0002647613887
159955	0.004793497078
159956	0.004301469274
159957	0.005641000794
159958	0.001712301938
159959	0.001472849667
159960	0.007885267263
159961	0.003689989409
159962	0.00451583365
159963	0.0007778246596
159964	0.006769107207
159965	0.003626380226
159966	4.244599044e-05
159967	0.001464943508
159968	0.001446887785
159969	0.0002642345551
159970	0.0002719277536
159971	0.001558867638
159972	0.002562464095
159973	0.0007226099811
159974	0.004802073845
159975	0.003582129224
159976	0.001159308954
159977	0.003818432776
159978	0.001603816332
159979	0.001087562455
159980	0.003892935378
159981	0.0001626674853
159982	0.003158516724
159983	0.001985474934
159984	0.001213497786
159985	0.001123765298
159986	0.001602311529
159987	0.0005849229028
159988	0.002017409515
159989	0.003195161645
159990	0.001563401068
159991	0.003018009179
159992	0.0008977038515
159993	0.008371465227
159994	0.001561627716
159995	0.0003376295141
159996	9.561036023e-05
159997	0.001555155557
159998	0.001193190495
159999	0.001673467266
160000	0.001895557755
160001	0.00171295831
160002	0.001901883466
160003	0.001100667554
160004	0.002906511426
160005	0.002077681503
160006	0.005245612685
160007	0.0008112566223
160008	0.0008101006877
160009	0.002576605769
160010	0.002516402232
160011	5.451519234e-05
160012	3.480565802e-05
160013	0.0004081834025
160014	0.000353615864
160015	0.0003906474185
160016	0.001543866609
160017	0.003923537598
160018	0.0003241876187
160019	0.0001895138497
160020	0.001015691819
160021	0.002463852843
160022	0.003235585765
160023	0.000872364668
160024	0.0006009423017
160025	0.001261673412
160026	0.001984900536
160027	0.004051336393
160028	0.004602015711
160029	0.003971215237
160030	0.0007190796243
160031	0.002788405262
160032	0.001758551965
160033	0.005833905445
160034	0.0002190635512
160035	0.0003357722206
160036	0.0003673159565
160037	0.0001833609132
160038	0.0009863430077
160039	0.00421896895
160040	0.003631879716
160041	0.0019977936
160042	0.006330233216
160043	0.00294765953
160044	0.006344048367
160045	0.0005799495078
160046	0.003796644918
160047	0.003197488145
160048	0.0004951740112
160049	0.004557350338
160050	0.004029796562
160051	0.003714884632
160052	0.001766347344
160053	0.001363620059
160054	0.001154177907
160055	0.008254227842
160056	0.0006977900456
160057	0.002366883893
160058	0.005190727506
160059	0.001148473736
160060	0.0009751546685
160061	0.002436208633
160062	0.001064258873
160063	0.0008446767993
160064	0.001998473421
160065	0.0006641962289
160066	0.001536269737
160067	5.583825804e-05
160068	0.003782149302
160069	0.0001138988915
160070	0.004133124303
160071	0.0005036239838
160072	0.001264356801
160073	0.002087559105
160074	0.004180934705
160075	0.001579085011
160076	0.0004461084875
160077	0.0005828858815
160078	0.0004439112771
160079	4.480234066e-05
160080	0.0004150423219
160081	0.0008791017138
160082	0.0004198150359
160083	0.001166653033
160084	0.0004518297813
160085	0.000117782576
160086	0.0008561968756
160087	0.003144924826
160088	0.001323794959
160089	0.001696828206
160090	0.001119944211
160091	0.000636119712
160092	8.95283774e-05
160093	0.001328634293
160094	0.0003286179905
160095	3.23168209e-07
160096	0.002337703897
160097	0.0003449981178
160098	0.001042335334
160099	0.0005111218125
160100	0.001580305302
160101	0.000827641597
160102	0.001256799688
160103	0.0006108653797
160104	0.0007534829627
160105	0.003734494651
160106	0.0007021993395
160107	0.002343094593
160108	0.0004467608436
160109	0.004118219222
160110	0.0006075269796
160111	0.003682221813
160112	0.003864329354
160113	0.002817193285
160114	2.760099296e-06
160115	0.005931414518
160116	0.001678181003
160117	0.0002027034584
160118	0.004471324442
160119	0.001807870571
160120	0.003094326447
160121	0.007436391859
160122	0.002588136116
160123	0.004401399052
160124	0.002190337228
160125	0.002323904688
160126	0.001751988859
160127	0.001009566579
160128	0.0007741573354
160129	0.002101814296
160130	0.0008260716105
160131	0.0004346442524
160132	0.001608842805
160133	0.002558345274
160134	0.0003032464945
160135	0.001290634512
160136	0.002778641661
160137	0.003076552215
160138	0.004250169153
160139	0.00180456073
160140	0.0009970620048
160141	0.003031191078
160142	0.001531764512
160143	0.0005753821511
160144	0.0001149539314
160145	0.00302400568
160146	0.000793784774
160147	0.003845961107
160148	0.002575864259
160149	0.002106374484
160150	0.0006514209765
160151	0.002375514256
160152	0.001050947082
160153	0.001996295511
160154	4.992975081e-05
160155	0.0005517339757
160156	0.001888119733
160157	0.002104804444
160158	0.001201353616
160159	0.002827199087
160160	0.003986714852
160161	0.001193209621
160162	0.0001656188707
160163	0.001198882667
160164	0.00112198478
160165	0.001916818221
160166	5.428537367e-06
160167	0.0005352518447
160168	0.0009622763708
160169	0.001180211494
160170	0.0006053558894
160171	0
160172	0.0006333295522
160173	0.000911439188
160174	0.002144657028
160175	0.001676364041
160176	0.0009199639697
160177	0.002090759161
160178	0.0008398221389
160179	0.000629684481
160180	0.001015647902
160181	0.0004381984425
160182	6.373724349e-06
160183	0.0004048829797
160184	0.0006798432647
160185	0.001159330062
160186	0.002269271419
160187	0.001953631527
160188	0.00451668855
160189	0.0001619601411
160190	0.004030400125
160191	0.001434197603
160192	0.0009995410113
160193	0.002899977388
160194	0.0003593545911
160195	0.001913201655
160196	0.00131125351
160197	0.003631834248
160198	0.003235338548
160199	0.001805184798
160200	0.0009426686526
160201	0.0004775342721
160202	0.000367823372
160203	0.0001092904416
160204	0.0004611573674
160205	0.0001547516893
160206	2.295353521e-05
160207	0.003111011546
160208	0.0007268610561
160209	0.0002697791661
160210	0.0003954690396
160211	0.0001763511526
160212	2.650749489e-05
160213	0.0004720011688
160214	0.0003248909341
160215	0.0002073729687
160216	0.001173012489
160217	0.001007318321
160218	0.005947108494
160219	0.0003990724189
160220	0.0004279627944
160221	0.001442199173
160222	0.0004429953155
160223	0.001390963687
160224	0.001763092493
160225	0.003537112662
160226	0.003461039742
160227	0.001769677443
160228	0.0001130393714
160229	0.0002447703563
160230	0.001023356734
160231	0.0008128143506
160232	0.002308958555
160233	0.003684808237
160234	0.001971655641
160235	0.000353196773
160236	0.0002056089469
160237	0.0001517802906
160238	0.000137397289
160239	0.007044558406
160240	0.001221302613
160241	0.001308166265
160242	0.0001124157191
160243	0.0002959717816
160244	0.0008173747224
160245	0.001108746589
160246	0.002224627919
160247	0.0001265694957
160248	0.001313529404
160249	0.002760223872
160250	1.33876091e-05
160251	0.0001654031775
160252	0.000947759581
160253	0.0006254104862
160254	0.002092842048
160255	0.0001960297902
160256	0.0004793009212
160257	0.00188533705
160258	0.0009943635802
160259	0.0001458364553
160260	0.0002712612727
160261	0.002180558601
160262	0.002627671824
160263	0.00251702863
160264	0.0001286272178
160265	0.001261582595
160266	0.000114816855
160267	0.000511666346
160268	0.001095941363
160269	0.0004471565231
160270	0.0009430997765
160271	8.648348326e-05
160272	0.004188601654
160273	0.001866265842
160274	0.0004877437714
160275	0.001464869431
160276	0.0001984306508
160277	0.001030318171
160278	0.0005200471994
160279	0.0001634662221
160280	0.001280917211
160281	0.00200621709
160282	0.0006022746612
160283	0.003395741279
160284	0.004275691697
160285	4.059793889e-05
160286	0.000995307149
160287	0.003665091213
160288	0.003471332378
160289	0.0003148718903
160290	0.002680293667
160291	0.0006943700252
160292	0.003462835431
160293	2.459099593e-05
160294	7.990854572e-05
160295	0.0019230447
160296	6.082622663e-05
160297	0.005604293081
160298	0.004741960925
160299	0.0008022786273
160300	0.001771739564
160301	0.002425922655
160302	0.00322134224
160303	0.0003107780842
160304	0.001895900476
160305	0.0003416028353
160306	0.0009488827182
160307	0.003479980633
160308	0.001844211996
160309	0.0004839449037
160310	0.003730906943
160311	0.001548684878
160312	0.004406439542
160313	0.001013294506
160314	0.0002564253515
160315	0.003362144144
160316	0.0002646327998
160317	0.004597269363
160318	0.002070876585
160319	0.002160420656
160320	0.0008201563139
160321	0.0004329106398
160322	0.0004478568422
160323	0.001462000913
160324	0.006030830639
160325	0.001427036984
160326	0.002267657325
160327	0.0003512769201
160328	0.001304432715
160329	0.004533695687
160330	0.0004251902383
160331	0.001995361443
160332	0.0003763333384
160333	0.0004001852036
160334	0.0005004502785
160335	8.490399892e-05
160336	0.002746954397
160337	0.003503438882
160338	8.7396519e-05
160339	0.0008193389322
160340	0.0009748019397
160341	0.00115113827
160342	0.001864285431
160343	0.004313304503
160344	0.0008730626231
160345	0.0008000547503
160346	0.005624354648
160347	0.00284873573
160348	0.001935787304
160349	0.005033130578
160350	0.003654564852
160351	4.624291919e-05
160352	0.0008334136325
160353	0.0005379166536
160354	0.00346898843
160355	0.00176157404
160356	0.002277506203
160357	0.002158169466
160358	0.002587609265
160359	0.005099294788
160360	0.004948171097
160361	0.005041936845
160362	0.004814088622
160363	0.004593623777
160364	0.005226140757
160365	0.004681980072
160366	0.005213181729
160367	0.004896866673
160368	0.005052244967
160369	0.005187982926
160370	0.005254722749
160371	0.004391273032
160372	0.006576090268
160373	0.001105389192
160374	0.0009772903527
160375	0.002227449001
160376	0.00243509532
160377	0.003335776906
160378	0.003717799222
160379	0.001487025032
160380	0.001280490611
160381	0.002817546113
160382	0.002853672547
160383	0.001747051417
160384	0.003118762528
160385	0.0009575878333
160386	0.003300196158
160387	0.003876447961
160388	1.063768111e-05
160389	0.00497315913
160390	0.006573724507
160391	0.0004645097783
160392	0.003423116313
160393	0.002709918434
160394	0.0007816055903
160395	0.002956528347
160396	0.001503513148
160397	0.0003218100204
160398	0.0003974152301
160399	0.0005642556432
160400	0.0005312933918
160401	0.0004376161617
160402	0.0003957864499
160403	0.0004328272018
160404	0.0009687387458
160405	0.0003974766248
160406	0.0009793020316
160407	0.0008623741605
160408	0.0004169472876
160409	0.001007013687
160410	6.537831735e-06
160411	0.0002351503851
160412	0.000360228911
160413	0.0008877321191
160414	8.447989881e-05
160415	0.0002293314364
160416	0.0001528456726
160417	0.008162935365
160418	0.002023765323
160419	0.002362165174
160420	0.0001484594689
160421	0.000383561134
160422	1.065538346e-05
160423	0.001205902815
160424	0.003949592649
160425	0.003808287919
160426	0.001766235497
160427	0.002913555528
160428	0.001619450552
160429	0.001939972644
160430	0.0003459886613
160431	0.003194104496
160432	0.0008263228456
160433	0.003371840679
160434	0.003575336697
160435	0.0006821864097
160436	0.001325987522
160437	0.002353677083
160438	0.001636716818
160439	0.001908910723
160440	0.0009330388275
160441	0.001777192939
160442	0.001016219574
160443	0.002891933697
160444	0.0005849492375
160445	0.003824117037
160446	0.001350428809
160447	0.001903736334
160448	0.0005553298807
160449	0.0001738805106
160450	0.0004940920248
160451	0.001595144798
160452	0.002995741629
160453	0.004508645956
160454	0.0008030952708
160455	0.0004197542023
160456	3.193322785e-05
160457	0.0006772830456
160458	0.0008042776091
160459	0.001472704874
160460	0.0009925446897
160461	0.000263205476
160462	0.001186962517
160463	0.0001722908838
160464	0.000423079907
160465	0.001228190714
160466	0.001157985214
160467	0.0006600833218
160468	0.0005898624875
160469	0.00256272894
160470	0.0006989986384
160471	0.00327349339
160472	0.001581628747
160473	0.0008726317673
160474	0.0002529585855
160475	0.00597825654
160476	0.001428446138
160477	0.001752484868
160478	0.003630312543
160479	0.003247495757
160480	0.0008404455726
160481	0.001267125047
160482	0.002695911413
160483	0.0001518460809
160484	0.0004092736461
160485	0.007154716237
160486	0.0001592300583
160487	0.00153376432
160488	0.005740750812
160489	8.712772725e-05
160490	0.0004053262545
160491	0.001088090284
160492	0.004598086003
160493	0.004626538458
160494	0.001707277348
160495	0.006034688436
160496	0.003610295771
160497	0.00113602285
160498	0.0001707020927
160499	0.004531551669
160500	0.0005379769304
160501	0.000683590954
160502	0.0002448566994
160503	0.0001905984442
160504	0.000385106839
160505	0.0004790069216
160506	0.0001110422121
160507	0.0001174319064
160508	0.0002693189518
160509	0.001292944461
160510	0.002614388248
160511	0.0003380261006
160512	0.0005476312826
160513	0.000144722579
160514	0.001938979034
160515	0.002083543294
160516	0.0007939673736
160517	0.0003529393467
160518	0.001563091242
160519	0.004037132923
160520	0.002015965375
160521	0.0002162878286
160522	0.006532682146
160523	0.006449139094
160524	0.0001692525401
160525	0.001509616813
160526	0.006032063382
160527	0.003812423918
160528	0.004876945797
160529	0.001384207085
160530	0.003284381366
160531	0.001793419877
160532	0.003054554636
160533	0.003189847353
160534	0.002344037016
160535	0.003482330091
160536	5.573932678e-05
160537	0.001599388915
160538	0.003555251086
160539	0.002604728283
160540	0.001872224262
160541	0.002208359768
160542	0.0008144661797
160543	0.003869849623
160544	0.008375407643
160545	0.001461053457
160546	0.005616754785
160547	0.0007398883501
160548	0.005417745078
160549	0.0006179452325
160550	0.003232121155
160551	1.782351007e-05
160552	0.0001167156104
160553	0.01111057448
160554	0.0004999725309
160555	0.003033383557
160556	0.001052344251
160557	0.006562002984
160558	0.002384498618
160559	0.002219933527
160560	0.001299964933
160561	0.001237994471
160562	0.003602143628
160563	9.286224271e-05
160564	0.004276552186
160565	4.584636386e-05
160566	0.000715449843
160567	2.444244907e-05
160568	0.002959168607
160569	0.008178012844
160570	0.001935695431
160571	0.001554450359
160572	0.00354065292
160573	0.002517348022
160574	0.005953702085
160575	0.000902568995
160576	0.0002827435011
160577	0.003549571971
160578	0.002680882059
160579	0.001406021436
160580	0.001100889665
160581	0.002129394877
160582	0.001097511606
160583	0.001039202362
160584	0.001760094088
160585	0.004230427488
160586	0.0001324863685
160587	0.001728836447
160588	0.0001446034216
160589	0.0002820702024
160590	0.0002592215167
160591	9.187430458e-05
160592	0.0004857013303
160593	0.0001003142253
160594	5.06495252e-05
160595	0.000120744489
160596	0.0002627043673
160597	0.000256703282
160598	0.0004511310016
160599	0.003701923323
160600	7.863911466e-05
160601	0.000104856645
160602	0.0003944877044
160603	0.0002275328627
160604	0.0003147078689
160605	0.0006926902509
160606	0.0002545604834
160607	0.002005933594
160608	0.001831565422
160609	0.001520822392
160610	0.000224290692
160611	0.002722087158
160612	0.0002705150655
160613	0.004643717537
160614	0.005291540285
160615	0.007360337935
160616	0.002822043293
160617	0.004781576478
160618	0.0002224934326
160619	0.0009137692905
160620	0.0007337475502
160621	0.003002061025
160622	0.0008053211202
160623	0.0001451925824
160624	0.0001994773925
160625	0.0004395419153
160626	0.0003487176656
160627	0.004014242297
160628	0.002387876005
160629	0.0001658188292
160630	0.001692824632
160631	0.000215934404
160632	0.0002081874126
160633	0.0003738527574
160634	8.467079322e-05
160635	3.614963877e-05
160636	0.0001357480461
160637	0.002553887946
160638	0.003651368253
160639	0.00191065607
160640	0.003029051313
160641	0.0007781860446
160642	0.001264297939
160643	0.0001855105335
160644	0.0004810692636
160645	0.001355026524
160646	0.001650241108
160647	0.008627884261
160648	0.001583955762
160649	0.003182565911
160650	0.003897990597
160651	0.001406866353
160652	0.00519618862
160653	0.0001057614888
160654	0.002358065235
160655	0.0001480463907
160656	0.001351902153
160657	4.415440807e-05
160658	0.002560479098
160659	0.007451624455
160660	0.0001246822911
160661	0.0002434145642
160662	0.005641317455
160663	0.0001798017745
160664	0.0008427172444
160665	0.001513050063
160666	0.0001647492786
160667	0.001313465433
160668	0.00235705257
160669	0.006916287189
160670	0.003877940213
160671	6.321694857e-06
160672	0.001073199225
160673	0.001209118134
160674	0.003767459412
160675	0.0004125758817
160676	0.0008894116131
160677	0.00645611167
160678	0.001916446603
160679	0.000400295155
160680	0.001856521349
160681	0.001676621175
160682	0.00263402582
160683	0.001383499786
160684	0.0002356520954
160685	0.000420322754
160686	0.0009268122465
160687	0.0007254267156
160688	0.0007267075179
160689	0.002034943426
160690	0.0003380596012
160691	0.003440576709
160692	0.001158727198
160693	0.0007180905746
160694	0.0007689691235
160695	0.007444961164
160696	0.002655184645
160697	9.114194108e-05
160698	0.002457990693
160699	0.0005873543743
160700	0.0006952897073
160701	0.001531367122
160702	0.0004208247158
160703	0.0002005793432
160704	0.0007795335784
160705	0.00056040525
160706	0.003350167941
160707	0.002162072182
160708	0.002230435703
160709	0.002876982267
160710	0.001086362405
160711	0.003233407584
160712	0.0004691514919
160713	0.00414750794
160714	0.002113723979
160715	0.002488375583
160716	0.00119413441
160717	6.4916653e-05
160718	0.002162380487
160719	0.0001921144633
160720	0.0009935336811
160721	0.003240845435
160722	0.001396388266
160723	0.0006826773291
160724	0.004165612889
160725	0.005437647518
160726	0.0009904453673
160727	0.0009919992042
160728	0.0002818443981
160729	0.0004709951124
160730	0.0003027118521
160731	0.001128607072
160732	0.003254615691
160733	0.0001375188717
160734	0.0003605359412
160735	0.002098399438
160736	0.003773283415
160737	0.005727186217
160738	0.0006404059486
160739	0.0001416392664
160740	0.0004067336252
160741	0.001992588107
160742	0.003790437255
160743	0.0006910229742
160744	0.005661654258
160745	0.004867932468
160746	0.001355787786
160747	0.003588488574
160748	0.0007137643135
160749	0.001098231877
160750	0.0003124082409
160751	0.001476515228
160752	0.004986402486
160753	0.001256292078
160754	0.001570874658
160755	0.003478134011
160756	0.002475105636
160757	0.004021311887
160758	0.002157615184
160759	0.004866916653
160760	0.004489635361
160761	0.005324844286
160762	0.003046811432
160763	0.003673789417
160764	0.003839207427
160765	0.0001346893257
160766	0.006194492933
160767	0.004115103844
160768	0.004083773988
160769	0.003043847293
160770	0.0007872685693
160771	0.003526093001
160772	0.0004594359088
160773	0.002993637859
160774	0.002494380859
160775	0.00243750634
160776	0.003691482364
160777	0.002164566148
160778	0.004183707834
160779	0.003486785532
160780	0.001221915204
160781	0.0009753866618
160782	0.003635971581
160783	0.001610777193
160784	0.001595519899
160785	0.004580347437
160786	0.002803867014
160787	0.002641844865
160788	0.003729426749
160789	0.0008781864634
160790	0.0009513009786
160791	0.000371493311
160792	0.001884487468
160793	0.001167546267
160794	0.004203894883
160795	0.001226103545
160796	0.003153550698
160797	0.0003260016593
160798	0.0001667166061
160799	0.00426480357
160800	0.001138860995
160801	8.135327015e-05
160802	0.003742802772
160803	0.005876314692
160804	0.00183653707
160805	0.001580428256
160806	0.0004458054627
160807	0.001867735288
160808	0.002097403673
160809	0.0003441790551
160810	0.00175643701
160811	0.004180225127
160812	0.002771237903
160813	0.0003772598418
160814	0.004088181968
160815	0.001432742453
160816	0.0001333962673
160817	0.001351457221
160818	0.000364576346
160819	0.0005506957185
160820	0.0006767941349
160821	0.002148850364
160822	0.0006099872582
160823	0.0004121850827
160824	0.001267575668
160825	0.003229271719
160826	0.0002774090347
160827	0.001201427298
160828	0.0009903959027
160829	0.00476272304
160830	0.0002619758552
160831	5.913554716e-05
160832	0.002032632511
160833	0.0005158307696
160834	0.0004703498842
160835	0.000927793811
160836	0.001905615877
160837	0.00226988813
160838	0.001894074991
160839	0.001941348666
160840	0.000851284528
160841	0.001787557918
160842	0.002391115996
160843	0.001099038841
160844	0.005123235944
160845	0.0004591724952
160846	0.003731366055
160847	0.002942447742
160848	0.001091605011
160849	0.001348595495
160850	0.001204321129
160851	0.003087169217
160852	0.0007305064613
160853	0.004898074829
160854	0.002251865917
160855	0.003185029473
160856	0.003272008571
160857	0.002918336299
160858	0.0005169433394
160859	0.002318976273
160860	0.002489725698
160861	0.0009974324791
160862	0.001156238813
160863	0.001761690075
160864	0.003258598916
160865	0.0001567311686
160866	0.001872288019
160867	0.0009823560139
160868	0.001391922082
160869	3.428633015e-05
160870	0.001428447185
160871	0.00133374106
160872	0.0007763580805
160873	0.0005499453892
160874	0.0007423973189
160875	0.002831549224
160876	0.002717722279
160877	0.001948439792
160878	0.0004083929506
160879	0.002410474528
160880	0.0005271524244
160881	0.002070719104
160882	0.0001947973639
160883	0.001477055544
160884	0.001458949433
160885	0.002316700706
160886	0.0002328927219
160887	0.001470569742
160888	0.00089050842
160889	0.002744982585
160890	0.001711735695
160891	0.0005968264394
160892	0.000454998746
160893	0.006633991168
160894	0.0004885043062
160895	0.0014084583
160896	0.003233468022
160897	0.0003615516933
160898	0.0002610862123
160899	0.0003037749326
160900	0.0002647011378
160901	0.000242509659
160902	0.001646732762
160903	0.00197779827
160904	0.0005882056201
160905	5.509309608e-05
160906	2.621437967e-05
160907	0.003380680393
160908	0.0002063031191
160909	0.001359691032
160910	0.001179780386
160911	0.0004846882413
160912	0.001506663627
160913	0.001321823586
160914	0.0004117525768
160915	0.001285762935
160916	0.001528409258
160917	0.0001319993369
160918	0.004586801147
160919	0.0004602519541
160920	0.001786951168
160921	0.002065328434
160922	0.0004676396873
160923	0.0001699036574
160924	0.0005537449465
160925	0.00161457184
160926	0.0008184589254
160927	0.0001828034434
160928	0.0008072350226
160929	0.002303959124
160930	0.001159731535
160931	0.005338631502
160932	0.0006419674035
160933	0.0005426379487
160934	0.001986483987
160935	0.00172470469
160936	0.0005205035317
160937	0.001009113107
160938	0.00143591895
160939	0.0005285028513
160940	0.001519310261
160941	0.0005371969042
160942	0.001342142821
160943	0.0001092558434
160944	0.001179707002
160945	0.0008408426554
160946	0.0007469528454
160947	0.003004592503
160948	0.00260822179
160949	0.001951475285
160950	0.0009872232641
160951	0.001119215755
160952	0.001388191596
160953	7.039872838e-05
160954	0.004383970947
160955	0.002087265708
160956	0.001855705363
160957	0.001341078706
160958	0.001332355159
160959	0.002089336178
160960	0.0001702518395
160961	0.002561047315
160962	0.005559278227
160963	0.001054140524
160964	0.001713208754
160965	0.001034245198
160966	0.00167253858
160967	0.000458737504
160968	0.001187542097
160969	0.001429249486
160970	0.002608106129
160971	0.00160785924
160972	0.00127404874
160973	0.0001260871838
160974	0.003272930737
160975	0.00243814853
160976	0.001002779016
160977	0.001669175078
160978	0.0001007446154
160979	0.002835538808
160980	0.001466885534
160981	0.001039431316
160982	0.002573612718
160983	0.002886507138
160984	0.002800889959
160985	0.001124331263
160986	0.002171178847
160987	0.001490609527
160988	0.0009431836191
160989	0.00367238554
160990	0.002399321837
160991	0.001425641243
160992	0.001099262645
160993	0.0004538979314
160994	0.0003741887599
160995	0.0008263956151
160996	0.001382483089
160997	0.001227936432
160998	0.001042941809
160999	0.00169136163
161000	0.001284048459
161001	0.002121442069
161002	0.0003103141307
161003	0.000851393073
161004	0.001293465693
161005	0.0002823437783
161006	0.0002379618707
161007	4.330136252e-05
161008	0.001282966065
161009	3.023707567e-05
161010	0.002242858387
161011	0.001795760065
161012	0.001149908212
161013	0.002100185261
161014	0.0001130420792
161015	0.004450501441
161016	0.0002080389038
161017	0.000545145858
161018	0.002566488298
161019	0.001359766932
161020	0.002225715556
161021	0.002371954223
161022	0.001336123265
161023	0.002108478794
161024	0.002161111919
161025	0.0002291516951
161026	0.001127670421
161027	0.00165459022
161028	0.0030291658
161029	0.001345754311
161030	2.936774406e-05
161031	0.001469007078
161032	0.0009812987419
161033	0.001117180573
161034	0.001179804334
161035	0.001635807217
161036	0.001730743896
161037	0.001528271233
161038	0.002191890868
161039	0.0005217084447
161040	0.00243248489
161041	0.001777090369
161042	0.002486903355
161043	0.002025925713
161044	0.000974530902
161045	0.005453020831
161046	0.004766059358
161047	0.005479116017
161048	0.003080444612
161049	0.000391421328
161050	0.00343711604
161051	0.003889739525
161052	0.004504142317
161053	0.003862600249
161054	0.006289688672
161055	0.0001947247381
161056	0.001111077375
161057	0.001061367447
161058	0.006057510256
161059	0.0009698913199
161060	0.0003675363533
161061	2.816587244e-05
161062	0.004476518209
161063	0.002363498292
161064	0.002142092634
161065	0.004519626209
161066	0.004063482839
161067	0.004109825574
161068	0.0003356110933
161069	0.00404699105
161070	0.0004646123049
161071	0.002387639155
161072	0.002393960473
161073	0.004068148942
161074	0.0001602933782
161075	0.0002268515036
161076	0.003657179926
161077	5.511235811e-05
161078	0.002422758661
161079	0.0002092410621
161080	0.003820486729
161081	0.001659761031
161082	0.002062139014
161083	0.007160237168
161084	0.003372329975
161085	0.004137563458
161086	0.0003918410403
161087	0.005552421779
161088	0.004452833148
161089	0.001922868663
161090	0.001242353182
161091	0.004751686695
161092	0.004220603364
161093	0.0008014948919
161094	0.001199886683
161095	0.0009034837269
161096	0.006240058405
161097	0.0007314835297
161098	0.003646057345
161099	0.0009687002157
161100	0.004892308315
161101	0.0004879468251
161102	0.004011854589
161103	0.003527360706
161104	0.004434733016
161105	0.0007865659994
161106	0.002658494578
161107	0.0002487755765
161108	0.007379021001
161109	0.006249702297
161110	0.001438314084
161111	0.001439413156
161112	0.00113156625
161113	5.4765336e-05
161114	0.007711132825
161115	0.004532669882
161116	0.002944006776
161117	0.001988052938
161118	0.00114269583
161119	0.004227257315
161120	0.001943257522
161121	0.003668550686
161122	0.002156246052
161123	0.005616751035
161124	0.005787102935
161125	0.003034260342
161126	0.00142414257
161127	0.003268228536
161128	0.0003633542989
161129	0.00110796111
161130	9.743704586e-05
161131	0.004510402769
161132	0.0002903732283
161133	0.004788655827
161134	0.0001458175297
161135	0.002574818133
161136	0.003451783663
161137	0.0002867513458
161138	0.002035723774
161139	0.002694562883
161140	0.003392646542
161141	0.004910116986
161142	0.004586492731
161143	0.004172187086
161144	0.001382549901
161145	0.002610724213
161146	0.004519982626
161147	0.002223321565
161148	0.004398811074
161149	3.424664009e-05
161150	0.001133177589
161151	0.002825488689
161152	0.0005411061704
161153	0.003857093118
161154	0.004430664721
161155	0.0002469398404
161156	0.0002753618325
161157	0.003906609227
161158	0.003595872906
161159	0.001025064989
161160	0.007264504052
161161	4.862843493e-05
161162	0.0005052308045
161163	0.002914242315
161164	0.00532992785
161165	0.001113002014
161166	0.001376120595
161167	0.004685046543
161168	0.005555465309
161169	0.002500162142
161170	0.002905444391
161171	0.006109889994
161172	0.0007444582137
161173	0.001396601983
161174	0.001673707471
161175	0.004847352283
161176	0.004759155247
161177	0.003577136238
161178	0.002665128075
161179	2.340177025e-05
161180	0.004660166494
161181	0.003874504532
161182	0.0001611183544
161183	0.0005608842321
161184	0.0003140862283
161185	9.073624571e-05
161186	0.005458900924
161187	0.001243223214
161188	0.005095784482
161189	0.00522894712
161190	0.004750686592
161191	0.006485787909
161192	0.001653799245
161193	0.007469383611
161194	0.001708346823
161195	0.002767733648
161196	0.001555950678
161197	8.540206938e-05
161198	0.00285282441
161199	0.005598094649
161200	0.004666210111
161201	0.001158294946
161202	0.007544907633
161203	0.004827442555
161204	0.004616644692
161205	0.001964299308
161206	0.004247765641
161207	0.006119017463
161208	7.828617742e-07
161209	0.001205948754
161210	0.001948779843
161211	0.0001373937981
161212	0.001626037589
161213	0.0001886401997
161214	0.0004563075987
161215	0.001289611161
161216	0.004583435438
161217	0.00515358743
161218	0.0008941864216
161219	0.004645866875
161220	0.002552782722
161221	0.0006339864694
161222	0.001122459048
161223	0.0003949402526
161224	0.001121265381
161225	0.00394832719
161226	0.002753676169
161227	0.001548657546
161228	0.002320458471
161229	0.005768952406
161230	0.004321953522
161231	0.003760564347
161232	0.004846971366
161233	0.004623026568
161234	0.003678272585
161235	0.0002875013939
161236	0.005063568507
161237	0.003595980509
161238	0.003675405749
161239	0.003485076655
161240	0.0003988767794
161241	0.005845761977
161242	1.800824793e-05
161243	0.004902416152
161244	0.0007715253575
161245	0.0006558223151
161246	0.001643448235
161247	0.00281959077
161248	0.002112027319
161249	0.002632064888
161250	0.001191717588
161251	0.0001662095318
161252	0.002287832134
161253	0.004926177092
161254	0.001237621626
161255	0.0005428701859
161256	0.0007917167987
161257	0.002063359726
161258	0.005743273011
161259	0.004682989541
161260	0.0008202346465
161261	0.0002376508935
161262	0.000792257608
161263	0.002006121633
161264	0.001992681043
161265	0.0001280959078
161266	0.000302119117
161267	0.00187703036
161268	0.001495515694
161269	0.0004065684938
161270	0.003400974047
161271	0.002924786888
161272	0.00250368791
161273	0.00218100165
161274	0.002096784406
161275	0.004427281546
161276	0.004388657226
161277	0.002326260886
161278	0.004056279196
161279	0.0004709192641
161280	0.003741913892
161281	0.001066608179
161282	0.0003390707304
161283	0.004883403477
161284	8.271912632e-06
161285	0.003033938349
161286	0.003987735371
161287	0.001116127735
161288	0.00492599094
161289	0.0004028631661
161290	0.001366760681
161291	0.0003412379184
161292	0.0007378634588
161293	0.0005451873147
161294	0.0007671060788
161295	0.0001612242961
161296	0.0006026032965
161297	0.001312413378
161298	0.002878964015
161299	0.001673331803
161300	0.001741194725
161301	0.004326398882
161302	0.0004190282058
161303	0.0001958683795
161304	0.005073826758
161305	0.003761486726
161306	0.000360685839
161307	0.0004745693162
161308	0.005392591486
161309	0.001459018402
161310	0.002329979462
161311	0.0005255276361
161312	0.0004754480959
161313	8.252472308e-05
161314	0.005572024555
161315	0.00489036069
161316	0.001919008891
161317	0.003864228509
161318	0.002809277529
161319	0.00234391648
161320	0.000154120418
161321	0.0004002386196
161322	0.003326047782
161323	0.002632858498
161324	0.003344587367
161325	0.002010594363
161326	0.002883306917
161327	0.0001802017647
161328	0.00270546389
161329	0.002614311786
161330	0.0006297476852
161331	5.373044754e-05
161332	0.0004324693567
161333	0.0004620671864
161334	0.0005943597964
161335	0.0006656685657
161336	0.001808714834
161337	0.002273574236
161338	0.001761731761
161339	0.002221327698
161340	0.002515059431
161341	0.0006358035408
161342	2.162625531e-05
161343	0.0007531676864
161344	0.0001016939598
161345	0.0007117995135
161346	0.0001028068157
161347	9.539515316e-05
161348	0.0004650196346
161349	0.0007263941655
161350	0.003296008479
161351	0.004533923993
161352	0.0003557633037
161353	0.001775038456
161354	0.0008660325665
161355	0.002481554466
161356	0.001757082998
161357	0.003019719511
161358	0.002214741688
161359	0.000555006374
161360	0.003178889322
161361	0.003006856517
161362	0.0001691239367
161363	0.0007287911109
161364	0.0007330713713
161365	0.002673474303
161366	0.0031052303
161367	0.002378933165
161368	0.0007028849556
161369	0.002260563989
161370	0.002197528282
161371	0.004610378925
161372	0.001727350772
161373	0.002267323705
161374	0.008309090466
161375	0.001441972726
161376	0.004406266064
161377	0.001492150223
161378	0.005003442024
161379	0.002519831727
161380	0.003908381635
161381	0.0009471656841
161382	0.001671319423
161383	0.007832754955
161384	0.004725404437
161385	0.00431146379
161386	0.003021221096
161387	0.003825137353
161388	0.006314553996
161389	0.00405488984
161390	0.001258889613
161391	0.003349421718
161392	3.182898642e-05
161393	0.005076760649
161394	0.007951717719
161395	0.009045516003
161396	0.001617941649
161397	0.004663710629
161398	0.0009897083786
161399	0.0005263605864
161400	0.0006129113658
161401	0.000561872839
161402	0.003117082345
161403	0.003211963464
161404	0.0002823714717
161405	0.002536909961
161406	0.002804593414
161407	0.002425559035
161408	0.0009179881153
161409	0.00555446215
161410	0.008237344002
161411	0.005802148878
161412	0.0001228130046
161413	0.00106450195
161414	0.004528013941
161415	0.00411248764
161416	0.0009956361238
161417	0.0007258497114
161418	0.004021534407
161419	0.004277610557
161420	0.000915628471
161421	0.002298682409
161422	0.00446307805
161423	0.002857843722
161424	0
161425	0.001228314226
161426	0.004189584263
161427	0.001443583642
161428	0.004448507793
161429	0.002677581937
161430	0.004375998304
161431	0.002259450549
161432	0.0001182179555
161433	0.00301968482
161434	0.003936381176
161435	0.002917710228
161436	0.004978069235
161437	0.003745761748
161438	0.001617968288
161439	0.005593684258
161440	0.001254785686
161441	0.0028362654
161442	0.002779982751
161443	0.004888176984
161444	0.00342903156
161445	0.003009974566
161446	0.003117818869
161447	0.002008517034
161448	0.002423264441
161449	0.001049606212
161450	0.0002028174209
161451	0.0007088358046
161452	0.003168013047
161453	0.0004734968658
161454	0.007534613072
161455	0.001532703306
161456	0.003136010782
161457	0.0002337542841
161458	0.0072821345
161459	0.007378048081
161460	0.001720770365
161461	0.0001625321685
161462	0.00431140902
161463	0.0004846211114
161464	0.002459611542
161465	0.002865001391
161466	0.002276740618
161467	0.007441346814
161468	0.0004311828489
161469	0.00207861281
161470	0.005941826611
161471	0.00112303182
161472	0.001864916756
161473	0.0003030820581
161474	0.002778502386
161475	0.0008217501288
161476	0.0002424724034
161477	0.0008614396021
161478	0.0007512510285
161479	0.0006442005111
161480	0.001752977902
161481	0.003433117469
161482	4.133696992e-05
161483	0.0009684800579
161484	0.0001114368339
161485	0.0001299464874
161486	0.004155449745
161487	0.00101176867
161488	0.001975601907
161489	0.005510057133
161490	0.004599818443
161491	0.001583640157
161492	0.001475021014
161493	0.001449754762
161494	0.001367668351
161495	0.001899701932
161496	0.001784490195
161497	0.002417244683
161498	0.001187312314
161499	0.0008344151608
161500	0.002166087467
161501	0.001551241152
161502	0.000650199352
161503	0.002220257681
161504	0.0005720894115
161505	0.004237527059
161506	0.003693956144
161507	0.001847408516
161508	0.003105627057
161509	0.005214580277
161510	0.003067123701
161511	0.005704302368
161512	0.003728744424
161513	0.006713007114
161514	0.004047398948
161515	0.008140031012
161516	0.007018802698
161517	0.005812367684
161518	0.001263053702
161519	5.619325563e-05
161520	0.0008590040319
161521	0.002056874971
161522	0.003281139998
161523	0.002236741
161524	0.002202263466
161525	0.003700634127
161526	0.0002600249173
161527	0.0003125369615
161528	9.213899371e-05
161529	0.0005485801458
161530	0.001276966852
161531	0.003592544474
161532	0.0006016477374
161533	0.002753689603
161534	0.003642227429
161535	0.005132990247
161536	0.0003003440767
161537	0.002373381087
161538	0.002087973534
161539	0.001452929145
161540	0.003809255537
161541	0.0006401403989
161542	0.004995020815
161543	0.0005415354529
161544	0.001181938822
161545	0.001968585309
161546	0.003332622683
161547	0.002324216782
161548	0.001070521176
161549	0.004555806119
161550	0.003448351357
161551	0.002526458097
161552	0.002619029993
161553	0.001573575985
161554	0.000203554494
161555	0.001100682294
161556	0.004502103759
161557	0.002491071003
161558	0.0007921503215
161559	0.002976102704
161560	0.001841470235
161561	0.006437337844
161562	0.003342485079
161563	0.002949783719
161564	0.004493585007
161565	0.0004627523263
161566	0.0008359237066
161567	0.002496227334
161568	0.004110721785
161569	0.002536312208
161570	0.002840489089
161571	0.003924453287
161572	0.002857421448
161573	0.0008206297281
161574	0.0008882149373
161575	0.00581554924
161576	0.003069252562
161577	0.004967005589
161578	0.004096208445
161579	0.0001485172673
161580	0.002424680132
161581	0.0005066230583
161582	0.004770858063
161583	0.001771051451
161584	0.002615364055
161585	0.0007245749831
161586	0.001203316273
161587	0.001721096836
161588	0.003088096541
161589	0.002194557413
161590	0.003124931498
161591	0.002937197161
161592	0.002406843025
161593	0.005255073452
161594	0.001323482923
161595	0.002525720639
161596	0.003258461041
161597	0.004001114487
161598	0.002824951848
161599	0.002818715958
161600	0.00489941882
161601	0.007992403981
161602	0.001482198522
161603	0.003386119168
161604	0.002821135274
161605	0.0004175169632
161606	0.005636479389
161607	0.001606256594
161608	0.001414374558
161609	0.004747035755
161610	0.001514896539
161611	0.00435013832
161612	0.0004542752778
161613	0.0009226869337
161614	0.001695971262
161615	0.0002521106213
161616	0.002035519389
161617	0.0009967404607
161618	0.001331631821
161619	0.001716823229
161620	0.0007179506905
161621	0.000823246097
161622	0.002305452667
161623	7.39986365e-05
161624	0.0002330488154
161625	0.0007376909581
161626	0.001378619066
161627	0.0009749389038
161628	0.00357973459
161629	0.0001799876118
161630	0.002063772129
161631	0.001137151715
161632	0.007565056471
161633	0.001373752789
161634	0.0008919096733
161635	0.0004063035472
161636	4.92307033e-05
161637	0.001951425358
161638	0.0009037481726
161639	0.0004083273011
161640	0.0004226166962
161641	0.0006172251274
161642	0.00157113542
161643	3.884611425e-05
161644	0.001474994825
161645	0.001499314647
161646	0.001522690872
161647	0.000815821673
161648	0.00274273305
161649	0.0003568090612
161650	0.0004267891616
161651	0.001815128129
161652	0.001885311502
161653	0.003356182978
161654	0.00364535492
161655	0.0009179276128
161656	0.0002163736452
161657	0.000321894759
161658	0.000666696083
161659	0.001396496969
161660	0.00333501389
161661	0.0009409640938
161662	0.0009806576926
161663	0.0001913025365
161664	0.001310773072
161665	0.0006065619838
161666	0.0003210520543
161667	0.0001052590662
161668	0.0009922553523
161669	0.001544613902
161670	0.000478898304
161671	0.002198143934
161672	0.002676989424
161673	1.154070788e-05
161674	0.0005760300556
161675	0.001141142873
161676	0.001837997678
161677	4.464275391e-05
161678	0.001129560417
161679	0.0006426699066
161680	0.001361651821
161681	0.001414535463
161682	0.001350579578
161683	0.004224570933
161684	0.0003593937312
161685	0.002600231843
161686	0.002520827154
161687	0.0008342913241
161688	0.0008511947465
161689	0.0003737997966
161690	0.0002995130789
161691	0.0005314340784
161692	0.004739177627
161693	0.0001099054091
161694	0.000211386027
161695	0.0008662831679
161696	8.711388924e-05
161697	0.0003927527914
161698	0.001153866328
161699	0.00100407004
161700	0.0005320607321
161701	0.002785567961
161702	0.0008385933771
161703	0.0004683518533
161704	0.001593568351
161705	0.001108683022
161706	0.003142826503
161707	0.002790416118
161708	0.001941754923
161709	0.0001396885108
161710	0.005862218923
161711	0.00193718614
161712	0.0004119471996
161713	0.005727315909
161714	0.001711882291
161715	0.001956537146
161716	8.714417278e-05
161717	0.0004148914849
161718	0.001787680607
161719	0.0004660080473
161720	0.0003794260414
161721	0.001614583539
161722	0.003017027793
161723	0.0004472449969
161724	0.002202083859
161725	0.001231501886
161726	0.0006107242572
161727	0.0005892707988
161728	0.0008850122881
161729	0.003552943642
161730	0.004388519547
161731	0.0003203389437
161732	0.000310174299
161733	0.0033993936
161734	0.0005132620122
161735	0.001109391512
161736	0.0003516219646
161737	0.0009100539652
161738	0.001136518378
161739	0.0001544655545
161740	0.002746166111
161741	1.0836525e-05
161742	0.0009985510664
161743	0.00237244249
161744	0.0006236286926
161745	0.0004664404399
161746	0.001704016616
161747	0.0003620091228
161748	0.0008186261289
161749	0.001565946809
161750	0.0005631540042
161751	0.003973458558
161752	0.001995024921
161753	0.002386522331
161754	0.00106582687
161755	0.001423097061
161756	0.0005921093261
161757	0.003841575732
161758	0.002109180618
161759	0.002683311849
161760	0.002715048516
161761	0.002848709279
161762	0.001597436331
161763	0.001271541966
161764	0.001135897294
161765	0.001465354012
161766	0.0002263777332
161767	0.006594437558
161768	5.872641307e-05
161769	0.00140211004
161770	0.0007544736732
161771	0.002719747504
161772	0.0008435892458
161773	0.0001038288996
161774	0.0004122657308
161775	0.003673868164
161776	9.482199461e-06
161777	0.0004280819469
161778	0.004313875459
161779	0.0003374881282
161780	0.0008276837819
161781	0.001422492567
161782	0.001037148176
161783	0.0002207436176
161784	0.001109335915
161785	6.779016279e-06
161786	0.000264091839
161787	0.002223647494
161788	0.000479408658
161789	0.0001936468565
161790	0.0003667106203
161791	0.002760205337
161792	0.003720880661
161793	0.0004640735109
161794	0.0003918889369
161795	2.566671897e-05
161796	0.001435574619
161797	0.003988221666
161798	0.001466542293
161799	0.002389640977
161800	0.003210521471
161801	0.0004558564646
161802	0.0003894097017
161803	0.0001502577352
161804	0.003093351077
161805	0.0003497724242
161806	0.001361994001
161807	0.0001459452209
161808	0.0007625616702
161809	0.0002404416481
161810	0.0006094826206
161811	0.002813499731
161812	0.0006672361255
161813	0.00262168555
161814	0.0001972638376
161815	0.0004572315721
161816	0.0001670512802
161817	0.001244710981
161818	0.0007526881053
161819	0.0008119931348
161820	0.001002275552
161821	0.0001418222355
161822	0.001684983127
161823	0.001079035631
161824	0.0002705452195
161825	0.0023218971
161826	0.0004661845926
161827	0.001744818392
161828	0.0007267855244
161829	2.906371168e-05
161830	0.001449597763
161831	0.0003336707528
161832	9.303730801e-05
161833	0.0004016520859
161834	0.003340573118
161835	0.0002880702028
161836	0.00345729806
161837	0.0004982048466
161838	0.0001701526851
161839	0.0008051549321
161840	0.0008873655121
161841	0.0007479753907
161842	0.002207655018
161843	0.000626443529
161844	0.002234335844
161845	0.0006911818414
161846	2.305932201e-05
161847	0.00103177032
161848	0.005606099047
161849	0.001606049088
161850	0.0009098811403
161851	0.0004385396952
161852	0.0003422711849
161853	0.0001610289782
161854	0.0002186772227
161855	0.0005437699497
161856	0.0006983416623
161857	0.0007395880927
161858	0.0008327335611
161859	0.0008174213534
161860	0.000602149912
161861	0.001056297131
161862	0.002489285465
161863	0.0003944835021
161864	0.00101689202
161865	0.0006287323973
161866	0.002127286106
161867	3.693240398e-05
161868	0.0008073555731
161869	0.003080626996
161870	0.002391473883
161871	0.00012767176
161872	0.0002295859805
161873	0.001752372785
161874	0.0009259592379
161875	0.0001195135597
161876	0.0008437028881
161877	0.0005602260726
161878	0.001863880433
161879	0.002015827346
161880	0.0002814236682
161881	0.002051983597
161882	0.0008430302445
161883	0.001830298447
161884	2.253246072e-05
161885	0.0005810013074
161886	0.0002545382152
161887	0.0001153473201
161888	0.002425001551
161889	0.0002952992092
161890	0.002342488719
161891	0.002641551352
161892	0.0005491134429
161893	0.001031900463
161894	0.002120472939
161895	0.0002636464704
161896	0.001779348159
161897	0.00288608686
161898	0.0003647805087
161899	0.0005472842469
161900	0.002584015228
161901	0.001386814694
161902	0.0002731674586
161903	0.0007242172433
161904	9.971002804e-05
161905	0.0003262017097
161906	0.0008090226747
161907	0.0001041951795
161908	0.0006056848986
161909	0.0001961905608
161910	0.004811400995
161911	0.001826840929
161912	0.0012356358
161913	0.0005761116458
161914	0.001432229903
161915	0.0005390954715
161916	5.307072955e-05
161917	0.0001525718808
161918	0.002979042594
161919	0.0001506132897
161920	0.001758107392
161921	0.001337460377
161922	0.0002678069383
161923	0.001168567863
161924	0.0004234382748
161925	0.001792367282
161926	0.0003616163062
161927	0.0007369605521
161928	0.001807407784
161929	1.383938904e-06
161930	0.0004596609979
161931	0.001626117464
161932	0.0009421644178
161933	0.0002589561041
161934	0.001573505334
161935	0.0006934702499
161936	0.002530195122
161937	0.00505069215
161938	0.0002037844394
161939	0.002557115137
161940	0.0006790464266
161941	1.20330313e-05
161942	0.004852549985
161943	0.0003640548349
161944	0.0005234029486
161945	0.0002387015978
161946	0.002259189326
161947	3.019274519e-05
161948	0.004936624381
161949	0.0001307798623
161950	0.0005018235711
161951	0.0004451494744
161952	2.780223792e-05
161953	0.001053564015
161954	0.0001336424008
161955	0.003916873042
161956	0.000798879871
161957	0.0002125464061
161958	0.0009566332791
161959	0.00355256047
161960	0.0002171341981
161961	0.0007747571816
161962	0.001451351701
161963	0.0005298382242
161964	0.0004698010399
161965	1.312413639e-05
161966	0.00016892438
161967	0.001263940143
161968	0.0007357197058
161969	0.0008517806069
161970	0.0001904185367
161971	0.001423314194
161972	0.0004108597551
161973	0.0007267023997
161974	1.017031867e-05
161975	0.0008437825782
161976	0.0006407225312
161977	0.0001351311179
161978	0.000329040996
161979	0.0006094052646
161980	0.0004660072893
161981	0.0002362669106
161982	0.001787096756
161983	0.0006935006864
161984	0.0008685172301
161985	0.0004166924989
161986	0.0001276707905
161987	0.001542484128
161988	0.001125933007
161989	0.000258643133
161990	0.001349159501
161991	3.216722207e-05
161992	0.0002323780259
161993	0.0007744454929
161994	0.001716807851
161995	0.0003150228368
161996	0.0016854609
161997	0.004858367209
161998	0.0003200680475
161999	0.001015683721
162000	0.000391775898
162001	0.0005651689394
162002	0.00106846468
162003	0.001641227459
162004	0.001599813644
162005	0.001588031281
162006	0.0003256426748
162007	0.0008611828971
162008	0.001096751407
162009	0.0008591700439
162010	0.002896135899
162011	0.00125415828
162012	7.433956011e-05
162013	8.251463263e-05
162014	0.001701078868
162015	0.0003393606577
162016	0.003036287697
162017	0.0008835731725
162018	0.003961571229
162019	0.0007677675843
162020	0.001109825433
162021	0.00137700535
162022	0.0009062024133
162023	0.001556726935
162024	0.0006972639934
162025	0.005929684541
162026	0.001141846279
162027	0.000120911399
162028	0.001123893113
162029	0.002026259865
162030	0.000886989639
162031	2.175795352e-05
162032	0.002768860395
162033	0.001012252581
162034	0.0003369245047
162035	0.0003009198901
162036	0.001713353872
162037	0.00598839115
162038	0.001102821006
162039	0.001407263646
162040	0.0004443072439
162041	0.001616516243
162042	0.001198369463
162043	0.000193671823
162044	0.0009805828562
162045	0.0006528882755
162046	0.00122817369
162047	0.0009957694327
162048	0.001533028879
162049	0.0005846217085
162050	0.0001265260984
162051	0.0005514321076
162052	0.001329115746
162053	0.004376320148
162054	8.323005705e-06
162055	0.0004282585231
162056	0.0007256366318
162057	0.0009002289582
162058	0.0004083834307
162059	0.0003390705808
162060	0.003171736808
162061	0.001885027338
162062	0.0008515192721
162063	0.0002577902937
162064	0.000125984579
162065	0.0005673785677
162066	0.0004498262011
162067	0.0003432540392
162068	0.0008828541058
162069	0.001679933198
162070	0.0002224322371
162071	0.0002552899971
162072	0.002860781642
162073	0.001884425139
162074	0.0001176826718
162075	5.36096623e-05
162076	0.000631705979
162077	0.0001715234248
162078	0.002207939206
162079	0.001279987344
162080	0.0007703148308
162081	0.0003335779736
162082	0.0006578407813
162083	0.0002029752317
162084	0.001058350472
162085	0.0001501395917
162086	0.000187037405
162087	1.685202587e-06
162088	0.005482281193
162089	0.001003521139
162090	0.0005910467133
162091	0.0005652357838
162092	0.0009953206683
162093	0.0007219490259
162094	0.001998910522
162095	0.003165080162
162096	0.0006511191208
162097	0.0002274386384
162098	0.001843639644
162099	0.002318274115
162100	0.002258813086
162101	9.995897756e-05
162102	0.001176173396
162103	0.0009236275793
162104	0.0002741086332
162105	0.001250802546
162106	0.000828209273
162107	0.004385894641
162108	0.001286796581
162109	0.002016813618
162110	0.0005412867055
162111	0.000295385103
162112	0.00201408875
162113	0.0004715505197
162114	0.003599127217
162115	0.001733209496
162116	0.0006703762521
162117	0.0001649829229
162118	0.0004333039644
162119	0.0002267101413
162120	0.0003291389616
162121	0.0003786290776
162122	0.0001272082567
162123	0.002094633471
162124	0.0009832490327
162125	0.0006850836921
162126	0.00137651448
162127	0.0005606328433
162128	0.002067767728
162129	0.0003737765617
162130	0.002691568751
162131	0.0002655173742
162132	0.0007332113357
162133	0.003476484703
162134	0.003075943146
162135	0.0007245636911
162136	0.0004297661986
162137	0.002140278515
162138	0.003779506626
162139	0.001008743332
162140	0.001245919198
162141	0.0009954092377
162142	0.001508797193
162143	0.000781659802
162144	0.0009636778755
162145	0.001932287579
162146	0.004520867097
162147	0.0003998317104
162148	0.0005843920216
162149	0.001504449381
162150	0.002286358811
162151	2.197591001e-05
162152	0.0003450596194
162153	0.0005299984649
162154	0.003673963061
162155	0.0003493426997
162156	0.001024992525
162157	0.0001402134132
162158	0.0002155597747
162159	0.001996376974
162160	8.563552546e-05
162161	0.005755926391
162162	9.104808871e-05
162163	0.002984919678
162164	0.0007662216045
162165	0.002956014758
162166	0.001580428544
162167	2.957585742e-05
162168	0.002892532161
162169	0.00481473384
162170	0.003666531629
162171	0.001064248063
162172	7.031485567e-05
162173	0.002974765904
162174	0.00152914767
162175	0.001321523413
162176	0.000376663553
162177	0.001032563451
162178	0.001597198557
162179	0.004113541999
162180	0.00804125097
162181	0.0005538311691
162182	0.0004215794368
162183	0.0003242660825
162184	0.003067551909
162185	0.002412809456
162186	0.0008679759803
162187	0.002239720599
162188	0.0001462577299
162189	0.002148256862
162190	0.000882462996
162191	5.914880088e-05
162192	0.002894586713
162193	0.0003588931089
162194	0.0002438305055
162195	0.0001367899505
162196	0.002022774887
162197	0.0001133085327
162198	0.0004201662536
162199	0.001054209702
162200	0.0001551614724
162201	0.0003235147685
162202	0.005671641682
162203	0.004548768221
162204	0.003988051563
162205	0.000166461669
162206	0.002198744445
162207	0.003714096755
162208	0.0007449212654
162209	0.002429787242
162210	0.0001477914473
162211	0.0009270073207
162212	0.002979963036
162213	0.001259122407
162214	1.102232553e-05
162215	0.0005391389094
162216	0.0001117686488
162217	0.000639104199
162218	0.0001043159568
162219	0.00034734733
162220	0.005923317626
162221	4.10469213e-05
162222	0.00105993444
162223	0.0002128622893
162224	0.0009033706
162225	0.0005832966858
162226	0.00234261386
162227	0.003080803734
162228	0.002478593773
162229	0.004554241232
162230	0.002183108793
162231	0.001361869134
162232	0.001210843178
162233	0.00662943526
162234	0.0004449967118
162235	0.0008392759317
162236	0.0004178366601
162237	0.002055889623
162238	0.001710531222
162239	0.0005346354278
162240	9.75853969e-05
162241	0.0001117748545
162242	0.001677032036
162243	0.0006185290507
162244	0.0003811664608
162245	0.000287199291
162246	0.002274222429
162247	0.000249038438
162248	0.001615551992
162249	0.001194056685
162250	0.001036193755
162251	0.0003488163525
162252	4.31432938e-06
162253	8.218642967e-05
162254	0.0002773249497
162255	6.050592046e-05
162256	0.002907640686
162257	0.0003027389837
162258	0.0003858636657
162259	0.0006829800272
162260	0.002562547538
162261	0.0001338684762
162262	0.001511450681
162263	0.002406562596
162264	0.002561841574
162265	0.0009917447095
162266	0.001017675975
162267	0.003490473458
162268	0.001102085085
162269	0.0003667885468
162270	0.0003548627787
162271	0.00197779795
162272	0.0002866129053
162273	0.004827318617
162274	0.0003891826327
162275	0.005674323221
162276	0.0002294948981
162277	0.0002590665355
162278	0.0002670861541
162279	0.001047346808
162280	0.003013522222
162281	0.0001430456167
162282	0.001654464476
162283	0.0005009809355
162284	0.002275477033
162285	9.28520174e-05
162286	0.0007314887936
162287	0.002721848692
162288	0.0008882988663
162289	0.0007929402654
162290	0.006415335545
162291	0.004330949446
162292	0.001341460672
162293	2.966535436e-05
162294	0.001252857723
162295	0.00058294713
162296	0.0017790865
162297	0.002968825107
162298	0.001245117415
162299	0.002237221048
162300	0.004809213186
162301	0.002589820919
162302	0.001293033001
162303	0.0003394627971
162304	0.003723343294
162305	0.002375593417
162306	0.0044281211
162307	0.0005913867174
162308	0.0004408203351
162309	0.001688685085
162310	0.004117785039
162311	0.00135204447
162312	0.001020887975
162313	0.003033585427
162314	0.0003777467306
162315	0.0005626257219
162316	0.001102607326
162317	0.001399203549
162318	0.0005610336881
162319	0.001636742972
162320	0.001947248067
162321	0.00277794077
162322	0.001616867128
162323	0.0006059641439
162324	0.002647954383
162325	0.001745093562
162326	0.004642670935
162327	0.0003111189938
162328	0.001629134476
162329	0.001347223351
162330	0.003231433109
162331	0.001473282386
162332	0.004342499679
162333	0.006026209883
162334	0.002033463131
162335	0.001639871011
162336	7.317934036e-05
162337	0.0002441701886
162338	0.002391953633
162339	0.001937136876
162340	0.0004361983433
162341	0.0005640260366
162342	0.0001542413786
162343	0.00238669114
162344	0.001792329968
162345	0.001673403581
162346	0.002049436381
162347	0.0005437531599
162348	0.00448064258
162349	0.004254607236
162350	0.002115837538
162351	0.003376853252
162352	0.002163902743
162353	0.007348022227
162354	0.002218554217
162355	0.0004962437901
162356	0.00103363899
162357	0.002431592291
162358	0.001575842395
162359	0.001066370789
162360	0.001915980074
162361	5.031132431e-05
162362	0.001959036219
162363	0.003598564755
162364	0.002939660315
162365	0.001051700724
162366	0.0003061056764
162367	0.0007969092238
162368	0.00120816348
162369	0.002535625264
162370	0.005583041865
162371	0.001534711471
162372	0.005968256493
162373	0.00194989122
162374	0.0003357039281
162375	0.001309781078
162376	0.0003585571982
162377	0.004191668179
162378	0.002007767045
162379	0.002965785783
162380	0.002149065378
162381	0.0003470894358
162382	0.0006691281193
162383	0.0003975608708
162384	0.002236095948
162385	0.001969953995
162386	3.273183496e-05
162387	0.003531837542
162388	0.001190059571
162389	0.001539917482
162390	0.001686622914
162391	0.0006013144375
162392	0.001137426411
162393	0.0004880141745
162394	0.005975436859
162395	0.002970781016
162396	0.0005876104135
162397	0.006470007342
162398	0.003244663935
162399	0.004060875541
162400	0.003217366379
162401	0.002647158354
162402	0.004950768531
162403	0.000985461348
162404	0.004823476269
162405	0.001402210214
162406	0.002584699851
162407	0.0003016825382
162408	0.001169274435
162409	0.002559645331
162410	0.0003902687703
162411	0.001422364684
162412	0.007501708886
162413	0.00136558653
162414	0.001217871447
162415	0.003744536671
162416	0.0003134602733
162417	0.0008916404342
162418	0.001948391615
162419	0.004245985427
162420	0.002521510085
162421	0.0004964420874
162422	0.001395350308
162423	0.0008367516226
162424	0.0006428939628
162425	0.000123764828
162426	0.001824154653
162427	0.0009620143195
162428	0.0009691194056
162429	0.001695511337
162430	0.0001077063695
162431	0.001364821982
162432	5.508397072e-06
162433	0.0005146527289
162434	0.0007145503455
162435	0.0001998353482
162436	0.001359983682
162437	0.001508264613
162438	0.002640433931
162439	0.0002048807192
162440	0.0002787640545
162441	0.001970782046
162442	0.0009172292085
162443	0.0007062558763
162444	0.0008088089758
162445	0.002382805935
162446	0.001302895413
162447	9.682401927e-05
162448	0.001698116604
162449	4.298064641e-08
162450	0.001565095064
162451	0.0001056714991
162452	0.001026957261
162453	0.0007511530386
162454	0.001691022158
162455	0.0002096955252
162456	0.002043881168
162457	0.001318821436
162458	0.0001673280402
162459	0.0006997187284
162460	0.003381905858
162461	0.001528243693
162462	4.041084344e-05
162463	0.0007694800519
162464	0.00298370022
162465	0.001356071136
162466	0.001515224578
162467	0.002556280936
162468	0.001446866994
162469	0.001139712695
162470	0.0004088836918
162471	0.00177780154
162472	0.0009777007653
162473	0.0005819580908
162474	0.002958102047
162475	0.0009266249242
162476	0.000501709253
162477	0.0002859419681
162478	0.0009943650804
162479	0.004238480939
162480	0.002254787267
162481	0.001257956017
162482	0.0001153979145
162483	0.0001761377751
162484	0.003879190381
162485	0.0007798410849
162486	0.00235645422
162487	0.000284192165
162488	0.0005783095688
162489	0.0003158333498
162490	0.001394131416
162491	0.0009863090207
162492	0.001101404458
162493	0.003335876805
162494	0.002297352556
162495	0.001589149212
162496	0.00187839911
162497	0.0006820478483
162498	0.001788294364
162499	0.0018279467
162500	0.001075111062
162501	0.000222391807
162502	0.0002198566894
162503	0.00219609582
162504	7.17386222e-05
162505	0.001363647483
162506	0.001974937364
162507	0.002187036566
162508	0.001341795182
162509	0.0001112863789
162510	0.001860279536
162511	0.000569409689
162512	0.0004339800677
162513	0.001431071074
162514	0.0002126598912
162515	0.0005942123502
162516	0.002361637528
162517	0.002081960632
162518	0.003085175964
162519	0.00184893266
162520	0.0009001956138
162521	0.001323656999
162522	0.003250301514
162523	0.0004556383766
162524	0.0006227753298
162525	0.001981996816
162526	0.001600927631
162527	0.002443129622
162528	0.001473811616
162529	0.00181682666
162530	0.003533208355
162531	0.001282339961
162532	0.0004916005642
162533	0.001190544931
162534	0.00230596033
162535	0.004013710411
162536	0.003676305987
162537	0.004508057271
162538	0.002065870952
162539	0.0009222538916
162540	0.001884642205
162541	0.001398325428
162542	0.00196000658
162543	0.001687619139
162544	0.001129219923
162545	0.001748860792
162546	0.003457564332
162547	0.002409913288
162548	0.0009614266473
162549	0.004293232236
162550	0.0004712860735
162551	0.002730998799
162552	0.001346416975
162553	0.0002541385542
162554	0.0004890295894
162555	0.001179894855
162556	0.001225681083
162557	0.0009126166329
162558	0.0003805103464
162559	0.001578253421
162560	0.0009952889482
162561	0.003551237857
162562	0.0007625698907
162563	0.001786085521
162564	0.000210764276
162565	0.0006982671547
162566	0.002961573658
162567	0.0002103202496
162568	0.000248550176
162569	0.0009030892334
162570	0.0002724383772
162571	0.001549008645
162572	0.0009278012624
162573	0.000440538262
162574	0.002379391494
162575	0.00332434865
162576	0.004256974197
162577	0.007943871841
162578	0.008742707415
162579	0.0001878119133
162580	0.001797775558
162581	0.001386716438
162582	0.0007400480172
162583	0.004232958928
162584	0.002994001774
162585	0.001299708225
162586	0.0004706691369
162587	0.000225342135
162588	0.0001444303906
162589	0.0004280816705
162590	0.003003276908
162591	0.002121229986
162592	0.001923247496
162593	0.004004309741
162594	0.001312093985
162595	0.003527836182
162596	0.002307862577
162597	0.0003682065375
162598	0.0007545614612
162599	0.0001472327683
162600	0.0003534709458
162601	0.001548105535
162602	0.002898102187
162603	0.0007592068795
162604	0.0004596771869
162605	0.000141669441
162606	0.0008521703084
162607	0.001078627125
162608	0.0008598547297
162609	0.0001778054678
162610	0.001077520867
162611	0.00179029497
162612	0.0004820732342
162613	0.0005845734753
162614	0.002678113431
162615	0.002212462416
162616	0.001831697872
162617	1.481570709e-05
162618	0.0006340621656
162619	0.001853627121
162620	0.0003089285563
162621	0.002454411668
162622	0.002158847974
162623	0.001930769585
162624	0.001071679698
162625	7.612937476e-06
162626	0.002791475207
162627	0.001664942019
162628	0.0005178932353
162629	0.004077428807
162630	0.003367383781
162631	0.0006786575827
162632	0.006633538642
162633	0.002830890968
162634	0.0006739774868
162635	0.002630249368
162636	0.003583485198
162637	0.0003978959459
162638	0.001693681167
162639	0.0008466230912
162640	0.0004699391361
162641	0.00048075412
162642	0.0004970743098
162643	0.0001790832044
162644	0.0008896522294
162645	0.0005536432535
162646	0.001478446039
162647	0.0008335923134
162648	0.000747683842
162649	0.0002732700796
162650	0.0005801448789
162651	0.001046495321
162652	0.0008258811132
162653	0.001611681617
162654	0.0001355078218
162655	0.002307085948
162656	0.001566604874
162657	0.0004135002067
162658	0.0002363070089
162659	0.001103094075
162660	0.0004812182383
162661	0.0009046332586
162662	0.00199354337
162663	0.0007149203271
162664	0.0006126450967
162665	0.001676010593
162666	0.001404506363
162667	0.001409469192
162668	0.001225048624
162669	5.747723104e-05
162670	0.001980010058
162671	0.001635920426
162672	0.001804302779
162673	0.002821390328
162674	7.87978519e-08
162675	0.0009266181747
162676	0.0002475844226
162677	0.0001157980028
162678	0.0003888785106
162679	0.000505458132
162680	0.001941643224
162681	0.003290905038
162682	0.001511306594
162683	0.003329921355
162684	0.00067533844
162685	0.003473136778
162686	0.001062780277
162687	0.0004074110884
162688	0.0002400084529
162689	0.005125480281
162690	0.0001846229111
162691	0.0008880333988
162692	0.0008722019155
162693	0.00129071448
162694	0.002063495292
162695	0.002529150452
162696	0.0002957012329
162697	0.00025731754
162698	0.003476120092
162699	0.0006087607634
162700	0.00529995304
162701	0.0005406675274
162702	0.000779957014
162703	0.0009432916583
162704	0.0003492727653
162705	0.001220711997
162706	0.0002287499485
162707	4.514294009e-05
162708	0.000114297488
162709	0.0009498279761
162710	0.001025361552
162711	0.0001627026548
162712	5.868372184e-05
162713	0.000141962388
162714	0.001381332905
162715	0.0002341535176
162716	0.003376400994
162717	0.0005057009476
162718	0.001386624693
162719	0.001119544355
162720	0.002598650232
162721	0.002423078249
162722	0.00399672196
162723	0.0005380055328
162724	0.001559615717
162725	0.0003543564279
162726	0.002694450049
162727	0.0002216317044
162728	8.414306475e-05
162729	0.002492221513
162730	0.0002241518961
162731	7.76092972e-05
162732	0.0003542692534
162733	1.518037026e-05
162734	0.0003304363734
162735	0.0008758160809
162736	0.0001146405564
162737	0.0003578286782
162738	0.0002523290589
162739	0.002424018717
162740	0.000346011425
162741	0.0003878269705
162742	0.004902671648
162743	0.001077042791
162744	0.001947614804
162745	0.001072277233
162746	0.0002152146529
162747	0.001584059797
162748	0.002590529657
162749	0.001769523431
162750	0.001849382509
162751	0.005477606596
162752	0.00484994363
162753	0.0003588685131
162754	9.069439317e-05
162755	0.0004278213718
162756	0.0008062057326
162757	0.002758484622
162758	0.002258260291
162759	0.000940581226
162760	0.0001642724593
162761	0.0006346927946
162762	0.005469828538
162763	0.005701955287
162764	0.001322081774
162765	0.001223171214
162766	0.001070248892
162767	0.0004057593012
162768	0.001199492859
162769	0.003434269754
162770	0.001859070599
162771	0.0007304915764
162772	0.001047596074
162773	0.002474350016
162774	0.00138588242
162775	0.002655968195
162776	9.609078308e-05
162777	0.000718100863
162778	0.001597325255
162779	0.000252575341
162780	0.001167726844
162781	0.002799398012
162782	0.0008064810092
162783	0.0006305804585
162784	0.0001932113692
162785	0.00250818994
162786	0.00556318137
162787	0.008199706055
162788	0.003855093432
162789	0.002962205247
162790	0.0002660380338
162791	0.002512743939
162792	0.002853811233
162793	0.0008103778174
162794	0.002624647715
162795	0.0001870888919
162796	0.002564282468
162797	0.0006219251742
162798	0.0006580832671
162799	0.001362366908
162800	0.0005783562598
162801	0.001823699896
162802	0.001954259582
162803	0.001230693274
162804	0.002902424036
162805	0.0012712524
162806	0.004095901309
162807	0.004180689581
162808	0.0001654395024
162809	0.0006030297257
162810	0.0006791368756
162811	0.002032520213
162812	0.002150599219
162813	0.004386515438
162814	0.000203305591
162815	0.002430117065
162816	0.001293638128
162817	0.0004707385816
162818	0.005486332728
162819	4.208317917e-05
162820	0.0006408055275
162821	0.0004986680533
162822	0.0006599560254
162823	0.0007176658093
162824	0.000275794626
162825	0.0005418945814
162826	0.0003165478078
162827	3.266230107e-05
162828	0.0003751845287
162829	0.0002076311544
162830	3.96544847e-05
162831	0.0004154650575
162832	4.42331877e-06
162833	6.150755131e-05
162834	0.002432286886
162835	0.0001276096358
162836	0.0005156806237
162837	0.0006344918618
162838	0.000470357314
162839	0.0007983515882
162840	0.0004991644407
162841	0.0005064263396
162842	0.0009197952684
162843	0.0008982350147
162844	0.0005850855353
162845	2.013764143e-05
162846	0.0008696433836
162847	0.001460976506
162848	0.0006331595763
162849	0.0009508883992
162850	0.001596711034
162851	0.0002756482089
162852	0.0007031254984
162853	0.0002242405546
162854	0.001121102853
162855	0.002049030718
162856	0.001919681551
162857	0.002497259383
162858	0.003919697541
162859	0.002747229765
162860	0.002078493783
162861	0.001673676252
162862	0.002189285533
162863	0.005587955046
162864	0.002195744113
162865	0.002418539566
162866	0.002240878767
162867	0.00365649964
162868	0.0008121199012
162869	0.0008947754063
162870	0.0005588721171
162871	0.00070288651
162872	0.000752653758
162873	0.0008280557171
162874	0.000580700966
162875	0.001319282505
162876	0.00029601687
162877	0.0042189797
162878	0.0007705403661
162879	0.0001277600657
162880	0.0001039947267
162881	0.002246602151
162882	0.0009096632719
162883	0.0002926440337
162884	0.0008703114323
162885	0.0009042164932
162886	0.0006661625154
162887	0.0001484279583
162888	0.003133695335
162889	2.89786774e-05
162890	0.0001543713032
162891	0.0008177908648
162892	3.786390278e-08
162893	1.983599827e-05
162894	0.0001517167646
162895	1.96997056e-05
162896	0.0001671874211
162897	0.003244060049
162898	7.162067854e-05
162899	0.003421966929
162900	0.00277342696
162901	8.019635677e-05
162902	0.002539733301
162903	0.003518345251
162904	0.0004555298813
162905	0.003265710918
162906	0.0009312296798
162907	0.0003364566385
162908	0.0005661466087
162909	9.13385856e-05
162910	0.001271569092
162911	0.0004767596923
162912	0.000907851384
162913	0.00115866825
162914	0.001780966883
162915	0.0004039394407
162916	0.003311925309
162917	0.0001927848818
162918	0.002626167743
162919	0.002384771447
162920	0.002006421599
162921	0.001691672781
162922	0.002392577847
162923	0.0005274553068
162924	0.0005895386886
162925	0.001088515186
162926	0.00600220349
162927	0.000464587596
162928	0.005171473971
162929	0.003844861599
162930	0.00251974805
162931	0.003667985167
162932	0.0003750781491
162933	0.004600643804
162934	0.001928729371
162935	0.0003006317392
162936	0.0009338009104
162937	0.002511107526
162938	0.00213350047
162939	0.001223380906
162940	0.00227747293
162941	0.002166882307
162942	0.006532680472
162943	0.005413372481
162944	0.008143940099
162945	0.0006403628656
162946	0.004978517443
162947	0.00321392109
162948	0.0008774562805
162949	0.0003201340614
162950	0.0007659820865
162951	0.0002794612017
162952	4.599952517e-07
162953	0.0001400068036
162954	0.000199680887
162955	0.0002940182692
162956	0.0003365810631
162957	0.004133736445
162958	0.003658387442
162959	0.001706384033
162960	0.001663403155
162961	0.000849369725
162962	0.0008217642497
162963	0.004446743073
162964	0.004471758385
162965	0.00118112097
162966	0.0004293409908
162967	0.001869295201
162968	0.0008017361728
162969	0.001245721292
162970	0.001620365021
162971	0.0004536709925
162972	0.0001110991321
162973	0.00173655031
162974	0.0004066576247
162975	0.002072231365
162976	0.001889157077
162977	0.002227395601
162978	0.0005066611879
162979	0.001913721861
162980	0.0008056735781
162981	0.005066965096
162982	0.001024226672
162983	0.003274283422
162984	0.002526320816
162985	0.003294751994
162986	0.001842943198
162987	0.00212881075
162988	0.002543199303
162989	0.006179380232
162990	0.004279037662
162991	0.003265259225
162992	0.006140506243
162993	0.001038632126
162994	0.002457256676
162995	0.001231684554
162996	6.350433495e-05
162997	0.0006354630452
162998	0.0007867495861
162999	0.0005769152919
163000	0.002425322008
163001	0.006369817784
163002	0.001685815594
163003	0.003433297276
163004	0.0003173904482
163005	0.001471260428
163006	0.001291543064
163007	0.003294873937
163008	0.006214282505
163009	0.002039390484
163010	0.0006803662836
163011	0.001148419508
163012	0.003388852863
163013	0.002328763049
163014	0.002210524389
163015	0.004097750089
163016	0.005690872897
163017	0.003662545
163018	0.0009482830446
163019	0.002722003201
163020	0.002574222866
163021	0.002114797887
163022	0.002010086187
163023	7.142819074e-05
163024	0.0009213797263
163025	0.004554813044
163026	0.0002821430807
163027	0.0002996768605
163028	0.002896576878
163029	0.003219891357
163030	0.0027643678
163031	0.004404588599
163032	0.001067728161
163033	0.002999105588
163034	0.001112223202
163035	0.002001086976
163036	0.00585877955
163037	0.001099130744
163038	0.001638436376
163039	0.001814984889
163040	0.002031778048
163041	0.002702686841
163042	0.002405485281
163043	0.002868219859
163044	0.0005611906363
163045	0.002618254443
163046	0.001998360563
163047	0.002456938412
163048	0.001641349674
163049	0.003573355808
163050	0.0005091575922
163051	0.001103880229
163052	0.002253800645
163053	0.001926508658
163054	0.0002620671248
163055	0.005141682183
163056	0.001764342393
163057	0.0006740961849
163058	0.0004576005399
163059	0.003108503798
163060	0.001426210252
163061	0.0001372340808
163062	0.002159811084
163063	0.003153604869
163064	0.001846604525
163065	0.001286790418
163066	0.003480290755
163067	0.0001557436691
163068	0.0008067301356
163069	0.0002983059371
163070	0.004113477682
163071	0.001277727618
163072	0.003001858851
163073	0.004089207086
163074	0.005641220811
163075	0.006530175626
163076	0.001519981006
163077	0.005597415521
163078	0.0007066278196
163079	0.0006438550217
163080	0.003080616775
163081	0.0006222146004
163082	0.002625210482
163083	0.0005438754792
163084	0.001733547915
163085	0.004167320244
163086	0.0002611893222
163087	0.006229980397
163088	0.00605172035
163089	0.00212592115
163090	0.001660539767
163091	3.440907193e-05
163092	7.022192042e-05
163093	0.0002236270917
163094	0.003439812092
163095	0.0009385439419
163096	0.0001265943503
163097	0.001922980388
163098	0.002193009204
163099	0.0009321858011
163100	0.003881672079
163101	0.004700056997
163102	0.005477093339
163103	0.006032840894
163104	0.001403399272
163105	0.006998495895
163106	0.00190562505
163107	0.005313197782
163108	0.002082277195
163109	0.002899450437
163110	0.001152109499
163111	0.001670731105
163112	0.001219799537
163113	0.002243625379
163114	0.005817357841
163115	0.00331071829
163116	0.004543373643
163117	0.002433046481
163118	0.001031462976
163119	0.001416610968
163120	5.375940262e-05
163121	0.0005757380752
163122	0.001422739482
163123	0.0004674857764
163124	0.0009990986745
163125	0.001725396556
163126	0.007298709854
163127	0.002633764833
163128	0.001623974437
163129	4.66028739e-05
163130	0.001868410812
163131	0.002483105614
163132	0.001100177951
163133	0.0001875558697
163134	0.002521464185
163135	0.003671256884
163136	0.001514398282
163137	0.0005798190701
163138	0.002216621024
163139	0.0002314661781
163140	0.0008863857434
163141	0.005657325474
163142	0.004828949588
163143	5.504607648e-05
163144	0.0005018423411
163145	0.0008328259398
163146	0.001251817947
163147	0.001336761475
163148	0.003655252573
163149	0.002823165983
163150	0.003688252081
163151	0.004457267439
163152	0.003443815059
163153	0.002325561819
163154	0.001532917562
163155	0.0005704330352
163156	0.0003558908587
163157	0.001424571451
163158	0.003357081208
163159	0.007661881285
163160	0.004051368706
163161	0.002534225513
163162	0.001951692941
163163	0.0009099610435
163164	0.0005856839528
163165	0.003995015446
163166	0.005137556743
163167	0.008318963183
163168	0.003256465475
163169	0.004169146532
163170	0.004500139718
163171	0.001314304948
163172	0.0005039396227
163173	0.0001034759144
163174	0.0003348081607
163175	0.003431349444
163176	0.001830522561
163177	0.002151153968
163178	0.002157594972
163179	0.0007491515873
163180	0.0006433225794
163181	0.0002819426658
163182	0.0006600426041
163183	0.0002725466997
163184	0.0003057080269
163185	0.002928394926
163186	0.000648980709
163187	0.0007129953332
163188	0.0003985633381
163189	0.0002698747178
163190	0.0008644443321
163191	0.001700771557
163192	0.001811058726
163193	0.001605978455
163194	0.00218369169
163195	0.0006602161237
163196	0.0002825968886
163197	0.002017498157
163198	0.003787336093
163199	0.001461627557
163200	0.002006547271
163201	0.002174520652
163202	8.938313351e-05
163203	0.001512742421
163204	0.0001331113444
163205	0.001751445751
163206	0.0006970175453
163207	0.001018408618
163208	0.004607179917
163209	8.238077691e-05
163210	0.003335097889
163211	0.002298637966
163212	0.0008183651657
163213	0.0004372273199
163214	0.004277417482
163215	0.003681044237
163216	0.002147052454
163217	3.666713173e-05
163218	0.00351667956
163219	0.0002784469437
163220	0.001897245562
163221	0.001082976055
163222	0.0002441832141
163223	0.0007906518756
163224	0.003263608805
163225	0.001400548028
163226	0.004561779312
163227	0.0002084502784
163228	0.003166180823
163229	0.001350984928
163230	0.003019694562
163231	0.004006075409
163232	0.000984085152
163233	0.001917937761
163234	0.002093607794
163235	0.001518504393
163236	0.003927941557
163237	0.0090398241
163238	0.0003612269285
163239	0.0006032417779
163240	0.001544498984
163241	0.005063758365
163242	0.003196506191
163243	0.001204146218
163244	0.0007225005983
163245	0.0003596746796
163246	0.003604607602
163247	0.0002481257351
163248	0.0004507537541
163249	0.003504412775
163250	0.002780188581
163251	0.002792698123
163252	0.0007464550695
163253	0.001828328683
163254	0.0003747753458
163255	0.000249291137
163256	0.002668643406
163257	0.00113038234
163258	0.0004345682968
163259	0.0002642557518
163260	0.002741298328
163261	0.003662570276
163262	0.003025187555
163263	0.001704764208
163264	0.002566487057
163265	0.001803369238
163266	0.0002326873707
163267	0.006321485784
163268	0.001835456938
163269	0.003617084455
163270	0.005537382921
163271	0.0006614231887
163272	0.0001631749646
163273	0.0007380400007
163274	0.0004523232008
163275	0.003268546533
163276	0.0003937871848
163277	0.003747674243
163278	0.00223319671
163279	0.0001614320917
163280	0.001168460061
163281	0.001851255029
163282	0.0001226433843
163283	0
163284	0.003144053925
163285	0.003728323563
163286	0.001738155266
163287	0.002449795207
163288	0.0006168953325
163289	0.001736811938
163290	0.002143901034
163291	0.0003199988547
163292	0.0008181825318
163293	0.004343838891
163294	0.0009651770365
163295	8.137543626e-05
163296	0.0005465975267
163297	0.002925174239
163298	0.001176380286
163299	0.003001637732
163300	0.001205058025
163301	0.002777005944
163302	0.0007613841133
163303	0.0009322165038
163304	0.004025409757
163305	0.001534065885
163306	0.003421666037
163307	0.0002962770817
163308	0.000972440424
163309	0.000719676141
163310	0.001538819861
163311	0.001387987949
163312	0.00231171585
163313	0.0008033472296
163314	0.001101103779
163315	0.0004824976822
163316	0.0007615001524
163317	0.001474461825
163318	0.0007259271109
163319	0.007403945756
163320	0.005922546183
163321	0.0007932554732
163322	0.0009070628363
163323	0.0003090907284
163324	0.00109934315
163325	0.0003103959466
163326	0.002130998161
163327	0.002153353455
163328	0.001822858373
163329	0.0003142374653
163330	0.00149974853
163331	0.001430134958
163332	0.002465164409
163333	0.001806539228
163334	0.0003493870379
163335	0.0008422555558
163336	0.002283749578
163337	0.004203165424
163338	0.004225311491
163339	0.002080553567
163340	0.00423538161
163341	0.004299049059
163342	0.004842535794
163343	0.005844877525
163344	0.004274511674
163345	0.004373862595
163346	0.003482125794
163347	0.004413722783
163348	0.004435458874
163349	0.00556938184
163350	0.005343143541
163351	0.004330451432
163352	0.003077141598
163353	0.005417224448
163354	1.367928826e-05
163355	0.00268587498
163356	0.002110520273
163357	0.0003000860697
163358	0.005175456985
163359	0.007463953726
163360	0.002462621909
163361	0.002802732622
163362	0.005920840775
163363	0.006796157837
163364	0.00346722402
163365	8.089168636e-05
163366	0.001418849734
163367	7.30305158e-05
163368	0.0002490868026
163369	0.003603747621
163370	0.005892129908
163371	0.005659604963
163372	0.001939248133
163373	0.0006461065623
163374	0.0003447385052
163375	0.003267875722
163376	0.00162200029
163377	0.00473979105
163378	0.000766459398
163379	0.006047438281
163380	0.002999350029
163381	0.001178178106
163382	0.004771754405
163383	0.003888205739
163384	0.0009697254047
163385	0.0007316863303
163386	0.0003991134443
163387	0.003041386133
163388	0.0003180385924
163389	6.261396351e-06
163390	0.001157699161
163391	0.002205655385
163392	0.00356367022
163393	0.001222180436
163394	0.0007196081294
163395	0.003365884464
163396	0.004775053228
163397	0.004536868254
163398	0.002521988417
163399	0.0002292247687
163400	0.00436139756
163401	0.004247995731
163402	0.002876623347
163403	0.001566207906
163404	0.002383787029
163405	0.001328613304
163406	0.001103099477
163407	0.004520021092
163408	0.002434290825
163409	0.001122894818
163410	0.001748808029
163411	0.0003176527927
163412	0.001764699191
163413	0.001904526799
163414	0.00351553579
163415	0.003260299763
163416	0.002768365534
163417	0.001352176844
163418	0.0003230785737
163419	0.001146792284
163420	0.0002133853993
163421	0.00120375703
163422	0.001633771763
163423	0.004486344562
163424	0.001461597381
163425	0.002729277312
163426	0.0007388803671
163427	0.0004449436447
163428	0.005988399782
163429	0.0008146968229
163430	0.0003522125657
163431	0.002018167036
163432	0.0008837394874
163433	0.008874229904
163434	7.478407279e-05
163435	0.0006833757109
163436	0.006182558031
163437	0.002271231599
163438	0.0007163713914
163439	0.0002414971521
163440	0.001445798933
163441	0.001859168571
163442	0.005601602877
163443	0.003605963656
163444	0.0007938439503
163445	0.0008254243026
163446	0.005535827111
163447	0.0001186859262
163448	0.001862882863
163449	0.002846666844
163450	0.002465186721
163451	0.0001981254323
163452	0.001698879387
163453	0.004132749872
163454	0.0008821434735
163455	0.003870081312
163456	0.0001021520044
163457	0.005468568085
163458	0.0004550137056
163459	0.001128295633
163460	0.002644329884
163461	0.0004743216231
163462	0.0004266599607
163463	0.002898946024
163464	0.000518514252
163465	0.003097463429
163466	0.003588592175
163467	0.002445941219
163468	0.003645265605
163469	0.003377101677
163470	0.0007770305857
163471	0.002091057789
163472	0.005330191603
163473	3.718799708e-05
163474	0.008544273954
163475	0.0007306515601
163476	0.001562268285
163477	0.0002893567196
163478	5.197911378e-06
163479	0.00356750162
163480	0.00101848867
163481	0.0007075229013
163482	0.001098807403
163483	0.002362445831
163484	0.0009098220796
163485	0.002700751166
163486	0.001583516337
163487	0.0008796187211
163488	0.006677630363
163489	0.001895876159
163490	0.008351602245
163491	5.764945869e-05
163492	0.001734630485
163493	0.0009686008432
163494	0.0006858621648
163495	0.003493335709
163496	0.001631060068
163497	0.003877272675
163498	0.0001695342506
163499	0.0008014305689
163500	0.0008069051285
163501	0.003260410199
163502	0.003817037842
163503	0.004111387841
163504	0.003164292328
163505	0.00723545815
163506	0.004165662005
163507	0.0006735040691
163508	0.002320088122
163509	0.002048520895
163510	0.004254988638
163511	0.0008907212049
163512	0.00355919626
163513	0.003068368778
163514	0.001015877702
163515	0.0004724898956
163516	0.0003253058269
163517	1.376677441e-05
163518	0.0005093737159
163519	0.003345438871
163520	0.002858698459
163521	0.001166444811
163522	3.209201585e-05
163523	0.003277795263
163524	0.0008887552511
163525	0.002151558096
163526	0.00387033453
163527	0.0003101715922
163528	1.98437232e-05
163529	7.256783885e-06
163530	0.002818382965
163531	0.003286968745
163532	0.0006555144592
163533	0.0001680949097
163534	0.0002242338092
163535	0.008641614776
163536	0.003030266195
163537	0.001533256457
163538	0.0005742025934
163539	0.00312194561
163540	0.0008796607896
163541	0.00439187083
163542	0.004576768407
163543	0.004366005919
163544	0.0008121359813
163545	0.0008520217624
163546	0.001432262841
163547	0.003158670943
163548	0.001864708976
163549	0.0007576544003
163550	0.0007048870233
163551	0.0002974343851
163552	0.004548088827
163553	0.002320389006
163554	0.0002282951307
163555	8.91591565e-05
163556	0.002225153128
163557	0.002462514647
163558	0.003829689944
163559	0.0001897724592
163560	3.568288269e-05
163561	0.002001401434
163562	0.002391064438
163563	0.006698542162
163564	0.004819713054
163565	0.0004791233035
163566	0.0001192724927
163567	0.0005208183494
163568	0.004979592292
163569	0.002760016952
163570	0.003415756001
163571	0.002117916417
163572	0.002361946341
163573	0.002030690329
163574	0.001727681178
163575	0.001028716839
163576	0.004021346923
163577	0.00301269625
163578	0.001707724707
163579	0.000429022769
163580	0.005005601417
163581	0.004147953933
163582	0.003183926137
163583	0.0007859621782
163584	0.005994466982
163585	0.005151989779
163586	0.002492934008
163587	0.004612607707
163588	0.0007572139646
163589	7.870661013e-05
163590	0.002073343464
163591	0.0024189216
163592	0.00257229841
163593	0.001078288927
163594	0.0008463283448
163595	0.001426500804
163596	0.003907235978
163597	0.002140642898
163598	0.002888171645
163599	0.0005095662783
163600	0.003255139648
163601	0.002819713837
163602	0.0006318475858
163603	0.0004222553258
163604	0.005477439141
163605	0.000679166105
163606	0.004296273162
163607	0.004838094464
163608	0.002066081174
163609	0.002174986109
163610	0.0008901799055
163611	0.004160551862
163612	0.003278656688
163613	0.004777671913
163614	0.001170053033
163615	0.003273407748
163616	0.0009553173987
163617	0.003501949782
163618	0.001239549471
163619	0.0009563974988
163620	0.0001762838052
163621	0.001044015385
163622	0.0002461286322
163623	0.0003059781913
163624	0.000217973299
163625	0.00154282635
163626	3.828458945e-05
163627	0.0007976459882
163628	0.0005021753713
163629	0.0002614943536
163630	0.000956919304
163631	0.0004306508754
163632	0.0001481991295
163633	0.0006353953894
163634	6.314141576e-05
163635	0.00055342783
163636	0.00303344374
163637	0.00331718896
163638	0.0003844232783
163639	0.0001295885326
163640	0.001406644292
163641	0.0004366692844
163642	0.0005836332295
163643	0.0002812184178
163644	0.0006099235574
163645	0.0006706108886
163646	0.0007952022516
163647	0.001050336911
163648	0.0003977325591
163649	0.0004363152085
163650	0.0001208144361
163651	0.0001278075751
163652	0.001102697356
163653	0.0009481742843
163654	0.0006611281844
163655	0.0002797029981
163656	0.001169095053
163657	0.0001553091017
163658	7.234069573e-05
163659	0.0004249200878
163660	0.0008856956907
163661	0.0006119294188
163662	0.0003705911436
163663	0.0004301875169
163664	0.0006471671148
163665	0.0002997108152
163666	0.00103239953
163667	0.0003222935005
163668	0.0004391817575
163669	0.0001026737286
163670	0.000955901267
163671	0.000972415626
163672	0.0001942536594
163673	0.0002031278244
163674	0.0008796571873
163675	0.0008486985802
163676	0.0005216403225
163677	0.004715357981
163678	0.002321257987
163679	0.002236329377
163680	0.00699149385
163681	0.004248120347
163682	0.00655144735
163683	0.00235642134
163684	0.006846757934
163685	0.003921275283
163686	0.002664250708
163687	0.001591601873
163688	0.0005896473527
163689	0.0001234761011
163690	0.002690637024
163691	0.004707830936
163692	0.003841488311
163693	0.003714857092
163694	0.005083081288
163695	0.001529416205
163696	0.005512578036
163697	0.003117745252
163698	0.003079252088
163699	0.003522912764
163700	0.005030560343
163701	0.001286621052
163702	0.000970956682
163703	0.0003453759491
163704	0.0008750075359
163705	0.005089545443
163706	0.003051877662
163707	0.0009500080469
163708	0.0001575033061
163709	0.0003487677747
163710	0.00376935008
163711	0.001295235629
163712	0.003548128442
163713	0.0004480604968
163714	0.000774093698
163715	0.002218839636
163716	0.0008715224272
163717	0.004339018236
163718	0.001832635249
163719	0.002279597975
163720	0.002092856757
163721	0.00281538918
163722	0.0005469114471
163723	0.0002487553778
163724	9.700099701e-05
163725	0.001744642889
163726	0.002579118924
163727	0.001506674395
163728	0.0003569435583
163729	0.0005146996092
163730	0.002196733963
163731	0.002232781207
163732	0.004838453551
163733	0.002747620338
163734	0.003337214941
163735	0.000259634139
163736	0.0001311923996
163737	0.002845835386
163738	0.003431665675
163739	0.002020462571
163740	0.002501956173
163741	0.0001272420273
163742	0.0002179852143
163743	0.001539835356
163744	0.003732364422
163745	0.0004624873373
163746	0.001196999341
163747	0.0008246379817
163748	0.0006864356009
163749	0.003393439261
163750	0.003760210166
163751	0.004570148964
163752	0.006871044276
163753	0.003939752653
163754	0.002418410991
163755	0.003611801512
163756	0.002767107386
163757	0.001242261307
163758	0.001097463655
163759	0.0002053301669
163760	0.0004974970193
163761	0.001376516262
163762	0.0002530573308
163763	0.00240890888
163764	0.0004662266663
163765	0.004480741835
163766	0.002019145084
163767	0.001246722933
163768	0.004086926338
163769	0.0009630504348
163770	0.002678003521
163771	0.0003476705932
163772	0.00973578343
163773	0.0007327508913
163774	0.001535235035
163775	0.001161522986
163776	0.0003108844232
163777	0.001882691242
163778	0.005134978251
163779	0.0006909714426
163780	0.006330162247
163781	0.003643249268
163782	0.0008451921713
163783	0.0001809582205
163784	0.0002508359529
163785	0.0008771639272
163786	0.0009440167972
163787	0.003040156183
163788	0.0009307354387
163789	0.002739101613
163790	0.001139834483
163791	0.005393514151
163792	0.006802374347
163793	0.0001605750264
163794	0.006074309987
163795	0.0005719869406
163796	0.002452400783
163797	0.00352947739
163798	0.002393157569
163799	0.0001812358229
163800	0.0001797227044
163801	0.003042469123
163802	4.707743738e-05
163803	0.005543197094
163804	0.001697231871
163805	0.003165565561
163806	0.0006781152982
163807	0.001495971232
163808	0.004374956357
163809	0.001795482487
163810	0.002173280845
163811	0.0004993510114
163812	0.0005288760229
163813	0.0003230981777
163814	0.001171928229
163815	0.004879198856
163816	0.002961219486
163817	0.006564073066
163818	0.003792566546
163819	6.005833917e-05
163820	0.002482186197
163821	0.002387678583
163822	0.0004512006881
163823	0.002345162877
163824	0.003737043049
163825	0.002015625774
163826	0.004953576142
163827	0.001784007287
163828	0.0003486961318
163829	0.001140746048
163830	0.0006274144008
163831	0.002298472609
163832	0.001687086118
163833	0.002230740862
163834	0.004739275051
163835	0.0001552023892
163836	0.006478752101
163837	0.004383619756
163838	0.0005079413811
163839	0.00125514586
163840	0.0003264975736
163841	0.00180812609
163842	0.004051430129
163843	0.003154681072
163844	0.002441119682
163845	0.005814584702
163846	0.0003933368339
163847	3.299592656e-06
163848	0.001066447967
163849	0.002300735254
163850	0.0004442946934
163851	0.0007295268215
163852	0.001105381762
163853	8.5656901e-05
163854	0.001512534709
163855	0.001495381769
163856	0.000925778538
163857	0.001430611889
163858	0.001739070222
163859	0.002048766898
163860	0.000154041294
163861	0.0002080282414
163862	0.0006185372096
163863	0.0007900164894
163864	0.002841616807
163865	0.003512180734
163866	0.002468110845
163867	0.005808845015
163868	0.002143734449
163869	0.0001816193205
163870	0.002612438492
163871	0.001087756554
163872	0.004109227404
163873	0.002316944835
163874	0.0007673965323
163875	0.0004643096525
163876	0.001345011644
163877	0.001091874674
163878	0.0001095140179
163879	0.0001011454492
163880	0.00158522268
163881	0.003051724932
163882	0.0004566636526
163883	0.0007446798401
163884	0.000480797611
163885	0.0003425356862
163886	0.0001895470997
163887	0.001482385457
163888	0.001282039512
163889	0.002507912437
163890	0.002983957925
163891	0.003760674166
163892	0.001460066411
163893	0.002560652964
163894	9.256496751e-05
163895	0.001315249916
163896	0.003450110048
163897	0.0005044743079
163898	0.001547100394
163899	0.005201477294
163900	0.0002259543396
163901	0.001115576827
163902	0.004432318573
163903	0.002023621553
163904	0.001124468392
163905	0.003280875189
163906	0.0006234984721
163907	6.213608673e-05
163908	0.0008238843357
163909	0.00438148036
163910	0.0003448267256
163911	0.006415814979
163912	0.001753162229
163913	0.003083993175
163914	0.00272110872
163915	0.003716980327
163916	0.0004752918459
163917	0.002742244831
163918	0.001222015187
163919	0.001767726938
163920	0.0008700650884
163921	0.00429216766
163922	0.002351724938
163923	0.00200598901
163924	0.002422757689
163925	0.001089911466
163926	0.001507059676
163927	0.000546545232
163928	0.003609637447
163929	6.100391975e-05
163930	0.001673949679
163931	0.004273598185
163932	0.004061185422
163933	0.001656443098
163934	0.003865279624
163935	0.002950505102
163936	0.0003285332465
163937	0.000378066663
163938	0.001806908392
163939	0.001988066755
163940	0.0006317136947
163941	0.0007918726616
163942	0.0002318984114
163943	0.0003293510536
163944	0.0008448475089
163945	5.673848965e-07
163946	0.001266207978
163947	0.0001211328231
163948	0.0005981747008
163949	0.002908576345
163950	0.006006673634
163951	0.001945952751
163952	0.00367360069
163953	0.001461346998
163954	0.005300742398
163955	0.0006432256412
163956	2.527023148e-05
163957	3.040531729e-05
163958	0.002776239228
163959	0.002755494651
163960	0.001070468618
163961	0.001520746776
163962	0.0004141127451
163963	0.003680920307
163964	0.0006018922647
163965	8.782748204e-05
163966	0.002256925497
163967	0.000738818082
163968	0.00119042012
163969	0.0001355243649
163970	0.001410764155
163971	0.001515273546
163972	0.00412832639
163973	5.86179177e-05
163974	0.0002245517068
163975	0.001570149513
163976	0.000152262857
163977	0.002565326041
163978	0.002111490159
163979	0.003136369073
163980	0.002589810354
163981	0.002245018907
163982	0.003472421577
163983	0.0006619695486
163984	0.003017672803
163985	0.003141944831
163986	0.000573000574
163987	0.003016733444
163988	0.002023899683
163989	0.0008130623586
163990	0.0006594534843
163991	0.0002952548796
163992	0.0006782327684
163993	0.00220833584
163994	0.003948764272
163995	0.001384938001
163996	0.006286238574
163997	0.0004156606166
163998	0.0003193180952
163999	0.003166229195
164000	0.0001470762762
164001	0.005369880099
164002	0.002303816683
164003	0.004919687864
164004	0.001241753609
164005	0.003283080929
164006	0.002342417103
164007	0.002429777475
164008	0.003317534522
164009	0.001067952936
164010	0.002944704421
164011	0.001737144114
164012	0.0027610829
164013	0.002537200882
164014	0.001466014906
164015	0.005947579712
164016	0.0005122766016
164017	0.0002883867408
164018	0.001899435623
164019	0.001754061326
164020	0.0009192826418
164021	0.002428862175
164022	0.006482265081
164023	0.002371803434
164024	0.002621161486
164025	0.004209265713
164026	0.0001259459694
164027	0.007609163426
164028	0.002878888238
164029	0.003873760638
164030	0.001233355971
164031	0.001000400108
164032	0.0007903564837
164033	0.0003982706347
164034	0.000532637076
164035	0.005303580972
164036	0.005456727134
164037	0.0005824974408
164038	0.004747859304
164039	0.0008235272005
164040	0.00066632999
164041	0.002588566288
164042	0.004829922175
164043	0.0001095724504
164044	0.001640795044
164045	0.00132375245
164046	0.0002239123806
164047	0.002298112149
164048	0.0008974488961
164049	0.00448112089
164050	0.003001321726
164051	0.001688174095
164052	0.005567242407
164053	0.0003037282908
164054	0.001080251494
164055	0.0005461828057
164056	0.0005180912178
164057	0.0004437837936
164058	0.001236029536
164059	0.001226034308
164060	7.982928857e-06
164061	0.003015561968
164062	0.001043943849
164063	0.0001547272228
164064	0.0005106374518
164065	7.005642062e-05
164066	0.001815403056
164067	0.0004003321474
164068	0.002298975461
164069	0.0008448982033
164070	0.0003891915158
164071	0.00371567241
164072	0.001865419033
164073	0.0003695154949
164074	0.0001688163744
164075	0.002190865476
164076	0.005146399528
164077	0.001769997645
164078	0.006309175629
164079	0.0009679364262
164080	0.001806026712
164081	0.00490574514
164082	0.0002804209692
164083	0.001509892853
164084	0.001844020711
164085	0.001753062973
164086	0.002553478439
164087	0.0007387961472
164088	0.0002185116587
164089	0.006971288928
164090	0.002508803593
164091	0.0007792172199
164092	0.002655885342
164093	0.002002736633
164094	0.002358931995
164095	0.001443656889
164096	0.001599288496
164097	0.0006592854228
164098	0.00448579948
164099	0.0002389584893
164100	0.006834270289
164101	0.002856733578
164102	0.006074440684
164103	0.0009222639042
164104	0.0001063790834
164105	0.003033069941
164106	0.003602191911
164107	0.001617801789
164108	0.0008967767259
164109	0.0004256641623
164110	0.004705505763
164111	0.0003265284609
164112	0.001555185046
164113	0.001216526492
164114	0.001564204285
164115	0.001417589173
164116	0.002259891591
164117	0.0003117549232
164118	0.001185772087
164119	0.005942275117
164120	7.149500913e-05
164121	0.001392205864
164122	0.002101408195
164123	0.00199036196
164124	0.008736298473
164125	0.001895459097
164126	0.001412490042
164127	0.002225885884
164128	0.002360751404
164129	0.002126552789
164130	0.0004517122912
164131	0.002813198427
164132	0.005800013366
164133	0.0005176762787
164134	0.00391189338
164135	0.0008005011855
164136	0.004273291762
164137	0.004285738813
164138	0.001769303638
164139	0.005551840428
164140	0.004540346631
164141	0.005625108447
164142	0.001555772102
164143	0.003868546191
164144	0.00492956946
164145	0.0002463463512
164146	0.006933620708
164147	0.005802261305
164148	0.006906613926
164149	0.00404095133
164150	0.000566917258
164151	0.0001807036721
164152	0.0001774765862
164153	0.003562472997
164154	0.003319299063
164155	0.004461458224
164156	0.001886128843
164157	0.0002578708893
164158	0.001528758068
164159	0.001002007455
164160	0.0007397773594
164161	0.002066660021
164162	0.002389190771
164163	0.005902189822
164164	0.0002556993385
164165	0.004609977088
164166	0.006977910619
164167	0.004066319234
164168	0.003528529576
164169	0.003101809057
164170	0.004613618544
164171	0.003440291804
164172	0.0009258477437
164173	3.871774754e-05
164174	0.004600033765
164175	0.001662136528
164176	0.004553738928
164177	0.001883458884
164178	5.62117978e-06
164179	0.001716401413
164180	0.001679395513
164181	0.004170582662
164182	0.001898421099
164183	0.005494032325
164184	0.002188422243
164185	0.005335959162
164186	0.001939170272
164187	0.004218493595
164188	0.001826405576
164189	0.003390539064
164190	0.006993211309
164191	0.002805977456
164192	0.005523188621
164193	0.002561415449
164194	0.0009779194964
164195	0.003201440933
164196	0.001166780794
164197	0.007036107312
164198	0.008129312896
164199	0.001394152067
164200	0.00374077199
164201	0.004093555085
164202	0.0009725050345
164203	0.001574070684
164204	0.0007252062192
164205	0.003444763394
164206	0.005072895008
164207	0.005300748391
164208	0.005905168743
164209	0.006730690423
164210	0.005755038332
164211	0.001221349204
164212	0.0005782160857
164213	0.005533958628
164214	0.0002614086601
164215	0.002798048468
164216	0.001144518561
164217	0.006732638
164218	0.006689304189
164219	0.0007543941255
164220	0.0006009278499
164221	0.00407767346
164222	0.005049006878
164223	0.003316351693
164224	0.006507387612
164225	0.005077582624
164226	0.000624184126
164227	0.002036335235
164228	0.0005181388511
164229	0.0005317835207
164230	4.926744395e-05
164231	0.002719875062
164232	0.001488454505
164233	0.002536072459
164234	0.0009445997287
164235	0.006124940274
164236	0.0006087416905
164237	0.01023289698
164238	0.0005015872162
164239	0.003431437953
164240	0.005206885801
164241	0.005210774216
164242	0.005500408325
164243	0.0005152092684
164244	0.001206105568
164245	0.0001774629407
164246	0.005808073188
164247	0.0004612712983
164248	0.0002839792789
164249	0.002907264369
164250	0.001268967604
164251	0.0009144055939
164252	0.001185214761
164253	0.001864982267
164254	0.0002126165405
164255	0.003754885111
164256	0.001110672907
164257	0.006878801649
164258	0.003800739132
164259	0.001469271073
164260	0.001897909682
164261	0.006843025804
164262	0.0083626193
164263	0.004649336241
164264	0.0004616554445
164265	0.007441258713
164266	0.003714180553
164267	0.0008700482571
164268	0.004411515357
164269	0.001275663774
164270	0.001921432394
164271	0.001057746798
164272	0.0003208022519
164273	0.001913608819
164274	0.00602028043
164275	0.006234497202
164276	0.001349306142
164277	0.002185046207
164278	0.002877049786
164279	0.001355979053
164280	0.0005307574892
164281	2.971801929e-05
164282	0.002646771597
164283	0.002450092024
164284	0.0007787602365
164285	0.006672358905
164286	0.002892378842
164287	0.001636717281
164288	0.001378953734
164289	0.004200004761
164290	0.005537463938
164291	0.01041515426
164292	0.005774918262
164293	0.005619775985
164294	0.001021141139
164295	0.002244533051
164296	0.004312689528
164297	0.0008806216061
164298	0.005915023836
164299	0.001466793349
164300	0.00161405096
164301	0.006404080171
164302	0.003395206545
164303	0.002891675142
164304	0.002907863741
164305	0.005576122895
164306	0.003632191267
164307	0.001510225261
164308	0.005594088481
164309	0.0003281577528
164310	0.004264171057
164311	0.00371547351
164312	0.00689501157
164313	0.005511631769
164314	0.006639583867
164315	0.003143119537
164316	0.003219123408
164317	0.003126472531
164318	0.002284864737
164319	0.002041322235
164320	0.002446090596
164321	0.008255358319
164322	0.001709404707
164323	0.00433908207
164324	0.00525471334
164325	0.002507312281
164326	0.002975543885
164327	0.002747271521
164328	0.002668834944
164329	0.001872258699
164330	0.001703283592
164331	0.003455335301
164332	0.004816210646
164333	0.007721054496
164334	0.0006868359449
164335	0.002705218648
164336	0.0008693261634
164337	0.008100056034
164338	0.000212905931
164339	0.0008474758217
164340	0.006604995935
164341	0.003206259187
164342	0.001735007901
164343	0.0007697330988
164344	0.003166778585
164345	0.002511312008
164346	0.002835948203
164347	0.004001910535
164348	7.863629269e-05
164349	0.0006571434112
164350	0.005484653417
164351	0.002537344182
164352	0.001080595063
164353	0.00491319577
164354	0.001197655833
164355	0.004029984311
164356	0.0004571858742
164357	0.002583390501
164358	0.004309065615
164359	0.0008417648767
164360	0.005491117014
164361	0.0009307587674
164362	0.007952157484
164363	0.00404407177
164364	0.01095895189
164365	0.008963745908
164366	0.008085734612
164367	0.002945297838
164368	0.0003764405974
164369	0.001238484592
164370	0.006509988163
164371	0.001181279365
164372	0.004807344421
164373	0.00626520943
164374	0.00607892279
164375	0.00257914447
164376	0.007535709445
164377	0.005625384157
164378	0.009226727199
164379	0.002817362685
164380	0.003267462479
164381	0.003792393328
164382	0.005812707203
164383	0.004289370341
164384	0.002300067744
164385	0.001611710438
164386	0.005674357723
164387	0.0004365263207
164388	0.005916194153
164389	0.002749323806
164390	0.001128155104
164391	0.004296122015
164392	0.006708077055
164393	0.001471962179
164394	0.003220635343
164395	0.002761404782
164396	0.00504452651
164397	0.008685320179
164398	0.0003310613546
164399	0.005560850834
164400	0.001008394105
164401	0.009041217304
164402	0.000500560481
164403	0.002784602452
164404	0.0002881771774
164405	0.002994552783
164406	0.003379753039
164407	0.001168627352
164408	0.001886197015
164409	0.00172076517
164410	0.001927590174
164411	0.0007663161375
164412	0.004988242918
164413	0.0005481660014
164414	6.330083861e-05
164415	0.0001003132698
164416	0.002439907241
164417	0.007568173387
164418	0.0005643854586
164419	0.0002928573401
164420	0.002478691666
164421	0.002076130954
164422	0.0006100780966
164423	0.001832227904
164424	0.007947034269
164425	0.003200195701
164426	0.001015369572
164427	0.003719859342
164428	0.0006344360852
164429	0.001369490511
164430	0.003514521191
164431	0.001881996579
164432	0.0005329593972
164433	0.002348756967
164434	0.001948499541
164435	0.001930528862
164436	0.0009456172366
164437	0.004459048149
164438	0.003036414345
164439	0.00193681771
164440	0.0005012112938
164441	0.001685787105
164442	0.001405175071
164443	0.001741079355
164444	0.002545043336
164445	0.001506908886
164446	0.002502220547
164447	0.001090775506
164448	0.002438792821
164449	0.0005512404086
164450	0.0002774569564
164451	0.00173875168
164452	0.0005102904244
164453	0.0002942063868
164454	0.005589975017
164455	0.001766226701
164456	0.001912871274
164457	0.0007796356555
164458	0.0003236085931
164459	0.004868668482
164460	0.00560493819
164461	0.001690527144
164462	0.00204321987
164463	0.00198595912
164464	0.001357422486
164465	0.002968991749
164466	0.006228035071
164467	0.0006460748679
164468	0.003536910901
164469	0.001188087445
164470	0.004554711108
164471	0.004486552068
164472	0.001969268169
164473	0.0001306194823
164474	0.0009729254123
164475	0.006953688204
164476	0.002260040216
164477	0.0004299905809
164478	0.004917090208
164479	0.0001726087252
164480	0.0003926746686
164481	0.0007941095555
164482	0.001740333042
164483	0.001367582247
164484	0.003161463228
164485	0.001786819293
164486	0.002328754026
164487	0.002889503821
164488	1.542010647e-05
164489	0.0009648659138
164490	0.002154296048
164491	9.192525219e-05
164492	0.0008181224815
164493	0.0009487723457
164494	0.001447851973
164495	0.008257703746
164496	0.004960958394
164497	0.002239256175
164498	0.003140443588
164499	0.0008938160236
164500	0.0004857391107
164501	0.000711438689
164502	0.0003366727491
164503	0.0009164190476
164504	0.002988318828
164505	0.0003219359051
164506	0.003258860337
164507	0.001993777109
164508	0.001513284564
164509	0.001096486972
164510	0.002321188929
164511	2.262145721e-05
164512	0.002262730089
164513	0.001396756708
164514	0.004287786276
164515	0.004669524933
164516	0.00298584566
164517	6.950236352e-05
164518	0.001572010114
164519	0.002007207404
164520	0.003012071802
164521	0.001396829909
164522	0.002335972548
164523	0.005387826527
164524	0.002594365871
164525	0.0004196480061
164526	0.0005885050396
164527	0.0006600566023
164528	0.004796542922
164529	0.003166304678
164530	0.0001055969184
164531	0.004860791587
164532	0.001828512452
164533	0.006409663686
164534	1.519905694e-06
164535	0.006727714007
164536	0.0006936034613
164537	0.0003991583342
164538	0.001225097298
164539	0.005682567834
164540	0.0001006540607
164541	0.0005757237246
164542	5.312901107e-06
164543	0.003822602808
164544	2.452964196e-05
164545	0.0003778819756
164546	0.0004670936794
164547	0.001207430077
164548	0.001071853317
164549	0.001280830036
164550	0.001786733965
164551	0.0003234279505
164552	0.000378559596
164553	0.0002298970738
164554	0.0003091541263
164555	0.0002507608633
164556	9.990435419e-05
164557	0.0001250383113
164558	0.0004785148666
164559	0.0002150902049
164560	0.0001180264268
164561	0.0003791396323
164562	0.0002377505228
164563	0.0001333268693
164564	6.33874713e-05
164565	0.000138879328
164566	0.0008151886848
164567	0.001116735532
164568	0.0001780816088
164569	0.0001114063111
164570	0.00138990551
164571	0.004084395675
164572	0.00297984556
164573	0.002452864277
164574	0.0001668129496
164575	0.0003466335286
164576	0.0005289930172
164577	0.0003637331281
164578	0.0003856682841
164579	0.0002717859183
164580	0.000264322969
164581	0.0005841618564
164582	0.000400296844
164583	0.0003519209009
164584	0.0001435858981
164585	0.0001235333703
164586	0.0005939998232
164587	0.0003902584354
164588	0.001820506933
164589	0.0004737683716
164590	0.000771078879
164591	0.0005815009235
164592	4.448101453e-05
164593	0.002332370851
164594	0.002027897693
164595	0.002521689109
164596	0.002825954201
164597	0.0131599077
164598	0.002617138769
164599	0.001685971015
164600	0.002006260275
164601	6.170910126e-05
164602	0.002034793602
164603	0.000846239961
164604	0.003465415012
164605	0.004687719002
164606	0.0004739003013
164607	0.0009024085123
164608	0.001836045578
164609	0.002739860801
164610	0.0006488783364
164611	0.002048708331
164612	0.004405162896
164613	0.002777127462
164614	0.0002926285091
164615	0.001941510088
164616	0.001713728483
164617	0.005261785974
164618	0.0004340734544
164619	0.003013755116
164620	0.0002815533223
164621	0.001431069407
164622	0.004562603674
164623	0.001107295633
164624	0.001552077957
164625	0.003278326006
164626	0.00059210369
164627	0.0009632531602
164628	0.002955359617
164629	0.002299944721
164630	0.001316898588
164631	0.001219538645
164632	0.004540765886
164633	0.002025451701
164634	0.003664241061
164635	0.0010099639
164636	0.002860859052
164637	0.0005333720146
164638	0.0003412607702
164639	0.0007468691521
164640	0.001422961279
164641	0.0004183113445
164642	4.464480108e-05
164643	0.001118683698
164644	0.001496448953
164645	0.0003764995633
164646	0.0006179801385
164647	0.000237393129
164648	0.0001491858881
164649	0.0004178158797
164650	7.193589515e-05
164651	0.00146888362
164652	0.0004200763732
164653	0.0001015079894
164654	0.001796489077
164655	0.0002141640728
164656	0.001252791495
164657	0.0003090685675
164658	0.001292598203
164659	1.782611239e-05
164660	0.0009425342193
164661	5.891880489e-05
164662	0.001952992588
164663	0.00253402851
164664	0.0005217292143
164665	0.0001991468589
164666	0.000915479808
164667	0.0001470785343
164668	0.001795341104
164669	3.341824259e-05
164670	0.001068904955
164671	0.001176994227
164672	0.001211697944
164673	0.001402726573
164674	0.001523752942
164675	0.00238160641
164676	0.0008142322511
164677	0.0002382074008
164678	0.002614502028
164679	0.0002322695755
164680	0.001205623011
164681	0.001041004565
164682	0.001071102444
164683	0.001078540835
164684	0.0009738393281
164685	0.0008572412563
164686	1.385067659e-05
164687	0.002135840901
164688	0.003500259416
164689	0.0006072801576
164690	0.002033262281
164691	0.004367925674
164692	0.006113918116
164693	0.007981283265
164694	0.0003140214599
164695	0.002685533651
164696	0.00306530754
164697	0.00227862749
164698	0.004084136293
164699	0.002029760183
164700	0.001141524045
164701	0.001154955491
164702	0.003062028822
164703	0.001439700214
164704	0.002816712671
164705	0.001446514076
164706	0.0009536560918
164707	0.0004016727188
164708	0.001153484979
164709	0.00235761086
164710	0.001249471867
164711	0.0005746217475
164712	0.001621955633
164713	0.001272174655
164714	0.00168836866
164715	0.0006593578234
164716	0.001797630074
164717	0.002256945747
164718	0.003680993994
164719	0.0009272500714
164720	0.0003983677157
164721	0.001207215276
164722	0.0004168345358
164723	0.0009575172677
164724	0.0003071902107
164725	0.001650003094
164726	0.00388591028
164727	0.001960797784
164728	0.0008867334975
164729	0.001762270532
164730	0.00161841163
164731	0.0001257068015
164732	0.001008031438
164733	0.0008537739457
164734	0.001814562653
164735	0.0007086558775
164736	0.003919476045
164737	0.0002123466924
164738	0.001475101501
164739	0.0004148532366
164740	0.002950497324
164741	0.002918709693
164742	0.001161822948
164743	0.0008084962654
164744	0.000911889506
164745	0.0003540193408
164746	0.00611525791
164747	0.001420513936
164748	0.001298868342
164749	0.000740312668
164750	6.073582665e-05
164751	0.002228483345
164752	0.002184369353
164753	0.0002478435998
164754	0.001117609124
164755	0.001571960828
164756	0.0002600454047
164757	0.0001201673514
164758	0.007335914114
164759	0.005749109604
164760	0.001621297366
164761	0.003207255928
164762	0.0009731591332
164763	0.001614183102
164764	0.002177488603
164765	0.002487985025
164766	0.002631823171
164767	0.001181594779
164768	0.001768033429
164769	0.003056854062
164770	1.761908353e-05
164771	0.001655151653
164772	0.001070809782
164773	0.001659085727
164774	0.0004689033154
164775	0.001961275106
164776	0.0005373807864
164777	0.0002165058085
164778	0.003522339255
164779	0.001044642851
164780	0.0004738139082
164781	0.0003281181697
164782	0.002331583781
164783	0.002653488258
164784	0.0005363431136
164785	0.003101994034
164786	0.002722849389
164787	0.0006245652775
164788	0.001889896559
164789	0.00241731274
164790	0.0006344764592
164791	0.0001296781372
164792	0.0009240086056
164793	0.00135734774
164794	0.001450871468
164795	0.002634711352
164796	0.002900372925
164797	0.0001138645891
164798	0.0003755918726
164799	0.0006414662496
164800	0.006761371276
164801	0.00314308644
164802	0.002143565797
164803	0.001653281453
164804	0.001090904835
164805	0.000946147423
164806	0.005511414453
164807	0.00324774888
164808	0.006031218328
164809	0.005770295437
164810	0.0009109906332
164811	0.003459552794
164812	0.001549441402
164813	0.004435186351
164814	0.001728125468
164815	0.002800192343
164816	0.0009204588448
164817	0.001692310287
164818	0.004022917585
164819	0.001361223696
164820	0.001671283018
164821	0.001933565093
164822	0.001485933346
164823	0.0004648270902
164824	0.001267223535
164825	0.0008335425464
164826	0.003706451237
164827	1.298353255e-05
164828	0.003360353031
164829	0.0004660412723
164830	0.00194857311
164831	0.001251159766
164832	0.00536241004
164833	0.00230397757
164834	0.002188611989
164835	0.004363731382
164836	0.005004862733
164837	0.00464702145
164838	0.004503749267
164839	8.281852858e-05
164840	0.0004027395696
164841	0.0003250234171
164842	0.005548552475
164843	0.0009899385655
164844	0.0048734364
164845	0.0001534224373
164846	0.001270416183
164847	0.0001388400343
164848	0.0007513611296
164849	0.0002771283025
164850	0.0007345274356
164851	0.0002422262924
164852	0.0001812452671
164853	0.004156126055
164854	0.001755713606
164855	0.003497732108
164856	0.003616055236
164857	0.003941155321
164858	9.725049554e-06
164859	0.001790916604
164860	0.0002627375221
164861	0.002238428638
164862	0.005701983258
164863	0.0002116103138
164864	0.001916849152
164865	0.002501610561
164866	0.001818465443
164867	0.002055148801
164868	0.003329065407
164869	0.003245661736
164870	0.0002129629584
164871	0.001290721075
164872	0.002815757362
164873	0.003612230716
164874	0.0007549940878
164875	0.0002458690191
164876	0.002890003022
164877	0.000392208167
164878	0.002964811843
164879	0.005625607891
164880	0.003427238559
164881	0.0003754677024
164882	0.005455522303
164883	0.01248415398
164884	0.001841972042
164885	0.001149440605
164886	0.0007972244782
164887	0.0002357987254
164888	0.004287219954
164889	0.001080476336
164890	0.002360655146
164891	0.000585252536
164892	0.001663739422
164893	0.0003862714244
164894	0.000750307801
164895	0.002858708919
164896	0.0006164001646
164897	0.002105211937
164898	0.001130844671
164899	0.002438240497
164900	0.0009558857204
164901	0.00258157703
164902	0.001370555064
164903	0.001215086815
164904	0.002421067248
164905	0.001698460552
164906	0.003603240255
164907	0.0007172440129
164908	0.000982469285
164909	0.001769710272
164910	0.0004630834539
164911	1.143365355e-05
164912	0.001006692753
164913	0.0003215897343
164914	9.050766677e-05
164915	0.0007645161324
164916	0.002909017553
164917	0.0002982723969
164918	0.0001655247681
164919	0.002793798923
164920	0.005252371614
164921	0.003895585519
164922	0.001089505353
164923	0.005384925524
164924	0.0008543417083
164925	0.0004634830892
164926	0.00106908057
164927	0.0002406796442
164928	0.0001089248369
164929	0.0007727349554
164930	0.001390206673
164931	0.0006589675181
164932	0.002383814147
164933	1.627124472e-07
164934	0.002649862685
164935	0.0008638829349
164936	0.0001789538313
164937	0.0004373991628
164938	0.0007101726464
164939	0.00206923987
164940	0.0006774866644
164941	0.0002848432529
164942	0.002786952975
164943	0.000803282891
164944	0.001637996755
164945	0.003273887042
164946	0.002946240849
164947	0.001502883894
164948	0.004185864761
164949	0.007646287111
164950	0.0007953886844
164951	0.005190878859
164952	0.0004116647114
164953	0.001946218888
164954	2.609677729e-05
164955	0.009386250496
164956	0.004421283655
164957	0.0007741751107
164958	0.000408568797
164959	0.0006320425779
164960	0.006895745079
164961	5.334229546e-05
164962	0.0008703103207
164963	0.002877136955
164964	0.0006299652261
164965	0.001377148606
164966	0.002974653253
164967	0.001954415228
164968	5.560070043e-05
164969	0.001218550144
164970	0.004133447144
164971	0.00159034223
164972	0.00099041802
164973	0.001383828939
164974	0.004924740514
164975	0.001666796393
164976	0.001885057658
164977	0.0009134203893
164978	0.001886547873
164979	0.002291174834
164980	0.001758686482
164981	3.054014204e-05
164982	0.001397080347
164983	0.000601713217
164984	0.0009681369581
164985	0.0006363174581
164986	0.00262261277
164987	0.0004711448705
164988	0.003852744027
164989	0.0007836151447
164990	0.001519491379
164991	0.0009807094234
164992	0.0008667796633
164993	0.001295889612
164994	0.000118335056
164995	0.0001723357094
164996	0.002120951918
164997	0.0002400974811
164998	0.0005307153161
164999	0.001652854988
165000	0.00155937487
165001	0.002595381874
165002	0.003159589786
165003	0.00417955461
165004	0.0007896812287
165005	0.0004719516536
165006	7.061706165e-06
165007	0.003435522168
165008	0.002260170096
165009	0.008493238918
165010	0.002395259437
165011	0.0009079813191
165012	0.001581634603
165013	0.0006706909542
165014	7.883287131e-05
165015	0.001716515634
165016	0.001939190706
165017	0.001241983223
165018	3.493761276e-08
165019	0.001409380824
165020	0.0008260877406
165021	0.003838027282
165022	0.0002607373388
165023	0.0002276696809
165024	0.0002789881265
165025	0.0009065961524
165026	0.0001479522615
165027	0.0002073720524
165028	0.007468515431
165029	0.002679140705
165030	0.004386082011
165031	0.004681876431
165032	0.001148647226
165033	0.003293565727
165034	0.001843402136
165035	0.002635607641
165036	0.0001596365903
165037	0.001597987176
165038	0.001239644769
165039	0.002133747235
165040	0.001114693039
165041	0.0001027926557
165042	0.003004824202
165043	0.0004151663843
165044	0.002403873514
165045	0.003205266516
165046	0.001357004071
165047	0.006769686182
165048	0.00130655473
165049	0.000250062875
165050	0.002194305617
165051	0.00431869118
165052	0.0005652742195
165053	0.002373653127
165054	0.002048993268
165055	0.0009244764139
165056	0.002611514484
165057	0.000268054185
165058	0.0005024057696
165059	0.001959608745
165060	0.002424284915
165061	0.0003809577719
165062	0.001884798624
165063	6.502549532e-05
165064	0.0004816773548
165065	0.0001087815476
165066	1.747141325e-05
165067	0.00242861742
165068	0.001579483658
165069	0.0006815389133
165070	0.001631811613
165071	0.003734261699
165072	0.005860672155
165073	0.003756460716
165074	0.001065611526
165075	0.001351116581
165076	0.001476099065
165077	0.0003208173445
165078	0.001842699934
165079	4.912073878e-08
165080	0.001316835459
165081	0.0007033504159
165082	0.001817152574
165083	0.001007699349
165084	0.005559388284
165085	0.000244204575
165086	0.0006646098798
165087	0.002742858463
165088	0.005425073622
165089	0.003282049321
165090	0.0009288936552
165091	0.001121802311
165092	0.00368779432
165093	0.0009853753274
165094	0.0006633797087
165095	0.0004134015144
165096	0.003366054857
165097	0.001971533277
165098	0.0005227838087
165099	0.001076036685
165100	0.0005354575536
165101	6.140092347e-08
165102	0.001305269812
165103	0.002127560593
165104	0.001031029835
165105	0.002509318735
165106	0.002173005831
165107	0.0005636393462
165108	0.001088653225
165109	0.00161470654
165110	0.0007714561
165111	6.013163653e-06
165112	0.0006383216412
165113	0.0009071052839
165114	0.0004782282053
165115	0.002852316145
165116	8.408189344e-05
165117	0.001170488801
165118	0.003303438544
165119	0.001489949508
165120	0.004508216807
165121	0.00285034625
165122	0.001110907858
165123	0.002042994528
165124	0.002396716515
165125	0.00247723645
165126	0.001565965002
165127	0.0008558509993
165128	0.0001927511756
165129	0.0005999610771
165130	9.239850683e-05
165131	0.001488152853
165132	0.0002449305545
165133	0.00297619946
165134	0.0008073892658
165135	0.001907532943
165136	0.0007961944135
165137	0.0002077182986
165138	0.0004572326465
165139	0.002905853911
165140	0.004391014945
165141	0.00256591683
165142	0.003585638852
165143	0.001422618805
165144	0.000998572392
165145	0.00111544638
165146	0.0009328437598
165147	0.002205860762
165148	4.360565804e-05
165149	0.001119587089
165150	0.00219867054
165151	0.0006976419327
165152	0.0004544048626
165153	0.003566715456
165154	0.008551542976
165155	0.001031122865
165156	0.003538492447
165157	0.002401206122
165158	0.0045139088
165159	0.002737994297
165160	0.0007761314964
165161	0.00133090875
165162	0.0007168562398
165163	0.003275673753
165164	0.001842452065
165165	0.000157489742
165166	0.001152635234
165167	0.001423880186
165168	0.003584264744
165169	0.0008369649961
165170	0.0006398647433
165171	0.0011802363
165172	0.0003532364845
165173	0.001091001298
165174	0.003238622819
165175	0.004104584296
165176	0.00296509147
165177	0.0002599359854
165178	0.0009408101326
165179	0.003770924189
165180	0.001335762731
165181	0.0004563897132
165182	0.001601672508
165183	0.0004702830264
165184	0.003879226883
165185	0.0001266594636
165186	0.0003075229935
165187	0.005478256113
165188	0.0006740569946
165189	0.003782812777
165190	0.0003407683744
165191	0.002407706494
165192	0.001758052151
165193	0.002732743215
165194	0.008527283664
165195	0.003500368037
165196	0.002415195329
165197	0.001807848526
165198	0.004551405041
165199	0.004146281827
165200	0.002665909436
165201	0.001263528284
165202	0.001231580042
165203	0.002958298091
165204	0.01032484039
165205	0.006434009827
165206	0.0001233639419
165207	0.001039404075
165208	0.000329021981
165209	0.0001246671255
165210	8.903133905e-08
165211	0.00165956007
165212	0.001950922565
165213	0.0002604241761
165214	0.001409698915
165215	0.002116936231
165216	0.0002671084134
165217	0.002639132754
165218	0.003104660778
165219	0.0007549489244
165220	0.002829670151
165221	0.003008119252
165222	0.0002461649127
165223	0.0006410660195
165224	0.0009325742929
165225	0.0002256168519
165226	0.004223967284
165227	0.003050958562
165228	0.003187449389
165229	0.0004937548281
165230	0.0007830066733
165231	0.001114520613
165232	0.0003753751752
165233	0.0001001308822
165234	0.002080197526
165235	0.001195367095
165236	0.001822837888
165237	0.001398516346
165238	0.001278175715
165239	0.001004736376
165240	0.001611836289
165241	0.003709509069
165242	0.002663431347
165243	0.003106379269
165244	0.002925239964
165245	0.0003933836587
165246	0.001563432681
165247	0.002576148838
165248	0.003176575318
165249	0.000128254154
165250	0.0002268930321
165251	9.608505574e-05
165252	0.002862987123
165253	0.001610420447
165254	0.0002272208667
165255	0.001742661312
165256	0.0008952225927
165257	9.764506444e-05
165258	0.0002592280302
165259	0.00210128838
165260	0.000195998985
165261	0.004309519398
165262	0.001480547026
165263	0.002941450491
165264	0.002604086716
165265	0.0008594383574
165266	0.0002768672729
165267	5.691122581e-05
165268	0.0002008259728
165269	0.0003422028022
165270	8.483861935e-05
165271	0.0003626341395
165272	9.077622395e-05
165273	0.003102109266
165274	0.002482806834
165275	0.001730658588
165276	0.002006864716
165277	0.003231012762
165278	0.001278998372
165279	0.00209105364
165280	0.001029051623
165281	0.0001998332275
165282	0.001052828013
165283	0.002141774941
165284	0.001459621841
165285	4.584919501e-05
165286	0.002777937431
165287	0.00122832338
165288	0.005574641287
165289	0.0003638980164
165290	0.0002737325904
165291	0.0006382574428
165292	0.002007350218
165293	0.002559415445
165294	0.0003474248256
165295	0.003421313623
165296	0.003858295453
165297	0.002460232466
165298	0.003980500359
165299	0.0003974352303
165300	0.0002514887578
165301	0.00149770041
165302	0.001160322875
165303	0.0004347558818
165304	0.0005025938383
165305	0.001720682162
165306	0.0002560473679
165307	0.0001733583286
165308	9.798559e-05
165309	3.142500574e-05
165310	0.001473287802
165311	0.0009955802021
165312	0.0004258894703
165313	0.001560841559
165314	0.0008848776225
165315	0.00165935506
165316	0.0001467141786
165317	0.0007296371386
165318	0.0004077529447
165319	0.001113701471
165320	2.399752759e-07
165321	0.0006202799125
165322	0.0008550767686
165323	0.001576769741
165324	0.002302499233
165325	0.004647280977
165326	0.002726664772
165327	0.004448853038
165328	0.0003734012455
165329	0.001404457727
165330	0.0026932326
165331	0.00122248651
165332	0.001338960868
165333	0.0009729082626
165334	2.215201038e-05
165335	0.0003749856583
165336	0.005073699675
165337	0.0004212158878
165338	0.0008348576236
165339	0.003501301884
165340	0.0009461335611
165341	0.0002677051366
165342	0.0007044585934
165343	0.0001178230685
165344	0.0007005943472
165345	0.0007279223766
165346	4.977549629e-05
165347	0.0005179875989
165348	0.0005896643687
165349	0.002749664341
165350	0.001440637801
165351	0.0006606528366
165352	0.003069364413
165353	0.00338008534
165354	0.000797889214
165355	0.004880739902
165356	2.563231036e-05
165357	0.004147811288
165358	0.000811332216
165359	0.005886731993
165360	0.0007208096239
165361	0.001964293486
165362	0.0004073160893
165363	0.002065060466
165364	0.002424602657
165365	0.0002121730771
165366	0.0007785072312
165367	0.001572425646
165368	0.002048298878
165369	0.002011781434
165370	0.0004183296794
165371	0.001062028539
165372	4.782380042e-05
165373	0.003812237921
165374	0.003107008814
165375	0.0002880323264
165376	0.0008528927977
165377	0.001279559174
165378	0.001937727575
165379	0.001060827114
165380	0.002235457161
165381	0.0004921671537
165382	0.002822805656
165383	0.001030791922
165384	0.002163800457
165385	0.008212118906
165386	0.001988239618
165387	0.00526706411
165388	0.0003399540247
165389	0.009672087573
165390	0.0004798122681
165391	0.0003805759952
165392	0.004366439488
165393	0.001804240557
165394	0.002306844847
165395	0.001687402273
165396	0.0001683999584
165397	0.0006747276886
165398	0.0008893031382
165399	0.00577872424
165400	0.002007799239
165401	0.00109980554
165402	0.002130471472
165403	0.0009903243507
165404	0.003673428024
165405	0.00192842858
165406	0.001327893269
165407	0.003339785462
165408	0.00164224448
165409	0.00270320978
165410	0.001333753739
165411	0.0009172491932
165412	0.002201154532
165413	0.002006840525
165414	0.003508465479
165415	0
165416	0.002668551108
165417	0.00221993681
165418	0.002577195552
165419	0.0008476788024
165420	1.753437287e-05
165421	0.001517170168
165422	0.001152819367
165423	0.0004847860375
165424	0.001532389906
165425	0.002029898781
165426	0.001117696099
165427	0.003319488632
165428	0.0004177918069
165429	0.002671820003
165430	0.001314807042
165431	0.002184601295
165432	0.00606179893
165433	0.0006660575837
165434	0.0009911098865
165435	0.001491715108
165436	0.001336594947
165437	0.0003839410577
165438	0.001390737056
165439	0.004151624957
165440	0.003965996307
165441	0.003974143262
165442	0.002970416579
165443	0.001379948097
165444	0.004437335245
165445	0.001101350521
165446	0.000334565235
165447	0.001869588396
165448	0.005495134196
165449	0.000975941697
165450	0.001140918418
165451	0.001948479968
165452	0.0003295592302
165453	9.436835181e-05
165454	0.0001316974545
165455	0.00236609179
165456	0.001967735137
165457	0.001539445177
165458	0.001896565642
165459	0.0007237376762
165460	0.0001197421744
165461	0.0001228370667
165462	0.002182641342
165463	0.00285105867
165464	0.0005564531185
165465	0.001583060238
165466	0.001855750817
165467	0.003120354271
165468	0.003168355961
165469	0.003802816078
165470	0.003426547046
165471	0.001094676178
165472	0.002240827391
165473	0.0004601891799
165474	0.001878133182
165475	0.0001928472231
165476	0.001337030739
165477	0.0007910394499
165478	0.002804499914
165479	5.420527468e-05
165480	0.001241683361
165481	0.002490340128
165482	0.005012112715
165483	0.002424870384
165484	0.004642871029
165485	0.0003122077134
165486	0.0002649427005
165487	0.0005675600927
165488	0.002536060813
165489	0.007428608908
165490	0.002881941242
165491	0.001067159075
165492	0.003194754317
165493	0.0002758216661
165494	0.002772735806
165495	0.003350601432
165496	0.005892649078
165497	0.0001831933322
165498	0.000893336276
165499	0.001655293047
165500	0.003773526133
165501	0.004186036126
165502	0.004708924754
165503	0.0002455973456
165504	0.0008015886916
165505	0.000315186711
165506	0.00193045254
165507	0.003783078182
165508	0.002139917954
165509	0.003940706949
165510	0.002194499518
165511	0.001841644591
165512	0.001188594988
165513	0.002974616402
165514	0.003624654849
165515	0.0006888879566
165516	0.001539787003
165517	0.003899868528
165518	0.003857399064
165519	0.0006358953833
165520	0.0001586959045
165521	0.005773421493
165522	0.003489986006
165523	0.001033420405
165524	0.006103592629
165525	0.005094377285
165526	0.002913976185
165527	0.003926947613
165528	0.00312856391
165529	0.0009965532982
165530	0.003091865841
165531	0.0004824773285
165532	0.004123977408
165533	0.002547268746
165534	0.003688978974
165535	0.001121885271
165536	0.002698488009
165537	0.001779229281
165538	0.003397261212
165539	0.003193303951
165540	0.002345464426
165541	0.00484215968
165542	0.002340184062
165543	0.003388871386
165544	0.0004792494748
165545	0.004300780547
165546	7.313359329e-05
165547	0.004746979805
165548	0.005433760208
165549	0.003209476178
165550	0.001862534603
165551	9.634473388e-05
165552	0.0002485329998
165553	0.004616567994
165554	0.002905054356
165555	0.0006403636769
165556	0.002206925121
165557	0.0005240959001
165558	0.004351230291
165559	0.001757010369
165560	0.001224301987
165561	0.001700524367
165562	0.003301817494
165563	0.003556608317
165564	0.003819885738
165565	0.004126294744
165566	0.0009551329445
165567	0.002118212779
165568	0.003798414166
165569	0.001926759629
165570	0.001252185983
165571	0.0007232649317
165572	0.001918909379
165573	0.003701110084
165574	0.000376150023
165575	0.005380072334
165576	0.00200997378
165577	0.00149348777
165578	0.0009174087318
165579	0.0002465910316
165580	0.001025583426
165581	0.004107169952
165582	0.0006596633997
165583	0.0002999406869
165584	0.0001229571454
165585	0.005401838897
165586	0.004681697149
165587	0.000340890932
165588	0.003193214611
165589	0.00477160426
165590	0.001589449775
165591	0.001883249431
165592	0.0007577084982
165593	5.674456717e-05
165594	0.004515282315
165595	0.004865010371
165596	0.003841591364
165597	0.001865792819
165598	0.001390775314
165599	0.001648181337
165600	0.0003154891073
165601	0.000549454119
165602	0.003239083696
165603	0.002156668957
165604	0.00455988831
165605	0.00509607786
165606	0.003652414328
165607	5.536553855e-06
165608	0.001564588784
165609	0.001536987565
165610	0.00225442402
165611	0.004719542533
165612	8.490556732e-05
165613	0.000225296921
165614	0.00119264211
165615	0.0009935336341
165616	0.0002575553944
165617	0.003837138427
165618	0.002733825391
165619	0.003265198276
165620	0.003472364914
165621	0.003853991466
165622	0.002829032141
165623	0.0006711468119
165624	0.003702955244
165625	0.003738926526
165626	0.004363959164
165627	0.0002292809886
165628	0.002629597399
165629	0.004401227262
165630	0.0004558789406
165631	0.0002684421331
165632	0.0007775706712
165633	2.494193798e-06
165634	0.0005803515894
165635	0.003045206335
165636	0.00329779702
165637	0.0004302403545
165638	0.0007006075098
165639	0.0005356758987
165640	8.652359189e-05
165641	0.002246271955
165642	0.001901153973
165643	0.001851387586
165644	0.002434680593
165645	0.0001235314092
165646	0.001177687128
165647	0.004465415072
165648	0.004545478874
165649	0.005221200821
165650	0.002167365326
165651	0.004872070462
165652	0.002972866121
165653	0.001077881855
165654	0.004561921117
165655	0.002931004565
165656	0.00355723814
165657	0.00542832974
165658	0.0007443174025
165659	0.004871026681
165660	0.001460545169
165661	0.00293310677
165662	0.00143662922
165663	0.005067013621
165664	0.003749187631
165665	0.0001313303944
165666	0.0004990800233
165667	0.00204719648
165668	0.002291401284
165669	0.0003868119575
165670	0.0005954714639
165671	0.0003639780677
165672	0.004943040433
165673	0.004259073049
165674	0.004163515616
165675	0.001679614166
165676	5.989437983e-05
165677	0.004772464294
165678	0.005902240374
165679	0.002234464197
165680	0.00524805992
165681	0.006196518402
165682	0.003019729336
165683	0.002056985391
165684	0.004073061676
165685	0.006556167294
165686	0
165687	0.004002390682
165688	0.0001960769589
165689	0.0009056375456
165690	0.0007291811777
165691	0.000185842523
165692	0.0005646010999
165693	0.0002257222916
165694	0.0003760715284
165695	0.00113343311
165696	0.0001841471389
165697	0.0001095298364
165698	0.0003185079666
165699	0.0006987887061
165700	6.024174749e-06
165701	0.0001840826673
165702	5.317853214e-05
165703	0.0004525941327
165704	0.0004168405378
165705	0.0003009072677
165706	0.0002543745612
165707	0.0006478285517
165708	0.001108711571
165709	0.0002890743293
165710	0.0001230706377
165711	0.0003586447854
165712	0.0001385977316
165713	0.001400249904
165714	0.001340381759
165715	0.0009212406736
165716	0.001400216133
165717	6.140092342e-08
165718	0.001237914443
165719	0.0002767875269
165720	0.0001719797453
165721	0.001025745527
165722	0.003209847469
165723	0.0004065671273
165724	0.0004510991141
165725	0.0002487252493
165726	0.001014653855
165727	0.001262571867
165728	0.0005479293667
165729	0.00131653536
165730	0.003223341471
165731	5.919374671e-05
165732	0.001413351048
165733	0.001200542169
165734	0.005125512918
165735	0.001764950095
165736	0.002488004606
165737	0.001560633575
165738	0.0008868110281
165739	0.0009149660664
165740	6.902353951e-05
165741	0.001727804589
165742	0.001114422501
165743	0.0006271983485
165744	0.001539999826
165745	0.0008035018197
165746	0.001402438934
165747	0.003014783926
165748	0.001839074279
165749	0.003042583183
165750	0.001696258659
165751	0.002021792541
165752	0.001411882737
165753	0.0001109257889
165754	0.000303951554
165755	0.001229348288
165756	0.002224996362
165757	0.001805418313
165758	0.001105474252
165759	0.002326383077
165760	0.001682650655
165761	0.0004980032629
165762	0.001503792119
165763	0.001106073234
165764	0.005847231774
165765	0.002691477747
165766	0.0006668952494
165767	0.001664477695
165768	0.00538983339
165769	0.002070099877
165770	0.0009718770724
165771	0.003637281735
165772	0.000735233751
165773	0.0002061608774
165774	0.001272234801
165775	0.0008425740277
165776	0.000749312415
165777	0.001212650438
165778	0.0001443194171
165779	0.002267978864
165780	0.001416990361
165781	0.0007198234105
165782	0.001494305681
165783	0.003142587104
165784	0.0007587534594
165785	0.003526602628
165786	0.003525695885
165787	0.0002822025391
165788	0.002568240126
165789	0.0004304726113
165790	0.0008776032719
165791	0.00154928073
165792	0.001854672215
165793	0.0002289293463
165794	0.002548706027
165795	0.001057267079
165796	0.001062456506
165797	0.0002085045538
165798	0.0017467007
165799	4.668040126e-05
165800	0.002301138697
165801	0.003798383938
165802	0.002021507909
165803	0.001123759368
165804	0.002054174027
165805	0.003437739518
165806	0.0009098566854
165807	0.0004444281815
165808	0.000357971546
165809	0.001507313589
165810	0.0001811914576
165811	0.002566551596
165812	0.001850722298
165813	0.002164603407
165814	0.002824704864
165815	0.0003173438394
165816	0.003687520779
165817	0.001407031168
165818	0.001297831613
165819	0.0001613461818
165820	0.00233638492
165821	0.001650412053
165822	0.002560607051
165823	0.0005964954209
165824	0.002149878742
165825	0.001618597824
165826	0.00284549289
165827	0.0007496530998
165828	0.0008779047629
165829	0.0007573569596
165830	0.0004964110501
165831	0.0005189840767
165832	0.001011271859
165833	0.003352810057
165834	0.005254564038
165835	0.001299474547
165836	0.002891243317
165837	0.003006139369
165838	0.002856638584
165839	0.002970374083
165840	0.003445634461
165841	0.002138839847
165842	0.001082574714
165843	5.703394426e-07
165844	0.002249661254
165845	0.002018102255
165846	0.003183318639
165847	0.001002173412
165848	0.0004428735491
165849	0.004415508366
165850	0.001288950548
165851	0.003444922074
165852	0.0007693820577
165853	0.001417748329
165854	0.0008829472107
165855	0.006235919818
165856	0.0004650769708
165857	0.0005326296404
165858	0.0006657877576
165859	0.001509293434
165860	0.001162421182
165861	0.0008056935021
165862	0.005172768437
165863	0.003055973753
165864	0.0006261935434
165865	0.002619095854
165866	0.001635462417
165867	0.000281019237
165868	0.001552858083
165869	0.002106611327
165870	0.0009418565661
165871	0.00370357763
165872	0.002111503792
165873	0.001860674018
165874	0.002189856341
165875	0.001677919481
165876	0.002279079231
165877	0.0004302144567
165878	0.006230273853
165879	0.0005468198722
165880	0.0001226210975
165881	0.0004305210742
165882	0.0005343162359
165883	0.0008661229625
165884	0.0001110935603
165885	0.003348085162
165886	0.002877086753
165887	0.001235409172
165888	0.001904633422
165889	0.001831807446
165890	0.001403291088
165891	0.001149515813
165892	0.0002868257343
165893	0.001373344649
165894	0.001025219365
165895	0.0009142697478
165896	0.0002486626268
165897	0.004569541826
165898	0.002045813304
165899	0.0005474443495
165900	0.002972247428
165901	0.001954945506
165902	0.00129409441
165903	0.002851178866
165904	0.003003979319
165905	0.002776260276
165906	0.003790669172
165907	0.001360176381
165908	0.0001334731606
165909	0.001402107855
165910	0.001141109003
165911	0.001355974768
165912	0.002605530258
165913	0.002489568902
165914	0.0003986351518
165915	0.001221677899
165916	0.001730738195
165917	0.0007085067331
165918	0.001165960203
165919	0.00242576073
165920	0.002717080887
165921	0.002269169588
165922	0.003463265281
165923	0.0001614861607
165924	0.000683660532
165925	0.002628275407
165926	0.002894453061
165927	0.001913576791
165928	0.0005229143277
165929	0.0001146775439
165930	0.0007931068549
165931	0.003315229765
165932	0.001866688947
165933	0.0020477231
165934	0.001455722751
165935	0.003438329572
165936	0.002962721614
165937	0.002751230628
165938	0.0003359885633
165939	0.0004630387534
165940	9.631498138e-05
165941	0.004840705928
165942	0.00290407216
165943	0.001592821935
165944	0.002031220612
165945	0.001926500899
165946	0.002299123506
165947	0.002481701659
165948	0.0002256293313
165949	0.001596555652
165950	0.0008514025791
165951	0.0007428663477
165952	0.002566118106
165953	0.002579053654
165954	0.0007414626359
165955	0.0028059979
165956	0.002696198963
165957	3.251717142e-05
165958	0.001673142285
165959	0.002140776665
165960	0.001708712515
165961	0.0002637779334
165962	0.002347516197
165963	0.0001477142294
165964	0.001897859507
165965	0.0007752784177
165966	0.0009732383931
165967	0.004019410851
165968	0.003352858483
165969	0.002765358011
165970	0.0002016229065
165971	0.001345606013
165972	0.001645572133
165973	0.0007472884605
165974	0.0004799456075
165975	0.003472222903
165976	0.002012704553
165977	0.004005393603
165978	0.003489023644
165979	0.002599789534
165980	0.0001840354134
165981	0.0005387484664
165982	0.003996343491
165983	0.0001063243673
165984	0.00288557424
165985	0.001057620965
165986	0.0007792163787
165987	0.005177418405
165988	0.001679259995
165989	0.002207346655
165990	0.002154481033
165991	0.001260660777
165992	0.002825763876
165993	0.0005644038838
165994	7.526745187e-05
165995	0.0007928334232
165996	0.001329844698
165997	0.0004300971446
165998	0.0003075409307
165999	0.001969647062
166000	0.00109279931
166001	0.0004402943496
166002	0.002416930805
166003	0.001090309086
166004	0.0009363709896
166005	0.001666808835
166006	0.0005133312998
166007	0.0030405356
166008	0.001691900626
166009	0.00422616486
166010	0.001960654882
166011	0.0003209361838
166012	0.0006085245214
166013	0.002415356196
166014	0.003093679764
166015	0.002419892643
166016	0.0006072416444
166017	0.001287621286
166018	0.001803313936
166019	0.003484264884
166020	0.001277709233
166021	0.00228171107
166022	0.0001448040385
166023	0.0004941670989
166024	0.0008942534976
166025	0.0008265824598
166026	0.0001900038467
166027	0.002101670517
166028	0.00128641509
166029	0.001062409281
166030	0.002288005792
166031	0.003128105649
166032	0.0003934815195
166033	0.001988862037
166034	0.00135045954
166035	0.001351855207
166036	0.001702644187
166037	0.002483849095
166038	0.0003174207444
166039	0.001947256133
166040	0.002593483166
166041	0.003961778274
166042	0.002864979504
166043	0.003367017094
166044	0.0002411723146
166045	0.001736454728
166046	0.000880135297
166047	0.0004636316191
166048	0.0005552499944
166049	0.002287568142
166050	0.003402381348
166051	0.002288923436
166052	0.0008785203861
166053	0.0004849702084
166054	0.002680028431
166055	0.0001740388585
166056	0.0008223562653
166057	0.0001506985907
166058	0.002562662811
166059	0.003294229911
166060	0.002176078103
166061	0.0004056738246
166062	0.003641782834
166063	0.001935884422
166064	0.0008825323516
166065	0.0002683230772
166066	0.0004115683232
166067	0.005474333392
166068	0.001552376925
166069	0.001092252433
166070	0.003381858753
166071	0.0001755242222
166072	0.000717802505
166073	0.0002981622814
166074	0.0008387972568
166075	0.0005204638834
166076	0.002991671001
166077	0.005197374961
166078	4.879755111e-05
166079	0.0007396152281
166080	0.001000570945
166081	0.0008375294821
166082	0.0004761563914
166083	0.003244166973
166084	0.001213301273
166085	0.001479689993
166086	0.001068951669
166087	0.0009247474623
166088	0.0003954797597
166089	0.000462479139
166090	0.000116507031
166091	0.0004873467604
166092	0.001009536219
166093	0.002345603488
166094	0.003780456327
166095	0.0003195496957
166096	0.0008130436703
166097	0.001781757725
166098	0.0005955344822
166099	0.001889392701
166100	0.0004695752311
166101	0.001061723945
166102	0.0004047223361
166103	0.0004823019751
166104	0.0001025058244
166105	0.0001001571797
166106	0.0001390964989
166107	0.0002680902046
166108	0.0001467482351
166109	0.0005593001691
166110	0.000867612974
166111	0.000977357127
166112	0.0001641741102
166113	0.0006078782019
166114	0.000779074618
166115	0.001352572118
166116	0.0008540702349
166117	0.0001534879551
166118	0.002805551965
166119	0.0001767598019
166120	0.003151580031
166121	0.001681070917
166122	0.002634888297
166123	0.001588306795
166124	0.00117707347
166125	0.0004899055167
166126	0.0002049135957
166127	0.001165441015
166128	0.001105641696
166129	4.542768747e-05
166130	0.002703722017
166131	0.0006818656695
166132	0.0009592282381
166133	0.0009508089711
166134	0.0001872767646
166135	0.0002112046538
166136	0.0002190964313
166137	0.003999597492
166138	0.00148792291
166139	0.002720412907
166140	9.071432044e-06
166141	0.00122691386
166142	0.002086081195
166143	0.001356251857
166144	0.0007422146087
166145	0.00299519199
166146	0.0002838930947
166147	0.001244889483
166148	0.000365917318
166149	0.002929812857
166150	0.0005476564143
166151	0.0001355992753
166152	0.002514148811
166153	0.001880180905
166154	0.002155353121
166155	0.001539687814
166156	0.0008966298186
166157	0
166158	0.001345050089
166159	0.001149480525
166160	0.001452121201
166161	1.320119855e-07
166162	2.938764181e-05
166163	0.004687318022
166164	0.002224248934
166165	0.0008382010529
166166	0.002677761972
166167	0.005266154046
166168	0.0005862932042
166169	0.001521663067
166170	0
166171	0.0006593339089
166172	0.0001141604635
166173	4.400582453e-05
166174	0.002106107892
166175	0.003214911601
166176	0.001860994096
166177	0.004289591194
166178	0.0003537081682
166179	0.001441701348
166180	0.00163375178
166181	0.0009547612887
166182	0.0004405911487
166183	0.0004626156773
166184	0.001823860369
166185	0.0008671219059
166186	8.131415863e-06
166187	0.002229565415
166188	0.003055341359
166189	0.0007442255586
166190	0.001742006702
166191	0.0004514447734
166192	0.002417151472
166193	0.003151893104
166194	0.0003121521761
166195	0.001306723398
166196	0.0006937483536
166197	1.71615761e-05
166198	6.412729332e-05
166199	0.0001902185164
166200	0.0001007231449
166201	0.002488978898
166202	0.001934597824
166203	0.005271045936
166204	0.002247434734
166205	0.001398656932
166206	0.002018059398
166207	0.001495208541
166208	0.001134810682
166209	0.001745918981
166210	0.001702878279
166211	0.0002043895509
166212	0.00279748258
166213	0.001826305849
166214	0.001672377625
166215	0.003299688564
166216	0.0009267862786
166217	0.0003386305061
166218	0.0007389551556
166219	0.001224381979
166220	0.002518107927
166221	0.001693036996
166222	0.001274444942
166223	7.607783126e-05
166224	0.0003699700031
166225	0.002736213198
166226	0.002207501517
166227	0.0002165953359
166228	0.0005589737888
166229	0.00139730246
166230	0.0003545090411
166231	0.005074525107
166232	0.001877814277
166233	0.001282183093
166234	0.0005249830171
166235	0.001792152076
166236	0.003095021707
166237	0.0004087171405
166238	0.002834879205
166239	0.001519824029
166240	0.0004075922575
166241	3.974389653e-07
166242	0.0007039259405
166243	0.0016603872
166244	0.002124979603
166245	0.0005342763468
166246	0.001365076739
166247	0.001971962875
166248	0.0002268819034
166249	0.001068312423
166250	0.001022756741
166251	0.0002519997678
166252	0.0002868742079
166253	0.0001441623265
166254	0.008240422476
166255	0.006207966568
166256	0.0001190746465
166257	0.004696547084
166258	0.003855079675
166259	0.001013680617
166260	0.001265037926
166261	0.004845460381
166262	0.001931011608
166263	0.002569356345
166264	0.002366692164
166265	0.001237670907
166266	0.0003633233169
166267	0.002004980352
166268	0.0007082425587
166269	0.002210958367
166270	0.0005320980418
166271	0.00386738622
166272	0.002035605565
166273	0.001830522162
166274	0.0028424729
166275	0.003226829424
166276	0.0002808087679
166277	0.00312172364
166278	0.006756653276
166279	0.003198133502
166280	0.0001936475651
166281	0.006206308805
166282	0.0003870177687
166283	0.003999779385
166284	0.001726905144
166285	0.003239775192
166286	0.003464113393
166287	0.00167938723
166288	0.004395469934
166289	0.001797661148
166290	0.007059343454
166291	0.003168370898
166292	0.003501309151
166293	0.001181088983
166294	0.003915028909
166295	0.0008552271909
166296	0.0007822387548
166297	0.002386732626
166298	0.001651386288
166299	0.001037993711
166300	0.004994029422
166301	0.0008912449034
166302	0.001695680616
166303	0.0008563903317
166304	0.001504015357
166305	0.0005316225678
166306	0.002284399927
166307	0.002067963084
166308	0.002251205087
166309	0.001530383106
166310	0.001200784132
166311	0.001186245474
166312	0.002028423947
166313	0.0001329294912
166314	0.0004150504253
166315	0.0001775538772
166316	0.001663014565
166317	0.001191748697
166318	0.00231672707
166319	0.001151008686
166320	0.004406923281
166321	0.0006386666156
166322	0.003866798246
166323	0.002130039179
166324	0.001808533993
166325	0.0001848820548
166326	0.002839379185
166327	0.001393124273
166328	0.001716235357
166329	0.000359393392
166330	0.0007363220908
166331	0.003643071746
166332	0.003373851059
166333	0.00330921618
166334	0.0001529191176
166335	0.0009487318649
166336	0.000378383248
166337	4.672377086e-05
166338	0.0006550582383
166339	0.0005207268787
166340	0.0009863390551
166341	0.004551975833
166342	0.002732267708
166343	0.0002594973749
166344	0.002744993643
166345	0.0002737700888
166346	9.881495067e-05
166347	0.0004554234335
166348	1.562536235e-05
166349	0.002523143359
166350	5.955464768e-05
166351	0.002482125425
166352	0.001774865862
166353	0.001314689851
166354	0.001009492674
166355	0.001218768484
166356	0.001360556036
166357	0.002370587303
166358	0.002289319972
166359	0.0001286255196
166360	0.002742385664
166361	0.003858171271
166362	0.00167726745
166363	0.000127158924
166364	0.002174971464
166365	0.001059178246
166366	0.0008274278297
166367	0.001916333316
166368	0.0001600941023
166369	0.001605048463
166370	0.001978552174
166371	0.001164902185
166372	5.445056042e-05
166373	0.003875827784
166374	0.002588527892
166375	0.001578670967
166376	9.099004954e-05
166377	0.0003936855887
166378	0.001860771973
166379	0.0001558273591
166380	0.001223324308
166381	0.0001644484522
166382	0.001216261888
166383	0.002254382909
166384	0.0001699958217
166385	0.0001453592886
166386	0.005386292687
166387	0.0002072030735
166388	0.0003266444903
166389	0.004218247381
166390	0.002297623128
166391	0.00252983987
166392	0.001845607792
166393	0.002324382899
166394	0.0004315473526
166395	0.002842241924
166396	0.0002630394009
166397	0.002869869514
166398	0.001903465447
166399	0.002181678108
166400	0.0002977355919
166401	3.994240531e-05
166402	0.001482394923
166403	0.003493015753
166404	0.0002640330836
166405	0.003158528771
166406	6.033777796e-05
166407	0.001375586354
166408	0.0004866946008
166409	0.003937809353
166410	0.002350044417
166411	0.0005979233235
166412	0.001564149662
166413	0.0005307079654
166414	0.0006516276462
166415	0.000678315108
166416	0.002909137758
166417	0.002035915595
166418	0.00241077955
166419	0.00203101518
166420	0.0002629213869
166421	0.000354689871
166422	0.003351641586
166423	0.0001037623583
166424	0.001913747921
166425	0.0008060008935
166426	0.0003809007512
166427	0.003098196345
166428	0.002360692236
166429	0.0005896833439
166430	0.001039886116
166431	0.0007241335077
166432	0.002832917262
166433	0.003642256203
166434	0.002464555878
166435	0.0007539059974
166436	0.0007103056511
166437	0.000653570889
166438	0.001629126715
166439	0.0008462998385
166440	0.001058594213
166441	0.001728712092
166442	0.004393274041
166443	0.001153191938
166444	0.001146602387
166445	0.002042140273
166446	0.004605258645
166447	0.0009036368122
166448	0.004321358764
166449	0.0006579496052
166450	8.294451515e-05
166451	0.004660074375
166452	0.004699075458
166453	0.001078799696
166454	0.0002146744838
166455	0.0001417548688
166456	0.002199004115
166457	0.002798044028
166458	0.0002319741627
166459	0.003796593136
166460	0.003946491795
166461	0.004354827722
166462	0.003902490292
166463	0.001920562893
166464	0.0003963982728
166465	0.0006179184384
166466	0.0007785422307
166467	0.001451827777
166468	0.0003452376999
166469	0.000551899821
166470	0.0008092556513
166471	0.0008595196433
166472	0.000148847272
166473	0.006000588353
166474	0.002846856994
166475	0.003966635716
166476	0.001016864058
166477	0.001861100813
166478	0.005759310271
166479	0.002784598802
166480	0.006349156768
166481	7.271020933e-05
166482	0.007503354265
166483	0.005611246405
166484	0.003145609499
166485	0.001417841166
166486	0.002920147443
166487	0.0003700072502
166488	3.810240838e-05
166489	0.005692333466
166490	7.123347124e-05
166491	0.005461123327
166492	0.002502713443
166493	0.001098760952
166494	0.0004977841915
166495	0.004262609085
166496	0.00449699111
166497	0.004356328479
166498	0.0004927221409
166499	0.001465653
166500	0.00414179528
166501	0.0007978240961
166502	0.002498475275
166503	0.001999490652
166504	0.0003454881727
166505	0.005083626303
166506	0.000593520558
166507	0.001587420064
166508	0.00231498895
166509	0.005312976971
166510	0.0006007832425
166511	0.004982313219
166512	0.003810998854
166513	0.003056374039
166514	0.0005547177784
166515	0.0004219960893
166516	0.0009893293483
166517	0.0002212078416
166518	0.004686114464
166519	0.001325631299
166520	0.003873414735
166521	0.003627474363
166522	0.003665442806
166523	0.0005764345804
166524	0.00296259943
166525	0.0008965430068
166526	0.001310137536
166527	0.006818068016
166528	0.003902105256
166529	0.00359470542
166530	0.001703476448
166531	0.0002654899556
166532	0.002509185127
166533	0.001391375603
166534	0.001908491396
166535	0.000124724036
166536	0.005224093661
166537	0.004904819124
166538	0.0009179552493
166539	0.004303181306
166540	0.001140178043
166541	0.0002801863949
166542	0.003187021141
166543	0.0007055507635
166544	0.001207947396
166545	0.003159183023
166546	0.002028492526
166547	0.001129449283
166548	0.0004266884945
166549	0.004020633918
166550	0.002867455145
166551	0.004552560915
166552	0.0002526691829
166553	0.0006379696876
166554	0.0009495975687
166555	0.0007836265526
166556	0.001816798517
166557	0.002069460615
166558	0.0002531826157
166559	0.001472959224
166560	0.001572435132
166561	0.004342982602
166562	0.0008722488835
166563	0.004224988886
166564	0.0003331506857
166565	0.0003310759561
166566	0.001118015953
166567	0.001006821139
166568	0.002285232269
166569	0.002154752156
166570	0.001157751374
166571	0.0006358712066
166572	0.001387117803
166573	0.001214053547
166574	0.00179645228
166575	0.001801663497
166576	0.0005453866547
166577	0.004063561557
166578	0.0050261843
166579	0.000929382272
166580	0.004234044572
166581	0.005665872106
166582	1.395407778e-05
166583	5.486829377e-05
166584	0.003041665807
166585	0.002042061159
166586	0.002838810466
166587	0.002530938203
166588	0.004925699033
166589	0.003095241883
166590	0.0008059246158
166591	0.006374045545
166592	0.00462055618
166593	0.0007019122308
166594	0.001042126885
166595	0.0001236272103
166596	0.0004782435953
166597	0.001789400562
166598	0.0009306300747
166599	0.0004125070745
166600	0.00112092293
166601	0.001682973926
166602	0.000991424094
166603	0.004091534696
166604	0.001561980644
166605	6.541274681e-05
166606	0.003102740164
166607	0.0001318888167
166608	0.001341471725
166609	0.006260195866
166610	0.0003965805133
166611	0.00418925867
166612	0.004618899159
166613	0.001385509309
166614	0.0001342532621
166615	0.006317835923
166616	0.00632324256
166617	0.005601909261
166618	0.00304497433
166619	0.001868797361
166620	0.0006871166223
166621	0.0007355133639
166622	0.0005603440258
166623	0.001592397599
166624	0.0006165741363
166625	0.0005867061445
166626	0.002308923167
166627	0.004101596746
166628	0.0006582494803
166629	0.003050403941
166630	0.001057870158
166631	0.0007041903384
166632	0.001444928658
166633	0.002224913761
166634	0.0008023298371
166635	0.001378712439
166636	0.002332730702
166637	0.003078192759
166638	0.002680493502
166639	0.0001426258438
166640	0.001659205668
166641	0.0007713853705
166642	0.002518326926
166643	0.0002001850336
166644	0.004359913514
166645	0.001186529233
166646	4.131654611e-05
166647	0.001014343847
166648	0.001923569994
166649	0.008765206224
166650	0.004145997689
166651	0.000621132321
166652	0.0001912984382
166653	0.001046506846
166654	0.0002956995595
166655	0.001959452746
166656	0.00304353167
166657	0.001627214691
166658	0.002943372731
166659	0.0011119009
166660	0.003181078266
166661	0.0001515394115
166662	0.0007396649426
166663	0.001770381139
166664	0.004072538787
166665	3.555315739e-05
166666	0.001882384805
166667	0.001326005734
166668	0.0002436371725
166669	0.0003315590814
166670	0.0002490642317
166671	8.823446266e-05
166672	0.0002628073311
166673	0.000346417799
166674	0.0006832328751
166675	0.0007953217601
166676	0.0002922904537
166677	3.947534823e-05
166678	0.000761641862
166679	0.000411262329
166680	0.0006105571542
166681	7.533398992e-05
166682	0.0008155206581
166683	0.0007698767573
166684	0.0002564560714
166685	0.000152298422
166686	0.000611503719
166687	0.000570264553
166688	0.0005299777356
166689	0.0003713341457
166690	0.0002747076498
166691	0.0003369820042
166692	0.0003093805395
166693	0.0003544022884
166694	0.0007156049083
166695	0.001142824729
166696	2.528625289e-05
166697	0.0001173958588
166698	0.0001843616118
166699	0.0006079765851
166700	0.0001187368971
166701	0.0005302647355
166702	0.0009230734254
166703	0.0005705884626
166704	0.001237365139
166705	0.0005025250945
166706	0.000317418417
166707	0.000234942548
166708	0.0001366771669
166709	0.0001703569441
166710	0.0003221094571
166711	0.0001271474184
166712	0.0001264294318
166713	0.0004910125929
166714	0.0004212744335
166715	0.0001913197813
166716	1.141265043e-06
166717	0.0002027248165
166718	0.0005144014851
166719	0.0002865367943
166720	0.001081559407
166721	0.0001208441243
166722	0.0008459254902
166723	0.0009538816726
166724	0.0004672328575
166725	4.605069262e-08
166726	0.00173660393
166727	7.975896291e-05
166728	0.0009336053039
166729	0.001202660573
166730	0.006451645836
166731	0.002323087258
166732	0.0006102022255
166733	0.001870357192
166734	0.002812561256
166735	0.002014270166
166736	0.0004506523017
166737	0.0009346488416
166738	0.000575868673
166739	0.003313840967
166740	0.00140366384
166741	0.001215841044
166742	0.003164909579
166743	0.002366675883
166744	0.0006212228642
166745	0.0004549228464
166746	0.0005169309991
166747	0.0008273061627
166748	0.001558843588
166749	0.0002888803001
166750	0.001667804582
166751	0.0002298091194
166752	0.0007623679063
166753	0.001290233657
166754	0.0002325354602
166755	0.001432785142
166756	0.001447750745
166757	0.0002448801081
166758	0.0002351958676
166759	0.0008313814886
166760	0.001735288329
166761	3.378075943e-05
166762	0.002900263469
166763	0.00219137712
166764	0.0008663160321
166765	0.001762018413
166766	0.00317742317
166767	0.0006827239917
166768	0.002776064336
166769	0.001311910408
166770	7.400619998e-05
166771	0.002060213838
166772	0.004641775223
166773	4.090346598e-05
166774	0.001250463963
166775	0.003008270177
166776	0.001437018144
166777	0.001564642005
166778	0.002960279249
166779	0.001460769764
166780	0.001548186421
166781	0.0004820435052
166782	0.0003304588361
166783	0.0007392156237
166784	0.0003860619502
166785	0.003153735461
166786	0.001035249977
166787	0.003628880722
166788	0.001448639886
166789	0.00139547852
166790	0.0001337951167
166791	0.0001930323934
166792	0.0001441371616
166793	0.0009993508415
166794	0.001878268914
166795	0.002015869614
166796	0.0003285481649
166797	0.001544803362
166798	0.000670420885
166799	0.003365030361
166800	0.001737661348
166801	0.002235573058
166802	0.001362821377
166803	0.003429203427
166804	0.003118623632
166805	0.0008459920583
166806	0.006545664265
166807	0.0004401554207
166808	0.001109564949
166809	9.656598914e-05
166810	0.001773850876
166811	0.0004214849689
166812	0.002116694807
166813	0.002771320951
166814	0.0008979465863
166815	0.006263986279
166816	0.004613089731
166817	9.509385903e-05
166818	0.0001528665747
166819	0.0002933364823
166820	0.0007432960829
166821	0.00173589745
166822	0.001042834098
166823	0.001130946458
166824	0.0006326510209
166825	0.001986078453
166826	0.0007920807177
166827	0.00298901277
166828	0.002144213085
166829	0.002605872026
166830	0.0001346764577
166831	0.00202652078
166832	0.004122206363
166833	0.001352500933
166834	0.001100116792
166835	6.824157247e-05
166836	0.001316566746
166837	0.0005359935405
166838	0.002675449089
166839	0.007539526808
166840	0.005491957968
166841	0.0006288057495
166842	0.002642571151
166843	0.002710346096
166844	0.0004202113193
166845	0.002535909117
166846	0.0008300008994
166847	0.0005363997634
166848	0.0007365654247
166849	0.00146968778
166850	0.001245562166
166851	0.0006788977661
166852	0.003334673726
166853	5.866330736e-05
166854	0.0003752895744
166855	0.004856327656
166856	0.00127242434
166857	0.003757441693
166858	0.0002052174297
166859	0.004654430584
166860	0.001151109754
166861	0.004900947657
166862	0.0009635504627
166863	0.006087244853
166864	0.001420555878
166865	0.007352934995
166866	0.0001283548189
166867	0.004847733101
166868	0.00179199362
166869	0.001062155347
166870	0.004254548954
166871	0.001479823963
166872	0.00206327269
166873	0.002660488179
166874	0.002975139539
166875	0.001370511254
166876	7.13065381e-05
166877	0.001092707641
166878	0.001696538698
166879	0.001875385691
166880	0.006236571449
166881	0.00272819629
166882	0.000677537407
166883	0.002247119731
166884	0.001245517959
166885	0.004011988369
166886	0.004310501128
166887	0.002924092568
166888	0.003398762239
166889	0.003493275169
166890	0.001833969747
166891	0.0009654370387
166892	0.001224334682
166893	0.002029638174
166894	0.001112978466
166895	0.001808299704
166896	0.0005467778597
166897	0.0006359233068
166898	0.001451658859
166899	0.001938643425
166900	0.005060021716
166901	0.002247148025
166902	0.0002806031899
166903	0.001742693813
166904	0.001033452674
166905	0.00186390416
166906	2.40693171e-05
166907	0.004249187232
166908	0.0004882627234
166909	0.00048975341
166910	0.007520131298
166911	0.001433039306
166912	0.004983428331
166913	0.0004338640732
166914	0.007326560826
166915	0.003856847498
166916	0.0009945528983
166917	0.004280088951
166918	0.003187735081
166919	0.004766955183
166920	4.184201648e-05
166921	0.001446766994
166922	0.00152662413
166923	0.007190848093
166924	0.001665767244
166925	0.00239929606
166926	0.0062755857
166927	0.006047480822
166928	0.001535015472
166929	0.007492599466
166930	0.002728610926
166931	0.00326314378
166932	0.0001481608964
166933	0.004417652566
166934	0.001199399766
166935	0.001586042643
166936	0.002708235129
166937	0.003933592703
166938	0.006376725309
166939	0.006497672701
166940	0.001221878048
166941	0.00357142402
166942	0.006186167919
166943	0.001735369657
166944	0.002572683927
166945	0.006007273942
166946	0.005632236013
166947	0.007874491238
166948	0.001100370248
166949	0.001007015644
166950	0.0004977227134
166951	0.0002731823183
166952	0.002485411546
166953	0.0007341861845
166954	0.004045763335
166955	0.002205384115
166956	0.005802009293
166957	0.003014154935
166958	0.002830401771
166959	0.0008933202489
166960	0.002934006217
166961	0.000842169445
166962	0.001083037087
166963	0.004155487014
166964	0.003646010386
166965	0.001118014016
166966	0.003302343387
166967	0.003529406103
166968	0.001619360953
166969	0.001621836986
166970	0.006430019127
166971	0.0008539583762
166972	0.002754393378
166973	0.0001854404411
166974	0.002818784441
166975	0.0007770758612
166976	0.0005764814381
166977	0.002386335604
166978	0.001586081725
166979	0.005448317649
166980	0.01053033876
166981	0.001706127622
166982	0.002997568601
166983	0.0004237167078
166984	0.000382458265
166985	0.0006137257739
166986	0.00190149626
166987	0.003425946465
166988	0.003448889965
166989	0.004655357651
166990	0.0008926269462
166991	0.00143057154
166992	0.003134012674
166993	0.002768121391
166994	0.0007547980117
166995	0.0004431408685
166996	0.004616525568
166997	0.0008686182427
166998	0.002328118154
166999	0.00164423585
167000	0.004800175895
167001	0.006635352328
167002	0.0005354900837
167003	0.0002398020975
167004	0.00251173881
167005	0.004016016078
167006	0.001612472923
167007	0.0007370221224
167008	0.004575908647
167009	0.006836076459
167010	0.002789437802
167011	2.397787999e-05
167012	0.006368476025
167013	0.001821382351
167014	0.0005349409863
167015	0.0009973122322
167016	0.0006047474957
167017	0.002322227749
167018	0.00267035029
167019	0.003963307839
167020	0.003333873689
167021	0.007053167159
167022	0.00182204851
167023	0.004123842991
167024	0.003384110161
167025	0.002407913324
167026	0.001794377754
167027	0.0005255925562
167028	0.002300955562
167029	0.004628348299
167030	0.0008734399524
167031	0.00173034713
167032	0.0007201067473
167033	0.002042578282
167034	0.003701218497
167035	0.0007539790844
167036	0.0006501421415
167037	0.0008783179563
167038	0.004260658095
167039	0.001379475703
167040	0.001535985466
167041	0.001697853687
167042	0.00275957194
167043	0.0007212813324
167044	0.003910092709
167045	0.001697681506
167046	0.003616184261
167047	0.003452381104
167048	0.001806249085
167049	0.001504023284
167050	0.003011933239
167051	0.001149140879
167052	0.002983219947
167053	0.003201632679
167054	0.0003280887115
167055	0.001087356434
167056	0.005519757115
167057	0.003141069147
167058	0.0001325228397
167059	0.0004428603246
167060	0.0008444636896
167061	0.0003245411626
167062	0.002444268025
167063	0.006087248066
167064	0.001542006316
167065	0.003175229518
167066	3.983122163e-05
167067	0.002811367851
167068	0.00178434697
167069	0.000734094032
167070	0.001405849481
167071	0.0004361146078
167072	0.004723176603
167073	0.00412089
167074	0.001320868565
167075	0.0008252958987
167076	0.003702178775
167077	0.000708678349
167078	2.999947062e-05
167079	0.001201447899
167080	0.002831983073
167081	0.0007100107062
167082	0.005039614944
167083	0.002229191357
167084	0.0001311673549
167085	0.004026810146
167086	0.001233790313
167087	0.002703374528
167088	0.002936455903
167089	0.0002366671536
167090	0.001014114994
167091	0.0002081111226
167092	0.001763182508
167093	0.000370745421
167094	0.0001634762707
167095	0.002065439497
167096	0.001095145764
167097	0.001910556407
167098	0.0004724304937
167099	0.0001086003934
167100	0.001737549293
167101	1.794190557e-06
167102	0.001767918874
167103	0.005583079753
167104	0.003069998267
167105	0.0007148361475
167106	0.001324161076
167107	0.0001027704923
167108	0.004248082788
167109	0.003925209878
167110	0.002700360253
167111	0.002444765954
167112	0.002190472598
167113	0.001468824803
167114	0.002638955111
167115	0.00401793325
167116	1.759197248e-05
167117	0.002318113029
167118	0.001726315364
167119	0.001631567694
167120	0.001824592118
167121	0.001008659314
167122	0.004396560392
167123	0.00538699514
167124	0.0006548188061
167125	0.0009083544219
167126	0.0008646315061
167127	0.001143502655
167128	0.003336719068
167129	0.00273259899
167130	0.001204909179
167131	0.002489056974
167132	0.001282481056
167133	0.0008691892501
167134	0.0001042028393
167135	0.0001596243615
167136	8.979179073e-05
167137	0.0007085517854
167138	0.00056347631
167139	0.0003337276878
167140	0.0005731458763
167141	0.0001179085874
167142	0.001260113596
167143	0.001220470406
167144	6.754101582e-08
167145	0.00111871903
167146	0.0006209733535
167147	0.001063920308
167148	0.0001422242679
167149	0.00153863687
167150	0.0007846453599
167151	0.0006146873871
167152	0.0005691915207
167153	0.0005746032252
167154	0.0002881969709
167155	0.0005581865773
167156	0.001366706361
167157	0.0003359248778
167158	0.001905994419
167159	0.002243063529
167160	0.0002136045234
167161	0.0003150433715
167162	0.001337154228
167163	0.0005750218893
167164	0.001225988626
167165	0.00108168602
167166	0.001690917438
167167	0.001127892695
167168	0.0003510280023
167169	0.00225442184
167170	0.0003764298368
167171	0.0003034723803
167172	0.002337078833
167173	0.0005960370095
167174	0.002679196817
167175	0.000250407511
167176	0.003190345063
167177	0.003439766309
167178	0.005234296709
167179	0.001649626181
167180	0.005460365898
167181	0.003925996047
167182	0.0005780176822
167183	0.004914243353
167184	3.226762442e-05
167185	0.002037628861
167186	0.0003155357618
167187	0.002923677767
167188	0.002569105549
167189	0.001214656827
167190	0.001614798476
167191	0.003250682148
167192	0.0007290193524
167193	0.001927154717
167194	0.00414500842
167195	0.002029270493
167196	0.00448873561
167197	0.003336467612
167198	0.003618328159
167199	8.473405426e-05
167200	0.001196152929
167201	0.001113876171
167202	0.001693526213
167203	0.001470779278
167204	0.0006425639498
167205	0.002357486754
167206	0.001134946668
167207	0.009354762827
167208	0.005129013517
167209	0.002234631123
167210	1.423904904e-05
167211	0.004961788452
167212	0.003701234924
167213	0.002565299205
167214	0.0009053661439
167215	0.004251342364
167216	0.003031069373
167217	0.00747228957
167218	0.002715917072
167219	0.001955104979
167220	0.0003942078825
167221	0.001654748497
167222	0.004735025222
167223	0.003097219407
167224	0.005135813672
167225	0.002652306406
167226	0.006690298209
167227	0.002212326816
167228	0.000329847723
167229	0.0007592666361
167230	0.002367348856
167231	0.0006374722384
167232	0.0009656396882
167233	0.0006902409795
167234	0.0001715188899
167235	0.001261138643
167236	0.004301020859
167237	0.006215687373
167238	0.004312406194
167239	0.00112324662
167240	0.003383727834
167241	0.00117412313
167242	0.003664278592
167243	0.0003866240334
167244	0.0002326180491
167245	0.004440441566
167246	0.0003714015243
167247	0.001970507189
167248	0.00257550974
167249	0.00357514847
167250	0.0004431906143
167251	0.001016469424
167252	0.005195179567
167253	0.0003413613155
167254	0.002057361786
167255	0.001226114901
167256	0.001548737888
167257	0.001763469615
167258	0.00887377903
167259	0.004134043279
167260	0.0009347455522
167261	0.0006872715298
167262	0.0003784896406
167263	0.002287016695
167264	0.0005196105662
167265	0.0001531591489
167266	0.0001191552731
167267	0.001863373173
167268	0.001715484014
167269	0.0001694608822
167270	0.0004662774868
167271	0.003321886311
167272	0.003600628405
167273	0.0003914552629
167274	0.001597925613
167275	0.0005403363672
167276	0.001383299346
167277	0.002167638037
167278	0.00274956224
167279	0.000218398706
167280	0.002934051004
167281	0.0008195131371
167282	0.001074843424
167283	0.000184964771
167284	0.001139531669
167285	0.0003799783806
167286	0.0004644774347
167287	0.002359289862
167288	0.003623003952
167289	0.0006456709651
167290	0.0007607750219
167291	0.004841764959
167292	0.001193031416
167293	0.004225150192
167294	0.001650155283
167295	0.004507755728
167296	7.721220581e-06
167297	0.009828897482
167298	0.002653022511
167299	0.0009083637012
167300	0.0005579778825
167301	0.002886226869
167302	0.001959416805
167303	8.579413849e-05
167304	0.003225678508
167305	0.001479002815
167306	0.003182594992
167307	0.004123224941
167308	0.001326084569
167309	0.001802856652
167310	0.00162826478
167311	0.000639547458
167312	0.000471655276
167313	0.002539847842
167314	0.0001568361236
167315	0.0008143056144
167316	0.001024532318
167317	0.001630371733
167318	0.002302924373
167319	0.0007408802973
167320	0.0008031913796
167321	0.0022124689
167322	0.00111530152
167323	0.002140575099
167324	0.0006674341997
167325	0.0002671558474
167326	0.0002632126145
167327	6.398519223e-05
167328	0.001202663331
167329	0.001035528905
167330	0.001203686522
167331	0.001018386117
167332	0.0005128172498
167333	0.000774797798
167334	0.0006640611621
167335	0.0002466879472
167336	0.0006633452716
167337	0.0009317143731
167338	0.001158013352
167339	0.001445175413
167340	0.004231740627
167341	0.001546247808
167342	0.001589781787
167343	0.001077905667
167344	0.001529386177
167345	0.001135046086
167346	0.0008462351077
167347	0.0006840946624
167348	0.0007812198249
167349	0.001445429428
167350	0.0003376079608
167351	0.001125578774
167352	0.0007878539378
167353	0.001574403872
167354	0.001537645216
167355	0.001207543438
167356	0.001199692133
167357	0.001838008379
167358	0.001076316939
167359	0.001664705017
167360	0.001701557637
167361	0.0007904124693
167362	6.608384924e-05
167363	0.000751788342
167364	0.001358398155
167365	0.001689754013
167366	0.0009821170718
167367	0.001263382276
167368	0.0007379823684
167369	0.0002426720875
167370	0.004499385845
167371	0.001313378104
167372	2.322538389e-05
167373	0.001150152488
167374	0.0006010286507
167375	0.0001486527611
167376	0.001602517121
167377	0.001711606437
167378	0.001351772885
167379	0.002271933886
167380	0.0009742772507
167381	0.0009437689619
167382	0.0008428070841
167383	0.000958002652
167384	0.001054002787
167385	0.0003231317515
167386	0.001806120393
167387	3.620738074e-06
167388	0.002045347102
167389	0.0004903308056
167390	0.001601372468
167391	3.704088052e-05
167392	7.144498045e-05
167393	0.0004532685727
167394	0.0003716246091
167395	0.0003711312057
167396	0.0007581355599
167397	0.0005713949389
167398	0.001756223056
167399	0.001440134324
167400	0.0002196645595
167401	2.094657888e-05
167402	0.0003354853816
167403	0.0008718985119
167404	0.0001263565987
167405	0.0001404514368
167406	0.001029035475
167407	0.0005443368543
167408	0.0005543579026
167409	0.0009082994971
167410	0.001018167873
167411	6.53723361e-05
167412	0.0001376242661
167413	0.0003296339098
167414	0.001203068868
167415	0.0001881364167
167416	0.000635317524
167417	0.0006632324102
167418	0.001094061133
167419	0.003146910042
167420	0.0008910017066
167421	0.0008228905835
167422	0.0009913117898
167423	9.860706634e-05
167424	0.0003277790162
167425	0.0001385180212
167426	0.0007256432101
167427	0.000508227421
167428	0.000185984609
167429	0.0002039038733
167430	0.0007153702983
167431	0.0005948956433
167432	0.0004741255336
167433	0.0003341525499
167434	0.0005886954239
167435	0.0001685290111
167436	1.12039704e-05
167437	0.0005196159903
167438	0.0006025051998
167439	0.000134256683
167440	0.0002226305618
167441	0.0002224396497
167442	0.0005326343036
167443	0.0005896810601
167444	0.001002839372
167445	1.301244946e-05
167446	9.913680409e-05
167447	0.0004414255738
167448	7.68419458e-06
167449	0.001526724462
167450	0.0001672423535
167451	9.535714324e-05
167452	0.001223862204
167453	0.0002935245989
167454	0.0002985895048
167455	2.540039256e-06
167456	0.0006224873378
167457	0.000124394804
167458	0.0004565887326
167459	0.001650979931
167460	0.0001463602877
167461	0.0001611901892
167462	0.000316423381
167463	0.0003023884198
167464	0.0002490060917
167465	4.392994487e-05
167466	0.0003037010699
167467	0.001353934031
167468	0.001045313134
167469	0.00100417557
167470	8.797326052e-05
167471	0.0005424201062
167472	0.0002973361486
167473	0.0002601672496
167474	0.0004699021432
167475	0.0002420909091
167476	0.0001846401661
167477	0.0002613416289
167478	0.0002865360485
167479	0.0003043797954
167480	0.0001251308385
167481	0.0006299794952
167482	1.690855875e-05
167483	0.0004262695709
167484	0.0002335085344
167485	0.0001631142201
167486	0.000619010164
167487	0.0006578932356
167488	0.0003641421845
167489	0.000701184709
167490	0.0004855871799
167491	0.0003297697033
167492	0.0004672392826
167493	0.0008093923979
167494	0.0004899960477
167495	0.001300992279
167496	0.000393571151
167497	0.0002498673218
167498	0.0001698629543
167499	0.0003489682586
167500	0.0007866886908
167501	0.0005643838024
167502	1.423333175e-05
167503	0.0003906803851
167504	6.238682199e-05
167505	6.036336246e-05
167506	0.0002949070032
167507	0.0003629538684
167508	0.000228893588
167509	3.497881174e-05
167510	0.000695084732
167511	0.0001443183648
167512	0.001236583458
167513	0.0001110427234
167514	0.0003290356123
167515	2.314293432e-05
167516	0.000431716086
167517	0.0005928355829
167518	0.0004806726402
167519	0.0001748745099
167520	0.0006574538541
167521	0.0001122795076
167522	0.0003663288037
167523	0.0006091802583
167524	0.0009466587838
167525	0.0003679339681
167526	9.480617023e-05
167527	4.968510288e-05
167528	2.687990541e-05
167529	0.0009080006966
167530	0.0004516341847
167531	0.0002924176996
167532	3.263382094e-05
167533	0.0004822401167
167534	0.0004447195311
167535	0.0007443911211
167536	0.0001754136911
167537	0.0004797199292
167538	0.0002911840911
167539	0.0006254521283
167540	0.0002900373208
167541	0.000101933905
167542	0.0001717678617
167543	0.0003274884264
167544	0.000261471381
167545	0.0001355124184
167546	0.0003424647521
167547	0.0006673800032
167548	0.0007325488649
167549	0.0005271492844
167550	0.0001265267168
167551	0.0007438462822
167552	0.0003368275582
167553	0.0008492694295
167554	0.0001977625034
167555	0.0001838091787
167556	0.0003126459599
167557	0.0006177582796
167558	0.000207083341
167559	0.000407621761
167560	0.0005910826807
167561	0.0001468747388
167562	0.0001315997952
167563	0.0003860824487
167564	0.000696537877
167565	0.001254668703
167566	0.0005432678885
167567	0.0003826516116
167568	0.0008270424508
167569	0.00127649859
167570	0.0003389574651
167571	0.0005089814175
167572	0.0002788270593
167573	9.888439225e-05
167574	0.001039604375
167575	0.002054397535
167576	0.002549599399
167577	0.001427591966
167578	0.0001601862057
167579	0.0007459238226
167580	0.0007687608046
167581	1.236965117e-05
167582	2.513923174e-05
167583	0.000157504667
167584	0.0004787205113
167585	0.002121526446
167586	0.0001244468553
167587	0.0001196250465
167588	5.930508113e-05
167589	0.0003408727152
167590	0.0008019618778
167591	0.0002233628339
167592	4.370226091e-05
167593	0.00121597647
167594	0.0004034905901
167595	0.0002628535402
167596	3.310875775e-05
167597	0.0004131341013
167598	0.0007258019405
167599	0.0004696715207
167600	0.0005889065411
167601	0.0004516519744
167602	7.003015405e-05
167603	0.0003316704353
167604	7.023568306e-05
167605	0.001118546332
167606	0.002458225784
167607	0.0005036452583
167608	0.0008388918697
167609	0.0003138150239
167610	0.0003133464217
167611	0.0005995732111
167612	0.0005533643768
167613	0.0006393641223
167614	0.0002032023409
167615	0.0003381440976
167616	0.002187296524
167617	0.0004410556613
167618	0.0001999630426
167619	0.0002310161915
167620	0.001254450543
167621	0.0004473154198
167622	0.0005203900067
167623	0.001455653377
167624	0.0007304329626
167625	0.0007091325021
167626	0.001836636831
167627	0.001840592771
167628	0.002008924469
167629	0.001889212763
167630	0.001677573319
167631	0.0003008029757
167632	0.0006062291458
167633	0.002541352224
167634	0.0005633797919
167635	0.001075983034
167636	0.0005996522042
167637	0.0009953931868
167638	0.001582425775
167639	0.0002752865542
167640	0.004537206233
167641	0.0006375783054
167642	0.0008750822879
167643	0.001150003092
167644	0.0001673603764
167645	0.0005458243876
167646	0.001565576042
167647	0.001017373478
167648	0.001697940744
167649	0.002095310011
167650	0.0005862428035
167651	0.0001072956727
167652	0.001544746853
167653	0.003066834944
167654	0.0004007862843
167655	0.0003034795625
167656	0.0005500368507
167657	0.000634949246
167658	0.0004538444438
167659	0.0005206026678
167660	0.0005154814948
167661	0.001027103443
167662	0.0001472849335
167663	0.003529489407
167664	0.0007568959088
167665	0.001276590635
167666	0.0006302548864
167667	0.0007022131211
167668	0.001256068386
167669	0.002567385494
167670	0.0007684099602
167671	0.00159264475
167672	0.006170261507
167673	0.001179755914
167674	0.002086592492
167675	0.003204899266
167676	0.001892602712
167677	0.006675873145
167678	0.0009989319981
167679	0.001352634348
167680	6.633309323e-05
167681	0.001563575994
167682	0.0009220161233
167683	0.0001430062349
167684	0.001685203343
167685	0.0003614541542
167686	0.001589476137
167687	0.0003957429041
167688	0.0004943727673
167689	7.087146724e-05
167690	0.001581887562
167691	0.0001358364705
167692	0.0001269574016
167693	0.0008812757335
167694	0.005461861531
167695	0.0004337397712
167696	0.0001098218069
167697	0.0009077719247
167698	0.0004735585694
167699	0.002431363097
167700	0.0006019744772
167701	0.002886118701
167702	0.001578949689
167703	0.0008284995356
167704	0.001168375073
167705	0.0003839637276
167706	8.002812503e-05
167707	0.001193474519
167708	0.0007996568065
167709	0.0001786379573
167710	7.667604681e-05
167711	0.0001792198135
167712	0.002357155504
167713	0.0001659142909
167714	0.0009196903362
167715	0.0003437162174
167716	0.002518830615
167717	0.000731989858
167718	0.005211757034
167719	0.002951093543
167720	0.0008529933144
167721	0.0002132478661
167722	0.0003163164695
167723	0.001406281509
167724	0.0004334722506
167725	0.001753504207
167726	0.002421886142
167727	0.0002471154928
167728	0.0009178205961
167729	0.0002981419883
167730	0.001467331036
167731	0.0003477742115
167732	0.0007322935468
167733	0.0007577828702
167734	0.0003615312219
167735	0.001649847467
167736	0.002493904026
167737	0.002741256753
167738	0.0008060039972
167739	0.0004361873203
167740	0.003763575963
167741	0.0004642044788
167742	0.002561942843
167743	0.002054334203
167744	0.001002407188
167745	0.001398753185
167746	0.001235821189
167747	0.001254259048
167748	0.0004238636842
167749	0.001146005934
167750	0.003618335497
167751	0.004555562611
167752	0.0001851931659
167753	0.0007738142353
167754	4.789828761e-05
167755	0.0001279412698
167756	0.001502430939
167757	0.00164892594
167758	0.003980189597
167759	0.0002669102049
167760	0.001519746445
167761	0.001284713911
167762	0.003340280903
167763	0.000512394058
167764	5.369605989e-05
167765	0.001045922502
167766	0.000665205061
167767	0.001576068837
167768	0.00304449441
167769	0.0009404346733
167770	0.003931638659
167771	0.001359601758
167772	0.003885281076
167773	0.005192693153
167774	0.001541753234
167775	0.00155689773
167776	0.005419255372
167777	0.003325735046
167778	9.361877078e-05
167779	0.0001623842014
167780	0.0009108146706
167781	0.0002725954245
167782	0.001873855034
167783	0.001704239268
167784	0.001093211328
167785	0.00189225772
167786	0.002459264771
167787	0.001099477528
167788	0.0003649285076
167789	0.0046972299
167790	0.007667790199
167791	0.0006707278705
167792	0.002470730143
167793	0.0004697642809
167794	0.004817348692
167795	0.0008582561232
167796	0.003313634751
167797	0.003646785259
167798	0.003774438965
167799	0.0001102204835
167800	0.001389658662
167801	0.0004108160203
167802	0.003065444239
167803	0.0009821147643
167804	0.003201020219
167805	0.0008458649422
167806	0.001366315815
167807	0.0002605103196
167808	0.0004560768779
167809	0.0008551061752
167810	0.001409838779
167811	0.0035720004
167812	1.058206578e-06
167813	0.001859462265
167814	0.0003044807613
167815	0.0003251618639
167816	0.002602411394
167817	0.002036050611
167818	0.001097268522
167819	0.001432549441
167820	0.001967548785
167821	0.001991560881
167822	0.0001303833652
167823	0.001560380631
167824	0.002153514545
167825	0.0005505165466
167826	0.000894790491
167827	0.003334280149
167828	0.002152802442
167829	0.001134001552
167830	0.0001842563611
167831	0.003626259138
167832	5.612123603e-05
167833	0.002472274676
167834	6.567472478e-05
167835	0.00620175066
167836	0.002656083724
167837	0.0005439825259
167838	0.0002520841331
167839	0.002677210561
167840	0.001206387202
167841	0.0002576987685
167842	0.00335645523
167843	0.001498071239
167844	0.001973537319
167845	0.005595586525
167846	0.001060795536
167847	0.001318927061
167848	0.001394740063
167849	0.0003133148679
167850	0.00153898022
167851	0.0002232663623
167852	0.001909117301
167853	0.00263216199
167854	0.0004636960746
167855	0.001583645106
167856	0.00279631536
167857	0.0002600569384
167858	0.0001408878873
167859	0.0005864257759
167860	0.002225821458
167861	0.002780043759
167862	0.0008588258834
167863	1.615629341e-05
167864	0.0005407274119
167865	7.828699278e-05
167866	0.001516475421
167867	0.002640701034
167868	0.00243863875
167869	0.0005569018477
167870	0.003599578554
167871	0.0001562814762
167872	0.0008559979025
167873	0.001111209888
167874	0.00127012372
167875	0.001480105296
167876	0.002642490261
167877	0.003622515554
167878	0.0006929626131
167879	0.0001795732795
167880	9.790334174e-05
167881	0.002616308001
167882	0.001135507118
167883	7.826945694e-05
167884	0.0009306528829
167885	0.002420547433
167886	0.001580704447
167887	0.0004451431136
167888	0.002868844428
167889	0.001275964643
167890	0.00526039073
167891	0.0009758874279
167892	0.0008231245778
167893	0.00226732728
167894	0.001067363991
167895	0.0002354833312
167896	0.0003621598755
167897	0.001334256423
167898	0.0004246375871
167899	0.0002517702366
167900	0.004087493806
167901	0.0009524711099
167902	0.0008516252753
167903	0.003325400556
167904	0.00216522362
167905	0.0002707197365
167906	0.002026633503
167907	6.07020181e-05
167908	0.001279736272
167909	0.0007535359343
167910	0.004571439298
167911	0.002878509392
167912	0.001715146078
167913	0.001542279191
167914	7.753628521e-05
167915	0.00300382911
167916	8.494377853e-05
167917	0.001641783446
167918	0.0005003528159
167919	0.004798966658
167920	0.002359787543
167921	0.0001773454374
167922	0.0006468929052
167923	0.001902302946
167924	0.001311760374
167925	0.0003584538158
167926	0.000616377687
167927	0.003834698337
167928	0.0002734099135
167929	0.000535870275
167930	0.004553440911
167931	0.00107705644
167932	0.002010579158
167933	0.001232581122
167934	0.0002342806286
167935	0.0009873422986
167936	0.0001339866662
167937	3.507742349e-05
167938	0.003167842737
167939	0.001973032064
167940	0.0006855187073
167941	0.003733170678
167942	0.001118590052
167943	0.0009823795644
167944	0.0009056625942
167945	0.002035185441
167946	0.005261440098
167947	0.0006649047027
167948	0.002272224379
167949	0.003560936437
167950	0.001663631711
167951	0.0003334584911
167952	0.00146284531
167953	0.001798012234
167954	0.002766876966
167955	0.001676940582
167956	0.0005907162176
167957	0.0003089369374
167958	0.002746041961
167959	0.002478719726
167960	0.0002901277938
167961	0.002380454849
167962	0.002683254217
167963	0.004219724402
167964	0.001674239893
167965	0.0008005376471
167966	0.002022335059
167967	0.001145624415
167968	0.0008321912834
167969	0.003031172257
167970	0.0008176813005
167971	0.0007657449191
167972	0.001387114075
167973	0.003409424987
167974	0.001071644278
167975	0.001918491094
167976	9.177870547e-05
167977	0.002088613349
167978	0.003189541522
167979	0.007121047926
167980	0.002432738661
167981	0.005953696492
167982	0.001027733178
167983	0.007037495866
167984	0.0003360925555
167985	0.0005461427339
167986	0.0008942880957
167987	0.003825642292
167988	5.803442915e-05
167989	0.001364411605
167990	0.003531384412
167991	0.001387658386
167992	0.002273413538
167993	8.471439231e-05
167994	0.0003579001607
167995	0.001657821686
167996	0.001393167974
167997	0.0006234264611
167998	0.001009679434
167999	0.0004836195645
168000	0.002036130522
168001	0.0003648125847
168002	0.00120597406
168003	0.002081518139
168004	0.00238136787
168005	0.006065053881
168006	0.002523307364
168007	0.001767418717
168008	0.000407007554
168009	0.003803260456
168010	0.0002806015553
168011	0.0003956233534
168012	0.0005776646988
168013	0.008138573313
168014	0.002099571817
168015	0.004451117947
168016	0.00140492816
168017	0.006517462042
168018	0.001913839159
168019	0.001642212283
168020	0.0004345396609
168021	0.0008261144372
168022	0.001985339852
168023	0.002379192934
168024	0.0005142100273
168025	0.006460073339
168026	0.0002643566144
168027	0.001357614214
168028	0.003761230477
168029	0.001736546407
168030	0.002637324538
168031	0.003329954517
168032	0.003469790094
168033	0.0004994112046
168034	0.00295595629
168035	0.001979141333
168036	0.005518442556
168037	0.001790839117
168038	0.002237515615
168039	0.00226574181
168040	0.001019905151
168041	7.697686776e-07
168042	0.002699190976
168043	0.0001161146591
168044	0.0009003370241
168045	0.0006940177406
168046	0.004885647726
168047	0.0003915284911
168048	0.004403009181
168049	0.002782316022
168050	0.003779683249
168051	0.001868107009
168052	0.002825846145
168053	0.001020997202
168054	0.0009546877356
168055	0.002674453337
168056	0.006112810359
168057	0.001054373388
168058	0.001473381696
168059	0.004016814414
168060	5.802980358e-05
168061	0.002153183234
168062	0.0002657335924
168063	0.0009244390468
168064	0.001970488974
168065	0.003030610392
168066	0.001313564241
168067	0.0003333897344
168068	0.0003457722006
168069	5.697330418e-05
168070	0.000524609858
168071	0.001213404124
168072	0.001708248944
168073	0.002133893019
168074	0.0005877285213
168075	0.002044457627
168076	0.003297901728
168077	0.002750979062
168078	0.0007576622581
168079	0.001019964429
168080	0.001798515816
168081	0.003094999298
168082	0.0002468663212
168083	0.0007871569689
168084	1.323915148e-05
168085	0.0001166944247
168086	0.001299019627
168087	0.004877032261
168088	0.0007681283596
168089	0.004586392965
168090	0.001643173456
168091	0.0009915794586
168092	0.004036750113
168093	0.00187098815
168094	0.00145737427
168095	0.0002633932775
168096	0.0008748368821
168097	0.001183099005
168098	0.0006794151135
168099	0.003475886461
168100	0.003582801836
168101	0.001039203646
168102	0.00255809494
168103	0.001468444442
168104	7.097610674e-05
168105	0.0002143284021
168106	0.002318978666
168107	0.001816606298
168108	0.005238609145
168109	0.0003755626511
168110	0.001115744961
168111	5.779795077e-05
168112	0.0009700420584
168113	0.0003337563888
168114	0.001340026101
168115	0.002700530833
168116	0.001220993323
168117	0.0004405993171
168118	0.001671684893
168119	0.001241243344
168120	0.002103840007
168121	0.003183591475
168122	0.003767575727
168123	0.001604811892
168124	9.408880708e-05
168125	0.0004784156454
168126	0.002239160273
168127	0.0003659728241
168128	0.005429488709
168129	0.003009040858
168130	0.003479319713
168131	0.0007380270572
168132	0.002528989248
168133	0.001364344312
168134	0.005901625912
168135	0.0004067298542
168136	0.001006585575
168137	0.0006676141167
168138	0.0002680642454
168139	0.001874138413
168140	0.001052277492
168141	0.001908664774
168142	0.003136124037
168143	0.0001037718319
168144	0.0005638021482
168145	0.0005979492725
168146	0.002965139456
168147	0.0007537426131
168148	0.0009358191879
168149	0.0005247522355
168150	0.004852428153
168151	0.003777002867
168152	0.004742343904
168153	0.006658735803
168154	0.0001128118593
168155	0.002230358564
168156	0.002283315266
168157	0.002434644606
168158	0.00383916071
168159	0.0009304858515
168160	0.004143991873
168161	0.001135778122
168162	0.0008253610849
168163	0.0003462207932
168164	0.002574887715
168165	0.001668986556
168166	0.0008516044812
168167	0.0001477928734
168168	0.0008891770354
168169	0.002291901538
168170	0.0009336365689
168171	0.0002867367125
168172	0.002427179536
168173	0.001939406354
168174	0.001632904505
168175	0.0007462030425
168176	0.0003294525757
168177	0.0002328176229
168178	0.0005377224482
168179	0.001545482077
168180	0.001402432472
168181	0.002413119809
168182	0.0003311686054
168183	0.003521515183
168184	0.001177279233
168185	0.0001260125451
168186	0.005046391386
168187	0.00539223808
168188	0.001665440173
168189	0.005008191161
168190	0.000446270653
168191	0.003015957364
168192	0.001696732721
168193	0.00470784643
168194	0.003542746526
168195	0.001341654132
168196	0.0007173090316
168197	0.0002045304625
168198	0.002034080224
168199	0.0009349045037
168200	0.0006590107166
168201	0.005645543171
168202	0.001220187109
168203	0.004402889563
168204	6.276368122e-05
168205	0.002681178372
168206	0.001561446304
168207	0.003020970969
168208	0.001123236767
168209	0.00189984768
168210	0.0001207323394
168211	0.003620010549
168212	0.001376442875
168213	0.003313366456
168214	0.004002348894
168215	0.0001759501263
168216	0.001010499207
168217	0.0005188438173
168218	0.005738311535
168219	2.786102478e-05
168220	0.0009262493547
168221	0.002425615354
168222	0.001345901262
168223	0.0006867477478
168224	0.002556727649
168225	0.003146186113
168226	0.003470153252
168227	0.002674464086
168228	7.368307379e-06
168229	0.002057706287
168230	0.002062647432
168231	0.001663905633
168232	0.0007968367494
168233	0.0006672975624
168234	0.000714053524
168235	0.0001866164459
168236	0.003347435428
168237	2.659842013e-05
168238	0.0004898375882
168239	0.002703125202
168240	0.002980541052
168241	0.003811955319
168242	0.002407342468
168243	0.001734984386
168244	6.000078367e-07
168245	0.005532670003
168246	0.00229112657
168247	0.002521792481
168248	5.305564887e-06
168249	0.004901754096
168250	0.002539319406
168251	0.00529070706
168252	0.001111037191
168253	0.0008811853442
168254	0.0007956022079
168255	0.001061905659
168256	0.0008764451822
168257	0.0004695362499
168258	0.0009863233646
168259	0.001373075113
168260	0.002143418539
168261	0.01022310326
168262	0.002541334646
168263	0.001417175002
168264	8.953218151e-05
168265	0.0001137161665
168266	0.001836099296
168267	0.002626905413
168268	0.002895710669
168269	0.0008256800885
168270	0.003749807297
168271	0.001683879949
168272	0.001952501319
168273	0.0009675352603
168274	0.004460586551
168275	0.001257877204
168276	1.402729588e-05
168277	0.0001478330946
168278	0.002291538105
168279	0.0001864793725
168280	0.0002049975347
168281	0.001588017955
168282	0.0006904919137
168283	5.011285997e-05
168284	0.004587767527
168285	0.0007596833836
168286	0.0005327761348
168287	1.953610764e-06
168288	0.001681392125
168289	0.0001778224774
168290	0.001071733017
168291	0.00322965065
168292	0.0003173228344
168293	0.0007937592366
168294	0.001633310192
168295	0.002637366641
168296	0.001237307294
168297	0.003007574619
168298	0.0007357421666
168299	0.003620679658
168300	2.438659434e-05
168301	0.0008633806696
168302	0.005408855055
168303	0.0001019155697
168304	0.004373893579
168305	0.001775982974
168306	0.0001694562187
168307	0.000343761931
168308	0.0005303933766
168309	0.003521990454
168310	0.006091044036
168311	0.002587769686
168312	0.0003383664823
168313	0.001955982444
168314	0.001001639565
168315	0.001110213143
168316	0.002199939083
168317	0.0001272490207
168318	0.0008892771259
168319	0.006690214641
168320	0.0006132476984
168321	0.0004346955305
168322	0.000469377944
168323	0.002014293943
168324	0.0003481656067
168325	0.00199591712
168326	0.002196730179
168327	0.0007328223438
168328	0.002043623785
168329	0.0002761162818
168330	0.001801174869
168331	0.001408975348
168332	0.001001955445
168333	0.00136039493
168334	0.001340667926
168335	0.002797142278
168336	0.0005812343805
168337	0.0003323650062
168338	0.001042081171
168339	0.002838937299
168340	0.001008879146
168341	0.004451625994
168342	0.001954058304
168343	0.0003848197648
168344	0.0009535933374
168345	0.001496645961
168346	0.0004257887712
168347	3.285710631e-06
168348	0.000537451553
168349	0.001260401243
168350	0.003458751334
168351	0.002962157849
168352	0.000315007911
168353	0.001446456527
168354	0.0005960889056
168355	0.0003854040808
168356	0.001747422255
168357	0.002006876141
168358	0.0005339201853
168359	0.001206886106
168360	0.002042150978
168361	0.004464417004
168362	0.003308430229
168363	0.003283068679
168364	0.0002058254743
168365	0.005414234507
168366	0.003738778537
168367	0.003062164829
168368	0.003515599314
168369	0.003849370771
168370	0.001060890409
168371	0.001008981659
168372	0.0006115345823
168373	0.003874126484
168374	0.003048695393
168375	0.001216334561
168376	0.004160723914
168377	0.003015390181
168378	0.0003808652032
168379	0.001159693748
168380	0.0001033668767
168381	0.00123433029
168382	0.001625535793
168383	0.0009739499693
168384	0.001503786793
168385	0.0005030690391
168386	0.003649060238
168387	0.001560954756
168388	0.0004733104289
168389	0.0001623788374
168390	0.000431625449
168391	0.002055630379
168392	0.0006871310278
168393	0.000888043246
168394	0.00145617707
168395	0.0002670439397
168396	0.003672892595
168397	0.001637410518
168398	0.005172886565
168399	0.0001198164851
168400	0.001101426301
168401	0.0001487644621
168402	0.00221581733
168403	0.001560154778
168404	0.0007483144412
168405	0.00180018987
168406	1.864034322e-05
168407	0.00225877926
168408	0.002104983961
168409	0.002025654469
168410	0.003110293798
168411	0.00094827644
168412	0.001209594912
168413	0.001751073235
168414	0.001737041028
168415	0.003842889805
168416	0.0004389253475
168417	0.001837337402
168418	0.003481309252
168419	0.003959984992
168420	0.004022303511
168421	0.003646359202
168422	0.002268912723
168423	0.002360037915
168424	0.0007020703203
168425	0.002553885254
168426	0.0001304857142
168427	0.001782573624
168428	0.0008378593571
168429	3.67887256e-05
168430	0.005163190337
168431	0.001109575159
168432	0.0004759999048
168433	0.001245424649
168434	0.002194566018
168435	0.001326352516
168436	0.0009489240984
168437	0.002765613658
168438	0.001499812953
168439	0.0008439861734
168440	0.001223364583
168441	0.0006921470942
168442	0.001689421013
168443	0.002295377252
168444	0.001881405245
168445	0.00414863441
168446	0.0002226013185
168447	0.002378657934
168448	0.001404622058
168449	4.53665689e-05
168450	3.472719971e-05
168451	7.779678817e-05
168452	0.000766346252
168453	0.001417243567
168454	0.0001680173226
168455	0.002627227035
168456	0.006653492621
168457	0.002478996354
168458	0.001331793768
168459	0.001020447248
168460	0.002179402047
168461	0.0009688319238
168462	0.001992914497
168463	0.002088413092
168464	0.0004625572935
168465	0.0002438867983
168466	0.00118068865
168467	0.001293344242
168468	5.006810708e-05
168469	0.0004062554695
168470	0.002466445885
168471	0.0003970649257
168472	0.0001010518131
168473	0.0005578232894
168474	0.0007291495171
168475	0.002213361226
168476	0.001505494134
168477	0.0008825240418
168478	0.004882176946
168479	0.0006467651677
168480	0.004904179124
168481	6.028161009e-05
168482	0.002589180799
168483	0.0004359736201
168484	5.835692701e-05
168485	0.002264001367
168486	0.0002291056117
168487	0.002475435946
168488	0.003861555264
168489	0.003681316914
168490	0.004043329658
168491	0.003397548657
168492	0.0001060862535
168493	0.003353128433
168494	1.452592458e-05
168495	0.001309767311
168496	0.001109957914
168497	0.002397400805
168498	0.00136101488
168499	0.000788704754
168500	0.001567565576
168501	0.00102583772
168502	0.000416784226
168503	0.001528002215
168504	0.002981047263
168505	0.001523581111
168506	0.001168348866
168507	0.001562261121
168508	0.0003926679341
168509	0.0005238530304
168510	0.0002231918701
168511	0.001470334096
168512	0.0006708822796
168513	0.0002047262566
168514	0.0002077966423
168515	0.001229219367
168516	0.0004726029808
168517	0.001286548302
168518	0.0003802366635
168519	0.0006648611594
168520	0.001722504502
168521	0.0003833222306
168522	0.0004195817108
168523	0.0005143827756
168524	0.0001841892771
168525	0.001468798219
168526	0.002846323228
168527	0.001160636524
168528	0.001194240508
168529	0.0009094874235
168530	0.0002361499413
168531	0.0002668651665
168532	0.0002875802058
168533	0.0006611237791
168534	0.0005012932881
168535	6.809167944e-05
168536	0.0002967754419
168537	0.0007682642185
168538	0.0002952085174
168539	0.0006205450899
168540	0.0007390270384
168541	0.0003070541454
168542	0.0004533138093
168543	0.0002309639899
168544	0.0008733024118
168545	0.0006146717699
168546	0.0007127526324
168547	0.0006746276973
168548	0.0003491385316
168549	0.001267614884
168550	0.0004096156477
168551	0.0005708095947
168552	3.254852719e-05
168553	0.0003177136048
168554	0.000682140988
168555	0.001240938402
168556	0.0008611641656
168557	0.000194802982
168558	0.001611363832
168559	0.0004341134279
168560	0.0006945240362
168561	0.0008740694833
168562	9.306759101e-05
168563	0.0003104101848
168564	0.0003659074998
168565	0.0004180013296
168566	0.0004848791471
168567	1.698741469e-05
168568	0.001122906345
168569	6.811116685e-08
168570	0.0004761390923
168571	0.001088833914
168572	0.00037749321
168573	0.002357740996
168574	0.001493269816
168575	0.002597507006
168576	0.0002405243261
168577	0.0005639355237
168578	0.002701859256
168579	0.001176278707
168580	0.0004609960047
168581	0.001958938306
168582	0.002643956487
168583	0.001879125655
168584	0.002029434079
168585	0.001582725807
168586	0.00207727926
168587	0.001930151917
168588	0.005380501243
168589	0.0005113644851
168590	0.003147514099
168591	0.0009929452561
168592	0.004401226067
168593	0.006500990201
168594	0.001518507465
168595	0.005117521546
168596	0.0001624382092
168597	0.005912345155
168598	0.003701686389
168599	0.001874294727
168600	0.0007229754918
168601	0.002130920686
168602	0.002335571075
168603	0.001715133204
168604	0.0006853160002
168605	0.003840210053
168606	0.0007558050683
168607	0.00705795663
168608	1.931608694e-05
168609	0.002380522432
168610	0.002808341534
168611	0.001619118697
168612	0.0001300425987
168613	0.003434372767
168614	0.002619351015
168615	0.0007428018149
168616	0.000134961134
168617	0.00104496932
168618	0.001647917262
168619	0.00276085152
168620	0.002816455635
168621	0.003682769796
168622	0.001498544359
168623	0.001265134329
168624	0.0006134989337
168625	0.0004654184799
168626	0.0008425858332
168627	0.0006451919947
168628	0.002823722391
168629	0.0001716761358
168630	0.0009753730569
168631	0.0002797844376
168632	0.0001101982546
168633	0.001727683851
168634	0.001969473535
168635	0.0007829821255
168636	0.0008264070818
168637	0.0003739649039
168638	7.107540797e-05
168639	0.0008209878256
168640	0.004701904829
168641	8.364362012e-05
168642	7.663702885e-05
168643	0.0001981495544
168644	0.0006047832836
168645	0.0003991790313
168646	0.0006784265544
168647	0.0006956422323
168648	0.001315871846
168649	0.000917844694
168650	0.002235694578
168651	0.001699644393
168652	0.003264008052
168653	0.0004901550984
168654	0.0008702488572
168655	0.004646480766
168656	0.001001890459
168657	0.00278202121
168658	0.001181935294
168659	0.00114041176
168660	0.001001634415
168661	0.001744781784
168662	0.001993541946
168663	0.001813420756
168664	0.001357467238
168665	0.000640585124
168666	0.001055954939
168667	0.0008592006788
168668	0.0002365219307
168669	7.032806077e-06
168670	0.0007994225637
168671	0.001054153588
168672	0.0003051296746
168673	0.001885516474
168674	0.001466809029
168675	0.002102487074
168676	0.001612815635
168677	0.001089003056
168678	0.0003497633117
168679	0.0009155029107
168680	0.0003838792314
168681	0.0007256748568
168682	0.003880554382
168683	0.0008586343958
168684	0.001225684033
168685	0.0001911460408
168686	2.263619259e-05
168687	0.003451520559
168688	0.001432887372
168689	0.001303548741
168690	0.0009097085239
168691	0.001744765461
168692	0.0004199559447
168693	0.0001014451591
168694	0.0007581318875
168695	4.577178597e-05
168696	0.0003595968692
168697	0.002669704585
168698	2.549954872e-05
168699	0.002256590109
168700	0.003739409633
168701	0.001477682528
168702	7.988010129e-05
168703	0.0007771373336
168704	8.854170303e-05
168705	0.001723951561
168706	5.712246121e-05
168707	0.001327242923
168708	0.0007436409831
168709	0.001390462357
168710	0.002408657168
168711	0.001122572798
168712	0.001384759254
168713	0.0006472029042
168714	0.0003660449077
168715	0.0006177996879
168716	0.003118757148
168717	0.003793264618
168718	0.0006005981606
168719	0.001583544704
168720	0.0004793615397
168721	0.0005766225282
168722	0.0009204858555
168723	0.0001721818723
168724	0.002278650702
168725	0.0007414110371
168726	0.0001684325757
168727	0.0002098704663
168728	0.001353696907
168729	0.001810059297
168730	0.001017032434
168731	1.527543046e-05
168732	0.0008242919916
168733	0.0004733113475
168734	0.0008397621451
168735	0.001126913813
168736	0.0007723692695
168737	0.0003680583354
168738	0.0002505531939
168739	0.0001255917042
168740	0.004034058509
168741	0.00268938911
168742	0.0006103056388
168743	0.001320429278
168744	0.003394503295
168745	0.001865145186
168746	0.0001475999402
168747	0.001457791281
168748	0.00069434982
168749	0.001182152926
168750	0.003338687982
168751	0.0004780649663
168752	0.001652266338
168753	0.002992212486
168754	0.002843293171
168755	0.001389126249
168756	0.0002556073682
168757	0.0002257149153
168758	9.554033247e-05
168759	0.00186129853
168760	0.003445344358
168761	0.003228249155
168762	0.004011115929
168763	0.003006539983
168764	0.001414017158
168765	0.004122390099
168766	0.001972946882
168767	0.001239264924
168768	0.0004621813097
168769	0.0006457964184
168770	0.001252627651
168771	0.0003858659846
168772	0.0005386456584
168773	0.001290542137
168774	0.00365793529
168775	0.002822917933
168776	0.0003705702781
168777	0.001320822384
168778	0.001676206515
168779	0.007503030631
168780	0.005058397933
168781	0.0006393211151
168782	0.0001267464136
168783	0.003777903214
168784	0.0008389301
168785	0.006888931484
168786	0.002404004998
168787	0.0007487173136
168788	0.003767080977
168789	0.002978386467
168790	0.003984959562
168791	0.0005985685393
168792	0.001110313519
168793	0.004267906306
168794	0.005120658602
168795	0.0003331438998
168796	0.004844073291
168797	0.000625566325
168798	0.001007331193
168799	0.0005659851936
168800	0.00271563041
168801	0
168802	0.002465366595
168803	0.001008470653
168804	0.001954302144
168805	0.0005141743289
168806	0.003900107648
168807	0.00343925474
168808	0.0002397674602
168809	0.002667040042
168810	0.001336381777
168811	0.0002473133427
168812	5.962466797e-05
168813	0.001292280786
168814	0.005395743981
168815	0.002416143334
168816	0.0024026013
168817	0.001260430791
168818	0.002897807138
168819	0.0004714441219
168820	0.002357762506
168821	0.001014009379
168822	0.005256187826
168823	0.007095786042
168824	0.001971925365
168825	9.606655187e-05
168826	0.005085981499
168827	0.00327793444
168828	0.001103031462
168829	0.002690680588
168830	0.0003441389827
168831	0.002098338004
168832	0.002380713332
168833	0.003734412718
168834	0.002492669006
168835	0.0005634769641
168836	0.00652652702
168837	0.001334894515
168838	0.0001962973947
168839	0.003823360308
168840	0.001711023946
168841	0.000861904075
168842	0.001487704446
168843	0.003290891983
168844	0.003449423835
168845	0.0003036123229
168846	0.002387494357
168847	0.002055586367
168848	0.0007294227562
168849	0.003722303833
168850	0.001275599834
168851	0.001396093771
168852	0.0006397587712
168853	0.004244254092
168854	0.001272645658
168855	0.000278658784
168856	0.0008020420398
168857	0.0004219209774
168858	0.0008757680908
168859	0.007737291668
168860	0.0002392157023
168861	0.004267415797
168862	0.002325653057
168863	0.0007606555557
168864	0.006489433542
168865	0.001866042884
168866	0.001622094391
168867	0.0003018020812
168868	3.658275384e-05
168869	0.002803685441
168870	0.004795259035
168871	0.008446137219
168872	0.0007594505962
168873	0.003076573855
168874	0.001890838212
168875	0.002500212289
168876	0.003187789998
168877	0.001202748829
168878	0.001035952925
168879	0.0004467286809
168880	0.0009700671551
168881	0.0002607068704
168882	0.001122646963
168883	0.005863420133
168884	0.002547156984
168885	0.001686005793
168886	0.002997355688
168887	0.002599992969
168888	0.0013695905
168889	0.002071052548
168890	0.0010372791
168891	0.0002220236359
168892	0.001930983698
168893	0.0008642389175
168894	0.00272950337
168895	0.003577681735
168896	0.004119702579
168897	0.005472465188
168898	0.0001262244237
168899	0.002409007587
168900	0.001063209381
168901	0.0002723723341
168902	0.002384385568
168903	0.004336681758
168904	0.004246822891
168905	0.0005763385092
168906	0.0005395608299
168907	0.005891281171
168908	0.000308389719
168909	0.003315045193
168910	0.001056403054
168911	0.00242606258
168912	0.005709398335
168913	0.001862470009
168914	0.002647999282
168915	0.00192241136
168916	0.0002660963557
168917	0.0009517402678
168918	0.004128518303
168919	0.001642221503
168920	0.00274856939
168921	0.0001044236936
168922	0.001817652109
168923	0.0007599678546
168924	0.002245510357
168925	0.00203935738
168926	0.000566243133
168927	0.0002723813248
168928	9.920653738e-05
168929	0.003666807294
168930	0.00302986178
168931	0.002766830524
168932	0.004122118484
168933	0.002756408204
168934	0.001956868791
168935	0.0006443339698
168936	0.003503241028
168937	0.006017900917
168938	0.002325210338
168939	0.004769751076
168940	0.004468779995
168941	0.002209646974
168942	0.0004940398174
168943	0.006045132077
168944	0.001634498907
168945	0.002076741013
168946	0.001082945697
168947	0.0005292268364
168948	0.0006565223905
168949	0.004006429966
168950	0.0008467337008
168951	0.002980233336
168952	0.0004167349526
168953	6.094613128e-05
168954	0.0001073215416
168955	0.0009071598388
168956	0.001342444426
168957	0.0009846064183
168958	0.001070025534
168959	0.002560178062
168960	0.003194706384
168961	0.003593089539
168962	0.002288487137
168963	0.0002097534585
168964	0.002686407028
168965	0.002801440896
168966	0.0023971939
168967	0.005541611634
168968	0.003112204421
168969	0.003778376719
168970	0.007465221552
168971	0.005829338638
168972	0.0008777446413
168973	0.001957949126
168974	0.0005397068362
168975	0.001410372007
168976	0.006629003777
168977	0.0006764519218
168978	0.0001782285156
168979	0.000369305195
168980	0.001940041003
168981	0.00224558678
168982	0.002325876901
168983	0.001136926266
168984	0.0009860286885
168985	0.002892584955
168986	0.002390532782
168987	0.00173492617
168988	0.002667449115
168989	0.001341217181
168990	0.0005776427929
168991	0.005521018471
168992	0.001964989255
168993	0.001139775906
168994	0.007371777609
168995	0.001669227182
168996	0.000629245878
168997	0.001161918656
168998	0.002593937995
168999	0.002863964861
169000	0.007022967784
169001	0.0004390661286
169002	0.001201924155
169003	0.003436238032
169004	0.002659042197
169005	0.001273888865
169006	0.002674675394
169007	0.002519956652
169008	0.002508826264
169009	0.001035354156
169010	0.003788270071
169011	0.002203182758
169012	0.002694295952
169013	0.0002384403793
169014	0.002129028763
169015	0.001765616601
169016	0.0002682392615
169017	0.004977136968
169018	0.0003572599437
169019	0.0006079961125
169020	0.002581852033
169021	0.001248640357
169022	0.0005968160555
169023	0.004400004772
169024	0.0005571850838
169025	0.00120336675
169026	0.0008333766354
169027	0.001564537305
169028	0.004225551102
169029	0.0007356105427
169030	0.003672384047
169031	0.00220734178
169032	0.001744435466
169033	0.00263241774
169034	0.002155804882
169035	0.001775603869
169036	0.005259322111
169037	0.001607964442
169038	0.002230878955
169039	0.002673581242
169040	0.003659295303
169041	0.0004090748082
169042	0.004246026994
169043	0.0009684132019
169044	0.001034522579
169045	0.003100694257
169046	0.002023726666
169047	0.00297465005
169048	0.001469327793
169049	0.004691978686
169050	0.001218118003
169051	0.00208100072
169052	0.001163869473
169053	0.001607089201
169054	0.0006380003751
169055	0.0009580496097
169056	0.001464500121
169057	6.113542284e-05
169058	0.0023379035
169059	0.0002969934562
169060	0.001028103337
169061	0.001521976084
169062	0.0008325171294
169063	0.002195729181
169064	0.001989568383
169065	0.002245620409
169066	0.001296705334
169067	0.00213653064
169068	0.001021410623
169069	0.005690553401
169070	0.001840704151
169071	0.001689495681
169072	0.0004661670131
169073	0.002037605097
169074	0.0008810081967
169075	0.0008760053272
169076	0.001242974309
169077	0.0003233929173
169078	0.003697945629
169079	0.000652276682
169080	0.0007377982866
169081	4.119709201e-05
169082	0.001059626775
169083	0.002485369102
169084	0.005709414056
169085	0.002427413901
169086	0.0008855644268
169087	0.004510369589
169088	0.0002725921432
169089	0.001112151985
169090	0.001284203273
169091	0.004143787409
169092	0.006709610374
169093	0.006697633359
169094	0.002653071635
169095	0.000426447193
169096	0.00126913441
169097	0.001769618846
169098	0.001274742788
169099	0.00092904408
169100	0.0002116494729
169101	0.0004227787176
169102	0.007245415536
169103	0.002982797663
169104	0.001861443387
169105	0.001561683086
169106	0.0007594566689
169107	0.0003268294344
169108	0.001917886601
169109	0.0005674507229
169110	0.007670312832
169111	0.003816701344
169112	0.008733851358
169113	0.0009775493682
169114	0.0006249775525
169115	0.002605693699
169116	0.0007445245475
169117	0.0005873675593
169118	0.002132640373
169119	0.001280867847
169120	0.004296938475
169121	0.002434784099
169122	0.001630945311
169123	0.003133304849
169124	0.0009787449822
169125	0.0006224774777
169126	0.002261988783
169127	0.005505091119
169128	0.0003666038192
169129	0.0002788106418
169130	0.002958638079
169131	0.001210377828
169132	0.002187422806
169133	0.002159905051
169134	0.0001542507824
169135	0.0007793368238
169136	0.004902216055
169137	0.001081617194
169138	0.005653462528
169139	0.00345245992
169140	0.0008633283666
169141	0.001195481112
169142	0.001362739425
169143	0.001650829918
169144	0.002364739651
169145	0.003708264255
169146	0.001897482955
169147	0.001034476703
169148	0.00398899158
169149	0.00414732319
169150	0.0008733084014
169151	0.003545058705
169152	0.002661716011
169153	0.0004458872168
169154	0.001306162982
169155	0.0004365964911
169156	0.001701948241
169157	0.003254575083
169158	0.002713420462
169159	0.000614206033
169160	0.00526780487
169161	0.004302017953
169162	0.001048978276
169163	0.00208257933
169164	0.001326890241
169165	0.0003014344079
169166	0.001671896593
169167	0.003534971992
169168	0.001119784863
169169	0.0005313904381
169170	0.006666962084
169171	0.0008351563727
169172	0.00231755531
169173	0.00162410408
169174	0.001573739479
169175	0.002016772945
169176	0.0003616017151
169177	0.001377786869
169178	0.0009243837704
169179	0.001683787131
169180	0.0002725630986
169181	0.001294713434
169182	0.000596715846
169183	0.0001339629709
169184	0.0008470873709
169185	0.00345352298
169186	0.007222861651
169187	0.0001714639576
169188	0.002771712422
169189	0.0009008689503
169190	0.001483204667
169191	0.005000792488
169192	0.0009310837863
169193	0.001654199703
169194	0.004692930886
169195	0.0001231714542
169196	0.002304656173
169197	0.0002489487798
169198	0.001358077651
169199	0.001562004903
169200	0.0004277312887
169201	0.001513036093
169202	0.00264593325
169203	0.002704137136
169204	0.0008550490956
169205	0.0005847701187
169206	0.001343364206
169207	0.0005072339227
169208	0.002360687892
169209	0.001720954075
169210	0.004198703927
169211	0.001052524018
169212	0.002203146272
169213	0.001119534698
169214	0.002350809742
169215	0.0006498671658
169216	0.001379382694
169217	0.003249589984
169218	0.00192577862
169219	0.0002696735741
169220	0.001342427865
169221	0.002429266461
169222	0.0009678232588
169223	0.001872847197
169224	0.001918414616
169225	0.0007040604173
169226	0.001475527689
169227	0.004035982657
169228	0.004615545247
169229	0.0001152924031
169230	0.0003421413577
169231	0.0009353932176
169232	0.00300634025
169233	0.00256731218
169234	0.0006890247012
169235	0.00118580763
169236	5.755458678e-05
169237	0.003155689442
169238	0.0006917882278
169239	0.003247083974
169240	0.004607092561
169241	0.001023885163
169242	0.0008230830731
169243	0.0008002982959
169244	0.0005267875651
169245	0.001567803928
169246	0.001795010269
169247	0.0002332105529
169248	0.00402020668
169249	0.004140529688
169250	0.004068649007
169251	0.0001138939217
169252	0.0007963309574
169253	0.001275910042
169254	0.0004291799675
169255	0.00260529899
169256	0.002565650298
169257	0.0004621471292
169258	0.0007730038142
169259	0.0009388004271
169260	0.0003359262909
169261	0.0001152924031
169262	0.0002028596272
169263	0.003847311631
169264	0.003233902553
169265	0.002477071294
169266	7.317741005e-05
169267	0.000691658477
169268	0.002143668183
169269	5.888037078e-05
169270	0.003380282753
169271	0.001897557262
169272	0.0001626731736
169273	0.001620571224
169274	0.002970140262
169275	0.0001385344423
169276	0.003126182248
169277	0.002401089153
169278	0.003755934017
169279	0.002708838453
169280	0.0004814618059
169281	0.001407457495
169282	0.0002524827576
169283	0.001421965648
169284	0.004249566758
169285	0.0002055718148
169286	0.004552417027
169287	0.001017128516
169288	0.001283036536
169289	0.004852975218
169290	0.002771759568
169291	0.002061452975
169292	0.0006488691296
169293	0.003854016685
169294	0.00471881433
169295	0.005730151968
169296	0.005914653719
169297	0.003648178529
169298	0.0003896285187
169299	3.147666455e-05
169300	0.001956324236
169301	0.008057895463
169302	0.001354859082
169303	0.01325794713
169304	0.0008943475017
169305	0.0004755754466
169306	0.001989140424
169307	0.002074889833
169308	0.001194520338
169309	0.001717706352
169310	0.001158015566
169311	0.0003486443929
169312	0.001096523736
169313	0.002365983729
169314	0.002015807859
169315	1.2433687e-07
169316	0.00213058335
169317	0.002710981442
169318	0.0003827616862
169319	0.0006923146814
169320	0.0007300457201
169321	0.001819587678
169322	0.00163134728
169323	0.0003189874218
169324	0.003668144589
169325	0.002570742534
169326	0.0002954594699
169327	0.00013838643
169328	0.003981118412
169329	4.705930131e-05
169330	0.0006466485422
169331	0.004287579884
169332	0.003203776569
169333	0.0002310052585
169334	0.0005296907663
169335	9.517143135e-08
169336	0.0002600133272
169337	0.0005804626752
169338	0.0009037570466
169339	0.001171317861
169340	0.0002766118058
169341	0.0001331327051
169342	0.0009624533774
169343	0.0003013516251
169344	0.0003409307087
169345	0.0003351520253
169346	0.002062446714
169347	0.0003718710817
169348	0.001724751828
169349	4.289145622e-05
169350	0.0004565228788
169351	0.0002028464976
169352	0.0001738355378
169353	0.0003488637909
169354	0.001096718223
169355	0.001535126776
169356	0.0006156931331
169357	0.0001000205403
169358	0.0007818341897
169359	0.002998749302
169360	0.0007076695856
169361	0.002891135455
169362	0.005107529512
169363	0.001781613722
169364	0.002189993043
169365	0.002352105607
169366	0.005234878901
169367	0.0004200513325
169368	0.0004805629121
169369	0.0002019991386
169370	0.001409916768
169371	0.002042373907
169372	0.0007046014914
169373	0.001238757121
169374	0.0006991266723
169375	0.003683603691
169376	0.0009102986947
169377	0.003064754154
169378	0.003775862652
169379	0.001659659593
169380	0.001419640359
169381	0.0004742064796
169382	0.0007463259034
169383	0.0002373540956
169384	0.001446256585
169385	0.001508677043
169386	5.526083111e-08
169387	1.232019421e-05
169388	0.001634844182
169389	0.0003341006882
169390	0.001402123719
169391	0.0001236457521
169392	0.001786694152
169393	0.00113680357
169394	0.0003312955447
169395	0.0002294072896
169396	0.0001657742429
169397	0.000234798585
169398	0.0001107558348
169399	0.0001020560923
169400	0.0005402908537
169401	0.0002334256109
169402	0.001216387303
169403	0.0004341823354
169404	0.00248124959
169405	0.001317250784
169406	0.0006648678299
169407	0.001218177068
169408	0.001554722885
169409	0.00056384079
169410	0.0007827292616
169411	0.001263754054
169412	0.0002786535125
169413	0.0001054259722
169414	0.0002143769809
169415	0.001896405615
169416	0.0003268613367
169417	0.0001277109437
169418	0.0003107001348
169419	0.001313378354
169420	0.001753726767
169421	0.0002837064072
169422	0.0007719592835
169423	0.0002169453399
169424	0.0003294973382
169425	0.0004288785866
169426	0.0001260278985
169427	0.0005957426314
169428	0.0006646090796
169429	0.001051446664
169430	0.001570494591
169431	0.0005754808253
169432	0.0004944290069
169433	0.0008680758345
169434	0.001031669201
169435	0.0001305376025
169436	0.001261585129
169437	0.0001157176983
169438	0.001676170068
169439	0.0006352344752
169440	0.0001008490775
169441	0.00153631313
169442	0.001299357967
169443	0.0006623582034
169444	0.0003905364376
169445	0.0001198071538
169446	0.000666116709
169447	0.0003450907521
169448	0.000200536749
169449	0.0001186798242
169450	0.00158233003
169451	0.0001351771745
169452	0.002455353257
169453	0.002058157312
169454	0.001066162203
169455	0.0006628352239
169456	0.003474242933
169457	0.001120343777
169458	1.105216622e-07
169459	0.0003570360197
169460	0.0001192060228
169461	0.0001073414395
169462	0.0002711969526
169463	0.0003011691767
169464	0.0001662722301
169465	0.0003191921974
169466	0.0004818254925
169467	0.0004289865356
169468	0.0002264082984
169469	0.001364178617
169470	0.0009284533834
169471	0.001116619237
169472	0.0003184921265
169473	0.00486521484
169474	0.00038275178
169475	0.00581761899
169476	0.001015564329
169477	0.001818096514
169478	0.0006026274897
169479	0.002345292979
169480	0.002160692621
169481	0.001607611808
169482	0.002878777717
169483	0.001929087944
169484	0.0004630992525
169485	0.001782699266
169486	0.003135714492
169487	0.004161885888
169488	0.001102512379
169489	0.0003226929821
169490	0.0005993010203
169491	0.00122798229
169492	0.003622925045
169493	0.00117493592
169494	0.0005191950744
169495	0.004091899535
169496	0.0008310169056
169497	0.005888350045
169498	0.00428752458
169499	9.513474344e-05
169500	0.0008251374104
169501	0.001848614278
169502	0.002299115838
169503	0.002831122845
169504	0.0006330229833
169505	0.0005824137796
169506	0.001895976265
169507	0.00118219756
169508	0.002065857465
169509	0.002344497538
169510	3.042460647e-05
169511	0.004872799552
169512	0.0005867910527
169513	0.006289464698
169514	0.0009856373715
169515	0.001319734831
169516	0.000845922946
169517	0.001558336628
169518	0.0001208921742
169519	0.001214124172
169520	0.001452405263
169521	0.003775799813
169522	0.005421965876
169523	2.185322055e-05
169524	0.004779246614
169525	0.0002344400135
169526	0.003389899842
169527	0.001667679623
169528	0.0007321769494
169529	0.004475676994
169530	0.003076654086
169531	0.001755088453
169532	0.00113619069
169533	9.685741913e-05
169534	0.0004705779461
169535	0.0001236844106
169536	0.003389885769
169537	0.004419031845
169538	0.001553451237
169539	0.000396641963
169540	0.001675872827
169541	0.002825290508
169542	0.0001810276862
169543	0.0002461616809
169544	0.00146929889
169545	0.0006044266829
169546	9.168226199e-05
169547	0.004385446656
169548	0.0006346344118
169549	0.0001754851081
169550	0.003381941296
169551	0.0005094048668
169552	0.003672448096
169553	0.002003132032
169554	0.0009388590524
169555	0.0004774565924
169556	0.002077028387
169557	0.004762165552
169558	0.0001802227079
169559	0.002530481427
169560	0.003118338454
169561	0.0002311441261
169562	0.006417699214
169563	0.002258846125
169564	0.001551157572
169565	0.003096911616
169566	0.001835851373
169567	0.0006042425255
169568	0.001497074356
169569	0.005617675646
169570	0.0005184565584
169571	0.003963211546
169572	1.664345072e-05
169573	0.003058917157
169574	0.004356504455
169575	0.006289111988
169576	6.2768129e-05
169577	0.002105573592
169578	0.006199015948
169579	0.004101782473
169580	0.0004110077795
169581	0.001448064082
169582	0.002377198982
169583	0.008682273451
169584	0.00264111343
169585	0.001479505199
169586	0.003253256808
169587	0.001674353233
169588	0.0008343694278
169589	0.0008282272455
169590	0.00190638056
169591	0.0003691947589
169592	0.001688078199
169593	0.0003475123708
169594	0
169595	8.52606241e-05
169596	0.00251009929
169597	0.0002157844229
169598	0.0002761099406
169599	0.0007672394478
169600	0.0006363278993
169601	0.0003777021482
169602	0.006586075411
169603	0.0006640401969
169604	0.002328508839
169605	0.002132663523
169606	0.0004214356139
169607	0.00213944662
169608	0.001456662755
169609	0.001639383461
169610	4.727998919e-05
169611	3.420720476e-05
169612	0.002806604454
169613	0.0003120970452
169614	0.001869078508
169615	0.0008596173735
169616	0.0007510526102
169617	0.002374722206
169618	0.001485354039
169619	0.000699524554
169620	0.002019935878
169621	0.001281639571
169622	0.002033799868
169623	0.0004844888561
169624	8.819787562e-06
169625	8.103871126e-05
169626	0.0005169548924
169627	0.0001124427382
169628	0.0006855635437
169629	0.0005918660375
169630	0.0006578253993
169631	0.0002987561619
169632	0.0004385680882
169633	0.0002177589933
169634	0.0003763790784
169635	0.0007777183395
169636	0.0005742582527
169637	0.0008074801176
169638	0.001014365874
169639	0.003934665936
169640	0.0008423678367
169641	0.0002447391433
169642	0.001932681108
169643	0.001004959247
169644	0.0006669281773
169645	0.000321246359
169646	0.002210685121
169647	0.001290717898
169648	0.0003801534229
169649	0.001116873954
169650	1.974589588e-05
169651	0.002816919058
169652	0.0009752644375
169653	0.0004950042042
169654	0.001742647864
169655	0.001298023726
169656	0.0008274886341
169657	0.0007064886332
169658	0.0008830487308
169659	0.0001674048812
169660	0.002393601784
169661	0.001949244724
169662	0.002878725025
169663	0.0002397912872
169664	1.855809392e-05
169665	0.00150165954
169666	0.0007426036287
169667	0.0009583548964
169668	0.002102479353
169669	0.007888838826
169670	0.002464863798
169671	0.002562302448
169672	0.001835394215
169673	5.567700983e-05
169674	0.002005760885
169675	0.002006125061
169676	8.14813146e-05
169677	0.004830271449
169678	1.247295101e-05
169679	0.001840222577
169680	0.001259701752
169681	0.002660508504
169682	0.000107362587
169683	0.0006683765213
169684	0.002040247278
169685	2.50310169e-05
169686	0.00114966501
169687	0.001108400763
169688	0.000532749124
169689	0.0005658075151
169690	0.0006186946032
169691	0.001354047763
169692	0.001807491916
169693	0.00178676511
169694	0.001147268773
169695	0.0002284512036
169696	0.0005342083962
169697	0.001412305003
169698	0.002221943709
169699	0.0003359914118
169700	0.0002325218151
169701	0.001476780947
169702	0.001435724361
169703	0.0003468406253
169704	0.003205808571
169705	0.001048943979
169706	0.002764460067
169707	0.001966317919
169708	0.0001199538543
169709	0.00247822975
169710	0.0007328822413
169711	0.0006074017205
169712	0.001347948581
169713	0.0009107968832
169714	0.0004158509948
169715	0.002739602537
169716	0.002289103434
169717	0.0007467632688
169718	0.008226601718
169719	0.001518011971
169720	0.003246562714
169721	0.002359597765
169722	0.004648885019
169723	0.002657445443
169724	0.002899606073
169725	0.006512264299
169726	0.001482010459
169727	0.0005441163259
169728	0.0003033856654
169729	0.0004917207444
169730	0.001640366061
169731	0.005807071871
169732	0.003359196699
169733	0.00157203121
169734	0.0004704474054
169735	0.001131973306
169736	0.002378747934
169737	0.003322175504
169738	0.0005578923944
169739	0.003371615332
169740	0.002223545687
169741	0.002620687833
169742	0.0001387914328
169743	0.00187271304
169744	0.002578803104
169745	0.0008126514858
169746	0.008021078234
169747	0.002375659845
169748	0.006862275811
169749	0.001850758167
169750	0.0009188398306
169751	0.001393581245
169752	0.0001626661667
169753	0.001922671503
169754	0.001502267389
169755	0.002779193042
169756	0.004412338967
169757	0.000760351974
169758	0.002460318792
169759	0.003830278986
169760	0.001978141749
169761	0.0007238630715
169762	0.001004899209
169763	0.003603935072
169764	0.002531650009
169765	0.002551446862
169766	0.0006041834259
169767	0.0001918213067
169768	0.0006999109502
169769	0.002278139779
169770	8.187168027e-05
169771	0.0001985322808
169772	0.0003964559502
169773	0.0003667767148
169774	0.0005230888566
169775	0.0004340515603
169776	0.002011255328
169777	0.002130961825
169778	0.0045278599
169779	0.001393768948
169780	0.0006007888938
169781	0.001510870435
169782	0.001041229973
169783	0.001337516876
169784	0.004342020087
169785	0.002144627997
169786	0.002525444878
169787	0.002830265092
169788	0.004681898694
169789	0.002587191282
169790	0.003092434577
169791	0.003586388153
169792	0.007208909939
169793	0.001090581317
169794	0.004093799859
169795	0.001409323234
169796	0.0008453324878
169797	0.001717246706
169798	0.001783137652
169799	0.002138392654
169800	0.002569705816
169801	0.002732294993
169802	0.001886243774
169803	0.001484552023
169804	0.0004438192658
169805	0.0003387640896
169806	0.0001082425669
169807	0.0002339828505
169808	0.0003632995031
169809	5.730752857e-08
169810	9.496676159e-07
169811	1.169175921e-06
169812	2.353702075e-08
169813	4.165029305e-07
169814	1.049444117e-06
169815	2.502087632e-07
169816	0.0001181477634
169817	0.0001178034066
169818	0.0001179528155
169819	3.469152174e-07
169820	0.0001183074058
169821	8.135622349e-08
169822	0.0001176846981
169823	2.635122966e-07
169824	2.200199723e-08
169825	0.0001181032477
169826	0.0001178284787
169827	1.146150571e-07
169828	0.0001176335307
169829	0.0002352814602
169830	0.0001177819163
169831	2.722107605e-07
169832	2.363935553e-07
169833	0.0001178622492
169834	2.947244327e-07
169835	0.0001176709548
169836	0.0003697462823
169837	0.005841210609
169838	0.002659562125
169839	0.0009218652685
169840	0.002854574975
169841	0.001025818992
169842	0.001785678984
169843	0.001356301323
169844	0.0005196829493
169845	8.334310036e-05
169846	0.002006628919
169847	0.001110060708
169848	0.002052859841
169849	0.0001226658772
169850	0.002688415919
169851	0.0003510601505
169852	0.0006978277323
169853	0.001044221196
169854	0.002078149563
169855	0.0008484539336
169856	0.001682147647
169857	0.005985738178
169858	0.004612524199
169859	0.001574806765
169860	0.0001553961408
169861	0.0001398342876
169862	0.0005246463782
169863	0.0001142728838
169864	0.0009393474775
169865	0.004353078164
169866	0.001735603647
169867	0.0002899376628
169868	0.0006096478962
169869	0.001611942701
169870	8.02951335e-05
169871	0.0006956594068
169872	0.002173705674
169873	0.0001409097313
169874	0.0001351950859
169875	0.001183022389
169876	0.0005624122713
169877	0.000725598515
169878	5.178721994e-05
169879	0.002501230886
169880	0.002369797944
169881	0.001687693831
169882	0.003802571717
169883	0.003231116337
169884	0.00110502052
169885	0.003274480027
169886	0.002309511748
169887	0.004820440346
169888	0.0009820470325
169889	0.001531474183
169890	0.005081355453
169891	0.008411434226
169892	0.003448994222
169893	0.0002809301627
169894	0.0001443200846
169895	0.005725390797
169896	0.001450522082
169897	0.002769332934
169898	0.001778710095
169899	0.001691855256
169900	0.0002216733729
169901	0.001914356469
169902	0.002261247377
169903	0.0007814850334
169904	0.001181677986
169905	0.001670347608
169906	0.005818812105
169907	0.000473000827
169908	0.003138226389
169909	0.001439538839
169910	0.001462959066
169911	0.001395998401
169912	0.0008661238622
169913	0.003157929574
169914	0.001395452548
169915	0.002574461623
169916	0.001809518482
169917	0.004150853918
169918	0.001293776894
169919	0.001113916409
169920	0.001624212991
169921	0.002650454873
169922	0.001337224407
169923	0.001248844213
169924	0.005346521669
169925	0.004158414116
169926	0.002108610076
169927	0.008228431993
169928	0.001757742383
169929	0.0007756447605
169930	0.002642071575
169931	0.0007985784325
169932	0.0005008270905
169933	0.001263521023
169934	0.000371376002
169935	0.004793605842
169936	0.003157838325
169937	0.003473576655
169938	0.002516080498
169939	0.001157178235
169940	0.003009784265
169941	0.0004528901212
169942	0.004072334012
169943	0.002364776629
169944	0.002160155701
169945	0.0001490700479
169946	0.001521029233
169947	0.0001456594273
169948	0.000452441723
169949	0.003172788281
169950	0.0005208350854
169951	0.003327451747
169952	0.002830246654
169953	0.0008246218118
169954	0.0003301750992
169955	0.003147170261
169956	0.007454395585
169957	0.001245852492
169958	0.0004182190428
169959	0.001925493288
169960	0.001367772994
169961	0.001713601633
169962	0.0001344037246
169963	0.0008535845943
169964	0.0006272789098
169965	0.0001107933363
169966	0.00231559111
169967	0.003218243296
169968	0.0003708403016
169969	0.001485707603
169970	0.00169183976
169971	0.0005914390317
169972	0.001709746444
169973	0.001741768677
169974	0.002230073704
169975	0.0004114762294
169976	4.679885157e-05
169977	0.0008440064
169978	0.0009814037444
169979	0.002187271614
169980	0.004111978982
169981	0.0006341487494
169982	0.003422955379
169983	0.001515345069
169984	0.0003120720965
169985	0.0007964167687
169986	0.0002767738049
169987	0.001155985218
169988	0.0001847827666
169989	0.003038278943
169990	0.002247827564
169991	0.003180966163
169992	0.002393645785
169993	0.0004829081195
169994	2.538000192e-05
169995	0.0005097691634
169996	0.001691626454
169997	0.004396048998
169998	0.001517427435
169999	0.001752281018
170000	0.0002038765965
170001	0.003435678529
170002	0.002172873889
170003	0.001001354159
170004	0.0003384578129
170005	0.0007196907708
170006	0.004821073947
170007	0.001909891611
170008	0.007566869516
170009	0.002486169268
170010	0.002335447719
170011	0.003017108345
170012	0.004071069834
170013	0.001818487707
170014	0.004402687699
170015	0.001065858814
170016	0.000866442727
170017	0.00232786373
170018	0.007509153937
170019	0.0004031479762
170020	0.00169670553
170021	0.0002509902141
170022	0.0002331173082
170023	0.0005294972869
170024	0.0009777062125
170025	0.005136337353
170026	0.002374688992
170027	0.001326515823
170028	0.004690013808
170029	0.002535518175
170030	0.0001197038732
170031	0.0006778238295
170032	0.0003312391591
170033	0.01149523372
170034	0.003678565763
170035	0.0006887923172
170036	0.001126411053
170037	0.0006030660491
170038	0.003468735292
170039	0.0002956713277
170040	0.0003645998765
170041	0.001270616339
170042	0.004994779224
170043	0.0008606771578
170044	0.001708168014
170045	0.003726883586
170046	0.003663301665
170047	0.001033036947
170048	0.000206340083
170049	0.001874768947
170050	0.001868702081
170051	0.000311772742
170052	0.001294019234
170053	0.000950897111
170054	0.0008612760994
170055	0.0001240430384
170056	8.245520648e-05
170057	0.0005637786697
170058	0.000423058324
170059	0.0005624520309
170060	8.087816111e-05
170061	0.0001634908574
170062	0.0001402324923
170063	0.0001137302673
170064	7.69170425e-06
170065	0.002425214748
170066	0.002299740609
170067	0.001412580665
170068	0.002153343833
170069	0.000464141266
170070	0.0006695374713
170071	0.001235351355
170072	0.000425128932
170073	0.001430771924
170074	0.001371642424
170075	0.003219231473
170076	0.0002898530547
170077	0.0014863669
170078	0.002840493618
170079	0.0006952276608
170080	0.0009795883201
170081	0.0001685744886
170082	0.002551323824
170083	0.0001556113867
170084	0.00166080738
170085	0.0005374441081
170086	0.0004974568627
170087	1.353868465e-05
170088	0.003058759267
170089	5.016502142e-05
170090	0.002006554853
170091	0.0007583870097
170092	0.0002808263421
170093	0.0004873464544
170094	0.002742451338
170095	0.0004548099376
170096	0.0004437997083
170097	0.0004354020321
170098	6.447096967e-08
170099	2.901633564e-05
170100	0.002024313505
170101	0.000718633623
170102	0.003211906294
170103	0.001347380147
170104	0.003338255798
170105	0.003796187457
170106	0.006028531674
170107	0.0003996518172
170108	0.0001002814996
170109	0.0003610829903
170110	0.002900723528
170111	0.002846946477
170112	0.001526699146
170113	0.002236343946
170114	0.000814074086
170115	0.001406960377
170116	0.002089462705
170117	0.0004135845767
170118	0.008550942538
170119	0.004565265718
170120	0.0006595261962
170121	0.0009731511833
170122	0.0006885048866
170123	0.0007527463903
170124	0.0008284995222
170125	0.0002487431803
170126	0.0003739301541
170127	0.000214182429
170128	0.0002825107251
170129	0.0007684353017
170130	0.0009090836159
170131	0.0003352519764
170132	0.0002224683161
170133	0.004392733024
170134	0.0008661283198
170135	0.001553365595
170136	0.005775469776
170137	0.000839996795
170138	0.003728524919
170139	0.001821940419
170140	0.001872587052
170141	0.005744583303
170142	0.001194021336
170143	0.003935436784
170144	0.004772529667
170145	0.003386044799
170146	0.005802117004
170147	0.004784590543
170148	0.0003325979518
170149	0.001601346455
170150	0.001649763827
170151	0.0001133691471
170152	0.001548335864
170153	0.0002954835316
170154	0.001619842224
170155	0.002839109554
170156	0.005034552629
170157	0.002616757466
170158	0.001617157532
170159	0.004920318454
170160	0.001296335036
170161	0.01215041989
170162	0.007226009778
170163	0.002517301433
170164	0.004952916614
170165	0.001382121771
170166	0.0012772203
170167	0.00178227519
170168	0.004612977033
170169	0.00424659447
170170	0.001782421794
170171	0.005100999279
170172	0.0005173421488
170173	0.0004813542034
170174	0.001088794305
170175	0.0005159503801
170176	0.0006874429758
170177	0.007263865342
170178	0.0006519726264
170179	0.0003606843453
170180	0.003787607151
170181	0.005761553015
170182	0.005281270292
170183	0.0005751237196
170184	0.001069549024
170185	0.0005437395382
170186	0.00360578529
170187	0.0009803696314
170188	0.002837140159
170189	0.004965060785
170190	0.003726955392
170191	0.002516935707
170192	0.005572170827
170193	0.0001262818141
170194	0.001296542216
170195	0.002536599914
170196	0.002700280754
170197	0.0009685421444
170198	0.00363116695
170199	0.0006362432615
170200	0.00359745148
170201	0.001185125911
170202	0.000292902944
170203	0.0009252372158
170204	0.007501995039
170205	0.002482377681
170206	5.304564186e-05
170207	0.004564644179
170208	0.002762272777
170209	0.0005036564824
170210	0.0005519573847
170211	0.001292595156
170212	0.002135363767
170213	0.002393863795
170214	0.002406238365
170215	0.001609531534
170216	0.003072522148
170217	0.001387717142
170218	0.0002841392842
170219	0.00174690818
170220	0.004522143573
170221	0.0006806129605
170222	0.002065354371
170223	0.004475528592
170224	0.002126940338
170225	0.001500995365
170226	0.001568324328
170227	0.002160622017
170228	0.002902599237
170229	0.003118132935
170230	0.001652419512
170231	0.006211263468
170232	0.002401296272
170233	0.0001556873624
170234	0.005877370639
170235	0.001565492701
170236	0.0001011835607
170237	0.001103084282
170238	0.003130279792
170239	0.004250631381
170240	0.003110467549
170241	0.001823054203
170242	0.0002927548589
170243	0.003379854965
170244	0.0005693447001
170245	0.003987561823
170246	0.0005196460132
170247	0.005147771256
170248	0.003488580324
170249	3.092276489e-05
170250	0.002589007717
170251	0.002646661358
170252	0.004164232802
170253	0.0002373579501
170254	0.0006826590795
170255	0.001095568134
170256	0.001589463448
170257	8.211925475e-05
170258	0.001226939863
170259	0.0006132070394
170260	0.001178990582
170261	0.001418094129
170262	0.002920165264
170263	0.0004521335742
170264	0.001597422808
170265	0.004445583439
170266	0.00373731988
170267	0.001422971165
170268	0.0007021321014
170269	0.00139771297
170270	0.0007026607406
170271	0.001874278258
170272	0.004110481102
170273	0.000345782412
170274	0.001339744872
170275	7.685564325e-05
170276	0.002035013883
170277	0.002139614574
170278	0.0002937091429
170279	0.007528871237
170280	0.0002734468227
170281	2.814208992e-07
170282	0.0002593304365
170283	2.456036935e-07
170284	0.0004025730241
170285	0.0001427708238
170286	0.0004030509279
170287	0.0004028390947
170288	0.0004023540274
170289	0.005903030282
170290	0.007794951151
170291	7.561085145e-08
170292	0.001347968377
170293	7.660472902e-05
170294	0.00358373228
170295	0.0003243148277
170296	0.003086058361
170297	0.0002791282977
170298	0.001377527971
170299	0.0002848143606
170300	0.003348651861
170301	0.0002641783019
170302	0.001510924041
170303	0.0002759688531
170304	0.001046039738
170305	0.003046748051
170306	0.000457438352
170307	0.001869079773
170308	0.001489066419
170309	0.0001338097613
170310	0.001752502407
170311	0.001571648165
170312	0.0009354980756
170313	0.0001339018416
170314	0.001065795212
170315	0.001065583991
170316	0.0001185121855
170317	0.001065827792
170318	0.001390980925
170319	0.000152692137
170320	0.0003557381803
170321	0.0002740547973
170322	0.001145585863
170323	0.001439655784
170324	0.0008859908668
170325	0.001651545565
170326	0.0001301128373
170327	0.001549805083
170328	0.001638566759
170329	0.0007857209044
170330	0.0008078706686
170331	0.0008395995843
170332	0.0009175175493
170333	0.002478937418
170334	0.0007907351963
170335	0.005114693326
170336	0.004707836583
170337	0.0009729982961
170338	0.001951940889
170339	0.002157140761
170340	0.002532810562
170341	0.001570977013
170342	0.00325678815
170343	0.001435050806
170344	0.0007208304005
170345	0.0008879570902
170346	0.003108254702
170347	0.0008219443322
170348	0.002329770555
170349	0.0006507229289
170350	0.0008223374085
170351	0.002533856666
170352	0.003008865745
170353	0.001294874372
170354	3.078385893e-05
170355	0.000780459887
170356	0.0007777283933
170357	0.003269665408
170358	0.0013442271
170359	0.005185905191
170360	0.0003209070591
170361	0.0009899463064
170362	0.001278697596
170363	0.0005121725892
170364	0.0004516839077
170365	0.002115856382
170366	0.003837363068
170367	0.0002104933794
170368	0.001901490016
170369	0.001963757216
170370	1.741445417e-05
170371	0.0002280832183
170372	0.003936091329
170373	0.0004389990945
170374	0.001241128949
170375	0.0006168904311
170376	0.002810775503
170377	0.0004987894537
170378	0.0002540486616
170379	8.932649997e-05
170380	0.00128415411
170381	0.002149796955
170382	0.0003725548348
170383	0.001421421482
170384	0.0005860997543
170385	0.0007978156932
170386	0.001645185269
170387	0.0003405884501
170388	0.001417670278
170389	0.003082935364
170390	0.001831392479
170391	0.001557631479
170392	0.00403051245
170393	0.002313836823
170394	1.019633994e-05
170395	0.001471574248
170396	0.0004625304982
170397	0.001571752282
170398	0.0001165815426
170399	0.001608245137
170400	0.003980258816
170401	1.497411698e-06
170402	0.0005649426832
170403	0.0004765957552
170404	0.0006442491005
170405	0.005147975362
170406	0.001049733823
170407	0.003035496934
170408	0.00149666772
170409	0.0001226451473
170410	2.494573343e-05
170411	0.001583446216
170412	0.002777763291
170413	0.003585630126
170414	0.0009737833814
170415	0.004291446081
170416	0.001546005416
170417	0.001030795588
170418	0.003408055558
170419	0.001595328576
170420	0.0004975323005
170421	0.002206096435
170422	5.881066516e-05
170423	0.002560034256
170424	0.00564196793
170425	0.0005336962465
170426	0.0005750741296
170427	0.001588828896
170428	0.004321249885
170429	0.0048846477
170430	0.0007967811238
170431	0.003264549834
170432	0.002904035676
170433	0.001879081628
170434	0.0005863043957
170435	0.002977544853
170436	0.0006717090634
170437	0.0005398980933
170438	0.003716274523
170439	0.001352757958
170440	0.001003464909
170441	0.003204275869
170442	8.605243888e-05
170443	0.001693190679
170444	0.002681683251
170445	0.0004944240135
170446	0.003752768692
170447	0.00066072473
170448	0.0006450299605
170449	0.00419939577
170450	0.001027152626
170451	0.00223636818
170452	0.002368142491
170453	0.001532008253
170454	0.0006417483473
170455	0.006988702563
170456	0.005436977884
170457	5.387579044e-05
170458	0.002520942723
170459	1.489195866e-05
170460	0.002143550296
170461	0.00138516416
170462	8.128657061e-06
170463	0.0008484425214
170464	0.0006300071579
170465	0.003557152562
170466	0.0008361494883
170467	0.002953537562
170468	0.003072353518
170469	0.004786152534
170470	0.00049188329
170471	0.0007459534712
170472	0.004236990143
170473	0.003680324431
170474	0.004035785812
170475	0.0001152812375
170476	0.003336232764
170477	0.005754338088
170478	0.004974428898
170479	0.002057879947
170480	0.002707650762
170481	0.00470923822
170482	0.001920235661
170483	0.001896407317
170484	0.002007524163
170485	0.001429388983
170486	0.0006892934375
170487	0.002973494278
170488	2.376923635e-05
170489	9.535149644e-05
170490	0.002241327737
170491	0.00434286409
170492	0.0002534023664
170493	0.002540501303
170494	0.001510021534
170495	0.002665686797
170496	0.004058093513
170497	0.0003965915287
170498	0.001793198905
170499	0.002363631427
170500	0.0002396921616
170501	0.0009952234384
170502	0.0005535564383
170503	0.0006380107398
170504	0.000330398126
170505	0.0018682246
170506	0.002750448029
170507	0.0002995521527
170508	0.001859764529
170509	2.280128004e-05
170510	0.002974386378
170511	0.002942524544
170512	0.002700616989
170513	0.00223064844
170514	0.003264624566
170515	0.003394567137
170516	0.003079372254
170517	0.003581291046
170518	0.003526457334
170519	0.003836551539
170520	0.003494906959
170521	0.002441399537
170522	0.002816236576
170523	0.003704125319
170524	0.001908026967
170525	0.00314561041
170526	0.003055593021
170527	0.003638909265
170528	0.002644519785
170529	0.003335187732
170530	0.003256773118
170531	0.003101648875
170532	0.003621558178
170533	0.003465935985
170534	0.003143283745
170535	0.003660960607
170536	0.003210301717
170537	0.003179118632
170538	0.003385357745
170539	0.002830624768
170540	0.002611811256
170541	0.002969763188
170542	0.00375012046
170543	0.0003626522515
170544	0.001031701707
170545	0.002288231934
170546	0.004759787579
170547	0.001176186235
170548	0.000655928603
170549	0.0004096622516
170550	0.00183869018
170551	0.0006251820481
170552	0.002449027938
170553	0.001902178161
170554	0.0007467365185
170555	0.0006430838555
170556	0.0009275729782
170557	1.688836773e-05
170558	0.003025631453
170559	0.0001622671503
170560	0.0001049967656
170561	0.0003544733247
170562	0.000442073938
170563	0.0004354872628
170564	0.0002433711302
170565	0.0001805650338
170566	0.0001746638934
170567	0.000189496901
170568	5.952825492e-05
170569	8.373022966e-05
170570	0.0001287832284
170571	0.000183339649
170572	0.0001551489633
170573	0.0002865702954
170574	3.781515002e-05
170575	0.0002403815779
170576	0.0001868187676
170577	0.000621057933
170578	0.0001510369316
170579	0.0005699152277
170580	0.0002916285266
170581	0.000318529432
170582	0.0003485192493
170583	0.0002931400745
170584	1.092151034e-06
170585	0.0001096048253
170586	0.0002458433711
170587	0.0001853646203
170588	6.429223445e-05
170589	0.0003726024275
170590	0.000198945283
170591	0.0001384021156
170592	0.0001173943314
170593	0.0006078478187
170594	0.0001339855705
170595	0.0003766348922
170596	0.0002813732309
170597	0.0004371874392
170598	0.0002735149988
170599	0.000170428148
170600	0.0002414997632
170601	0.0001799000445
170602	0.0003031009805
170603	0.0003915652897
170604	0.0001579275811
170605	0.0003722387578
170606	0.000309869364
170607	7.215206357e-05
170608	0.0001819894715
170609	6.678522997e-05
170610	0.0005221069577
170611	0.0002741798688
170612	0.0001930683659
170613	0.000386461573
170614	0.0002574728388
170615	1.840947037e-05
170616	0.0001183138343
170617	0.0002671922041
170618	0.0001992318902
170619	0.0001204939344
170620	0.0003058191823
170621	0.002058193904
170622	0.0005580472881
170623	0.0009795974305
170624	8.890513792e-05
170625	0.002543679645
170626	0.0008080132874
170627	0.001318443894
170628	0.001230477551
170629	0.002991766808
170630	0.001098143175
170631	0.0006680761745
170632	0.0005242568478
170633	0.0008153490497
170634	0.000432997792
170635	2.432389709e-05
170636	0.001254666849
170637	0.0007713036322
170638	3.190630136e-05
170639	0.000454066396
170640	6.538531869e-05
170641	0.0003443277005
170642	0.0001096043151
170643	0.0003614109165
170644	0.0006150018229
170645	0.0002927805319
170646	0.00016706336
170647	0.0002155020451
170648	0.0004737131009
170649	0.0002442190664
170650	0.001101760841
170651	0.0005897053137
170652	0.0006565767569
170653	0.0003005957292
170654	0.0008114732712
170655	0.0005815145726
170656	9.79405857e-05
170657	0.0001491685662
170658	0.0005533589588
170659	5.025110814e-05
170660	0.0003251474453
170661	0.0007628964654
170662	1.381520775e-08
170663	0.0006252067309
170664	0.0008295381332
170665	8.478916167e-05
170666	0.0002380901435
170667	7.891048475e-05
170668	0.0006323332925
170669	0.0003019176996
170670	1.067308595e-05
170671	8.931444379e-05
170672	0.0007695083978
170673	0.0002566683471
170674	0.0002103798557
170675	0.0004921332434
170676	1.461011784e-05
170677	0.0002480080728
170678	0.000376620421
170679	0.001251930576
170680	0.000609511544
170681	0.0004231217397
170682	0.0007366224597
170683	0.0004410236695
170684	0.001057605473
170685	0.000686001282
170686	0.0001618675975
170687	0.001853609026
170688	0.0005824392427
170689	0.001972164222
170690	0.0004860797443
170691	0
170692	0.0009434814816
170693	0.001053537501
170694	0.0005406976307
170695	0.0003533097269
170696	0.0003502677202
170697	3.332302875e-05
170698	0.0003989607523
170699	8.476535518e-05
170700	0.0004736152352
170701	0.0001597724309
170702	0.0001868212194
170703	9.443829524e-05
170704	0.0002944330455
170705	0.0001094636514
170706	0.0008016887063
170707	0.0007674462864
170708	0.0005754114438
170709	0.0002059133125
170710	0.0008781686221
170711	0.0008294558193
170712	0.0005242485157
170713	6.516594325e-05
170714	0.0005981422602
170715	0.0002638510148
170716	0.0006271121176
170717	0.001146025412
170718	0.0006787701527
170719	0.0002988690978
170720	0.0001493599492
170721	0.0005071676137
170722	0.0004376016855
170723	0.0002066196245
170724	0.0002266806257
170725	0.0003537008509
170726	0.0001842171738
170727	0.001208157516
170728	0.0001024228004
170729	0.0005930568731
170730	3.80218732e-05
170731	0.0003072643239
170732	1.947841962e-06
170733	2.550329908e-05
170734	0.0003989247255
170735	0.00150510278
170736	0.0007203270532
170737	0.001996235871
170738	0.001171894821
170739	8.375743276e-05
170740	0.0003404766392
170741	0.0003264541758
170742	0.001098767373
170743	0.0004609449737
170744	8.837745554e-05
170745	0.0005297166038
170746	0.0006036350773
170747	0.0004378473109
170748	0.0009198661968
170749	3.499852638e-08
170750	0.001360283721
170751	0.001022920131
170752	0.0004632689845
170753	0.0007170501616
170754	0.0001107148857
170755	0.001939318059
170756	0.000439737155
170757	0.0003761049875
170758	0.0001712923323
170759	0.001432829804
170760	0.0004958563258
170761	8.309591648e-08
170762	0.0001076568379
170763	0.0004681528454
170764	0.0009073532152
170765	0.001381320346
170766	0.0007099754085
170767	1.174916633e-06
170768	0.003787678992
170769	0.002066617856
170770	0.0005723956232
170771	0.0002370496958
170772	0.00145100522
170773	0.00193114278
170774	0.0008462966204
170775	0.001210546509
170776	0.005524394786
170777	0.00212708133
170778	0.001306477275
170779	0.0005662458348
170780	0.00577384545
170781	0.001041460789
170782	0.00063897026
170783	0.005851742143
170784	0.003433546029
170785	0.0009312373889
170786	0.005942187795
170787	0.001627663607
170788	0.0002787065595
170789	0.003394118721
170790	0.0001252316584
170791	0.0001925852539
170792	0.001462833364
170793	0.001048739693
170794	0.000316518515
170795	0.004683509011
170796	0.003822097736
170797	0.002130682794
170798	0.004386149625
170799	0.002354340776
170800	0.003488150606
170801	0.0002567397351
170802	0.006909596097
170803	0.0007403931802
170804	0.004305389832
170805	0.002696931825
170806	0.0005200324502
170807	0.001692367946
170808	0.0008482813999
170809	0.001738314455
170810	0.001818040733
170811	0.0005433993637
170812	0.001877637679
170813	0.0006139588587
170814	0.002861867428
170815	0.0003174639604
170816	0.003115593481
170817	0.004287495882
170818	0.0005383057985
170819	0.001317864936
170820	0.001648444746
170821	0.0007219147974
170822	0.0002241944414
170823	0.004803513359
170824	0.00255471262
170825	0.004015812651
170826	0.001750529839
170827	0.0001785669217
170828	0.003598808346
170829	0.003045738011
170830	0.003960991394
170831	0.003299243644
170832	0.00344953072
170833	0.0004426842362
170834	0.002518003686
170835	0.0004612937802
170836	9.939094173e-06
170837	0.001322575197
170838	0.001852852124
170839	0.002261126669
170840	0.001840968852
170841	0.0003632663948
170842	0.00304712709
170843	0.001121695078
170844	0.000536886182
170845	0.0042496441
170846	1.584295434e-05
170847	6.484456391e-06
170848	0.0004878544427
170849	0.001346873046
170850	0.004585736563
170851	0.001931066206
170852	0.001318472534
170853	0.000152540996
170854	0.0001812607976
170855	0.0004210755764
170856	0.001928151836
170857	0.004968073677
170858	0.003046693888
170859	0.001871038949
170860	0.006802533685
170861	0.006937444989
170862	0.00927070389
170863	0.0008080630749
170864	0.0005324060232
170865	0.001271468056
170866	0.0001898456551
170867	0.0004309752596
170868	0.0001804645921
170869	0.0004984867044
170870	0.003075574933
170871	0.00142836779
170872	0.0001356777128
170873	0.0002096925726
170874	0.0007593281491
170875	0.01286124891
170876	0.005975949299
170877	0.003241974064
170878	0.000305508552
170879	0.0003638563971
170880	0.001851322731
170881	0.001359494755
170882	0.0005328504179
170883	0.000178271516
170884	0.001185060883
170885	0.001344420386
170886	0.0001269477451
170887	0.0005338387877
170888	0.0003596217658
170889	5.861051006e-05
170890	0.0008387745623
170891	0.0009708853649
170892	0.0006217198632
170893	0.0001037734361
170894	0.006388314491
170895	0.001449321444
170896	0.001699774942
170897	0.001762569001
170898	0.0002663551301
170899	0.0002037556994
170900	0.0005020953833
170901	0.000172353209
170902	0.0007795690642
170903	0.0006112854056
170904	0.001344592359
170905	0.002275324007
170906	0.0009046081732
170907	0.001660570405
170908	0.001407699356
170909	0.0001168449601
170910	0.00300997635
170911	0.0002201577033
170912	0.001019591566
170913	0.004206488866
170914	0.006990033923
170915	0.001338526233
170916	0.003394135201
170917	0.0009066394345
170918	0.0004761123321
170919	0.002353936171
170920	0.0007377750558
170921	0.001239829606
170922	0.001234247508
170923	0.003529328399
170924	0.001733473563
170925	0.001658754021
170926	0.002635446019
170927	0.0007332870917
170928	0.001049845171
170929	0.001073433599
170930	0.0007658843366
170931	0.0007241025572
170932	4.919001308e-05
170933	0.002434716548
170934	0.0003331217495
170935	0.0009013858597
170936	0.0009307339097
170937	0.0006951244961
170938	0.0004397821454
170939	7.456710516e-06
170940	0.001050243444
170941	0.001763792095
170942	0.0009315631834
170943	0.0001689377772
170944	0.0008095843529
170945	0.0001567551611
170946	0.0006644983356
170947	0.001687242281
170948	0.0007102143837
170949	0.000552754261
170950	0.001012501508
170951	0.0002780796643
170952	0.001042903324
170953	0.0006999514285
170954	0.003558659279
170955	0.004398362762
170956	0.004621547022
170957	1.597862501e-05
170958	0.002560003235
170959	0.003284319227
170960	0.002079598861
170961	0.001472031923
170962	0.0006402164957
170963	0.002697754086
170964	0.0002722290365
170965	0.001347124123
170966	0.00130378782
170967	0.001650177298
170968	0.004709937242
170969	0.002149539001
170970	0.0006323807047
170971	0.002387831873
170972	0.002201402913
170973	0.0002947154636
170974	0.003505369186
170975	0.00719049606
170976	0.006132203469
170977	0.0006649829427
170978	6.036593795e-05
170979	8.183050085e-05
170980	4.96971433e-05
170981	0.0004020112957
170982	6.995970609e-06
170983	8.462424888e-05
170984	6.693679083e-05
170985	0.001395475879
170986	0.00621750778
170987	0.0005122522836
170988	0.0008600209455
170989	0.0002374974407
170990	0.0006143967897
170991	0.001431281197
170992	0.0001131302569
170993	0.001586676875
170994	0.001904700323
170995	0.0007181590753
170996	0.002717453436
170997	2.999234682e-05
170998	0.001457225584
170999	0.0002465810205
171000	0.0008783699521
171001	0.007843971424
171002	0.002604978812
171003	0.0006695233035
171004	1.058087765e-05
171005	0.0001491434374
171006	0.0004665110539
171007	0.001207094186
171008	0.003798303286
171009	0.001538237847
171010	0.0008991090573
171011	0.0001365569726
171012	0.000887292549
171013	0.002861422883
171014	0.002080917594
171015	0.000352913047
171016	0.001018783174
171017	0.002996062817
171018	0.002513603289
171019	0.001683213533
171020	0.00100407453
171021	0.0008525360965
171022	0.0004418899086
171023	0.0001535816031
171024	0.001378754445
171025	0.0001894517852
171026	0.002331613345
171027	0.0001575857575
171028	0.0009480437617
171029	0.001888527187
171030	0.002016086088
171031	0.001059457826
171032	0.003261912011
171033	0.00196448448
171034	0.003495961014
171035	0.003234831417
171036	0.001023932372
171037	0.00696720651
171038	0.005083878067
171039	0.003927889584
171040	0.003681336613
171041	0.0004861596648
171042	0.0007699321834
171043	0.002974362703
171044	0.002458085205
171045	0.001830554311
171046	4.695037573e-05
171047	0.003920375525
171048	0.001121829918
171049	0.001757713446
171050	4.169943322e-05
171051	0.0006681359839
171052	0.001090677519
171053	0.001399497684
171054	0.003289035844
171055	0.002932580452
171056	0.00608375836
171057	4.307627077e-05
171058	0.001200095937
171059	0.001101066131
171060	0.003431595053
171061	0.001023954897
171062	0.003266445597
171063	0.003537119007
171064	0.0004983258456
171065	0.001608770877
171066	0.00326823442
171067	0.001130351887
171068	0.004971388594
171069	0.0004054537664
171070	0.002456124239
171071	0.001978384281
171072	0.001709301177
171073	0.009161465744
171074	0.004025772523
171075	0.006244874238
171076	0.0005573323079
171077	0.003109720357
171078	0.002394832992
171079	0.006061282031
171080	0.0002894831139
171081	0.005252464355
171082	0.006304128831
171083	0.00320749247
171084	0.0005990439284
171085	0.006081311909
171086	0.0007868388172
171087	0.007270538492
171088	0.002308063089
171089	0.001589030316
171090	0.006147127378
171091	0.004234286102
171092	0.001992086842
171093	0.001482469522
171094	0.003254056752
171095	0.001051508933
171096	0.0002943696268
171097	0.002419368401
171098	0.002080666826
171099	0.001439481238
171100	0.000150336715
171101	0.002338499374
171102	2.797171369e-05
171103	0.004615014441
171104	0.001797722827
171105	0.003083772308
171106	0.001229242547
171107	0.001222276906
171108	7.336672365e-05
171109	0.001884873539
171110	9.029489739e-05
171111	0.003174266966
171112	0.001258697919
171113	0.004386817923
171114	0.0003172709722
171115	0.0004639319682
171116	0.000690965041
171117	0.004520777358
171118	0.0002333801592
171119	0.006001834558
171120	0.008095736613
171121	0.005252870026
171122	0.002470824006
171123	0.003389049813
171124	0.003158847467
171125	0.003015717521
171126	0.003041340867
171127	0.0003834774335
171128	0.0009999793527
171129	0.002805799675
171130	0.002544201515
171131	0.00165387532
171132	0.0004386689021
171133	0.0004163091236
171134	0.0002236358691
171135	0.0006815921604
171136	8.533284598e-05
171137	0.001069539858
171138	0.0004114917108
171139	0.0008098951186
171140	0.001574709305
171141	0.0006689565879
171142	0.0006272866285
171143	0.0004715773542
171144	0.0007571391555
171145	0.001030453294
171146	0.0005139467537
171147	0.0007657179466
171148	0.0003230490518
171149	0.0004696186374
171150	0.0004580345334
171151	0.0007580920241
171152	0.0008701201335
171153	0.0006639253398
171154	0.001435109655
171155	0.00093951615
171156	0.0002981709702
171157	0.0007744394284
171158	0.000926681846
171159	0.0004195212953
171160	0.0003898433551
171161	0.002293724914
171162	0.0005154442518
171163	0.0004355631429
171164	0.0006408709945
171165	0.001179678833
171166	0.0007449003509
171167	0.001924794581
171168	0.002391939073
171169	0.0005214010403
171170	0.001109843997
171171	0.001014661683
171172	0.001111744578
171173	0.0005851965629
171174	0.0008299741008
171175	0.0005570439457
171176	0.000762766642
171177	0.001072581962
171178	0.001756147528
171179	0.0001212113762
171180	0.0007740678457
171181	0.0004862763916
171182	0.0003697575898
171183	0.000383711871
171184	0.0003256368167
171185	0.0007233518213
171186	0.0003661558475
171187	0.0005361956153
171188	0.000613679119
171189	0.000534348375
171190	0.0001832546373
171191	0.0005512209859
171192	0.0004033816845
171193	0.0006072001786
171194	0.00031374341
171195	0.0005841493885
171196	0.0002887880462
171197	0.0001861167629
171198	0.0004930127862
171199	0.0003882438983
171200	0.0006422562637
171201	0.0003070468185
171202	0.0005319750411
171203	0.0004377859863
171204	0.0008888723465
171205	0.000500243092
171206	0.0009618815001
171207	0.0003853316762
171208	0.0006117983012
171209	0.0004645607363
171210	0.000508456408
171211	0.0005209594856
171212	0.0003230926404
171213	0.0006609680807
171214	0.0002371597299
171215	0.001472723368
171216	0.0005519848002
171217	0.0001291485476
171218	0.0002839298002
171219	0.0006827876302
171220	7.581570801e-06
171221	0.001566882558
171222	0.0002571850133
171223	0.0008577781089
171224	0.0003102866539
171225	1.168044603e-05
171226	0.0006124176058
171227	0.0002311457356
171228	0.0007819017319
171229	0.001429440255
171230	0.000257968144
171231	0.0001576319125
171232	0.000184118605
171233	0.0007161811252
171234	0.001644231163
171235	0.0004584945383
171236	0.000815499892
171237	0.0004050540364
171238	0.0007010592206
171239	0.0005046580771
171240	0.0003890957177
171241	0.0006090483425
171242	0.0005459707922
171243	0.0006758569662
171244	0.001781613035
171245	0.0007415797676
171246	0.001932122261
171247	0.001036411827
171248	0.000659755869
171249	0.0006964935683
171250	0.0004470069038
171251	6.568537667e-05
171252	0.0006692422028
171253	0.0001597149973
171254	0.00111464853
171255	0.0006709341152
171256	0.0004290432843
171257	0.0005591510329
171258	0.0007663131259
171259	0.000557561828
171260	0.000784930044
171261	0.0001377830446
171262	8.065246973e-05
171263	0.0006255412118
171264	0.0003023715264
171265	0.0003562730504
171266	0.0002328904064
171267	0.0001390485332
171268	0.000144038485
171269	0.0006536527357
171270	0.0009812341563
171271	0.0004527860876
171272	0.0009719071524
171273	0.0005183839348
171274	0.0006369913281
171275	0.000343091777
171276	3.242767991e-07
171277	0.0001462527759
171278	0.0004455694328
171279	0.0001353418116
171280	0.001389981034
171281	9.024323893e-05
171282	0.0003544334212
171283	0.0001294422074
171284	0.0009803349995
171285	0.0004303093109
171286	0.001044833182
171287	0.0001193458111
171288	0.0004223804983
171289	0.0003811031231
171290	0.0008052618767
171291	7.428346033e-05
171292	0.0002837314514
171293	0.001250462274
171294	0.0002874037215
171295	0.0003635176675
171296	0.0005981530367
171297	0.0003009949151
171298	0.0008132363375
171299	0.0001778296015
171300	0.0002926831852
171301	0.002410987071
171302	0.001129667884
171303	0.001445000049
171304	0.0006679094528
171305	5.418365159e-05
171306	0.0002466145254
171307	0.0003891057776
171308	0.0005622006402
171309	0.0004436074103
171310	0.0008510778023
171311	0.0007794374368
171312	6.174117926e-05
171313	0.0004120609924
171314	0.003634857557
171315	2.379278555e-05
171316	7.838479451e-05
171317	0.0001301981041
171318	0.0006390330159
171319	0.0001883147435
171320	0.0004793768087
171321	0.00111013641
171322	0.0005365241234
171323	0.0007408747953
171324	0.0005629650225
171325	0.001867497034
171326	0.0007025065923
171327	0.001130331572
171328	0.0002564299883
171329	0.0003831150172
171330	0.0003866067057
171331	5.581352953e-05
171332	0.0004716299347
171333	0.0001691205304
171334	1.317173162e-05
171335	0.000737562349
171336	0.001076183618
171337	0.0004593418136
171338	0.0001031164627
171339	0.001148247944
171340	0.0005106196168
171341	0.0004712207647
171342	0.0003275496362
171343	0.0005433197722
171344	0.0005769604805
171345	0.0004796540114
171346	0.0006177976074
171347	0.001755832418
171348	0.0002276397266
171349	0.0005367393078
171350	0.001606124221
171351	0.001543099438
171352	0.0009463521833
171353	0.0004540238281
171354	0.0008064209991
171355	2.290922967e-05
171356	0.0001192681737
171357	0.001632328723
171358	0.0004472489245
171359	0.0007755437952
171360	0.0007023722444
171361	0.0007303356774
171362	0.0006002035472
171363	0.0009115326053
171364	0.0008365403111
171365	0.0009860139265
171366	0.0004000081077
171367	8.964295443e-05
171368	7.944844494e-05
171369	0.0006670374139
171370	0.001507402523
171371	0.002269925232
171372	0.000446576611
171373	0.001903942836
171374	0.0005942124109
171375	0.0009225890147
171376	0.0003598061304
171377	0.0003492099941
171378	0.0003818499225
171379	0.0002605022692
171380	0.0004358066733
171381	0.0003973447109
171382	0.0001365776536
171383	0.0008730653156
171384	0.0008101461033
171385	0.0004368805696
171386	4.107799129e-05
171387	0.0005173201883
171388	0.0008744143194
171389	0.0005811169556
171390	0.0004619386851
171391	0.0004764282224
171392	0.001578542355
171393	0.001518215401
171394	0.0001476630381
171395	0.000516047707
171396	0.0002297462081
171397	0.0006140573086
171398	0.0003284423303
171399	0.0005415338222
171400	0.0007650010815
171401	0.0004978259648
171402	0.0004749631849
171403	0.000545435783
171404	0.0002672329943
171405	0.0008535156842
171406	0.0003756185942
171407	0.001533288551
171408	0.001002275288
171409	0.000653355539
171410	0.0006489009885
171411	0.001918088421
171412	0.0001772005033
171413	0.0004602188077
171414	0.0007502379322
171415	0.0003185451509
171416	0.001497030592
171417	0.0009539937005
171418	0.000801425531
171419	0.001176229922
171420	1.276456871e-05
171421	9.814019731e-05
171422	0.0007654287557
171423	0.0006824156232
171424	0.0002573963358
171425	0.004100160951
171426	0.000716779167
171427	0.002379116219
171428	0.005706877443
171429	0.003038803174
171430	0.005459891495
171431	0.006067509298
171432	0.002466150224
171433	0.004238842374
171434	0.005381443211
171435	0.001434703279
171436	0.0007489101947
171437	0.003616281896
171438	0.0001367239748
171439	0.000460307711
171440	0.001831898231
171441	0.000377427996
171442	0.0002480835204
171443	0.000341491824
171444	0.000340170256
171445	0.001796702652
171446	0.000795860447
171447	0.001595325434
171448	0.0001571300748
171449	0.0003284349858
171450	0.001054618995
171451	0.00152082596
171452	0.0006614694656
171453	0.0008533529771
171454	0.000279088545
171455	0.001114158081
171456	0.003558479833
171457	0.002620288575
171458	0.001749782591
171459	0.001781708102
171460	0.006160286853
171461	0.004682790401
171462	0.004557623259
171463	0.006605641346
171464	0.0003798099198
171465	0.007615320085
171466	0.001228933528
171467	0.004227559802
171468	0.004136412747
171469	0.002124176234
171470	0.001060549568
171471	0.001261478081
171472	0.003220584865
171473	0.002004266569
171474	0.0003054898616
171475	0.003277345195
171476	0.001007042598
171477	0.003091547171
171478	0.005151470575
171479	0.001398944367
171480	0.0004881738799
171481	0.0023621928
171482	0.003614386
171483	0.00161027463
171484	0.0007747031962
171485	0.0003032683276
171486	0.002292348494
171487	0.001231437189
171488	0.002193878699
171489	0.0002101349321
171490	0.002035931433
171491	0.001500469096
171492	0.0005901899838
171493	0.002162943748
171494	0.0002021641733
171495	0.001076086245
171496	0.0005788744066
171497	0.000545866226
171498	0.0008241633918
171499	0.002780204348
171500	0.001057337201
171501	0.002925586492
171502	0.001040579997
171503	0.007378705597
171504	0.003792619109
171505	0.0002924330763
171506	0.003816901936
171507	0.0008796343633
171508	0.001042340794
171509	0.00481517902
171510	0.000167008285
171511	0.005963506339
171512	0.001615433511
171513	0.0005099226594
171514	0.0005010273969
171515	0.001413947301
171516	0.001861463253
171517	0.002721179485
171518	0.001391517232
171519	0.001468270503
171520	0.001233771183
171521	0.001013585421
171522	0.001073529201
171523	0.004533870574
171524	0.005389240451
171525	0.001916606759
171526	6.231897081e-05
171527	0.0007420944668
171528	0.00197568836
171529	0.001517244863
171530	0.001917911777
171531	0.001601104515
171532	5.725158099e-05
171533	0.005503532702
171534	0.001350602556
171535	0.0001989765754
171536	0.003632647597
171537	0.002174736011
171538	0.001664577244
171539	0.001177464349
171540	0.001729923449
171541	0.001331018934
171542	0.0001773563811
171543	0.003254006764
171544	0.0002255836625
171545	0.001659045844
171546	0.0005182995506
171547	0.004871602087
171548	0.00215239865
171549	0.0009133864652
171550	0.0004639765803
171551	0.0001052352145
171552	0.0002737350152
171553	0.000108318778
171554	0.0008696099332
171555	8.445793897e-05
171556	0.001050536976
171557	0.000423605143
171558	0.003058155362
171559	0.001724308014
171560	0.001089783948
171561	0.004744509578
171562	9.572745005e-06
171563	0.0003061970029
171564	0.003959471545
171565	0.0005766965914
171566	0.002162241838
171567	0.001267173542
171568	0.001569121042
171569	0.005658862202
171570	0.002997618283
171571	0.0007653237938
171572	0.001806504322
171573	0.00317249254
171574	0.0009466406906
171575	0.0007051762344
171576	0.0005649096845
171577	0.003279935199
171578	0.0008434484821
171579	0.003249863269
171580	0.005549819364
171581	0.001023195625
171582	0.001442588194
171583	0.001771810091
171584	0.0008359332967
171585	0.001983878247
171586	0.0009223456871
171587	0.002509198482
171588	0.002662825445
171589	0.003547455049
171590	0.001055246413
171591	0.003029407939
171592	0.003995492221
171593	0.0005727958561
171594	0.004847750804
171595	0.001129669555
171596	0.003480930033
171597	0.004776190837
171598	0.0003305389649
171599	0.0006937845934
171600	0.002625933323
171601	0.004954296032
171602	0.001272573725
171603	0.001048660807
171604	0.003278999077
171605	0.003115452635
171606	0.001256431068
171607	0.0001741694773
171608	0.001702376186
171609	0.0006673190592
171610	0.0004057115497
171611	0.00249199551
171612	0.002642344236
171613	0.0008547604358
171614	0.003133564968
171615	0.001835289187
171616	0.007115252835
171617	0.0008721675755
171618	0.002503853866
171619	0.003313326621
171620	0.0003858207305
171621	0.003507184759
171622	0.001370879074
171623	0.0006602763941
171624	6.123695803e-05
171625	0.004046342836
171626	0.0003504161392
171627	0.002036784658
171628	0.001649349479
171629	0.000779678379
171630	0.0001904891115
171631	0.0005315735741
171632	0.0004957134124
171633	0.001078860311
171634	0.0006265794167
171635	0.002888809516
171636	4.43504997e-05
171637	0.000151216853
171638	0.001074031751
171639	0.00310810504
171640	0.0013397062
171641	0.003300736089
171642	0.00423858415
171643	0.0006357287795
171644	0.0003865034883
171645	0.005341444529
171646	0.0001753150074
171647	0.0003708563169
171648	0.0006490453629
171649	0.006606067002
171650	0.0009640678058
171651	0.003519179392
171652	0.001731051063
171653	0.001352751324
171654	0.0003649815014
171655	0.002752787886
171656	0.001281139616
171657	0.00465846659
171658	0.003207448501
171659	0.0004934587284
171660	0.0003934311098
171661	0.001198593499
171662	0.001663549935
171663	0.001266213387
171664	0.00180625431
171665	0.001309550079
171666	0.003497069258
171667	0.0006267232187
171668	0.0002997123395
171669	0.00027976861
171670	0.000741011863
171671	0.002141224318
171672	0.007560080345
171673	0.004332697826
171674	0.001800929628
171675	0.003485267262
171676	0.0004499090823
171677	0.002342988527
171678	0.001946115119
171679	0.004817353801
171680	0.005482838388
171681	0.0002903295421
171682	0.000375977052
171683	0.001374152732
171684	0.0006490557706
171685	0.004411919661
171686	0.004868062135
171687	0.002984676969
171688	0.00213260461
171689	0.0002078760866
171690	0.003665849387
171691	0.005081670284
171692	0.004117623036
171693	0.004326866258
171694	0.002011199621
171695	0.002746109028
171696	0.001608687875
171697	0.0001424588932
171698	0.0004270697666
171699	0.002676873573
171700	0.003057747693
171701	0.0005038238303
171702	0.001061595836
171703	0.002582004314
171704	0.000943863138
171705	0.001012753051
171706	0.004903974604
171707	0.0006319092809
171708	0.0006482955462
171709	0.001310386145
171710	0.002576015065
171711	0.001886105929
171712	0.002284627611
171713	0.001310939746
171714	0.005835817233
171715	0.0008945827544
171716	0.0006844822857
171717	0.0005056869859
171718	0.002175142433
171719	2.886529469e-05
171720	0.0009450880433
171721	0.001258473264
171722	0.0003640102908
171723	0.000803926246
171724	0.002221467547
171725	0.0008552077377
171726	0.0002774900531
171727	0.0004545093623
171728	0.0005786425974
171729	0.004377090032
171730	0.0001887835338
171731	0.002546451534
171732	0.0003463550982
171733	0.001103532948
171734	0.000691582206
171735	0.001113698921
171736	0.003249811899
171737	0.0004843803112
171738	0.0006511679431
171739	0.003321125916
171740	0.002058451274
171741	0.0003357793852
171742	0.0005834886355
171743	0.0005779937159
171744	0.0007784974741
171745	0.001398120772
171746	0.003645015463
171747	0.001854868607
171748	0.0003282322396
171749	0.002164823627
171750	0.002648248491
171751	0.000936471807
171752	9.960407138e-05
171753	0.002340359302
171754	0.002727161767
171755	0.001457197275
171756	0.0003824655314
171757	0.0008716501201
171758	0.0002363189602
171759	0.0009779504815
171760	0.001236421548
171761	0.002227755903
171762	0.002580521172
171763	0.0007623989193
171764	0.001258878235
171765	0.0001727739297
171766	0.001073241332
171767	0.001220074338
171768	0.001771143036
171769	0.0002962841177
171770	7.917770877e-06
171771	0.0013738007
171772	0.00692161925
171773	0.0006696880351
171774	2.926866633e-05
171775	0.003178694383
171776	0.005255659421
171777	0.002416092899
171778	0.002189185499
171779	0.00396118979
171780	0.001607745065
171781	0.001711763615
171782	0.00132537998
171783	0.001116407264
171784	0.001900812279
171785	0.001391184785
171786	8.564958853e-05
171787	0.002568472733
171788	0.0001744791437
171789	0.0007592587122
171790	0.001351841767
171791	0.0008337967927
171792	0.0005285401802
171793	4.98457402e-05
171794	9.036486463e-05
171795	0.001239106989
171796	0.0006529774123
171797	0.001172123198
171798	0.0005637352882
171799	0.00113103764
171800	0.003387864457
171801	0.004292454554
171802	0.00149193672
171803	0.0008325109961
171804	0.005467738236
171805	0.006637484162
171806	0.006777855816
171807	0.0006798725584
171808	0.002807942047
171809	0.004573228852
171810	0.001760537414
171811	0.001212340383
171812	0.002477620707
171813	0.003143727047
171814	0.001713012129
171815	0.003582249859
171816	0.0008827957174
171817	7.567080825e-05
171818	0.004794848845
171819	0.00286641367
171820	0.0009011054132
171821	0.007919465919
171822	0.001251826712
171823	0.00316619946
171824	0.001294665761
171825	0.001037064057
171826	0.0002351395469
171827	0.002400380844
171828	0.0006729717782
171829	0.0007306036733
171830	0.00225627077
171831	0.002670590979
171832	0.002120223145
171833	9.86177604e-05
171834	0.0009189215164
171835	0.0009457203623
171836	0.001230739696
171837	0.00214520658
171838	0.002808497113
171839	0.00514477959
171840	0.0003381446842
171841	0.001951198363
171842	0.0001202493018
171843	0.002293041134
171844	0.0005194842662
171845	0.0009435495324
171846	8.276311021e-06
171847	0.002948497451
171848	0.0008130067805
171849	0.001434913406
171850	0.002228419522
171851	5.143960065e-05
171852	0.000673760177
171853	0.002186180323
171854	0.00115344827
171855	3.616128208e-05
171856	0.001049047211
171857	0.0005222638488
171858	0.001110532148
171859	0.0002848533455
171860	0.000675241101
171861	0.0009871921121
171862	0.0003728290968
171863	0.0004414945178
171864	0.004794859886
171865	0.001345584922
171866	0.0008721810719
171867	0.000919948812
171868	7.791302798e-05
171869	0.002095134173
171870	0.002690511457
171871	0.0007771683456
171872	0.0006106521502
171873	0.0009047951103
171874	0.0002317555963
171875	0.000195850928
171876	0.002940479509
171877	0.001839724801
171878	0.0005571200636
171879	0.0006729552433
171880	0.0006172452081
171881	0.0008559915643
171882	0.0004407140807
171883	0.003939077806
171884	0.001835276022
171885	0.005197145374
171886	0.00249692676
171887	0.001456619799
171888	0.0005799829808
171889	0.001445073335
171890	0.001995340272
171891	0.002587539814
171892	0.001071585697
171893	0.001603411841
171894	0.004017610802
171895	0.0004808544708
171896	0.002092021396
171897	0.0008127848033
171898	0.000488395375
171899	0.0004733835605
171900	0.004440857697
171901	0.001146438793
171902	3.667052471e-05
171903	0.0004181625563
171904	0.002772508907
171905	0.0004462872759
171906	0.0002451577766
171907	0.001881546862
171908	0.0007666071768
171909	0.0006722195851
171910	0.004416416471
171911	0.002474924748
171912	0.0003296264086
171913	0.003771509044
171914	0.002391319311
171915	0.002346057616
171916	0.001833415264
171917	0.002067417363
171918	0.0006186687784
171919	0.002272322765
171920	0.001438146194
171921	0.0003087474616
171922	0.003260282752
171923	0.001202756952
171924	0.0007030059027
171925	0.001055574333
171926	0.0001333033969
171927	0.002354508075
171928	0.00147643645
171929	0.0001340861826
171930	0.0002847389563
171931	0.0004174082067
171932	0.003778734744
171933	0.000325410201
171934	0.004636319571
171935	0.001703030388
171936	0.0003681664375
171937	0.004749914912
171938	0.0009561988946
171939	0.00100660856
171940	0.003337281206
171941	0.004126483255
171942	0.004764957622
171943	0.002175188165
171944	0.006280490157
171945	0.003522385964
171946	8.236341704e-05
171947	0.00707276812
171948	0.00107797344
171949	0.002501256535
171950	0.0003994101029
171951	0.000928084669
171952	9.264396528e-05
171953	0.0005751837173
171954	0.001124313671
171955	0.001489501103
171956	0.002874074521
171957	0.002309247305
171958	0.002718285653
171959	0.005815565163
171960	0.003422887329
171961	9.6032192e-05
171962	0.002520564711
171963	0.0001011047811
171964	0.0002722052901
171965	0.001628666762
171966	0.0003579012482
171967	0.004053047582
171968	0.0004996593729
171969	0.0003583420239
171970	0.002877642806
171971	0.0007009487056
171972	0.0008882022574
171973	0.0002714222855
171974	0.004643035847
171975	0.001096198291
171976	0.001830748146
171977	0.002241517994
171978	0.001423415393
171979	0.0003382232731
171980	0.003350918753
171981	0.003034115964
171982	0.003247042026
171983	0.004423672457
171984	0.004926968443
171985	0.001095169814
171986	0.0001459023828
171987	0.001334629495
171988	0.0004113357949
171989	0.002587671099
171990	0.002675522882
171991	0.003092833148
171992	0.001437287051
171993	0.0008890378954
171994	0.0002693753978
171995	0.004813548288
171996	0.001385890598
171997	0.002776143472
171998	0.001892446169
171999	0.001191777052
172000	0.002665783777
172001	0.002628745263
172002	0.002521893691
172003	0.001761505333
172004	0.001663352719
172005	0.003215510681
172006	0.002457195939
172007	0.005183770747
172008	0.001079054967
172009	8.870268052e-05
172010	0.005056085922
172011	0.002062273545
172012	0.002297818471
172013	0.0001058124965
172014	0.003524742005
172015	0.002823392503
172016	0.0002717951532
172017	0.0003458016846
172018	0.003074776375
172019	0.003644029279
172020	0.002613807665
172021	0.002514371322
172022	0.0003766189876
172023	9.043270063e-05
172024	0.002194918101
172025	0.0005757708736
172026	0.001275550211
172027	0.001695801885
172028	0.003389102563
172029	0.001031554566
172030	0.001473707172
172031	6.005388073e-06
172032	0.0009432670904
172033	0.0004115132409
172034	0.0002807122393
172035	0.0001942327261
172036	0.0003931551293
172037	0.0009243354154
172038	0.0007331076114
172039	0.0001334209818
172040	0.0002597420229
172041	0.0002353832979
172042	0.0008003279632
172043	0.001806613345
172044	0.0007500369169
172045	0.0002096742179
172046	9.208881771e-05
172047	0.003798601712
172048	0.0006941292337
172049	0.002400647567
172050	0.0007432080776
172051	0.0007974435982
172052	0.0003425678508
172053	0.0001425907645
172054	0.0001450978618
172055	0.001681485443
172056	0.0006548624277
172057	0.000235394136
172058	0.000605206608
172059	0.001626263108
172060	0.001551055756
172061	0.002126375128
172062	0.005963526243
172063	0.001457298779
172064	0.002335520867
172065	0.0009601592683
172066	0.004156089468
172067	0.001068905389
172068	0.004240343073
172069	0.004646026736
172070	0.004389488903
172071	0.001115146489
172072	0.001496603561
172073	0.001273539968
172074	0.001357942116
172075	0.0008788604492
172076	0.001106451077
172077	0.0002726786202
172078	8.221657875e-05
172079	0.00168160093
172080	0.001868294166
172081	0.0002206590781
172082	0.00491669902
172083	0.000260413283
172084	0.001158081902
172085	0.005113638888
172086	0.002781000737
172087	0.0008001690816
172088	0.0005457623483
172089	3.143675022e-05
172090	0.001326120462
172091	0.003005141922
172092	0.00153082553
172093	0.0002343121495
172094	0.002624409322
172095	0.001405915903
172096	0.0008354043664
172097	0.004505277993
172098	0.005039008384
172099	0.003284284978
172100	0.003912379163
172101	0.0005161384405
172102	0.001436152608
172103	0.003960160959
172104	0.004459503458
172105	0.002479078117
172106	0.0007347143779
172107	0.003271880397
172108	0.002102022299
172109	0.0008702827111
172110	0.003259351943
172111	0.002260922051
172112	0.0007070620378
172113	0.00252912617
172114	0.0006427068854
172115	0.001342133706
172116	0.002709442193
172117	0.003931306115
172118	0.0003274809126
172119	0.00171290274
172120	0.002614265865
172121	0.00249561231
172122	0.0009223426606
172123	0.002111065975
172124	0.0009087130889
172125	0.003868300864
172126	0.0009692760726
172127	0.002498921748
172128	0.002863948118
172129	0.002276573424
172130	0.001799006065
172131	0.002824507131
172132	0.0001903385241
172133	0.000635509997
172134	0.001823249376
172135	0.004645597081
172136	0.004339667954
172137	0.001489277692
172138	0.003208326063
172139	0.0003001159284
172140	0.00170784004
172141	0.005338811105
172142	0.004571531341
172143	0.0005122269653
172144	0.004441158043
172145	0.002603525005
172146	0.004281526803
172147	0.002143772544
172148	0.001930811598
172149	0.001726516024
172150	0.004512643046
172151	0.001895409652
172152	0.004360113482
172153	0.00103218658
172154	0.002769409607
172155	0.002592440242
172156	0.001352283483
172157	0.004824991989
172158	0.0005652918532
172159	0.001297780185
172160	7.112334693e-06
172161	0.0003272388519
172162	0.002725485495
172163	0.0013575238
172164	0.005925258392
172165	0.001481696464
172166	0.001970579268
172167	0.0002269931888
172168	0.001941274163
172169	0.005865792446
172170	0.001554058944
172171	0.003067169301
172172	0.001348061693
172173	0.0007944709937
172174	0.003310648381
172175	0.003627347646
172176	0.002647834813
172177	0.004038814466
172178	0.00138369064
172179	0.0002401694047
172180	0.002156266838
172181	0.003256932503
172182	0.002491635857
172183	0.004081536984
172184	0.003007766416
172185	0.00332066767
172186	0.001645711637
172187	0.000515964132
172188	0.002410365034
172189	0.0004392836306
172190	0.0001944834326
172191	0.0001616098959
172192	0.002730743689
172193	0.001161095363
172194	3.704971684e-06
172195	0.002081745773
172196	0.003888960358
172197	0.003219900145
172198	0.001466343677
172199	0.002653407605
172200	0.002957695695
172201	0.001896169464
172202	0.001045377034
172203	0.003020624208
172204	0.002285602834
172205	0.001608637933
172206	0.001484542748
172207	0.0003023877577
172208	0.001524614839
172209	0.0004643311628
172210	0.0009971885937
172211	0.0003438232712
172212	0.0001324371415
172213	0.002279981214
172214	0.0004180637416
172215	0.0009366922811
172216	0.0004170359922
172217	0.001319221278
172218	0.0003658459837
172219	0.000769193097
172220	0.00157398412
172221	0.001807730279
172222	0.004658112673
172223	0.001354718821
172224	0.0005305517188
172225	0.002720093055
172226	0.0001750981105
172227	0.001023127229
172228	0.00248052894
172229	0.001617061382
172230	0.0008445712609
172231	0.001477780775
172232	0.000748894194
172233	0.0002405361043
172234	0.00100745591
172235	0.000145294507
172236	0.0007777173823
172237	0.001190737079
172238	0.0001268569771
172239	0.001252983298
172240	0.0006219484691
172241	0.0003715563273
172242	0.0005076962499
172243	0.0007738036414
172244	0.0003642743418
172245	0.0007224078958
172246	0.0001087718701
172247	0.0003126159928
172248	0.0001784349332
172249	0.0003353511877
172250	0.0001479125775
172251	0.000977807256
172252	0.0003121708249
172253	0.0009870546396
172254	0.0001722681346
172255	0.0006962305665
172256	0.001043310732
172257	0.001575466695
172258	0.003856337231
172259	0.0007695177345
172260	0.002852878585
172261	0.00155174075
172262	0.00174994319
172263	0.001502784679
172264	0.005953345269
172265	0.0002899488398
172266	0.001745682205
172267	0.002364986423
172268	0.001418490203
172269	0.001294941909
172270	0.004908186644
172271	0.002457181781
172272	0.00161159776
172273	0.0004642204084
172274	0.0001648231412
172275	0.000718163357
172276	0.0009568553885
172277	0.002514766772
172278	0.000714811695
172279	0.0003851266063
172280	0.0003280049091
172281	0.000738244693
172282	0.0001189793671
172283	0.0002900562847
172284	0.0009930221961
172285	0.005263752202
172286	0.0007658786421
172287	0.0002085324459
172288	3.540406386e-05
172289	0.00199572568
172290	0.001832174428
172291	0.0001255660561
172292	0.00195261968
172293	0.0007495205654
172294	0.001040871942
172295	0.001916116847
172296	0.002926100999
172297	0.003288690438
172298	0.002819298301
172299	0.002116670117
172300	0.004109979343
172301	0.0009111794332
172302	0.003592643704
172303	0.000820081
172304	0.001452756001
172305	0.0004417197318
172306	0.0009568614789
172307	0.002661643568
172308	0.002145872123
172309	0.0005594772055
172310	0.001268656229
172311	0.002967579091
172312	0.001984156036
172313	0.001314678753
172314	0.001583910014
172315	0.0004574823841
172316	0.002330612369
172317	0.0008327215002
172318	0.0005970659573
172319	0.004793099153
172320	0.0034326796
172321	0.0005867034541
172322	0.005485461013
172323	0.0008689825277
172324	0.0001183361376
172325	0.005249928591
172326	0.001191420407
172327	0.0003858947583
172328	0.003140466085
172329	0.005104359966
172330	0.0009880763234
172331	0.0002632372555
172332	0.00287935275
172333	0.0007948738722
172334	0.0008323307925
172335	0.001234575169
172336	0.00141767244
172337	0.002032354276
172338	0.00248461045
172339	0.000490841823
172340	3.032535018e-05
172341	0.0006364482855
172342	0.0009754083588
172343	0.002028303143
172344	0.002189892798
172345	0.0001856920247
172346	0.002911219849
172347	0.005193946767
172348	0.0005681554614
172349	0.002871479938
172350	0.005824330267
172351	0.001130352773
172352	9.591024321e-05
172353	0.0001527969755
172354	0.002464694053
172355	0.001530064608
172356	0.0009358987514
172357	0.003999611093
172358	0.000539614817
172359	0.0009955102841
172360	0.0003976335176
172361	0.0004028864101
172362	0.001326539035
172363	0.003291469305
172364	0.0009942325931
172365	0.0021177442
172366	0.0009515073352
172367	0.0002791584882
172368	0.0005352982726
172369	0.007612456245
172370	0.004990932394
172371	0.003562070961
172372	0.0008992839135
172373	9.657673902e-05
172374	0.006979127511
172375	0.001322324054
172376	0.001217323132
172377	0.002539612428
172378	0.001302659438
172379	0.004116397569
172380	0.0008347528398
172381	0.002572889001
172382	0.001549828342
172383	3.498196483e-05
172384	0.001965194218
172385	0.003296503968
172386	0.006280593908
172387	0.003389311757
172388	0.003213927521
172389	0.002359284892
172390	0.001198843362
172391	0.002245292135
172392	0.000943212401
172393	0.001129369019
172394	0.009167514458
172395	0.0009169677367
172396	0.00118148634
172397	0.003561086599
172398	0.0004908390438
172399	0.001385486326
172400	0.0007195689183
172401	0.0008907825238
172402	0.001383783049
172403	0.000225318353
172404	0.000428560656
172405	0.001609985125
172406	0.003706877641
172407	0.0008236984787
172408	0.0009746330339
172409	0.001718058737
172410	0.0002425390564
172411	0.001649874904
172412	5.491168495e-05
172413	0.002065927111
172414	0.003882908857
172415	0.001066398354
172416	0.0008084216776
172417	0.001186583123
172418	0.0004985797116
172419	0.002550987634
172420	0.00364811113
172421	0.003548581226
172422	0.0001819602907
172423	0.003689539456
172424	0.000428305533
172425	0.0004969893628
172426	0.002190090278
172427	0.004211060898
172428	0.001547067335
172429	0.0009364147716
172430	9.845428657e-05
172431	0.001148677586
172432	0.0006813222293
172433	1.041787315e-07
172434	0.002892509076
172435	0.001435222021
172436	0.0006995760955
172437	0.002358755918
172438	0.001846972263
172439	0.0036621724
172440	0.003801863807
172441	0.001222656517
172442	0.003003801763
172443	0.002589809185
172444	0.005511770467
172445	0.0005651766106
172446	0.002684754137
172447	1.611478631e-05
172448	2.450366324e-05
172449	0.0004605997126
172450	0.001421819297
172451	0.002758561658
172452	0.002126214376
172453	0.002206064358
172454	0.003424884082
172455	0.003513383287
172456	0.0001867200172
172457	0.0006202310233
172458	0.001959001529
172459	0.0002719900882
172460	0.00109934573
172461	0.001708967664
172462	0.00492054822
172463	5.698508361e-05
172464	0.002421663558
172465	0.00432049886
172466	0.002190465828
172467	0.003351464949
172468	0.0003900335688
172469	0.002488621267
172470	0.0004299528251
172471	0.001539710308
172472	0.000411846661
172473	0.0007465801161
172474	0.001531072271
172475	0.004515912802
172476	0.001792170301
172477	0.00182386813
172478	0.001138725785
172479	0.002406716908
172480	0.0006773294411
172481	3.232497992e-05
172482	0.0001077554318
172483	0.004524222248
172484	0.0003100587726
172485	0.000546273657
172486	0.0002499172634
172487	0.001146941288
172488	0.002485534804
172489	0.0002181215936
172490	0.003067125458
172491	0.0008554932114
172492	0.00244153907
172493	0.002465782544
172494	0.003476118114
172495	0.002960397899
172496	0.0002741189567
172497	0.0001502509192
172498	0.00278415533
172499	0.001493922376
172500	0.0008395163959
172501	0.003877606774
172502	0.001141295215
172503	0.0008022760734
172504	0.0006688238106
172505	0.003361783938
172506	0.0007034843793
172507	0.003955969639
172508	0.009984278538
172509	0.0007666708308
172510	0.0004290402203
172511	0.004771647984
172512	2.477958386e-05
172513	0.001496390784
172514	0.003818632707
172515	0.003958703595
172516	0.001038919758
172517	0.006868523289
172518	0.001880789562
172519	0.001698510638
172520	0.0004059175095
172521	0.0007864295651
172522	0.0006019175593
172523	0.0001645764728
172524	0.001163448971
172525	0.003675830238
172526	0.00126272859
172527	0.001822913221
172528	0.004221996618
172529	0.0007536224346
172530	0.0008442203971
172531	0.0006506706637
172532	6.449430869e-05
172533	0.002180151641
172534	0.0007244947348
172535	0.003852845946
172536	0.002075202761
172537	0.001140536321
172538	0.001252099445
172539	0.0006291389175
172540	0.0007184469647
172541	0.001229679322
172542	0.003712634816
172543	0.001544010223
172544	0.001144323803
172545	0.002753043194
172546	0.002701804021
172547	0.004967290794
172548	0.000937127185
172549	0.0004699735844
172550	0.000515635484
172551	9.391639236e-05
172552	0.001846483409
172553	0.0001469107445
172554	8.943130387e-05
172555	0.0002548003651
172556	0.001229303771
172557	0.0002731305089
172558	0.001098550973
172559	0.001883322938
172560	0.0001832724076
172561	0.001388506304
172562	2.252064625e-05
172563	0.002008097408
172564	0.001260423111
172565	0.001433019948
172566	0.00134411044
172567	0.001165568542
172568	0.001084751614
172569	0.001717607386
172570	0.001245149708
172571	0.001756780625
172572	0.001182601738
172573	0.002848897478
172574	0.0004376376872
172575	0.004721050533
172576	0.00111683403
172577	0.002278189864
172578	0.002172647282
172579	0.002027529154
172580	0.003434464911
172581	0.0004600612813
172582	0.000343760191
172583	0.003139667794
172584	0.003305368153
172585	0.0004996372305
172586	0.001151660561
172587	0.002749351389
172588	0.0007599030305
172589	0.0003964594259
172590	0.0004121016057
172591	0.003598327044
172592	0.002031978216
172593	0.0009329159071
172594	9.431488022e-05
172595	0.001906692279
172596	0.0004176796033
172597	0.004224060181
172598	0.0009404035246
172599	0.000701706644
172600	0.001001950639
172601	0.001757921773
172602	0.0005171181095
172603	0.0004826872397
172604	0.002052393173
172605	0.003013457792
172606	0.001492746394
172607	0.0004684128657
172608	0.000226417524
172609	0.002934010649
172610	0.005723999113
172611	0.001824879824
172612	0.002439827818
172613	0.001309895629
172614	0.0001798451309
172615	0.0007053634158
172616	0.0006058622037
172617	0.001295318883
172618	0.0001039279937
172619	0.002901462235
172620	0.000843679795
172621	0.0007105192029
172622	5.691097678e-05
172623	9.431642494e-05
172624	2.299422254e-05
172625	0.002109145546
172626	0.0006382869142
172627	0.0003181582051
172628	0.001560694569
172629	0.000214012304
172630	0.0002313895136
172631	0.0007555287311
172632	0.0004289982269
172633	0.0006904636372
172634	0.0006870433702
172635	0.0007369130098
172636	0.0003510448211
172637	0.003446855951
172638	0.0006827965508
172639	0.0001523787789
172640	7.554538758e-05
172641	0.005004313075
172642	0.003076848157
172643	0.002486566924
172644	0.0007049705772
172645	0.0001402779894
172646	0.001173834934
172647	0.003922211351
172648	0.001027442916
172649	0.003048204998
172650	0.003718322394
172651	0.001382900889
172652	0.0003247726851
172653	0.001301974025
172654	0.001780990332
172655	0.004068160905
172656	0.003991848041
172657	0.004065569723
172658	0.003951297617
172659	0.0004101473659
172660	0.003393319342
172661	0.0002656534662
172662	0.003548642091
172663	7.62949148e-05
172664	0.004875296896
172665	0.00221512534
172666	0.001982392346
172667	0.002048593348
172668	0.001094155166
172669	0.0001784545887
172670	0.002112544749
172671	0.0006582391329
172672	0.0008468445199
172673	0.0002962148045
172674	0.0007766607282
172675	0.0001866721743
172676	0.0006202911932
172677	0.0001071029296
172678	0.006471301616
172679	0.0004894620261
172680	0.004041133021
172681	0.002980989898
172682	0.001242470381
172683	0.0008906612307
172684	0.003163060973
172685	0.001587271231
172686	0.0003293326101
172687	0.002736651163
172688	0.0005083876
172689	9.951346755e-05
172690	0.001681025999
172691	0.000314086041
172692	0.002765716987
172693	0.00161558715
172694	0.005623142884
172695	0.001316003395
172696	0.006395033731
172697	0.002995896362
172698	0.001944736882
172699	0.001749757178
172700	0.004504372881
172701	0.003650700899
172702	0.00124347274
172703	0.001277625799
172704	0.003517282426
172705	0.002785405571
172706	0.0002464854817
172707	0.0003155108617
172708	0.003781589852
172709	0.0004696473792
172710	0.0005343526514
172711	2.14903232e-08
172712	0.0003608395933
172713	0.0001286484129
172714	0.001489087543
172715	0.0007577845669
172716	0.002489359807
172717	0.001477153325
172718	0.003346955099
172719	0.001302789037
172720	0.001008626538
172721	0.0005783376804
172722	0.0002711724032
172723	0.00172190442
172724	0.001166542494
172725	0.003271661179
172726	0.0009642255544
172727	0.00024520506
172728	0.000430918686
172729	0.002204862952
172730	0.003631566877
172731	0.002489328663
172732	0.00285398185
172733	0.002832199581
172734	0.0007404344049
172735	0.0001230243921
172736	0.001136893053
172737	0.0001675208399
172738	0.0009200366255
172739	0.0009290035622
172740	0.0002218165644
172741	0.0002752522916
172742	3.398056788e-05
172743	0.002137772742
172744	0.000190256329
172745	0.0003387454962
172746	0.0009031476504
172747	0.001164130738
172748	0.000572754893
172749	1.80518715e-07
172750	0.003043192861
172751	0.004766493963
172752	0.002785949646
172753	0.003465797892
172754	0.003971244503
172755	0.006419339375
172756	0.002509520663
172757	0.003120371994
172758	0.0004032214868
172759	0.006823097506
172760	0.001985892135
172761	0.001610855355
172762	0.004613120487
172763	0.000306680567
172764	0.003587874997
172765	0.0001998882531
172766	0.002845242604
172767	0.002499534052
172768	0.0032735866
172769	0.001030565419
172770	0.003232578598
172771	0.001085135033
172772	0.001689704369
172773	0.001689991629
172774	0.001365299265
172775	0.000673253034
172776	0.0003098573443
172777	0.0007059368083
172778	0.001444817578
172779	0.0005264725187
172780	0.001414109486
172781	0.002074702431
172782	0.0001100121262
172783	0.003508627002
172784	0.001766751321
172785	0.00169358931
172786	0.0002102486282
172787	0.001884479153
172788	0.0001722873296
172789	0.001565504556
172790	0.0001139197335
172791	0.001291567822
172792	0.0006967621084
172793	0.003388310509
172794	0.0009025721582
172795	9.145424741e-05
172796	0.004022805762
172797	0.002388108805
172798	0.004459683297
172799	0.002331918524
172800	0.001293361557
172801	0.002594977639
172802	0.003036879578
172803	0.0006182191759
172804	0.0008732356144
172805	0.0005069524038
172806	0.001272502093
172807	0.00180677154
172808	0.0003826299498
172809	0.00119738935
172810	4.983918155e-05
172811	0.001262811218
172812	0.002680652751
172813	0.0005428484358
172814	0.001374094079
172815	0.002822831104
172816	0.001145286027
172817	0.004182508051
172818	0.005177823565
172819	0.0001378102457
172820	0.005907956686
172821	0.001730520714
172822	0.002012200753
172823	0.0002503728426
172824	0.00376070655
172825	0.001674273936
172826	0.001000967388
172827	0.001435148826
172828	0.002756816088
172829	2.022029005e-05
172830	0.001274888974
172831	0.001391050314
172832	0.0004218670414
172833	0.001268990822
172834	0.004112386339
172835	0.001192623868
172836	0.0006594350323
172837	0.0004085689744
172838	0.002425168041
172839	0.0002751709802
172840	0.002388492792
172841	0.001904914386
172842	0.005274844325
172843	0.0004856804529
172844	0.002273973989
172845	0.001499820578
172846	0.004609739258
172847	0.002276276787
172848	0.002609055288
172849	0.001648643311
172850	0.001199207842
172851	0.002418269185
172852	0.001932339556
172853	0.00150013231
172854	0.006175750231
172855	0.0004270195186
172856	1.472720671e-05
172857	0.001064191499
172858	0.001782501052
172859	0.001929540245
172860	0.001123532425
172861	0.0001235011206
172862	0.0004473076884
172863	0.0008116556216
172864	0.0008909584893
172865	0.00123823741
172866	0.0001605940447
172867	0.0008882985548
172868	0.0008286277654
172869	0.0001104320183
172870	4.0142801e-06
172871	0.0003387425157
172872	0.0009058434477
172873	0.0003233198514
172874	2.487230148e-05
172875	2.718464571e-05
172876	0.0007118818598
172877	0.0007990862407
172878	0.0003543309084
172879	0.000221336049
172880	9.158435033e-05
172881	0.001147267917
172882	0.0002057206324
172883	0.0002387947734
172884	0.0009403776617
172885	0.000347440204
172886	0.001175308711
172887	0.0001125582853
172888	0.0004801889448
172889	0.0005841182884
172890	0.0002678852823
172891	0.0003696129198
172892	2.169557843e-05
172893	0.0001433310565
172894	1.329857524e-05
172895	0.0006644373571
172896	0.0006940062716
172897	0.0002607568514
172898	0.0001007011261
172899	0.001150147505
172900	0.0005407252077
172901	0.0007616747241
172902	9.708555619e-05
172903	0.0003437308131
172904	0.0001239736838
172905	0.0002079891184
172906	0.0004042356874
172907	0.0001484462279
172908	8.168789683e-05
172909	0.0003743082382
172910	0.001395053196
172911	0.0001985637225
172912	0.0005915930735
172913	0.0003425938387
172914	2.159265808e-07
172915	7.792680176e-05
172916	0
172917	0.0003849404909
172918	0.0003664528626
172919	0.0003424464762
172920	0.0008977020407
172921	7.168729303e-05
172922	0.0002625530534
172923	0.0001756983921
172924	0.0005174946771
172925	0.001531160596
172926	0.001027827023
172927	8.90707868e-05
172928	0.0006807115321
172929	8.609034174e-05
172930	7.80220516e-05
172931	0.0001876211904
172932	0.0006478035621
172933	0.001160091093
172934	0.0002434322219
172935	0.0001480771952
172936	0.0004169518407
172937	0.0002351997084
172938	0.001542526261
172939	0.001568082168
172940	0.0001816977301
172941	4.103324103e-05
172942	0.0003733100649
172943	0.0002357400942
172944	7.470194745e-05
172945	0.0008205567968
172946	4.688879269e-05
172947	4.487046978e-05
172948	0.00033184424
172949	0.0008906108878
172950	0.0003826101874
172951	0.001290038504
172952	0.0007432371054
172953	0.0006883316725
172954	0.0005745530572
172955	0.0003566847565
172956	0.000153230242
172957	0.0001460844327
172958	7.802889699e-05
172959	0.0006560241271
172960	0.001415948697
172961	0.001518068069
172962	0.001129272923
172963	0.001239916869
172964	0.000394881636
172965	0.000811439978
172966	0.000404668429
172967	4.737902259e-05
172968	0.0009249477914
172969	0.002883118807
172970	0.003329522917
172971	0.003573280838
172972	0.0002928598535
172973	0.0004200526354
172974	0.002518704177
172975	0.0002071613227
172976	0.0007637197574
172977	0.003716767191
172978	0.001264086527
172979	0.0005788089414
172980	0.002241625964
172981	0.003313394616
172982	0.0001567726921
172983	0.001066131232
172984	0.001121991022
172985	0.001538964257
172986	0.001348998648
172987	0.002733714726
172988	0.007246509078
172989	2.777455618e-05
172990	0.00323279556
172991	0.002943078021
172992	0.0003004172772
172993	0.001752080811
172994	0.0004858676789
172995	0.001667018616
172996	0.004749089217
172997	0.003017874561
172998	0.005869604062
172999	0.002801830733
173000	0.005172134225
173001	0.003571420409
173002	9.778228119e-06
173003	0.002910003292
173004	0.0001364493576
173005	0.0005308765358
173006	0.003905103474
173007	0.0001370386086
173008	0.0002357640402
173009	0.00495814294
173010	0.001943775162
173011	0.001396107575
173012	0.001959256263
173013	0.0007483063186
173014	0.002448602648
173015	0.003933408302
173016	0.0007920905676
173017	0.00342098221
173018	0.001616331851
173019	0.0002084727486
173020	0.003261234663
173021	8.865066653e-05
173022	0.0008998048451
173023	0.005035757714
173024	0.001251503802
173025	0.0008755750695
173026	0.002532731604
173027	0.0001992397767
173028	0.001514208359
173029	0.002015551354
173030	0.002876695159
173031	0.0007734341656
173032	0.004726946891
173033	0.006210819214
173034	0.002764662025
173035	0.0002659988329
173036	0.001693861775
173037	0.0007796166443
173038	0.008187676408
173039	0.0002198858361
173040	0.003941033919
173041	0.001505767342
173042	0.0008190039387
173043	0.001683890724
173044	0.002245490633
173045	0.0005970114082
173046	0.001481834213
173047	0.003984606924
173048	0.0003193575623
173049	0.002712607931
173050	0.004812809222
173051	0.0007806564555
173052	0.002893384272
173053	0.0003046745863
173054	0.000243544238
173055	0.001345070217
173056	0.003559124064
173057	0.004374412668
173058	0.001530245803
173059	0.001113087347
173060	0.0002790657837
173061	0.002242314486
173062	0.0001832974242
173063	0.005548446965
173064	0.001311131939
173065	0.0005862752562
173066	0.006215308858
173067	0.002240767402
173068	0.0006059503586
173069	0.005971093358
173070	0.003310018387
173071	0.0006392516179
173072	0.002448369684
173073	0.002830634346
173074	0.0001507692135
173075	0.003903742665
173076	0.004110267098
173077	0.004829758778
173078	0.0008332492931
173079	9.230770035e-05
173080	0.000929207132
173081	0.004415248177
173082	0.0009712660249
173083	0.004298907029
173084	0.002028153734
173085	0.001702410854
173086	0.0003835621691
173087	0.0006826319484
173088	0.003525077211
173089	0.002096217367
173090	0.003757539296
173091	0.001411273959
173092	0.00045165858
173093	0.0005507903594
173094	0.003899761977
173095	0.007068765549
173096	0.001106558948
173097	0.001169984716
173098	0.0007428030081
173099	0.002300892626
173100	0.0002630755881
173101	0.001619638558
173102	0.002911203057
173103	0.0006864585847
173104	0.004376679725
173105	0.005104147349
173106	0.001962433453
173107	0.0007402221649
173108	0.001977676308
173109	0.0009046669634
173110	0.003893514405
173111	0.0001801533869
173112	0.001010500273
173113	0.002428049439
173114	0.003697213946
173115	0.004946618401
173116	0.003441977483
173117	0.003011494558
173118	0.0005828944089
173119	0.001489528551
173120	0.00106057756
173121	0.002560599446
173122	0.00331210972
173123	0.001304044921
173124	0.0005658657028
173125	0.003097876488
173126	0.004981959349
173127	0.001753560822
173128	0.001694426527
173129	0.001450038214
173130	0.0001186503649
173131	0.000673802486
173132	4.984258911e-05
173133	1.778092063e-05
173134	0.0002560879525
173135	0.002412412444
173136	0.0005590533999
173137	0.001152151065
173138	0.0006613412141
173139	1.940566283e-05
173140	0.000403533448
173141	0.0006137999738
173142	0.000277010553
173143	0.000368616424
173144	0.0002511063358
173145	0.0005234265953
173146	0.0004085272648
173147	0.001029571722
173148	0.001106334326
173149	0.0004830051515
173150	0.001261486977
173151	0.0004909931915
173152	0.0004621545127
173153	0.0004535267193
173154	0.005749183582
173155	8.990567593e-05
173156	0.001986812251
173157	0.0006395848643
173158	0.0002412412318
173159	0.001523978041
173160	0.0005411294605
173161	0.001105316181
173162	0.001512830124
173163	0.002043164155
173164	0.0001327972985
173165	0.0027281788
173166	4.147190294e-05
173167	0.0004219667367
173168	0.005493689609
173169	0.00586985539
173170	0.001912238197
173171	0.00220742297
173172	0.001653397856
173173	0.0006805907894
173174	0.001623065692
173175	0.001292298384
173176	0.001886818256
173177	0.0001017113788
173178	0.003081015942
173179	0.002625558973
173180	0.000353570512
173181	0.001477257502
173182	0.0005077363737
173183	0.004931718459
173184	0.001070352343
173185	2.838226656e-05
173186	0.000252471552
173187	0.0001139299729
173188	0.0006562924436
173189	0.001373670842
173190	0.002094454198
173191	0.003237715478
173192	0.0009714957691
173193	0.0008248994441
173194	0.006423976102
173195	0.00874183743
173196	0.0007047083212
173197	0.0008867899911
173198	0.00434365732
173199	0.003356674154
173200	0.005025001307
173201	0.003944591077
173202	0.0001115781359
173203	0.002410079455
173204	0.0009383363971
173205	0.00318083575
173206	0.0005219289493
173207	5.69006607e-05
173208	0.001770327551
173209	0.0003448545945
173210	0.004470643239
173211	0.001403119332
173212	0.00454844311
173213	4.441097759e-05
173214	0.001719833532
173215	0.004668264804
173216	0.001761663072
173217	0.004808903296
173218	0.0003824744379
173219	0.00372943121
173220	0.001176090018
173221	0.002160492228
173222	0.0008347700048
173223	0.001076180391
173224	0.001366714384
173225	0.004045507778
173226	0.002869395849
173227	0.004008880999
173228	0.004240282371
173229	0.003084207142
173230	0.003770168526
173231	0.0005407997529
173232	0.002200783711
173233	0.003689458851
173234	0.002708840603
173235	0.0001783243117
173236	0.0003662699487
173237	0.002144196452
173238	0.004322341203
173239	0.00344775648
173240	7.086508216e-05
173241	0.001865970267
173242	0.003720389654
173243	0.0004083326931
173244	0.0004993544047
173245	0.002467360256
173246	0.004550361093
173247	0.001918390932
173248	0.0003580625343
173249	0.00037671444
173250	0.001985980595
173251	0.0003080886154
173252	0.001631810716
173253	0.00105291276
173254	0.000129685772
173255	0.0004270332507
173256	0.000622727558
173257	0.0009207928403
173258	0.0007020157078
173259	0.001143404256
173260	0.0002833555095
173261	0.002150091195
173262	0.0002299418685
173263	0.0008044520783
173264	0.0002646848418
173265	0.0001181755792
173266	0.001323812453
173267	0.005146034746
173268	0.004316134081
173269	0.0007165288877
173270	0.001035024172
173271	0.0008258022636
173272	0.0009067624374
173273	0.001304773738
173274	0.001762285515
173275	0.0001847937196
173276	0.002731972146
173277	0.0009072532119
173278	0.00577600866
173279	0.004206811644
173280	0.002117131932
173281	0.00348093331
173282	0.003423926287
173283	0.001560947995
173284	0.0002323083792
173285	0.0005661813695
173286	0.001161807396
173287	0.003659275449
173288	0.002370824987
173289	0.005516548261
173290	0.0005690532292
173291	0.002927480801
173292	0.007949477482
173293	0.0001855186832
173294	0.0002288082952
173295	0.001219306485
173296	0.0005139606684
173297	0.0003604510495
173298	0.0006589955479
173299	0.00324723785
173300	0.0003900775362
173301	0.005935628179
173302	0.005704487369
173303	1.26449505e-06
173304	0.002861890353
173305	0.001101260246
173306	0.005444408453
173307	0.006008597831
173308	0.0002282336864
173309	0.0005723690405
173310	0.0008017294112
173311	0.006242576892
173312	0.003220756089
173313	0.001850574446
173314	0.002297517782
173315	0.0006838334505
173316	6.122185033e-05
173317	0.005307771398
173318	0.0001813827022
173319	0.0007222794925
173320	0.003478726602
173321	0.004446704024
173322	0.00464222411
173323	0.005050707115
173324	0.001113016528
173325	0.001497950536
173326	0.001806379603
173327	0.0001402262798
173328	0.002493167105
173329	6.124662391e-05
173330	0.003762527856
173331	0.001048932813
173332	0.0007570242851
173333	0.002940982827
173334	0.0007138583044
173335	0.001415344178
173336	0.002461841108
173337	0.003294242063
173338	0.002834961846
173339	0.005718706163
173340	0.005426134452
173341	0.0008191762749
173342	0.0004166681595
173343	0.001752874872
173344	0.0005864778237
173345	0.001020939411
173346	0.001256342358
173347	0.004814476389
173348	3.988694003e-05
173349	0.00098461321
173350	0.0003089912564
173351	0.001296477508
173352	8.265696102e-05
173353	0.005642521531
173354	0.001220371446
173355	0.00015209584
173356	0.0004086546493
173357	0.002394042362
173358	7.706095542e-05
173359	0.002460866232
173360	0.0003871061537
173361	0.0005646073378
173362	0.00130957824
173363	0.000846740957
173364	0.002251624266
173365	0.00327051317
173366	0.002905568015
173367	0.00149964531
173368	0.00109164016
173369	1.197318008e-07
173370	0.00114475383
173371	0.001651705402
173372	0.001002220395
173373	0.0007730343973
173374	0.000145129627
173375	0.002153692169
173376	0.001328200119
173377	0.001617771152
173378	0.0002517098332
173379	0.001872129558
173380	0.00146254717
173381	0.001169709723
173382	0.001025736764
173383	0.0003945306604
173384	0.001024294981
173385	0.001073910108
173386	0.0006361673947
173387	0.001904762132
173388	0.0008124972456
173389	0.001427791025
173390	0.0002959634423
173391	0.0003004118156
173392	0.0009967200022
173393	0.002462642521
173394	0.0006400443445
173395	3.36413493e-05
173396	0.0004060685031
173397	0.003637231714
173398	0.002052800723
173399	0.00178024192
173400	0.002177992592
173401	0.003738565611
173402	0.001672980861
173403	0.00183377732
173404	0.005275488942
173405	0.0004373563373
173406	0.007345727504
173407	0.0005599857748
173408	0.003194226636
173409	0.00141347987
173410	5.647327858e-06
173411	0.005833518675
173412	0.003049164046
173413	0.001011796939
173414	0.003456753138
173415	0.001475572929
173416	0.0002654043599
173417	0.001204813467
173418	5.442763465e-05
173419	0.0010669727
173420	0.000161134392
173421	0.0004371501436
173422	0.00180112127
173423	0.000844219608
173424	0.0001257861037
173425	0.0009586947921
173426	0.0009733074755
173427	0.005773047326
173428	0.002964417131
173429	0.0007723006198
173430	0.003098185932
173431	0.0006255962717
173432	0.0006548052607
173433	0.001218398138
173434	0.00564230853
173435	0.002320122045
173436	0.0005488429334
173437	0.0001556700965
173438	0.00153379841
173439	0.004914847097
173440	0.002379154412
173441	0.000709981337
173442	0.001575445236
173443	0.000248810727
173444	0.0001372154265
173445	0.001095697694
173446	0.00109468678
173447	0.00620925657
173448	0.000695633311
173449	0.005310298689
173450	0.004642777721
173451	0.0004071683854
173452	0.001160123336
173453	0.004104207417
173454	0.0002721933535
173455	0.002243050586
173456	0.0005220589427
173457	0.0004896489556
173458	0.0005727108895
173459	6.701044073e-05
173460	0.003341036203
173461	0.003927419409
173462	0.0012677549
173463	0.003263108633
173464	0.001097589333
173465	0.0001287495163
173466	0.0002769722779
173467	0.002406808281
173468	0.0002094594643
173469	0.002492495959
173470	8.208696192e-05
173471	0.003641602128
173472	0.001758121763
173473	0.001271253535
173474	0.001497751718
173475	0.002563180827
173476	0.0008633054279
173477	0.0001251024087
173478	0.0008258271082
173479	0.002065538774
173480	0.004037505345
173481	0.001408042069
173482	0.001858873925
173483	0.002997479919
173484	0.0009031973369
173485	0.001548159944
173486	0.0003443774979
173487	0.001164868271
173488	0.002205088132
173489	0.004259421372
173490	0.006143369939
173491	0.00432068349
173492	0.005506227979
173493	0.002616941625
173494	0.001630689345
173495	0.00243356377
173496	0.0002865860232
173497	0.0001626438645
173498	0.0004033712609
173499	0.0001607682117
173500	0.0003975435454
173501	0.0001269533274
173502	0.0006203050581
173503	0.0005859374556
173504	0.0001048430025
173505	0.0001542692196
173506	5.983076588e-05
173507	0.0005092998281
173508	0.001077949109
173509	0.000873952372
173510	0.0006702158833
173511	0.0009808085213
173512	0.002115108969
173513	0.0004428645952
173514	0.002313073571
173515	0.004052214951
173516	0.0001326201437
173517	0.0003770457956
173518	0.003159908272
173519	9.055918822e-06
173520	0.0001064731324
173521	0.002423872673
173522	0.001078931852
173523	0.00177555361
173524	0.0002386403009
173525	0.003664958701
173526	0.001425908282
173527	0.001273868709
173528	0.0004253741183
173529	0.001379424889
173530	0.0002552795743
173531	0.0009743548817
173532	9.511286663e-05
173533	0.004065605229
173534	0.001789184005
173535	0.001175936745
173536	0.0004137134354
173537	0.001665650063
173538	0.0004506080701
173539	0.000897259801
173540	0.001364483278
173541	0.002774673917
173542	0.00162021227
173543	0.003882292228
173544	0.003241123526
173545	0.0005410112293
173546	0.001538129899
173547	0.0002865095104
173548	0.0006957697422
173549	0.0009455955375
173550	0.001182264856
173551	0.0008604662403
173552	0.000814113619
173553	0.001338204901
173554	0.001066544289
173555	0.000263556071
173556	0.001071474369
173557	7.625894169e-05
173558	0.002216311902
173559	0.0005226435639
173560	0.003974648335
173561	0.0009860153478
173562	0.00676058661
173563	8.320308667e-05
173564	0.002002308125
173565	0.004346442172
173566	0.002680625687
173567	5.464909786e-05
173568	0.003711092549
173569	0.004704277879
173570	0.000571256815
173571	0.0002627965578
173572	0.001643058975
173573	0.001596897982
173574	1.241757173e-05
173575	0.0003625252289
173576	0.001283842991
173577	0.003482671216
173578	0.0006330336381
173579	0.0009363097874
173580	0.001381446415
173581	0.0005940380041
173582	0.004366057513
173583	0.001348273372
173584	0.0007437718879
173585	0.0003951018052
173586	7.467881797e-05
173587	0.002028951117
173588	0.002953925013
173589	0.0002419526252
173590	0.0003858784023
173591	0.002720723911
173592	0.0003150246986
173593	0.0001275912159
173594	0.0009406631606
173595	0.001755414997
173596	0.005248398043
173597	0.001763027388
173598	0.001076520273
173599	0.001920057822
173600	0.0002968726214
173601	0.001902154013
173602	0.002140054599
173603	0.001284374722
173604	0.0004091298417
173605	0.003686954281
173606	0.001395231039
173607	0.001198306154
173608	0.002063283849
173609	0.0003287822471
173610	0.0008577561422
173611	0.0001419523299
173612	0.0001300197741
173613	0.0009910352927
173614	0.0008836622197
173615	0.0009055706592
173616	0.003236948957
173617	0.002478895452
173618	0.002067999757
173619	0.003062955152
173620	0.000443141668
173621	2.841890961e-05
173622	0.0008480181689
173623	0.0003711997975
173624	0.005424052624
173625	0.001264353837
173626	0.0009060306047
173627	0.005858027879
173628	0.0007677960251
173629	0.004613319567
173630	0.001296376327
173631	0.0009405400171
173632	0.0040539935
173633	0.0005189818392
173634	0.00321890591
173635	0.0009330578898
173636	0.0009615149448
173637	0.001992382464
173638	0.002449814581
173639	0.0007550607493
173640	0.0003867442151
173641	9.419866578e-05
173642	0.0007045742345
173643	7.535220566e-05
173644	0.001549070181
173645	3.461054524e-05
173646	0.002446472568
173647	0.000322560858
173648	0.0005158634254
173649	0.001859135903
173650	0.00014444808
173651	0.002542109249
173652	0.0001146541034
173653	0.0001878225354
173654	0.0002510083076
173655	0.0007763210128
173656	0.0004779731527
173657	0.0004381358383
173658	0.002765541988
173659	0.0006772097938
173660	0.0008844171406
173661	3.145348161e-06
173662	0.001786847689
173663	9.244301853e-05
173664	0.0006650888679
173665	0.0007891576796
173666	0.0001837099249
173667	0.00205515122
173668	0.002015237338
173669	0.002395359522
173670	0.00289908368
173671	0.0004671417192
173672	0.0004496551848
173673	0.001039335535
173674	0.001594848371
173675	0.00156014057
173676	0.001289960036
173677	0.001103133983
173678	0.001397541626
173679	0.0009794578188
173680	0.001564254499
173681	0.0009270733227
173682	0.001936055641
173683	0.0002937700548
173684	0.0003160672417
173685	0.0009333677678
173686	0.0006852112013
173687	0.004180465981
173688	0.003094598311
173689	0.003363852708
173690	0.001449111814
173691	0.0007679506055
173692	0.0007146115652
173693	0.001001697888
173694	0.0006626583944
173695	0.003585371077
173696	0.00537299288
173697	0.001290889625
173698	0.001331663655
173699	0.0001209440924
173700	0.0005285265262
173701	0.004788316129
173702	0.0003019048725
173703	0.0006300040073
173704	0.001133779288
173705	0.0004576774053
173706	7.094854193e-05
173707	0.004413548535
173708	5.53226342e-05
173709	0.001487792072
173710	0.001987069098
173711	0.0001420867531
173712	0.0004514494413
173713	0.0002056855825
173714	0.0001906367701
173715	0.001912234777
173716	0.0001639812717
173717	0.0009098881655
173718	0.0005559074485
173719	0.006771011957
173720	0.0006652219797
173721	0.002121831355
173722	0.001778101234
173723	0.0001321371039
173724	0.001009132649
173725	0.0004984064382
173726	0.0003302546962
173727	5.435399992e-05
173728	0.0005855785026
173729	0.001569987633
173730	8.036475097e-06
173731	0.001075649178
173732	0.0001703756626
173733	0.0001277354293
173734	0.001387025457
173735	0.001852888891
173736	3.745983051e-05
173737	0.0008800872679
173738	0.00260230182
173739	0.0005609346022
173740	0.0001971883117
173741	0.001630868464
173742	0.002157458916
173743	0.0003891728103
173744	0.0005100715863
173745	0.0005207703033
173746	0.002079594659
173747	0.0005618961232
173748	0.00339979031
173749	0.0004012412773
173750	0.0007943397362
173751	0.0003451800245
173752	0.000106270408
173753	0.0003229794039
173754	0.002094423082
173755	0.0009571831907
173756	0.0002798349474
173757	0.001859856647
173758	0.003868104544
173759	0.001419653873
173760	0.000978679223
173761	0.000688085773
173762	0.0002676852479
173763	0.0006386692075
173764	0.0001211456862
173765	1.42280657e-05
173766	0.004663422448
173767	0.0004955134983
173768	3.771883353e-05
173769	0.0007717603629
173770	0.0007303938712
173771	0.001123701959
173772	0.0006192579719
173773	0.002539930534
173774	0.00163432564
173775	0.0002202402983
173776	0.000155164905
173777	0.0009336711933
173778	0.0008529257525
173779	0.005948995644
173780	0.001500938408
173781	0.002846111433
173782	4.691109141e-05
173783	8.816245189e-05
173784	0.001073340389
173785	0.0003838256943
173786	0.003568234438
173787	0.0002051041949
173788	0.00058100479
173789	0.0008946780652
173790	0.000273059971
173791	0.002088266722
173792	0.0007122761261
173793	0.00015660912
173794	2.53655155e-05
173795	0.001251495452
173796	0.0005583326635
173797	0.0007899058605
173798	0.0005537118607
173799	0.003380359246
173800	0.001284114251
173801	0.0001766626007
173802	0.003806315586
173803	0.001385234079
173804	0.006736838549
173805	0.002637536428
173806	0.00203005164
173807	0.002057856876
173808	0.0005975730041
173809	0.004202945124
173810	0.0002046400928
173811	0.00154242193
173812	0.007708820302
173813	0.004047321213
173814	0.002676867618
173815	0.005169841335
173816	0.0004215209688
173817	0.002418887289
173818	0.002211636726
173819	0.002363921893
173820	0.001049562604
173821	0.001460814269
173822	0.0006049213753
173823	0.0006990219366
173824	0.0004790958002
173825	0.002494350087
173826	0.002232782614
173827	8.029686656e-05
173828	8.564329328e-05
173829	0.002022860274
173830	0.00464067098
173831	0.0009033836712
173832	0.001251158852
173833	0.001406492031
173834	0.002825604608
173835	0.0009114541754
173836	0.002438887248
173837	0.00576856362
173838	0.00524619104
173839	0.006318033737
173840	0.002861907623
173841	0.00331013456
173842	0.002773171938
173843	0.003703927723
173844	0.004754465591
173845	0.003143551086
173846	0.001933392979
173847	0.002823286927
173848	0.002645143542
173849	0.003994114846
173850	0.0007574814022
173851	0.000483707846
173852	0.002724887597
173853	0.0002777104663
173854	0.0006639257756
173855	0.001930614848
173856	0.0008244144256
173857	0.001048028486
173858	0.00144199563
173859	0.001589741566
173860	8.897510394e-05
173861	0.0001844008046
173862	0.0007024917796
173863	0.001542198808
173864	0.001194784501
173865	0.001229157698
173866	0.001380145377
173867	0.0007584952803
173868	0.001946813282
173869	0.000921116766
173870	0.0003978886334
173871	0.001509190104
173872	0.00168453329
173873	0.004341347101
173874	0.0022153717
173875	0.005154331193
173876	0.0003964607261
173877	0.003269080109
173878	0.0001261983913
173879	0.003796407865
173880	0.001307168522
173881	0.002146207771
173882	0.001353688767
173883	0.001725581245
173884	0.001063536995
173885	0.001108727145
173886	0.001510653058
173887	0.001720258675
173888	0.0004867214542
173889	0.0009385013586
173890	0.0003121028543
173891	0.001661212347
173892	0.004050539757
173893	0.001498855017
173894	0.002210204567
173895	0.002283813259
173896	0.002862767248
173897	0.002521597609
173898	0.000713046009
173899	0.0002882391572
173900	1.72016128e-05
173901	0.001411813259
173902	0.001932597502
173903	0.005077427217
173904	0.002072369201
173905	0.001129350635
173906	0.004368609595
173907	0.002711780078
173908	0.0005524499422
173909	0.002448360864
173910	0.0005329369758
173911	0.004722202517
173912	0.002090766413
173913	0.0007074075087
173914	0.003327537269
173915	0.002111624642
173916	0.002227539044
173917	0.004726836455
173918	0.0001001908218
173919	0.0001682291264
173920	0.005489529638
173921	0.002015252644
173922	0.00182548783
173923	0.0007033343313
173924	0.001533798068
173925	0.0002211189185
173926	0.005454002576
173927	0.001057287627
173928	0.002257457066
173929	0.002923385907
173930	0.001564204752
173931	4.416131115e-05
173932	0.004970467001
173933	1.063022631e-06
173934	0.002703634073
173935	0.0005158212307
173936	0.002358092324
173937	0.0006549100753
173938	0.002875949369
173939	0.003560943102
173940	0.004186632875
173941	0.0006807940804
173942	0.001910363949
173943	0.00169581195
173944	0.001964682195
173945	0.00336708083
173946	0.001274482039
173947	0.0005016199786
173948	0.003050049231
173949	0.0006396594448
173950	0.0007632049212
173951	0.00268719154
173952	0.0008716463435
173953	0.001150289528
173954	0.001532129305
173955	0.003379079855
173956	0.000921640412
173957	0.0009704002975
173958	0.002949831054
173959	0.001031388119
173960	0.0003183748673
173961	0.003007566781
173962	0.0019071172
173963	0.003316906534
173964	0.0006542335699
173965	0.008425209956
173966	0.0006547039643
173967	0.003167241119
173968	0.0003218842334
173969	0.0053537751
173970	0.0003982619228
173971	0.0006483370675
173972	7.840023278e-05
173973	0.0003271283075
173974	5.64555971e-05
173975	0.0001870306554
173976	0.0007540040828
173977	0.0006107085173
173978	0.001931337678
173979	0.006160085866
173980	0.001085761299
173981	0.002784421991
173982	0.001469351675
173983	0.01029604334
173984	3.523561662e-06
173985	0.001009971904
173986	0.0006634688542
173987	0.0009735281999
173988	7.855181118e-05
173989	0.006672558705
173990	0.005213502965
173991	0.003984344805
173992	0.0033112645
173993	0.002457735976
173994	0.005571993274
173995	0.00113864977
173996	0.008215365128
173997	0.0006021128232
173998	0.005004245588
173999	0.002456758177
174000	0.001580200006
174001	0.001485311897
174002	0.001020005814
174003	0.002376929834
174004	0.001747155306
174005	0.0002098359057
174006	0.002074521949
174007	0.0005226535221
174008	0.00157075279
174009	0.0033437863
174010	2.839310859e-05
174011	0.001245184656
174012	0.0008344896953
174013	0.002055928005
174014	0.0008328105165
174015	0.0003078702321
174016	0.002158089298
174017	0.00186518703
174018	0.0003372665772
174019	0.003806622939
174020	3.722023743e-05
174021	0.00592446934
174022	0.004470976186
174023	0.003385951874
174024	0.005250017751
174025	0.001361370163
174026	0.003308550734
174027	6.235671825e-05
174028	0.0006925210444
174029	0.001150679803
174030	0.0002696306025
174031	0.001208752636
174032	0.0003517936213
174033	0.0007322494297
174034	0.003268040571
174035	0.001424330883
174036	0.0001209416025
174037	0.003959855245
174038	0.001204859191
174039	0.0002231916706
174040	0.002563997309
174041	0.002234392717
174042	0.000338567215
174043	0.000657417524
174044	0.001643527334
174045	0.001463840635
174046	0.006910700894
174047	0.002257287318
174048	0.001116409315
174049	0.0007843208761
174050	0.002650858279
174051	0.0009733683951
174052	0.0002138837462
174053	0.0004069973371
174054	0.003595555157
174055	0.0007934080239
174056	0.0006871531685
174057	0.000878386175
174058	0.0002267660729
174059	0.002255274479
174060	0.0007677854382
174061	0.0004747022332
174062	0.004129600451
174063	0.0006935678575
174064	0.001218647214
174065	0.001779022012
174066	0.002011497615
174067	0.005566408862
174068	0.0007399989178
174069	0.0007390730184
174070	9.409228221e-05
174071	0.000793307301
174072	0.0006104573418
174073	0.002317371683
174074	0.007077795939
174075	0.0003163610517
174076	0.001655040293
174077	0.000598116748
174078	0.002022176456
174079	0.0001618903761
174080	0.0003990348593
174081	0.0003947557847
174082	5.872778863e-05
174083	0.0007653859824
174084	0.001605190789
174085	0.0008587867786
174086	0.0009691648515
174087	0.001228329166
174088	0.0008981431884
174089	0.002522116974
174090	0.000295681003
174091	0.0009485033761
174092	0.001547058061
174093	0.0001391099908
174094	0.001632340259
174095	0.006333638701
174096	0.001123954513
174097	0.001741513076
174098	0.0006730246352
174099	0.004222615255
174100	0.001963373844
174101	0.003873929307
174102	0.00785475458
174103	0.001862614008
174104	0.004615784341
174105	0.001246901531
174106	0.001489577943
174107	0.0007331398315
174108	0.001520265134
174109	0.0001210630069
174110	0.0002083820263
174111	2.327951137e-05
174112	0.001497743805
174113	0.00161492436
174114	0.003293483375
174115	0.0002500614341
174116	0.006347154659
174117	0.001667987652
174118	0.0004296958186
174119	0.0009405311673
174120	0.003785824423
174121	0.003523971021
174122	0.0006186944295
174123	0.000516612504
174124	0.0006207764667
174125	0.000180410585
174126	0.001333329132
174127	0.00143249631
174128	0.0008340615592
174129	0.002685989259
174130	0.0005942810924
174131	0.003479103332
174132	0.0002237776323
174133	0.001296884615
174134	0.001645335612
174135	0.001807108716
174136	0.009029296884
174137	0.002400758665
174138	0.0003487499903
174139	0.0005182466081
174140	0.0009699605421
174141	0.001741661213
174142	8.391202054e-05
174143	0.001498324547
174144	0.0009091798094
174145	7.141227176e-05
174146	0.002234871452
174147	0.000952796078
174148	0.001152441018
174149	0.0018406087
174150	0.0007678112543
174151	0.0001300354879
174152	0.0007165827791
174153	0.001911619847
174154	0.001414374716
174155	1.510494825e-05
174156	0.0005964891468
174157	0.002779438123
174158	0.000857515267
174159	1.944729771e-05
174160	0.003252118562
174161	0.000130938063
174162	0.0003705592043
174163	0.003629828514
174164	0.001122907655
174165	0.0006826846662
174166	0.0003751705384
174167	0.004699848769
174168	0.001738132683
174169	0.000198199106
174170	0.0001992609026
174171	0.004462462444
174172	0.008425553557
174173	0.002355800488
174174	0.0006012972741
174175	0.0006372403212
174176	0.001674210102
174177	5.064464428e-05
174178	0.0004086188005
174179	0.002743921884
174180	0.0001956379355
174181	0.003198109168
174182	0.001441848012
174183	0.0003120663344
174184	0.0002709476225
174185	0.001150121161
174186	0.004151310232
174187	0.00189395484
174188	0.001061153579
174189	0.000200355851
174190	7.203177685e-05
174191	0.00216260657
174192	0.001921591218
174193	0.001244718562
174194	0.00267614347
174195	0.001253933313
174196	0.002593924082
174197	0.0008225356259
174198	0.002294444115
174199	0.001785213416
174200	0.004014424681
174201	0.001568552992
174202	0.001386638808
174203	0.00280834015
174204	0.002823352741
174205	0.00062498315
174206	0.003522922252
174207	0.0005843622093
174208	0.002653526023
174209	0.0004872736451
174210	0.0005208014813
174211	0.002243253559
174212	0.002361030926
174213	0.002347196269
174214	0.004505236967
174215	0.001062051251
174216	0.00241253922
174217	0.001300724236
174218	0.00340823243
174219	0.002823267441
174220	0.001122052244
174221	0.004581508566
174222	0.004676506662
174223	0.005947763496
174224	0.0001172913632
174225	0.005451915136
174226	0.002309913542
174227	0.001994920034
174228	0.001075336416
174229	0.00663988711
174230	0.0003164147394
174231	0.002270627584
174232	0.0005351654391
174233	0.0007085965473
174234	0.001181490415
174235	0.004362944074
174236	0.001069176643
174237	0.002508265397
174238	0.001574862014
174239	0.001386529116
174240	0.001793768964
174241	0.004738705418
174242	0.0005135580351
174243	0.001101661608
174244	0.002727419082
174245	0.007971315955
174246	0.003208931888
174247	0.001312958411
174248	0.006133296082
174249	0.004693577632
174250	0.001046427633
174251	0.0007291603014
174252	0.001858066437
174253	0.000459819251
174254	0.004947313429
174255	0.0003023695406
174256	0.003019879311
174257	0.005773849203
174258	0.0001744273047
174259	0.000738277767
174260	0.0008986415026
174261	0.00357905753
174262	0.001646677163
174263	0.002065415078
174264	0.004431300625
174265	0.001203257228
174266	0.001122032696
174267	0.002044721947
174268	0.0008247574839
174269	0.003576955525
174270	0.00185486379
174271	0.006240712876
174272	0.000822403679
174273	0.003624208555
174274	4.139880265e-06
174275	0.004965763906
174276	0.0004019987076
174277	0.006955194655
174278	0.004636247631
174279	0.001322884706
174280	0.0008454847609
174281	0.001223577557
174282	0.001548844557
174283	0.002095766741
174284	0.003593034578
174285	0.004882560215
174286	0.0008633200037
174287	0.0002523850659
174288	0.005423478142
174289	0.003698172656
174290	0.001371280561
174291	0.0009908540344
174292	0.006005021761
174293	0.001148745615
174294	0.004504772647
174295	0.001286156591
174296	0.003314912245
174297	0.005666478125
174298	0.003788185482
174299	0.00422176488
174300	0.0002546800168
174301	0.0001941798935
174302	0.003963660929
174303	0.003038489156
174304	0.0003920512739
174305	0.0005356584048
174306	0.005593315334
174307	0.0008396655932
174308	0.006148617626
174309	0.0006057484463
174310	0.000793173752
174311	0.001124432551
174312	0.0002694971655
174313	0.004912932879
174314	0.005789970793
174315	0.0008922680527
174316	0.002457873208
174317	0.0002254543745
174318	0.00189646762
174319	0.001266749161
174320	0.002299386307
174321	0.001283568429
174322	0.0001932319519
174323	0.001169895151
174324	0.006365296581
174325	0.002461872472
174326	0.000632156643
174327	0.00435068706
174328	0.003254655147
174329	0.0007482696392
174330	0.001131458277
174331	0.001648319755
174332	0
174333	0.003592264604
174334	0.002859536518
174335	0.00047864641
174336	0.0003900165394
174337	0.0007714800266
174338	0.0003277820644
174339	0.004835410925
174340	0.0004284862544
174341	0.005792323647
174342	0.005045413216
174343	0.0004696277428
174344	5.537145773e-05
174345	0.005035863567
174346	0.0008190176148
174347	0.0007962554058
174348	0.0007869498919
174349	0.001445267183
174350	0.0005765683161
174351	0.00388860494
174352	0.007705244513
174353	0.005314698432
174354	0.001011397452
174355	0.00457613145
174356	0.003500335732
174357	0.002954791451
174358	0.001095777413
174359	0.004403840038
174360	0.0007458518404
174361	0.00243912734
174362	0.001654055035
174363	0.003057620125
174364	0.004168064687
174365	0.005839611166
174366	0.0009484275145
174367	0.00307424177
174368	0.00154246913
174369	0.001315337407
174370	0.0001717241739
174371	0.0006722480585
174372	0.001211921286
174373	0.0008236573587
174374	0.005485088952
174375	0.002263456524
174376	1.221902465e-05
174377	0.00329598536
174378	0.002987952268
174379	0.001521778159
174380	0.005027979781
174381	0.0007750901974
174382	0.0004007094489
174383	0.003694196074
174384	0.002622800839
174385	0.0008589324389
174386	0.001467187962
174387	0.002858550393
174388	0.0004732480071
174389	0.0002465870335
174390	0.003982594631
174391	0.003135594177
174392	0.001291108407
174393	0.0008153562778
174394	0.005062615425
174395	0.0003285863931
174396	0.001298982643
174397	0.001444915438
174398	0.0001415458109
174399	0.004101465893
174400	0.0007064153438
174401	0.002431893898
174402	0.002955500676
174403	0.0008296296479
174404	0.0003119976289
174405	0.001921878213
174406	0.0001682514424
174407	0.005466918248
174408	0.002944435602
174409	0.001772516762
174410	0.003266201427
174411	0.002512803982
174412	0.004384030086
174413	0.001336218824
174414	0.0009604813739
174415	0.002542857282
174416	0.004597573288
174417	0.008614848761
174418	0.0004154640217
174419	0.0008262547228
174420	0.001491631853
174421	0.004208533609
174422	0.005331345117
174423	0.004275239563
174424	0.003199160607
174425	0.001096403706
174426	0.00200529643
174427	0.005150658662
174428	0.0001359202625
174429	0.0005104664829
174430	0.0003635666617
174431	0.0002275358059
174432	0.0004043567099
174433	0.0002014377346
174434	0.0003435483416
174435	0.0001424504426
174436	0.0009147058703
174437	0.000123833931
174438	0.0008706696829
174439	0.0005484183502
174440	0.003802979345
174441	0.003690307343
174442	0.005117455048
174443	0.002499279859
174444	0.002249833726
174445	0.002746432086
174446	0.0004389069321
174447	0.001573227494
174448	0.002445092667
174449	0.0006941161362
174450	0.001888026741
174451	0.0007217978206
174452	0.002310992512
174453	0.00246431812
174454	0.001729721182
174455	0.002579095713
174456	0.0008671004129
174457	0.000381286235
174458	0.0003727299676
174459	0.001337446637
174460	0.000900514027
174461	0.003355336776
174462	0.0001436298238
174463	0.0005627179097
174464	0.001331862177
174465	0.00281595333
174466	0.000238096036
174467	0.001280414548
174468	0.001206743352
174469	0.000817520174
174470	0.002364827968
174471	0.001382294813
174472	0.001354033215
174473	0.002066949526
174474	0.0003994605818
174475	0.001888853362
174476	0.0004498045071
174477	0.000126941274
174478	0.0007492632516
174479	0.003848527867
174480	0.004454908652
174481	0.0001359480227
174482	0.0005092528697
174483	0.0005910401145
174484	0.000956443661
174485	0.002038131501
174486	0.00101161814
174487	0.002863322438
174488	0.006527485174
174489	0.002825090842
174490	0.002093895633
174491	0.004036147661
174492	0.0007153432652
174493	0.0008753740046
174494	0.0001900661624
174495	0.003578221509
174496	0.0002191419328
174497	0.0007924910077
174498	0.0025763073
174499	0.0005725634593
174500	0.00163798597
174501	0.0003107373781
174502	0.007430865504
174503	0.002495923586
174504	0.0001160425542
174505	0.004067880294
174506	6.777949758e-05
174507	0.001865077572
174508	0.001280066485
174509	0.000149218591
174510	0.006012356359
174511	0.00415118309
174512	0.00156758318
174513	0.0003014107785
174514	0.001748215678
174515	0.003734392797
174516	0.0001849121272
174517	0.002583605159
174518	0.002007576807
174519	0.002349969747
174520	0.003003984199
174521	0.003359717458
174522	0.0002478874347
174523	0.002177271066
174524	0.003035793188
174525	0.0008281586609
174526	0.0004010323981
174527	0.0001560240735
174528	0.004538520359
174529	0.0009269745148
174530	0.002698772904
174531	0.006235427997
174532	0.00146647111
174533	0.0007317985794
174534	0.00471514976
174535	2.935095152e-05
174536	0.0003616926836
174537	0.00313565502
174538	0.0003087106696
174539	0.0004356383622
174540	0.004267924512
174541	0.003749896106
174542	0.00213561875
174543	0.0003599043847
174544	0.003118319237
174545	0.001428409685
174546	0.002005998952
174547	0.00365628304
174548	0.003625825402
174549	0.0009257090089
174550	0.0008233185504
174551	0.0004120876663
174552	0.0003249807159
174553	0.003011092355
174554	0.001535654348
174555	0.003133755905
174556	3.363278323e-05
174557	0.0006606426456
174558	0.001529054182
174559	0.001024029844
174560	0.001224145384
174561	0.0002306503728
174562	0.000526925451
174563	0.003115475672
174564	0.001312888969
174565	0.005448739612
174566	0.00330512074
174567	0.0002033450101
174568	0.000201231146
174569	0.001345935554
174570	0.002538992481
174571	0.003562517304
174572	0.0009654093386
174573	0.0003688474334
174574	0.0009891001285
174575	0.0004013496622
174576	3.632623016e-06
174577	0.0009422096842
174578	0.001858934439
174579	0.003908847652
174580	0.004402892496
174581	0.006252977301
174582	0.001626771464
174583	0.007743151533
174584	0.0003810788983
174585	0.001807591517
174586	0.0008439552729
174587	0.0003671243418
174588	0.0002336909677
174589	0.000190771473
174590	0.005656515648
174591	0.004621814877
174592	0.001984573465
174593	0.0006303864245
174594	0.007835306631
174595	0.005145221928
174596	0.001405666543
174597	0.0002280766301
174598	0.0005031178411
174599	0.002082759583
174600	8.06454363e-05
174601	0.001885620757
174602	0.0001050361313
174603	0.0009292456801
174604	0.004587240222
174605	0.0004982606734
174606	0.001353258018
174607	0.0003816179788
174608	0.000163019568
174609	0.0001659095409
174610	0.000708225773
174611	0.002726174118
174612	0.005686114301
174613	0.0003325414935
174614	0.004058624016
174615	0.006324685949
174616	0.00231699353
174617	0.002130617443
174618	0.003023234427
174619	0.0001694060223
174620	0.004980949003
174621	0.001396736161
174622	0.002101186176
174623	0.0006085834614
174624	0.0005825591928
174625	0.003608017286
174626	6.058970745e-05
174627	0.001809310689
174628	8.596129286e-08
174629	0.003199198546
174630	0.003940539114
174631	0.0004529068383
174632	0.000566690715
174633	0.001015356585
174634	0.0008299850669
174635	0.0007784452845
174636	9.267306223e-05
174637	0.0008211561429
174638	0.002336502159
174639	0.003257685525
174640	0.0007323167869
174641	0.005683868016
174642	0.00191706013
174643	0.001414254895
174644	0.00419006964
174645	0.0002866679334
174646	0.00157767715
174647	0.0008069812674
174648	0.001944065704
174649	0.003320774875
174650	0.001903326416
174651	0.002524183924
174652	0.004231583077
174653	0.0008774341054
174654	0.002084531956
174655	0.0003840646618
174656	0.001514461796
174657	0.0002915717251
174658	0.0002622327728
174659	0.002232458732
174660	0.0006642482094
174661	0.001224776154
174662	0.001075144046
174663	1.795179642e-05
174664	0.003247392294
174665	0.001833687749
174666	0.00264186644
174667	0.002938532897
174668	0.002721405666
174669	0.0008682157327
174670	0.001763749655
174671	0.0001019611879
174672	0.001747711343
174673	0.0009419392223
174674	0.001354773964
174675	0.002680612156
174676	0.004171702158
174677	0.002045293875
174678	0.003975278018
174679	0.001996899184
174680	0.001135100355
174681	0.00239294804
174682	3.994435405e-05
174683	0.0002271998495
174684	0.00458714241
174685	0.00335749112
174686	0.004170648545
174687	0.003352190463
174688	0.003258245774
174689	0.0005373810389
174690	0.001170960716
174691	0.002929415461
174692	0.0009429609718
174693	0.0005043784307
174694	0.002648687144
174695	0.00146532839
174696	0.0005681444606
174697	0.0007191130472
174698	0.000407598133
174699	0.00199244296
174700	0.002936292724
174701	0.000478098759
174702	0.001366591103
174703	0.0008650645221
174704	0.0002472007986
174705	0.001974485835
174706	0.002044083499
174707	0.001585662928
174708	0.0009709821281
174709	0.0005840021228
174710	0.0008497263836
174711	0.001356809688
174712	0.0009054928686
174713	0.001699244352
174714	0.002330760542
174715	0.0002331799134
174716	0.0001260116212
174717	0.001280852047
174718	0.0005848831936
174719	0.003232594471
174720	0.0004841006811
174721	0.001753734553
174722	0.002656305391
174723	0.0002194407529
174724	0.002623263402
174725	0.001607698141
174726	0.0001563800917
174727	0.001502259118
174728	0.001133410542
174729	0.0009921904804
174730	0.001019477097
174731	0.00372878317
174732	0.002349556043
174733	0.0009356131755
174734	0.0009276278725
174735	0.0009141555567
174736	0.0008329129228
174737	0.001078775647
174738	0.001267602871
174739	0.001260499104
174740	0.002520534139
174741	0.002610730348
174742	0.002381878428
174743	0.002280888863
174744	0.0005450591286
174745	0.002503867127
174746	0.0002742006218
174747	0.002385640642
174748	0.002564609121
174749	0.002935736491
174750	0.002609798769
174751	0.00237634436
174752	0.00244197785
174753	0.001729366045
174754	0.001924122652
174755	0.001322982728
174756	0.002215674457
174757	0.005819085834
174758	0.0003621948865
174759	0.0002308453346
174760	0.0002060213238
174761	0.0008524316877
174762	0.003837361231
174763	0.002164661305
174764	0.003155023446
174765	0.0038241173
174766	0.0001833236863
174767	0.0009503027632
174768	0.003700378293
174769	0.002701834442
174770	0.003883112738
174771	0.00571034258
174772	0.003014588896
174773	0.003008736086
174774	0.0007538210528
174775	0.0003886035197
174776	0.001218727289
174777	0.001278848893
174778	0.0020556337
174779	0.0001398214236
174780	0.0002909683792
174781	0.0006158063797
174782	0.0002471553094
174783	0.001873200112
174784	0.002062469597
174785	0.002093250761
174786	0.002960754527
174787	0.0003449151134
174788	0.004276574917
174789	0.003623067614
174790	0.0001494486574
174791	0.001993136772
174792	0.001698139765
174793	0.001072407172
174794	0.001745837331
174795	0.0004088995466
174796	0.00150311775
174797	0.001674113497
174798	0.003249940001
174799	0.0007847699115
174800	0.0005129449205
174801	0.001245943823
174802	0.001726010667
174803	0.002395577465
174804	0.002646851462
174805	0.002280225515
174806	0.002167957365
174807	0.002456394212
174808	0.002289340956
174809	0.002577687903
174810	0.001219411635
174811	0.0006032203616
174812	3.181081926e-05
174813	0.001312684056
174814	0.00270876508
174815	0.004338033295
174816	0.000128875989
174817	0.0002012971941
174818	0.003475332199
174819	0.002056235518
174820	0.001510225562
174821	0.002228077336
174822	0.002917776452
174823	0.002031603937
174824	0.001042836507
174825	3.150630113e-05
174826	0.0005615921815
174827	0.002315431545
174828	0.001332587301
174829	0.003180771907
174830	0.0009249215091
174831	0.0037856848
174832	0.001718060991
174833	0.001891494061
174834	0.001445521957
174835	0.001345262483
174836	0.000422432692
174837	0.0001125430856
174838	0.0008199776579
174839	0.0005816317298
174840	0.002043985383
174841	0.0001981555953
174842	0.0006285595086
174843	0.006486716693
174844	0.004443193908
174845	0.00253596129
174846	0.0002028437538
174847	0.005479923795
174848	0.0012286778
174849	0.0004571045932
174850	0.007037455973
174851	0.0006417114411
174852	0.003958918991
174853	0.001325909283
174854	0.00127827862
174855	0.0008684976758
174856	4.643756596e-05
174857	0.0009862725596
174858	0.001203783861
174859	0.00316963436
174860	0.002235561176
174861	0.000651715011
174862	0.0007243547171
174863	0.0005751216347
174864	0.000482947831
174865	6.030582373e-05
174866	0.0007123715436
174867	0.0003180899204
174868	0.003143538966
174869	0.001348661107
174870	0.0009728518288
174871	0.001982724084
174872	0.0001184719717
174873	0.005108005649
174874	0.001960057324
174875	0.002990965018
174876	0.006698743781
174877	0.006470098027
174878	0.0008560052993
174879	1.555358748e-05
174880	0.0006802602815
174881	0.0004854499204
174882	2.53552584e-05
174883	0.0006457057975
174884	0.000146650871
174885	0.0002675398583
174886	0.0002618718818
174887	0.001025219623
174888	0.0003491305434
174889	0.001335429119
174890	0.000617019417
174891	0.0002997977922
174892	0.0001287752101
174893	0.0003836367116
174894	0.0002043426318
174895	0.0007247462569
174896	0.0002856513649
174897	0.0004108148538
174898	0.0006132792378
174899	0.0004822993285
174900	0.001116999633
174901	0.0005971503962
174902	0.001200857739
174903	0.000481681182
174904	0.0004649254509
174905	0.0007054223388
174906	7.098165842e-05
174907	0.0002365122296
174908	0.001370286013
174909	7.457115781e-05
174910	0.0002356740465
174911	0.0007899976271
174912	0.001091061682
174913	7.463396794e-05
174914	0.0002330302127
174915	8.431897329e-05
174916	0.0003309087966
174917	0.001069540822
174918	0.0008087674845
174919	0.0001133876234
174920	0.0006322861587
174921	0.0001199057384
174922	0.0002276066944
174923	6.816775451e-05
174924	0.0008596106705
174925	0.0001137829211
174926	0.0003581598119
174927	0.000116168324
174928	0.0001198856787
174929	0.0001153707656
174930	0.000180819375
174931	0.000235719887
174932	0.0001142390714
174933	0.0001127494199
174934	0.00018181251
174935	4.334419183e-05
174936	0.0004686221558
174937	0.0001155104393
174938	0.000112714957
174939	0.0001171122904
174940	0.0001138118293
174941	0.0001159955181
174942	0.0005190618236
174943	0.001249185919
174944	0.0001912025814
174945	0.0005490707673
174946	0.0001137017679
174947	7.049998794e-05
174948	0.0001155093609
174949	0.001743421503
174950	0.0001291630175
174951	0.0002113908941
174952	0.0007812659215
174953	0.00063033414
174954	0.0002457321961
174955	0.0003092428779
174956	0.0006408610945
174957	0.0005810901213
174958	0.0003735167721
174959	0.0004056540979
174960	0.0002983897588
174961	0.0006402546186
174962	0.001329633822
174963	0.001172944072
174964	0.0007240658607
174965	0.0009815066438
174966	0.000620607501
174967	8.50978602e-05
174968	0.0003387522543
174969	0.0001607683285
174970	0.0001544616002
174971	0.0002999860188
174972	0.004047308737
174973	0.0003184504523
174974	0.002277658563
174975	0.0003348106445
174976	0.0003556480705
174977	9.806787272e-05
174978	0.0001136424964
174979	0.0001135426452
174980	0.0004645058476
174981	0.0007098754283
174982	0.0004252175312
174983	0.0003917283163
174984	2.696364293e-05
174985	9.084189679e-05
174986	0.0002464154045
174987	0.0001535768439
174988	1.385695955e-05
174989	6.006301134e-05
174990	0.0006753611786
174991	2.425684487e-05
174992	0.002502741819
174993	5.759198321e-05
174994	0.0002504734679
174995	0.0004090400121
174996	0.0003754511286
174997	0.0004193323695
174998	0.000150640741
174999	0.0001184569363
175000	0.001185702046
175001	0.0002834037281
175002	0.003103264141
175003	0.0008286260821
175004	0.0005608049815
175005	6.92837339e-06
175006	0.0005547014152
175007	0.0001355997674
175008	0.0001342648158
175009	0.001245854454
175010	0.0003496965858
175011	0.0004049432614
175012	0.0001770688062
175013	0.0003011600587
175014	0.0004725909728
175015	0.0003548898985
175016	0.000561106599
175017	0.0002771339881
175018	6.224583364e-05
175019	0.0003055605164
175020	0.0002127774106
175021	5.403029055e-05
175022	0.0002362387557
175023	2.869087447e-05
175024	0.0003972785232
175025	6.902447398e-05
175026	1.641811029e-05
175027	0.0002378748929
175028	0.0003432404887
175029	0.001135881322
175030	0.000632209123
175031	0.0005082508722
175032	0.0003686929566
175033	0.0002306153469
175034	3.322830495e-05
175035	0.0006568708191
175036	0.000834359477
175037	0.0002219668113
175038	7.769953058e-05
175039	0.0003187289324
175040	8.903960322e-05
175041	0.0001954161168
175042	8.585103072e-05
175043	0.0009089943114
175044	0.000113009162
175045	0.0008624179271
175046	0.0006791822418
175047	0.0002415846589
175048	5.321091867e-05
175049	9.410233169e-05
175050	0.0001323371543
175051	0.000312677736
175052	0.0008683078259
175053	0.0001414767361
175054	0.0006448357188
175055	0.0003718239425
175056	0.0008461567799
175057	0.0001586902476
175058	0.0003922549209
175059	0.0001231994344
175060	4.977551191e-05
175061	1.184969014e-05
175062	8.987593996e-05
175063	0.0007224875701
175064	1.28973258e-05
175065	9.317498135e-05
175066	0.0006784256827
175067	0.0003465035159
175068	0.0004460510532
175069	0.0003586722247
175070	0.0005200735481
175071	0.0001444794334
175072	2.373904496e-05
175073	0.0004125985296
175074	0.0002642418434
175075	0.0008734768943
175076	0.0006204634183
175077	0.0004160269909
175078	8.259243668e-05
175079	4.918999893e-05
175080	0.0005641902641
175081	0.0009260633175
175082	0.000447243146
175083	0.0002104657631
175084	0.0002848147918
175085	5.882939854e-05
175086	0.0001521592285
175087	0.0002272795055
175088	1.441316709e-05
175089	0.0002334455971
175090	0.001075534043
175091	8.816887248e-05
175092	0.0005871433146
175093	0.0005562356875
175094	0.000571585554
175095	0.0005331292536
175096	0.0001845700882
175097	0.0003574314668
175098	0.000270676772
175099	0.0003938486896
175100	0.0002451390045
175101	0.0007428286808
175102	0.000159418792
175103	0.0002673873492
175104	0.0009553600962
175105	0.0002403926881
175106	0.0004886723053
175107	0.0002205265938
175108	0.0005538219375
175109	0.000242490287
175110	0.0004417155573
175111	0.0004352916883
175112	0.00193920229
175113	0.0004820798139
175114	0.0007627363781
175115	0.0002948662044
175116	0.0001242717285
175117	7.919195479e-05
175118	0.001004795585
175119	0.0005970646939
175120	0.0004154207898
175121	0.0007707734536
175122	0.001035597219
175123	0.0002856120797
175124	0.0004071135122
175125	0.000182313143
175126	1.655017108e-05
175127	0.000452200958
175128	0.0002569204683
175129	0.0002475330094
175130	0.0001204806612
175131	0.0003770586881
175132	0.0005725271826
175133	0.0005427487027
175134	0.001906783586
175135	0.0003535358071
175136	0.0006609365777
175137	0.000540236354
175138	0.0001742839414
175139	0.0002559530882
175140	0.0002728466794
175141	0.0001142181201
175142	0.0005824605205
175143	0.0003118626186
175144	0.0006336254853
175145	0.000164495819
175146	8.286151472e-05
175147	2.357607134e-05
175148	0.0004854700919
175149	0.0002771159826
175150	0.0004587896465
175151	8.370949729e-05
175152	0.0003364241823
175153	0.0004060151247
175154	2.414480708e-05
175155	0.0007018701694
175156	0.0007911648826
175157	0.0006353264407
175158	0.0001616168136
175159	6.871538828e-05
175160	0.0004030295462
175161	0.0002864484484
175162	0.0003992364668
175163	0.0007245536839
175164	0.0001241251908
175165	4.011662355e-05
175166	0.000374153958
175167	0.0002135518739
175168	0.0005862420201
175169	0.0009181352886
175170	0.0005850660435
175171	0.002864356783
175172	9.140552943e-05
175173	0.0004927908045
175174	0.0004797567561
175175	0.0002081054564
175176	0.001829520964
175177	0.0002276103269
175178	0.001050209083
175179	0.0004144920167
175180	0.0002479734289
175181	0.0009745889024
175182	0.0001827631545
175183	0.0005156400382
175184	0.0003216510407
175185	0.0003614733207
175186	0.0004565899828
175187	0.0001896690556
175188	7.277943134e-05
175189	0.000259460705
175190	8.612238348e-05
175191	0.0001677062428
175192	0.0001797799155
175193	0.0004730528966
175194	0.0004612218483
175195	7.367228837e-05
175196	0.0006262989922
175197	0.0007555851241
175198	0.0002965174101
175199	0.0004162944021
175200	0.0004337228673
175201	0.0001960274151
175202	0.0003339938224
175203	0.0001271303546
175204	0.0002929551942
175205	0.0006038860971
175206	0.0008682296285
175207	0.0004780872039
175208	0.002419649273
175209	0.002935815032
175210	0.0005419226304
175211	0.000255281884
175212	0.0003184383754
175213	0.005329709417
175214	0.006164252642
175215	0.0006578847123
175216	0.002789239826
175217	0.0021460336
175218	0.002520315759
175219	0.001370371194
175220	0.001745118475
175221	0.003105147906
175222	0.0005736922315
175223	0.0003304001501
175224	0.0005366693632
175225	0.0001194092527
175226	0.001358949746
175227	0.001769016159
175228	0.005081170832
175229	0.00254895025
175230	0.000989473945
175231	0.0003742237663
175232	0.0005991876843
175233	0.002456303255
175234	0.001784476446
175235	0.0007377659975
175236	0.0008026259871
175237	0.001916812863
175238	0.002460264765
175239	0.0002633263817
175240	0.00280453686
175241	0.002738449331
175242	0.001338416478
175243	0.002382462047
175244	0.0006432298915
175245	0.0005476171659
175246	0.0008344679841
175247	0.00116371547
175248	0.001637167649
175249	0.0002843371618
175250	0.002181235575
175251	0.007601377682
175252	0.0002769952249
175253	0.001320773463
175254	0.0005304799091
175255	0.002477575732
175256	0.0005665094516
175257	0.001658607368
175258	0.004346502651
175259	0.008722749316
175260	0.00259807249
175261	0.002898963119
175262	0.0007856302594
175263	0.001918280589
175264	0.003697154596
175265	0.0026998362
175266	0.003003721201
175267	0.006453850946
175268	0.003671921887
175269	0.002733860458
175270	0.001013260445
175271	0.000282184578
175272	0.008218761559
175273	0.002839407916
175274	0.005643792507
175275	0.0006519875772
175276	0.0007041328912
175277	0.002949507236
175278	0.001007008021
175279	0.0007005396355
175280	0.0006577397287
175281	0.004014441437
175282	0.0002926824245
175283	0.004443618415
175284	0.002179941211
175285	0.002620322561
175286	0.002339493523
175287	0.00463050981
175288	0.002508723292
175289	0.0008821699048
175290	0.00279479663
175291	0.001503276482
175292	0.002643724851
175293	0.0005355677359
175294	0.00399676423
175295	2.660151447e-05
175296	0.003741294326
175297	0.003119314184
175298	0.001715647976
175299	0.001049908736
175300	0.001679933646
175301	0.001949019299
175302	0.003797307993
175303	0.004864578562
175304	0.006075011566
175305	0.003698397553
175306	0.0003318946293
175307	0.00148268522
175308	0.002252911036
175309	0.0008297484301
175310	0.0001671001103
175311	0.001586912818
175312	0.003343610165
175313	0.005093229355
175314	0.001254017081
175315	0.00217164082
175316	0.0001399618515
175317	9.265032655e-05
175318	4.975883644e-05
175319	0.001030490871
175320	0.0003293311508
175321	0.0006541135363
175322	0.001162066666
175323	0.0006350203887
175324	0.0003474444062
175325	0.0008364707795
175326	0.0005680087164
175327	0.0006284178338
175328	0.0007243493817
175329	0.001242170071
175330	0.0004298443846
175331	0.0009274969686
175332	0.0009900315266
175333	0.0007928157682
175334	8.906831001e-05
175335	0.001192265909
175336	0.0007514530855
175337	0.00115452997
175338	0.0002200709949
175339	0.0007154168315
175340	0.0007488257068
175341	0.0007016165079
175342	0.0006101362505
175343	0.0005029269444
175344	0.0008693131419
175345	6.518437714e-06
175346	0.0001834694533
175347	0.001011403496
175348	0.001109391633
175349	0.0006459197892
175350	6.682341505e-05
175351	0.0006496537162
175352	0.0006017369146
175353	0.0008906160759
175354	0.0006377201029
175355	0.0007332063245
175356	0.001256516075
175357	0.001116994685
175358	0.0007509329207
175359	0.0005032280245
175360	0.0005791283446
175361	6.209908298e-05
175362	0.0002488861847
175363	0.00013505955
175364	0.0002689084531
175365	0.0002107547934
175366	0.0001463101894
175367	2.018095481e-05
175368	2.341143749e-05
175369	0.0004333238536
175370	0.00138561317
175371	0.0002584590123
175372	0.0001125500917
175373	0.0001438601951
175374	6.196472653e-05
175375	0.0002224912418
175376	0.0002880863175
175377	0.0003720435448
175378	5.380474998e-05
175379	0.0004855244315
175380	8.740082683e-05
175381	7.60270175e-05
175382	6.545461803e-06
175383	0.0004494713522
175384	6.445650898e-05
175385	0.000887923601
175386	0.0002362776191
175387	0.0005385160361
175388	5.160788629e-05
175389	0.0001503684816
175390	0.0001747028526
175391	4.841703602e-05
175392	4.733641198e-06
175393	6.93120496e-05
175394	0.0003855343011
175395	5.094014527e-06
175396	0.0007952152214
175397	0.002367958826
175398	0.002805396969
175399	0.003248597382
175400	0.002257074883
175401	0.003414206394
175402	0.001077441353
175403	0.002232506997
175404	0.001420508033
175405	0.0009526119041
175406	0.001438005577
175407	0.002572175407
175408	0.002543233653
175409	0.002340323111
175410	0.002360361192
175411	0.003142418374
175412	0.002252255534
175413	0.002477646692
175414	0.002693928434
175415	0.002040577054
175416	0.001587254322
175417	0.001302629839
175418	0.003167995535
175419	0.002295966425
175420	0.00289335917
175421	0.003175445406
175422	0.004358620318
175423	0.003369621224
175424	0.002869372734
175425	0.002953900349
175426	0.002852035297
175427	0.002582190982
175428	0.0007498757657
175429	0.002449473893
175430	0.003037675679
175431	0.00342695788
175432	0.003871226337
175433	0.002031575718
175434	0.004675366366
175435	0.004026017425
175436	0.004105135912
175437	0.003836184739
175438	0.004507423632
175439	0.003221967055
175440	0.002795341253
175441	0.004110064276
175442	0.004567723531
175443	0.003947244839
175444	0.002361224414
175445	0.003586993359
175446	0.004708693747
175447	0.005988852956
175448	0.003361822706
175449	0.0009548747297
175450	0.002027991627
175451	0.001517510131
175452	0.002619774458
175453	0.0005981572072
175454	0.002262885796
175455	0.00182638435
175456	0.00246582799
175457	0.00208296274
175458	0.002122478772
175459	0.0005436004335
175460	0.0008850718099
175461	0.002149493399
175462	0.0004251307444
175463	0.002123325061
175464	0.00155813294
175465	0.001932062704
175466	0.00207005995
175467	0.001188223174
175468	0.001223313347
175469	0.0003728803462
175470	0.001110473196
175471	8.257464082e-05
175472	0.002425104794
175473	0.00276277657
175474	0.002036817411
175475	0.003181235214
175476	0.00165274226
175477	0.001542570995
175478	0.001627237908
175479	0.001632481387
175480	0.001460543508
175481	0.001191190286
175482	0.002152213563
175483	0.0004793716389
175484	0.002512435852
175485	0.002086466136
175486	0.002199966876
175487	0.003197316706
175488	0.001833517613
175489	0.001554276674
175490	0.001574508124
175491	0.001305901533
175492	0.001608776552
175493	0.002249931257
175494	0.001969534749
175495	0.0006839505326
175496	0.002387981636
175497	0.001359645872
175498	0.0005959614713
175499	7.221785316e-05
175500	0.003872470599
175501	0.00171328298
175502	0.001997513332
175503	0.001956858746
175504	0.002741856978
175505	0.002148821256
175506	0.002910052966
175507	0.002485855533
175508	0.002203918087
175509	0.001712117539
175510	0.001234204412
175511	0.001449314149
175512	0.002502448016
175513	0.0006851203346
175514	0.00228090068
175515	0.002468890989
175516	0.003264581924
175517	0.002281409161
175518	0.002453768827
175519	0.001945337023
175520	0.002313292273
175521	0.001269888402
175522	0.0002977283782
175523	0.006022951817
175524	0.004428295175
175525	0.002886876
175526	0.002103851409
175527	0.001846598158
175528	0.003319641931
175529	0.002930666115
175530	0.002160568035
175531	0.002869047596
175532	0.001904109049
175533	0.00689456304
175534	0.003807958662
175535	0.003311047804
175536	0.004186836225
175537	0.00522638108
175538	0.001720876617
175539	0.0004744507385
175540	0.00204549569
175541	0.0001609504719
175542	0.002625008274
175543	0.003023836679
175544	0.003269158289
175545	0.001812908772
175546	0.0009549731576
175547	0.002273612689
175548	0.001350959171
175549	0.0004287101569
175550	0.002762545095
175551	0.003143618161
175552	0.003001014892
175553	0.002351770016
175554	0.003363194254
175555	0.004794794215
175556	0.004768872245
175557	0.005316888172
175558	0.005533619642
175559	0.003761578362
175560	0.003076786875
175561	0.00280681218
175562	0.003729402772
175563	0.001650300087
175564	0.002796178835
175565	0.0008704185808
175566	0.0001929320049
175567	0.003038692797
175568	0.003027024331
175569	0.004416597305
175570	0.003376456184
175571	0.003046040711
175572	0.0009628721697
175573	0.002371618445
175574	0.00125330149
175575	0.001081426475
175576	0.000917885504
175577	0.004004370722
175578	0.00136865025
175579	0.003442638508
175580	0.003525392433
175581	0.00459436558
175582	0.002791810079
175583	0.002618273842
175584	0.003131682929
175585	0.001809898355
175586	0.002784083241
175587	0.004303240674
175588	0.002115294716
175589	0.003647269054
175590	0.002697018579
175591	0.003051516651
175592	0.003785381501
175593	0.001710633643
175594	0.003813471954
175595	0.0005851288977
175596	0.00220136679
175597	0.00237917861
175598	0.00257462369
175599	0.0007410926417
175600	0.001416819112
175601	0.0003737775194
175602	0.004093412601
175603	0.0002091238684
175604	0.0003806233214
175605	0.0002748808198
175606	0.0004962312887
175607	0.0001249110418
175608	0.0001924868187
175609	2.953273179e-05
175610	0.0003359154355
175611	0.0002519639184
175612	0.0002989935897
175613	0.0001314552268
175614	0.0005398203942
175615	0.0004292879018
175616	0.0003924275785
175617	0.0001156485113
175618	0.001010770186
175619	0.003481861052
175620	0.0002758282572
175621	0.0004609460602
175622	0.0005771957521
175623	0.0006958295314
175624	0.00144221085
175625	7.118279365e-05
175626	0.0002888889736
175627	8.636014446e-05
175628	0.0001393770285
175629	0.0001961321862
175630	0.0002740855872
175631	0.0001483520598
175632	0.002568281122
175633	0.0002591482173
175634	0.000857320543
175635	5.599039164e-05
175636	0.001182143643
175637	0.002142991835
175638	0.001359033596
175639	0.002162105684
175640	0.0007904484137
175641	0.001119946741
175642	0.0009852343137
175643	0.0002937492738
175644	0.0004811984414
175645	0.0005041392378
175646	0.0001455034922
175647	0.000238486347
175648	6.188256297e-06
175649	0.0006612120918
175650	0.00120708911
175651	0.0001223789667
175652	0.002372958757
175653	0.001390010185
175654	0.001656231164
175655	0.002892983255
175656	0.002992592268
175657	0.002098157137
175658	0.0006480586283
175659	0.001832326952
175660	0.002761136215
175661	0.0007687981228
175662	0.001636534284
175663	0.001090517519
175664	0.001555665385
175665	0.001181022415
175666	0.001841724176
175667	0.0007699085857
175668	0.002570973114
175669	0.00111853336
175670	0.0004232991989
175671	0.0007581759499
175672	0.000915511809
175673	0.001113254965
175674	0.0003981493126
175675	0.002615648477
175676	0.002942635805
175677	7.794679107e-05
175678	0.0002550779733
175679	0.00340987222
175680	0.002360709577
175681	0.001597209635
175682	0.001640967006
175683	0.000911553512
175684	0.001605263436
175685	0.004452512986
175686	9.55762754e-07
175687	0.00175909871
175688	0.00194853823
175689	0.001189808182
175690	0.004425525939
175691	0.001194403735
175692	0.004586714695
175693	0.0006824485507
175694	0.003211278802
175695	0.0009132810862
175696	0.003625279308
175697	0.004628876426
175698	0.003131893664
175699	0.00358975807
175700	0.004980430268
175701	0.003520919487
175702	0.00266868297
175703	0.003059453147
175704	0.003187683374
175705	0.002865621369
175706	0.003010132855
175707	0.00285874899
175708	0.003047909675
175709	0.003681298665
175710	0.002390710133
175711	0.002850548943
175712	0.002559682212
175713	0.002929125776
175714	0.003967999923
175715	0.002179128908
175716	0.003265186048
175717	0.004093743481
175718	0.002495193536
175719	0.0009565581606
175720	0.002378340306
175721	0.003577915105
175722	0.00406996024
175723	3.127333073e-05
175724	0.000196061917
175725	0.0001154482482
175726	0.002076420399
175727	0.0001666283475
175728	0.0008540960678
175729	0.00139102766
175730	0.00186202189
175731	0.001284869544
175732	0.0009217233111
175733	0.0006552174755
175734	2.89732756e-06
175735	1.320744199e-05
175736	1.858957766e-05
175737	0.001336070471
175738	0.003691621063
175739	0.007368827568
175740	3.702928307e-05
175741	0.00210320723
175742	0.0004473265886
175743	0.001160296432
175744	0.000828511731
175745	0.0007278974285
175746	0.007347210449
175747	0.0002004923202
175748	0.00117326412
175749	0.002240152504
175750	0.001953995224
175751	0.002799991795
175752	0.0004082071621
175753	0.002219295542
175754	0.001072259314
175755	0.0003892122307
175756	0.002398172
175757	0.003039352209
175758	0.001898579944
175759	0.005605897242
175760	0.001059042709
175761	0.0008417876864
175762	0.0002313383036
175763	0.0008345377854
175764	0.001299795825
175765	0.00400638811
175766	0.0008381166648
175767	0.001308449241
175768	0.003200065899
175769	0.004602525284
175770	0.003772539744
175771	0.0005770928679
175772	0.003888631465
175773	0.0008724537554
175774	0.00049615045
175775	0.00915692996
175776	0.004646557827
175777	0.006111839748
175778	0.003061919942
175779	0.003125194494
175780	0.005757605699
175781	0.002942011923
175782	0.001206541761
175783	0.003366514819
175784	0.0003330182698
175785	0.009025329798
175786	8.461696757e-05
175787	0.003894007937
175788	0.001412357355
175789	0.002575555604
175790	0.0007590869191
175791	0.003583681637
175792	0.001027079608
175793	0.002146543995
175794	2.377368015e-05
175795	0.007331700213
175796	0.0002145125048
175797	0.001360426815
175798	0.005246530132
175799	0.002449238872
175800	0.003608985293
175801	0.0005152540073
175802	0.0002929320557
175803	0.0002155371318
175804	0.001152080267
175805	0.004863471577
175806	0.001840741804
175807	0.0006791540526
175808	0.001518999452
175809	0.001357907739
175810	0.001309138752
175811	0.0005517827827
175812	0.0009366950444
175813	0.003265923446
175814	0.000152691901
175815	0.00372222417
175816	0.006161116597
175817	0.004301947612
175818	0.002068467994
175819	0.004907985456
175820	0.0006828757992
175821	0.001167503718
175822	0.003504402369
175823	0.002881172141
175824	0.00187934612
175825	0.001380843221
175826	0.001207344868
175827	0.0001350062624
175828	0.0001321031519
175829	0.000441985198
175830	0.0009923027848
175831	0.003001118183
175832	0.0003103307124
175833	0.003176875942
175834	0.004120949513
175835	0.001109870823
175836	0.001224635708
175837	0.001402471335
175838	0.001674798061
175839	0.006104057303
175840	0.001932692258
175841	0.0002981580951
175842	0.002880569927
175843	9.7695646e-05
175844	0.0005573022438
175845	0.00190777812
175846	0.001590074192
175847	0.0001682751947
175848	0.001043500956
175849	0.004646796317
175850	0.0002858606494
175851	0.004329826243
175852	0.001110121416
175853	0.001002532774
175854	0.002217805806
175855	0.001618731104
175856	0.003940058235
175857	0.0004964494779
175858	0.003359621806
175859	0.0009119175994
175860	0.0005355728196
175861	0.001270262254
175862	0.0004008236862
175863	0.006282979394
175864	0.00202735493
175865	6.159362792e-05
175866	0.0001705228507
175867	0.00129445059
175868	0.001488749369
175869	0.005423326958
175870	0.002031301407
175871	0.001161869034
175872	0.0004173332773
175873	0.003117133061
175874	0.0003461421788
175875	0.001409510487
175876	0.003900145736
175877	0.0003471728701
175878	0.001541440734
175879	0.002000146703
175880	0.004781777603
175881	0.001969478781
175882	0.001096448092
175883	0.001189360983
175884	0.003258217134
175885	0.00360865717
175886	0.002276320508
175887	0.0002648792876
175888	9.388089545e-05
175889	0.001601476709
175890	0.0006410326335
175891	0.005536610792
175892	0.001242558302
175893	0.004915060838
175894	0.0009381992969
175895	0.004094403479
175896	0.001688082941
175897	0.001399717785
175898	0.0006951133171
175899	0.001025294571
175900	6.553153695e-05
175901	0.0005416200678
175902	0.00111072413
175903	0.0009733092776
175904	0.003861243841
175905	0.003846272149
175906	0.0006776524656
175907	0.004505566476
175908	0.0003323717949
175909	0.0003190203749
175910	0.004931992416
175911	0.002214275315
175912	0.0003535427106
175913	0.00211684285
175914	0.003695536697
175915	0.003771147857
175916	0.0005526191321
175917	0.004185772861
175918	0.001382948017
175919	0.00216193889
175920	0.0001983169244
175921	0.0002353456376
175922	0.0004931593029
175923	0.002323683446
175924	0.0008874570463
175925	0.0002107047345
175926	0.0008921718797
175927	0.0004568297217
175928	0.005042546557
175929	0.005608422902
175930	0.004242443002
175931	0.001715947291
175932	0.0007374742467
175933	0.0001386964117
175934	0.002597562949
175935	0.001359384418
175936	0.004012055957
175937	0.003130774037
175938	0.000170332018
175939	0.004349636224
175940	0.002216450332
175941	0.003768456143
175942	0.002827408545
175943	0.003132113031
175944	0.002187873822
175945	0.0001915643723
175946	0.001845195913
175947	0.0002178449629
175948	0.002173669071
175949	0.0009804940591
175950	0.001357120191
175951	0.000885104339
175952	0.00106880009
175953	0.003568878491
175954	0.0005043231643
175955	0.004728614548
175956	5.472128605e-05
175957	0.0002348250749
175958	0.0004306652356
175959	0.005820753952
175960	0.001710506403
175961	0.001393489642
175962	0.000577742352
175963	0.001841354424
175964	0.00114243994
175965	0.0005575340506
175966	0.001305399399
175967	0.003836735532
175968	0.0004543845535
175969	0.0002247409465
175970	0.002468338194
175971	0.0001085472524
175972	0.0030251716
175973	0.002851765503
175974	0.003683728832
175975	0.0005658026403
175976	0.0008320084767
175977	0.00290650824
175978	0.0002548756504
175979	0.001718702163
175980	0.001772321434
175981	0.001797265671
175982	7.120676335e-05
175983	0.0007064297546
175984	0.002510549287
175985	0.004005625483
175986	0.0008953470377
175987	0.002342244052
175988	0.0003690347234
175989	0.00300239609
175990	0.004378555621
175991	0.0004327378937
175992	0.001166345457
175993	0.002424167363
175994	0.00229638437
175995	0.0003460171629
175996	0.003664656536
175997	0.0001151636457
175998	0.001077322272
175999	2.949499653e-05
176000	0.001834850967
176001	0.004973154813
176002	0.003023464762
176003	0.0006149104116
176004	0.005612143111
176005	0.001098861412
176006	6.42095985e-05
176007	0.001197104375
176008	0.0009907237541
176009	0.004368833423
176010	0.002070085713
176011	0.00190487174
176012	0.0002869332817
176013	0.002908531425
176014	0.007213855474
176015	0.002701215109
176016	0.001626614227
176017	0.00189097432
176018	0.002450501102
176019	0.0005146895256
176020	0.001723981359
176021	0.00207750327
176022	0.001860798957
176023	0.002402404611
176024	0.0007468852142
176025	0.00176616726
176026	0.0004542791333
176027	0.0002117922782
176028	0.001128074242
176029	0.0009269517393
176030	0.001166879258
176031	5.90196716e-05
176032	0.0006926586475
176033	8.632153246e-05
176034	0.003532107887
176035	0.001933287555
176036	0.0005759668296
176037	0.0001868014092
176038	0.003009169657
176039	0.003034053766
176040	0.00300361779
176041	0.0001415345184
176042	0.007382592396
176043	0.002039372666
176044	0.003029507429
176045	0.002406241857
176046	0.001638639013
176047	0.004555131981
176048	0.001442372089
176049	0.0004218452751
176050	0.005001188471
176051	0.0007365264616
176052	0.0008458878349
176053	0.003642883736
176054	0.01168751593
176055	0.002287873341
176056	7.07410979e-06
176057	0.006617958139
176058	0.00265030422
176059	0.004031955971
176060	0.001065250423
176061	0.004878666331
176062	0.003619357145
176063	4.089284578e-05
176064	0.004036214553
176065	0.00275298481
176066	0.002443117826
176067	0.001381324556
176068	0.002056967298
176069	0.004534099473
176070	0.00308441272
176071	0.001127205318
176072	0.004194638626
176073	0
176074	0.002173048934
176075	0.001221987146
176076	0.001429452723
176077	0.001057490608
176078	0.008130708778
176079	0.00113637034
176080	0.0009514823423
176081	0.0004173030584
176082	0.007627824714
176083	0.0007631474437
176084	0.001788448989
176085	0.005786312885
176086	0.0001113858534
176087	0.000447190248
176088	0.0001271659221
176089	0.0002855288291
176090	1.074516161e-07
176091	0.0003991323958
176092	0.0007874203506
176093	0.001631958957
176094	0.002344396229
176095	0.0003780911861
176096	0.0003741759581
176097	0.002803890221
176098	0.0047724357
176099	0.0003915318147
176100	0.003163871783
176101	0.001477282058
176102	0.001535827803
176103	0.002949488911
176104	0.003445008907
176105	0.001887853592
176106	0.0004719341704
176107	0.002970698029
176108	0.001551287854
176109	0.001295106502
176110	0.0004030204995
176111	0.0005281909699
176112	0.00322555525
176113	0.000888739237
176114	0.001929007428
176115	0.004033859483
176116	0.0007361559066
176117	0.003270225227
176118	0.004711216042
176119	0.001779736827
176120	7.058628273e-05
176121	0.0006257026322
176122	0.002436701811
176123	8.049740493e-05
176124	0.001786377089
176125	0.008624210658
176126	0.004781918414
176127	0.003121282477
176128	0.002693085196
176129	0.0002257588
176130	0.0003168659683
176131	0.002199129824
176132	0.001142141526
176133	0.001059291415
176134	0.0002956428711
176135	0.003392222751
176136	0.005537862858
176137	0.0001388779502
176138	0.001227329145
176139	0.004722452177
176140	0.0003086725379
176141	0.0008540821049
176142	0.002214955001
176143	0.0002873244224
176144	0.002422801259
176145	0.004333797951
176146	0.001842369461
176147	0.0005264168261
176148	0.0003569420686
176149	0.001888099059
176150	0.0004070381222
176151	0.00779888463
176152	0.001855435405
176153	0.0007933311252
176154	0.0001232192441
176155	0.0003428490545
176156	0.001636024682
176157	0.007722338606
176158	0.003092972291
176159	0.001597268538
176160	0.001765032395
176161	0.003621586743
176162	0.004090003515
176163	0.0007262956691
176164	0.0003296515643
176165	0.007143680326
176166	0.001731286704
176167	0.00200859225
176168	0.001888765404
176169	0.004440386942
176170	0.003627880443
176171	0.0001920279461
176172	0.005104621841
176173	0.00170193123
176174	0.0008111899514
176175	0.000505613366
176176	0.000651308462
176177	0.002423925094
176178	0.0007685856212
176179	0.001963143529
176180	0.0004015495477
176181	0.001476724273
176182	0.001032128393
176183	0.001383145968
176184	0.001980866547
176185	0.0001488570013
176186	0.003480959017
176187	0.001540811894
176188	0.001626076242
176189	0.001101077275
176190	0.001943631736
176191	0.0009882830766
176192	0.001187652649
176193	0.00189871664
176194	0.001670200415
176195	0.001199907934
176196	0.001149518014
176197	0.001072309726
176198	0.0007060096859
176199	0.001569022074
176200	0.0009975543357
176201	0.001120620548
176202	0.001047869432
176203	0.0008949168279
176204	0.0004651664412
176205	0.001396765458
176206	0.0007808213475
176207	0.002078783107
176208	0.002260533037
176209	0.002317900882
176210	0.00151949849
176211	0.00206078803
176212	0.0017267682
176213	0.002269115368
176214	0.0001659072939
176215	0.001337489087
176216	0.00124535467
176217	0.00139871297
176218	0.001134292522
176219	0.001274277327
176220	0.0016048309
176221	0.001180658493
176222	0.001683819878
176223	0.0004771303535
176224	0.001820561639
176225	8.451553215e-05
176226	0.000799492251
176227	0.0004330245809
176228	0.0003397559535
176229	0.001441563695
176230	0.00202330271
176231	0.001602894373
176232	0.001421720181
176233	0.002806691924
176234	0.001575607262
176235	0.0004893696102
176236	0.0004475409111
176237	0.002771924973
176238	0.0029375621
176239	0.001698405601
176240	0.0003923271479
176241	0.0009104472935
176242	0.001676168801
176243	0.001032747673
176244	0.001758958885
176245	0.0001533645557
176246	0.0006413944547
176247	0.002648526134
176248	0.001357950334
176249	0.0005602561247
176250	0.001626906652
176251	0.0010771871
176252	0.0005541060239
176253	0.0005247129156
176254	0.0001082120358
176255	0.001632855198
176256	0.001817194371
176257	0.001444386246
176258	0.0007214561925
176259	0.00143300651
176260	0.001145946365
176261	5.410161541e-06
176262	8.581076943e-05
176263	0.001931916717
176264	0.0003965320743
176265	0.0003055232771
176266	0.00127191496
176267	0.001236323517
176268	0.001121642186
176269	0.001658140092
176270	0.001266159703
176271	0.0005752206323
176272	0.0008867799791
176273	0.001233306025
176274	0.002166040056
176275	0.0006026549515
176276	0.001395506318
176277	0.001170163581
176278	0.0002096163091
176279	0.00164778472
176280	0.001672283312
176281	0.001829404486
176282	0.001775135014
176283	0.002516158092
176284	0.001014636482
176285	0.0003247395129
176286	0.0006225003307
176287	0.000993035792
176288	0.0001750565732
176289	0.0006407851481
176290	0.0001483011643
176291	0.0006053505504
176292	0.001128712102
176293	0.0008560554407
176294	0.0008168670707
176295	0.001596248389
176296	0.0009959593189
176297	0.001144544665
176298	0.0009594196842
176299	0.001850612552
176300	0.001590990507
176301	0.001738239894
176302	0.0009183788686
176303	7.315833319e-05
176304	0.001997079135
176305	0.001499835196
176306	0.0009406018596
176307	0.001911657423
176308	0.001319512745
176309	0.001812483921
176310	0.001586590181
176311	0.001264216932
176312	0.0005104419969
176313	0.001378513805
176314	0.0009766124155
176315	0.001540273024
176316	0.001087659653
176317	0.000173148734
176318	0.001886320794
176319	0.001580650036
176320	0.0005370474259
176321	0.000562493888
176322	0.0007181961287
176323	0.001342263671
176324	0.002320347354
176325	0.0005035822781
176326	0.003358263424
176327	0.0005530039137
176328	0.0007389280126
176329	0.0009234736085
176330	0.001144411228
176331	0.003103111666
176332	0.002461342756
176333	0.001444129339
176334	0.001800687595
176335	0.0008693266442
176336	0.001064476423
176337	0.001591333291
176338	0.001156316724
176339	0.0008485034939
176340	0.001407668454
176341	0.001206167463
176342	0.001253615167
176343	0.001668452396
176344	0.0006258413661
176345	0.0005325215129
176346	0.001165854817
176347	0.001957549912
176348	0.001776949834
176349	0.002227818984
176350	0.001120442089
176351	0.0008010553376
176352	0.0009852907425
176353	0.0005404925771
176354	0.0002345534734
176355	0.0009895345525
176356	0.0006077691684
176357	0.0009420409622
176358	0.000429026832
176359	0.0001039734003
176360	0.001382628593
176361	0.000363031208
176362	0.001508701781
176363	0.001465760497
176364	0.000987762781
176365	0.001346241031
176366	0.0005342789349
176367	0.000927833409
176368	0.0005994237099
176369	0.001758437569
176370	0.001029107337
176371	0.0009605528072
176372	0.0003573366931
176373	0.001757810645
176374	0.001044053076
176375	0.001451017552
176376	0.000761309102
176377	0.00186166687
176378	0.0004303571006
176379	0.00202254541
176380	0.001520548316
176381	0.0007620830898
176382	0.001667350981
176383	0.0005651735994
176384	0.00205228421
176385	0.000646476955
176386	0.0002632185898
176387	0.001387202904
176388	0.0007952610699
176389	0.0008026210393
176390	0.001130405355
176391	0.001158496638
176392	0.001188561532
176393	0.001249342613
176394	0.0002030292291
176395	0.001514244364
176396	0.00118707997
176397	0.0001050564397
176398	0.001162437484
176399	0.0001111920046
176400	0.001709218272
176401	0.001357974359
176402	0.001494495866
176403	0.001319170817
176404	0.002328262983
176405	0.0005385820332
176406	0.002004847755
176407	0.001858440718
176408	0.001113974154
176409	0.0008514864739
176410	0.0007821623722
176411	0.0001010284574
176412	0.0006415559758
176413	0.001445121246
176414	0.001490996872
176415	0.001132897336
176416	0.0009412765476
176417	0.00165123081
176418	0.0002824889081
176419	0.0007985640531
176420	0.0002637476214
176421	0.001724583804
176422	0.001727544971
176423	0.001377145999
176424	0.001604008782
176425	0.00100766362
176426	0.001096842789
176427	0.001417473185
176428	0.001184114626
176429	0.001304928523
176430	0.001342037566
176431	0.000725790451
176432	0.001413756814
176433	0.0009896827956
176434	0.001645199293
176435	0.0005250360964
176436	0.000977715982
176437	0.001440752526
176438	0.0009677965933
176439	0.0005915715289
176440	0.001046516039
176441	0.0001242180376
176442	0.00111735109
176443	0.001432099053
176444	0.001555861156
176445	0.001186275376
176446	0.001822204
176447	0.001166890494
176448	0.001111613693
176449	0.0008136980046
176450	0.001902321404
176451	0.001107682616
176452	0.0006240806209
176453	0.001298896242
176454	0.001404405812
176455	0.001020592843
176456	0.001357744505
176457	0.001508738515
176458	0.002784918243
176459	0.002104527465
176460	0.0007497795721
176461	0.001552074826
176462	0.0004053722933
176463	0.001388335112
176464	0.001365946545
176465	0.002059570528
176466	0.0003246234098
176467	0.001012612837
176468	0.0008934864556
176469	0.002554562053
176470	0.001135324095
176471	0.001921811119
176472	0.00113230554
176473	0.0008841442199
176474	0.001216024198
176475	0.001864496677
176476	0.003634464475
176477	0.001818700047
176478	0.0005895452944
176479	0.001123831203
176480	0.002355013749
176481	0.0004148398751
176482	0.001383551138
176483	0.001941683539
176484	0.001101729702
176485	0.001055494926
176486	0.001286889568
176487	0.001761169987
176488	0.001811941076
176489	0.001897435886
176490	0.001325013384
176491	0.000496639048
176492	0.0004265228078
176493	0.0007919900278
176494	0.001818151141
176495	0.001495865065
176496	0.001417105155
176497	0.001092072655
176498	0.0009048917991
176499	0.001501287513
176500	0.0009946823852
176501	0.001587717925
176502	0.001007927414
176503	0.0003059746006
176504	0.001632413091
176505	0.0005038476833
176506	0.0008977279817
176507	0.001350048617
176508	0.0002721107426
176509	0.002321784289
176510	0.001707028874
176511	0.000656422704
176512	0.001482761989
176513	0.000289707874
176514	0.001547316913
176515	0.0008712928799
176516	0.0001369347684
176517	0.00208137858
176518	0.001568543762
176519	0.0009999378455
176520	0.002255894806
176521	0.00513081662
176522	0.003751446788
176523	0.0002151734024
176524	0.001043022038
176525	0.002821905203
176526	0.002065883287
176527	0.001013661523
176528	0.001278627207
176529	0.001696849986
176530	0.001489582045
176531	0.0007072642191
176532	0.001654282673
176533	0.001513935674
176534	0.001056524136
176535	0.005659366445
176536	0.0006624586867
176537	0.001234171538
176538	0.002148768026
176539	0.002662501935
176540	0.0006942550446
176541	0.0007999924832
176542	0.0005648187372
176543	0.00138355811
176544	0.001836141509
176545	0.001528146321
176546	0.0003341859986
176547	0.0007553031129
176548	0.0009492696636
176549	0.0007746495405
176550	0.000782289202
176551	0.003840959258
176552	0.001109213088
176553	0.0003650609752
176554	0.0002030447112
176555	0.001713025149
176556	0.001635661165
176557	8.593997152e-05
176558	0.00116292784
176559	0.0001986519696
176560	0.0001926807581
176561	0.0009087480257
176562	0.001387992999
176563	0.00207208197
176564	0.0007999569208
176565	0.001238767694
176566	0.0008273889031
176567	0.001873908347
176568	0.001344947776
176569	0.001020485788
176570	0.0008971529037
176571	0.000928654363
176572	0.001532599291
176573	0.0003177519196
176574	0.001538578561
176575	0.0005603310787
176576	0.00104780177
176577	0.001075699751
176578	0.0009170223724
176579	0.00131839306
176580	0.0007732220848
176581	0.00157706286
176582	0.0004334598295
176583	0.001616127396
176584	0.001139793618
176585	0.001420042073
176586	0.0009230718998
176587	0.0006161259788
176588	0.002579995317
176589	0.0008096640761
176590	0.001082048146
176591	0.001565968306
176592	0.0001293958655
176593	0.0008549448773
176594	0.0008381852193
176595	0.001544481188
176596	0.002187956587
176597	0.0006650251746
176598	0.001170711826
176599	0.001687305256
176600	0.001728773051
176601	0.0005029152642
176602	0.0009802084735
176603	0.0007262708037
176604	0.0003955073341
176605	0.00146323442
176606	0.0006157744992
176607	0.00344327638
176608	0.0008104033733
176609	0.001488301093
176610	0.00130432608
176611	0.0005394203983
176612	0.000912243155
176613	0.001758541784
176614	0.001755074953
176615	0.002347569934
176616	0.003228831227
176617	0.002262061828
176618	0.00093797873
176619	0.006290959655
176620	0.002952730683
176621	0.001260879813
176622	0.002664126834
176623	0.0005793163897
176624	0.001757967534
176625	0.0003480908944
176626	0.002439842307
176627	0.0006207508541
176628	0.0004323817073
176629	0.00117530135
176630	0.00137229853
176631	0.001776835045
176632	0.006088695261
176633	0.002911238583
176634	0.003650019896
176635	0.003182216167
176636	0.000628731464
176637	0.0009015967529
176638	0.00125452471
176639	0.000514316771
176640	0.005425719365
176641	0.005739368499
176642	0.0007475564418
176643	0.001414209094
176644	0.001660949147
176645	0.001163103275
176646	0.00497046982
176647	0.0003228059033
176648	0.001583946752
176649	0.0008529964264
176650	0.001067658329
176651	0.0003151991777
176652	0.001396053492
176653	0.000579794749
176654	0.0001000309484
176655	0.004248448497
176656	0.0007696753642
176657	0.003750472513
176658	0.005789460187
176659	0.002938634598
176660	0.0004096173678
176661	0.001966031615
176662	0.0005964453894
176663	0.0003061631704
176664	0.000196603068
176665	0.002488389919
176666	0.00162285504
176667	0.003165638739
176668	0.001665582867
176669	0.0004326249312
176670	0.001071144873
176671	0.003216286445
176672	0.003536008523
176673	0.002260863469
176674	0.0004469631681
176675	0.0002890279413
176676	0.0006758927695
176677	0.0004921920624
176678	0.0006597821945
176679	0.0005268534456
176680	0.0002270895985
176681	0.0004592685825
176682	0.000638105716
176683	0.001794403452
176684	0.001849390628
176685	0.001556865271
176686	0.0007161607698
176687	0.001216698647
176688	0.003663797857
176689	0.0003014858225
176690	0.004624851593
176691	0.000283747848
176692	0.0004216696647
176693	0.001525456453
176694	0.0005546578069
176695	0.0006960396337
176696	0.0001968801287
176697	0.006889974745
176698	0.002289191735
176699	0.0009405257945
176700	0.0010339668
176701	0.003434666704
176702	0.0001351789846
176703	0.001424988081
176704	0.001088988013
176705	0.0003892557185
176706	0.00296933487
176707	0.0009707890987
176708	0.001050190691
176709	0.0009010152495
176710	0.0008563871069
176711	0.0006559503802
176712	0.000585932342
176713	0.0001667688543
176714	0.0009924470586
176715	0.0006070013816
176716	0.001763394498
176717	0.0027307901
176718	0.007317861605
176719	0.003140924705
176720	0.001154442353
176721	0.002889164665
176722	0.003118384901
176723	0.000996965576
176724	0.001529399402
176725	0.0008737584546
176726	0.0001515779577
176727	0.0006290440721
176728	5.431309838e-05
176729	0.005529615693
176730	0.001047146421
176731	0.0004334201804
176732	0.003699828424
176733	0.002048707835
176734	0.001623455142
176735	0.001196497529
176736	0.001972472066
176737	0.001164879896
176738	0.002376539686
176739	0.0006740732313
176740	0.001537123634
176741	0.000896056397
176742	0.0006802627505
176743	0.0004800950281
176744	0.000672671238
176745	0.0008598018538
176746	0.000824631128
176747	0.001211752722
176748	0.001466261336
176749	0.001450516438
176750	0.0009833181958
176751	0.003915377995
176752	0.0009336183089
176753	0.003234462016
176754	0.0009845797782
176755	0.004661218611
176756	0.002195137829
176757	0.0006328136572
176758	0.001620837377
176759	0.00174098788
176760	0.0004252232409
176761	0.000447355547
176762	0.002925137237
176763	0.00408746252
176764	0.0003088481627
176765	0.00267961017
176766	0.0037411972
176767	0.002992383424
176768	0.002162001079
176769	0.002139032861
176770	0.0003252874845
176771	0.0006749047207
176772	0.001499238324
176773	0.001741198635
176774	0.00144252154
176775	0.001996874288
176776	0.0005608577441
176777	0.001025637696
176778	0.001265503436
176779	0.001257790653
176780	0.0006323555022
176781	0.001973023024
176782	0.0001479043954
176783	0.001273239809
176784	0.001917005955
176785	0.0001792287032
176786	2.227811276e-05
176787	0.0002198934571
176788	0.001746138851
176789	0.001975363865
176790	0.0008798692511
176791	0.001423788963
176792	0.00125922775
176793	0.002037187803
176794	0.0001046799121
176795	0.0009790455716
176796	0.00251439379
176797	0.001008686543
176798	0.0001484013292
176799	0.001560387028
176800	0.001232978754
176801	0.001794592787
176802	0.001623347144
176803	0.0003609072089
176804	0.001637708904
176805	0.0005933637838
176806	0.001153692197
176807	0.001425004133
176808	0.0006434131681
176809	0.0004107017758
176810	0.001695583524
176811	0.0006207026604
176812	0.0007162582348
176813	0.002533021491
176814	0.001251287917
176815	0.001719210799
176816	0.001598475043
176817	0.002430165997
176818	0.001564806896
176819	0.001645692351
176820	0.00101172342
176821	0.002222400123
176822	0.001100524619
176823	0.001576862589
176824	0.001750064618
176825	0.0001774130519
176826	0.0009288169183
176827	0.001122108275
176828	0.001421955232
176829	0.0009436439085
176830	0.0006257555134
176831	0.001094314332
176832	0.001852515662
176833	0.001968067994
176834	0.001999525667
176835	0.002293440781
176836	0.001223886367
176837	0.002273381437
176838	0.0007616785399
176839	0.001750047041
176840	0.001278908521
176841	0.001737002828
176842	0.001660638033
176843	0.0009572940882
176844	0.001677930934
176845	0.0006608770581
176846	0.002588488705
176847	0.0006079977768
176848	0.0004044742705
176849	0.0001379284657
176850	0.0006827739029
176851	0.0006765557041
176852	0.001440162149
176853	0.001127445182
176854	0.00106072103
176855	0.00173424105
176856	0.001057322969
176857	0.001294235327
176858	0.001065403888
176859	0.001760155947
176860	0.0002160729791
176861	0.001615094202
176862	0.0005567602746
176863	0.001500669238
176864	0.0005560228791
176865	0.0005169764023
176866	0.001017257723
176867	0.0007686186518
176868	0.00123153752
176869	0.0003863688793
176870	0.0009063142597
176871	0.001167379376
176872	0.001142291893
176873	0.001274852594
176874	0.002099115607
176875	0.001796846651
176876	0.00248457974
176877	0.001321774448
176878	0.0007184687207
176879	0.0006384271795
176880	0.0009549831939
176881	0.001184223451
176882	0.0006528786546
176883	0.000910365857
176884	0.0005360186296
176885	0.002808556498
176886	0.004036242504
176887	0.001600711811
176888	0.007113798428
176889	0.0004000372218
176890	0.005018993194
176891	0.002333748348
176892	0.0008751376791
176893	0.003853997475
176894	0.008382554532
176895	0.0005951175357
176896	0.002822914197
176897	0.0006595404767
176898	0.001355132256
176899	0.0004590894325
176900	0.0006315904946
176901	0.0002753913353
176902	0.0004483537612
176903	0.001706945013
176904	0.002424259692
176905	0.006616770723
176906	9.195410394e-05
176907	0.0004915917255
176908	0.000874804379
176909	0.0008726550272
176910	0.001948761451
176911	0.0004046241741
176912	0.001889989879
176913	0.00114091107
176914	0.00374452953
176915	0.001124804731
176916	0.001283310698
176917	0.002284607922
176918	0.002535677423
176919	0.0002758917036
176920	0.0007984157976
176921	0.00029220196
176922	0.001684029922
176923	0.001147609086
176924	0.002086642556
176925	0.001664768644
176926	0.0001557850276
176927	7.756318703e-05
176928	0.0008086397013
176929	0.002070665436
176930	0.001694305479
176931	0.001011334528
176932	0.00164433527
176933	0.001091979693
176934	0.001295452013
176935	0.0006258060267
176936	0.00151183541
176937	0.001691970562
176938	0.001878921601
176939	0.001957413351
176940	0.0009131563985
176941	0.0008540651037
176942	0.0006462722849
176943	0.001867390734
176944	0.001481582523
176945	0.001899269125
176946	0.0008701201603
176947	0.002833200605
176948	0.001436735624
176949	0.0007830362714
176950	0.000881654093
176951	0.001282938496
176952	0.001359303763
176953	0.00122253499
176954	1.939188621e-05
176955	0.001565227339
176956	0.0005217431117
176957	0.00140417284
176958	0.0008771220978
176959	0.001187684109
176960	0.001646925373
176961	0.002001837674
176962	0.0003292965049
176963	5.225193819e-06
176964	0.0002553040387
176965	0.001437086683
176966	0.0003756784152
176967	0.002213058025
176968	0.0003511983931
176969	0.0009841470748
176970	0.001727014765
176971	0.001315580128
176972	0.0008730713577
176973	0.0007885070806
176974	0.008318468728
176975	0.0004725363665
176976	0.0003287788449
176977	0.001077998767
176978	0.0002059857451
176979	0.002097219064
176980	0.005302596851
176981	0.0004214178598
176982	0.003376758302
176983	0.0005347867656
176984	0.0003589168827
176985	0.001263156155
176986	0.002008892284
176987	0.0007152376253
176988	0.003437264576
176989	0.002324691227
176990	0.002420234882
176991	0.0004672765796
176992	0.001700436683
176993	0.0005709769544
176994	0.003665576795
176995	0.002248171086
176996	9.569647784e-05
176997	0.0007160326883
176998	0.0006170578156
176999	0.005285696914
177000	0.001559935965
177001	0.001495914792
177002	0.001837843898
177003	0.003827244504
177004	0.000616130017
177005	0.002502292137
177006	0.001732608128
177007	0.0003985954722
177008	0.0006604659307
177009	0.0002282514929
177010	0.004022937443
177011	0.004887645774
177012	0.0009468430197
177013	0.000355062031
177014	0.001526941489
177015	0.00218031713
177016	0.0002365324468
177017	0.00463144476
177018	0.001755555164
177019	0.001233257093
177020	0.0003696969888
177021	0.001066762993
177022	0.0008997559025
177023	7.313684833e-05
177024	0.006044579587
177025	0.000354034126
177026	0.002145790944
177027	0.002710104783
177028	0.003323040949
177029	0.003663685872
177030	0.001282314833
177031	0.0007319161368
177032	0.005586199759
177033	0.003063673769
177034	0.001891152926
177035	0.003362811766
177036	0.004971033676
177037	0.0006119551175
177038	0.002605449335
177039	0.0003413780829
177040	0.004913398376
177041	0.003241884012
177042	0.0004354336559
177043	0.004644688395
177044	0.001534878109
177045	0.0002194027633
177046	0.0005962632506
177047	0.0002842691603
177048	0.001354623887
177049	0.0005804880689
177050	0.0006679740046
177051	0.0007075726035
177052	0.003052251684
177053	0.006505170945
177054	0.003228556403
177055	0.0002724999865
177056	0.0006871029179
177057	0.0006122146289
177058	0.002134429539
177059	0.003432708738
177060	0.002237516688
177061	0.006258429078
177062	0.0008167176712
177063	0.009889105708
177064	0.001702230606
177065	0.003454271684
177066	0.0003132197265
177067	0.002612854096
177068	0.003190955156
177069	0.0005747194165
177070	0.0005221870941
177071	0.003214487234
177072	0.005377389969
177073	0.0005543834169
177074	0.0001290925352
177075	0.0003898804242
177076	0.001257453285
177077	0.0007230464693
177078	0.002286449346
177079	0.0006126877189
177080	0.004428256112
177081	0.001725070247
177082	0.001404629105
177083	0.0007915817842
177084	0.0003462059751
177085	0.0001344593755
177086	0.001869338356
177087	0.0005150889286
177088	0.002034111319
177089	0.001527972693
177090	0.001165986517
177091	0.004165135562
177092	0.00675279934
177093	0.003697768941
177094	0.00358627226
177095	0.0007147994252
177096	0.002236494832
177097	0.002650163494
177098	0.001765466838
177099	0.001006763887
177100	0.001517196077
177101	0.001132032366
177102	0.001985277317
177103	0.001183615107
177104	0.003940738299
177105	0.001149295028
177106	0.002316299743
177107	0.002844763037
177108	0.001886209467
177109	0.002202243087
177110	0.0007689398647
177111	0.0003235657726
177112	3.292935063e-05
177113	0.0005994925802
177114	0.002023963344
177115	0.0006924821703
177116	0.0008821918057
177117	0.0006668585908
177118	0.001156270172
177119	0.001559245841
177120	0.000640671123
177121	0.002076948144
177122	0.001473485184
177123	0.0002971796783
177124	0.003229295271
177125	0.005106513062
177126	0.0005715451201
177127	0.001820739021
177128	0.0009639460973
177129	0.00417711663
177130	0.0005013407251
177131	5.849948427e-05
177132	0.0008927317161
177133	0.0009109004028
177134	0.004846106644
177135	0.004788338859
177136	0.003834260138
177137	0.002984261308
177138	0.001222580752
177139	0.001707650414
177140	0.001030717847
177141	8.783152265e-05
177142	0.001326218696
177143	0.00265478053
177144	0.001190353875
177145	0.003172669329
177146	0.002031153701
177147	0.002994152148
177148	0.001658532649
177149	0.002775870192
177150	0.0003725106733
177151	0.0003699441933
177152	0.0006303260989
177153	0.0004239281411
177154	0.001511219182
177155	0.0001190735714
177156	0.002391786935
177157	0.001675756731
177158	0.001332191879
177159	0.003924032133
177160	0.001466494636
177161	0.001081446609
177162	0.001064643311
177163	0.001244366137
177164	0.001478630341
177165	7.468800074e-05
177166	0.003706728035
177167	0.003664702929
177168	0.0002432553368
177169	0.001560517456
177170	0.004665050744
177171	0.0003021572328
177172	0.007748383872
177173	0.004076052324
177174	0.001177278365
177175	0.001818294556
177176	0.004292741295
177177	0.0005390583598
177178	0.00216718235
177179	0.002482631235
177180	0.0009320893944
177181	0.003207876177
177182	0.001121455572
177183	0.003255850871
177184	0.00267991715
177185	0.0008440447002
177186	0.002111934052
177187	0.004452185702
177188	0.001511241531
177189	0.001345861183
177190	0.002141400399
177191	0.002317542619
177192	0.000247260822
177193	0.0004320264345
177194	0.0002760230979
177195	0.001374813775
177196	0.001325403312
177197	0.001019631711
177198	0.001835907899
177199	0.001015728989
177200	0.002236853997
177201	0.002702571412
177202	0.001393614769
177203	0.003319974505
177204	0.001569946785
177205	0.003759507654
177206	0.003377565723
177207	0.0006693140828
177208	0.0007189078203
177209	0.0002191508393
177210	0.002235481544
177211	0.002394779063
177212	0.001552406967
177213	0.001898772864
177214	0.000896813247
177215	0.002462138307
177216	0.002973127346
177217	0.0005282421495
177218	0.0007232390041
177219	0.0005694959332
177220	0.0023744374
177221	0.001840231734
177222	0.003544794017
177223	0.002880432329
177224	0.0005658412548
177225	7.146638098e-06
177226	0.0002408600164
177227	0.0005313909211
177228	0.002291299177
177229	0.004270669075
177230	0.0008629010593
177231	0.001258782054
177232	0.001742890539
177233	0.003767116851
177234	0.003386299227
177235	0.002539836003
177236	0.005312309959
177237	0.0003090645115
177238	0.003521306721
177239	0.0007571476899
177240	0.002049855043
177241	0.002733509664
177242	0.001587601469
177243	0.002681165034
177244	0.006174183987
177245	0.006840422901
177246	0.003734014984
177247	0.008450484554
177248	0.004246039065
177249	0.005885610228
177250	0.003014871177
177251	0.003962603703
177252	0.006963053978
177253	0.007692811259
177254	0.004785072362
177255	1.653468529e-05
177256	0.003066162233
177257	0.001155923945
177258	0.003621866461
177259	0.002358526165
177260	0.001071312997
177261	0.0001200922221
177262	0.001817387358
177263	0.003489310905
177264	0.0006963975393
177265	0.003529238003
177266	0.002682221203
177267	0.003530532393
177268	0.001847181689
177269	0.00329397331
177270	0.003205893091
177271	0.0002613221549
177272	0.004405276254
177273	0.004364451502
177274	0.006934509846
177275	0.001991752174
177276	0.001652996707
177277	0.001655067422
177278	0.001855576747
177279	0.00147005342
177280	0.0007553887669
177281	0.0007778446607
177282	0.0007751506552
177283	0.001207346746
177284	0.003686095053
177285	0.004677620198
177286	0.00261192039
177287	0.001322728331
177288	0.001729068167
177289	0.002506376807
177290	0.003531732399
177291	0.0008880084867
177292	2.533850627e-06
177293	0.002012811805
177294	0.00180898284
177295	0.002825521678
177296	0.003049281502
177297	0.004571578348
177298	0.0004007638277
177299	0.0009974743503
177300	0.001415833133
177301	2.629031188e-05
177302	0.0005079177367
177303	0.001119879693
177304	0.00145377834
177305	0.00126447722
177306	0.000173813059
177307	0.002595635433
177308	0.001731042767
177309	0.0003183353949
177310	0.0006834568763
177311	0.003675821115
177312	0.00115487019
177313	0.002601468316
177314	0.0001854241066
177315	0.003184739425
177316	0.003161583547
177317	0.004185487846
177318	0.001720082574
177319	0.005864878165
177320	0.000532387269
177321	0.0003379855526
177322	0.0005118143547
177323	0.001343712722
177324	0.00565976552
177325	0.006585493478
177326	0.0001827560744
177327	0.001943491021
177328	0.0007023150186
177329	0.003401524315
177330	0.002178419329
177331	0.0007347581814
177332	0.001318973482
177333	0.002043804253
177334	0.0001159427169
177335	0.00518759624
177336	0.002236476732
177337	0.0004868856634
177338	0.001499804264
177339	0.001881745913
177340	0.001164661051
177341	0.0001968102427
177342	0.0008705130193
177343	0.002685526764
177344	0.0007409487767
177345	0.003711931791
177346	0.0005817827563
177347	0.00336185909
177348	0.0001689886442
177349	0.000872148751
177350	0.001055704551
177351	3.599242047e-05
177352	0.00123187721
177353	0.001060716177
177354	0.003619361086
177355	0.004963950282
177356	0.009650229537
177357	0.002318046754
177358	0.004058963887
177359	0.002497523922
177360	0.003788781546
177361	0.0002131315935
177362	0.0009383871088
177363	0.0008032115776
177364	0.0008469932369
177365	0.0006014009071
177366	0.0005821001643
177367	0.000956103475
177368	0.001077832009
177369	0.0009013485033
177370	0.0003905486442
177371	0.0004576133566
177372	0.000628160641
177373	0.001042881885
177374	0.0007779273886
177375	0.0007601429557
177376	0.0003912507358
177377	0.0008876045861
177378	0.0007035406521
177379	0.0005927760676
177380	0.0003262613305
177381	0.0009828251805
177382	0.0003314915532
177383	0.003016086131
177384	0.0009298938954
177385	0.004415630607
177386	0.003545639939
177387	0.008909125177
177388	0.002351452273
177389	0.001908006926
177390	0.0002815653796
177391	0.0009648801797
177392	0.004210985933
177393	0.003685790655
177394	0.002094468911
177395	0.001483513032
177396	0.002443984537
177397	0.0009471492614
177398	0.00269626857
177399	0.004666380423
177400	0.001576707433
177401	0.001291427296
177402	0.001242220891
177403	0.004290188997
177404	9.996118482e-05
177405	0.002552593127
177406	0.0009276215943
177407	0.003655627445
177408	0.0005866338151
177409	0.001716535588
177410	0.0007163710312
177411	0.003687146884
177412	3.566124421e-05
177413	0.001165221673
177414	0.001831923482
177415	0.001686762896
177416	0.001606574278
177417	0.003416509623
177418	0.006198879604
177419	0.001690299539
177420	0.007458082903
177421	0.002902044249
177422	0.003385865068
177423	0.01004869549
177424	0.0009595548035
177425	0.0003893560692
177426	0.007410030997
177427	0.002878217805
177428	0.001294050615
177429	0.004121689578
177430	0.003167634242
177431	0.002840821039
177432	0.002414819233
177433	0.004894349757
177434	0.005858479093
177435	0.003666910203
177436	2.589606594e-05
177437	0.0004735894961
177438	0.003383914704
177439	0.003516564574
177440	0.0007417105828
177441	0.001348013736
177442	0.0003873093936
177443	0.0007782491614
177444	0.001020762901
177445	0.003299546338
177446	0.005764130905
177447	0.001036351775
177448	0.003521678293
177449	0.002960600801
177450	0.005513740647
177451	0.002326154946
177452	0.0001343913355
177453	0.003812429588
177454	0.004059445354
177455	0.0006450707466
177456	0.001282065646
177457	0.0009081831108
177458	0.001157812213
177459	0.003923972522
177460	0.003186568779
177461	0.0009270729368
177462	0.001251271119
177463	0.01071988484
177464	0.006475429958
177465	0.003038842136
177466	0.004721363211
177467	0.002747168604
177468	0.003840421711
177469	0.00078304218
177470	0.002236773765
177471	0.001691123221
177472	0.002738038983
177473	0.0001795695179
177474	0.003248295024
177475	0.0002610504858
177476	0.001514323146
177477	0.0008355829257
177478	0.005817637289
177479	0.0009158015798
177480	0.001768675029
177481	0.002587144333
177482	0.004351574802
177483	0.001647670627
177484	0.001580353719
177485	0.00254002435
177486	0.00114841298
177487	0.001285070122
177488	0.002755477372
177489	0.002384551499
177490	0.00578479633
177491	0.001534991139
177492	0.0008876770227
177493	0.001446751041
177494	0.0008909114781
177495	0.0007337574151
177496	0.001244473631
177497	0.0001190486708
177498	3.271003921e-05
177499	0.00076398357
177500	0.0006829761375
177501	0.0004643004569
177502	0.0009651589817
177503	0.0008701800183
177504	0.0003044567892
177505	0.0005362173961
177506	0.0005955661237
177507	0.00126513983
177508	0.003713560549
177509	0.0009686888875
177510	0.0001558601601
177511	0.001813222211
177512	0.001551299991
177513	0.0001256581164
177514	0.0005530290599
177515	0.001187045803
177516	0.001498182982
177517	0.001305026775
177518	3.645256072e-05
177519	0.002797419254
177520	0.0007617899655
177521	0.006707927014
177522	0.0003337458779
177523	0.0008853880323
177524	0.000749458565
177525	0.0003624932692
177526	0.003245733239
177527	0.001201036024
177528	0.005618409681
177529	0.001764993007
177530	0.001487861542
177531	0.000975503468
177532	0.0001633221849
177533	0.003222548265
177534	0.003840570605
177535	0.002963600129
177536	0.000433278611
177537	0.000328327286
177538	0.0005311557597
177539	0.0002021069083
177540	0.000748556479
177541	0.0001930597963
177542	0.0002534653961
177543	0.0002056760695
177544	0.0005425128554
177545	0.0008836446967
177546	0.00124897033
177547	5.963796325e-05
177548	0.0006403430264
177549	0.0003990844743
177550	0.0001987028007
177551	0.0006562409419
177552	0.0001806240439
177553	0.0009485267355
177554	0.0001107038115
177555	0.0004995706753
177556	2.12959238e-05
177557	0.0006447435751
177558	6.313353207e-05
177559	0.0003495321062
177560	0.0005219723467
177561	0.0005964834836
177562	0.0001147174744
177563	0.0001324045787
177564	0.0006504383123
177565	0.0002418758848
177566	0.000884115482
177567	0.001625566417
177568	0.00753721219
177569	0.0006559660924
177570	0.0005864220749
177571	0.001414608941
177572	0.0009946559697
177573	0.000230334707
177574	0.001301548001
177575	0.001826311198
177576	0.0005893365104
177577	0.0007960287078
177578	8.925782142e-05
177579	0.000362189531
177580	0.0002820230663
177581	8.00738087e-05
177582	0.0003427862895
177583	0.0001808970788
177584	0.0002372402297
177585	0.0004273130171
177586	0.0005008663734
177587	0.0003996926356
177588	0.0003127641433
177589	0.000114439424
177590	0.0004654090056
177591	0.0003998650058
177592	6.125536844e-05
177593	4.331421625e-05
177594	0.0001679809114
177595	0.0001884924666
177596	0.000314738474
177597	0.0004236960829
177598	0.0004042868808
177599	0.0001111977172
177600	0.001129124697
177601	0.0002729442725
177602	0.0001742512037
177603	0.0003018083008
177604	5.17742018e-05
177605	0.0004563765269
177606	0.0001644954298
177607	0.0005871204023
177608	0.000714379314
177609	4.131109963e-05
177610	0.0003848448672
177611	0.0002603369729
177612	0.0003538879127
177613	0.0004496868034
177614	0.0001505709972
177615	1.814971221e-05
177616	0.0005174094664
177617	0.0001569994615
177618	0.000288468
177619	0.0004164202857
177620	0.0002580833316
177621	7.215948512e-05
177622	0.0004753582388
177623	0.0001003462329
177624	0.0006615841821
177625	0.0004164454919
177626	0.0001403105564
177627	0.0001867235319
177628	0.0002057427424
177629	0.0005092940482
177630	0.0003989255794
177631	0.0001022520925
177632	8.401797853e-05
177633	8.696332873e-05
177634	0.0001226028248
177635	3.174303329e-05
177636	0.0002296818656
177637	1.16474289e-05
177638	0.0004750464561
177639	0.0003761101101
177640	0.0008055288774
177641	9.151742529e-05
177642	0.0006846996096
177643	7.565451254e-05
177644	0.0001298099782
177645	0.0003791269133
177646	0.0001570714756
177647	0.0008200602793
177648	0.0003347516642
177649	0.0004011334851
177650	8.552465707e-05
177651	0.0005032338362
177652	0.0004912105552
177653	0.0006533745316
177654	0.0001110171844
177655	0.0001945960019
177656	8.756391504e-05
177657	0.00033552766
177658	3.980730642e-05
177659	0.0008819918291
177660	6.774080112e-05
177661	0.0006476280849
177662	0.0001235191629
177663	9.343517842e-05
177664	0.0004460624304
177665	0.0001662401768
177666	0.000418482427
177667	0.0001540890056
177668	0.0003105213537
177669	0.0001497646293
177670	0.0001191965418
177671	0.000846520608
177672	0.000191020034
177673	4.447746561e-05
177674	0.0002509727595
177675	0.000380477744
177676	0.0001471741873
177677	0.0002311163597
177678	0.0001411242769
177679	0.000605680632
177680	0.0001086024437
177681	7.070965069e-05
177682	0.0005034476014
177683	0.0002662475259
177684	0.000112904423
177685	0.0002699513158
177686	0.0004112976297
177687	0.0004005925988
177688	0.0001264678281
177689	3.024287489e-05
177690	0.0007045930367
177691	1.103799376e-06
177692	0.0003352371251
177693	0.0004629463828
177694	8.450509561e-06
177695	2.537314226e-05
177696	0.0003487978404
177697	4.535030051e-05
177698	9.812223262e-06
177699	0.0001697697661
177700	0.0001079577538
177701	0.0002252747917
177702	0.0002103404288
177703	0.0001004275719
177704	0.0001752157894
177705	0.0001322127898
177706	0.0001065478671
177707	6.746048015e-05
177708	0.0004326433665
177709	0.0001031064703
177710	0.0001244673475
177711	0.0006516932302
177712	3.86822042e-05
177713	3.116167938e-05
177714	3.461301084e-05
177715	0.0005041158079
177716	4.373013402e-05
177717	7.107663386e-05
177718	1.786724451e-05
177719	0.0002976697272
177720	0.0002171200224
177721	0.0001535338846
177722	0.0006778135845
177723	0.0002155323574
177724	0.000362160783
177725	6.912770829e-05
177726	0.0007312610235
177727	0.0001780577207
177728	0.0001667956742
177729	0.0003482473197
177730	0.0003470116312
177731	4.741017047e-05
177732	0.0001207120346
177733	0.002237392873
177734	0.0001739892328
177735	0.0007018963675
177736	0.0001461012538
177737	2.861423767e-05
177738	0.001512987396
177739	0.0002177112962
177740	0.0001340715243
177741	0.0001887873681
177742	0.0004079652088
177743	0.00114895443
177744	0.000234068731
177745	0.002253842318
177746	0.0005910334406
177747	4.030689772e-05
177748	0.0004957702109
177749	0.0003720021312
177750	7.024486844e-05
177751	0.0001594263471
177752	0.0003921754263
177753	0.0003820518329
177754	0.0003225445025
177755	0.004021115133
177756	0.0003425287878
177757	0.00381567734
177758	0.006232614726
177759	0.005441891126
177760	0.0001091679938
177761	0.002707443208
177762	0.002905733268
177763	0.0003234152118
177764	0.003494693357
177765	0.0007574213753
177766	0.002561889804
177767	0.003183184812
177768	0.0006440088233
177769	0.005408117152
177770	0.002661970331
177771	0.001315082614
177772	0.003785243291
177773	0.0004780593065
177774	0.002869738455
177775	0.0008117873398
177776	0.0004039276439
177777	0.001111070404
177778	0.0005356227331
177779	0.001178769375
177780	0.006415956345
177781	0.003838366589
177782	0.003572455719
177783	0.002250972513
177784	0.0006133693746
177785	0.0007221210239
177786	0.002095469996
177787	0.001158571541
177788	0.0008778764982
177789	0.0001353360867
177790	0.000292245771
177791	0.006468856564
177792	0.0006612432569
177793	0.0008370072048
177794	0.001487941374
177795	0.001537088857
177796	0.002427430175
177797	0.0003990093049
177798	0.001035446374
177799	0.00209523533
177800	0.000570097471
177801	0.001311129543
177802	0.001223524294
177803	0.003290288559
177804	0.00177563803
177805	0.00195732748
177806	0.004565231862
177807	0.00133632198
177808	0.001323242035
177809	0.000889394673
177810	0.002943990762
177811	0.0003664888685
177812	0.0009596345342
177813	0.004461114426
177814	0.00487604131
177815	0.001589716269
177816	0.006168859431
177817	0.004573960815
177818	0.000301135764
177819	0.001253905666
177820	0.003402189517
177821	0.00163939217
177822	0.0006783074411
177823	0.0003910077254
177824	0.00111012299
177825	0.006423814961
177826	0.0009764731097
177827	0.00336480788
177828	0.004709054338
177829	0.001292988265
177830	0.003035358295
177831	0.0003118466944
177832	0.00238768142
177833	0.001601103072
177834	0.004049153549
177835	0.002828948113
177836	0.0002215869449
177837	0.001058160088
177838	0.00402092503
177839	0.005256533619
177840	0.002347501894
177841	0.00434860101
177842	0.001205575681
177843	0.0029181405
177844	0.008296524325
177845	0.001503682606
177846	0.001139500899
177847	0.003787407254
177848	0.002508997985
177849	0.000569472995
177850	0.007444044222
177851	0.003468860262
177852	0.0002442396379
177853	0.002525826604
177854	0.002787477697
177855	0.002973197085
177856	0.00169352814
177857	0.0005538002353
177858	0.003536165618
177859	0.003668005363
177860	0.003677335785
177861	0.003960018542
177862	0.0002202501038
177863	0.003548229981
177864	0.003112521698
177865	0.002998244853
177866	0.003263755012
177867	0.003069883884
177868	0.00349600179
177869	0.003423897086
177870	0.0033364694
177871	0.001689152479
177872	0.0002447422861
177873	0.0002011905379
177874	0.001260531061
177875	0.0008317468988
177876	0.0006728297366
177877	0.001768785039
177878	0.001462088751
177879	0.005678652117
177880	7.361785338e-05
177881	0.001847421872
177882	0.0001052750817
177883	7.655858184e-05
177884	0.000873612613
177885	0.0001748427142
177886	0.0003928006073
177887	0.001214976593
177888	0.000362738206
177889	0.0008533689448
177890	0.0006108473213
177891	0.0004527141791
177892	0.00203379021
177893	0.00117896605
177894	0.0004909425202
177895	0.009018301569
177896	0.0002893276184
177897	8.374090757e-05
177898	0.001479293097
177899	0.0008910259479
177900	0.0002660092384
177901	0.000495002867
177902	9.572874293e-05
177903	0.000345457374
177904	0.000676916477
177905	5.539847822e-05
177906	2.885901276e-05
177907	0.0006765535539
177908	0.001422611308
177909	0.000816150064
177910	0.0004255944495
177911	0.0009131564634
177912	0.00155327142
177913	0.000414406282
177914	0.0014535348
177915	0.002651493771
177916	0.0008960539701
177917	0.000511993053
177918	0.0001349670108
177919	0.002455396535
177920	5.780497959e-05
177921	0.001266458986
177922	0.0003894664663
177923	0.001760475708
177924	0.0004284489423
177925	0.001474088159
177926	0.0002801530248
177927	0.003975461564
177928	0.002748850356
177929	0.001580239785
177930	0.0006651452103
177931	0.0009235965127
177932	0.0007208342706
177933	0.004254655331
177934	0.00118443084
177935	0.0001019963492
177936	0.006240950192
177937	0.0004725506384
177938	0.000242973476
177939	0.001365117832
177940	0.001340405781
177941	0.006691087635
177942	0.000713346793
177943	0.0001913270608
177944	0.005381613349
177945	0.00662469898
177946	0.0001328657668
177947	0.001925499753
177948	0.0006562890937
177949	0.001455021323
177950	0.00228911678
177951	0.002736286484
177952	0.002755628148
177953	0.003271805059
177954	0.004272391417
177955	1.428277177e-05
177956	0.00280541392
177957	0.001221143351
177958	0.003275976337
177959	0.001103981259
177960	0.01113101157
177961	0.004486308255
177962	0.0003540052383
177963	0.00188993718
177964	0.003621630572
177965	0.001511556613
177966	0.005158574549
177967	0.0008060742774
177968	0.001197736053
177969	0.005604837899
177970	0.001464091114
177971	0.00652005755
177972	0.001057750102
177973	0.001084693379
177974	0.001193346617
177975	0.000275009392
177976	0.003521768977
177977	0.001713051664
177978	0.00177948868
177979	0.002088062557
177980	0.002357769107
177981	0.005761357028
177982	0.003027212334
177983	0.0003196448661
177984	0.003603252154
177985	0.0002429430742
177986	0.002016671198
177987	0.0003146639073
177988	0.003742778968
177989	0
177990	0.003714363505
177991	9.173407991e-05
177992	0.001500984122
177993	0.0006375336281
177994	0.0008053770784
177995	0.001298337692
177996	0.003035506927
177997	0.0005335452701
177998	0.001103223256
177999	0.003087946757
178000	0.003532136749
178001	0.002065330878
178002	0.003032430619
178003	0.0007301912603
178004	0.0001556750041
178005	0.001003388774
178006	0.004500095868
178007	0.003548070631
178008	0.0007385670729
178009	0.0009907547905
178010	0.005008364763
178011	0.002409866429
178012	0.001523074632
178013	0.006474082899
178014	0.0009526990022
178015	0.004015595371
178016	0.0009848514826
178017	0.00417525605
178018	0.002937194953
178019	0.001194884806
178020	0.002419112513
178021	0.004568128652
178022	0.00239690967
178023	0.0001976534474
178024	0.006069264594
178025	0.0001684071764
178026	0.0003145548966
178027	0.001104476492
178028	0.000907348655
178029	0.006896978394
178030	0.003186253743
178031	0.0002034921787
178032	0.004015332448
178033	0.0003514689815
178034	3.044437986e-05
178035	0.0001061802679
178036	0.0002142792315
178037	0.003011096214
178038	0.001222538373
178039	0.002020264717
178040	0.0001130373221
178041	0.003878638205
178042	0.0001281297691
178043	5.46396045e-05
178044	6.912409964e-05
178045	0.0003193215079
178046	0.0002860808102
178047	0.0001268642785
178048	0.001022733231
178049	0.0001092758807
178050	9.322827932e-05
178051	0.006390757843
178052	0.0001291844622
178053	0.0003838396433
178054	0.008301285485
178055	0.0001283811262
178056	0.0004508609504
178057	0.0003633289829
178058	1.318799935e-05
178059	0.0003660772536
178060	0.001324285316
178061	0.002375531143
178062	0.002610404022
178063	0.0001152019305
178064	0.004332469999
178065	0.001820137683
178066	0.0006614319818
178067	0.0002948339503
178068	2.169821738e-05
178069	0.0004136822305
178070	0.0002970585789
178071	0.005104221481
178072	0.0004203775519
178073	0.00227327864
178074	0.004610310895
178075	0.0002467747686
178076	7.977120196e-05
178077	0.002582006535
178078	0.002889048416
178079	0.0009137495181
178080	0.003197470958
178081	0.001156100773
178082	0.001777648325
178083	0.0007185373349
178084	0.006731733974
178085	0.004555319796
178086	0.0005984070152
178087	0.0004478444169
178088	0.0006357630102
178089	0.001320288198
178090	0.001408981942
178091	0.0008528306757
178092	0.001029121088
178093	0.001984362479
178094	0.0001450973951
178095	0.001070519228
178096	0.00374598214
178097	0.001880855827
178098	0.01051557495
178099	0.001331860908
178100	0.0001744696418
178101	0.0005277862807
178102	0.003343806421
178103	0.0002376959296
178104	0.002243264458
178105	0.001831731868
178106	0.0005278442045
178107	0.001860774562
178108	0.0008693446989
178109	0.002794243822
178110	0.001096118843
178111	0.001690262847
178112	0.0005498901181
178113	0.0004918284111
178114	0.001904417091
178115	0.0007977268305
178116	0.002492228283
178117	0.00278718003
178118	0.007001297677
178119	0.0003771856503
178120	0.0009599572315
178121	0.001685078076
178122	0.002891777845
178123	0.003185399249
178124	0.004402842291
178125	0.004431331827
178126	0.001859081598
178127	0.00429789683
178128	0.003441736294
178129	0.00160705297
178130	0.002501260908
178131	0.002472358144
178132	0.00483765809
178133	0.005754981929
178134	0.000436851879
178135	0.006088180463
178136	0.006006967561
178137	0.0001216493067
178138	0.00480001238
178139	0.001561542799
178140	0.006440887502
178141	0.002931766889
178142	0.005883701831
178143	0.007888517708
178144	0.001270035563
178145	0.007664772945
178146	0.004118473816
178147	0.0008553117056
178148	0.004328119419
178149	0.004457396888
178150	0.000494446791
178151	0.005203461655
178152	0.001691010451
178153	0.006153429132
178154	0.0002702603705
178155	0.0003282255214
178156	0.0003348304116
178157	0.003065068162
178158	0.002099282966
178159	0.005231785523
178160	0.0006948163927
178161	0.0004504115084
178162	0.004336061679
178163	0.0002900279926
178164	0.001634011276
178165	0.0006198824227
178166	0.0006832605707
178167	0.003483198068
178168	0.0004042795028
178169	0.001543574103
178170	7.519380067e-05
178171	0.003964817971
178172	0.002276930643
178173	6.062468273e-05
178174	0.002638286319
178175	0.0006956059144
178176	0.001176633237
178177	9.887265351e-05
178178	0.004523470422
178179	0.001557241193
178180	0.00429498798
178181	0.0001151721386
178182	0.004213310857
178183	0.002254424555
178184	0.001815195184
178185	0.000629536155
178186	0.001099506715
178187	0.003007651396
178188	0.0009170980558
178189	0.001605704683
178190	0.0001023027722
178191	0.00196754009
178192	0.000113127175
178193	0.000296464403
178194	0.004744533853
178195	0.0005126191067
178196	0.002816867122
178197	0.0006597213049
178198	0.003832279335
178199	0.004059598884
178200	0.001733589487
178201	0.0006336261109
178202	0.000570773183
178203	0.003956044098
178204	0.0004805876863
178205	0.005930120981
178206	0.001487065422
178207	0.0007132229352
178208	0.001001297189
178209	0.0005627454562
178210	0.00234251522
178211	2.893715168e-05
178212	0.0002480078989
178213	0.0006604701607
178214	0.000469674034
178215	3.774333929e-06
178216	0.0005934953039
178217	0.0006953874918
178218	0.004603920419
178219	0.001402858525
178220	0.003019249304
178221	0.001196507174
178222	0.0001830546054
178223	0.001494847241
178224	0.0005484266605
178225	0.0003297235598
178226	0.00398895609
178227	0.0003618864466
178228	0.003492081304
178229	0.0008368152928
178230	0.000273454569
178231	0.0003972890717
178232	0.001164622957
178233	0.000174490668
178234	0.0004739922062
178235	0.0004699080199
178236	0.0002225008232
178237	0.0003310999864
178238	0.0006204155358
178239	0.001352931068
178240	0.001718449485
178241	0.004313187693
178242	0.002078889952
178243	0.01126535298
178244	0.000799563153
178245	0.0009970956446
178246	0.001431716046
178247	0.0001564807678
178248	0.002686661357
178249	0.0003933394897
178250	0.00369950207
178251	0.001082979208
178252	0.001855976379
178253	0.001456059396
178254	0.003171838971
178255	0.001242914387
178256	0.0001594667154
178257	0.002735340089
178258	0.002542723343
178259	0.001266214221
178260	0.005162936762
178261	0.001020023367
178262	0.0004068686576
178263	0.006463569344
178264	0.00433012212
178265	0.0002869392937
178266	0.001790918332
178267	0.0011254769
178268	0.001763771249
178269	0.0006366023811
178270	0.005819217536
178271	0.003376021534
178272	0.0003211486222
178273	0.001337711828
178274	0.002427054586
178275	0.0006019324195
178276	0.001308804215
178277	0.001161770606
178278	0.005363605396
178279	0.0003409148332
178280	7.118144981e-05
178281	0.0003633663903
178282	0.001410095666
178283	0.001604099611
178284	0.0004474900785
178285	0.003003944009
178286	0.0007834747297
178287	0.001944044009
178288	0.001313883813
178289	0.0003545032187
178290	0.002670364975
178291	0.0002805425436
178292	0.001141413358
178293	0.0009501223975
178294	0.0008601965328
178295	0.001705641468
178296	0.0005444062782
178297	0.0009896046966
178298	0.003334601685
178299	0.0002471249266
178300	0.0009571009725
178301	0.0002041695766
178302	0.001663607304
178303	0.00130602209
178304	0.005734130971
178305	0.001751665608
178306	0.001152852611
178307	0.006176877448
178308	0.002110090784
178309	0.002452978013
178310	0.000173631281
178311	0.002270038492
178312	0.001569086865
178313	0.0009044387267
178314	0.0008528944553
178315	0.003619736993
178316	0.001114494627
178317	0.003270494488
178318	0.0001361683426
178319	0.003364116578
178320	0.002266082446
178321	0.006560427621
178322	0.001805748751
178323	0.00278349141
178324	0.001468690867
178325	0.001817405827
178326	0.003126558173
178327	0.003595632007
178328	0.0003132770283
178329	0.004927714456
178330	0.0001564963752
178331	0.0003516293696
178332	0.002691880531
178333	9.925876345e-05
178334	0.00813364324
178335	0.0009067583738
178336	0.0008199263989
178337	0.000314728462
178338	0.004888858161
178339	0.004102913093
178340	0.001843420092
178341	0.001442224725
178342	0.0008645180724
178343	0.002503029345
178344	0.0005270944254
178345	0.002021901425
178346	0.001698914395
178347	0.0004391852789
178348	0.002844358261
178349	0.005011404464
178350	0.002408862395
178351	0.002969893483
178352	0.001634167776
178353	0.00664990237
178354	0.002438690998
178355	0.00454039984
178356	0.00338865177
178357	0.001154503482
178358	0.0004622296832
178359	0.0008875163179
178360	0.001736797787
178361	0.0001763813914
178362	0.003337815325
178363	0.0006287258891
178364	0.001008126389
178365	0.008003895592
178366	0.004657980749
178367	0.001515690131
178368	0.003158947114
178369	0.000520430563
178370	0.006861891475
178371	0.001025179802
178372	0.002768917854
178373	0.0007512474827
178374	0.000155763137
178375	0.003993311281
178376	0.00117032139
178377	0.002026726775
178378	0.002636891084
178379	0.0006222152355
178380	0.005016205743
178381	0.0007284093975
178382	0.0022797448
178383	6.533838574e-05
178384	0.002474109291
178385	0.00152446622
178386	0.005463972158
178387	0.003979442398
178388	0.001978084004
178389	0.006153114173
178390	0.002222349178
178391	0.002079798198
178392	0.001302271861
178393	0.001608796897
178394	0.0008766637847
178395	0.006534981343
178396	0.001144982041
178397	0.002870521436
178398	0.002309997733
178399	0.001032733088
178400	0.003701368499
178401	0.003575196898
178402	0.001088278014
178403	0.001115937673
178404	0.0006120367723
178405	0.001947797956
178406	0.002190483072
178407	0.002625569342
178408	0.003244197353
178409	0.002628823346
178410	0.003844851765
178411	0.0003058826612
178412	0.001879795015
178413	0.003183557521
178414	0.003763440298
178415	8.653637774e-05
178416	0.001467984486
178417	0.003525623914
178418	2.667606699e-05
178419	0.002218655313
178420	0.0007534478506
178421	0.00199693921
178422	0.007634764098
178423	0.003880153708
178424	0.002611330149
178425	0.0003146454178
178426	0.003013119329
178427	0.001757832787
178428	0.0009110408362
178429	0.001710974863
178430	0.0001557222485
178431	0.001159241946
178432	0.002324034058
178433	0.0008308235412
178434	0.000468582721
178435	0.002231547254
178436	0.006185582467
178437	0.002659260229
178438	0.0004731205564
178439	0.0003919105401
178440	0.003006077727
178441	0.001099483103
178442	0.0018933244
178443	0.0004453310548
178444	0.001242413441
178445	4.551384232e-05
178446	0.001782729499
178447	0.003498181257
178448	0.002108945448
178449	0.002115009389
178450	0.001187189657
178451	0.001836908749
178452	0.001722691608
178453	0.003919540093
178454	0.003287300044
178455	0.002156151854
178456	0.002222179489
178457	0.0006671698265
178458	0.001721723395
178459	0.002704678498
178460	0.005100391872
178461	0.006106109541
178462	0.001148222608
178463	0.0009145196198
178464	0.0002390786552
178465	0.00408495853
178466	0.0003320231255
178467	0.002456731242
178468	0.001509293705
178469	0.0009451388745
178470	0.00275678256
178471	0.005179642393
178472	0.000756277911
178473	0.003378452951
178474	0.003825975957
178475	0.002980016967
178476	0.001642752417
178477	0.00286800285
178478	0.008134851084
178479	0.0004100303277
178480	0.002091545244
178481	0.001358153979
178482	0.004177562668
178483	0.0004685749553
178484	0.0005093327202
178485	0.003213662508
178486	0.000730811152
178487	0.001686929686
178488	0.0008424267393
178489	0.0012731056
178490	0.005931672125
178491	0.00277156057
178492	0.002454801248
178493	0.005802328578
178494	0.00371738333
178495	0.001142041142
178496	0.0004440973099
178497	0.005370863628
178498	0.0009985030942
178499	0.005966494921
178500	0.003563565617
178501	0.001306706948
178502	0.0003520536639
178503	0.0001206543238
178504	0.0005963388077
178505	0.002935564119
178506	0.004112565746
178507	0.0008797826103
178508	0.0006081636496
178509	0.007434176568
178510	0.0001977948094
178511	0.002472612053
178512	0.001767041948
178513	0.0006875145699
178514	0.002854472875
178515	0.0008824184123
178516	0.0009493465552
178517	0.005948781409
178518	0.003579576119
178519	0.0009192272595
178520	5.004506767e-06
178521	0.002706957185
178522	0.005113906496
178523	0.0007078098882
178524	0.001637527036
178525	0.001739731873
178526	0.0005085103983
178527	0.001808869745
178528	0.001226433627
178529	4.827105806e-07
178530	0.002222092823
178531	0.0008993414731
178532	0.003223722105
178533	0.0003353053605
178534	0.001222064174
178535	0.002070098796
178536	0.0004434095116
178537	0.0006167699697
178538	0.002024178908
178539	0.001525410235
178540	0.0006752587475
178541	0.003153920743
178542	0.00109326776
178543	0.001012522326
178544	0.002725914774
178545	0.0008168019014
178546	0.001696070699
178547	0.002569915263
178548	0.001360617307
178549	0.001432222362
178550	0.002442220892
178551	0.001430207626
178552	0.004114686012
178553	0.0005485568998
178554	0.001781905106
178555	0.005316368483
178556	0.0003336807636
178557	0.001151914684
178558	0.005414004335
178559	0.001177705536
178560	0.006775559758
178561	0.0009883357838
178562	0.002304631071
178563	0.000848787962
178564	0.001298321237
178565	0.004147855796
178566	0.002608478618
178567	0.001322503712
178568	0.002254631542
178569	0.001346963352
178570	0.001177476177
178571	0.001565654785
178572	0.0001504199132
178573	0.001770503264
178574	0.002477897475
178575	0.00127099597
178576	0.005494040797
178577	0.001585554149
178578	0.001520201828
178579	0.001910865011
178580	0.001901726684
178581	0.0009067923841
178582	0.002214969565
178583	0.002736477123
178584	0.007254228576
178585	0.003665344012
178586	0.002223547786
178587	0.002387136942
178588	0.004993586705
178589	0.003228889554
178590	0.00136058645
178591	0.000731383382
178592	0.0008078707944
178593	0.002303556693
178594	0.002842118715
178595	0.001890742466
178596	0.0001383318749
178597	0.006002830061
178598	0.0001665434466
178599	0.005056481064
178600	0.0002707141714
178601	0.006188288365
178602	0.002895824304
178603	0.0004329073077
178604	0.005266021583
178605	0.0004365041332
178606	0.00312515107
178607	0.00166712454
178608	0.001450023803
178609	0.002663896558
178610	0.0008915670049
178611	5.388991443e-05
178612	0.0006476661778
178613	0.002401203668
178614	0.00345910168
178615	0.002161831833
178616	0.001502882849
178617	0.003028879902
178618	0.004475176535
178619	0.0004340187631
178620	0.00074753026
178621	0.001105796632
178622	0.001258119403
178623	0.0001298141054
178624	0.002355794157
178625	0.001392515371
178626	0.002263816112
178627	0.002726990326
178628	0.003642330823
178629	0.001804885416
178630	0.004666085558
178631	0.005825431837
178632	0.003998223237
178633	0.001476545828
178634	0.003583846486
178635	0.0005597587756
178636	0.0003762701564
178637	6.995542599e-05
178638	6.078910495e-05
178639	0.0002902183291
178640	0.0005758010268
178641	0.0003699844166
178642	8.090022503e-05
178643	0.00387035816
178644	0.000475979062
178645	0.0001285720212
178646	0.0003841787958
178647	0.0002085757985
178648	0.0001694798773
178649	0.0002237909186
178650	0.0008954977131
178651	0.0003123827765
178652	0.0005020156951
178653	0.004193105516
178654	1.046012824e-05
178655	0.0001191334655
178656	0.001203923364
178657	0.0003400140436
178658	0.0004433423955
178659	0.000400249452
178660	0.00151733157
178661	7.225530529e-06
178662	0.0003242208455
178663	7.539282116e-05
178664	0.0004897500651
178665	0.0009888093813
178666	0.001256963078
178667	0.0002731157993
178668	0.001015441961
178669	0.0001515809492
178670	0.003917159842
178671	0.001568783832
178672	0.0001804169712
178673	0.0003019308808
178674	0.001548586352
178675	7.544129774e-05
178676	0.0003339996014
178677	0.001051093109
178678	0.0005160576856
178679	0.001394624383
178680	0.0003537406679
178681	0.000127205737
178682	0.00136673043
178683	0.001200143129
178684	0.001574903451
178685	0.0002789303233
178686	0.0009894259382
178687	3.368470527e-05
178688	0.0005700262043
178689	0.001096184672
178690	0.0006006263808
178691	0.001609353586
178692	0.0008340333088
178693	0.0001289228067
178694	0.001126102416
178695	0.0004374889561
178696	0.0001479763421
178697	0.0001827023646
178698	0.003538206697
178699	2.401601661e-05
178700	0.002380116253
178701	0.002518613078
178702	0.0009346971949
178703	3.789352242e-05
178704	0.004193256021
178705	0.001068335351
178706	1.475684574e-05
178707	0.0001394734035
178708	0.001256289555
178709	0.002314289743
178710	0.0009521562874
178711	0.0008883249355
178712	0.004909959399
178713	0.001969057221
178714	0.0007431961813
178715	0.001316431799
178716	0.004805154166
178717	0.002372030236
178718	0.005440326153
178719	0.007863064712
178720	0.004667696533
178721	0.002379278025
178722	0.003710173986
178723	3.935040228e-06
178724	0.000265314025
178725	0.00269740339
178726	0.002891809389
178727	0.002237219409
178728	0.003393729172
178729	0.002559166902
178730	0.001595287949
178731	0.006310752097
178732	0.000148509535
178733	0.002394413405
178734	0.009922183595
178735	0.00573182357
178736	0.00425838593
178737	0.001022755121
178738	0.003812744802
178739	0.0003652109677
178740	0.0003294800304
178741	0.0001650024248
178742	0.0007143785904
178743	0.005323974117
178744	0.00681565282
178745	0.0008234730351
178746	0.0002447979183
178747	0.0001626183005
178748	0.003241196795
178749	0.0003617238378
178750	0.001476326385
178751	0.005180591628
178752	0.00210203437
178753	0.0004816951813
178754	0.0008173366013
178755	0.0007631051498
178756	0.0007134309623
178757	0.002152503832
178758	0.003513832542
178759	0.004121070137
178760	0.007509878258
178761	0.006611672218
178762	0.0008945761575
178763	0.002356793677
178764	0.0001705196042
178765	0.0004419620101
178766	0.004786837059
178767	0.0004255687972
178768	0.006446909726
178769	9.10770817e-05
178770	0.001472399915
178771	0.006993611854
178772	0.002258782962
178773	0.0006444282689
178774	0.005089907808
178775	0.001980455666
178776	0.0001874726281
178777	0.004156086451
178778	0.0001365932207
178779	0.002809299825
178780	0.008332442747
178781	0.001268945635
178782	0.001816555986
178783	0.003199980802
178784	0.0001073138434
178785	0.003064125305
178786	0.002661468548
178787	0.0004642794275
178788	0.0001361161149
178789	0.0006915198314
178790	0.0001270801693
178791	0.002679124559
178792	0.003569025963
178793	0.004807351107
178794	0.0030223174
178795	0.003095426595
178796	0.0009990987615
178797	0.001301387353
178798	0.002362752581
178799	0.001444082893
178800	0.002039312873
178801	0.001118905779
178802	0.0001604107277
178803	0.001409943172
178804	0.0002250474917
178805	0.0008869874427
178806	0.001726032837
178807	0.002335906953
178808	0.004139806533
178809	0.005677976989
178810	0.001747246753
178811	8.252582781e-05
178812	0.00211895108
178813	0.002727578749
178814	0.001471552774
178815	0.001894819208
178816	0.001067974219
178817	0.001597304312
178818	0.001121255214
178819	0.00042368884
178820	0.0004236642799
178821	0.0001443501422
178822	0.0001570756138
178823	0.0001237871712
178824	1.228018454e-08
178825	0.0002997143414
178826	0.001515996944
178827	0.002133280587
178828	0.003121675264
178829	0.001516809498
178830	0.002870082839
178831	0.0003772198034
178832	0.0008813151305
178833	0.005292434961
178834	0.001627755727
178835	0.0007757429259
178836	0.001794822901
178837	0.002488518796
178838	0.0006220435577
178839	0.001963560883
178840	0.0006149083161
178841	0.003118166349
178842	0.0009363618969
178843	0.0001834228133
178844	0.001623319853
178845	0.0008276428881
178846	0.0009191458707
178847	0.001229130636
178848	0.001472023831
178849	0.003700997934
178850	0.002096214579
178851	0.001010675648
178852	0.001536508232
178853	0.0003352275361
178854	0.001142707124
178855	0.0005262704782
178856	0.002893799204
178857	0.005521674699
178858	0.001734693025
178859	0.002535508314
178860	0.002241575787
178861	0.0002090215719
178862	0.003121927012
178863	0.0003796763874
178864	0.0009583630136
178865	0.001032213509
178866	0.002267439001
178867	0.0008338868391
178868	0.002103597306
178869	0.00152152158
178870	0.0009892075099
178871	0.00194956367
178872	0.001849609596
178873	0.001467350289
178874	0.00112485586
178875	0.001901083965
178876	0.002277245054
178877	0.005060786728
178878	0.002029746922
178879	0.0002178652804
178880	0.003998884683
178881	0.0001498069986
178882	0.003711016372
178883	0.005128935789
178884	0.002203527875
178885	0.001155986682
178886	0.0008206762977
178887	0.003289278104
178888	0.0001152923616
178889	0.0003032602822
178890	0.0002956038829
178891	0.003974238206
178892	0.003475753687
178893	0.002931575224
178894	0.001214759685
178895	0.002576027235
178896	0.0002455818428
178897	0.0004649585314
178898	0.003088558976
178899	0.00219019723
178900	0.002248533131
178901	0.001382007177
178902	0.00281670328
178903	0.000227770576
178904	0.002622721698
178905	0.001193018568
178906	0.001167167946
178907	0.001644548335
178908	0.002236928941
178909	0.001510636636
178910	0.001049662891
178911	0.0004629194849
178912	0.001882841674
178913	0.001227448596
178914	0.0006031843058
178915	0.00173998458
178916	0.001784686882
178917	0.001836961862
178918	0.002942721286
178919	0.001218390927
178920	0.00234931559
178921	0.0007197584152
178922	0.001241457975
178923	0.001095569199
178924	0.001052963274
178925	0.002181509275
178926	0.007008942646
178927	7.658661438e-05
178928	0.004289894421
178929	0.000517793608
178930	0.0009408166906
178931	0.002212523254
178932	0.002337842415
178933	0.001014233451
178934	0.000910979774
178935	0.001111788716
178936	0.001764912776
178937	0.001038782981
178938	0.002192117992
178939	0.0003616925939
178940	0.0009536347325
178941	0.003030867255
178942	0.0009027975464
178943	0.001790106167
178944	0.0008597734284
178945	0.001056260066
178946	0.002647677184
178947	0.003413884625
178948	9.560986238e-05
178949	0.002120730951
178950	0.00306139937
178951	0.0002078211627
178952	0.0007948319431
178953	0.008912677116
178954	1.928457042e-06
178955	0.001904030905
178956	0.001629167254
178957	0.0008681303267
178958	0.0007886119275
178959	0.0002126282529
178960	0.004528655418
178961	0.0005801525761
178962	0.002698612715
178963	0.002754612046
178964	0.0008786632551
178965	0.0009644162079
178966	0.0005146255263
178967	0.001193674068
178968	0.002331445379
178969	0.001993424364
178970	2.490772416e-05
178971	0.002150073986
178972	0.00182225047
178973	0.00492421162
178974	0.007338561699
178975	0.002795965845
178976	0.0004359600991
178977	8.39463112e-05
178978	0.0009484582851
178979	0.0009340847888
178980	0.000936828612
178981	0.000389989997
178982	0.002232580187
178983	0.0006068379312
178984	0.003181696669
178985	0.004408971565
178986	0.001152302525
178987	0.004050241162
178988	0.0003052695926
178989	0.001527470442
178990	0.001552508414
178991	0.0006500621307
178992	0.00143809207
178993	0.005082754498
178994	0.0002121915803
178995	6.655498482e-06
178996	0.005764186839
178997	0.0006521840599
178998	0.005830810302
178999	8.409515261e-05
179000	0.001293148268
179001	0.001080688589
179002	0.0001055061378
179003	0.0008334769459
179004	0.002542156034
179005	0.004820943556
179006	0.000467659022
179007	0.007303247486
179008	0.003876665093
179009	0.0006080542051
179010	0.002917876842
179011	0.001712609065
179012	0.0006100116569
179013	0.00121349992
179014	0.0007453571529
179015	0.001957440724
179016	0.0006592837139
179017	0.001058363656
179018	0.0003900203362
179019	0.003625558647
179020	0.0004231247243
179021	0.003497806706
179022	0.001848803618
179023	0.002934017208
179024	0.004190256238
179025	0.003347237356
179026	0.003334130954
179027	0.002953285683
179028	0.003059882252
179029	0.001311376373
179030	0.001905612251
179031	0.001514604414
179032	0.002596714215
179033	0.002143991661
179034	0.003337802502
179035	0.004093646763
179036	6.168966582e-07
179037	0.002736604016
179038	0.004402333026
179039	0.001845862969
179040	0.003628054169
179041	0.001080473327
179042	0.003963324289
179043	0.001732026957
179044	0.004915138605
179045	0.0006572676385
179046	0.001773273489
179047	0.001332608672
179048	0.0002220722188
179049	0.0001418398211
179050	0.0001408114352
179051	0.0001755899279
179052	0.0001321810903
179053	0.0002236129014
179054	0.0001834583333
179055	0.0002697114549
179056	0.000275452523
179057	6.145372466e-05
179058	0.0001255531853
179059	0.0003495002433
179060	0.0003149306392
179061	0.0001639715893
179062	0.001366188934
179063	0.001711514267
179064	0.001492634644
179065	0.001123438942
179066	0.001046706013
179067	0.003005614411
179068	0.00121450892
179069	0.001406613507
179070	0.001936899176
179071	0.0006111629426
179072	0.0004914293105
179073	0.001147395394
179074	0.0004180946202
179075	0.00151389937
179076	0.0001409465583
179077	0.0004049401843
179078	0.0003567568678
179079	0.001457297165
179080	0.0005551185331
179081	0.001412972382
179082	0.002098147208
179083	0.000157078482
179084	0.000244546076
179085	0.003548373397
179086	0.002367309959
179087	6.53915387e-05
179088	0.0003376077547
179089	0.002891310585
179090	0.00404600126
179091	0.001032981164
179092	0.001636340016
179093	0.00136582636
179094	0.00141134959
179095	0.001114757895
179096	0.0004278679421
179097	0.003910161323
179098	0.002180492855
179099	0.002692779869
179100	0.002215834835
179101	0.002606984833
179102	0.0007451199972
179103	0.0003821277828
179104	9.717166183e-05
179105	0.001804215102
179106	0.00297174104
179107	0.000980457708
179108	0.002949604945
179109	0.000244776834
179110	0.0008600719057
179111	0.002251561648
179112	0.000195147147
179113	0.001575661598
179114	0.002769872052
179115	0.0007440861076
179116	0.005119612599
179117	0.0018361701
179118	0.001992746699
179119	0.006292955933
179120	0.0001252482829
179121	0.0004168661535
179122	0.0001764546344
179123	0.0008953589042
179124	0.0008654613145
179125	0.0006273216115
179126	0.0001836985226
179127	0.0003133465873
179128	0.003542121256
179129	0.006556803186
179130	0.001754060513
179131	0.005919855605
179132	0.00498472435
179133	0.003495927116
179134	0.004943208758
179135	0.003624538783
179136	0.005532128474
179137	0.004049878384
179138	0.0001627567907
179139	0.001066078509
179140	4.569302439e-05
179141	0.002454679058
179142	0.0007336401384
179143	0.0007940479968
179144	0.0007839485227
179145	0.0001547599632
179146	0.0007108513572
179147	0.0005047578283
179148	0.001045945654
179149	0.0009752454206
179150	0.0001595681904
179151	0.002678715934
179152	0.0005258770382
179153	0.001288309527
179154	0.003967193288
179155	0.0028824335
179156	0.001816683986
179157	0.00512374427
179158	0.004770836001
179159	0.0073785522
179160	0.0001287737326
179161	6.140092347e-08
179162	0.001315081802
179163	0.003812157307
179164	0.00131717151
179165	0.002848965721
179166	0.003191763774
179167	0.0006315859557
179168	0.002531553813
179169	9.830766554e-05
179170	0.0009422912943
179171	0.002954224735
179172	0.0003635916318
179173	0.003678013761
179174	0.002511844308
179175	0.0006382488869
179176	0.001150284508
179177	0.005099634346
179178	0.0008395459191
179179	0.0005030136425
179180	0.0009820831148
179181	0.0002556619433
179182	0.00503455317
179183	0.005213274134
179184	0.001793186749
179185	0.0008450169335
179186	0.002813422565
179187	0.000204063094
179188	0.001644246702
179189	0.002009805486
179190	0.001282923483
179191	0.002314039368
179192	0.00116051529
179193	0.003049956825
179194	0.003198189357
179195	0.001382513029
179196	0.002069412227
179197	0.000163864674
179198	0.001843589971
179199	0.001334323018
179200	0.003083466657
179201	0.0009650485681
179202	0.001670750893
179203	0.0009458598792
179204	0.005132164809
179205	0.002886035393
179206	0.001238794447
179207	0.0007750262255
179208	0.001698179829
179209	0.001140610879
179210	0.0008549090274
179211	0.0005412137837
179212	0.0004088418459
179213	3.800117031e-05
179214	0.0008659626253
179215	0.0009248736615
179216	0.001877017409
179217	0.001153049107
179218	0.001912871223
179219	0.0007454259005
179220	0.002397338668
179221	0.005329983659
179222	0.003087847095
179223	0.001052677428
179224	0.0007970321718
179225	0.0007589692246
179226	0.0005087612357
179227	0.001959479305
179228	0.003490536868
179229	0.001212529662
179230	0.0003930742762
179231	4.262476513e-05
179232	0.0001265680931
179233	0.004404158854
179234	0.0005774064355
179235	4.310445479e-05
179236	0.002112651324
179237	0.0001631877494
179238	0.004469616788
179239	0.0005221421338
179240	0.002653702598
179241	0.0004583799857
179242	0.0005382169211
179243	0.003203996471
179244	0.002030763485
179245	0.001145060669
179246	0.001465407005
179247	0.0006437564108
179248	0.00351334918
179249	0.0001700422539
179250	0.001918042619
179251	1.596424013e-07
179252	0.002362548975
179253	0.0003856918947
179254	0.002885560587
179255	0.0003197675636
179256	0.001392140887
179257	0.002539836912
179258	0.0003935523371
179259	0.0003891205856
179260	0.002616940987
179261	0.002034669974
179262	0.002277471569
179263	0.003053165875
179264	0.00459912373
179265	0.003738797068
179266	0.005496029443
179267	0.004557666549
179268	0.000426526176
179269	0.001599248973
179270	0.005449293632
179271	0.0008025566208
179272	0.004339707772
179273	0.001171068853
179274	0.001078550061
179275	0.001445110314
179276	0.002366848449
179277	0.0005816787019
179278	0.001311850175
179279	0.00352823491
179280	0.001218815577
179281	0.001645274768
179282	0.00160012201
179283	0.003015393235
179284	0.001611726238
179285	0.001757495932
179286	0.00378344462
179287	0.002762559395
179288	0.003603814204
179289	0.002851262329
179290	4.38281936e-05
179291	0.001859854944
179292	0.0001617060237
179293	0.0010302594
179294	0.001037094938
179295	0.003524183422
179296	0.0003313772485
179297	0.006628332247
179298	0.0004156062432
179299	0.001096056296
179300	0.00405985198
179301	0.002891686621
179302	0.002311115234
179303	0.0004604856844
179304	0.0005454394947
179305	0.0005401805167
179306	0.00160477237
179307	0.005788313522
179308	0.00282133722
179309	0.004568431393
179310	0.0003594468465
179311	0.002924509199
179312	0.0002521111235
179313	0.007007312058
179314	0.002704805945
179315	0.002136530057
179316	0.001805864646
179317	0.001682569479
179318	0.000588754488
179319	0.001277748531
179320	0.004179779908
179321	0.0002403912794
179322	0.001786121471
179323	0.0001524019879
179324	0.003740278313
179325	0.004983910805
179326	0.0009716035391
179327	0.0038339233
179328	0.00488264749
179329	0.0001177398705
179330	0.001604559651
179331	0.001949074473
179332	0.001923767057
179333	0.002123046455
179334	0.003439408637
179335	0.004364475152
179336	0.001563110274
179337	0.0007332074766
179338	0.002239939091
179339	0.003493555382
179340	0.0006476703518
179341	0.001683134746
179342	0.0008813155312
179343	0.003836183735
179344	0.005602168042
179345	0.001103517388
179346	0.001397733194
179347	0.004100967499
179348	0.00282129662
179349	0.001234594167
179350	0.0003129373758
179351	0.001761580642
179352	0.004191255494
179353	1.070954439e-05
179354	9.243308815e-05
179355	0.003153374302
179356	0.003124196224
179357	0.001861963416
179358	0.002133819922
179359	0.001148138951
179360	0.003256070533
179361	0.002920266704
179362	0.004304074023
179363	0.004563848332
179364	0.007529820098
179365	0.001005752303
179366	0.003105212951
179367	0
179368	0.00246875359
179369	0.002626222038
179370	0.0005289413933
179371	0.003970370941
179372	0.0007534800654
179373	0.001863442933
179374	0.000445659009
179375	0.002194654569
179376	0.001480337761
179377	0.0004231844355
179378	0.001583524952
179379	0.002189407485
179380	0.003127423466
179381	0.0006012092442
179382	0.001825972441
179383	0.003174719076
179384	0.000989277354
179385	0.004700547468
179386	0.0004311345796
179387	0.0008573698729
179388	0.0008587180891
179389	0.006221501294
179390	0.001674634236
179391	0.002312985912
179392	0.003325332936
179393	0.002113715415
179394	0.00144071019
179395	0.001768622936
179396	0.0006938550025
179397	0.0008651163465
179398	0.001145794933
179399	0.0006147375646
179400	0.005602537695
179401	0.0008227011885
179402	0.006712452901
179403	0.001144556925
179404	0.0008172027149
179405	4.536013236e-05
179406	0.007717550605
179407	0.007056366229
179408	0.0005453581597
179409	0.00287606168
179410	0.000274079921
179411	0.001311417081
179412	0.000205341882
179413	0.005554213664
179414	0.0008140967786
179415	0.002985625444
179416	0.0006962116063
179417	0.001260960288
179418	0.0009493612047
179419	0.0001017613549
179420	0.002629088324
179421	0.000725994143
179422	0.001842783045
179423	0.003171997821
179424	0.003270046389
179425	0.002331218941
179426	0.0007538748485
179427	0.0008552778589
179428	0.0008307374493
179429	0.001460129184
179430	0.0003862603936
179431	0.001722329481
179432	0.0001647758861
179433	0.003675417331
179434	7.791073968e-05
179435	0.0006825095665
179436	0.002649167997
179437	0.003435231247
179438	0.001570728434
179439	0.0007569393878
179440	0.00136096692
179441	0.0006226584327
179442	0.0004305856553
179443	0.002126206679
179444	0.001575528929
179445	0.005649123905
179446	0.004128737819
179447	0.0005621740903
179448	0.005579403269
179449	0.00564169041
179450	0.001746930047
179451	0.0002824644139
179452	0.0009314133452
179453	0.0006687091834
179454	0.0003063769436
179455	0.001957847727
179456	0.00271307641
179457	0.003063670843
179458	0.004144068129
179459	0.0007848378231
179460	0.001180023212
179461	0.004320898032
179462	0.002944585731
179463	0.002080234802
179464	0.001822290005
179465	0.003321515596
179466	0.006637740224
179467	0.007107281151
179468	0.003464243991
179469	0.002838194029
179470	0.002321612681
179471	0.001427705577
179472	0.003978890553
179473	0.002186765196
179474	0.003793584245
179475	0.005190067979
179476	0.003533182824
179477	0.002191434109
179478	0.0005131873856
179479	0.0001042449542
179480	2.066029278e-05
179481	0.0002396455821
179482	0.0009655842607
179483	0.002751673513
179484	0.0006465798099
179485	0.0005442311374
179486	0.0004648679698
179487	0.0004840297782
179488	0.0003968326661
179489	0.001428483063
179490	0.001470404442
179491	0.0005853761429
179492	0.002074993156
179493	0.001365045318
179494	0.0007433990512
179495	0.002791309132
179496	0.00192714438
179497	0.003916088063
179498	0.001055990365
179499	0.007122078642
179500	0.0002765143032
179501	0.0002212529951
179502	0.004181231872
179503	0.001621410015
179504	0.0007768552148
179505	0.00214416822
179506	0.002767165765
179507	0.005096615952
179508	0.003210747816
179509	0.003866094113
179510	0.001016347423
179511	0.003056114314
179512	0.002046461843
179513	0.001913606326
179514	0.001592772323
179515	0.0007380088321
179516	0.0003887108709
179517	0.0006635213137
179518	0.002203638479
179519	0.0008263009625
179520	0.003557854302
179521	0.003011504343
179522	0.0004493400175
179523	0.0003285181829
179524	0.001084404924
179525	0.005611707642
179526	0.0004492492313
179527	0.00355978307
179528	0.005035929906
179529	0.001046940681
179530	0.005249023731
179531	0.005658048008
179532	0.0005022038984
179533	0.001711324127
179534	0.0006343621632
179535	0.001988152332
179536	0.001198282257
179537	0.001133465887
179538	0.004203756424
179539	0.005045613097
179540	0.00269345968
179541	0.0001117662064
179542	0.0002836508087
179543	0.0009800612158
179544	0.0004988909961
179545	0.0009215602134
179546	4.973142836e-05
179547	0.0006735009648
179548	0.0001465425185
179549	1.177385718e-05
179550	0.0002618980186
179551	0.003055576849
179552	0.0008050728237
179553	0.003182402463
179554	0.001134989886
179555	0.001950396685
179556	0.001303442403
179557	0.0005812361389
179558	0.0003966342394
179559	0.002663514883
179560	0.0008257148426
179561	0.003744866909
179562	0.003099429613
179563	0.002906193951
179564	0.00275961797
179565	0.00345199608
179566	0.0001645117669
179567	0.0008996421357
179568	0.00165950273
179569	0.002830573294
179570	6.827440882e-05
179571	0.0004547021338
179572	0.001734441814
179573	0.0002923377214
179574	0.00117156192
179575	0.0001438432864
179576	9.258382646e-05
179577	0.002020011343
179578	0.0004261692669
179579	0.001116754531
179580	0.002423773478
179581	0.003774931595
179582	0.0004406563528
179583	0.004090896051
179584	0.001576230579
179585	0.003900681733
179586	0.0006530753493
179587	0.002109702985
179588	0.0001037994054
179589	0.00533992163
179590	0.002728578384
179591	0.0002790552375
179592	0.0001083307938
179593	0.001585247188
179594	0.001106273755
179595	0.002530463833
179596	7.88460867e-05
179597	0.001314683464
179598	0.001501700112
179599	1.088618548e-05
179600	0.001214937256
179601	0.0006196373907
179602	0.001337533891
179603	0.00251752913
179604	0.001126898282
179605	0.0002088710727
179606	0.001589205643
179607	2.076683915e-07
179608	0.000603408347
179609	0.001292013239
179610	0.001345414746
179611	0.001200110701
179612	0.0004683953458
179613	0.001243216224
179614	0.002469585851
179615	0.001543691636
179616	0.001366477218
179617	0.001100056981
179618	0.001615093223
179619	0.0004212177221
179620	0.001222280992
179621	0.002120807062
179622	0.002099179416
179623	0.003861138213
179624	0.002151803275
179625	0.00322587796
179626	0.001027379426
179627	0.003798006164
179628	0.0002685440439
179629	0.0003578576769
179630	0.003096056386
179631	0.000802916867
179632	0.00416310745
179633	0.000450139947
179634	0.002201667725
179635	0.002837590473
179636	0.003692439623
179637	0.0007831302387
179638	0.00595295897
179639	0.0002945713402
179640	0.0003370682312
179641	0.0005596437564
179642	0.004465859151
179643	0.001388354636
179644	0.003077566184
179645	0.001880849147
179646	0.001295012432
179647	0.001705419037
179648	0.004133097524
179649	0.007659319467
179650	0.001296461657
179651	0.002724379081
179652	0.004358432708
179653	0.0005349221124
179654	0.003602288022
179655	0.0009032807102
179656	0.0007986507666
179657	0.004738933199
179658	0.008936578375
179659	0.001082824751
179660	0.0001837844557
179661	0.002062821639
179662	7.046236709e-05
179663	0.001981439362
179664	0.002801716694
179665	0.002006257139
179666	0.001716942082
179667	0.001775842521
179668	0.002019865943
179669	0.001843562885
179670	0.002074343089
179671	0.001765092768
179672	0.002042449002
179673	0.002293756872
179674	0.002120650848
179675	0.001119682132
179676	0.00210173337
179677	0.00150799708
179678	0.003286715552
179679	0.002053843341
179680	0.002249508439
179681	0.002934382573
179682	0.0007035573785
179683	0.001807250252
179684	0.002568980468
179685	0.002322230661
179686	0.00211048252
179687	0.001562312303
179688	0.002625954002
179689	0.001973542286
179690	0.001665431067
179691	0.001938876257
179692	0.003222777852
179693	0.002080482806
179694	0.002003966721
179695	0.002058537785
179696	0.001196383356
179697	0.0009773288297
179698	0.001999026618
179699	0.001605043267
179700	0.0006415349101
179701	0.002374660021
179702	0.001537957934
179703	0.0002338748107
179704	0.0024462662
179705	0.002917435366
179706	0.002907069212
179707	0.001282073171
179708	0.002088480334
179709	0.000404000885
179710	0.0002418262625
179711	0.0001891283231
179712	0.00034405837
179713	0.0004618948014
179714	0.001083059255
179715	0.001931767857
179716	0.001763996836
179717	0.0004217171235
179718	0.0001562411798
179719	0.0003716321553
179720	0.0002048955581
179721	0.004870786767
179722	0.0001368950194
179723	0.001621318966
179724	6.153262182e-05
179725	0.0003024084968
179726	0.001672558946
179727	0.0003216599675
179728	0.0001679063314
179729	5.542840219e-05
179730	0.000351824575
179731	0.0001035883446
179732	1.124369015e-05
179733	0.0003550117191
179734	8.841493486e-05
179735	0.0003553948504
179736	0.0001804886636
179737	0.0004547987836
179738	0.0004829270518
179739	0.001349081695
179740	0.0006333876621
179741	0.0004273586893
179742	0.0005112162663
179743	0.0005340005356
179744	0.0006827600376
179745	0.0002900741937
179746	0.001002908489
179747	0.0007896150454
179748	0.0001202312355
179749	0.000490791194
179750	0.0001053370605
179751	0.0005416467982
179752	8.77596687e-05
179753	0.0009835035239
179754	8.33996745e-05
179755	0.001394604501
179756	0.0001101489178
179757	0.0003984849351
179758	0.001152683524
179759	0.0002064699556
179760	0.0003997752406
179761	0.0001143031863
179762	7.721710543e-05
179763	0.0003296593598
179764	7.864999715e-05
179765	0.0008611098763
179766	0.000531332377
179767	0.0002043053495
179768	0.0005387131761
179769	0.0008210910078
179770	0.002697058981
179771	0.0006490261075
179772	0.0006225082806
179773	0.001575225326
179774	0.001443608215
179775	0.001368977375
179776	0.001129353736
179777	0.002088680758
179778	0.001329939141
179779	0.002258709793
179780	0.001176180304
179781	0.001672402066
179782	0.0005032172153
179783	0.002287209371
179784	0.001519619351
179785	0.002086899291
179786	0.001223783467
179787	0.001301189284
179788	0.0008913389875
179789	0.0006173298309
179790	2.437507785e-05
179791	0.001567923176
179792	0.0001763919475
179793	0.0005938550978
179794	0.001941562115
179795	0.001334483356
179796	0.0008705450664
179797	0.002150550479
179798	0.000846063334
179799	0.001841117131
179800	0.001411590482
179801	0.001107041281
179802	0.001363767285
179803	0.001828893504
179804	0.0003317398751
179805	0.001924846067
179806	0.002011881753
179807	0.001298740067
179808	0.002193494892
179809	0.001010175607
179810	0.002366535506
179811	0.001465137226
179812	0.00109921682
179813	0.0015930989
179814	0.002158011452
179815	0.001936587828
179816	0.002485563901
179817	0.001943568631
179818	0.002073094748
179819	0.002456269896
179820	0.001838169587
179821	0.001939676536
179822	0.002119037362
179823	0.00194444416
179824	0.002762612809
179825	0.00203694683
179826	0.002593277784
179827	0.002287186312
179828	0.003627921512
179829	0.002469085546
179830	0.001896591033
179831	0.001382997485
179832	0.001357321225
179833	0.001417814826
179834	0.002489621876
179835	0.003281032336
179836	0.003301603921
179837	0.002645833829
179838	0.003218410088
179839	0.001365929644
179840	0.00167326988
179841	0.002241507931
179842	0.003571287742
179843	0.001167917228
179844	0.0007548839721
179845	0.002077730782
179846	0.002610231811
179847	0.002014280193
179848	0.002091986934
179849	0.002244086591
179850	0.002262982561
179851	0.001046002822
179852	0.001805811698
179853	0.0003286284094
179854	0.0003349737432
179855	6.068522569e-05
179856	0.0002818792215
179857	0.0003495143114
179858	0.000292686241
179859	0.000729090617
179860	0.0003278667508
179861	0.000508969379
179862	0.000631993904
179863	0.0002453977444
179864	0.0003003997359
179865	0.0007424619549
179866	0.0004334894887
179867	0.0002189873959
179868	0.0005830665767
179869	0.0001456990666
179870	0.0005291014
179871	0.0003674354428
179872	7.169374504e-05
179873	0.0003739550093
179874	0.001593549937
179875	0.00150179016
179876	0.001297687998
179877	0.0001757303221
179878	9.346978129e-05
179879	0.0009185954701
179880	0.000570275148
179881	0.0002774552249
179882	0.0001430680605
179883	0.0009639861335
179884	0.0002335733413
179885	8.341686433e-05
179886	0.0007257640423
179887	0.0002420358281
179888	0.000123217494
179889	0.0001775369473
179890	2.899105484e-05
179891	0.0009048385617
179892	6.724277547e-05
179893	0.0001867488404
179894	0.001222138827
179895	0.0007793427961
179896	0.001599653911
179897	0.0002981684352
179898	0.0006870799614
179899	0.0005246793165
179900	0.0001768618484
179901	0.0006698267612
179902	3.480358833e-05
179903	0.001017305744
179904	0.000322044465
179905	0.0003018742931
179906	0.0002621848994
179907	0.0008821436545
179908	0.0002851946476
179909	0.0004045419363
179910	4.849946842e-05
179911	0.000865692635
179912	9.073337685e-05
179913	0.0001157126157
179914	0.0005688946014
179915	0.000707934894
179916	0.001042345027
179917	0.0005134313011
179918	0.0006664201793
179919	0.0004472149258
179920	0.001268542471
179921	0.000224536897
179922	0.000114744359
179923	0.0001970229885
179924	0.0004157052341
179925	0.0002456991124
179926	0.0007270386741
179927	0.0002660768106
179928	0.001455254264
179929	0.001978406329
179930	0.0002502934654
179931	0.0006853586671
179932	0.000683842025
179933	0.0004864681436
179934	0.001510870236
179935	0.0007136246637
179936	4.892028162e-05
179937	0.001060977659
179938	0.000104116589
179939	0.0008189485792
179940	0.0003088763777
179941	0.0007449947103
179942	0.0006333277875
179943	0.0006046636686
179944	0.0004852494498
179945	0.0006416114203
179946	0.001330989573
179947	0.00101541654
179948	0.001444380939
179949	0.0001239460727
179950	0.001499326737
179951	0.001232623926
179952	0.001235217014
179953	0.0009646237036
179954	0.0004447916203
179955	0.0004108947035
179956	0.0002298560418
179957	0.0009347352459
179958	0.0003238804381
179959	0.0008615467792
179960	0.0005484906631
179961	0.0008811016439
179962	0.0009302957256
179963	0.001368306889
179964	0.0004707612535
179965	0.0007768135639
179966	0.0005587990618
179967	0.0008517570341
179968	0.0007111102902
179969	8.508350772e-05
179970	0.0008149667294
179971	0.000497894884
179972	2.259561091e-05
179973	0.000530833198
179974	0.0006574697744
179975	0.001572160154
179976	2.515319028e-05
179977	0.000783668932
179978	0.000961308651
179979	0.001156953282
179980	0.0003184171019
179981	0.000255264151
179982	0.0002491308797
179983	0.0003348658938
179984	0.0001741928884
179985	3.569057426e-05
179986	0.000127129592
179987	0.0001926130906
179988	0.0001549564623
179989	0.000757726533
179990	0.0001106401177
179991	0.002873141045
179992	0.00135807692
179993	0.00080397861
179994	0.00183962373
179995	0.0003266986541
179996	0.0001003625083
179997	3.212743649e-05
179998	0.0002145124437
179999	0.0001089693124
180000	0.0004459414382
180001	0.0004565150841
180002	0.0003323762104
180003	3.372982309e-05
180004	0.001060463619
180005	0.002519915755
180006	0.0012185645
180007	2.152893031e-05
180008	0.0006229791751
180009	0.00167430435
180010	0.0003566054051
180011	0.000633089827
180012	0.0006085407886
180013	0.001048351163
180014	0.0006134320909
180015	0.0003237867217
180016	0.0002440295754
180017	7.319076318e-05
180018	4.095067344e-05
180019	0.0001318278724
180020	0.0003731279364
180021	0.0001920817027
180022	9.974806102e-05
180023	0.0002086205057
180024	0.006413770047
180025	0.005537492485
180026	0.006250765191
180027	0.006024123704
180028	0.003165539841
180029	0.004560745177
180030	0.004942941131
180031	0.00593342548
180032	0.006397344204
180033	0.006625622451
180034	0.006262686283
180035	0.006556357128
180036	0.006812671068
180037	0.003533575927
180038	0.006333068633
180039	0.006623277042
180040	0.006743511157
180041	0.003423360263
180042	0.005120499995
180043	0.006518025672
180044	0.006213528521
180045	0.006478692302
180046	0.006483848792
180047	0.005562093101
180048	0.006732881268
180049	0.006882740781
180050	0.006170219208
180051	0.00551814748
180052	0.006046274433
180053	0.006859703257
180054	0.007503667441
180055	0.006680850124
180056	0.004798776814
180057	0.005704809192
180058	0.006486741003
180059	0.008045722401
180060	0.005531290552
180061	0.005020414604
180062	0.005278273657
180063	0.00476406901
180064	0.006182132985
180065	0.006174013275
180066	0.005691709665
180067	0.006555553797
180068	0.006920557021
180069	0.006683845552
180070	0.006782777505
180071	0.006364332633
180072	0.006312652668
180073	0.006367602771
180074	0.002415720394
180075	0.00639695634
180076	0.002175267802
180077	0.00238404358
180078	0.002085632731
180079	0.00245935687
180080	0.002225751595
180081	0.003362279952
180082	0.002844188178
180083	0.002068818724
180084	0.002167605531
180085	0.002335196521
180086	0.001910168966
180087	0.00138932228
180088	0.00259486787
180089	0.001823679096
180090	0.002352105436
180091	0.001744739897
180092	0.003694758399
180093	0.002336679245
180094	0.001729593147
180095	0.001663533683
180096	0.002256727344
180097	0.004109924937
180098	0.002361309556
180099	0.0005039483679
180100	0.002161266217
180101	0.002823413533
180102	0.002438235552
180103	0.001768048367
180104	0.002868182514
180105	0.003142298427
180106	0.002194716677
180107	0.002161418108
180108	0.003346650252
180109	0.002698712063
180110	0.001878916668
180111	0.0014027527
180112	0.002211869353
180113	0.002200831916
180114	0.001318405353
180115	0.001915121807
180116	0.002971323975
180117	0.002034125219
180118	0.0008384137221
180119	0.002831126943
180120	0.0006088512869
180121	0.0008555324667
180122	0.0001862352482
180123	0.0008015204008
180124	0.001391489996
180125	0.0009170398637
180126	0.0007141614236
180127	0.0009313090163
180128	0.0006405858409
180129	0.001311029419
180130	6.050361255e-05
180131	6.556719505e-05
180132	0.0003359357444
180133	0.0039091696
180134	0.0008795372676
180135	0.0005999179001
180136	0.001020219853
180137	0.000920898055
180138	0.001022377074
180139	0.001025682727
180140	0.0003469471715
180141	0.000609035569
180142	0.0002988593791
180143	0.0005231787947
180144	0.0008927636119
180145	0.0007156718957
180146	0.0002563752061
180147	0.001421662303
180148	0.0006166675043
180149	0.0005989664277
180150	0.001148342216
180151	0.000865227335
180152	0.002551245972
180153	0.0008218713761
180154	0.0009788096625
180155	0.001030794383
180156	0.0006471345644
180157	0.0007920488991
180158	4.626983535e-05
180159	0.001069422236
180160	0.0004997714878
180161	0.001102061154
180162	0.0004567936929
180163	0.0008614041846
180164	0.003039414865
180165	0.0009784974713
180166	0.001166379577
180167	0.0009360301126
180168	0.0009898210453
180169	0.0009718314177
180170	0.001165783978
180171	0.0003148008004
180172	0.0003650134272
180173	0.0009703720394
180174	0.0008175519062
180175	0.0007712683393
180176	0.003651080971
180177	0.003589461012
180178	0.003139634172
180179	0.003697444493
180180	0.003234618609
180181	0.003875982427
180182	0.003390071411
180183	0.003112999884
180184	0.003363299481
180185	0.003302842771
180186	0.00351261459
180187	0.003955476187
180188	0.003426872113
180189	0.003052547994
180190	0.003706224616
180191	0.003556494097
180192	0.0001189087288
180193	0.00387260489
180194	0.004140695072
180195	0.004107975254
180196	0.003729269412
180197	0.003684372894
180198	0.003273849859
180199	0.003924894188
180200	0.003002921959
180201	0.00336526433
180202	0.003713276881
180203	0.00315091248
180204	0.00305181774
180205	0.003601757645
180206	0.001727615665
180207	0.001872704231
180208	0.001454573234
180209	0.001929543707
180210	0.0009538181199
180211	0.001972288867
180212	0.0005329685727
180213	0.00167336561
180214	0.001783339075
180215	0.002006396509
180216	0.003462743166
180217	0.001501169607
180218	0.0008895820543
180219	0.001926157846
180220	0.003047243292
180221	0.001618620288
180222	0.002459417673
180223	0.001752983634
180224	0.001163890964
180225	0.001823472486
180226	0.002596122962
180227	0.002564462231
180228	0.002664577199
180229	0.001914504535
180230	0.001542532529
180231	0.001620904963
180232	0.001607675083
180233	0.001382906517
180234	0.001430038617
180235	0.002763556963
180236	0.0004875682572
180237	0.002159818216
180238	0.002347492404
180239	0.001949963
180240	0.001188754797
180241	0.002669333571
180242	0.001787832629
180243	0.001814201751
180244	0.002334850892
180245	0.00110112798
180246	0.001661735925
180247	0.0009391819758
180248	0.0007544242363
180249	0.001311234042
180250	0.000232270885
180251	0.0001729247157
180252	0.0008462757942
180253	0.0003642030776
180254	0.0003875314682
180255	0.001483937046
180256	0.0006878784189
180257	0.00124167017
180258	0.0006715565732
180259	0.0008721115698
180260	0.0003278626415
180261	0.001894584369
180262	0.0003161404546
180263	0.001416910494
180264	0.0002871862789
180265	0.0001932448939
180266	0.001210253928
180267	0.0009430347365
180268	0.0001485815874
180269	0.000961421966
180270	0.0001247371576
180271	0.0008512290143
180272	0.0006802900354
180273	0.0001845260059
180274	0.0008174515618
180275	0.002784950465
180276	0.003835290168
180277	0.0006137564165
180278	0.0004323477397
180279	0.002955251592
180280	0.0003308560691
180281	0.0006356397145
180282	0.001010996258
180283	0.001001515702
180284	0.001615905775
180285	0.001581358795
180286	0.0004485561454
180287	0.0001130959667
180288	0.001143148459
180289	0.001002383294
180290	0.0005961434943
180291	0.0003680741184
180292	6.632759622e-05
180293	0.0008687825346
180294	0.0004509302831
180295	0.0004739934568
180296	0.0002781541164
180297	0.002781577389
180298	0.00146688695
180299	0.0003409449798
180300	0.0002718370715
180301	0.001421384935
180302	0.0003816884624
180303	0.0004494742284
180304	0.0002972464923
180305	0.0006354339048
180306	0.0003436090149
180307	0.0006366903931
180308	0.0005213849625
180309	4.342757436e-05
180310	0.0001818866787
180311	0.0002080343147
180312	0.0004719788927
180313	7.924900187e-05
180314	0.0002917403076
180315	0.0002446260447
180316	0.00115398502
180317	0.0001264503673
180318	4.724535894e-05
180319	1.206796354e-05
180320	0.0001603090305
180321	0.0003463548706
180322	0.0004697956082
180323	0.0007693112446
180324	0.0002652059291
180325	0.0001686575223
180326	0.0009023481989
180327	0.000388654097
180328	0.0007104258563
180329	0.0001058935353
180330	0.0005353608051
180331	0.0005225370536
180332	0.0004470573828
180333	0.000280576201
180334	0.0004495160393
180335	0.0004700993275
180336	0.001054736795
180337	0.000787732336
180338	0.00146306998
180339	0.0003314411272
180340	0.00077003718
180341	0.0007578374796
180342	0.0006265731683
180343	5.243953927e-05
180344	0.001131433663
180345	0.0009000343124
180346	0.001611738343
180347	0.0007006980604
180348	0.0021586848
180349	0.0001747212994
180350	0.0004946528918
180351	0.001034135584
180352	0.0004418920413
180353	0.001103058769
180354	0.001054060472
180355	0.001596297471
180356	0.001272781574
180357	0.0006201290129
180358	0.0008025939091
180359	0.001274063037
180360	0.001107574315
180361	0.0006280986322
180362	0.001068522364
180363	0.0002862802199
180364	0.0001989173961
180365	0.0003176787058
180366	0.001263003432
180367	0.001499116093
180368	1.016266722e-06
180369	0.0004601864725
180370	0.0003053426705
180371	0.001363237683
180372	0.001366840936
180373	0.0005115552472
180374	0.0002288744669
180375	0.0004196561516
180376	0.0006606908227
180377	0.0008906405053
180378	0.0007861904409
180379	0.000254134466
180380	0.0002324834368
180381	0.0007050621181
180382	0.0005408829061
180383	0.0005960632634
180384	0.001500402394
180385	0.000659061252
180386	1.467517443e-05
180387	0.00259981377
180388	0.002141022689
180389	0.001358106647
180390	0.001189646663
180391	0.0002292704259
180392	0.001179998316
180393	0.0007834792988
180394	0.001394572778
180395	0.001001077169
180396	0.0008844000114
180397	0.001238172862
180398	0.00111626744
180399	0.0007280877297
180400	0.001367710408
180401	0.0007854226422
180402	0.000789382635
180403	0.001166267001
180404	0.001990561629
180405	0.00103758351
180406	0.0006911995028
180407	0.0006451253776
180408	0.001125855162
180409	0.0008677731144
180410	0.0005730471035
180411	0.0006788304375
180412	0.001222321021
180413	0.0007536081412
180414	0.001142564832
180415	0.0008749662924
180416	0.0002192894736
180417	0.003616727167
180418	0.0007452224418
180419	0.001076334057
180420	0.0008697721666
180421	0.0009900066304
180422	0.0009263813637
180423	0.0007516148764
180424	0.0006653385235
180425	0.001408826091
180426	0.002140691278
180427	0.001150214504
180428	0.0009578844603
180429	0.001054650823
180430	0.001546883621
180431	0.0001205569854
180432	0.001360462894
180433	0.0007584751632
180434	0.0001390549295
180435	0.001325597995
180436	0.0007471922313
180437	0.001214961815
180438	0.0001570160344
180439	0.001511378722
180440	0.001403525631
180441	0.00197467623
180442	0.0002605854624
180443	0.0007270167588
180444	0.00100703768
180445	0.001987924861
180446	0.001907025173
180447	0.001012853275
180448	0.001329289849
180449	0.001194289532
180450	0.001632699085
180451	0.001007674356
180452	0.001020857464
180453	0.001101601971
180454	0.001531422923
180455	0.000187861151
180456	0.001219982244
180457	0.0003021131875
180458	0.001293479807
180459	0.001160076113
180460	0.0009843632258
180461	0.00139562288
180462	0.001174439331
180463	0.001445704919
180464	0.0006369930582
180465	0.001395911614
180466	0.001902689152
180467	0.001239550229
180468	0.000511412403
180469	0.00104505479
180470	0.001254238583
180471	0.0009027809434
180472	0.000410586649
180473	0.0005142799709
180474	0.001289505943
180475	0.001701096849
180476	0.0009927763991
180477	0.001299918712
180478	0.001134357186
180479	7.294160596e-05
180480	0.0004511023344
180481	0.0006233283334
180482	0.0005389504604
180483	0.0001554676848
180484	0.0003344461495
180485	4.418439003e-05
180486	0.002884460351
180487	0.0005840727652
180488	0.0007846753663
180489	0.001438141913
180490	0.001964203213
180491	0.000105012728
180492	8.824509139e-05
180493	0.0001083670864
180494	0.0004522740529
180495	0.002639132592
180496	0.0005317762931
180497	0.0002327733664
180498	0.0006436061946
180499	0.002472591147
180500	0.0002655583844
180501	0.0008809900645
180502	0.0003511623531
180503	0.001286600106
180504	0.0001877469123
180505	0.0005557545934
180506	0.0005827948526
180507	0.002170628105
180508	0.0002031085454
180509	0.0005652422636
180510	0.00024265064
180511	0.0004484073004
180512	0.0008906465251
180513	0.0004095636388
180514	0.0001077293505
180515	0.000527882322
180516	0.0002316670635
180517	0.000172792295
180518	0.000946553039
180519	0.0004238653716
180520	0.000360141916
180521	0.001590008315
180522	0.0006326580961
180523	0.001119867424
180524	0.0003349276157
180525	0.0001028257739
180526	0.001779707999
180527	0.00127361645
180528	0.0005008348568
180529	0.0003775180516
180530	0.0006389644837
180531	0.0002338168715
180532	0.0004421023501
180533	0.0005588385178
180534	6.423902771e-05
180535	0.0002426316693
180536	0.0004244160551
180537	0.0002061228995
180538	0.0005357236371
180539	0.000515890002
180540	0.0004070969917
180541	0.0008636841425
180542	0.0005959488334
180543	0.0005910373268
180544	0.003297603202
180545	0.003479647786
180546	0.003521736678
180547	0.00343657404
180548	0.003605656861
180549	0.003310015102
180550	0.003251882605
180551	0.002896157316
180552	0.002578405211
180553	0.002977978283
180554	0.001736077928
180555	0.002965177755
180556	0.003001314736
180557	0.003554658021
180558	0.003505812025
180559	0.003575129578
180560	0.003069646152
180561	0.003681195687
180562	0.003300864678
180563	0.00273034536
180564	0.003713892878
180565	0.003376819576
180566	0.003949389621
180567	0.003139009995
180568	0.003074724311
180569	0.003380910644
180570	0.003342848609
180571	0.0001649156852
180572	0.003781250556
180573	0.002746927523
180574	0.003287219335
180575	0.003189451204
180576	0.003325434947
180577	0.003952333023
180578	0.003453324257
180579	0.004355220542
180580	0.00327478766
180581	0.003558757992
180582	0.002607443363
180583	0.003962056429
180584	0.004350596778
180585	0.003356500665
180586	0.0038747202
180587	0.004018926958
180588	0.00385984648
180589	0.003418010127
180590	0.00186399081
180591	0.002580198354
180592	0.003269127622
180593	0.003139598551
180594	0.003762635049
180595	0.001808432611
180596	0.001781329739
180597	0.002369647754
180598	0.002399652453
180599	0.00232763588
180600	0.001639361592
180601	0.002041910023
180602	0.002475245487
180603	0.002035921883
180604	0.001994934904
180605	0.00190533889
180606	0.001840744278
180607	0.001830949148
180608	0.00231482306
180609	0.00239713712
180610	0.002308920896
180611	0.002166522568
180612	0.0008647838696
180613	0.001798026743
180614	0.001600257544
180615	0.001114374376
180616	0.002051193117
180617	0.001584658136
180618	0.001750122582
180619	0.001949691213
180620	0.002116640414
180621	0.002026091059
180622	0.002097116606
180623	0.001829810465
180624	0.002590776504
180625	0.001307747922
180626	0.001609099712
180627	0.001482803779
180628	0.001840381871
180629	0.001777609277
180630	0.001759383142
180631	0.0018495921
180632	0.002450231892
180633	0.0005144223141
180634	0.003309905925
180635	0.002706899553
180636	0.002448133449
180637	0.002478005883
180638	0.002668825257
180639	0.001313909448
180640	0.002717687445
180641	0.002006118863
180642	0.003338158721
180643	0.00107694061
180644	0.002400282462
180645	0.002862895811
180646	0.002164952271
180647	0.00272077289
180648	0.002546980918
180649	0.002031909204
180650	0.00183844345
180651	0.003117747591
180652	0.002142988975
180653	0.004387328449
180654	0.002389342368
180655	0.002975428516
180656	0.002397204965
180657	0.002014301188
180658	0.002027414479
180659	0.001598491299
180660	0.003038005046
180661	0.002494036528
180662	0.002554625513
180663	0.0008893861777
180664	0.002311533749
180665	0.002105057808
180666	0.001690324619
180667	0.001690851874
180668	0.00175840337
180669	0.001200661742
180670	0.001525227754
180671	0.002508913628
180672	0.002480352225
180673	0.002520668353
180674	0.00243379439
180675	0.002018857766
180676	0.002305181495
180677	0.002835340435
180678	0.002665090735
180679	0.002708525793
180680	0.001769713553
180681	0.002483878736
180682	0.002423190979
180683	0.002306351192
180684	0.002317472489
180685	0.002531975432
180686	0.001568659923
180687	0.001767918796
180688	0.002459880723
180689	0.003035006884
180690	0.0029825807
180691	0.003265786995
180692	0.002743620036
180693	0.00224782311
180694	0.002444296753
180695	0.001649050226
180696	0.002211576779
180697	0.002276793114
180698	0.003700105818
180699	0.002996043297
180700	0.002925230815
180701	0.002397565671
180702	4.562945548e-05
180703	0.002474479307
180704	0.002623413981
180705	0.002189921575
180706	0.002656596334
180707	0.002432329787
180708	0.00254100458
180709	0.002635593799
180710	0.002019403663
180711	0.002718679763
180712	0.002054243348
180713	0.001343883055
180714	0.002737746605
180715	0.002702083283
180716	0.002943808525
180717	0.002845123848
180718	0.001462755824
180719	0.001996427768
180720	0.0008476930728
180721	0.001831834764
180722	0.001180727154
180723	0.001584751709
180724	0.001287872471
180725	0.001388112983
180726	0.001526514662
180727	0.001610391324
180728	0.002019610489
180729	0.001653460003
180730	0.001646627223
180731	0.001620355501
180732	9.96712949e-05
180733	0.001034364648
180734	0.0006731010025
180735	0.0009749231601
180736	0.00109799121
180737	0.001229567786
180738	0.001475829868
180739	0.001633409507
180740	0.0007852407364
180741	0.001918920146
180742	0.001499987292
180743	0.001550817813
180744	0.001382408694
180745	0.001373505264
180746	0.001773276517
180747	0.001202101829
180748	0.00152844937
180749	0.001255227753
180750	0.0009239867986
180751	0.001299064382
180752	0.0009660512799
180753	0.001670544086
180754	0.001326091749
180755	0.0007121499032
180756	4.037903602e-05
180757	0.0008599478735
180758	0.001206379211
180759	0.0009484504651
180760	0.0009645051583
180761	0.001465600912
180762	0.001095599351
180763	0.001981434157
180764	0.001706199749
180765	0.001141432244
180766	0.002496821632
180767	0.001320552152
180768	0.001231943004
180769	0.001155907706
180770	0.002962250088
180771	0.001195787726
180772	0.000834498183
180773	0.0005084759021
180774	0.0008536001106
180775	0.001516770169
180776	9.046153554e-05
180777	0.0009130123654
180778	0.0007893769385
180779	0.0002967287243
180780	0.0005965506675
180781	0.0021016479
180782	0.0009223875549
180783	0.0003416591144
180784	0.0005182303151
180785	0.0009503795359
180786	0.001690451643
180787	0.0005089709644
180788	0.0003275990858
180789	0.0007823369499
180790	0.0004189541355
180791	0.0003022596371
180792	0.0007372510972
180793	0.0003704746669
180794	0.0007624885184
180795	0.000681292819
180796	0.0008199286801
180797	0.001337599214
180798	0.0005369833694
180799	0.0002436037571
180800	0.0006608703011
180801	0.0007267877295
180802	0.002885221143
180803	0.0008547052768
180804	5.091229356e-05
180805	0.0006643901254
180806	0.0006786874479
180807	0.0005008949452
180808	0.001816561445
180809	0.001421789522
180810	8.509588337e-05
180811	0.000467262083
180812	0.001745470649
180813	0.001174310953
180814	0.001193647235
180815	0.0004112408183
180816	0.0003735416137
180817	0.00075080592
180818	0.0005479051898
180819	0.0007540171707
180820	0.001454444159
180821	0.0002508130813
180822	0.001165874758
180823	9.829905275e-05
180824	0.001831974352
180825	0.002033991637
180826	0.0005250857458
180827	0.0007396527983
180828	0.0002592600983
180829	0.0007479120781
180830	0.0003580643064
180831	0.0002207657512
180832	0.0006646080416
180833	0.0006194860518
180834	0.0005443139234
180835	0.0002918884303
180836	0.0003954747005
180837	0.0005896788977
180838	0.0002043611134
180839	0.0003754878348
180840	0.0003013385981
180841	0.0002595421761
180842	0.0001074113928
180843	0.0005474026982
180844	0.0004769195216
180845	0.0009032112508
180846	0.0002731219604
180847	0.0005718859941
180848	4.214062699e-05
180849	6.038056084e-05
180850	0.0003966321488
180851	0.000805602962
180852	2.957253272e-05
180853	0.0001006792781
180854	0.0003492819264
180855	0.0002840997014
180856	0.0001668685851
180857	0.0002077784722
180858	0.0008261054736
180859	0.0005258001052
180860	0.0004812813201
180861	0.001861517828
180862	0.0003891923579
180863	0.0005776288556
180864	0.0002728981986
180865	0.0009906714049
180866	0.001280592405
180867	1.127581407e-05
180868	0.001423698769
180869	0.0002989041441
180870	0.0003969907145
180871	0.000434958139
180872	0.0003243708606
180873	0.0009627368911
180874	0.0006688541295
180875	0.0005322593774
180876	0.0003748703589
180877	0.0005415772255
180878	0.0003736733179
180879	0.0006936443047
180880	0.0002963804627
180881	0.0004487641626
180882	0.000471663184
180883	0.000907795382
180884	0.0003777214082
180885	0.0003578813249
180886	0.0004920964528
180887	0.0001297169335
180888	0.0001782721194
180889	0.001053134731
180890	0.0001006365242
180891	0.0003684507428
180892	0.0004639843623
180893	0.0001645669497
180894	0.0005400685516
180895	0.001278949221
180896	0.0004634676201
180897	0.0008685520064
180898	0.002439221929
180899	0.0003925069432
180900	0.001937085635
180901	0.0007394599063
180902	0.0001778143648
180903	0.0005067247203
180904	0.0018516075
180905	0.0008870832419
180906	0.001455755127
180907	0.001077351539
180908	0.0005955299271
180909	0.0006633179421
180910	0.0001326345121
180911	0.001073433132
180912	0.0009726669025
180913	0.0005229135934
180914	0.0002513640055
180915	0.000545474973
180916	0.0008144378517
180917	0.0004686162265
180918	0.0001425726997
180919	0.0002062512839
180920	0.0001261250224
180921	7.380918248e-05
180922	0.0004839698017
180923	0.0006110197838
180924	0.0001700111582
180925	0.0008023906354
180926	0.0004589837208
180927	0.0008765516283
180928	0.001513990022
180929	0.001264021967
180930	0.001043415458
180931	0.0002252797289
180932	3.784516417e-05
180933	0.001853296409
180934	0.0007262305083
180935	0.0003083005701
180936	0.0002639408342
180937	0.0007742066524
180938	0.00123467339
180939	0.003166189799
180940	0.00108081872
180941	8.886433829e-05
180942	0.0007806791394
180943	0.0006932753856
180944	0.000512337758
180945	0.0004212207702
180946	0.001386479787
180947	0.000918802243
180948	0.0001646240986
180949	0.006930225116
180950	0.0004167748099
180951	0.0004341289548
180952	0.00121471332
180953	0.004050642149
180954	0.008709036508
180955	0.001425234695
180956	0.0002286392227
180957	0.001412890836
180958	0.0006781395268
180959	6.424417021e-05
180960	0.0001694178741
180961	0.002695287347
180962	0.006884395076
180963	0.004193767872
180964	0.003371776783
180965	0.005049405271
180966	0.0046946568
180967	0.001544775433
180968	0.001559077934
180969	0.001893497987
180970	0.00299794653
180971	0.002562511697
180972	0.002539370101
180973	0.002586473702
180974	0.00265914794
180975	0.000988102421
180976	0.0004425933663
180977	0.0009521737604
180978	0.0006916063219
180979	0.001289189421
180980	0.001195342476
180981	0.0005144079504
180982	0.001421252872
180983	0.0003281986426
180984	0.001340496933
180985	0.00117508793
180986	4.870676922e-05
180987	0.001351734993
180988	0.000465115584
180989	0.0006045868643
180990	0.0009932393026
180991	0.001050593435
180992	0.002025627339
180993	0.0009987393181
180994	8.200816121e-05
180995	8.182360239e-05
180996	0.0001955581041
180997	0.0001649284095
180998	0.0002135873519
180999	0.001310789109
181000	0.0002179321084
181001	0.0006545551869
181002	2.237484256e-05
181003	0.000603290273
181004	0.0003746461195
181005	0.000314471112
181006	0.0005155026886
181007	0.0007739848669
181008	0.0007939257827
181009	0.0003618756649
181010	0.001224279761
181011	0.000440498375
181012	0.0006894647059
181013	0.0002116182729
181014	0.0006178449995
181015	0.0005603191994
181016	0.0009137008202
181017	0.001396840581
181018	0.0007151422317
181019	0.002138744557
181020	0.000155958644
181021	4.148131999e-05
181022	0.0003849438288
181023	0.001152173937
181024	0.0005365672042
181025	0.003312500216
181026	0.0003648096751
181027	0.000347813593
181028	0.000163002639
181029	0.0002839074961
181030	0.0005688058879
181031	0.001497248673
181032	0.0001992446506
181033	0.0001636428956
181034	0.001746072113
181035	1.353538652e-05
181036	0.0002135537787
181037	0.0004891245413
181038	0.0002380863027
181039	0.0032031308
181040	6.909929579e-05
181041	0.0008298898164
181042	0.0008524563275
181043	1.532555863e-06
181044	0.0001705660491
181045	0.0007495219854
181046	0.0001941713697
181047	0.0003157670958
181048	0.001445649007
181049	0.0004836089402
181050	0.001926949019
181051	0.0005970219204
181052	0.0004918895132
181053	0.0008021958069
181054	0.0003243938372
181055	9.359852387e-05
181056	0.0003219376595
181057	8.006813279e-05
181058	0.000938066673
181059	0.002603224477
181060	0.0001086214484
181061	0.0002583329088
181062	0.0007379368006
181063	0.0008405798199
181064	0.001288569083
181065	0.0002641447076
181066	0.0009409666253
181067	0.001806069514
181068	0.000583167287
181069	0.000378104876
181070	0.0007766563158
181071	0.000309213944
181072	0.000940278868
181073	0.001273505652
181074	0.0003387688283
181075	0.0005974971734
181076	0.001250042378
181077	0.0003360859558
181078	0.0007741016502
181079	0.0004174123346
181080	0.0001956945385
181081	0.000200810904
181082	0.0002060982532
181083	0.0002029298272
181084	0.000189843408
181085	0.0002469663872
181086	0.0001878160915
181087	0.0007331663127
181088	0.001079811115
181089	0.0001738104146
181090	0.0002020993914
181091	0.0004868081579
181092	0.001888267519
181093	3.541672551e-05
181094	0.0004513269617
181095	0.0004512471677
181096	0.0002565921055
181097	0.003560648675
181098	0.0009029450174
181099	0.0002061283639
181100	0.0001818647043
181101	4.461279514e-05
181102	0.00031715028
181103	0.0005935646931
181104	0.0006892256633
181105	0.0005928465859
181106	0.0005996591172
181107	0.001140648257
181108	0.001087849487
181109	0.0008848804953
181110	0.0006772817268
181111	0.001108422335
181112	0.0005302912081
181113	0.0005515738038
181114	0.001538851997
181115	0.0003338474816
181116	0.0004378504672
181117	0.0004001602455
181118	0.0005117759693
181119	0.001170983596
181120	0.001044191826
181121	0.0009960050996
181122	0.001113478236
181123	0.0008255537165
181124	0.001719544227
181125	0.0002237751921
181126	7.205885423e-05
181127	0.000979821063
181128	0.0002204062135
181129	0.001057830948
181130	0.0005882323295
181131	0.0004799741929
181132	0.0009739089197
181133	0.0002575930512
181134	0.0008231451794
181135	0.006184051069
181136	0.001158798066
181137	0.002232879488
181138	0.003103303346
181139	0.0007790134764
181140	0.0005823999884
181141	0.001866383006
181142	0.0001530133327
181143	0.001678793542
181144	0.002315313404
181145	0.003845633945
181146	0.0003969766401
181147	0.000429879167
181148	0.0063289082
181149	8.815644901e-05
181150	0.001404264276
181151	0.003992070922
181152	0.002568762588
181153	0.001267861935
181154	3.540700062e-05
181155	0.001400772294
181156	0.000980145393
181157	0.005506005979
181158	0.00260513139
181159	7.452694334e-05
181160	0.0003060923959
181161	0.0009187476875
181162	0.0007554417812
181163	0.001979252504
181164	0.001385407515
181165	0.0002712349665
181166	0.002654046074
181167	0.0001742742665
181168	0.001274371553
181169	0.002813927749
181170	0.0009951991983
181171	5.309857356e-05
181172	0.003619667459
181173	0.002313876853
181174	0.003867365699
181175	0.000871826508
181176	0.00198101953
181177	0.004022261111
181178	0.006509835358
181179	0.002465603491
181180	0.002818676623
181181	0.0007807002937
181182	0.004042171265
181183	0.0001322577586
181184	0.001396476181
181185	0.003780822636
181186	0.0008603882909
181187	0.000782967327
181188	0.0001493512394
181189	0.0004224844801
181190	0.0007645909845
181191	0.0003936257682
181192	0.0008847985957
181193	0.0009696179037
181194	0.001299214559
181195	0.0008770885772
181196	0.001300862682
181197	0.004619820067
181198	0.004167793889
181199	0.003875303423
181200	0.003288925802
181201	0.003688421595
181202	0.003729081901
181203	0.001777271334
181204	0.0009805881286
181205	0.001075394078
181206	0.00195403312
181207	0.001072198607
181208	0.002304989313
181209	0.001015888346
181210	0.00352601485
181211	0.004077546282
181212	0.000895201042
181213	0.003835744823
181214	0.004200085813
181215	0.004532573045
181216	0.003952003542
181217	0.00391314196
181218	0.004903037699
181219	0.005819249107
181220	0.003745359662
181221	0.00349772282
181222	0.004542222118
181223	0.005526142684
181224	0.006509383856
181225	0.004191813001
181226	0.005528301354
181227	0.00336027704
181228	0.004333665693
181229	0.00409737273
181230	0.004974852065
181231	0.003787645165
181232	0.003165225674
181233	0.0005641117722
181234	0.0005568827875
181235	0.0001438361971
181236	0.0002975655594
181237	0.0005556501489
181238	0.0006690802643
181239	0.001774242156
181240	0.0008735813566
181241	0.001469178956
181242	0.0001085909313
181243	8.621932693e-06
181244	0.0006632389035
181245	0.000642460466
181246	0.0007319282453
181247	0.001444108623
181248	0.001840095103
181249	0.001842512881
181250	0.001033147153
181251	0.001359069767
181252	0.001762030448
181253	0.001399054375
181254	0.0003796522835
181255	0.001632995506
181256	0.001778779684
181257	0.001848084925
181258	0.003570776188
181259	0.003803169614
181260	0.003590900401
181261	0.003400026856
181262	0.003505910805
181263	0.002822613228
181264	0.003789767949
181265	0.002416282909
181266	0.001536917655
181267	0.004064806037
181268	0.004219051779
181269	0.003908140682
181270	0.003140438166
181271	0.003686895427
181272	0.003418843421
181273	0.002975376047
181274	0.004135553598
181275	0.004341107972
181276	0.004827836289
181277	0.004143311784
181278	0.005460812513
181279	0.004195914178
181280	0.004309025931
181281	0.0001363916395
181282	0.003107950244
181283	0.003464846314
181284	0.003960706336
181285	0.002270037527
181286	0.005862506849
181287	0.004736252313
181288	0.004755545842
181289	0.004982942172
181290	0.005267816478
181291	0.005720795149
181292	0.003295681208
181293	0.00375994915
181294	0.005058111178
181295	0.005138701901
181296	0.004210897825
181297	0.005106785554
181298	0.005791220668
181299	0.004061288035
181300	0.004070191073
181301	0.002977295654
181302	0.004674810871
181303	0.001943241029
181304	0.001392921269
181305	0.0004715854208
181306	0.0009568227339
181307	0.0006276723081
181308	0.002214458823
181309	0.001315565514
181310	8.307838179e-05
181311	0.0001110580901
181312	0.0003427932279
181313	0.0001868613041
181314	0.002687162545
181315	0.0003039164707
181316	9.123626119e-05
181317	0.0002194225161
181318	0.0003639820079
181319	0.0009684145985
181320	0.0002640486636
181321	0.0004074257442
181322	0.0001225784337
181323	0.001238696197
181324	1.10732308e-05
181325	0.0005171768667
181326	0.0002900365763
181327	0.0004818897645
181328	0.0006586411938
181329	0.0001306919185
181330	0.0001737957807
181331	0.001677020483
181332	0.003519647436
181333	0.001977272506
181334	0.002483510688
181335	0.002164024007
181336	0.002433325066
181337	0.002099726594
181338	0.001850144998
181339	0.002134351882
181340	0.001756969753
181341	0.001168123266
181342	6.233041375e-05
181343	0.005350315598
181344	0.00331515154
181345	0.005642469251
181346	0.005619484149
181347	0.00572275813
181348	0.006597643237
181349	0.006307524858
181350	0.00640221004
181351	0.005443150431
181352	0.006353341065
181353	0.005853890102
181354	0.004945462923
181355	0.002619865914
181356	5.053197355e-05
181357	0.0008705030617
181358	0.0003775835535
181359	0.0001845752861
181360	0.0004033059631
181361	0.0002697102873
181362	0.002524731949
181363	0.0009313707741
181364	0.0008285047987
181365	0.0007442417973
181366	0.001601792747
181367	0.00020752769
181368	0.0003600212224
181369	0.0001572955202
181370	0.000303988864
181371	0.0002856940281
181372	0.000817612421
181373	0.0005821166566
181374	0.0001662600992
181375	0.004160157038
181376	0.002536048958
181377	0.0008472185748
181378	0.002777429226
181379	0.001207544028
181380	0.0002619571714
181381	0.0001720957439
181382	0.000618869462
181383	0.002826756448
181384	0.003152221812
181385	0.001622818652
181386	0.001388046682
181387	0.0001124287008
181388	0.00140883339
181389	0.0003715591485
181390	0.0002556158303
181391	0.0005971013707
181392	0.0007520718076
181393	0.001643825928
181394	0.00143647586
181395	0.001468880499
181396	0.001168508005
181397	0.001575883597
181398	0.0005633740929
181399	0.004633068639
181400	0.001689823884
181401	0.0009591582088
181402	0.002345776747
181403	0.001052420305
181404	0.002507372761
181405	5.807708441e-06
181406	0.001702673103
181407	0.001436474318
181408	0.001819210873
181409	0.00203593113
181410	0.0009827132587
181411	0.0007887076266
181412	0.001473945264
181413	0.003809399605
181414	0.003063235884
181415	0.00469063919
181416	0.001998761842
181417	0.004271229535
181418	0.004028010955
181419	0.004584442182
181420	0.004266539843
181421	0.004563953103
181422	0.002600707604
181423	0.003824699443
181424	0.003669312894
181425	0.0006300519503
181426	0.0002897833303
181427	0.0003430481937
181428	0.0008680634163
181429	0.001559721373
181430	0.002706690968
181431	0.002145211305
181432	0.0002895135598
181433	0.0007272139972
181434	0.0001134982256
181435	0.001239311173
181436	0.0004002327102
181437	0.0006614654946
181438	0.0004853345116
181439	6.277032334e-05
181440	0.0003909650216
181441	0.002653235208
181442	0.00194032856
181443	0.00208739751
181444	0.002058215636
181445	0.002060223438
181446	0.0005608079732
181447	0.002165246176
181448	0.001207806818
181449	0.001070819381
181450	0.001857680431
181451	0.001941616462
181452	0.002224390195
181453	0.002648854539
181454	0.001791930219
181455	0.0008276298979
181456	0.003029743492
181457	0.001064273473
181458	0.002494169357
181459	0.001814193973
181460	0.00208251422
181461	0.001878439327
181462	0.003624864061
181463	0.003909103291
181464	0.003652408764
181465	0.00084092729
181466	0.002815184972
181467	0.002553880719
181468	0.004906354357
181469	0.003116121101
181470	0.002061799187
181471	0.003181990174
181472	0.003594319166
181473	0.003069271464
181474	0.001092976211
181475	0.00255159573
181476	0.002278665948
181477	0.0001821321083
181478	0.002166210732
181479	0.0004480174311
181480	0.0003768866141
181481	0.0009067267367
181482	0.0002822541484
181483	0.001697453745
181484	0.001418967005
181485	0.0009482907727
181486	0.0002016083192
181487	0.0002027339237
181488	8.751494414e-05
181489	0.001090397248
181490	0.001084821914
181491	0.001581684505
181492	3.391636674e-05
181493	0.001289927004
181494	0.002061596294
181495	0.002360183559
181496	0.002224892385
181497	0.001208479284
181498	0.001379183537
181499	0.002019618344
181500	0.002819872361
181501	0.000115987735
181502	0.001941288147
181503	0.003202159364
181504	0.002957238059
181505	0.0002786724755
181506	0.00312260779
181507	0.002939577484
181508	0.002140373328
181509	0.003672935443
181510	0.003491577409
181511	0.003228623756
181512	0.001889850847
181513	0.002933116787
181514	0.003097899861
181515	0.003541180588
181516	0.004436997853
181517	0.003311933477
181518	0.003049333763
181519	0.00324871069
181520	0.00521884679
181521	0.003542591874
181522	0.003677388621
181523	0.003422244329
181524	0.003473719038
181525	0.003552020212
181526	0.003242417026
181527	0.00284828435
181528	0.002024045742
181529	0.003693094621
181530	0.003452165788
181531	0.0003778479962
181532	0.0007911248215
181533	5.219445456e-06
181534	0.0001452438478
181535	0.0004332927757
181536	0.001265720232
181537	0.0004928310628
181538	0.001128282594
181539	0.0007008486139
181540	0.0006438443121
181541	0.0004747817621
181542	0.0006810709791
181543	0.001083953568
181544	8.231492066e-05
181545	0.000189383436
181546	0.0007847998155
181547	0.00109465834
181548	0.0003357224803
181549	0.001733402329
181550	0.005732249832
181551	0.001685659201
181552	0.0008505928616
181553	0.003101221763
181554	0.008231197576
181555	0.004728985973
181556	0.0008565772738
181557	0.0008826481824
181558	0.0003267175085
181559	0.005215915988
181560	0.0007649387358
181561	0.001098877552
181562	0.002435797524
181563	0.001893499182
181564	0.000133814312
181565	0.003736160952
181566	0.001211720563
181567	0.005389173618
181568	0.003447427424
181569	0.003077590041
181570	0.001090327806
181571	0.002822422596
181572	1.09421806e-05
181573	0.0003705063117
181574	0.001179424131
181575	0.004995043414
181576	0.00192854205
181577	0.0006651845664
181578	0.0008494099885
181579	8.80013798e-06
181580	0.0001071421606
181581	0.0005876476057
181582	0.0009673654181
181583	0.004240317981
181584	0.002166230057
181585	0.005631787642
181586	0.0035620167
181587	0.001541692247
181588	0.002011516218
181589	0.003146011489
181590	0.0007298384114
181591	0.004410619859
181592	0.005122516682
181593	0.007947275411
181594	0.002472322338
181595	0.0001700050725
181596	0.002868275645
181597	0.0002421672507
181598	0.005815345607
181599	0.000457314272
181600	0.001498807794
181601	0.0008099246315
181602	0.007655521217
181603	0.0002022191419
181604	0.002642299418
181605	0.0001477211375
181606	7.86119997e-05
181607	0.001437847897
181608	0.0001256936029
181609	0.000360597782
181610	0.0008224093062
181611	0.005553269115
181612	0.001794823779
181613	0.005945659964
181614	0.000211565309
181615	0.001449125111
181616	0.002008499322
181617	0.0008586947694
181618	0.00123582382
181619	0.001626241494
181620	0.002777584626
181621	0.004735196035
181622	0.0006779794361
181623	0.003260134548
181624	0.0001033822081
181625	0.000645097045
181626	0.0008751810939
181627	0.001703871117
181628	0.002027185662
181629	0.001619911917
181630	0.002434178186
181631	0.002914240794
181632	0.003192176864
181633	0.002297718329
181634	0.003035321711
181635	0.002238300835
181636	0.002361308485
181637	0.001195604916
181638	0.002877919771
181639	0.00119197412
181640	0.004442021749
181641	0.002206066458
181642	0.003009989855
181643	0.001863343523
181644	0.001848411442
181645	0.0008216962426
181646	0.002686121632
181647	0.001292665536
181648	0.0013561888
181649	0.001608652325
181650	0.00142097401
181651	0.001813950851
181652	0.003558057426
181653	0.001921057448
181654	0.001158294942
181655	0.001023000609
181656	0.0004450211814
181657	0.003795885791
181658	7.19396475e-05
181659	0.0002178801404
181660	0.004063033164
181661	0.002436145547
181662	0.002225815349
181663	0.0003240407837
181664	0.0006404736722
181665	0.002197043322
181666	0.001420404197
181667	0.004580186295
181668	0.003850768756
181669	0.003854923319
181670	0.001922542626
181671	0.0002376409475
181672	0.003520218029
181673	0.001141791148
181674	0.003115595436
181675	0.001517571115
181676	0.0005030666093
181677	0.0008211432239
181678	0.003250817425
181679	0.003245613393
181680	0.0008919180811
181681	0.001502340719
181682	0.003512261396
181683	0.0004628436073
181684	0.001295186266
181685	0.004606324098
181686	0.0001904178851
181687	0.001956165532
181688	0.0008960080893
181689	0.007616552762
181690	0.0002137530212
181691	0.0004036809165
181692	0.002954755672
181693	0.0008001466862
181694	0.0004723411757
181695	5.993538941e-05
181696	0.0008626776913
181697	0.003276200764
181698	0.0004420401519
181699	0.002209668313
181700	0.001175379455
181701	0.002183688384
181702	0.0002421586831
181703	0.0003476908815
181704	0.0009946977342
181705	0.001338008808
181706	0.004701426162
181707	0.001564400304
181708	0.002497011568
181709	0.001495209822
181710	0.004820612174
181711	0.002672702968
181712	0.003026333126
181713	0.0002912817336
181714	0.0008183011281
181715	0.0006872906575
181716	0.00297683458
181717	0.00529721565
181718	0.0007970574935
181719	0.001642639981
181720	0.001039509075
181721	0.000396652529
181722	0.00106202322
181723	0.001562656893
181724	0.002031872089
181725	0.001085437802
181726	0.005394572219
181727	0.004533629338
181728	0.003679621062
181729	0.00341721011
181730	0.001158053379
181731	0.001675044528
181732	0.00164036077
181733	0.0007690556337
181734	0.002206740174
181735	2.500106913e-05
181736	0.0004320856667
181737	0.002514659982
181738	0.004892973026
181739	0.001896852656
181740	0.0002347986701
181741	0.0003090047904
181742	0.002383307462
181743	0.0006027235061
181744	0.001567529647
181745	0.0001590536498
181746	0.002276457889
181747	0.001622987344
181748	0.0008068636021
181749	0.001648258698
181750	0.002462601881
181751	0.001933573919
181752	0.002156689439
181753	4.233674036e-05
181754	0.001300925929
181755	0.000146785132
181756	0.006371925276
181757	0.0009884370385
181758	0.002631594665
181759	0.002794384018
181760	0.004068254033
181761	0.007060618237
181762	0.003431284471
181763	0.0004368721459
181764	0.001953608136
181765	0.0004367317117
181766	0.0007385730554
181767	0.0009178392129
181768	0.002102737216
181769	0.002249480619
181770	0.00502689438
181771	0.001160712878
181772	0.001496952556
181773	0.003412045716
181774	0.006925333284
181775	0.0008964491298
181776	0.001580671586
181777	0.002139060507
181778	0.002568744423
181779	0.001084603701
181780	0.005239195283
181781	0.001484589768
181782	0.002878160229
181783	0.003279832788
181784	0.000231865637
181785	7.468785942e-05
181786	0.00245074804
181787	0.000591166538
181788	0.0007185294918
181789	0.00100993983
181790	0.0005738697956
181791	0.0005692880336
181792	0.0004218442446
181793	0.000230772532
181794	0.0001159617491
181795	0.0009729270082
181796	0.000776436646
181797	0.0001526807345
181798	0.0001705692306
181799	0.002429580933
181800	0.00144236369
181801	0
181802	0.001109296643
181803	0.0006852396514
181804	0.004229502051
181805	0.001103964989
181806	0.00204568399
181807	0.001968454639
181808	0.005356699212
181809	0.002381655212
181810	0.00247462112
181811	0.005781991218
181812	0.0009651215056
181813	0.001969935148
181814	0.001162074397
181815	0.0005534450086
181816	0.000456406209
181817	0.005222868775
181818	6.261123731e-05
181819	0.001073491576
181820	0.004675830664
181821	0.0002677525194
181822	0.002902270306
181823	0.0009078518095
181824	0.004205890165
181825	0.004679393283
181826	0.0004365184804
181827	0.002976232308
181828	0.00271598873
181829	0
181830	0.002339144158
181831	0.004362327337
181832	0.0003094878957
181833	0.001082915395
181834	0.004023056527
181835	0.001218248774
181836	0.005512998807
181837	0.002970144001
181838	0.002447217784
181839	0.007332681544
181840	0.0008255479561
181841	0.001525415602
181842	0.000552536468
181843	0.0003558372965
181844	0.006386262351
181845	0.001438835595
181846	0.005114991759
181847	0.0004135238166
181848	0.0002356220387
181849	0.001626897075
181850	0.001976742693
181851	0.001927238983
181852	0.002182279269
181853	0.001478402686
181854	0.0007865307815
181855	0.002624681661
181856	0.001915073409
181857	0.002898822959
181858	0.0009511987777
181859	0.002266560902
181860	0.002001515514
181861	0.00275202173
181862	0.0005184887881
181863	0.005236918281
181864	0.001293133583
181865	0.001137653353
181866	0.002199492131
181867	0.00282241767
181868	0.002627665825
181869	0.001087617153
181870	0.003384591604
181871	0.0001223922014
181872	0.001840124136
181873	0.006413626632
181874	0.00351728567
181875	0.0007354707926
181876	0.003294796593
181877	0.003468116144
181878	0.0007471346979
181879	0.001948743515
181880	0.002984526663
181881	0.003639988979
181882	0.003111799764
181883	0.0009064577863
181884	0.002080531122
181885	0.004230176117
181886	0.001004876208
181887	0.002608608332
181888	0.0009911878032
181889	0.00304390467
181890	0.002162336645
181891	0.002565539669
181892	0.004701120633
181893	0.0001423686564
181894	0.003113362663
181895	0.00126657216
181896	0.001495089276
181897	0.003092792354
181898	0.0008130304372
181899	0.0005114616496
181900	0.002520401914
181901	0.002757693184
181902	0.0008398710946
181903	0.000448358997
181904	0.001726279694
181905	0.0005695279264
181906	0.0004166630285
181907	0.00305383359
181908	0.0005704594619
181909	0.0003529679064
181910	6.82728172e-05
181911	0.0001466862673
181912	0.001122979512
181913	0.0007806980184
181914	2.443276917e-05
181915	0.0004532697428
181916	0.0004689362332
181917	0.001144395827
181918	0.0007799256544
181919	0.00195890382
181920	0.00141946285
181921	0.0002081540402
181922	0.000626671184
181923	0.0001506675718
181924	8.743990467e-05
181925	0.0007290267148
181926	0.000325180702
181927	0.004452541728
181928	0.000455808981
181929	0.0001265696021
181930	0.0002512196087
181931	5.563595226e-05
181932	0.003755347361
181933	0.002360560996
181934	0.003226163454
181935	0.0005260659163
181936	0.002695062689
181937	0.0007781959558
181938	0.001022579681
181939	0.004381007374
181940	0.002602033881
181941	0.001210382422
181942	0.003368296131
181943	0.0009165317147
181944	0.001696112454
181945	0.004403138496
181946	0.002023360063
181947	0.0002543446867
181948	0.001458869958
181949	0.0003785428723
181950	0.002329934505
181951	0.0001461529369
181952	0.00243205867
181953	0.001775327411
181954	0.0009922865946
181955	0.002751770374
181956	0.003712118269
181957	0.003442105857
181958	0.001265310894
181959	0.0006941928009
181960	0.002230359142
181961	0.005958852792
181962	0.002510570412
181963	0.001060105491
181964	0.0007573244965
181965	0.000608056123
181966	0.001644813869
181967	0.001044534605
181968	0.001234090507
181969	0.002081466986
181970	0.0001656053384
181971	0.003638848223
181972	0.0009233184336
181973	0.003131887147
181974	0.00109909848
181975	9.929120537e-05
181976	0.0006060216961
181977	0.001195358436
181978	0.000534166697
181979	0.002334945101
181980	0.003993543705
181981	0.001148210055
181982	0.000391644863
181983	0.003261985748
181984	0.001592462396
181985	0.00202486266
181986	0.002561047076
181987	0.00282543157
181988	0.0006917428125
181989	0.001703922594
181990	0.002430811599
181991	0.002260444706
181992	0.00281588753
181993	0.002820524591
181994	0.002073380116
181995	0.001969265583
181996	0.002965803786
181997	0.003412463138
181998	0.002668106134
181999	0.00248802
182000	0.00404918395
182001	0.001467827056
182002	0.002904348452
182003	0.002311083219
182004	0.003015951579
182005	0.004355093041
182006	0.002372922579
182007	0.00396854063
182008	0.001530870726
182009	0.001917469091
182010	0.003210130764
182011	0.003018026676
182012	0.001018583771
182013	2.801857648e-05
182014	0.00279504769
182015	0.004703341653
182016	0.003495352928
182017	0.00239312849
182018	0.002632938243
182019	0.001514096652
182020	0.003149323679
182021	0.002394073264
182022	0.002782293
182023	0.001616098126
182024	0.001280365136
182025	0.002067732961
182026	0.003424362905
182027	0.002884258654
182028	0.0001490882227
182029	0.001053916298
182030	0.001851647555
182031	0.002089064424
182032	0.001912949291
182033	0.001379150753
182034	0.002100450058
182035	0.001416278872
182036	0.0003726926968
182037	9.804968812e-05
182038	4.669581878e-05
182039	0.0002221090643
182040	0.0001442600741
182041	0.003693573761
182042	0.001752739063
182043	0.0005609266747
182044	0.0007455701528
182045	0.001178563884
182046	0.0003121630322
182047	0.0008125616675
182048	0.000837047748
182049	0.002079786633
182050	7.212912375e-05
182051	0.0007764229923
182052	5.719578095e-05
182053	0.0006647633061
182054	0.0001241091409
182055	0.0006769233754
182056	0.002012605222
182057	0.0005346466792
182058	8.091898998e-05
182059	0.0009445342913
182060	0.005789979296
182061	0.003467807161
182062	0.002876682883
182063	0.001387023602
182064	0.0006776631277
182065	0.000107650359
182066	0.00299139289
182067	0.0003117743354
182068	0.0003347601216
182069	0.0001817557698
182070	0.00324109227
182071	0.0006461432471
182072	0.003863953278
182073	0.0007049424635
182074	0.001155973672
182075	0.004304652339
182076	0.001585640169
182077	0.0003201077139
182078	0.002391122821
182079	0.0002491687297
182080	0.0001733951512
182081	0.0006179206245
182082	0.001209726141
182083	2.477649419e-05
182084	0.0004347452037
182085	0.0004065972336
182086	0.0008359690168
182087	0.0004558368746
182088	0.000404079364
182089	0.0006622389886
182090	0.0008859027448
182091	0.0004627352817
182092	5.770242175e-05
182093	0.0005826081896
182094	0.0002540597141
182095	0.0002003243061
182096	0.001473375689
182097	0.0004402035436
182098	0.0005671756766
182099	0.003457271844
182100	0.001665302963
182101	0.0007292368748
182102	0.001438897168
182103	0.0006698935713
182104	4.469859461e-05
182105	0.00269028665
182106	0.000644265975
182107	0.0002727555228
182108	0.0009075577699
182109	0.001067020136
182110	0.0006778647122
182111	0.001849338775
182112	0.0001160439075
182113	0.002948082024
182114	0.0005441385012
182115	0.0006044063186
182116	0.00366099249
182117	0.0001848395735
182118	8.979742415e-05
182119	0.001893843182
182120	0.0003296467447
182121	0.0001773987923
182122	0.0003414316612
182123	0.0003101454319
182124	4.359832196e-05
182125	5.953852726e-05
182126	0.003230625852
182127	0.0008442883846
182128	0.0006925999214
182129	0.0008450649055
182130	0.0005190521328
182131	0.0004558575846
182132	0.0001997753297
182133	0.0003530154112
182134	0.0005367220875
182135	1.269828975e-05
182136	0.0001424900967
182137	0.0001213054667
182138	0.0007465047677
182139	0.0005377659135
182140	0.0001810669228
182141	0.004074681516
182142	0.0007050316625
182143	0.000396546998
182144	0.002866498803
182145	0.001768237874
182146	0.002374402824
182147	7.335570008e-05
182148	0.0009063846219
182149	0.0007827555228
182150	0.001642532977
182151	6.893850022e-05
182152	0.0003619004554
182153	0.0002967949243
182154	9.516805613e-05
182155	0.001092215423
182156	0.0002315002527
182157	0.001827635716
182158	0.0004774191597
182159	0.0003040936779
182160	0.0004908917875
182161	0.003591972175
182162	0.0003237853481
182163	0.00529251459
182164	0.0003461038886
182165	0.0003172979969
182166	0.003249002752
182167	0.00197635183
182168	0.0007105265834
182169	0.0004140505441
182170	0.0002223468656
182171	0.0008134933831
182172	0.000309916927
182173	0.001052260871
182174	2.257290629e-05
182175	0.0006283108364
182176	0.0003283505637
182177	0.0002585225786
182178	0.002013770555
182179	0.0006644081901
182180	0.005098230237
182181	0.0004280661341
182182	0.0002886779797
182183	0.002378637206
182184	0.0002595995671
182185	0.000909992836
182186	0.0008250874213
182187	0.0006194016565
182188	0.0004900590846
182189	0.0003415872967
182190	0.0007193880419
182191	0.001506308322
182192	0.001696969989
182193	0.0003452559086
182194	0.0003978780569
182195	0.0007796038598
182196	0.0005201466341
182197	0.0002958276247
182198	0.0004605670174
182199	0.003178238052
182200	0.001059737472
182201	0.0005729609993
182202	0.001953551653
182203	0.0006098182215
182204	0.0007665155006
182205	0.0003925521763
182206	0.001375567002
182207	0.0003514261341
182208	4.643149028e-05
182209	0.0008929788448
182210	0.0004260784409
182211	0.000414105315
182212	0.0005956023321
182213	0.0007607821255
182214	0.0005606159521
182215	0.0002889482505
182216	0.001727948735
182217	0.0009343630801
182218	0.0002984913451
182219	0.001153896702
182220	0.0007280858405
182221	0.0001246033084
182222	6.568797196e-05
182223	0.0006525663934
182224	0.0003361100898
182225	0.0004100327768
182226	0.001080842193
182227	0.002217327382
182228	0.001359079715
182229	0.005330476046
182230	0.001710513007
182231	0.001889096001
182232	0.0001961074061
182233	0.0002194616933
182234	0.00144376927
182235	0.001192863316
182236	0.004432451907
182237	0.002455710157
182238	0.0001937620145
182239	6.910658345e-05
182240	0.002800213845
182241	1.000006413e-05
182242	0.0004645572746
182243	0.000537819204
182244	0.001739232392
182245	7.952229709e-05
182246	5.631288715e-05
182247	0.0006997567223
182248	0.0001298128491
182249	0.0004329081287
182250	0.0001213766393
182251	0.0009439378711
182252	0.0002279808199
182253	0.0003410523898
182254	0.002285842037
182255	7.950448663e-05
182256	0.005756969392
182257	0.0004846648754
182258	0.0009386791913
182259	0.0001111479423
182260	0.00138070115
182261	6.793027485e-05
182262	0.002373039932
182263	1.922506401e-05
182264	0.0001194021422
182265	0.0006625173624
182266	3.986064876e-05
182267	0.0006057271584
182268	0.0001229971072
182269	0.0009702115297
182270	7.321516973e-05
182271	0.002675895812
182272	0.000401068842
182273	0.001386820049
182274	0.0004890811637
182275	0.00245544638
182276	0.0005275237604
182277	0.0007656664463
182278	0.001437264233
182279	0.0003942368299
182280	0.001100867211
182281	0.0003063603012
182282	0.0006243197433
182283	0.0004304820516
182284	0.0006392940204
182285	0.0003563888223
182286	0.0003472736725
182287	0.0006279796135
182288	0.0008778662168
182289	0.00293700101
182290	0.0006594556076
182291	0.001719626361
182292	0.0002913106283
182293	5.550346429e-05
182294	0.0001384809711
182295	0.001203758284
182296	0.00397678248
182297	0.0005297383991
182298	0.0007025995468
182299	0.0003565498528
182300	0.002621949914
182301	0.0002458836517
182302	0.0001649186685
182303	0.003643532127
182304	0.001419373261
182305	0.0006997815274
182306	0.0003997725039
182307	0.001244025956
182308	0.0009783051132
182309	7.930758048e-05
182310	0.001570762924
182311	0.0001206744047
182312	0.001290523481
182313	8.301315229e-05
182314	6.905937201e-05
182315	0.0005592093601
182316	7.19174e-05
182317	0.0008168357698
182318	0.000664942491
182319	0.0001321711228
182320	0.0001035233025
182321	0.002548834975
182322	0.0009450688506
182323	0.0004714651878
182324	0.002391413097
182325	0.0008497986586
182326	0.0004969598267
182327	0.001888273106
182328	0.0004644641515
182329	0.003826091734
182330	2.719823586e-05
182331	0.003196085358
182332	0.001481174364
182333	0.001471629944
182334	0.0001053394973
182335	0.001272406191
182336	0.003036884591
182337	0.003047049317
182338	0.00349416266
182339	3.742723454e-05
182340	0.004952386954
182341	0.0002077712106
182342	0.000173256204
182343	0.0004008232169
182344	0.0007972162612
182345	0.0004326085411
182346	2.712904591e-05
182347	0.0003446043238
182348	0.001962182607
182349	7.851659794e-05
182350	0.005048212013
182351	0.001027809556
182352	0.0001272282907
182353	0.0003088555158
182354	0.00357920151
182355	0.0003702161853
182356	0.0005159636317
182357	0.0004551231524
182358	0.0001062736771
182359	0.0008391876607
182360	0.0008568610998
182361	8.840337495e-05
182362	0.000150997369
182363	0.003768947118
182364	0.0006640792771
182365	0.0007630160689
182366	0.001239070444
182367	0.0004133026407
182368	0.001791172074
182369	0.0001349732226
182370	0.001445530862
182371	8.648944751e-05
182372	6.562608653e-05
182373	0.0005923100465
182374	0.003630832014
182375	0.000623819593
182376	0.001749744209
182377	0.004970793382
182378	0.002261991485
182379	6.522693822e-05
182380	0.0005808903608
182381	0.0001199811555
182382	0.0005647270139
182383	0.0007476521684
182384	0.0002531914475
182385	0.003275615637
182386	3.151680168e-05
182387	0.0006744527678
182388	0.002659618595
182389	0.002356524382
182390	1.929300992e-05
182391	0.0002357604381
182392	0.0002026156114
182393	0.0001303461095
182394	0.0009992756479
182395	1.498416931e-05
182396	0.0008949256625
182397	5.024481445e-05
182398	0.004373429064
182399	0.001572641042
182400	0.001149996462
182401	0.0003126843285
182402	0.0001051408805
182403	0.001497051873
182404	0.0001034587354
182405	0.0036134666
182406	0.002352426316
182407	0.001499225506
182408	8.553187562e-05
182409	0.000971085825
182410	0.001411428022
182411	0.003075385311
182412	0.0001472547228
182413	7.670941014e-05
182414	0.0004097687762
182415	0.001936371748
182416	9.206356729e-05
182417	0.000385182972
182418	0.000580734042
182419	0.00218606552
182420	0.001158364508
182421	6.450817131e-05
182422	0.003705078537
182423	0.0005483755095
182424	0.001605183215
182425	0.0006132359952
182426	0.0003521277965
182427	3.092542844e-05
182428	0.00024231113
182429	0.0008093510424
182430	0.0006120542347
182431	0.000407715625
182432	0.0001789427322
182433	0.0001163602184
182434	0.0004403673473
182435	8.794491893e-06
182436	0.0003627322836
182437	5.290762474e-06
182438	0.001312148025
182439	0.0003366182414
182440	0.0005487096935
182441	7.524590331e-05
182442	0.001196938777
182443	0.0001793239955
182444	0.00040520377
182445	0.0009758734231
182446	0.000140554289
182447	0.003293728338
182448	0.0004489644533
182449	8.676758328e-05
182450	0.01027816327
182451	0.001570529972
182452	0.0004501907281
182453	0.002800203085
182454	0.0005288608571
182455	0.0006175449684
182456	0.001540524502
182457	0.0005928744095
182458	9.842411948e-05
182459	0.001478194501
182460	0.001458714892
182461	0.0002845612059
182462	0.002060645921
182463	0.001594648507
182464	0.0001829273385
182465	0.0005742935143
182466	0.0009618187262
182467	8.660525267e-05
182468	0.002882455747
182469	0.00012255756
182470	0.003058939355
182471	0.0002962802072
182472	0.0005244125616
182473	0.003004715421
182474	0.002232019119
182475	0.00355291547
182476	0.001777668096
182477	0.0003020757545
182478	0.002454674158
182479	5.50683141e-05
182480	0.001076933313
182481	0.0008959449805
182482	0.0009207940818
182483	0.001869830219
182484	0.0007918624159
182485	0.002016976819
182486	0.0009018033054
182487	0.00353205233
182488	0.002995733383
182489	8.378304666e-05
182490	0.00128277666
182491	8.566704446e-05
182492	0.0008607609029
182493	0.001314506689
182494	0.0004819455089
182495	9.21522314e-05
182496	0.0003969195134
182497	3.143760606e-05
182498	0.0002173051961
182499	0.001920892362
182500	0.002500580973
182501	0.0006187883063
182502	0.001137804624
182503	0.0004327763492
182504	0.002493517463
182505	0.001478304856
182506	0.0002773807783
182507	1.586659687e-05
182508	0.001114160154
182509	8.583867795e-05
182510	0.001390213323
182511	0.0007431480685
182512	0.001851222498
182513	0.003136722965
182514	0.001135175479
182515	0.0005238471328
182516	0.002011801227
182517	0.00150369572
182518	0.001454847735
182519	0.0006335149088
182520	0.0005529809109
182521	0.0006831498458
182522	0.002898703493
182523	0.001737433176
182524	0.0001822381158
182525	0.0003196327019
182526	0.0001113717434
182527	0.0007676500727
182528	0.001247056474
182529	0.00197483347
182530	6.525727974e-05
182531	0.0007743888371
182532	0.0003325601917
182533	0.004133595316
182534	7.412432688e-05
182535	0.0002903139216
182536	0.0007689863809
182537	0.0004343855726
182538	0.0002158133772
182539	0.004447813038
182540	0.002272630249
182541	0.0004392093478
182542	0.001445213644
182543	0.0003069992807
182544	0.0004177777944
182545	0.0001577001032
182546	0.0001378767821
182547	0.0009009417839
182548	0.0007451611102
182549	0.0008863156532
182550	0.003999445265
182551	0.0001266936304
182552	0.003230168165
182553	0.001600187194
182554	0.0005073282699
182555	0.0005141782518
182556	0.000700765548
182557	0.001313634122
182558	0.00248553625
182559	0.0008536625387
182560	0.003342901578
182561	3.233747303e-05
182562	0.003253932069
182563	0.001591161415
182564	0.0008980689232
182565	0.0005473350707
182566	0.0005206047679
182567	0.002742099862
182568	0.001224635991
182569	0.002514509887
182570	0.001288324042
182571	0.001577622306
182572	5.66982207e-05
182573	0.0008970464545
182574	0.003839869756
182575	0.0001578853962
182576	0.0003500356429
182577	0.0006881183165
182578	0.0006349128372
182579	0.0004327227644
182580	0.001666327277
182581	0.001754491706
182582	5.329453399e-05
182583	0.0001136262629
182584	0.000688556125
182585	0.0009001351762
182586	0.0002890107879
182587	0.0006921473852
182588	0.001417400306
182589	0.002266149802
182590	0.0002694320167
182591	0.002010740978
182592	0.0002113343737
182593	0.0002318507245
182594	0.0001822514615
182595	0.002779475162
182596	0.0009185567334
182597	0.000398457511
182598	0.002187755463
182599	0.002640936298
182600	0.0003338703681
182601	0.0002159033531
182602	0.001522451768
182603	0.00152840914
182604	0.0002718609131
182605	0.004263760177
182606	0.003024714404
182607	0.002107108303
182608	0.006586056886
182609	0.0007664895876
182610	0.002769966139
182611	0.002200490738
182612	0.001511441657
182613	0.004684261388
182614	0.0004922891296
182615	0.001048510622
182616	0.0003721339043
182617	0.0006276575575
182618	0.004986994692
182619	0.0004219730453
182620	0.002149946902
182621	0.0003242453688
182622	0.0003256675732
182623	0.006723555971
182624	0.0003136100437
182625	3.759021027e-05
182626	0.001490745462
182627	0.004074199742
182628	0.003338581968
182629	0.002896821217
182630	0.0002459194642
182631	5.13117542e-05
182632	0.000304400409
182633	0.0005630723731
182634	0.00123458901
182635	0.0007882522022
182636	0.0007312229482
182637	0.0006065835666
182638	0.003315675617
182639	0.0001693680308
182640	0.002961863795
182641	0.0008351908382
182642	0.00292085029
182643	0.00190246748
182644	6.703093365e-05
182645	0.0002174290093
182646	0.001525731426
182647	0.0008482270374
182648	0.0001708799369
182649	0.001998341539
182650	0.001522942438
182651	0.005499671753
182652	0.0009180819736
182653	0.0003131763549
182654	0.001865668049
182655	0.001034252428
182656	0.001817175179
182657	0.0009350292911
182658	0.002942961047
182659	0.001523837509
182660	0.001709144259
182661	0.000205469224
182662	0.0001110782825
182663	0.0002938123009
182664	0.0005280142628
182665	0.00095823704
182666	0.0003249340233
182667	0.000686972651
182668	0.00387436423
182669	0.002103608119
182670	0.00456302876
182671	0.001970965528
182672	0.00053146377
182673	0.0003013213575
182674	2.719652548e-05
182675	0.0003109855272
182676	0.0009657812347
182677	0.001229607692
182678	0.0004985968281
182679	0.003102482102
182680	0.004152688462
182681	0.0001481967194
182682	0.006189699079
182683	2.494273773e-05
182684	0.0001544305593
182685	0.0005348554407
182686	0.001382120877
182687	0.001568054643
182688	8.089639475e-06
182689	0.001387712537
182690	0.0008506775402
182691	0.0004455617852
182692	0.0009015544839
182693	0.003269831745
182694	0.0002612799347
182695	0.0003702053479
182696	0.0001199639502
182697	0.0002925027099
182698	0.0001589627626
182699	0.0003441904477
182700	0.0006423382408
182701	0.0009582524258
182702	0.000805061946
182703	0.0002278096955
182704	0.001138368007
182705	0.004469287551
182706	8.265101996e-05
182707	5.293744826e-05
182708	0.0008707652159
182709	0.000432451742
182710	3.691522901e-05
182711	0.0006105255699
182712	0.00113480537
182713	0.0004118292775
182714	0.0001794718099
182715	0.001865097637
182716	7.74234301e-05
182717	0.001446660476
182718	0.003499622628
182719	0.0002071403184
182720	0.0001380208462
182721	0.000447942476
182722	0.0008648945268
182723	0.0002204030169
182724	5.830403954e-05
182725	0.0007638995156
182726	0.0004410407652
182727	0.0005658462179
182728	0.0001620042635
182729	0.0007208819081
182730	0.0007465786889
182731	0.003562499626
182732	0.001091579352
182733	0.002344278181
182734	0.0008132193835
182735	7.979643083e-05
182736	0.0008284588029
182737	0.0001706690202
182738	0.0003099224359
182739	0.001623144307
182740	0.001247671107
182741	3.633286257e-06
182742	0.0008304468972
182743	0.000662007061
182744	0.002544698563
182745	0.0001551604628
182746	0.001064957983
182747	0.001033839662
182748	0.003097449314
182749	0.0004863193926
182750	0.0005421187952
182751	0.00115134082
182752	0.0007963023132
182753	0.0003336723732
182754	0.0003789719249
182755	0.004876130955
182756	0.000194074993
182757	0.00109313326
182758	0.0002777251087
182759	5.393049396e-05
182760	0.0004609735715
182761	0.0003625291229
182762	0.002922668686
182763	0.0004986545592
182764	0.001703709072
182765	0.0003217632515
182766	0.001136772019
182767	0.003315886856
182768	0.0004191280849
182769	0.0001697104654
182770	0.0005399362381
182771	0.002933569075
182772	0.0005097158654
182773	0.007185332323
182774	0.0008832024399
182775	0.001726565068
182776	0.001132615478
182777	0.0006019441355
182778	0.0006625779497
182779	0.00145501577
182780	0.0009779824678
182781	0.0005567497065
182782	0.000351343287
182783	0.0002555101705
182784	0.0001703110059
182785	0.001899887967
182786	0.00170424899
182787	0.0003239714289
182788	0.0002642291485
182789	0.00020536688
182790	0.003734607341
182791	0.00582998939
182792	0.0005974701723
182793	0.0008189972043
182794	0.001818985292
182795	0.001343133972
182796	0.0003779689266
182797	0.001392122295
182798	5.667716328e-05
182799	0.0001505179089
182800	0.0008434191196
182801	0.001057161013
182802	0.003165647462
182803	0.0006509698841
182804	0.00170092654
182805	1.757356894e-05
182806	9.671836526e-05
182807	0.0005348681922
182808	0.0004627300656
182809	0.000592536396
182810	0.0002880238504
182811	0.009172204017
182812	0.003160994955
182813	0.0003011845171
182814	0.001325256811
182815	0.0005473827261
182816	0.0002692073455
182817	0.0001448783507
182818	0.0003872105309
182819	0.000997385304
182820	0.0001959451257
182821	8.69913059e-05
182822	0.0007975336808
182823	1.313326164e-05
182824	0.0008909048381
182825	0.0007811258368
182826	0.0009788634041
182827	0.003428294705
182828	0.00203787369
182829	0.0004252642645
182830	0.001661754745
182831	0.001344306819
182832	0.0003648623673
182833	0.0007995448415
182834	2.009658542e-05
182835	0.001826038805
182836	0.0006754427076
182837	0.000576091397
182838	0.005278809899
182839	0.0008645768563
182840	0.000265219425
182841	0.0004814259483
182842	0.0008035893465
182843	0.005145514778
182844	0.0002708565781
182845	0.0006011194996
182846	0.0004999634226
182847	0.001520965872
182848	0.001135312974
182849	0.0005274690755
182850	0.003062545656
182851	0.003335085874
182852	0.0007052881198
182853	0.002626314233
182854	0.003745568699
182855	0.000374672433
182856	3.832949664e-05
182857	0.001536323165
182858	0.0001780463758
182859	0.002337372437
182860	0.0009129257349
182861	0.001130613206
182862	8.123012883e-05
182863	0.001050592232
182864	0.0007370340653
182865	0.0007719978812
182866	0.001318633998
182867	0.001084109214
182868	0.002486656279
182869	0.001572439591
182870	0.0005574200485
182871	0.0006871847964
182872	0.001102626835
182873	0.001380384499
182874	0.0009879095437
182875	0.00255599469
182876	0.0007003639335
182877	0.00543416841
182878	0.001982030065
182879	0.0001817025692
182880	0.0001248537761
182881	0.001152494212
182882	0.002034218859
182883	0.0001807061383
182884	0.0001459856631
182885	0.0003640311236
182886	0.0007062024226
182887	0.001800404831
182888	0.0006404400732
182889	0.0006257879385
182890	0.0003975637807
182891	0.000441003529
182892	0.0003494152347
182893	5.225472809e-05
182894	0.00201209572
182895	0.006701764069
182896	0.0006936293455
182897	0.001170759065
182898	0.001098395386
182899	0.0005165092209
182900	0.0001554235293
182901	0.0001745671198
182902	0.0001028007712
182903	0.001813953176
182904	0.003360173772
182905	9.230847415e-05
182906	0.001715112177
182907	0.0006962971729
182908	0.0001973066808
182909	0.0002257430212
182910	0.0001894383748
182911	4.052526407e-05
182912	0.001139234538
182913	0.0002246953738
182914	0.000406054182
182915	0.001883829128
182916	0.0005463020983
182917	0.0008520519577
182918	0.001264302799
182919	0.001285263221
182920	2.214604724e-05
182921	8.986610719e-05
182922	0.0004903168671
182923	0.001075544649
182924	0.003387457129
182925	8.019415577e-05
182926	0.003937735815
182927	0.0004140517608
182928	8.535697824e-06
182929	0.0004672960665
182930	0.0006224083057
182931	0.0001367055677
182932	0.001507445479
182933	0.0007532930577
182934	0.0004652208445
182935	0.003513659491
182936	0.0006906939905
182937	0.0001048281012
182938	1.012737357e-05
182939	0.001270709795
182940	0.0007660146206
182941	0.002503520728
182942	0.002430827459
182943	0.000195035764
182944	6.407332325e-06
182945	0.0005700650301
182946	1.902791086e-05
182947	0.003064293672
182948	0.0008364425515
182949	0.001756696097
182950	0.0006453891237
182951	0.002728935235
182952	0.000450190423
182953	0.0003777593801
182954	0.0008850549331
182955	0.001101850906
182956	0.0005550538871
182957	0.001349197215
182958	0.002519335113
182959	0.002277347133
182960	0.002289986214
182961	0.001772235542
182962	0.001288184056
182963	0.001764529015
182964	0.0005713140292
182965	0.0003471878057
182966	0.005769940753
182967	0.001017564273
182968	0.001157700303
182969	8.097593812e-05
182970	0.002050450505
182971	0.001002572662
182972	0.0004491900767
182973	0.002360183267
182974	0.0002986782594
182975	0.00259788255
182976	1.875069291e-05
182977	0.001600444578
182978	0.0009134471606
182979	0.000624586692
182980	0.001520363896
182981	0.0007182487624
182982	0.002624497001
182983	0.0001590307175
182984	0.001248299747
182985	0.001414713412
182986	0.0008861685375
182987	0.001114176732
182988	0.001941615362
182989	4.396904806e-05
182990	0.001760049646
182991	1.579057517e-05
182992	7.296573325e-05
182993	0.0004855849759
182994	0.0004509081242
182995	0.0002182825738
182996	0.0002941075861
182997	0.00138835565
182998	0.001075124858
182999	0.0004574138313
183000	0.0004330273219
183001	0.0009973387667
183002	8.874002322e-05
183003	0.0007733609143
183004	0.0006486545085
183005	2.002144636e-05
183006	0.000276626207
183007	0.0009461755068
183008	0.0001158543949
183009	0.000101371013
183010	0.001017104399
183011	0.0007851788003
183012	0.002646833442
183013	0.0004193805681
183014	0.001288052049
183015	0.001137307598
183016	0.0001672309208
183017	0.0004933485317
183018	0.0001181657906
183019	8.464168837e-05
183020	0.0001976142375
183021	0.0004408067899
183022	0.0002187566759
183023	0.000958617152
183024	0.0006258219937
183025	0.0008737613946
183026	0.0008806056733
183027	0.0006127597783
183028	0.0008201463228
183029	0.0003220155808
183030	0.003807364351
183031	0.0008148366197
183032	0.0002384435174
183033	0.002372173452
183034	3.986475914e-05
183035	0.001650004607
183036	0.001305279607
183037	0.002628077924
183038	0.0005506548712
183039	0.0009498164846
183040	0.0003090903744
183041	0.000478046412
183042	0.006323037498
183043	0.002947612619
183044	0.0009538044104
183045	0.001610877022
183046	0.00120297234
183047	0.0001144072364
183048	0.002564885334
183049	0.0003676012841
183050	0.0008409506865
183051	0.0002102540085
183052	0.0003361798847
183053	0.0001221735389
183054	0.002262443516
183055	0.002866867309
183056	0.0009972666704
183057	0.001083986497
183058	0.002986548434
183059	0.0001098566033
183060	0.001170899532
183061	0.0004625867441
183062	0.0007327979736
183063	0.002303219579
183064	0.0007773318351
183065	0.006673327841
183066	0.0008440452581
183067	0.0002695960312
183068	0.001063960338
183069	0.001006640599
183070	0.0001096810251
183071	0.001150110484
183072	0.0007936615589
183073	0.0008608034654
183074	0.0008152616921
183075	0.002345573889
183076	0.002538024063
183077	0.001896167215
183078	0.0003945132456
183079	0.001557080921
183080	0.001093656246
183081	0.0006828689633
183082	0.003042250524
183083	0.002172505232
183084	0.0001859144518
183085	0.0003671998349
183086	0.0002518668434
183087	0.0001944101183
183088	0.0005735553778
183089	0.00129759039
183090	0.00160459732
183091	0.001196268519
183092	0.0005269687116
183093	0.001020034881
183094	0.001294996307
183095	0.001807286923
183096	0.002781279792
183097	0.001367612417
183098	0.001206671687
183099	0.0001086834603
183100	0.001447988684
183101	0.0008470862218
183102	0.001205782628
183103	0.0004860162214
183104	0.0008318424781
183105	0.0002777791746
183106	0.0007410992862
183107	0.000701667722
183108	0.0002386834303
183109	0.0009769126709
183110	0.00134597308
183111	9.602400631e-05
183112	0.001004758493
183113	1.032516326e-05
183114	0.000569807519
183115	0.0007670739778
183116	0.0009688008389
183117	3.454377665e-05
183118	0.000569538478
183119	0.0002611208952
183120	0.001087876747
183121	0.001677113544
183122	0.0002463748445
183123	0.001598069749
183124	0.000643159489
183125	0.001602997857
183126	0.001166070708
183127	0.0007002425729
183128	0.006265709106
183129	0.00234623838
183130	0.003763404928
183131	0.001183220693
183132	0.001694186179
183133	0.004981984198
183134	0.0002439328603
183135	0.002399359171
183136	0.001372111904
183137	0.0007390752025
183138	0.0002069598443
183139	0.0002667445523
183140	0.002759851816
183141	4.127913929e-05
183142	0.002580735846
183143	0.006384853303
183144	0.001264101854
183145	0.003407895339
183146	0.0008809756583
183147	0.002760721819
183148	0.002493882036
183149	0.0002330876827
183150	0.003246267101
183151	0.0005326935662
183152	0.001003260606
183153	0.0006588316892
183154	0.002027840741
183155	0.0002299836942
183156	0.002735160805
183157	0.003107827008
183158	0.002483058362
183159	0.0004702627867
183160	0.0006256904339
183161	0.006377706258
183162	0.0008516421772
183163	0.001636251046
183164	0.004908200069
183165	0.0009726084905
183166	1.245209639e-05
183167	0.00125398041
183168	0.0005181837939
183169	0.001603694556
183170	0.00930898746
183171	0.001415323824
183172	0.0007999595625
183173	0.001364995533
183174	0.00150520949
183175	0.004254309969
183176	0.00423390446
183177	0.001215843757
183178	0.00488994751
183179	0.001835428986
183180	0.004784384033
183181	0.001188647301
183182	0.0006721433883
183183	0.001107985893
183184	0.0007641136194
183185	0.003883013635
183186	0.002421766011
183187	0.00115246373
183188	0.000283701826
183189	0.002103471394
183190	0.001637988337
183191	0.0005873674412
183192	0.001758921961
183193	0.002213320163
183194	0.00157817748
183195	0.0007652299604
183196	0.0001394284069
183197	0.004048307225
183198	0.002165300034
183199	0.003450570933
183200	0.004545953955
183201	0.002172259741
183202	0.003608615789
183203	0.003078463568
183204	0.0009228842237
183205	0.004497194825
183206	0.001343504345
183207	0.00265828629
183208	0.0002383434184
183209	0.0003428384184
183210	0.002688466256
183211	0.000805446577
183212	0.000186753383
183213	0.0005117944635
183214	0.001196221831
183215	0.002514147584
183216	4.734203599e-05
183217	0.001381549007
183218	0.0009812472898
183219	0.0008475735844
183220	0.004625284287
183221	0.005204384192
183222	0.003084251554
183223	0.002225554654
183224	0.003131702359
183225	0.0008886588479
183226	0.006104083511
183227	0.0009703588032
183228	0.0008129618605
183229	0.0005352930669
183230	0.0004721949784
183231	0.0001655832264
183232	0.0005320739486
183233	0.002320339246
183234	0.002502171471
183235	0.004035418549
183236	0.002360136474
183237	0.004412350277
183238	0.007705276148
183239	0.0001687970339
183240	0.002043005772
183241	5.069022152e-06
183242	0.0003094516066
183243	0.00980307234
183244	0.001448904259
183245	0.001022596497
183246	0.00186961023
183247	0.001602709543
183248	0.002233580238
183249	0.002220777152
183250	0.0009825740331
183251	0.006904592235
183252	0.004863706705
183253	0.00352706498
183254	0.0001008059884
183255	0.0004063439909
183256	0.003177145736
183257	0.001663788799
183258	0.003692580098
183259	0.004516063866
183260	0.002401195
183261	0.001844072016
183262	0.009336558258
183263	0.001773698928
183264	0.007653992301
183265	0.001213314779
183266	0.0006691936693
183267	0.003375973116
183268	0.001498357007
183269	0.002451328387
183270	0.0001191575201
183271	0.000191371536
183272	0.0001845932103
183273	7.747253277e-05
183274	0.0001856591281
183275	0.003985517626
183276	0.001735817525
183277	0.001639200611
183278	0.002115058141
183279	0.0007738762633
183280	0.002940651073
183281	0.0007522763915
183282	0.000637662158
183283	0.001676380744
183284	0.0002542790322
183285	0.0007972059926
183286	0.0004651874908
183287	0.00124871363
183288	0.002839122458
183289	0.005119465375
183290	0.001937719694
183291	0.003848742291
183292	0.001010583422
183293	0.0003358212708
183294	0.005120489679
183295	0.006067372612
183296	0.004276298646
183297	0.001736962959
183298	0.006819708764
183299	0.003178125903
183300	0.002491253499
183301	0.0002120257769
183302	0.00235857209
183303	0.002448314514
183304	0.0007153699374
183305	0.002623413554
183306	0.0009926774193
183307	0.002918964252
183308	0.003005152094
183309	0.0004064592419
183310	0.005476837135
183311	0.00589267913
183312	0.002003828044
183313	0.003604312412
183314	0.00415052263
183315	0.001335955218
183316	0.0004116752661
183317	0.0001311966188
183318	0.0001145236663
183319	0.002550622267
183320	0.004180326034
183321	0.0007267630844
183322	0.002645026102
183323	0.0003722059661
183324	0.003035481921
183325	0.003289309805
183326	0.002076995869
183327	0.0009926512454
183328	0.001189095362
183329	0.0005211925768
183330	0.002133441432
183331	0.000316844483
183332	0.001652970482
183333	5.473590363e-05
183334	0.002002705755
183335	0.002817422164
183336	0.0008479851586
183337	0.001465384713
183338	0.0003751306481
183339	0.0009015693388
183340	0.003289085699
183341	0.003533544952
183342	0.0008917637477
183343	0.001828161721
183344	0.001299527887
183345	0.003706462296
183346	0.0008400727847
183347	0.0002591851019
183348	0.004447491926
183349	0.0005167035889
183350	0.001691365372
183351	0.002459348301
183352	0.0005522037578
183353	0.0003932579853
183354	0.004966028833
183355	0.002299309156
183356	0.005935607768
183357	0.003903774964
183358	0.00228576187
183359	0.001438303149
183360	0.0007405847468
183361	0.006744275524
183362	0.002553525095
183363	0.0001714571002
183364	0.001860234506
183365	0.003357564754
183366	0.002700148442
183367	0.002634902793
183368	0.002006425615
183369	0.000194744627
183370	0.004227779633
183371	0.001815072614
183372	0.0006955875961
183373	0.0007575854354
183374	0.001076828631
183375	0.0002509418441
183376	0.0004649165185
183377	0.002703243745
183378	0.000249313899
183379	0.0009928037591
183380	0.0005736652588
183381	0.000305492161
183382	0.002099529601
183383	0.001870346521
183384	0.003091036275
183385	0.003179470055
183386	0.004113678621
183387	0.0005752965634
183388	0.006435387456
183389	0.001655202877
183390	0.0002986191423
183391	0.000924612319
183392	0.001778009665
183393	0.0003085198928
183394	0.002976915434
183395	0.00547694598
183396	0.003705146031
183397	0.002721566192
183398	0.001299771925
183399	0.003641871489
183400	3.392307068e-05
183401	0.002372689112
183402	0.001929300274
183403	0.0006143518229
183404	0.0007175246858
183405	0.003200072052
183406	0.0004129240995
183407	0.001772807869
183408	0.001231518105
183409	0.005365041046
183410	0.0002604774567
183411	0.0002102306032
183412	0.009925473956
183413	0.001238068853
183414	0.004894635194
183415	0.002854664102
183416	0.0001523290794
183417	0.0008797023588
183418	0.00556481442
183419	0.005466508544
183420	0.000423945587
183421	0.002149377167
183422	0.0006386765183
183423	0.001590671907
183424	0.001614036074
183425	1.88727387e-05
183426	0.0001286118283
183427	0.002422680733
183428	0.0006739514537
183429	0.000467059476
183430	0.001279746752
183431	0.0005341289089
183432	0.004429922576
183433	0.003912498045
183434	0.001548263542
183435	0.001770470031
183436	0.0005960655022
183437	2.885019154e-05
183438	0.0008183361764
183439	0.003003059499
183440	0.004226017592
183441	0.002625884416
183442	0.0008544119161
183443	0.0009050202493
183444	0.0008695466813
183445	0.0001328810175
183446	0.000292194299
183447	0.003356255322
183448	0.001968653179
183449	0.004877000931
183450	0.0002859841765
183451	0.005558151719
183452	0.001631923564
183453	0.0009032073248
183454	0.00620978671
183455	0.005637446441
183456	0.000875327048
183457	0.002849675428
183458	0.001040374629
183459	0.002557787964
183460	0.007240430865
183461	0.001132835172
183462	0.004698449269
183463	0.0007592219564
183464	4.307842263e-05
183465	0.002303890428
183466	0.001863946255
183467	0.001331370317
183468	0.001535200409
183469	0.0004569429624
183470	0.003316010041
183471	0.002369234034
183472	0.0003885591525
183473	0.002819889481
183474	0.002651372062
183475	0.003069641048
183476	0.005021239897
183477	0.004609133716
183478	0.0005081219552
183479	0.002400036997
183480	0.0009117980705
183481	0.0007868282286
183482	0.001236801619
183483	0.004141108788
183484	0.002831196141
183485	0.003566819949
183486	0.0001591986969
183487	3.243151446e-05
183488	0.003273767104
183489	0.0005450566563
183490	0.00608130974
183491	0.002365982847
183492	0.004951351272
183493	0.00122869761
183494	0.003774436591
183495	0.001327140422
183496	0.0005561315875
183497	0.001521657732
183498	1.596424006e-07
183499	0.0005877419201
183500	0.0007033492385
183501	0.001652454726
183502	0.004237145995
183503	0.001857062659
183504	0.0004480339785
183505	0.0008376764827
183506	0.002068973214
183507	0.001470126877
183508	0.000565761838
183509	0.002812484377
183510	0.002348903957
183511	0.002202458909
183512	0.003468800287
183513	0.0007964996257
183514	0.001364172823
183515	0.003573795607
183516	0.0006069305095
183517	0.0001831471265
183518	0.0001897185418
183519	0.001204778905
183520	0.001420388652
183521	0.0002776050421
183522	0.0007406542007
183523	0.0001303128478
183524	0.0003855756141
183525	0.00206663866
183526	0.001715368496
183527	0.002461066208
183528	0.001018092599
183529	0.00084933822
183530	0.0003612186627
183531	0.001691759782
183532	0.001876457752
183533	0.003322344871
183534	0.002665948464
183535	0.004195749356
183536	0.0002497089069
183537	0.0007540162717
183538	0.0003473890983
183539	1.535023087e-08
183540	0.003224381251
183541	0.001301094576
183542	0.002405467085
183543	0.002219751629
183544	0.003459371196
183545	0.003551732978
183546	0.0004790773037
183547	0.001419332637
183548	0.00248073661
183549	0.0004615757445
183550	0.0007874582297
183551	0.0005785032012
183552	0.0005814888036
183553	0.001342740891
183554	0.003903905457
183555	0.003053980232
183556	0.002892819278
183557	0.0002968062387
183558	0.0003227896541
183559	0.001245436574
183560	4.298064644e-08
183561	0.000348603194
183562	0.0002698110336
183563	0.005212542621
183564	0.002461615713
183565	0.0009082861573
183566	0.002098275142
183567	0.003670350564
183568	0.003148459658
183569	0.003027905927
183570	0.00122260936
183571	0.004416573405
183572	0.003542855073
183573	0.007453246345
183574	0.002062852072
183575	0.001550433198
183576	0.009630728251
183577	0.005003986671
183578	0.007693169887
183579	0.005123921272
183580	0.003370913785
183581	0.0005013452663
183582	0.001750274841
183583	0.00136612349
183584	0.00316221993
183585	0.003263599341
183586	0.001138529879
183587	0.001406733514
183588	0.0007108010444
183589	5.704411875e-05
183590	0.002364149454
183591	0.000126807721
183592	0.004846408778
183593	0.0005447771543
183594	0.002444151827
183595	0.001213897939
183596	0.000968550533
183597	0.002701486077
183598	0.001755271248
183599	0.0008898259317
183600	0.002269890715
183601	0.005008539386
183602	0.002454938343
183603	0.002507366744
183604	0.0008011000673
183605	0.0009871656222
183606	0.002652014824
183607	0.00171327134
183608	0.00244702555
183609	0.001462921065
183610	0.003339486317
183611	0.000709724332
183612	0.002102605113
183613	0.000752258166
183614	0.0002037648822
183615	0.0007718515479
183616	0.004409787251
183617	0.0005982375968
183618	0.002313272903
183619	0.001304403159
183620	0.003093854913
183621	0.001024825456
183622	0.0004267601293
183623	0.0003262063459
183624	0.001502128286
183625	0.004439183842
183626	0.001051838215
183627	0.00357804611
183628	0.003909230103
183629	0.0002610261208
183630	0.0001561060683
183631	0.002605599638
183632	0.004863908651
183633	0.0001862382836
183634	0.002032395728
183635	1.390460012e-05
183636	0.001317023727
183637	0.0001112134832
183638	0.0009290161983
183639	0.0006665753857
183640	0.003865867428
183641	0.002517396879
183642	0.001337107631
183643	0.0006571838301
183644	0.00107129537
183645	0.000179955362
183646	0.002972883739
183647	0.002022753134
183648	0.0003022684743
183649	0.004954804648
183650	0.0002762160514
183651	0.001672693814
183652	0.004543391443
183653	0.0004264620738
183654	0.002817005614
183655	0.000287779378
183656	0.0032922237
183657	0.0009394168497
183658	0.001037185715
183659	0.001268802675
183660	0.0005343234703
183661	0.001221821762
183662	0.002326334118
183663	0.0002806584394
183664	0.0009426390064
183665	0.001072239927
183666	0.001760255584
183667	0.0006862137545
183668	0.002261946756
183669	0.0008900548192
183670	0.0001131076842
183671	0.002086514004
183672	0.0008066902725
183673	0.0009891826895
183674	0.0005540785599
183675	0.0009179195165
183676	0.002990852799
183677	0.0007655721297
183678	0.001822654345
183679	0.002892958137
183680	0.0002872252586
183681	0.0002217892606
183682	0.003093945017
183683	0.004101687567
183684	0.003429013422
183685	0.002348194319
183686	0.001827208533
183687	0.001613643309
183688	0.001588825774
183689	0.0003143651088
183690	0.0005247154068
183691	0.002957789334
183692	0.002988279107
183693	0.001524323255
183694	0.003579985784
183695	0.0005520904471
183696	0.0001050760372
183697	0.0008400517679
183698	0.001939267089
183699	0.003839219045
183700	0.002049176902
183701	0.0004597015092
183702	0.0008626367378
183703	0.004018692498
183704	0.002762359866
183705	0.00477855654
183706	6.010300777e-05
183707	0.00150678207
183708	0.001597734965
183709	0.0004208886553
183710	0.0003913666559
183711	0.00387543686
183712	0.000416532774
183713	0.005169581019
183714	0.002185084137
183715	5.379755782e-05
183716	0.0008384481272
183717	0.003918899658
183718	0.0007542636818
183719	0.001997742028
183720	0.0002873646158
183721	0.0001421707145
183722	0.001460505306
183723	0.002605857302
183724	0.0004254233016
183725	0.0009967718495
183726	0.001055842932
183727	0.0009086269409
183728	0.001275402175
183729	0.002069692411
183730	0.0008106579234
183731	0.002310005618
183732	0.0005943065683
183733	0.00276045438
183734	0.004266025364
183735	0.001308533582
183736	0.003070967157
183737	0.001566431978
183738	0.0008557884372
183739	0.001136039002
183740	0.003243786364
183741	0.003274742036
183742	0.004123081902
183743	0.003139779561
183744	0.001916534037
183745	0.00354411478
183746	0
183747	0.002701006371
183748	0.0004890591589
183749	0.002012417835
183750	0.0005166141195
183751	0.001160149541
183752	0.003681015497
183753	0.003994933313
183754	0.0001653367684
183755	0.005118585458
183756	0.004431482352
183757	0.002277916143
183758	0.0006056887322
183759	0.003436999176
183760	0.002342044602
183761	0.001587891143
183762	0.0004142115295
183763	0.0009674050972
183764	0.001163820629
183765	0.004221536309
183766	0.001377116457
183767	0.0002187478098
183768	0.000560190397
183769	0.0003154805317
183770	0.001344774638
183771	0.00212665541
183772	0.001848521498
183773	0.004388529543
183774	3.088472072e-05
183775	0.002121824439
183776	2.818225945e-05
183777	0.001549305883
183778	0.0003828677825
183779	0.004122295836
183780	5.731368366e-06
183781	8.313906616e-05
183782	0.0003562563468
183783	0.0007984798285
183784	0.003055872144
183785	0.00197489299
183786	6.495924798e-05
183787	0.001084297701
183788	0.0009475240084
183789	0.00258151372
183790	0.001905503718
183791	0.00150673236
183792	0.001924164931
183793	3.142695187e-05
183794	0.001902168051
183795	0.001483796059
183796	0.0005789049203
183797	0.001043860749
183798	0.002628127094
183799	0.001990245649
183800	0.0001438344939
183801	0.002766150751
183802	6.333698618e-05
183803	0.00281620158
183804	0.001445563636
183805	0.001664708107
183806	0.00325839274
183807	0.003058839417
183808	0.003716396432
183809	0.00352770377
183810	0.002448340014
183811	0.00153457768
183812	0.003007860562
183813	1.103110107e-05
183814	0.002596384248
183815	0.001959578364
183816	0.002424041447
183817	0.003231921037
183818	0.0003267812859
183819	0.002312918098
183820	0.007379640143
183821	0.001514480713
183822	0.0003478960297
183823	0.005187455537
183824	0.004406672049
183825	0.002313014852
183826	7.675115434e-08
183827	0.0009766748034
183828	0.0005969415374
183829	0.0004336685077
183830	0.000454983005
183831	0.004829885394
183832	0.0001134800377
183833	0.002925300026
183834	0.001006894678
183835	0.003629475504
183836	0.004378262945
183837	0.0004229117384
183838	0.001962505342
183839	0.0007532017359
183840	0.0005458746183
183841	0.002122487488
183842	0.0003919259969
183843	0.004926532119
183844	0.0005888810482
183845	0.0002692079648
183846	0.0002936341648
183847	0.000612935282
183848	0.0006782175558
183849	0.0007689722998
183850	0.002088612149
183851	0.0008876430092
183852	0.0001789344813
183853	3.468068426e-05
183854	0.003185057875
183855	0.00151357779
183856	0.0005767480314
183857	0.000582771917
183858	7.469510859e-05
183859	0.001078258032
183860	0.002410613923
183861	0.01133720861
183862	0.003512939319
183863	0.001012486954
183864	0.0003826522876
183865	0.004780023369
183866	0.0008251757765
183867	0.0004447244484
183868	0.00519122964
183869	0.0004429628524
183870	0.0001886196241
183871	0.0005043139635
183872	0.002318782141
183873	0.002395012397
183874	0.004350921173
183875	0.002955155504
183876	0.004181262489
183877	0.004348631115
183878	0.003564834985
183879	0.003401251985
183880	0.001658536637
183881	0.0009592969104
183882	0.002193386627
183883	0.001202622496
183884	0.0009174095996
183885	0.0008463165022
183886	0.0003153047068
183887	0.0005793122386
183888	0.0006237213793
183889	0.002029407834
183890	0.003876596494
183891	0.005197646611
183892	0.003868546029
183893	0.006419568098
183894	0.001965082762
183895	0.001234642174
183896	0.001343200389
183897	0.004899557118
183898	0.003955861301
183899	0.006840117313
183900	8.054169081e-05
183901	0.005382682367
183902	0.00743690812
183903	0.004381411087
183904	0.0006190019211
183905	0.002391021923
183906	0.0008951593435
183907	0.001566195951
183908	0.000824955575
183909	0.004910236644
183910	0.002048791021
183911	0.002743209753
183912	0.0005902539175
183913	0.00186594667
183914	0.0002960853386
183915	0.001942276414
183916	0.0002620281786
183917	0.005681901027
183918	0.004581985252
183919	0.001100872212
183920	0.0004716569785
183921	0.00455782163
183922	0.001524235705
183923	0.004799106237
183924	0.002483810047
183925	0.0006158179549
183926	0.003647486546
183927	0.001305611184
183928	0.003212873373
183929	0.001088096596
183930	0.003584857711
183931	0.001414720028
183932	0.002244784837
183933	0.003848428979
183934	0.001397305099
183935	0.004857094506
183936	0.0002304444334
183937	0.003698536036
183938	0.001276217633
183939	0.004373077303
183940	0.001183351121
183941	0.003779548677
183942	0.001575567426
183943	0.005023035692
183944	0.0003965809631
183945	0.004111877124
183946	0.0006045220436
183947	0.003144220877
183948	0.0009866908721
183949	0.00494578795
183950	0.003576036206
183951	0.006475996933
183952	0.002928420345
183953	0.003078240448
183954	0.006045692719
183955	0.002506242484
183956	0.0002805863096
183957	0.0004545350456
183958	0.002050661586
183959	0.00148385261
183960	0.003868562361
183961	0.004341430032
183962	0.006091680486
183963	0.002915185837
183964	0.001053179806
183965	0.001143118167
183966	0.0003874827719
183967	0.002248152669
183968	0.005051071775
183969	0.001244232507
183970	0.0008778046145
183971	0.001314096923
183972	0.0003415071554
183973	0.002059951697
183974	0.0001885606041
183975	0.0008728638955
183976	0.001905834438
183977	0.002761788378
183978	0.001854238805
183979	0.0010810288
183980	0.002235048429
183981	0.003722658385
183982	0.001762699038
183983	0.0001380743582
183984	0.003078018014
183985	0.002251218092
183986	0.001257973586
183987	0.0004191563914
183988	0.0004831161955
183989	0.0004756109745
183990	0.003139956098
183991	0.001618008567
183992	0.0006761174542
183993	0.001971524114
183994	0.002075080626
183995	0.005632987097
183996	0.001841646123
183997	0.00532840936
183998	0.003011498428
183999	0.001217208818
184000	0.001486394679
184001	0.001454824224
184002	0.002260387545
184003	0.002867720999
184004	0.003481209541
184005	0.002402898836
184006	0.0008476168595
184007	0.003623062484
184008	0.003494157669
184009	0.003861937209
184010	0.0002563015703
184011	0.0008823479822
184012	0.0001619343768
184013	0.001832635159
184014	0.005594774438
184015	0.0003289388909
184016	0.001718485191
184017	0.0009274008966
184018	0.002351907748
184019	0.001371873472
184020	0.001355507192
184021	0.003401476808
184022	0.001151411395
184023	0.003471475807
184024	0.002402200992
184025	0.0006074134822
184026	0.002588882703
184027	0.003575163311
184028	0.0004615414579
184029	0.006643218113
184030	0.001372762442
184031	0.003439019132
184032	0.004508596196
184033	0.0003943043615
184034	0.001226825862
184035	0.0002514748179
184036	0.002972030871
184037	0.002647114497
184038	0.002075406547
184039	0.008622647377
184040	0.001561452806
184041	0.002143814092
184042	0.0009595074743
184043	0.0009324715866
184044	6.515201022e-05
184045	0.0006915857612
184046	0.001856537714
184047	0.001996886757
184048	0.002241068813
184049	0.002214384726
184050	0.0004036112437
184051	0.0001645907657
184052	0.001331230847
184053	0.001232033624
184054	0.003757072637
184055	0.006055818354
184056	0.0009243374845
184057	0.0002332914079
184058	0.004718903725
184059	0.0006119870812
184060	0.002071431813
184061	0.001454345442
184062	0.001938460556
184063	0.00026475482
184064	0.005219474755
184065	0.005667424656
184066	0.001572784759
184067	0.007331077536
184068	0.0005362835647
184069	0.0007373346199
184070	0.0001284213319
184071	0.000431829399
184072	0.0002313721265
184073	0.0001772923017
184074	0.001050399766
184075	0.0002237320737
184076	0.0001667216994
184077	0.001216576035
184078	0.002029146062
184079	0.006679318633
184080	0.005708268868
184081	0.007757696234
184082	0.004915436098
184083	0.005158654415
184084	0.002295093801
184085	0.0006599389628
184086	0.001105951791
184087	0.002137592764
184088	0.002203108371
184089	0.002572236049
184090	0.003386694091
184091	0.001815766406
184092	0.002777542227
184093	0.0002061969068
184094	0.007307154637
184095	0.0005312102539
184096	0.002902896664
184097	9.137150323e-05
184098	0.001393721681
184099	0.0002859092309
184100	0.005190257182
184101	0.002334334973
184102	0.001225185326
184103	7.286901729e-06
184104	0.0001342716786
184105	0.0004022342679
184106	0.001104827163
184107	0.0006095261169
184108	0.000385753537
184109	0.0005304407873
184110	0.0006006420842
184111	0.001347393084
184112	0.0003655701114
184113	0.0003762093283
184114	0.0001835687776
184115	0.0001337718451
184116	0.0002911075003
184117	0.0001808287218
184118	0.0001073772918
184119	0.0002367877162
184120	0.0007514241582
184121	0.0009327425382
184122	0.0003618497642
184123	0.0005727268543
184124	0.0003278891881
184125	2.129347331e-05
184126	8.923609931e-05
184127	5.460657228e-06
184128	0.001334327254
184129	8.034132937e-05
184130	0.000121100961
184131	2.177703258e-05
184132	0.0004160801897
184133	0.000437077082
184134	0.0004317219217
184135	2.282006959e-05
184136	0.0004198371074
184137	0.0003678217873
184138	0.0005059016461
184139	0.0007523120773
184140	0.003541559218
184141	0.002292310847
184142	0.002996651931
184143	0.0002742505352
184144	0.002898494356
184145	0.002508111511
184146	0.0006847695494
184147	0.001647095667
184148	0.001094369119
184149	0.002163033268
184150	0.0006766459815
184151	0.001050933727
184152	0.002233597404
184153	0.001006400622
184154	0.006921260706
184155	0.006965018674
184156	0.00692022626
184157	0.006933588165
184158	0.007038507255
184159	0.006995204798
184160	0.006934057405
184161	0.006905467734
184162	0.006927795592
184163	0.006986675312
184164	0.007031559982
184165	0.006898283271
184166	0.006900528299
184167	0.006963631426
184168	0.006995135715
184169	0.006952653579
184170	0.00698144228
184171	0.007068263179
184172	0.006994519667
184173	0.00699016425
184174	0.006963848232
184175	0.006978231794
184176	0.006934800007
184177	0.006977746974
184178	0.007109532932
184179	0.007101698141
184180	0.007173210418
184181	0.007208545255
184182	0.006973322588
184183	0.006994102139
184184	0.006994812852
184185	0.006917277341
184186	0.00686769589
184187	0.006951113278
184188	0.007044330153
184189	0.007032925087
184190	0.006994770383
184191	0.0071476785
184192	0.00699011464
184193	0.007020484213
184194	0.006977984756
184195	0.006849265227
184196	0.0070667733
184197	0.007009037865
184198	0.006921053671
184199	0.006922421057
184200	0.006986079681
184201	0.006892133245
184202	0.006986020903
184203	0.006979125013
184204	0.007037910241
184205	0.006957482174
184206	0.006981431025
184207	0.006968477593
184208	0.006968127681
184209	0.006978565736
184210	0.006995223724
184211	0.007095213529
184212	0.006967072752
184213	0.006998421374
184214	0.007378275469
184215	0.00710166256
184216	0.00701892514
184217	0.00702920931
184218	0.006994799755
184219	0.006915817387
184220	0.006994644509
184221	0.006937895817
184222	0.006966228093
184223	0.00699496574
184224	0.000229626809
184225	0.006776050864
184226	0.00105096685
184227	0.001408335951
184228	0.0003235785083
184229	0.002423296908
184230	0.004354357606
184231	0.003729541118
184232	0.0002217773751
184233	0.0009966729585
184234	3.077526777e-05
184235	0.0005331334225
184236	0.001698032873
184237	0.0002033377842
184238	0.001573748355
184239	0.0005378348955
184240	0.0007516354335
184241	0.0002625847108
184242	0.001089800763
184243	0.0005176940089
184244	6.757643855e-05
184245	0.001241233994
184246	0.0008969144219
184247	0.001231802735
184248	0.001921109517
184249	0.002952710437
184250	0.002222480619
184251	0.00390424508
184252	0.001066348102
184253	0.001351428073
184254	0.002518904146
184255	0.001741678018
184256	0.0004045259857
184257	0.001093125144
184258	0.001730272848
184259	0.00124204569
184260	0.000576595989
184261	0.000619518534
184262	0.00243436107
184263	0.003621331304
184264	0.003289626771
184265	0.000552765253
184266	0.001815096487
184267	0.001527386361
184268	0.0004698733407
184269	0.003056624229
184270	0.001468589824
184271	0.006733769561
184272	0.002357821042
184273	0.006411705564
184274	0.002084479904
184275	0.0007127865704
184276	0.001221792045
184277	0.003200869284
184278	0.003928692427
184279	0.0009364377443
184280	0.002681102722
184281	0.0001845058014
184282	0.0005517303803
184283	0.0006401709979
184284	0.0002053352044
184285	0.003932834708
184286	0.006089179122
184287	0.0005952976736
184288	0.0009036506037
184289	0.001908702324
184290	0.0007649429831
184291	0.007335068414
184292	0.000713635608
184293	0.002402360769
184294	0.0008423081084
184295	0.002125163164
184296	0.002125405493
184297	0.0003667323175
184298	0.001870153559
184299	0.00113766935
184300	0.00277569146
184301	0.001237811555
184302	0.001582258667
184303	0.002265134627
184304	0.0007040426432
184305	1.852800897e-06
184306	0.0006105283847
184307	0.001750820328
184308	0.0001366774522
184309	0.001776301531
184310	3.552206361e-05
184311	0.003488107683
184312	0.001202475124
184313	0.001795569199
184314	0.001033028273
184315	0.001281526164
184316	0.0006659400174
184317	0.00121863683
184318	0.0006374941409
184319	0.0008785037737
184320	0.001941569139
184321	0.0003673720283
184322	0.002086717643
184323	0.001023735521
184324	0.002664124783
184325	0.0007262264734
184326	0.0008096847948
184327	0.0009231780529
184328	0.007334903712
184329	0.002381190991
184330	0.005118395285
184331	5.250798945e-05
184332	0.01075133446
184333	0.003652777321
184334	0.0006672242973
184335	0.002154464429
184336	0.001150837285
184337	0.0004242962032
184338	0.003152675347
184339	0.0003540050033
184340	0.0006830048427
184341	0.0004611742197
184342	0.0001388392479
184343	0.005381246208
184344	0.0003855936097
184345	0.002979907055
184346	0.0001783246846
184347	0.0003801331169
184348	0.004339883227
184349	0.0008674771197
184350	0.00221965947
184351	9.555074627e-05
184352	0.002191121084
184353	0.0005621707647
184354	0.001193099074
184355	0.00112935064
184356	0.0016555052
184357	0.001888813109
184358	0.002656102268
184359	0.0008319187846
184360	0.001032497718
184361	0.005667424394
184362	9.783747624e-05
184363	0.001845816284
184364	0.001539868751
184365	0.002728826982
184366	0.0004515086541
184367	0.001622350444
184368	0.001101413959
184369	0.0003287346584
184370	0.0008934481469
184371	0.0007837769521
184372	0.0004813752338
184373	0.003897458698
184374	0.002428975996
184375	0.003911128904
184376	0.0006787183174
184377	2.6552991e-05
184378	0.0005706550766
184379	0.0005806310025
184380	0.001065540197
184381	0.001537832538
184382	0.001748465789
184383	0.0007596021227
184384	0.0006795530702
184385	0.001723186116
184386	0.00076500547
184387	0.0001496033021
184388	0.0001246450138
184389	0.001768966706
184390	0.0006092455826
184391	0.00029807375
184392	0.001847969311
184393	0.001137530617
184394	0.0003328395867
184395	0.0004311810978
184396	0.0007083420945
184397	0.002656298013
184398	0.0002832185031
184399	0.00129785916
184400	0.001102666786
184401	0.001064519927
184402	0.001075244105
184403	0.001492337732
184404	0.0004463862118
184405	6.739948927e-05
184406	3.595391196e-05
184407	0.001261644799
184408	0.002418329671
184409	0.001948704773
184410	0.0004230778446
184411	0.0005600438733
184412	0.0004244553326
184413	0.0007413181825
184414	0.0009642353381
184415	5.749691504e-05
184416	0.0007902866997
184417	0.0003346796464
184418	0.000152524829
184419	0.0006107205432
184420	0.0003048833423
184421	0.001884268734
184422	0.0004568012411
184423	0.0007271772844
184424	0.0005880659962
184425	0.000972351469
184426	0.0009283971576
184427	0.0009367355606
184428	0.0008603893992
184429	0.00072749129
184430	0.001137760037
184431	0.000986067371
184432	0.0007958007193
184433	0.0009383311348
184434	0.0004481717863
184435	0.001161137982
184436	0.0001772579563
184437	0.001223347406
184438	0.0002682479714
184439	0.005355344816
184440	0.002780149826
184441	0.002182989572
184442	0.00642997568
184443	0.0001676466323
184444	0.001038190415
184445	0.001735601487
184446	0.003835241048
184447	0.002983358366
184448	0.003966239215
184449	0.002607661599
184450	0.001328345729
184451	0.001627886432
184452	0.001031188373
184453	0.002194371102
184454	0.0001424437077
184455	0.00259702261
184456	0.002434530896
184457	0.003303192412
184458	0.004526146629
184459	0.0009675081174
184460	0.002029575587
184461	0.002166892732
184462	0.00116370614
184463	0.002282318746
184464	0.003505109229
184465	0.001210273997
184466	0.002459436729
184467	0.002593850582
184468	2.94962335e-05
184469	0.003015430533
184470	0.001716043286
184471	0.0006663198174
184472	0.007146622259
184473	0.001089967393
184474	0.002945782103
184475	0.0003827089652
184476	0.002639251302
184477	0.002567581279
184478	0.003015018955
184479	0.002227430975
184480	0.001781949038
184481	0.002596089382
184482	0.002435612095
184483	0.0005299455868
184484	0.003137883101
184485	0.00299443228
184486	0.005948221407
184487	0.001867000188
184488	0.003058062402
184489	0.002645737166
184490	0.002591426453
184491	0.001643620146
184492	0.001214456243
184493	0.002439001106
184494	0.00392958011
184495	0.00186886613
184496	0.002680473203
184497	0.0006843696342
184498	0.004290567493
184499	0.002230084539
184500	0.002286807105
184501	0.0005368876947
184502	0.002873519112
184503	0.00301288045
184504	0.0007908651762
184505	0.005188489104
184506	0.001774696931
184507	0.001192204404
184508	0.001693192697
184509	0.002035998135
184510	0.001656098604
184511	0.0006591615918
184512	0.002365644761
184513	0.001198232217
184514	0.001240486907
184515	0.0006412609243
184516	0.002959852281
184517	0.002942542588
184518	0.002299945574
184519	0.006806638312
184520	0.002082305761
184521	0.004690299147
184522	0.001729404751
184523	0.002306613749
184524	0.001681603336
184525	0.001856253941
184526	0.002633023461
184527	0.002649985527
184528	0.0013683099
184529	0.005953676562
184530	0.003075334875
184531	0.00496894336
184532	0.004691258778
184533	0.001106368169
184534	0.004289770334
184535	0.006551077179
184536	0.002653198992
184537	0.0004410078509
184538	0.002163520663
184539	1.806107746e-06
184540	0.002992871589
184541	0.003300604835
184542	0.005003870591
184543	0.004100835375
184544	0.0006109356478
184545	0.003610425144
184546	0.004455547863
184547	0.002168167231
184548	0.004302497514
184549	0.001315443931
184550	0.0009774050644
184551	0.002631951661
184552	0.008622072505
184553	0.002765870031
184554	0.0008969579804
184555	0.002413221177
184556	0.001683858097
184557	0.002414511807
184558	0.003681500932
184559	0.004129411331
184560	0.002656159788
184561	0.002721424731
184562	0.001723743567
184563	0.001669185474
184564	0.0003705870817
184565	0.001122556532
184566	0.002472749526
184567	0.002576524176
184568	0.002048666549
184569	0.002224358861
184570	0.005245799696
184571	0.004361007624
184572	5.565580633e-05
184573	0.003134963122
184574	0.001012751384
184575	0.003018623986
184576	0.003474396797
184577	0.00129234888
184578	0.001721890097
184579	0.001540254529
184580	0.004596343495
184581	0.0004376879821
184582	0.003192151351
184583	0.002626154457
184584	0.002125750232
184585	0.003748514131
184586	0.001509521568
184587	0.000638291229
184588	0.0003416143893
184589	0.003090648106
184590	0.002667476643
184591	0.003413834718
184592	0.002877899059
184593	0.003969948047
184594	0.001954262935
184595	0.001870192158
184596	0.003460052261
184597	0.002527429056
184598	0.002637025924
184599	0.001147724539
184600	0.002566124074
184601	0.003809076674
184602	0.002644067669
184603	0.005457655304
184604	0.0006915261213
184605	0.002774296983
184606	0.0003560010526
184607	0.003171241012
184608	0.0003569554991
184609	0.0005473480612
184610	0.0002172214608
184611	0.0002562011659
184612	0.000716840385
184613	0.001193608814
184614	0.0004543531481
184615	0.0003885655026
184616	0.002012002605
184617	0.001051910763
184618	0.0007405848087
184619	0.0008334220801
184620	0.0006609418315
184621	0.0005084567272
184622	0.0005162405489
184623	0.0007117508405
184624	0.0005524924883
184625	0.0003194949221
184626	0.0005825066905
184627	0.0009340773096
184628	0.0006277069825
184629	0.0002193621377
184630	0.000931006742
184631	0.0005679711536
184632	0.0006502211437
184633	0.001031610379
184634	0.0005671992787
184635	0.002266255321
184636	0.0006297204311
184637	0.0006172784553
184638	0.0004744218187
184639	0.0003268951448
184640	0.0009023520471
184641	0.0009984928481
184642	0.0006340493831
184643	0.001160042275
184644	0.0005529548496
184645	0.0004719489749
184646	0.0009790360678
184647	0.0005024384939
184648	0.0005451593873
184649	0.001029218192
184650	0.0007084746829
184651	0.0009405647924
184652	3.883787844e-05
184653	0.001113146204
184654	0.0011648002
184655	0.001022119055
184656	0.0004816887803
184657	0.0009528808372
184658	0.001010003415
184659	0.0005598485442
184660	0.0003448180024
184661	0.0002305944532
184662	0.0004114802882
184663	0.0005192149054
184664	0.0005554462294
184665	0.0008006063073
184666	0.00151269884
184667	0.0002445004571
184668	0.0003493616696
184669	5.707177582e-05
184670	0.0002556562962
184671	0.0008473485084
184672	0.0008969296499
184673	0.000833523772
184674	0.0008128569323
184675	0.0009223028789
184676	0.0006717968977
184677	0.001297512327
184678	0.001070563562
184679	0.001018587357
184680	0.0006322153434
184681	0.0007446225201
184682	0.0008900317172
184683	0.0008963512326
184684	0.0005962517117
184685	0.001507436191
184686	0.003605089931
184687	0.0005753665182
184688	0.0006733277823
184689	0.003443715779
184690	0.0004937202747
184691	0.0009964268141
184692	0.001383681637
184693	4.32033861e-05
184694	0.0005642546664
184695	0.000189714834
184696	0.0007507795085
184697	0.001151558556
184698	0.0004907807429
184699	0.001243115084
184700	0.0006238476587
184701	0.0009970004633
184702	0.0008035587132
184703	0.0009960107214
184704	0.0008540277686
184705	0.001026877445
184706	0.0003110521931
184707	0.0007450835624
184708	0.0001354037364
184709	0.000585344672
184710	0.0008187202998
184711	0.0003497139697
184712	0.0009443128178
184713	0.0002699781879
184714	0.0009991282482
184715	0.0004328629828
184716	0.0006898028467
184717	0.0008591219981
184718	0.001147968071
184719	0.0001406104725
184720	0.001691540942
184721	0.0008978451611
184722	0.0006335449162
184723	0.001149351984
184724	0.0002971778689
184725	0.001163461511
184726	0.0007593895838
184727	0.0002058091364
184728	0.0001454013159
184729	0.001042232191
184730	0.0008519464423
184731	0.0008592830176
184732	0.000771355465
184733	0.000845276751
184734	0.001047348377
184735	0.0007092846849
184736	0.0009168867419
184737	0.0005270441342
184738	0.0007697747271
184739	0.000935851495
184740	0.0008343465108
184741	0.001401721775
184742	0.0006944849341
184743	0.0005572436112
184744	0.0009164054965
184745	0.001552922752
184746	0.0009293965256
184747	0.0006921967386
184748	0.0007093975554
184749	0.0008237462093
184750	0.000584901213
184751	0.0008392492317
184752	0.0003655573955
184753	0.0005653422151
184754	0.0006748720717
184755	0.0005200181059
184756	0.0006242628963
184757	0.0009767358985
184758	0.001100633321
184759	0.001248859722
184760	0.0006220332225
184761	0.0008055953485
184762	0.0003117991139
184763	0.0006493426189
184764	0.0005831899934
184765	0.001118614981
184766	0.0004323301269
184767	0.001421538252
184768	0.0007770975759
184769	0.001154104819
184770	0.0007568251308
184771	0.0005830759899
184772	0.0005854376472
184773	0.0004601270308
184774	0.001000847265
184775	0.0006417269688
184776	0.0007913990825
184777	0.001221725711
184778	0.001033123506
184779	0.002621739368
184780	0.001000488562
184781	0.0006274003644
184782	0.0009082480766
184783	0.0006917035266
184784	0.001243587976
184785	0.0004244583301
184786	0.0003887167847
184787	0.0008473551321
184788	0.001606280789
184789	0.0009610861169
184790	0.000220287565
184791	0.0008643787655
184792	0.0008031432043
184793	0.001611142683
184794	0.0003193253199
184795	0.001151189721
184796	0.0006695496409
184797	0.0009039636441
184798	0.0007953527607
184799	0.001030760674
184800	0.0007931848343
184801	0.0007318308006
184802	0.0009426271405
184803	0.0007235050681
184804	0.0004635141111
184805	0.0006066291595
184806	0.0006839030215
184807	0.0004741298413
184808	0.0004923084216
184809	0.0005569259968
184810	0.0004647974155
184811	0.0006418790236
184812	0.0008571974369
184813	0.0005269253409
184814	0.000422762452
184815	0.001606212599
184816	0.0006947333293
184817	0.001009537435
184818	0.0005840537515
184819	0.0004255740086
184820	0.001194299549
184821	0.00100407607
184822	0.0009046434868
184823	0.0009572661244
184824	0.00029798244
184825	0.0009809272572
184826	0.0008440485212
184827	0.0005168927252
184828	0.0006134713449
184829	0.0009951722477
184830	0.0004349543933
184831	0.0001938648344
184832	0.0004490919099
184833	0.0007438043345
184834	0.0007104629313
184835	0.0008150346129
184836	0.000406784248
184837	0.0006393714602
184838	0.001079453228
184839	0.0006822718865
184840	0.0004121202079
184841	0.0006712144472
184842	0.001243565454
184843	0.001312818767
184844	0.0002447740761
184845	0.001010365388
184846	0.0006695610329
184847	0.0007425718537
184848	0.001458598504
184849	0.001177863186
184850	0.0008783238558
184851	0.00112396581
184852	0.0008305159775
184853	0.0002242085433
184854	0.0003672871685
184855	0.0005266966666
184856	0.0005723436966
184857	0.0004671959381
184858	0.0009614299323
184859	0.001361316875
184860	0.002537885846
184861	0.001399337466
184862	0.002136157219
184863	0.001550212809
184864	0.0008201961375
184865	0.001471561883
184866	0.001811042896
184867	0.001640027784
184868	0.001716736475
184869	0.000316817446
184870	0.001857304896
184871	0.001599275234
184872	0.001141526275
184873	0.001081175112
184874	0.001144371048
184875	0.0003225980272
184876	0.0007624780717
184877	0.00109406385
184878	0.0008651863912
184879	0.001241372162
184880	0.001060500343
184881	0.0005225809401
184882	0.002090527294
184883	0.0004036243267
184884	0.0009411452834
184885	0.0009060710832
184886	0.0009830271358
184887	0.001516713126
184888	0.0003625056803
184889	0.0007737681818
184890	0.0009579601677
184891	0.0009914594303
184892	0.0005040216019
184893	0.001201697071
184894	0.0006643032507
184895	0.0008745586242
184896	0.0003848639058
184897	0.0009002435331
184898	0.0003665631803
184899	0.004118857913
184900	0.0009175869852
184901	0.0006063936738
184902	0.0006326718231
184903	0.001110545125
184904	0.001539569907
184905	6.966506506e-05
184906	0.0008648296648
184907	0.001007022049
184908	0.0006922043719
184909	0.0005409427035
184910	0.001223082279
184911	0.0009750370908
184912	0.001014787217
184913	0.001096818256
184914	0.0005782382181
184915	0.001170985543
184916	0.0006609357564
184917	0.0008399237527
184918	0.001225321875
184919	0.000925645309
184920	0.0002565074105
184921	0.001243139226
184922	0.0008359750559
184923	0.0004559508886
184924	0.0005405633792
184925	0.0005355303436
184926	0.0006633028929
184927	0.0004402613394
184928	0.0009851570845
184929	0.001758469815
184930	0.0001546416933
184931	0.001035051929
184932	0.0004505642527
184933	0.001096466316
184934	0.0007788643668
184935	0.001084295243
184936	0.0005554343901
184937	0.001496740051
184938	0.0007126758878
184939	0.0008266701943
184940	0.0006111458176
184941	0.0008649729662
184942	0.001099530264
184943	0.0009345937397
184944	0.001362094514
184945	0.0007855448907
184946	0.00104913772
184947	0.0006448181785
184948	0.001144124108
184949	0.001077272126
184950	0.00116682074
184951	0.001088500053
184952	0.0003734849936
184953	0.0006797915415
184954	0.001107049083
184955	0.0008836250552
184956	0.001121341423
184957	0.0005788016716
184958	0.0005548469138
184959	0.0002568729208
184960	0.0001272954476
184961	0.0005113273627
184962	0.0007150754075
184963	0.0009521437585
184964	0.001133840153
184965	0.0004918476122
184966	0.001038459384
184967	0.0006657704115
184968	0.0008790794002
184969	0.000985549356
184970	0.001262173159
184971	0.001305705422
184972	0.0006892772865
184973	0.001289024036
184974	0.001102201096
184975	0.0007096870205
184976	0.0004425781784
184977	0.001132617476
184978	0.000762270248
184979	0.0005051741793
184980	0.0004965365841
184981	0.00116273822
184982	0.0005540388099
184983	0.0006734779113
184984	0.0005533218837
184985	0.0007799435599
184986	0.0005651193137
184987	0.0004457510492
184988	0.0007783085225
184989	0.0003266643438
184990	0.0004645116225
184991	0.001029943201
184992	0.0005658170879
184993	0.0008113465988
184994	0.0007204923428
184995	0.0008518299027
184996	0.0009322642815
184997	0.0005850110802
184998	0.0007995968744
184999	0.0009128149117
185000	0.0009205212555
185001	0.0004256443238
185002	0.0004875995529
185003	0.0008417485983
185004	0.0005377724844
185005	0.0008576809407
185006	0.0008586021494
185007	0.0007220580451
185008	0.0006583659812
185009	0.001090949572
185010	0.0003233594965
185011	0.0001264366352
185012	0.0003619963057
185013	0.0002313906978
185014	0.001213649023
185015	0.001786312598
185016	0.001465081932
185017	0.0004121345924
185018	0.0003917996713
185019	0.00105389021
185020	0.001465773707
185021	0.001186908275
185022	0.00086536936
185023	0.0006126771551
185024	0.0007031562964
185025	0.001103242937
185026	0.0009136697604
185027	0.0009946416951
185028	0.0008802448716
185029	0.001049927733
185030	0.0007070807702
185031	0.0007799865875
185032	1.046422594e-05
185033	0.0005399391432
185034	0.0002741364048
185035	0.000901987023
185036	0.001432636295
185037	0.001033853574
185038	0.0001620001751
185039	0.000524861956
185040	0.00110336608
185041	0.0003578890499
185042	0.0003310685201
185043	0.0009133542737
185044	0.001104584386
185045	0.00064347449
185046	0.0008781798416
185047	0.0006299519557
185048	0.001092160387
185049	0.0004939867535
185050	0.0009679487299
185051	0.001559484935
185052	0.0008540169937
185053	0.000717556562
185054	0.001008451718
185055	0.0006542826566
185056	0.00407691124
185057	0.00397370406
185058	0.004511924995
185059	0.005111598203
185060	0.002391462154
185061	0.004673365543
185062	0.003774738607
185063	0.003980613628
185064	0.004469835565
185065	0.002919664277
185066	0.004801619367
185067	0.004470689784
185068	0.004721246176
185069	0.001100071764
185070	0.001613009425
185071	0.00210458477
185072	0.00183508754
185073	0.0002228062683
185074	0.0004492461808
185075	0.0008011143455
185076	0.0003406328365
185077	0.000497935781
185078	0.0007672396678
185079	0.00197685553
185080	0.0003139873274
185081	0.0009619136956
185082	0.001031639343
185083	0.001450012381
185084	0.000938746679
185085	0.0009069006373
185086	0.001855289429
185087	0.0007810113054
185088	0.000727701001
185089	0.0007207916185
185090	0.001310314841
185091	0.0005705575604
185092	0.000854855792
185093	0.0006053743252
185094	0.0002097557641
185095	0.001338522628
185096	0.000383618484
185097	0.0004219370904
185098	0.001657389558
185099	0.00152114777
185100	0.0008671411503
185101	0.001314816463
185102	0.0007266318098
185103	0.0003461254206
185104	0.001912596184
185105	0.002191735866
185106	0.002257626919
185107	0.0007062735225
185108	0.006840829021
185109	0.00267343131
185110	0.000876866034
185111	0.001068054878
185112	0.0009408930866
185113	5.328704003e-05
185114	0.00415584252
185115	0.0006115543612
185116	0.001002055625
185117	0.001758299858
185118	0.0002362775932
185119	0.001056601818
185120	0.001757378309
185121	0.002086377577
185122	0.00228476261
185123	0.005796218832
185124	0.006438417333
185125	0.000275966642
185126	0.0006070862857
185127	0.002070602256
185128	0.002630228818
185129	0.003787477222
185130	0.0003674065675
185131	0.004955257383
185132	8.970814296e-05
185133	0.004733898225
185134	0.002321447454
185135	0.0001172373981
185136	0.002995974629
185137	0.002184194015
185138	0.001172564836
185139	0.0009018089976
185140	9.53896803e-05
185141	0.00102793457
185142	0.003464158986
185143	0.001259030278
185144	4.23781524e-05
185145	0.002542011923
185146	0.001074633422
185147	0.003542322676
185148	0.003133708125
185149	0.0004693485701
185150	0.001560762054
185151	0.005554021264
185152	0.001267224587
185153	0.0008996965882
185154	0.001452333424
185155	0.001621946063
185156	0.002725878895
185157	0.001306473962
185158	0.0007626166386
185159	0.001171660221
185160	0.001066912836
185161	0.001431392599
185162	0.00101128841
185163	0.002929610248
185164	0.0008941205515
185165	0.001190411504
185166	0.0007910820577
185167	0.0008769408521
185168	5.232459792e-05
185169	7.414615096e-05
185170	0.0005159265398
185171	0.001716195945
185172	0.0008479166218
185173	0.0004516077634
185174	0.00102019771
185175	0.0007613862702
185176	0.0009099244742
185177	2.576112065e-05
185178	0.003433682653
185179	0.001493080553
185180	8.935766027e-05
185181	0.0006554508376
185182	0.0007585105946
185183	5.846969544e-05
185184	0.002047853752
185185	0.001853472555
185186	0.001676153028
185187	0.0008577822101
185188	0.0004831124454
185189	0.001034333566
185190	0.001360600915
185191	0.0001944224216
185192	6.135881094e-05
185193	0.0004303631822
185194	0.0004799258305
185195	0.001117871507
185196	0.0004333930618
185197	0.003916581115
185198	0.003602122403
185199	0.001205316142
185200	0.0004669701124
185201	0.001409484494
185202	0.0008379381269
185203	0.004131643459
185204	0.004036174425
185205	0.003671188888
185206	0.001583299307
185207	0.001100898093
185208	0.0003277426424
185209	0.0007799938953
185210	0.0007859574897
185211	0.003204204622
185212	0.008003365228
185213	0.000673859584
185214	0.002924545371
185215	0.002695551485
185216	0.0005915074132
185217	0.002636176893
185218	0.001236027638
185219	0.002408975103
185220	0.003361367361
185221	0.0009876843389
185222	0.0004339849049
185223	0.001052385172
185224	0.001196291733
185225	0.0003195538512
185226	0.002498617191
185227	0.001742254154
185228	1.013115237e-07
185229	0.0005941632006
185230	0.0003016271526
185231	0.001574289659
185232	0.0007158892415
185233	0.00659073158
185234	0.0005614534922
185235	0.002541414587
185236	0.001406847386
185237	0.000139438929
185238	0.0002833981646
185239	0.001855243609
185240	0.00213566093
185241	0.001251075213
185242	0.005031369948
185243	0.0002396214086
185244	1.289419393e-07
185245	0.0004314537738
185246	0.002625734135
185247	0.0007708388683
185248	4.52624743e-05
185249	0.0002941507286
185250	1.043815703e-07
185251	1.842027704e-07
185252	0.007990347176
185253	0.000573971011
185254	0.001726741845
185255	0.003307357933
185256	0.0008159532577
185257	0.0009632536441
185258	0.0008476570405
185259	0.002588310259
185260	0.004066176988
185261	0.004256133182
185262	0.000142841764
185263	0.001816116527
185264	0.001388996073
185265	0.001757371161
185266	0.0006956115479
185267	0.0008625002121
185268	0.002760755499
185269	0.0005213925238
185270	0.001157994185
185271	0.001448042373
185272	0.0002842249866
185273	0.0007171702658
185274	0.0007193665977
185275	0.0007557690852
185276	0.001010881909
185277	0.00298059638
185278	0.001213382584
185279	0.001402466081
185280	0.002501431868
185281	0.0007397616257
185282	0.0007098779939
185283	0.0002893632975
185284	0.0001631792927
185285	0.004009412933
185286	0.0004371164635
185287	0.0005573078158
185288	0.0007005293774
185289	0.0004540016363
185290	0.001363671424
185291	0.001849606622
185292	0.001604524918
185293	0.001412906523
185294	0.003896496678
185295	0.000584626484
185296	0.004472004601
185297	0.0007432038694
185298	0.00028177783
185299	0.0003226184579
185300	0.000329218953
185301	0.001701227386
185302	0.001563266848
185303	0.00175136354
185304	0.003173872806
185305	0.0001443993405
185306	0.0001444494846
185307	0.001108204002
185308	0.002473893359
185309	0.001420927547
185310	0.001124369023
185311	5.35801312e-05
185312	0.001023852424
185313	0.0002961343539
185314	0.001429344414
185315	0.0007290770867
185316	0.002326520539
185317	7.028886208e-05
185318	0.0002293397937
185319	0.001914359775
185320	0.002925990832
185321	0.0009546683664
185322	0.003263286976
185323	0.003498371985
185324	0.0007115506695
185325	0.001416685473
185326	0.002613360008
185327	0.0008379857274
185328	0.00115825427
185329	0.0005643585373
185330	5.219078494e-08
185331	0.0004195162749
185332	0.003856021115
185333	0.0003406261048
185334	0.001155699727
185335	0.003111218054
185336	0.001972410561
185337	9.043085592e-06
185338	0.0002883635473
185339	0.0005848181043
185340	0.0008644460036
185341	0.0005973247948
185342	0.0008498586695
185343	0.000293545678
185344	0.0009655061794
185345	0.0002335244607
185346	0.0001447609081
185347	0.001015828694
185348	0.0008500336168
185349	0.001251536871
185350	0.000993305547
185351	3.745458372e-05
185352	0.001035655202
185353	0.0007071014357
185354	0.001081261556
185355	0.000211107806
185356	0.002224356583
185357	0.0005032304037
185358	0.001364881665
185359	0.002303264042
185360	0.0004286612623
185361	0.0002679628705
185362	0.002236320963
185363	0.001603343982
185364	0.0001284724738
185365	0.001150588443
185366	0.0007633483412
185367	0.0008945857729
185368	0.0008981303344
185369	0.00211748724
185370	0.0004319664302
185371	0.0012570759
185372	0.0004870702015
185373	0.0008520207485
185374	0.0007651340218
185375	0.0004225518964
185376	0.0006391739083
185377	0.0003957705278
185378	0.0006455201141
185379	0.001538608741
185380	0.0002849037707
185381	0.0008271495772
185382	0.002254988897
185383	0.007282108008
185384	0.0001521839352
185385	0.002434286393
185386	0.0009504480328
185387	0.0004088376562
185388	0.0001432522577
185389	0.001536348838
185390	7.032701206e-05
185391	0.001971974301
185392	0.0009874001154
185393	0.0007920516385
185394	0.001583390877
185395	0.001039195643
185396	0.001987948775
185397	0.001423563614
185398	0.0002719995339
185399	0.002524453382
185400	9.21013852e-09
185401	0.0006696724556
185402	0.0002272241004
185403	0.0007448827262
185404	0.005211108127
185405	0.00120967886
185406	0.004708752672
185407	0.002587057793
185408	0.002255742855
185409	0.005302801079
185410	0.001676901399
185411	0.001309334371
185412	0.003119749092
185413	0.0008346970557
185414	0.002869380688
185415	0.00315710051
185416	0.00206381453
185417	0.0004831680265
185418	0.0001423415024
185419	0.003469764858
185420	0.00438363354
185421	0.0001691941654
185422	0.0004248111156
185423	0.0006564881446
185424	0.001449655735
185425	0.0001623279577
185426	0.001691993343
185427	1.115410397e-05
185428	0.0003235668442
185429	0.0001783344963
185430	0.000233161458
185431	0.0008232654353
185432	0.004316411468
185433	0.003136626875
185434	0.001981411827
185435	0.001213499991
185436	0.001823438126
185437	0.001034682312
185438	0.006192507957
185439	0.001285863874
185440	0.0004704580892
185441	0.004496399021
185442	0.001196908709
185443	0.0005612273835
185444	0.0007442635227
185445	0.0008268797757
185446	0.002787267784
185447	0.003298587067
185448	0.00503524492
185449	0.004480058055
185450	0.0006272129947
185451	0.002551427798
185452	0.003819562858
185453	0.00160898343
185454	0.0003905798955
185455	5.264030243e-05
185456	1.226932868e-05
185457	0.002104928278
185458	0.00187059698
185459	0.004428370084
185460	0.0008722650114
185461	0.001500939903
185462	0.00306380912
185463	0.0007242922693
185464	0.005478901176
185465	2.557525639e-05
185466	0.004048894772
185467	0.004516637915
185468	0.005313175789
185469	0.0001475108752
185470	0.001181741708
185471	0.0003913823771
185472	0.0006908164583
185473	0.0002817420956
185474	7.486524389e-05
185475	0.00460719205
185476	0.001217383194
185477	0.001976996343
185478	0.0008811034377
185479	0.001254825302
185480	0.0002150568574
185481	0.0003856759521
185482	0.001509284243
185483	0.003182920456
185484	7.418205457e-05
185485	0.001392290116
185486	0.001523812154
185487	0.001837478528
185488	0.00176478859
185489	1.473622163e-07
185490	0.0007441104394
185491	0.003213800061
185492	0.001305185677
185493	8.535758902e-05
185494	0.0004255172321
185495	0.001021756856
185496	0.002764760247
185497	0.002035665213
185498	0.001088763209
185499	0.004274789973
185500	0.002160155215
185501	0.009502299135
185502	0.001812678988
185503	0.0009890201246
185504	0.00349538223
185505	0.007476470117
185506	0.002101582144
185507	0.0002593395721
185508	0.002005658002
185509	0.003655799322
185510	0.002623434279
185511	0.003017958689
185512	0.003573353508
185513	0.0002894667433
185514	0.0005608636584
185515	0.003718551705
185516	0.001559166361
185517	0.001538488438
185518	0.004259687593
185519	0.0003600886925
185520	0.0006229507987
185521	0.001867049538
185522	0.001242083132
185523	0.0002393491706
185524	0.002977291163
185525	8.308033159e-05
185526	0.001218152417
185527	0.0006371056496
185528	0.004760849588
185529	0.003738521535
185530	0.0001133374466
185531	0.004536985912
185532	3.236583186e-05
185533	9.541866761e-05
185534	0.001454956927
185535	0.0009066305363
185536	0.001371813249
185537	0.0016352764
185538	0.002668418974
185539	0.001888942129
185540	0.0003787602293
185541	0.001625140415
185542	0.004251108833
185543	0.0008845705246
185544	0.001447456978
185545	0.001609254925
185546	0.001916868698
185547	0.002089467879
185548	0.003366384649
185549	0.003294736262
185550	0.001116475376
185551	0.001148865185
185552	0.000443374476
185553	0.0009841002753
185554	0.001980681462
185555	0.0001390877421
185556	0.003985012462
185557	0.00138173878
185558	0.007764135418
185559	0.0002307101782
185560	0.00376178011
185561	0.001300113788
185562	0.002688873388
185563	0.0002497024546
185564	0.0002136922748
185565	0.001719507041
185566	0.002172483495
185567	0.0006208350707
185568	0.0004688275525
185569	0.002373012574
185570	0.0006127189435
185571	0.00157362471
185572	0.003607594395
185573	0.001005160556
185574	0.001374282823
185575	0.006094656472
185576	0.0003693175837
185577	0.004384116505
185578	0.0002432044902
185579	0.004459273152
185580	0.00103183292
185581	0.0006363464403
185582	0.00150355333
185583	0.0008962317569
185584	0.002598771216
185585	0.000892853639
185586	0.00046656458
185587	0.0009044649213
185588	0.001090954231
185589	0.001825338486
185590	0.00472104568
185591	0.002108380191
185592	0.001407232123
185593	0.002590968672
185594	0.00312568274
185595	0.0001951084778
185596	0.001566042864
185597	0.0002694580423
185598	0.0001065859931
185599	0.0003579518647
185600	0.0007525533934
185601	0.0001361937442
185602	0.0005244098743
185603	0.002587540573
185604	0.001134972781
185605	0.0004416354902
185606	0.003723818951
185607	0.002375208161
185608	0.005338527552
185609	0.0021303019
185610	0.001310759206
185611	0.003107311862
185612	8.28024613e-05
185613	0.005238999808
185614	0.001992535315
185615	0.002028452031
185616	0.002741872994
185617	0.002513063161
185618	0.003411739206
185619	0.003588838204
185620	0.0003268882445
185621	0.001082332075
185622	0.001453512578
185623	0.002341825977
185624	0.003234517277
185625	0.004615479569
185626	0.002041352328
185627	0.0009270391584
185628	0.003559403825
185629	0.002336498081
185630	0.0001525147042
185631	0.002950569756
185632	0.0004609458407
185633	0.002499176636
185634	0.001191089726
185635	0.001401194741
185636	0.0005198979972
185637	0.00472626343
185638	0.004303686092
185639	0.002078059508
185640	0.001023493564
185641	0.005613531836
185642	0.001750326399
185643	0.004224569408
185644	0.001170475198
185645	0.0003784335269
185646	0.004642193319
185647	0.0006876841578
185648	9.400617623e-05
185649	0.002265230723
185650	0.003252406297
185651	0.001352468365
185652	0.004004900225
185653	0.002883592877
185654	0.0003596594485
185655	0.004053654916
185656	0.0006016757467
185657	0.0002615590679
185658	0.003321507394
185659	0.002654474363
185660	0.0004468304716
185661	0.005605481983
185662	0.003858315526
185663	0.002818965056
185664	0.001285912459
185665	0.001799924925
185666	0.003419711222
185667	0.0007180795405
185668	0.0007628512639
185669	7.057571531e-05
185670	0.0007879685221
185671	0.003939230996
185672	0.000912370656
185673	0.0005913498413
185674	0.0003462578394
185675	3.608736937e-05
185676	0.002555731493
185677	0.0001584700145
185678	0.001621080307
185679	3.522843091e-05
185680	0.008230767854
185681	0.0002049671734
185682	0.005308479135
185683	0.001489706253
185684	0.000161194591
185685	0.0005580074826
185686	0.002873937054
185687	1.413325258e-05
185688	0.0004345294399
185689	0.003411978367
185690	0.0002920207993
185691	0.004927784474
185692	0.001556028875
185693	0.003528266832
185694	0.006483982255
185695	0.00884405019
185696	0.0008534738673
185697	5.472235342e-06
185698	0.0009378479701
185699	0.0006046396515
185700	0.0006510711182
185701	0.0002538510074
185702	0.0001213473092
185703	0.0001152968897
185704	0.0002413505401
185705	0.0003261981325
185706	0.0005689464676
185707	0.0009490153123
185708	0.00332111536
185709	0.001687406631
185710	0.003120622157
185711	0.002481035991
185712	0.003371720077
185713	0.004571446526
185714	0.004468159178
185715	0.003503182755
185716	7.072442062e-05
185717	0.0002720050921
185718	0.0009076653432
185719	0.002077713735
185720	0.002307863333
185721	0.0003129787129
185722	0.0003166832544
185723	0.0007476812135
185724	0.001873716557
185725	0.001559912332
185726	0.00693129167
185727	0.002412942447
185728	0.0002459102228
185729	0.003370498898
185730	0.001276859586
185731	6.308535782e-05
185732	0.0009710385256
185733	3.618242684e-05
185734	0.001382041174
185735	0.000366781256
185736	0.002859556836
185737	0.002043499555
185738	0.0005782620163
185739	0.0008981691253
185740	0.0008286514886
185741	6.955623191e-05
185742	0.003068302187
185743	0.002344485447
185744	0.000780945902
185745	0.0004733313831
185746	0.0009169884907
185747	0.001107107043
185748	9.94979485e-05
185749	0.001172066625
185750	0.0004046796447
185751	0.000613334409
185752	0.0004563406929
185753	0.0009717871584
185754	0.0008622866937
185755	0.000734128368
185756	0.0003683251328
185757	0.00167301202
185758	0.001456794464
185759	0.0005041138148
185760	0.00203258349
185761	0.005099697474
185762	0.001036365042
185763	0.001671043226
185764	0.001007716242
185765	0.003186171003
185766	0.00062218415
185767	0.0003183367685
185768	0.001091022409
185769	0.001269678008
185770	0.006618644303
185771	0.004786045414
185772	0.0005161585491
185773	0.004744034577
185774	0.001023060711
185775	0.0005330050491
185776	0.0007240201652
185777	8.528014128e-06
185778	0.005391304898
185779	0.0006765988948
185780	0.0006447368713
185781	0.002703144191
185782	0.002872108193
185783	0.0006994206863
185784	0.002645604499
185785	0.001994574053
185786	0.001265559009
185787	0.002725641161
185788	0.002972474885
185789	0.002364194451
185790	7.403758273e-05
185791	0.002508510268
185792	0.001855851774
185793	0.000549748931
185794	5.459591471e-05
185795	0.001618294046
185796	0.0005156263189
185797	0.001543753354
185798	0.0008687901002
185799	0.003611389429
185800	0.002267124823
185801	0.003510266235
185802	0.005735405144
185803	0.001417687962
185804	0.003010639203
185805	0.001254187306
185806	0.0001912154001
185807	0.006246501988
185808	0.0007161721086
185809	0.001205369494
185810	0.002132442291
185811	0.0006354058931
185812	0.0002819194387
185813	0.000679584363
185814	0.001744726607
185815	0.0008955949194
185816	0.002154560136
185817	0.0006694386424
185818	0.0006927383466
185819	0.003453454874
185820	0.0004009165171
185821	0.002461401245
185822	0.0004714520489
185823	0.001500713796
185824	0.00294042047
185825	0.0004260415418
185826	0.0006786240628
185827	0.001562507655
185828	0.001356559564
185829	0.0006903312201
185830	0.001209332465
185831	0.0009446245308
185832	0.000707951925
185833	0.001517246777
185834	0.00376833226
185835	0.003608888147
185836	0.001391102056
185837	0.0001788645573
185838	0.0009839285261
185839	0.002790356177
185840	1.480806975e-05
185841	0.0004273527489
185842	0.0009218313881
185843	0.000208544749
185844	0.002174628198
185845	0.002820630242
185846	0.00603556416
185847	0.004064191734
185848	0.001683342438
185849	0.0002941411776
185850	0.0003497497289
185851	0.001797352174
185852	0.00248520549
185853	0.002806950327
185854	0.001403116288
185855	0.000656115853
185856	0.00134317182
185857	4.024972373e-06
185858	0.002738256707
185859	6.840687169e-05
185860	0.001112440416
185861	0.001811073033
185862	0.004818550368
185863	0.001988788136
185864	0.002287646865
185865	0.003215640882
185866	0.002116495167
185867	0.002478079292
185868	0.004222126292
185869	0.0006050991539
185870	0.001793593505
185871	0.006048910846
185872	0.0003928366208
185873	0.0006344600586
185874	0.003040179894
185875	0.001374809671
185876	0.002514863702
185877	0.0005240473483
185878	0.0004035316831
185879	0.0009240750907
185880	0.001196200272
185881	0.0003928375439
185882	0.001291153697
185883	0.00347953954
185884	0.0002327826719
185885	0.002939867721
185886	0.001473515096
185887	0.0004522677001
185888	0.001686232703
185889	0.003054010823
185890	0.001347648617
185891	0.0006031851522
185892	0.004278721351
185893	0.003303027352
185894	0.001404110649
185895	0.001217858657
185896	0.002715194095
185897	0.0006652552504
185898	0.00498952864
185899	0.001530919096
185900	0.001115683071
185901	0.000864840965
185902	0.001655524297
185903	0.001889923771
185904	0.004371295334
185905	0.0008774686042
185906	0.000869366184
185907	0.003538754213
185908	0.00361788393
185909	0.006437950429
185910	0.001101852833
185911	0.003053973201
185912	0.003680097576
185913	0.004272097081
185914	0.002284348128
185915	0.004751969563
185916	0.000830364298
185917	0.001856280749
185918	0.001601146002
185919	0.002192858054
185920	0.002017601091
185921	0.002056492861
185922	0.005455450627
185923	0.009082527212
185924	0.001480298014
185925	0.008273994538
185926	0.002025657068
185927	0.0009654678795
185928	0.0003315217094
185929	0.0007252903186
185930	0.0007395553964
185931	0.0002314831535
185932	0.0001785109924
185933	8.871101221e-05
185934	0.001172181253
185935	0.0002803541126
185936	0.0004869969226
185937	3.240748444e-05
185938	0.0005321836324
185939	0.0001875200414
185940	0.0002734509192
185941	0.0002554905656
185942	2.241293201e-05
185943	0.0018320838
185944	0.0004778941521
185945	0.001669898655
185946	0.0007194544076
185947	0.0009808366619
185948	0.0003615615951
185949	8.684305617e-05
185950	0.0004520500767
185951	0.001503154455
185952	0.003396195866
185953	0.0002684170931
185954	0.0008046231787
185955	0.00203176761
185956	0.001300693256
185957	0.002207030851
185958	0.001788722191
185959	0.00120357512
185960	0.004614467999
185961	0.001399784094
185962	2.539073654e-05
185963	0.00646662204
185964	0.002275958494
185965	0.0003673674815
185966	0.000993438267
185967	0.001759865701
185968	0.0003820640225
185969	0.001595036688
185970	0.001187148362
185971	0.0003961488758
185972	0.0005567103427
185973	0.004416585542
185974	0.00314262909
185975	0.0003142567039
185976	0.004498258571
185977	0.002107350569
185978	0.0001978301666
185979	0.001829407437
185980	0.0007388782926
185981	0.003966947795
185982	0.001026280622
185983	0.002995642722
185984	0.0103285294
185985	0.003812288111
185986	0.00699864993
185987	4.721624834e-05
185988	0.00379625006
185989	0.004034810746
185990	0.001975591856
185991	0.002389345389
185992	0.008160766058
185993	0.001440941123
185994	0.003695502993
185995	0.004045526514
185996	0.005648570438
185997	0.003180310533
185998	0.002446048042
185999	0.005213444642
186000	0.000248531287
186001	3.679928451e-05
186002	0.005668706005
186003	0.003982647966
186004	5.515342442e-05
186005	0.003996072984
186006	4.106101111e-05
186007	6.522627357e-07
186008	0.004650726362
186009	0.002072810949
186010	0.0002870055155
186011	0.0001489163423
186012	0.002619650458
186013	0.005777011498
186014	0.0009007012714
186015	0.004136036363
186016	0.0005859358777
186017	0.002229304319
186018	0.001053801895
186019	0.0009315918813
186020	0.002179421158
186021	8.586830129e-05
186022	0.001593341005
186023	0.003572213205
186024	0.002414037014
186025	0.002275601613
186026	0.001134605971
186027	0.00159253776
186028	0.0001450115487
186029	0.0003779133582
186030	7.1350485e-05
186031	0.0002864827639
186032	0.001217544017
186033	0.007000658488
186034	0.001597223921
186035	0.002252181235
186036	0.002012012454
186037	0.001899202477
186038	0.005140653554
186039	0.003334887363
186040	0.001054925618
186041	0.0007627399863
186042	0.002203296445
186043	0.002833254658
186044	0.003903363146
186045	0.0002954328266
186046	0.001207984166
186047	0.003288880406
186048	0.002437467895
186049	0.001649665856
186050	8.728810843e-05
186051	0.0001002437995
186052	0.0001216198315
186053	0.0006859504047
186054	0.002888582735
186055	0.0006438703581
186056	0.0002980284398
186057	0.0005210619904
186058	0.0002688099853
186059	0.0007966805624
186060	0.0009926904648
186061	0.002922586712
186062	0.001056807444
186063	0.001268741187
186064	0.002264510233
186065	0.005647383774
186066	0.003290533487
186067	0.001985285017
186068	0.00554658329
186069	9.801472542e-05
186070	0.0006326181222
186071	0.003303917133
186072	0.0003571655492
186073	0.002854170818
186074	0.002109845534
186075	0.001991416288
186076	0.002237930646
186077	0.004239158119
186078	0.002753307391
186079	0.001632710833
186080	0.0004444670668
186081	0.00229221821
186082	0.002195695451
186083	0.001512814869
186084	0.002218849147
186085	0.001563635268
186086	0.001326878532
186087	0.001945532869
186088	0.0008197607619
186089	0.0007195917315
186090	0.0004463243984
186091	0.00859567481
186092	0.0003205150677
186093	0.003065100363
186094	0.00644288168
186095	0.0007953958859
186096	0.002816925679
186097	0.0003429666058
186098	0.001708991025
186099	0.001501907444
186100	0.002322614465
186101	0.002403493774
186102	0.0006692823522
186103	0.002071025586
186104	0.001237620093
186105	0.000449318662
186106	0.001537753618
186107	0.003031271838
186108	0.004680049191
186109	0.002457521055
186110	0.00319693037
186111	0.003167738787
186112	0.001124811445
186113	0.001968045533
186114	1.655705152e-05
186115	0.001065242697
186116	0.009396207461
186117	0.0004352067178
186118	0.001909923305
186119	0.001527767926
186120	0.0002228642063
186121	0.009134724555
186122	0.005992387935
186123	0.001200295821
186124	0.001198175553
186125	0.0007382358982
186126	0.007395608716
186127	0.00463048363
186128	0.001516478795
186129	0.002009263067
186130	0.0007310508923
186131	0.001412550003
186132	0.004648552122
186133	0.003545906035
186134	0.004690490271
186135	0.0002087820129
186136	0.0008056591771
186137	0.000957547301
186138	0.0007814055085
186139	0.005921250413
186140	0.0006851981511
186141	0.001954573899
186142	0.001427548791
186143	0.002327170772
186144	0.0005190127183
186145	0.002160267743
186146	0.0003737273681
186147	0.001032633213
186148	9.827060622e-05
186149	0.001378629958
186150	0.0022574223
186151	0.004986833409
186152	0.001473334012
186153	0.001877232064
186154	0.002604619068
186155	0.001496928041
186156	0.0006324820882
186157	0.0007841424781
186158	0.006441715947
186159	0.001425734996
186160	0.0008457260308
186161	0.005017893411
186162	0.002103365552
186163	0.002618471152
186164	0.001273209849
186165	0.002194703782
186166	0.003678488365
186167	0.007259826459
186168	0.0001184334661
186169	0.002897628108
186170	0.0007513089471
186171	0.0009020857913
186172	0.001335677894
186173	0.002484034574
186174	0.002239827063
186175	0.001566543804
186176	0.0004948644863
186177	0.000116100072
186178	0.002128969437
186179	0.00512222984
186180	0.00202040128
186181	0.0001360328367
186182	0.004394875629
186183	0.005688374051
186184	0.003611163073
186185	0.004474441081
186186	0.002585679522
186187	0.00135103596
186188	0.0100314344
186189	0.001380318138
186190	0.001698019596
186191	0.00267071418
186192	3.846146305e-05
186193	0.001032714305
186194	0.0005827175326
186195	0.0008872711293
186196	0.0005045788156
186197	0.003986815486
186198	0.001941004454
186199	0.000548510394
186200	0.001354994913
186201	0.001511411627
186202	0.003799609592
186203	0.003192611696
186204	0.0001091936188
186205	0.004544410614
186206	0.002689417932
186207	0.000314174354
186208	0.003605977534
186209	5.883358292e-05
186210	0.0003799896571
186211	0.007314154607
186212	0.0004849422674
186213	0.005867352998
186214	0.005823641337
186215	4.228919977e-05
186216	0.002097466535
186217	0.002946336034
186218	0.001011620718
186219	0.003415453418
186220	0.003093853447
186221	0.003072160654
186222	0.002491074942
186223	0.004646768576
186224	0.003302922575
186225	0.0006464881746
186226	0.006745930006
186227	0.0005970689006
186228	0.0001879643229
186229	0.001236922652
186230	0.002038128734
186231	0.00223748283
186232	0.0009806265369
186233	0.003572267005
186234	0.002116951564
186235	0.002091656644
186236	0.001179601213
186237	0.01223397949
186238	0.005585112356
186239	0.002377460899
186240	0.001483675412
186241	0.001875074384
186242	0.00331914835
186243	0.005408092642
186244	0.0001412264402
186245	2.465197814e-05
186246	0.002712287979
186247	0.002241308978
186248	7.912569288e-05
186249	0.002064126539
186250	0.002949896402
186251	0.0005191732728
186252	0.0008308383978
186253	0.0001200415454
186254	0.001846465997
186255	0.001032666722
186256	0.002812135093
186257	0.002832578179
186258	0.005020291812
186259	0.001928284133
186260	0.004191645635
186261	0.002352537976
186262	0.001063823301
186263	0.001029766875
186264	0.001586588167
186265	0.001796441402
186266	0.0004437435626
186267	0.0004385422615
186268	0.002370977179
186269	0.001962056459
186270	0.001374497209
186271	0.002389132503
186272	0.006079072019
186273	0.002257832899
186274	0.005492652287
186275	0.0003494669409
186276	0.0006172560182
186277	0.0009613043949
186278	0.003250056789
186279	0.00347392219
186280	0.0009427513651
186281	0.0005182303212
186282	0.0008880694352
186283	0.000808493169
186284	0.00387557515
186285	0.004602904976
186286	0.0002929771341
186287	0.001295667877
186288	0.003829295555
186289	0.004791501641
186290	0.0003130183798
186291	0.002190272197
186292	0.001450625284
186293	0.001334922336
186294	0.0001154313465
186295	5.841585838e-06
186296	9.51663744e-05
186297	0.002117599439
186298	0.0003975949108
186299	0.001040186586
186300	0.0005964551873
186301	0.001081580864
186302	0.003264104968
186303	5.144012292e-05
186304	0.0001447936868
186305	0.001349988366
186306	0.0025518125
186307	0.001623001535
186308	0.003111843359
186309	0.001392646231
186310	0.0003939067599
186311	0.001992319722
186312	0.0002740208799
186313	0.0001809360088
186314	0.0009396745798
186315	0.001075598232
186316	0.00410036787
186317	0.002486336501
186318	0.001102666784
186319	0.001375736097
186320	0.004485553445
186321	0.008754707635
186322	0.0006771606813
186323	0.0007679113342
186324	0.00669909112
186325	0.002866642627
186326	0.001235306755
186327	0.003826221766
186328	0.003188848438
186329	0.0006265717902
186330	0.001289684466
186331	0.00114857607
186332	0.001547353721
186333	0.002317812545
186334	0.004514922138
186335	0.0003088371598
186336	0.001719779961
186337	0.0008446732053
186338	0.0004556134937
186339	0.0008201350319
186340	0.000313882426
186341	0.002113522391
186342	0.0007654542026
186343	0.00160125674
186344	0.00634202885
186345	0.003102910538
186346	0.002961616489
186347	0.001551355021
186348	0.004728863063
186349	0.0005507779575
186350	0.001171094624
186351	0.001184978634
186352	0.0002437434859
186353	0.0002624661918
186354	0.005290686515
186355	0.002077906788
186356	0.00200571274
186357	0.0006826969127
186358	0.00167529516
186359	0.0003925645905
186360	0.004911598613
186361	0.001173637389
186362	0.003831831782
186363	0.002876119065
186364	0.00380671017
186365	0.0004584840306
186366	0.001047070491
186367	0.0009955177397
186368	0.0003244665222
186369	0.005677819831
186370	0.0008867023635
186371	0.0001420698267
186372	0.0001815822592
186373	0.005366560831
186374	0.004639012991
186375	0.004629713865
186376	0.0004479869904
186377	0.003672757569
186378	0.0004321611108
186379	0.00111547177
186380	0.003801904623
186381	0.0007950691055
186382	0.006828757577
186383	0.002204265787
186384	0.002961392387
186385	0.00160716801
186386	0.0005576806696
186387	0.002051230468
186388	0.0003201239005
186389	0.002276048319
186390	0.003984288546
186391	0.009595578703
186392	0.00288403722
186393	0.0001748385943
186394	0.003288521626
186395	0.0025840279
186396	0.001462306297
186397	1.439693735e-05
186398	0.004391580023
186399	0.0007476318494
186400	0.0009708226904
186401	0.0003023618025
186402	0.001854475997
186403	0.002638432737
186404	0.0001689836877
186405	0.002459563614
186406	0.0007043258913
186407	0.003152452816
186408	0.001836455919
186409	0.0009886609063
186410	0.0001093965319
186411	0.00167585888
186412	0.0001427822121
186413	0.005843826604
186414	0.004692372906
186415	0.002524539006
186416	0.002327348254
186417	0.0002990238643
186418	0.000965624403
186419	0.0005955802316
186420	0.001125699479
186421	0.0006455273195
186422	0.00257684869
186423	0.0006425800837
186424	0.003175531274
186425	0.0006429426508
186426	0.001151539848
186427	0.001333128086
186428	0.0002225436693
186429	0.001395754842
186430	0.002749298704
186431	0.002302573676
186432	0.001636856307
186433	0.0009119518843
186434	0.001776571547
186435	0.0003270388124
186436	0.002142496084
186437	0.0004651578654
186438	0.00532973421
186439	0.003528783054
186440	0.0004732505437
186441	0.002451076904
186442	0.0007834828908
186443	0.005055228695
186444	0.006021021473
186445	0.002018090655
186446	0.0004526839414
186447	0.003299351264
186448	0.001056554403
186449	0.0004044360272
186450	0.001123428814
186451	0.002930478289
186452	0.003894044528
186453	0.001088037815
186454	0.005227860299
186455	0.006579797757
186456	0.0006304278571
186457	0.002615108149
186458	0.007366663846
186459	0.007130674352
186460	0.002751739897
186461	0.00624557263
186462	0.001484284071
186463	0.000580716847
186464	0.0003564100916
186465	0.002546314922
186466	0.0009318009323
186467	0.001805108131
186468	0.002303463953
186469	0.0005745313804
186470	0.002219386554
186471	0.004327670243
186472	0.002716444535
186473	0.001042121372
186474	0.00463121956
186475	0.001529241759
186476	0.002251108137
186477	0.002717116116
186478	0.002973893855
186479	0.0007490479257
186480	0.002665494101
186481	0.001658964932
186482	0.001804975533
186483	0.0001304270866
186484	0.004882899043
186485	0.001657622858
186486	0.003703453046
186487	0.007848867631
186488	0.002961153686
186489	0.001716321883
186490	0.001885186553
186491	0.0005041141043
186492	0.0008724452984
186493	0.0003148734904
186494	0.001952101756
186495	0.006192248044
186496	0.00930510207
186497	0.004970900177
186498	0.002574261304
186499	0.005720724153
186500	0.006053771114
186501	0.005679595205
186502	0.002565198087
186503	0.004569917052
186504	0.001821551674
186505	0.0001834628911
186506	0.001852932915
186507	0.0007800986602
186508	0.002669723068
186509	0.005384542824
186510	0.0006491518638
186511	0.0005410056671
186512	0.001719668855
186513	0.00137010977
186514	0.001623384484
186515	0.002223099652
186516	0.0009177062779
186517	0.002353082081
186518	0.002400234957
186519	0.0001056199887
186520	0.002421529396
186521	0.001340864079
186522	0.003858929373
186523	0.004287381599
186524	0.002690172192
186525	0.007563473587
186526	0.001325035283
186527	0.001697806087
186528	0.001521712164
186529	0.0004852154509
186530	0.0004122654146
186531	0.0004408912242
186532	0.00997524546
186533	0.0002329497337
186534	0.0001814308385
186535	0.000902461386
186536	0.002206046461
186537	0.001000795076
186538	0.002356208686
186539	0.0006903350444
186540	0.001278406085
186541	0.005005048601
186542	0.0003342366587
186543	0.001155923838
186544	0.0003626008212
186545	0.004387340671
186546	0.006046492133
186547	0.001034833506
186548	0.0003411279335
186549	0.003289769809
186550	0.001214840139
186551	0.002547022167
186552	0.005848536808
186553	0.004810288615
186554	0.00179591873
186555	0.0003938579981
186556	0.002691714099
186557	0.003047942662
186558	0.001464752969
186559	0.001406439201
186560	0.006533627474
186561	0.004162131387
186562	0.0007337090188
186563	0.0001353400885
186564	0.001100921757
186565	0.0005549885407
186566	0.00329230471
186567	0.0004350620665
186568	0.0003673158173
186569	0.001013608903
186570	0.003878046528
186571	0.004072737106
186572	0.002522873987
186573	0.003945937357
186574	0.007912796801
186575	0.001893254036
186576	0.005485603934
186577	0.0002026156494
186578	0.004320019304
186579	0.0008638272202
186580	0.003256239313
186581	0.002263056331
186582	0.0003208490221
186583	0.003796832107
186584	0.002862128708
186585	0.000723352307
186586	0.003194772247
186587	0.001334785573
186588	0.001756478863
186589	0.0003058506651
186590	0.001932164558
186591	0.00219045622
186592	0.009070546729
186593	0.001718744845
186594	0.002253674075
186595	0.001384707199
186596	0.0009138185518
186597	0.005114369056
186598	0.003961052829
186599	0.0007598156718
186600	0.0001085694443
186601	0.0007393707394
186602	0.0009185218414
186603	0.0002746796341
186604	0.001119736496
186605	0.0002332155399
186606	0.006434252725
186607	0.0001695192387
186608	0.0001571547741
186609	0.001025816672
186610	0.001124453746
186611	0.0002353358863
186612	0.01015715382
186613	0.005062273809
186614	0.001271418146
186615	0.0007921207951
186616	4.502109796e-05
186617	0.0009652310928
186618	0.003520298582
186619	0.001329666071
186620	0.001532247787
186621	0.001627533637
186622	0.001106634707
186623	0.003395205343
186624	0.002380572115
186625	0.002098371286
186626	0.0009994027995
186627	0.001383396634
186628	0.007331154376
186629	0.0008562822517
186630	0.001250927207
186631	0.001753674095
186632	0.001384399728
186633	0.0001960711008
186634	0.0004061195752
186635	0.00293319651
186636	2.586120123e-05
186637	0.003561465345
186638	0.002492621104
186639	0.004200409697
186640	0.001637222472
186641	0.002913965104
186642	0.003051702563
186643	0.001506263426
186644	0.005730444294
186645	0.0007815242053
186646	0.0001103338068
186647	4.817693218e-05
186648	0.0005292648137
186649	0.004726525581
186650	0.002403851588
186651	0.002268740172
186652	0.006717171928
186653	0.0007086522164
186654	0.003884936415
186655	7.188233846e-05
186656	0.0002492615643
186657	0.0005403032673
186658	0.003051049827
186659	0.0002342094112
186660	0.0004588367608
186661	0.00193337758
186662	0.005257974014
186663	0.0005518608623
186664	0.003565873868
186665	0.002632069898
186666	0.001863767707
186667	0.003149620779
186668	0.002442804626
186669	4.897038826e-06
186670	0.0001696020578
186671	0.004592476417
186672	0.0004544910601
186673	0.009031601521
186674	0.001756575896
186675	0.001747451948
186676	0.001965129794
186677	0.001107252298
186678	0.00566251326
186679	0.001258625099
186680	0.001494231583
186681	0.001360162874
186682	0.006365583136
186683	0.006200072332
186684	0.0003939981761
186685	0.001780227625
186686	0.001923127079
186687	0.00236787241
186688	0.0009851160251
186689	0.002319319815
186690	0.001290837344
186691	0.008816691836
186692	0.003697471095
186693	0.001726671707
186694	0.0005932354635
186695	0.0006866686712
186696	0.0005635334054
186697	0.003480010688
186698	0.0008499438619
186699	0.005240357824
186700	0.001631936798
186701	0.003608793047
186702	0.003671478841
186703	0.001386771719
186704	0.002195547868
186705	0.002626065883
186706	0.0007558749161
186707	0.0008093231909
186708	0.002252771473
186709	0.003648949806
186710	0.0006965556971
186711	0.004384396395
186712	0.001208259089
186713	0.0003452397519
186714	0.0002783398144
186715	0.001506237503
186716	0.00146311183
186717	0.0009046397937
186718	0.0003961510667
186719	0.005583878818
186720	0.0010982861
186721	0.003570241052
186722	0.0002605480118
186723	0.001217124284
186724	0.002093768571
186725	0.002846066982
186726	0.001923630615
186727	0.0005489147821
186728	0.001038419041
186729	0.002792586905
186730	0.002357129989
186731	0.004309358148
186732	0.004772533455
186733	0.0004388604083
186734	0.001687775291
186735	0.003159218049
186736	0.001517464951
186737	0.001399913206
186738	0.0004426508552
186739	0.003834070166
186740	0.0002525924103
186741	0.001519840422
186742	0.003746560099
186743	0.002102374751
186744	0.0001831750118
186745	0.00264341882
186746	0.001525161161
186747	0.000580343156
186748	0.002391799532
186749	0.0003988249481
186750	0.0004009090606
186751	8.538870044e-05
186752	0.002971164695
186753	0.0003821089164
186754	0.0001040009001
186755	0.0001389167881
186756	0.004283096382
186757	0.007162172517
186758	0.004016834489
186759	0.009060031571
186760	0.001747348918
186761	0.001539917656
186762	0.0059441239
186763	0.003382197887
186764	0.0005356998044
186765	0.001484324216
186766	0.0007793848259
186767	7.339711833e-05
186768	0.006881784811
186769	0.002430874923
186770	0.0002212650404
186771	0.0003922379379
186772	0.001913015238
186773	0.004452885619
186774	0.006116148751
186775	0.003036778662
186776	0.003157391612
186777	0.0006939091089
186778	0.003481604017
186779	0.003390834814
186780	0.0004321668019
186781	0.0001938852
186782	8.052983375e-05
186783	0.002024277372
186784	0.002070289511
186785	0.001597149136
186786	0.0003116378442
186787	0.003653426975
186788	0.001014710133
186789	0.0006550916338
186790	0.002751828998
186791	0.0006031295295
186792	0.003452041328
186793	0.003178733517
186794	0.002072229847
186795	0.002878360844
186796	7.436699185e-05
186797	0.003791853162
186798	0.001936076668
186799	0.0009061122059
186800	0.005667132105
186801	0.002218280607
186802	0.0005746675235
186803	0.001929656424
186804	0.0001214270364
186805	0.002535963934
186806	0.001166345162
186807	0.002973023805
186808	0.004398320626
186809	0.004880399444
186810	0.001045593619
186811	0.002874605285
186812	0.002147725026
186813	0.002606331921
186814	0.0009628677124
186815	0.004853528832
186816	0.002328440236
186817	0.002030705143
186818	0.002731742719
186819	0.0001882802645
186820	0.001254997475
186821	0.0009701404768
186822	0.003448994534
186823	0.008298373346
186824	0.008473296531
186825	0.001392076981
186826	0.0003353904826
186827	0.0004537686883
186828	0.001420890971
186829	0.005766727723
186830	0.002429187609
186831	0.001104450735
186832	0.002904844527
186833	0.002523578947
186834	0.00231701448
186835	0.001336173508
186836	0.001901941946
186837	0.003597465258
186838	0.001365730493
186839	0.00498719828
186840	0.001836801252
186841	0.00330748257
186842	0.001037306912
186843	4.260735908e-06
186844	0.0001840513375
186845	0.01227669533
186846	0.0005008107548
186847	0.005070313295
186848	0.002766720595
186849	0.003647007134
186850	0.003580030573
186851	0.001227842232
186852	0.0002574483446
186853	0.0006300202541
186854	0.001633542023
186855	0.0002163799658
186856	0.0005888422193
186857	0.0006700605488
186858	0.001051093187
186859	0.00106410745
186860	0.009163437561
186861	0.001359613336
186862	0.0003205261409
186863	0.002535138235
186864	0.0009766173174
186865	0.0009652625064
186866	0.002377381003
186867	0.0003257785249
186868	0.0007785158943
186869	0.0009707674166
186870	2.017146865e-05
186871	0.0001587938182
186872	0.001754840649
186873	0.002373603371
186874	0.0007355860037
186875	0.001849397432
186876	0.0009105627822
186877	0.006795919779
186878	0.00163152625
186879	0.004698477299
186880	0.00101154734
186881	0.001086300414
186882	0.002766885953
186883	0.001269196972
186884	0.0013482141
186885	0.000428361541
186886	0.000552472355
186887	0.003196362504
186888	0.002049095404
186889	0.003887796753
186890	0.0005477351841
186891	0.0004552574528
186892	0.0007462164893
186893	0.002759500962
186894	0.006167427088
186895	0.001122963546
186896	0.002188919119
186897	0.002387582817
186898	0.00100100436
186899	0.0006102140133
186900	0.00590329758
186901	0.0001490316707
186902	0.003051985883
186903	1.571480765e-05
186904	0.002325223129
186905	0.00186133818
186906	0.0003552756938
186907	0.0006811188984
186908	0.00303182886
186909	0.00188186714
186910	0.004011175359
186911	0.002684550978
186912	0.000302917318
186913	0.005759409909
186914	0.0005757065661
186915	0.000982019959
186916	0.0003955833676
186917	0.0007669856074
186918	0.000884683637
186919	0.0008111135296
186920	0.001478351037
186921	0.000422215709
186922	0.0007041082793
186923	0.002037417539
186924	0.0004014473193
186925	0.004242413766
186926	0.001557301241
186927	0.0001908059199
186928	0.002776628187
186929	0.001025653911
186930	0.001079411887
186931	0.001859502032
186932	0.0005976904283
186933	0.001193058515
186934	0.003328379071
186935	0.001323720947
186936	0.0005712230936
186937	0.002009535557
186938	0.0001799635973
186939	9.971540454e-05
186940	0.002467634001
186941	0.002167026345
186942	6.718691378e-06
186943	0.004550008915
186944	0.001404559894
186945	0.0002845757047
186946	0.003523933571
186947	0.003108929201
186948	0.0001790515867
186949	0.0002425715665
186950	0.0005136765745
186951	0.0006142252299
186952	0.0008965925887
186953	0.0003420188021
186954	0.001009048025
186955	0.000525490382
186956	0.0004649399107
186957	9.387011358e-05
186958	0.0002842891278
186959	0.0006121135419
186960	0.0007899244957
186961	0.0003737084194
186962	0.003029847354
186963	0.0001256257615
186964	0.002538384473
186965	0.0001954522002
186966	0.0004140276652
186967	0.003332028569
186968	0.002303552147
186969	0.001693047113
186970	0.0001871413242
186971	0.001238471903
186972	0.002886080663
186973	0.003007693919
186974	0.001221919928
186975	0.0001693727339
186976	4.951289889e-05
186977	8.604192353e-05
186978	0.0013858707
186979	0.0003996357745
186980	7.912326518e-05
186981	4.042653866e-05
186982	0.0001127097457
186983	4.145737291e-05
186984	9.980961382e-05
186985	0.0001136257467
186986	0.002927023172
186987	9.939210374e-05
186988	8.537289772e-05
186989	4.262023456e-05
186990	7.014748398e-05
186991	0.0004984691875
186992	8.293584004e-05
186993	6.980492347e-05
186994	7.282878888e-05
186995	0.005232807744
186996	0.0008280789476
186997	5.412654955e-05
186998	6.164954199e-05
186999	0.004210558009
187000	0.0008061281462
187001	0.0001246150231
187002	0.002331276461
187003	0.003420528812
187004	0.002534933461
187005	0.001437090204
187006	0.0008144835985
187007	0.001189904686
187008	0.001394005369
187009	0.00136801804
187010	0.001409579485
187011	9.292491234e-05
187012	0.00251199922
187013	0.002032906899
187014	0.001747733391
187015	0.00057073454
187016	0.001117918876
187017	0.0008731854245
187018	0.0001788073258
187019	0.00231272633
187020	0.001074818697
187021	0.000930796919
187022	0.001146437253
187023	0.0002687171086
187024	0.0005912693398
187025	0.001456316057
187026	0.002973545328
187027	0.005541013
187028	0.0001416110806
187029	4.447255243e-05
187030	0.001557470012
187031	0.001182408697
187032	0.0008107222591
187033	0.0003608836943
187034	0.0008477240429
187035	0.0003976024018
187036	0.004839397535
187037	0.001576876547
187038	4.832883039e-06
187039	0.001542568781
187040	0.001885744828
187041	0.002094835059
187042	0.002052001407
187043	0.00086825164
187044	0.001093796875
187045	0.003912232575
187046	0.002250836562
187047	0.0004428180549
187048	0.002624102335
187049	0.0002864967239
187050	0.001986816395
187051	0.003483664045
187052	0.005131698232
187053	0.0009257686295
187054	0.0001419642494
187055	0.0002895429477
187056	0.004138696759
187057	0.002257757877
187058	0.0004284282353
187059	0.0003858560015
187060	0.002012837987
187061	9.288330247e-05
187062	5.214881974e-05
187063	0.0008702396363
187064	0.001067235796
187065	0.0003008358893
187066	0.000455788613
187067	0.0007913783547
187068	0.001187159763
187069	0.0007094751465
187070	6.912891474e-05
187071	0.0007065811467
187072	0.001525033034
187073	0.0003205104682
187074	1.802936865e-05
187075	0.0004802339154
187076	0.002645123546
187077	0.0001783365174
187078	0.001403837239
187079	0.0003785344056
187080	0.001719626154
187081	0.0007557424718
187082	0.000520257524
187083	0.0009929409699
187084	0.0007679742035
187085	0.0002903542652
187086	0.0002517770065
187087	0.003183430887
187088	0.002210926919
187089	0.001101064817
187090	0.001219802934
187091	0.001471986834
187092	0.0004057958352
187093	0.001043987075
187094	0.001903124854
187095	0.0007087674386
187096	0.0007483813441
187097	0.001651494067
187098	0.001213664227
187099	0.001512517263
187100	0.001075083425
187101	0.0009111638965
187102	0.0008543335655
187103	0.0002608288632
187104	0.001489551241
187105	0.0008498213728
187106	0.001141432977
187107	0.0009006536096
187108	0.001096944101
187109	0.001137638754
187110	0.001243261967
187111	0.001067229861
187112	0.001026949364
187113	0.0009661080733
187114	0.00117828101
187115	0.0008550927773
187116	0.001144920652
187117	0.0009129872856
187118	0.000825843059
187119	0.001004950163
187120	0.0008127497429
187121	0.001254479254
187122	0.001319108214
187123	0.0009153209001
187124	0.0009962145367
187125	0.001072900155
187126	0.001123947888
187127	0.001053896344
187128	0.00103403028
187129	0.00122624366
187130	0.001161001024
187131	0.001014853128
187132	0.001049428955
187133	0.002254649935
187134	0.001245054735
187135	0.001236167999
187136	0.0008574850655
187137	0.0008730341452
187138	0.0006432031068
187139	0.001717334829
187140	0.002527025115
187141	0.0003858167625
187142	0.001519872471
187143	0.00125495196
187144	0.0009058573041
187145	0.001053789078
187146	0.0001638553368
187147	0.001098936838
187148	0.0009937673894
187149	0.0009793105453
187150	0.0008642734288
187151	0.000933718882
187152	0.001171802722
187153	0.0008916389545
187154	0.00186128013
187155	0.0002039933617
187156	0.0006009457262
187157	0.001176049799
187158	0.0006242910555
187159	0.002721601973
187160	0.0007368750525
187161	0.0002375914119
187162	0.0005005990748
187163	0.002632832848
187164	0.004039743377
187165	7.582244996e-05
187166	0.0004856880593
187167	0.0007080095327
187168	0.0007962233734
187169	0.001572161098
187170	0.0006221323495
187171	0.0005257547154
187172	0.001009507198
187173	0.0002227493029
187174	0.0007853216962
187175	0.00079921462
187176	0.0007794682167
187177	0.0005809376154
187178	0.0008448320263
187179	0.0009964760257
187180	0.0003951009798
187181	0.0007848752419
187182	0.0004841356003
187183	0.0005285984729
187184	0.0006376283879
187185	0.001688503277
187186	0.0005388832995
187187	0.0004863986195
187188	0.0006124840293
187189	0.000511262844
187190	0.0005817369594
187191	0.0004327865935
187192	0.0001559839475
187193	0.0007501898428
187194	0.0003498121911
187195	0.0006481594119
187196	0.0001136423365
187197	0.0004826103257
187198	0.0001155190259
187199	0.0005729893264
187200	0.0003042244833
187201	0.0006441337119
187202	0.0002826064685
187203	0.0007572859314
187204	0.0001934151919
187205	0.0001083720015
187206	0.0007597763
187207	0.0001236635018
187208	0.0001200970098
187209	0.0004590695754
187210	0.0006033287939
187211	0.0008318620553
187212	0.001639216258
187213	0.0005589504936
187214	0.0008074553806
187215	0.0005578712989
187216	0.000109495032
187217	9.917106084e-05
187218	0.0005892423523
187219	3.128336913e-05
187220	0.0001884324483
187221	0.000109281309
187222	0.0001270817706
187223	0.0002439355022
187224	0.0003177675273
187225	9.854460851e-05
187226	2.771400522e-06
187227	9.961261359e-05
187228	0.0001833490122
187229	3.256706291e-05
187230	0.000339437029
187231	0.0004115192159
187232	0.0003863508773
187233	0.0005738029146
187234	0.000308837622
187235	0.0001649552299
187236	0.0005376554475
187237	0.0001620795031
187238	0.0006230894903
187239	0.0006916855913
187240	2.980424651e-05
187241	0.0001056970068
187242	0.0001260629513
187243	0.0002263658694
187244	4.704005927e-05
187245	0.0003266310885
187246	7.158017062e-05
187247	0.0005474428548
187248	1.739675844e-05
187249	6.508222099e-05
187250	0.0001001894586
187251	0.0002051400515
187252	0.0001081293264
187253	0.002638305516
187254	0.00271881973
187255	0.000138052873
187256	0.00174568442
187257	0.001397442753
187258	0.0001305921314
187259	0.0001025833122
187260	0.000373061944
187261	0.0002277403835
187262	0.0001506678284
187263	0.001172375101
187264	0.001464197149
187265	0.001130137525
187266	0.002344253834
187267	0.0006561811903
187268	0.006898828945
187269	0.008803226967
187270	0.003316118876
187271	0.006308418437
187272	0.003429410975
187273	0.0009764865569
187274	0.001306580629
187275	0.001468924425
187276	0.004199726501
187277	0.002194361998
187278	0.003970752309
187279	0.003791010846
187280	0.0005900069949
187281	0.000499321314
187282	0.0002925669462
187283	0.0002698188146
187284	0.0002148530685
187285	2.279119686e-06
187286	0.0002798478049
187287	0.0001900248555
187288	0.0001639129884
187289	0.0001779312178
187290	0.0002284433455
187291	0.0002800028761
187292	0.0006759082707
187293	9.586445921e-05
187294	0.0002378388325
187295	0.0003041406107
187296	3.684860906e-05
187297	7.458237992e-05
187298	0.0001126941539
187299	0.001324761099
187300	0.0002697310864
187301	0.0001936195362
187302	0.0009770374753
187303	0.001132133204
187304	9.467164967e-05
187305	0.001081137896
187306	0.0003536283042
187307	0.0009620286484
187308	0.000995846777
187309	0.001350812419
187310	0.001200170545
187311	0.00127967254
187312	0.001023902013
187313	0.0001623050555
187314	0.001163110509
187315	0.0009061142649
187316	0.001611421354
187317	0.001328319194
187318	0.0007087404902
187319	0.0007127734876
187320	0.001467347322
187321	0.001201773247
187322	0.0008202515841
187323	0.0006387242217
187324	0.001315531459
187325	0.001493137766
187326	0.001222117412
187327	0.001332086506
187328	0.001199728479
187329	0.001058358318
187330	0.001089921292
187331	0.001255316674
187332	0.001318864786
187333	0.00109950077
187334	0.0003049377548
187335	0.0007164614263
187336	0.00117808549
187337	0.001272530193
187338	0.0007964641548
187339	0.000740718235
187340	0.001009861917
187341	0.0003614642775
187342	0.0007645582492
187343	0.0001358255751
187344	0.0007370661727
187345	0.001135040635
187346	1.930871903e-05
187347	0.001514034837
187348	0.001807388804
187349	0.001229134036
187350	0.0008340743351
187351	0.001830517959
187352	0.00319871692
187353	0.001352003854
187354	0.0002075847962
187355	0.0001385572311
187356	0.0006193250197
187357	0.0006304369827
187358	0.0006971432921
187359	0.0001599206164
187360	0.001064741949
187361	0.0004527590593
187362	0.002792524951
187363	0.0005714625284
187364	0.0002988983666
187365	0.001358089446
187366	0.000925638146
187367	0.003220673047
187368	0.003264154736
187369	0.0009888604674
187370	0.0007023403258
187371	0.002818735335
187372	0.0003010470325
187373	0.0002805501876
187374	5.710434194e-05
187375	0.003944995059
187376	0.0007443836301
187377	0.00157136531
187378	0.003744205662
187379	0.0005037016932
187380	0.001398730276
187381	0.001450725237
187382	0.00185434349
187383	0.001062400142
187384	0.002421756306
187385	0.003414453049
187386	0.0009658640916
187387	0.003766178134
187388	0.001854145072
187389	0.0006162218802
187390	0.003408655973
187391	0.002358733795
187392	0.003667279288
187393	0.0008207251232
187394	0.0003784764145
187395	0.001737737096
187396	0.002253433119
187397	0.0005312166843
187398	0.002822515261
187399	0.000794334935
187400	0.001731610709
187401	0.001315221166
187402	0.003704648009
187403	0.001357776665
187404	0.0003364519592
187405	0.0003187666211
187406	0.001276104801
187407	0.0003312004851
187408	0.0002398998791
187409	0.001210344588
187410	0.002531756242
187411	0.0005194170593
187412	0.003279997738
187413	0.001428895791
187414	0.001483174491
187415	0.001153748394
187416	0.004971563715
187417	0.003159653782
187418	0.002834821716
187419	0.001703957781
187420	0.0004227736234
187421	0.004295856271
187422	0.0009277845754
187423	0.0007862091245
187424	0.003147807794
187425	0.0009552829635
187426	0.002556810991
187427	0.001950330403
187428	0.0005990901319
187429	0.002136229101
187430	0.0008728974282
187431	0.00168722976
187432	0.0004659907619
187433	0.0001888389504
187434	0.0003833701662
187435	0.001205966153
187436	0.002908080129
187437	0.0001924606086
187438	0.0002903482965
187439	0.002216064009
187440	0.0002948835943
187441	0.0003611869803
187442	8.71376124e-06
187443	0.0004564633229
187444	0.0002407342397
187445	0.0009776425265
187446	0.001465182843
187447	0.0002829540206
187448	7.922515816e-05
187449	0.00135967234
187450	0.000118812705
187451	0.0001741829269
187452	0.0008114478862
187453	0.0002466152855
187454	0.001184913427
187455	0.0001750981742
187456	0.001579605578
187457	0.000151456834
187458	0.0005675443442
187459	0.001797170657
187460	0.0002543829905
187461	0.0005413014771
187462	0.0006521476986
187463	6.995036577e-05
187464	0.001087400286
187465	4.362304632e-05
187466	0.00180835904
187467	0.0005272850643
187468	0.0003656701783
187469	0.001028247145
187470	0.001274157105
187471	0.0002251600983
187472	0.001097443538
187473	0.0004208624896
187474	0.001035695699
187475	0.0006015585844
187476	0.0008059834971
187477	0.0002826966628
187478	0.004793049244
187479	0.001882106138
187480	0.001298066723
187481	0.002110812969
187482	0.0007915682213
187483	0.001013203527
187484	0.0001885501912
187485	0.0001162922664
187486	0.0008059885093
187487	0.0003943022329
187488	0.0002979354471
187489	3.936952054e-05
187490	0.001269932674
187491	0.000740736191
187492	0.001838036231
187493	0.001520144008
187494	0.0005842804308
187495	0.005652384262
187496	4.981370901e-05
187497	0.0007051159202
187498	0.003226609782
187499	0.0003749494867
187500	0.0007372551722
187501	0.001631428019
187502	0.0009861202775
187503	0.001141349302
187504	0.00179046971
187505	0.002482799411
187506	0.001504260455
187507	0.001323192818
187508	0.0006842713094
187509	0.001436752832
187510	0.001347069927
187511	0.005627871346
187512	0.0006446582317
187513	0.003199432756
187514	0.002054438606
187515	0.004198458286
187516	0.003686582307
187517	0.003424282724
187518	0.002435296421
187519	0.002652141134
187520	0.003423307422
187521	0.001734898735
187522	0.000537940522
187523	0.0004900586904
187524	0.000673160091
187525	0.0008534725436
187526	0.004822981683
187527	0.0005664933151
187528	0.001732228973
187529	0.001167531323
187530	0.001796312876
187531	0.001433137804
187532	0.002306532895
187533	0.001228520521
187534	0.000646437742
187535	0.0005105704702
187536	0.0005712865622
187537	0.0007670048488
187538	0.005206206328
187539	0.002340330268
187540	0.004965916269
187541	0.003542736066
187542	0.002881392182
187543	0.0007980117478
187544	0.0008821463476
187545	0.0004362610062
187546	0.002497495153
187547	0.001123232451
187548	0.00182988311
187549	0.002222180285
187550	0.000483703119
187551	0.002580946504
187552	0.001510921466
187553	0.002754195805
187554	0.001877259433
187555	0.003355226371
187556	0.001616944241
187557	0.001917578788
187558	0.003303049673
187559	0.001033460104
187560	0.0002381185432
187561	0.0008126356814
187562	0.0006955264041
187563	0.004789915922
187564	0.003556137533
187565	0.0009148144638
187566	0.0006301452417
187567	0.003501893811
187568	0.001187889012
187569	0.001614328168
187570	0.001927321347
187571	0.003113384817
187572	0.0006981266537
187573	0.0002580406989
187574	0.00103246644
187575	0.00255906541
187576	0.001953863412
187577	0.002273259702
187578	0.001390629062
187579	0.0009674588029
187580	0.002905182982
187581	0.0005444694099
187582	0.00203367565
187583	0.003298709994
187584	0.002805806928
187585	0.003433255505
187586	0.004170193779
187587	0.001402166196
187588	0.0004330030006
187589	0.003649062587
187590	0.000848648688
187591	0.004329269352
187592	0.009651427726
187593	0.002101870252
187594	0.005922158148
187595	0.001271250924
187596	0.005871592173
187597	0.0009152837315
187598	0.001204633662
187599	0.007704019373
187600	0.0008947451476
187601	0.002500579137
187602	0.001129156756
187603	0.001995282294
187604	0.0005267342065
187605	0.0006102214331
187606	0.001804864541
187607	0.005176922787
187608	2.412375478e-05
187609	0.004781406404
187610	0.001694700088
187611	0.001038503504
187612	0.001341654159
187613	0.001389993584
187614	0.00177860693
187615	0.009142921692
187616	0.0002422163214
187617	7.171873881e-05
187618	0.002212100475
187619	0.005411853085
187620	0.001168947389
187621	0.005772858654
187622	0.0001149335826
187623	0.002941200758
187624	0.002307108359
187625	0.002595641392
187626	0.0007342477782
187627	0.000948702929
187628	0.001052558937
187629	0.001308172894
187630	0.0006384589455
187631	0.00103266344
187632	0.0009645934119
187633	0.001091460208
187634	0.003463441696
187635	0.002411474415
187636	0.002031281197
187637	0.001610703285
187638	0.0006837165077
187639	0.00261789163
187640	0.007557499244
187641	0.002277714485
187642	0.002502756133
187643	0.001516948854
187644	0.001658844029
187645	0.0006063679441
187646	3.863503092e-05
187647	0.003716725328
187648	7.035300814e-05
187649	0.001550207678
187650	0.0001714650173
187651	0.001121618416
187652	0.0002002109578
187653	0.0008018332598
187654	0.007560949881
187655	0.0002049539389
187656	5.181324102e-05
187657	0.001555404879
187658	0.003640181306
187659	0.0007298336373
187660	0.002002204636
187661	0.0001599901846
187662	0.0001246523256
187663	0.0002367377999
187664	0.0002047377214
187665	0.0001351046636
187666	0.004509183944
187667	7.41649452e-05
187668	0.00219445488
187669	0.0003223542158
187670	0.0001309086862
187671	0.002361621531
187672	0.0001143513788
187673	0.003154514572
187674	0.0003018302206
187675	0.0009647728852
187676	0.0002256691482
187677	0.0004619591218
187678	0.0002162629364
187679	0.0007421865162
187680	0.0003725262341
187681	0.000221334206
187682	0.006321221424
187683	0.002512475092
187684	0.003071154759
187685	0.0003344289152
187686	0.000212060826
187687	0.001711430387
187688	0.0007123114922
187689	0.005544382388
187690	0.001259962823
187691	0.002645583808
187692	4.804914741e-05
187693	7.867553019e-05
187694	0.0006412056427
187695	0.0001038406423
187696	0.0005815094904
187697	3.92410338e-05
187698	8.947494407e-05
187699	0.00123331774
187700	0.0001471952795
187701	0.0007746362236
187702	1.067490729e-05
187703	0.002327735499
187704	0.0008425678881
187705	0.001534218074
187706	0.001530253134
187707	0.005045780628
187708	0.002060558355
187709	0.0001442157257
187710	0.0001179996486
187711	0.003291437879
187712	0.0001094478366
187713	0.002265928704
187714	0.0009433859884
187715	0.001266693294
187716	0.0009541838336
187717	0.0002358361855
187718	5.644653283e-05
187719	0.000450383986
187720	0.0007252853633
187721	0.0008202495291
187722	0.0009883946165
187723	0.002958594686
187724	0.003328205169
187725	0.002813884376
187726	0.00158949582
187727	0.002548487596
187728	0.002679705879
187729	0.0001749069933
187730	0.00115326157
187731	0.0007291801988
187732	0.0005558554376
187733	0.0004670890034
187734	0.0003708893805
187735	4.354166054e-05
187736	0.003107354543
187737	0.001581685279
187738	0.0009831177571
187739	0.0002174987826
187740	0.004055068418
187741	0.001142006656
187742	0.003833393533
187743	5.868581841e-05
187744	0.003136681116
187745	0.001251198982
187746	0.00481080856
187747	0.003507829032
187748	0.003717408041
187749	0.0005534439184
187750	0.009299374406
187751	0.0007915848257
187752	0.0004090851981
187753	0.0006132721798
187754	0.001114935751
187755	0.0005138839558
187756	7.280109313e-05
187757	0.006442510754
187758	0.0002423618609
187759	0.001476605123
187760	0.000627562549
187761	0.001366359773
187762	0.0001524257056
187763	0.002964663227
187764	0.001413695273
187765	0.00844612103
187766	0.000958483666
187767	0.003505887077
187768	0.001712339673
187769	0.002281470506
187770	0.002234921601
187771	0.002435990203
187772	0.004951499628
187773	0.005484299253
187774	0.004372624129
187775	0.005503169035
187776	0.00109901016
187777	0.00174088364
187778	0.001173406071
187779	0.001752961676
187780	0.001998225452
187781	0.004084013539
187782	0.0005014926586
187783	0.001066746303
187784	0.002124837458
187785	0.0002936140758
187786	0.001736078111
187787	0.001392425827
187788	0.0006703141382
187789	9.261553248e-05
187790	0.002093263974
187791	0.004537254841
187792	0.005515075768
187793	0.002412132055
187794	0.001435357156
187795	0.0008777196343
187796	0.0005580673286
187797	0.004063667665
187798	0.009794060732
187799	0.002816370713
187800	0.002482259618
187801	0.003648869146
187802	0.0002798173746
187803	0.003514477749
187804	0.0003130388968
187805	0.001884814454
187806	0.00269824784
187807	0.001443791135
187808	2.760443765e-06
187809	0.001342678621
187810	0.0008727694505
187811	0.0009881312871
187812	7.472266252e-05
187813	4.261988186e-06
187814	0.0004018140537
187815	0.0001187438313
187816	0.000279666673
187817	0.001015747757
187818	0.0003993527754
187819	0.001599238633
187820	0.0008527600238
187821	0.004898713145
187822	0.001226354119
187823	0.001982674149
187824	0.002017825752
187825	0.001150997458
187826	0.001446876971
187827	0.0009851772183
187828	0.0005735017907
187829	0.001268164804
187830	0.0001333437045
187831	0.00021110531
187832	0.0006598152633
187833	4.960872174e-05
187834	0.0001323511353
187835	0.0002717323867
187836	0.0003778984091
187837	0.0007694570778
187838	0.00297630562
187839	0.001661025233
187840	0.003363483743
187841	0.0009632062179
187842	0.002044936909
187843	0.0003127976128
187844	0.003200896562
187845	0.003648696289
187846	0.002053663546
187847	0.002871925955
187848	0.0009097206519
187849	0.002716330652
187850	0.0002618075663
187851	0.001155208268
187852	7.187993156e-06
187853	0.002834846254
187854	0.0001067242876
187855	0.0008034318653
187856	0.0006993727043
187857	0.003087422038
187858	0.001652487083
187859	0.002277267782
187860	0.003010863397
187861	0.001506053808
187862	0.002559756961
187863	0.001583459887
187864	0.0007449970454
187865	0.0003148810213
187866	0.00229094465
187867	0.001739044863
187868	0.0009634275971
187869	0.0001621307723
187870	0.0007875841586
187871	0.003617380775
187872	0.003988531065
187873	0.0001465742783
187874	0.0001996385033
187875	0.001545028093
187876	0.0004881796453
187877	0.001475178763
187878	7.506803066e-05
187879	0.001266263807
187880	0.001189206683
187881	0.002728451701
187882	0.0007794103644
187883	0.0009486988343
187884	0.000411367871
187885	0.0007784616387
187886	0.000652705006
187887	0.003078478266
187888	0.0002602330146
187889	0.001664009732
187890	0.0005123637637
187891	0.003339213365
187892	0.000614368352
187893	0.003027821243
187894	0.001513607119
187895	0
187896	3.044702227e-05
187897	0.0002910586608
187898	0.0007017081173
187899	0.0007023577151
187900	0.001231306181
187901	0.003102848714
187902	0.002707744016
187903	0.0002668511319
187904	0.002349719392
187905	0.005235980337
187906	0.003485513443
187907	0.001212172527
187908	6.577612168e-05
187909	0.003168404978
187910	0.002191722549
187911	0.006053673815
187912	0.0004561085375
187913	0.002430888031
187914	0.002476801538
187915	0.002456205049
187916	0.002451830957
187917	0.0007183902594
187918	4.686785104e-06
187919	0.003215684547
187920	0.00122616228
187921	0.003254951169
187922	0.004015048568
187923	0.003973224791
187924	0.002652618978
187925	0.00036254477
187926	0.001802442161
187927	0.001507711364
187928	0.002131587678
187929	0.0006414443711
187930	0.001645341018
187931	0.0004638752983
187932	0.000941530935
187933	0.001106531928
187934	0.001347280683
187935	0.000823295053
187936	0.0001480716833
187937	0.001462741579
187938	0.002705067941
187939	0.002171116904
187940	0.003672222954
187941	0.001253907221
187942	0.001437048124
187943	0.001040740149
187944	0.0003076105061
187945	0
187946	0.00223802409
187947	0.00455781364
187948	0.002568205475
187949	0.0006542383177
187950	0.0004923092161
187951	0.00118432565
187952	0.002186381795
187953	0.00143150035
187954	0.003763526013
187955	0.001364181443
187956	0.0005184014582
187957	0.00112108654
187958	0.0005193196936
187959	0.002293814774
187960	0.001516078226
187961	0.001433549613
187962	0.003741139197
187963	0.003870775143
187964	0.001564765815
187965	0.001483536712
187966	0.0017673759
187967	0.001962223487
187968	0.001569199831
187969	0.001383021957
187970	0.001378030923
187971	0.002531875148
187972	0.00268083779
187973	0.002301072988
187974	0.007057930536
187975	0.003316554676
187976	0.002889863999
187977	0.0005283761052
187978	0.002870689359
187979	0.001306394645
187980	0.0001532677109
187981	0.0004954657177
187982	0.0001564392012
187983	9.815841865e-05
187984	0.0004894561456
187985	0.0002224809521
187986	0.0008981315185
187987	0.0003009045133
187988	0.000389078257
187989	0.002040527018
187990	0.003920117229
187991	0.000174524057
187992	0.00227097416
187993	0.001162505741
187994	0.0008887384602
187995	0.002112693605
187996	0.0004730141185
187997	0.003382013092
187998	0.002022663544
187999	0.0007388758294
188000	0.009986107912
188001	0.0001296586623
188002	0.003577666822
188003	0.00419875852
188004	0.002342802915
188005	0.002293551164
188006	0.001665427354
188007	2.466610238e-05
188008	0.0004618797027
188009	0.001058786364
188010	0.002400653701
188011	0.0005571240164
188012	0.002046310795
188013	0.0009393319131
188014	0.003591763211
188015	0.001990493662
188016	0.002450300056
188017	0.00209543636
188018	0.0002775590369
188019	0.0002374848508
188020	0.003895335176
188021	0.0004726121287
188022	0.001475012433
188023	0.001987917948
188024	0.0006056131265
188025	0.0001661002958
188026	6.414351364e-05
188027	0.0003949444538
188028	0.0003731877586
188029	0.002636651626
188030	0.002283645463
188031	0.004416162424
188032	0.001898721574
188033	0.0002637595131
188034	0.0009638486712
188035	8.767449655e-05
188036	0.004954532874
188037	0.009527468731
188038	0.0001852500514
188039	0.005758810455
188040	0.002613679212
188041	0.0004967278603
188042	0.0001479683277
188043	0.001857548932
188044	0.001526226605
188045	0.006462416223
188046	0.001070787944
188047	7.67482185e-05
188048	0.0009085313197
188049	0.0003652859209
188050	0.003158538066
188051	0.004489413565
188052	0.0004522078842
188053	0.003995448637
188054	0.003167078836
188055	0.001677190779
188056	0.002748405052
188057	0.001694516176
188058	0.004437973389
188059	0.00392947906
188060	0.002724997389
188061	0.002805377117
188062	0.001020888477
188063	0.004582497134
188064	0.0004961153459
188065	0.0001075528093
188066	0.0005835676302
188067	0.0003476509961
188068	0.0006771949657
188069	0.001516108357
188070	0.003283529627
188071	2.92963042e-05
188072	0.002050131274
188073	0.007639957243
188074	0.0008601254327
188075	0.003385383161
188076	0.006169204757
188077	0.0008267858562
188078	0.0001553949891
188079	0.0005575039435
188080	0.001625367586
188081	0.0004031346792
188082	0.0005227203822
188083	0.000805742304
188084	0.0004604665362
188085	0.001155973849
188086	0.0005023685113
188087	0.004607114465
188088	0.0007961033986
188089	0.0004916318763
188090	0.001712884376
188091	0.00120145973
188092	0.00123321949
188093	0.000990667682
188094	0.001757713982
188095	0.001493675389
188096	0.00136075572
188097	0.002333456456
188098	0.0001989947174
188099	0.001558544249
188100	0.001234636114
188101	0.0009324870861
188102	0.00368005697
188103	0.002666023332
188104	0.006567724064
188105	0.0009160585889
188106	0.000666251794
188107	0.001807610772
188108	0.003779392611
188109	0.005176810787
188110	0.0008296367429
188111	0.002765656733
188112	0.0001146529577
188113	0.001969065208
188114	0.002157177916
188115	0.0001139235264
188116	0.004493493666
188117	0.003523312883
188118	0.002343388863
188119	0.001408656389
188120	0.006151095983
188121	0.00123156858
188122	0.0005289712609
188123	0.0004919183976
188124	0.008823292858
188125	0.0008686629193
188126	0.00176588442
188127	0.0001514001096
188128	0.0010801272
188129	0.002421817033
188130	0.005857622328
188131	0.004517345478
188132	0.00457816708
188133	0.002849729423
188134	0.001824997411
188135	0.0003046418964
188136	0.0001921123162
188137	0.00588302215
188138	0.0001364939923
188139	0.0007587614354
188140	0.006510437187
188141	0.003426438782
188142	0.001946092216
188143	0.004688843542
188144	0.001579962469
188145	0.0003556824648
188146	0.004102529292
188147	0.005526456381
188148	0.001233691041
188149	0.0009622098026
188150	0.002182381319
188151	0.008812704762
188152	0.001629122856
188153	0.002789930025
188154	0.003063426327
188155	0.0005981268928
188156	0.0001852320399
188157	0.002395571929
188158	0.002768300668
188159	0.001177757073
188160	0.0004938052845
188161	0.0005503513349
188162	0.002160433635
188163	0.0006970810821
188164	0.001471069627
188165	0.0003842242018
188166	0.001940008197
188167	0.0004526600382
188168	0.006644279773
188169	0.0003935339763
188170	0.001582440462
188171	0.001026754478
188172	0.003483196667
188173	0.003428302288
188174	0.001535059714
188175	0.0004328164969
188176	0.0001372707288
188177	0.003460408387
188178	0.00579786453
188179	0.0015485654
188180	0.0005145353609
188181	0.00139801783
188182	0.001514127017
188183	0.002841493529
188184	0.001059515504
188185	0.0002495331466
188186	0.002010826909
188187	0.001662787038
188188	3.275288748e-05
188189	0.004823822383
188190	0.00342044673
188191	0.001374048207
188192	0.0009099741028
188193	0.0001114672098
188194	0.003506745074
188195	0.0002977552987
188196	0.001388268408
188197	0.000445485687
188198	0.002168555686
188199	0.001891665436
188200	0.0004916339252
188201	0.005276488443
188202	0.00142556631
188203	0.001093145975
188204	0.0009647080601
188205	0.001656151712
188206	0.001224434721
188207	2.939092443e-05
188208	0.001275759912
188209	0.002160311595
188210	0.0004347042634
188211	0.004557983778
188212	7.967607645e-05
188213	0.0002694207539
188214	0.0001709563049
188215	0.0001837053652
188216	0.004682171166
188217	0.001802492772
188218	0.003582638303
188219	0.002480360837
188220	0.001885367062
188221	0.006616886003
188222	0.001632566989
188223	0.00119562891
188224	0.0006336995867
188225	0.006232238861
188226	0.0002529680937
188227	0.001149139891
188228	0.001999848624
188229	6.682873422e-05
188230	0.002771387021
188231	0.0003319601082
188232	0.0001214508673
188233	0.004852562637
188234	0.0002130774867
188235	0.00344088531
188236	0
188237	0.00254871765
188238	0.0001920128756
188239	0.001397766921
188240	0.002813563304
188241	0.001633537179
188242	0.0008928446701
188243	0.003691148624
188244	0.002839413351
188245	0.001184135848
188246	0.001848313697
188247	0.002290052803
188248	0.002183361012
188249	0.004555079365
188250	0.00392288462
188251	0.0004043366746
188252	4.701935205e-05
188253	0.0005898009615
188254	0.0001530697644
188255	0.0006990233421
188256	0.001898040976
188257	0.001383090707
188258	0.002285827388
188259	0.002688951922
188260	0.004412588378
188261	0.00169412183
188262	0.0002975753989
188263	0.000644050813
188264	0.0003423873293
188265	0.00266542885
188266	0.003707756338
188267	0.007180766368
188268	0.002594132291
188269	0.003032036444
188270	0.000812711931
188271	0.0007233337643
188272	0.0002267553899
188273	0.0004765641294
188274	0.004290839382
188275	0.001413674379
188276	0.0003115766596
188277	0.005922209882
188278	0.003152734524
188279	0.001609887617
188280	0.00062834893
188281	0.0005490033779
188282	0.0005003747021
188283	0.0002740984117
188284	3.813895004e-05
188285	0.002826031363
188286	0.0005084525733
188287	0.003807008493
188288	0.003643142674
188289	0.001095034551
188290	0.001648527179
188291	0.001175488426
188292	0.002417200252
188293	0.002114315115
188294	0.001410816139
188295	0.002458480182
188296	0.004765063733
188297	0.004847483795
188298	0.0002426548913
188299	0.00168189161
188300	0.0001033879239
188301	0.001085420778
188302	0.004822926816
188303	0.0040174275
188304	0.003221482002
188305	6.589132872e-05
188306	0.002436942114
188307	0.00165700801
188308	0.001365396876
188309	0.001738919063
188310	0.0007524801573
188311	0.003075112507
188312	0.002157866332
188313	0.001582621711
188314	2.391786435e-05
188315	0.004446902845
188316	0.001906216716
188317	0.002038581409
188318	0.0003744377388
188319	0.001850514353
188320	0.005283438627
188321	0.001203963591
188322	0.002899523951
188323	0.004506786466
188324	0.002074583664
188325	0.00170306654
188326	0.001619155397
188327	0.0004861258214
188328	0.001788256869
188329	0.0009741493116
188330	0.004822935423
188331	0.001393968759
188332	0.001275460192
188333	0.005521511784
188334	0.002822274589
188335	0.00240340366
188336	0.001757165022
188337	0.0004241141356
188338	0.000863634023
188339	0.001179809252
188340	0.002398115149
188341	0.001957191786
188342	0.003860749943
188343	0.002355578477
188344	0.001697671715
188345	0.002350432201
188346	0.004528899284
188347	0.003598204969
188348	0.002877191764
188349	0.0003195747549
188350	0.002539555767
188351	0.00462820621
188352	0.002814129952
188353	0.001926556739
188354	0.005034470252
188355	0.0003497394409
188356	0.000948424662
188357	0.003648357056
188358	0.0005721305071
188359	0.00137991944
188360	0.00457232812
188361	0.004610326388
188362	0.001196952602
188363	0.003010530332
188364	0.0011265454
188365	0.0008911356598
188366	0.005123227092
188367	0.0001949853616
188368	0.0002405433802
188369	0.00259365929
188370	0.001641772761
188371	0.002700281632
188372	0.0001792321361
188373	0.002506560528
188374	0.001680721136
188375	0.004765318068
188376	0.0002679126193
188377	0.005785263593
188378	0.0005262738137
188379	0.0002015460325
188380	0.004478588891
188381	0.001992522162
188382	0.001905043516
188383	0.0008924742595
188384	0.005551652654
188385	0.001687190108
188386	0.001056557513
188387	0.002567409982
188388	0.003271611367
188389	0.008521760475
188390	0.001288390347
188391	0.001206700399
188392	0.004958321587
188393	0.003275372238
188394	0.002620486617
188395	0.001662140805
188396	0.003216462154
188397	0.002447102116
188398	0.0003061195568
188399	0.001944878791
188400	0.0009159642637
188401	0.001906331984
188402	0.004922121979
188403	0.002253068025
188404	0.0005476161907
188405	0.0004049853508
188406	0.00235452326
188407	0.0001448792715
188408	0.0001429288749
188409	0
188410	0.005245017305
188411	0.00155461034
188412	0.00336044221
188413	0.004250269012
188414	0.0001175058822
188415	0.0002496376155
188416	0.001577067739
188417	0.003404624265
188418	0.001675190706
188419	0.0003116641397
188420	0.007310133574
188421	0.001226624964
188422	0.00287595189
188423	0.0008950805878
188424	0.007483023035
188425	0.00206831567
188426	0.0007595241572
188427	0.0004417925366
188428	0.0004834919634
188429	0.002581794748
188430	0.003596160792
188431	0.002260311849
188432	0.001736115891
188433	0.00237771912
188434	0.003039027446
188435	0.0006957515671
188436	0.001140478918
188437	0.006756739538
188438	0.000793694454
188439	0.001395888307
188440	0.0006790344944
188441	0.001220100026
188442	4.500502641e-05
188443	0.0002057219212
188444	0.0001827336546
188445	0.005301858417
188446	0.0008584027346
188447	0.003293341919
188448	0.002887743058
188449	0.002900205717
188450	0.002249553136
188451	0.0004015641955
188452	0.0013454918
188453	0.005646840621
188454	0.004277489192
188455	0.001019845498
188456	0.0005851304275
188457	0.001486353775
188458	0.0001255101766
188459	0.006120036341
188460	0.00184439889
188461	0.0004390333179
188462	0.00553094181
188463	0.0005021326326
188464	0.0004377733449
188465	0.002364234261
188466	0.001778394408
188467	0.003199709484
188468	0.001479162327
188469	0.004723367643
188470	0.00134371493
188471	0.001680113564
188472	0.000661983141
188473	0.0008227235663
188474	0.002429831078
188475	0.001232639352
188476	0.0016802342
188477	4.209294427e-05
188478	0.003470473996
188479	0.0006348041883
188480	0.0005967840126
188481	0.002504460325
188482	0.0003009626039
188483	0.003954574033
188484	0.0003776488476
188485	0.0003644671093
188486	0.002481860582
188487	4.773687817e-05
188488	0.00398781129
188489	0.002733176548
188490	0.002030811248
188491	0.0008231167385
188492	0.002320194824
188493	0.0001908612208
188494	0.003718640249
188495	0.001797979705
188496	0.002870155915
188497	0.0002767401901
188498	0.002136974601
188499	0.0008646387989
188500	0.0004520364192
188501	0.001674015523
188502	0.001820612704
188503	0.004730295732
188504	0.004257869016
188505	0.005226703241
188506	0.002059296134
188507	0.001815694626
188508	0.00479618528
188509	0.004888697784
188510	0.0002425499525
188511	0.001376762353
188512	0.002877943452
188513	0.004866416676
188514	0.0008568330164
188515	0.0009383531436
188516	0.000691580122
188517	0.001176000977
188518	0.0007493965879
188519	0.003562804197
188520	0.0004484458334
188521	0.0008674378
188522	0.004069183222
188523	0.001493480411
188524	0.002436116414
188525	0.001626536623
188526	0.0004828216225
188527	0.006196862477
188528	0.002672373938
188529	0.0006746762032
188530	0.005117960435
188531	2.922657895e-05
188532	0.006475446771
188533	7.25832297e-05
188534	0.0002009509002
188535	7.524325422e-05
188536	0.002853390674
188537	0.002539909691
188538	0.006410219782
188539	0.001899602456
188540	0.001192062196
188541	0.0004824582539
188542	0.0009471443381
188543	0.001753925416
188544	0.001109714863
188545	0.002567889475
188546	0.001379926263
188547	0.001671203702
188548	0.006770434511
188549	0.001335907925
188550	0.000269727809
188551	0.002167446539
188552	0.003763791661
188553	0.001643652007
188554	0.01082728063
188555	0.005559337002
188556	0.0005480302704
188557	0.0001402434544
188558	0.0009304252279
188559	0.003694002429
188560	0.002207136265
188561	1.061015971e-05
188562	0.0001079998072
188563	0.006135029657
188564	0
188565	0.0002370249382
188566	0.0009933974049
188567	0.002994546636
188568	0.004987356885
188569	0.001401034931
188570	0.002802619988
188571	0.007211035265
188572	0.002237520977
188573	0.0002760724986
188574	0.0005261105126
188575	0.0003060697569
188576	0.0007088497196
188577	0.003833468603
188578	0.000721729392
188579	0.001466823891
188580	0.004957881325
188581	0.002384829015
188582	0.0006257745651
188583	0.001399192457
188584	0.001606298245
188585	0.002590106767
188586	0.0006222595256
188587	0.0007337867314
188588	0.001942172922
188589	0.001015147501
188590	0.003176314997
188591	0.003145873722
188592	0.002621084661
188593	0.0007164577932
188594	3.920719925e-05
188595	0.003775508669
188596	0.001705094208
188597	0.002711280484
188598	0.001738139615
188599	0.0006969246587
188600	0.007802130996
188601	0.002759702294
188602	0.003286408495
188603	0.002660996469
188604	0.002049103097
188605	0.000834059757
188606	0.000807684531
188607	0.004058441699
188608	0.002687586128
188609	0.0009291842513
188610	1.87261597e-05
188611	0.0006753742798
188612	0.002176159593
188613	0.003339554715
188614	0.004800887672
188615	0.0006109429622
188616	0.004714004463
188617	0.001694332461
188618	0.001673485831
188619	0.004706659168
188620	0.002755786585
188621	0.0009843243411
188622	0.001115305051
188623	0.002404230535
188624	0.001225757712
188625	0.002601220482
188626	0.001403429784
188627	0.0004472856528
188628	0.002440042988
188629	0.0009129097401
188630	0.003486444634
188631	0.001081824323
188632	0.0005008798185
188633	0.001620520397
188634	0.0002056149725
188635	0.001758853966
188636	0.004144050335
188637	0.001431874228
188638	0.001681209499
188639	0.003832125368
188640	0.003676551979
188641	0.002526791387
188642	0.001535835533
188643	0.0006802845275
188644	0.0007114001859
188645	0.001888769117
188646	0.002627006546
188647	0.002536753844
188648	0.001524156058
188649	0.002100175222
188650	0.0006188140962
188651	0.004365096808
188652	0.00202991575
188653	0.001640326968
188654	0.004584479203
188655	0.002065988156
188656	8.672510217e-05
188657	0.004519610045
188658	0.0007646839167
188659	0.0002310463903
188660	0.001120429226
188661	0.0004092204563
188662	0.002347404986
188663	0.0004133738556
188664	0.00371742951
188665	0.009317543963
188666	0.008047186721
188667	0.002674695584
188668	0.0003571587896
188669	0.003773425181
188670	0.002108156035
188671	0.003063047607
188672	0.002068865058
188673	0.0009374305971
188674	0.003916866942
188675	0.003538371559
188676	0.001939343039
188677	0.0001969760703
188678	0.001345560786
188679	0.001698964513
188680	0.0007542166142
188681	0.005071925662
188682	0.008797774121
188683	0.001333127913
188684	0.0009939685661
188685	0.001589127914
188686	0.003201049179
188687	0.002424812578
188688	0.003113835319
188689	0.001997857474
188690	0.003765818261
188691	0.003901428649
188692	0.005835430721
188693	0.002227053197
188694	0.003568745649
188695	0.004256803531
188696	0.005614084704
188697	0.003238347289
188698	0.000112913639
188699	0.005277192464
188700	0.003492173778
188701	0.002830643884
188702	0.002618719144
188703	0.0004834597162
188704	0.003012378819
188705	0.002734147284
188706	0.0002834906819
188707	0.004137031833
188708	0
188709	0.00467215267
188710	0.000731838879
188711	0.0007776642278
188712	0.0006430230979
188713	0.000824528174
188714	0.001446981037
188715	0.001823287378
188716	0.0007167750167
188717	0.007987933812
188718	0.004821731413
188719	0.001651852551
188720	0.003506952029
188721	0.00498804789
188722	0.0005312592783
188723	0.00257617139
188724	0.003596916507
188725	0.004759799762
188726	0.003388334896
188727	0.00051259887
188728	0.002004801555
188729	0.001588463052
188730	0.0009000687498
188731	0.0001815122073
188732	6.61419464e-05
188733	0.0004847052885
188734	0.0009371983676
188735	0.0007615232152
188736	0.0004712503132
188737	0.0002956565395
188738	0.0002599936126
188739	0.0006403753092
188740	0.0003538446243
188741	0.0005160536915
188742	0.001389918795
188743	0.0002078662354
188744	0.0004857793033
188745	0.001602148106
188746	0.0006049524408
188747	8.255635685e-05
188748	0.001201818633
188749	0.000511573319
188750	0.0003963240266
188751	8.220823817e-05
188752	0.0003788966333
188753	0.000174208825
188754	0.0002908612777
188755	1.3777633e-05
188756	0.000114431878
188757	0.0002913016163
188758	0.0001203861087
188759	0.0002518948084
188760	2.657272601e-05
188761	0.001078551822
188762	0.003965980455
188763	0.0007893932717
188764	0.002371999119
188765	0.004431105441
188766	0.00128135421
188767	0.0002542919059
188768	7.923051038e-05
188769	9.655291477e-05
188770	1.471773219e-05
188771	0.0001574368824
188772	0.0001723895468
188773	0.0001997451368
188774	0.0003904747775
188775	4.631936789e-05
188776	0.0003632264375
188777	0.0009116112085
188778	0.0004308765065
188779	0.000898253695
188780	4.872513655e-06
188781	0.00034600913
188782	0.000415523016
188783	1.405042636e-05
188784	0.006665162114
188785	0.001117568604
188786	8.129879708e-05
188787	0.0002428810913
188788	0.0001804471509
188789	0.0003531649189
188790	0.0002006439628
188791	1.268490455e-05
188792	0.0003698136143
188793	0.0001729913747
188794	6.046586185e-06
188795	0.000694984696
188796	0.0004616909834
188797	0.0007604848875
188798	0.0001804710463
188799	2.966165527e-05
188800	0.0003207087025
188801	0.003994398579
188802	0.002335741883
188803	0.003315991972
188804	0.001499973961
188805	3.792955073e-05
188806	0.006306844804
188807	0.0001535697724
188808	0.00134975457
188809	0.0007418148265
188810	0.001671495987
188811	0.001061655488
188812	0.001662500236
188813	0.003200707736
188814	0.003254254045
188815	0.002566257962
188816	0.002807069257
188817	0.002540674042
188818	6.420621516e-05
188819	0.00133528131
188820	0.002485164517
188821	0.00624972757
188822	0.004019419562
188823	0.001923735845
188824	0.0003500007102
188825	0.0005427512339
188826	0.0009521490085
188827	0.001450856975
188828	0.0001751624991
188829	0.001615725342
188830	0.003497658361
188831	0.003651276072
188832	0.001123785821
188833	0.000575081024
188834	0.002446579352
188835	0.003201714998
188836	0.00317591211
188837	0.002436558802
188838	0.001260937867
188839	0.001311167783
188840	0.001203292926
188841	0.0006024823252
188842	0.0005763019204
188843	0.0007974867681
188844	0.0006913252258
188845	0.000685857195
188846	0.0003853576293
188847	0.0006879228318
188848	0.0009017102541
188849	0.002553412416
188850	0.002675811133
188851	0.002630179314
188852	0.0008427152863
188853	0.0008705688812
188854	0.0003932281314
188855	0.0003877191569
188856	0.0009007817955
188857	0.0006757784331
188858	0.0004940335462
188859	0.0001103126227
188860	0.0001507831987
188861	0.004635939008
188862	0.0003576839328
188863	0.0004828718226
188864	0.004466643785
188865	0.00128664583
188866	0.001066412435
188867	0.003667067485
188868	0.002285530896
188869	0.000624463712
188870	0.003454046987
188871	0.001239239796
188872	0.0001660080392
188873	0.002814752469
188874	0.0004459810317
188875	0.00232985245
188876	0.002403009084
188877	0.001829144376
188878	0.0006790742176
188879	0.001006639841
188880	0.0002370601096
188881	0.004172860075
188882	0.002565381351
188883	0.002531349491
188884	0.0002169025749
188885	0.005127084996
188886	0.004612843924
188887	0.003070571962
188888	0.0002101682667
188889	0.0008031047705
188890	2.256483935e-07
188891	0.0008154408805
188892	0.0009687557397
188893	0.001515173111
188894	0.000517006478
188895	0.0006998903642
188896	0.0007679870769
188897	0.0003350091735
188898	0.0008057626088
188899	0.0001515809167
188900	0.0001709553407
188901	0.0001400450719
188902	0.001586837115
188903	0.006742854156
188904	0.001376193459
188905	0.003020233824
188906	0.003387026381
188907	0.000423882149
188908	0.002558065033
188909	0.001757903128
188910	0.001636439418
188911	0.001242557299
188912	0.0020608487
188913	0.0001413360054
188914	4.197281515e-05
188915	0.001172984369
188916	0.0008340909123
188917	0.0005328712476
188918	0.002069325231
188919	0.001252988682
188920	0.0006529146359
188921	0.000583733375
188922	0.001052229096
188923	0.001207664509
188924	0.001376136406
188925	0.00104404111
188926	3.704590233e-05
188927	0.00193215519
188928	0.002087180178
188929	0.001009489108
188930	0.0004355791364
188931	0.00229382807
188932	0.003131530722
188933	0.006298936773
188934	0.0004531006751
188935	0.0001658246763
188936	0.003242793767
188937	0.001811045012
188938	0.002507963471
188939	0.001049131197
188940	0.001472662453
188941	0.002381999756
188942	0.003640412261
188943	0.001395511272
188944	0.002795096251
188945	0.0002395095949
188946	0.002558796149
188947	0.003849888505
188948	0.000430617907
188949	0.00474959944
188950	0.0009341473591
188951	0.001090726477
188952	0.0006745207392
188953	0.001206815128
188954	0.00206576981
188955	0.002157662461
188956	0.001679192101
188957	0.0006111688563
188958	0.002406466843
188959	0.001704253746
188960	0.001050435034
188961	0.001566632629
188962	0.004459494934
188963	0.001327954705
188964	0.000287997456
188965	0.0001454193833
188966	0.001735331277
188967	0.002338431023
188968	0.002439307098
188969	0.001752176367
188970	0.001017553209
188971	0.002540899145
188972	0.00276550285
188973	0.002468065429
188974	0.0014060213
188975	0.00121370855
188976	0.00180906311
188977	0.001237221063
188978	0.0001928850533
188979	2.17843755e-05
188980	0.0006174343773
188981	0.0008907998936
188982	0.002112769499
188983	0.002420428984
188984	0.0001883920401
188985	0.001445356598
188986	0.0003279793747
188987	0.001617434649
188988	0.001456350727
188989	0.0007465892003
188990	0.0006198422777
188991	0.002038781922
188992	0.0005762445195
188993	0.001024040035
188994	0.001117501248
188995	0.001068902764
188996	0.001595183172
188997	0.0002169556233
188998	0.0004783416012
188999	0.0004039954198
189000	0.0002607144623
189001	0.003764753807
189002	0.002154731837
189003	0.00313796096
189004	0.00271736837
189005	0.001606450311
189006	0.0004806614846
189007	0.0003102553093
189008	0.0007092239835
189009	3.404692382e-05
189010	0.002461302699
189011	5.447734882e-06
189012	0.001347618669
189013	0.0007244846023
189014	0.003077612534
189015	0.00347248829
189016	0.004866523493
189017	0.005235901055
189018	0.001155105097
189019	0.002116189861
189020	0.0003580940698
189021	0.004571748629
189022	0.001587712524
189023	0.0003168264981
189024	0.0003391628879
189025	0.0007600213226
189026	0.00346503555
189027	0.002585243046
189028	0.0003678870666
189029	0.003654196962
189030	0.002130345693
189031	0.002283434519
189032	0.003704839711
189033	0.0001369694537
189034	0.001141165006
189035	0.002375928367
189036	0.0008077446448
189037	0.0002864165291
189038	0.0008957351074
189039	1.331939333e-05
189040	0.003433162638
189041	0.0005619427356
189042	0.0001140166955
189043	0.002172247987
189044	0.0004264801304
189045	0.0004566958664
189046	0.0004559020588
189047	0.000200940194
189048	0.002278818569
189049	0.0001586757495
189050	0.001275020951
189051	0.001093061872
189052	0.00301449634
189053	0.001721509605
189054	0.002259879517
189055	0.0003679102484
189056	0.002153128565
189057	0.004483247901
189058	0.000171562422
189059	0.001556031189
189060	0.000258394745
189061	0.0004173049751
189062	0.0003821959492
189063	0.0003850730239
189064	0.0004177062076
189065	7.63088186e-05
189066	0.0002049634692
189067	0.0003468656143
189068	0.0007824048426
189069	0.0006457542241
189070	1.393856187e-05
189071	3.385120546e-05
189072	0.000281776099
189073	0.000562865341
189074	0.0003067255278
189075	0.00129514253
189076	0.001439929121
189077	5.799158071e-05
189078	0.0003041242326
189079	0.0002763969979
189080	0.0001198750135
189081	0.002621941601
189082	0.0004895765267
189083	0.001565992868
189084	0.002728897202
189085	0.0008777786862
189086	0.0007921368832
189087	0.0007358835563
189088	0.002493076242
189089	0.0003710603739
189090	0.001743824791
189091	0.003738157191
189092	0.0024425678
189093	8.661737641e-05
189094	0.0001265112605
189095	0.0008631490438
189096	0.0001814429252
189097	0.001119458559
189098	0.001478370336
189099	0.001097527706
189100	0.001361414575
189101	0.0003210511326
189102	0.0001404995221
189103	6.513377024e-05
189104	0.005824491837
189105	0.001656630094
189106	0.0002415620392
189107	0.001040108737
189108	0.004547966781
189109	0.0003138206285
189110	0.0004929922185
189111	0.001259166014
189112	0.0006913647693
189113	2.857096386e-05
189114	3.650385626e-05
189115	0.0004662228689
189116	0.001382115404
189117	0.002144866489
189118	0.0004104606514
189119	0.0002613792318
189120	0.001236712303
189121	0.0003102949178
189122	0.001343524105
189123	0.0002762010347
189124	0.002810574631
189125	0.0003379207361
189126	0.001595820654
189127	0.0007158628292
189128	0.0004320782297
189129	0.002664535648
189130	0.001313197424
189131	0.0004419575184
189132	0.001611824583
189133	0.0005998781789
189134	0.0006558189672
189135	0.003716944368
189136	0.000231461649
189137	0.004926693575
189138	0.0005034300659
189139	0.002092082078
189140	0.004647303916
189141	0.008575088427
189142	6.79278056e-05
189143	0.002929469592
189144	0.001371322653
189145	0.0003958397865
189146	0.002145552938
189147	0.003309897975
189148	0.001674101315
189149	0.0004384156272
189150	0.0002877708079
189151	0.0001165149112
189152	0.0003905976018
189153	0.001940894285
189154	0.002930323353
189155	0.001029614919
189156	0.001698344184
189157	0.00113130858
189158	0.0006499061987
189159	0.001540554618
189160	0.0004784299049
189161	0.0006622994345
189162	0.003120420913
189163	0.001297044618
189164	0.0005414754679
189165	0.0025336287
189166	0.002584151083
189167	0.003551678115
189168	0.002299381361
189169	0.005153506104
189170	0.001438048739
189171	0.0009753358991
189172	0.001569872307
189173	0.0001192298707
189174	4.950697229e-05
189175	0.0004565209686
189176	0.0004917001156
189177	0.0001996137115
189178	0.003301997105
189179	0.0005429243951
189180	0.000586703397
189181	0.002492558958
189182	0.002242167227
189183	0.002682291387
189184	0.0009296126002
189185	0.0005411140023
189186	0.0005329042702
189187	0.002478760404
189188	0.000147745972
189189	0.0002067087385
189190	0.0002997678711
189191	0.0001010732884
189192	0.002437888043
189193	0.001112395767
189194	0.000376422172
189195	0.001643809976
189196	0.0007236171488
189197	0.0004970237943
189198	0.0002366213014
189199	0.0001475737846
189200	0.000544377763
189201	0.003173979721
189202	0.0007105044308
189203	0.001761278632
189204	0.001518639387
189205	0.001174700445
189206	0.007994745872
189207	0.0008120235009
189208	0.0002173461486
189209	9.795423195e-05
189210	0.000804109417
189211	0.002041726732
189212	0.005786231711
189213	0.001007786262
189214	0.0002423054666
189215	0.0006851754366
189216	0.0019346494
189217	0.003127835582
189218	0.0004642329386
189219	0.00273330106
189220	0.0004195861674
189221	0.001361635797
189222	0.0001572597219
189223	0.0002919078568
189224	0.005031210939
189225	0.001685972476
189226	0.003287104194
189227	0.0005944904408
189228	0.0002354726621
189229	0.004732329957
189230	0.004328603162
189231	0.00337517788
189232	0.002595724867
189233	0.009065255894
189234	0.0002651978742
189235	0.001389408314
189236	0.00555180143
189237	0.004756406938
189238	0.001261150261
189239	0.005823155068
189240	0.006863592908
189241	0.001227248322
189242	0.0019234024
189243	0.001213574389
189244	0.002296109462
189245	0.004030035205
189246	0.005477442862
189247	0.002468892534
189248	0.001543281427
189249	0.0008643327127
189250	0.0001053430402
189251	0.005722739631
189252	0.001061464282
189253	0.002629341353
189254	0.002516742621
189255	0.002337017166
189256	0.00117048287
189257	0.002137098915
189258	0.001272111423
189259	0.001482841776
189260	1.692202521e-05
189261	0.0008042377723
189262	0.001428349014
189263	0.001203109431
189264	0.003133748828
189265	0.0004513754378
189266	0.002169587389
189267	0.0004238557351
189268	8.328361973e-05
189269	0.001785282631
189270	0.001021772635
189271	0.0002720893414
189272	0.0008854012844
189273	0.00126889983
189274	0.001622984971
189275	0.0003360038386
189276	0.0006091702307
189277	8.814214562e-05
189278	0.0003314843501
189279	0.001406779076
189280	0.0003306715348
189281	0.002238665199
189282	0.003167624654
189283	0.002639708103
189284	0.0001958054009
189285	0.000659889968
189286	0.0008599079448
189287	0.001670136465
189288	0.0001247704956
189289	0.001491189125
189290	0.0004799898936
189291	0.0008732200351
189292	0.0008722113228
189293	0.000571663095
189294	0.0006618253432
189295	0.0002760484127
189296	0.0004391394617
189297	0.001424648949
189298	0.0001209916905
189299	0.0009965481654
189300	0.001231765533
189301	0.0005289085985
189302	0.0009216739841
189303	0.001196978765
189304	0.0004669495203
189305	0.001721881637
189306	0.000576315547
189307	0.0004050249827
189308	0.0003268865534
189309	0.0004078434727
189310	0.0009623981256
189311	0.0002920123436
189312	3.973939345e-05
189313	0.0004916256475
189314	0.002624181164
189315	0.000845223212
189316	7.350760315e-05
189317	0.0008720932419
189318	0.00116783778
189319	0.0004516484112
189320	0.006243264676
189321	0.002620719637
189322	0.0007833783526
189323	0.004264110917
189324	0.001037911781
189325	0.001470565016
189326	0.005694709506
189327	0.001649127463
189328	0.002072190442
189329	0.01093054647
189330	0.0004726442985
189331	0.003697522864
189332	0.0008270250541
189333	0.007970216774
189334	0.007014205123
189335	0.01053469643
189336	0.0002132280361
189337	0.001627156145
189338	0.002448515895
189339	0.001812279547
189340	0.005168046296
189341	0.002026525184
189342	0.0001516003099
189343	0.0005236540189
189344	0.004197110011
189345	0.004099326383
189346	0.002393364554
189347	0.000488131709
189348	0.002434763282
189349	0.001018073435
189350	0.0005309186518
189351	0.001674152186
189352	0.0005330639731
189353	0.001702152286
189354	0.0006293255032
189355	0.002021292386
189356	7.265775944e-08
189357	0.001966468277
189358	0.004268243232
189359	0.001017052858
189360	0.002570623787
189361	0.000786566201
189362	0.002892966477
189363	0.002199374876
189364	0.008124892649
189365	0.000474760237
189366	0.001574077971
189367	0.002063789601
189368	0.003271660066
189369	0.002509037358
189370	0.005335971569
189371	0.005368377264
189372	0.002785086415
189373	0.003094871438
189374	8.6993196e-05
189375	0.004219460257
189376	0.001550119041
189377	0.003607078311
189378	0.0004743931293
189379	0.001219214535
189380	0.001719302268
189381	0.002100047371
189382	0.004996429327
189383	0.0008857197993
189384	0.0001100907809
189385	0.001923999168
189386	0.001028323284
189387	0.002260080104
189388	0.007604010081
189389	0.0008917312289
189390	0.003554794698
189391	0.001337189718
189392	0.001638840014
189393	0.006939490903
189394	0.000890598587
189395	0.001241513457
189396	0.003885215064
189397	0.002877954252
189398	0.00260288048
189399	0.000991802378
189400	0.001563623316
189401	0.001714659701
189402	0.002038067052
189403	0.001270204747
189404	0.0004667118657
189405	0.0001528914062
189406	0.003575529093
189407	0.00482577695
189408	0.001209113604
189409	0.001706241503
189410	0.001286435956
189411	0.0002355204065
189412	0.0001325718762
189413	0.002595487595
189414	9.052668423e-05
189415	0.003504778756
189416	0.0003202779984
189417	0.0009845154824
189418	0.001811221482
189419	0.0004387362257
189420	0.001697437353
189421	0.00246194893
189422	0.000802094351
189423	0.0002853425631
189424	0.001624041762
189425	0.0008680043967
189426	0.001695932039
189427	0.0007952157043
189428	0.0001364788876
189429	0.003524125873
189430	0.0004937849987
189431	0.0009507307171
189432	0.005984538388
189433	0.001681714587
189434	0.002408295726
189435	0.001143150987
189436	0.0004291276179
189437	0.002484674706
189438	0.0005195204916
189439	0.0005864205737
189440	0.007293654266
189441	0.001397769806
189442	0.001397482263
189443	0.002084020067
189444	0.001674685581
189445	0.0005464021228
189446	0.001098485051
189447	0.001509886219
189448	0.000964790928
189449	0.004541084704
189450	4.896717504e-06
189451	0.002830529855
189452	0.0001789562826
189453	0.004921855044
189454	0.0008061758848
189455	0.0002080181468
189456	0.002116660092
189457	0.001376681888
189458	0.000236687534
189459	0.000258093773
189460	0.004105798264
189461	0.002445631013
189462	0.001326175646
189463	0.001781043623
189464	0.00133359138
189465	0.002008397776
189466	0.002052580863
189467	0.00200719727
189468	0.0003551741543
189469	0.002066035542
189470	0.00135141213
189471	0.002232545481
189472	0.002719504277
189473	0.001401419824
189474	0.00241839845
189475	0.001958196648
189476	0.002225241397
189477	0.0005418536556
189478	0.0007294709307
189479	0.001148198982
189480	0.0008706817019
189481	0.0005960920162
189482	0.000336253528
189483	0.0002192568848
189484	0.0003099804513
189485	0.0008978656007
189486	0.000170915743
189487	3.974718287e-05
189488	0.00167123085
189489	0.001672470115
189490	0.002281362897
189491	0.001737278931
189492	0.0001138561227
189493	0.0004290487471
189494	0.00113893166
189495	0.00123179341
189496	0.002077651276
189497	0.001142472871
189498	0.0003602119829
189499	0.002456845014
189500	0.001498026451
189501	0.0011638596
189502	0.001807176521
189503	0.001344762333
189504	0.002138848977
189505	0.001051412855
189506	0.001438322423
189507	0.001349715628
189508	0.001357181178
189509	0.0007861596863
189510	0.001533963537
189511	0.001487520518
189512	0.001010157972
189513	0.0009606030243
189514	0.001448066706
189515	0.001127305818
189516	0.0005124483609
189517	0.001256685175
189518	0.001840271518
189519	0.001962392481
189520	0.001484608726
189521	0.002783200171
189522	0.001901241067
189523	0.001952552724
189524	0.0002459855495
189525	0.002715685019
189526	0.001335973158
189527	0.0007748561913
189528	0.0009550701528
189529	0.0001477386654
189530	0.005067850734
189531	0.0007275391415
189532	0.001207498232
189533	0.001733173045
189534	2.925387231e-05
189535	0.001114896091
189536	0.001375251649
189537	0.001032813112
189538	0.00163452846
189539	0.00120677586
189540	1.614756831e-05
189541	0.00113687439
189542	0.001831814197
189543	0.001827657281
189544	0.001042507172
189545	0.001042669627
189546	0.001431455272
189547	0.0003525262052
189548	0.0008014567772
189549	0.0008070568407
189550	0.002469233166
189551	0.0006145807847
189552	0.0003210910688
189553	0.000687424856
189554	0.00186292884
189555	0.00193199837
189556	0.00027477788
189557	0.0003391069574
189558	0.0007656958137
189559	0.0009297574865
189560	0.001785132999
189561	0.001836720638
189562	0.001962441936
189563	0.0006008816167
189564	0.0006991410946
189565	0.0005871318906
189566	0.0009000802831
189567	0.0002183580157
189568	0.001754142048
189569	0.0006831526685
189570	0.00102504211
189571	0.0004382776048
189572	0.0002533694022
189573	0.0008191273741
189574	0.0008943725172
189575	3.987839767e-05
189576	0.001703517857
189577	0.0003127287184
189578	0.0006525975333
189579	0.002275952532
189580	0.001780038158
189581	0.0007796940849
189582	0.0009179839364
189583	0.001011953107
189584	0.0003573754122
189585	0.0004875415144
189586	0.0001526160342
189587	0.0005425850693
189588	0.0009578608435
189589	0.0008809278608
189590	0.001163744407
189591	0.001330730533
189592	0.0006949310876
189593	2.907619603e-08
189594	0.000593917204
189595	7.275274012e-05
189596	0.001992967437
189597	0.001004121298
189598	0.0006489000182
189599	0.0003173808092
189600	0.0003542154288
189601	7.916380343e-05
189602	2.260708026e-05
189603	9.461646789e-05
189604	0.000468918745
189605	0.0009444571972
189606	0.001024773869
189607	0.0008466846033
189608	0.0008322947726
189609	0.0008179267731
189610	0.001557535869
189611	0.001407269453
189612	0.001396949324
189613	0.0004020232373
189614	0.0001956683004
189615	0.0001495838344
189616	0.002458845847
189617	0.00177695742
189618	0.001481013725
189619	0.002430603565
189620	0.003466986093
189621	0.004206741761
189622	0.001790612388
189623	0.001228911056
189624	0.0005635865505
189625	0.002434349157
189626	0.0003449763131
189627	0.002436435264
189628	0.001048995532
189629	0.006320137247
189630	0.004068693205
189631	0.001472063477
189632	0.0002987059667
189633	0.001502061763
189634	0.0001039838767
189635	0.001725003975
189636	0.003402134698
189637	0.004085402221
189638	0.002283918172
189639	7.694766007e-05
189640	0.0003046894828
189641	0.001205330567
189642	0.001792587109
189643	0.002711830533
189644	0.001876953057
189645	0.004009399768
189646	0.002605163645
189647	0.002414138632
189648	0.0008457013487
189649	0.0005768842764
189650	0.00346842177
189651	0.001560869546
189652	0.002469303978
189653	0.0005355256732
189654	0.003057643011
189655	0.001026150851
189656	0.004967447811
189657	0.004106779368
189658	0.000757882712
189659	0.001886759998
189660	0.00246943925
189661	0.002735456858
189662	0.0009364280551
189663	0.0001720493305
189664	0.003162052579
189665	0.002439788581
189666	0.001397731557
189667	0.0008768947614
189668	0.0004811471672
189669	0.0005936752575
189670	0.005018960955
189671	0.001693358448
189672	0.005673764617
189673	0.002456462287
189674	0.002698110266
189675	0.0003807024398
189676	0.00252007533
189677	0.003377186864
189678	0.0002544645112
189679	0.004160527329
189680	0.0002547807209
189681	0.001306052414
189682	0.0007905702521
189683	0.0002383809961
189684	0.002366691217
189685	0.002592176361
189686	0.003115492998
189687	0.003864635027
189688	0.0008181236808
189689	0.00277592096
189690	0.001638731333
189691	0.002504738385
189692	0.003101352588
189693	0.001813197973
189694	0.001985190364
189695	0.003781165289
189696	0.0007233960831
189697	6.346591309e-05
189698	0.007996950419
189699	0.000147602562
189700	0.001548719491
189701	0.003070595958
189702	0.0008053848492
189703	0.006919402354
189704	0.0001520636531
189705	0.004666264571
189706	0.0002249720052
189707	0.001892524187
189708	0.0004763134155
189709	0.003415849647
189710	0.003773123316
189711	0.0003130635312
189712	0.004177527341
189713	0.004867735498
189714	0.007698585985
189715	0.000133068805
189716	0.0003788704086
189717	0.002729437716
189718	0.002786603845
189719	0.001615660886
189720	0.0009314790166
189721	0.002989374823
189722	0.0002200512095
189723	0.001700280196
189724	0.002536032157
189725	0.006540420489
189726	0.005241679384
189727	0.002082716019
189728	0.006108486826
189729	0.003959033801
189730	0.0002219115087
189731	0.0008848393951
189732	0.004441537881
189733	0.001572551593
189734	0.001371889625
189735	0.001845144659
189736	0.001785161638
189737	0.002359512004
189738	0.004591930432
189739	0.003680420371
189740	0.002122448838
189741	0.0009225515822
189742	0.006665315212
189743	0.003516197908
189744	0.003027629834
189745	0.003522827543
189746	0.003451085452
189747	0.004148148151
189748	0.002268413087
189749	0.003859969197
189750	0.002737390008
189751	0.004054964103
189752	0.003644749765
189753	0.002383965473
189754	0.002770617185
189755	0.003081555407
189756	0.003273603873
189757	0.002780640833
189758	0.004788499654
189759	0.003425920959
189760	0.003507125164
189761	0.003762880225
189762	0.001210318272
189763	0.002544324958
189764	0.003779047365
189765	0.003519785785
189766	0.003100121311
189767	0.003122393808
189768	0.003290648908
189769	0.003824386943
189770	0.003440322624
189771	0.003471654195
189772	0.003349120288
189773	0.003276689693
189774	0.00327174649
189775	0.003057832959
189776	0.002585866527
189777	0.003579291856
189778	0.003412319207
189779	0.003400611573
189780	0.003430508784
189781	0.003491300378
189782	0.003461852307
189783	0.0006960158894
189784	0.0001907917959
189785	0.001784233009
189786	0.0004579761501
189787	0.0003769872376
189788	0.0003549984891
189789	4.182849064e-05
189790	0.0011366117
189791	0.0006002334345
189792	0.002781107938
189793	2.445927066e-06
189794	0.0004561448644
189795	0.0001502822897
189796	0.001039242381
189797	0.0003363241367
189798	0.0002701693826
189799	0.0007822499515
189800	0.0007934346459
189801	0.0004321526784
189802	0.0007952582924
189803	0.0003847960438
189804	0.0008601883587
189805	0.0007172197139
189806	0.0004157092863
189807	9.904092367e-05
189808	0.0002735597215
189809	0.0003028915246
189810	0.0006357121367
189811	0.0006482657201
189812	0.0007063278496
189813	0.001226948719
189814	0.0008593789115
189815	0.001649878185
189816	0.0006728719688
189817	0.000349609732
189818	0.0005136877774
189819	0.0002002715598
189820	0.0004881016283
189821	0.001753259154
189822	0.0007304583526
189823	0.0003853383337
189824	0.001018681759
189825	0.001464970828
189826	0.001776210198
189827	0.002099619145
189828	0.002035374679
189829	0.00154105018
189830	0.00199907084
189831	0.002435620547
189832	0.002074919388
189833	0.002264491202
189834	0.001255022838
189835	0.001038706431
189836	0.001395119826
189837	0.00105047516
189838	0.0006219980621
189839	0.0004174868895
189840	0.001988119683
189841	0.002111806217
189842	0.001155425166
189843	0.0001596586251
189844	0.001892037515
189845	0.001906663181
189846	0.001760177523
189847	0.003286262468
189848	0.0004878878318
189849	0.001631227705
189850	0.001734680384
189851	0.00258478166
189852	0.001718643119
189853	0.002224409247
189854	0.001619305414
189855	0.001699705732
189856	0.001393326391
189857	0.0006850900644
189858	0.004387615603
189859	0.0006451217047
189860	0.0005903409304
189861	0.000864523747
189862	3.081519712e-06
189863	0.00138620864
189864	0.001140980227
189865	6.217875107e-05
189866	0.0002646429078
189867	0.0006100815757
189868	0.0006558195828
189869	0.0007989832331
189870	0.002297742919
189871	0.0005606626026
189872	0.002440700221
189873	0.0005537940525
189874	0.000954877689
189875	0.0006617761777
189876	0.0009298565027
189877	0.001129214625
189878	0.000712163184
189879	0.0008331220616
189880	5.537748853e-06
189881	0.0008607181594
189882	1.817820092e-05
189883	0.0006332789608
189884	0.0007719384517
189885	0.001360317896
189886	0.002179196643
189887	0.004062842239
189888	0.001001907404
189889	0.0007612346048
189890	0.001752832297
189891	0.001664051558
189892	0.0006000212049
189893	0.0004901557707
189894	0.0008663406804
189895	0.001070884386
189896	0.001306183991
189897	0.001439310983
189898	0.002764019404
189899	0.001404929975
189900	0.002305085796
189901	0.0003512514111
189902	5.00829472e-05
189903	0.002022675315
189904	0.002700043745
189905	0.001125427812
189906	0.001139765066
189907	0.001258469854
189908	0.001307254608
189909	0.001457651345
189910	0.001621788935
189911	0.001122213352
189912	0.000985460929
189913	0.0007870774988
189914	0.001447034786
189915	0.000493819058
189916	0.0009250523842
189917	0.002110523856
189918	0.002450757213
189919	0.002498175265
189920	0.002801440139
189921	0.00337206128
189922	0.001475540682
189923	0.00180060055
189924	0.001394992873
189925	0.0006905506987
189926	0.001299049617
189927	0.001785257623
189928	0.002842799794
189929	0.001365875035
189930	0.001337277358
189931	0.001308180717
189932	0.0002530013911
189933	0.001277405803
189934	0.001614223451
189935	0.0005921403379
189936	0.001573127326
189937	0.002400984617
189938	0.001765514701
189939	0.0008557135174
189940	0.0004344740795
189941	8.350604474e-05
189942	0.0001114364778
189943	0.001034876691
189944	0.0002026782104
189945	0.002591324438
189946	0.0007306558556
189947	0.000252547902
189948	0.0004857208994
189949	0.0002144567786
189950	0.001065039458
189951	0.0004743080215
189952	0.001617366081
189953	0.0004591955871
189954	0.001283451245
189955	0.0005702054657
189956	0.0001973364247
189957	0.0006748973541
189958	4.048485629e-05
189959	0.0001597663479
189960	0.0004795684884
189961	2.054566984e-05
189962	0.0003040360363
189963	0.0003233375006
189964	0.0007192940796
189965	0.0002857812361
189966	0.001318114588
189967	0.002662495659
189968	0.001373701459
189969	0.001667556043
189970	0.000182210993
189971	0.0008926284107
189972	0.0008126693525
189973	0.0009021800024
189974	0.0004627803335
189975	0.0003097778233
189976	0.0003623884222
189977	0.002281275792
189978	0.0007147184054
189979	0.001051726063
189980	0.0002006661046
189981	3.973227167e-05
189982	0.0008681262304
189983	0.00131658679
189984	0.0006579784774
189985	0.0005188384764
189986	0.0006605958766
189987	0.0002249695901
189988	0.001762851921
189989	0.0002565892059
189990	0.0002796050945
189991	3.433539999e-05
189992	0.0003473681274
189993	0.001356641732
189994	0.003090533785
189995	0.002136506787
189996	0.001197353291
189997	0.001101553142
189998	0.0004129107433
189999	0.0004759344583
190000	0.001294239739
190001	0.001245976823
190002	0.0005364082246
190003	0.0002815390222
190004	0.001762399604
190005	0.001449920644
190006	0.002179599493
190007	0.0001214955563
190008	0.0007504744243
190009	0.000613285475
190010	0.000246525869
190011	0.001959775052
190012	0.0009371384499
190013	0.001076316151
190014	0.0009027829798
190015	0.0003067569686
190016	0.001269676157
190017	0.002347372871
190018	0.00242584067
190019	6.99115544e-05
190020	7.205093945e-06
190021	0.002586993773
190022	0.001074395845
190023	0.0001988488911
190024	0.0004454960217
190025	0.001655404165
190026	0.0004522288387
190027	0.001500857751
190028	0.0006010386816
190029	0.0002389866999
190030	0.0003205413884
190031	0.0001097154087
190032	0.0004121346471
190033	0.001461499783
190034	0.0006499931853
190035	0.0004924144582
190036	0.000886891031
190037	0.0006617388503
190038	0.0005212619402
190039	0.001645977766
190040	0.001769086415
190041	0.0003830021777
190042	0.0007900238167
190043	0.0004933521751
190044	0.0002199676468
190045	0.000380933548
190046	0.0009712327023
190047	0.001708215523
190048	0.0003263309593
190049	0.001232813636
190050	0.0002361034767
190051	0.0004205617725
190052	0.000483587096
190053	0.001821152641
190054	0.00106689631
190055	0.0008893268385
190056	0.0004965075313
190057	0.001676387136
190058	0.001809400367
190059	0.0004847399484
190060	0.001961666111
190061	0.001836039919
190062	8.027429839e-05
190063	0.003300233334
190064	0.001034516927
190065	0.0003726089064
190066	0.0006356121096
190067	0.0003633503212
190068	0.002014203832
190069	0.001314670389
190070	0.0002578732014
190071	0.0002607542154
190072	0.0006925725098
190073	1.64863439e-05
190074	0.001642749914
190075	0.00309655053
190076	0.001103736711
190077	0.00278820062
190078	0.0009002898112
190079	4.705813796e-05
190080	0.0005253183517
190081	0.0007700280968
190082	0.001432092496
190083	0.0001505873538
190084	0.0006362247741
190085	0.0002591396822
190086	0.0008954356286
190087	0.0008251975382
190088	0.002570550334
190089	0.0005514564065
190090	7.607452049e-05
190091	0.0005471563406
190092	0.002576259569
190093	0.0006428357754
190094	0.0003003358524
190095	0.001404788836
190096	0.004735200314
190097	4.329898777e-05
190098	0.0008383186675
190099	0.001291620606
190100	0.0008317014016
190101	0.0004621677273
190102	0.001985090519
190103	0.0003213490855
190104	0.00260422457
190105	0.001768024105
190106	0.003406885017
190107	0.001271407688
190108	0.001605317235
190109	0.001552196668
190110	0.000827335325
190111	0.0007970809326
190112	0.003717064234
190113	0.004623210071
190114	0.002375268452
190115	0.0008561080268
190116	2.969446534e-05
190117	0.003644062663
190118	0.0006739276605
190119	0.000722367084
190120	0.0002100845484
190121	0.00068798709
190122	0.001436696792
190123	0.001459786272
190124	0.0009689612198
190125	0.001403947196
190126	0.001697013699
190127	0.0002296855583
190128	0.00107297833
190129	0.001801603492
190130	0.001335621135
190131	0.001424056305
190132	0.00228041074
190133	0.001617661876
190134	0.001647877233
190135	0.002111973675
190136	0.002390981058
190137	0.001481308743
190138	0.0008121762989
190139	0.001405798579
190140	0.001242195543
190141	0.001930326134
190142	0.001143740907
190143	0.00112660977
190144	0.0006751009063
190145	0.0001314310713
190146	0.0009493516538
190147	0.00120050835
190148	0.001450821041
190149	0.001042612368
190150	0.0002212340011
190151	0.0003460765818
190152	0.0006005565689
190153	0.0006639622096
190154	0.0002402967781
190155	0.002924073913
190156	0.001081220638
190157	0.0004260120774
190158	0.001071919305
190159	0.000815464266
190160	0.0002731228369
190161	0.0006976561299
190162	0.0002124974363
190163	0.001758760709
190164	0.001330173237
190165	0.0003287907531
190166	0.0002054529698
190167	0.0002907823072
190168	0.0003611787966
190169	0.0008996044546
190170	0.001355217917
190171	0.001392617704
190172	0.0003008023148
190173	0.001367584215
190174	0.0004595032255
190175	0.000445111233
190176	0.0003206378579
190177	0.0007408523361
190178	0.0008876319458
190179	0.000970992542
190180	0.001204459672
190181	0.0002321006871
190182	0.003151411222
190183	0.001007776371
190184	0.001490876331
190185	0.004327198354
190186	0.001149009283
190187	0.001079760781
190188	0.001542903328
190189	0.0007161483999
190190	0.001502677213
190191	0.0009644226635
190192	0.001246087494
190193	0.001396520384
190194	0.001746686
190195	0.001841021141
190196	0.003283638749
190197	0.0003512449089
190198	0.0007139539891
190199	0.0002405967151
190200	0.000314435221
190201	0.001250046751
190202	0.001372073333
190203	0.0005853317649
190204	0.002052645677
190205	0.001135019372
190206	0.0005474316687
190207	0.001303379372
190208	0.002355208397
190209	0.001449335124
190210	0.001282264968
190211	0.001510475947
190212	0.001271250338
190213	0.0008646860716
190214	0.0005472739773
190215	0.001084902292
190216	0.001541063898
190217	0.001305728538
190218	0.001361567156
190219	0.001334915474
190220	0.0003810369463
190221	0.0001473741667
190222	0.002607319166
190223	9.366829168e-05
190224	4.169469506e-05
190225	0.001181990776
190226	0.0008972520933
190227	0.001201204502
190228	0.001097125442
190229	0.001032708357
190230	0.002240418434
190231	0.001294027954
190232	0.0005214394637
190233	0.001163634229
190234	0.00123315844
190235	0.0007721041369
190236	0.00235315137
190237	0.001049645937
190238	0.0008232308305
190239	0.0004293927476
190240	0.000519992821
190241	0.0007018719298
190242	0.0009727726389
190243	0.001688865933
190244	0.0007695056098
190245	0.001188218532
190246	0.0009139149193
190247	0.001222794266
190248	0.000790624984
190249	0.0007089580985
190250	0.0008983948682
190251	0.001125459327
190252	0.00106119159
190253	0.001067986247
190254	0.0009970433863
190255	0.0009768920695
190256	0.0009828484294
190257	0.001146348544
190258	0.001097231604
190259	0.001133831213
190260	0.0009719317288
190261	0.001017841865
190262	0.001015947252
190263	0.0007935065138
190264	0.0008826494795
190265	0.001145760968
190266	0.001184708874
190267	0.001144330068
190268	0.0009602217531
190269	0.00103142426
190270	0.001042206721
190271	0.001201088873
190272	0.001179682901
190273	0.00104830663
190274	0.001074085087
190275	0.001113219182
190276	0.0006864757213
190277	0.0009013547653
190278	0.0009389273381
190279	0.001074723927
190280	0.001143150087
190281	0.001177092594
190282	0.00111125023
190283	0.001103366307
190284	0.001072023391
190285	0.0002247508818
190286	0.0007206680285
190287	0.0008552676568
190288	0.0009136102473
190289	0.0005146155684
190290	0.0008185570376
190291	0.001141809234
190292	0.001168773061
190293	0.001427265147
190294	0.0008800799518
190295	7.235334758e-05
190296	0.001141230953
190297	0.0005475589269
190298	0.0004770586533
190299	0.0002861439791
190300	0.0008229447588
190301	4.41448697e-05
190302	0.0001298588712
190303	0.0001537009478
190304	9.458771032e-05
190305	0.002060646028
190306	0.0007536488643
190307	0.001801741622
190308	0.0003594046408
190309	0.0009319891874
190310	0.001290832386
190311	0.0006762387644
190312	0.00106700626
190313	0.0004994000317
190314	0.0008374926737
190315	0.0004343097989
190316	0.001718233491
190317	0.0007149085136
190318	0.0007860233528
190319	0.0002863611086
190320	0.0009787939271
190321	0.000820857397
190322	0.0009020875137
190323	0.0009134524847
190324	0.001084342469
190325	0.001316519717
190326	0.0005616477076
190327	0.000621657376
190328	0.0006607728857
190329	0.0008847384596
190330	0.0007693183671
190331	3.453794222e-05
190332	0.001186104202
190333	6.571265657e-05
190334	0.001157090445
190335	0.0007186786192
190336	0.0005221668569
190337	0.000198164451
190338	0.000154124782
190339	0.0001336105468
190340	0.0006469103306
190341	0.0005380173912
190342	0.002935803902
190343	0.003655157887
190344	0.002337004202
190345	0.001286723544
190346	0.000234493585
190347	0.0003308811901
190348	0.002608113273
190349	0.0007333341345
190350	0.000992397598
190351	0.003962629601
190352	0.0031104599
190353	0.00154801176
190354	0.003175837277
190355	0.002995652574
190356	2.872149758e-05
190357	0.001855393195
190358	0.0002245596343
190359	0.001410081883
190360	0.001198365506
190361	0.0007462680019
190362	0.001260012975
190363	0.0002504014857
190364	0.0001698280476
190365	0.00119334738
190366	0.0004597958254
190367	0.0007232692328
190368	0.0008971753272
190369	0.0008451915681
190370	0.0005165324358
190371	0.0003344276562
190372	0.001105855146
190373	0.0001698233867
190374	0.001234276759
190375	0.001269380984
190376	0.000841736468
190377	0.0003149357212
190378	0.0003713539275
190379	0.0007527627459
190380	0.0002780459783
190381	0.001949055207
190382	0.0005416979118
190383	0.0001381506664
190384	0.002982391772
190385	0.00055631578
190386	0.001493199477
190387	0.002785791143
190388	0.003348388655
190389	0.004073358325
190390	0.0001198878537
190391	0.001506471758
190392	0.004628789373
190393	0.0005826155225
190394	0.002372545441
190395	0.003766249747
190396	0.00106985073
190397	0.0003209908923
190398	0.0009340187618
190399	0.00488062285
190400	0.003574621777
190401	0.00303956175
190402	0.0001294362343
190403	0.003707359012
190404	0.003282743879
190405	0.0005143784872
190406	0.00269995787
190407	0.001179197063
190408	0.001195494644
190409	0.002349784186
190410	0.001265542806
190411	0.002632408922
190412	0.0005732359883
190413	0.00191334607
190414	0.00062508149
190415	0.002476233401
190416	0.001478558892
190417	0.0004425042233
190418	0.003085871342
190419	0.001086444914
190420	0.001230148262
190421	0.003796759262
190422	0.001888559033
190423	0.002338318426
190424	0.001190149205
190425	0.0006192155678
190426	0.005551411446
190427	0.003044237021
190428	0.001959634329
190429	0.0007353174149
190430	0.001270573184
190431	0.001976145912
190432	0.0008472888644
190433	0.00231123144
190434	0.000863808408
190435	0.0005646043916
190436	0.0004242420014
190437	0.0005991643639
190438	0.0006414482661
190439	0.0006711653829
190440	0.003225894413
190441	0.0002893027554
190442	0.0006483526553
190443	0.001105554918
190444	0.001688734606
190445	0.00114507551
190446	0.001046114565
190447	0.001106338988
190448	0.002057900999
190449	0.001260366179
190450	0.0006596549728
190451	0.00149735851
190452	9.635310129e-06
190453	0.0005744087571
190454	0.000498771603
190455	0.0008503812183
190456	0.0004473464008
190457	0.001254726197
190458	0.0007587816064
190459	0.0001090910575
190460	0.0008469862146
190461	0.0009126444898
190462	0.0004376821044
190463	0.0001315589205
190464	0.001180120129
190465	0.001649379603
190466	0.005510757452
190467	0.0006069401229
190468	2.462085015e-05
190469	0.0001528634782
190470	0.0003598134161
190471	0.0002648022121
190472	4.849472989e-05
190473	0.0007198874318
190474	0.0004368205129
190475	6.155919363e-05
190476	0.001381055794
190477	0.0007814204701
190478	0.0004526408286
190479	0.0008746058173
190480	0.001581238346
190481	0.0007124643678
190482	0.0002585379637
190483	0.0006808455252
190484	0.008490880572
190485	0.0002726198798
190486	0.002540276181
190487	0.002163819927
190488	0.001639586869
190489	0.0007275034086
190490	0.0009654912416
190491	0.001006457212
190492	0.0003411969501
190493	0.001463722627
190494	0.0004985837506
190495	5.314585459e-05
190496	0.0002308713046
190497	0.0002213047425
190498	0.0007638348853
190499	0.0001239921554
190500	0.0006266271607
190501	0.003205248074
190502	0.0003426114209
190503	0.0006300358518
190504	0.0003208983576
190505	0.0006481428087
190506	0.0003861299864
190507	0.0003430082825
190508	0.001633194207
190509	0.0003066075178
190510	0.0005263978082
190511	0.0003648974606
190512	0.0004458451378
190513	0.0001781913889
190514	0.0002855992554
190515	0.0002119653678
190516	6.66394853e-05
190517	0.0003909371741
190518	0.0006507030019
190519	0.0002808768037
190520	0.00432198723
190521	0.0004880465534
190522	0.0004507498026
190523	0.001383422142
190524	0.0005244601781
190525	0.0002220398743
190526	2.601159702e-05
190527	0.000593201554
190528	0.001931788358
190529	0.0002960531208
190530	0.002286436022
190531	0.002303263594
190532	0.0002579059019
190533	0.0004325883017
190534	0.001872507018
190535	0.001565387815
190536	0.003509541007
190537	5.043359377e-06
190538	0.0001373625307
190539	0.001099764011
190540	0.002752757198
190541	0.0001502295089
190542	0.001223841551
190543	0.002416365244
190544	0.0001394101004
190545	0.002308502119
190546	0.0002625652528
190547	0.0007728555256
190548	0.0006528712297
190549	0.002839355614
190550	0.0038345701
190551	0.002779185517
190552	0.0008126206949
190553	0.0002674683277
190554	0.0005928046083
190555	0.0005628288367
190556	0.0001673078022
190557	0.003502415505
190558	0.003743039313
190559	0.002003241306
190560	0.002344896578
190561	0.001059878923
190562	0.0006368255927
190563	0.0004639565421
190564	0.001619794432
190565	0.0002815524567
190566	0.0001662851762
190567	0.0002860085903
190568	0.0002322509649
190569	0.0001117124459
190570	9.457136297e-05
190571	0.001054518198
190572	0.007311190965
190573	0.00391403012
190574	0.001646905705
190575	0.001601625446
190576	0.0006343881652
190577	0.001243333406
190578	0.001167860936
190579	0.001738908219
190580	0.002982038169
190581	0.001094310236
190582	0.00117212526
190583	0.004737607475
190584	0.003549202316
190585	0.004102988555
190586	0.001114108066
190587	0.001117617821
190588	0
190589	0.001412013358
190590	0.006226938651
190591	0.001786286939
190592	0.003050035591
190593	0.000580287868
190594	0.002885089486
190595	0.001034846965
190596	0.001838968006
190597	0.0008635667949
190598	0.00385904669
190599	0.001558169706
190600	0.003644631985
190601	0.001398410476
190602	0.001918747379
190603	0.0004003429026
190604	0.005251826256
190605	0.0005253316777
190606	0.0002277706509
190607	0.0004391744533
190608	6.067478564e-05
190609	0.001504188529
190610	0.002596590078
190611	0.002236906039
190612	0.002181493314
190613	0.0006577009533
190614	0.002282581817
190615	0.003803347081
190616	0.0020434372
190617	0.002974399845
190618	0.001814064355
190619	8.114296306e-05
190620	0.003799116129
190621	0.003029173505
190622	0.0008701637744
190623	0.0008906133833
190624	0.001125217687
190625	0.002289627954
190626	0.001032073282
190627	0.002023991435
190628	0.002858553019
190629	0.001244074701
190630	0.0006417622597
190631	0.001614107109
190632	0.0005773638729
190633	0.003162542589
190634	0.001276205933
190635	0.007345248908
190636	0.001809324872
190637	0.001822766537
190638	0.0015501001
190639	0.00404533922
190640	0.002080368139
190641	0.006119773568
190642	0.003161402361
190643	0.002521481223
190644	0.0007197645498
190645	0.002073901915
190646	0.003463322418
190647	0.002982713739
190648	7.046738992e-06
190649	0.001871379448
190650	0.002908910844
190651	0.002499175866
190652	0.00281138827
190653	0.0006133717282
190654	0.002680115178
190655	0.001428681667
190656	0.004499027013
190657	0.002192574363
190658	0.0001861305343
190659	0.0006819512353
190660	0.0001401714591
190661	0.002640676185
190662	0.001168888149
190663	0.0008331143234
190664	0.002405977446
190665	0.0001435598464
190666	0.003079460798
190667	7.052633153e-05
190668	0.0007005063253
190669	0.0006937359524
190670	0.005172640193
190671	0.0005013664047
190672	4.807172725e-05
190673	0.002831261679
190674	0.003348594244
190675	0.002476933372
190676	0.002264955134
190677	0.001811962292
190678	0.0006024511397
190679	0.001631035809
190680	0.002490679459
190681	0.003744603865
190682	0.001816889173
190683	0.0009011571141
190684	0.001644710346
190685	0.003054751846
190686	0.001164652106
190687	0.005846828506
190688	0.0009061038992
190689	0.003954526209
190690	0.003728335737
190691	0.0003806350169
190692	0.0007951983415
190693	3.531831151e-05
190694	0.004238377278
190695	0.003107233255
190696	0.002782077686
190697	0.00276638157
190698	0.004017430461
190699	0.0001366678802
190700	0.0001639780141
190701	0.001501052318
190702	0.002525535491
190703	0.003045399385
190704	0.001228560069
190705	0.0004191506259
190706	0.001178133195
190707	0.002180092862
190708	0.001304340643
190709	0.0008422088803
190710	0.0004234149265
190711	0.001450695912
190712	0.006472712831
190713	0.0008294883543
190714	0.002211731358
190715	0.0006454249443
190716	0.001664183239
190717	0.002780588281
190718	0.0009302245518
190719	0.00013730232
190720	0.003473613
190721	0.00178251458
190722	0.0008718413084
190723	0.0005755497048
190724	0.0005478054997
190725	0.000279528188
190726	0.002446623233
190727	0.002313237671
190728	0.0004883503629
190729	0.001017907379
190730	0.0001693520818
190731	0.003883282099
190732	0.001551575141
190733	0.0001400071042
190734	0.001578813177
190735	0.001622897942
190736	0.0008824795788
190737	0.002127268726
190738	0.001412903269
190739	0.001357259736
190740	0.00261147216
190741	0.001353975209
190742	0.001618906633
190743	0.0005640995368
190744	0.001086386158
190745	1.965306265e-05
190746	0.004210250524
190747	0.005201403748
190748	0.001700844251
190749	0.0008329683416
190750	0.003789646228
190751	0.0009008937232
190752	0.003964556873
190753	0.002136642914
190754	0.0002570403044
190755	0.0005381314843
190756	0.003567472232
190757	0.0009488583845
190758	0.0008033718008
190759	0.0001193617442
190760	7.823246774e-05
190761	0.0006649238073
190762	0.002483897613
190763	0.003001223303
190764	0.001608310794
190765	0.002135391026
190766	0.003191144175
190767	0.0004922430516
190768	0.0004683095543
190769	0.0007479274335
190770	0.0004446804927
190771	0.002309023682
190772	0.004180511854
190773	0.0003191169562
190774	0.0003539601086
190775	0.002269165094
190776	0.001251944873
190777	0.003823481889
190778	0.002794908198
190779	0.002740633379
190780	0.001085845432
190781	0.003296979257
190782	0.001074536075
190783	0.0003230067725
190784	0.001325553411
190785	0.001118333234
190786	0.001967137914
190787	0.00102863695
190788	0.001593577479
190789	7.497496685e-05
190790	0.002461313074
190791	0.003376378099
190792	0.001260686587
190793	0.000211000488
190794	0.002573070468
190795	0.001822711519
190796	0.001526755668
190797	0.00174946955
190798	0.001998417085
190799	0.003525519879
190800	9.874247556e-05
190801	0.002180817157
190802	0.0003693859817
190803	0.003777887927
190804	0.0003696941431
190805	7.329780322e-05
190806	0.001326768039
190807	0.002308635154
190808	0.0005609324988
190809	0.000742521756
190810	0.0007941351849
190811	0.001419649411
190812	0.002719136946
190813	0.0007652241418
190814	0.001394298298
190815	0.001754513985
190816	0.002087078468
190817	0.001546366558
190818	0.001449922113
190819	0.003198140863
190820	0.0007071656663
190821	0.0005782440822
190822	0.001356405178
190823	0.002407885548
190824	0.0007838422261
190825	0.001915128173
190826	6.672602047e-05
190827	0.004139558124
190828	0.0007798493924
190829	0.0006879818697
190830	0.001415882049
190831	0.000138451679
190832	0.001226492806
190833	0.002726808355
190834	0.0003233959947
190835	0.001208022278
190836	0.0005382959583
190837	5.676844409e-05
190838	0.004000192685
190839	0.0005503529966
190840	0.001371656625
190841	0.0002442586214
190842	0.003227747244
190843	0.003045741274
190844	0.002165116613
190845	0.002192833783
190846	0.0009887273318
190847	0.001137050093
190848	0.0004394408875
190849	0.003572545358
190850	0.001956147027
190851	0.001215793825
190852	0.001763136291
190853	0.002010472899
190854	0.001837038259
190855	0.001646667467
190856	0.005684000419
190857	0.0005845272822
190858	0.0004059345342
190859	0.0002507457683
190860	0.002129565253
190861	0.001096536677
190862	0.004276030202
190863	0.0009908166568
190864	0.001320031942
190865	0.001818683292
190866	0.002281088962
190867	0.0007884924231
190868	0.002884401316
190869	0.002897632837
190870	0.0007249532066
190871	0.0007056600637
190872	0.002343996234
190873	0.001380231807
190874	0.002632593179
190875	0.002180159907
190876	0.002282210663
190877	0.002119928584
190878	0.0005316894847
190879	0.002638955525
190880	0.0003994024856
190881	0.00430666875
190882	0.0004807671308
190883	2.539688843e-05
190884	0.0005088770621
190885	0.0007701324034
190886	0.00180240801
190887	0.0002530672019
190888	0.0002077764974
190889	0.002548281154
190890	0.003245783928
190891	0.004814449058
190892	0.004625680547
190893	0.001324133166
190894	0.003350307558
190895	0.005667442988
190896	0.0009259751325
190897	0.002652326121
190898	0.000166922513
190899	0.003459430214
190900	0.001737929676
190901	0.001009597706
190902	0.003474515356
190903	0.0014629323
190904	0.002417713491
190905	0.001265837417
190906	0.003676464834
190907	0.003782042154
190908	0.003007748545
190909	6.578226579e-05
190910	9.976816963e-05
190911	0.00194658149
190912	0.000221687464
190913	0.005879701546
190914	0.00321080528
190915	0.0006244875384
190916	0.001737321917
190917	0.001124849784
190918	0.002161804295
190919	0.001008478514
190920	0.0003210057836
190921	0.000291177403
190922	0.001849179488
190923	0.00193157403
190924	0.001550837457
190925	0.004109753508
190926	0.0001535728034
190927	6.490998544e-05
190928	7.452649486e-05
190929	0.0002160803379
190930	0.002433552408
190931	0.002135498688
190932	0.001206228061
190933	0.0006422163281
190934	0.001042148149
190935	0.001206494827
190936	0.001650214607
190937	0.001677158423
190938	8.907003211e-05
190939	5.184565621e-05
190940	9.023008367e-05
190941	0.003720040738
190942	0.0001035377352
190943	0.002088182547
190944	0.0001130092053
190945	0.0004553437441
190946	0.0001117908017
190947	0.0005350302111
190948	0.0003792970341
190949	0.002621170856
190950	0.000259707652
190951	2.743336242e-05
190952	0.0003668125149
190953	0.0006999172818
190954	0.0002848038654
190955	0.003659244629
190956	8.369198564e-05
190957	0.00015907229
190958	0.0009014072211
190959	0.002040199785
190960	0.001672979668
190961	0.004321146929
190962	0.002503026813
190963	0.000314961448
190964	0.001958920274
190965	0.004197138843
190966	0.002374350103
190967	0.000933853873
190968	0.001443458015
190969	0.0002456447835
190970	0.001468756344
190971	0.00283613668
190972	0.005501815037
190973	0.0005027007911
190974	0.003020633582
190975	9.614814671e-05
190976	0.003272095776
190977	0.00196885738
190978	0.001462929263
190979	0.001024858578
190980	0.001356173406
190981	0.0006876710138
190982	0.003047120805
190983	0.0001917583899
190984	0.003354870668
190985	5.434677721e-05
190986	0.001598185274
190987	0.00124812797
190988	0.001839405045
190989	0.002385843027
190990	0.003686970295
190991	0.004735861024
190992	0.001402705391
190993	0.002327068501
190994	0.002363164872
190995	0.0004947082679
190996	0.001454034614
190997	0.002497177819
190998	7.962138076e-05
190999	0.000599983904
191000	0.0007110619766
191001	5.32598398e-05
191002	0.0007033992758
191003	0.002450939421
191004	0.001189283925
191005	0.0001753581163
191006	0.00318180126
191007	0.0004199515818
191008	0.0004670995017
191009	0.002214231381
191010	0.0007854977544
191011	0.001240985151
191012	0.002785420868
191013	0.0004130244497
191014	0.001670798325
191015	0.0005605721361
191016	0.002283384786
191017	0.0001713851375
191018	0.0009499272672
191019	0.0001394199577
191020	0.002881252937
191021	0.004190811116
191022	0.003964782454
191023	0.001902860907
191024	0.002086157196
191025	0.0001923501398
191026	0.002219178762
191027	0.0003349013053
191028	0.0008184181495
191029	0.0008806554835
191030	0.00230655649
191031	0.000719392869
191032	0.0001839516542
191033	0.002770279031
191034	0.001385044273
191035	0.001109998031
191036	0.0005773184533
191037	0.001467558169
191038	0.003588697042
191039	0.0008223977478
191040	0.00157838504
191041	0.001900033515
191042	0.00275779674
191043	0.001063042593
191044	0.0005032656287
191045	0.002918739268
191046	0.0008832282898
191047	0.001691250178
191048	0.003370693246
191049	0.0005330346041
191050	0.0004474294511
191051	0.001562283028
191052	0.0007030200185
191053	0.0009283056587
191054	0.0009815334807
191055	0.002963663968
191056	0.005194334045
191057	0.002258381739
191058	0.001176619021
191059	0.002470429214
191060	0.003176992268
191061	0.001814287647
191062	0.0002284014316
191063	0.004758921758
191064	0.000860184811
191065	0.0006404601593
191066	0.001524830141
191067	0.001648080203
191068	0.004106033009
191069	0.001252423111
191070	0.001893771444
191071	0.0006125245948
191072	0.003987470692
191073	0.001678937771
191074	0.001569542453
191075	0.000138577756
191076	0.001652215998
191077	0.002854425126
191078	0.0002839836849
191079	0.001896802063
191080	0.003260823385
191081	0.00226414906
191082	0.00203882876
191083	0.003346959593
191084	0.0007951823951
191085	0.002062889522
191086	0.0008677486176
191087	0.003033732052
191088	0.0003329912635
191089	0.001674886996
191090	0.002655501871
191091	0.002233534174
191092	0.001628452637
191093	0.00218736258
191094	0.002556129249
191095	0.002814194397
191096	0.0002591000751
191097	0.001849907045
191098	0.002158528868
191099	0.004786488901
191100	0.005658740936
191101	4.578072103e-05
191102	0.002657232569
191103	0.0004662682384
191104	0.0006816006418
191105	0.004693347045
191106	0.001085687176
191107	0.0007722372927
191108	0.003389749186
191109	0.0004057192518
191110	0.003452224991
191111	0.001501264027
191112	0.002556099632
191113	0.002789585986
191114	0.001357786816
191115	0.004824091233
191116	0.002825866987
191117	0.0001809335561
191118	0.001361484326
191119	0.007049807567
191120	0.003684069911
191121	0.001303143836
191122	0.00172254598
191123	0.005799239622
191124	0.002911500357
191125	0.003907627598
191126	0.0008272024382
191127	0.000441910346
191128	0.005061839196
191129	0.0009491121184
191130	0.006333634241
191131	0.0005159510077
191132	0.002651363499
191133	0.0001278261411
191134	0.001920592014
191135	5.713582063e-05
191136	0.0009022538982
191137	0.003934054316
191138	0.001756926068
191139	0.002083022551
191140	0.0008679412129
191141	0.0001850431518
191142	0.002603457603
191143	0.004463214625
191144	0.002120745572
191145	0.001431172699
191146	0.0008610072773
191147	0.000558992387
191148	0.001224163526
191149	8.786871594e-06
191150	0.009505777629
191151	0.01016112864
191152	0.007201891516
191153	0.007351294759
191154	0.00816602999
191155	0.009004313608
191156	0.009198694145
191157	0.00831457608
191158	0.007935753428
191159	0.008064601987
191160	0.008796974371
191161	0.007496786562
191162	0.007694766258
191163	0.009020374606
191164	0.008911612973
191165	0.008456154231
191166	0.006956458672
191167	0.007816502283
191168	0.007627542115
191169	0.0007791530837
191170	0.0001674160929
191171	0.0006162331981
191172	0.0002046496575
191173	1.160971567e-06
191174	0.001242155261
191175	0.001760711437
191176	0.0002152591354
191177	0.0002257979153
191178	0.0004541123726
191179	4.458806909e-05
191180	0.001111795324
191181	0.0001214459813
191182	0.0009005973861
191183	0.000361716775
191184	0.004455555912
191185	0.001260638676
191186	0.0001597618282
191187	0.001121627508
191188	0.0006136691833
191189	0.001651617061
191190	0.002086786529
191191	0.004743356009
191192	0.0004933835619
191193	0.0001459473779
191194	0.0007830657831
191195	0.001429329762
191196	0.0006174534331
191197	0.0006616945735
191198	0.003397941235
191199	7.546384943e-05
191200	0.000230001863
191201	0.001227893732
191202	0.002075380355
191203	0.00090660321
191204	0.002983806756
191205	0.002104720884
191206	0.0007218798061
191207	0.002834657062
191208	0.0009536525874
191209	0.001114478487
191210	2.595731632e-05
191211	3.174379376e-05
191212	0.001373261176
191213	7.107869291e-06
191214	0.002336609878
191215	0.001001509225
191216	0.004492779055
191217	0.0006403726297
191218	0.003167059856
191219	0.001268553894
191220	0.00536970046
191221	0.00227017657
191222	0.002473944919
191223	0.001450766705
191224	0.005680864923
191225	0.004613714652
191226	0.00112586521
191227	0.008215062507
191228	0.0007976649634
191229	0.0007884571084
191230	0.001415683119
191231	0.0009185481716
191232	0.003619804993
191233	0.002869163333
191234	0.0003289300287
191235	0.0004304441151
191236	0.002148282988
191237	0.001910095164
191238	0.0001219704106
191239	0.001519563126
191240	0.001171778348
191241	0.0008377580397
191242	0.002312818362
191243	0.001603449567
191244	0.002367960076
191245	0.0006130128755
191246	0.002506139492
191247	0.006634222838
191248	0.002899368138
191249	0.001665814508
191250	0.001497816473
191251	0.0003308188269
191252	9.066647721e-05
191253	0.001084334559
191254	0.0007519479455
191255	0.0008903087052
191256	0.0004598981402
191257	0.0005095950454
191258	0.0003837540067
191259	0.0004807209328
191260	0.001684624051
191261	0.001942973842
191262	0.000675595173
191263	0.0005337234322
191264	0.0001721678468
191265	0.0001528879514
191266	0.0001738325206
191267	0.0002719168907
191268	1.989862081e-05
191269	0.0009403199502
191270	0.001113994509
191271	0.0005131755369
191272	0.0007353918324
191273	0.002271025585
191274	0.005646742782
191275	0.003521314424
191276	0.0006832143171
191277	0.001243962499
191278	0.001793918621
191279	0.0002465583454
191280	0.0006327471833
191281	0.0013820093
191282	0.0007481495271
191283	0.003699569571
191284	0.002303445984
191285	0.001621358094
191286	0.002286011162
191287	0.001188468724
191288	0.003338682317
191289	0.001423160136
191290	0.0004006371027
191291	0.001277073362
191292	0.001960320565
191293	0.002210375165
191294	0.002584599354
191295	0.000426987086
191296	4.463552827e-05
191297	0.0004884124274
191298	0.002477689105
191299	0.00343978311
191300	0.0009870195478
191301	0.0003240707151
191302	0.0001157967135
191303	0.002504661496
191304	0.0008567461522
191305	0.00211030675
191306	0.0004931500914
191307	0.000613519841
191308	0.0001905809078
191309	0.001190847717
191310	0.0009682691725
191311	0.003762349149
191312	0.002057724704
191313	0.004290149596
191314	0.005093116346
191315	0.001258360512
191316	0.002766181601
191317	0.0007283920316
191318	0.0007793542287
191319	2.050589032e-05
191320	0.005006000574
191321	0.0006290884289
191322	0.004937574858
191323	0.0001676894358
191324	0.001178623574
191325	0.0003065232596
191326	0.0003697921461
191327	6.433611851e-05
191328	0.0007118193143
191329	0.0008064833573
191330	0.0007061081376
191331	0.0004286456857
191332	0.0007144338713
191333	0.0005817358601
191334	0.0004595063614
191335	6.397552265e-05
191336	0.0006499179639
191337	0.002108175222
191338	0.004815512935
191339	0.0009809828666
191340	1.879560309e-05
191341	0.002038873429
191342	0.0003515073179
191343	0.001215042189
191344	0.0007122466903
191345	0.00227846525
191346	0.00285622049
191347	0.0008365911271
191348	0.001218922494
191349	0.0008057605605
191350	0.0009392807011
191351	0.00223124207
191352	0.001215027783
191353	0.0005755124417
191354	0.0006119913508
191355	0.0002216879859
191356	0.0001190502641
191357	0.001371265297
191358	0.00151394238
191359	0.0006740745576
191360	0.004928082527
191361	0.0005850885541
191362	0.0002222511147
191363	0.0002523074659
191364	0.0007816258075
191365	0.002609611075
191366	0.0001990911118
191367	0.0001491900087
191368	0.0007185670925
191369	0.0008973461182
191370	0.000702472852
191371	0.0005450905042
191372	0.003837454169
191373	0.002576955404
191374	0.0008181503958
191375	0.002233183426
191376	0.001806617998
191377	0.0007056470955
191378	0.0006201909965
191379	0.002116357119
191380	5.733438629e-05
191381	0.0003951483991
191382	0.000729414214
191383	0.001998288735
191384	0.003628801618
191385	0.000889022529
191386	0.002132142332
191387	0.0006614934228
191388	0.001083832591
191389	0.002634210479
191390	0.001551169184
191391	0.0002121770622
191392	0.0006295652138
191393	0.0005273552392
191394	0.002155132615
191395	0.001799438563
191396	0.002866014337
191397	0.002456587382
191398	0.004930038845
191399	0.00144463866
191400	0.001051397814
191401	0.001470631325
191402	0.002088006713
191403	0.003570457915
191404	0.001536888154
191405	0.005587046503
191406	0.002650946266
191407	0.0008739721488
191408	0.0008381508625
191409	0.004073433153
191410	0.001582106259
191411	0.0001379172877
191412	9.461799541e-05
191413	0.002623744876
191414	0.004263514211
191415	0.0003262605787
191416	0.006087645048
191417	0.000871974329
191418	0.001366264397
191419	0.0009099797021
191420	0.0001956260573
191421	0.003817465673
191422	0.001438264741
191423	4.943182289e-05
191424	0.0005969353052
191425	0.0002205200158
191426	0.0002692716397
191427	0.0002342186004
191428	0.001278498798
191429	0.0019813965
191430	0.002206074667
191431	0.00251709445
191432	0.001170293737
191433	0.001309792673
191434	0.003315280804
191435	0.0008453965097
191436	0.001251859797
191437	0.001135657044
191438	0.001119000777
191439	0.000361508857
191440	0.004121415133
191441	0.00629686661
191442	0.0008120991139
191443	0.0016531611
191444	0.001739123179
191445	0.0007814665658
191446	0.004464461413
191447	0.004066878013
191448	0.0006766631955
191449	0.001930255153
191450	0.002227928751
191451	0.0008631350708
191452	0.002332815933
191453	0.001314210192
191454	0.00153527362
191455	0.001538945098
191456	0.0005002744319
191457	0.001575828335
191458	0.0002220375349
191459	0.001158072107
191460	0.001737672809
191461	0.002183060564
191462	0.001243229568
191463	0.002305020089
191464	0.0007065169656
191465	0.003147369968
191466	0.0006323371632
191467	0.001844179624
191468	0.001082545801
191469	0.0008559134251
191470	0.0005459311338
191471	0.002505659905
191472	0.00109764252
191473	0.0005314595129
191474	0.002923840122
191475	0.001283769114
191476	0.001080404606
191477	0.001187842252
191478	0.001109175805
191479	0.001305835505
191480	0.0004261579295
191481	0.0003952311312
191482	0.0002403574067
191483	0.002036567785
191484	0.002072155172
191485	0.002803686957
191486	0.004695040522
191487	0.002078975172
191488	0.003166564091
191489	0.0007769290794
191490	0.0003146128648
191491	5.034875725e-07
191492	0.001594866803
191493	0.001855648925
191494	0.001598502607
191495	0.0008597596864
191496	0.002805836059
191497	0.0009757589761
191498	0.001407823916
191499	0.001395582004
191500	0.0009414279739
191501	0.0003524817121
191502	0.001778142941
191503	0.0005019676021
191504	0.001716615123
191505	0.001249079673
191506	0.00158929429
191507	0.002111629934
191508	6.348102163e-05
191509	0.00114140744
191510	0.001550531445
191511	0.002509288915
191512	0.001823627471
191513	0.0005643357583
191514	0.00105182935
191515	0.0003700440683
191516	0.0006036050861
191517	0.0017850395
191518	0.001183439733
191519	0.0005170695635
191520	0.00213435653
191521	0.00503020384
191522	0.001062094528
191523	0.0004415269999
191524	0.00177079743
191525	0.002692135163
191526	0.001669604265
191527	0.0008651279043
191528	0.0008051766298
191529	0.001066496555
191530	0.004394805338
191531	0.002773082487
191532	0.002213007118
191533	0.001845276403
191534	0.003763280834
191535	0.001877963183
191536	0.0007918489201
191537	0.001978204205
191538	0.007090232594
191539	0.001057216864
191540	0.00157279799
191541	0.0001304489945
191542	0.0001717363443
191543	0.001844842677
191544	0.002115191759
191545	0.00510346384
191546	0.0007715167797
191547	0.001155327236
191548	0.00342069703
191549	0.003080481264
191550	0.003859848482
191551	0.001144314272
191552	0.0003809027784
191553	0.000937082562
191554	0.006454442082
191555	0.004668863303
191556	2.772318865e-05
191557	0.0005541594785
191558	0.003705023153
191559	0.001239131355
191560	0.0003162702448
191561	0.0006466809036
191562	4.187152549e-05
191563	0.0001252983267
191564	0.002281957426
191565	0.001160036715
191566	0.0002264430139
191567	0.003232662054
191568	0.001828658455
191569	0.004588208118
191570	0.003037929737
191571	0.003237567946
191572	0.0006488744534
191573	0.001408456096
191574	0.0001264833342
191575	0.001227249326
191576	0.002320117866
191577	0.001752858519
191578	0.0003934444715
191579	0.002439575715
191580	0.004402140552
191581	0.003357985344
191582	0.0005407743517
191583	0.002380576308
191584	0.005412489865
191585	0.005022634584
191586	0.005408565499
191587	0.002770726005
191588	0.004371991912
191589	0.00782578176
191590	0.005010535141
191591	0.0005429320383
191592	0.001050730653
191593	0.0005246730303
191594	0.000244483481
191595	0.001896999898
191596	0.001343702904
191597	0.000285208384
191598	0.00115350452
191599	0.0003213985099
191600	0.0009649585071
191601	0.003005794347
191602	0.003259591542
191603	0.00223560754
191604	0.004983392916
191605	0.002731764296
191606	0.001498697114
191607	0.0007224130842
191608	0.0004665946783
191609	0.0003056455401
191610	0.0008473042178
191611	0.001474347129
191612	0.003834142764
191613	0.001124911713
191614	0.00113742185
191615	0.002486508444
191616	0.001127900132
191617	0.001281418572
191618	0.001913511029
191619	0.001606557282
191620	0.000946745819
191621	0.001213617974
191622	0.0006217360462
191623	0.0002740431543
191624	0.0002774541559
191625	0.0004700680323
191626	7.245308966e-08
191627	0.0001670034907
191628	0.001723141518
191629	0.001119654761
191630	0.0001401970105
191631	6.506337647e-05
191632	2.286759416e-05
191633	0.0001235570372
191634	1.551323572e-07
191635	2.871151039e-07
191636	0.001163413588
191637	3.267406252e-09
191638	0.0001182935668
191639	0.0001178361518
191640	3.175366399e-05
191641	0.0005270146714
191642	0.0004160889613
191643	0.0002702533551
191644	0.0002030434529
191645	0.0001438641225
191646	0.0003215132957
191647	0.001287762989
191648	0.0002736697126
191649	0.0006673716861
191650	0.00173355276
191651	0.0009547739435
191652	0.002473459222
191653	0.001494317747
191654	0.005984842947
191655	0.004326312384
191656	0.001030949341
191657	0.005577948461
191658	0.007489306228
191659	0.001594596655
191660	0.0005268926286
191661	0.003103214231
191662	0.0008429559675
191663	0.001503705949
191664	0.001055520525
191665	0.0002479170344
191666	0.000550578676
191667	1.590803843e-05
191668	0.0001467669496
191669	0.001691742413
191670	0.00150051528
191671	0.001176920874
191672	0.003077815351
191673	0.001871739392
191674	0.001686200346
191675	0.0007568430412
191676	0.004603372505
191677	0.003616135534
191678	0.0005532528382
191679	0.0005235139786
191680	0.0006799819616
191681	0.002903165717
191682	0.0009315666597
191683	0.004050859857
191684	0.0007614691612
191685	6.512428569e-05
191686	0.002481722552
191687	0.001263000247
191688	0.006681786038
191689	0.0007472714874
191690	0.002206577675
191691	0.001287950229
191692	0.0008206491084
191693	0.002036078386
191694	0.001478000153
191695	0.004422110294
191696	0.003665121089
191697	0.003783659331
191698	0.0001934585103
191699	0.001900251544
191700	0.00202857752
191701	0.00546134989
191702	0.004863955314
191703	0.004094447522
191704	1.625843248e-05
191705	0.001255585518
191706	0.000866911621
191707	0.003091186033
191708	0.002738414823
191709	0.001189306853
191710	0.001100712843
191711	0.003790733729
191712	0.0007093030142
191713	0.0001219603392
191714	0.002332603535
191715	0.001043008847
191716	0.0002002942231
191717	0.001881322287
191718	0.00118976086
191719	0.0005118713052
191720	0.001491691751
191721	3.5878487e-05
191722	0.002136649199
191723	0.000734640598
191724	0.005696521469
191725	0.007847763853
191726	0.0009793801161
191727	0.001434739148
191728	0.003286799042
191729	7.282803345e-05
191730	0.000104939866
191731	0.0006970505781
191732	0.002356261428
191733	0.002233405493
191734	0.007730953256
191735	0.002420852631
191736	0.0008491165533
191737	0.001977003786
191738	0.0006347938902
191739	0.001899403213
191740	0.000126454226
191741	0.0002350586152
191742	0.003147703838
191743	0.006591063214
191744	0.001982750527
191745	0.0017168909
191746	0.003024248953
191747	0.001285003016
191748	0.0002960055705
191749	0.0003334104055
191750	0.0009442460614
191751	0.001740639574
191752	0.003333716753
191753	0.002389508347
191754	0.0007364427573
191755	0.0002420504876
191756	0.001150674336
191757	0.001330415981
191758	0.003211097812
191759	0.0008769996505
191760	0.003656109073
191761	0.0004841425969
191762	0.0008834409059
191763	3.749093786e-05
191764	0.001284658436
191765	0.005178284766
191766	0.004587833554
191767	0.002232125135
191768	0.00113303771
191769	0.00336633013
191770	0.003129659787
191771	0.001627560921
191772	0.001930294511
191773	0.001498173394
191774	0.0005863609293
191775	6.594975604e-05
191776	0.004048966711
191777	0.004109897006
191778	0.004613930216
191779	0.001902507903
191780	0.003268533387
191781	0.0008450463171
191782	0.001110131221
191783	0.004298065989
191784	0.004459281275
191785	0.001348764184
191786	0.001856125288
191787	0.002655065415
191788	0.002343134288
191789	0.001073282445
191790	0.001722338875
191791	0.0001029204615
191792	0.001762647284
191793	0.002144855464
191794	0.001529336508
191795	0.002801256663
191796	0.003221390809
191797	0.002544968757
191798	0.0021473619
191799	0.004067515782
191800	0.0005477588172
191801	0.005474357215
191802	0.001372727777
191803	0.001937183526
191804	0.0002852443129
191805	0.001739847666
191806	0.007760568232
191807	0.0008080385916
191808	0.003836725325
191809	0.00370604536
191810	0.003943236814
191811	0.0009646631584
191812	0.0006207508907
191813	0.00382939324
191814	0.004018191417
191815	0.002043773853
191816	1.981014027e-05
191817	0.002209700181
191818	0.004311850501
191819	0.005864145783
191820	0.000188796608
191821	0.001314469973
191822	0.0006673541884
191823	0.0003993034795
191824	0.001289807694
191825	0.007669847023
191826	0.00219849999
191827	0.001606111627
191828	0.001110365459
191829	0.001520131712
191830	0.006674672924
191831	0.002259662637
191832	0.0001137718138
191833	0.002712312081
191834	0.002057934491
191835	0.002810959493
191836	0.005736537496
191837	0.0007638825336
191838	0.0001059571706
191839	0.001441126602
191840	0.0009715831573
191841	0.0009566165256
191842	0.004620614679
191843	0.001021327133
191844	0.000452750707
191845	0.001337301444
191846	0.004173967987
191847	0.0008276294904
191848	0.0003862618613
191849	0.0007654807177
191850	0.002790706992
191851	0.002627169498
191852	0.0008557951612
191853	0.0007119077955
191854	0.003953416527
191855	0.002558761508
191856	0.002018310998
191857	0.003158746465
191858	0.0008173508537
191859	0.001984378548
191860	0.002571981231
191861	0.005177892333
191862	8.301810084e-05
191863	0.0001568428016
191864	0.002656955336
191865	0.001902220901
191866	0.001378337611
191867	0.001026427457
191868	0.0009217778307
191869	0.004885305347
191870	0.002516828644
191871	0.002460857212
191872	0.003254745419
191873	0.0060168554
191874	0.003831202665
191875	0.0017979062
191876	0.0005668909041
191877	0.001434964662
191878	0.0005088744318
191879	0.0002468120204
191880	0.002319238312
191881	0.0006239848598
191882	0.002579478152
191883	0.002191351659
191884	0.001465629597
191885	0.002055565764
191886	0.002226292204
191887	0.001447077306
191888	0.0001314850653
191889	0.003235843138
191890	0.003622983059
191891	0.01017496564
191892	0.004690269337
191893	0.004986842035
191894	0.002616027501
191895	0.003588997501
191896	0.004228233061
191897	0.001022451059
191898	0.001762688743
191899	0.001582383397
191900	0.003691916451
191901	0.001033107684
191902	0.003753275055
191903	0.004098389735
191904	0.0005816507425
191905	0.004639225054
191906	0.004084757221
191907	0.002359741684
191908	0.0008056813043
191909	0.0001976952473
191910	0.003622338299
191911	0.001469047792
191912	0.004576483566
191913	2.837151788e-05
191914	0.0004434363334
191915	0.005803572957
191916	0.00274228019
191917	0.0004796655787
191918	0.004625293048
191919	0.002043782457
191920	0.005588428464
191921	0.002537930292
191922	0.001688419949
191923	0.001790864568
191924	0.002379236399
191925	0.002095432518
191926	0.0003913692213
191927	0.0006995375301
191928	0.003534950426
191929	0.0002162042111
191930	0.002772892442
191931	0.0008173719692
191932	0.002795893123
191933	0.0006549046756
191934	0.002245317016
191935	0.001321612059
191936	0.0005801329179
191937	0.001506505533
191938	0.003183287547
191939	9.833046046e-05
191940	0.002898278986
191941	0.001132838562
191942	0.001136804944
191943	0.0004116102723
191944	0.006414806561
191945	0.001933615644
191946	0.001937830551
191947	0.004085313387
191948	0.003011595216
191949	0.001482978423
191950	0.002515767245
191951	0.001588840951
191952	0.00293009073
191953	0.005371891352
191954	0.002730862305
191955	0.001415520104
191956	0.001561677045
191957	0.0004111365315
191958	0.0006854721875
191959	4.905501716e-05
191960	0.0007360838349
191961	0.0005108808048
191962	0.003349834194
191963	0.00381849852
191964	0.002733155738
191965	0.0009261017362
191966	0.002488751902
191967	0.001465329593
191968	0.0006357862282
191969	0.0008083284551
191970	0.0009379921325
191971	0.0001332808974
191972	0.004805927904
191973	0.001245238988
191974	0.003509909102
191975	0.00169284219
191976	0.001520456188
191977	0.0007847187424
191978	0.003135494464
191979	0.006386111596
191980	0.001328785236
191981	0.003216961766
191982	0.004336253828
191983	0.002890267657
191984	0.001563105756
191985	0.001990934496
191986	0.0005770393038
191987	0.001260976394
191988	0.005276563281
191989	0.00280091462
191990	0.000941568172
191991	0.0004784967476
191992	0.002530128373
191993	6.196776911e-05
191994	0.003350554007
191995	0.001800315825
191996	0.0007175567359
191997	0.001962485018
191998	0.003369648662
191999	0.004408431424
192000	0.0007913402245
192001	0.002521985795
192002	0.004087587683
192003	0.004440523097
192004	0.001160635644
192005	0.003806579322
192006	0.002064186091
192007	0.002819794543
192008	8.495766835e-05
192009	0.004475060875
192010	0.0005610349139
192011	0.00221560202
192012	0.0012112559
192013	0.002127841958
192014	0.001734546977
192015	0.0004265356617
192016	0.0001150018355
192017	0.003791568036
192018	0.002264937837
192019	0.0006055405529
192020	0.004236342674
192021	0.004349064181
192022	0.002080670539
192023	0.001651431926
192024	0.001241134631
192025	0.0004020090852
192026	0.002473305043
192027	0.003473412159
192028	0.0009100200283
192029	0.001775692305
192030	0.0007498575535
192031	0.003158534021
192032	0.0001221895266
192033	0.0003246433296
192034	0.0003560054669
192035	0.002666183527
192036	0.002266346869
192037	0.002094525324
192038	0.001279719932
192039	0.002316288108
192040	0.006723091797
192041	0.001075178548
192042	0.005133400538
192043	0.0002940246031
192044	0.002691647398
192045	0.0004348950306
192046	0.002197999074
192047	5.195919617e-05
192048	0.002011614153
192049	4.109149614e-05
192050	0.003813791067
192051	0.0003032959332
192052	0.001806400893
192053	0.001993192438
192054	0.001682122384
192055	0.0005110373575
192056	0.002971536029
192057	0.0003820733124
192058	0.003757310376
192059	0.0001779143455
192060	0.0003168410172
192061	0.0004428212875
192062	0.00360478871
192063	0.003146606149
192064	0.001036376736
192065	0.00608870572
192066	0.001798732563
192067	0.003711658299
192068	0.004625973998
192069	0.002759739208
192070	0.001095987816
192071	0.0009105724891
192072	0.001515534617
192073	0.005259436285
192074	0.001018104908
192075	0.001317507407
192076	0.002805364443
192077	0.002065900649
192078	0.001213153211
192079	0.003040517167
192080	0.002916652528
192081	0.001718993278
192082	0.001438174563
192083	0.0005314382314
192084	0.0005979671002
192085	0.00344758877
192086	0.004569190342
192087	0.001080877484
192088	9.03013354e-05
192089	6.564670262e-05
192090	0.002801871934
192091	0.001025987859
192092	0.001252083687
192093	0.0003312651842
192094	0.004206520374
192095	0.0002632959698
192096	5.39305644e-05
192097	0.004650598765
192098	0.002348568475
192099	0.0002042672351
192100	0.003907133988
192101	0.0001735453466
192102	0.001846617998
192103	0.002107353934
192104	0.0004275595221
192105	0.0009935059721
192106	0.003974212821
192107	0.004492289851
192108	0.002039886605
192109	0.001212419683
192110	0.0006420504075
192111	0.001454191202
192112	0.00157009248
192113	0.001661874743
192114	0.00371061805
192115	0.003230757862
192116	0.0001957375691
192117	0.003481330846
192118	0
192119	0.001756430968
192120	0.002421271431
192121	0.0004254295115
192122	0.003583043186
192123	0.00155659687
192124	0.0007929228372
192125	0.00137773181
192126	0.002134311428
192127	0.004633025815
192128	0.007082648885
192129	0.0009872522467
192130	0.001303476261
192131	0.0009299691516
192132	0.0009666677868
192133	0.003810611692
192134	0.0006109059201
192135	0.001883755682
192136	0.0004729130023
192137	0.001093514907
192138	0.002287792694
192139	0.0007209499483
192140	0.001570227601
192141	0.001979115899
192142	0.002174893464
192143	0.003550383417
192144	0.0003973502059
192145	0.003093405967
192146	0.0004656645296
192147	0.001953174456
192148	0.0006513977595
192149	0.007109562327
192150	0.004154228675
192151	0.003137205417
192152	0.0007984779376
192153	0.005704242551
192154	0.0006820884437
192155	0.0003665512423
192156	0.004465316937
192157	0.002328906104
192158	0.0019639895
192159	0.0009323816715
192160	0.0003362108463
192161	0.0001396719675
192162	0.0002114634374
192163	0.0008765587875
192164	0.001206061305
192165	0.003097059783
192166	0.001023936729
192167	0.00816093712
192168	0.0005394626456
192169	0.0004566365597
192170	0.001466593138
192171	0.0007928810452
192172	0.002805647619
192173	0.002292177077
192174	0.0001825603689
192175	0.001284142133
192176	0.002989087727
192177	0.0004355830855
192178	0.004832454194
192179	0.001517294539
192180	0.00138351324
192181	0.0003644601054
192182	0.000387327674
192183	0.001182480304
192184	0.004163677558
192185	0.00187892489
192186	0.005070881689
192187	0.001934452381
192188	0.0008814494952
192189	0.001798266262
192190	0.0007317905629
192191	0.00342400728
192192	0.005565921129
192193	0.001116568459
192194	0.0005930610117
192195	0.002147874713
192196	0.004905754158
192197	0.00620649825
192198	0.002544224058
192199	0.0005754506061
192200	0.001526552272
192201	0.0004529462057
192202	0.006315026769
192203	0.003272779602
192204	0.0006011377226
192205	0.00208095529
192206	0.004646532436
192207	0.0007210093221
192208	0.001451572506
192209	0.001584155378
192210	0.001511224444
192211	0.004920065526
192212	0.002178927768
192213	0.004018035619
192214	0.0006987592051
192215	0.002822317703
192216	0.002156450116
192217	0.001680137905
192218	0.003567361873
192219	0.004742060026
192220	0.00170975654
192221	0.002425053673
192222	0.00151839359
192223	0.0008609217771
192224	0.0009323969721
192225	0.0002874577499
192226	0.001961528824
192227	0.002166260821
192228	0.0002770248669
192229	0.002729690234
192230	0.005017644563
192231	0.001017806198
192232	0.0003597001017
192233	0.0007554201262
192234	0.003987396814
192235	0.001954059883
192236	0.003297887798
192237	0.001408068015
192238	0.0008006046464
192239	0.005755278799
192240	0.0007987794046
192241	0.0001333241753
192242	5.223818405e-05
192243	0.0003910334221
192244	0.001079461779
192245	0.002288103677
192246	0.004385247938
192247	0.00790578639
192248	0.003227631005
192249	0.001531044637
192250	0.00139295338
192251	0.003325679875
192252	0.0073681886
192253	0.0003569266091
192254	0.003904165892
192255	0.0007782133052
192256	0.004024199775
192257	3.192822766e-05
192258	0.00165457551
192259	0.0006236034109
192260	0.000462332207
192261	0.002814370711
192262	0.0004088598514
192263	0.002141614972
192264	0.002055003243
192265	2.144061267e-05
192266	0.004761762829
192267	0.002540536211
192268	0.003232245886
192269	0.002075427303
192270	0.001652028382
192271	0.00361280844
192272	0.002666923951
192273	0.0007582249279
192274	0.001244031061
192275	0.009680642774
192276	0.005071326612
192277	0.001038163346
192278	0.0009253608843
192279	0.006305489286
192280	0.003262444491
192281	0.0008008508186
192282	0.0002849163023
192283	0.007058927892
192284	0.002590301754
192285	0.00383516504
192286	0.0009744218089
192287	9.871493068e-05
192288	5.947882857e-05
192289	0.001770070445
192290	0.006869629808
192291	0.001556281601
192292	0.005273650139
192293	0.0006865260843
192294	0.004513773223
192295	0.003623049771
192296	0.0009040921815
192297	0.001507371419
192298	0.005777375155
192299	7.294651699e-05
192300	0.0003079314955
192301	0.0003564540315
192302	0.0001699905772
192303	0.0005685329148
192304	0.002766632383
192305	0.003630957363
192306	0.001796854852
192307	7.525486608e-05
192308	0.002815391251
192309	0.001601180459
192310	0.00019176186
192311	0.003831953564
192312	0.005043366561
192313	0.008687506177
192314	0.001036046829
192315	0.0003099024656
192316	0.001750926091
192317	0.003485102975
192318	0.001849954312
192319	0.002974934746
192320	0.0008225438746
192321	0.0004319233746
192322	0.002648023936
192323	0.006764118118
192324	0.004364570339
192325	0.00056944058
192326	0.004062914027
192327	0.001478171087
192328	0.0007344545056
192329	0.001996100482
192330	0.005609415875
192331	0.0008607340417
192332	0.001853659169
192333	0.001805221122
192334	0.001482283904
192335	0.001097060581
192336	0.001333827417
192337	0.001513497002
192338	0.001704953477
192339	0.005488662141
192340	2.144061267e-05
192341	8.8996527e-05
192342	0.003861941374
192343	0.0009990730441
192344	0.001404930687
192345	0.0008699605851
192346	0.003546008655
192347	0.0006429177535
192348	0.0007261309873
192349	0.001882566881
192350	0.004512887918
192351	0.0002846403038
192352	0.0008856707486
192353	0.0003109151813
192354	2.850543525e-06
192355	0.001555933403
192356	0.002056668671
192357	0.0002707531257
192358	0.007447776118
192359	0.003247706884
192360	0.002686067849
192361	0.000657659725
192362	0.003590349872
192363	0.0001047014594
192364	0.00302929057
192365	0.003602963249
192366	0.002289844016
192367	0.00271262216
192368	0.003418995453
192369	0.0001509202192
192370	0.001362102459
192371	0.003041314579
192372	0.002398285704
192373	0.003788035328
192374	0.0006917187991
192375	0.00641476739
192376	0.005042339706
192377	0.0005203323741
192378	0.00788885448
192379	0.002993005836
192380	0.003565754249
192381	0.00100616231
192382	0.003633375644
192383	0.0001275995965
192384	0.003106951805
192385	0.0006693940312
192386	0.004320550514
192387	0.004060386584
192388	0.003306931321
192389	0.003658183681
192390	0.001723260392
192391	0.001336442091
192392	9.792386821e-05
192393	0.001468389651
192394	0.008702898275
192395	0.001780949129
192396	2.114729675e-05
192397	0.0004539423317
192398	0.002489147715
192399	0.0008338075506
192400	0.005114746271
192401	0.002455400305
192402	0.001709926793
192403	0.000573987593
192404	0.004108348514
192405	0.002185358677
192406	0.00145564368
192407	0.001539399598
192408	0.0004682899027
192409	0.002850948878
192410	0.003535876989
192411	7.10824513e-05
192412	0.001165196118
192413	0.00286917632
192414	0.0002159037484
192415	0.001882921439
192416	0.001044652796
192417	0.002498612053
192418	0.007144871968
192419	0.001978593774
192420	0.001907863385
192421	0.0001658814954
192422	0.001237694278
192423	0.0005994538125
192424	0.005870875419
192425	0.006705238151
192426	7.178480116e-05
192427	0.0005108997711
192428	1.119147306e-05
192429	0.005163453041
192430	0.005136764881
192431	0.005168324022
192432	0.0004735320303
192433	0.002326775479
192434	0.0008212052882
192435	0.0007282933909
192436	0.001375589948
192437	0.0009619229655
192438	0.003311188249
192439	0.001528052341
192440	0.001557469665
192441	0.001246186219
192442	0.0002050887267
192443	0.00303335884
192444	0.001202116312
192445	0.003278611812
192446	0.001980655193
192447	0.0003715105201
192448	0.002719299624
192449	0.0004995867635
192450	0.0009195035022
192451	0.001563103202
192452	0.00267376219
192453	0.004112309435
192454	0.00230415188
192455	0.0003429368836
192456	0.001085464095
192457	0.002586519714
192458	0.0005463094086
192459	0.0003106426014
192460	0.0004036672062
192461	0.004538073656
192462	0.00089739726
192463	0.008864517226
192464	0.002742879318
192465	0.000354695605
192466	1.266497156e-05
192467	0.002872362444
192468	0.0003369842402
192469	0.0007630656858
192470	0.002528944879
192471	0.006827064085
192472	0.000449700193
192473	0.003811194963
192474	0.0007342329687
192475	0.0005747192466
192476	0.0008747409172
192477	0.001101527959
192478	0.004405602784
192479	0.005263980617
192480	0.001622102069
192481	0.001177505338
192482	0.001954074495
192483	0.005450251254
192484	4.98558085e-05
192485	0.002203462095
192486	0.001008118565
192487	0.004445263118
192488	0.004091448474
192489	0.0009451676841
192490	0.003703898404
192491	0.001898196292
192492	0.0004784492694
192493	0.000626814395
192494	0.006109187095
192495	0.008003562783
192496	0.00344173639
192497	0.001299249167
192498	1.005922989e-05
192499	0.003943149804
192500	5.622078477e-05
192501	0.004737681032
192502	0.001729499011
192503	0.0006229883629
192504	0.005661894669
192505	0.0004490934886
192506	0.0008309903416
192507	0.002365708547
192508	0.0007874570945
192509	0.00183528276
192510	0.001355139566
192511	0.00234773172
192512	0.001288301045
192513	0.001451112484
192514	0.002992533236
192515	0.001249984704
192516	0.003664894448
192517	0.002803220066
192518	0.0002991450227
192519	0.0001514050373
192520	0.0001003675782
192521	0.002279194014
192522	0.001470448993
192523	0.000370520585
192524	0.0006482417593
192525	0.0004010367478
192526	0.00012758053
192527	0.0004563057629
192528	0.002571311643
192529	0.001933372726
192530	0.0001309337062
192531	0.0002313512452
192532	0.002785027627
192533	0.002118220022
192534	0.001156590408
192535	0.00210251829
192536	0.0006012823925
192537	0.002384699832
192538	0.000164522789
192539	9.920786036e-05
192540	0.0005163860334
192541	0.001750381135
192542	0.00108452423
192543	0.003351945987
192544	0.0003201549144
192545	0.001608856863
192546	0.003032008993
192547	0.001977414643
192548	0.001078045356
192549	0.002261170235
192550	0.001112252839
192551	0.001346520034
192552	0.003281507796
192553	0.001393884797
192554	0.002872904258
192555	0.001025016437
192556	0.0006900929163
192557	0.001210290651
192558	0.001997843638
192559	0.001023509896
192560	0.007730098062
192561	0.001489831294
192562	0.004454302918
192563	8.708644393e-07
192564	0.001310991244
192565	0.0005745395808
192566	0.001139576443
192567	0.0001166368173
192568	0.002694126795
192569	0.000599257297
192570	0.002189453016
192571	0.004876996029
192572	0.000246015043
192573	0.0007235158652
192574	0.001069321226
192575	0.003830012424
192576	0.005088846298
192577	0.0001798941749
192578	0.0001250588586
192579	0.002223145974
192580	0.0001350981723
192581	0.001193535295
192582	0.0002138180585
192583	0.002962543776
192584	0.0001078806814
192585	0.002195082908
192586	0.001617156609
192587	5.737067498e-05
192588	0.001692873164
192589	0.001366944866
192590	0.001212468095
192591	0.0004805499041
192592	0.0003377134977
192593	0.003748183564
192594	0.0002654899318
192595	0.0002967339372
192596	0.0002239210869
192597	0.001065134092
192598	0.0003483583004
192599	0.001100828602
192600	0.004718018962
192601	0.0008664315378
192602	0.001042658659
192603	0.003468410396
192604	0.000508723783
192605	0.00357759713
192606	0.0001912015132
192607	0.0008011071685
192608	0.0001600827822
192609	0.002633523585
192610	2.772353885e-05
192611	0.0005613406229
192612	0.002214755231
192613	0.005458055157
192614	0.003763763035
192615	0.001130308642
192616	0.003554182476
192617	0.002297764585
192618	0.001829340696
192619	0.002045259108
192620	0.001027275411
192621	0.002419962071
192622	0.00185846969
192623	0.002046993725
192624	0.002114670903
192625	5.943096551e-05
192626	0.00360390957
192627	0.005550116657
192628	0.0006933684513
192629	0.004293988388
192630	0.001812530235
192631	0.0002056385851
192632	0.003044649887
192633	0.003262810549
192634	0.001177521287
192635	0.003299611144
192636	0.0007131593304
192637	0.00556967318
192638	0.004075426218
192639	0.0009607420695
192640	0.002910508893
192641	0.004588522642
192642	0.003686986778
192643	0.0005370881088
192644	0.002586281453
192645	0.0003500983104
192646	0.0002138110978
192647	0.0005872150308
192648	0.001856115836
192649	0.002203270006
192650	0.0003264013964
192651	1.842027704e-08
192652	0.002348468918
192653	0.002884451163
192654	0.0009684100168
192655	0.000241813884
192656	0.0006000533391
192657	0.0002470509168
192658	2.133682095e-07
192659	0.0002323684798
192660	0.0001379254711
192661	0.0002514534922
192662	0.0007484772402
192663	0.0006292421352
192664	0.0009884887922
192665	0.0001189776092
192666	0.0003678026302
192667	0.001095515748
192668	1.067864394e-06
192669	0.001100440323
192670	0.0006309344572
192671	0.001096807726
192672	0.0009887599795
192673	0.0009784810578
192674	0.0007480073081
192675	1.711550741e-06
192676	0.0008383087333
192677	0.0005986374069
192678	0.0009588034569
192679	0.0004894705374
192680	0.0008513446719
192681	0.001424028022
192682	0.001755841437
192683	0.002617602953
192684	0.002008504621
192685	0.0009134856598
192686	0.002234528759
192687	0.002114421361
192688	0.0008009450523
192689	0.002021197435
192690	0.001579616147
192691	0.000219082351
192692	0.0007378271484
192693	0.003230981526
192694	0.005184788668
192695	0.0003505786034
192696	0.002030165727
192697	0.00027431931
192698	0.0008411224197
192699	0.0001381684422
192700	0.0008247172137
192701	0.0006535184236
192702	8.815066223e-05
192703	7.21222337e-05
192704	0.001278015389
192705	0.00142881252
192706	0.002117529629
192707	0.005522423364
192708	0.002276591019
192709	0.0004122324297
192710	0.0008172378983
192711	0.001812529935
192712	0.00425053562
192713	0.001207651645
192714	0.001135097733
192715	0.0009750134143
192716	0.001290352264
192717	0.0003597352563
192718	0.0001537973005
192719	0.0002508665464
192720	0.001466587881
192721	0.0001813764279
192722	0.002583790976
192723	0.0001314693128
192724	0.002250958662
192725	0.0001045491411
192726	0.006862146271
192727	0.003811740726
192728	0.0023686948
192729	0.001187843615
192730	0.001475221363
192731	0.003412848897
192732	0.004512570175
192733	0.003241283437
192734	0.0008199072178
192735	8.754310093e-05
192736	0.004135175318
192737	0.0002213266624
192738	0.004365540302
192739	0.005755074319
192740	0.002337218619
192741	0.004613339731
192742	0.004017154628
192743	0.0002606145429
192744	9.732844056e-05
192745	0.001805173061
192746	0.002659147297
192747	0.0009313392519
192748	0.006635164667
192749	0.001279852467
192750	0.004417742521
192751	0.001171497006
192752	0.005021576625
192753	0.004548920122
192754	0.001858817271
192755	0.001280868854
192756	0.0004943197754
192757	0.0001952391554
192758	0.002110826758
192759	3.960359564e-07
192760	0.001758220555
192761	0.0002508825401
192762	0.0001505234061
192763	0.002210086416
192764	0.0008082013295
192765	0.0006593264506
192766	0.001847400923
192767	0.002116011147
192768	0.0014991125
192769	0.001567491766
192770	0.0009205890003
192771	0.0006625346497
192772	0.0001215269392
192773	0.0008836644828
192774	0.00153880801
192775	0.001084313104
192776	0.0003256280938
192777	0.0009324294213
192778	0.0002736900112
192779	0.0005155036611
192780	0.001046736818
192781	0.002207298044
192782	0.002506038069
192783	0.001265340675
192784	0.0006199166203
192785	0.001819864144
192786	0.001918426706
192787	0.001059407264
192788	0.0006576946322
192789	0.0006838287885
192790	3.61302313e-05
192791	0.001155115496
192792	0.001701388784
192793	0.0006653723451
192794	0.001961915161
192795	0.0009371202421
192796	0.003460890228
192797	0.001056668207
192798	0.0002435291556
192799	0.004227066574
192800	0.001040773497
192801	0.002659606146
192802	0.001495404103
192803	0.000749570179
192804	0.002485270724
192805	0.003176662739
192806	0.001663833605
192807	0.002488668296
192808	0.001655483254
192809	0.0009811081104
192810	0.0003761118843
192811	0.002189711419
192812	0.002973335501
192813	0.0007384509138
192814	4.800961191e-05
192815	0.001703485108
192816	0.001740377363
192817	0.00341377982
192818	0.004086021904
192819	0.00345134404
192820	0.001120916206
192821	0.0009438676242
192822	0.002043577779
192823	0.002495236348
192824	0.002112250105
192825	0.002874528072
192826	0.0002389643862
192827	0.003237048867
192828	0.001104496477
192829	0.001014120671
192830	0.0003718473525
192831	0.001305977014
192832	0.0017268066
192833	0.004512315237
192834	0.001178274309
192835	0.003300692046
192836	0.002234555852
192837	5.058115004e-05
192838	0.001080387993
192839	0.0006653886902
192840	0.001602808487
192841	0.0005600116029
192842	0.002900539575
192843	0.001207771555
192844	0.001330347731
192845	0.002633869476
192846	0.0009286525279
192847	0.001885778483
192848	0.001572321669
192849	0.002686519438
192850	0.003400628948
192851	0.0004164801393
192852	0.001552999124
192853	0.0005619235393
192854	0.0001066421917
192855	0.002502331762
192856	0.0002486747676
192857	0.0002745447154
192858	0.001718044447
192859	0.001108688256
192860	0.002106496599
192861	0.002075475398
192862	0.001427740886
192863	0.0012585161
192864	0.005625548348
192865	0.0003123826805
192866	0.002895376985
192867	0
192868	0.001126961723
192869	0.001754853435
192870	0.0003986317924
192871	0.000916318526
192872	0.0007340848101
192873	0.003513915553
192874	0.0007907865198
192875	0.002774245829
192876	0.0008419058684
192877	0.00152154723
192878	0.002598514269
192879	0.001931178756
192880	0.003903607776
192881	0.001391952623
192882	0.003846859718
192883	0.001982642653
192884	0.002830328642
192885	0.00121099147
192886	0.001441911845
192887	0.002456753811
192888	0.003299712635
192889	0.002140456044
192890	0.007206278021
192891	0.002175279786
192892	0.0008995026216
192893	0.001897781503
192894	0.003400999153
192895	0.002856864793
192896	0.006831800806
192897	0.001259324768
192898	0.001893857958
192899	0.001555259528
192900	2.188793296e-05
192901	0.001888387188
192902	0.002153010142
192903	0.001853538036
192904	0.003925251867
192905	0.005073493676
192906	0.004134821672
192907	0.001895554031
192908	0.001033669438
192909	0.002985078489
192910	0.001379140215
192911	0.004929276466
192912	0.001329821189
192913	0.001023132812
192914	0.001698916928
192915	0.0008308169057
192916	0.001423581821
192917	0.003025559633
192918	0.0009775887764
192919	0.007131370103
192920	0.001304362006
192921	0.0005175165782
192922	0.004713108015
192923	0.002010763781
192924	3.025147985e-05
192925	0.003007808755
192926	0.004173711869
192927	0.003285775403
192928	0.0006185092094
192929	8.289124664e-08
192930	0.0009440764201
192931	0.0006579718732
192932	0.0004565376973
192933	0.0001807948634
192934	0.001742822342
192935	0.0004493794421
192936	0.003972247566
192937	0.001337352275
192938	0.0005911375841
192939	0.0005023307086
192940	0.0006413441554
192941	0.003008053884
192942	0.003788272025
192943	0.003502072305
192944	0.001432696277
192945	0.0005667155036
192946	0.001950467967
192947	0.001025635048
192948	0.002010901715
192949	0.001048094498
192950	0.0004173897354
192951	0.001306075503
192952	0.003991622949
192953	0.0006620344277
192954	0.0006989916644
192955	0.0007376649555
192956	0.0001583780786
192957	0.001111658274
192958	0.000909027864
192959	0.001904506552
192960	0.001971177522
192961	0.0004043445395
192962	0.001977336729
192963	0.0002475638516
192964	0.000580680805
192965	0.004208058395
192966	0.001472969276
192967	0.0003270651679
192968	0.0008780002727
192969	0.004917201923
192970	0.0005077185516
192971	0.0009228600306
192972	0.0001217256448
192973	0.0006351856092
192974	0.002098339588
192975	0.0004373896113
192976	0.0002629169377
192977	0.001259352058
192978	0.00188425429
192979	5.709862767e-05
192980	0.00156721028
192981	0.0001851627743
192982	0.001452280765
192983	0.0006378953847
192984	0.001688140936
192985	0.001327248403
192986	0.00178015295
192987	0.001643556205
192988	0.0004986651399
192989	0.002615454265
192990	0.005633444233
192991	0.002617923603
192992	0.000857441438
192993	0.001719681281
192994	3.796724298e-05
192995	0.005397327666
192996	0.003127753672
192997	0.0003092832603
192998	0.004030317131
192999	0.002390070336
193000	0.005568190051
193001	0.001196474863
193002	0.002344145635
193003	0.004958968465
193004	0.001191251674
193005	3.523521502e-05
193006	0.001149760762
193007	0.002156631748
193008	0.00416216483
193009	0.003393346794
193010	0.002344072211
193011	1.861485253e-06
193012	0.004330158079
193013	0.001537856878
193014	0.003747652328
193015	0.0006413474741
193016	0.003416268781
193017	0.005240299931
193018	0.0006775449614
193019	0.002374315111
193020	0.003190939807
193021	0.001247504868
193022	0.002742388001
193023	0.002528857022
193024	0.00113059393
193025	0.00686633156
193026	0.001514345531
193027	0.004418094906
193028	0.003771890416
193029	0.001369379045
193030	0.002294494878
193031	0.00155244708
193032	0.001566489678
193033	0.00201501517
193034	0.005007138499
193035	0.001215893978
193036	0.005124442311
193037	0.0006238063765
193038	0.002652818316
193039	0.008615053681
193040	0.002162225147
193041	0.0006965880261
193042	0.001769785019
193043	0.0004403122389
193044	0.00353299396
193045	0.001639966938
193046	0.003803973055
193047	0.0004361009264
193048	0.001100351097
193049	0.003580147069
193050	0.002653401918
193051	0.00173731512
193052	0.003714842262
193053	0.001956142696
193054	0.002990373684
193055	0.001023364128
193056	0.0007595606186
193057	1.955465702e-05
193058	0.00242356656
193059	0.001487159543
193060	0.001697244499
193061	0.002287111596
193062	0.0006134764206
193063	0.0007005814207
193064	0.001025238309
193065	0.004236233935
193066	0.003064531173
193067	0.002424289289
193068	0.001010475141
193069	0.0008218000863
193070	0.00203919189
193071	0.0003423492209
193072	0.001173488824
193073	0.0009321625273
193074	0.001191324647
193075	0.001219740947
193076	0.001273154794
193077	0.001470457797
193078	0.001482181438
193079	0.002442136286
193080	0.002286395875
193081	0.001078144681
193082	0.001193708806
193083	0.001747466545
193084	0.0005481684252
193085	0.001220751739
193086	0.001114412812
193087	0.0008647169994
193088	0.00161464005
193089	0.001858258137
193090	0.001623268099
193091	0.0009912591868
193092	0.0008506795665
193093	0.0008059542857
193094	0.001392289989
193095	0.001053181194
193096	0.001293813213
193097	0.0009952531778
193098	0.001180027747
193099	0.0009790524093
193100	0.0007631142668
193101	0.0003506842879
193102	0.000201079157
193103	2.369391266e-05
193104	0.0009107766084
193105	0.001393909199
193106	7.22915287e-06
193107	0.0002813019511
193108	0.0003177476762
193109	0.0003449964468
193110	9.96528772e-05
193111	0.0009518265445
193112	1.664683923e-05
193113	0.0002849761597
193114	0.0001777411881
193115	0.0001851327479
193116	0.000418979208
193117	5.46756886e-05
193118	0.0003106033691
193119	0.0003696491241
193120	0.0005222210295
193121	0.0009180586135
193122	0.0005262419033
193123	0.0006015408265
193124	8.901692817e-05
193125	0.001917567354
193126	7.205121024e-06
193127	8.993625772e-05
193128	0.001385426004
193129	0.002825957869
193130	0.001890502513
193131	0.00229846367
193132	0.003276566037
193133	0.00304860561
193134	0.002864002726
193135	0.003271555305
193136	0.003008406637
193137	0.002987286825
193138	0.002742572667
193139	0.002895361656
193140	0.002611988845
193141	0.00278410349
193142	0.003015869328
193143	0.002692327114
193144	0.002562769946
193145	0.002631803178
193146	0.002806155881
193147	0.002877766381
193148	0.002710649733
193149	0.00237743731
193150	0.003227357478
193151	0.002761972377
193152	0.002370560147
193153	0.002693501938
193154	0.002696710274
193155	0.002767259639
193156	0.00272811891
193157	0.003037874698
193158	0.002883152435
193159	0.002735346581
193160	0.002392504097
193161	0.002646414648
193162	0.00280958421
193163	0.002783748587
193164	0.002765694158
193165	0.002994896879
193166	0.002018184473
193167	0.002643527449
193168	0.002968658269
193169	0.002489418461
193170	0.002312548886
193171	0.002575496902
193172	0.002404006213
193173	0.002764754882
193174	0.001275295304
193175	0.002867161782
193176	0.002403156813
193177	0.002874018226
193178	0.002566655654
193179	0.002985214996
193180	0.002655769066
193181	0.002821058983
193182	0.002966261147
193183	0.00301763635
193184	0.002907652628
193185	0.002794002912
193186	0.003424656961
193187	0.002377448687
193188	0.003326763016
193189	0.002849733101
193190	0.001381066755
193191	0.002943052227
193192	0.00275766611
193193	0.003073593767
193194	0.002922357768
193195	0.002596409177
193196	0.002642838557
193197	0.003069785098
193198	0.0009979326582
193199	0.002369876588
193200	0.003063134224
193201	0.002751667292
193202	0.002746858356
193203	0.00274702719
193204	0.002951852751
193205	0.00276212878
193206	0.002781282517
193207	0.002430258909
193208	0.002872102249
193209	0.003477316423
193210	0.003037445977
193211	0.003020086608
193212	9.835451592e-05
193213	0.001091527331
193214	0.0006080295634
193215	0.0008454998885
193216	0.0009018323147
193217	0.001187817444
193218	0.0009813668635
193219	0.0007023436736
193220	0.000661542513
193221	0.0003095393713
193222	0.001033502857
193223	0.0009792904695
193224	0.0007984967569
193225	0.001045476202
193226	0.001340536619
193227	0.00211012244
193228	0.00106471529
193229	0.0004905924503
193230	0.0009253168283
193231	0.0005283031018
193232	0.0002567440923
193233	0.0004351422816
193234	0.0007954059438
193235	0.0002865422127
193236	0.001636020174
193237	0.0004908618478
193238	0.001059521335
193239	0.001326428536
193240	0.001136357769
193241	0.0009881107686
193242	0.001265673759
193243	0.001085987823
193244	0.001407195055
193245	0.0008324317623
193246	0.0002589639292
193247	5.88152098e-05
193248	0.0003872981865
193249	1.073784521e-05
193250	0.0005077469092
193251	0.0004313201622
193252	0.0007720664906
193253	0.0003124765288
193254	0.0002607908491
193255	7.935942082e-05
193256	8.122726508e-05
193257	0.0002598101685
193258	3.591258478e-05
193259	1.009348475e-05
193260	0.001039895583
193261	0.0002256497733
193262	6.302971754e-05
193263	0.0003949230769
193264	0.001226722088
193265	0.001328318195
193266	0.0008728393323
193267	0.0007867469718
193268	8.637966987e-05
193269	0.0009536406728
193270	0.003392416389
193271	0.00314469405
193272	0.003086828382
193273	0.003342899443
193274	0.003086147483
193275	0.0002921718835
193276	0.001481706326
193277	0.0004441168995
193278	0.001046473369
193279	0.00165799419
193280	0.001396109784
193281	0.004588387852
193282	0.004769278913
193283	0.004968471336
193284	0.005193415299
193285	0.004804707868
193286	0.00489976998
193287	0.003601026192
193288	0.003188367091
193289	0.004394670255
193290	0.004649706378
193291	0.003861769558
193292	0.004526485227
193293	0.00445074697
193294	0.004742730535
193295	0.004821090931
193296	0.00440950036
193297	0.004567873474
193298	0.002775719188
193299	0.002466814362
193300	0.002756528182
193301	0.004929464559
193302	0.004958696229
193303	0.004258875227
193304	0.004050075954
193305	0.005010460384
193306	0.004459637981
193307	0.004936305206
193308	0.00487897509
193309	0.00444691493
193310	0.004424254535
193311	0.004785155713
193312	0.004994787522
193313	0.004153299028
193314	0.004574944011
193315	0.001272488591
193316	0.0002822832273
193317	0.00038330061
193318	0.0007569311792
193319	0.0004113988419
193320	0.0004560031085
193321	0.0003223250508
193322	0.0001251080847
193323	0.0009562644209
193324	0.0004505369412
193325	0.0003107066917
193326	0.0003524663276
193327	0.0003939522309
193328	0.0003915261144
193329	0.001382087991
193330	0.0006723378629
193331	0.0005816961681
193332	0.001411725544
193333	0.0007063878348
193334	0.001590739523
193335	0.001381388619
193336	0.001240970695
193337	0.001809011156
193338	0.0008922160387
193339	0.00100244425
193340	0.001797774025
193341	0.001886057645
193342	0.001458160422
193343	0.001695126308
193344	0.001761509016
193345	0.001355997963
193346	0.003464257457
193347	0.002604496832
193348	0.001969307483
193349	0.002492553812
193350	0.002996203788
193351	0.0004046903812
193352	0.002330226135
193353	0.002536301273
193354	0.002599553256
193355	0.002574976328
193356	0.002247318972
193357	0.00221505177
193358	0.002656270278
193359	0.000107956033
193360	0.003170424921
193361	0.002452529401
193362	0.00099446511
193363	0.000866114297
193364	0.0005050123277
193365	0.0008882854793
193366	0.0003521442252
193367	0.000470999542
193368	0.0005409427382
193369	0.0008807478552
193370	0.0008449323298
193371	0.0001079535708
193372	0.0006707541161
193373	0.00110829038
193374	0.0009894657504
193375	0.0007033051377
193376	0.0006017026513
193377	0.0008019598174
193378	0.000882411024
193379	0.0009798216539
193380	0.001418818157
193381	0.0004444587133
193382	0.0007144777831
193383	0.0001432775843
193384	0.00184462422
193385	0.001041901473
193386	0.001694445233
193387	0.001448442838
193388	0.001860546429
193389	0.001456179728
193390	0.001975844063
193391	0.001797969382
193392	0.001797949179
193393	0.002245418592
193394	0.002024291159
193395	0.001890585765
193396	0.001744651437
193397	0.001802303826
193398	0.001587554686
193399	0.001684422619
193400	0.001150664751
193401	9.682028997e-05
193402	0.00204172141
193403	0.0001229088678
193404	0.001825330567
193405	0.0012095643
193406	0.0009664751556
193407	0.00168614823
193408	0.001819260098
193409	0.002841791138
193410	0.002577691567
193411	0.001559015166
193412	0.001419688659
193413	0.0017503497
193414	0.001828510388
193415	0.001716325793
193416	0.0005996790563
193417	0.0007203111514
193418	0.0007840737195
193419	0.00167859016
193420	0.0006743126633
193421	0.00074775914
193422	0.0003241929099
193423	0.0003167567048
193424	0.0004454426942
193425	0.002725240902
193426	0.0001958872844
193427	0.002133320134
193428	0.0001831521478
193429	0.0001394929014
193430	0.0003174383472
193431	0.0002340675036
193432	0.0006452156044
193433	0.0003318627362
193434	0.0001225111415
193435	4.147823716e-05
193436	0.0001140800327
193437	0.0007770219171
193438	9.676870264e-06
193439	0.001058069795
193440	7.899104075e-05
193441	0.0001520599358
193442	0.0001863854875
193443	0.0002304847252
193444	0.0002148272442
193445	0.0002621083419
193446	0.0006189329623
193447	0.0008425684732
193448	0.0004951448154
193449	0.0007909121233
193450	0.0007147030808
193451	0.0005589507001
193452	0.0003361897186
193453	0.0005629729027
193454	0.0004370771604
193455	0.0009331061654
193456	0.00114261792
193457	0.0007598293365
193458	0.0002455543727
193459	0.001043241477
193460	0.000336429445
193461	0.0005783023257
193462	0.0005821939833
193463	0.0003910048809
193464	0.0002658050873
193465	0.0007639926486
193466	0.0003649078849
193467	0.0003501052683
193468	0.000134867349
193469	0.0005567286496
193470	0.0005679197151
193471	0.0001628666351
193472	0.0001616352446
193473	0.001499995459
193474	0.000133474831
193475	0.0006955977648
193476	0.0004073131033
193477	0.0002980800512
193478	0.001303787759
193479	0.0008642701335
193480	0.0005179497723
193481	0.00106493038
193482	0.0006724134312
193483	0.0004194669152
193484	0.001006477889
193485	0.0003962507413
193486	0.0002048209673
193487	0.0003757534279
193488	0.0002212324048
193489	0.0005132483496
193490	0.0004069934185
193491	0.002705700024
193492	0.001723822079
193493	0.001593174053
193494	0.0003213465433
193495	0.001422047856
193496	0.0002021856747
193497	0.001421591155
193498	0.00065111838
193499	0.003025658893
193500	5.632730157e-05
193501	0.0006278715963
193502	0.00097070745
193503	0.004270477334
193504	0.001842859846
193505	0.0005885651719
193506	0.003331520155
193507	0.0002858598951
193508	0.001665076454
193509	7.153126005e-05
193510	0.00249665166
193511	0.001074818115
193512	0.002724215413
193513	0.002656422978
193514	0.006168094195
193515	0.001317619951
193516	0.0002420710861
193517	0.003612321366
193518	0.0001339612873
193519	0.004601054217
193520	0.0007957336245
193521	0.0001165288915
193522	0.004577365144
193523	0.008763921182
193524	0.001187626864
193525	0.002307683932
193526	0.00230226635
193527	0.001526265588
193528	0.001612010862
193529	0.002841651777
193530	0.0005934935866
193531	3.156518543e-06
193532	0.0007429908762
193533	0.0006754195589
193534	0.004503672329
193535	0.001159550578
193536	0.001748872585
193537	0.001699679026
193538	0.003298527543
193539	0.0004974932451
193540	0.00227517838
193541	0.005387894784
193542	0.0008942897775
193543	0.001019409619
193544	0.0009641571465
193545	0.0003316755494
193546	0.005651546564
193547	0.001601448833
193548	0.002504650192
193549	0.001376450933
193550	3.67437555e-05
193551	0.0008828570174
193552	0.0001299884068
193553	0.00213561097
193554	0.007871511674
193555	0.0007006439164
193556	0.001831682769
193557	0.002656595845
193558	0.0002873080219
193559	0.000466006871
193560	0.0003435368496
193561	0.0006231060853
193562	0.004086256614
193563	0.0006877639717
193564	0.001500935679
193565	0.004193479077
193566	0.001349422455
193567	0.001205331977
193568	0.00247871328
193569	0.001164231528
193570	0.0005030110968
193571	0.002719112134
193572	0.00162762688
193573	0.0006119445188
193574	0.0001005355751
193575	0.00107170064
193576	0.003154691027
193577	0.0007232590862
193578	0.0007579887984
193579	0.001002008562
193580	0.001672927472
193581	0.00183136773
193582	0.0009201185209
193583	0.0013462111
193584	0.002246179355
193585	0.002604333954
193586	0.002183536346
193587	0.00199993602
193588	0.0006239043398
193589	0.002289387803
193590	0.00138108369
193591	0.0009931996073
193592	0.0002684542146
193593	0.0006722514417
193594	2.422630725e-05
193595	0.0005298757159
193596	0.0004695185313
193597	0.0004513182828
193598	0.0003084894118
193599	0.0002435391964
193600	0.00046529452
193601	0.0006151058673
193602	0.0002120650273
193603	0.000695133914
193604	2.129417023e-05
193605	0.001698200203
193606	0.0002742421585
193607	0.001054112386
193608	0.0006135753048
193609	0.0008820164964
193610	0.0002550309289
193611	0.0001195056998
193612	0.0002689298981
193613	0.0002884950188
193614	0.0005486030062
193615	0.0003600686166
193616	0.0003286821309
193617	0.0001672887594
193618	0.00036499574
193619	0.0004604184608
193620	0.0002887231773
193621	0.0003659719801
193622	0.0003769935864
193623	9.251219101e-05
193624	0.0004570190001
193625	0.000875502171
193626	0.0009481254887
193627	0.0001132224764
193628	0.0004731220858
193629	4.281906068e-05
193630	0.000253302091
193631	0.0004815387021
193632	0.001632377753
193633	0.0002921509413
193634	6.596725336e-05
193635	4.5540667e-05
193636	3.642563411e-05
193637	0.0009533362168
193638	0.0002287674074
193639	0.0006312375808
193640	0.0001757728357
193641	0.000448492016
193642	7.550318132e-05
193643	0.0005969307416
193644	7.435145212e-06
193645	0.000379464748
193646	0.0005176751281
193647	0.0002425713472
193648	0.0001664298424
193649	0.0003749396128
193650	0.0001953417577
193651	2.477532375e-05
193652	0.0003659242659
193653	0.0004057698133
193654	0.0003601820145
193655	0.0002554071318
193656	0.0009345734006
193657	0.0006182225723
193658	0.0003324797067
193659	0.0003525450759
193660	0.0006611616547
193661	0.000303866935
193662	0.000529200677
193663	8.424684692e-05
193664	0.0002607347009
193665	0.000993662497
193666	0.0002539064905
193667	0.0001200263287
193668	0.0003304822537
193669	0.0004636188207
193670	0.0004742036586
193671	0.0001975687514
193672	5.592935089e-05
193673	0.0006662388398
193674	0.005817657943
193675	0.0003059783043
193676	0.0001141931349
193677	0.0003903781872
193678	0.001028896555
193679	0.0005464391846
193680	4.383250914e-05
193681	0.0003773471723
193682	0.000231826054
193683	5.069666992e-05
193684	0.0001357306663
193685	0.0003714352499
193686	4.275495155e-05
193687	4.574757289e-05
193688	0.0004681280862
193689	0.0005643946008
193690	0.0001249781384
193691	0.0004601601794
193692	2.174808195e-05
193693	5.528275776e-05
193694	0.0001552852793
193695	9.640681621e-05
193696	9.43649828e-05
193697	0.0001127188071
193698	4.324644139e-05
193699	0.0002019497329
193700	0.0001305109026
193701	0.001447397978
193702	0.0008083695218
193703	2.569334684e-05
193704	0.0001976980029
193705	0.0005356919927
193706	0.00032914808
193707	0.0003126895162
193708	2.139225669e-05
193709	0.0002659665825
193710	0.0002319420706
193711	0.0002316607832
193712	0.0005547843034
193713	0.0001369689248
193714	0.0009119191374
193715	0.0006040758285
193716	0.0009552523702
193717	0.000408795556
193718	0.0004989995904
193719	0.0003651171735
193720	0.0008292424301
193721	0.0001412941413
193722	0.0003069465656
193723	0.000448967916
193724	0.0001162223247
193725	7.746119099e-05
193726	0.0002618510105
193727	0.0001204542501
193728	0.0002284559275
193729	0.0003272109586
193730	9.418070262e-05
193731	0.0003122760642
193732	8.821564154e-05
193733	0.0007019211123
193734	0.0001336192446
193735	0.0001531666232
193736	0.000201921709
193737	0.0002396843146
193738	0.0002337056913
193739	1.267499848e-05
193740	0.0004064679197
193741	0.0001691753104
193742	0.0001671443479
193743	0.0004729811061
193744	0.0001933504733
193745	6.023236643e-05
193746	0.0001378129293
193747	0.000670941854
193748	0.0001407025261
193749	0.0001301178381
193750	0.0001447518989
193751	0.0004598917506
193752	0.0003164762217
193753	0.0004776549606
193754	0.0002593829588
193755	0.001168171337
193756	0.0004192515908
193757	3.659617467e-05
193758	7.915518432e-05
193759	0.0001052717281
193760	0.0001302587722
193761	0.001375370359
193762	0.001308462149
193763	0.0004125729585
193764	0.0001026724494
193765	0.00020526742
193766	0.0001597645411
193767	0.002770156615
193768	0.0002986489703
193769	0.000108923453
193770	0.0001775431346
193771	0.0004760703929
193772	0.0001770782893
193773	5.011081289e-05
193774	0.0002386865182
193775	2.264637283e-05
193776	0.0001597238318
193777	0.0001574472288
193778	0.0001783688976
193779	0.0008081475248
193780	0.0001902026634
193781	0.002395850736
193782	7.214747042e-06
193783	0.0003288887069
193784	0.0001649087282
193785	0.0003917154223
193786	7.933492432e-05
193787	0.0005050504297
193788	0.0005277829851
193789	0.0009723442708
193790	5.561116961e-05
193791	0.001789935106
193792	0.006145860569
193793	0.0005957675997
193794	0.000613168953
193795	0.004348752391
193796	0.003422099647
193797	0.0003464414315
193798	0.003928771106
193799	0.006058552921
193800	0.0014385478
193801	0.0009058251346
193802	0.0002820471929
193803	0.003818237923
193804	0.001559339898
193805	0.001051690913
193806	0.0008131957557
193807	5.234087374e-05
193808	0.001467015855
193809	0.002422742967
193810	0.004045248074
193811	0.003314567179
193812	0.001191867937
193813	0.001747722839
193814	0.007227380448
193815	0.0003785727771
193816	0.0006961947212
193817	0.0006613884745
193818	0.001661361319
193819	0.001330029496
193820	0.008244885233
193821	0.00127564254
193822	1.8111833e-05
193823	0.002494454127
193824	0.003186274658
193825	0.003894238763
193826	0.002484602838
193827	0.00383589649
193828	0.003832927013
193829	0.001144070412
193830	0.001837412346
193831	0.001166599095
193832	0.004337195033
193833	0.001096977849
193834	0.002573606864
193835	0.002566500034
193836	0.001608435024
193837	0.002919440338
193838	0.002291680688
193839	0.002229164681
193840	0.002032041336
193841	0.001830203566
193842	0.002387262611
193843	0.002396416196
193844	0.002425309705
193845	0.00218466502
193846	0.002184131727
193847	0.003419257127
193848	0.001908435804
193849	3.041649929e-05
193850	1.333020808e-05
193851	0.0002151036077
193852	0.0003009136813
193853	0.0008093860614
193854	0.0004313886556
193855	0.0008638101535
193856	0.002737403083
193857	0.001297665508
193858	0.001359899749
193859	0.0004752112616
193860	0.003531825159
193861	0.002944523216
193862	0.002216342986
193863	0.003642200423
193864	0.003139780776
193865	0.002390673068
193866	0.00288502786
193867	0.002253650908
193868	0.00232163956
193869	0.002511429731
193870	0.002927970928
193871	0.001739501789
193872	0.003112323855
193873	0.002257862061
193874	0.003719901338
193875	0.0008201118784
193876	0.0009842743417
193877	0.003427670538
193878	0.000775304975
193879	0.0001371200654
193880	0.001193554589
193881	0.0004837988142
193882	0.004530704779
193883	0.001570458386
193884	0.0009875949099
193885	0.0002021075972
193886	0.001987791809
193887	0.002436717267
193888	0.0009487238982
193889	0.0008363885308
193890	0.00163494839
193891	0.0007768962168
193892	0.0008251790957
193893	0.008114242745
193894	0.00214674047
193895	0.004688040274
193896	0.001700263707
193897	0.001208967913
193898	0.001014118455
193899	0.001382150883
193900	0.001069340164
193901	0.00456144359
193902	0.002889140206
193903	0.004916118264
193904	0.001817175623
193905	0.002492690497
193906	0.0002742714941
193907	0.005953242686
193908	0.001322245653
193909	0.002170314354
193910	0.00669641415
193911	0.00128383988
193912	0.000357357125
193913	0.004278910908
193914	0.0002243489919
193915	0.0003661436825
193916	0.0001248550084
193917	0.0009847582325
193918	0.00295713242
193919	0.0009632663456
193920	0.000199149477
193921	0.0001426921119
193922	0.0009914750487
193923	0.0004187113689
193924	0.0008499112036
193925	7.197053428e-05
193926	2.452447234e-05
193927	0.001015099244
193928	0.0009121506466
193929	0.0003250332519
193930	0.0004987750055
193931	0.002848677103
193932	0.003900780861
193933	0.0009591060686
193934	0.0005526984825
193935	0.002169004132
193936	0.001347896895
193937	0.0006655910422
193938	0.0008327561575
193939	0.0008091149559
193940	0.001917105415
193941	0.0001735924389
193942	8.014605631e-05
193943	0.0001913711282
193944	0.001933023884
193945	0.0033349146
193946	0.0004698822553
193947	0.001326740622
193948	0.0004018985291
193949	0.003664576246
193950	0.00051910715
193951	0.001185669938
193952	0.00494327387
193953	0.001840489471
193954	3.417091328e-05
193955	0.001467768158
193956	0.001031099815
193957	0.0006576812924
193958	0.001340677667
193959	0.00216413949
193960	0.0005807922185
193961	0.004723285651
193962	0.0001797588048
193963	0.0007695949285
193964	0.001140091892
193965	9.793614605e-05
193966	0.0001760247235
193967	0.0007951753133
193968	0.0005719695362
193969	0.007014449732
193970	0.0004381235097
193971	9.887850568e-05
193972	0.002133071981
193973	0.001399088659
193974	0.001866038545
193975	0.0002847469184
193976	0.001971250096
193977	0.001309820241
193978	0.001911929367
193979	0.0003644882092
193980	0.00340438972
193981	0.00632611343
193982	1.352965325e-05
193983	0.0007361670687
193984	0.0008599801813
193985	0.007572167056
193986	0.001416862388
193987	0.0001140557884
193988	0.001146113333
193989	0.0005677068388
193990	2.041836562e-06
193991	0.0004114099393
193992	8.879819841e-06
193993	0.000166168101
193994	0.001142419077
193995	0.001797502255
193996	0.0008283549715
193997	0.001288687764
193998	0.0002673853211
193999	0.0007551455258
194000	0.001155443669
194001	0.001964910646
194002	0.001008351954
194003	8.650081549e-05
194004	0.0004942142678
194005	0.0005929333289
194006	0.002976703854
194007	0.001307020927
194008	0.001184405955
194009	0.001945217775
194010	0.001098416312
194011	0.0004292941248
194012	0.001709677449
194013	0.00164819171
194014	0.0006004951493
194015	0.001737687993
194016	0.002351722125
194017	0.0001169236576
194018	4.636969547e-05
194019	0.004160765948
194020	0.003174840155
194021	0.001399475634
194022	0.00473039209
194023	0.001609419565
194024	0.003482629145
194025	0.0007386238972
194026	0.0009275290194
194027	0.00188021548
194028	0.004182331474
194029	2.11789974e-05
194030	0.00169399106
194031	0.000393231769
194032	0.0002652300334
194033	0.001019810778
194034	0.002113827311
194035	0.005540088863
194036	8.307000556e-05
194037	0.0001072716517
194038	0.004073957906
194039	0.0008916476414
194040	0.001033382991
194041	0.0001663451163
194042	0.0005964987514
194043	0.0003447182365
194044	0.0001381046254
194045	0.001523911372
194046	0.002426393684
194047	0.004679564118
194048	0.003336865362
194049	0.002434667521
194050	0.00246906216
194051	0.002779260433
194052	0.0001334896205
194053	0.0006551553373
194054	0.004691283384
194055	0.001926712379
194056	0.001027000987
194057	0.001390963028
194058	0.001042385254
194059	4.971903726e-05
194060	0.0003028757098
194061	0.00305226182
194062	0.001544152373
194063	0.004875267435
194064	0.002028256351
194065	0.001116186744
194066	0.001873041221
194067	0.002259154645
194068	0.0008960754831
194069	0.002762633874
194070	0.0008416773775
194071	0.003293565976
194072	0.0008539720027
194073	0.001287280221
194074	0.00261842552
194075	0.001253745974
194076	0.0006044526324
194077	0.007196696787
194078	0.0003074794825
194079	0.002013248304
194080	0.000232671624
194081	0.0003715964616
194082	0.002045083803
194083	0.001488341714
194084	0.001151274624
194085	0.001010391339
194086	0.0006689324626
194087	0.0003676493054
194088	0.004578518923
194089	0.0005769164445
194090	0.002567571559
194091	8.578040698e-05
194092	0.001989714622
194093	0.0008630439669
194094	0.0004510392382
194095	0.002550055175
194096	0.001801683349
194097	0.00226827718
194098	0.003078255501
194099	0.0009374106048
194100	5.907282615e-05
194101	0.005918954375
194102	0.0001889218422
194103	0.001362764347
194104	0.0008191762919
194105	0.001947170265
194106	0.00366253854
194107	0.00488361394
194108	0.0006444821348
194109	0.0002522965532
194110	0.002599947974
194111	0.0006940406654
194112	0.002978190888
194113	0.003707974705
194114	0.0008084324838
194115	0.004507002821
194116	0.003483192978
194117	0.002233844555
194118	0.001626758334
194119	0.001124357396
194120	0.004711631467
194121	0.0002744911992
194122	0.003400396391
194123	0.00380162302
194124	0.004428943824
194125	0.004029632218
194126	0.001550427529
194127	0.004992932072
194128	0.005590688616
194129	0.001039777689
194130	0.004373295623
194131	0.001105443846
194132	0.003336802002
194133	0.0003382462313
194134	0.003928296726
194135	0.002075814344
194136	0.002325687416
194137	0.002400638427
194138	0.002630702745
194139	0.001213458394
194140	0.00139150496
194141	0.002466483339
194142	0.001962562309
194143	0.001881127732
194144	0.004121954382
194145	0.0006694366229
194146	0.002369379224
194147	0.005494660573
194148	0.001233445487
194149	0.005115056729
194150	0.0004114052729
194151	0.0008022868259
194152	0.005085370228
194153	0.004663118932
194154	0.0004577943
194155	0.001571565009
194156	0.005166560064
194157	0.004009188131
194158	0.001487008388
194159	2.328690958e-05
194160	0.004578189287
194161	0.00230146548
194162	0.003354094817
194163	0.005269905731
194164	0.006443069081
194165	0.001428299828
194166	0.004721277863
194167	0.001036021898
194168	0.00370429259
194169	0.004315573312
194170	0.005205224421
194171	0.003836039244
194172	0.0003687811374
194173	0.0004246536035
194174	0.0004420187156
194175	0.0001134986591
194176	1.634655229e-05
194177	0.0004257774688
194178	0.0002582427112
194179	0.0003548071103
194180	5.72929817e-05
194181	0.001391489954
194182	0.002604262068
194183	0.002616185578
194184	0.001993768502
194185	0.001687027233
194186	0.001995881559
194187	0.0001339938244
194188	0.001857654486
194189	0.00089118532
194190	0.0008704426255
194191	0.00258520825
194192	0.00351385839
194193	0.006156095576
194194	0.003189299972
194195	0.00467172467
194196	0.002191509084
194197	0.0005279510289
194198	0.002401271993
194199	0.002792116746
194200	0.002661647519
194201	0.0003314544213
194202	0.003387112669
194203	3.983056781e-05
194204	0.001087475419
194205	0.002795801614
194206	0.003629580562
194207	0.001686772612
194208	0.007889422795
194209	0.003470088003
194210	0.002031893482
194211	0.0008088343698
194212	0.0004400680318
194213	0.001408636601
194214	0.004299287997
194215	0.0004454295507
194216	0.0005336955278
194217	0.002640521402
194218	0.003425845284
194219	0.001222037172
194220	0.001919090696
194221	0.002591407074
194222	0.0005456624842
194223	0.0001472711612
194224	0.0004657967149
194225	4.772260265e-05
194226	0.0001237040645
194227	0.002791238092
194228	0.001156076514
194229	0.0009977040166
194230	0.000942447122
194231	0.003464151955
194232	0.002564004776
194233	6.379266808e-05
194234	0.0009954387467
194235	0.00421631546
194236	0.006170106985
194237	0.006434643979
194238	0.002127763214
194239	0.002137017866
194240	0.0003275083815
194241	0.001090799282
194242	0.002868070343
194243	0.001089116004
194244	3.936756139e-05
194245	0.003986681701
194246	0.0007073361551
194247	0.0007259007431
194248	0.0005847832164
194249	0.003038717981
194250	0.003731871225
194251	0.001273893182
194252	0.0006010061743
194253	0.00350488613
194254	0.002284768829
194255	0.002356935919
194256	0.002619188217
194257	0.001733434844
194258	0.001193398042
194259	0.001504806262
194260	0.002122539091
194261	0.0015082293
194262	0.002210918603
194263	0.002478993528
194264	0.002705877557
194265	0.002583049187
194266	0.000759991549
194267	0.003043495625
194268	0.001480681825
194269	0.001828557927
194270	0.0008413807445
194271	0.0002633998819
194272	0.002117996232
194273	0.00103390672
194274	0.006192400753
194275	0.0002368032628
194276	0.0007098515452
194277	0.0004815021614
194278	0.002243666882
194279	0.00113132155
194280	0.002303298421
194281	0.0002294217074
194282	0
194283	0.003597295683
194284	0.001922744787
194285	0.0003946719501
194286	0.0009643572687
194287	0.0002185096688
194288	0.00231200066
194289	0.004094037218
194290	0.0006040873431
194291	0.0007057169406
194292	0.0008237823071
194293	0.0005360424021
194294	0.0003979369496
194295	0.0003266313198
194296	0.004035258166
194297	0.001173922386
194298	0.0001127785981
194299	0.0004437770226
194300	4.497409398e-05
194301	0.001886456244
194302	0.003313020868
194303	0.001051382266
194304	0.0003296544265
194305	0.00186334417
194306	0.002758992887
194307	0.002535320613
194308	0.004005761812
194309	0.0003960464465
194310	0.0002334138666
194311	0.0006573517954
194312	0.0004534765212
194313	0.0001650975684
194314	6.564967519e-05
194315	2.030164991e-05
194316	0.00191750125
194317	0.0002140781012
194318	0.0001584538703
194319	0.0001152272816
194320	0.001278819541
194321	0.0001288532226
194322	7.611485229e-05
194323	0.0002220504082
194324	0.002331207151
194325	1.153297484e-05
194326	0.0002924287476
194327	0.0009194629079
194328	7.501739187e-05
194329	3.908438766e-05
194330	0.003609778212
194331	0.0006535739753
194332	0.001532280519
194333	0.006128952755
194334	0.0007483229773
194335	0.004008853082
194336	0.009324037812
194337	0.001556632969
194338	0.003786972265
194339	0.0004633052414
194340	0.000158289617
194341	0.0002704662317
194342	0.003442510774
194343	0.000339766086
194344	0.0007556776013
194345	0.001022537561
194346	0
194347	0.001461019159
194348	0.001212600817
194349	0.002775917648
194350	0.004458993373
194351	0.005504400647
194352	0.003606812294
194353	0.001591786673
194354	0.002079826917
194355	0.002166713904
194356	0.0006405920081
194357	0.003565956366
194358	0.002148220814
194359	0.004937172137
194360	0.003799480216
194361	0.002572281671
194362	0.004783417161
194363	0.001101930811
194364	0.002391744959
194365	0.005907206566
194366	0.002012525704
194367	0.001798567863
194368	0.003053110883
194369	0.0006302147579
194370	0.001199970661
194371	0.002677005025
194372	0.0001556349735
194373	0.00356813799
194374	0.0006896039227
194375	0.0004465280043
194376	0.00458315787
194377	0.001726987985
194378	0.0004529877217
194379	0.001693118644
194380	0.002975240109
194381	0.007410011572
194382	0.00575677027
194383	0.0002094132016
194384	0.003203370641
194385	0.001179689189
194386	0.004479828742
194387	0.001962829828
194388	0.00199985247
194389	0.002262890004
194390	0.003920493402
194391	0.00565719023
194392	0.002400456976
194393	0.002296270788
194394	3.997007352e-05
194395	0.001050304805
194396	0.003331122099
194397	0.0003235544213
194398	0.004623885925
194399	0.001902783335
194400	0.0005143936631
194401	0.002098714539
194402	0.0003972397282
194403	0.004533387076
194404	0.001460100704
194405	0.001266515247
194406	0.0001516531653
194407	0.004054265362
194408	0.002627403592
194409	0.0006186102235
194410	0.004467750709
194411	0.005703552384
194412	0.001269552423
194413	0.0001859463014
194414	0.00886447414
194415	0.0008391034935
194416	0.003027171981
194417	0.001015060189
194418	0.001659244866
194419	0.003322579355
194420	0.001044836351
194421	0.002855730907
194422	0.0009636303613
194423	0.0007413331022
194424	0.005382566246
194425	0.004011738177
194426	0.002002063701
194427	0.004290901704
194428	0.0003415026275
194429	0.005457890284
194430	0.002711148874
194431	0.00120149888
194432	3.182308012e-06
194433	0.0003690533242
194434	0.001925987717
194435	0.002564552847
194436	0.0053257857
194437	0.005445747753
194438	0.001551516088
194439	0.002398000484
194440	0.002585196556
194441	0.0004609799427
194442	0.003823028149
194443	0.00161920735
194444	0.004952838368
194445	0.0003550451461
194446	0.002459250347
194447	0.004341752762
194448	0.001574327185
194449	0.00148239996
194450	0.0001136859892
194451	0.002384965334
194452	0.005218168516
194453	0.0063201622
194454	0.001995943966
194455	0.009805470959
194456	0.0002493484087
194457	0.001901904374
194458	0.0001941741727
194459	0.0008174648629
194460	0.003391755632
194461	7.061106199e-08
194462	1.869315884e-05
194463	0.002263757234
194464	0.002284024131
194465	0.001304157056
194466	0.0006337506664
194467	0.001275083302
194468	0.000936395013
194469	0.0002391572358
194470	0.003872518668
194471	0.0007814443516
194472	0.0001286269423
194473	0.001966655344
194474	0.001448182966
194475	0.001419093352
194476	0.005353756994
194477	0.005433700001
194478	0.001072935968
194479	0.001778117966
194480	0.001420835084
194481	0.001354477294
194482	0.0005339399611
194483	0.001648883238
194484	0.001651976659
194485	0.0001753799484
194486	0.0003490943011
194487	0.002348972653
194488	0.002406374022
194489	0.001568787269
194490	0.0003003560959
194491	0.002166089441
194492	0.0007279018691
194493	0.0004726826179
194494	0.0007567910349
194495	0.001372043867
194496	0.002393454663
194497	0.002900852196
194498	0.0006279509824
194499	0.0005183751285
194500	0.001443437522
194501	0.001534535923
194502	0.003351751513
194503	0.003431074135
194504	0.001316494209
194505	0.001529905103
194506	0.001914172408
194507	0.002212489134
194508	0.002330586565
194509	0.003263623802
194510	0.0002691554544
194511	0.002092373769
194512	0.002172745023
194513	0.001388800413
194514	0.002719509725
194515	0.001558379436
194516	0.0008960705275
194517	0.001297280488
194518	0.00128897094
194519	0.005006956524
194520	8.076144804e-05
194521	0.002332967517
194522	0.0006293173093
194523	0.0008857651472
194524	0.0009391125864
194525	0.002059362158
194526	0.001093916151
194527	0.001255516064
194528	0.001345701286
194529	0.002828625086
194530	0.001549082917
194531	0.0004914536893
194532	0.000590613593
194533	0.004765203068
194534	0.001338891014
194535	0.002293895064
194536	0.002157081737
194537	0.002908406851
194538	0.002656103539
194539	0.0005190058296
194540	0.001341196883
194541	0.005652683777
194542	0.002024579543
194543	0.00178961112
194544	0.001543091683
194545	0.004616477845
194546	0
194547	0.00578657448
194548	0.00156938918
194549	0.001939401201
194550	0.003885904883
194551	0.003283721634
194552	0.0001026636213
194553	0.00422481472
194554	0.0005073469007
194555	0.001149881406
194556	0.0004793422114
194557	0.0001326248307
194558	0.0004069714217
194559	0.000348789402
194560	1.535023087e-07
194561	0.0002278199341
194562	3.561253561e-07
194563	0.001404725962
194564	0.0002431018724
194565	0.0009061709147
194566	0.0007372230183
194567	6.447096966e-08
194568	0.0006138103001
194569	0.001033520664
194570	0.0001290510561
194571	0.0003862482493
194572	0.001148363466
194573	0.0001659422578
194574	0.0037492957
194575	0.0007519260235
194576	0.00178085827
194577	0.004257120356
194578	0.002241262188
194579	0.002298097773
194580	4.072224074e-05
194581	0.0005386868447
194582	0.002694283031
194583	0.0001905904024
194584	0.001895895213
194585	0.002790659616
194586	0.0001573282247
194587	0.0008608238937
194588	0.0001330895922
194589	0.0007539872018
194590	0.002123239702
194591	0.001094095443
194592	0.00062399738
194593	0.001907414618
194594	0.000387266128
194595	0.001420909392
194596	0.003436516165
194597	0.0004801414548
194598	0.000288246996
194599	0.0002032801057
194600	0.001159239904
194601	0.001916860349
194602	0.0005551710639
194603	0.004405492755
194604	0.001785590809
194605	0.002938931647
194606	0.001744822201
194607	0.00278533634
194608	0.004061322495
194609	0.001726966799
194610	0.0012284595
194611	0.001455822863
194612	0.001341040365
194613	0.002040746128
194614	0.0008577944907
194615	3.590144573e-05
194616	0.0001244000766
194617	0.001072821237
194618	0.0008794218402
194619	0.003002493508
194620	0.002612344263
194621	8.987336408e-05
194622	0.002916722881
194623	0.0004022348558
194624	0.0004086615988
194625	0.0005713345846
194626	0.003843206827
194627	0.0005260050556
194628	0.0004812989503
194629	0.002666057944
194630	0.002590816502
194631	0.001600491561
194632	0.003293375136
194633	0.00189882131
194634	7.390582645e-05
194635	0.002524432952
194636	0.001006672918
194637	0.001454438905
194638	0.001737194688
194639	0.0009912945185
194640	0.002785027126
194641	0.00298945703
194642	0.0008846700434
194643	0.0006716754842
194644	0.001932521156
194645	0.0007062257738
194646	0.006122570481
194647	0.0005706475078
194648	0.0006886005575
194649	4.451566997e-07
194650	2.456036965e-08
194651	2.732341048e-07
194652	7.675115419e-08
194653	6.0172905e-07
194654	3.377050794e-07
194655	2.210433248e-07
194656	9.517143516e-08
194657	4.51296788e-07
194658	7.030405741e-07
194659	1.013115198e-07
194660	7.061106157e-08
194661	0.0006622845179
194662	0.0009894463951
194663	0.0006562040913
194664	0.001147838867
194665	0.001153607928
194666	0.0002631891267
194667	0.0007816651654
194668	0.0003845317184
194669	0.001049501766
194670	0.0005075063917
194671	0.0002126388786
194672	0.000528611205
194673	0.0005303777752
194674	0.0003912778162
194675	0.0002614957919
194676	0.000221445673
194677	0.003652489563
194678	0.002256875663
194679	0.001175722672
194680	0.0003837739303
194681	0.0001334916917
194682	0.001949966232
194683	0.0007270683371
194684	0.0006351180168
194685	0.0006831063987
194686	0.001256573702
194687	1.396801296e-06
194688	0.0007846455127
194689	0.0006576001876
194690	0.003559558471
194691	0.001843681402
194692	0.0002621835294
194693	0.002140430427
194694	0.003195421816
194695	0.0005969109308
194696	0.003569867262
194697	0.003617762352
194698	0.0005714547874
194699	0.0005759356038
194700	0.001593247385
194701	0.0007786249159
194702	0.0004417001594
194703	0.0009233639948
194704	0.001777677402
194705	0.002535597181
194706	0.001064948492
194707	0.002106662746
194708	0.00234069014
194709	0.001285553067
194710	0.001893930693
194711	0.0001117982067
194712	0.003781805943
194713	0.001933272945
194714	0.003791693113
194715	0.002233493664
194716	0.001285443832
194717	0.0009835816186
194718	0.001058028356
194719	0.0003394577813
194720	0.0001054087542
194721	0.0001532263382
194722	0.0002199928744
194723	0.003315248249
194724	0.0008097633749
194725	0.001771451725
194726	0.001284677527
194727	0.001177514379
194728	0.000405223419
194729	0.0008768837538
194730	0.002134118731
194731	0.0007353876963
194732	0.002561563745
194733	0.001485653012
194734	0.000995585966
194735	0.0009324732079
194736	2.523683505e-05
194737	0.002949217223
194738	0.001353050211
194739	0.002844924425
194740	0.0002081894903
194741	4.743586927e-07
194742	5.712469958e-05
194743	0.001965333378
194744	0.002654659749
194745	0.00035582474
194746	0.0007029129982
194747	0.002479247643
194748	0.0002661367073
194749	0.0008287187262
194750	0.00406362783
194751	0.002715199188
194752	0.002042109966
194753	0.0004998366624
194754	0.001322875959
194755	0.001004002699
194756	5.106095633e-05
194757	0.003983871435
194758	0.002478010629
194759	0.0002224487858
194760	0.001039976637
194761	0.001308749188
194762	0.001062451383
194763	0.003571206782
194764	0.0009573565827
194765	0.0009293495477
194766	0.004500365114
194767	2.870111973e-05
194768	0.001760646423
194769	0.000930474867
194770	0.001023404129
194771	0.0008493346203
194772	0.002044770047
194773	0.00133507849
194774	0.0009258202645
194775	0.002219000878
194776	0.00274705771
194777	0.001942820485
194778	0.0004534836995
194779	0.003491393242
194780	0.001435313543
194781	0.002637053756
194782	0.002525136938
194783	0.0002861539585
194784	0.005008287635
194785	0.001286960032
194786	0.004134089062
194787	0.002691243236
194788	0.001713984092
194789	0.003262833147
194790	0.00141599849
194791	0.002809642275
194792	0.001657734909
194793	0.003571675797
194794	0.003104718088
194795	0.002194182653
194796	0.00553792837
194797	0.002652640369
194798	0.002165959839
194799	0.00181419318
194800	0.001707579572
194801	0.0004781095725
194802	0.0001805204515
194803	0.003789039184
194804	0.002723280754
194805	0.001567032631
194806	0.002018699735
194807	0.001121248181
194808	0.001010566156
194809	3.371527389e-05
194810	0.0006955675287
194811	0.0002166542446
194812	0.001853876186
194813	0.0005963769084
194814	0.001939937875
194815	0.0001282335573
194816	0.0009670519704
194817	0.0006419959042
194818	0.003026627506
194819	0.00532378325
194820	0.002261326363
194821	0.001301717995
194822	0.0008034207477
194823	0.0008331174153
194824	0.0007928125993
194825	3.982681984e-05
194826	0.0001154536232
194827	0.001040521474
194828	0.001168435289
194829	0.000456834158
194830	0.001059167375
194831	0.006070962089
194832	0.00179990021
194833	0.0002044889677
194834	0.001308974338
194835	0.0003130035551
194836	0.00152513191
194837	0.003912233861
194838	0.001562135855
194839	0.001591752522
194840	0.001327023227
194841	0.001678001171
194842	0.0006836066271
194843	0.003428692541
194844	0.002303476768
194845	0.0002486007209
194846	0.00275197199
194847	0.0005905879365
194848	0.0001358246464
194849	0.0004982393277
194850	0.001810940867
194851	0.002123718415
194852	0.001946587946
194853	0.001508726353
194854	0.002478427513
194855	0.001492277437
194856	0.001205471299
194857	0.001434137274
194858	0.003083596827
194859	0.001321742843
194860	0.001720337682
194861	0.001647835717
194862	5.443305338e-05
194863	0.002681146047
194864	7.488642868e-06
194865	0.00071287792
194866	0.004446380521
194867	0.0003716339134
194868	0.002094070921
194869	0.0001633008662
194870	0.001518418718
194871	0.002045298865
194872	0.000297563762
194873	0.0001261966373
194874	0.0009221667869
194875	0.00224396718
194876	0.001196889554
194877	0.0003345799159
194878	0.0002393068962
194879	0.0010774168
194880	0.0001379439
194881	0.00193108588
194882	0.001684417614
194883	0.0002784499664
194884	0.001394409868
194885	0.001297440278
194886	0.0005139365312
194887	0.0002604238668
194888	0.0005383132028
194889	0.0005841923865
194890	0.0002552165741
194891	0.0007304118661
194892	2.670940171e-07
194893	0.001941440642
194894	0.003205732802
194895	0.0001816608944
194896	0.0003864451837
194897	0.002026444742
194898	0.0007161940532
194899	0.0008638391307
194900	0.0002965653346
194901	0.0003555247346
194902	0.001078406324
194903	0.0004714618089
194904	0.0009983941552
194905	0.001114751837
194906	0.0008823682116
194907	0.0009049770147
194908	0.0009137460169
194909	0.0003266316421
194910	0.0005464583038
194911	0.0002526149267
194912	0.0001752129004
194913	0.002514944498
194914	0.001155710897
194915	0.0008443007833
194916	0.001003716885
194917	0.0006678797804
194918	0.0001577810909
194919	0.00162073639
194920	0.0002950366614
194921	0.0002712468806
194922	0.001229175724
194923	0.001011423515
194924	0.0009723904296
194925	0.0005877155499
194926	0.001842524585
194927	0.00187789351
194928	0.00102656853
194929	0.001649518347
194930	0.0007275593152
194931	0.0004219451837
194932	0.00118977685
194933	0.000382884499
194934	0.001997616252
194935	0.0008368207424
194936	0.0001473326341
194937	0.001831418054
194938	0.000298756932
194939	0.001181940321
194940	0.0005008556459
194941	0.0004131914217
194942	0.00177886062
194943	0.00153732323
194944	0.0009273858882
194945	0.001106761015
194946	0.0004931848065
194947	0.0006357547076
194948	0.00130090023
194949	3.245902522e-05
194950	0.000465041078
194951	0.0009867948689
194952	0.003040179875
194953	0.0008464207633
194954	0.002707602206
194955	4.511259054e-05
194956	0.002370934267
194957	0.002110273722
194958	0.0002562345883
194959	0.003499807914
194960	0.004152139528
194961	0.001274896254
194962	0.0008967771012
194963	0.003029168286
194964	0.001908766927
194965	0.001133676731
194966	0.0008218901803
194967	0
194968	0.002092501009
194969	0.00184867839
194970	0.0004481785666
194971	0.00318804691
194972	0.000281320089
194973	1.651665379e-05
194974	0.002445568021
194975	0.0001062955132
194976	6.85623962e-05
194977	0.0002682390075
194978	0.000770737986
194979	0.003262430723
194980	0.001498963157
194981	0.001550303388
194982	0.002692995214
194983	0.0001702110393
194984	0.001484145527
194985	0.0007818384411
194986	0.002024367685
194987	0.002395530924
194988	0.000223965899
194989	0.002188761289
194990	0.001743839624
194991	0.0010518047
194992	0.0006050319216
194993	0.001805182934
194994	0.001327494889
194995	0.0001504199162
194996	0.0003609047102
194997	9.532447586e-05
194998	0.003080196728
194999	0.002058316287
195000	0.002125337979
195001	0.001609267791
195002	8.841732983e-07
195003	0.0003189967164
195004	0.001163383576
195005	0.001126779919
195006	0.002496460143
195007	0.000234446696
195008	0.0009019338643
195009	0.0005325831068
195010	0.000104236873
195011	0.0006758068145
195012	0.001047818586
195013	0.001317862283
195014	0.001939100757
195015	0.0001324829771
195016	0.002423831171
195017	0.0006210462511
195018	0.002306916414
195019	0.003632303572
195020	0.002939030082
195021	0.000333051257
195022	0.001711045187
195023	0.002997137392
195024	0.0007162800243
195025	0.001952345506
195026	0.002351235046
195027	0.002663380026
195028	0.002793739542
195029	0.0001300568188
195030	0.001025462888
195031	0.00248725959
195032	0.002321175296
195033	0.001539773166
195034	0.0009050701666
195035	0.0008730762294
195036	0.0009554639282
195037	0.003164162404
195038	0.003444367417
195039	0.0007985381702
195040	0.0008779269409
195041	0.001456664114
195042	0.003461983167
195043	0.00159833516
195044	0.003676169143
195045	0.004560510419
195046	0.001919727504
195047	0.003972407942
195048	0.003499239744
195049	0.0002258389065
195050	0.001120827234
195051	7.636025257e-05
195052	0.002295180694
195053	0.006103275556
195054	0.002323003161
195055	0.001812712057
195056	0.0007546283346
195057	0.00559959822
195058	0.000233282582
195059	0.003635775629
195060	0.004997978383
195061	0.002333261547
195062	0.0008811261127
195063	2.778070723e-05
195064	0.000451965186
195065	0.001527004874
195066	0.002779459265
195067	0.001161313191
195068	0.003575217658
195069	0.0008592182909
195070	0.006571592048
195071	0.0007780662434
195072	0.001288213736
195073	0.0002472549465
195074	0.000132042639
195075	0.000523629737
195076	7.227440277e-06
195077	0.0008489189937
195078	8.662088861e-05
195079	0.0002431551888
195080	0.0003872878964
195081	2.274247054e-05
195082	6.595055308e-05
195083	0.0005735059707
195084	0.0001076971833
195085	0.0007284785966
195086	0.0005154612616
195087	0.0004001299955
195088	0.0008483749306
195089	0.0003952659107
195090	0.0001335827072
195091	0.0002731455317
195092	0.0008519752917
195093	0.0004948312475
195094	0.001056796331
195095	0.0003888795916
195096	0.0007782147256
195097	0.0005256885306
195098	0.0002488524154
195099	0.0005058669036
195100	0.0004008563314
195101	0.0006368596896
195102	0.0009008566018
195103	7.828617739e-07
195104	0.0003411024305
195105	0.0003521097952
195106	0.001490904956
195107	0.0007344486032
195108	0.001214464021
195109	0.0002003436208
195110	9.038435277e-05
195111	2.202276231e-05
195112	0.0005493053298
195113	0.0008427764898
195114	0.0003952941696
195115	0.000256173645
195116	2.732341094e-07
195117	0.0001469837073
195118	0.000981423237
195119	0.0009570244381
195120	0.0005739006228
195121	0.0003923087108
195122	0.0005589394473
195123	0.001294344997
195124	0.0003723626393
195125	0.0006394879107
195126	0.0009564526133
195127	8.757405941e-05
195128	5.738580346e-05
195129	2.740481209e-05
195130	0.0004901556504
195131	0.0005249743562
195132	0.0003488026283
195133	0.0001518045469
195134	0.002820939795
195135	0.002640119941
195136	0.003864685755
195137	0.001568217183
195138	0.00489461314
195139	0.0001324102505
195140	0.00391167636
195141	0.0009963112778
195142	0.001138776169
195143	0.0008673924745
195144	0.002190993108
195145	0.000319322055
195146	0.002373431442
195147	0.001347557054
195148	0.002472894132
195149	0.004025898966
195150	0.0001741451223
195151	0.00122811247
195152	0.0005686880651
195153	2.115965943e-05
195154	0.000589865679
195155	0.002536249325
195156	0.0007924132359
195157	0.002952988531
195158	0.002302286738
195159	0.0001271723162
195160	0.0002642064364
195161	0.000805353184
195162	0.002573260589
195163	0.001460260088
195164	0.0001635360861
195165	0.0007757813629
195166	0.0002039920131
195167	0.002933024648
195168	0.002218165735
195169	0.002135044271
195170	0.0009761540842
195171	0.001066772064
195172	0.001742255566
195173	0.001163697923
195174	0.005573932759
195175	0.0005167220516
195176	0.0001826506419
195177	0.001627420167
195178	0.001800849644
195179	0.001949613701
195180	0.0009876341204
195181	0.004434050227
195182	0.0007269918558
195183	0.006439029722
195184	0.001524729582
195185	0.00151581757
195186	0.001844222425
195187	0.005419156837
195188	0.00050271194
195189	0.00319838394
195190	0.0007642974449
195191	0.0008778242399
195192	0.002484920749
195193	0.001077793608
195194	0.003205589726
195195	0.0004592445313
195196	0.002722995375
195197	0.002697335184
195198	0.002242508643
195199	0.0005861130815
195200	0.0002463437914
195201	0.001135111644
195202	0.00268243997
195203	0.002709267305
195204	0.005636549836
195205	0.002020438385
195206	0.001087218959
195207	0.003098217788
195208	0.001000567965
195209	0.00192397528
195210	0.002751606115
195211	0.001133105633
195212	0.001028894114
195213	0.004225794938
195214	0.001051279054
195215	0.0007661792104
195216	0.002640304497
195217	5.377248201e-05
195218	0.0007662427778
195219	0.001229273627
195220	0.0003952799239
195221	0.002053579507
195222	0.001327220844
195223	0.00173253833
195224	0.0008178508805
195225	0.0008387548548
195226	0.002770651361
195227	0.000719368165
195228	0.000757454188
195229	0.001285912131
195230	0.0005433012405
195231	0.003493284298
195232	0.0008091613481
195233	9.261587462e-05
195234	0.0007211382322
195235	0.001866542055
195236	0.0004810488201
195237	0.002105176992
195238	0.001651811856
195239	0.001525712132
195240	0.0006551478981
195241	0.0004892593357
195242	0.003428725558
195243	0.0006729134528
195244	0.0002146328531
195245	0.0006527254267
195246	0.001518531524
195247	0.001453791203
195248	0.0006654904877
195249	0.0008237071596
195250	0.0004735997162
195251	0.001612128718
195252	0.0009585274643
195253	0.002983291305
195254	0.0003497356817
195255	0.003208893763
195256	0.0001117831894
195257	0.001288758779
195258	0.000781403781
195259	0.0009337783537
195260	0.000537640793
195261	0.0007082885813
195262	5.523641076e-05
195263	0.0003973822286
195264	0.002860800782
195265	0.001562230385
195266	0.001033633233
195267	0.001784613024
195268	0.0009647585436
195269	0.0007038012626
195270	0.0006437746565
195271	0.0005217225977
195272	0.000331247248
195273	0.0005381556239
195274	0.0003332988125
195275	0.001201209173
195276	0.0001506789386
195277	0.001960994227
195278	0.00123808347
195279	0.0009047142061
195280	0.0004336288612
195281	0.001475459848
195282	0.001427428894
195283	0.000626821396
195284	0.002016481456
195285	0.000769532066
195286	0.003692474334
195287	0.001537602684
195288	0.0009256625699
195289	0.0003294820335
195290	0.001720249094
195291	0.0003774962
195292	0.002025613427
195293	0.00186052598
195294	0.001753387987
195295	0.0001142665462
195296	0.0005514714433
195297	0.0005095590346
195298	0.00037273319
195299	0.0006413603564
195300	0.001040833502
195301	0.0003738973192
195302	0.001828523484
195303	0.0008806119492
195304	0.002939891032
195305	0.000712475826
195306	0.000455577465
195307	4.331121942e-05
195308	0.0001658397037
195309	0.0001926398763
195310	6.036844388e-05
195311	0.002088835209
195312	0.0002858962618
195313	4.687931822e-05
195314	4.58208784e-05
195315	0.001680828572
195316	0.001300901232
195317	0.002288304527
195318	0.0009667525582
195319	0.0008700274726
195320	0.0005150872535
195321	0.0001255038026
195322	0.001389933309
195323	0.000908909321
195324	3.21740839e-06
195325	0.002060151756
195326	0.0007371061548
195327	0.001363722291
195328	0.001318149719
195329	0.001774256242
195330	0.0008123952438
195331	0.0008762874435
195332	0.0007522771867
195333	0.001571493991
195334	0.0005831593215
195335	0.001988265908
195336	0.002542331528
195337	0.001872201851
195338	0.001128237636
195339	6.136210334e-05
195340	0.002255822038
195341	0.0005266829542
195342	0.0004643941514
195343	0.001144213443
195344	0.000496443076
195345	0.0004629976689
195346	0.002118040843
195347	0.001767004174
195348	0.001946486369
195349	0.0009587635831
195350	0.0009917949325
195351	0.00239814288
195352	0.0004872905826
195353	0.0006229368162
195354	0.0002228311754
195355	0.0003140096437
195356	0.0009132807579
195357	2.130969563e-05
195358	0.0004324489192
195359	0.001928112257
195360	0.0009589583764
195361	0.0006887216917
195362	0.001699432844
195363	0.001136509427
195364	0.001027560654
195365	0.001479084886
195366	0.001343293159
195367	0.0001054227708
195368	0.001327807969
195369	0.001451679847
195370	0.0006443540111
195371	9.486442676e-07
195372	0.001019198466
195373	0.0001739395638
195374	0.001156113124
195375	0.004284397428
195376	0.000835859714
195377	0.001402007901
195378	0.0009495135725
195379	0.001794788616
195380	0.00149940221
195381	0.001263779215
195382	0.0005187345138
195383	0.001091818344
195384	0.001345704843
195385	0.000635100036
195386	0.0003644688066
195387	0.004199027844
195388	0.0005490804481
195389	0.0003217172101
195390	0.0007457810398
195391	0.001357282917
195392	0.0007053872656
195393	3.941612805e-05
195394	0.002255102064
195395	0.0007163335585
195396	0.0004136302909
195397	0.000920296756
195398	0.0008976218601
195399	0.0009230349882
195400	0.002541068798
195401	0.0004040000177
195402	8.736464009e-05
195403	0.000124883809
195404	0.002523868602
195405	0.001661182346
195406	0.00101128282
195407	0.001431029815
195408	0.001831503494
195409	0.0005453303936
195410	0.001638586165
195411	0.001683420092
195412	0.0001694747125
195413	0.0005531006174
195414	0.0009636734297
195415	0.0004895039791
195416	0.001417140416
195417	0.0006228435821
195418	0.0004312301493
195419	3.428494426e-05
195420	0.0006322374074
195421	0.0009184363516
195422	0.001468135909
195423	2.524453261e-05
195424	0.001087038654
195425	0.0005960954618
195426	0.001449116039
195427	0.001295944199
195428	0.0003004185664
195429	0.0002348446319
195430	5.284110019e-06
195431	0.001122993904
195432	0.001356766895
195433	0.0004600992763
195434	0.002639648779
195435	0.001703577706
195436	0.0004386937946
195437	0.0004263753753
195438	0.0002350322446
195439	0.001175260372
195440	0.001609100144
195441	0.003373128721
195442	3.883923079e-06
195443	0.0006952081504
195444	0.0003797556565
195445	0.00261880768
195446	0.0007413913152
195447	0.00129131895
195448	0.0004098629289
195449	0.0008013170505
195450	0.001774750965
195451	0.0011607475
195452	5.827673376e-05
195453	0.0007936751289
195454	0.002032981951
195455	6.739162783e-05
195456	5.782284108e-05
195457	0.001519848401
195458	0.00158064765
195459	0.0004195233461
195460	1.408163668e-06
195461	0.0006642718466
195462	2.025476184e-05
195463	0.00199757987
195464	0.0009734084318
195465	0.0005711796327
195466	0.001395501322
195467	0.0004656232707
195468	0.0005445633395
195469	0.000907087266
195470	0.002018564025
195471	0.0007388520787
195472	0.0001266048363
195473	0.002508160953
195474	0.001871521283
195475	0.002879516934
195476	0.001366352517
195477	0.001658587382
195478	0.0002393356512
195479	0.001948083525
195480	0.001084591214
195481	0.0007374291483
195482	2.229570163e-05
195483	0.0001321762755
195484	0.001275739146
195485	0.001644203862
195486	0.001186250894
195487	0.002807972585
195488	0.001028532801
195489	0.0005337390702
195490	0.0001094479194
195491	0.001453141099
195492	0.0007198819959
195493	0.0006557468645
195494	0.0008535249037
195495	0.00139811525
195496	0.000635247718
195497	0.001998697432
195498	9.137473928e-05
195499	0.002428629145
195500	0.000756653066
195501	0.002632255462
195502	0.002181129654
195503	0.0005712791266
195504	0.001394476456
195505	0.0002434253867
195506	1.77084227e-05
195507	0.0007691699161
195508	0.002447296946
195509	0.002661167807
195510	0.001531494463
195511	0.001067175935
195512	0.001387372966
195513	0.0003927779879
195514	0.001107111774
195515	0
195516	0.0003408237632
195517	0.0008935588879
195518	0.000770020711
195519	0.00135904052
195520	0.001360917226
195521	0.0007302704326
195522	0.001322333116
195523	0.001185133477
195524	0.002578474956
195525	0.0009388815313
195526	0.002533612511
195527	0.006493653099
195528	0.0007556055941
195529	0.00253977333
195530	0.0005564437472
195531	0.0001079305229
195532	0.003110793342
195533	0.0004787356454
195534	0.001243837571
195535	0.001279485045
195536	0.0003154012091
195537	0.005099679091
195538	0.0005391971303
195539	0.001445909108
195540	0.0007853801841
195541	0.0007125308657
195542	0.0005492088621
195543	0.005756960471
195544	0.001319926002
195545	0.001740357424
195546	0.001107874414
195547	0.001144144654
195548	0.002213032737
195549	0.001354381789
195550	0.0006989245306
195551	0.001223948139
195552	0.0007305668439
195553	0.00365392219
195554	0.002679340086
195555	0.001119235355
195556	0.001503755982
195557	0.0007855269555
195558	0.001158814132
195559	0.001444297495
195560	0.003610298352
195561	0.0006295014832
195562	0.001096003984
195563	0.001528488429
195564	0.004475964698
195565	0.0008546874156
195566	0.004040517336
195567	0.001460513512
195568	0.0001036472064
195569	0.0038826243
195570	0.002403358719
195571	0.0009758068358
195572	0.001198896062
195573	0.00113007429
195574	0.001481777258
195575	0.004203772834
195576	0.002011118912
195577	0.000851804963
195578	0.001789670274
195579	0.0002981453921
195580	0.0006287845383
195581	0.0001496501672
195582	0.0005865932972
195583	0.00297638036
195584	0.001719584592
195585	0.0004732765228
195586	0.004778400629
195587	0.001057141519
195588	0.0003796706698
195589	0.001530556524
195590	0.003618057324
195591	0.003218097428
195592	0.0005251773176
195593	8.46556325e-05
195594	0.0001495999749
195595	0.002664971634
195596	0.003539999334
195597	0.0009776828924
195598	0.001129594396
195599	0.001613247295
195600	0.002626990391
195601	0.002064378662
195602	0.001766037314
195603	0.002639999772
195604	0.003065666757
195605	0.001352864526
195606	0.001422221169
195607	0.001474162686
195608	0.001762645251
195609	0.001403989845
195610	9.986146737e-05
195611	0.003231885908
195612	0.004047018414
195613	0.003126806247
195614	0.000402253611
195615	0.0004386473861
195616	0.003281568579
195617	6.648678878e-05
195618	0.00367414431
195619	0.0006729054989
195620	0.001684141691
195621	0.00175040461
195622	0.0007588029347
195623	0.003713995128
195624	0.000938902761
195625	0.000196863175
195626	0.0009725209715
195627	0.0008316640418
195628	0.001067256592
195629	0.0007612825303
195630	0.001835750902
195631	0.001916298324
195632	4.073897022e-05
195633	0.0008567261006
195634	0.0002432303066
195635	0.002366388239
195636	0.001612034328
195637	0
195638	0.000867839579
195639	0.004052345611
195640	0.000843546738
195641	0.0001549706936
195642	0.002576974064
195643	0.0005273324448
195644	0.001276346629
195645	0.0007841460037
195646	0.002551131157
195647	0.00109466184
195648	0.001369760473
195649	0.0008923625515
195650	0.000331761717
195651	0.001656018351
195652	0.001787589588
195653	0.0009981990322
195654	4.047143796e-05
195655	0.004516826086
195656	0.0004980538322
195657	0.001172762237
195658	0.001034773531
195659	0.0007595482773
195660	0.001042851803
195661	9.15717056e-05
195662	0.001627454836
195663	0.002026820861
195664	0.003435512228
195665	0.002987087714
195666	0.003632698549
195667	0.001364284858
195668	0.003119612384
195669	0.001869387748
195670	0.001773293036
195671	0.0004108821057
195672	0.002150307637
195673	0.0005938267588
195674	0.002960222132
195675	0.0006980355242
195676	0.00189367967
195677	0.002928424391
195678	0.002209346867
195679	0.0003881504407
195680	0.002373310664
195681	0.00237109716
195682	0.001591588757
195683	0.001265063885
195684	0.002430333566
195685	0.000182853238
195686	0.002234209777
195687	0.002122563708
195688	0.001500314448
195689	0.001634336065
195690	7.284515154e-05
195691	0.002809531276
195692	0.002373049713
195693	0.0003909715737
195694	0.001573134859
195695	0.001617896885
195696	5.94728232e-05
195697	0.002236922416
195698	0.001500253328
195699	0.001740364153
195700	0.001491735608
195701	0.003173697701
195702	0.002373645155
195703	0.003179907931
195704	0.00102361372
195705	0.001841227126
195706	0.002529053961
195707	8.241933608e-05
195708	0.001847838841
195709	0.002141382473
195710	0.0005135678213
195711	0.0007137764194
195712	0.00285113593
195713	0.001742195442
195714	0.0005389986431
195715	0.001507200071
195716	1.971992992e-06
195717	0.0002576221487
195718	0.0001358510696
195719	0.0003047384976
195720	0.000114142613
195721	0.0004707302771
195722	0.001601875147
195723	0.001163065889
195724	0.0004763301972
195725	0.002497027273
195726	0.001989398224
195727	0.002370977435
195728	0.002123252665
195729	0.001088017102
195730	0.0003018514645
195731	0.002238878209
195732	0.002140666328
195733	0.0003504380142
195734	0.0002063343337
195735	0.002686841533
195736	0.002472479874
195737	0.0007577385078
195738	0.001489484563
195739	0.002114756933
195740	0.001795975019
195741	0.002582585263
195742	0.0003242573049
195743	0.001160328695
195744	0.0006150749011
195745	0.001168971617
195746	0.001542840935
195747	0.0009413766734
195748	0.0005317797598
195749	0.001949771935
195750	8.596129293e-08
195751	0.0001142607707
195752	0.003265844821
195753	0.002569633297
195754	0.00114704878
195755	0.0002434633877
195756	0.0003983583385
195757	5.833854015e-05
195758	0.0006073556516
195759	1.683784905e-05
195760	0.002015129482
195761	0.002140628828
195762	0.0006297667424
195763	0.002068745517
195764	0.002052666368
195765	0.0002230511225
195766	0.0002358972213
195767	0.001037420842
195768	0.002414865237
195769	0.0006617616519
195770	0.002018203402
195771	0.0002096265812
195772	0.00237414265
195773	0.001823341101
195774	2.942015026e-05
195775	0.001547407563
195776	0.001365779321
195777	0.002880478223
195778	0.002605266699
195779	0.0005774705787
195780	0.000121837407
195781	0.001729232779
195782	0.001705168206
195783	0.0004471972395
195784	0.0003489151915
195785	0.001472415003
195786	0.002607467281
195787	0.0007554146595
195788	0.0002301498415
195789	0.001732622623
195790	0.0007369070779
195791	0.002636467617
195792	0.000498603212
195793	0.0008996790811
195794	0.0006726833382
195795	0.0004561751366
195796	0.001618028972
195797	0.001638340139
195798	0.004272702584
195799	0.003330278884
195800	0.0002400561611
195801	0.0015761627
195802	0.0006657684997
195803	4.083725501e-05
195804	0.002456775469
195805	0.0001504381775
195806	0.001708117989
195807	0.00251717882
195808	0.001515187686
195809	0.0001086520356
195810	0.001340891421
195811	0.002865852395
195812	0.001398823735
195813	0.001504567382
195814	0.001394069974
195815	0.002599226781
195816	0.002391769954
195817	0.003502698012
195818	0.002034342217
195819	0.001481740793
195820	0.001729278729
195821	0.002224728712
195822	0.005780169306
195823	0.002013730482
195824	0.001574055337
195825	0.001416708912
195826	0.004785027952
195827	0.0003512615734
195828	0.001235194852
195829	0.001121653729
195830	0.002287032117
195831	0.0003982491545
195832	0.001732084727
195833	0.0009031605509
195834	0.002888801255
195835	0.002160520402
195836	0.005239349904
195837	0.002121361137
195838	0.006853115127
195839	0.001871955196
195840	0.001360959579
195841	0.001868042116
195842	0.0003627114595
195843	0.001726375175
195844	0.0004460569577
195845	0.002176587282
195846	0.0006393477221
195847	0.00125377418
195848	0.0002980927944
195849	0.001185944581
195850	0.0009774262326
195851	0.004018674754
195852	0.0006281699331
195853	0.005605841228
195854	0.0003500067837
195855	0.0001324000138
195856	0.005006406557
195857	0.001699405085
195858	0.001216069587
195859	0.002133460331
195860	0.0002102178304
195861	0.004889140996
195862	0.0009781429798
195863	0.002200266446
195864	0.0005376723015
195865	0.001508974864
195866	0.005121977361
195867	0.0007382376092
195868	0.002640226545
195869	0.0001944669753
195870	0.0008077435728
195871	0.004344985396
195872	0.00112014362
195873	4.201927639e-05
195874	4.116477332e-06
195875	0.000481071251
195876	0.002591295399
195877	0.0007100947204
195878	0.0004282660882
195879	0.001030676272
195880	0.001047214072
195881	0.003098100966
195882	0.001403725418
195883	0.003987047588
195884	0.0007329419791
195885	0.001157706427
195886	0.001801835739
195887	0.0007407711143
195888	0.0002470564355
195889	0.001655567012
195890	0.001391301904
195891	0.002128847693
195892	0.006751709789
195893	0.00140788547
195894	0.001208393828
195895	0.001058614378
195896	0.002895274983
195897	0.0003465128592
195898	0.001686342199
195899	0.0001755736688
195900	0.00676386742
195901	0.00075629991
195902	0.002830727257
195903	0.0008829669661
195904	0.0007474376843
195905	0.0005567689776
195906	0.00219710531
195907	0.003428691942
195908	6.252104788e-05
195909	0.001626448622
195910	0.0004594180226
195911	5.615818161e-05
195912	0.001937184528
195913	0.001968749209
195914	0.00157340524
195915	0.003471380348
195916	0.0003314342742
195917	0.0002796460625
195918	0.000803106647
195919	0.0002178075842
195920	0.001977526894
195921	0.001724387029
195922	0.002291807114
195923	0.003295781382
195924	0.0002857837223
195925	0.003884386607
195926	0.001028177739
195927	0.000609583975
195928	0.000969975005
195929	0.0002819268185
195930	0.002419894655
195931	0.003105191231
195932	0.001583272911
195933	0.004794531602
195934	0.0008410565682
195935	0.001409467648
195936	0.0007814531251
195937	0.0018283393
195938	0.001108579684
195939	0.001414197318
195940	0.005274213153
195941	0.000576536091
195942	0.002110030921
195943	0.0007407428355
195944	0.003471364914
195945	0.001675047086
195946	0.002676520528
195947	0.0006551069901
195948	0.001172855769
195949	0
195950	0.00111231467
195951	0.001422902637
195952	0.004937898874
195953	0.001121076321
195954	0.002274621816
195955	0.0005240054123
195956	0.002387667771
195957	0.003641898718
195958	0.004111636899
195959	0.001396544835
195960	0.0007495411825
195961	0.0007722135656
195962	0.001114530752
195963	0.003126176517
195964	0.002363424427
195965	0.000881268087
195966	0.005196946059
195967	0.0006426869501
195968	0.001654123422
195969	0.001736663012
195970	0.0009517653996
195971	0.001766880982
195972	0.002817220708
195973	0.002082705925
195974	0.0002575645586
195975	0.0001639876963
195976	0.0008058660959
195977	0.001301787065
195978	0.0004201221265
195979	0.0009521293154
195980	0.0003402663516
195981	0.000809654347
195982	0.003379930794
195983	0.004365208948
195984	0.002500841274
195985	0.0006394867438
195986	0.0007793925429
195987	0.001129729856
195988	0.0008942167627
195989	0.0003996423543
195990	0.004247807413
195991	0.001177386036
195992	0.0005144767024
195993	0.000927296374
195994	0.001650915794
195995	0.00101919339
195996	0.001924778757
195997	0.001160690902
195998	3.062256815e-05
195999	0.001111028811
196000	0.002184774791
196001	3.110771121e-05
196002	0.001389057352
196003	0.002123676624
196004	0.001692894874
196005	0.0005653860299
196006	0.002175280128
196007	0.003013819011
196008	0.001316773615
196009	0.0009289803172
196010	0.003216770446
196011	0.003505446397
196012	0.002521882316
196013	0.0001700297337
196014	0.002251700196
196015	0.002523045113
196016	0.001868676349
196017	0.0003477493482
196018	4.613774067e-05
196019	0.002095934513
196020	0.001789516972
196021	0.0007245573626
196022	0.001930841801
196023	0.002255362741
196024	0.0001313427103
196025	0.001061100581
196026	9.811365632e-06
196027	0.001263240252
196028	0.002176980162
196029	0.001864398302
196030	0.0001217590111
196031	0.001938025596
196032	0.001987590145
196033	0.0003599303485
196034	0.0001553987123
196035	0.003072098234
196036	0.002733733411
196037	0.0006124859897
196038	0.004243944422
196039	0.002382253726
196040	4.628085298e-05
196041	0.0003939845777
196042	2.428382727e-05
196043	0.0006155197939
196044	0.003550661414
196045	0.002798646806
196046	0.001562192728
196047	0.001765965651
196048	0.003335994797
196049	0.0001325995668
196050	0.004115437971
196051	0.00325557179
196052	0.0008627033238
196053	0.004433871281
196054	0.0005410039063
196055	0.003694466446
196056	0.0001691625407
196057	0.0007105272916
196058	0.0004630598184
196059	4.003444516e-05
196060	7.61371451e-07
196061	0.004068417053
196062	0.001197053232
196063	0.0006838520116
196064	0.0003611420773
196065	0.0001677542352
196066	0.0006783115745
196067	0.001004458712
196068	0.004940064202
196069	0.0009611408434
196070	0.001048526759
196071	0.002478290763
196072	0.002992911108
196073	0.0005998773278
196074	0.0002852769681
196075	0.002889155032
196076	0.001763224385
196077	0.001658179345
196078	0.0009608028084
196079	0.0003199995845
196080	0.0004208269277
196081	0.005037162022
196082	0.003015658304
196083	0.003177506579
196084	0.004009755798
196085	0.0009646756659
196086	0.00322057978
196087	0.0001312143282
196088	0.001502076919
196089	0.004800565402
196090	0.003899344943
196091	0.004779950063
196092	0.005115538234
196093	0.0008286177294
196094	0.00483063264
196095	0.0003933806117
196096	0.006163226788
196097	0.0003952538503
196098	0.003663403324
196099	0.005463605037
196100	0.006580880508
196101	0.004138537207
196102	0.003045945912
196103	0.002585208583
196104	2.680625659e-05
196105	0.001658350914
196106	0.00511021196
196107	0.0001506030235
196108	0.005952724721
196109	0.0008636728574
196110	0.001804369966
196111	0.003613463151
196112	0.005099394736
196113	0.0005073701328
196114	0.0001087051974
196115	0.001913834146
196116	0.003373900372
196117	0.00256560572
196118	0.00742235699
196119	0.0003460680789
196120	0.000430399806
196121	0.0004459620404
196122	0.004447388061
196123	0.004908345737
196124	0.003224629103
196125	0.0005886600741
196126	0.0007870656398
196127	0.001155268837
196128	0.003643072775
196129	0.0004271270559
196130	0.0006017187192
196131	0.005595843509
196132	0.0001770422463
196133	0.0003901776589
196134	0.0004516599644
196135	0.002555009108
196136	0.0001237021798
196137	0.0007281912214
196138	0.003316760481
196139	0.000813429333
196140	0.000266431299
196141	0.0009078786376
196142	0.001627693603
196143	0.0001401667052
196144	0.001774420278
196145	0.0006093240962
196146	0.0001882008258
196147	0.004900551405
196148	0.001412039489
196149	0.001485003926
196150	0.001621959306
196151	0.0002480888289
196152	0.001516417171
196153	0.0003528456061
196154	0.001430322905
196155	0.001158055092
196156	0.0004995727504
196157	0.001277458028
196158	0.002848613483
196159	0.001927521357
196160	0.001458412757
196161	0.001550757152
196162	0.0005438580575
196163	0.0009405877056
196164	0.0005356233581
196165	0.0004294930896
196166	0.0007276682756
196167	0.003009614761
196168	0.002239615835
196169	0.001484780398
196170	0.004022061497
196171	0.002694658464
196172	0.0001943743154
196173	0.001363337529
196174	0.001381625934
196175	0.0001009175252
196176	0.001683230652
196177	0.0002962465977
196178	0.002650773469
196179	0.002423034497
196180	0.0008053911027
196181	0.003450656059
196182	0.0007543877218
196183	0.00193423669
196184	0.004449751602
196185	0.001806282703
196186	0.003797833852
196187	0.0001024238111
196188	0.0009130414971
196189	0.001032054803
196190	0.002408379731
196191	0.001720900353
196192	0.0001590907763
196193	0.004476226081
196194	0.001395697638
196195	0.001894093245
196196	0.000361406198
196197	0.00189225521
196198	0.0001851895163
196199	0.0005647529383
196200	0.004620733239
196201	0.00147951506
196202	0.002151606799
196203	7.140183991e-05
196204	0.00218530862
196205	0.001469563633
196206	0.001570689726
196207	0.0002416036919
196208	0.002585186331
196209	0.001727080937
196210	0.002318147977
196211	0.001076449307
196212	0.002385326169
196213	0.003472533863
196214	0.0003414561675
196215	0.0009524547383
196216	0.0009515475468
196217	0.0005005691117
196218	0.001309245227
196219	0.001083387006
196220	0.000793371302
196221	0.000781846338
196222	0.0007942623346
196223	0.0006700921654
196224	0.0002833459655
196225	6.427840747e-06
196226	0.0004039466013
196227	8.016558513e-05
196228	0.0006641854581
196229	0.000387112816
196230	3.377050792e-08
196231	0.002918543356
196232	0.001427835812
196233	0.0001348862297
196234	2.116552944e-05
196235	0.001346588553
196236	0.0006271405168
196237	0.0007674034333
196238	0.0001312961475
196239	0.0006409755287
196240	0.001270146915
196241	0.0008125983216
196242	0.001030076796
196243	0.001145196357
196244	0.0007697972213
196245	0.0009740710965
196246	0.0009196578724
196247	0.001576203821
196248	0.0004067776646
196249	0.000388606381
196250	0.0002319872388
196251	0.001550639484
196252	0.0007734626102
196253	0.0006266816989
196254	0.0001584608482
196255	0.001368505877
196256	0.001522809757
196257	0.0002493290446
196258	0.001142642191
196259	0.0005513479499
196260	0.001046359141
196261	0.0004485492288
196262	0.0006059753117
196263	0.0008435679083
196264	0.0003630851555
196265	0.001288999226
196266	0.0007953848391
196267	0.001556703128
196268	0.0003521108308
196269	0.0003073275513
196270	0.000522270489
196271	0.002007928835
196272	0.0003136421623
196273	0.0007262177413
196274	0.0006688987307
196275	0.00139034367
196276	0.0004915960538
196277	0.0001856180034
196278	0.0007876075146
196279	0.001548261479
196280	0.0007325290936
196281	1.006975145e-06
196282	0.001006291921
196283	0.0004693189024
196284	8.985380042e-05
196285	0.00146831776
196286	0.0007859151524
196287	0.00115018049
196288	0.000450716034
196289	0.0009437928524
196290	0.002100510851
196291	0.001247159531
196292	0.001104870678
196293	0.0009407431262
196294	0.0009889198747
196295	2.437435608e-05
196296	0.0001480083474
196297	0.0007436061243
196298	0.0002399641352
196299	0.001123194677
196300	0.000511361135
196301	0.0008760164767
196302	0.0003396819639
196303	0.001356925311
196304	0.0001696404086
196305	6.766273199e-05
196306	0.0007699171768
196307	0.000868187917
196308	0.0003851203585
196309	0.0002352395043
196310	0.001142267269
196311	0
196312	0.002185028403
196313	0.000372730535
196314	4.022233642e-05
196315	0.0004827623977
196316	0.001283774634
196317	0.00149988129
196318	0.0004024545582
196319	0.001263822121
196320	7.397462082e-05
196321	0.0001199123815
196322	0.0008537140206
196323	0.001171351134
196324	0.0005502382143
196325	0.0007319159246
196326	0.001248106383
196327	6.192837401e-05
196328	0.0001689730166
196329	0.001192220627
196330	0.0008963335323
196331	0.0004794882807
196332	0.001821755195
196333	1.04906888e-05
196334	0.001038630471
196335	0.0003742182961
196336	0.001102961515
196337	0.0003499991537
196338	0.000395814126
196339	6.663651232e-05
196340	1.258718934e-07
196341	0.0001119388436
196342	0.0001779617614
196343	0.001265342385
196344	0.0004119470408
196345	0.001286690326
196346	0.0001687538539
196347	0.0009250363966
196348	0.0005065491303
196349	0.001495681243
196350	0.003151859214
196351	3.080142411e-06
196352	0.001222481388
196353	0.000292825583
196354	0.004913878121
196355	0.002469181261
196356	0.002192974589
196357	0.000112867123
196358	0.002868011247
196359	0.0009742291667
196360	0.0006437421078
196361	5.215937636e-05
196362	0.001876850214
196363	0.0002881268973
196364	0.002624304262
196365	0.001062604703
196366	0.001101179413
196367	6.355914183e-05
196368	0.001076653062
196369	0.004065155025
196370	0.002490219038
196371	0.0004850809258
196372	0.0004734437997
196373	0.0006910895791
196374	0.000621269346
196375	0.0001132406977
196376	0.0008738062065
196377	0.0008450495616
196378	0.0006116891312
196379	0.0008730596036
196380	0.0006027526221
196381	0.0004130686736
196382	0.000193655206
196383	0.002723774514
196384	0.000616769509
196385	0.001598063942
196386	0.0003618306856
196387	0.002302142227
196388	0.001573714522
196389	0.002031324142
196390	0.0005000274256
196391	0.001206985081
196392	0.0005844941637
196393	0.0001887152921
196394	0.001214275481
196395	0.0001354931628
196396	0.0008624536304
196397	0.0003894342742
196398	0.001564944687
196399	0.0005148658151
196400	0.001097792407
196401	0.0005682380859
196402	0.001137728829
196403	0.0001455365183
196404	0.0001269186834
196405	0.001260781631
196406	0.0006689995731
196407	0.001380376945
196408	0.0003062600372
196409	0.0001209807902
196410	0.002018175729
196411	0.0005092389548
196412	0.001074719457
196413	0.0006061513179
196414	0.0008275990163
196415	0.001851885236
196416	0.0006281954635
196417	0.002113987665
196418	0.001571775991
196419	0.0002590024268
196420	0.00188204941
196421	0.0001513871862
196422	0.0003817999166
196423	0.002891691606
196424	0.00142240569
196425	0.001564106306
196426	9.4507942e-05
196427	0.002003514268
196428	0.003852471315
196429	0.003177823057
196430	0.0003989277229
196431	0.001944756934
196432	0.0001015436698
196433	0.001822008078
196434	0.0001148168722
196435	0.00343670036
196436	0.001765495691
196437	0.0004368229571
196438	0.0005750500971
196439	0.0009537991016
196440	2.878264654e-05
196441	0.002907207316
196442	0.005096738802
196443	0.002949086754
196444	0.0001172023729
196445	0.001487341189
196446	0.001503447521
196447	5.072433606e-06
196448	0.003921495077
196449	0.0009562633865
196450	0.0008353120549
196451	0.002405148464
196452	0.0001919712418
196453	0.001884456648
196454	0.0022568628
196455	0.0008424416556
196456	0.003797660921
196457	0.0007149205694
196458	0.001221135937
196459	0.0007734771113
196460	0.000458088081
196461	0.001215017285
196462	0.0001006351486
196463	0.001281396794
196464	0.002713535588
196465	0.0009454609093
196466	0.0004524111894
196467	0.00127997572
196468	0.001195181616
196469	0.00133476988
196470	0.0004353146298
196471	0.0009444227798
196472	0.0003848957594
196473	0.003376277453
196474	0.001294389703
196475	0.001034752116
196476	0.001638710826
196477	0.001182252277
196478	0.001781067793
196479	0.001988017326
196480	0.0008440030643
196481	0.0001869918484
196482	0.0008424556915
196483	0.0002233093641
196484	0.002012861391
196485	0.0001912124697
196486	0.0006932234332
196487	0.0004998758671
196488	0.001219822394
196489	0.001681913295
196490	0.0001505126909
196491	0.0004878266925
196492	0.001755209513
196493	0.0008129173789
196494	0.0009919116287
196495	0.003332171044
196496	0.001306771354
196497	0.00085901733
196498	0.0005994274996
196499	3.032002331e-05
196500	0.004137956213
196501	0.0003662801695
196502	0.0002141872596
196503	0.0001667841771
196504	0.0006575815045
196505	0.001574526578
196506	0.001134014842
196507	0.000423512711
196508	0.001824638163
196509	0.0003677948236
196510	0.001585701693
196511	0.0003135135851
196512	0.001546205803
196513	0.00196551603
196514	4.789272031e-07
196515	0.001446669875
196516	0.0001228440196
196517	0.002762236754
196518	1.557660304e-05
196519	0.0001063186056
196520	0.001097343422
196521	0.0001326859454
196522	0.001845878275
196523	0.001490547712
196524	0.00111820236
196525	0.001321289953
196526	0.001383738297
196527	0.001336232534
196528	0.002363668699
196529	0.002495979277
196530	0.0007705684616
196531	0.0004430762407
196532	0.001222401329
196533	0.00116699571
196534	0.001555621061
196535	0.0001025513949
196536	0.002393511652
196537	0.0001386262677
196538	0.002123999335
196539	0.0004632934938
196540	0.001610865761
196541	0.002000703303
196542	0.001063452461
196543	0.00244263646
196544	0.0007323518143
196545	0.002469465328
196546	0.00372263667
196547	0.00560277053
196548	0.004114340429
196549	0.0004720534686
196550	0.0001276819494
196551	0.0007805260535
196552	0.002198591997
196553	0.001040542064
196554	0.002493024226
196555	9.902512839e-05
196556	0.002450647595
196557	0.001461006052
196558	0.00102908009
196559	0.001769836574
196560	0.00188556529
196561	0.0002120851372
196562	0.002046840789
196563	0.0006920573671
196564	0.002430922799
196565	0.002743093594
196566	0.001056993854
196567	0.0001762987405
196568	0.001774580176
196569	0.000386889827
196570	0.0006704640609
196571	8.80146278e-05
196572	0.004779807468
196573	0.0004484378844
196574	0.0004646279786
196575	0.001454190013
196576	0.001325386853
196577	0.002419628155
196578	0.0003186002178
196579	0.0006451420784
196580	0.002036005869
196581	0.001688845102
196582	0.000138568659
196583	0.0007033758557
196584	0.004854980332
196585	0.0007354589474
196586	0.002294688775
196587	0.003197363039
196588	0.001235307778
196589	5.011451259e-06
196590	0.0007100315826
196591	0.0008884234316
196592	0
196593	0.002337892712
196594	0.00304147813
196595	0.0021041628
196596	0.001934455573
196597	0.0004414002789
196598	0.002660642151
196599	0.00155056475
196600	0.0006185367022
196601	0.001141802249
196602	0.001042025168
196603	9.591056073e-05
196604	0.001081282188
196605	0.005173912922
196606	0
196607	0.0002406190459
196608	0.0007173717252
196609	0.001049298024
196610	7.256916272e-05
196611	0.001760339136
196612	0.0001306254791
196613	0.000113769334
196614	0.0001876764307
196615	0.001473723377
196616	8.24458142e-05
196617	0.0006844843179
196618	0.00081078239
196619	0.001076847739
196620	0.001950995245
196621	0.0007934164199
196622	0.003377789943
196623	0.002684962241
196624	0.0007892727854
196625	0.00229237759
196626	0.00101856384
196627	2.767538357e-05
196628	0.001410982967
196629	0.0007722982443
196630	0.0003648139371
196631	6.477115747e-05
196632	0.003500853858
196633	0.000341240738
196634	0.00164443631
196635	0.001277985606
196636	0.004002106856
196637	0.002131124741
196638	0.0007307143716
196639	0.0007055322488
196640	0.0004469264331
196641	0.0002434452676
196642	7.241791288e-05
196643	0.0001343831812
196644	0.00116521897
196645	0.0007269787181
196646	0.001084687323
196647	0.003243027286
196648	0.001667258148
196649	0.0006446108853
196650	0.001093999633
196651	0.002048208492
196652	0.0008735523349
196653	0.003530016934
196654	0.0002722969454
196655	0.0003190169161
196656	0.0002409955905
196657	0.0002275507567
196658	0.0003700322217
196659	0.001852583289
196660	0.0003282742992
196661	0.0001771591829
196662	0.001187255457
196663	0.0002276790316
196664	0.003076573499
196665	0.001640834961
196666	0.0001466260611
196667	0.002389724737
196668	0.0009054088777
196669	9.82846871e-05
196670	0.0008416991646
196671	0.001629790107
196672	0.0008686828494
196673	0.001711219323
196674	0.00199939649
196675	9.668045757e-05
196676	0.002310097943
196677	0.001042145198
196678	0.0003842266646
196679	0.0002567655254
196680	0.0003789795146
196681	9.824555979e-05
196682	0.003670026947
196683	0.001638687586
196684	0.0005923649692
196685	0.0006924840821
196686	0.001047587131
196687	0.002012358549
196688	0.0002659505689
196689	0.005913836628
196690	0.0006933013146
196691	0.003217502862
196692	0.004102046543
196693	0.002503772445
196694	0.00206164143
196695	0.004006954394
196696	0.003806493436
196697	0.003604701298
196698	0.001291167116
196699	0.008045152538
196700	0.002683866933
196701	0.005239000718
196702	0.0008175363543
196703	0.003847349368
196704	0.002226852238
196705	0.0005862767522
196706	0.004881036975
196707	0.004189397751
196708	0.004918338398
196709	0.008262038198
196710	0.001921733514
196711	0.00560151272
196712	0.005644585469
196713	0.004914392951
196714	0.004877047152
196715	0.004991359323
196716	0.003757576371
196717	0.003890054334
196718	0.0005219989991
196719	0.004682722793
196720	0.004133954044
196721	0.005044204118
196722	0.00208104344
196723	0.003963754074
196724	0.004105637361
196725	0.003772480744
196726	0.0003583473475
196727	0.00686565242
196728	0.0009612762611
196729	0.001526284445
196730	0.004162057917
196731	0.004643802277
196732	0.001921875761
196733	0.0007920873502
196734	0.002549330771
196735	0.0002788054783
196736	0.002904758083
196737	0.0002189209417
196738	0.00680167807
196739	0.003876285863
196740	0.003992133587
196741	0.001101610767
196742	0.005362691455
196743	0.006021677549
196744	0.0003837697429
196745	0.00148732754
196746	0.003685202083
196747	0.003251943168
196748	0.007049477452
196749	0.0002893812816
196750	0.0007659244568
196751	0.005060090573
196752	0.002875542799
196753	0.00305815688
196754	0.005667643635
196755	0.001334619881
196756	0.002283541049
196757	0.001818253829
196758	0.002271573095
196759	0.002996099156
196760	0.002409751231
196761	0.002696893269
196762	0.0007902062835
196763	0.006924620182
196764	0.004661079101
196765	0.0007594856188
196766	0.004816868831
196767	0.0005120555201
196768	0.004233842782
196769	0.003772692475
196770	0.005208349085
196771	0.0007262487395
196772	0.005276692898
196773	0.001236511314
196774	0.00413756663
196775	0.007535413359
196776	8.609986308e-05
196777	0.003270303202
196778	0.00016468419
196779	0.002478375523
196780	7.800398471e-05
196781	0.007465814736
196782	0.001932933224
196783	0.004818510955
196784	0.002473370742
196785	0.002551293839
196786	0.005885273503
196787	0.001161130807
196788	0.005777118542
196789	0.0004779686988
196790	0.000571484916
196791	0.005447046518
196792	0.006033806816
196793	0.00218141807
196794	0.0008823566991
196795	0.0002542620668
196796	0.001248290741
196797	0.001371452672
196798	0.004790367706
196799	0.005024599464
196800	0.005682432408
196801	0.002926166529
196802	0.00159889417
196803	0.004764774657
196804	0.006086674657
196805	0.005216404189
196806	0.002768326382
196807	0.006071512348
196808	0.0002328507713
196809	0.001914511887
196810	0.0007306260283
196811	0.001242535428
196812	0.004728852266
196813	0.001778019613
196814	0.003112928257
196815	0.003861369995
196816	3.267670715e-05
196817	0.004709284546
196818	0.002687365864
196819	0.005275797828
196820	0.001475040071
196821	0.002721748086
196822	0.001293152696
196823	0.0003371675734
196824	0.00133251176
196825	0.005621367237
196826	0.005631995542
196827	0.001982389085
196828	0.006105568241
196829	0.002617107199
196830	0.002909287299
196831	0.001793775764
196832	0.002288609551
196833	0.001856883484
196834	0.0004459044467
196835	0.0008027889077
196836	0.004804290762
196837	0.004669845125
196838	0.0002676115101
196839	0.006014909118
196840	0.001176528747
196841	0.003453632197
196842	0.0009526111085
196843	0.006271421164
196844	0.0005072558541
196845	0.001047912473
196846	0.003043443763
196847	0.001694898966
196848	0.004833002864
196849	0.005286990461
196850	0.006297826273
196851	0.0001378580921
196852	0.0003168033496
196853	0.006160666444
196854	0.002781028645
196855	0.0002362592665
196856	0.006472186442
196857	0.002678056439
196858	0.00497574607
196859	0.005904152695
196860	0.004217568448
196861	0.002760174907
196862	0.002370994933
196863	0.001549520021
196864	0.005509727348
196865	0.005918215692
196866	0.0008109779683
196867	0.006969524531
196868	0.006090577419
196869	0.001256959284
196870	0.001739090495
196871	0.005274314808
196872	0.00439636755
196873	0.001013665646
196874	0.004147867271
196875	0.0009560836449
196876	0.002338634271
196877	0.003903219037
196878	0.004936670911
196879	0.003934195133
196880	0.006034671117
196881	0.006629770014
196882	0.00485469367
196883	0.005391636761
196884	0.001194623326
196885	0.005910056931
196886	0.004613329252
196887	0.004872751059
196888	0.001825301649
196889	0.004214146873
196890	0.006289578709
196891	0.0006941065062
196892	0
196893	0.005921409464
196894	0.004158222629
196895	0.003617609742
196896	0.0007776191994
196897	0.001535379504
196898	0.004655432384
196899	0.0003508774564
196900	0.005610401502
196901	0.00380209288
196902	0.00705156812
196903	2.586002227e-06
196904	0.005457551586
196905	0.005382629574
196906	0.005285482734
196907	0.003524537741
196908	0.004827477024
196909	0.005319061578
196910	0.005245365933
196911	0.00209598629
196912	0.004526418132
196913	0.003339965539
196914	0.004932271422
196915	0.004262791435
196916	0.00368368954
196917	0.00669183442
196918	0.005115264509
196919	0.002194054713
196920	0.0006857493232
196921	0.001373350277
196922	0.003229511824
196923	0.004244288134
196924	0.006283961276
196925	0.004319082183
196926	0.001700841827
196927	0.005627740368
196928	0.001905617681
196929	0.002762283338
196930	0.0009546788006
196931	0.004541874844
196932	0.00743496283
196933	0.001540231924
196934	0.0007888016328
196935	0.005556888001
196936	0.001952551046
196937	0.001262197249
196938	0.006925377698
196939	0.004241153437
196940	0.001018900002
196941	0.003117377826
196942	0.0001258859116
196943	0.003625712871
196944	0.004340530841
196945	0.00668330231
196946	0.005763943178
196947	0.001169235169
196948	0.003998280108
196949	0.003145621837
196950	0.002259474212
196951	0.004985867398
196952	0.005377755852
196953	0.001071147067
196954	0.003689833222
196955	0.006446393529
196956	0.004166605841
196957	0.001142972712
196958	0.0006856346603
196959	4.740326343e-05
196960	0.00399054654
196961	0.002146717632
196962	0.003278994897
196963	0.002013550967
196964	0.001074768289
196965	0.004579614248
196966	0.0004104424264
196967	0.000570234972
196968	0.005129151013
196969	0.002459429365
196970	0.00325533751
196971	0.002848607248
196972	0.002985142239
196973	2.885843403e-07
196974	4.130146745e-05
196975	0.002735297483
196976	0.002691926866
196977	0.002922043235
196978	0.004273250785
196979	6.805006999e-05
196980	0.005207194836
196981	0.0005322628548
196982	0.002896381448
196983	0.001736553847
196984	0.005618613398
196985	0.003631124805
196986	0.002470838884
196987	0.003568964831
196988	0.002594383755
196989	0.002469936045
196990	0.004352453209
196991	0.0003104157783
196992	2.242964016e-05
196993	0.000247884599
196994	0.000644226828
196995	0.001841874986
196996	0.003213606236
196997	0.003277512699
196998	0.003096367829
196999	0.002190391899
197000	0.002982656653
197001	0.001583874211
197002	0.002161409364
197003	0.001724474929
197004	0.002667051893
197005	0.001046004429
197006	0.002948068734
197007	0.002202160385
197008	0.001123767157
197009	0.0008047134981
197010	0.001230244804
197011	0.002818750446
197012	0.0004784900156
197013	0.0006176731336
197014	0.001544953407
197015	0.00149763997
197016	0.0002531700047
197017	0.001107317399
197018	0.00273307251
197019	0.002844222248
197020	0.001946386593
197021	0.001514578802
197022	0.0001859814123
197023	0.004291677355
197024	0.0003011832292
197025	0.001646290228
197026	0.0004107502108
197027	0.001328014695
197028	0.001653425558
197029	0.0001758768569
197030	0.001928405304
197031	0.00265221144
197032	0.002876964979
197033	0.0009321134887
197034	0.001647792176
197035	0.002874379884
197036	0.001685293725
197037	0.003688966127
197038	0.003412958922
197039	0.001295174778
197040	0.002344966175
197041	0.0006772107566
197042	0.0003262572439
197043	0.001134797932
197044	0.001449622363
197045	0.004321964993
197046	0.000957389105
197047	7.023203662e-05
197048	0.001450392967
197049	0.002988756543
197050	0.0005658644116
197051	0.001309501487
197052	0.0007054675829
197053	3.628461182e-05
197054	0.00463964336
197055	0.0002468508086
197056	0.001870506955
197057	0.0004127545792
197058	0.004576864712
197059	0.001352553682
197060	0.0006588880259
197061	0.005359137334
197062	0.001285047474
197063	0.001505176028
197064	0.0006164564177
197065	0.001173954648
197066	0
197067	0.0004048620381
197068	0.00199065227
197069	0.0007005888946
197070	0.00116803835
197071	0.002399455481
197072	0.0005481731577
197073	0.000339080563
197074	0.002262800468
197075	0.000226068865
197076	0.0002082844284
197077	0.000242366725
197078	0.004601833902
197079	0.0005549500836
197080	0.000929356885
197081	6.983435044e-05
197082	0.001885314075
197083	0.001629432287
197084	0.006444443273
197085	0.00253598623
197086	0.004166787621
197087	0.001267559967
197088	0.0005551743653
197089	0.001406327947
197090	0.001999393776
197091	0.0003998171102
197092	0.0008159598583
197093	0.0002768344611
197094	0.002998212341
197095	0.007021692496
197096	0.002698485766
197097	0.003812540243
197098	0.00128058428
197099	0.0009644976399
197100	0.001921588434
197101	0.0004225747502
197102	0.001485573284
197103	0.001016864212
197104	0.0002223863749
197105	0.001570931751
197106	2.084195126e-05
197107	0.0004359333247
197108	0.00127118949
197109	0.003294457577
197110	0.0005759641664
197111	0.0004407471895
197112	0.0007692516754
197113	0.0005336349866
197114	0.0003158115547
197115	0.001651275244
197116	0.001000863805
197117	0.001921096569
197118	0.0004311260467
197119	0.00666981592
197120	0.002305553758
197121	0.001838996075
197122	0.001152251009
197123	0.002255528994
197124	0.0057108368
197125	0.0009953167018
197126	0.001703894306
197127	0.0006999264906
197128	0.002414972151
197129	0.0008885601466
197130	0.0006946863745
197131	0.001119084922
197132	0.002810613869
197133	0.001876832886
197134	0.0003026564335
197135	0.002076031335
197136	0.0003487690048
197137	0.004037068108
197138	0.0004941678915
197139	0.00060093548
197140	0.002334426085
197141	0.001930622756
197142	0.001014338139
197143	0.001047199025
197144	0.002772756493
197145	0.004230754136
197146	0.0006247271487
197147	0.001451491828
197148	0.00325313509
197149	0.0001614384576
197150	0.001928766225
197151	0.0003916832354
197152	0.0007402121352
197153	0.002537634715
197154	0.001126219918
197155	0.0017068011
197156	0.003104989629
197157	0.004033779551
197158	0.001492063954
197159	0.0003309673983
197160	0.0003653442815
197161	0.001678833329
197162	0.004233687424
197163	0.001093832254
197164	0.0007789697553
197165	0.001361456908
197166	0.001541881208
197167	0.00171007767
197168	0.001314548938
197169	0.0007875741554
197170	0.001101290683
197171	0.0001797662911
197172	0.001975781806
197173	0.001648865845
197174	0.0001665467349
197175	0.0002893370738
197176	0.001328847037
197177	1.912151337e-05
197178	0.003273704687
197179	0.002032918377
197180	0.001643836979
197181	0.0009043850774
197182	0.002126097643
197183	0.001732780151
197184	0.003744610908
197185	0.001785061157
197186	0.002529479542
197187	0.000281105559
197188	0.001079555792
197189	0.0005719665147
197190	0.00449222155
197191	0.0006424047608
197192	0.0001726305454
197193	0.002441123831
197194	0.0006919304371
197195	0.0004942338706
197196	0.001058331792
197197	0.0009205007738
197198	0.001241060421
197199	0.000177357929
197200	0.002650884254
197201	0.001538082261
197202	0.0001204657351
197203	0.001152634391
197204	0.001155926418
197205	0.001763510852
197206	0.0003818730391
197207	0.0006532587747
197208	0.003532006786
197209	0.0007671409716
197210	0.0007962676385
197211	0.0003352460985
197212	0.00170897188
197213	0.002159415916
197214	0.001932598015
197215	0.0002124305178
197216	0.001440696339
197217	0.0003913209639
197218	0.002313389076
197219	0.0001158947387
197220	0.003973360684
197221	0.001938071853
197222	0.0004195822898
197223	0.004212754744
197224	0.001822744213
197225	0.0007253094301
197226	0.0009413921954
197227	0.000207983275
197228	0.003009609542
197229	0.00183574288
197230	0.001352549332
197231	0.000560043084
197232	0.002506701508
197233	0.001447032386
197234	0.002511352209
197235	0.001525168846
197236	0.001225174113
197237	0.003622901823
197238	0.0005244414076
197239	0.006530021776
197240	0.002950740806
197241	0.002820871939
197242	0.004658852768
197243	0.001445286493
197244	0.004983857455
197245	0.002237898132
197246	0.004915323497
197247	0.00345326733
197248	0.004932523359
197249	0.0008804934584
197250	0.0007377833346
197251	0.0004249465292
197252	0.002510022913
197253	0.002294354994
197254	0.0002872369001
197255	0.0001371806799
197256	0.001938616356
197257	0.0007161257505
197258	0.004357228113
197259	0.001092009176
197260	0.002238702452
197261	0.001473535848
197262	0.0002639859354
197263	0.0006578365053
197264	0.0006144130438
197265	0.0002931688968
197266	0.002361350485
197267	0.002225880277
197268	0.001279721046
197269	0.0003920038102
197270	0.0003757069404
197271	0.001828520824
197272	6.958437479e-05
197273	0.0002228817136
197274	0.0005925799851
197275	0.0009693899975
197276	0.0008725931246
197277	0.002529905696
197278	0.001419078412
197279	0.001568644333
197280	0.0006236497503
197281	0.003934857852
197282	0.004078440766
197283	0.003620076898
197284	0.001739012728
197285	0.0008810405078
197286	0.0002699598195
197287	0.0005506335621
197288	0.000201250624
197289	0.0006163421542
197290	0.0006474399874
197291	0.001111726772
197292	0.0001450782757
197293	0.002471668238
197294	0.001377087013
197295	0.0005914080737
197296	6.368913824e-05
197297	0.0004687521298
197298	0.0003261593486
197299	0.001453196342
197300	0.001246571983
197301	0.002014828511
197302	0.002790594929
197303	0.0008252603859
197304	0.002057817379
197305	0.0001384638185
197306	0.001767898446
197307	0.001001893036
197308	0.001441942958
197309	0.0004914173801
197310	0.0006241135404
197311	0.0009365122845
197312	0.0001651834387
197313	0.002047364891
197314	0.001783090827
197315	0.001155943269
197316	0.0006568887638
197317	0.0009393307822
197318	0.0008053209204
197319	0.0006512533325
197320	0.002687837443
197321	0.001538338171
197322	0.001870844352
197323	0.002606890828
197324	0.004359475637
197325	0.0007555588821
197326	0.0001622234254
197327	0.001431611194
197328	0.0003684268684
197329	0.00225420331
197330	0.001771673697
197331	0.001578834249
197332	0.002696688781
197333	0.003709331879
197334	0.000350652425
197335	0.00064965012
197336	1.865922225e-05
197337	0.003280686993
197338	0.000986310656
197339	0.002242617638
197340	0.002412929547
197341	0.002363233927
197342	0.0003653526963
197343	0.001251600837
197344	0.001257129357
197345	0.0009529962183
197346	0.000293809796
197347	0.000216314096
197348	0.004273096851
197349	0.002000776449
197350	0.001262023914
197351	0.003394063828
197352	0.001173970615
197353	0.002568050047
197354	0.0001168247689
197355	8.570513274e-05
197356	0.001650323154
197357	0.002654425797
197358	0.003191940252
197359	0.002209486459
197360	0.002182360356
197361	0.001750425928
197362	0.001256518083
197363	0.0002443954247
197364	0.002078586081
197365	0.003519298619
197366	0.00128870858
197367	0.00112373944
197368	0.003163140818
197369	0.0003256562758
197370	0.0007889525505
197371	0.001077181385
197372	0.0006077676408
197373	0.0002120141136
197374	0.001488662324
197375	0.002243196788
197376	0.001080345516
197377	0.0004713879424
197378	0.0004406864216
197379	0.0009991118678
197380	0.001976975063
197381	0.003860027908
197382	0.009689311939
197383	0.00770656889
197384	0.00461397873
197385	0.00269724113
197386	0.001648237836
197387	0.0002489983119
197388	0.002918375967
197389	3.027103739e-05
197390	0.001148515329
197391	0.004187641451
197392	0.00217536935
197393	0.001095520845
197394	0.005346259478
197395	0.0002093071937
197396	0.002534242894
197397	0.001195332441
197398	0.0002914110512
197399	0.001826643295
197400	0.002025060749
197401	0.0008287179456
197402	0.002556084534
197403	0.0005991854584
197404	0.002974261296
197405	0.002081484535
197406	0.0008102611264
197407	0.002796197776
197408	0.000875441826
197409	7.84179771e-05
197410	0.002346429293
197411	0.0002055828204
197412	0.003909879959
197413	0.004025570608
197414	0.001624847829
197415	0.00281067113
197416	0.0003128972124
197417	0.0007506623864
197418	0.002158020695
197419	0.001382842171
197420	0.0005572778579
197421	0.001035785585
197422	0.00336195703
197423	0.002255995041
197424	0.0008385891997
197425	2.151519874e-05
197426	0.0005198545335
197427	0.004259779251
197428	0.00252538425
197429	0.000923718959
197430	0.003680058719
197431	0.003175864597
197432	0.000217419306
197433	0.001445563231
197434	0.0003955857156
197435	0.004033244643
197436	0.004867831897
197437	0.0003116883788
197438	0.001727524652
197439	0.00470749319
197440	0.003705332082
197441	0.002463666716
197442	6.682393171e-05
197443	0.0003024513376
197444	0.004444219096
197445	0.004594837536
197446	0.002948517711
197447	0.001122458831
197448	0.005455148956
197449	0.002201889526
197450	0.004016047924
197451	0.002268675602
197452	0.001286693805
197453	0.005632464549
197454	0.002941100292
197455	0.00309606116
197456	0.0007627342391
197457	0.005557633329
197458	0.005936428078
197459	0.0008168411952
197460	0.001767067448
197461	0.006035027869
197462	0.003788436543
197463	0.003868463254
197464	0.005208262351
197465	0.005130156851
197466	0.007165051167
197467	0.005147149618
197468	0.002014150251
197469	0.001094786689
197470	0.001821921424
197471	6.316299005e-05
197472	0.005585238949
197473	0.00349569639
197474	0.005471794732
197475	0.007057941041
197476	0.005836608812
197477	0.006173259943
197478	0.007427505893
197479	0.004413356941
197480	0.004122372394
197481	0.007235540475
197482	0.004713708988
197483	0.007323166402
197484	0.003429959225
197485	0.006318126182
197486	0.003684357135
197487	0.003029976698
197488	0.006045898617
197489	0.005716958669
197490	0.006380797086
197491	0.006060322193
197492	0.008806585506
197493	0.006692120275
197494	0.004813324117
197495	0.006979286269
197496	0.004406040161
197497	0.006707552128
197498	0.004612110527
197499	0.006178646274
197500	0.007827203967
197501	0.006022539293
197502	0.00786033197
197503	0.007353322541
197504	0.006652766306
197505	0.008024489562
197506	0.0003396476905
197507	0.001162329362
197508	0.001291972565
197509	0.001468643976
197510	0.0008122604531
197511	0.002600504721
197512	0.002178928365
197513	0.0007987783136
197514	0.001681811618
197515	0.004606405012
197516	0.0002730319346
197517	0.004466474958
197518	0.004137716349
197519	0.0003008414039
197520	0.004280570153
197521	0.0001415945333
197522	7.195729653e-05
197523	0.0005327417154
197524	0.0007941313464
197525	0.001148334573
197526	0.00125008739
197527	0.007092448704
197528	0.004017076409
197529	0.0008149826889
197530	0.0026545488
197531	0.007776590572
197532	0.002607963627
197533	0.000422090254
197534	0.001298793193
197535	0.0001722661662
197536	0.002456500584
197537	0.002766249931
197538	0.002721664932
197539	0.0008456766327
197540	0.002040319904
197541	0.003038801594
197542	0.002068425674
197543	0.0006730370332
197544	0.00259616021
197545	0.002133002582
197546	0.00327692764
197547	0.001817426354
197548	0.004843377937
197549	0.001146210856
197550	0.00296526558
197551	0.0002433288048
197552	0.003276811437
197553	0.0005265972794
197554	0.002181562085
197555	0.006037540904
197556	7.243275664e-05
197557	0.001142475841
197558	0.001379164281
197559	0.001391800034
197560	0.0003049367753
197561	0.003110269558
197562	0.002758893146
197563	0.004597852516
197564	0.001141169284
197565	0.002450204352
197566	0.0002009927233
197567	0.0003793044763
197568	0.002105639336
197569	0.003027292541
197570	0.0002524079737
197571	0.0004127780846
197572	0.003018702455
197573	0.002930993868
197574	0.002719187246
197575	0.001978533804
197576	0.004568740337
197577	0.004302285745
197578	0
197579	0.0006612982692
197580	0.001257551475
197581	0.002467335714
197582	0.001218944147
197583	0.003344638314
197584	0.002332276534
197585	0.0004541009417
197586	0.0004006575216
197587	0.00246567642
197588	0.001599987163
197589	0.000742347234
197590	0.001568098068
197591	0.002661501629
197592	0.005088529039
197593	0.002347821984
197594	0.001545151832
197595	0.002791323207
197596	0.001780607622
197597	0.004959403411
197598	0.002824962786
197599	0.0009217305614
197600	0.001620052705
197601	0.006621361261
197602	0.0003044619433
197603	0.003337663299
197604	0.0007050247126
197605	0.002341827404
197606	0.008325889314
197607	0.002702948564
197608	0.001173954805
197609	0.001662745912
197610	0.001621275327
197611	0.001304556412
197612	0.001289492239
197613	0.0001749839359
197614	0.001198481797
197615	0.002711389241
197616	0.0002329717481
197617	0.008114624715
197618	0.0003014314729
197619	0.0001335386843
197620	0.001019647271
197621	0.0008169778463
197622	0.005209969103
197623	0.002744675717
197624	0.004042612705
197625	0.0008371360849
197626	0.0003304894179
197627	0.001543548051
197628	0.0006204195906
197629	0.0003898329619
197630	0.001251248657
197631	0.001958385525
197632	0.0009295896355
197633	0.001526560847
197634	0.0005682890332
197635	0.001426751324
197636	8.075542007e-05
197637	0.001589026942
197638	0.004108614433
197639	0.002967193205
197640	0.003635596961
197641	0.001830837353
197642	0.001827376781
197643	0.003078292269
197644	0.0009837614256
197645	0.001363287329
197646	0.001956094339
197647	0.0001343046923
197648	0.0008422172544
197649	0.001563130349
197650	0.0005122825549
197651	0.0007400332339
197652	0.000267829808
197653	0.001387701492
197654	0.0001211462565
197655	0.0007970519326
197656	0.002296568674
197657	0.00022569425
197658	0.001109033119
197659	0.0002835918679
197660	0.001517782824
197661	0.0009564350661
197662	0.00105658255
197663	0.0006040621161
197664	0.0009084490556
197665	0.002125462024
197666	0.000372938935
197667	0.000791983609
197668	0.004459037716
197669	0.0005778280631
197670	0.006751437269
197671	0.0003470811727
197672	0.0003112489567
197673	9.917466904e-05
197674	0.0001034732434
197675	0.0008259549248
197676	9.497431863e-05
197677	6.032640731e-07
197678	0.0004120856869
197679	0.001129950774
197680	0.0002035454297
197681	0.001442089631
197682	0.0003121460243
197683	0.000354761048
197684	0.000944009464
197685	0.001678144377
197686	0.001670507993
197687	0.001510630648
197688	0.0004745547986
197689	0.0005419045919
197690	0.0006901977782
197691	0.0006677105692
197692	0.00110890219
197693	0.002494541094
197694	0.003418987347
197695	0.00395189184
197696	0.0053303112
197697	0.001959378763
197698	0.004367975101
197699	0.002925026313
197700	9.378357098e-05
197701	0.0002860181803
197702	0.0006367908583
197703	0.004163339692
197704	0.002606521811
197705	0.002326493411
197706	0.0004853002146
197707	0.0005169441736
197708	0.001480183442
197709	0.003828920377
197710	0.002433153063
197711	0.00101824808
197712	0.002132875829
197713	0.0008445096389
197714	0.001052445488
197715	0.0001219196681
197716	0.003077217703
197717	0.003743074917
197718	0.0001191037646
197719	0.0003639875616
197720	5.110882873e-06
197721	0.001450372363
197722	8.677710175e-06
197723	0.0006559824553
197724	0.001313680322
197725	0.002115292128
197726	0.001713700363
197727	0.0008042853322
197728	0.001785743654
197729	0.001557507043
197730	0.001205304639
197731	0.0001754503961
197732	0.00116984811
197733	0.00245953197
197734	0.0004236198961
197735	0.0009208376627
197736	0.0008810711422
197737	0.0003046792769
197738	0.0008180661491
197739	0.001697273581
197740	0
197741	0.0009619571609
197742	8.065092977e-05
197743	0.002991245782
197744	0.003923649223
197745	0.00387293752
197746	0.005062291321
197747	0.003364850467
197748	0.00251652108
197749	0.00348967351
197750	0.0003961521478
197751	0.002346421975
197752	0.002502078919
197753	0.004376989169
197754	0.004334850922
197755	0.003332421349
197756	0.0006858462025
197757	0.0002838689206
197758	0.001510605215
197759	0.002174927744
197760	0.001577474793
197761	0.002846115187
197762	0.003409222803
197763	0.001051102385
197764	0.0008361243482
197765	0.001672301828
197766	0.00176595132
197767	0.002359246855
197768	0.000759808894
197769	0.002712928355
197770	6.072324144e-05
197771	0.001153632606
197772	0.006244789916
197773	7.354751246e-05
197774	0.003218819646
197775	0.001881262761
197776	0.001350729779
197777	0.001949597462
197778	0.0005621768175
197779	0.002936048357
197780	0.001657256989
197781	0.001982153628
197782	0.003445180719
197783	0.001983013423
197784	0.0002073711816
197785	0.002895733906
197786	0.002691446764
197787	0.0001103949491
197788	0.0008739052687
197789	0.002887760492
197790	0.00293937543
197791	0.006124707829
197792	0.006096443627
197793	0.001874852173
197794	0.0001567860385
197795	0.0005843539879
197796	0.006197782764
197797	0.0008613025494
197798	0.002611193608
197799	0.009098356073
197800	0.0007555626188
197801	0.005370991151
197802	0.003855803238
197803	0.001864981763
197804	0.001476115762
197805	0.0009968024253
197806	0.0004172161981
197807	0.005345922378
197808	0.003525830474
197809	0.003977533542
197810	0.002048860448
197811	0.0004725839935
197812	0.0003299328138
197813	0.004986921786
197814	0.001640525896
197815	0.003856186845
197816	0.005535502287
197817	0.0003771581657
197818	7.491736698e-05
197819	0.003288423048
197820	0.00223217062
197821	0.0004077285803
197822	0.000658358811
197823	0.001140467626
197824	0.002566783085
197825	0.003662839822
197826	0.002690377883
197827	2.76590872e-05
197828	0.001730864356
197829	0.001878427483
197830	0.002444559556
197831	0.003827474149
197832	0.000402767356
197833	0.001205322881
197834	0.003302707433
197835	0.001755357639
197836	0.00254931262
197837	0.009081231054
197838	0.001531516772
197839	0
197840	0.008760590159
197841	0.002113597732
197842	0.004114619725
197843	0.0006432225606
197844	0.004146546316
197845	0.001702372668
197846	6.059308382e-05
197847	0.003256480439
197848	0.00120497759
197849	0.001100246383
197850	0.0004269213538
197851	0.0004652171038
197852	0.000520447401
197853	0.0005251658659
197854	0
197855	0.002749404056
197856	0.001084984172
197857	0.001151056674
197858	0.00149838397
197859	0.002939489673
197860	0.002122926787
197861	0.002500935685
197862	0.001427214102
197863	0.002006378056
197864	0.00209585256
197865	0.005489410209
197866	0.006082812935
197867	0.004422895283
197868	0.000942935265
197869	0.004449108728
197870	0.000277258368
197871	0.001594965335
197872	0.002101968953
197873	0.004929904036
197874	0.0009331695135
197875	0.003941160697
197876	0.005290059292
197877	0.0005480048676
197878	0.0007741233206
197879	0.002674466109
197880	1.960057577e-05
197881	0.0009509522242
197882	0.002260392356
197883	0.002765634913
197884	0.001527891591
197885	0.001818111008
197886	0.004808843374
197887	0.0004796937909
197888	0.002497837868
197889	0.009628169818
197890	0.0006160254597
197891	0.00987832186
197892	0.001366305387
197893	0.001874343966
197894	0.001957364273
197895	0.004497932858
197896	0.001266425144
197897	0.001952117732
197898	0.0007702524299
197899	0.0003067301592
197900	0.002861187346
197901	0.002042747049
197902	0.001919567164
197903	0.003347281427
197904	0.001868923241
197905	0.003400882806
197906	0.004253759792
197907	0.004355757458
197908	0.002776109301
197909	0.003315778841
197910	0.003438880267
197911	0.001123064751
197912	0.0005292641502
197913	0.0008336307578
197914	0.001672015329
197915	0.001357786045
197916	0.002550945952
197917	0.002205607397
197918	0.001129434039
197919	0.002509956636
197920	0.00154131146
197921	0.0002533984175
197922	0.0003318209457
197923	0.0007209436925
197924	0.001192283296
197925	0.001083372867
197926	0.001178850181
197927	0.0003518278925
197928	0.0003194268184
197929	0.004637640846
197930	0.001986063462
197931	0.002209893727
197932	0.003444933032
197933	0.000113997645
197934	0.002038401705
197935	3.562707624e-05
197936	0.0004969741273
197937	0.005106744339
197938	0.0009093794297
197939	1.904359374e-05
197940	0.002016582208
197941	0.0005294234319
197942	0.003890231783
197943	0.003772043004
197944	0.003507929647
197945	0.004466662285
197946	0.003464673034
197947	0.008070541042
197948	0.0003125204375
197949	5.537100406e-05
197950	0.007798674953
197951	4.277309342e-05
197952	0.0003456376598
197953	0.002067202921
197954	0.002079497427
197955	0.0001017459351
197956	0.000280062864
197957	0.0004894743231
197958	0.0005116791243
197959	0.002966512067
197960	0.001817710686
197961	0.002883697531
197962	0.00475556993
197963	0.002580554133
197964	0.003570355042
197965	0.002055740109
197966	0.005076127608
197967	0.00430824675
197968	0.002893626248
197969	0.001188550339
197970	0.002567372847
197971	0.001518026118
197972	0.001917379614
197973	0.004883581142
197974	0.0006815048269
197975	0.002789323435
197976	0.0003159714598
197977	0.003499666345
197978	0.003751077586
197979	0.003059768422
197980	0.002128190263
197981	0.001145495964
197982	0.00121562701
197983	0.00356161666
197984	0.003876311015
197985	0.001741873367
197986	0.003816987633
197987	0.004226004202
197988	0.0006088319359
197989	0.0008685188989
197990	0.0008035047069
197991	0.001777911462
197992	1.574903199e-05
197993	0.0006025614289
197994	0.0002903931407
197995	0.0009205787499
197996	0.002663565719
197997	0.004705416834
197998	0.0002983153659
197999	0.003757731236
198000	0.0003178237786
198001	0.004609287901
198002	1.736689383e-06
198003	0.0005511379241
198004	0.0007486024524
198005	0.0004553609047
198006	0.001881005562
198007	0.001834072171
198008	0.0005550222633
198009	0.006212503647
198010	0.002001231531
198011	0.0009324585301
198012	0.0007097101752
198013	0.0001485639118
198014	0.002865323769
198015	0.004517204999
198016	0.0005842842125
198017	0.004038229759
198018	0.001904730157
198019	0.0009813878564
198020	0.002326290199
198021	0.001729922835
198022	0.0058959279
198023	0.002750359417
198024	0.001783263808
198025	0.002264064943
198026	0.0002089586755
198027	0.001847631841
198028	5.161033448e-05
198029	0.000980732916
198030	0.0009034964107
198031	0.00304173907
198032	0.004462787133
198033	0.003835460489
198034	0.002600705675
198035	0.0009475357552
198036	0.004584203047
198037	0.001160418201
198038	0.005101113562
198039	0.0004360789204
198040	0.002906045713
198041	0.004535744197
198042	0.006245703252
198043	0.002711018111
198044	0.004704145673
198045	0.002690110751
198046	0.0009123412968
198047	0.002980533578
198048	0.006056341468
198049	0.002135052176
198050	0.002776694452
198051	0.001176473241
198052	0.002778903809
198053	0.003443480636
198054	0.002966183934
198055	0.001647627861
198056	0.005836594002
198057	0.003146532155
198058	0.004395290054
198059	0.002028275374
198060	0.002954866892
198061	0.001502212249
198062	0.00191432105
198063	0.003954655768
198064	0.002377461025
198065	0.001757097491
198066	0.00071922276
198067	0.001738924611
198068	0.003002799301
198069	0.001610151693
198070	0.0008829635791
198071	0.002496453163
198072	0.005008807356
198073	0.003415197905
198074	0.001312646517
198075	0.004606518484
198076	0.002978624538
198077	0.009399004406
198078	0.0008173246794
198079	0.0003515903863
198080	0.004085446538
198081	0.001304161448
198082	0.003683620678
198083	0.004429362636
198084	0.0002197625895
198085	0.002181785686
198086	8.032639514e-05
198087	0.003372663895
198088	0.003115007245
198089	0.000295875875
198090	0.00258421953
198091	0.001833317512
198092	0.002535840315
198093	0.004704621791
198094	0.0005812429427
198095	0.002903267372
198096	0.001846379279
198097	0.005623329169
198098	0.003460453812
198099	0.00321766059
198100	0.002433163304
198101	0.003202783961
198102	0.0007172378576
198103	0.002404173358
198104	0.0004662684214
198105	0.0001832012607
198106	0.006004610122
198107	0.0009020051052
198108	0.0001962756601
198109	0.0004093539813
198110	0.002566504299
198111	0.0004235227593
198112	0.0001123433791
198113	0.003542038126
198114	0.001910942618
198115	0.001626502459
198116	0.001711147153
198117	0.0005247475306
198118	0.002542294341
198119	0.0001196083899
198120	0.002176290119
198121	0.001763106061
198122	0.001393376103
198123	0.005352046776
198124	0.0007432938626
198125	0.004274420016
198126	0.0008724092169
198127	0.001844980446
198128	0.0007578206499
198129	0.002616511208
198130	0.0004554373135
198131	0.0005977098207
198132	0.003707753233
198133	0.0001629872575
198134	0.003191543851
198135	0.003050914396
198136	0.003524689087
198137	0.0006057453206
198138	0.004170187532
198139	0.000780208489
198140	0.000809637758
198141	0.002951792329
198142	0.001344161907
198143	0.002654103531
198144	0.00481269373
198145	0.002405167953
198146	0.004564648161
198147	0.004585921334
198148	0.004699004016
198149	0.0004919697523
198150	0.001831035264
198151	0.0008450968921
198152	0.001234789862
198153	0.001362360846
198154	0.00261345745
198155	1.049344683e-05
198156	0.002839739231
198157	0.0006428666507
198158	0.0007115566687
198159	0.001828373343
198160	0.0005518710037
198161	0.001325438371
198162	0.001602505991
198163	0.0004043974016
198164	0.003877275335
198165	0.001049366163
198166	0.005467865962
198167	0.0006926197829
198168	0.001531709027
198169	0.001313116229
198170	0.0003411845136
198171	0.002175792606
198172	0.00812180304
198173	0.0003773622718
198174	0.0001337807226
198175	0.003969738927
198176	0.004326181168
198177	0.001341276725
198178	0.0003586456819
198179	0.002044372484
198180	0.0019178833
198181	0.002417908315
198182	0.0001966720271
198183	2.877655149e-05
198184	0.004028266297
198185	0.00154918867
198186	0.005063936381
198187	0.002063725074
198188	0.001763649651
198189	0.000879006117
198190	0.003827432091
198191	0.002452400701
198192	0.00403505562
198193	0.0003212522083
198194	0.002697601258
198195	0.002584146697
198196	0.001670919771
198197	0.00173611517
198198	0.001281667305
198199	3.357786705e-05
198200	0.0002128905312
198201	0.0008718181974
198202	0.002291285078
198203	0.0005862856682
198204	0.0001066744526
198205	0.001102780506
198206	0.009697052506
198207	0.0005661065437
198208	0.0006742880089
198209	0.0006926016457
198210	0.002133238777
198211	0.0002813887271
198212	0.001433491698
198213	0.0006045618136
198214	0.001437765178
198215	0.004131146016
198216	0.004956931139
198217	0.001610710327
198218	0.002897650941
198219	0.001177837899
198220	0.003950612858
198221	0.003113338008
198222	0.001041627357
198223	0.003591051994
198224	0.0004067680813
198225	0.000553498179
198226	0.0005766388365
198227	0.0006217105708
198228	1.8351296e-06
198229	0.005143469041
198230	0.001129841527
198231	0.003334068609
198232	0.00225987878
198233	0.0001244382548
198234	0.003789077705
198235	0.002142527444
198236	0.002577701747
198237	0.002353874674
198238	0.004419740887
198239	0.004055131393
198240	0.002283652561
198241	0.0009288948456
198242	0.0008715273897
198243	0.002787096248
198244	0
198245	0.002719370141
198246	0.00249249589
198247	0.003431835713
198248	3.638716083e-05
198249	0.002492855131
198250	0.0003324269653
198251	0.002678388024
198252	0.0005093817578
198253	0.003886809587
198254	0.0007717929055
198255	0.0008268431706
198256	0.00114753265
198257	0.0009552354341
198258	0.005874839251
198259	0.0005645212565
198260	0.001882434776
198261	0.0006715147478
198262	0.0006030145127
198263	0.001784449765
198264	0.0005224979742
198265	0.001467035457
198266	0.001069569035
198267	0.002012262553
198268	0.0009899211809
198269	0.0003533581445
198270	0.002961283583
198271	0.004401951359
198272	0.002715087866
198273	0.002309579584
198274	0.001624819651
198275	0.0008747656648
198276	0.002284031002
198277	0.001004533382
198278	0.00467745548
198279	0.003371790481
198280	5.399360498e-05
198281	0.003573503853
198282	0.002236590119
198283	0.0008331612905
198284	0.004091476231
198285	0.003981160111
198286	0.001717729254
198287	0.0001106179822
198288	0.003403040188
198289	0.004177027025
198290	0.001663314061
198291	0.002471222904
198292	0.001933792424
198293	0.001143292153
198294	0.002812468324
198295	0.0008456706762
198296	0.002129467049
198297	5.088150468e-05
198298	0.001126516259
198299	0.002733002652
198300	0.001260908349
198301	0.0002036872608
198302	0.0006599461534
198303	0.0009848409177
198304	0.0006786434756
198305	0.0002837601276
198306	0.002564425442
198307	0.005661270347
198308	0.001755017862
198309	0.0006916661619
198310	0.003919041504
198311	0.004292129062
198312	0.0007430005894
198313	0.001943608633
198314	0.0008953538572
198315	0.001590458264
198316	0.002202559244
198317	0.009367969677
198318	0.0006513376633
198319	2.801856482e-06
198320	0.0002633773929
198321	0.002253185821
198322	0.0003291969772
198323	0.0003292896045
198324	0.003144594194
198325	0.0007749243038
198326	2.829341855e-07
198327	0.002655168505
198328	0.0006065943288
198329	0.0001159385561
198330	0.0006808688247
198331	0.0001232088742
198332	9.860574059e-05
198333	0.0002412422256
198334	0.00023889034
198335	0.0003798009696
198336	0.0004633559043
198337	0.0006261012056
198338	0.0005222331424
198339	0.001474869691
198340	0.0001831772482
198341	0.0004324382668
198342	0.000354283878
198343	0.0001975162882
198344	0.0002179670862
198345	0.0008270103124
198346	0.0003682334387
198347	0.000193226146
198348	0.0004534127977
198349	0.000241327224
198350	9.761469744e-05
198351	3.822973977e-05
198352	0.0004172169752
198353	9.022041733e-06
198354	0.0002331437636
198355	0.0002009317323
198356	0.0002965472718
198357	0.0006653146938
198358	0.0008025911525
198359	0.0002906738998
198360	0.0005634387579
198361	3.535903844e-05
198362	1.928792972e-06
198363	0.0002417384151
198364	3.442211079e-05
198365	5.649135053e-05
198366	0.0003757571264
198367	9.297909795e-05
198368	0.0002436546659
198369	0.0001977360816
198370	9.760050169e-05
198371	0.001542891079
198372	5.025070675e-05
198373	0.0001717043953
198374	0.0003890188711
198375	0.0009382997573
198376	0.0001238184507
198377	0.0004355377769
198378	0.0005264160052
198379	0.001425206834
198380	0.001130440561
198381	0.0009745724025
198382	5.622672865e-05
198383	0.0002260889673
198384	0.0004967996117
198385	0.0001811733336
198386	4.862168088e-05
198387	0.001266844003
198388	0.0002695965552
198389	0.0004206092693
198390	0.00056002247
198391	0.0003451629958
198392	0.0002213303796
198393	0.0005790360873
198394	0.0009435676696
198395	0.0004400735097
198396	0.0004808717264
198397	0.0001833174576
198398	0.0004434510324
198399	0.001000119357
198400	0.0007555387114
198401	5.924992055e-05
198402	0.0002431023604
198403	0.000632684238
198404	0.0003153586089
198405	0.0003105986585
198406	0.0004905965622
198407	0.001354240215
198408	0.000658358717
198409	0.0007677649116
198410	0.0007882743873
198411	0.0003668550553
198412	0.0005926203425
198413	0.0009392080346
198414	0.001209005812
198415	0.0003152548085
198416	0.0003274032482
198417	0.0005470941129
198418	0.001041186188
198419	0.0007800820716
198420	0.0007647148685
198421	0.0005766686797
198422	0.0002855614469
198423	0.001085378344
198424	0.0005228271773
198425	0.0007536068483
198426	0.0002981023808
198427	0.0002275689688
198428	0.0007923811574
198429	0.0005755898522
198430	2.470180155e-05
198431	0.0006410236261
198432	0.001737846963
198433	0.0001576568264
198434	0.0001752704826
198435	0.0007608823458
198436	0.0001632303311
198437	0.001185824688
198438	4.465691166e-05
198439	0.0005488529402
198440	0.0002480859976
198441	0.0002056488917
198442	7.953946507e-05
198443	0.001986578168
198444	0.0001986242641
198445	3.355146163e-05
198446	0.0001635176024
198447	0.0002153129795
198448	0.0002058516055
198449	0.0004374939936
198450	0.002177989231
198451	0.0007019983955
198452	0.0006712213616
198453	0.0006276178946
198454	0.0009072220629
198455	0.0001334051906
198456	0.0002739631571
198457	0.0002633469248
198458	0.001005609768
198459	0.0001742299257
198460	0.0001988740431
198461	0.0001191128245
198462	0.0003572809915
198463	0.0006027348035
198464	0.0002640408364
198465	0.0004599412257
198466	0.0005935484248
198467	0.0003441216425
198468	0.0002656808101
198469	0.0001955212022
198470	0.0005971540871
198471	0.0004362687594
198472	0.001266457896
198473	0.001229947431
198474	4.079433986e-05
198475	0.0004737257264
198476	8.684433586e-05
198477	0.0003101954193
198478	0.0002726397346
198479	0.0001202245606
198480	0.0003964699193
198481	8.245792847e-05
198482	0.0003530397482
198483	8.484302391e-05
198484	0.0003044225636
198485	3.384203239e-05
198486	0.0002062178068
198487	0.0002787905636
198488	0.0005083250697
198489	5.309104286e-05
198490	0.0002341055805
198491	0.0004281573525
198492	0.001272272279
198493	0.0001415879622
198494	5.057928494e-06
198495	0.0002963424035
198496	0.0001123838494
198497	0.0002374352156
198498	0.0007473914549
198499	0.0010059076
198500	0.0004962731891
198501	0.0003427180516
198502	0.0005710343199
198503	0.0004158936733
198504	0.0001229244276
198505	0.0001161109984
198506	5.626262267e-05
198507	0.0001412408478
198508	0.0008440682223
198509	0.0003162284798
198510	0.0002073917215
198511	0.0004195805495
198512	0.0007815018072
198513	0.000585365402
198514	2.279272078e-05
198515	0.00126207857
198516	0.0001478236308
198517	0.002354281941
198518	0.0002417548617
198519	0.0005679358026
198520	0.0003543442191
198521	2.356415602e-05
198522	0.0008574126121
198523	9.741780956e-05
198524	0.0003323621351
198525	8.819899036e-05
198526	0.001065049741
198527	0.002432256458
198528	0.0002217787803
198529	0.001198318181
198530	0.001124343107
198531	0.0008412462138
198532	0.002970536467
198533	0.004764324447
198534	0.001966438535
198535	0.001872524144
198536	0.008887002545
198537	0.002502883932
198538	0.003182665276
198539	0.00230350701
198540	3.392927389e-05
198541	0.002633577147
198542	0.00554466178
198543	0.003455277847
198544	0.001307909027
198545	0.002721631505
198546	0.001496035773
198547	0.001501945925
198548	0.004304179098
198549	0.0004404507282
198550	0.001478123035
198551	0.0002135580782
198552	0.001264575289
198553	0.001895179098
198554	0.0009063057552
198555	0.001489258085
198556	0.002119392702
198557	0.0003087481748
198558	0.003604881594
198559	0.005749553338
198560	0.0003301292123
198561	0.001176329664
198562	0.005400704251
198563	0.001028148608
198564	0.001530613953
198565	0.001862609186
198566	0.001063559101
198567	0.0005907583831
198568	0.001196452474
198569	0.001639202799
198570	0.003462274152
198571	0.0001677317561
198572	0.004628821585
198573	0.000700474885
198574	0.002087383357
198575	0.002207936142
198576	0.001202880601
198577	0.004613474558
198578	0.0004869183502
198579	0.0003677032253
198580	1.59642401e-07
198581	0.001161944888
198582	7.982120052e-08
198583	0.000467509454
198584	0.001018111985
198585	0.0003279205298
198586	0.0008557239403
198587	0.0007232645539
198588	0.0002463582689
198589	0.001281985185
198590	0.002370970203
198591	0.002704014843
198592	0.001050283202
198593	0.005665608962
198594	0.004428699411
198595	0.000808401104
198596	0.0005947145895
198597	0.004287020779
198598	0.0008099380396
198599	5.518668839e-05
198600	0.00281581049
198601	0.002415921686
198602	0.0008013602406
198603	0.003830592101
198604	0.001295539019
198605	0.003879750419
198606	0.0002729046433
198607	0.001490154613
198608	0.003155134802
198609	0.001738070122
198610	0.001659003952
198611	0.0005161070896
198612	0.000708617154
198613	0.0009858440815
198614	0.0007792525455
198615	0.001486765899
198616	0.001760197572
198617	0.001334048483
198618	0.0007583273053
198619	0.001036413626
198620	0.0002402361811
198621	0.001196678955
198622	0.004459188153
198623	0.0004812665041
198624	0.002327078346
198625	0.004553796795
198626	0.003652464721
198627	0.003010571552
198628	0.001961725882
198629	0.002488215468
198630	0.00473707294
198631	0.004265901003
198632	0.004288179306
198633	0.001628951941
198634	0.001683799083
198635	0.004664728156
198636	0.000427063597
198637	0.0005087361791
198638	0.0003378470021
198639	0.001258156059
198640	0.0002760769185
198641	1.212186221e-05
198642	0.0002133736788
198643	0.0008322500962
198644	0.0005316651264
198645	0.0003799683584
198646	0.0002671212516
198647	0.001433454711
198648	0.00183732805
198649	0.003553940461
198650	0.0006617433648
198651	1.73970135e-05
198652	0.001844191241
198653	0.0003050145916
198654	0.002074443909
198655	0.001948759502
198656	0.003025639975
198657	0.0005845985746
198658	0.001731289693
198659	0.0002274537001
198660	0.002920649827
198661	0.002904329189
198662	4.284737798e-05
198663	0.0004441687251
198664	0.0001075762237
198665	0.0007907266749
198666	0.0005876946464
198667	0.0003257577125
198668	0.001835099096
198669	0.005306253535
198670	0.00121948302
198671	0.000510836223
198672	0.002391821946
198673	0.002424819216
198674	1.746068028e-06
198675	0.0002264546846
198676	0.002132414201
198677	0.0003720158364
198678	0.001443908344
198679	0.0002469378422
198680	0.00211749826
198681	0.0007650561614
198682	0.0007159900011
198683	0.004553248643
198684	0.0003201413817
198685	0.0008213262828
198686	2.400372274e-06
198687	0.001750315965
198688	0.003286200551
198689	0.0004093181652
198690	0.0009411975123
198691	0.0003811815247
198692	0.00223019596
198693	0.0007346687601
198694	0.0009957778786
198695	0.000390545916
198696	0.003010725042
198697	8.634758814e-05
198698	0.001993733105
198699	3.944717871e-05
198700	0.0005178263101
198701	0.0001003023495
198702	0.001352478295
198703	0.003893743573
198704	0.006106638988
198705	0.0002124596925
198706	0.001059095512
198707	0.002169114972
198708	0.001487769295
198709	0.000578591022
198710	0.001027559308
198711	0.002682799705
198712	0.001455650635
198713	0.000676341971
198714	0.003970887351
198715	0.0004771416623
198716	0.001843721507
198717	0.0002711795738
198718	0.0003095629421
198719	0.000835129646
198720	0.000588619152
198721	0.0003083890661
198722	0.00171618099
198723	0.0003018304091
198724	0.001432520584
198725	0.002494774371
198726	0.001244151075
198727	0.0004261469367
198728	0.001933047296
198729	0.001513721113
198730	0.002033960288
198731	0.004419642431
198732	0.0009504739816
198733	0.001036837294
198734	0.0009807838295
198735	0.00343416408
198736	0.003942943653
198737	0.0003184375124
198738	0.003295526242
198739	0.0009191679068
198740	0.0001669931751
198741	0.003704438642
198742	0.001693957581
198743	0.001887493266
198744	0.001934445634
198745	0.004129854681
198746	0.0007752688441
198747	0.001187611441
198748	6.604801624e-06
198749	0.003229835573
198750	4.492371231e-06
198751	0.001355427313
198752	0.001160912668
198753	0.001860832465
198754	0.001443970065
198755	4.50420843e-05
198756	0.0004920704541
198757	0.002118674516
198758	0.0005826817225
198759	0.0001887079647
198760	0.001663604105
198761	0.0003888517649
198762	0.001812541699
198763	0.0005461787013
198764	0.0006995122321
198765	0.0004190085203
198766	0.0008190710919
198767	0.000473383167
198768	0.0009322504931
198769	0.0004710071246
198770	0.001784273526
198771	0.0003008496465
198772	0.002872682265
198773	0.001323955992
198774	0.0003386383079
198775	0.0001427712077
198776	0.001010996462
198777	0.0008779625053
198778	0.001269052694
198779	6.515331095e-05
198780	8.47614935e-06
198781	6.640860066e-06
198782	0.0003221175473
198783	0.0002101995558
198784	2.104401666e-05
198785	0.0003026347278
198786	0.0007900486326
198787	0.0006822705198
198788	0.0003206512545
198789	0.001018097887
198790	0.0004290731098
198791	0.001439741215
198792	0.001197262321
198793	0.001798393608
198794	0.0003613832289
198795	0.0007512767597
198796	0.0002278733438
198797	0.0002149779711
198798	0.0005792272837
198799	0.0003169327507
198800	8.145876069e-05
198801	0.001014297207
198802	0.001137188849
198803	0.001642166164
198804	0.000542689443
198805	0.0003303261912
198806	5.988617823e-05
198807	0.001090235519
198808	0.001615569784
198809	2.775321741e-06
198810	0.0003906801735
198811	0.0001730931248
198812	2.609539247e-07
198813	0.001689732299
198814	0.0004614109069
198815	6.488765994e-05
198816	0.0001843248294
198817	0.001836330663
198818	0.001220000615
198819	0.001033153661
198820	0.001152601083
198821	0.003619574837
198822	0.0003328212888
198823	0.0009037420337
198824	0.001050884241
198825	0.0005205540204
198826	0.0006647523905
198827	0.000615552915
198828	0.001210412323
198829	0.001603691695
198830	0.0002341746855
198831	0.000502230323
198832	0.0001565321275
198833	0.0003673337363
198834	0.001197735569
198835	0.0002284997055
198836	0.0002702857604
198837	0.0005611336154
198838	0.0003388566292
198839	0.0006337292815
198840	0.0008113477034
198841	0.0004488655056
198842	0.0001408870432
198843	0.0009220722652
198844	0.001440938922
198845	0.001220883976
198846	0.0008390581873
198847	0.0001985185558
198848	0.001678978812
198849	0.001704243248
198850	0.0006086560919
198851	0.000874882737
198852	0.0005031340126
198853	0.001384708635
198854	0.001335082612
198855	0.001652868942
198856	0.0005281155004
198857	0.002350188092
198858	0.0003927613147
198859	0.0006978438761
198860	0.0001488504049
198861	0.0008312948621
198862	0.001938770267
198863	2.329911311e-05
198864	0.0008811108215
198865	0.001058858615
198866	0.0008779244652
198867	3.239608073e-05
198868	1.646367905e-05
198869	0.001213662937
198870	0.0008382287559
198871	0.001030318634
198872	0.0003226356225
198873	0.001157169837
198874	0.0008306052319
198875	0.0003980650431
198876	0.0007383418879
198877	0.001011920454
198878	0.0007060234504
198879	0.002555124733
198880	0.0008759274455
198881	0.0002926957801
198882	0.0004627421815
198883	0.0003026733996
198884	0.0002997635515
198885	0
198886	0.0005816781902
198887	0.0005706946405
198888	0.0003200579521
198889	6.033917883e-05
198890	4.430425005e-05
198891	1.673175165e-06
198892	0.0001855752067
198893	0.0001535484598
198894	0.0001825545545
198895	0.0008520078041
198896	0.0005577079163
198897	0.0007117154248
198898	0.003238610562
198899	0.0007731762888
198900	0.0007481937903
198901	0.0002662975026
198902	0.0006640647633
198903	0.0009514387905
198904	0.0002068040854
198905	0.002106629829
198906	0.0004486698749
198907	0.0009886484442
198908	4.334601753e-05
198909	0.0008069457973
198910	0.0009872864113
198911	0.001358738003
198912	0.001634949929
198913	0.001948194793
198914	0.0004365436016
198915	0.0008730836835
198916	0.00126785229
198917	1.857377935e-06
198918	0.0007816358135
198919	0.001191450411
198920	0.001098997365
198921	0.000897893163
198922	0.0003750214825
198923	0.0008197809684
198924	0.0002019736392
198925	0.0005221709092
198926	0.00103445321
198927	0.002109945233
198928	0.002132199042
198929	0.0008999319199
198930	0.001259163469
198931	0.0006355677648
198932	0.0004085183484
198933	0.0005228225571
198934	5.890901005e-05
198935	0.001085101614
198936	0.0003300493548
198937	5.899605902e-05
198938	0.0004501641677
198939	0.001322565967
198940	0.002180907093
198941	0.001287449028
198942	0.0001537881093
198943	0.0003143380222
198944	0.0004056066186
198945	0.001570831031
198946	0.0009035536272
198947	0.000347287522
198948	0.00519267661
198949	0.001131459179
198950	0.003788973086
198951	0.0003909655462
198952	0.001159960328
198953	0.001058355106
198954	0.004833839154
198955	9.21013852e-09
198956	0.001992415241
198957	0.006520081624
198958	0.001300353403
198959	0.0002181744404
198960	0.0009173056232
198961	0.003675781782
198962	0.001681746112
198963	0.00349459512
198964	0.00330337235
198965	0.00464526308
198966	0.0003561165901
198967	0.001352065916
198968	0.00254392748
198969	0.002330145799
198970	0.002830924888
198971	0.0009846783299
198972	0.0001837296359
198973	0.0003986720804
198974	0.0004363900686
198975	0.001673513257
198976	0.00320733749
198977	0.0003063322926
198978	0.001479389334
198979	0.003699810881
198980	0.003102430986
198981	0.001438948115
198982	0.001387911808
198983	0.001996590937
198984	0.002765206793
198985	0.0005281492925
198986	0.00587023717
198987	0.001415670042
198988	0.002516767363
198989	0.0008221268676
198990	0.0003714497366
198991	0.0002638115219
198992	0.001014902459
198993	0.002708143962
198994	0.004779381408
198995	0.0002500077977
198996	0.0006713549501
198997	0.000478994289
198998	0.0006825812046
198999	0.0005045939201
199000	0.0002117978452
199001	0.0008003405494
199002	0.003176097233
199003	0.0002699143703
199004	0.0002891930541
199005	0.002013346279
199006	0.002250808945
199007	0.001519073014
199008	0.00225515033
199009	0.00166068633
199010	0.004148176313
199011	0.0009658424829
199012	0.0005157766925
199013	3.920521156e-05
199014	0.003401319708
199015	0.002885189931
199016	0.0001419081944
199017	0.0004028536984
199018	0.0001488987024
199019	0.001199850215
199020	0.002392583881
199021	0.0009089875247
199022	0.001927298851
199023	0.0007909900214
199024	0.002066257749
199025	0.001738385411
199026	0.001493296254
199027	0.000936151054
199028	0.0005406602332
199029	0.001020154233
199030	0.0006515376966
199031	0.000126968551
199032	0.004768153318
199033	0.00205234187
199034	0.007774458431
199035	0.00710101862
199036	0.001646538838
199037	0.001347649707
199038	0.001739188661
199039	0.002238968605
199040	0.0005146754609
199041	0.0007142523481
199042	0.0006800576896
199043	0.001133200067
199044	0.001128159818
199045	0.003149171492
199046	0.004568173621
199047	0.001626381818
199048	3.697596079e-06
199049	0.0004352902664
199050	0.003702792208
199051	0.002992841474
199052	0.0006413917266
199053	0.0004751269113
199054	0.0001529922417
199055	0.0001207079024
199056	9.278451617e-06
199057	8.04399073e-05
199058	0.0001836022453
199059	4.664837537e-07
199060	0.0003096804652
199061	0.0003309328424
199062	0.0004955215586
199063	0.000906160145
199064	0.0001903810098
199065	0.0005024045263
199066	0.000742162162
199067	0.0001597862656
199068	0.0002089410455
199069	0.0002413452155
199070	0.0004154227651
199071	0.0002833327435
199072	0.0007168296768
199073	0.0003174409816
199074	0.0004492450848
199075	0.0002734921799
199076	0.0001164347488
199077	0.0004572307506
199078	0.0005691108448
199079	0.0004452850551
199080	6.031912359e-05
199081	0.001518963923
199082	0.003959465144
199083	0.00457956458
199084	0.0006699120241
199085	0.0005453243402
199086	0.002523771282
199087	0.001388021929
199088	0.0001764737597
199089	0.0005005964896
199090	0.004215032614
199091	0.001423218803
199092	3.899828393e-05
199093	0.0004965601244
199094	0.0001942263495
199095	0.001382860874
199096	5.746954103e-05
199097	0.0001442191623
199098	0.002959034746
199099	0.0001030936116
199100	0.001315174881
199101	0.002194805932
199102	0.0001603928984
199103	0.001300755235
199104	0.009896158344
199105	0.0005905462581
199106	0.003754669897
199107	0.00383522776
199108	0.005297545638
199109	0.0002255263723
199110	0.000680207568
199111	0.0006454708477
199112	0.002207804258
199113	0.000719199178
199114	0.009289929515
199115	0.001204001001
199116	0.0004030139163
199117	0.003337655332
199118	0.0004834765055
199119	0.001861357276
199120	0.0003476264524
199121	0.0004259684979
199122	0.002818972677
199123	0.0009499175216
199124	4.829458694e-06
199125	0.001265620054
199126	0.001605416692
199127	5.66059136e-05
199128	0.000343337916
199129	0.0009646755622
199130	0.00102039751
199131	0.005982517589
199132	0.008178687069
199133	0.003529412422
199134	0.003310339569
199135	0.0001035534487
199136	0.001862189305
199137	0.003585718519
199138	0.002044267644
199139	0.0001440387236
199140	0.0002172827118
199141	2.953083879e-05
199142	0.0001567731656
199143	0.00155558804
199144	6.016804036e-05
199145	0.000170693941
199146	7.484420299e-05
199147	0.0005609536488
199148	1.614510997e-05
199149	0.0001238023293
199150	3.122962953e-05
199151	8.714762293e-05
199152	0.0001259191039
199153	4.99750541e-05
199154	0.0001060500239
199155	7.961434949e-05
199156	0.001149400227
199157	3.156372475e-05
199158	0.0004418588912
199159	7.950548326e-05
199160	3.844870844e-05
199161	6.39888314e-05
199162	0.0001459570005
199163	0.0002699694976
199164	0.0001613781428
199165	0.0006152730202
199166	0.0005136683777
199167	0.001307342998
199168	0.002110135053
199169	7.092724499e-05
199170	9.994828465e-05
199171	7.284789009e-05
199172	0.0001868240051
199173	2.884936159e-05
199174	9.249921162e-05
199175	6.177597995e-05
199176	5.018519678e-06
199177	0.0001686843743
199178	3.200538272e-05
199179	2.376480396e-06
199180	7.185814172e-05
199181	0.0001831534468
199182	0.000346239799
199183	0.0002204123193
199184	0.000354942468
199185	0.001231822795
199186	0.0002656305812
199187	0.0006253834635
199188	3.787252503e-05
199189	0.0002815123893
199190	3.913811626e-05
199191	0.0001727824739
199192	0.0001153931816
199193	0.001249003005
199194	0.0003314376491
199195	2.619280559e-05
199196	0.0003378906502
199197	0.0001735334333
199198	0.000537555627
199199	2.986581212e-05
199200	0.0001162676574
199201	0.0001072436258
199202	2.361497488e-06
199203	0.000778594292
199204	0.0002826238391
199205	0.0004216065973
199206	6.165535759e-05
199207	0.0005107184709
199208	7.798836956e-05
199209	0.0008372819399
199210	0.0001470502406
199211	0.002299584941
199212	0.0008351870037
199213	0.0006312534871
199214	2.494843551e-05
199215	9.871365755e-05
199216	4.570732227e-05
199217	7.924522515e-05
199218	0.0001219226267
199219	0.0001783026636
199220	0.0002038972113
199221	0.0005246767635
199222	4.433083163e-05
199223	0.0003881213398
199224	0.0003170710897
199225	0.0004343534251
199226	0.0001955253016
199227	0.001554285495
199228	0.0006653102178
199229	7.563260765e-05
199230	0.0004118061537
199231	5.058487192e-05
199232	0.0001781007777
199233	1.204314252e-05
199234	8.035873606e-05
199235	9.989856931e-05
199236	0.003993053528
199237	7.072628192e-06
199238	0.0001005250592
199239	0.0001178338057
199240	0.000129098192
199241	0.001434523893
199242	0.0008978095985
199243	6.688966859e-05
199244	0.0003130130064
199245	0.0001340764104
199246	0.002346903079
199247	0.0003908018974
199248	0.0008035296717
199249	0.00202851369
199250	0.0002330977139
199251	0.00154408669
199252	0.001658205206
199253	0.002044571151
199254	0.0007265028097
199255	7.534155551e-05
199256	0.002524079032
199257	0.0009833560569
199258	0.0006301231123
199259	0.0003919211307
199260	0.001644078696
199261	0.00130104592
199262	0.0009099440238
199263	0.0009804347715
199264	0.000778155962
199265	0.001180536847
199266	0.002625038371
199267	0.003457142207
199268	0.001855281433
199269	0.004113118416
199270	0.002810633383
199271	0.0001218904673
199272	4.190729955e-05
199273	0.001400776302
199274	0.004120935399
199275	0.001177124058
199276	0.003018829879
199277	0.001378009464
199278	0.002170747587
199279	0.001377194098
199280	0.002253370859
199281	0.0006466832862
199282	0.001633051307
199283	0.002669941749
199284	0.0005383889063
199285	0.003756138126
199286	0.004023345973
199287	0.0004005531362
199288	0.001662089745
199289	0.002545904977
199290	0.002946817665
199291	0.0005163654673
199292	0.0009262866266
199293	0.002396582018
199294	0.002745701387
199295	0.004199376553
199296	0.002354974681
199297	0.003055555255
199298	0.0004459159357
199299	0.0001234650433
199300	0.001195399596
199301	0.004549206442
199302	0.001072327539
199303	0.001919848655
199304	0.001102113163
199305	0.002186673648
199306	0.001209628907
199307	0.002009188862
199308	0.001636812328
199309	0.0006880301109
199310	0.0008955934607
199311	0.002061445513
199312	0.0001171340527
199313	0.002209995366
199314	0.00263412145
199315	0.001578832515
199316	0.0008033816942
199317	0.0074973772
199318	0.00249310643
199319	0.001880662322
199320	0.002125046632
199321	0.001410298442
199322	0.001730680326
199323	0.0005344076914
199324	0.007044058268
199325	0.003596682873
199326	0.006792864242
199327	0.0001667545364
199328	0.001343151771
199329	0.003320761688
199330	0.003558939535
199331	0.0007656569627
199332	0.0009858627012
199333	0.002527837324
199334	0.002844032424
199335	0.0007614655287
199336	0.0002267415854
199337	0.0002267325068
199338	0.0003068799429
199339	1.799101299e-05
199340	0.001229261681
199341	0.0001311909047
199342	0.001001204868
199343	0.0002983391688
199344	2.53939361e-05
199345	0.002183075668
199346	2.490143022e-05
199347	0.0002064349413
199348	0.0002938356633
199349	0.0002134689847
199350	0.0001780308617
199351	0.006150674535
199352	0.005975803628
199353	0.005139652748
199354	0.002451042165
199355	0.003939468759
199356	0.0006894086134
199357	0.002214684772
199358	0.00558482275
199359	1.801615453e-05
199360	0.0002363305885
199361	0.001463163038
199362	0.001323046441
199363	0.00243417702
199364	0.002730798592
199365	0.0008444313872
199366	0.003145348099
199367	6.79952908e-05
199368	0.002394965935
199369	0.002384214438
199370	0.0005433691131
199371	0.001403207552
199372	0.0001744057096
199373	0.006245911394
199374	0.002665157438
199375	0.0007854371795
199376	0.002209929863
199377	0.001611465089
199378	0.003067225757
199379	0.003053008704
199380	0.007498630779
199381	0.0007710877183
199382	0.0009308869676
199383	0.0002721351717
199384	0.001728753451
199385	0.0007986193646
199386	0.003462370572
199387	0.002201142853
199388	0.0005630301523
199389	0.002961386344
199390	7.491317546e-06
199391	0.000372802995
199392	0.000981338783
199393	0.004184203132
199394	0.0007677134819
199395	0.002125389514
199396	0.0004584674909
199397	0.005681658906
199398	0.001809995016
199399	0.002440322606
199400	0.002387323864
199401	0.0004728458515
199402	0.001137396558
199403	0.003716040197
199404	0.0004090337044
199405	0.0001247802334
199406	0.002099199332
199407	0.0004336852789
199408	0.0003548762923
199409	0.0007888876565
199410	0.000122645607
199411	0.000146302556
199412	0.003529271973
199413	0.0001349219868
199414	0.002086219599
199415	0.001349529648
199416	0.0002693931921
199417	0.0001942138958
199418	0.002366401746
199419	0.002445509218
199420	0.0001825020816
199421	0.001729832122
199422	0.0006192234059
199423	0.0005101487487
199424	0.0006870613725
199425	0.000366341501
199426	0.001584881431
199427	0.0009557508737
199428	0.0002984220357
199429	0.0003556112619
199430	0.0005571767563
199431	0.001475350088
199432	0.00214124419
199433	0.004107156881
199434	0.002269157002
199435	0.0009317008812
199436	0.0002939966628
199437	0.002341198076
199438	0.001708184287
199439	0.0006260952002
199440	0.001693490963
199441	0.001006564334
199442	0.003165112102
199443	0.0005462867542
199444	0.0009856900804
199445	0.0004625801664
199446	0.0007092642891
199447	0.0001910730071
199448	0.001577444245
199449	0.00152366395
199450	2.968326466e-05
199451	0.001754249394
199452	0.0031327858
199453	0.0003517459765
199454	0.002683006756
199455	0.0005058122705
199456	0.0007599068994
199457	0.0003838593532
199458	0.001196776245
199459	9.410837376e-05
199460	0.001658904609
199461	0.0003957144888
199462	0.001623461361
199463	0.00020849219
199464	0.0005334964925
199465	0.001207872422
199466	0.001024037496
199467	0.0002919193469
199468	6.270051358e-05
199469	0.0006748086896
199470	0.0006657370647
199471	0.001034517712
199472	0.0003647923917
199473	0.0008299201832
199474	0.001089282237
199475	0.0008606092244
199476	0.0004306899637
199477	0.00085260328
199478	0.000815656779
199479	0.001231974412
199480	0.001417075819
199481	0.0008225220059
199482	0.0006695462005
199483	0.0007330941475
199484	0.0008234440236
199485	1.075890457e-05
199486	0.0001490470421
199487	0.00108667598
199488	0.0002718512961
199489	0.0003026635718
199490	0.00133027118
199491	0.001000059926
199492	0.0008483795527
199493	0.0007211558901
199494	0.001486568266
199495	0.0006661585427
199496	0.002360313039
199497	0.001249593953
199498	0.0003932382358
199499	0.0002200912285
199500	0.0009016142853
199501	0.0006099255795
199502	0.0008585101275
199503	0.0003401211731
199504	0.001471078514
199505	0.001880523468
199506	0.001007664432
199507	0.001998461901
199508	0.0007538137989
199509	0.0002740102021
199510	0.001051309914
199511	0.0008079389318
199512	0.001642382809
199513	0.0003677656907
199514	0.0004516034761
199515	0.001063093049
199516	0.0008594217419
199517	0.0009871378167
199518	0.0001451448817
199519	7.989702295e-05
199520	0.000890854026
199521	0.001282585188
199522	0.0006463732122
199523	0.001326109336
199524	0.001556804091
199525	3.858965555e-05
199526	0.001036277209
199527	0.003925497866
199528	0.0004739089649
199529	9.316149671e-06
199530	0.0006239926245
199531	2.082494481e-05
199532	0.0008027724251
199533	0.003345977571
199534	0.00661474886
199535	0.0002372694511
199536	0.0008076923044
199537	0.0008131725669
199538	0.001788815199
199539	0.0004626745691
199540	0.00443714531
199541	0.004324598795
199542	0.0001173151902
199543	0.003490744
199544	0.003216920737
199545	0.0003944585837
199546	0.003753590024
199547	0.008843628287
199548	0.001284751949
199549	0.002609296136
199550	0.0007795288097
199551	0.0003509516741
199552	0.0002979270484
199553	0.0001798699531
199554	0.0003308747346
199555	0.001419951523
199556	0.001196290124
199557	0.005426065325
199558	0.001185278368
199559	0.002437115323
199560	0.0003817636629
199561	0.0007300733129
199562	0.0009063136194
199563	0.001768770811
199564	0.005748890361
199565	0.002225380749
199566	0.002917229142
199567	0.002740751535
199568	0.0001221648967
199569	0.004618067306
199570	0.003544688258
199571	0.003371211829
199572	7.429511718e-08
199573	0.001129955305
199574	0.0008001938721
199575	0.001975169831
199576	0.001851659934
199577	0.004420418612
199578	0.002155021509
199579	0.000560791851
199580	0.001947396693
199581	0.001958729335
199582	0.0015829912
199583	0.0009146788009
199584	0.0006290088486
199585	7.874260243e-05
199586	0.001168385738
199587	0.002649434532
199588	0.0004391203485
199589	0.003337211014
199590	0.0008965782607
199591	0.0004993317038
199592	8.944497526e-05
199593	0.0003491779534
199594	0.002994416663
199595	0.0004353663807
199596	0.0008696497901
199597	0.001490955961
199598	0.002368396803
199599	0.00110456097
199600	0.002969079618
199601	0.003679206087
199602	0.008312252381
199603	0.002555968808
199604	0.0002230458313
199605	0.001228259789
199606	0.001911487979
199607	0.0003284816389
199608	0.001651232488
199609	0.002044363116
199610	0.001560103197
199611	0.0003569912899
199612	0.003029715277
199613	0.001675233796
199614	0.0001799907513
199615	0.001483399331
199616	0.0009564000154
199617	0.0004201845116
199618	0.0009711596658
199619	0.001106546706
199620	0.005621342738
199621	0.00175385781
199622	0.0002119129368
199623	0.002188701377
199624	0.0030560918
199625	0.0004263219536
199626	0.0002595748423
199627	0.0001967450795
199628	0.0001212756876
199629	9.597042966e-05
199630	0.002322560963
199631	0.001862158912
199632	0.001416747643
199633	0.001370489651
199634	0.00160579832
199635	0.002571838657
199636	0.002078365472
199637	0.002587896273
199638	0.003797268539
199639	0.001529212552
199640	0.0006376727549
199641	0.00156969931
199642	0.001025211051
199643	0.003209099674
199644	0.0008395341646
199645	0.0001294881315
199646	0.0004751104802
199647	7.016897993e-05
199648	0.0001551500977
199649	2.974359358e-05
199650	0.002171679335
199651	8.990701158e-05
199652	0.0003160940259
199653	0.0002190618949
199654	0.00090124633
199655	0.0004408259841
199656	0.0006052109823
199657	8.962840147e-05
199658	0.0002995926223
199659	0.001124670471
199660	0.0002066933761
199661	0.0002526809761
199662	7.638052413e-05
199663	0.001491383538
199664	0.001227823287
199665	0.002855189794
199666	0.001883377248
199667	0.0001263797871
199668	0.002048763533
199669	0.004197416777
199670	7.730123307e-05
199671	0.000497161892
199672	0.003785522394
199673	0.003323832139
199674	0.004615300199
199675	0.0008056754764
199676	0.001518269488
199677	0.0008353725593
199678	0.0005396187494
199679	3.459702008e-05
199680	0.0004319012228
199681	0.002729606083
199682	0.001983209085
199683	0.003092316855
199684	0.0008942457263
199685	0.003636177807
199686	0.003575526567
199687	0.0004587408214
199688	0.006369504258
199689	0.0002081901958
199690	0.0001249379477
199691	0.001207084722
199692	0.001118673231
199693	0.0005158318594
199694	0.001580998337
199695	0.00104869063
199696	6.349357787e-05
199697	0.000275030158
199698	0.0006735042889
199699	0.0005788963549
199700	0.001344367733
199701	0.001573691036
199702	0.00144016064
199703	0.001567592383
199704	0.00139848821
199705	0.0001325965057
199706	0.001243436204
199707	0.001344556217
199708	0.0004466713019
199709	0.00108711427
199710	0.0003078309916
199711	0.001102643979
199712	0.0006711211468
199713	0.001525713855
199714	0.0006372998455
199715	0.001167604412
199716	0.0005388842648
199717	0.002625454758
199718	0.002592204576
199719	0.001490914598
199720	0.0003963970851
199721	0.0001958624828
199722	0.0006265672209
199723	0.001237312258
199724	0.0001877895874
199725	0.0005101411957
199726	0.0001939750933
199727	0.0005408287213
199728	0.0005507397707
199729	0.000496070598
199730	0.000638128446
199731	0.000368322919
199732	0.0006870778432
199733	0.001943829664
199734	0.0013413791
199735	0.0001490487216
199736	0.0005089186826
199737	0.00108055293
199738	0.00111445218
199739	3.56678654e-05
199740	0.0007693953715
199741	8.800764877e-05
199742	0.001444551638
199743	0.001543636859
199744	5.047206194e-05
199745	0.0007381636634
199746	0.001415586678
199747	0.0009332341934
199748	0.0004425452436
199749	0.0009694568667
199750	0.0006161631298
199751	0.001630107328
199752	0.002101558764
199753	0.0009026466027
199754	0.001332072457
199755	0.0006910446096
199756	0.0005490635246
199757	0.001513060023
199758	0.000582494579
199759	0.0008398928294
199760	0.0005377263044
199761	0.0006948699017
199762	0.0006707076327
199763	0.0008737780277
199764	0.0005713037646
199765	0.0001442879787
199766	0.0005085523164
199767	0.001144304872
199768	0.000544623463
199769	0.0005462021005
199770	0.0007530098976
199771	0.0007742619639
199772	0.0001536682536
199773	0.0005095373253
199774	0.0008780922409
199775	0.0005493623935
199776	0.000814845575
199777	0.001240603087
199778	0.001303173129
199779	0.001025499017
199780	0.0004692760388
199781	0.0005389067359
199782	0.001428104076
199783	0.0005975146758
199784	0.0005932536598
199785	0.004180368649
199786	7.186821408e-05
199787	0.0003921059808
199788	0.0002950805872
199789	0.0005348976074
199790	0.0004822164628
199791	0.0005774868493
199792	0.0004641132868
199793	0.0007529402425
199794	0.001544250129
199795	0.0007936430611
199796	0.0003931020192
199797	0.0008714638765
199798	0.001639725063
199799	0.000244016221
199800	0.0009249360991
199801	0.0005961832004
199802	0.0004642405269
199803	0.000757921694
199804	0.0001269499945
199805	0.001118020495
199806	0.0001643401134
199807	0.0003850289096
199808	0.0004645269122
199809	0.0006430301267
199810	0.0003845257321
199811	0.001085149458
199812	0.0006423236388
199813	0.0003745260651
199814	5.761773711e-05
199815	0.000417930702
199816	0.00575057546
199817	0.0003745949013
199818	0.0003909871469
199819	0.001078191958
199820	0.000670226578
199821	0.0007075560565
199822	0.0001768053919
199823	0.0007160674385
199824	0.00024080884
199825	0.001000887598
199826	0.0001026121442
199827	0.001284598424
199828	0.0005444784791
199829	0.0005037012529
199830	0.0005097382866
199831	0.0006152004612
199832	0.000932849405
199833	0.0008887315877
199834	0.001473700171
199835	0.000609038333
199836	0.0005865318427
199837	9.94009358e-05
199838	0.0008466921663
199839	0.0002253772051
199840	0.000857506567
199841	0.0008069889521
199842	0.0007730756839
199843	0.001479250104
199844	0.000494247789
199845	0.001061180249
199846	0.0004200277464
199847	0.0009970395998
199848	0.001068208763
199849	0.0005848869371
199850	0.000499068627
199851	0.0004374493503
199852	5.992795682e-05
199853	0.0005333041359
199854	0.0005005682483
199855	0.0004163622945
199856	0.0007117278521
199857	0.0002260673268
199858	0.003509854171
199859	0.0008340355352
199860	0.001074136192
199861	0.00208963166
199862	0.000665391824
199863	0.0003943857485
199864	0.0005665991203
199865	0.0001580641632
199866	0.00072699421
199867	0.0009700574338
199868	0.0005126189899
199869	0.001180039712
199870	0.0009112921331
199871	0.0008232295094
199872	0.0005373031999
199873	0.0003349217795
199874	0.0004661542608
199875	0.0008364555178
199876	0.0009580696986
199877	0.0003986995128
199878	0.0002105582624
199879	0.0006968704827
199880	0.000680399625
199881	0.0006941966321
199882	0.001106491806
199883	0.0004812341949
199884	0.0002260565927
199885	0.0008094168911
199886	0.001000267548
199887	0.0009133732396
199888	0.0003989628842
199889	0.0006434611308
199890	0.001053199404
199891	0.0003216909882
199892	0.0008036643596
199893	0.001038011026
199894	0.0003373808179
199895	0.0007725110331
199896	0.0005180834559
199897	0.0004801641777
199898	0.0001967332439
199899	0.0006601652107
199900	0.0007902454049
199901	0.000425432792
199902	0.000475641266
199903	0.0001567830898
199904	0.0004243244221
199905	0.0006400386565
199906	0.0004844225206
199907	0.0006822946438
199908	0.0007057982432
199909	0.0005240461517
199910	7.180651096e-06
199911	0.0006379267271
199912	0.0002536893398
199913	0.000208825368
199914	0.0008699453664
199915	0.0007911274667
199916	0.0007381160371
199917	0.0006538877603
199918	0.0001881303153
199919	0.0003576615022
199920	0.0009281003155
199921	0.001050042646
199922	0.0005094043647
199923	0.0005156363086
199924	0.0002545985935
199925	0.0006829250749
199926	0.00127755463
199927	0.0007406996521
199928	0.0002372300922
199929	4.454676989e-05
199930	0.0003871346946
199931	0.002098861025
199932	0.0005711597083
199933	0.0006864760176
199934	0.0008976273292
199935	0.0009597240405
199936	0.0001348682889
199937	0.0002142458656
199938	0.0003597196712
199939	0.00102105404
199940	0.0008196757706
199941	0.001213283489
199942	0.0004823854755
199943	0.001266058706
199944	8.029733349e-06
199945	0.0009090774536
199946	0.0007967896223
199947	0.0005585824195
199948	0.0009663159918
199949	0.0008778482033
199950	0.0007350395484
199951	0.0005927950516
199952	0.0005613073718
199953	7.666397519e-05
199954	0.0004377856105
199955	0.0008291948436
199956	0.001173209416
199957	0.0001205273904
199958	0.0007195740256
199959	0.0001750243825
199960	0.0004046929704
199961	0.0006248755848
199962	0.001516985917
199963	0.000459864532
199964	0.0002386768508
199965	0.0001948593705
199966	0.0009617385127
199967	0.0003455667473
199968	0.001457177153
199969	0.0003654314899
199970	0.0006768192311
199971	0.0008521157844
199972	0.0001817754285
199973	0.002390119603
199974	0.0006199790471
199975	0.0009761104191
199976	0.0003016700864
199977	0.0002142849997
199978	0.0003842265118
199979	0.0008214537813
199980	0.0009680634861
199981	0.0009678958411
199982	0.001457287938
199983	0.0004040257635
199984	0.0007346734988
199985	0.001266995922
199986	0.0001652532739
199987	0.001071102686
199988	0.0006219436941
199989	0.0001974105866
199990	0.0006290024136
199991	0.0003504857419
199992	0.0007423251029
199993	0.0002790175885
199994	0.001548675679
199995	0.0006088820253
199996	0.0006258149559
199997	0.000211126166
199998	0.0005175158875
199999	0.0002749960257
200000	0.0001770290902
200001	0.0008256254395
200002	0.0007645894273
200003	0.0004466514081
200004	0.0005562076063
200005	0.000688231576
200006	0.0007616218818
200007	0.0002353740673
200008	0.001062373056
200009	0.0001630113089
200010	0.0009779390624
200011	0.000988185694
200012	0.0006919602292
200013	0.000755921026
200014	0.0002318222943
200015	0.0001508986818
200016	0.0002197365422
200017	0.0003107936717
200018	0.0009881783144
200019	0.0007868384606
200020	3.760037608e-06
200021	0.0006544513282
200022	0.0008513757886
200023	0.0007022269647
200024	0.0002735312603
200025	0.00110161634
200026	0.0004194275374
200027	0.0007959911031
200028	0.001659360788
200029	0.001029113327
200030	0.0002980327807
200031	0.001081769972
200032	0.0004257017526
200033	0.0008311692384
200034	0.0007643749282
200035	0.001456733281
200036	0.0004364075586
200037	0.0003485288258
200038	0.0008095219741
200039	0.0004155658117
200040	0.00110345213
200041	0.000227048009
200042	0.001052656176
200043	0.0007449284984
200044	0.0004197859447
200045	0.0008959849735
200046	0.0003045489624
200047	0.001283925494
200048	5.191467634e-05
200049	0.0004381516881
200050	0.0007620946046
200051	0.0004820014838
200052	0.001076127623
200053	0.0004156205158
200054	0.0007163718102
200055	0.00037353762
200056	0.0004052336949
200057	0.0005168627103
200058	0.0006028660206
200059	0.001984698455
200060	0.0005728938825
200061	0.000434575878
200062	0.0008031224532
200063	0.0005815670243
200064	0.0003835155622
200065	0.001378715071
200066	0.0002901126767
200067	0.001169066828
200068	0.001806096996
200069	0.0001366379129
200070	0.0009240866813
200071	0.001065418011
200072	0.0006732725179
200073	0.001146402679
200074	0.0005977895128
200075	0.0007540890543
200076	0.0003973157988
200077	0.000297747096
200078	0.0002661161828
200079	0.0009562684994
200080	0.0009432542481
200081	0.0007628956521
200082	0.0005108406253
200083	0.0007960774137
200084	0.001066318322
200085	0.0006131513178
200086	3.364890829e-05
200087	0.0006619170948
200088	0.001014608844
200089	0.000107648968
200090	0.001037094868
200091	0.0004255479672
200092	0.0005132664118
200093	0.0001863376798
200094	0.0005010104436
200095	0.0004153709265
200096	0.0005803280621
200097	0.0008294755595
200098	0.0008857923119
200099	0.0006751660441
200100	0.0006994370623
200101	0.001071409398
200102	0.0007938738846
200103	0.0008943760345
200104	2.98503135e-05
200105	0.0001410555616
200106	0.0006703912245
200107	0.0006334020744
200108	0.0003903863657
200109	1.371082213e-05
200110	0.0005167006986
200111	0.0004132389857
200112	0.0003855614187
200113	0.0003862786136
200114	0.0006989070264
200115	0.0002581253088
200116	0.0001927506628
200117	0.0002771644681
200118	0.0006428220138
200119	0.0006405347
200120	0.001383331107
200121	0.0009576041233
200122	0.001328380708
200123	0.0005434289551
200124	0.0001442702292
200125	0.0009365076696
200126	0.0009688585961
200127	0.0005863884919
200128	0.0003166892094
200129	0.002513525217
200130	0.001770974359
200131	5.913450261e-05
200132	0.0003586297048
200133	0.001362386945
200134	0.000460133019
200135	0.0006616031599
200136	0.0008763677909
200137	0.001127639648
200138	0.0002064865167
200139	0.0006045454749
200140	0.0007591883438
200141	0.000518760172
200142	0.001070827253
200143	0.001271998863
200144	0.0007783328179
200145	2.930193871e-05
200146	0.0002021541523
200147	0.001314987056
200148	0.000234769982
200149	0.0002578435695
200150	0.0002964870602
200151	0.0008614813499
200152	0.0008561562021
200153	0.0004744673516
200154	0.0002591250685
200155	0.0004077608125
200156	0.0002249124126
200157	0.0004759438635
200158	0.001391439507
200159	0.003975437333
200160	0.001279749585
200161	0.0008143798855
200162	0.0001139806311
200163	0.001555687537
200164	0.001875484353
200165	0.002985179802
200166	0.0006043287879
200167	0.000188281822
200168	0.0004557127007
200169	0.0003200916192
200170	0.002438731246
200171	0.002339192001
200172	0.0003421396605
200173	0.0002654382211
200174	0.0004942611603
200175	0.0009578037704
200176	0.0001039273556
200177	0.0002335431554
200178	0.001136781085
200179	0.0002784495704
200180	0.001332926932
200181	0.0009713171455
200182	0.002737707593
200183	0.000550789233
200184	0.001423003139
200185	0.0007271412851
200186	0.003530269997
200187	0.005653279258
200188	0.0002022928791
200189	2.466839466e-05
200190	0.001209424261
200191	0.0002069683205
200192	0.002645098361
200193	0.002132366334
200194	0.000860131268
200195	0.0007211420499
200196	0.004819816584
200197	0.002669415335
200198	0.005179808302
200199	0.001819945418
200200	0.001811515123
200201	0.001971498712
200202	0.004886203594
200203	0.004127213552
200204	0.004903637448
200205	0.001870265384
200206	0.002601741223
200207	0.002652238618
200208	0.001061831949
200209	0.001775913135
200210	0.001500194084
200211	0.002926651245
200212	0.003006950894
200213	0.003460744458
200214	0.000646313263
200215	3.018878739e-08
200216	0.001948372718
200217	0.002262739846
200218	0.003946272514
200219	0.0004319958054
200220	0.002485309002
200221	0.0008274942906
200222	0.0008938346735
200223	0.002981406982
200224	0.002953219389
200225	0.001230886466
200226	0.001332891941
200227	0.0002895604274
200228	0.003580022648
200229	0.003622880065
200230	0.003055339842
200231	0.003817497911
200232	0.001880784828
200233	0.0002586635423
200234	0.003461885873
200235	0.0002997060536
200236	0.000823367664
200237	0.003274592974
200238	0.003214571931
200239	0.003757023765
200240	0.0004275244872
200241	0.001424956193
200242	0.00366549787
200243	0.003357895666
200244	0.0008550024024
200245	0.002735150681
200246	0.001724209138
200247	0.004573782348
200248	0.0001860186847
200249	0.0004212074835
200250	0.001908441106
200251	0.0001138284081
200252	0.002879065206
200253	0.0006756247699
200254	0.002130467118
200255	0.006111288365
200256	0.005010162392
200257	0.000423778988
200258	0.00299761417
200259	0.002409281001
200260	0.002602467692
200261	0.004215481808
200262	0.002852471036
200263	0.001123035825
200264	0.004822314339
200265	0.0007071948127
200266	0.004619989251
200267	0.0007182876472
200268	0.0009995151933
200269	0.000691683066
200270	0.0012768466
200271	0.00750370389
200272	0.001131331865
200273	0.007035215724
200274	0.001846964285
200275	0.005260648981
200276	0.003358816939
200277	0.004066418657
200278	0.002578388765
200279	0.001903173118
200280	0.0001625064371
200281	8.873292358e-05
200282	0.001184500791
200283	0.00289884184
200284	0.001642898238
200285	0.0007614857776
200286	0.0005915902598
200287	0.002630089072
200288	0.001001816677
200289	0.002767228479
200290	5.313789288e-05
200291	4.101363851e-05
200292	0.0001180700611
200293	0.002278512735
200294	0.002606013213
200295	0.002785446056
200296	0.001491624575
200297	0.007037997347
200298	0.00120508331
200299	0.000793228382
200300	0.001738402701
200301	0.00399805924
200302	0.004933183853
200303	0.002356853152
200304	0.003830344354
200305	0.002628630554
200306	0.00121360489
200307	0.0008423307007
200308	6.848401952e-05
200309	0.00059075471
200310	0.00475414813
200311	0.0004462680888
200312	0.003974278315
200313	0.004350893585
200314	0.0008189246173
200315	0.001327496808
200316	0.001414775059
200317	0.001220137202
200318	0.004893068664
200319	0.0004485423607
200320	0.0003544497051
200321	8.956550928e-06
200322	0.0009119881619
200323	0.0002126676312
200324	0.0004526591446
200325	0.000596998361
200326	0.001485911702
200327	0.002801140829
200328	0.0005247049602
200329	0.006053621146
200330	0.005915138577
200331	0.003406152261
200332	6.386567533e-05
200333	0.006477825272
200334	0.001642765768
200335	0.002400985309
200336	0.003689733072
200337	0.001411749942
200338	0.001440981513
200339	0.002187740844
200340	0.002627653673
200341	0.001251847111
200342	0.003372921182
200343	0.002180412191
200344	0.0003987101877
200345	0.000768351144
200346	0.002194630364
200347	0.00115800478
200348	0.0008908464288
200349	0.0005453061761
200350	0.00176505688
200351	0.0004130474737
200352	0.0008345964389
200353	0.0009649604776
200354	0.003452694256
200355	0.001937012947
200356	0.0001453786811
200357	0.0001867736221
200358	0.00149077525
200359	0.001416718997
200360	0.001531072008
200361	0.001149849448
200362	0.0008967393153
200363	0.00331226287
200364	0.002623370393
200365	0.001184436181
200366	0.001065002401
200367	0.001115939866
200368	0.001258475211
200369	0.001097311027
200370	0.0005711312554
200371	0.003331605946
200372	0.001987603823
200373	0.0004676788064
200374	0.001712311619
200375	0.003377216387
200376	0.004949860186
200377	0.002316540295
200378	0.0005753060356
200379	0.002852700469
200380	0.0003513834173
200381	0.001982053122
200382	0.001610678643
200383	0.0024484308
200384	0.003211461349
200385	0.002102690652
200386	0.0004895058517
200387	0.0005388103693
200388	0.006591280001
200389	9.189169588e-05
200390	0.00132549489
200391	0.0005165030441
200392	0.004126012368
200393	8.581519605e-05
200394	0.001340959761
200395	0.0008142538972
200396	0.002598121513
200397	0.001000470155
200398	0.001873638683
200399	0.00597381272
200400	0.003112576354
200401	0.001421789937
200402	0.004515480087
200403	0.001103719226
200404	0.0003146187963
200405	0.001290867009
200406	0.001495268519
200407	0.002073220485
200408	0.003361148875
200409	0.0006625399295
200410	0.0001034032953
200411	0.0001184719278
200412	6.848396658e-05
200413	0.003113685511
200414	0.002385606428
200415	0.0008039885641
200416	6.876249372e-05
200417	0.001820760927
200418	0.003287984813
200419	0.0004805550019
200420	0.002714527582
200421	0.0003593641545
200422	0.001595005561
200423	0.003710615472
200424	0.0007163486796
200425	0.0009380802028
200426	0.001939374912
200427	0.003845785404
200428	0.00400770205
200429	0.003005177735
200430	0.001501436663
200431	0.0001514269216
200432	0.0006577998732
200433	0.001155242159
200434	0.001300546892
200435	0.0009426869382
200436	0.002850870748
200437	0.002702558609
200438	0.001928712813
200439	0.001697058218
200440	0.0006901933369
200441	0.0009750620688
200442	4.724803202e-05
200443	0.003319928064
200444	0.0008933233058
200445	0.0002491619915
200446	0.002775513328
200447	0.0003893298981
200448	0.002819738147
200449	0.001152923113
200450	0.0004846611356
200451	0.0005787009567
200452	0.001761018816
200453	0.001424879722
200454	0.00469267739
200455	0.001852147535
200456	0.0001192331923
200457	0.00319408065
200458	0.0004841150722
200459	0.001395086554
200460	0.001393964091
200461	0.001807393959
200462	0.00103543006
200463	0.0005330187188
200464	0.000779103975
200465	0.0003211809228
200466	0.004159961159
200467	0.002784955306
200468	0.002284359408
200469	0.0008635807654
200470	0.001099769922
200471	0.001393697122
200472	0.007219377109
200473	0.001138053235
200474	0.0009381668372
200475	0.0002901373395
200476	0.000477429932
200477	0.0005913875413
200478	0.001543974811
200479	0.002826329809
200480	0.002239890509
200481	0.001570809955
200482	0.0005483780243
200483	0.003711071917
200484	0.004673396695
200485	0.0008559147193
200486	0.003381615508
200487	0.001722824212
200488	0.0005417363542
200489	0.0009070987588
200490	0.002294201193
200491	0.005716084124
200492	0.002472516463
200493	0.000485292548
200494	0.003011973202
200495	0.001747067102
200496	0.0009891602614
200497	0.000984326483
200498	0.00257500482
200499	0.0006465808707
200500	0.002422700867
200501	0.000562469602
200502	0.0009841420734
200503	0.003196125544
200504	0.001348259527
200505	0.00257063183
200506	0.001855160137
200507	0.001300797272
200508	0.003307546869
200509	0.000266318076
200510	0.0001522354999
200511	0.001047232317
200512	0.002423360503
200513	0.00270059418
200514	0.001097571074
200515	0.002168305281
200516	2.70944023e-05
200517	0.004381454947
200518	0.00324364377
200519	0.0006435719673
200520	0.002209536563
200521	0.00389576619
200522	0.0050676306
200523	0.0006311643406
200524	0.000703601637
200525	0.0004041085543
200526	0.0007395447145
200527	0.003072388911
200528	0.001334120594
200529	0.004546961564
200530	0.0008369767724
200531	0.0007569634109
200532	0.004002995062
200533	0.0003108082053
200534	0.002010043156
200535	0.006128883866
200536	0.005905576881
200537	0.001649108083
200538	0.001324986841
200539	0.004718575075
200540	0.002791080695
200541	0.002204700774
200542	0.002200474046
200543	0.001815959095
200544	0.002279734395
200545	0.004015370229
200546	0.003829338124
200547	0.002296005146
200548	0.001165093441
200549	0.0005138125797
200550	0.00253613824
200551	0.003057282462
200552	0.004753946307
200553	0.002026080935
200554	0.002678951076
200555	0.001422010454
200556	0.004264639669
200557	0.0005926276306
200558	0.003130786288
200559	0.0001370400636
200560	0.0007940227074
200561	0.002307161185
200562	0.005042950776
200563	0.004622179889
200564	0.003910970906
200565	0.0008964012117
200566	0.0003848579367
200567	0.001978410903
200568	0.0003685713325
200569	0.005404204685
200570	0.001033779805
200571	0.0005864845242
200572	0.000387113942
200573	0.001018108957
200574	0.0002513456163
200575	0.0002220757489
200576	0.001408150574
200577	2.48529942e-05
200578	0.0008226910438
200579	0.001179039877
200580	0.0005227792437
200581	0.003203908311
200582	0.003959032288
200583	0.002605433465
200584	0.001061116786
200585	0.001645639111
200586	0.0007122484218
200587	0.0004501348361
200588	0.00268947088
200589	0.0005116240145
200590	0.0003978426836
200591	0.0003896556239
200592	0.002046814416
200593	0.001350834522
200594	0.00488889903
200595	0.0005997828702
200596	0.003085716094
200597	0.003438797515
200598	0.0001509573974
200599	0.001269209606
200600	0.0004848288505
200601	0.003496200109
200602	0.0009181581989
200603	0.0003935268478
200604	0.002111327126
200605	0.000368210588
200606	0.001220261915
200607	0.0001312616484
200608	0.00103934447
200609	0.005520380069
200610	0.002606712478
200611	0.001608795464
200612	0.003109512762
200613	0.001326846925
200614	0.0003665150894
200615	0.005539230588
200616	0.001434204654
200617	0.002385077929
200618	0.001160713873
200619	0.001114907429
200620	0.00235699983
200621	0.0002258573488
200622	0.002630229992
200623	0.005128139935
200624	0.0005843637657
200625	0.0001829969358
200626	1.193188023e-05
200627	0.0003717819099
200628	0.0003997188767
200629	0.002607964569
200630	0.001378537464
200631	0.002004898578
200632	0.004389993108
200633	0.0002783861
200634	0.003111288995
200635	6.730691088e-06
200636	0.0009794013396
200637	0.0008819399076
200638	0.0003473351265
200639	0.000776789102
200640	0.001079951871
200641	0.0003138759163
200642	0.001333281169
200643	0.001589369564
200644	0.0003693022868
200645	0.0002430708128
200646	0.0008490584338
200647	0.0006205195411
200648	0.00173321459
200649	0.0006729038806
200650	0.004123177168
200651	0.001904908358
200652	3.044531755e-06
200653	0.0005722660438
200654	0.000886434561
200655	0.000729998481
200656	0.0007638403292
200657	0.0005760985354
200658	0.001163462228
200659	0.001590887217
200660	0.0001467251657
200661	0.002170643219
200662	0.001331873857
200663	0.0003658514558
200664	0.002405340715
200665	0.002661099875
200666	0.001983629623
200667	0.002940721555
200668	0.001400778459
200669	0.002141855466
200670	0.001702664831
200671	0.0008398148855
200672	0.003607387376
200673	0.003377313468
200674	0.002974909723
200675	0.004911588333
200676	0.0001036546847
200677	0.002082232684
200678	0.002404659467
200679	0.003364826552
200680	0.002405958245
200681	0.003770849579
200682	0.002699525516
200683	0.002619266415
200684	0.003028543265
200685	0.003253908552
200686	0.00363073603
200687	0.002607526771
200688	0.0003634411267
200689	0.001998566152
200690	0.0007188451669
200691	0.002206201441
200692	0.000283013394
200693	0.002179171667
200694	0.003985630084
200695	0.004752900939
200696	0.007277473659
200697	0.003241375753
200698	0.002841457214
200699	0.00240754896
200700	0.001477885845
200701	0.00358133237
200702	0.0002547765786
200703	0.002235421232
200704	0.003221672614
200705	0.00114536724
200706	0.0006550437295
200707	0.0002247720466
200708	0.0004367054289
200709	0.0009740844732
200710	0.003662136055
200711	0.002563075773
200712	0.004866460435
200713	0.000481215251
200714	0.001552022917
200715	0.003274797712
200716	0.001253779405
200717	0.002430789253
200718	0.0001159674115
200719	0.002205588953
200720	0.0003808352686
200721	0.0004980003247
200722	0.002214358346
200723	8.752480377e-05
200724	0.003248662787
200725	0.001588948425
200726	0.0003407490996
200727	0.0002704870776
200728	0.0004486117304
200729	0.001324973856
200730	0.0007086731917
200731	0.001009793685
200732	0.0003731502861
200733	0.003713960252
200734	0.001041276549
200735	0.00012223571
200736	0.008023920049
200737	0.001263562149
200738	0.0002653578179
200739	0.0022556597
200740	0.00406632437
200741	0.001820926566
200742	0.004725278529
200743	0.001849633338
200744	0.00566676706
200745	0.0009531639295
200746	0.0006345368966
200747	0.006509465162
200748	0.002127139154
200749	0.002036592058
200750	0.000317245412
200751	0.001707307167
200752	0.0003397767092
200753	0.002278412775
200754	0.005492587988
200755	0.001875558346
200756	0.003764291036
200757	0.0008585986425
200758	0.005384050775
200759	0.002422942239
200760	0.00375747326
200761	0.001981274765
200762	0.001033287279
200763	0.003513525078
200764	0.001714768925
200765	0.005240086716
200766	0.0005790655828
200767	0.001316289786
200768	0.0003218228515
200769	0.003931265256
200770	0.002000091698
200771	0.001842732151
200772	0.002868496703
200773	0.0007077937461
200774	0.0008058531539
200775	0.002591577244
200776	0.002993813982
200777	0.002156217634
200778	0.00327673313
200779	0.001268934001
200780	0.002127465923
200781	0.0002501094606
200782	0.002104704883
200783	0.00437018937
200784	0.0002172278791
200785	0.002698954337
200786	0.002750844638
200787	0.002379298807
200788	0.0005124227935
200789	0.00167659302
200790	0.001009911345
200791	0.002590129255
200792	0.0002897784804
200793	0.0008056916381
200794	0.001634570653
200795	0.00065728179
200796	0.002879175498
200797	0.002852765747
200798	0.01122983113
200799	5.607497077e-05
200800	0.003816621266
200801	0.007465461214
200802	0.0008049089798
200803	0.001633444257
200804	0.001013935483
200805	0.006520251067
200806	0.0004437638659
200807	0.003192096433
200808	0.0008803859321
200809	0.001955766
200810	0.00268508718
200811	0.002289627912
200812	0.0002898949095
200813	0.003453135496
200814	0.0004065797118
200815	0.001692253589
200816	0.0007265507139
200817	0.0001840401349
200818	2.160450354e-05
200819	0.001240852843
200820	0.001383976574
200821	0.0008989173659
200822	0.002824601871
200823	0.001639139865
200824	0.000272699821
200825	0.002097523847
200826	0.0001042623621
200827	0.004818180361
200828	0.002226160047
200829	0.0009912690369
200830	0.001890324803
200831	0.00048822438
200832	0.004916576379
200833	0.005172417435
200834	0.005409286141
200835	0.002452880026
200836	0.002408959978
200837	0.00163679858
200838	0.001163980841
200839	0.00293743083
200840	0.004720149581
200841	0.004637509153
200842	0.0002338337196
200843	0.0012789067
200844	0.0009098684428
200845	0.002157067977
200846	0.001568841948
200847	0.0007295026288
200848	0.005810153709
200849	0.005728195362
200850	4.196569117e-05
200851	0.0008172073106
200852	0.0003916757837
200853	0.00556472589
200854	0.0004936481425
200855	0.003652506419
200856	0.001679162596
200857	0.002261071741
200858	0.0003391735904
200859	0.001713116159
200860	0.003232941095
200861	0.003919606861
200862	0.003476930796
200863	0.0002092086553
200864	0.0004732343822
200865	0.001088776814
200866	0.00044543225
200867	0.001921413649
200868	0.001379942812
200869	0.0008395938648
200870	0.0005011065197
200871	0.002065582953
200872	0.001911102659
200873	0.0002899553808
200874	0.001422150196
200875	0.004754067412
200876	0.003107099202
200877	0.002285958155
200878	0.003682545926
200879	0.001089337741
200880	0.00457684899
200881	0.001513776081
200882	0.003003150017
200883	0.003142961228
200884	0.0005365602056
200885	0.0008657886128
200886	0.001380451909
200887	0.0001211229359
200888	0.003138590512
200889	0.001279903811
200890	0.00185226036
200891	0.001218313014
200892	0.002014487321
200893	0.0001042344592
200894	0.002133152522
200895	0.0008634055046
200896	0.001821880151
200897	0.001365147668
200898	0.001794691962
200899	0.001108207881
200900	0.005178131264
200901	0.004254517926
200902	0.002310192431
200903	0.001149752452
200904	0.00235512486
200905	0.003704154211
200906	0.001068080437
200907	0.001444788729
200908	0.002438541514
200909	0.002014077758
200910	0.001179314259
200911	0.0004433749605
200912	0.001425640367
200913	0.004020425081
200914	0.002030128279
200915	0.004844570847
200916	0.001716712368
200917	0.001069193249
200918	0.001401655548
200919	0.0004350679906
200920	0.0003381586688
200921	0.0002652432411
200922	0.0008855939978
200923	0.0001986697714
200924	0.005283211803
200925	3.670866269e-05
200926	0.0001989684099
200927	0.007752958716
200928	0.0005157124685
200929	0.00537996912
200930	0.002558363516
200931	0.001144342393
200932	0.001804756992
200933	0.001087259449
200934	0.0004510530818
200935	0.0009845331795
200936	0.0002888362929
200937	0.00171753997
200938	0.001585474235
200939	0.000116291416
200940	0.004039056521
200941	0.001577807313
200942	0.002024066133
200943	0.002890216194
200944	0.001399418591
200945	0.0001514010945
200946	0.0009561090234
200947	0.001375483345
200948	0.003342589682
200949	0.001903220517
200950	0.004967518958
200951	0.00173960006
200952	0.002470095398
200953	0.0006721016879
200954	0.003239591429
200955	0.002414896945
200956	0.002416570606
200957	0.001656949606
200958	0.0003479135437
200959	0.001591018893
200960	0.0001869912414
200961	0.001291541817
200962	0.00178667566
200963	0.001567835953
200964	0.005711433022
200965	0.003943325597
200966	0.001770543557
200967	0.0001172928581
200968	0.001729484013
200969	0.002647464203
200970	0.001231288234
200971	0.002312526898
200972	0.001184038039
200973	0.0044179338
200974	0.0006550854639
200975	0.002795164582
200976	0.001751048486
200977	0.003232914473
200978	0.001275606033
200979	0.002568336228
200980	0.0001648882544
200981	0.0008462374977
200982	0.0009385942535
200983	0.003315937787
200984	0.0005411457793
200985	0.002483866706
200986	0.00178901708
200987	0.001348369333
200988	0.001032845653
200989	0.0008921651635
200990	0.002520079943
200991	0.001035035261
200992	0.0007914795801
200993	0.001228975832
200994	0.003557187897
200995	0.004930396241
200996	0.002487588633
200997	0.003437884855
200998	0.001677453403
200999	0.003696674913
201000	0.0003921128097
201001	0.0002873768095
201002	0.001668024476
201003	0.00126978935
201004	0.001106562938
201005	0.001369840117
201006	8.627830455e-06
201007	0.001696736969
201008	0.003491423035
201009	0.0009608588061
201010	0.0003615008291
201011	0.001977544416
201012	0.002816227288
201013	0.00271465037
201014	0.002046060323
201015	0.003931358672
201016	0.001378281424
201017	0.001640331214
201018	0.005696284924
201019	0.004918045893
201020	0.001245673151
201021	0.006353195959
201022	0.002538584467
201023	0.000518787235
201024	0.00142817733
201025	0.002507273017
201026	0.002597455858
201027	0.0006735857397
201028	0.002678357567
201029	0.0001508815901
201030	0.002719683003
201031	0.002013450761
201032	0.003614730017
201033	0.001027957771
201034	0.00210310567
201035	0.001653213003
201036	0.0003266066902
201037	0.007658030401
201038	0.002998311581
201039	0.001946914131
201040	0.001296075912
201041	0.003174642945
201042	0.000985626863
201043	0.0008702918613
201044	0.00347854677
201045	0.0004391473761
201046	0.003426462243
201047	0.002366611257
201048	0.0002275504013
201049	0.001020015039
201050	0.002244974195
201051	0.0001593270472
201052	0.001514977828
201053	0.0001595618255
201054	0.0007514575448
201055	0.00486358071
201056	0.002282692035
201057	0.0004599543748
201058	0.001725660027
201059	0.000101728188
201060	0.001511054651
201061	0.004908311914
201062	0.001498505794
201063	0.001023258282
201064	0.003631072806
201065	0.00312600513
201066	0.001496181445
201067	0.00092098844
201068	0.003965265947
201069	0.0001955424398
201070	0.004242860351
201071	0.002912128169
201072	0.0009071665986
201073	0.0004479238874
201074	0.004656171637
201075	0.0002222801966
201076	5.755950385e-06
201077	0.009240649656
201078	0.0004402636273
201079	0.001259106453
201080	0.0003593347822
201081	0.004479472362
201082	7.598166598e-05
201083	0.004387818651
201084	0.004467220353
201085	0.0003848189028
201086	0.005196887221
201087	0.0007221292408
201088	0.004258435748
201089	0.0003502549427
201090	0.002178935423
201091	0.006327649756
201092	0.004084217034
201093	0.0002773880221
201094	0.0009621058713
201095	0.002939860023
201096	0.004306782002
201097	0.002697716078
201098	0.002787892095
201099	0.001703999611
201100	0.003864668601
201101	0.0005448728578
201102	0.003161011739
201103	0.003806279509
201104	0.001484747624
201105	0.004081889143
201106	0.0002952867648
201107	0.001469374941
201108	0.00337983772
201109	0.003263291263
201110	0.0001897778433
201111	0.002977577315
201112	0.002051460279
201113	0.0001315019714
201114	0.005279635425
201115	0
201116	0.0005273738932
201117	0.002805374162
201118	0.001155846739
201119	0.002363720771
201120	0.006049998368
201121	0.004568550114
201122	0.003142914982
201123	0.003163303158
201124	0.000938963442
201125	0.005555457814
201126	7.799802753e-05
201127	0.004335333571
201128	0.0005395375213
201129	0.002134328805
201130	0.003787289316
201131	0.00352727563
201132	0.00417160526
201133	0.0001196427284
201134	0
201135	0.003813468735
201136	0.002350146252
201137	0.00341092972
201138	0.004466529608
201139	0.0041881113
201140	0.003682007424
201141	0.005793743586
201142	0.0007227362783
201143	0.004196102968
201144	0.003062108258
201145	0.003538307248
201146	0.005024970222
201147	0.004223106711
201148	0.003236608645
201149	0.0006639617901
201150	0.004358112517
201151	0.005250840911
201152	0.0008493568908
201153	0.0002499596187
201154	0.001745142001
201155	0.003338685204
201156	0.002026956199
201157	0.002364561115
201158	0.005831196997
201159	0.002915554833
201160	0.0005560083704
201161	0.004364845998
201162	6.713167633e-07
201163	0.00400377385
201164	0.003450234065
201165	0.001314715688
201166	0.0001640483148
201167	0.002749031378
201168	8.640265442e-05
201169	0.003162428718
201170	0.00333479946
201171	0.003795778716
201172	0.0002547134663
201173	0.004331168942
201174	0.003428392392
201175	0.003815797579
201176	0.003974623909
201177	0.001045134185
201178	0.005148416776
201179	0.0003674296244
201180	0.0008678928725
201181	0.003640072374
201182	0.001330608973
201183	0.0002550291955
201184	0.003689740989
201185	0.003323585176
201186	0.003655062814
201187	0.002500511979
201188	0.0005420396301
201189	0.0001144301621
201190	0.002648962233
201191	0.001344056687
201192	0.0009487782153
201193	0.0004248077067
201194	0.0008647141327
201195	0.001247613162
201196	0.001143949304
201197	0.001441457206
201198	0.0003130032815
201199	0.002397934203
201200	0.001269272733
201201	0.0008942617329
201202	0.001451007233
201203	3.386297372e-06
201204	0.000271369144
201205	0.0007555722141
201206	0.002060116836
201207	0.0005725539731
201208	8.663539657e-05
201209	0.0004984218439
201210	0.003350331282
201211	0.0009098556339
201212	0.00108855561
201213	0.0005588887651
201214	0.005390508539
201215	0.001056474504
201216	0.0007552992376
201217	0.0004354320572
201218	0.001982377551
201219	4.646161437e-05
201220	0.0003012993897
201221	2.416475892e-05
201222	0.004294614262
201223	0.0005656758515
201224	0.000129595632
201225	0.0001916766148
201226	0.002014134553
201227	0.00322093138
201228	0.002212917558
201229	0.001076349789
201230	0.0003470363162
201231	0.001101563437
201232	0.002115605641
201233	0.0008372228373
201234	0.001657235415
201235	0.00031972101
201236	0.003272057691
201237	0.001021694262
201238	0.0006207776921
201239	0.0005460648853
201240	0.0001448250692
201241	0.0009596110292
201242	0.001662109358
201243	0.0002948904918
201244	0.0005841335201
201245	0.0004783497051
201246	0.001501763346
201247	0.003211038077
201248	0.0009810765074
201249	0.0006629315087
201250	0.001018101812
201251	0.0006475729672
201252	0.0002202099035
201253	0.000205087035
201254	6.086228749e-05
201255	0.001454823623
201256	0.001239424601
201257	0.0005419934737
201258	0.001462370157
201259	0.0006645449186
201260	0.0009171118214
201261	0.0003698396197
201262	0.0006053499937
201263	7.467330432e-05
201264	3.320024107e-06
201265	0.0001949168806
201266	0.0001383445573
201267	0.0002961862661
201268	0.0003208277436
201269	0.0001851020897
201270	0.0001249833599
201271	0.000193372995
201272	0.0001286133552
201273	3.730106101e-07
201274	0.0003083449167
201275	1.197318008e-07
201276	0.0001860693586
201277	0.0002145669466
201278	0.0006164237252
201279	0.0003135740426
201280	0.000187207834
201281	0.0001874188484
201282	0.0006269819233
201283	0.0002806789863
201284	9.070721297e-05
201285	0.0004150410722
201286	0.0003128702374
201287	0.0004812915769
201288	0.0001862757684
201289	0.0001869863791
201290	0.0008265872027
201291	0.0004923231877
201292	0.0005966145344
201293	0.00171562173
201294	0.002028884596
201295	0.0002788237189
201296	0.000494481304
201297	0.0001446461603
201298	0.001689922517
201299	0.0007735744058
201300	0.0004724704906
201301	0.0004139084231
201302	0.003554236589
201303	2.186873179e-05
201304	0.003349735361
201305	0.0006719736207
201306	0.005530847962
201307	0.00271495516
201308	0.0003624085577
201309	0.0009758872779
201310	0.0002605163416
201311	0.003364615787
201312	0.003204866646
201313	0.0005792381551
201314	0.001175694206
201315	0.001439078932
201316	0.0001398907897
201317	0.002585636207
201318	0.0005637019309
201319	0.0003353808808
201320	0.001410371055
201321	0.001525923957
201322	0.0003640391883
201323	0.001794950634
201324	0.0002301303421
201325	0.0003224256165
201326	3.679704132e-05
201327	0.0007443809844
201328	0.002016983624
201329	0.002334866794
201330	0.0003672072517
201331	0.001944412817
201332	0.001030428802
201333	0.001190338287
201334	0.0008841454695
201335	0.001295622386
201336	0.001069451581
201337	0.00135128791
201338	0.0003167135413
201339	0.000309491971
201340	0.0002980707209
201341	0.001755737468
201342	0.0004994169741
201343	0.001729632589
201344	0.001295008722
201345	0.001947237293
201346	0.0002951718643
201347	0.0007949802466
201348	0.000725616675
201349	0.001530288578
201350	0.001064339849
201351	0.0009069607534
201352	0.002070943635
201353	0.0009084932982
201354	0.0009228063146
201355	0.0006244616076
201356	0.0006293329771
201357	0.000421570803
201358	0.0009025871399
201359	0.0006771128684
201360	0.001053340578
201361	0.0001798824261
201362	0.0002937804881
201363	0.0003884741419
201364	0.0008178368465
201365	0.0003027965001
201366	0.0005589361901
201367	0.0006802957641
201368	6.411255901e-05
201369	3.590809059e-05
201370	0.0004400753089
201371	0.001459313461
201372	0.0007945357334
201373	0.002276103934
201374	0.0005571940944
201375	0.0004735101826
201376	0.0004670192645
201377	1.767723571e-06
201378	0.001033750487
201379	0.000640817004
201380	2.203972691e-05
201381	7.644414972e-08
201382	0.0009126816548
201383	0.0007802185795
201384	0.0003564146437
201385	0.0006214472721
201386	0.0002121176544
201387	0.0001618756218
201388	0.0002239087361
201389	0.0008453774025
201390	0.001143476704
201391	0.0004048970705
201392	0.0005503035665
201393	2.29307465e-05
201394	0.0001020036869
201395	8.753922312e-06
201396	0.0007479042457
201397	0.00190679831
201398	0.002645848864
201399	0.000860884927
201400	0.0009326687896
201401	0.00127309521
201402	0.001373230753
201403	0.000101621757
201404	0.001059100653
201405	0.001246089978
201406	0.000944803105
201407	0.001894207294
201408	0.001164957409
201409	0.003468069693
201410	0.001989723541
201411	0.001323709512
201412	0.0006314245679
201413	0.001011274823
201414	0.001928015718
201415	0.0004101212743
201416	0.0002766234618
201417	0.0001855292799
201418	0.003298974426
201419	0.0008317374793
201420	0.0001469112924
201421	0.0007497974878
201422	0.0007015241498
201423	0.0004717532143
201424	0.001535629866
201425	0.0005375930165
201426	0.0001444451569
201427	0.002814468852
201428	0.001163320992
201429	0.002867546942
201430	0.001646062763
201431	0.001510316207
201432	0.001270064934
201433	0.0003566820955
201434	0.0003012063297
201435	0.0004471004034
201436	0.0002257753116
201437	0.0003790730576
201438	0.001573852773
201439	0.001257663765
201440	0.001769985369
201441	9.070555292e-05
201442	0.001744933349
201443	0.0006049890422
201444	0.0005473048445
201445	0.001020301118
201446	0.0005269757711
201447	4.585748038e-05
201448	0.0009989312124
201449	0.0006078974447
201450	0.0005633173288
201451	0.001174780043
201452	0.001731438761
201453	0.001581973035
201454	0.0002149568213
201455	0.00225309109
201456	0.0008241512509
201457	0.0006029377961
201458	0.000692031643
201459	0.002140441876
201460	0.0006866965241
201461	0.001507088867
201462	0.0005928377103
201463	0.003858626511
201464	0.0002383366067
201465	0.003990319421
201466	0.003668669278
201467	0.0008958729771
201468	0.00159794545
201469	0.0009758840218
201470	0
201471	0.0003233632891
201472	0.0004683549013
201473	0.0007953031574
201474	0.001095322005
201475	0.00247668573
201476	0.002006773328
201477	0.0004858605933
201478	0.0001147470234
201479	0.0006804005906
201480	0.000335343105
201481	0.0007723157001
201482	0.0002356101914
201483	0.004318549126
201484	0.005448425378
201485	0.0002358084938
201486	0.001495741508
201487	0.0007404030688
201488	0.0001262590968
201489	0.0009549756489
201490	0.001064584808
201491	0.002007045693
201492	0.001787662369
201493	0.004588509832
201494	0.002364391179
201495	0.002719055529
201496	0.001170224526
201497	0.002095699778
201498	0.002722825069
201499	0.0008099021953
201500	0.004180474986
201501	0.0003016193303
201502	0.0002681038886
201503	0.004240242238
201504	0.002230699035
201505	0.0004927357358
201506	0.002224527776
201507	0.002707821672
201508	0.001711561724
201509	0.003599378343
201510	0.0008078270276
201511	0.001556098741
201512	0.005871961164
201513	0.0008642272425
201514	0.003298037211
201515	0.001361079048
201516	0.002580141461
201517	0.007950852758
201518	2.71838865e-05
201519	0.0006864858617
201520	0.001472680043
201521	0.001206232204
201522	0.001102992606
201523	0.003380905939
201524	0.00305362633
201525	0.001736081398
201526	0.00262571634
201527	0.001814103526
201528	0.0024066652
201529	0.0009003535761
201530	6.881274781e-05
201531	4.822096939e-05
201532	0.001007007534
201533	5.560053301e-05
201534	0.0001380821634
201535	0.0009029855542
201536	3.325883351e-07
201537	1.749926319e-07
201538	5.572133805e-07
201539	3.950126077e-07
201540	3.448685197e-07
201541	5.326530112e-07
201542	0.001554282569
201543	0.0007041392963
201544	0.002013803468
201545	0.002099701963
201546	6.272906327e-05
201547	0.001589669202
201548	0.0005401553362
201549	0.0005577178022
201550	5.132093854e-07
201551	0.001065178022
201552	0.001005307619
201553	0.000601800824
201554	0.001597574297
201555	0.0006202755361
201556	0.001355494462
201557	0.001461660294
201558	0.0009682135277
201559	0.001188374704
201560	1.473622164e-07
201561	0.0007425160017
201562	0.001215512863
201563	0.0003315386761
201564	0.0009124829646
201565	0.001502100394
201566	0.0009952928566
201567	0.0004088820207
201568	0.001028957771
201569	0.0008213538153
201570	0.00189931525
201571	0.0005808128328
201572	0.00116091226
201573	0.00262038715
201574	0.005070649571
201575	0.00383384254
201576	0.001085661196
201577	0.0006373489647
201578	0.004516237545
201579	0.001702206853
201580	0.005374264938
201581	0.00333951223
201582	0.004283118254
201583	0.003651199239
201584	0.001385289931
201585	0.0006246672608
201586	0.0008582073714
201587	0.0002960978064
201588	0.001420082237
201589	0.009147452583
201590	0.003596475855
201591	0.005388513795
201592	0.0003509165183
201593	0.00107799287
201594	0.002088196066
201595	0.004097334421
201596	0.00399633081
201597	0.0006030215541
201598	0.001352661512
201599	0.001005021715
201600	0.002073051979
201601	0.002265368865
201602	0.003666264512
201603	0.0002883374461
201604	0.008390409088
201605	0.008141287309
201606	0.003300076415
201607	0.006844042424
201608	0.001591940062
201609	8.084205095e-05
201610	0.002454895217
201611	0.00135444552
201612	0.0009403124467
201613	0.002316786164
201614	0.0005216218926
201615	0.0007410473757
201616	0.00299623015
201617	0.00104763958
201618	0.0001292003866
201619	0.0009730723129
201620	0.00035992374
201621	0.0002107437553
201622	0.001900026124
201623	0.0005323089136
201624	0.005629299824
201625	0.0007207077693
201626	0.001175343509
201627	0.0007328413021
201628	0.0008104917554
201629	0.002787726324
201630	0.0006754435453
201631	0.001531256085
201632	0.001604219551
201633	0.0002836485688
201634	0.001811043611
201635	0.0001691442138
201636	0.0002146823113
201637	0.001720696106
201638	0.001091759471
201639	0.0003109766548
201640	0.0001298019881
201641	0.0008320570792
201642	0.0009678133366
201643	0.0004802431627
201644	0.0002822332935
201645	0.0001589014845
201646	0.002633481386
201647	0.0002418798542
201648	0.002711858264
201649	0.002000434657
201650	0.001451195596
201651	0.002259672535
201652	0.001054531141
201653	0.0008378871236
201654	0.001385192006
201655	0.0002515385345
201656	0.001299019263
201657	0.004511835948
201658	0.003069903269
201659	9.689857619e-05
201660	0.00130162866
201661	0.0002411697515
201662	0.0006408416958
201663	0.001858491329
201664	0.0009398951445
201665	0.002133289168
201666	0.0003613499242
201667	0.003598216141
201668	0.001136098377
201669	0.0006217006527
201670	0.001152809865
201671	0.002123382004
201672	0.0005472413482
201673	8.116138842e-05
201674	7.098303083e-05
201675	0.0004537452275
201676	0.0004631092186
201677	0.001752018299
201678	0.007177552357
201679	0.003137587215
201680	0.0001736081451
201681	0.0007451738707
201682	0.004935469799
201683	0.000747503595
201684	0.003437715818
201685	0.004291295082
201686	0.002466708149
201687	0.001474025006
201688	0.003212814855
201689	0.006028726038
201690	0.0008531486918
201691	0.003872630146
201692	0.002898272255
201693	0.0008260994926
201694	0.0009718573831
201695	0.001976826323
201696	0.001111149473
201697	0.0009207579946
201698	0.0002346936896
201699	0.0008390803269
201700	0.0002060079687
201701	0.002048241671
201702	0.0006009429253
201703	0.0001740207584
201704	0.002419349828
201705	0.002685397199
201706	0.003653013398
201707	0.001043708286
201708	0.00162135828
201709	0.0003838354046
201710	0.0004629892822
201711	0.0007882361879
201712	0.001717180874
201713	0.0001992998756
201714	0.0001789188783
201715	0.002179725525
201716	0.0002110304634
201717	0.001587617588
201718	0.002978897056
201719	1.529475735e-05
201720	0.0002470110025
201721	0.0023339737
201722	0.0004549210792
201723	0.0006401905984
201724	0.0005914838379
201725	0.001271580223
201726	0.0004454033931
201727	0.004026626089
201728	0.001319221301
201729	0.002450623501
201730	0.002914219751
201731	0.002165702519
201732	0.0001426531404
201733	0.00113889283
201734	0.0004894423479
201735	0.0001910796594
201736	0.004038671214
201737	0.0002544216609
201738	0.003261258391
201739	0.002837233385
201740	0.001273928647
201741	0.001613966699
201742	0.005534298654
201743	0.007510141466
201744	0.002912839007
201745	0.000163851124
201746	0.0004132075815
201747	0.001314342733
201748	0.0001233265482
201749	0.0006485319174
201750	3.5677595e-06
201751	0.0003953480739
201752	0.002711419013
201753	0.004203506917
201754	0.002047259627
201755	0.002816682181
201756	0.004176081223
201757	0.002301268826
201758	0.0005531709876
201759	0.001520041662
201760	0.0002670174639
201761	0.0009972735891
201762	0.003015980019
201763	0.001630886838
201764	0.001325721455
201765	0.0004041648287
201766	0.000900107349
201767	0.001756459046
201768	0.001981568601
201769	0.002108873005
201770	0.0001609119538
201771	0.0008630663347
201772	8.688350466e-05
201773	0.001734513624
201774	0.0008662251651
201775	0.001732472856
201776	0.001275910437
201777	0.000990572157
201778	0.0005627141826
201779	0.0009124646959
201780	0.0001557772546
201781	0.002916495714
201782	0.005743418454
201783	0.003382938956
201784	0.001389816769
201785	0.00169511954
201786	0.002410934213
201787	0.003082875805
201788	0.0005175033857
201789	0.00248306164
201790	0.005724637326
201791	0.0005285144229
201792	0.002078808252
201793	0.001226795861
201794	0.0002552166716
201795	0.001437554956
201796	0.003660839276
201797	2.417073491e-05
201798	0.001894963575
201799	0.000784149286
201800	0.007198194191
201801	0.001652951837
201802	0.003033722503
201803	0.0001172161687
201804	0.001229259316
201805	0.0009478565906
201806	0.005189231367
201807	0.0024693148
201808	0.003427868153
201809	0.001127961173
201810	0.002738249077
201811	0.003367754982
201812	0.002571181151
201813	0.002553783347
201814	0.001805276507
201815	0.002424954157
201816	0.003110103916
201817	0.003982664205
201818	0.003020883379
201819	0.002192138941
201820	0.004210325102
201821	0.003166842011
201822	0.003342970269
201823	0.002992304153
201824	0.003387923288
201825	0.003188582177
201826	0.003220858898
201827	0.0008433276785
201828	0.00329914555
201829	0.002375231962
201830	0.002465626539
201831	0.003043091802
201832	0.002808438918
201833	0.00379609872
201834	0.005461218157
201835	0.003559884345
201836	0.000814397901
201837	0.003352721805
201838	0.00301845295
201839	0.002596742879
201840	0.00320446165
201841	0.003079929043
201842	0.003197428355
201843	0.002934995055
201844	0.002661448947
201845	0.003395206302
201846	0.003377549565
201847	0.002899395363
201848	0.003011116188
201849	0.003108429156
201850	0.003411580169
201851	0.003731911113
201852	0.002738225415
201853	0.003360947116
201854	0.002381098475
201855	0.00292529851
201856	0.002772451135
201857	0.002329554042
201858	0.004182966291
201859	0.003623586021
201860	0.003338938399
201861	0.002687829121
201862	0.001377652994
201863	0.004728872975
201864	0.00502128829
201865	0.00396784569
201866	0.002963057394
201867	0.002525932036
201868	0.003341259146
201869	0.003533642029
201870	0.003757801962
201871	0.002155906991
201872	0.002285205756
201873	0.002894119363
201874	0.003953784164
201875	0.00252161061
201876	0.003541307205
201877	0.002499926557
201878	0.002696398015
201879	0.003256194816
201880	0.004262513061
201881	0.003826001541
201882	0.003647902845
201883	0.002844845951
201884	0.002690801974
201885	0.003012768748
201886	0.002924843896
201887	0.003326647147
201888	0.002659441668
201889	0.003383284637
201890	0.00322149603
201891	0.003925953529
201892	0.002891438935
201893	0.00299737791
201894	0.002364730595
201895	0.006246785919
201896	0.005043721665
201897	0.003664377412
201898	0.005552026137
201899	0.003925192781
201900	0.005373706677
201901	0.002757583255
201902	0.003036285206
201903	0.001771670661
201904	0.003694987096
201905	0.005341299785
201906	0.001401455303
201907	0.003763937799
201908	0.003307231914
201909	0.004272462586
201910	0.003462915389
201911	0.003485400691
201912	0.00324824636
201913	0.001017045581
201914	0.003613737831
201915	0.002616128712
201916	0.002927284345
201917	0.002070206446
201918	0.003161097148
201919	0.001381585638
201920	0.004127142768
201921	0.002338044394
201922	0.002233858316
201923	0.003564913118
201924	0.0009256414721
201925	0.0004397346636
201926	0.00323513016
201927	0.002462761192
201928	0.003956478759
201929	0.003448261538
201930	0.002945138429
201931	0.001068975753
201932	0.003216829479
201933	0.0009584949999
201934	0.002915764308
201935	0.003448965797
201936	0.002988105746
201937	0.002868958061
201938	0.002217987694
201939	0.002808717671
201940	0.0004505163862
201941	0.003439666047
201942	0.003174505564
201943	0.003374763519
201944	0.002988469817
201945	0.001083669325
201946	0.002216930701
201947	0.003292837777
201948	0.005799588131
201949	0.0006116496642
201950	0.003395835437
201951	0.001862355159
201952	0.002815161924
201953	0.0007862414931
201954	0.004228814775
201955	0.003929235859
201956	0.002618692585
201957	0.003295013307
201958	0.002784326982
201959	0.002561777379
201960	0.001996255214
201961	0.004838144885
201962	0.002993426483
201963	0.003638542081
201964	0.001746594419
201965	0.002594744313
201966	0.002163271921
201967	0.001398865772
201968	0.002907840515
201969	0.002867038181
201970	0.0001781173072
201971	0.001198747452
201972	0.003497339732
201973	0.004164273698
201974	0.004009171558
201975	0.003987821089
201976	0.002462424119
201977	0.003638108491
201978	0.004289784046
201979	0.002409887711
201980	0.003497368805
201981	0.002578875599
201982	0.002832917641
201983	0.002990339351
201984	0.002379638371
201985	0.003579978169
201986	0.0009408153136
201987	0.001552668662
201988	0.003283549374
201989	0.003440874311
201990	0.003623165203
201991	0.003327500622
201992	0.0009013657631
201993	0.002706410238
201994	0.004325748085
201995	0.0005375877185
201996	0.001656853204
201997	0.002536884978
201998	0.004100088562
201999	0.002887935989
202000	0.00333006016
202001	0.003639530799
202002	0.002361698976
202003	0.003088083079
202004	0.00338113742
202005	0.003088243923
202006	0.004001514702
202007	0.003751670236
202008	0.001310104295
202009	0.001785126894
202010	0.005389213669
202011	0.006581464614
202012	0.002125122031
202013	0.002925796017
202014	0.003849681206
202015	0.003581701732
202016	0.004019061794
202017	0.00322342183
202018	0.00151430427
202019	0.003691582141
202020	0.00268701024
202021	0.003233666985
202022	0.003190354365
202023	0.002767638
202024	0.005003550082
202025	0.003500370044
202026	0.003204485653
202027	0.003171696888
202028	0.0003398399442
202029	0.003289425126
202030	0.002790864955
202031	0.002812056166
202032	0.00249016527
202033	0.003672900459
202034	0.002788255569
202035	0.00456719584
202036	0.002654813001
202037	0.003872943565
202038	0.003143554182
202039	0.00298714513
202040	0.003309949594
202041	0.003654870614
202042	0.003687701442
202043	0.003313826328
202044	0.003449459757
202045	0.003163765673
202046	0.002912992254
202047	0.003276928932
202048	0.006378998
202049	0.004668062318
202050	0.002585807404
202051	0.003328446313
202052	0.00294668182
202053	0.002311362662
202054	0.00308181702
202055	0.001450152228
202056	0.003474971127
202057	0.003062490755
202058	0.003306599958
202059	0.003136745374
202060	0.0004100117154
202061	0.003499489856
202062	0.003240629811
202063	0.002582550146
202064	0.003482793787
202065	0.003472515234
202066	0.003306489894
202067	0.003214455373
202068	0.002404529731
202069	0.002943442374
202070	0.003233548954
202071	0.002624293592
202072	0.00290010672
202073	0.003124158622
202074	0.001481740773
202075	0.003207058602
202076	0.003014827952
202077	0.002456818918
202078	0.002822192628
202079	0.003362445634
202080	0.00235349253
202081	0.001981717092
202082	0.002497071102
202083	0.002849112684
202084	0.003433902271
202085	0.003148214393
202086	0.002080221969
202087	0.003136640778
202088	0.005829782046
202089	0.003345039212
202090	0.002901482999
202091	0.003553310191
202092	0.004073492146
202093	0.003630193152
202094	0.001438679256
202095	0.002823360261
202096	0.003334419353
202097	0.003424597102
202098	0.003333032023
202099	0.003485918766
202100	0.002567007533
202101	0.003372518667
202102	0.003295765763
202103	0.002386019711
202104	0.003509462713
202105	0.003465784145
202106	0.0007800782081
202107	0.0009454526165
202108	0.003736708836
202109	0.003627394041
202110	0.002514701846
202111	0.003020479632
202112	0.0002578737884
202113	0.00211766879
202114	0.002783596694
202115	0.001181207672
202116	0.002583067207
202117	0.002764897465
202118	0.00357787233
202119	0.003251678851
202120	0.002588298116
202121	0.003095704993
202122	0.002403314036
202123	0.00395456757
202124	0.002789290467
202125	0.002326749199
202126	0.002356534358
202127	0.002843999558
202128	0.000688054246
202129	0.003492030233
202130	0.00240909762
202131	0.002982977553
202132	0.00229224379
202133	0.004162457723
202134	0.002614947993
202135	0.00329587457
202136	0.001810670331
202137	0.0002516843014
202138	0.003260074153
202139	0.003340597992
202140	0.003061229573
202141	0.003038303255
202142	0.002874801383
202143	0.003518090839
202144	0.002853913949
202145	0.005303716973
202146	0.0009078133881
202147	0.002475173396
202148	0.001862103885
202149	0.003371774782
202150	0.004092273571
202151	0.003144949557
202152	0.002900653992
202153	0.002934711615
202154	0.002610688431
202155	0.00177131102
202156	0.003590797181
202157	0.002824037251
202158	0.003040508213
202159	0.002458509627
202160	0.00295652437
202161	0.0033655485
202162	0.002111533659
202163	0.00242446513
202164	0.00347390703
202165	0.002649692876
202166	0.003362605963
202167	0.002811510637
202168	0.002894404854
202169	0.00267708029
202170	0.003274467772
202171	0.002538873699
202172	0.003073348677
202173	0.004044437336
202174	0.003474165767
202175	0.001154457932
202176	0.002431433177
202177	0.003581229228
202178	0.002879871651
202179	0.003550110978
202180	0.001932331687
202181	0.003074700803
202182	0.003201916759
202183	0.00259104117
202184	0.003078441364
202185	0.000239743146
202186	0.003352292955
202187	0.002805466563
202188	0.005113218781
202189	0.004073181714
202190	0.003069192021
202191	0.003411939853
202192	0.003858978376
202193	0.002062273295
202194	0.003115461902
202195	0.003283004597
202196	0.002070332356
202197	0.003416366909
202198	0.003604288422
202199	0.002588674884
202200	0.002377733982
202201	0.003263377289
202202	0.003938145502
202203	0.002821078275
202204	0.003998993415
202205	0.003564475331
202206	0.002745259532
202207	0.003325305053
202208	0.002420826378
202209	0.003023523796
202210	0.003026230305
202211	0.003505772019
202212	0.003064779771
202213	0.003505480047
202214	0.003915430429
202215	0.003049348035
202216	0.005491552063
202217	0.005240417776
202218	0.003413235658
202219	0.002809136844
202220	0.004392170658
202221	0.002756481715
202222	0.00248521575
202223	0.002159516126
202224	0.001963513461
202225	0.003181648661
202226	0.003182231204
202227	0.0006837728901
202228	0.003263998654
202229	0.00286750416
202230	0.002937415958
202231	0.003473778245
202232	0.002516650255
202233	0.002414810081
202234	0.002721496932
202235	0.00269042139
202236	0.003524268009
202237	0.002078596001
202238	0.002657492244
202239	0.003246710042
202240	0.002806839087
202241	0.002632535613
202242	0.003317076147
202243	0.002332036989
202244	0.002746182736
202245	0.003520704256
202246	0.00276732591
202247	0.003812268365
202248	0.002178566434
202249	0.002775281711
202250	0.002636911063
202251	0.002859178484
202252	0.002507400968
202253	0.003207101586
202254	0.002493065188
202255	0.003290917068
202256	0.003311558368
202257	0.003134160778
202258	0.003175092463
202259	0.002188660638
202260	0.00284415786
202261	0.001458672593
202262	0.003031379711
202263	0.002916817522
202264	0.001333020018
202265	0.003628258777
202266	0.0005949068577
202267	0.002888180584
202268	0.003786294619
202269	0.003870198087
202270	0.003248270036
202271	0.001909516926
202272	0.005832874174
202273	0.002406705723
202274	0.002902659291
202275	0.003544816254
202276	0.004063608108
202277	0.002769767843
202278	0.003463403909
202279	0.003938901553
202280	0.002170059251
202281	0.003520813483
202282	0.003643687574
202283	0.002589839485
202284	0.003216482332
202285	0.003635509803
202286	0.004209053609
202287	0.002939924406
202288	0.002282710735
202289	0.005006455201
202290	0.004836449508
202291	0.002862031461
202292	0.001670115061
202293	0.003454592563
202294	0.001664405028
202295	0.002511156137
202296	0.002816059181
202297	0.002593951748
202298	0.001694783769
202299	0.002848279213
202300	0.002436283924
202301	0.003031587446
202302	0.003569742406
202303	0.00329212702
202304	0.003165952329
202305	0.001380085468
202306	0.003002087205
202307	0.002857777166
202308	0.003736079619
202309	0.002299599043
202310	0.0005886031839
202311	0.003373794775
202312	0.003171571363
202313	0.002615326615
202314	0.003242808425
202315	0.003547577636
202316	0.003553176489
202317	0.002952453584
202318	0.002810452303
202319	0.003238381889
202320	0.002710528631
202321	0.003086955771
202322	0.00242737864
202323	0.003228999917
202324	0.002676289426
202325	0.003104445248
202326	0.003629448801
202327	0.002858135074
202328	0.001959211343
202329	0.004191687983
202330	0.003026606252
202331	0.002555845421
202332	0.003673906689
202333	0.00406872895
202334	0.0009449126917
202335	0.001795681182
202336	0.001788900259
202337	0.004186811547
202338	0.003422022336
202339	0.003419580729
202340	0.004232712746
202341	0.003444002136
202342	0.003838915693
202343	0.003685510186
202344	0.003960228364
202345	0.001720090525
202346	0.001502843206
202347	0.002862235177
202348	0.002804944546
202349	0.004379655805
202350	0.001709757864
202351	0.002736527194
202352	0.003441870386
202353	0.002843902577
202354	0.003016964459
202355	0.003551909576
202356	0.003889990185
202357	0.002461305593
202358	0.002828744547
202359	0.003102837476
202360	0.00267362385
202361	0.003236751172
202362	0.004293788586
202363	0.002289867706
202364	0.002052330328
202365	0.002863824113
202366	0.00220935458
202367	0.002856002399
202368	0.002545663284
202369	0.004312448151
202370	0.002041250912
202371	0.004131426223
202372	0.001876874089
202373	0.00299819041
202374	0.002092529386
202375	0.002248313801
202376	0.001346608556
202377	0.006942547637
202378	0.006759281506
202379	0.002589512331
202380	4.438264042e-05
202381	0.001813715197
202382	0.004622355828
202383	0.004445428596
202384	0.003538557939
202385	0.00381334693
202386	0.003242777157
202387	0.002679284248
202388	0.0001010299955
202389	0.002515444776
202390	0.0006175121171
202391	0.006698611554
202392	0.003832533028
202393	8.225381677e-05
202394	0.002567898016
202395	0.001132383962
202396	0.001654486749
202397	0.002604776878
202398	0.003916635242
202399	0.001961604407
202400	0.00336288355
202401	0.003030960101
202402	0.0007310795238
202403	0.003297212903
202404	0.001319053866
202405	0.001434457827
202406	0.000871543116
202407	0.002147547939
202408	0.001722553457
202409	0.00246233071
202410	0.001549982769
202411	0.0006437427333
202412	1.473622163e-07
202413	0.0007779757058
202414	0.0006436946362
202415	0.0007778621138
202416	0.0002434948556
202417	0.0005259050274
202418	0.0006438460917
202419	0.001039579872
202420	0.0009348470214
202421	0.002355551008
202422	0.0007994398849
202423	0.0003579461587
202424	0.002147451811
202425	0.002434157722
202426	0.002974211991
202427	0.0002822462456
202428	0.001872284176
202429	0.001456513724
202430	0.002299405481
202431	0.0003672034528
202432	0.0009988835738
202433	0.0013775195
202434	0.003922752564
202435	0.001458709823
202436	0.001293101828
202437	0.002066881716
202438	0.001222086618
202439	0.00274485046
202440	0.003596815542
202441	0.001662188294
202442	0.001079332256
202443	0.0006224750598
202444	0.001049838042
202445	0.001061869071
202446	0.001405347448
202447	0.0002894933777
202448	0.001552189446
202449	0.0002905110699
202450	0.0001846833293
202451	0.0003015304648
202452	1.453155189e-07
202453	0.0003909493736
202454	0.0002611136895
202455	0.002702534198
202456	0.0001800248231
202457	0.0003457441276
202458	0.00105419571
202459	0.001822920566
202460	0.005751456343
202461	0.001362763084
202462	0.0007505922249
202463	0.001673629745
202464	0.001469226399
202465	0.0007910877517
202466	0.0005435557446
202467	0.0004994660156
202468	0.0008498862542
202469	0.002073884304
202470	0.005022405561
202471	0.00131321115
202472	0.0008945573514
202473	0.002480485793
202474	0.0003036222713
202475	0.002753840266
202476	0.003801430948
202477	0.0006896013942
202478	0.002099610207
202479	0.001692469683
202480	3.439605533e-05
202481	0.0006392979646
202482	0.001394999134
202483	0.001093432959
202484	0.002875642915
202485	0.0002223622476
202486	0.004361740962
202487	5.467795443e-06
202488	0.0002928119032
202489	1.855806394e-05
202490	0.0003483972206
202491	0.0003589748372
202492	0.0001029064948
202493	0.0003099017701
202494	0.001086994948
202495	0.0001950213499
202496	0.006234479529
202497	0.001503600916
202498	0.001194915821
202499	0.00388237431
202500	0.004248737783
202501	0.001917229279
202502	0.000908974028
202503	0.002838043523
202504	0.001725662316
202505	0.001157450667
202506	0.003325411667
202507	0.0005027859264
202508	3.991060026e-08
202509	0.0003405467689
202510	0.0001773097574
202511	0.00452031701
202512	0.0006954273637
202513	0.005048736235
202514	0.0004911628859
202515	0.004259108336
202516	0.001042812084
202517	0.002980954594
202518	0.0005162922845
202519	0.0005442011174
202520	0.0002862872496
202521	0.0005558177954
202522	0.0001734832388
202523	0.0007001654738
202524	0.0005653425972
202525	0.0005414252983
202526	2.256399992e-05
202527	1.872728166e-07
202528	2.34791877e-05
202529	0.004210315285
202530	0.002783855349
202531	0.00390050364
202532	0.0008066369774
202533	0.002178904915
202534	7.363536359e-05
202535	0.002855325067
202536	0.002518919957
202537	0.002677408327
202538	0.00252319668
202539	0.002081480789
202540	0.002353025133
202541	0.003853084513
202542	0.00186902755
202543	0.001792189314
202544	0.003195361708
202545	0.002276637043
202546	0.0003122328219
202547	0.003518836118
202548	0.005472020646
202549	0.002591520557
202550	0.001839120281
202551	0.002669263967
202552	0.004430005803
202553	0.001086658601
202554	0.002759216215
202555	0.002623851366
202556	0.002004495211
202557	0.001569991892
202558	0.0001157032449
202559	0.002110070245
202560	0.002201881695
202561	0.001015476873
202562	8.001145933e-06
202563	0.001078579259
202564	0.0002544610532
202565	0.001868735762
202566	0.0001393716483
202567	0.0006052632164
202568	8.903133903e-08
202569	0.0006038707066
202570	0.0006053768081
202571	0.001416673005
202572	6.444929498e-05
202573	8.985320783e-05
202574	0.0009992728559
202575	0.001377661966
202576	0.001202280298
202577	2.561657844e-05
202578	0.0005680269061
202579	0.002880319203
202580	0.002755278822
202581	0.003186475195
202582	0.001272360555
202583	0.003043599695
202584	0.003693125295
202585	0.001116657567
202586	0.001244789239
202587	0.001729774943
202588	0.0005527236153
202589	0.002228872111
202590	0.003851834447
202591	0.002780225042
202592	0.0002413694303
202593	5.662512117e-05
202594	5.651152943e-05
202595	0.0002826652238
202596	1.545256574e-07
202597	0.0002412302548
202598	0.0001182476004
202599	4.697170649e-07
202600	0.002655453897
202601	0.00210996725
202602	0.0005007341018
202603	0.001205316065
202604	0.001820930182
202605	0.001990644916
202606	0.0007617741449
202607	0.004105167083
202608	0.0009603299326
202609	6.042448797e-05
202610	0.003565991769
202611	0.0008117151064
202612	0.001259261288
202613	0.00165936588
202614	0.0002762155985
202615	0.0003773715144
202616	0.00477986185
202617	3.506592909e-05
202618	0.0001794138526
202619	0.0002226901394
202620	0.0004448817613
202621	5.397917521e-05
202622	0.0004264124287
202623	0.0009607469151
202624	0.0008969963958
202625	0.0006720340697
202626	0.002884365953
202627	0.001576599324
202628	3.539345241e-05
202629	0.0001698159576
202630	0.000926969062
202631	0.003430779006
202632	0.000128205996
202633	0.003443353454
202634	2.957958866e-05
202635	0.001095941584
202636	0.0001585850302
202637	0.0007012928097
202638	0.002074774727
202639	0.00036404836
202640	0.001050869519
202641	0.0002812553048
202642	4.991542991e-05
202643	0.0009356699882
202644	0.0007143218077
202645	0.001461756875
202646	0.0008596669568
202647	5.361666889e-05
202648	0.001013384614
202649	0.0003478278388
202650	0.0006221301934
202651	0.0004291020704
202652	5.646555479e-05
202653	0.000344305867
202654	0.001643812774
202655	0.0007618847566
202656	1.150440583e-05
202657	0.0008493847898
202658	0.0002433708007
202659	0.0001959873044
202660	0.002266293937
202661	5.133676238e-05
202662	0.001541740361
202663	0.001432920169
202664	0.0003122237753
202665	0.0001035827939
202666	0.002624250755
202667	0.0004476541483
202668	0.003432413738
202669	0.005702516241
202670	0.00103573539
202671	0.002954988785
202672	0.001234323675
202673	0.002624657824
202674	0.001296327523
202675	0.0009882721675
202676	0.00106824743
202677	0.003422597005
202678	0.001947591315
202679	0.0007065767236
202680	0.0003760009198
202681	0.005865499286
202682	0.001018946722
202683	0.004472501085
202684	0.0007012115863
202685	0.0004426141689
202686	0.002337168406
202687	0.0004997669241
202688	0.0002648000171
202689	0.0006634553146
202690	0.0006940946566
202691	0.0005648634518
202692	0.0009789775132
202693	0.0004809653976
202694	0.0007319041714
202695	0.0006803420627
202696	0.0002384110471
202697	0.000507268356
202698	0.0001324260527
202699	6.360546909e-06
202700	0.001070473253
202701	9.498978892e-05
202702	0.0006116231928
202703	0.0007361143471
202704	0.0003146187131
202705	3.736147902e-05
202706	0.0009489456411
202707	0.001966969276
202708	0.002311096044
202709	0.004136355107
202710	0.002691442518
202711	0.0007284496493
202712	0.002180259552
202713	0.0008083393108
202714	0.0009493062909
202715	0.0004449097772
202716	0.0019864901
202717	0.006513721653
202718	0.0004535244381
202719	0.003739372413
202720	0.0005289371957
202721	0.004670839785
202722	0.004840999413
202723	0.0007399654464
202724	0.004561784528
202725	0.000805093652
202726	0.004573075031
202727	0.004547450795
202728	0.004874839782
202729	0.001593252001
202730	0.0007478335109
202731	0.000385481066
202732	0.002356753458
202733	0.001506079587
202734	0.00227058534
202735	0.001800236037
202736	0.001472369745
202737	0.0003273791099
202738	0.003499125331
202739	0.0002970317598
202740	0.002744287614
202741	0.003706188179
202742	0.001238363911
202743	0.002519611592
202744	0.004258083201
202745	0.0003335844645
202746	0.0006123995526
202747	0.002002267845
202748	0.002287384182
202749	0.001505225001
202750	0.0003575410159
202751	0.0008662269494
202752	0.00152424454
202753	0.001596079605
202754	0.0001105404033
202755	0.0007005564078
202756	0.001547827203
202757	0.001031282343
202758	0.0007141530454
202759	0.001042516527
202760	0.001176825777
202761	0.0007364888419
202762	0.002120385098
202763	0.0008314598249
202764	0.001255558704
202765	0.003455244354
202766	1.088284476e-05
202767	0.000704207837
202768	0.0006174956727
202769	0.001760958623
202770	0.002184319228
202771	0.002328559037
202772	0.004006152882
202773	0.002177903317
202774	0.009147458158
202775	0.0005622512788
202776	0.002723466232
202777	0.004742111064
202778	0.0007203960178
202779	0.001564785355
202780	0.00233836374
202781	0.0005825348047
202782	0.004292610228
202783	0.002697343126
202784	0.0002908386121
202785	0.006022029103
202786	0.0005010575261
202787	0.004191047875
202788	0.003365884507
202789	0.0009408934415
202790	0.0007533354712
202791	0.002445301424
202792	0.001048969958
202793	0.0002076658388
202794	0.00228264568
202795	0.001942412362
202796	0.004757797559
202797	0.0005882019196
202798	0.000283827111
202799	0.004148754066
202800	0.0009051098485
202801	0.001682869816
202802	0.009477472987
202803	0.003219697747
202804	0.00178316893
202805	0.0007847720083
202806	0.0001754402477
202807	0.0003217841987
202808	0.003136116714
202809	0.001048443915
202810	0.0003804004599
202811	0.003359698918
202812	0.002090968467
202813	0.00374184114
202814	0.005682033088
202815	0.0001301224884
202816	0.003692538064
202817	0.006588527393
202818	0.0007725653196
202819	0.001088831729
202820	0.003449016449
202821	0.001755123209
202822	0.001311015009
202823	0.002029376496
202824	0.002030259143
202825	0.0005503120603
202826	0.007838183757
202827	0.000829109673
202828	0.0007339845113
202829	0.004491970252
202830	0.0001360757463
202831	0.00122151047
202832	0.0006499825665
202833	0.0003611268399
202834	0.001974091305
202835	0.000747364514
202836	0.003201206646
202837	0.00384200959
202838	0.001284389425
202839	0.001169276488
202840	0.002803686147
202841	0.003101877605
202842	0.004560541086
202843	0.002966227416
202844	0.0004045698002
202845	0.0002175310438
202846	0.002347216662
202847	0.005983238748
202848	0.002057148152
202849	0.004889831621
202850	0.001919393315
202851	0.003320636774
202852	0.0004136537889
202853	0.001183104431
202854	0.002752259509
202855	0.0009409113939
202856	0.004419438455
202857	0.002840415021
202858	0.001201811391
202859	0.00481415843
202860	0.003145892517
202861	0.002330125102
202862	0.001549785748
202863	0.0005224712284
202864	0.00125009435
202865	0.003114521551
202866	1.523214987e-05
202867	0.001311242622
202868	0.001289285748
202869	0.004713225509
202870	0.002759881757
202871	0.003478622834
202872	0.004036992786
202873	0.004840894472
202874	0.00310723957
202875	0.001780118824
202876	0.003159819134
202877	0.003099834529
202878	0.005039792633
202879	0.0009184856544
202880	0.003492088996
202881	0.001914288921
202882	0.008401040176
202883	0.001554892809
202884	0.0001824326741
202885	0.005290762849
202886	0.003946491973
202887	0.001420179872
202888	0.002069272965
202889	0.002966890533
202890	0.002031633458
202891	0.001169543854
202892	0.00350366808
202893	0.0004239443759
202894	6.907366431e-05
202895	5.924562961e-05
202896	0.0003478721357
202897	0.003071046517
202898	0.003084951061
202899	0.002876620759
202900	0.007672268794
202901	0.0005604587284
202902	0.002323346742
202903	0.001785572107
202904	0.005190840566
202905	0.002274035965
202906	0.0004860013602
202907	0.001884183706
202908	0.001581501374
202909	0.0005514108365
202910	0.004234323211
202911	0.0001306719408
202912	0
202913	0.003294504002
202914	0.002874772173
202915	0.003890184402
202916	0.0008341263887
202917	0.001175611332
202918	0.0006714912282
202919	0.005848866414
202920	0.0006736595397
202921	0.002727871767
202922	0.0005282001353
202923	0.000822607772
202924	0.00291968234
202925	0.00388826311
202926	0.003231853203
202927	0.0008059976701
202928	0.001039731498
202929	0.002457884005
202930	0.007673967614
202931	0.002043914961
202932	0.001643957447
202933	0.0004227791147
202934	0.00057354488
202935	0.001538271067
202936	0.00262000293
202937	0.0005423361411
202938	0.004327425745
202939	0.001451503496
202940	0.002341107366
202941	0.002212070763
202942	0.002971830405
202943	0.002575491624
202944	0.002627677085
202945	0.00398185513
202946	0.0005377976535
202947	0.004653033228
202948	0.00020150041
202949	0.0006954833584
202950	0.0008842120992
202951	0.001656198758
202952	7.644990784e-05
202953	0.0002833733096
202954	0.0001413179114
202955	0.003239205311
202956	0.003451979427
202957	0.0006437763901
202958	0.003234791782
202959	0.002273858233
202960	0.003429624275
202961	0.0001676778654
202962	0.00259843572
202963	5.352824179e-05
202964	0.001775278572
202965	0.0001601515431
202966	0.001033260705
202967	0.00296415281
202968	3.030194325e-05
202969	0.0006985651152
202970	0.004392511826
202971	0.004526415172
202972	0.001609951385
202973	0.001045045136
202974	0.002872307078
202975	0.005431035821
202976	0.0006336186002
202977	0.002065698599
202978	0.001567919542
202979	0.000188569117
202980	0.001196457358
202981	0.000494453792
202982	0.000547384237
202983	0.003961019272
202984	0.00458570232
202985	0.0009609829776
202986	0.005425213771
202987	0.00134912702
202988	0.003109733269
202989	0.0004963121838
202990	0.001734036998
202991	0.002882635513
202992	0.002343027545
202993	0.0007365853372
202994	0.001326442956
202995	0.002614135704
202996	0.0006134371304
202997	0.004986332949
202998	0.002303556902
202999	0.0004408291595
203000	0.006578335989
203001	0.003178586016
203002	0.005729644551
203003	0.005750169434
203004	0.002960400834
203005	0.00719843619
203006	0.001236738116
203007	0.002830578762
203008	4.69778925e-05
203009	0.003051201627
203010	0.002411666683
203011	0.006927404476
203012	0.0001820891938
203013	0.0006391662725
203014	0.002341346555
203015	0.001532085521
203016	0.0045204471
203017	0.004303521867
203018	0.0004963131865
203019	0.004338323802
203020	0.0009231846539
203021	0.0008743750244
203022	0.0008952803613
203023	0.001782429866
203024	0.002582062304
203025	0.00217006278
203026	0.002156976798
203027	0.002298252432
203028	0.00408344759
203029	0.005017257214
203030	0.0004433866068
203031	0.005788169561
203032	0.0003750977951
203033	0.001256602448
203034	0.0002252940837
203035	0.003895033927
203036	0.001576757958
203037	0.001046264009
203038	0.004198729635
203039	0.001226992342
203040	0.003383793346
203041	0.001331593226
203042	0.0036056595
203043	0.0006481422444
203044	0.002682909905
203045	0.006361940649
203046	0.004292591264
203047	0.00123434942
203048	0.004323503242
203049	0.002338709077
203050	0.002485535344
203051	0.0005512920357
203052	0.005739661531
203053	0.001053678145
203054	2.078264444e-05
203055	0.004583389145
203056	0.0002699538547
203057	0.0009867895409
203058	0.0007486788031
203059	0.001123310683
203060	0.0009015070848
203061	0.004002740229
203062	0.002080624122
203063	0.0001883871424
203064	0.0002669668753
203065	0.002605727593
203066	0.00104161841
203067	0.002910812416
203068	0.005225171409
203069	0.002411777297
203070	0.004257923889
203071	0.00138223195
203072	0.001115838036
203073	0.0005408965204
203074	0.0009029126451
203075	0.0007634547065
203076	0.0002351665977
203077	0.0001201026917
203078	0.001199484023
203079	0.0007647959359
203080	0.0006402803503
203081	0.0007202601602
203082	0.0003562622473
203083	6.449560729e-07
203084	0.0001184197444
203085	0.004815104325
203086	0.001575412314
203087	0.00380650483
203088	0.0001106790665
203089	0.0007699727329
203090	0.004298601347
203091	0.002487316793
203092	0.0003469441931
203093	0.007220503131
203094	0.0005010467543
203095	0.005629947816
203096	0.003294862625
203097	0.006938757523
203098	0.001368935358
203099	0.00034459861
203100	0.001384711705
203101	0.008782989707
203102	0.0009639907548
203103	0.002045334232
203104	0.005300506335
203105	0.0006038710194
203106	0.0002354677973
203107	0.0004410816672
203108	0.000855458235
203109	0.006606421751
203110	0.003651623403
203111	0.01021749885
203112	0.002746872579
203113	0.001181513595
203114	0.0008590305478
203115	0.0004727791713
203116	0.005720221471
203117	0.004472868239
203118	0.003527010624
203119	0.003725523523
203120	9.768664037e-05
203121	0.001657697103
203122	0.004218165192
203123	0.0002984335578
203124	0.00153137232
203125	0.0003677929838
203126	0.001508312487
203127	0.001420974965
203128	0.00217694918
203129	0.001125351244
203130	0.001164379885
203131	0.001584706874
203132	0.0002715993345
203133	0.0001298164437
203134	0.0009261034076
203135	0.002524378365
203136	0.002053157967
203137	0.0001995380933
203138	5.141490976e-05
203139	0.0001184339666
203140	0.001192404675
203141	0.001485007126
203142	0.00148863738
203143	0.003167751552
203144	0.0003401425262
203145	0.0002590354853
203146	0.001765079899
203147	0.001612159775
203148	0.0001290206505
203149	0.002997208138
203150	0.0001178500591
203151	0.00128392502
203152	0.001059686615
203153	0.0007808222876
203154	0.001162530182
203155	0.000912938599
203156	0.000920985323
203157	0.004434645037
203158	0.001798402336
203159	0.001139183129
203160	0.003358573334
203161	0.0007566705843
203162	0.004262458701
203163	0.002215398115
203164	0.0001204350616
203165	0.002761085571
203166	0.0005934853462
203167	0.0007203919429
203168	0.0001977165101
203169	0.004049847103
203170	0.001923084719
203171	0.004043914229
203172	6.762564264e-06
203173	0.004311970744
203174	0.000233645805
203175	0.00217590863
203176	0.002218781734
203177	0.0001934259961
203178	0.0005493797714
203179	0
203180	0.003318286727
203181	0.0003291397832
203182	0.0002038268729
203183	0.002504413891
203184	0.000233350245
203185	0.00195768519
203186	0.0006861438226
203187	0.002649700784
203188	0.0007090740136
203189	0.0002225070579
203190	0.0003362240581
203191	0.0003300363809
203192	2.974994628e-05
203193	0.002667695234
203194	0.0009886486351
203195	0.0001560831507
203196	0.00206006896
203197	0.0007296166151
203198	0.0006214959075
203199	0.0008658261138
203200	0.0009046430597
203201	0.0009867690105
203202	0.0008182601313
203203	0.0007285340829
203204	0.001627431743
203205	0.000718087679
203206	0.000733459458
203207	0.0002583837133
203208	0.0008882447532
203209	0.0002226528859
203210	0.0003432556764
203211	0.001020021446
203212	0.007382501828
203213	0.0002245264526
203214	0.004588625418
203215	0.001086232716
203216	0.00330362725
203217	0.002233134161
203218	0.001529579653
203219	0.0005491533704
203220	0.0003305456405
203221	0.0005194482168
203222	0.001267905204
203223	0.0006333485568
203224	0.001701823132
203225	0.0006517959378
203226	0.0001305724949
203227	0.0003684394751
203228	0.002402450261
203229	0.002531795678
203230	0.0009144766461
203231	0.002536458933
203232	0.001126041833
203233	0.002612358628
203234	0.001293897788
203235	0.001091434872
203236	0.002768891377
203237	0.002138560097
203238	7.613637481e-05
203239	0.0001187918791
203240	0.002282575252
203241	0.000612817163
203242	0.0001451499517
203243	9.89026861e-05
203244	0.0008167475526
203245	0.0006383696206
203246	0.002008658592
203247	0.002724331873
203248	0.000606058462
203249	0.002639272024
203250	0.001255972664
203251	0.002785996005
203252	0.0007280675595
203253	0.002222075016
203254	0.001409363453
203255	0.001114688434
203256	0.001488986057
203257	0.0006019056536
203258	0.001888401864
203259	0.0007356378682
203260	0.002711629134
203261	0.001444858388
203262	0.003497609269
203263	0.00381295959
203264	0.001367986695
203265	0.0004274939153
203266	0.002782717818
203267	3.20917277e-05
203268	0.001162734224
203269	0.001497799515
203270	0.005540881756
203271	0.002573360667
203272	0.001463785134
203273	0.003563729229
203274	0.004030593166
203275	0.0005800408229
203276	0.0001405627564
203277	0.0008044910265
203278	0.000221493174
203279	0.000714543029
203280	0.001831685872
203281	0.0009699096025
203282	0.0008231340031
203283	0.0007032706696
203284	0.002819755646
203285	0.001003518616
203286	0.002235606674
203287	0.001981809574
203288	0.002305591236
203289	0.0006950327046
203290	0.000571427572
203291	0.002569019273
203292	0.00150244833
203293	0.002718121835
203294	0.004984701298
203295	0.001818468406
203296	0.003876081035
203297	0.0004468891797
203298	0.001844392555
203299	0.003852949755
203300	0.002009642564
203301	0.0009276025641
203302	0.003191315208
203303	0.005440025379
203304	1.838023344e-05
203305	0.001258549483
203306	0.000106643844
203307	0.0003874651322
203308	0.001236466551
203309	0.0005112024204
203310	9.122917312e-05
203311	0.001089019975
203312	0.0001767563697
203313	0.003781002429
203314	0.0008039167213
203315	0.0004109259678
203316	0.001867662182
203317	0.00110768145
203318	0.004502274168
203319	0.003888740544
203320	4.917895092e-05
203321	0.0004354448619
203322	0.0005707657599
203323	0.002742476603
203324	0.001503115361
203325	0.007595803252
203326	0.002544729828
203327	0.0007301158121
203328	0.004088197069
203329	0.005120636275
203330	0.001560936236
203331	0.001837049615
203332	0.001424610304
203333	0.003916403521
203334	0.004058692633
203335	0.0004159930642
203336	0.0009487746645
203337	0.005531580498
203338	0.00142167246
203339	0.00145401956
203340	0.003878640212
203341	0.002893789351
203342	0.001774410353
203343	0.0004874413844
203344	0.003423593272
203345	0.0007714639764
203346	0.003732728253
203347	0.00425103266
203348	0.001797504014
203349	0.001467019508
203350	0.001116990863
203351	0.004455181506
203352	0.0004218590816
203353	0.003064537505
203354	0.001661445167
203355	0.001588622939
203356	0.0001033293694
203357	0.0001048430325
203358	0.002755607332
203359	0.003987012806
203360	0.000222072582
203361	0.001518027788
203362	0.0002664463081
203363	0.0007184848583
203364	0.001071730721
203365	0.0001245675114
203366	4.819899004e-05
203367	0.001177988932
203368	2.462223963e-05
203369	0.0001004460035
203370	0.001562072857
203371	0.005301112652
203372	0.001024166393
203373	0.001831655117
203374	0.000315435007
203375	0.001632066435
203376	0.005226531226
203377	0.000212296742
203378	0.001503725949
203379	0.0002079650718
203380	0.0007583288261
203381	0.001994078136
203382	8.842410768e-05
203383	0.0007358734188
203384	0.001237960516
203385	0.001934017182
203386	0.001122837723
203387	0.00221952095
203388	0.000345578864
203389	0.003671644532
203390	0.003172286726
203391	0.0008425999735
203392	0.0002873384559
203393	0.004920017697
203394	0.007113684507
203395	0.001003505179
203396	0.00164820147
203397	0.002333098419
203398	0.0006210935438
203399	0.006119699862
203400	0.0009980740286
203401	0.0006212944185
203402	0.0008133312735
203403	0.0001006480642
203404	0.0004403801834
203405	0.001737576173
203406	0.0007081287852
203407	0.002336871587
203408	0.001355516391
203409	0.001152986004
203410	0.0009855476992
203411	0.000517362722
203412	0.0006369705523
203413	0.0009444126131
203414	0.001729305794
203415	0.0009027710041
203416	0.0002351440717
203417	0.0007659185566
203418	0.0001345696345
203419	0.002137876361
203420	0.001437198358
203421	0.001088326547
203422	0.001764583945
203423	0.0006574180754
203424	0.001255931291
203425	0.0006091310173
203426	0.000158138851
203427	0.0001704360742
203428	0.003042424893
203429	0.0001429723387
203430	0.0007965744982
203431	0.001157176329
203432	0.001138439977
203433	0.001856483406
203434	0.002383546686
203435	0.0001416136648
203436	0.002419097883
203437	0.0002311842287
203438	0.002036935202
203439	0.0005268842071
203440	0.0003608556222
203441	0.0004665298142
203442	0.001198517705
203443	0.0002999249043
203444	0.001819784768
203445	0.0002704098072
203446	0.0006262878891
203447	0.001671333016
203448	0.001675374198
203449	0.001597571796
203450	0.0002473307855
203451	0.0001951009752
203452	0.001195026914
203453	0.0006630629615
203454	0.001149986256
203455	0.005511938455
203456	0.0008255219489
203457	0.003125448349
203458	0.001782228505
203459	0.0008101856269
203460	0.001788669371
203461	0.001824688776
203462	0.0004845374845
203463	0.0006365042914
203464	0.0002890235458
203465	0.0008499783091
203466	0.004365309661
203467	0.000958240361
203468	0.003765127261
203469	0.0007860464894
203470	0.0002245604851
203471	0.0002914760692
203472	0.002039428295
203473	0.001212898076
203474	0.000208131726
203475	0.0005523537264
203476	0.001753528049
203477	0.004124092955
203478	0.000789338749
203479	0.002746654319
203480	0.001736648122
203481	0.003005452021
203482	0.001715031203
203483	0.001704763798
203484	0.002373330227
203485	0.001244289724
203486	0.0002103364957
203487	0.005102048867
203488	0.001694381769
203489	0.002924720903
203490	0.005014478428
203491	7.135127353e-05
203492	0.0002603366339
203493	0.0002512597229
203494	0.0005801995731
203495	0.002195669927
203496	0.00219082568
203497	0.0002817018991
203498	7.776520379e-05
203499	0.001235485618
203500	0.001776098023
203501	0.002030766967
203502	0.0008237629182
203503	0.002936212623
203504	0.0008696905593
203505	0.0004131261122
203506	0.0004882404912
203507	0.003025652326
203508	0.003632120436
203509	0.0005474485276
203510	0.004837859603
203511	0.0008615715918
203512	0.00327832627
203513	0.0002045730216
203514	0.001054741814
203515	0.001048135407
203516	0.001320268087
203517	0.0003650453876
203518	0.0005756783056
203519	0.0008049853911
203520	5.535429741e-05
203521	0.0001382092335
203522	0.0007485214628
203523	0.0005448948921
203524	0.0002805288679
203525	0.0001325567093
203526	0.004028011341
203527	0.0008006210633
203528	0.003102299448
203529	0.002216136116
203530	0.003283799171
203531	0.001114450213
203532	0.0002723648661
203533	5.373305475e-05
203534	0.0004538076361
203535	0.0002500052632
203536	0.0006186843147
203537	0.001655950574
203538	0.0002531743176
203539	0.003219912462
203540	0.001670132236
203541	0.002256557693
203542	0.001173453244
203543	0.00217684238
203544	0.001007348536
203545	0.0002423200891
203546	0.00727140013
203547	1.259328571e-05
203548	0.0008631309059
203549	0.001133994834
203550	0.0005385081901
203551	0.0007927609884
203552	0.0006086778363
203553	0.000656851017
203554	0.0004737102684
203555	0.001396819187
203556	6.294066999e-05
203557	0.0001436029344
203558	0.0006402974657
203559	0.0001436617997
203560	0.00126516457
203561	0.00144988112
203562	0.0001076522469
203563	0.002695396227
203564	0.0005574297341
203565	1.432754242e-05
203566	0.0007148555081
203567	0.001614851745
203568	0.005403844711
203569	0.001394740946
203570	0.001232325307
203571	0.00228856108
203572	0.0001226135124
203573	0.0006600430721
203574	0.0006840461735
203575	0.002881060097
203576	0.001218033488
203577	0.001649747369
203578	0.0006206799127
203579	0.002120268633
203580	0.0001225779486
203581	0.0003026978462
203582	0.0001310308289
203583	0.002853127096
203584	0.0001502329893
203585	0.0001841290273
203586	0.001417383934
203587	0.001102829277
203588	0.001484786177
203589	0.003409244514
203590	0.0008682426914
203591	0.0005652302567
203592	0.001900437077
203593	0.0002391812394
203594	0.001159307513
203595	0.001798304048
203596	0.004114713786
203597	0.001577582673
203598	0.0004037218319
203599	0.001134029059
203600	0.004280097438
203601	0.002361496503
203602	0.002367496829
203603	0.001135029555
203604	7.624624609e-06
203605	0.0001899819311
203606	0.0005333574234
203607	0.002529016868
203608	0.0002808648456
203609	4.189741182e-05
203610	0.0008225316207
203611	0.001915944518
203612	0.002452068141
203613	0.0006975684962
203614	0.002432096722
203615	0.002270764248
203616	0.001137579335
203617	0.0007604880294
203618	0.0006054488982
203619	0.0004528339857
203620	0.0002029926971
203621	0.001108425637
203622	0.0006042600126
203623	0.004823449447
203624	0.0007397809952
203625	0.001585676174
203626	0.002022911895
203627	0.000848527762
203628	0.004237241458
203629	0.003664741758
203630	0.001884416114
203631	0.001826412213
203632	0.003150363494
203633	0.0005710605619
203634	0.0006277276474
203635	0.0009279728158
203636	0.0005877706397
203637	0.001063574463
203638	2.494125813e-06
203639	0.0002265199622
203640	0.001762084784
203641	0.0005210909134
203642	0.0009233632098
203643	0.002862744896
203644	0.01078031172
203645	0.0001861758702
203646	0.001569540183
203647	0.0001675248766
203648	0.0004370927878
203649	0.002087009289
203650	0.0006998677409
203651	0.0007105570525
203652	0.002917148456
203653	0.0009949363546
203654	0.0001408776907
203655	0.0003245172492
203656	0.0005136781761
203657	0.0009551520214
203658	0.0006698805699
203659	0.002325833103
203660	7.180285167e-05
203661	0.0009690912317
203662	0.00159789565
203663	0.002438835077
203664	0.003402401014
203665	0.0002369295038
203666	4.72580003e-05
203667	0.0001171462661
203668	0.0004161664941
203669	0.0005548123387
203670	0.001329727089
203671	0.0002101976456
203672	0.001097503749
203673	0.0004804230532
203674	0.005329088752
203675	0.0006221877959
203676	0.001924675936
203677	0.0005709974917
203678	0.0005341641827
203679	0.001022882667
203680	0.001036759151
203681	0.003933417084
203682	0.001800013325
203683	8.880216392e-05
203684	0.005202262336
203685	0.001686905168
203686	0.0006229106626
203687	0.0004620553575
203688	0.0005762757718
203689	0.0002545341531
203690	0.0001293559004
203691	0.005837404749
203692	0.0003321759503
203693	0.002390461015
203694	2.581351068e-05
203695	0.0005562254466
203696	0.00423642035
203697	0.0003724100298
203698	0.002542670006
203699	0.001445783968
203700	0.0007813256851
203701	0.0005984504125
203702	0.007184069239
203703	0.001441499562
203704	0.0004973100409
203705	7.608322518e-05
203706	0.0002747695626
203707	0.0003214588156
203708	0.002528451123
203709	0.002368912916
203710	0.003281203428
203711	0.0009437342585
203712	0.0007801103221
203713	0.002872078662
203714	0.0003534965907
203715	0.0002388212259
203716	0.002710258617
203717	0.002873606175
203718	0.002704746892
203719	0.002110392423
203720	0.004365509458
203721	7.257761442e-05
203722	0.0007393166478
203723	0.001542355082
203724	5.923225471e-05
203725	0.001594341084
203726	0.001146377513
203727	0.0004768792764
203728	0.002455787607
203729	2.65223034e-05
203730	0.000133901544
203731	0.004579755468
203732	0.005002943721
203733	0.001689093124
203734	0.002487672791
203735	0.0003668454112
203736	0.0003398485897
203737	0.0002163417951
203738	0.000131115984
203739	0.001740138503
203740	0.001478968154
203741	0.0009193849742
203742	0.0005065018007
203743	0.0008415337712
203744	0.004499428007
203745	0.0005586710311
203746	0.002484672539
203747	0.0007756558839
203748	0.0004608353676
203749	0.0001272042197
203750	0.0004067121204
203751	0.002538040614
203752	0.005034827002
203753	0.003592042339
203754	0.0041523599
203755	0.0007688681659
203756	0.0004886323621
203757	2.753232e-05
203758	0.0036486794
203759	0.0004180588226
203760	0.001167785697
203761	0.001294669235
203762	0.0001300646504
203763	0.0006154273591
203764	0.0002301899702
203765	0.0002239651907
203766	0.0002097833752
203767	0.0003436133649
203768	0.0003553150206
203769	0.001384589253
203770	0.0003112875209
203771	0.003833336917
203772	0.000623604002
203773	0.001768851997
203774	0.003081537343
203775	0.001255715828
203776	0.0009790250881
203777	0.0003315144976
203778	0.001658579521
203779	0.0006794683441
203780	0.0007103396929
203781	0.000936093427
203782	0.000577515434
203783	0.0001940603915
203784	0.0005614086827
203785	0.002146055138
203786	0.001841758133
203787	0.000549038885
203788	0.002236928384
203789	0.0001306917813
203790	0.0001402344721
203791	0.001491025656
203792	0.001390083679
203793	0.0022083969
203794	0.001820040208
203795	0.002761054552
203796	0.001310924171
203797	0.002185659889
203798	0.003885720604
203799	0.001806255462
203800	0.002095566617
203801	0.001626632389
203802	0.003320461897
203803	0.001017090924
203804	0.0003121880569
203805	0.0008128852351
203806	0.0002795403372
203807	0.001523520378
203808	0.0001609753925
203809	0.0003211249111
203810	0.0001557891113
203811	0.0005000564813
203812	0.0001468379948
203813	0.001813205058
203814	0.001601821889
203815	0.0009716872848
203816	0.002277607802
203817	0.005280832087
203818	0.005960344473
203819	0.001163671367
203820	6.830893834e-07
203821	0.0007691900238
203822	0.001654375153
203823	0.001259670303
203824	0.001104027187
203825	0.001807102406
203826	0.0008970326036
203827	0.001206974753
203828	0.001508845188
203829	0.0005635868067
203830	2.120789074e-05
203831	0.001212263461
203832	0.00113740432
203833	0.007697466099
203834	0.00171249419
203835	3.675690563e-05
203836	0.0003407454686
203837	0.002543003432
203838	0.001600899021
203839	0.000221372084
203840	0.006299037614
203841	0.0002586817407
203842	3.951949823e-05
203843	0.0003660238747
203844	0.003508263018
203845	0.005654986467
203846	0.00163840721
203847	1.740599742e-05
203848	0.00207538217
203849	0.0006060438978
203850	0.0008910852082
203851	0.001316712502
203852	0.001749641634
203853	0.005826565054
203854	0.0005981065981
203855	0.002414152662
203856	0.001513327961
203857	0.0009873525099
203858	0.0003859715953
203859	0.002962034912
203860	0.004131925739
203861	0.004307158401
203862	0.00216014767
203863	0.002799338367
203864	0.00295109978
203865	0.006022000471
203866	0.0005636966127
203867	0.004902063434
203868	0.0002941178651
203869	0.006009208528
203870	0.0005139550427
203871	0.0006447479699
203872	0.003228647028
203873	0.0004133876962
203874	0.00184871826
203875	0.0009157824716
203876	0.005167924808
203877	0.008359216409
203878	0.004567864724
203879	0.001948086458
203880	0.0002080953945
203881	0.0003142801191
203882	0.0003514642753
203883	0.0007713341694
203884	9.934784858e-05
203885	0.0007945686196
203886	0.0009800654644
203887	0.004754483909
203888	0.001006780706
203889	0.002705859639
203890	0.0009337214791
203891	0.001735852212
203892	0.01099866957
203893	0.0005243412017
203894	0.0003888620444
203895	0.0003137571499
203896	0.0002466498609
203897	8.089180376e-05
203898	0.000581293808
203899	0.00141579551
203900	0.0008221678133
203901	0.0001718695555
203902	0.003011083426
203903	0.001211612745
203904	9.001015447e-05
203905	0.003255512467
203906	0.002727803847
203907	0.001860589578
203908	0.0003425644813
203909	3.31407862e-05
203910	0.00109104586
203911	0.001200474236
203912	0.003258148702
203913	0.001116483866
203914	0.001461358083
203915	0.0006371976733
203916	0.002598450057
203917	0.0007215806499
203918	0.0009753787605
203919	0.0001085309587
203920	0.001577158185
203921	0.002587842384
203922	0.0005983038042
203923	7.390044228e-05
203924	0.003779330618
203925	0.002078034006
203926	0.0001245501469
203927	0.002308339276
203928	0.001750516246
203929	0.001037403961
203930	4.909793093e-05
203931	0.00100109634
203932	0.005190540343
203933	0.002047262936
203934	0.003185680402
203935	0.0002474943555
203936	0.002304463542
203937	0.0002069335831
203938	0.001519301141
203939	0.0001738431547
203940	0.001948531854
203941	0.003302205268
203942	0.003000383506
203943	0.005598497195
203944	0.0001271499972
203945	1.855655044e-05
203946	0.00449761194
203947	0.0004327971067
203948	0.00149169684
203949	0.002524870165
203950	0.001441144251
203951	0.001368166576
203952	0.0003454700974
203953	0.0003565914494
203954	8.998870012e-05
203955	0.0004599923235
203956	0.001934355007
203957	0.003550897311
203958	0.0008071736716
203959	0.0006824270973
203960	0.007417086478
203961	0.0006098989735
203962	0.001764677734
203963	0.0004740955124
203964	0.0005815300103
203965	0.001514900339
203966	0.001073986009
203967	0.001607963291
203968	0.003099762096
203969	0.0001294070442
203970	0.001856317189
203971	8.151393805e-06
203972	0.001053965448
203973	0.001201943952
203974	0.0002164784542
203975	0.002241916853
203976	0.0004595073911
203977	0.007790833267
203978	0.0005877666321
203979	0.0004280755949
203980	0.0001870315869
203981	0.0001466471212
203982	0.004494666967
203983	0.0005380396968
203984	0.0002597719824
203985	0.002033520177
203986	0.0004085133501
203987	0.0005148835758
203988	0.0009589231271
203989	0.001130064609
203990	0.001490266267
203991	0.0005080091847
203992	0.0006550606348
203993	0.0002328314446
203994	0.0009786495368
203995	0.0008156042181
203996	0.000243473377
203997	7.384244876e-05
203998	0.000419182383
203999	0.0008421465897
204000	0.001038730672
204001	0.0007447362041
204002	0.0004171689686
204003	0.0003141339268
204004	0.001972570545
204005	0.001693607699
204006	0.0001762386042
204007	0.0005984445504
204008	0.00144095331
204009	0.004631642867
204010	6.135267183e-05
204011	0.003810526894
204012	0.001024715401
204013	0.001140281418
204014	0.001451046682
204015	0.001305682913
204016	0.003960058419
204017	0.002899744928
204018	0.002542035582
204019	0.002806751707
204020	0.001587747498
204021	0.0008311145107
204022	0.002458277981
204023	5.37098901e-05
204024	0.001731605919
204025	0.001287221929
204026	0.0007098425179
204027	0.0004227912911
204028	0.0003076525159
204029	0.001060901269
204030	0.0002315983036
204031	0.001724805735
204032	0.0004507966292
204033	8.62509119e-06
204034	0.002208685501
204035	0.001332047299
204036	0.000430293419
204037	0.0008258406832
204038	0.001699822372
204039	0.0002444163807
204040	0.000612600608
204041	0.0008637749753
204042	0.0009116782276
204043	0.0001406056246
204044	0.002602408477
204045	0.002164351266
204046	0.002643978375
204047	0.003479626229
204048	0.003928490251
204049	0.00119771118
204050	0.001548178043
204051	0.0008362326149
204052	0.00196830199
204053	0.0008500735937
204054	0.0002321580159
204055	0.002265352819
204056	0.002524810927
204057	0.003065906304
204058	0.001613929248
204059	9.646581964e-05
204060	0.001552647467
204061	8.483774797e-05
204062	0.0008919992655
204063	0.0009098479036
204064	0.0004101408834
204065	0.001249616539
204066	0.003805036049
204067	0.001053048679
204068	0.00149195898
204069	0.0004677649937
204070	0.0003876108486
204071	0.0005980258706
204072	0.002382543746
204073	0.004135717836
204074	0.0002894648865
204075	0.001090700617
204076	0.001264196727
204077	5.426557375e-05
204078	0.002408662824
204079	0.001508584401
204080	0.0009418989055
204081	0.001348429721
204082	0.001781063238
204083	0.003093083681
204084	0.002067636179
204085	0.001499545725
204086	0.003596455165
204087	0.003517447877
204088	0.0006230733823
204089	0.0008780626619
204090	0.005241031144
204091	0.004794566653
204092	0.001955969446
204093	0.001108785203
204094	0.004081097591
204095	0.001140793761
204096	3.378775329e-05
204097	0.003560188103
204098	0.001343146436
204099	0.0003012344764
204100	0.0008271717585
204101	0.0005868156864
204102	0.00466511276
204103	0.000603026098
204104	0.01089380475
204105	0.007400421644
204106	0.0001679654426
204107	0.000218363542
204108	0.0003190852576
204109	0.00173096003
204110	0.004364630167
204111	0.001474168963
204112	0.002510768306
204113	0.0005332317125
204114	0.001777471858
204115	0.0002902060589
204116	0.002029155096
204117	0.0004024180822
204118	0.0001129494487
204119	3.738554277e-05
204120	0.003113207326
204121	0.001075399402
204122	0.00217960666
204123	0.0003645552885
204124	0.002262098948
204125	0.0002783161885
204126	0.0007444667942
204127	0.004123131615
204128	1.932657079e-05
204129	0.002056456295
204130	0.001327483192
204131	0.00146548303
204132	3.553692521e-05
204133	0.00258865822
204134	7.079747551e-05
204135	0.0007179117108
204136	0.001063041288
204137	0.004007518239
204138	0.0001850285679
204139	0.002061003167
204140	1.707061008e-05
204141	0.0003507139745
204142	0.0007427653101
204143	0.0002487749758
204144	0.002149038827
204145	0.002712020873
204146	0.006543357448
204147	0.003577731909
204148	0.001323978876
204149	0.003996947322
204150	0.002254399688
204151	5.266115824e-05
204152	0.00114623438
204153	0.002645209386
204154	0.001103513681
204155	0.0007796718435
204156	0.0005718374901
204157	0.0003142578617
204158	0.0004018114758
204159	0.002477485679
204160	0.002351160746
204161	7.476912355e-05
204162	0.0004028419955
204163	0.0005719561142
204164	0.001034002896
204165	0.003046254134
204166	0.0009420036982
204167	0.000697662945
204168	0.0006617749316
204169	0.002694453503
204170	0.00382684245
204171	0.002697181263
204172	0.00218825992
204173	0.003195034637
204174	0.0003955245269
204175	0.0003778362818
204176	0.001002545558
204177	8.085764186e-05
204178	0.0005155836662
204179	0.002241254428
204180	0.001078533857
204181	0.0004896187717
204182	0.0009310665291
204183	0.004805015465
204184	0.0008608559677
204185	0.001066215947
204186	0.004936375894
204187	0.000718256336
204188	0.0008028235552
204189	9.600122914e-05
204190	0.0004465922781
204191	0.001571985301
204192	0.0003764483754
204193	0.002038878184
204194	0.001089175897
204195	0.00105659109
204196	0.001855903458
204197	0.001399163867
204198	0.001323626059
204199	0.001237190359
204200	0.0005910933203
204201	5.484350116e-05
204202	1.80943358e-05
204203	4.30065674e-05
204204	0.0007353110422
204205	0.0006123303599
204206	0.001424858504
204207	0.0001591938707
204208	0.001017667947
204209	0.00443773117
204210	0.005929442116
204211	0.001716276781
204212	0.0009763459186
204213	0.001195408859
204214	0.007930386016
204215	0.003402816337
204216	0.0003294838475
204217	0.0001219930113
204218	0.002285900678
204219	0.0003005334014
204220	0.002049935829
204221	0.00173537268
204222	0.0002893536408
204223	0.0006562335173
204224	0.001624008293
204225	0.00033272542
204226	0.001430938068
204227	0.0003432037059
204228	0.0009110701464
204229	0.0004446948677
204230	0.0006435098142
204231	0.004995062354
204232	0.00119977938
204233	0.000469685421
204234	0.000682500498
204235	0.0001615549067
204236	0.0004608033637
204237	0.0002400155521
204238	0.0001031604825
204239	0.0009636517441
204240	0.006438125239
204241	0.002184495769
204242	0.0006344878965
204243	0.002235442177
204244	0.001109561791
204245	0.002574639065
204246	0.002064360796
204247	0.00045253674
204248	0.0004708537754
204249	0.001164373442
204250	0.0005506341468
204251	0.0007516691963
204252	0.003918045756
204253	0.0005770249202
204254	0.0008371775723
204255	0.001323888117
204256	0.002611690709
204257	0.002045919661
204258	0.002131813258
204259	0.001865745851
204260	0.003753562968
204261	0.001350686839
204262	0.001704282769
204263	0.000966210687
204264	0.0005959134102
204265	6.334881208e-05
204266	0.001285231188
204267	0.00156541624
204268	0.001804190695
204269	0.0006284095227
204270	0.004169006382
204271	0.0009379471799
204272	3.220567963e-05
204273	0.004057593015
204274	0.001754141272
204275	7.804308233e-05
204276	0.0007127042875
204277	5.245564312e-05
204278	0.00319821572
204279	0.001207157371
204280	0.0008164930675
204281	0.0002891369388
204282	0.000588979971
204283	0.0003419027174
204284	0.001557274924
204285	0.0002597307382
204286	0.003918686672
204287	5.877701749e-05
204288	0.0002655471424
204289	2.639977233e-05
204290	0.001244786426
204291	0.001352930536
204292	6.142525204e-05
204293	0.001611157395
204294	0.001243079748
204295	0.000637924368
204296	0.001558797964
204297	0.003739902052
204298	0.00447521819
204299	0.0005189234436
204300	0.002838713474
204301	0.0004808765713
204302	9.799754522e-05
204303	0.0004812108102
204304	0.005831772222
204305	0.002234319006
204306	0.002951404084
204307	0.001353527934
204308	0.002672257759
204309	0.001698413972
204310	0.0006927975478
204311	0.0001337917693
204312	0.001053250923
204313	0.0005154854366
204314	0.001133353479
204315	0.0005482207606
204316	0.003468451733
204317	2.242669577e-05
204318	0.0002602912525
204319	0.0005239921186
204320	0.002867327909
204321	8.450864975e-05
204322	0.0003075278506
204323	0.0004485803888
204324	0.001137911254
204325	0.0001987966985
204326	0.003559788425
204327	0.001339055784
204328	3.729712936e-05
204329	0.0002154409866
204330	0.0008820472953
204331	0.001154693443
204332	0.001070174216
204333	0.000332901402
204334	0.001956449984
204335	0.0001716963414
204336	0.0004320173775
204337	0.0004676221938
204338	0.001782103296
204339	0.0007310145179
204340	0.0007795484882
204341	0.001386355512
204342	0.000602199592
204343	0.0008807486305
204344	0.002164879289
204345	0.0009503918576
204346	0.002791934367
204347	0.001561797464
204348	0.001190600417
204349	0.0007685569196
204350	0.0001402502987
204351	0.002734533266
204352	0.001094400478
204353	0.0006699091704
204354	0.0009285969027
204355	0.00511379777
204356	0.0006250904685
204357	0.001934798306
204358	0.000595253587
204359	0.00370005709
204360	0.005009018755
204361	0.001175625374
204362	0.001382656951
204363	0.0004180782398
204364	0.001501588583
204365	0.003627193264
204366	0.006326184524
204367	0.003446266451
204368	0.0008769551777
204369	0.0008114070774
204370	0.001894497169
204371	0.0009918912969
204372	0.0004745723555
204373	0.001276084407
204374	0.0003491477999
204375	0.001040032086
204376	0.00121870611
204377	0.003141829991
204378	0.002928522216
204379	0.0007971939358
204380	0.003338069496
204381	0.0019869938
204382	0.0004417024453
204383	0.0003781133075
204384	0.0009360804671
204385	0.00141358956
204386	0.001084768605
204387	0.0004424530514
204388	0.0009343248275
204389	0.0009035374091
204390	0.0102046004
204391	0.001544654933
204392	0.0009660343342
204393	3.330626633e-06
204394	0.001259051125
204395	0.0002269783577
204396	0.001205735495
204397	0.0002618941238
204398	2.623156659e-05
204399	0.005005026623
204400	0.002006243439
204401	0.002218388268
204402	0.0002627561162
204403	0.001190780583
204404	0.0003497190686
204405	0.0002557550981
204406	2.033989974e-05
204407	0.0001948586937
204408	3.848420639e-05
204409	0.0005558361575
204410	0.001121378795
204411	0.002223713856
204412	0.004087585014
204413	0.0002107414831
204414	0.003452720979
204415	0.003926742086
204416	0.0007028636717
204417	0.0008688474669
204418	0.0006990320352
204419	4.572298424e-05
204420	0.0003634704154
204421	0.0006056336008
204422	0.001072143043
204423	0.0009954952618
204424	0.001669675002
204425	0.003425197667
204426	0.0006356929251
204427	0.0007745308206
204428	0.002544635344
204429	0.002545278856
204430	0.0001356920294
204431	0.0009651509282
204432	0.0003485900305
204433	7.867275503e-05
204434	0.0005312385828
204435	9.258037415e-05
204436	0.00128972952
204437	0.0009331280083
204438	0.002078428171
204439	0.00314680799
204440	0.0001887477708
204441	0.0009703377565
204442	0.0004763462906
204443	7.38907752e-05
204444	0.0006216281144
204445	0.00161190648
204446	2.224740027e-05
204447	0.001556776092
204448	0.005726378781
204449	0.002598913688
204450	0.0009958893132
204451	0.0004970788411
204452	0.001990244314
204453	0.0039859802
204454	0.0002108686235
204455	0.0001270287373
204456	0.003879998363
204457	0.0007783412399
204458	0.001891827995
204459	2.117219455e-05
204460	0.0005501329588
204461	0.002706567053
204462	0.001568850444
204463	9.303099135e-05
204464	0.0004562860653
204465	0.001834977954
204466	0.0001384094584
204467	0.001417985704
204468	0.0006066851265
204469	0.0002583694688
204470	0.0005085624429
204471	0.003997440634
204472	6.571958868e-05
204473	0.001229342233
204474	0.001276079521
204475	4.019481143e-05
204476	0.0005793384211
204477	0.004159668195
204478	0.0009489793103
204479	0.0002572308287
204480	0.001025712193
204481	0.0006024468662
204482	0.003794272531
204483	0.002324798992
204484	0.0001807662373
204485	0.001655311659
204486	0.001503635116
204487	0.002061111066
204488	0.001833948643
204489	0.0001844499468
204490	0.0001508272024
204491	8.899144662e-05
204492	0.0001061783206
204493	0.0001731199369
204494	0.001470673117
204495	0.0005394270044
204496	0.006300970392
204497	0.0007146196755
204498	0.0006275077453
204499	0.001145961457
204500	0.0007610459246
204501	0.001404107727
204502	0.0006693985889
204503	0.001712239495
204504	0.0002483001092
204505	0.0004676510108
204506	0.0005946924457
204507	0.0003727001318
204508	0.0006413786147
204509	0.002507618319
204510	0.001486924141
204511	0.0002989664849
204512	0.001460436526
204513	0.001068126568
204514	0.005101912471
204515	0.001669985906
204516	0.002309473811
204517	0.000574376059
204518	0.001416128138
204519	0.000231582006
204520	0.002273023793
204521	0.000737828589
204522	0.0006440018143
204523	0.0007266869194
204524	0.0001073944215
204525	6.381477493e-05
204526	0.000405891791
204527	0.00221893268
204528	0.0001027652201
204529	0.00235181497
204530	0.0003223141904
204531	0.0004080573382
204532	0.003002306641
204533	0.000859002364
204534	0.0003774356091
204535	9.237120929e-05
204536	0.0002089334347
204537	0.000107748448
204538	0.00312819364
204539	0.001682057122
204540	0.0003667083313
204541	0.004265144268
204542	0.001799259024
204543	0.001347617841
204544	0.0004372143495
204545	0.0003352600502
204546	0.001914669075
204547	0.001969332995
204548	0.0004928451728
204549	0.0002107329882
204550	0.000288011663
204551	0.001911164719
204552	0.001870154147
204553	0.0027186039
204554	8.930486192e-05
204555	0.0002528123412
204556	0.001436533894
204557	0.0027919211
204558	0.0005174812913
204559	2.720574469e-05
204560	0.0005429082225
204561	0.0005689708581
204562	0.0003729624162
204563	0.0008230858316
204564	0.00254496852
204565	0.0002140277037
204566	0.001810567828
204567	0.001531832522
204568	0.0002745684183
204569	0.0004011775908
204570	0.0006279280682
204571	0.001460227054
204572	0.0003907057465
204573	0.0002685160998
204574	0.0008188455864
204575	3.882031381e-05
204576	0.001803259652
204577	0.002340442925
204578	0.003598116736
204579	0.0002466575839
204580	0.0007343841398
204581	0.000547573379
204582	0.001473986235
204583	0.002167783576
204584	0.0002772323043
204585	0.001036587415
204586	0.0004206941396
204587	0.001843815522
204588	0.003390231673
204589	0.0001098735726
204590	0.001900018976
204591	0.004194649906
204592	0.001783097516
204593	0.0026101034
204594	0.00240532396
204595	0.0009868873598
204596	0.00339747718
204597	0.002841052578
204598	0.0003591350984
204599	0.0004189430257
204600	0.003445594644
204601	6.236591238e-05
204602	0.0008489879069
204603	0.001736099985
204604	0.001063613189
204605	0.004233671543
204606	9.224824469e-05
204607	0.0006032841122
204608	1.602993209e-05
204609	0.0009049575812
204610	0.001606032258
204611	0.002901072481
204612	0.002364584632
204613	0.0007537845462
204614	0.001781065607
204615	0.0003088796032
204616	0.001193560316
204617	0.0006869315385
204618	2.983863057e-05
204619	0.001038311884
204620	0.0001425927877
204621	0.003892590083
204622	0.001751998523
204623	0.00200782946
204624	0.001727502248
204625	0.0002735013774
204626	8.574846431e-06
204627	0.0002361503058
204628	0.0002815202371
204629	0.0004770049212
204630	0.001358389491
204631	0.00786719639
204632	0.005568553757
204633	0.0009797770836
204634	0.0008536324666
204635	0.003894971107
204636	0.001488005851
204637	0.001612937421
204638	0.001027273612
204639	0.0004811940441
204640	0.0002084054345
204641	0.001078518076
204642	9.021253038e-05
204643	0.001714800225
204644	0.0009642016026
204645	0.0006501095862
204646	0.001040678573
204647	0.001716376987
204648	0.0001032115891
204649	0.004844117827
204650	0.001105675271
204651	0.004503274867
204652	2.329077623e-06
204653	0.000751698477
204654	0.001147488133
204655	0.001932589508
204656	0.0008323796891
204657	0.0001936335944
204658	0.0001972424663
204659	0.001499266569
204660	0.001618777601
204661	0.0009667352546
204662	0.001242810907
204663	0.0007572360081
204664	0.0001326683905
204665	0.00138841497
204666	0.000127205467
204667	0.004971590077
204668	0.0002600660409
204669	0.0009004331746
204670	0.0006564005286
204671	0.001707036039
204672	0.0019330499
204673	0.003386098043
204674	0.0005906981779
204675	0.003157135738
204676	0.002860229164
204677	0.0008278590518
204678	0.0007482220412
204679	0.000173060548
204680	0.0001958683738
204681	0.0006783139728
204682	0.0003659348606
204683	0.0006538348213
204684	0.0002087808662
204685	0.0007351531629
204686	2.526408841e-05
204687	0.0008176304932
204688	0.003875106249
204689	0.00157314501
204690	0.0002215096164
204691	0.004518961301
204692	0.0002357060368
204693	0.0001045853208
204694	0.0005595172626
204695	0.0004088329955
204696	0.0007345407473
204697	0.001404884878
204698	0.006500918418
204699	0.0006162533135
204700	0.001898146745
204701	0.002990716897
204702	0.00470391481
204703	9.456922408e-05
204704	0.0007867781914
204705	0.001671408698
204706	0.0002003321421
204707	0.00076491654
204708	0.0005790665252
204709	0.000259270007
204710	0.001548756386
204711	0.001149336253
204712	0.001304647661
204713	0.0008012445975
204714	0.0001685177392
204715	0.0008423859423
204716	0.002662488872
204717	0.0002813564283
204718	0.001000678689
204719	0.001024202798
204720	0.000264824265
204721	0.001648394197
204722	0.002853202674
204723	0.00248942268
204724	4.676591984e-05
204725	0.0004934035902
204726	0.001405304537
204727	8.063029697e-05
204728	0.001276263664
204729	0.001749255752
204730	0.002072804363
204731	0.002775127729
204732	0.0007458504148
204733	0.001834802932
204734	6.351692069e-05
204735	0.0005334986575
204736	0.003664680483
204737	8.854241054e-05
204738	0.0001420087754
204739	0.0006544344685
204740	0.0007068899552
204741	0.0004763498212
204742	0.00125972379
204743	0.001918800322
204744	0.001806958617
204745	0.001673442505
204746	0.0005725581571
204747	0.0007509722654
204748	0.0008342345538
204749	0.0003587020705
204750	0.001724125852
204751	0.003478168043
204752	9.44987762e-05
204753	0.0009016145171
204754	0.000195365696
204755	0.0004213237618
204756	0.001279258927
204757	0.0005404487541
204758	0.001038350803
204759	0.001421727035
204760	0.001539262486
204761	0.002914299967
204762	0.0009769425078
204763	0.0006521825759
204764	0.0008415041134
204765	0.0007011721933
204766	0.002828001998
204767	0.002948721285
204768	0.001288894887
204769	0.0005206621955
204770	0.0003905943454
204771	0.001952229289
204772	0.001259967848
204773	0.002487392818
204774	0.002340688352
204775	0.0007785705397
204776	0.0002631211662
204777	0.004559494476
204778	7.018938377e-05
204779	0.0005086994947
204780	0.001222263256
204781	0.000303601934
204782	0.000505958338
204783	0.0006679674565
204784	0.003705482809
204785	0.0007870271411
204786	0.0004458399264
204787	0.003780223272
204788	0.0007730792863
204789	0.0020895552
204790	0.001541639572
204791	0.0002544890244
204792	0.000945854894
204793	0.001112450792
204794	0.001283906286
204795	0.001184834963
204796	0.0004202988538
204797	0.0009703422808
204798	0.005319263332
204799	0.000725893256
204800	0.002132132027
204801	0.0006224493119
204802	0.001086771278
204803	0.0001650811717
204804	0.002109512345
204805	8.992994924e-05
204806	0.002048646724
204807	0.0001036776371
204808	0.002394112219
204809	0.0008687251537
204810	0.0005162797753
204811	0.000793732641
204812	0.003613424093
204813	0.002409767427
204814	0.006137008061
204815	0.004359623685
204816	0.001487392332
204817	0.0005932108917
204818	0.0007930339282
204819	9.525240718e-06
204820	0.000354692134
204821	0.0001733796646
204822	0.001176023906
204823	0.001709514492
204824	0.0003827646595
204825	0.001339116256
204826	8.690456241e-05
204827	0.0002289799478
204828	0.0004310604606
204829	0.0001245826866
204830	0.002681571315
204831	0.003228218529
204832	2.555653939e-05
204833	0.002054687016
204834	4.372873012e-05
204835	0.0003092959861
204836	0.0007993758182
204837	0.0003827674969
204838	0.001242883375
204839	0.002635675614
204840	0.002171283403
204841	0.002362962358
204842	0.001546779583
204843	0.0006633433207
204844	0.001073217018
204845	0.00518318263
204846	0.001556503302
204847	0.00043806221
204848	0.001584171581
204849	0.002455908906
204850	0.0006865498213
204851	0.0008171162268
204852	0.0007102603007
204853	0.0003816577735
204854	0.002835445554
204855	0.001069905413
204856	0.0004180132507
204857	0.001021665045
204858	0.001216428828
204859	0.0003063655984
204860	0.001454277536
204861	0.001500958742
204862	0.001386266273
204863	0.001839767711
204864	0.001614439797
204865	0.0002642830783
204866	0.0002598657984
204867	0.004591829922
204868	0.0007153125278
204869	0.001244071219
204870	0.002146533681
204871	0.0002002723725
204872	0.0002802748137
204873	0.000287392718
204874	0.0002447484994
204875	0.0001245850649
204876	0.002198790196
204877	0.001065841859
204878	0.002557393425
204879	0.0007645872326
204880	0.001620046914
204881	0.0004219730348
204882	0.0009345537737
204883	0.001624875296
204884	0.0002641768383
204885	0.0001926043067
204886	0.0003679522808
204887	0.0002773110131
204888	0.0008240902997
204889	0.005370308824
204890	0.001142522608
204891	0.003514060886
204892	0.002458942678
204893	0.001296040275
204894	0.004873999511
204895	0.0001872957356
204896	0.0002828561834
204897	0.0001906813275
204898	0.0003253119337
204899	0.002269513549
204900	0.0004616007531
204901	0.001575602449
204902	0.0003063438851
204903	0.002623813372
204904	9.165705488e-05
204905	0.001405005334
204906	0.000896489821
204907	0.00191845994
204908	0.002703818047
204909	0.00052628737
204910	0.001330061078
204911	0.001386862495
204912	0.0008255924145
204913	0.0002702903421
204914	0.0008014623706
204915	0.0001477681654
204916	0.002341276734
204917	0.002063606888
204918	0.001273346029
204919	0.00062612166
204920	0.0002842999795
204921	0.0007930294521
204922	0.005555677347
204923	0.001221056856
204924	0.001938987783
204925	2.666553094e-05
204926	0.003024430176
204927	0.0001684693266
204928	9.487515712e-05
204929	0.001709698807
204930	0.001035841024
204931	6.113181585e-05
204932	0.0005177338975
204933	0.0008888357155
204934	0.0004717666638
204935	0.001244651544
204936	0.0007402223158
204937	0.0002730355148
204938	0.003059209609
204939	0.001068987847
204940	0.0002061235471
204941	0.001687470441
204942	0.0004178374344
204943	0.001955534186
204944	2.453538855e-05
204945	0.001079262544
204946	0.00153588575
204947	0.00333506307
204948	0.005504011302
204949	0.001510270051
204950	0.00111458267
204951	0.001740226789
204952	0.000953121643
204953	0.004036285381
204954	0.0007386658678
204955	0.0006586897837
204956	0.001287572884
204957	0.0002042766477
204958	0.005282680042
204959	3.266244633e-05
204960	0.001034270698
204961	0.00314716669
204962	0.001548118751
204963	0.0001964332542
204964	0.0002244083687
204965	0.001969926883
204966	0.0003169337037
204967	1.113344577e-05
204968	7.328991901e-05
204969	0.0006174065019
204970	0.0001594183109
204971	0.003531421874
204972	0.0009001276171
204973	0.001581320664
204974	9.65736764e-05
204975	0.0008090177902
204976	0.002308414056
204977	0.0007676169502
204978	0.000337034924
204979	0.002369961429
204980	0.001884275508
204981	0.0009760990958
204982	0.001860959914
204983	6.561168365e-05
204984	0.0003039702241
204985	0.0002502231077
204986	0.005481533866
204987	0.0004756263862
204988	8.911645613e-05
204989	0.001822674625
204990	0.001988303238
204991	0.0007986377636
204992	0.003790112187
204993	0.0002338826562
204994	0.006105616704
204995	0.001474768943
204996	0.001757080263
204997	0.0007154153355
204998	0.0003126718155
204999	0.001204054727
205000	0.002854148993
205001	0.002323362212
205002	0.001027887957
205003	0.0003124610964
205004	0.001045769965
205005	0.001710349909
205006	0.0006249700938
205007	0.0009101576985
205008	0.001850359377
205009	0.001136377927
205010	0.001380854766
205011	0.002577442849
205012	0.0005791631818
205013	0.001877262027
205014	0.0001635525085
205015	0.002451356004
205016	0.0003362254738
205017	0.0007602026693
205018	0.003097599036
205019	0.0008963957621
205020	0.002552876717
205021	0.004459539155
205022	0.001191333739
205023	0.001798999544
205024	0.0008186428028
205025	0.000574613938
205026	0.001128986244
205027	1.229684217e-05
205028	0.0009247982846
205029	0.000486598935
205030	0.001875085122
205031	0.00342269866
205032	0.002229043811
205033	0.00480731286
205034	0.00138174188
205035	0.002952230577
205036	0.00133332599
205037	0.002950764445
205038	0.0003623315191
205039	0.0001328706831
205040	0.0002228331171
205041	0.001361161127
205042	0.00233724334
205043	0.001672471386
205044	0.002405191381
205045	0.004045137712
205046	0.002937520481
205047	0.003991493263
205048	0.001288835955
205049	0.0002808072711
205050	0.0002318826705
205051	0.001671332088
205052	0.0006747425104
205053	0.0007920466776
205054	0.0009336972227
205055	0.001385601195
205056	0.0003381530358
205057	0.0008684674328
205058	0.0007455204231
205059	0.001453299042
205060	0.0004414616467
205061	0.001253290409
205062	0.0004885707944
205063	0.0003609220369
205064	0.0005773126223
205065	0.00139093013
205066	0.0002947056405
205067	0.002057535573
205068	0.000403763539
205069	0.0002008663916
205070	0.0008949382875
205071	0.004282230048
205072	0.002878062961
205073	0.0006981941802
205074	0.003353283213
205075	0.0003261199698
205076	0.0002430065507
205077	0.0004533657865
205078	0.0004749143284
205079	0.0003756747491
205080	0.0002570004409
205081	0.001049129347
205082	0.0009637868614
205083	0.001234813702
205084	0.001959655237
205085	0.001250922657
205086	0.0005845947601
205087	0.002319662469
205088	0.003690746987
205089	0.003842200013
205090	0.0007728816681
205091	0.0008849838749
205092	0.001146181116
205093	0.001426834602
205094	0.001550918223
205095	0.0001594159874
205096	0.0009595505798
205097	0.001018317895
205098	0.001157024629
205099	0.00208806164
205100	0.0004763010753
205101	0.002293398499
205102	0.00153102074
205103	0.000999743329
205104	0.001244916193
205105	0.002583250891
205106	0.002959626243
205107	0.002820785185
205108	0.001796836875
205109	0.001249719082
205110	0.0006212785137
205111	0.005383374427
205112	0.001148461737
205113	0.000802575515
205114	0.005710711188
205115	0.001668250998
205116	7.809077668e-05
205117	0.0006589420126
205118	0.0007445729459
205119	0.003779120581
205120	0.0001985187285
205121	0.005067194367
205122	0.002671701999
205123	0.002202637188
205124	0.001531479627
205125	0.002638027039
205126	0.001439458716
205127	0.004121444841
205128	0.002789964065
205129	0.001087242866
205130	0.0006695444067
205131	0.0001353653268
205132	0.00413120006
205133	0.0002076301408
205134	0.0001328391435
205135	0.001374011843
205136	0.00142466642
205137	0.0004208378254
205138	0.001000578928
205139	0.0002580847292
205140	2.331948762e-05
205141	0.000753430004
205142	0.0002839910883
205143	0.005752826123
205144	0.002320744476
205145	0.0007578135476
205146	0.00130888674
205147	0.004670994751
205148	0.0001513611967
205149	0.001702354127
205150	0.004555430732
205151	0.001789041621
205152	0.003476167127
205153	0.003903292371
205154	0.0005289802438
205155	7.785324118e-06
205156	0.0002502801148
205157	0.001281467917
205158	0.001583272618
205159	0.0002487073077
205160	0.004693346126
205161	0.002314802515
205162	0.003401388487
205163	0.002289962451
205164	0.001208398174
205165	0.00204804663
205166	0.002974877017
205167	0.002294949074
205168	0.001597957749
205169	0.0002747624401
205170	0.003617431777
205171	0.0010103581
205172	0.006134662787
205173	0.001155750752
205174	0.0002377875212
205175	0.0002968403211
205176	0.001919771488
205177	0.001201988208
205178	0.001188374707
205179	0.0005536178187
205180	0.001014433532
205181	0.007272318001
205182	0.0005055521093
205183	0.001519324381
205184	0.00062682853
205185	0.0007388949205
205186	0.001538831777
205187	0.003385979069
205188	0.002970753323
205189	0.001511877516
205190	3.636828082e-05
205191	0.0006924978701
205192	0.002812699518
205193	6.887626102e-05
205194	0.00337751064
205195	0.005276114868
205196	0.0008496176455
205197	0.0002264230799
205198	0.002205520771
205199	0.000853827983
205200	0.001269730684
205201	0.0003006376228
205202	0.001110087923
205203	0.001806761101
205204	0.001149290373
205205	0.002504187776
205206	0.0004199608547
205207	0.0006453397202
205208	0.0001834445292
205209	0.0003456011062
205210	0.0002399522125
205211	0.0007492194478
205212	6.132969327e-05
205213	0.008608148279
205214	0.0003304777237
205215	0.006194109891
205216	0.0004748240623
205217	0.0009697162444
205218	0.001386121566
205219	0.002350949093
205220	0.0020426104
205221	1.614901728e-05
205222	0.004886091029
205223	0.0006480672658
205224	0.004172957477
205225	2.658601504e-05
205226	0.0019420442
205227	0.002006383315
205228	0.003033145475
205229	0.001244226762
205230	0.001799628984
205231	0.004841848393
205232	0.001754636055
205233	0.002212910329
205234	0.001110377636
205235	0.0008489957733
205236	0.0003331197544
205237	0.001488191449
205238	0.003074697521
205239	0.0006774231402
205240	4.988298231e-05
205241	0.001924758453
205242	0.0009675884299
205243	0.002745062654
205244	0.0007567542755
205245	0.003839634828
205246	0.001540329766
205247	0.002159162629
205248	0.002429664643
205249	0.0002849412988
205250	0.0004664475041
205251	0.001108595281
205252	0.0005427230257
205253	0.0009602668347
205254	0.002649039276
205255	0.001118597054
205256	0.004193367089
205257	0.0002403737617
205258	0.001206169707
205259	0.003479943939
205260	0.0009814976506
205261	0.00240517273
205262	0.0006036291708
205263	0.003314003455
205264	0.001274555234
205265	0.0002854310999
205266	0.0007306154035
205267	0.0005097590211
205268	0.0003902507529
205269	0.001137265251
205270	0.0002697966315
205271	0.0007988227207
205272	8.073510647e-05
205273	0.0002734359065
205274	0.002104281258
205275	0.0001269161635
205276	0.0001258194429
205277	0.0005372396916
205278	1.008504181e-05
205279	0.0005526529613
205280	0.002383652857
205281	0.001546848455
205282	0.0001145777974
205283	0.0001780695475
205284	0.0003918917654
205285	0.0003205271743
205286	0.006603505629
205287	0.001490460837
205288	0.001785805212
205289	0.0006381510958
205290	0.0009182641114
205291	0.0001500952922
205292	3.229792018e-05
205293	0.001170542513
205294	0.0009274897002
205295	0.0008223083322
205296	0.0007743919734
205297	0.0002106206297
205298	0.0004464481022
205299	0.002112827979
205300	0.0007407045922
205301	0.001029257773
205302	0.002349703187
205303	0.001418173781
205304	0.000780185089
205305	3.017332901e-05
205306	0.0006527366759
205307	0.0001792749967
205308	3.047416877e-06
205309	0.003335740203
205310	0.001856411543
205311	0.005612939114
205312	0.00326418022
205313	4.773147812e-05
205314	0.0009496845397
205315	0.0005580319252
205316	0.001046679923
205317	0.0006953057874
205318	0.001164466657
205319	0.0004668710179
205320	0.0003538020837
205321	0.003224980456
205322	0.00541226489
205323	0.0007063278524
205324	0.005209057721
205325	0.0004754176881
205326	0.0008501495035
205327	0.001468375254
205328	0.00281953123
205329	0.0009195527713
205330	0.002302412526
205331	0.0007048664495
205332	0.0002937521268
205333	0.002599896542
205334	0.003961255889
205335	0.003654417857
205336	4.96427441e-05
205337	0.0008026962289
205338	0.002404004193
205339	0.0009035649192
205340	0.001482767714
205341	0.0004484800433
205342	0.005178696521
205343	0.0002952710965
205344	0.001045329054
205345	0.001504378851
205346	0.0002582922811
205347	0.0003294005725
205348	0.0011048963
205349	0.002052251772
205350	0.001830370787
205351	0.0007698799777
205352	0.0003251151851
205353	1.640600418e-05
205354	0.001521186682
205355	0.00221727072
205356	0.001793907257
205357	0.001363211325
205358	0.0005429541764
205359	0.001307341871
205360	0.0006792962662
205361	0.0006071928414
205362	0.001695451901
205363	0.000314100228
205364	8.090022846e-05
205365	0.0008088922088
205366	0.0008990180708
205367	0.001394135855
205368	0.0008984901719
205369	0.0009947351052
205370	0.0007698217137
205371	6.530964667e-05
205372	0.001335319218
205373	0.0008661487113
205374	0.0007120937605
205375	0.0001661940713
205376	0.002254970865
205377	0.0006435746476
205378	0.0009119247655
205379	0.0009067152702
205380	0.001773993834
205381	0.001181745626
205382	0.0004031118932
205383	0.001943527478
205384	0.0001625864653
205385	0.00159645743
205386	0.002480637995
205387	5.922012332e-05
205388	0.0007973696713
205389	0.0003057151526
205390	0.0007430923492
205391	0.002120169605
205392	0.0001759714851
205393	0.003951470852
205394	0.0009145623672
205395	0.001135129296
205396	0.001206486897
205397	0.002195397652
205398	0.003269140496
205399	0.001222496899
205400	0.009108425664
205401	0.001272183769
205402	0.0001298188952
205403	0.0003363082691
205404	0.0004222445788
205405	0.000912017607
205406	0.004148584491
205407	0.0004528947378
205408	0.003025229141
205409	0.003612729981
205410	0.001459737566
205411	0.0002704266364
205412	0.00249905656
205413	0.001102353455
205414	0.001684385451
205415	0.000231577411
205416	0.001921282579
205417	0.002816396208
205418	0.0037405478
205419	0.001556616657
205420	0.002288740255
205421	0.0006726660621
205422	0.001328492455
205423	5.422920416e-05
205424	0.001271412603
205425	0.002364276956
205426	0.002895167789
205427	0.0002761381058
205428	0.0003722368064
205429	0.002474532062
205430	0.005093291785
205431	0.001251669591
205432	0.0003253915248
205433	0.0009326323816
205434	0.001382802739
205435	0.001803557186
205436	0.001782779108
205437	0.002021292668
205438	6.385489199e-05
205439	0.002180563572
205440	0.001428347896
205441	0.0003854304818
205442	0.0005169558403
205443	0.003399050954
205444	0.002428077791
205445	0.004090537835
205446	0.002903016513
205447	0.001678219357
205448	0.0003463272652
205449	0.0007835842711
205450	0.005069079608
205451	0.00446784331
205452	0.001326628197
205453	0.001652981261
205454	0.0003941887389
205455	0.002132624265
205456	2.545224555e-05
205457	0.0004962985702
205458	6.672571973e-05
205459	0.0002544784412
205460	0.0002966961949
205461	0.0003229435987
205462	0.001367242964
205463	0.002290957859
205464	0.0002537043849
205465	0.003211787739
205466	0.001121072339
205467	0.003406840458
205468	0.001505856093
205469	0.0002226136008
205470	0.003952445687
205471	0.002664593618
205472	0.0009346483421
205473	0.0005605663774
205474	0.002226847378
205475	0.002722114607
205476	0.001093891543
205477	5.358409321e-05
205478	0.001455979159
205479	0.001695125914
205480	0.001289176836
205481	0.0002704895564
205482	0.0007158376619
205483	0.001573812286
205484	1.604835025e-05
205485	0.0003983172185
205486	0.001268918453
205487	0.002043703091
205488	0.0002172255667
205489	0.003917484346
205490	0.003356636949
205491	0.0004966688467
205492	0.001217309257
205493	0.003271473259
205494	5.776879486e-05
205495	0.00241196281
205496	0.002889244475
205497	0.0007897491875
205498	0.0007765804424
205499	0.000729163877
205500	0.002753045133
205501	0.0002960151264
205502	0.0002525452587
205503	0.000496242278
205504	0.001356306863
205505	0.0006457885194
205506	0.0005205751751
205507	0.0005371585209
205508	0.0008199425995
205509	0.0006157315853
205510	0.003203206058
205511	0.0005426031799
205512	0.0006666103871
205513	0.004956873139
205514	0.0009046116754
205515	0.0007482872055
205516	0.0007956438497
205517	0.0007528533
205518	0.001239362827
205519	0.001310882287
205520	0.007938441321
205521	0.002844269529
205522	0.0008552682162
205523	0.003295330424
205524	0.003163926143
205525	0.001481750606
205526	0.001614955482
205527	0.001224795881
205528	0.001952354265
205529	0.002016759332
205530	0.003884227955
205531	0.001825424146
205532	0.001013631465
205533	0.005214263291
205534	0.0002842089672
205535	0.001603436805
205536	0.002083476331
205537	0.0003380899695
205538	0.003041666159
205539	7.157696195e-06
205540	0.003157894712
205541	0.00273223517
205542	0.000693948265
205543	7.487879032e-05
205544	0.004486803731
205545	0.002428812012
205546	0.00206546385
205547	0.00116419478
205548	0.002478128122
205549	0.001098747465
205550	7.777450306e-08
205551	0.0004301271439
205552	0.001401356182
205553	0.0003883136776
205554	0.001856469204
205555	0.0001506564865
205556	0.003149539959
205557	0.0008192811859
205558	0.0008057013766
205559	0.002831064608
205560	0.0003650591582
205561	0.001729120709
205562	5.138901787e-05
205563	0.0002048605428
205564	0.0008857484046
205565	5.445019041e-05
205566	0.0007119447716
205567	0.0009307612144
205568	0.002103216892
205569	0.0005096973849
205570	0.0002940608783
205571	0.0008311756678
205572	0.0004979366126
205573	0.000661376436
205574	0.0002012008603
205575	0.003269047369
205576	0.0008347285131
205577	0.0004635628083
205578	0.001464412605
205579	0.000280059574
205580	0.0002980446134
205581	0.002818687258
205582	0.000331311567
205583	0.0004250098089
205584	0.004104393116
205585	0.002750614855
205586	0.0008188404187
205587	0.00122627479
205588	0.0029659769
205589	0.0007993529253
205590	0.002935888154
205591	0.001624300967
205592	0.0009179227734
205593	0.002629927867
205594	0.002473715303
205595	0.0007324402868
205596	0.001741094123
205597	0.001793250659
205598	0.002574332454
205599	0.003112425832
205600	0.001925546751
205601	0.002101252737
205602	0.002602542109
205603	0.0005232419431
205604	0.002469055569
205605	0.003982694779
205606	0.001759256935
205607	0.002557400908
205608	0.00179757112
205609	0.005177130555
205610	0.005760748538
205611	0.0003528489871
205612	0.002678970092
205613	0.001515795267
205614	0.00449849866
205615	0.002657517515
205616	0.0002113107508
205617	0.002772028347
205618	0.0009873800891
205619	0.001844971064
205620	0.00129276342
205621	0.003587653222
205622	0.001485851074
205623	0.002040184085
205624	0.004903217645
205625	0.004450592944
205626	0.0006058416345
205627	0.001702311776
205628	0.001739699865
205629	0.002699962589
205630	0.003267961709
205631	0.001563403241
205632	0.001771802306
205633	0.003257359243
205634	0.002640837129
205635	0.001616731782
205636	0.004106817829
205637	0.0005874420818
205638	0.001115917039
205639	0.0009214711295
205640	0.003150920445
205641	0.0001292681943
205642	0.001085890416
205643	0.001102642682
205644	0.004123380172
205645	0.001620129465
205646	0.0006272374879
205647	0.002166076403
205648	0.00630878296
205649	0.0003867431554
205650	0.003265988
205651	0.002902640268
205652	0.003231081978
205653	0.0002120246121
205654	0.002226584498
205655	0.005109918882
205656	0.003052331524
205657	0.006611106624
205658	1.381837321e-05
205659	0.002061681538
205660	0.001098801823
205661	0.001189894262
205662	0.002747880968
205663	0.009102363684
205664	0.001252279873
205665	0.002668497488
205666	0.002215627635
205667	0.0008634321752
205668	0.001289312953
205669	0.0002650088398
205670	0.002031711822
205671	0.001945844881
205672	0.001461867336
205673	0.003116558023
205674	0.00173623021
205675	0.0009463850606
205676	0.003201804731
205677	0.0009901783122
205678	0.0003673746482
205679	0.001777700705
205680	0.0004410313788
205681	0.004372229907
205682	0.006212363494
205683	0.007537782665
205684	0.001476149344
205685	0.003256508262
205686	0.0007439111401
205687	0.003519274755
205688	0.007542092838
205689	0.009438023651
205690	0.001027986072
205691	0.0002190498295
205692	0.0002034103591
205693	0.001604559666
205694	0.001040752338
205695	0.005777094883
205696	0.0009034271976
205697	0.00540553196
205698	0.0007235300654
205699	0.0003249798201
205700	0.005551765262
205701	0.0003247462195
205702	0.001146153368
205703	0.0002371799768
205704	0.003867588422
205705	0.001088351439
205706	7.208272151e-05
205707	0.003214269392
205708	0.0001212424962
205709	0.0001467745488
205710	0.0006723436098
205711	0.003737452561
205712	0.001597746932
205713	0.003000738514
205714	0.002447961751
205715	0.0003036610867
205716	0.004324260777
205717	0.001417870011
205718	0.003365498962
205719	0.001630400102
205720	0.001354786941
205721	0.0009447487788
205722	0.0008447295996
205723	0.0007097316791
205724	9.48032015e-05
205725	0.0006473920618
205726	0.0006498691895
205727	0.005031746878
205728	0.0005176856985
205729	0.000183440242
205730	0.0005396486827
205731	0.0009707934046
205732	0.001137164154
205733	0.0002593258552
205734	0.002714906315
205735	0.0006374411222
205736	0.005715235111
205737	0.002163651693
205738	0.002071618102
205739	0.001688922875
205740	0.0001120410422
205741	0.005210868368
205742	0.005374091323
205743	0.006151532865
205744	0.001079236487
205745	0.001145820654
205746	0.001744984695
205747	0.001177111179
205748	0.003730074989
205749	0.0008821875076
205750	0.005102983982
205751	0.002715882295
205752	0.002407832941
205753	0.004543475436
205754	0.002160780338
205755	0.0006170223577
205756	0.002154192354
205757	0.001265385992
205758	0.003747707549
205759	0.001159904769
205760	0.0003136924752
205761	0.005980329084
205762	0.001420570224
205763	0.00209043906
205764	0.009086460321
205765	0.001836240985
205766	0.0006207045172
205767	0.00311248369
205768	0.005133332455
205769	0.001739540669
205770	0.0005393724305
205771	0.001569232386
205772	0.004182525454
205773	0.0001648349657
205774	0.002927590849
205775	0.003926117922
205776	0.002112234901
205777	0.0004700352438
205778	0.002012006141
205779	0.003868834836
205780	0.001362116128
205781	0.000111069537
205782	0.0004651980125
205783	0.005288155226
205784	0.001306331128
205785	0.0001426735456
205786	0.004351262799
205787	0.0005569273089
205788	0.001091749313
205789	0.0003045936993
205790	0.007765676111
205791	0.002054843323
205792	0.002103874137
205793	0.004256808003
205794	0.00563112089
205795	0.002641505591
205796	0.00371481003
205797	0.001209693103
205798	0.001850225935
205799	0.00281273109
205800	0.001587455465
205801	0.001973243938
205802	0.003056611495
205803	0.002187979755
205804	0.002469933494
205805	0.001298132694
205806	0.0006962109781
205807	0.0001604514321
205808	0.00101115619
205809	0.0003574213004
205810	0.004551699572
205811	0.004781368296
205812	0.001017960999
205813	0.003878883554
205814	0.003384959509
205815	0.004483681595
205816	0.006656062043
205817	0.004351673455
205818	0.0008777687116
205819	0.002968555312
205820	0.00103252359
205821	0.0007454464967
205822	0.001935492614
205823	0.0008322660736
205824	0.001034537242
205825	0.005363859119
205826	0.004216433009
205827	0.001091640647
205828	0.0007623203028
205829	0.0005058209417
205830	0.0001280690572
205831	0.0003136986944
205832	0.00509073146
205833	0.003027287131
205834	0.0002828546011
205835	0.0008644216407
205836	0.001806949548
205837	0.0005476663261
205838	6.231080578e-05
205839	0.0001462602165
205840	0.001007355226
205841	0.0005356514925
205842	0.000134462279
205843	2.979852521e-05
205844	0.002016824537
205845	0.002253565041
205846	0.002976864213
205847	0.003068295789
205848	0.009029338435
205849	0.002722334207
205850	0.004637416162
205851	0.002727305546
205852	0.003812503137
205853	0.00569521871
205854	0.00386825886
205855	9.251091266e-05
205856	0.005693755838
205857	0.0003749823176
205858	0.000228127948
205859	0.001535760209
205860	0.000246376318
205861	0.0007155351484
205862	0.003745577047
205863	0.0004189245277
205864	0.0004458409236
205865	0.00311364842
205866	0.0003211889938
205867	0.0009323627835
205868	0.0002620846838
205869	0.002280141127
205870	2.530735008e-05
205871	0.002751974898
205872	0.0005098300722
205873	0.0002690679585
205874	0.00101141882
205875	0.0003618390704
205876	0.0004712481151
205877	5.213310768e-05
205878	0.001188443004
205879	0.0007918508057
205880	0.0005977125082
205881	0.0005869180802
205882	0.0002929799008
205883	8.658368616e-06
205884	9.848639836e-05
205885	0.001138782688
205886	0.001383201161
205887	0.002290587552
205888	6.714878271e-05
205889	0.0009421496217
205890	0.00203785461
205891	0.007013619871
205892	0.0001551030533
205893	0.001606704747
205894	0.004290050302
205895	0.0009406959662
205896	0.001701561938
205897	0.0001637931448
205898	0.0003871770324
205899	0.007596344227
205900	0.004623164863
205901	0.001055277418
205902	0.002168711826
205903	0.001852628598
205904	0.001626756922
205905	0.005458084576
205906	0.0009935407799
205907	0.001931508656
205908	0.0002555056697
205909	0.001023952781
205910	0.0002246679524
205911	0.0001744634096
205912	0.005315339835
205913	0.001044879258
205914	0.0006887753875
205915	0.0001966747662
205916	3.45015771e-06
205917	0.007210028178
205918	0.004621422829
205919	0.000641167275
205920	6.553456661e-05
205921	0.001513143789
205922	0.0005389256636
205923	0.001352371733
205924	0.001923931388
205925	0.004557036405
205926	0.000438859452
205927	0.0006008456885
205928	0.0008114425998
205929	0.007636207919
205930	0.001961994503
205931	0.004509847922
205932	0.0001600803207
205933	0.0002353094662
205934	0.0003950839605
205935	0.0002151925057
205936	0.000331613253
205937	0.0001981136863
205938	0.0001607098189
205939	0.0003374465799
205940	0.0004550381021
205941	0.0001972994981
205942	0.0002692886364
205943	0.0006876931803
205944	0.0006644820814
205945	0.001839200717
205946	0.0003456387244
205947	0.001838795879
205948	0.001186433134
205949	0.0008315272644
205950	0.001272050196
205951	0.0003738074939
205952	8.435985758e-05
205953	0.001737345607
205954	0.001607550588
205955	0.007116156799
205956	0.001855964052
205957	0.0008752359768
205958	0.0009876971021
205959	0.003105871329
205960	0.0001962000858
205961	0.000205261293
205962	0.0001318382406
205963	0.0001371250371
205964	0.0001825551868
205965	0.0001948171966
205966	0.000226594979
205967	0.0002194546495
205968	0.0001634083686
205969	0.000233276101
205970	0.0008935957151
205971	0.003706712649
205972	0.0004703873742
205973	0.0001029045604
205974	0.003575419923
205975	0.001864709393
205976	0.0004196061741
205977	0.002361587167
205978	0.001459725298
205979	0.001992796946
205980	7.771770162e-05
205981	0.0004706313565
205982	0.0001423471024
205983	0.007767927188
205984	0.001041465891
205985	0.007247172335
205986	0.0004268298308
205987	0.002417181879
205988	0.0012780006
205989	0.0008941637203
205990	0.001667738243
205991	0.0001960664031
205992	0.004640815006
205993	0.004709495524
205994	0.001684121088
205995	0.0003576286234
205996	0.002318777302
205997	0.00102945709
205998	0.0002157123113
205999	0.006055207773
206000	0.00427286102
206001	0.003606591912
206002	6.049784133e-05
206003	0.001311754784
206004	0.0008082833321
206005	0.0003772923486
206006	0.0008157220003
206007	6.041633226e-05
206008	0.003163764259
206009	0.006803634692
206010	0.005541401014
206011	0.001819404686
206012	0.002608122846
206013	0.0005607782604
206014	0.005173954366
206015	0.0011615602
206016	0.0009713363388
206017	0.003103930535
206018	0.001570705922
206019	0.007895157073
206020	0.0007780849104
206021	0.0007434174354
206022	0.001136326416
206023	6.122991334e-05
206024	0.001701761668
206025	0.002404785301
206026	0.00155458775
206027	0.0001897998344
206028	0.0004120786497
206029	0.001478584387
206030	0.004157052221
206031	0.0006618886006
206032	0.001522278574
206033	0.002737154744
206034	0.003166104586
206035	9.158591986e-05
206036	0.004398971163
206037	0.0001679353116
206038	0.002952426388
206039	0.0001095776225
206040	0.004102195565
206041	0.004200830384
206042	0.007801583245
206043	0.004834622526
206044	0.0007085079205
206045	6.140888725e-05
206046	0.003189623074
206047	0.002548434298
206048	0.002860627479
206049	0.002730972689
206050	0.001618112609
206051	0.00358303596
206052	0.001603546887
206053	0.0002711637405
206054	0.002216421055
206055	0.003331290519
206056	0.0006308813384
206057	0.004508932904
206058	0.003048828155
206059	0.001995426718
206060	0.005051732526
206061	0.003476605661
206062	0.001637931786
206063	0.0009256488681
206064	0.0005938930971
206065	0.005634664199
206066	0.0004434993304
206067	0.001529501325
206068	0.001922700665
206069	1.181787883e-05
206070	9.531746459e-05
206071	0.005920162823
206072	0.003175766244
206073	0.003178788861
206074	0.0009265597691
206075	0.002555332392
206076	0.001219691941
206077	0.003460389867
206078	0.001292389891
206079	0.0005068351565
206080	0.003211117563
206081	0.001954982011
206082	0.001122856711
206083	0.001731577747
206084	0.008113398715
206085	0.006999972973
206086	0.0002705780814
206087	0.0008761072722
206088	0.003559681711
206089	0.001342548151
206090	0.0006005342501
206091	8.966557832e-06
206092	0.005932749039
206093	6.0339214e-05
206094	0.003119774494
206095	0.0001470917774
206096	0.001486870293
206097	0.002274755554
206098	0.002063094964
206099	0.003534076281
206100	0.004375201789
206101	0.003280520127
206102	0.0004523767865
206103	0.0002152659984
206104	0.003913857822
206105	0.001594252232
206106	0.003802127767
206107	0.004867733301
206108	0.001357868581
206109	0.0003592651298
206110	0.00156367001
206111	0.001563274621
206112	0.0006268899334
206113	0.001262124505
206114	0.002014929105
206115	0.001219073287
206116	0.009856855599
206117	0.001782679373
206118	0.001836144048
206119	0.001741453412
206120	0.00500438029
206121	0.003951231651
206122	0.0003745154021
206123	0.001580811976
206124	0.001238202256
206125	0.002105431878
206126	0.001552439873
206127	0.002150025903
206128	0.004124720444
206129	0.002433741102
206130	0.002315313471
206131	0.0009403451908
206132	0.00198927002
206133	0.005585704834
206134	0.001031084996
206135	0.001964474215
206136	0.003045256447
206137	0.0003371466078
206138	0.0008686618924
206139	0.003222837404
206140	0.001583793507
206141	0.001639848852
206142	0.005018465635
206143	0.001875375875
206144	0.0002398882412
206145	0.0005122803044
206146	0.0001450291911
206147	0.0004089824091
206148	0.004283692511
206149	0.00348955028
206150	0.004222549743
206151	0.006930885218
206152	0.005998871184
206153	0.002747480526
206154	0.002498221929
206155	0.001469143288
206156	0.006341857432
206157	0.002231394117
206158	0.001659977212
206159	0.002441095272
206160	0.001386329963
206161	0.0003816234676
206162	0.004365959507
206163	0.005596666011
206164	0.00579374919
206165	0.003546105196
206166	0.001785727924
206167	0.001790945891
206168	0.0003927908856
206169	0.0004835265419
206170	0.0001551764027
206171	0.003098491333
206172	0.001113377331
206173	0.006452592146
206174	0.001648552463
206175	0.0002550714154
206176	0.00397761067
206177	0.00116736469
206178	0.0006853672581
206179	0.000325751312
206180	0.0006856337376
206181	0.002431988484
206182	0.005059030376
206183	0.001560797948
206184	0.008017278216
206185	0.0007951255042
206186	0.005807988839
206187	0.001544981278
206188	0.003374319523
206189	0.009927041267
206190	0.00449280985
206191	0.006259944245
206192	0.001190823137
206193	0.001863252252
206194	0.003351073946
206195	0.004326070539
206196	0.001877538116
206197	0.007182681823
206198	0.000997951394
206199	0.002741211656
206200	0.001211862027
206201	0.002187538385
206202	0.005650051956
206203	0.004911805803
206204	0.005141358958
206205	0.0007469447617
206206	0.001022792423
206207	0.0008464403532
206208	0.00186608515
206209	0.0006309497836
206210	0.001931868653
206211	0.0008482211162
206212	0.001037608417
206213	0.006764123399
206214	0.0001892112779
206215	0.001534600413
206216	0.001701824455
206217	0.001101895714
206218	9.23197485e-05
206219	0.003439092649
206220	0.003920201362
206221	0.001187203613
206222	0.001302097299
206223	0.002384722012
206224	0.0008323180993
206225	0.0005833504035
206226	0.001760668981
206227	0.004122918031
206228	0.002420056506
206229	0.002022100304
206230	0.002374329345
206231	0.001331404865
206232	0.0008414481212
206233	0.0007880702071
206234	0.006319308171
206235	0.006792662784
206236	0.003084833705
206237	0.0006372001397
206238	0.0005559278594
206239	0.000471575512
206240	0.008648216991
206241	0.003035852065
206242	0.006369643593
206243	0.003410432831
206244	0.002552749946
206245	0.0005867702095
206246	0
206247	0.001667574221
206248	0.001089092707
206249	0.0007778679011
206250	0.002548151724
206251	0.004233157019
206252	0.003204934445
206253	0.0004224980827
206254	0.0009610395864
206255	0.001624415622
206256	0.001160431369
206257	0.001259000978
206258	0.001760171816
206259	0.001119312864
206260	0.004848032503
206261	0.001953811399
206262	6.556608122e-06
206263	0.0008700571306
206264	0.001487948806
206265	0.001177445376
206266	0.0025209144
206267	0.0001793804148
206268	1.544545941e-05
206269	0.0003391191528
206270	0.002140856347
206271	3.19308978e-06
206272	0.0004030128933
206273	0.003030744687
206274	0.00101667884
206275	0.002237615631
206276	0.002963819977
206277	0.002845590021
206278	0.001579419581
206279	0.0003280130644
206280	0.003505238367
206281	0.004347874586
206282	0.005818515534
206283	0.0008168333841
206284	0.000390197464
206285	0.004621008459
206286	0.003288200455
206287	0.001289107332
206288	0.0002061415569
206289	0.0003466663604
206290	0.004031916061
206291	0.002335817072
206292	0.0073899153
206293	0.005797285888
206294	0.001603754216
206295	0.0003489672799
206296	0.0005988236135
206297	0.0009528619651
206298	0.0001902056143
206299	0.001691087657
206300	0.002684178245
206301	0.0006160894705
206302	0.004088162447
206303	0.001205230406
206304	0.002705955559
206305	0.005895444446
206306	9.730065952e-05
206307	0.001993532823
206308	0.004232149353
206309	0.004028963461
206310	0.001214008603
206311	0.0009635750147
206312	0.005909736807
206313	0.00103120184
206314	0.005004573343
206315	5.728722395e-06
206316	0.005958062202
206317	0.0001249682531
206318	0.003697723887
206319	0.001804137224
206320	0.002165496643
206321	0.0004777826268
206322	0.001110597852
206323	0.000879234671
206324	0.002869276226
206325	0.0004423512309
206326	0.005970220597
206327	3.921507466e-05
206328	0.002327446497
206329	0.003529781603
206330	0.002823352954
206331	0.004766288468
206332	0.000249727552
206333	0.00471478254
206334	0.001173656542
206335	0.001721035549
206336	0.0003476588163
206337	0.002061169751
206338	0.0007338272343
206339	0.00018744727
206340	0.0004718979182
206341	0.0009527481394
206342	0.0007517869312
206343	0.001075676373
206344	0.002164007785
206345	0.0003438084821
206346	0.001537815799
206347	0.002330071642
206348	0.0007439662398
206349	0.0005155445079
206350	0.0001666344228
206351	0.001472790517
206352	0.0007998374747
206353	0.0003132590198
206354	0.001814825034
206355	0.006044782547
206356	0.0005966099219
206357	0.0003579427657
206358	0.001914463677
206359	0.00285174236
206360	0.000425501287
206361	3.312147947e-05
206362	0.001701887975
206363	0.001079644235
206364	0.0006690011599
206365	0.0004323248251
206366	0.001985746406
206367	0.001321680891
206368	0.0005467133425
206369	0.0003795758253
206370	0.0005020626817
206371	0.0001749400949
206372	0.0004009487713
206373	0.0009181561393
206374	0.001632453388
206375	9.151329126e-06
206376	0.0001954903028
206377	0.0001094147893
206378	0.002696922764
206379	0.0008123584296
206380	0.001181847593
206381	0.0005026573841
206382	0.0001518550925
206383	0.003206533897
206384	0.0007013227118
206385	0.0008235871106
206386	0.001050879377
206387	0.003855369593
206388	0.0007817105004
206389	0.0008219980725
206390	0.003570757279
206391	0.0006305385301
206392	0.0006839152249
206393	0.0007851792971
206394	0.0005635074475
206395	0.003156084744
206396	0.0001658721223
206397	0.002312497873
206398	0.0002529012157
206399	0.002503922936
206400	0.006495903327
206401	0.001844938689
206402	0.001302852594
206403	0.0005860982684
206404	0.0005258157205
206405	0.003040896266
206406	0.006333308386
206407	0.001309998117
206408	0.0003751359838
206409	0.002727707124
206410	0.00134004923
206411	0.0006868899684
206412	0.001571757793
206413	0.002233853903
206414	0.001809810753
206415	0.001624896583
206416	0.0001459563152
206417	0.001341458476
206418	0.001388893277
206419	0.00353994673
206420	0.0004143186707
206421	0.0003998836559
206422	0.002039118196
206423	0.0002822720579
206424	0.000823502039
206425	0.001104618953
206426	0.0005467754216
206427	0.0004703783982
206428	0.002065308371
206429	0.001080683282
206430	0.001451203211
206431	0.006400750048
206432	0.001604981898
206433	0.003067711152
206434	0.001554535515
206435	0.005564979201
206436	0.003871064738
206437	0.000626930587
206438	0.0009993050823
206439	0.00481584557
206440	0.0009295276167
206441	0.003733842838
206442	0.001307843161
206443	0.00275557344
206444	0.002009947015
206445	0.003211686747
206446	0.002169898905
206447	0.001656655389
206448	0.001343094292
206449	0.001376192321
206450	0.0001472964135
206451	0.00453229742
206452	0.003779860202
206453	0.002485959353
206454	0.0009213084859
206455	0.002621156494
206456	0.002587170792
206457	0.0003382446634
206458	0.0004385579591
206459	0.002054058883
206460	0.001489665356
206461	0.003317142795
206462	0.001627587375
206463	0.002953211366
206464	0.002862580615
206465	0.003921378133
206466	0.0005116552198
206467	0.0007711244875
206468	0.0004476374811
206469	0.0002850414517
206470	0.0002237446158
206471	0.0002279737506
206472	0.002844638688
206473	0.0003082465346
206474	0.001220879731
206475	0.001457758958
206476	0.00276608479
206477	0.002503765021
206478	0.002404951603
206479	0.0002100396937
206480	0.000333270289
206481	0.001168628843
206482	0.00101144826
206483	0.0002649629203
206484	0.0008290879821
206485	0.002474130494
206486	0.0006421712932
206487	0.001638548779
206488	0.0005799330545
206489	0.0001178490258
206490	0.001168969925
206491	0.001784768255
206492	0.0001279394767
206493	0.005829373162
206494	0.0009426383133
206495	0.001525960731
206496	0.0003787716849
206497	0.000650920227
206498	0.001776928112
206499	0.001629818972
206500	0.0003045502388
206501	0.001365410315
206502	0.0004403537849
206503	0.001263840415
206504	0.002287507094
206505	0.001379353263
206506	0.001206285159
206507	0.001702082812
206508	0.00265855031
206509	0.00352920349
206510	0.003191878582
206511	0.002217902718
206512	0.00060912129
206513	0.0007588219253
206514	0.003432066046
206515	0.00166855191
206516	0.003864891598
206517	0.001122972918
206518	0.002969179308
206519	0.007159172189
206520	0.002388259494
206521	0.001335867376
206522	0.0005205795508
206523	0.004171461585
206524	0.001812282763
206525	0.001721073921
206526	0.0006516112642
206527	0.005987722517
206528	0.003165954367
206529	0.001594123693
206530	0.001281159242
206531	0.003498536042
206532	0.0004406603652
206533	0.001180457201
206534	0.001681892386
206535	0.004217461838
206536	0.003094494708
206537	0.001565031977
206538	0.0002247844428
206539	0.004393260608
206540	0.0007083972047
206541	0.00280839009
206542	0.00119801835
206543	0.0008028993541
206544	0.000609942461
206545	0.001482617717
206546	0.002447867828
206547	0.000640746853
206548	0.000358486507
206549	0.003557826764
206550	0.0008930114878
206551	0.0002046213017
206552	0.0003331593114
206553	6.49452263e-05
206554	0.0002331828803
206555	0.0006727049536
206556	0.003554501874
206557	0.003150593363
206558	0.005508902988
206559	0.001884960462
206560	0.004185942849
206561	0.005206911881
206562	0.004729430546
206563	0.006197162549
206564	0.004760648807
206565	3.865516051e-05
206566	0.0005794337545
206567	0.003894441299
206568	0.00466453702
206569	0.004233718267
206570	0.002413902943
206571	0.004837737301
206572	0.001501232749
206573	0.004085353857
206574	0.003089673418
206575	0.002369718832
206576	0.002261398997
206577	0.001005063031
206578	0.005397334739
206579	0.003612499983
206580	0.001075416593
206581	0.000669224433
206582	0.002200153306
206583	0.01278597297
206584	0.0001928518245
206585	0.0008373197617
206586	0.0004836681918
206587	0.0003216324798
206588	0.0007939222233
206589	0.002597182197
206590	0.004625394435
206591	0.002494534717
206592	0.0001623665261
206593	0.007667661855
206594	0.009888444875
206595	0.001693816297
206596	0.003161178422
206597	0.004031831959
206598	0.001073804295
206599	0.007462275872
206600	0.001737543071
206601	0.004555987098
206602	0.0004236248928
206603	0.002660284835
206604	0.002842365266
206605	0.0007669069594
206606	0.001480170004
206607	0.0007694747146
206608	0.001774736741
206609	0.001148764863
206610	0.001543208447
206611	0.00183657241
206612	0.001577029508
206613	0.00116502988
206614	0.0001617871386
206615	0.0008271863531
206616	0.001235517444
206617	2.154311821e-05
206618	0.001246634393
206619	0.001450180744
206620	0.002286938288
206621	0.0009487698797
206622	0.0002277837877
206623	0.002133687317
206624	0.003128508919
206625	0.0004695410749
206626	0.0002020840461
206627	0.0002485957951
206628	0.001257528898
206629	0.002016984913
206630	0.0002205887988
206631	0.0001556466072
206632	2.170400969e-05
206633	0.000143479854
206634	7.445453241e-05
206635	0.0002718931827
206636	4.941469584e-05
206637	0.00299643513
206638	0.0004093338235
206639	0.000461246659
206640	5.378803175e-05
206641	1.769410329e-05
206642	0.001979849082
206643	0.0002034253508
206644	0.0001428099684
206645	4.873882545e-05
206646	0.0002313093382
206647	0.0009738400001
206648	8.593802441e-05
206649	0.000712495286
206650	0.0004181312098
206651	1.875819782e-06
206652	5.607022257e-05
206653	0.0001345076274
206654	0.0001440791743
206655	0.0001822919971
206656	0.0001712095689
206657	0.0003754215238
206658	0.0001400861433
206659	0.0005659240936
206660	0.002625496752
206661	0.000106882596
206662	0.001278242123
206663	0.0001043848484
206664	0.0002724431276
206665	6.603152746e-05
206666	0.001974294074
206667	0.0004273690755
206668	0.000257834081
206669	0.001587121784
206670	0.0009639385892
206671	0.0003667242982
206672	0.0003934493466
206673	0.0001063831425
206674	4.157501664e-05
206675	0.001834561838
206676	0.001492731379
206677	0.001946787763
206678	0.001064457654
206679	0.0002178572193
206680	0.0004109655532
206681	0.0001145855743
206682	1.146101897e-05
206683	0.001458473778
206684	0.0002519951818
206685	0.0001149690808
206686	0.003106262707
206687	0.00145000734
206688	0.001455091066
206689	0.0005802875316
206690	0.0003116655701
206691	0.0001216025409
206692	0.0009404381426
206693	0.000723544494
206694	6.73627242e-05
206695	3.322768144e-05
206696	4.011576441e-05
206697	0.006326002412
206698	0.001066911101
206699	0.0001831552295
206700	0.0008789606286
206701	0.0001836529579
206702	0.001227704064
206703	0.0002197099753
206704	0.000604750731
206705	4.146672785e-05
206706	0.001412243384
206707	0.002344821735
206708	6.005894699e-05
206709	0.001518698698
206710	0.0008029401804
206711	0.0004103791343
206712	0.0006839092944
206713	5.388049177e-05
206714	0.00209855513
206715	0.0004565275748
206716	2.065940875e-05
206717	0.001030163037
206718	2.333869425e-05
206719	0.0003823711429
206720	0.0006703661785
206721	3.641882761e-05
206722	0.0004869908805
206723	0.0001303334558
206724	0.0003917699954
206725	7.352758912e-05
206726	0.001245521747
206727	0.001207262814
206728	0.0002960835791
206729	0.0002866400423
206730	0.001088369087
206731	0.0003870864051
206732	0.0001799316687
206733	0.001594611885
206734	0.000208371683
206735	0.0007246920727
206736	0.0001543345895
206737	1.962609596e-05
206738	0.001848258852
206739	0.0009610544116
206740	0.0003613970135
206741	0.0006132813475
206742	0.0003617759873
206743	0.00108406516
206744	0.002662378618
206745	0.0005124198645
206746	0.0001046215235
206747	9.94521079e-05
206748	0.002078785842
206749	0.001240540657
206750	0.001087864947
206751	0.0001986494884
206752	0.0001335456035
206753	9.955067911e-05
206754	0.0001076270462
206755	2.227221318e-05
206756	0.00196845521
206757	0.0003360224979
206758	0.000772552315
206759	6.219922873e-06
206760	0.0004877701785
206761	0.000536800469
206762	0.001165556056
206763	0.0009139157289
206764	0.0003811577821
206765	0.0004711033623
206766	0.0004688481907
206767	0.0004910820762
206768	0.001001018769
206769	2.89030756e-05
206770	0.00141364344
206771	4.051512026e-05
206772	0.0004776887232
206773	2.222600373e-05
206774	0.001385038222
206775	0.001001939289
206776	0.00025257224
206777	0.0004856614183
206778	0.0003309497275
206779	0.0007808483052
206780	0.000230298113
206781	0.0001979910273
206782	0.0001881621425
206783	0.001426655075
206784	5.529393248e-05
206785	0.0003401777046
206786	5.677990828e-05
206787	0.002279004059
206788	0.0006402180783
206789	0.0008881603899
206790	4.146024262e-05
206791	0.0003052936967
206792	0.0002111088642
206793	0.0006988607688
206794	0.00174249316
206795	0.0009152062796
206796	6.072978648e-05
206797	0.0004690550349
206798	0.001315789912
206799	0.0007035989622
206800	0.003065567892
206801	4.169431151e-05
206802	0.001309632855
206803	0.000633198593
206804	0.0008978670233
206805	0.0005300622831
206806	0.000175278065
206807	0.0007057407626
206808	0.0006422101323
206809	0.0001114028536
206810	0.0007812999465
206811	5.877884452e-05
206812	0.000268487271
206813	0.0008507002522
206814	0.0001078581888
206815	0.0002534488609
206816	0.0002231993644
206817	0.00192060906
206818	7.371376311e-05
206819	0.0001412614154
206820	0.00459382647
206821	0.0007439655461
206822	0.002497357401
206823	0.001503915123
206824	0.00175020243
206825	0.002420422132
206826	0.0003653024458
206827	0.0002778151729
206828	0.0005794182289
206829	0.002654160451
206830	0.003198632201
206831	0.002755056278
206832	0.004438041393
206833	0.00192831176
206834	0.001405272899
206835	0.001619829962
206836	0.001492732788
206837	0.0003669598785
206838	0.001069068742
206839	0.001271599034
206840	0.0003153282642
206841	0.001070008257
206842	0.005140537537
206843	0.001313179576
206844	0.003115427342
206845	0.001833456485
206846	0.0001002545855
206847	0.001150781949
206848	7.494575382e-06
206849	0.003433241674
206850	0.001501849878
206851	0.0004534384526
206852	0.00181797405
206853	0.0002779295278
206854	0.0003523313069
206855	0.002592524869
206856	0.0001201554578
206857	0.001715379263
206858	0.003659219156
206859	0.0009940154841
206860	0.000940529351
206861	0.001980598177
206862	0.006331162253
206863	0.001109414718
206864	0.001646308775
206865	0.005927225742
206866	0.0004510284339
206867	0.0009355965465
206868	0.003284243731
206869	0.004041861042
206870	0.001328112491
206871	0.004088312265
206872	0.001502482307
206873	0.002870416676
206874	0.0016601175
206875	0.0008296425757
206876	0.0008169663899
206877	0.002102134395
206878	0.003710495216
206879	0.0006502026272
206880	0.004426747648
206881	0.0003957598155
206882	0.0001768209867
206883	0.001970558351
206884	0.001569836109
206885	0.0006164447511
206886	0.001999500881
206887	0.001322231334
206888	0.0006220833024
206889	0.001260461431
206890	0.001647926717
206891	0.0007795393316
206892	0.0010912866
206893	0.0009531843766
206894	0.006093105948
206895	0.001012197924
206896	0.0007320383688
206897	0.001180047057
206898	0.0008883434472
206899	0.0003251569845
206900	0.0002161528326
206901	0.002863171127
206902	0.001733491078
206903	0.001177366659
206904	0.003645543024
206905	0.0006608403773
206906	0.002964106879
206907	0.001455529686
206908	0.0002914334076
206909	0.001314193684
206910	0.003112747972
206911	0.001302334489
206912	0.00120865369
206913	0.0009337674056
206914	0.001101681717
206915	0.0001221767665
206916	0.0008226623726
206917	0.0007286888834
206918	0.00313789608
206919	0.001803330011
206920	7.019157865e-05
206921	0.0003196750373
206922	0.0004636538867
206923	0.0007723779375
206924	0.0004880970953
206925	0.0004731306955
206926	0.005974612067
206927	0.004934116288
206928	0.003066943986
206929	6.199773107e-05
206930	2.453930305e-05
206931	0.002364173629
206932	0.002153458474
206933	0.001646671062
206934	0.0003032387552
206935	0.001249908342
206936	0.001312496511
206937	0.0003241210516
206938	0.002288734914
206939	0.001032139456
206940	0.000492461145
206941	0.003722497644
206942	0.0004347513685
206943	0.0008722273229
206944	0.003082272216
206945	0.001844228636
206946	0.001502901024
206947	0.00135440532
206948	0.0005590165084
206949	0.001336681789
206950	0.0006521748318
206951	0.0004545789345
206952	0.000557747314
206953	0.00104482151
206954	0.0002358783141
206955	0.0002721703007
206956	0.0001401642539
206957	0.0001555420642
206958	0.0006245831291
206959	0.001309597772
206960	0.0016656658
206961	0.0008756378941
206962	1.379277072e-05
206963	1.332632843e-05
206964	4.720707665e-07
206965	1.265787701e-05
206966	0.0001220142958
206967	0.0001148485562
206968	0.0009802283482
206969	6.458800474e-05
206970	1.037132723e-05
206971	0.0002557657989
206972	0.001384006203
206973	4.828661828e-05
206974	0.0007698548161
206975	1.122859814e-05
206976	0.001491287097
206977	0.001515298756
206978	1.256803421e-06
206979	0.0010453565
206980	0.001061557384
206981	0.00105957793
206982	0.0002532113448
206983	0.0004049689908
206984	0.001137168694
206985	0.003559078365
206986	0.0008875952575
206987	0.001914163432
206988	0.00247060104
206989	0.0002528986032
206990	0.0001142923728
206991	0.003247490315
206992	0.0006229745134
206993	0.0003779577554
206994	0.0001214499556
206995	0.0001272312428
206996	0.000266905529
206997	0.001211279163
206998	0.0007214632468
206999	0.0008299427259
207000	0.0001602480003
207001	0.001062933761
207002	0.0006149382698
207003	0.0002960653661
207004	0.0001183213664
207005	0.0005147544136
207006	0.000718842055
207007	8.142644317e-05
207008	2.199176409e-07
207009	0.0001942138047
207010	0.000988169492
207011	0.0005906881685
207012	0.0005707252607
207013	0.0006189257845
207014	0.0001029754422
207015	0.0002129062047
207016	0.0002671712268
207017	0.0001197794647
207018	0.0004596496917
207019	0.001098702587
207020	2.302534632e-07
207021	3.888725153e-07
207022	1.627124451e-07
207023	0.0001304059801
207024	1.074516164e-07
207025	6.273127684e-07
207026	0.0001305031983
207027	3.54078659e-07
207028	1.146150534e-07
207029	3.397517762e-07
207030	2.353702065e-07
207031	7.654648461e-07
207032	0.0001308102029
207033	7.654648462e-07
207034	0.0001300672517
207035	0.00013039677
207036	0.0001307027512
207037	7.654648459e-07
207038	0.0001300365512
207039	8.493794413e-08
207040	0.0001295770677
207041	3.909192126e-07
207042	0.000516522358
207043	0.001748383452
207044	0.0004141870764
207045	0.0002393610466
207046	0.0007799346505
207047	0.0001628927885
207048	0.0007468458148
207049	0.000882601967
207050	0.002049169831
207051	0.0006200998627
207052	0.0001855643863
207053	0.0004516331525
207054	0.000449281016
207055	0.0004386731833
207056	0.0005568381975
207057	0.001259287121
207058	0.0001451695138
207059	0.0008755614222
207060	3.324713735e-05
207061	0.0006164739122
207062	0.0002565693618
207063	0.0001437455467
207064	0.0003591351456
207065	0.0002295110575
207066	3.172381046e-08
207067	0.001008631453
207068	0.0002622482019
207069	0.0004593344784
207070	0.0007438013565
207071	0.0001736047
207072	0.001483136987
207073	0.001398807423
207074	0.0006884066172
207075	0.0007465595235
207076	0.001396128887
207077	9.093328704e-05
207078	0.001954922051
207079	0.0007730312
207080	0.000588587241
207081	0.001965346288
207082	0.0003891774934
207083	2.593165668e-07
207084	0.0007921717431
207085	0.001643134526
207086	0.001023613637
207087	0.000539348249
207088	0.0001062332255
207089	0.00113687321
207090	0.0004203310909
207091	0.001149914783
207092	0.0003704026489
207093	0.0004819406664
207094	2.448873498e-07
207095	0.002534255756
207096	0.0009852002322
207097	0.000318180804
207098	0.001874156519
207099	0.001771965271
207100	0.0001344944831
207101	2.599165819e-05
207102	0.0002338676247
207103	0.0006618992095
207104	0.001107575826
207105	0.000358888052
207106	0.0007112624259
207107	0.002605945482
207108	0.001342799684
207109	0.002750154953
207110	0.002100861044
207111	0.0001036879714
207112	0.0008091759145
207113	0.000209391777
207114	5.644542272e-06
207115	0.002475406952
207116	0.0003935240942
207117	0.001107327587
207118	0.0001830515389
207119	0.00120649601
207120	0.0006843106142
207121	0.0001420241949
207122	0.001744209749
207123	0.001484838779
207124	4.504152967e-05
207125	0.0001305268095
207126	0.0003509023302
207127	0.0003282560417
207128	0.0003867317521
207129	0.00118572089
207130	0.0007357343778
207131	0.001545044243
207132	0.0005711039799
207133	0.001480877532
207134	0.0008440416789
207135	0.001282665066
207136	0.001507237035
207137	0.003152579876
207138	4.902352731e-05
207139	0.000491114492
207140	0.0006699555136
207141	0.001184623592
207142	0.001165317452
207143	0.00625223922
207144	0.003434512647
207145	0.005404000415
207146	0.002510230552
207147	0.001700324182
207148	0.002338364396
207149	0.002577068161
207150	0.005342025997
207151	0.001125046198
207152	0.001603702385
207153	0.00329152828
207154	0.002846152019
207155	0.0002380942006
207156	0.003838054505
207157	0.002715053675
207158	0.003325739911
207159	0.001152781493
207160	0.001318591776
207161	0.005239250637
207162	0.002124234034
207163	0.001143452058
207164	0.002323866078
207165	1.288412923e-05
207166	0.002863312211
207167	0.0006382178154
207168	0.0009375719155
207169	0.002489307449
207170	0.001179503008
207171	0.001340428415
207172	0.003279400587
207173	7.715613402e-05
207174	0.0007224391598
207175	0.0002880775586
207176	0.00172414536
207177	0.0008304658038
207178	4.739252153e-05
207179	0.0009784765772
207180	0.0005430017293
207181	0.001710684804
207182	0.004905130229
207183	0.001397043322
207184	0.0003468655659
207185	0.000612363511
207186	0.0007942650415
207187	0.001894915936
207188	0.0001300248229
207189	0.0005310717491
207190	0.002693068982
207191	0.0002446010819
207192	0.00124114692
207193	0.001023756121
207194	0.001739518449
207195	0.0003532401984
207196	0.0009028985729
207197	0.0003368051325
207198	0.0008802413785
207199	0.0002939857526
207200	0.002127655544
207201	0.003861690002
207202	0.002209306322
207203	0.001734556159
207204	0.00522295984
207205	0.003343414396
207206	0.002798879208
207207	0.0009028289565
207208	6.290014416e-05
207209	0.001206069422
207210	0.002217434647
207211	0.0014131708
207212	0.0008930921911
207213	0.003291612399
207214	0.0008290187864
207215	0.001633417439
207216	0.0006895358305
207217	0.002325832383
207218	3.467708942e-05
207219	0.004386639636
207220	0.0006250328347
207221	0.0001438813961
207222	1.463565261e-05
207223	1.104880029e-05
207224	0.0007281308059
207225	0.000636531482
207226	0.0002268496481
207227	0.0008440679758
207228	0.0001883607027
207229	0.001299482201
207230	0.001258582525
207231	0.0008204708947
207232	0.0005985834657
207233	6.923188212e-05
207234	0.0001751778919
207235	0.0001392200854
207236	0.0004477208995
207237	0.0005584559589
207238	0.0006695003382
207239	2.53982076e-05
207240	0.0001536140697
207241	0.001157559746
207242	0.002641369458
207243	0.00109030192
207244	0.0001450619401
207245	0.0007585944997
207246	0.004725020699
207247	0.001403299038
207248	0.001671639303
207249	0.00370791883
207250	0.003564744762
207251	0.002973520815
207252	0.001547720001
207253	0.002914085657
207254	5.526083109e-08
207255	0.002134246458
207256	0.002261041293
207257	0.002676866821
207258	0.003863980825
207259	0.0001009714889
207260	0.0004626376389
207261	4.025751263e-05
207262	0.000462881832
207263	0.001282023235
207264	0.001480410769
207265	0.0004951837952
207266	2.529670826e-05
207267	0.001175595575
207268	0.0001468768318
207269	0.000819497048
207270	0.0002501122427
207271	0.001387224998
207272	0.001502837806
207273	0.001906258249
207274	0.0009843087169
207275	0.001829358952
207276	0.001069559834
207277	0.000116674841
207278	0.002464483524
207279	0.001707578144
207280	0.0008232736355
207281	0.001510612227
207282	0.001720116078
207283	0.00122682924
207284	0.001252403576
207285	0.0004993587376
207286	0.0008974215575
207287	0.001968886945
207288	0.003449184086
207289	0.002677466463
207290	8.626204163e-05
207291	0.0003237664337
207292	0.002981165271
207293	0.0008458642581
207294	0.003346023815
207295	0.001951599888
207296	0.001171947183
207297	0.0002758293885
207298	0.0009842488685
207299	0.001693412503
207300	6.140092347e-09
207301	0.00311852697
207302	0.003581839173
207303	0.0002963820223
207304	0.002621887654
207305	0.0008517152774
207306	0.002188928619
207307	0.002695725042
207308	0.003571982896
207309	0.003057655523
207310	0.002154694277
207311	0.003617359131
207312	0.003027213961
207313	0.003069277719
207314	0.0007521595319
207315	0.002513153747
207316	0.003567514918
207317	0.005663519041
207318	0.001531461253
207319	0.004194725469
207320	5.421906468e-05
207321	0.0005582783723
207322	0.001579250145
207323	0.0002333378757
207324	0.001006554919
207325	0.002013735467
207326	0.001254697434
207327	0.001390715097
207328	0.001076767092
207329	0.0001560313446
207330	5.110689084e-05
207331	0.001828046968
207332	0.001251519385
207333	0.001125417439
207334	0.0007431164715
207335	0.0002587173218
207336	0.001967915658
207337	0.001224392403
207338	0.004400973618
207339	0.001644833581
207340	0.006312196542
207341	0.0009886443955
207342	0.00550079339
207343	0.003244204762
207344	0.00266632479
207345	0.002905890512
207346	0.0002347919733
207347	0.001840424638
207348	0.0003792420787
207349	0.001070747153
207350	0.001839590062
207351	0.002260024126
207352	0.003050668007
207353	0.001037669768
207354	0.002605646977
207355	0.002619828222
207356	0.0003670868011
207357	0.002326548458
207358	0.002326970463
207359	0.001044143745
207360	0.0005166091218
207361	0.0001274573109
207362	0.001137875458
207363	0.0007429833384
207364	0.001299844705
207365	0.001739378877
207366	0.0005082574582
207367	0.0001834257006
207368	0.0006361934523
207369	0.001512560904
207370	0.002066400886
207371	0.004943839722
207372	0.0005593421281
207373	0.001385058852
207374	0.0007006163519
207375	4.296831813e-05
207376	0.0002996283808
207377	0.0001903318926
207378	0.0007730940376
207379	0.001099250742
207380	0.001513835424
207381	0.0003851977184
207382	0.0001394192848
207383	0.002670817377
207384	0.0002517006042
207385	0.0009115258741
207386	0.000370737233
207387	0.003883818112
207388	0.003592298628
207389	0.002984482901
207390	0.001057117816
207391	0.0004609426879
207392	3.880294072e-05
207393	0.0004544705603
207394	0.002422211934
207395	0.001554645201
207396	0.00259666896
207397	0.004011885067
207398	0.002870552913
207399	0.001434104178
207400	0.0006798138431
207401	0.003008801682
207402	0.001831375803
207403	0.006984434344
207404	0.002091586513
207405	0.003618184233
207406	1.125683597e-08
207407	0.001797615435
207408	0.003261240056
207409	0.001974799997
207410	0.0008063122176
207411	0.0008576555651
207412	0.006539410233
207413	0.002431549811
207414	0.00284790289
207415	0.0001464267471
207416	0.002271579871
207417	0.001345011533
207418	0.0001072903124
207419	0.003830412092
207420	0.00256626432
207421	0.002131774431
207422	0.002798962096
207423	0.00167061481
207424	0.000125271012
207425	0.0009441817134
207426	0.0005828839204
207427	0.0003585257616
207428	0.0003925937973
207429	0.002617344008
207430	0.003205328674
207431	0.004571200845
207432	0.003372852108
207433	0.0001756519866
207434	0.003312925212
207435	0.001427767309
207436	0.00108347842
207437	0.0006051440153
207438	0.001336226096
207439	0.0003340160839
207440	0.002244678202
207441	0.0004725440679
207442	0.004105684929
207443	0.000298258864
207444	0.00144323914
207445	0.0008303476117
207446	0.0007430536138
207447	0.004912736866
207448	5.323023303e-05
207449	0.008399686428
207450	0.001563519974
207451	0.004553361389
207452	0.002052934341
207453	0.005263343626
207454	0.002306881215
207455	0.001928797265
207456	0.007671783287
207457	0.003436415872
207458	0.003244429554
207459	6.87961473e-05
207460	0.0003995212896
207461	0.002149683924
207462	0.001140688994
207463	0.002070371678
207464	0.0009999483094
207465	0.0004025658584
207466	0.004208515681
207467	0.003168312768
207468	0.0006584936828
207469	0.002775163617
207470	0.007920231711
207471	0.004041027061
207472	0.00295864646
207473	0.003101746102
207474	0.002092288634
207475	0.004782570511
207476	0.001477249754
207477	0.004166781361
207478	0.0007270940312
207479	0.002240656806
207480	7.099548003e-06
207481	0.0007740284228
207482	0.002609842372
207483	0.006153464979
207484	0.002001506658
207485	0.004083266119
207486	0.00128391332
207487	4.316653132e-06
207488	0.009898063266
207489	0.0005531920535
207490	0.003413291146
207491	0.005137602057
207492	0.003706547096
207493	0.004254007444
207494	0.0002033850956
207495	0.0001524247099
207496	0.005458590066
207497	0.001505903542
207498	0.0008098975621
207499	0.003993165441
207500	0.007752060154
207501	8.285918794e-05
207502	0.003259454635
207503	0.002296058987
207504	0.001837448286
207505	0.004479731773
207506	3.024140287e-05
207507	0.001022007308
207508	0.0008991578162
207509	0.005038623672
207510	0.001078608017
207511	0.0007641477179
207512	0.0007925990406
207513	0.002197148881
207514	0.00173319219
207515	0.001907538444
207516	0.003326680089
207517	0.005511973099
207518	0.001889407893
207519	0.00169648596
207520	0.001135861831
207521	0.002165584541
207522	0.001422366833
207523	0.0007317483879
207524	0.002577341644
207525	0.003773900318
207526	0.0008501031806
207527	0.004429041246
207528	0.002415755302
207529	0.002894888922
207530	0.003942631211
207531	0.002918600637
207532	0.00204707083
207533	0.001988414185
207534	0.004812419371
207535	0.00373514348
207536	0.0002917942659
207537	0.0003075206817
207538	0.00125208682
207539	0.0004560976753
207540	2.715750196e-05
207541	0.0001148758847
207542	0.0003449060352
207543	0.0007005495936
207544	0.0005746493589
207545	0.0005870042597
207546	0.0002253749394
207547	3.734031663e-07
207548	0.0005738700787
207549	0.0005795615749
207550	0.001284456269
207551	0.000344234632
207552	0.000357202728
207553	0.00022960872
207554	0.0002255053296
207555	0.0002310466803
207556	0.0005856677072
207557	0.0005814421974
207558	0.0001231493503
207559	0.0005739209716
207560	0.0004613939939
207561	1.816443986e-07
207562	0.0009169198299
207563	1.024883748e-06
207564	0.000920724713
207565	0.001044247181
207566	0.0005838388815
207567	8.850626547e-09
207568	0.0003482157304
207569	0.0005710783434
207570	8.711303661e-06
207571	0.0004612622172
207572	0.0005140560388
207573	0.0003326491738
207574	0.003672077446
207575	0.0006319013578
207576	0.00236504453
207577	0.0002380098414
207578	0.003720842481
207579	0.002993830604
207580	0.0008740044242
207581	0.003090540325
207582	0.001021369088
207583	0.00102519441
207584	0.002643240486
207585	0.002283245145
207586	0.0009761996178
207587	0.0004191170907
207588	0.0009395123413
207589	0.002266221747
207590	0.002170484868
207591	0.001644277448
207592	0.001377314239
207593	0.001972209544
207594	0.004647632194
207595	0.003305724808
207596	0.001499428888
207597	0.001810488169
207598	0.003651472833
207599	0.0002705635344
207600	0.001616338008
207601	0.004586812885
207602	0.000723349693
207603	0.0006919132924
207604	0.0001875894648
207605	0.006498636818
207606	0.0001547304187
207607	0.001308261075
207608	0.001357003051
207609	0.0003287764116
207610	0.0004826168683
207611	0.001127390341
207612	0.0003693546818
207613	0.0005358178647
207614	0.001754224895
207615	0.0002665161217
207616	0.0007181001218
207617	0.0001894540028
207618	0.0004307067688
207619	0.0002920001692
207620	0.001513815759
207621	0.0001943105478
207622	0.0002361000865
207623	0.0007894814088
207624	0.0001570634385
207625	0.0008034233285
207626	0.0003644488238
207627	0.0005921335289
207628	0.0003109860615
207629	0.001663581981
207630	0.001572646893
207631	0.0007278645395
207632	0.00119450683
207633	0.0003087006692
207634	0.0002397635922
207635	0.0002136269321
207636	0.001771621079
207637	0.002294378972
207638	0.001221598444
207639	0.00373785839
207640	0.001090909192
207641	0.000876127596
207642	0.0002696314818
207643	0.0006758795138
207644	0.0006007608034
207645	0.001780724385
207646	0.0015465587
207647	0.001155385835
207648	0.001066506012
207649	0.0006564047999
207650	1.189550127e-05
207651	0.001102388145
207652	0.0008881600158
207653	0.00216130973
207654	0.00242670032
207655	0.0005016836256
207656	0.0001584909124
207657	0.0008847816638
207658	0.003558133112
207659	0.002562551134
207660	0.003017614085
207661	0.001357862691
207662	0.002998881301
207663	0.002936895134
207664	0.0004915762964
207665	0.0003323444163
207666	0.00196602337
207667	0.0006774905182
207668	0
207669	0.001118950425
207670	0.002184524889
207671	0.003867335347
207672	0.001006533524
207673	0.001628194185
207674	0.006097005192
207675	0.00142260611
207676	0.002447547611
207677	0
207678	0.001091380659
207679	0.002784304205
207680	0.002774073603
207681	0.002809963408
207682	0.00355423946
207683	0.005626796128
207684	0.00169480633
207685	0.005048459
207686	0.0009801743926
207687	0.002129990683
207688	4.753392026e-05
207689	0.005339406652
207690	0.006614539163
207691	0.002261389274
207692	4.65394643e-05
207693	0.003872232117
207694	0.003467257215
207695	0.003689797216
207696	0.001675953811
207697	0.001323058528
207698	0.002573931734
207699	0.005180768817
207700	0.0005440645703
207701	0.002074345144
207702	0.0005896920638
207703	0.0007263314401
207704	0.0002079931315
207705	0.003894497643
207706	0.00399799672
207707	0.00309602839
207708	0.005170572775
207709	0.00372653981
207710	0.0002578283408
207711	0.004336118275
207712	0.003176991141
207713	0.0003979353926
207714	0.003507687679
207715	0.0006872072817
207716	0.002857550314
207717	0.0004584768422
207718	0.003055082599
207719	0.003478662573
207720	0.0003654686192
207721	0.001586747026
207722	0.002592431942
207723	0.005476083683
207724	0.002770946168
207725	0.003844733224
207726	0.004532494389
207727	0.001971665787
207728	0.0007028901506
207729	0.0002301603807
207730	0.001670638441
207731	0.001673243319
207732	0.00063421766
207733	0.001453867635
207734	0.001468024872
207735	0.002228594128
207736	0.003606275092
207737	0.001358982995
207738	0.002448016132
207739	0.0003258356503
207740	0.0005212615624
207741	0.002345259516
207742	0.002081812251
207743	0.001223837302
207744	0.002573276998
207745	0.0008393613385
207746	0.003111823229
207747	0.0007305745845
207748	0.001782094977
207749	0.005397079092
207750	6.567710924e-05
207751	0.003241784003
207752	0.0008255584908
207753	0.002473878757
207754	0.0007951638329
207755	0.003751250669
207756	0.003748937027
207757	0.001218515828
207758	0.002394171856
207759	0.001555186842
207760	0.0002932832303
207761	0.0001038082536
207762	0.0002360150351
207763	0.0001597082467
207764	1.366914611e-05
207765	0.0005984018499
207766	0.0003332076407
207767	0.0002268555704
207768	0.0010671635
207769	9.295287989e-05
207770	0.0002851644304
207771	0.005328487864
207772	0.0008657242872
207773	0.0005829031691
207774	0.0001532668872
207775	0.000103333849
207776	0.001037833853
207777	1.387812508e-05
207778	0.0001074399504
207779	0.002071225216
207780	0.000481327285
207781	0.004670665299
207782	0.0002190332444
207783	0.0001892348263
207784	0.0004461651808
207785	0.0001931388489
207786	0.0003244686519
207787	0.0001177345731
207788	0.0005314647665
207789	0.0001589345631
207790	0.0002318650704
207791	0.0005831702014
207792	0.0003307594206
207793	0.00026527237
207794	0.0002732922847
207795	9.986546166e-05
207796	0.001198641696
207797	0.000369462063
207798	0.0009673609613
207799	6.356596823e-05
207800	0.0003636073177
207801	0.0003515778302
207802	0.0003343646708
207803	0.0003122128279
207804	0.0002492978829
207805	0.001119490061
207806	0.001025605909
207807	0.0004674741923
207808	0.0005091458505
207809	0.0003866843094
207810	0.0008336220619
207811	0.0004586833687
207812	0.0002003342559
207813	0.000357314021
207814	0.0002675995368
207815	0.002040510761
207816	0.0007158995596
207817	0.0003829428923
207818	0.002454959545
207819	0.0005685956217
207820	0.001947217352
207821	0.0005889468156
207822	0.0004020941448
207823	0.0009500673723
207824	0.0003261124082
207825	0.000417386455
207826	0.001495864327
207827	0.001783964131
207828	0.0004124256472
207829	0.002700563721
207830	0.0003757170083
207831	0.0002176009267
207832	0.001103665887
207833	0.0001320473596
207834	0.0002986245069
207835	0.0004110462652
207836	0.000708343107
207837	0.0001015175677
207838	2.973970717e-05
207839	0.0007850946098
207840	0.001394364462
207841	2.777988107e-05
207842	0.0003365781668
207843	0.0005928219187
207844	0.0001081431212
207845	6.287677097e-05
207846	0.0001598036045
207847	0.0009638968413
207848	0.0002891130107
207849	0.0002587835881
207850	0.0003684803093
207851	0.0008886096015
207852	0.004996505366
207853	0.001082536089
207854	0.001105433721
207855	0.002444330972
207856	0.004302083416
207857	0.002645061378
207858	0.0006390798363
207859	0.000599933828
207860	0.0001723104097
207861	0.000184480246
207862	0.0006739060704
207863	0.0009417932157
207864	0.0006984966827
207865	0.001022614788
207866	0.0006984050039
207867	0.001553669777
207868	0.004911172152
207869	0.0002241464023
207870	0.0001263764884
207871	0.000483093712
207872	0.0002186596335
207873	0.0007613273739
207874	0.001684106459
207875	0.001592701727
207876	3.964110804e-05
207877	0.0009806035767
207878	0.0004227068333
207879	0.0002301108051
207880	0.001003231778
207881	0.001539863038
207882	0.0004292072852
207883	0.0009229984288
207884	0.0003491758735
207885	0.0003512666547
207886	0.001635555596
207887	0.002873791155
207888	0.00112084967
207889	0.0005989918781
207890	0.001768450042
207891	0.002136227346
207892	0.004184184996
207893	0.001226547026
207894	0.0005809997551
207895	0.0001407567076
207896	0.0007130241866
207897	0.0005318084853
207898	0.0005660330319
207899	0.0002895512828
207900	0.0006266936184
207901	0.0005683217576
207902	0.002720608509
207903	0.00120450425
207904	0.005113865806
207905	0.0004650300681
207906	0.0002260066043
207907	0.001754535832
207908	0.0009890965064
207909	0.0008155195009
207910	0.0003642904548
207911	0.0001174810913
207912	0.0004038382902
207913	6.434724309e-05
207914	0.006365965923
207915	0.003138030815
207916	0.004146184843
207917	0.00164730586
207918	0.0005236203176
207919	0.001661639175
207920	0.003493567229
207921	0.0006663806574
207922	0.0001746071412
207923	0.004573274127
207924	0.0003275972145
207925	0.0003187871345
207926	0.001158834577
207927	0.0009259219063
207928	0.001075854636
207929	0.001350049796
207930	0.0004393039504
207931	4.698731343e-05
207932	0.00114477825
207933	0.000106404574
207934	0.000374033931
207935	0.0002637000442
207936	0.0002095106225
207937	0.0008975673225
207938	0.0001421310857
207939	0.0004466332811
207940	0.00041597703
207941	0.0006463022222
207942	0.0003873247576
207943	0.001323348936
207944	0.0001743381987
207945	0.0009075854367
207946	0.001153919437
207947	0.0004749880483
207948	0.0002497892521
207949	0.000527667897
207950	0.001504854146
207951	0.0003367553793
207952	0.0002626916661
207953	0.000358052455
207954	0.0008601409449
207955	0.0005283998331
207956	3.507336605e-05
207957	0.0001177237106
207958	0.0004317443525
207959	0.0004147937674
207960	0.001779340812
207961	0.0005095033352
207962	0.0006088239654
207963	0.003263796696
207964	0.0009352922075
207965	4.892479114e-05
207966	0.0003951820326
207967	4.686553095e-05
207968	0.0004623716002
207969	0.0006120074511
207970	0.0008000122343
207971	0.0003940390874
207972	0.0003261600907
207973	0.0003945084953
207974	0.000634059224
207975	0.0006231263568
207976	0.0009820056736
207977	0.0002506162416
207978	4.734871605e-05
207979	0.0005527280706
207980	9.986838472e-05
207981	0.0001890028722
207982	0.002686867341
207983	7.746579022e-05
207984	0.0002069751861
207985	2.570072345e-05
207986	1.510254328e-06
207987	0.0003101184953
207988	0.0001739423262
207989	0.0005821547341
207990	0.0006022028283
207991	0.0004374682883
207992	0.001296484901
207993	0.0001857169864
207994	0.0008022295167
207995	0.0002522589918
207996	0.0002687264286
207997	0.005408023275
207998	0.0008816224959
207999	0.0002466339166
208000	0.0004689829216
208001	0.001308605903
208002	0.000181341779
208003	0.001515725206
208004	0.0007900540603
208005	0.002355169319
208006	0.001864771671
208007	0.0005551125396
208008	0.0004711735998
208009	0.0005983616671
208010	0.000131874534
208011	0.0008957605024
208012	0.0006968926926
208013	0.001765027183
208014	8.271962935e-05
208015	0.0009879458573
208016	0.001030191089
208017	0.0001194484837
208018	0.0004079133884
208019	0.0001075557295
208020	0.0008904927625
208021	0.0002573619228
208022	0.0002410734126
208023	0.000471512331
208024	0.0004639710798
208025	0.00067117831
208026	0.0001785164891
208027	0.0002995593099
208028	0.00135556678
208029	0.0009230877423
208030	0.0007483746175
208031	0.0006450909594
208032	0.0004119550741
208033	0.0003997969781
208034	0.004559310232
208035	0.0002643094486
208036	0.0001237709071
208037	0.0003718780046
208038	0.000593448118
208039	0.0001046575227
208040	0.004004032278
208041	0.001042542795
208042	0.0003104620595
208043	0.0005632405471
208044	0.0004140630586
208045	0.001940817379
208046	0.0007620601748
208047	0.0001839387682
208048	0.0001708816659
208049	0.000192623675
208050	0.000221920089
208051	0.00128577759
208052	7.605101366e-05
208053	0.0008149559417
208054	0.000855822758
208055	0.0002411338555
208056	0.0005283905877
208057	8.033574623e-05
208058	0.0001150538251
208059	0.0003338294486
208060	0.006295406849
208061	0.002589700178
208062	0.0009133500064
208063	2.045619706e-05
208064	0.002678937145
208065	0.000305480896
208066	0.0002760319607
208067	0.0008095075947
208068	0.004439276461
208069	0.001116932271
208070	0.0001244644155
208071	0.001054498177
208072	0.0008080852278
208073	0.0002170972295
208074	2.533285948e-05
208075	0.0001158115032
208076	0.0005795329732
208077	0.0006200491335
208078	0.0003757610813
208079	0.0007766793521
208080	0.001973165435
208081	4.861312519e-05
208082	0.0006649072367
208083	0.0001700015801
208084	0.0006853285935
208085	0.0004218734926
208086	0.0004474556703
208087	0.0008840772832
208088	0.001610979477
208089	0.001422023248
208090	8.044800645e-05
208091	0.001501917356
208092	0.0003027758233
208093	9.781134891e-05
208094	4.475241052e-06
208095	0.0009204964709
208096	0.0006370382893
208097	0.0007533952771
208098	0.002818657221
208099	0.0007459240189
208100	0.0004042268092
208101	0.00164192588
208102	0.003085759975
208103	0.001480264381
208104	0.0003569077716
208105	0.0008272363313
208106	0.003322034616
208107	0.0016312332
208108	3.266885179e-05
208109	0.000330900973
208110	0.001005002387
208111	0.00119783115
208112	0.0003384964396
208113	0.0005272581331
208114	0.0004077594427
208115	0.0002838225434
208116	0.0005482601266
208117	0.004664552349
208118	0.0003126610282
208119	0.0006812184779
208120	0.0008244267221
208121	0.001232275581
208122	0.0002140934196
208123	0.0004793399834
208124	0.0001319656599
208125	0.001278395504
208126	0.0003551229342
208127	0.003186536141
208128	0.001009839968
208129	0.001310614682
208130	0.0001789910238
208131	0.0008514436472
208132	0.0004681683604
208133	0.0002379362109
208134	0.0001341701588
208135	0.0004960467589
208136	0.000934676683
208137	0.0002682713172
208138	0.0005773018087
208139	0.003091422299
208140	0.001146835217
208141	0.0003061077035
208142	7.298857417e-05
208143	0.0004704053861
208144	0.0006042873672
208145	0.0008748734145
208146	0.002010402344
208147	8.771929634e-05
208148	0.0001272470863
208149	0.0004918146877
208150	0.00029574306
208151	0.00115784734
208152	2.550382172e-05
208153	0.002019312135
208154	0.004166944859
208155	0.0004174076376
208156	0.001562779228
208157	0.0003582441017
208158	0.0008634170899
208159	0.001210918365
208160	0.001175909399
208161	8.142617354e-05
208162	0.003471229032
208163	0.0005386767075
208164	0.0003901636619
208165	0.0002041102415
208166	0.0004613044441
208167	0.0002245007762
208168	0.0007630853554
208169	0.0005561000781
208170	2.559874829e-05
208171	0.0005543386814
208172	0.001471289697
208173	0.000448857888
208174	0.00192301377
208175	0.001276538797
208176	0.0004085410086
208177	0.0008954992253
208178	0.0001022248316
208179	9.347535528e-05
208180	9.864823546e-05
208181	0.001460484785
208182	0.001363707922
208183	9.832498162e-05
208184	0.0009363599199
208185	4.439191918e-05
208186	0.0001102042732
208187	0.0003687802654
208188	0.00116327134
208189	0.001270339908
208190	0.000326878713
208191	0.0002981099547
208192	0.0003877316035
208193	0.0009797453254
208194	0.0001878145473
208195	0.0003463349778
208196	0.001052034309
208197	0.001269804138
208198	0.0007918737956
208199	0.0009455475618
208200	0.0003486015316
208201	5.269850675e-05
208202	0.0003689141204
208203	2.374511126e-05
208204	0.0009027018301
208205	0.003344795871
208206	0.0003338203481
208207	0.0002445700212
208208	0.0003733768054
208209	0.0002983225778
208210	0.0004592508504
208211	0.0001142651583
208212	0.0010139935
208213	0.0004180587111
208214	0.001005755409
208215	0.0008885090354
208216	0.0003533143527
208217	0.0003966037492
208218	0.0001539790783
208219	0.003459882293
208220	0.003033769715
208221	0.001420762762
208222	0.0005824568493
208223	0.001126977044
208224	0.000480039564
208225	0.00133641385
208226	0.003174640695
208227	0.0006776755386
208228	0.0009534718072
208229	0.0004107403218
208230	0.0005678153637
208231	0.0004343868515
208232	0.0007597629221
208233	0.001585886865
208234	0.0004511633103
208235	0.00026204225
208236	0.0003467788584
208237	0.001185492227
208238	0.0003133197959
208239	6.913627095e-05
208240	0.0003254509608
208241	0.0005839520328
208242	0.0004840167263
208243	0.000263375036
208244	0.002056163053
208245	0.000282874825
208246	0.001782390449
208247	3.752304764e-06
208248	0.0007897567574
208249	0.00059711516
208250	0.0005939609247
208251	0.001663930935
208252	0.0006741218464
208253	5.125536332e-05
208254	0.0003597248262
208255	0.0001686150244
208256	0.0009878922342
208257	1.135656599e-05
208258	0.0010344756
208259	0.001290361434
208260	0.0009152304701
208261	0.0001541405682
208262	0.001223935447
208263	0.0004243924054
208264	0.001559425467
208265	0.0006029207658
208266	0.000739540954
208267	0.00077673075
208268	0.0002872183539
208269	0.000411683144
208270	0.0007212842063
208271	0.0001615195479
208272	0.0001475848767
208273	0.0003691153712
208274	0.0002416806518
208275	0.003989003969
208276	0.0001241398063
208277	0.0002527213225
208278	0.001152680261
208279	0.0006230147587
208280	0.0002643616513
208281	0.0003370663532
208282	0.002815757642
208283	8.731625841e-05
208284	0.001267215021
208285	0.001695784905
208286	0.0002260008284
208287	0.0007915774254
208288	0.001010680171
208289	0.0007313722863
208290	0.001763556887
208291	0.0003261540742
208292	0.0008625533323
208293	0.001212357473
208294	0.001193735576
208295	0.002380225881
208296	0.002890800212
208297	0.0001180053467
208298	0.0004537093016
208299	0.001551428387
208300	0.0007877149786
208301	0.0002732384946
208302	0.002686052392
208303	0.0001033035727
208304	0.0006811744381
208305	0.001545982481
208306	0.002324062231
208307	0.0007806743892
208308	0.0001741505871
208309	7.552933157e-05
208310	0.001221950648
208311	0.0003184867543
208312	0.0005356745773
208313	4.998133529e-07
208314	0.001093499348
208315	0.0003208824922
208316	0.001345182034
208317	0.0006342171592
208318	0.0003015966788
208319	0.0001035334775
208320	0.0006105446657
208321	0.0002872208898
208322	0.0002054765124
208323	0.001172716714
208324	0.00303141216
208325	0.001610089253
208326	0.0009709477361
208327	3.978819855e-05
208328	0.0007502506666
208329	0.002251784948
208330	0.001322298989
208331	0.003781328934
208332	0.004005136806
208333	0.002278747318
208334	0.000441201883
208335	0.0004371733473
208336	0.00107596084
208337	0.0008335381327
208338	0.0005962234175
208339	0.004731432818
208340	0.003553175923
208341	0.0004880731574
208342	0.001925667476
208343	0.004588461139
208344	0.0007437470056
208345	0.003887314281
208346	0.001769150959
208347	0.0006616103219
208348	0.0002442164879
208349	0.001685661973
208350	0.002482911464
208351	0.007762551232
208352	0.001841726952
208353	0.0004044676482
208354	0.0002718889377
208355	0.000988001577
208356	0.002738210544
208357	0.002462305796
208358	0.002367791439
208359	0.001622620425
208360	0.0003309604627
208361	0.0008777034759
208362	0.005527400973
208363	0.0008532940972
208364	0.003384106117
208365	0.0002376828961
208366	0.0001706344657
208367	5.818279487e-05
208368	0.000185598331
208369	0.0003850050956
208370	0.0006653243583
208371	0.0005843767903
208372	5.702186302e-05
208373	0.0001490804173
208374	0.0008030047519
208375	9.432748811e-05
208376	6.91846833e-05
208377	0.0002214871222
208378	0.0002220752402
208379	0.0006242729849
208380	0.0001274677253
208381	5.52455323e-05
208382	0.0001941069558
208383	0.0004732973184
208384	0.0005944619075
208385	0.0003221574156
208386	0.0005874802114
208387	0.000310079895
208388	2.37422595e-05
208389	0.0002026189615
208390	0.0002199184052
208391	0.0002101020465
208392	0.000492311028
208393	0.0002751455476
208394	1.534009572e-06
208395	0.0002734444787
208396	0.0003729706718
208397	0.0004774616309
208398	0.0002320290057
208399	0.0003248890888
208400	5.866452278e-05
208401	0.0001891487288
208402	0.0003134841344
208403	0.0001792513581
208404	7.237794938e-05
208405	0.000266110017
208406	0.0002388027149
208407	0.0003915085098
208408	8.618602825e-05
208409	0.000432357138
208410	0.0008437773619
208411	0.0002921474445
208412	4.909766701e-06
208413	0.0001810058017
208414	1.626177157e-05
208415	4.781885884e-05
208416	6.792640822e-05
208417	0.0003095709325
208418	6.869155368e-05
208419	0.000269886017
208420	1.022540697e-05
208421	6.097172062e-06
208422	0.0001363798354
208423	0.0001626559824
208424	0.0002553129758
208425	0.000154961351
208426	9.642714877e-05
208427	0.0002618757234
208428	0.0008055863175
208429	0.0004543642523
208430	0.0002433436404
208431	0.000298013682
208432	0.00023407422
208433	0.0007520679121
208434	0.001086126133
208435	0.0005403189592
208436	6.803925529e-05
208437	0.003098739982
208438	0.0001307331779
208439	0.0002699954916
208440	0.0002157627517
208441	2.909873477e-05
208442	0.0001386464177
208443	0.0004260660977
208444	5.463079048e-05
208445	1.319639397e-05
208446	0.0003691461911
208447	0.0001874885971
208448	3.773466017e-05
208449	6.719411256e-05
208450	0.0003564968587
208451	0.0002086039483
208452	0.0003689656991
208453	0.0002467521083
208454	0.0003423881604
208455	0.0003453550243
208456	0.0002142122031
208457	7.857832158e-06
208458	0.0006738240017
208459	0.000462430311
208460	0.0003129923507
208461	0.000551789318
208462	0.0001882568489
208463	5.783895707e-05
208464	0.0003893589584
208465	1.747665436e-05
208466	0.0001604126076
208467	9.180313162e-06
208468	0.0001933346272
208469	1.249915066e-06
208470	0.000522899148
208471	0.0002147717392
208472	0.0004906272495
208473	0.0002594689489
208474	0.0001171802164
208475	0.000232548121
208476	0.0001025950066
208477	6.997703045e-05
208478	4.893453028e-05
208479	0.0001538771649
208480	0.0002602025881
208481	3.056526429e-05
208482	0.000110978371
208483	0.0003531160655
208484	0.0002034442812
208485	0.0005136876556
208486	0.0006322360489
208487	0.0004655841925
208488	0.0006963958299
208489	0.0002937556001
208490	0.0001496535604
208491	7.154606131e-05
208492	0.0006756828173
208493	0.0003553809602
208494	0.0005994700529
208495	0.001510341233
208496	0.0005215577551
208497	0.0005812430103
208498	0.0001648913012
208499	8.210514289e-05
208500	4.546771914e-05
208501	0.0005528483213
208502	0.0003862942487
208503	0.0002758604897
208504	0.0001469610572
208505	0.0002297165731
208506	0.0002625288004
208507	0.0002435898863
208508	0.0007971903252
208509	0.0002321931926
208510	0.0001919831477
208511	0.0001489865951
208512	0.000134724978
208513	0.0001208916332
208514	0.0003834143003
208515	0.0004289500733
208516	0.0003203443305
208517	0.0001302904873
208518	0.0007278372847
208519	0.0007383324256
208520	0.0002997767172
208521	3.555770849e-06
208522	2.218905944e-05
208523	0.0003398524968
208524	0.0003824478885
208525	0.0003660421805
208526	0.000708830073
208527	0.0001869583342
208528	0.0005472427211
208529	0.0007808756928
208530	0.002057313856
208531	0.0005636564163
208532	0.001572266254
208533	0.005336109627
208534	0.001699958593
208535	0.002051006935
208536	0.0005193118025
208537	0.001071491867
208538	0.006207183218
208539	0.004157235671
208540	0.0007396628527
208541	0.001192104348
208542	0.0004691281182
208543	0.004463813291
208544	0.0007697235726
208545	0.004175690005
208546	0.002445909502
208547	0.001024967999
208548	0.001837445941
208549	0.003093417732
208550	0.003615940135
208551	0.001429837184
208552	0.0001773343724
208553	0.002365568994
208554	0.00160880021
208555	0.003121637093
208556	0.001253019379
208557	0.002216314458
208558	7.137867949e-05
208559	0.001361776594
208560	0.003674918332
208561	0.001783357888
208562	0.001524709988
208563	0.002568892644
208564	0.001324026876
208565	0.000938573733
208566	0.003032600943
208567	0.0008421574479
208568	0.002176975347
208569	0.001347530979
208570	0.0006108254017
208571	0.002837982729
208572	0.0007258863382
208573	0.002412288704
208574	0.003197031744
208575	0.00162139521
208576	0.002694489805
208577	0.001238971625
208578	0.0003147470852
208579	0.001061028025
208580	0.003475494303
208581	0.00422979368
208582	0.004054648429
208583	0.002923118198
208584	0.003829926124
208585	0.00413354308
208586	0.0004268585291
208587	0.00333933174
208588	0.003329494816
208589	0.003004014656
208590	0.003075043233
208591	0.002502524023
208592	0.003119829748
208593	0.003705722732
208594	0.001913138117
208595	0.001698759929
208596	0.005325050686
208597	0.002090145721
208598	0.001822300001
208599	0.001137263103
208600	0.003112352714
208601	0.001221532231
208602	0.0002964476464
208603	0.003005552216
208604	0.003743300458
208605	0.0002221117654
208606	5.719423177e-05
208607	0.001365381411
208608	0.007243210134
208609	0.0005560388709
208610	0.001577818296
208611	0.004617439182
208612	0.002425196031
208613	0.000792639966
208614	0.002941328611
208615	0.002256816697
208616	0.001141924591
208617	0.00366354443
208618	0.0004546796138
208619	0.002700008215
208620	0.001759520284
208621	0.002735587352
208622	0.004120035191
208623	0.002102616255
208624	0.003216759505
208625	0.003185333193
208626	0.0004538561386
208627	1.66009571e-05
208628	2.293837339e-05
208629	0.005239869902
208630	0.00434495158
208631	0.003948950683
208632	0.0008639530085
208633	0.002828403136
208634	8.431872534e-05
208635	0.001300087783
208636	0.0004608024236
208637	0.006117841601
208638	0.004503376147
208639	0.002416058601
208640	0.009643493354
208641	0.0007538025259
208642	0.0001199004851
208643	0.0003437623088
208644	0.001352115391
208645	0.0004489632951
208646	0.001784849759
208647	0.001888418411
208648	0.00121343159
208649	0.003073564872
208650	0.001065715078
208651	0.003719475981
208652	0.0009520402229
208653	0.001757732997
208654	0.00057053623
208655	0.0005858258956
208656	0.001998487989
208657	0.001058639751
208658	0.0007685009106
208659	0.001379110177
208660	0.00134931848
208661	0.0009679979094
208662	0.0009423543
208663	0.0006713077834
208664	0.0005913888941
208665	0.0005400303102
208666	0.0007792816737
208667	0.000379841983
208668	0.001060536819
208669	0.002538639617
208670	0.001137821699
208671	0.0009817880934
208672	0.003020786043
208673	4.778410701e-05
208674	0.0002289573021
208675	0.001425495438
208676	0.0002676443906
208677	0.0009317319098
208678	0.0009330852383
208679	0.0009741199674
208680	0.00300792996
208681	0.0001634114199
208682	0.001295251778
208683	0.0008012554606
208684	0.001967583925
208685	0.003970107828
208686	0.002906541431
208687	0.001461675472
208688	0.001956472318
208689	0.0006753561438
208690	0.0001874367989
208691	0.0002643303399
208692	0.001538810409
208693	0.0002610398132
208694	0.001116229958
208695	0.00123010024
208696	0.0006700056158
208697	0.001025198743
208698	0.001164607892
208699	0.0005203320437
208700	0.00079772268
208701	0.001087556687
208702	0.0005585929932
208703	0.001846795498
208704	0.000441080449
208705	0.000365727881
208706	0.0005751078476
208707	0.0006874263215
208708	0.001058861343
208709	0.002045288216
208710	0.0007744052925
208711	0.0006724004258
208712	0.001836353404
208713	0.00098401943
208714	0.0005842029805
208715	0.000766365353
208716	0.001486980349
208717	0.0001668064029
208718	0.001175556607
208719	0.0003741184211
208720	0.0002441602391
208721	0.00360362639
208722	0.001000555368
208723	1.698621971e-06
208724	0.0001425409846
208725	0.001299749375
208726	0.0003003754234
208727	0.0002246234527
208728	4.362207821e-05
208729	0.000906602248
208730	0.002376083326
208731	0.002556375967
208732	0.0001462056475
208733	0.001545984854
208734	0.0006375624232
208735	0.0002894651672
208736	0.0003804470221
208737	0.001543904038
208738	3.70190706e-05
208739	0.0002262177022
208740	4.031270035e-05
208741	0.0004716782868
208742	0.0004749177225
208743	0.001659166233
208744	0.0008148027531
208745	0.0002160393354
208746	0.0004726080306
208747	0.001603538221
208748	0.0007701427521
208749	8.839383028e-05
208750	8.402856908e-05
208751	0.0006889588634
208752	0.0002698843792
208753	0.0004745086385
208754	0.0002095720754
208755	4.203276715e-05
208756	0.000816840304
208757	8.784647946e-05
208758	0.000733181721
208759	0.002387413943
208760	0.001446685481
208761	0.001516570863
208762	0.001413593956
208763	0.00116799481
208764	0.0006081451824
208765	0.001388448101
208766	0.001203506968
208767	0.000128848557
208768	0.0004131314842
208769	4.199313347e-05
208770	0.0001201482507
208771	0.0003310065177
208772	0.0005818552356
208773	0.0008356176303
208774	0.001832737968
208775	0.0003471002202
208776	0.0005866793105
208777	0.001240877011
208778	0.0003120952548
208779	0.0009658807504
208780	4.575323317e-05
208781	0.003736774846
208782	0.003125529199
208783	3.698528618e-05
208784	0.0005312560011
208785	0.001056029158
208786	0.0004052043063
208787	0.0003836667021
208788	0.0003215834945
208789	0.001635895181
208790	0.000897356428
208791	0.0006764954346
208792	0.0002111219945
208793	0.0001010611914
208794	0.001818988634
208795	0.0002061579078
208796	0.000470956936
208797	0.00328971254
208798	0.002561073528
208799	0.0004764302311
208800	0.0004850394737
208801	0.001594202524
208802	0.0002136521247
208803	8.624093554e-06
208804	0.0001208474394
208805	0.000395090394
208806	0.0008284628275
208807	0.0002514363949
208808	0.0007293470299
208809	0.0001148240894
208810	0.002230848412
208811	0.0004658540264
208812	0.00210946371
208813	0.0004301191458
208814	0.000397997267
208815	9.831045155e-05
208816	8.38753943e-05
208817	0.0008247115563
208818	0.0008750310558
208819	0.0011119492
208820	0.001129881204
208821	0.0007872716976
208822	0.0005255911595
208823	0.001058644303
208824	0.000839858818
208825	0.000929286862
208826	0.0004741564357
208827	0.0004133787686
208828	0.0009842383748
208829	0.003343680737
208830	0.001617503874
208831	0.001277592557
208832	0.0009189669915
208833	0.0007359336835
208834	0.001048951419
208835	0.0001465248494
208836	0.001929130234
208837	0.000437489131
208838	0.0008127509232
208839	0.0004095879517
208840	0.0002446660344
208841	0.0002767599424
208842	0.0003753353579
208843	0.0003912975025
208844	0.0006788399171
208845	0.0004039782415
208846	5.90435648e-06
208847	0.0001223176938
208848	0.0004350748293
208849	0.0004609135575
208850	0.0009766327491
208851	0.0003870975689
208852	0.000382239918
208853	0.0001046460611
208854	0.0005566675888
208855	0.0009478233547
208856	2.929893945e-05
208857	0.0005250137521
208858	5.020047987e-05
208859	0.002164078407
208860	0.0003091061077
208861	0.0006919041802
208862	0.000524019216
208863	0.002596617178
208864	0.001722818801
208865	0.0004697422106
208866	0.002542304179
208867	0.0002153760013
208868	0.0003550560529
208869	0.0003350095124
208870	0.001408328579
208871	0.0003040942724
208872	0.0005005525719
208873	0.001707123259
208874	0.0009192719881
208875	0.0001729167651
208876	0.0004298266832
208877	0.000731985389
208878	0.0007077227278
208879	0.001044195432
208880	0.001261922702
208881	7.95549091e-05
208882	0.0002139423075
208883	0.0007728263961
208884	0.0001903102221
208885	0.0002983696878
208886	0.0003353668766
208887	0.0003483205486
208888	0.0006127881031
208889	0.001651250314
208890	0.0002566405722
208891	0.0008298978546
208892	1.12328182e-05
208893	0.0005421722705
208894	0.00190072545
208895	0.002570911835
208896	0.002557866604
208897	0.0002646046972
208898	0.001389641104
208899	0.0001702568807
208900	0.0007216577261
208901	0.0003751519934
208902	3.204460783e-05
208903	7.635494005e-05
208904	0.0004994677405
208905	0.0005272000797
208906	0.001639299405
208907	0.001169681545
208908	0.000289959822
208909	0.0008361793932
208910	0.0002550335411
208911	0.0002290785906
208912	0.0004376210373
208913	0.0006111370818
208914	0.0008160213869
208915	0.0001388388545
208916	7.948766843e-05
208917	0.0002428653623
208918	0.001048558921
208919	0.0002442545544
208920	0.0006419917774
208921	0.0007940858499
208922	0.0008020303684
208923	0.0006206116905
208924	0.0006417573316
208925	0.001528481098
208926	0.0001438206366
208927	0.0002844938753
208928	0.001586008068
208929	0.0005356769277
208930	0.003238786663
208931	0.001813365437
208932	0.0009953650135
208933	0.0006222350131
208934	0.0007246392439
208935	0.001317401396
208936	0.0001251413077
208937	0.0003360101419
208938	8.752927022e-05
208939	0.001032867756
208940	0.0003992857801
208941	0.000522654842
208942	0.0002639573095
208943	0.0001415267
208944	2.425211103e-05
208945	0.001148750724
208946	0.0001995061825
208947	0.001431337813
208948	1.910186447e-05
208949	0.0001432719249
208950	0.001770251124
208951	0.0003435781985
208952	0.0002620784313
208953	0.001105044545
208954	0.0007736151446
208955	0.00340404331
208956	0.005335772954
208957	0.003020399761
208958	8.25924113e-06
208959	0.00351085275
208960	0.002273367301
208961	0.001807299824
208962	0.003935845124
208963	0.003834557908
208964	0.004130996486
208965	0.002416954215
208966	0.003094969244
208967	0.002357461181
208968	0.003913104235
208969	0.0008019817756
208970	0.001278100859
208971	0.001016270609
208972	0.001062160074
208973	0.001708161619
208974	0.0002826141037
208975	0.001958012047
208976	0.0009596275879
208977	0.002432362931
208978	0.000659447987
208979	0.001523333932
208980	0.002858179446
208981	0.0007484005327
208982	0.0006449514755
208983	0.0008915344605
208984	6.142018061e-06
208985	2.437347346e-05
208986	0.0001540106455
208987	0.0003662162618
208988	0.0003201390389
208989	0.00604646029
208990	0.000627678433
208991	0.0001288443313
208992	0.001806421224
208993	0.0001362697854
208994	0.003767167825
208995	0.0001044740177
208996	0.0003026156251
208997	0.0004241596969
208998	0.002021961332
208999	0.0001464358692
209000	0.00310537301
209001	0.0004639645992
209002	0.001979085823
209003	0.001539661816
209004	0.0004454901557
209005	0.0003882310433
209006	0.001472086948
209007	0.002310947174
209008	0.001631270645
209009	0.0002992511778
209010	0.0003694523732
209011	0.000487672962
209012	0.005027182794
209013	0.0002587729727
209014	0.0002995655247
209015	0.001089207342
209016	0.0004695117864
209017	0.000678488895
209018	0.0003162789316
209019	0.003977189855
209020	1.127731774e-05
209021	0.00450760135
209022	0.000528472113
209023	0.0006873345139
209024	0.003819632613
209025	0.001886429114
209026	0.001166157821
209027	0.003573623484
209028	0.00208526737
209029	1.267697433e-05
209030	0.0001210152943
209031	0.0009814087534
209032	0.001808535265
209033	0.001258285555
209034	0.0003465324047
209035	0.0008300342986
209036	0.0009363599109
209037	0.002571640329
209038	0.002398839731
209039	0.00152174145
209040	0.0006932531339
209041	0.00224133206
209042	0.001427526141
209043	0.001011812402
209044	0.0004404981247
209045	8.962260281e-05
209046	0.000116506863
209047	0.001483116295
209048	0.0002233779317
209049	0.00137642755
209050	0.000241297212
209051	0.001045980266
209052	0.004158659758
209053	0.003927605611
209054	0.002219579054
209055	0.002220480438
209056	0.002831988428
209057	0.002023657203
209058	0.005828322752
209059	0.002894180278
209060	0.004016392525
209061	0.002495996846
209062	0.0006327993289
209063	0.001324883422
209064	0.0005444676888
209065	0.0009971087723
209066	0.002442119402
209067	0.0009439435967
209068	0.0007403826162
209069	2.511352119e-05
209070	3.016042699e-05
209071	8.80079903e-08
209072	0.0004388249087
209073	0.000727733799
209074	0.0009735546871
209075	0.002342279148
209076	0.0001454584726
209077	0.001053499989
209078	0.00183613768
209079	0.001832272065
209080	0.001388134218
209081	0.002171444613
209082	0.001486232339
209083	0.003201334934
209084	0.0009041926857
209085	1.790860268e-07
209086	0.00340696186
209087	0.0004574840244
209088	0.002075597957
209089	0.00347787734
209090	0.0009868755632
209091	0.0002819870665
209092	0.002154000845
209093	0.001167939243
209094	0.002439781034
209095	0.001210700486
209096	0.0001471241041
209097	0.00123136341
209098	0.002398020466
209099	3.724989357e-06
209100	5.076350033e-05
209101	0.0008619174508
209102	0.001208082648
209103	0.003169400991
209104	0.001624590739
209105	0.0009971593002
209106	0.001671596176
209107	0.0005016131596
209108	0.0005322109394
209109	0.003831945625
209110	0.002664040634
209111	0.002458984843
209112	3.704522383e-07
209113	0.002702850799
209114	0.0003034156907
209115	0.002597721097
209116	0.001203279892
209117	0.003313007971
209118	0.003195570091
209119	0.003171723095
209120	0.002174601442
209121	0.003088467585
209122	0.001457966884
209123	0.001972976737
209124	0.004064837058
209125	0.0003139147465
209126	0.004506608057
209127	0.0006003612594
209128	0.002181792409
209129	0.003479755613
209130	0.0009540529356
209131	0.0009848692079
209132	0.003145392752
209133	7.52208967e-05
209134	0.003479805757
209135	0.0004868980027
209136	0.0007258389146
209137	0.0008545211467
209138	0.0005968530684
209139	0.0001718037846
209140	0.002203939982
209141	0.003252241291
209142	0.001587145317
209143	0.0005613703518
209144	0.0008160054307
209145	0.00229783689
209146	0.001210913878
209147	0.001693281187
209148	0.002140221495
209149	0.0006668695283
209150	0.002500626866
209151	0.0002207717831
209152	0.0021148539
209153	0.003251609637
209154	0.002032985173
209155	0.003315570437
209156	0.001465166624
209157	0.0001696848386
209158	0.002718069201
209159	0.0006757838405
209160	0.003659369177
209161	8.371386495e-05
209162	0.0002682626658
209163	0.0003079528299
209164	0.001754662598
209165	0.001656587595
209166	0.004037996164
209167	0.001435471861
209168	0.001003255456
209169	0.0005637352942
209170	0.000579167885
209171	8.14309171e-05
209172	0.002406789432
209173	0.003239318412
209174	0.0021938829
209175	0.001535539554
209176	0.001178313385
209177	0.0003792396267
209178	0.001277897093
209179	0.0007092242516
209180	0.003524914723
209181	0.001993020132
209182	6.119510425e-05
209183	0.0005756505672
209184	0.000811446164
209185	0.002576863515
209186	0.00315761207
209187	0.0006103857447
209188	0.00132028717
209189	0.0006007110595
209190	1.951258439e-05
209191	0.001271483068
209192	0.0002983202042
209193	0.001674624544
209194	0.001852063621
209195	0.0001953819834
209196	0.004983807794
209197	0.0004801343497
209198	0.001659098842
209199	0.002503805138
209200	0.007623558859
209201	0.0005759727194
209202	0.0004010131841
209203	0.000175454296
209204	0.0009229442964
209205	0
209206	0.0002146954343
209207	0.0002321958918
209208	9.216230482e-05
209209	0.002623198496
209210	0.002185057779
209211	0.0005243408853
209212	0.0005123841222
209213	0.001277424941
209214	0.006145047675
209215	0.002027412457
209216	0.0007253214809
209217	0.001456386049
209218	0.004435012789
209219	0.00449099992
209220	0.001807173766
209221	0.002583163567
209222	0.0006331270824
209223	0.0001988108191
209224	0.0008369805948
209225	0.0002996610742
209226	0.0006460229068
209227	0.001284414766
209228	0.003535064787
209229	9.449995842e-05
209230	0.004804464822
209231	0.00308425692
209232	0.001468070928
209233	0.0006391615042
209234	0.002118579403
209235	0.002302407235
209236	8.911652441e-05
209237	0.0004770679059
209238	0.001931142374
209239	0.003088323715
209240	0.0002740109629
209241	0.002717984091
209242	0.004661315809
209243	0.005929089245
209244	0.001437871063
209245	0.002460363849
209246	0.001285249755
209247	0.00135104452
209248	0.001118890506
209249	0.0002572455369
209250	0.0003589401736
209251	0.002959484014
209252	0.0007258732612
209253	0.001519910354
209254	5.306405724e-05
209255	0.004722524666
209256	0.0002181170518
209257	0.0003057589088
209258	0.00280579199
209259	0.001123483162
209260	0.004070336319
209261	0.0005298211768
209262	5.914606024e-05
209263	0.0001030270447
209264	6.891434792e-06
209265	0.0009335330141
209266	0.003081253907
209267	0.00555507318
209268	0.003350390775
209269	0.001358704875
209270	0.006074411705
209271	0.001573669873
209272	0.00336232792
209273	0.001548484718
209274	0.001271732331
209275	0.0004756384619
209276	0.00296517064
209277	7.455021683e-05
209278	0.0001113654874
209279	0.002098552096
209280	0.00139105211
209281	0.001128952259
209282	0.002282319038
209283	0.003752050795
209284	0.0003198377816
209285	0.001336998351
209286	0.0003046865183
209287	0.0008399931
209288	0.001195058993
209289	0.0014087012
209290	0.001395255066
209291	0.001599268965
209292	0.001018586237
209293	0.001817162378
209294	0.000828988753
209295	0.002735611847
209296	0.0004133982835
209297	0.0005301108736
209298	0.000454929371
209299	0.0009470171943
209300	0.0003718465523
209301	0.0006417404946
209302	0.0004801539115
209303	0.0001353205317
209304	0.0009647929485
209305	0.0003762605539
209306	0.0003293676665
209307	0.0006309853653
209308	0.0006932923797
209309	9.173974825e-05
209310	0.001092043113
209311	0.0004441488211
209312	0.000872693072
209313	0.0002312673415
209314	0.001118372219
209315	0.0005948751921
209316	0.001903969614
209317	0.0005296284187
209318	0.0008071269168
209319	0.002248873014
209320	0.004400138307
209321	0.0005564855828
209322	0.0008298815798
209323	0.0005152686487
209324	0.0006096919828
209325	0.0008339005613
209326	0.001334190913
209327	0.001393421743
209328	0.004779131469
209329	0.001529656868
209330	0.001538313677
209331	0.003456558989
209332	0.002577291181
209333	0.0001351662454
209334	0.001133419789
209335	0.0005481969394
209336	0.00233447579
209337	0.001887680012
209338	0.001009431767
209339	0.002894575347
209340	0.0001422913497
209341	0.0007687724427
209342	0.0007431533037
209343	0.0007235185526
209344	0.001973180276
209345	0.0003439160656
209346	0.001713566945
209347	0.001098902705
209348	0.0008554911265
209349	0.003787303193
209350	0.0006883913573
209351	0.001716625474
209352	0.0003142394609
209353	0.001782147709
209354	0.003029544973
209355	0.0005844556076
209356	0.0042067008
209357	6.508512576e-05
209358	0.0003529140503
209359	0.002649500334
209360	0.0008996321067
209361	2.143197876e-05
209362	3.431380982e-06
209363	0.002065091371
209364	0.0009156877393
209365	0.0003618090572
209366	0.00441474421
209367	0.00206822544
209368	0.004921094325
209369	0.0001279996537
209370	0.001274954402
209371	0.005431669704
209372	0.003836215895
209373	0.005437166908
209374	0.001669822376
209375	0.005739175507
209376	0.0001924938561
209377	0.0003451660896
209378	0.0004119213281
209379	0.0009067428273
209380	0.004320794559
209381	0.00116313388
209382	0.005281744245
209383	0.002399433663
209384	0.001030238034
209385	0.002757643081
209386	0.0003698547086
209387	0.003684361903
209388	0.002781682941
209389	0.0001346652633
209390	0.0001515173928
209391	0.001056250348
209392	0.00202140741
209393	0.002759950173
209394	0.0009270445872
209395	0.002782701097
209396	0.0004867435986
209397	0.001292471304
209398	0.001210758576
209399	0.001958642446
209400	0.0002703297004
209401	0.0009676794129
209402	0.005738243872
209403	0.001296970128
209404	0.003313945102
209405	0.001191113854
209406	0.0006174269853
209407	0.0001661219888
209408	0.002979264763
209409	0.005824404157
209410	0.000760388059
209411	0.001242747724
209412	0.000273503652
209413	0.002532607913
209414	0.001590312324
209415	0.000432964856
209416	0.009798919339
209417	0.00102749461
209418	0.003311239811
209419	0.001426466775
209420	0.00214810409
209421	0.0002022151819
209422	0.001634656706
209423	0.0001543362178
209424	0.003075253401
209425	0.001746437387
209426	0.001489795668
209427	0.001499026961
209428	0.0004034352263
209429	0.001771372338
209430	0.001089649138
209431	0.007439303537
209432	0.0005869165102
209433	0.001224719102
209434	4.29519733e-05
209435	0.002095637275
209436	0.003041230603
209437	0.0004128220434
209438	0.0007297161068
209439	0.0004512404559
209440	0.004380697916
209441	0.001640391099
209442	0.0006198173517
209443	0.003808112093
209444	0.0001243613265
209445	0.001868303101
209446	0.001466624461
209447	0.006508568327
209448	0.0005525099825
209449	5.178202183e-05
209450	0.0005978793945
209451	0.0009412185354
209452	0.0005674816104
209453	0.002278661204
209454	0.004111723487
209455	0.006380468951
209456	0.0008888151864
209457	0.0001417651004
209458	0.001854079342
209459	0.00244868875
209460	0.0005432931452
209461	0.001753838518
209462	0.002779287556
209463	0.002090338594
209464	0.0006012451809
209465	0.0002357495997
209466	0.001159790863
209467	0.002225610328
209468	0.004692557369
209469	0.004618759328
209470	0.0007358804104
209471	0.001690582804
209472	0.003390142672
209473	0.0001364145478
209474	0.0008231355467
209475	0.001460829947
209476	0.003326394269
209477	0.00405959282
209478	0.003275434468
209479	0.004794212516
209480	0.001072103216
209481	0.008167366912
209482	0.004683565189
209483	0.004949874234
209484	0.001790274904
209485	0.003322047439
209486	0.000758464518
209487	0.0001517052647
209488	0.00042231068
209489	0.002658617808
209490	0.003466930496
209491	0.001945486545
209492	0.003208377769
209493	0.00420283633
209494	0.002310942002
209495	0.004496531998
209496	0.0003990513562
209497	0.001879925221
209498	0.003113879896
209499	0.005768806792
209500	0.001027513378
209501	0.001503763507
209502	0.001011366367
209503	0.008805933204
209504	0.002045293632
209505	0.001262904877
209506	0.00301543515
209507	0.003616340587
209508	0.00260318768
209509	0.0001307485147
209510	0.0004873017969
209511	0.003091466645
209512	0.001049561416
209513	0.0002110785117
209514	0.0004974857118
209515	0.001554928734
209516	0.000103106559
209517	0.005305918071
209518	0.001314832067
209519	0.002376320317
209520	0.002334817621
209521	0.0009762532563
209522	0.003223544706
209523	0.0001295637698
209524	0.001343016603
209525	0.0006733866085
209526	0.001903331543
209527	0.001690833377
209528	0.0009042157721
209529	0.002422236945
209530	0.005143159395
209531	0.003645321608
209532	0.002290489897
209533	0.00046026353
209534	0.001988939496
209535	0.001966333457
209536	0.001880518762
209537	0.0004336372684
209538	0.001278009219
209539	0.004758886451
209540	0.0008292778381
209541	0.0009207736694
209542	0.00380434466
209543	0.0001356701093
209544	0.002876407224
209545	3.229535776e-06
209546	0.0003200584319
209547	0.0002922150199
209548	0.005254563628
209549	0.0003073965743
209550	0.001117432631
209551	0.001327525718
209552	0.002806346781
209553	0.002133791925
209554	0.0004031019547
209555	0.001245148528
209556	3.239245292e-05
209557	0.0007138979907
209558	0.0001546597053
209559	0.0006543336903
209560	4.507324246e-05
209561	5.65416404e-05
209562	6.004435955e-05
209563	0.0002329133128
209564	0.0006615651289
209565	0.005263542177
209566	0.0008626628675
209567	0.001012130726
209568	0.0002296787047
209569	0.003896598204
209570	0.003748768772
209571	0.002876554243
209572	0.001165855755
209573	0.005139039436
209574	0.001082422147
209575	0.004414556913
209576	0.004944124618
209577	0.006029104538
209578	0.004763324173
209579	0.004521099668
209580	7.030588908e-05
209581	0.00537728739
209582	0.003152185905
209583	0.002623767304
209584	0.001087959093
209585	0.004642093657
209586	0.004437088106
209587	0.002768299822
209588	0.003921759645
209589	0.004692960921
209590	0.00483531959
209591	0.004727629973
209592	0.005217879885
209593	0.005497842493
209594	0.004545564308
209595	0.00439124358
209596	0.001702269021
209597	0.005335391033
209598	0.00586925368
209599	0.003205021049
209600	0.006437135719
209601	0.004546559948
209602	0.002195748285
209603	0.005694496757
209604	0.002087853596
209605	0.006090889795
209606	0.0005165211906
209607	0.003869803002
209608	0.007390097672
209609	0.003861719662
209610	0.0001459527641
209611	1.740043092e-05
209612	0.0003338689778
209613	0.0006860988649
209614	0.002368669409
209615	0.001128290383
209616	1.046698057e-06
209617	0.004756964103
209618	0.006490460926
209619	0.003143628597
209620	0.0003887457037
209621	0.0002982677432
209622	0.002844362163
209623	0.001223488064
209624	0.004411015195
209625	0.00118114013
209626	0.001830315676
209627	0.004593104308
209628	0.003493185391
209629	0.002116142084
209630	0.00632186196
209631	0.007117795729
209632	0.003193594297
209633	0.001956148438
209634	0.002701609503
209635	0.001473513592
209636	0.002127116973
209637	0.004649648165
209638	0.002469271725
209639	2.731607795e-05
209640	0.0006316771861
209641	0.000450638138
209642	0.001093341446
209643	0.00251599045
209644	0.004238540235
209645	0.003515210488
209646	0.0009228707866
209647	0.004020155234
209648	0.0001302182319
209649	0.002282341511
209650	0.001045627016
209651	0.003973876823
209652	0.001878118458
209653	0.004155486422
209654	0.0005213500394
209655	0.0008608114016
209656	0.0003472469918
209657	0.002436514751
209658	0.001775693288
209659	0.0008041428409
209660	0.0002580726103
209661	0.0003055863835
209662	0.002935842569
209663	5.761275527e-06
209664	0.0007788899057
209665	0.0003517300052
209666	0.0004939692195
209667	0.000643775474
209668	0.002670182898
209669	0.003639211925
209670	0.007120732776
209671	0.003359418636
209672	0.002613570296
209673	0.002691661135
209674	0.0002320734994
209675	0.001123957918
209676	0.001218944471
209677	0.0004026925508
209678	0.0001943185955
209679	0.001485929584
209680	0.002383734877
209681	0.002477049051
209682	0.0003497589286
209683	0.005341677762
209684	0.003209906223
209685	0.002144880656
209686	0.002883145896
209687	0.006647599563
209688	0.001886073234
209689	0.003446670916
209690	0.002597910068
209691	0.001407672663
209692	0.0009638149002
209693	0.0007696524058
209694	0.0002774763842
209695	0.0005417366012
209696	0.001427831308
209697	0.0001930106956
209698	0.001117504247
209699	0.0004186316318
209700	0.001197142347
209701	0.0005639563488
209702	0.003420149813
209703	0.001794130137
209704	0.003266692379
209705	0.003349749178
209706	0.001051884084
209707	0.0009951834553
209708	0.001964401763
209709	0.002268910548
209710	0.002496614932
209711	0.003370804122
209712	0.003629203424
209713	0.008885379792
209714	0.007183117311
209715	0.004659812681
209716	0.001263539179
209717	0.0004971519841
209718	0.0001426925919
209719	0.0001399756004
209720	0.0001044670541
209721	0.0001782231338
209722	3.604613614e-05
209723	4.78698029e-06
209724	0.0002334266402
209725	1.66224654e-05
209726	0.00012817765
209727	0.0001567498832
209728	8.422403979e-05
209729	0.0002152323273
209730	8.460680136e-05
209731	0.0001741175622
209732	0.0001619529002
209733	0.0008094798119
209734	8.820578823e-06
209735	0.0009438495778
209736	0.0006574687287
209737	9.935964188e-05
209738	0.0001826756755
209739	0.0001299753989
209740	0.0001726164998
209741	5.315866806e-05
209742	0.0001660930974
209743	0.0002396872937
209744	0.00126994975
209745	7.838565089e-05
209746	0.0001034166933
209747	0.002287242324
209748	6.515017206e-05
209749	3.15074647e-05
209750	0.0002662017334
209751	5.755693352e-05
209752	0.0003742814654
209753	0.0002157055997
209754	0.0002534516869
209755	0.007829153854
209756	0.001091617369
209757	0.002543724397
209758	9.860663297e-05
209759	0.00138038451
209760	2.222671043e-05
209761	0.001018334674
209762	4.068406351e-05
209763	0.005529848307
209764	0.0005553198781
209765	0.001665823352
209766	0.0005622333091
209767	0.001508177914
209768	0.001243767633
209769	0.0003456513307
209770	0.001297301449
209771	0.0001200201846
209772	0.0004563808005
209773	0.0005132648885
209774	0.0002887938142
209775	0.0006017705896
209776	0.003329864364
209777	0.0007910308107
209778	0.006333509165
209779	0.002596151624
209780	0.0008578523351
209781	0.0007325824188
209782	0.002915916734
209783	0.0002157983648
209784	0.001291048951
209785	0.0005077000238
209786	0.0006692610678
209787	0.001275736531
209788	0.001756178808
209789	0.00021037991
209790	0.0005264890279
209791	0.001598046629
209792	0.0005667846871
209793	0.000599618606
209794	0.0009740761191
209795	0.001363524802
209796	0.0001916476276
209797	0.0009949293328
209798	0.001299105168
209799	0.0004916088238
209800	0.002063018094
209801	0.0001462048375
209802	0.004640023786
209803	0.001936725812
209804	0.006356780605
209805	0.005552681601
209806	0.004799292623
209807	0.006846923721
209808	0.0005216790928
209809	0.001995322541
209810	0.002726002063
209811	0.0005735541793
209812	0.003298638089
209813	0.000919897862
209814	0.000738149018
209815	0.0009266536012
209816	0.0005617075173
209817	0.0007147973832
209818	0.0007973229159
209819	0.003259419068
209820	0.002997752228
209821	0.0006608841097
209822	0.002133408572
209823	0.0003948026198
209824	0.0002025662655
209825	0.0003126345757
209826	0.0009519807095
209827	0.0003342105549
209828	0.001668786305
209829	0.000762200278
209830	0.0006829957349
209831	6.480701998e-05
209832	0.0006945111335
209833	0.003213215352
209834	0.001320287162
209835	0.00189618368
209836	0.002482872785
209837	0.001118595106
209838	0.0006770681733
209839	0.003410225361
209840	0.002393342374
209841	0.002691849198
209842	0.001600680275
209843	0.002082974001
209844	0.002322234328
209845	0.002270267976
209846	0.0003483775445
209847	1.508024303e-05
209848	0.001139987794
209849	0.001187457512
209850	0.002467913246
209851	0.001857234563
209852	0.0001187853275
209853	0.0005145190926
209854	0.00293453036
209855	0.0005906616585
209856	0.0004041893003
209857	0.0004597696107
209858	0.0004293684109
209859	0.001241544465
209860	0.0003265694689
209861	0.0002514325925
209862	0.0006154264912
209863	0.0008408269861
209864	0.002483840646
209865	0.0004933255142
209866	0.0009764559144
209867	0.0007179096524
209868	0.001402178877
209869	8.569118685e-05
209870	0.007387316179
209871	0.0005800741465
209872	0.001885553285
209873	0.001187050004
209874	0.0003026099799
209875	0.002167311009
209876	0.004539202012
209877	0.002455491231
209878	0.004845500013
209879	0.007335389989
209880	0.007898874041
209881	0.004205271154
209882	0.0008986318063
209883	0.003360512037
209884	0.003692188717
209885	1.214130165e-07
209886	0.0003541702283
209887	0.0005122466712
209888	0.001332580987
209889	0.0005207610574
209890	0.001293312827
209891	0.0001624190207
209892	0.0005165087883
209893	8.487677623e-05
209894	0.0009413536239
209895	0.001246330061
209896	0.0002029979886
209897	0.002102586675
209898	0.002330760555
209899	0.0005750879478
209900	0.0004901399814
209901	0.001910802294
209902	0.0004763420828
209903	0.001269318501
209904	0.0007641177389
209905	0.0001671080937
209906	0.0009180624565
209907	0.0005708771048
209908	0.0007805603193
209909	0.0003669900092
209910	0.0008226909369
209911	0.0001969246299
209912	0.0002941086146
209913	0.0006668934666
209914	0.0002509502903
209915	0.0001834345964
209916	0.0004049272781
209917	0.0001730345423
209918	0.0002660036943
209919	0.0006650537342
209920	0.000410051178
209921	0.0002893991574
209922	0.0003868918105
209923	9.86872163e-05
209924	9.636959719e-05
209925	0.0003386458946
209926	0.0001733499653
209927	0.0005190765518
209928	0.0002642807189
209929	9.016285118e-05
209930	2.475402463e-05
209931	0.0004409282168
209932	3.777876532e-05
209933	0.001910226206
209934	7.859675636e-05
209935	0.0003513688881
209936	0.0007821714041
209937	0.0003418211435
209938	0.001203999665
209939	0.0001267663341
209940	0.001338191554
209941	0.0001244353987
209942	0.002296536294
209943	0.0005797064443
209944	0.005364248617
209945	0.005306161876
209946	0.004938870152
209947	0.006261291291
209948	0.006493588511
209949	0.002026800999
209950	0.006193336397
209951	0.00612083643
209952	0.007572664417
209953	0.003336200621
209954	0.007210269894
209955	0.002336273541
209956	0.003228640238
209957	0.001449936031
209958	0.006693930138
209959	0.00404156885
209960	0.005633778129
209961	0.002873748478
209962	0.006693752588
209963	0.004962812143
209964	0.005059430352
209965	0.0001369398954
209966	0.004289475134
209967	0.0008336357132
209968	0.003310361945
209969	0.002977801985
209970	0.002337443795
209971	0.0004955032784
209972	0.0001946663751
209973	0.0004106377424
209974	0.0001629192765
209975	0.0004593155039
209976	0.0004462268716
209977	0.003322567737
209978	0.0002380560169
209979	0.002049671076
209980	0.002526030729
209981	0.001449351944
209982	0.001768134363
209983	0.003606182252
209984	0.001482180318
209985	0.0005887218518
209986	0.004060103208
209987	0.003350851659
209988	0.002818123717
209989	0.001075985238
209990	0.00384072314
209991	0.003372156698
209992	0.004007847749
209993	0.0006656699136
209994	9.030261152e-05
209995	8.390696723e-05
209996	0.004051873343
209997	0.0004731176206
209998	0.002588900033
209999	0.000877316975
210000	0.003137237051
210001	0.000191464237
210002	0.004084596717
210003	0.0004784609431
210004	0.002893327343
210005	0.0005677516508
210006	0.003894971289
210007	0.005028942154
210008	0.003753883171
210009	0.001059363478
210010	0.0008973805725
210011	0.002161117297
210012	0.001025253025
210013	0.001120214728
210014	0.0003872724726
210015	0.002014234325
210016	0.0005132345729
210017	0.004452972921
210018	0.001503361725
210019	0.0004240828837
210020	0.001799586384
210021	0.0003118693036
210022	0.0006416646613
210023	0.001113295046
210024	0.002360821794
210025	0.004046366626
210026	0.001571358
210027	0.001803813022
210028	0.003925854881
210029	0.0008467310504
210030	0.00205909326
210031	0.001063016576
210032	0.002664690943
210033	0.002295911428
210034	0.003645539859
210035	0.00126083642
210036	0.002208105927
210037	0.001880198631
210038	0.003467456527
210039	0.001575694893
210040	0.001171025775
210041	0.003389676914
210042	0.001408047278
210043	0.0002525344218
210044	0.001883815181
210045	0.002494807226
210046	0.0004983926915
210047	0.001454884051
210048	0.0009387062813
210049	8.259848494e-05
210050	0.0005338206128
210051	0.001441631281
210052	0.001329326495
210053	0.004053759277
210054	0.0001615241249
210055	0.00235302667
210056	0.001458399049
210057	0.001193228983
210058	0.001666368782
210059	0.0002587481067
210060	0.003009921389
210061	0.001944176555
210062	0.001067186858
210063	0.000120452579
210064	0.0003450744017
210065	0.001331495225
210066	0.000239799196
210067	0.0003239698396
210068	0.001297582131
210069	0.0003618582373
210070	0.001097877947
210071	0.002123563384
210072	0.002308310818
210073	0.00122295236
210074	0.001492197096
210075	0.0006706839631
210076	4.145260375e-05
210077	0.0009364983462
210078	0.000132565368
210079	0.00199916949
210080	0.002504939373
210081	0.0005021920268
210082	0.001255075888
210083	0.00196389222
210084	0.0005957553054
210085	0.001052556428
210086	0
210087	0.001011522196
210088	0.002537609702
210089	0.003243800757
210090	0.002049489651
210091	0.000477240215
210092	0.0003762574781
210093	0.003505412035
210094	0.001654821983
210095	0.001977279207
210096	0.001807593518
210097	0.0007919316549
210098	0.0006047637397
210099	0.002599229425
210100	0.001013830759
210101	0.001471830472
210102	0.001016761738
210103	0.00152962282
210104	8.9550849e-05
210105	0.004658220113
210106	0.002131900917
210107	0.001015714086
210108	0.002226681609
210109	0.003316424373
210110	0.003651591241
210111	0.0001433081451
210112	0.001262283705
210113	0.00336020453
210114	0.00310973894
210115	0.001490502674
210116	0.0004276075109
210117	0.0005010657684
210118	0.001484632144
210119	0.002617170979
210120	0.0001625022625
210121	0.001649116999
210122	0.001263872476
210123	0.0008345581175
210124	0.0001355910874
210125	0.00237171339
210126	0.0003413617284
210127	0.00171837722
210128	0.0007627809314
210129	0.001394019864
210130	0.00122185113
210131	0.0006950200363
210132	0.001705106173
210133	0.001744031086
210134	0.0003590022836
210135	0.0002163870889
210136	0.001007761566
210137	0.0006262847603
210138	7.368110819e-08
210139	0.001308999824
210140	0.001759857256
210141	0.005243745079
210142	0.004198742663
210143	0.002649882882
210144	0.004470589527
210145	0.001599912484
210146	0.002937433219
210147	0.004424805641
210148	0.001196773942
210149	0.0009973679317
210150	0.001765251245
210151	0.000101450413
210152	0.001629050885
210153	0.003205078074
210154	0.000216094378
210155	0.0005480629499
210156	0.001270896326
210157	0.0008029140194
210158	0.0003627181956
210159	0.001610526167
210160	0.0004536005584
210161	4.774736087e-05
210162	0.000256847616
210163	1.784121314e-05
210164	0.0004312046123
210165	0.002777537105
210166	0.0005215638215
210167	0.003261764092
210168	0.001091764282
210169	1.404139851e-05
210170	0.004011602095
210171	0.002043976602
210172	0.0002563329182
210173	0.001141023525
210174	0.0003985502961
210175	0.0007356473709
210176	0.0008849676472
210177	0.002217695773
210178	0.001502500547
210179	0.001638466824
210180	1.255416458e-05
210181	0.001857461536
210182	0.001404116074
210183	0.0002764118163
210184	0.0009025441718
210185	0.001968607158
210186	0.0002288352446
210187	0.003937224814
210188	0.0001962684988
210189	0.002934909643
210190	0.00165643284
210191	0.0004918363428
210192	4.032379285e-05
210193	0.0006531190407
210194	0.0001582781049
210195	0.0004359055957
210196	0.0002694912806
210197	0.0006536215816
210198	0.002210464523
210199	0.001067493196
210200	0.0008040306059
210201	0.001504727085
210202	0.002082147267
210203	0.001755542738
210204	0.01034372124
210205	0.001188688785
210206	0.006190360856
210207	0.007927985892
210208	0.001612903245
210209	0.0005689219269
210210	0.003855791088
210211	0.003137034581
210212	0.002742942108
210213	0.0019330521
210214	0.003869470169
210215	0.001258130387
210216	0.0002188065765
210217	0.00713251185
210218	0.001164759437
210219	0.001011333237
210220	0.0009845616612
210221	0.00351886701
210222	0.002065422235
210223	0.005958423056
210224	0.0001307957729
210225	0.0009062851536
210226	0.002862585126
210227	0.0001305044818
210228	0.004818353916
210229	0.0007723313487
210230	0.002097655897
210231	0.001249605017
210232	0.003042105045
210233	0.002279237835
210234	0.0006225684666
210235	0.002703636022
210236	0.0006274729875
210237	0.000555101541
210238	0.00196210543
210239	0.003423066538
210240	0.003808361261
210241	0.003183520707
210242	0.0009339990054
210243	0.0006471981555
210244	0.0002663930749
210245	0.000261503436
210246	0.0008382889563
210247	0.0002661196135
210248	0.006254208302
210249	9.886518044e-06
210250	0.0001480125046
210251	0.004892493572
210252	0.001806111274
210253	0.001098038266
210254	0.004076813779
210255	0.004020920039
210256	0.0005971732281
210257	0.00142672005
210258	0.001320714114
210259	0.0002211250919
210260	0.0066659901
210261	0.001123807891
210262	0.0006498791734
210263	0.001366358456
210264	0.001286239698
210265	0
210266	0.0004973967882
210267	0.001589109361
210268	3.806036802e-05
210269	0.001728914217
210270	0.001869314698
210271	0.001523744785
210272	0.000233973415
210273	1.668058419e-08
210274	0.0004466742633
210275	3.684055408e-08
210276	0.002730536051
210277	0.001482835391
210278	0.00166604853
210279	0.001697087771
210280	0.001289445793
210281	0.001361607208
210282	0.001586787871
210283	0.001527728673
210284	0.00156737518
210285	0.001411666891
210286	0.0006817861763
210287	0.001144260738
210288	0.00163499282
210289	0.001647937774
210290	0.001581125789
210291	0.001688470803
210292	0.001529325355
210293	0.001791518217
210294	0.001998582261
210295	0.001473269938
210296	0.001721606363
210297	0.001274330843
210298	0.001624122163
210299	0.001815863868
210300	0.001937349121
210301	0.001159050502
210302	0.00184401262
210303	0.001772170547
210304	0.001538613231
210305	0.001633080534
210306	0.00165481786
210307	0.001748228034
210308	0.001617164292
210309	0.00150828734
210310	0.001654404115
210311	0.001437254305
210312	0.001627153477
210313	0.001625866117
210314	0.00157907339
210315	0.001925762798
210316	0.001600155028
210317	0.001297632782
210318	0.001654332648
210319	0.001673140007
210320	0.001067870983
210321	0.001571923932
210322	0.003007592951
210323	0.001472735991
210324	0.00113587789
210325	0.001373842204
210326	0.000849923374
210327	0.001135081737
210328	0.002240867253
210329	0.002355821382
210330	0.001178595358
210331	0.001266966072
210332	0.0005884109378
210333	0.001325422616
210334	0.001435877569
210335	0.0005814505286
210336	0.0002574039687
210337	0.001308348844
210338	0.001032448501
210339	0.00109677453
210340	0.001033895465
210341	0.0002153531449
210342	0.001315933339
210343	0.001298375942
210344	0.001418378744
210345	0.001396794411
210346	0.00128336141
210347	0.00175019076
210348	0.001341294891
210349	0.001359540757
210350	0.001139668563
210351	0.001782803331
210352	0.0005648013932
210353	0.00217117709
210354	0.001345756227
210355	0.001339949294
210356	0.002046536261
210357	0.00299532812
210358	0.001035934124
210359	0.001352538366
210360	0.002963225266
210361	0.001542557347
210362	0.001830366937
210363	0.001605830932
210364	0.001968866663
210365	0.001823392489
210366	0.001182806573
210367	0.0006673696055
210368	0.002249691068
210369	0.001811894912
210370	0.001324561428
210371	0.00197422582
210372	0.0008936826821
210373	0.0013863562
210374	0.001256074465
210375	0.001003130227
210376	0.002046225939
210377	0.001904215289
210378	0.001371147663
210379	0.001590731612
210380	0.001553813963
210381	0.001825937433
210382	0.001676530569
210383	0.001671929221
210384	0.001797743219
210385	0.001748401892
210386	0.002013475191
210387	0.002334469613
210388	0.0005844058942
210389	0.001843154551
210390	0.002333740611
210391	0.001641627466
210392	0.002321946785
210393	0.001802533844
210394	0.002014392808
210395	0.002139649333
210396	0.0004511975055
210397	0.001610783322
210398	0.001887519186
210399	0.002634741099
210400	0.002469136295
210401	0.001889114229
210402	0.001598407289
210403	0.002261350711
210404	0.002178322224
210405	0.001509813651
210406	0.001594251949
210407	0.002319428704
210408	0.002415276099
210409	0.00262725866
210410	0.002291427203
210411	0.0005525400174
210412	0.0004799688502
210413	0.001304508789
210414	0.0002960512767
210415	0.000623229481
210416	0.0005421603107
210417	0.000795259326
210418	0.002384195402
210419	0.001313718015
210420	0.001336784915
210421	0.001470058616
210422	0.00178818302
210423	0.003464097288
210424	0.003650455757
210425	0.003264916342
210426	0.003944165729
210427	0.003892260988
210428	0.003484290465
210429	0.0002773755196
210430	0.0004065990529
210431	9.28788322e-05
210432	0.0004417255854
210433	0.001179403886
210434	0.001037732543
210435	9.260021651e-05
210436	1.303579164e-05
210437	0.0007321168847
210438	0.0005264000303
210439	0.0004986714948
210440	0.0007588043064
210441	0.001034757691
210442	0.0004200192985
210443	0.0004062181039
210444	0.001156406547
210445	0.002273344164
210446	0.0003953776408
210447	0.0004662806758
210448	0.0002818306902
210449	0.0002464115381
210450	0.0003225137273
210451	0.000991768566
210452	0.0009265626114
210453	0.001766798643
210454	0.0004321088471
210455	0.0005033834286
210456	0.0003996557355
210457	6.740404134e-05
210458	0.000472569623
210459	0.0005115911322
210460	0.0003178212111
210461	0.0006662994126
210462	0.0003821680698
210463	0.0007076073936
210464	0.001785989911
210465	0.001065403301
210466	0.001678993769
210467	0.001793702143
210468	0.00141915123
210469	0.001853806134
210470	0.001587480897
210471	0.001703503503
210472	0.001860083219
210473	0.001892183763
210474	0.001839694203
210475	0.001871280538
210476	0.0004643024014
210477	0.0008348815051
210478	0.0001667852481
210479	0.0008955075205
210480	0.0006751620895
210481	0.001106368416
210482	2.125622448e-05
210483	8.607956314e-06
210484	0.0006330835597
210485	0.001261975631
210486	0.001064889919
210487	0.0005288017981
210488	0.0007974037325
210489	0.0006671398768
210490	0.0008648080099
210491	0.0004511980086
210492	0.0004003090088
210493	0.0007115912618
210494	0.003962448941
210495	0.0004072213172
210496	0.0001270782779
210497	0.0008008013526
210498	0.003051304395
210499	0.0003994372957
210500	0.0003198572231
210501	0.0001288790205
210502	0.0009308560642
210503	2.718614826e-05
210504	4.981218323e-05
210505	0.0003229103979
210506	0.0001056597299
210507	6.365678573e-05
210508	4.133178719e-05
210509	0.0002342247769
210510	0.0005400435604
210511	0.0007174606259
210512	0.000492674117
210513	0.000591917059
210514	0.0002672289462
210515	0.0004144854577
210516	0.0002637388995
210517	0.0006663054687
210518	0.0007711931463
210519	0.0003994231382
210520	0.0002523378202
210521	0.0004740183603
210522	0.0003344130059
210523	0.0006002788124
210524	0.0004804977694
210525	0.0009837725064
210526	0.001036166516
210527	0.0008953426438
210528	0.0005519469955
210529	0.0001091275323
210530	0.0003530402998
210531	0.002703701064
210532	0.003701498171
210533	0.003883357798
210534	0.003759664932
210535	0.00381911754
210536	0.003829748011
210537	0.003851892561
210538	0.00349924394
210539	0.003305616965
210540	0.003133350082
210541	0.00277016711
210542	0.003768306166
210543	0.003313490453
210544	0.003944380667
210545	0.003182601943
210546	0.004511632009
210547	0.004000871367
210548	0.004442332812
210549	0.002718220485
210550	0.004533289352
210551	0.003729377187
210552	0.004029347308
210553	0.003404755955
210554	0.004249360631
210555	0.003502796512
210556	0.003703789866
210557	0.004414171997
210558	0.003797163543
210559	0.003805323151
210560	0.003298653897
210561	0.003824173813
210562	0.00424650737
210563	0.003557980122
210564	0.0002402806732
210565	0.0008537275635
210566	0.002065315231
210567	0.000389051808
210568	0.0001166521146
210569	0.001203659973
210570	0.0004526208653
210571	0.001339515606
210572	0.0008966326221
210573	0.0004625395388
210574	3.429126113e-06
210575	8.15782432e-05
210576	5.404281683e-05
210577	9.604941453e-05
210578	0.0004137194942
210579	3.895822183e-05
210580	4.210935471e-05
210581	6.02156969e-05
210582	6.123567415e-05
210583	0.0002812317887
210584	0.0007031972233
210585	0.0002076119391
210586	4.458861201e-05
210587	0.0006845807679
210588	0.0001566826758
210589	1.176887874e-05
210590	0.0001319337016
210591	0.0002036626093
210592	5.168096857e-05
210593	0.001536787356
210594	0.0004503198117
210595	0.0004384576062
210596	0.0002919869837
210597	0.0006929605541
210598	0.0005529483238
210599	0.0003686856684
210600	0.0004360135417
210601	0.0002355415018
210602	0.0004141270008
210603	0.0009884866553
210604	9.741042679e-06
210605	0.000150749241
210606	0.0002216828913
210607	0.0006858068646
210608	0.0004732053497
210609	0.0009888208648
210610	0.001665028221
210611	7.252030004e-05
210612	8.894554455e-05
210613	0.0004534557375
210614	0.0005528338886
210615	0.0003109613927
210616	0.0003634745623
210617	0.0005803712759
210618	0.0004839477339
210619	8.262931773e-05
210620	0.0004426721114
210621	0.00065692122
210622	0.0007080714726
210623	0.0006946673798
210624	0.001461580276
210625	1.842687389e-05
210626	0.0003621602134
210627	0.0001060865104
210628	0.0004208447009
210629	3.974427992e-05
210630	0.0004690030839
210631	0.000366335933
210632	0.000417013087
210633	0.0006991292929
210634	0.0005799773465
210635	0.001139744915
210636	0.0001742523293
210637	0.001309650672
210638	0.0004894342133
210639	0.0005332248653
210640	0.0002718790582
210641	3.586381831e-06
210642	0.001372363065
210643	0.00010386952
210644	0.004095211728
210645	0.005067042763
210646	0.001463873868
210647	0.001547406937
210648	0.003813320317
210649	0.000614023457
210650	0.0003814635204
210651	0.001643326507
210652	0.0005586169781
210653	0.001596812443
210654	0.0006544246235
210655	0.0007661557222
210656	0.0005002385487
210657	0.0001078711984
210658	0.002569037528
210659	0.0003275068708
210660	0.0006369522142
210661	0.0008422725196
210662	0.001906438142
210663	0.002482759465
210664	0.0004570759239
210665	0.0004141494621
210666	0.002247361744
210667	0.002419777591
210668	0.001741451353
210669	0.001697457065
210670	0.0009340638456
210671	0.002864582664
210672	0.003217611308
210673	0.003170507666
210674	0.0024534128
210675	0.002551714913
210676	0.002401513413
210677	0.002062988728
210678	0.001927874845
210679	0.00238648711
210680	3.086833006e-05
210681	0.0002527237658
210682	0.0007332611459
210683	0.001011923897
210684	0.001657658727
210685	0.00165787903
210686	0.003494866529
210687	0.001469447233
210688	0.001260389534
210689	0.001436618633
210690	0.002241360173
210691	0.001033485055
210692	0.0009771112821
210693	0.0007715585594
210694	0.004097260775
210695	0.004568159496
210696	0.0008830749082
210697	0.003907595472
210698	0.001088121814
210699	0.0001150250717
210700	0.0009684531129
210701	0.0006975428697
210702	0.002104056581
210703	0.0001198073719
210704	0.003326774024
210705	0.0008866215077
210706	0.00289498752
210707	0.001461537371
210708	0.0006164007109
210709	0.001225011872
210710	0.003060754327
210711	0.0004492960985
210712	0.0006801347831
210713	0.0008700483574
210714	0.001526649287
210715	1.244372512e-05
210716	0.003250845762
210717	0.001245007942
210718	0.00380132601
210719	0.0003207627611
210720	0.001291902859
210721	0.001645757905
210722	4.747686242e-05
210723	0.0001978739877
210724	0.0004822462168
210725	0.002299426643
210726	0.0005067598726
210727	0.003878523355
210728	0.003740933694
210729	0.001035501049
210730	0.000226940724
210731	0.0007896754783
210732	0.0002150316922
210733	0.0008455645737
210734	0.002804384848
210735	0.00237361353
210736	0.003996816065
210737	0.002018477546
210738	0.002104232567
210739	6.003633079e-05
210740	0.002694015161
210741	0.002347285329
210742	0.002463273474
210743	0.002754596435
210744	0.002874254084
210745	0.002439375854
210746	0.002526965399
210747	0.002625817402
210748	0.002418722928
210749	0.002875162217
210750	0.002843453738
210751	0.002756423448
210752	0.002864346679
210753	0.002590187539
210754	0.002345103222
210755	0.002629689481
210756	0.002630247986
210757	0.002960020791
210758	0.002831326716
210759	0.002809213551
210760	0.0004386657461
210761	0.002249932102
210762	0.002935874953
210763	0.002219913505
210764	0.002843868238
210765	0.001798132749
210766	0.002790052822
210767	0.002616714273
210768	0.002535324681
210769	0.002610962372
210770	0.002874865774
210771	0.002837318445
210772	0.002744595023
210773	0.002702685167
210774	0.002852158981
210775	0.00275457962
210776	0.002889721099
210777	0.00241560795
210778	0.00290089304
210779	0.002618144283
210780	7.766460142e-05
210781	0.000453079049
210782	0.0002498923255
210783	0.001488081622
210784	0.0005953608986
210785	0.0004459505037
210786	0.0002814662773
210787	0.0003412527013
210788	0.0003063418179
210789	0.0008524559199
210790	0.0002664670003
210791	2.016783306e-05
210792	0.0005079524584
210793	0.0006008438963
210794	0.0001930069818
210795	0.0002078806287
210796	0.0003050900677
210797	4.629962043e-05
210798	0.0004659712757
210799	0.001382692992
210800	0.000460668048
210801	1.811400293e-05
210802	0.0002648494412
210803	0.0004245124829
210804	0.0003907684027
210805	0.000693504718
210806	0.0006296529333
210807	0.0003655816761
210808	0.0003893511336
210809	5.455825954e-05
210810	0.0001516486647
210811	0.0001828991182
210812	0.0005789292285
210813	0.000587606956
210814	0.0004216398785
210815	0.0003872047744
210816	0.001132765331
210817	0.0009077277625
210818	0.002006217502
210819	0.001659433543
210820	0.001231024468
210821	0.001393857701
210822	0.001591943505
210823	0.00110953742
210824	0.00126423909
210825	0.001793193465
210826	0.0002253532888
210827	0.001339042591
210828	0.001028144416
210829	0.001627082949
210830	0.001187308394
210831	0.00217543848
210832	0.002444567155
210833	0.001699666776
210834	0.001299224612
210835	0.001024017407
210836	0.001220559547
210837	0.001373600155
210838	0.0007200051928
210839	0.001344449055
210840	0.001649269875
210841	3.547532963e-05
210842	0.001473715688
210843	0.001601987946
210844	0.001187461466
210845	0.001401863577
210846	0.001008067262
210847	0.002577573935
210848	0.001062266828
210849	0.001334848621
210850	0.001410362698
210851	0.001408067053
210852	0.002757003592
210853	0.00170957538
210854	0.001284386172
210855	0.001712618069
210856	0.004578690607
210857	0.004412525284
210858	0.004117787213
210859	0.004980523799
210860	0.004282985304
210861	0.004824728056
210862	0.004489883953
210863	0.004883356375
210864	0.00460246457
210865	0.004513812488
210866	0.004475482579
210867	0.004382397775
210868	0.004739832831
210869	0.004414879822
210870	0.004526758342
210871	0.003670768518
210872	0.004786650512
210873	0.004901834605
210874	0.004596617396
210875	0.004782706316
210876	0.005332764866
210877	0.005032385162
210878	0.004466859906
210879	0.004348073185
210880	0.004073175776
210881	0.003652335718
210882	0.004646062263
210883	0.004641221392
210884	0.00502085758
210885	0.003767007354
210886	0.00321246687
210887	0.004183018373
210888	0.003824334555
210889	0.004005381622
210890	0.004217369573
210891	0.004633278317
210892	0.0045657239
210893	0.003654335012
210894	0.004366286093
210895	0.004535432868
210896	0.004735810099
210897	0.004407401573
210898	0.004610665396
210899	0.003709619142
210900	0.002629111971
210901	0.003133378451
210902	0.003901508359
210903	0.003777660191
210904	0.004617115865
210905	0.005126141947
210906	0.004113895666
210907	0.004088606872
210908	0.004304329294
210909	0.004002412106
210910	0.004096497604
210911	0.003324412496
210912	0.003229623028
210913	0.003860028587
210914	0.00396950694
210915	0.003902664524
210916	0.003740962323
210917	0.003989868508
210918	0.003881653772
210919	0.004910358428
210920	0.004884269412
210921	0.0039041609
210922	0.00363567036
210923	0.003690399603
210924	0.003548452205
210925	0.003775131051
210926	0.003770654324
210927	0.004226163969
210928	0.003860874842
210929	0.0003676043474
210930	0.001573848838
210931	0.0006736474973
210932	0.001217655771
210933	0.000177577738
210934	0.000432438438
210935	0.0006290661977
210936	0.0004052856061
210937	0.0009639198647
210938	0.0003609249106
210939	0.0008145804166
210940	4.961465321e-05
210941	0.0002715575051
210942	4.680123407e-05
210943	0.0009450017534
210944	0.001748884964
210945	0.000667973145
210946	9.865486263e-05
210947	0.0003518646798
210948	0.0004508090078
210949	0.0008255185999
210950	0.001560664767
210951	0.0003791353137
210952	0.003684273163
210953	0.003209020024
210954	0.003472931623
210955	0.004083936367
210956	0.00401072128
210957	0.003484875969
210958	0.003591627576
210959	0.005009798768
210960	0.0041175506
210961	0.005812461927
210962	0.003902689517
210963	0.003506607902
210964	0.006022235483
210965	0.004222526361
210966	0.003808130649
210967	0.006252349763
210968	0.00394501512
210969	0.00332510489
210970	0.004007798688
210971	0.005320781859
210972	0.003682202673
210973	0.00343215475
210974	0.003752130158
210975	0.003907029293
210976	0.003652945883
210977	0.002586803771
210978	0.003106729628
210979	0.003365196973
210980	0.002393139926
210981	0.003341906059
210982	0.002670384929
210983	0.003156369348
210984	0.002618802263
210985	0.002570295835
210986	0.002336432203
210987	0.001847496911
210988	0.002372396983
210989	0.002247139333
210990	0.002070935996
210991	0.001941163489
210992	0.002042617831
210993	0.002295455736
210994	0.001907605918
210995	0.001854117709
210996	0.002133589765
210997	0.002239784605
210998	0.001944974538
210999	0.001969547761
211000	0.002124348661
211001	0.002457922269
211002	0.002742886879
211003	0.001579297661
211004	0.002717653255
211005	0.002580947663
211006	0.001858150877
211007	0.002656062435
211008	0.00253432587
211009	0.002151395828
211010	0.002238105225
211011	0.002265460255
211012	0.002373935345
211013	0.002449979951
211014	0.002791902108
211015	0.002680091703
211016	0.002304123806
211017	0.002691576507
211018	0.002060312641
211019	0.002597465374
211020	0.002186576157
211021	0.00190960996
211022	0.002537645357
211023	0.00231753474
211024	0.002249823325
211025	0.002428728374
211026	0.002191525717
211027	0.002122760642
211028	0.00267747342
211029	0.002414250991
211030	0.002147912927
211031	0.001737905968
211032	0.001894637014
211033	0.002558527359
211034	0.001605291906
211035	0.00331924307
211036	0.001553400479
211037	0.00236201862
211038	0.003497391865
211039	0.003448260637
211040	0.003865354467
211041	0.006144849992
211042	0.003983517132
211043	0.004225989007
211044	0.005196857523
211045	0.003372828125
211046	0.003707366536
211047	0.00349620661
211048	0.003923653817
211049	0.003708539482
211050	0.003277586396
211051	0.002843053737
211052	0.002948828677
211053	0.003911213597
211054	0.002547083294
211055	0.003506632073
211056	0.005053523932
211057	0.003828685673
211058	0.001801427931
211059	0.001445094376
211060	0.00221015375
211061	0.002023470853
211062	0.001688283319
211063	0.0017618027
211064	0.001596371836
211065	0.0005647824867
211066	0.002545269984
211067	0.002723476154
211068	0.002066885849
211069	0.002335649289
211070	0.002474158239
211071	0.0004524581593
211072	0.00156454884
211073	0.002580636913
211074	0.003138328455
211075	0.001756899725
211076	0.002031960033
211077	0.001622571407
211078	0.00202910022
211079	0.001836787242
211080	0.003673667315
211081	0.002456128342
211082	0.00250085604
211083	0.002232395529
211084	0.003448096964
211085	0.004096063176
211086	0.003585116116
211087	0.004641556954
211088	0.002875917668
211089	0.003472426341
211090	0.003999283806
211091	0.004045849591
211092	0.003604982374
211093	0.004732875467
211094	0.00389874323
211095	0.003417459855
211096	0.003969920622
211097	0.004069028816
211098	0.003508026718
211099	0.002059982668
211100	0.004028686336
211101	0.003342521263
211102	0.003616595997
211103	0.003749123026
211104	0.001745170224
211105	0.001944879145
211106	0.003575148878
211107	0.001925241956
211108	0.001715823583
211109	0.00179808629
211110	0.001992845595
211111	0.001276145795
211112	0.001650025523
211113	0.001122677385
211114	0.00161417893
211115	0.001498667092
211116	0.002013813131
211117	0.001543231646
211118	0.001508468203
211119	0.001682019901
211120	0.001992018742
211121	0.001644044113
211122	0.002102035909
211123	0.001457136131
211124	0.001525381564
211125	0.001649083516
211126	0.001922657344
211127	0.001699688905
211128	0.001886383451
211129	0.001404055062
211130	0.002004426491
211131	0.001642332714
211132	0.001819817271
211133	0.002041169254
211134	0.001815809267
211135	0.00165308442
211136	0.00160254406
211137	0.001706921404
211138	0.001479736782
211139	0.001464746775
211140	0.00172328549
211141	0.001706250912
211142	0.001623837333
211143	0.001180194471
211144	0.00154911403
211145	0.003746191329
211146	0.00418136593
211147	0.003552891602
211148	0.003592464198
211149	0.003429568805
211150	0.00361113186
211151	0.004142936616
211152	0.003920088609
211153	0.003357201172
211154	0.004342774093
211155	0.003779532329
211156	0.004031176532
211157	0.002501963199
211158	0.002880609084
211159	0.003761926255
211160	0.003585039482
211161	0.003688026873
211162	0.003948710021
211163	0.003973489666
211164	0.003261365515
211165	0.002859238526
211166	0.003720405591
211167	0.00153040874
211168	0.003720453575
211169	0.003394927942
211170	0.002685178512
211171	0.0004484444926
211172	0.003921036958
211173	0.003879124066
211174	0.004109890538
211175	0.003835579594
211176	0.00396416367
211177	0.003306540412
211178	0.003722956205
211179	0.003224945037
211180	0.003292341497
211181	0.003397405667
211182	0.001003853899
211183	0.0008759116906
211184	0.0007137158799
211185	0.0006849478868
211186	0.0007949623798
211187	0.0007999446204
211188	0.0009098747147
211189	0.001553525842
211190	2.655776941e-06
211191	0.0009606494018
211192	0.0009321287602
211193	0.0003509301733
211194	0.0008561854133
211195	0.0009736523252
211196	0.001924463862
211197	0.00114278858
211198	0.001536075002
211199	0.0008318107732
211200	0.001128748142
211201	0.00061982007
211202	0.0004470191402
211203	0.001058286958
211204	0.0004312505503
211205	0.0004717592204
211206	0.0001006285331
211207	0.00217225507
211208	0.0002261852772
211209	0.0008406234169
211210	0.000478653062
211211	0.0001250922718
211212	5.015193469e-05
211213	0.0005141572792
211214	0.0007293126503
211215	0.0009046785197
211216	0.0008172819386
211217	0.001070401227
211218	0.0007016134243
211219	0.00233707304
211220	0.002134461761
211221	0.002028234381
211222	0.002341417341
211223	0.002165533329
211224	0.002435967302
211225	0.00218180713
211226	0.002294770624
211227	0.002410853411
211228	0.002441201492
211229	0.002543714405
211230	0.00187350737
211231	0.003325004241
211232	0.002396972883
211233	0.001793607686
211234	0.002166656517
211235	0.002201598679
211236	0.002496968937
211237	0.002410553836
211238	0.002016091803
211239	0.002450021244
211240	0.002179287328
211241	0.001868575748
211242	0.002248129958
211243	0.002143434959
211244	0.002039662845
211245	0.002217559347
211246	0.001977659693
211247	0.002516363234
211248	0.00242789948
211249	0.002586009107
211250	0.002395782509
211251	0.001805875298
211252	0.00166598412
211253	0.002644258196
211254	0.002236184669
211255	0.002432377384
211256	0.001510710249
211257	0.002379612086
211258	0.002475608775
211259	0.002369989739
211260	0.002131135898
211261	0.002280611113
211262	0.002160221159
211263	0.001749429201
211264	0.002692077612
211265	0.002064973335
211266	0.002566430352
211267	0.002319880457
211268	0.002548518743
211269	0.001996887679
211270	0.002338721266
211271	0.00213525411
211272	0.00294665852
211273	0.002454488601
211274	0.002474524703
211275	0.002575083548
211276	0.002155245758
211277	0.001417376051
211278	0.002173770217
211279	0.002261074976
211280	0.002468410048
211281	0.003660833423
211282	0.002363579382
211283	0.002069937249
211284	0.001771594727
211285	0.001866683559
211286	0.001899798235
211287	0.002412551219
211288	0.002417220603
211289	0.002241557429
211290	0.002045434022
211291	0.002258934398
211292	0.001635826212
211293	0.0002503442349
211294	0.003061797704
211295	0.00249715281
211296	0.00215393338
211297	0.003871213844
211298	0.002298744246
211299	0.002467801925
211300	0.001926394896
211301	0.002100503391
211302	0.001657379656
211303	0.002461921753
211304	0.002186706469
211305	0.001131425127
211306	0.002240392944
211307	0.00231762058
211308	0.002172700779
211309	0.002487255987
211310	0.002308558642
211311	0.002121250515
211312	0.002156890463
211313	0.00224887469
211314	0.00103573978
211315	0.001213497146
211316	0.001198908604
211317	0.001028739846
211318	0.001232508209
211319	0.00140318923
211320	0.001026088014
211321	0.0008375682349
211322	0.001160421875
211323	0.0009229045474
211324	0.0008296810572
211325	0.00101684876
211326	0.001127643607
211327	0.001075460041
211328	0.001188216328
211329	0.001057278539
211330	0.00110240547
211331	0.001220797003
211332	0.001130963266
211333	0.001282008495
211334	0.0009269256746
211335	0.001089688008
211336	0.001561724291
211337	0.0008235938553
211338	0.0006605371896
211339	0.001184977988
211340	0.004154058647
211341	0.003130813495
211342	0.003916085671
211343	0.004222867207
211344	0.003489904055
211345	0.003966545724
211346	0.004078137622
211347	0.004310160975
211348	0.00381473395
211349	0.004079164707
211350	0.004066040456
211351	0.003865897654
211352	0.004123405971
211353	0.003518866001
211354	0.004497942288
211355	0.003968700646
211356	0.003859257722
211357	0.003959537844
211358	0.004047986385
211359	0.00449954555
211360	0.004231132231
211361	0.003942584655
211362	0.003737101459
211363	0.004049006047
211364	0.004205213518
211365	0.003927244096
211366	0.003879331996
211367	0.003950396804
211368	0.004324349489
211369	0.00356511679
211370	0.003912294272
211371	0.00397116002
211372	0.003105344805
211373	0.004128134942
211374	0.0004119471265
211375	0.0004761034613
211376	0.0004632094135
211377	0.000513423209
211378	0.0002690591686
211379	0.0004747841876
211380	0.0004982963465
211381	0.0005749501859
211382	0.0001979389631
211383	0.0002811912737
211384	0.0004422007629
211385	0.0004820800896
211386	4.088046356e-05
211387	0.0009841892995
211388	0.0004327346044
211389	0.0008372927025
211390	0.0007973905006
211391	0.0001539805245
211392	0.0006185565929
211393	0.0006624936616
211394	0.0003938376234
211395	0.00115438604
211396	0.001165019157
211397	0.001166682832
211398	0.001211740024
211399	0.001109970067
211400	0.001064937049
211401	0.0008604368272
211402	0.001141673437
211403	0.001097702101
211404	0.001123050121
211405	0.0007671947275
211406	0.001177139087
211407	0.001138361615
211408	0.001128300837
211409	0.001234283122
211410	0.001059971497
211411	0.0009262564208
211412	0.00111209146
211413	0.001177608928
211414	0.00104541754
211415	0.001388952976
211416	0.001068158796
211417	0.001234321116
211418	0.001341771535
211419	0.001119286068
211420	0.0008081417664
211421	0.00114977017
211422	0.001143101449
211423	0.001302758107
211424	0.001172326908
211425	0.001038976528
211426	0.0009673915487
211427	0.001014686898
211428	0.001247844363
211429	0.001411226944
211430	0.001216370878
211431	0.001185297737
211432	0.0008338271224
211433	0.001058247884
211434	0.001141926995
211435	0.001219798467
211436	0.001196522583
211437	0.001203156773
211438	0.001076811138
211439	0.001205112006
211440	0.001056877133
211441	0.00111639929
211442	0.001215497902
211443	0.001161147003
211444	0.001160107209
211445	0.0008403690783
211446	0.0005251484999
211447	0.0005923942781
211448	0.0009585274992
211449	0.0009786617259
211450	0.001145369689
211451	0.001107135281
211452	0.001139580957
211453	0.001148465631
211454	0.001042403048
211455	6.208642981e-05
211456	0.0007340740284
211457	0.0001612958766
211458	2.548001966e-05
211459	1.15914505e-05
211460	7.234764198e-05
211461	0.0002405807535
211462	0.0001183375356
211463	0.0001568296375
211464	3.506667292e-05
211465	0.0003001943695
211466	0.0007648247357
211467	7.226981214e-06
211468	0.0005095935174
211469	0.0006744775467
211470	3.323130715e-05
211471	0.0001041671924
211472	0.000200516276
211473	0.0004082915878
211474	0.0001562975976
211475	0.0002784255899
211476	2.333221482e-05
211477	0.0001173363658
211478	0.0002146111388
211479	1.024324844e-06
211480	0.00010174646
211481	0.0004510344845
211482	0.000422179492
211483	0.0001043314416
211484	0.0004346199562
211485	0.0009478797463
211486	8.707122179e-05
211487	0.0001665744235
211488	0.0002810085899
211489	0.0003122395077
211490	0.0001505472388
211491	0.0002174969061
211492	0.0002733486512
211493	0.0001004679518
211494	7.131981161e-05
211495	0.000112412624
211496	0.0001439672502
211497	7.14904299e-05
211498	0.0003112172346
211499	0.0003621440372
211500	0.0003551826442
211501	0.000328993767
211502	0.0002805342374
211503	0.0003527674197
211504	0.0002345290262
211505	0.0002197657265
211506	0.0002984666357
211507	0.0002585617165
211508	0.0002525705361
211509	0.0002991324265
211510	0.0002694073763
211511	0.0002644946834
211512	0.0001983200292
211513	0.0001957079732
211514	0.0003821525041
211515	0.0002610603915
211516	0.000221061798
211517	0.0002988207293
211518	0.0003538722121
211519	0.0003449358616
211520	0.0002951978816
211521	0.0003132369814
211522	0.0002581117486
211523	0.002199992719
211524	0.002375700378
211525	0.002638062314
211526	0.002720981422
211527	0.003251411326
211528	0.001504307764
211529	0.002262823759
211530	0.0003218067666
211531	0.002878353965
211532	0.002434523929
211533	0.001904727515
211534	0.002074593361
211535	0.00254269023
211536	0.002289553184
211537	0.001979583062
211538	0.002262456171
211539	0.002432681608
211540	0.002308873296
211541	0.002231820314
211542	0.003206782274
211543	0.002245441953
211544	0.002123145242
211545	0.002414116412
211546	0.002484870481
211547	0.001750597893
211548	0.001946947217
211549	0.0008195439814
211550	0.002155350305
211551	0.00200899294
211552	0.002290982995
211553	0.001641811899
211554	0.001743144775
211555	0.002275831516
211556	0.001280048543
211557	0.002814969648
211558	0.002380478688
211559	0.001162160652
211560	0.001057623594
211561	0.001221457105
211562	0.0009609075515
211563	0.001555869679
211564	0.001096939763
211565	0.001225718603
211566	0.001074294814
211567	0.001233314644
211568	0.001281812119
211569	0.001214572234
211570	0.001024471097
211571	0.001275151226
211572	0.0007389872766
211573	0.0007948150811
211574	0.001415173624
211575	0.001159172899
211576	0.001274091327
211577	0.001050105136
211578	0.001288483442
211579	0.001226887235
211580	0.001168949432
211581	0.001277880762
211582	0.001135434494
211583	0.0007736409486
211584	0.00203856642
211585	0.000916199293
211586	0.001007651071
211587	0.005171010287
211588	0.002401320961
211589	0.005003208092
211590	0.004525357458
211591	0.004602094218
211592	0.005423614026
211593	0.005302069543
211594	0.004864557811
211595	0.005502789837
211596	0.005155875606
211597	0.005012415627
211598	0.004924723254
211599	0.001227565196
211600	0.00117407863
211601	0.001216966065
211602	0.001262167837
211603	0.001451998786
211604	0.001139874603
211605	0.0005712400308
211606	0.001257549682
211607	0.001138119192
211608	0.001229466894
211609	0.001197798155
211610	0.001110497539
211611	0.001206460132
211612	0.001197967977
211613	0.001334984677
211614	0.00132571574
211615	0.001325570767
211616	0.001101772764
211617	0.00117582091
211618	0.001152805142
211619	0.0003954290477
211620	0.001189701576
211621	0.001490503757
211622	5.449252191e-05
211623	0.00165308375
211624	0.001742230546
211625	0.000174704909
211626	0.001314764805
211627	0.004261177062
211628	0.003339751402
211629	0.003576506738
211630	0.001831131835
211631	0.005185988914
211632	0.0003297087625
211633	0.0006074309745
211634	0.003581399562
211635	0.002796993408
211636	0.002518957079
211637	0.002875492587
211638	0.00301577629
211639	0.0001786078581
211640	0.00261971196
211641	0.0009911007058
211642	0.00154162992
211643	0.001165010852
211644	0.001095932549
211645	0.000400388403
211646	0.00112221743
211647	0.001390563263
211648	0.001028188193
211649	0.000959597296
211650	0.000862613426
211651	0.0008671763586
211652	0.00095472001
211653	0.001955790434
211654	0.00137975679
211655	0.001322313961
211656	0.002246263657
211657	0.001417896323
211658	0.002221361029
211659	0.002318329761
211660	0.00229610262
211661	0.002634009362
211662	0.002421560421
211663	0.003252077454
211664	0.002398669176
211665	0.0004629442571
211666	0.001976352992
211667	0.003920028154
211668	0.00276840535
211669	0.002036969922
211670	0.003310402659
211671	0.002496065301
211672	0.004142272017
211673	0.002008106651
211674	0.002127942266
211675	0.00139683978
211676	0.0008829116858
211677	0.002824595222
211678	0.001174945447
211679	0.002769917775
211680	0.002143617345
211681	0.002531403225
211682	0.003843121491
211683	0.002420858243
211684	0.002577481908
211685	0.002233676361
211686	0.000870881684
211687	0.002291407216
211688	0.00258113773
211689	0.002058470028
211690	0.003234572348
211691	0.002625281706
211692	0.00301354547
211693	0.002163820975
211694	0.002577494799
211695	0.002289875128
211696	0.002634133655
211697	0.002335515171
211698	0.002212654044
211699	0.002361415422
211700	0.0001345184199
211701	0.002631934033
211702	0.002876017423
211703	0.001767274535
211704	0.002357857778
211705	0.004343480174
211706	0.001546118241
211707	0.002680755402
211708	0.002471660474
211709	0.00233218359
211710	0.002727221438
211711	0.002398299568
211712	0.003205117762
211713	0.001904560573
211714	0.002499033237
211715	0.003012041582
211716	0.001847376241
211717	0.002880591229
211718	0.003320526836
211719	0.002349637202
211720	0.002505926254
211721	0.004398663751
211722	0.002097434917
211723	0.001958236455
211724	0.002766627431
211725	0.002001758444
211726	0.001836686382
211727	0.002452928832
211728	0.001753648314
211729	0.001563361426
211730	0.001059553802
211731	0.001559280696
211732	0.001663731752
211733	0.001491708738
211734	0.00167565764
211735	0.00183401792
211736	0.002343865357
211737	0.001275901752
211738	0.001439772299
211739	0.00202982064
211740	0.001629916042
211741	0.002191900393
211742	0.002026768497
211743	0.001642796389
211744	0.002020878428
211745	0.002143591143
211746	0.001713149473
211747	0.002081466321
211748	0.001287108722
211749	0.00178980812
211750	0.001474906386
211751	0.001555685284
211752	0.001797879523
211753	0.001591832044
211754	0.0009051117665
211755	0.0009728264155
211756	0.001212279034
211757	0.0007995673825
211758	0.0001597762864
211759	0.001236703734
211760	0.0004418384002
211761	0.000877108502
211762	0.0003881567693
211763	0.001059799832
211764	0.001232860607
211765	0.001180463485
211766	0.0009875254427
211767	0.001412647111
211768	0.001794340122
211769	0.001228981807
211770	0.0009600706447
211771	0.0009097106566
211772	9.735215348e-05
211773	2.500372243e-05
211774	0.0005612348234
211775	0.0008818946507
211776	0.001223250253
211777	0.0003570057322
211778	0.001027396276
211779	0.001385770259
211780	0.0008966350025
211781	0.000752574225
211782	0.001406340732
211783	0.0007931986814
211784	0.0007058092621
211785	0.001248354901
211786	0.0009985244773
211787	0.001007187406
211788	0.002525795926
211789	0.001060808468
211790	0.0005883015227
211791	0.000751970426
211792	0.0001908400193
211793	0.0003805726868
211794	0.002495440743
211795	0.0007610191037
211796	0.001042959807
211797	0.00121300035
211798	0.001837805587
211799	0.0009834650482
211800	0.0006861637962
211801	0.0001626630622
211802	0.001145182432
211803	0.001230937725
211804	0.0008535735865
211805	0.001168858644
211806	0.0011681091
211807	0.0009328064789
211808	0.001286178929
211809	0.001029547557
211810	0.002332796158
211811	0.001144765536
211812	0.002174556038
211813	0.003097513806
211814	0.001448772748
211815	0.002923235724
211816	0.001899889667
211817	0.00235160195
211818	0.003365870705
211819	0.001596362034
211820	0.0001319897594
211821	0.002100909699
211822	0.00227696823
211823	0.002187695302
211824	0.002586639286
211825	0.002624325206
211826	0.003557522864
211827	0.002448543066
211828	0.002718906248
211829	0.003183660459
211830	0.002205700128
211831	0.002473729458
211832	0.002387605732
211833	0.00267823227
211834	0.002819423959
211835	0.002488808562
211836	0.002575695218
211837	0.002350475318
211838	0.002666795619
211839	0.002252363687
211840	0.002582887377
211841	0.002639072085
211842	0.003576617809
211843	0.001663626737
211844	0.002237705517
211845	0.001872935321
211846	0.001616732327
211847	0.001864413298
211848	0.000258540817
211849	0.002563774226
211850	0.001774956747
211851	0.003496196909
211852	0.003526237989
211853	0.001543658366
211854	0.001503688502
211855	0.002580318152
211856	0.002257170252
211857	0.002208189057
211858	0.001800559989
211859	8.473165887e-05
211860	0.001926864624
211861	0.002006949132
211862	0.002438580172
211863	0.001828193
211864	0.00147744905
211865	0.002792551383
211866	0.002732293441
211867	0.001472596998
211868	0.001343454833
211869	0.001374937734
211870	0.002157377012
211871	0.002252350871
211872	0.002088050689
211873	0.00222106023
211874	0.001958534487
211875	0.0008386567821
211876	0.002156142521
211877	0.0006697852449
211878	0.002288060445
211879	0.001968378182
211880	0.001783070915
211881	0.002370304033
211882	0.002586055691
211883	0.002276652036
211884	0.002242864248
211885	0.002128688002
211886	0.002265516215
211887	0.002173771599
211888	0.002016176402
211889	0.002482952844
211890	0.002395348209
211891	0.002228956731
211892	0.0001012327209
211893	0.001610575512
211894	0.002920324944
211895	0.002357614828
211896	0.002519733024
211897	0.002402015561
211898	0.001454266833
211899	0.002036416564
211900	0.002138842367
211901	0.001534743151
211902	0.001200622844
211903	0.001572333006
211904	0.003078963366
211905	0.002123681673
211906	0.003352922263
211907	0.0009886918746
211908	0.002506082675
211909	0.001806096099
211910	0.001690694814
211911	0.002058538985
211912	0.001833183005
211913	0.002511363757
211914	0.003560512108
211915	0.003065775798
211916	0.00150944447
211917	0.001661730408
211918	0.002202441384
211919	0.001555618536
211920	0.001304870373
211921	6.827586676e-05
211922	0.0008286915321
211923	0.001428010402
211924	0.001404166614
211925	0.001980148628
211926	0.002196122051
211927	0.001490056745
211928	0.0003963139157
211929	0.001879216309
211930	0.001039605101
211931	0.00473838705
211932	0.001570979284
211933	0.0001608868127
211934	0.001307299254
211935	0.0009840204727
211936	0.001181654799
211937	0.0006800783392
211938	0.0008378506393
211939	0.001499546761
211940	0.001825544382
211941	0.001721667601
211942	0.001629577947
211943	0.001366026496
211944	0.001813562705
211945	0.001406208842
211946	0.001192297164
211947	0.00129220189
211948	0.001439465216
211949	0.00122133813
211950	0.001378821487
211951	0.0003900082024
211952	0.001317823458
211953	0.001453815442
211954	0.001984731951
211955	0.0002175555167
211956	0.001434954787
211957	0.0001107399809
211958	0.0001727239213
211959	0.001148045192
211960	0.001064898067
211961	0.0006508430919
211962	0.001739822025
211963	0.001123655149
211964	0.001470455835
211965	0.0007123608821
211966	0.001337753127
211967	0.00131877804
211968	0.0008006913793
211969	0.001360922449
211970	0.001099312409
211971	0.001531816915
211972	0.002487822545
211973	0.001212160183
211974	0.002161889045
211975	0.001239883688
211976	0.001555348878
211977	0.001304684826
211978	0.001238769759
211979	0.00167856597
211980	0.001322532023
211981	0.001333628952
211982	0.001688011806
211983	0.001382010362
211984	0.001008044345
211985	0.001650972604
211986	0.0008363497975
211987	0.001015700908
211988	0.001286496508
211989	0.001271965606
211990	0.0009305624946
211991	0.0009488336117
211992	0.001358483561
211993	0.001376087625
211994	0.001408804837
211995	0.001111592111
211996	0.001381925756
211997	0.001431821267
211998	0.00132302715
211999	0.001169517298
212000	0.001266261249
212001	0.0009671790199
212002	0.0008980601391
212003	0.001269801028
212004	0.0004666728229
212005	0.001153743299
212006	0.001167763783
212007	0.001227957363
212008	0.001076995273
212009	0.001212856268
212010	0.001329523404
212011	0.001428045789
212012	0.001658402562
212013	0.00126165105
212014	0.001268854018
212015	0.001036678045
212016	0.0009382983914
212017	0.001347264847
212018	0.0008518743716
212019	0.001145208328
212020	0.0012788113
212021	0.001506625032
212022	0.001172661183
212023	0.001483112725
212024	0.001066873407
212025	0.001166138576
212026	0.00115715866
212027	0.00126542085
212028	0.001524845228
212029	0.001618922392
212030	0.0006587690169
212031	0.001318649389
212032	0.001013157379
212033	0.0005471861774
212034	0.003273287674
212035	0.001087692016
212036	0.0004936132915
212037	0.002514628695
212038	0.0004157080169
212039	0.0007217095332
212040	0.0007991276472
212041	0.00151369027
212042	0.0006660741665
212043	0.0004323090677
212044	0.0007614126283
212045	0.0001452927967
212046	0.0004036673583
212047	0.0005547022398
212048	0.001786033749
212049	0.001432688688
212050	0.004388961879
212051	0.0004391358062
212052	0.000791570026
212053	8.705370344e-06
212054	0.002543452994
212055	0.0005207193172
212056	0.00555809904
212057	0.001714225855
212058	0.006195390173
212059	4.08924485e-05
212060	0.003002619822
212061	0.0001484024868
212062	0.002277548448
212063	6.683470837e-05
212064	0.001024917188
212065	0.003369605735
212066	0.001086246217
212067	0.001991760304
212068	0.0005163160145
212069	8.461909949e-05
212070	0.002348110661
212071	0.001264430537
212072	0.001306004188
212073	0.0009482616123
212074	0.002356517076
212075	0.000448561031
212076	0.0009022964203
212077	0.0004963852884
212078	0.0009380346929
212079	0.002516709493
212080	0.003339134191
212081	0.001355367355
212082	0.0025716692
212083	0.0007743291776
212084	0.0006345624032
212085	0.0006608808806
212086	0.004206335269
212087	0.002216687643
212088	5.120742399e-05
212089	0.002019184976
212090	0.0001014471074
212091	0.003601802141
212092	1.762177477e-05
212093	0.0003432126656
212094	0.0002763637689
212095	0.0008219256418
212096	0.0006435462048
212097	1.686641251e-05
212098	0.0002875108887
212099	0.0002478642716
212100	0.00011397745
212101	5.713223785e-05
212102	0.001612140746
212103	0.001158182412
212104	0.001546511538
212105	0.001447948381
212106	0.001735984225
212107	0.001781090506
212108	0.001595684106
212109	0.00153139634
212110	0.001637558943
212111	0.001682532044
212112	0.001712026592
212113	0.002155879166
212114	0.001443085191
212115	0.001417345105
212116	0.001205802031
212117	0.002083087843
212118	0.001784007049
212119	0.002169748896
212120	0.00158684909
212121	0.001636016717
212122	0.00129823777
212123	0.001669048654
212124	0.001051616356
212125	0.000895796859
212126	0.002137401229
212127	3.900003967e-05
212128	0.001783553272
212129	0.001750935193
212130	0.0013432221
212131	0.001018284895
212132	0.001190381869
212133	0.001854002046
212134	0.001458766312
212135	0.004080914064
212136	0.001458651995
212137	0.001626297223
212138	0.0008905792742
212139	0.0007261236148
212140	0.002042772293
212141	0.001077189531
212142	0.001592940245
212143	0.001153943585
212144	0.003369409021
212145	0.001705619869
212146	0.001533360277
212147	0.0004849121659
212148	0.002407559499
212149	0.001167931353
212150	0.001568265486
212151	0.001304689627
212152	0.002036211927
212153	0.001219140272
212154	0.001723904503
212155	0.000987984842
212156	0.000981198655
212157	0.00187370491
212158	0.001959166069
212159	0.000826607406
212160	0.001530429609
212161	0.001433569901
212162	0.001439698986
212163	0.00111410836
212164	0.001266792593
212165	0.001481437149
212166	0.001282350999
212167	0.0009632351536
212168	0.001502932833
212169	0.001147753497
212170	0.001883162874
212171	0.001824114911
212172	0.001802515576
212173	0.0007301388977
212174	0.001503283734
212175	0.001125510828
212176	0.001554142437
212177	0.0009054759478
212178	0.0006767290355
212179	0.0006660953905
212180	0.001400282914
212181	0.0009939223241
212182	0.00141159103
212183	0.001898094367
212184	0.0009171630451
212185	0.001326553065
212186	0.0009749735114
212187	0.001148907541
212188	0.001370037764
212189	0.0007684834173
212190	0.001286179673
212191	0.001590240962
212192	0.001001495084
212193	0.001847170314
212194	0.001786897619
212195	0.001201993066
212196	0.001540008912
212197	0.001283248931
212198	0.001976319826
212199	0.001762949005
212200	0.0007699283336
212201	0.001723337591
212202	0.0003688449156
212203	0.001275271496
212204	0.0006285434224
212205	0.0009816637986
212206	0.0009048122308
212207	0.001388405081
212208	0.0012306212
212209	0.001889260167
212210	0.001164830841
212211	0.00119660684
212212	0.0004304872715
212213	0.001171840074
212214	0.001160849327
212215	0.0007143141054
212216	0.001607888843
212217	0.0007399294455
212218	0.001654920842
212219	0.001061575996
212220	0.00133362765
212221	0.001198915334
212222	0.00113102988
212223	0.001557364694
212224	0.00132846727
212225	0.0007308884243
212226	0.0007104927667
212227	0.0005805036121
212228	0.0008826195148
212229	0.001128764027
212230	0.001142921294
212231	0.002427337806
212232	0.002177737608
212233	0.0004817757001
212234	0.0008065130283
212235	0.0009293090445
212236	0.00122748528
212237	0.001153560915
212238	0.0005812979568
212239	0.001836796993
212240	0.0001697446274
212241	0.001238795453
212242	0.0009404418066
212243	0.0006815747727
212244	0.0008824458409
212245	0.0006212627472
212246	0.000546565685
212247	0.001552268561
212248	0.0008390626966
212249	0.000656433219
212250	0.004725718002
212251	0.002255485399
212252	0.001066530135
212253	0.0004726195362
212254	0.0009302067961
212255	0.0009562654365
212256	0.001748460126
212257	0.001286629727
212258	0.002015722005
212259	0.001174989946
212260	0.0008551941331
212261	0.0008559668356
212262	0.0004170232731
212263	0.0009092818833
212264	0.0007829262705
212265	0.0001235775157
212266	0.0008321638054
212267	0.0008763680996
212268	0.0008579609703
212269	0.0009521241965
212270	0.0004355923845
212271	0.0006140878652
212272	0.0008933267549
212273	0.001453153093
212274	0.0006750767333
212275	0.001009073314
212276	2.41599161e-07
212277	0.001055402104
212278	0.0006752123831
212279	0.0008643789386
212280	0.00075853915
212281	0.001591436065
212282	0.0002658766509
212283	0.001678656699
212284	0.00123322926
212285	0.00130604474
212286	0.002251634699
212287	0.002205157878
212288	0.001560672841
212289	0.002459715776
212290	0.002267138466
212291	0.001783800705
212292	0.001379212244
212293	0.0004203579514
212294	0.001529172622
212295	0.001456753719
212296	0.001260003165
212297	0.001614862364
212298	0.0009528325813
212299	0.001944498369
212300	0.001553159736
212301	0.0008956196497
212302	0.0003356549029
212303	0.001890364357
212304	0.0007408266077
212305	0.002095149791
212306	0.001712189284
212307	0.001122633097
212308	0.00180666723
212309	0.0008739591326
212310	0.001317310606
212311	0.001205867608
212312	0.0008806641317
212313	0.001753753509
212314	0.002674930452
212315	0.001368924892
212316	0.000591892598
212317	0.0009205829863
212318	0.00131809079
212319	0.0009188652272
212320	0.00108268286
212321	0.0009825921339
212322	0.000385097402
212323	0.001042699193
212324	0.001155085681
212325	0.001190258112
212326	0.0005354968263
212327	0.00146299738
212328	0.001076378227
212329	0.00136778025
212330	0.001372889511
212331	0.002017400345
212332	0.0008427135607
212333	0.0001314367279
212334	0.0005215341143
212335	0.0004843714971
212336	0.0004461483945
212337	0.001353997799
212338	0.001193660094
212339	0.0009828558462
212340	0.001736522618
212341	0.001745120598
212342	0.001393225014
212343	0.001343701671
212344	0.0009612160335
212345	0.002375430703
212346	0.001733381008
212347	0.001941239687
212348	0.0001822071147
212349	0.0005344752391
212350	0.001171530773
212351	0.0009058374887
212352	0.001136913048
212353	0.001221592512
212354	0.001234552102
212355	0.001363555216
212356	0.001091911718
212357	0.0011539703
212358	0.001361631023
212359	0.001313597538
212360	0.00122347166
212361	0.00142999471
212362	0.0006852341718
212363	0.0009444696432
212364	0.001087395513
212365	0.002135042026
212366	0.00169131347
212367	0.001420718255
212368	0.001300983874
212369	0.001420236982
212370	0.0009901115956
212371	0.000935643919
212372	0.0002286120721
212373	0.001120882325
212374	0.001065028581
212375	0.002363428316
212376	0.001673284267
212377	0.002194073335
212378	0.001462545089
212379	0.001958387069
212380	0.002553267109
212381	0.002529261932
212382	0.002291580745
212383	0.002130090696
212384	0.002406795776
212385	0.002361709875
212386	0.002570819903
212387	0.002025199604
212388	0.002212736243
212389	0.002593718352
212390	0.002492001348
212391	0.0004263090287
212392	0.001153728444
212393	0.004041013743
212394	0.001471754477
212395	0.001622592364
212396	0.001800801204
212397	0.003056659023
212398	0.002515990223
212399	0.002803467273
212400	0.003695730958
212401	0.002926938473
212402	0.002966493199
212403	0.003019498215
212404	0.002958894364
212405	0.003130818783
212406	0.0003109996021
212407	0.001195070013
212408	0.0002724705574
212409	0.0002289939339
212410	0.001614112073
212411	3.011215205e-05
212412	0.0003252617777
212413	4.267162709e-05
212414	0.0004783557721
212415	0.0005555503519
212416	0.0006809446329
212417	0.0002456770806
212418	0.0006676594211
212419	0.0007109101394
212420	0.001511551314
212421	0.0008205333208
212422	9.251360312e-05
212423	0.001258878059
212424	0.0002206148373
212425	0.0003305478783
212426	0.001041922645
212427	0.0006671428576
212428	0.0001051647272
212429	0.0009100005951
212430	0.001053502807
212431	0.001602240666
212432	0.001428849761
212433	0.003010048744
212434	0.001528767501
212435	0.0008492080013
212436	0.0004010558238
212437	0.0009523373131
212438	0.001762216867
212439	0.001109445719
212440	0.0009780277493
212441	0.0001836784719
212442	0.001473417875
212443	0.0021731245
212444	0.00423140079
212445	0.0008597283173
212446	0.001344640852
212447	0.001257378905
212448	0.0008612015024
212449	0.001476733052
212450	0.0005585543702
212451	0.0004072491603
212452	0.002455968828
212453	0.0006723462454
212454	0.000410216645
212455	0.0009333885074
212456	0.002750149053
212457	0.0003352968054
212458	0.0004595384288
212459	0.0001206484961
212460	0.0007808043399
212461	0.0007202700375
212462	0.0009964856187
212463	0.0005634275385
212464	0.0001797537851
212465	0.002392418984
212466	0.001312711854
212467	0.001373166598
212468	0.001520682552
212469	0.0005825560397
212470	0.00111327475
212471	0.0002301271498
212472	0.002191862806
212473	0.0006139367496
212474	0.004414055275
212475	0.0003984696749
212476	0.0004262923502
212477	0.001657828796
212478	0.001819102192
212479	0.0001348302172
212480	0.001084774977
212481	0.0001034169449
212482	0.002161039391
212483	0.002004399482
212484	0.003303168617
212485	0.0005501747727
212486	0.0007511250747
212487	0.0007523316355
212488	0.001634968276
212489	0.002438830672
212490	0.001286149003
212491	0.0009982363326
212492	0.002150941524
212493	0.0007866714219
212494	0.0005016635864
212495	0.002871852527
212496	0.001352453376
212497	0.0005371341001
212498	0.0008307488762
212499	0.002665033781
212500	0.0007890459186
212501	0.001161972954
212502	0.0006421525966
212503	0.0008054829975
212504	0.001437577373
212505	0.0009766972081
212506	9.796403897e-05
212507	0.00577954528
212508	0.0002502769073
212509	0.0009860934325
212510	0.001378448942
212511	0.001918437781
212512	0.001036638133
212513	0.001190107123
212514	0.001197662556
212515	0.001002666875
212516	0.0001363519134
212517	0.000549973536
212518	0.0001099201959
212519	9.72668327e-05
212520	0.002642506247
212521	0.001138334188
212522	0.003583670133
212523	0.00277361376
212524	0.002800447366
212525	0.003752577358
212526	0.0003278126649
212527	0.002691462182
212528	0.002506884713
212529	0.001025795569
212530	0.003574393866
212531	0.00193155129
212532	0.0005907518098
212533	4.529417859e-06
212534	0.0003578308713
212535	0.0003531169215
212536	0.0002163166626
212537	0.0008072006541
212538	0.0006625709535
212539	0.002305695214
212540	0.002534841241
212541	0.0003522321189
212542	0.001339798097
212543	6.569664385e-05
212544	0.002067152851
212545	0.0002084312186
212546	0.0001043170155
212547	0.0007266819171
212548	0.0002978096795
212549	0.001325402146
212550	0.001675630767
212551	0.0006229972535
212552	0.0008372584997
212553	4.298065085e-09
212554	0.0002051668722
212555	0.001057901144
212556	0.0009471787914
212557	0.0002200366982
212558	0.0001170343318
212559	0.000216446417
212560	0.0008604217796
212561	0.001164479382
212562	0.0003164223434
212563	1.394824312e-07
212564	0.0003138898084
212565	0.0001069941872
212566	0.0005214757899
212567	0.0001020061122
212568	7.102040144e-08
212569	0.0003121501093
212570	6.35499553e-08
212571	3.141680588e-07
212572	8.6268297e-08
212573	1.436781609e-07
212574	0.0001609010163
212575	0.004109696834
212576	0.003424037575
212577	0.0006513821714
212578	0.002005356008
212579	0.00172074322
212580	0.004409471806
212581	0.001074819645
212582	0.001415224325
212583	0.004028808814
212584	0.003874831611
212585	0.002856105565
212586	0.00047969491
212587	0.0002072100442
212588	0.00132752963
212589	0.001625364481
212590	0.0003224318831
212591	0.0003541591275
212592	0.005808117614
212593	0.006687805224
212594	0.003940581538
212595	0.003963655436
212596	0.002492057951
212597	0.0009014782021
212598	0.0009160645458
212599	0.002142864142
212600	0.002002805415
212601	0.002609526465
212602	0.002032601497
212603	0.001020851081
212604	0.0002349440573
212605	0.007620633702
212606	0.0009177250239
212607	0.004227177846
212608	0.0001446041101
212609	0.0008641813322
212610	0.002483146979
212611	0.001810261743
212612	0.001594197409
212613	0.002505129738
212614	0.001709232573
212615	0.0009458674138
212616	0.002745278144
212617	0.00146358087
212618	0.001691044027
212619	0.0003546359534
212620	0.001353297842
212621	0.004156743144
212622	0.0001490357793
212623	0.005454060745
212624	0.005178369488
212625	0.004993655278
212626	0.002009499691
212627	0.006167817563
212628	0.002783404062
212629	0.001246283752
212630	0.001031815162
212631	0.0006479366802
212632	5.879900734e-05
212633	0.004094121715
212634	0.001869849682
212635	0.001381433025
212636	0.006249687031
212637	0.0009036620782
212638	0.004122725067
212639	0.00295618384
212640	0.006430538495
212641	0.0005547380448
212642	0.0009128362218
212643	0.0005268848395
212644	0.002601296507
212645	0.0002411422768
212646	0.003890549804
212647	0.0007701558905
212648	0.003867515771
212649	0.0007191689669
212650	0.001344341491
212651	0.004633564446
212652	0.003615246368
212653	0.00404124026
212654	0.005481011584
212655	0.003913127657
212656	0.00202249545
212657	0.002381579541
212658	0.001072808651
212659	0.001324915738
212660	0.0001215937092
212661	0.001550918976
212662	0.004221444369
212663	0.0005371122901
212664	0.001252650312
212665	0.0003161829962
212666	0.002246127507
212667	0.001323481956
212668	0.001724682262
212669	0.002679274262
212670	0.004559053899
212671	0.004036259506
212672	0.0008227168022
212673	0.0007551985252
212674	0.001997390957
212675	0.0005546665403
212676	0.002838724752
212677	1.842486562e-05
212678	0.006646859752
212679	0.004952561283
212680	0.0009253846806
212681	0.000528882882
212682	0.0005207559853
212683	0.005685624337
212684	0.001257401321
212685	0.006456387335
212686	0.001203059311
212687	0.003392742031
212688	0.001249740412
212689	0.0005888501628
212690	0.001359125266
212691	0.002650006522
212692	0.0009322595163
212693	0.00061427455
212694	0.002960620725
212695	0.002511278201
212696	0.002338721134
212697	0.003968687974
212698	0.004719975842
212699	0.0001405452606
212700	0.002370383745
212701	0.005475804667
212702	0.005830490701
212703	0.000177680355
212704	0.004629197877
212705	0.001664679099
212706	0.0004712484834
212707	0.001047737356
212708	0.0009606882709
212709	0.0008528630266
212710	0.007244952037
212711	0.002495426916
212712	0.001013468584
212713	0.0003074043991
212714	0.0007555951379
212715	0.0008140582799
212716	0.001168749217
212717	0.001868816732
212718	0.0007118755404
212719	0.002886992806
212720	0.003013233949
212721	0.0001332911606
212722	0.002549180505
212723	0.0007478463164
212724	0.0002433826106
212725	0.003780669981
212726	0.001947591107
212727	0.0005262722697
212728	0.003697860968
212729	0.003076729875
212730	0.002860020535
212731	0.001138073389
212732	0.001504748806
212733	7.061106199e-08
212734	0.001967018206
212735	0.0004375058311
212736	0.001763332137
212737	0.005310705057
212738	0.0005024115341
212739	0.000262541223
212740	0.001031889979
212741	0.003621846201
212742	0.002269852445
212743	0.0009983235828
212744	0.001537090507
212745	0.001746834761
212746	0.0002850345486
212747	0.001081865611
212748	0.0009734053965
212749	0.0003089096387
212750	0.0002016675787
212751	0.003378912837
212752	0.0005069379522
212753	7.691285905e-05
212754	0.0008676337733
212755	0.002308607818
212756	0.0004447427492
212757	0.0006586404661
212758	0.003018477294
212759	0.004672197397
212760	0.001151832387
212761	0.0002916606218
212762	2.763041556e-08
212763	0.0003874661225
212764	0.000230314134
212765	0.0009077367886
212766	0.0002362746501
212767	0.002923151454
212768	3.963929354e-05
212769	0.001609346394
212770	0.0006714391159
212771	0.0006289238263
212772	0.001741699595
212773	0.0005858950982
212774	0.001349818784
212775	0.004063933512
212776	0.004226486181
212777	0.001893760652
212778	0.001806316536
212779	0.002532072958
212780	0.002018487341
212781	0.0002977363358
212782	1.60809243e-05
212783	0.001816931581
212784	0.00132740239
212785	0.0006177244006
212786	0.001490274885
212787	0.001120913325
212788	0.0009204504434
212789	0.006074627494
212790	0.002636243154
212791	0.0009206307698
212792	0.003770290191
212793	0.0004573721607
212794	0.001955969183
212795	0.0001802551884
212796	0.002307347346
212797	0.0005911185213
212798	0.003783448782
212799	7.99309702e-05
212800	0.00122199386
212801	0.002247724301
212802	0.0007288614849
212803	0.0005004450324
212804	0.000448181504
212805	0.0007110731904
212806	4.225879054e-05
212807	0.001993871308
212808	0.00397287402
212809	0.0008928648471
212810	0.002016300884
212811	3.677646581e-05
212812	4.023036287e-05
212813	0.0002000502887
212814	6.538741302e-05
212815	0.0007348116731
212816	7.023052845e-05
212817	0.0004133971973
212818	0.000778667951
212819	0.0002543094111
212820	4.77444728e-05
212821	1.156706829e-05
212822	0.0003531653829
212823	0.00019871159
212824	0.0003436442786
212825	0.0006919463002
212826	0.0005733273782
212827	0.000100405135
212828	0.0001555801726
212829	0.0001832656421
212830	0.0003150415505
212831	0.0006542397179
212832	0.0003650014135
212833	5.096349684e-05
212834	0.0002038420953
212835	0.0003517963105
212836	6.797758504e-05
212837	0.0001733563669
212838	0.0002146846717
212839	0.001185514556
212840	8.057722774e-05
212841	0.0001237264825
212842	0.0001824954015
212843	0.000403789851
212844	7.501138071e-05
212845	0.001754803203
212846	0.001272612455
212847	0.0003681510128
212848	0.0003419601552
212849	0.0008326063663
212850	0.0005046719829
212851	0.002209002697
212852	0.001282997023
212853	0.0002145610688
212854	0.001873638118
212855	0.008870122543
212856	0.001193423572
212857	0.0002963217112
212858	0.002142640673
212859	0.001023109809
212860	0.001024760158
212861	0.003050583291
212862	0.0007878154021
212863	0.002878938411
212864	0.0009735503969
212865	0.001501655639
212866	0.002504527135
212867	0.001522703031
212868	0.0001023410257
212869	0.002344975912
212870	0.0002163196149
212871	0.00308525096
212872	0.004753906427
212873	0.00105344224
212874	0.001254913612
212875	0.001261024245
212876	0.0007579650219
212877	0.001833523925
212878	0.00312989747
212879	0.0008895328026
212880	0.004592753633
212881	0.001534402904
212882	0.0004247093787
212883	0.0001974916829
212884	0.0008745635093
212885	0.00166697634
212886	0.00396983832
212887	0.0008480953529
212888	4.519107679e-05
212889	0.001061947755
212890	0.0006376384926
212891	0.001508153662
212892	0.0006013385902
212893	0.001276782068
212894	0.0007909121399
212895	0.003045661872
212896	0.002394165556
212897	0.002408254362
212898	0.0003072721466
212899	0.001033532934
212900	0.0003222296115
212901	0.001278290787
212902	0.003702921289
212903	0.0006022297578
212904	0.001770165514
212905	0.004585208896
212906	0.001797575662
212907	0.0009902752037
212908	0.0003196786945
212909	0.001160771953
212910	0.005744099994
212911	0.00357431553
212912	0.0002836623287
212913	0.009496545001
212914	0.00923050401
212915	0.002024631281
212916	0.001812247488
212917	0.006898235354
212918	0.009537162358
212919	0.002742299668
212920	0.005005995563
212921	0.003110018745
212922	0.001106323004
212923	0.0005218849815
212924	0.0006130312154
212925	0.0003598419846
212926	0.0007985460807
212927	8.929972226e-05
212928	0.003530473048
212929	0.0004713548975
212930	0.002647241039
212931	0.00235397521
212932	0.003188992542
212933	0.001797279671
212934	0.002479303072
212935	0.001600962241
212936	0.002103478635
212937	0.005539387379
212938	0.001135396263
212939	0.002334426543
212940	0.001842232494
212941	0.002515116432
212942	0.0003467142929
212943	0.0005712504139
212944	0.003801757509
212945	0.0009721805153
212946	0.002315284083
212947	0.0003631964666
212948	0.001089071046
212949	0.0003387632947
212950	0.0005509961891
212951	0.001150034343
212952	0.0004899615529
212953	7.357521688e-05
212954	0.000741939056
212955	0.0005670674136
212956	0.0008334509114
212957	0.0003035031683
212958	0.0008784603572
212959	0.0002096167451
212960	0.0002112414232
212961	0.0005693439194
212962	0.0009073074749
212963	0.000900966499
212964	0.0003680041343
212965	0.0006550736922
212966	0.0004532743015
212967	0.0002681791498
212968	0.001024016998
212969	0.002644465177
212970	0.002042826215
212971	0.0006321131966
212972	0.00128961933
212973	0.001847735906
212974	0.001408472626
212975	0.0003613185895
212976	0.0006595057114
212977	0.003050965599
212978	0.002394959412
212979	9.959873733e-05
212980	0.005431500445
212981	0.0003409931586
212982	0.005718406799
212983	0.004172080531
212984	0.002559342834
212985	0.0001363112574
212986	0.001081377349
212987	0.0001424707829
212988	0.003069737218
212989	0.002345927843
212990	0.002646571997
212991	0.007800812002
212992	0.001772726056
212993	0.005210104833
212994	0.003013638012
212995	0.003628304989
212996	0.002605174106
212997	0.002985745765
212998	0.008137860799
212999	0.001675794947
213000	0.002521350001
213001	0.002872557296
213002	0.006228363981
213003	0.003315021866
213004	0.005623191331
213005	0.0009506611991
213006	0.003350021534
213007	0.000155434816
213008	0.004288187901
213009	0.004217542059
213010	0.007981040043
213011	0.0008670093437
213012	0.002402500097
213013	0.001909038379
213014	0.0004438584334
213015	0.002310005324
213016	0.003105964129
213017	0.00378173291
213018	0.0001499993262
213019	0.0008515591165
213020	0.002101364288
213021	8.241682195e-05
213022	0.0002615883126
213023	0.0007529197597
213024	0.003817981248
213025	0.002801603705
213026	0.001418734756
213027	0.0008844583941
213028	0.003011221781
213029	0.0003289998551
213030	8.280488201e-05
213031	0.003640224543
213032	0.002201475125
213033	0.0002062980469
213034	0.004267558464
213035	0.002459738405
213036	0.004214468904
213037	0.002709184067
213038	0.0003623178935
213039	0.0007067410838
213040	0.0009377114537
213041	0.002023005837
213042	0.0002033164277
213043	0.001918791863
213044	0.001587733216
213045	0.002750092035
213046	0.001124372313
213047	0.001419229704
213048	0.0004034321533
213049	0.001040811819
213050	0.001381792384
213051	0.006323173233
213052	0.004087862635
213053	0.001250776688
213054	0.0002059818631
213055	0.001078158408
213056	0.004291740472
213057	0.0007428378674
213058	0.003039056384
213059	0.001399435778
213060	0.0007010967496
213061	0.007833047892
213062	0.0007467798034
213063	0.003423130437
213064	0.0009566985114
213065	0.003755674319
213066	0.004605080981
213067	0
213068	0.00324165671
213069	0.002419392047
213070	0.0003205932939
213071	0.006586855065
213072	0.002441696451
213073	0.003091982412
213074	0.006278439763
213075	0.002516092594
213076	0.001132062931
213077	0.003399357786
213078	0.003228094237
213079	0.0001435350159
213080	0.004211865381
213081	3.19265125e-05
213082	0.0006658349297
213083	0.0002766293809
213084	0.0006022682961
213085	0.001594549631
213086	0.001938203423
213087	0.002707487308
213088	0.002930483601
213089	0.003575116816
213090	0.001697840881
213091	0.004481190345
213092	0.003485725647
213093	0.002395997299
213094	0.0002871956814
213095	0.002391583047
213096	0.009037616563
213097	0.00191200705
213098	0.004636970456
213099	0.006934407352
213100	0.002995694123
213101	0.004544837308
213102	0.001319696801
213103	0.003370667048
213104	0.0003575596388
213105	0.003572753478
213106	0.0006101449096
213107	0.001136898387
213108	0.00133697235
213109	0.001524810371
213110	0.00024104049
213111	0.0008501652611
213112	0.002292851856
213113	0.001991994455
213114	0.001646868069
213115	0.0003946146416
213116	0.00215123419
213117	0.01042513483
213118	0.00013390786
213119	0.002904465539
213120	0.0006411784585
213121	0.0002404507738
213122	0.002606218922
213123	0.001490357114
213124	0.003011200283
213125	1.313507174e-05
213126	0.0003772512023
213127	0.001122370006
213128	0.0002167902114
213129	0.004530053234
213130	0.0009239685255
213131	0.002406768889
213132	0.002551970967
213133	0.002129211841
213134	0.004414819527
213135	0.003992059671
213136	0.001856106979
213137	0.002410012273
213138	0.004455712076
213139	0.00133754997
213140	0.0004591562779
213141	0.0007758073555
213142	0.004316135053
213143	0.0002172137252
213144	0.001673140267
213145	0.002585788318
213146	0.001050817
213147	0.002422769671
213148	0.001627740083
213149	0.002369968855
213150	0.004218649322
213151	0.0060199628
213152	0.002087671107
213153	0.002852127454
213154	0.001191534986
213155	0.002304535432
213156	0.003641926625
213157	0.0004540686038
213158	0.003842389495
213159	0.0002105826995
213160	0.0008791697337
213161	0.000679477099
213162	0.0004512050717
213163	0.001040995739
213164	0.00494700495
213165	0.002080229995
213166	0.001397116018
213167	0.003643178853
213168	0.003497123883
213169	0.00291183891
213170	0.002512303593
213171	0.002189569251
213172	0.002354260161
213173	0.0009686537247
213174	0.001937286859
213175	0.001275730435
213176	0.0015199244
213177	4.505442872e-08
213178	0.003327415145
213179	0.0007914596422
213180	0.002649605667
213181	0.000986051958
213182	0.001574076678
213183	0.002038605587
213184	0.002503276023
213185	0.0002467711765
213186	0.00186073784
213187	0.0007489175045
213188	0.00101423178
213189	0.001784027293
213190	0.001449739178
213191	0.001710403342
213192	0.001264367743
213193	0.0004343129633
213194	0.001148187159
213195	0.000731918041
213196	0.002840905692
213197	0.0005127395776
213198	0.0005046528189
213199	0.002656235839
213200	0.002110037421
213201	0.001186165007
213202	0.004445638825
213203	0.001524117302
213204	0.0001041140707
213205	0.003421990805
213206	0.0009014533358
213207	0.002370560146
213208	0.0001779043408
213209	0.001803033541
213210	0.0004908840283
213211	0.000251167595
213212	0.00312309463
213213	0.001322054266
213214	0.000591508862
213215	0.000342185509
213216	0.001015800531
213217	0.0001341861247
213218	0.002318075173
213219	0.004145646574
213220	0.0002985302396
213221	0.001958962098
213222	0.00150135464
213223	0.0002267321119
213224	0.000480385025
213225	0.001269208375
213226	0.00131851355
213227	0.002564325554
213228	0.001785747969
213229	0.0004543148763
213230	0.001804948502
213231	0.003344605313
213232	0.001150805997
213233	0.001803597877
213234	0.0006382518949
213235	0.003317171879
213236	0.001906968799
213237	0.002198711494
213238	0.001864149777
213239	0.0005151964452
213240	0.001973155376
213241	0.0009113493305
213242	0.0009392708217
213243	0.001544659946
213244	0.0003018300424
213245	0.002150069717
213246	0.001080245999
213247	0.001211862927
213248	0.002326667044
213249	0.001946896696
213250	0.0001945269594
213251	0.00111670227
213252	0.002103614045
213253	0.001752188753
213254	0.003545172815
213255	0.003153657621
213256	0.0007348529405
213257	0.001869007572
213258	0.0002951571118
213259	0.001464371663
213260	0.0005293355753
213261	0.001515912459
213262	0.001024006168
213263	0.0003133087907
213264	0.002872831984
213265	0.0002130088203
213266	3.752525211e-05
213267	0.005100459447
213268	0.001519870409
213269	0.004763572546
213270	0.002550358739
213271	0.001066253974
213272	0.001978505516
213273	0.006996037288
213274	0.002439636388
213275	0.002079165689
213276	0.001761103444
213277	0.002870947774
213278	0.0004812070873
213279	0.002877202395
213280	9.412916517e-05
213281	0.003035386096
213282	0.0001235605226
213283	0.003182628478
213284	0.001896856754
213285	0.00282773402
213286	0.001130339514
213287	0.0008499904802
213288	0.002903514989
213289	0.001507539836
213290	0.0001406090555
213291	0.002997552379
213292	0.0007644622974
213293	0.001673458927
213294	0.004695176142
213295	0.001561227181
213296	0.002986719655
213297	0.002069314457
213298	0.0006237697418
213299	0.0005459421988
213300	0.004125173851
213301	0.003643250174
213302	0.0003237352526
213303	0.001320412368
213304	0.002628891786
213305	0.002036297555
213306	0.001130541173
213307	0.004178612859
213308	0.003974726536
213309	0.000792270476
213310	0.0008577182154
213311	0.003125893159
213312	0.001419501789
213313	0.001261679561
213314	0.00355604426
213315	0.001931060641
213316	0.002421429429
213317	0.001750253575
213318	0.0006840933126
213319	0.00367545533
213320	0.0006613664517
213321	0.003050884107
213322	0.003163661662
213323	0.001674991565
213324	0.002384068107
213325	0.001499360772
213326	0.0003137566721
213327	0.0009800755284
213328	0.00307596942
213329	0.004324939532
213330	0.00332103771
213331	0.004350671381
213332	0.01137949472
213333	0.001823606495
213334	0.0007048336337
213335	0.001057256673
213336	0.001000384457
213337	0.0008374282786
213338	0.002677357313
213339	0.0007950426077
213340	0.0009179763664
213341	7.000433736e-05
213342	0.001072846732
213343	0.0008627391701
213344	8.647876499e-05
213345	0.001191863911
213346	0.002367636394
213347	0.00221467406
213348	0.00122749101
213349	0.002168990053
213350	0.0001457054963
213351	0.001005860553
213352	0.001959338718
213353	0.0009285684137
213354	0.002142941655
213355	0.0003367987883
213356	6.568312628e-05
213357	0.0009001877178
213358	0.0008259630851
213359	0.001993916277
213360	0.002314466724
213361	0.0004951475371
213362	0.000115880467
213363	0.0009634864738
213364	0.003595636939
213365	0.0002494426574
213366	0.001238604443
213367	0.001095574485
213368	0.002649586066
213369	0.00201583564
213370	0.001704747568
213371	0.002426539705
213372	0.0004320220524
213373	0.0007789155276
213374	0.0003945755289
213375	0.000371796306
213376	0.0002704317242
213377	0.0008695200011
213378	0.003857392978
213379	0.001536667016
213380	0.0008230194892
213381	0.0001815078957
213382	0.004375147518
213383	0.003080948009
213384	0.005092250048
213385	0.003287110406
213386	0.004648632518
213387	0.002086831291
213388	0.002074217545
213389	0.0004802798561
213390	0.001153347681
213391	0.001178519767
213392	0.00430800794
213393	1.061817493e-05
213394	0.003641461746
213395	0.002842830207
213396	0.003304029058
213397	0.0005092489093
213398	0.004090964684
213399	0.005056084635
213400	0.001567976996
213401	0.0002652901551
213402	0.0008958998002
213403	0.003562054866
213404	0.003009147686
213405	0.0007378280539
213406	0.0009105625706
213407	0.002431430997
213408	0.002580236804
213409	0.00595459272
213410	0.00658303043
213411	0.006012128172
213412	0.00411567732
213413	0.004602224258
213414	0.003980061095
213415	0.001325462623
213416	0.00580977682
213417	0.006480406019
213418	0.006760857961
213419	0.004785902666
213420	0.003490723768
213421	0.009136766553
213422	0.002672025021
213423	0.002583500087
213424	0.00598883878
213425	0.002515320199
213426	0.002589042273
213427	0.001343113463
213428	0.002100654634
213429	0.006852846075
213430	0.00354018452
213431	0.004792447738
213432	0.004702740316
213433	3.12810748e-05
213434	0.0009267589677
213435	0.006024084968
213436	0.004066400373
213437	0.001194987456
213438	0.004946955014
213439	0.005044946922
213440	0.002545759087
213441	0.004217599261
213442	0.003927298429
213443	0.003458733636
213444	0.005381461574
213445	0.006943536789
213446	0.005590299393
213447	0.007099874044
213448	0.003188080753
213449	0.002956889935
213450	0.002949802892
213451	0.004533788344
213452	0.003934131581
213453	0.004842918862
213454	0.002492920099
213455	0.003291461567
213456	0.005231565449
213457	0.0002653593194
213458	0.000108919317
213459	0.00461144545
213460	0.005617532037
213461	0.001107210107
213462	0.006212036094
213463	0.002933051328
213464	0.003338840482
213465	0.001615122556
213466	0.003719463096
213467	0.003769187453
213468	0.002305941906
213469	0.005044621647
213470	0.005029594911
213471	0.002219217423
213472	0.005599126427
213473	0.001969293252
213474	0.0002596382186
213475	0.000196145857
213476	0.002292104611
213477	0.001246153984
213478	0.00392091919
213479	0.0001743148245
213480	0.001738886449
213481	0.002760484785
213482	0.00404176376
213483	0.001321264098
213484	0.0004465024903
213485	0.0003402328944
213486	0.00193169663
213487	0.001050903286
213488	0.002705745294
213489	0.0009692562116
213490	0.0003834862399
213491	0.0008753981236
213492	0.0006689329034
213493	0.0006576155864
213494	0.0003091040326
213495	0.002173251206
213496	0.001138475863
213497	0.0009829436459
213498	0.0002467017839
213499	0.0009057532514
213500	0.0005534151184
213501	0.0007749896463
213502	0.0004159246698
213503	0.0005748528886
213504	0.0005889831089
213505	0.0007485190304
213506	9.530739693e-06
213507	0.0001373558713
213508	0.001745126951
213509	0.001521739445
213510	0.0004475637459
213511	0.001749044083
213512	0.001389241636
213513	0.000868745947
213514	0.001071157033
213515	0.001079979969
213516	0.001210184876
213517	0.001981137641
213518	0.00134136418
213519	4.562330309e-06
213520	0.001730474386
213521	0.002861945362
213522	0.0005805112896
213523	0.001029924556
213524	0.0007296789205
213525	0.0001987870329
213526	0.0003840681071
213527	0.002086541841
213528	0.001235801202
213529	0.001734820116
213530	0.003039272721
213531	0.003246110495
213532	0.003429491996
213533	0.00307546988
213534	0.002551886871
213535	0.00296221782
213536	0.003087754853
213537	0.003035266695
213538	0.00293643888
213539	0.003241830365
213540	0.0033087891
213541	0.002906579105
213542	0.003098870899
213543	0.003086902284
213544	0.003304086616
213545	0.002684092795
213546	0.00297387409
213547	0.002326080024
213548	0.002556423537
213549	0.002767421992
213550	0.002831498961
213551	0.002827734327
213552	0.002903327795
213553	0.002458768257
213554	0.003157143619
213555	0.002868161849
213556	0.002860359818
213557	0.002759631418
213558	0.004159365771
213559	0.0009079941164
213560	0.001215704819
213561	0.006585535033
213562	0.001882186032
213563	0.004762638824
213564	0.006559266193
213565	0.0001762076884
213566	0.003365820194
213567	0.001911146918
213568	0.00285814455
213569	9.256842099e-05
213570	0.001769174418
213571	0.004095347257
213572	0.0007686869177
213573	0.001861588154
213574	2.218422006e-05
213575	0.0004454877298
213576	0.000103569602
213577	0.0002088448062
213578	0.0002512304861
213579	0.0009944604357
213580	4.381054198e-05
213581	0.0006157705213
213582	0.000277125308
213583	7.387300814e-06
213584	0.0005064544374
213585	0.0002236619642
213586	0.0004334139001
213587	4.184513983e-05
213588	0.0004088175177
213589	0.0007156561383
213590	0.005388481205
213591	0.0001740633848
213592	0.0002102757822
213593	0.001640993757
213594	0.002039360796
213595	0.0004669500028
213596	0.0005819564732
213597	0.0008760248451
213598	0.0006606426956
213599	0.001820197923
213600	6.883855044e-05
213601	6.080321765e-05
213602	0.0008546986494
213603	0.0006188675275
213604	0.001557071884
213605	0.0007910923473
213606	0.001328467096
213607	0.002315524958
213608	0.0007847647536
213609	0.00129127422
213610	0.0004074392787
213611	0.0002376586707
213612	0.001383219999
213613	0.0002578470471
213614	0.001223547629
213615	0.001890013875
213616	0.003175577166
213617	0.003397638199
213618	0.001841533727
213619	0.0007928197405
213620	0.003009269168
213621	0.00139786657
213622	0.001875750436
213623	0.001431909328
213624	0.001530291112
213625	0.00299688391
213626	0.003660534249
213627	0.0007784577255
213628	0.001230155238
213629	0.0001339869898
213630	0.0003019180951
213631	0.0003676749606
213632	0.002797829073
213633	0.002291340583
213634	0.001434587668
213635	0.001726556672
213636	0.003947676948
213637	0.002671422957
213638	0.000374597334
213639	0.001603276342
213640	0.002131580442
213641	0.0001119607713
213642	0.0004037748962
213643	0.000161966756
213644	0.0007769741171
213645	0.0009047873601
213646	0.000143343925
213647	0.001238258554
213648	0.0001290193266
213649	0.001973391347
213650	0.002580903955
213651	0.003294174458
213652	0.0002114397252
213653	0.0005740400384
213654	0.0003577954152
213655	0.006050635566
213656	0.0007792010454
213657	0.002772586989
213658	0.0005052975191
213659	0.0007931992329
213660	0.0006018636806
213661	0.005746741076
213662	0.0009578627954
213663	0.003892475316
213664	0.001207240729
213665	0.003139450575
213666	0.004383170756
213667	0.003430794206
213668	0.004277187319
213669	0.001983757009
213670	0.003123661293
213671	0.003126709345
213672	0.0003488805064
213673	0.0003332950296
213674	0.0001832685538
213675	0.0002557408933
213676	0.001429757934
213677	0.002751998883
213678	0.0001720592482
213679	0.002682572528
213680	0.002141335326
213681	0.001430802948
213682	0.002050440198
213683	0.002127784978
213684	0.003534618228
213685	0.002155137636
213686	0.003128149122
213687	0.00187426182
213688	0.002848121612
213689	0.002099668942
213690	0.008745986041
213691	0.006594147069
213692	0.0003611967282
213693	0.0007271849296
213694	0.00113533445
213695	0.000685228971
213696	0.001783395612
213697	0.001504014208
213698	0.0001321795376
213699	0.0003237812092
213700	0.0005996587177
213701	0.0008576064679
213702	0.0003529700226
213703	0.0007636750811
213704	0.001273104733
213705	0.0007881683062
213706	0.002316750492
213707	0.00214542292
213708	0.0009319851987
213709	0.0009033496823
213710	0.0005888804807
213711	0.002771182878
213712	0.001258214243
213713	0.001906248541
213714	0.0006595343661
213715	0.0002553935387
213716	0.0003125277029
213717	0.004432814567
213718	0.001243020856
213719	0.0007775400309
213720	0.001998501392
213721	0.005812124703
213722	0.002196377794
213723	0.005103587336
213724	0.003633295792
213725	0.00236878061
213726	0.00038790956
213727	0.002849774051
213728	0.001094674305
213729	0.002208814321
213730	0.001189370811
213731	0.002099928166
213732	0.001157429163
213733	0.005289430072
213734	0.0007769221257
213735	0.002018646338
213736	0.001861384164
213737	0.00132239962
213738	0.003556787093
213739	0.004031524088
213740	0.0003700293101
213741	0.001004251127
213742	0.005565434467
213743	0.007377961577
213744	0.0004153824853
213745	0.001741852354
213746	0.0003653394645
213747	0.003232029807
213748	0.004967238274
213749	0.004019895643
213750	0.0002413808321
213751	0.002591394396
213752	0.001817492883
213753	0.002480453637
213754	0.0009132262952
213755	0.002583380054
213756	0.0008514623476
213757	0.001089642301
213758	0.005556297685
213759	0.003576762956
213760	0.0001018867512
213761	0.006127127531
213762	0.006206681996
213763	0.002156119519
213764	1.895343037e-05
213765	0.0001047781527
213766	0.0011514332
213767	0.0008425018213
213768	0.001188825556
213769	0.0002201243674
213770	0.001286649302
213771	0.00162337208
213772	0.001921882881
213773	0.0003099321264
213774	0.002313199285
213775	0.0005130027739
213776	0.0001352163202
213777	0.005682789213
213778	0.002472298097
213779	0.002009673584
213780	0.005924708348
213781	0.00315870773
213782	0.0005542503987
213783	0.0003551592797
213784	0.001139556535
213785	0.0004906415832
213786	0.0009045390563
213787	0.002151418337
213788	0.002141068157
213789	0.00272651775
213790	0.0002386254674
213791	0.002340531604
213792	0.0007475066112
213793	0.001642128783
213794	0.0007023901788
213795	0.001520105765
213796	0.002884710265
213797	0.0004114891841
213798	0.0007495876704
213799	0.001457971013
213800	0.001118505196
213801	0.0009463739928
213802	0.001388890957
213803	0.003499027749
213804	0.002012965927
213805	0.001412370056
213806	0.00384792128
213807	0.001936208668
213808	0.0009145464505
213809	0.001144915148
213810	0.001847894681
213811	0.008063382795
213812	0.0002553878214
213813	0.002486168612
213814	0.004897604038
213815	0.003811178318
213816	0.001277873421
213817	0.001375301733
213818	0.003163395028
213819	0.0002301476951
213820	0.0003089270562
213821	0.0004368010521
213822	0.00337857507
213823	0.003302134887
213824	0.0003968624194
213825	0.00619827296
213826	0.001751013757
213827	0.0003383520915
213828	0.0009759269659
213829	0.001193373041
213830	0.002066372089
213831	0.004266004986
213832	0.00892003054
213833	0.004501507789
213834	0.002388776447
213835	0.001342159676
213836	0.001803386353
213837	0.002220603558
213838	0.01061321305
213839	0.0001120344332
213840	0.004777806086
213841	0.01266274826
213842	0.009868457179
213843	0.0001262158753
213844	0.0006477508676
213845	0.001957016448
213846	0.00337428666
213847	0.003461486242
213848	0.0003807920758
213849	0.0009004084188
213850	0.003565634931
213851	0.0002464525983
213852	0.004093287075
213853	0.001085980368
213854	0.002378783501
213855	0.001834898378
213856	0.0003269182556
213857	0.002452011802
213858	0.001019434686
213859	0.00304714351
213860	0.0008877506759
213861	0.003879058504
213862	0.003277335269
213863	0.0003215325323
213864	0.001809960061
213865	1.997954424e-05
213866	0.0006871041286
213867	0.002060066239
213868	0.000796578869
213869	0.0006949811083
213870	0.0005477501771
213871	0.006976437593
213872	0.0003298642396
213873	0.00658299562
213874	0.000561477324
213875	0.001043947655
213876	0.0004441894802
213877	0.004294101722
213878	0.0009922943302
213879	0.0006955620917
213880	0.001750589955
213881	0.001454555113
213882	0.0009606426438
213883	0.001721512601
213884	3.590523552e-05
213885	0.003858555151
213886	0.001469801939
213887	0.001400263504
213888	0.0008812820862
213889	0.003066462774
213890	0.0009485029237
213891	0.001637747601
213892	0.0008086110299
213893	0.002357574829
213894	0.003222639381
213895	0.002579600382
213896	0.008295306119
213897	0.00364768562
213898	0.002934050678
213899	0.0007400849575
213900	0.0010537624
213901	0.001266853766
213902	0.0001980351769
213903	0.002475720784
213904	0.0007123807559
213905	0.001417812415
213906	0.002419694692
213907	0.00379988379
213908	0.002587371336
213909	0.000307855138
213910	0.0003896200979
213911	0.001133148843
213912	0.0007963412366
213913	0.002529187185
213914	6.728715972e-05
213915	0.002277455605
213916	0.003008924796
213917	0.000113061598
213918	0.004984948077
213919	0.0003149640006
213920	0.001368929774
213921	0.0009290038396
213922	0.0004988333056
213923	0.003963008209
213924	0.002247253649
213925	0.000229122927
213926	0.0002353969875
213927	0.0006090197503
213928	0.001441391482
213929	0.003202955097
213930	0.001049348869
213931	0.0002570988236
213932	0.0009423152974
213933	0.001562905926
213934	0.004348212395
213935	0.0004423568816
213936	0.003558276798
213937	0.001105000611
213938	0.003722404111
213939	0.001229200374
213940	0.001081962663
213941	0.002737177786
213942	0.006310009838
213943	0.001455341699
213944	0.001452304719
213945	0.0001049919521
213946	0.0007121875863
213947	0.001329282311
213948	0.006678704938
213949	0.002408589387
213950	0.001467670333
213951	0.003244705799
213952	0.004277148984
213953	0.001199926926
213954	0.004854828285
213955	0.0003963348488
213956	0.0004047227595
213957	0.003507845949
213958	0.0006961737656
213959	0.000809058109
213960	0.00226158556
213961	0.002843684748
213962	0.003437030028
213963	0.0002380782698
213964	2.413933381e-05
213965	0.003808055751
213966	0.0002611878718
213967	0.004310781796
213968	0.004138302007
213969	0.003126578293
213970	0.0006980783635
213971	0.002876997583
213972	0.0001719110308
213973	0.003766381304
213974	0.002922998838
213975	0.004837970756
213976	0.001393427839
213977	0.00068225014
213978	0.0003218709414
213979	0.0006788688845
213980	0.000353904999
213981	0.0003184795563
213982	0.0008342787932
213983	0.0003819604025
213984	8.262228478e-05
213985	0.0002239107137
213986	2.673439278e-06
213987	4.883900837e-05
213988	9.130173155e-06
213989	0.0006819378351
213990	0.0009517106723
213991	0.0001241717001
213992	0.0004605490853
213993	0.0006188497769
213994	0.0004291193008
213995	0.0008974407998
213996	7.134767954e-05
213997	5.865967079e-05
213998	0.000248048273
213999	0.0002396095047
214000	0.0001014037784
214001	0.0001001325119
214002	0.0004898446492
214003	0.003875958922
214004	0.000374385958
214005	0.003324130553
214006	0.0008405459106
214007	0.008815814981
214008	0.003009475223
214009	0.006178941086
214010	0.003807765258
214011	0.003235110564
214012	0.003103401451
214013	0.003706144967
214014	0.001881433088
214015	0.001532350332
214016	0.003997456137
214017	0.007098976575
214018	0.003204615423
214019	0.002583402663
214020	0.0003760163877
214021	0.000510426309
214022	0.005556631071
214023	0.001058318334
214024	0.00403200295
214025	0.000628975226
214026	0.0002110424255
214027	0.001182627563
214028	0.003360689377
214029	0.0009730413695
214030	0.00279454347
214031	0.006665378157
214032	0.004047250459
214033	0.005103874337
214034	0.001387112755
214035	0.007166698852
214036	0.005977029953
214037	0.002108007378
214038	0.00197291934
214039	0.001424807621
214040	0.005668070572
214041	0.0005657903597
214042	0.0001971938196
214043	0.0008307517714
214044	0.003675459482
214045	0.005379993957
214046	0.0003279467963
214047	0.003097894466
214048	0.007980432569
214049	2.045616378e-05
214050	0.001569308536
214051	0.0001729954765
214052	0.002510003604
214053	0.003352345306
214054	0.003333862563
214055	0.00724338964
214056	0.0006706159816
214057	0.001428703548
214058	0.001948664775
214059	0.00273454123
214060	0.0007891515008
214061	0.007853968244
214062	0.005616320691
214063	0.003559447116
214064	0.002186746315
214065	0.0002407843169
214066	0.0003247002972
214067	0.0002160450869
214068	0.005548972674
214069	0.001402206353
214070	0.0004350106627
214071	0.003693499868
214072	0.003087140713
214073	0.002749083998
214074	0.004152121821
214075	0.002720314438
214076	0.002161062358
214077	0.001038918764
214078	0.006593189218
214079	0.001578944677
214080	4.855365666e-05
214081	0.0007544585384
214082	0.001714554878
214083	0.003822247621
214084	0.004831139702
214085	0.003030393834
214086	0.00128316258
214087	0.001472238885
214088	0.0004178354062
214089	0.001463135409
214090	0.0006403362707
214091	6.521276099e-05
214092	0.004658790443
214093	2.856059361e-05
214094	0.002181225468
214095	0.0001353543871
214096	0.0003021280293
214097	0.002072115985
214098	1.339106667e-05
214099	0.002375554994
214100	0.004076359244
214101	0.000458517853
214102	0.001081127246
214103	0.0003677785475
214104	0.0003107431283
214105	0.004470552666
214106	0.0004775960929
214107	0.0007991614799
214108	0.0006700074026
214109	0.001860810831
214110	0.002559222344
214111	0.0005231995989
214112	0.0002261327961
214113	0.0003656570159
214114	0.001618640934
214115	0.0001104266697
214116	0.001678324374
214117	0.00222237927
214118	0.002043581796
214119	0.004958540789
214120	0.002274230921
214121	0.0001398747474
214122	0.001012244154
214123	0.0004175380015
214124	0.0001721756549
214125	0.0002559982796
214126	0.001845964412
214127	0.002755708663
214128	0.0001105642179
214129	0.000327853774
214130	0.001888769292
214131	0.000552098341
214132	0.001792824969
214133	0.002944357141
214134	0.001602252936
214135	0.001624535287
214136	0.002342007826
214137	0.002808053999
214138	0.0002660836784
214139	0.001875356256
214140	0.002576986223
214141	9.781291288e-06
214142	0.000112140247
214143	0.003019475435
214144	0.003020004036
214145	0.0008924195572
214146	0.0003819128525
214147	0.001345883174
214148	0.002341819603
214149	0.0001258803098
214150	0.0001548563141
214151	0.006348600744
214152	4.541280989e-05
214153	0.003137228127
214154	0.001299918169
214155	0.001112948993
214156	0.001453036588
214157	0.002090714411
214158	0.0003799158956
214159	0.0006403062598
214160	0.000197261527
214161	0.000302536044
214162	0.0005397668237
214163	0.0004258728575
214164	0.0004097978233
214165	0.000267481217
214166	0.0005842463961
214167	0.000211868125
214168	0.0004775780619
214169	0.001031093468
214170	0.001448181482
214171	0.0005335076262
214172	2.295624612e-05
214173	0.0007480502828
214174	0.0004873336937
214175	0.0002176871246
214176	0.0003978031768
214177	0.000352667439
214178	0.0002004786706
214179	0.0004037540859
214180	0.0003907934819
214181	0.0001682038622
214182	0.0002337983054
214183	0.00078699902
214184	0.0004563294351
214185	0.0002935139499
214186	0.000287547568
214187	0.001146023918
214188	0.0008036464294
214189	0.0001233807454
214190	0.0005419068568
214191	0.000324213405
214192	0.0001161059424
214193	0.002267010984
214194	0.002213443822
214195	0.001828893689
214196	0.0002360879294
214197	0.0007736210922
214198	0.005272820079
214199	0.000250172475
214200	0.000313819112
214201	0.0003572981971
214202	8.369384604e-05
214203	0.0004824896512
214204	0.00166571645
214205	0.003460490297
214206	0.001358127539
214207	0.000398532785
214208	0.0005568884249
214209	0.0004107074886
214210	0.0008806041934
214211	6.486661714e-05
214212	0.0006728158516
214213	0.0007988450474
214214	7.167567164e-05
214215	0.0003336698907
214216	3.4742561e-05
214217	0.0002109015524
214218	0.0008014129368
214219	0.0004565401593
214220	0.0005105920401
214221	0.0004482061262
214222	0.000839041336
214223	0.0005963329443
214224	7.976153069e-05
214225	0.0003062116179
214226	0.0004515938892
214227	0.0004730255119
214228	0.0004049526354
214229	0.001004365166
214230	0.0002962885291
214231	3.046369838e-05
214232	0.0004205964758
214233	0.0004264979382
214234	6.423834411e-06
214235	0.000575973691
214236	0.0003082561559
214237	0.0002953323917
214238	0.0004867294409
214239	0.0004644739463
214240	0.0004924893761
214241	0.0006707640302
214242	0.0003598185964
214243	0.00154971188
214244	0.0001115620196
214245	0.000162279702
214246	0.0004625927076
214247	8.885906178e-05
214248	0.0008157313327
214249	0.0001830899824
214250	0.0003894613487
214251	0.000710864221
214252	0.0002128770379
214253	0.0001300307622
214254	0.0003434928596
214255	0.0002263557636
214256	0.000212258662
214257	0.0003132003059
214258	0.000155677269
214259	0.0002446640048
214260	0.0004231008787
214261	0.0007654149355
214262	0.0003237466734
214263	0.0005497524327
214264	0.0006991623245
214265	7.498298498e-05
214266	0.0003946936574
214267	3.950393124e-05
214268	0.0003421809881
214269	8.140036752e-05
214270	8.931094165e-06
214271	0.0003782713402
214272	0.0009081824027
214273	0.0004834888545
214274	0.0001894213133
214275	0.0003829879915
214276	0.0006208412573
214277	0.0006894146189
214278	0.0001943828583
214279	0.0002084540678
214280	0.001395808799
214281	0.0005468661455
214282	9.868095979e-05
214283	0.0009838969962
214284	0.0004270023714
214285	0.0001845696255
214286	0.0008581817827
214287	7.28048896e-05
214288	0.0003804129408
214289	0.0002057597051
214290	0.0003526074855
214291	0.0008978020632
214292	0.002564430193
214293	0.0002836745546
214294	0.000252553481
214295	3.945196591e-05
214296	0.0002236290804
214297	0.0002684133065
214298	0.0005284255238
214299	0.0004433394086
214300	0.0003942934999
214301	0.0008102980065
214302	0.0006834446541
214303	0.0003507137998
214304	0.0003502016254
214305	0.00117180899
214306	0.0006659944616
214307	0.0005659059232
214308	0.0001119242694
214309	0.0005652494456
214310	0.0002754399666
214311	0.0005820640864
214312	0.0009413049516
214313	0.001623262834
214314	0.0004737477498
214315	0.0003107570493
214316	0.0004691789618
214317	5.099402473e-05
214318	0.0003483339481
214319	9.119672729e-05
214320	7.469780452e-05
214321	0.0003808745453
214322	0.0009019182424
214323	0.000515576102
214324	0.0003209528589
214325	0.0008214267306
214326	0.0005168983064
214327	0.0001410438371
214328	0.0001157085016
214329	0.0001385653386
214330	0.0006445620945
214331	0.0001225671746
214332	0.0001532635545
214333	0.0002384088543
214334	0.0004238801299
214335	0.003311405827
214336	0.001044298994
214337	0.001143214326
214338	0.001056045643
214339	0.001322502028
214340	0.0001893479005
214341	0.005277651434
214342	0.001842678292
214343	0.003967602157
214344	0.000891676359
214345	0.000201923561
214346	0.0006757620679
214347	0.0001063882907
214348	0.0002957860679
214349	0.0005114715282
214350	0.0005945499771
214351	0.0002273833309
214352	0.0007093296856
214353	0.0001763286247
214354	0.000212485958
214355	0.0003537659896
214356	8.706749708e-05
214357	0.000931293642
214358	0.0003781251737
214359	0.0002495456493
214360	0.0001160310273
214361	0.0002388278717
214362	0.0006899448829
214363	0.0004710783665
214364	0.0004941473828
214365	0.0001244344993
214366	0.000496211277
214367	0.0003562264461
214368	0.0004414871594
214369	0.0002135839858
214370	0.0003745804062
214371	0.000471342201
214372	0.0004920388934
214373	0.0003465047691
214374	3.2805687e-05
214375	0.0003496544256
214376	6.391228862e-05
214377	0.0002879109777
214378	0.000769060915
214379	0.0007983531684
214380	0.0001932241248
214381	0.0004258848038
214382	0.0002595984751
214383	0.0005877931322
214384	0.0002103952884
214385	0.00170618703
214386	0.0005056831732
214387	0.0001272406973
214388	0.0004080734987
214389	0.0004744736997
214390	6.945201031e-05
214391	0.0001171447314
214392	2.679307576e-05
214393	0.000384638247
214394	0.001309610112
214395	6.308072116e-05
214396	0.0003487683793
214397	0.0008547798342
214398	0.0003226256511
214399	0.0004499143128
214400	0.0004244871536
214401	7.999006704e-05
214402	0.0004498680642
214403	2.01904012e-05
214404	0.0009493964827
214405	0.0007170194642
214406	0.00128412186
214407	0.000443172077
214408	0.0005784476437
214409	0.0004097643474
214410	0.0002503911199
214411	0.0008249169558
214412	0.0004405809561
214413	6.631462729e-05
214414	0.0002382538929
214415	0.0004175555026
214416	0.0001136122924
214417	0.0003810655755
214418	0.0004476846895
214419	0.0008125252901
214420	4.802906862e-05
214421	0.0003479276957
214422	0.0003296370384
214423	0.0003027407757
214424	0.0002330893556
214425	0.0002084946321
214426	0.0001670319269
214427	0.0002259184996
214428	0.0002775222524
214429	6.119929186e-05
214430	0.000760336934
214431	0.0005076844471
214432	0.000625264199
214433	0.001115376871
214434	0.0004817023438
214435	0.0004424138378
214436	0.0002609177624
214437	0.0003958504334
214438	9.528990177e-05
214439	2.125116847e-05
214440	0.0007458106777
214441	0.0004178335245
214442	0.0005526818603
214443	0.0003367169769
214444	0.0002590054807
214445	1.712209946e-05
214446	0.001017746212
214447	0.0003897807026
214448	3.372872306e-05
214449	0.0001681110022
214450	0.0003888034062
214451	0.0003373455649
214452	0.0002120530936
214453	0.0002974093719
214454	0.001739818346
214455	0.0006197696472
214456	0.0001930101319
214457	3.893146462e-05
214458	0.0001038191673
214459	0.0008581192207
214460	0.0005542012726
214461	0.000277179964
214462	0.0001249212204
214463	0.0004498804753
214464	0.0003216058366
214465	0.0006963855906
214466	0.0003790732698
214467	0.0003257802982
214468	0.000436137474
214469	1.929972061e-05
214470	0.0006919153999
214471	0.0008080088767
214472	0.001064400916
214473	0.00123705088
214474	5.042530201e-05
214475	0.0006491179182
214476	0.0003031827507
214477	0.0006303770838
214478	0.000287183222
214479	0.0002039036052
214480	0.0001536710053
214481	5.80281262e-05
214482	0.0001046913161
214483	0.0005434213042
214484	0.0009476973401
214485	0.0003940645833
214486	5.944904736e-05
214487	0.0002240902353
214488	0.0004601263369
214489	0.0002232139376
214490	0.0001635017688
214491	5.689261148e-05
214492	4.443317409e-05
214493	0.0008565875488
214494	0.0004633838791
214495	5.343733878e-05
214496	0.0007807916909
214497	0.0008622925052
214498	0.0005446622622
214499	0.0004686928383
214500	0.0002103273051
214501	0.0007477369362
214502	0.0004296017658
214503	0.000354172428
214504	0.0008863846756
214505	0.0004011667302
214506	0.0004253307835
214507	0.0005292423411
214508	0.0003723004725
214509	0.000571481326
214510	0.0005928833619
214511	4.730266338e-05
214512	0.001183908541
214513	0.0001012382183
214514	0.0002973861895
214515	7.393288036e-05
214516	0.0002596695528
214517	0.0003134897538
214518	0.0005937568061
214519	0.0005919931112
214520	0.0007787583586
214521	0.0005925641467
214522	2.527187355e-06
214523	3.908011166e-05
214524	0.0002600194604
214525	0.000240872349
214526	0.0005765580989
214527	0.0004284634802
214528	3.260777708e-05
214529	0.0007518002264
214530	0.0005873422257
214531	0.0009317319843
214532	0.002857703442
214533	0.0004610252358
214534	0.001578684634
214535	0.0001624270288
214536	0.0004739670877
214537	0.0008704277991
214538	2.907469115e-05
214539	0.0005908994372
214540	0.0003714816608
214541	0.0004414496116
214542	0.0003780159751
214543	0.0001992782721
214544	0.000431470465
214545	0.0006140620795
214546	0.0001828846813
214547	0.0008729452491
214548	0.003530020013
214549	0.0001782303975
214550	0.0009252231682
214551	0.000594176123
214552	0.0002305386621
214553	0.0002178450074
214554	0.0006082434566
214555	0.0007819470276
214556	0.000890612139
214557	0.001494421808
214558	0.0001127857594
214559	7.978888487e-05
214560	0.0001258743614
214561	0.0001973548828
214562	0.000202964613
214563	0.0001550283832
214564	0.0003097844539
214565	4.574343283e-05
214566	0.0006988780278
214567	1.197959404e-05
214568	0.001016979535
214569	0.0002283295396
214570	0.0001281302563
214571	4.648028982e-05
214572	0.0005191985409
214573	0.0001823392601
214574	0.0003106926379
214575	0.0001861131738
214576	0.0007154309166
214577	0.0006658245706
214578	0.0001697127876
214579	0.0002432128818
214580	7.330220103e-05
214581	0.0002952453524
214582	0.0003196875689
214583	0.0007636810075
214584	0.0005467241935
214585	0.0007973541878
214586	0.000331686799
214587	0.0006109603428
214588	0.0004424463119
214589	0.0005946672553
214590	0.0007989393756
214591	0.0006053825406
214592	0.0006524750097
214593	4.039822925e-05
214594	0.0005977561167
214595	0.0008888677325
214596	0.0001297488127
214597	0.000624042269
214598	0.0003386876899
214599	0.000375579116
214600	0.000567552836
214601	0.0003728957491
214602	0.0003226281208
214603	0.0003925980963
214604	0.0007079526833
214605	0.0002745524915
214606	0.0002151021115
214607	0.0004836693377
214608	0.0002935880897
214609	0.0006531121377
214610	0.001199153296
214611	0.002805880677
214612	0.0008473834692
214613	0.001908397855
214614	0.002950898842
214615	0.0001343818228
214616	2.305811025e-05
214617	0.0007667799582
214618	3.203935207e-05
214619	0.0009306367558
214620	7.928386441e-05
214621	0.003398248628
214622	0.0006643920753
214623	0.0009676674054
214624	0.0008210764558
214625	0.0004437319156
214626	0.002382537755
214627	0.0003928201678
214628	0.003322473915
214629	0.002089552019
214630	0.000133909575
214631	0.001534832832
214632	0.00112852094
214633	0.000911505258
214634	0.001327864896
214635	0.003771822495
214636	0.001172861218
214637	0.003885025688
214638	0.002952473965
214639	0.002087100586
214640	0.002265895632
214641	0.0006087250231
214642	0.001224538576
214643	0.001021049809
214644	0.001715279534
214645	0.001464394749
214646	0.0001982633479
214647	0.004177457747
214648	0.007212384885
214649	0.001241580136
214650	0.0009008379315
214651	0.0006379499864
214652	0.0008656011201
214653	0.001656038311
214654	0.001352830432
214655	0.0003329933238
214656	0.002665222524
214657	0.002994092217
214658	0.001566579709
214659	5.660093525e-05
214660	0.0001084659437
214661	0.0001088446476
214662	0.001269761472
214663	0.001823524753
214664	0.001609467729
214665	0.001778823955
214666	0.002905393248
214667	0.0007510890702
214668	0.0004492250233
214669	0.0009845084405
214670	6.294071391e-05
214671	0.001610108059
214672	0.0005535240091
214673	0.001449829318
214674	4.14805552e-05
214675	0.001738134237
214676	0.0001710996345
214677	0.0002786597517
214678	0.001121100142
214679	0.002029264416
214680	0.0007226028166
214681	0.0003200590124
214682	0.001380827149
214683	0.001004191631
214684	0.0008963828143
214685	0.0002536925884
214686	0.002605336637
214687	0.0003063481509
214688	0.002078559656
214689	0.0006448365203
214690	0.001218227896
214691	0.001584067907
214692	0.0009804190373
214693	0.0007571325709
214694	0.001372705866
214695	0.001736818107
214696	0.0005116017486
214697	0.002863150618
214698	0.002408951388
214699	0.0004432066451
214700	6.076522978e-05
214701	0.0003782759548
214702	0.001715915957
214703	0.00178819334
214704	0.0002397291764
214705	0.001527912078
214706	0.0009284426615
214707	0.001322381254
214708	0.0002231560154
214709	0.001991034269
214710	0.0002544380707
214711	0.002181719973
214712	0.0006931918107
214713	0.0005121797225
214714	0.001539864214
214715	0.002321740288
214716	0.001742819889
214717	0.002207623281
214718	0.0006250560394
214719	0.0007143982378
214720	0.0002241859221
214721	0.0001052856824
214722	0.000599047973
214723	0.001800383269
214724	0.0009654090927
214725	0.0004565791093
214726	0.0001323321943
214727	0.0002790317955
214728	0.003038683553
214729	0.001314587174
214730	0.0009428631766
214731	1.45399318e-05
214732	0.0002096295751
214733	0.0009659722177
214734	0.0004275773746
214735	0.000441901663
214736	0.003274427435
214737	0.0007560458526
214738	0.001521438671
214739	0.0007967541973
214740	0.001812435966
214741	0.0001431418216
214742	0.00215037167
214743	0.001538656594
214744	0.004234373164
214745	0.001040017175
214746	0.002662884778
214747	0.0006855144288
214748	0.000775956041
214749	0.002122892743
214750	0.001153815354
214751	0.0004003410908
214752	0.001123165155
214753	0.001059542888
214754	0.0005556350097
214755	0.0005550353248
214756	0.002638294813
214757	0.003104333558
214758	0.00140141951
214759	0.002506171611
214760	0.0003527024614
214761	0.0005703562724
214762	0.001815696431
214763	0.000514254724
214764	0.0003927508744
214765	0.002742288776
214766	0.002534297605
214767	0.001731508257
214768	0.0002590142205
214769	0.0001414507188
214770	0.0003053760292
214771	0.001379706609
214772	0.0002855951753
214773	0.001258568538
214774	0.002337079294
214775	0.0002080499398
214776	0.001086557622
214777	0.002151616302
214778	0.001136667744
214779	0.002268965912
214780	0.0004832730978
214781	0.002665485848
214782	0.0003198651794
214783	0.0005696323508
214784	0.003716726184
214785	0.0007555230778
214786	0.0006713512441
214787	0.0003568392682
214788	0.001569244946
214789	0.0007181280833
214790	0.000259262774
214791	1.977075074e-05
214792	0.0004981580933
214793	0.0006158311288
214794	0.00015401859
214795	0.000606812977
214796	0.0005913798729
214797	0.0006372944206
214798	0.0009564171186
214799	0.0005291703393
214800	0.0004158910285
214801	0.001026945176
214802	8.920815172e-05
214803	0.0005001982382
214804	0.000351919325
214805	0.0005803399523
214806	0.0005937245426
214807	0.0004048884786
214808	0.0005359300736
214809	0.0007579050814
214810	0.0003612997079
214811	0.0002852421321
214812	0.000562811627
214813	0.0002592305079
214814	0.0007137053649
214815	0.001350061189
214816	0.000396990447
214817	0.0004198677026
214818	0.00101834536
214819	0.0009471417775
214820	0.001156443052
214821	7.054109761e-05
214822	0.000895188571
214823	4.786557165e-05
214824	0.0004337910302
214825	0.001183377845
214826	0.0002078342882
214827	0.0002762596097
214828	7.107052726e-05
214829	6.666687132e-05
214830	0.000348367895
214831	0.0008603041318
214832	0.0001525541395
214833	0.0004234473041
214834	0.0004577168222
214835	0.0002200209302
214836	0.0005146266336
214837	0.0005948997554
214838	0.0007800017968
214839	0.0006200875001
214840	0.000862094934
214841	0.0009311986147
214842	0.0004809845926
214843	0.0004819767541
214844	0.001401883858
214845	0.000421028054
214846	0.0001933504716
214847	0.0001552273659
214848	0.0001147356494
214849	0.0002685152556
214850	0.0003568390113
214851	0.001192255551
214852	0.0006799724608
214853	0.0001177761788
214854	0.0003372187101
214855	0.0002401666814
214856	0.000342397079
214857	9.39759062e-05
214858	0.0003626214069
214859	0.0006579872784
214860	3.736548837e-05
214861	0.0004388940878
214862	0.0004787730694
214863	9.204346531e-05
214864	4.932290762e-05
214865	0.000173743717
214866	7.758545624e-05
214867	0.0001794783459
214868	0.0005482511187
214869	0.0002683915048
214870	8.141302528e-05
214871	0.0001961094326
214872	0.0007151539693
214873	0.0004377205405
214874	8.478479233e-05
214875	0.002219123181
214876	0.0001917239829
214877	0.000563908985
214878	0.0002529637977
214879	0.0001372155517
214880	0.0005411116166
214881	0.0005191032136
214882	3.52051798e-05
214883	0.0002468040803
214884	0.0002398746816
214885	0.0008643186003
214886	0.0004198246564
214887	0.0002524362553
214888	0.0002829468593
214889	0.0002960400849
214890	0.0001186682112
214891	0.000232671269
214892	0.0002588942356
214893	0.002889612032
214894	0.002248499657
214895	0.00150430633
214896	0.004584813033
214897	0.0002296070868
214898	7.629658961e-05
214899	0.0001697286533
214900	0.001256357695
214901	3.760505821e-05
214902	1.003685509e-05
214903	0.001582466694
214904	0.0006463603972
214905	0.001429429465
214906	0.0002545420977
214907	0.0002441897082
214908	0.000139946647
214909	0.001481494658
214910	1.74455745e-05
214911	0.0001922594976
214912	0.0005195870305
214913	0.004137195972
214914	0.001621933018
214915	0.00102696903
214916	0.0009140767421
214917	0.001199610007
214918	0.0001956179319
214919	0.0004087730327
214920	0.00268476262
214921	0.0009375191007
214922	0.001428974208
214923	0.0001828651673
214924	0.0001867836321
214925	0.003486115987
214926	0.002036310636
214927	8.490169124e-05
214928	0.002171195359
214929	0.0001028488428
214930	0.002486029034
214931	0.0005971050043
214932	0.0002327910627
214933	0.001208468347
214934	0.001877487842
214935	0.001712009744
214936	0.001556858574
214937	0.0001230036364
214938	0.0005651412006
214939	0.0005772631576
214940	0.001112036725
214941	0.0002265654448
214942	0.0003130612113
214943	0.0003517574776
214944	0.001072276692
214945	0.000284107149
214946	0.0006209174898
214947	0.0001663212871
214948	0.0006915367336
214949	0.0005694281795
214950	0.0005553056325
214951	0.0006489067675
214952	0.0002040148971
214953	0.0003911408427
214954	0.0003051016458
214955	0.0001093800821
214956	7.504097262e-05
214957	0.0001091936187
214958	0.001265100376
214959	0.0003942001643
214960	0.0004173719749
214961	0.002405021797
214962	1.153741749e-05
214963	0.000489315419
214964	9.457820282e-05
214965	0.0007312458847
214966	0.0001639022992
214967	6.989175721e-05
214968	0.0005230472652
214969	0.000628894118
214970	0.0007897392581
214971	0.0005100451208
214972	7.681080764e-05
214973	4.526351051e-05
214974	0.0007607307654
214975	1.585305187e-05
214976	0.0005813727135
214977	1.471694549e-05
214978	0.0007135490607
214979	0.0003778382332
214980	0.0001870444778
214981	0.0006757901238
214982	0.0002654371511
214983	0.001311441287
214984	0.0009927752636
214985	0.001213912378
214986	0.004359366408
214987	0.0002882293475
214988	0.005061799812
214989	0.0003506527791
214990	0.004483423299
214991	0.001103874257
214992	0.002538740149
214993	0.00437056915
214994	7.462078309e-05
214995	0.001069271893
214996	0.001159231489
214997	0.001421457258
214998	0.003024082668
214999	0.002913578284
215000	0.001008907744
215001	0.000226747767
215002	0.0004660939193
215003	0.0006374817146
215004	0.002308666308
215005	0.003281692123
215006	0.000152045993
215007	1.338632579e-05
215008	0.004510096619
215009	0.0005915099241
215010	0.002740642179
215011	0.0002106016686
215012	0.0008812945137
215013	0.001010816779
215014	0.0002359867395
215015	0.002651252526
215016	0.001131142447
215017	0.001213592543
215018	0.001766408339
215019	0.0002519496372
215020	0.001267947662
215021	0.002488506108
215022	0.001920528017
215023	0.003347256953
215024	0.003117996842
215025	0.0009218738639
215026	0.003840553877
215027	0.002041328482
215028	0.0002414741244
215029	0.001114827249
215030	0.001758091862
215031	0.001123559244
215032	0.004078744166
215033	0.0007342816781
215034	0.00462805759
215035	0.003579635771
215036	0.0006926056427
215037	0.002799012339
215038	0.001060461021
215039	0.002606681517
215040	0.002200785955
215041	0.002117999702
215042	0.001998250381
215043	0.0008573282652
215044	0.001579635391
215045	0.0008997507901
215046	0.0004627082883
215047	0.00127219598
215048	0.0009138292044
215049	0.002482346803
215050	0.00155569839
215051	0.0006720680681
215052	0.000237304521
215053	2.64754796e-05
215054	0.002140197036
215055	0.001409048594
215056	0.001840840181
215057	0.003811352253
215058	0.001230005671
215059	0.004550903706
215060	7.072822021e-05
215061	0.002256365116
215062	0.002934105734
215063	0.0004398597948
215064	0.003733861458
215065	0.003322796749
215066	0.00258954504
215067	3.539170268e-06
215068	0.0002919043391
215069	8.69814637e-05
215070	0.0002029090502
215071	0.0008396060509
215072	0.002621412315
215073	0.0005549385659
215074	6.790398298e-05
215075	0.0006975124553
215076	0.003342676862
215077	5.120668084e-05
215078	0.003589044658
215079	0.0001376514777
215080	0.001070746686
215081	0.0002142862531
215082	0.004722935378
215083	0.00477244458
215084	0.002518399386
215085	9.773548943e-05
215086	0.003416308592
215087	0.001057767867
215088	0.001462911847
215089	0.002923700646
215090	0.001282660121
215091	0.001187079821
215092	0.001233577071
215093	0.002661001445
215094	0.0004618694775
215095	0.0003026088737
215096	0.0002967278941
215097	0.002848391362
215098	0.002046498984
215099	0.0003817887959
215100	0.002937606265
215101	0.0005887042915
215102	0.0006042555053
215103	0.002908055798
215104	0.003642808835
215105	0.0002195733902
215106	0.001038588249
215107	0.002213405758
215108	0.0005879014966
215109	0.0005355964623
215110	0.0008081685471
215111	0.001300647966
215112	0.0007131327467
215113	0.005380590622
215114	0.001916299942
215115	0.00043947265
215116	0.004955014072
215117	0.0004728832272
215118	0.0008651925127
215119	0.002510238235
215120	0.0006109539404
215121	0.0006252458598
215122	0.001337622494
215123	0.001140976223
215124	0.002252935418
215125	0.002470456615
215126	0.0003738397686
215127	0.002055776588
215128	0.002975323897
215129	0.004512086496
215130	0.0002881400892
215131	0.0009493040176
215132	0.002062548599
215133	0.001486060471
215134	4.185383736e-05
215135	0.0008278914028
215136	0.00132817776
215137	0.0006448767674
215138	0.002129188311
215139	0.003920570811
215140	0.000285551094
215141	0.001292446962
215142	0.001760507333
215143	0.0001889922257
215144	4.820772043e-05
215145	0.0004776319868
215146	0.002651083758
215147	0.001884240749
215148	0.003114221319
215149	0.002305347815
215150	0.0004563043763
215151	0.0005740920712
215152	0.001795076778
215153	0.0003439601361
215154	0.002339093267
215155	0.001085368712
215156	0.003007598189
215157	0.003824123513
215158	0.0007145756479
215159	0.00495394663
215160	0.004552561069
215161	0.002436237263
215162	0.0066198734
215163	4.989722078e-05
215164	0.001604874672
215165	0.001297558716
215166	0.0001093529794
215167	0.00114560747
215168	0.002425364708
215169	0.00240177789
215170	0.002766747112
215171	0.001393723257
215172	0.0003895379347
215173	0.001714176625
215174	0.0009619939068
215175	0.002071432234
215176	0.002553761887
215177	0.0003777494065
215178	0.002739262743
215179	0.002031244395
215180	0.002787342165
215181	0.003286697531
215182	0.003236689705
215183	0.001372945296
215184	0.003788572381
215185	0.001210579687
215186	0.0005546439386
215187	0.003809036997
215188	0.0004305865272
215189	0.0006901352173
215190	0.0003781057918
215191	0.001267267348
215192	0.0008107005013
215193	0.0009258239408
215194	0.002374885549
215195	0.0002243276211
215196	0.001803307824
215197	0.001281295676
215198	0.0003079589473
215199	0.0002822738927
215200	0.0003351130098
215201	0.0006800472553
215202	0.003857171742
215203	0.0007532848229
215204	0.002461097046
215205	0.002020476413
215206	0.004240890171
215207	0.002444916383
215208	0.0003028025617
215209	0.0003546130794
215210	0.0006267282995
215211	0.0001419183849
215212	0.001747665897
215213	0.002537101577
215214	0.002994983665
215215	0.004064563507
215216	0.001302529248
215217	0.001271164766
215218	0.0005091870049
215219	0.001457453632
215220	0.004919956494
215221	0.0002998463001
215222	0.003159251743
215223	0.00185736925
215224	0.001765201323
215225	0.002112877043
215226	0.001257923104
215227	0.001540264625
215228	0.0003781076859
215229	0.002204867699
215230	0.0009157637162
215231	0.002727669646
215232	0.0005312048205
215233	0.002173535478
215234	0.0009930180041
215235	0.001806893488
215236	0.001316596779
215237	0.003321584709
215238	8.946997616e-05
215239	0.002646371525
215240	0.001074931236
215241	0.001601132726
215242	0.0008368075378
215243	0.002423940939
215244	0.001671344513
215245	0.005055339852
215246	0.001988745991
215247	0.0008496158955
215248	0.0002134251464
215249	0.0001554897008
215250	1.322560121e-05
215251	5.36489747e-05
215252	0.0009204796031
215253	0.000206503966
215254	1.174294584e-05
215255	0.0008777479592
215256	0.0002199842104
215257	0.0003556419916
215258	6.331735273e-05
215259	0.001478306163
215260	0.0004840618846
215261	0.0007487792038
215262	0.0002165929642
215263	0.0009487836539
215264	0.0007762680859
215265	0.0005215537852
215266	0.001055951548
215267	0.0006190226248
215268	0.0005850800916
215269	0.0003130657758
215270	0.001123455091
215271	0.001291927823
215272	0.0003997645666
215273	0.001443952755
215274	8.829770465e-05
215275	0.003482028589
215276	0.001290825322
215277	0.001128464885
215278	0.0002259493098
215279	0.001911265228
215280	0.0002954719082
215281	0.005635328344
215282	0.002087629714
215283	0.00240898162
215284	0.001377382453
215285	0.001147718354
215286	0.0006161325213
215287	0.002479301369
215288	0.002615096348
215289	0.003219913501
215290	0.007259102
215291	0.001561446608
215292	0.004774958859
215293	0.001352095033
215294	9.200048832e-05
215295	0.002749499899
215296	0.0006573546572
215297	0.0004837719289
215298	0.001740201627
215299	0.003284334863
215300	0.0009390708214
215301	0.001221482522
215302	0.0007437743876
215303	0.003135555335
215304	0.001757802891
215305	0.002267499554
215306	0.0007158652801
215307	0.0009813926974
215308	0.003805254906
215309	0.002085198687
215310	0.002209425756
215311	0.000964678448
215312	0.003335872927
215313	0.000439132393
215314	0.0001390677169
215315	0.001899119665
215316	0.006140103116
215317	0.001658853341
215318	0.002817618861
215319	0.0006014086088
215320	0.001458380887
215321	0.002058676759
215322	0.006005024829
215323	0.003102677459
215324	0.0008242486911
215325	0.0004448482711
215326	0.00280151221
215327	0.001554614327
215328	0.00298636822
215329	0.001377739781
215330	0.00330389876
215331	0.0009166708231
215332	0.001157106843
215333	0.003455251694
215334	0.003191853158
215335	0.005639388159
215336	0.001721975843
215337	0.0008075982657
215338	0.002743034221
215339	0.001387174879
215340	0.001998534685
215341	0.0008534068111
215342	0.003143612825
215343	0.0003718589475
215344	0.0005490876275
215345	0.00501079681
215346	0.001959230938
215347	0.002909599739
215348	0.003525966034
215349	0.004933892356
215350	0.001102213237
215351	0.0008491086805
215352	0.001199971363
215353	0.001468990253
215354	0.003699209269
215355	0.0003269482167
215356	0.002047376162
215357	0.003837867434
215358	0.00380369166
215359	0.001305961831
215360	0.0007495760827
215361	0.001164675142
215362	0.002746779601
215363	0.002116242711
215364	0.002580286545
215365	0.004055998064
215366	0.001190387785
215367	0.00039612961
215368	0.00216980041
215369	0.0006440238432
215370	0.005037486636
215371	0.00209622216
215372	0.003572574269
215373	0.000882454317
215374	0.001458117027
215375	0.0007102856024
215376	0.001032450403
215377	0.001718370654
215378	0.005653977111
215379	0.001707441992
215380	0.001029719554
215381	0.002538605051
215382	0.0006302814387
215383	0.0009971372934
215384	0.005249592459
215385	0.0005704732045
215386	0.001241996713
215387	0.0016376491
215388	0.0006379070839
215389	0.00636378485
215390	0.001700591005
215391	0.0008719298953
215392	0.002795815506
215393	0.001640284296
215394	0.002969621464
215395	0.0007220523091
215396	0.001637067309
215397	0.0007100666586
215398	0.0002354706817
215399	0.002075012082
215400	0.001942400037
215401	0.003501429058
215402	0.004200845733
215403	0.002321070533
215404	0.0004363659031
215405	0.001333481263
215406	0.0007513700989
215407	0.0009706326855
215408	0.00114464246
215409	0.0007057488439
215410	0.0001317360788
215411	0.001140024827
215412	0.002851163903
215413	0.002507704512
215414	0.0001983552068
215415	0.0007375064013
215416	0.003004158781
215417	0.005547750425
215418	0.001619680229
215419	0.006361303878
215420	0.0006225911203
215421	0.0008554817042
215422	0.004236523674
215423	0.0003935548653
215424	0.007535433164
215425	0.000364153243
215426	0.003077678868
215427	0.002782109637
215428	0.003930358832
215429	0.0004366241687
215430	0.002517700672
215431	0.00177629294
215432	0.002312087482
215433	0.0002979485879
215434	0.001259194866
215435	2.779682416e-05
215436	0.003129592089
215437	0.0005027922662
215438	0.0009725114152
215439	0.003459411907
215440	0.007589551313
215441	0.005281894375
215442	0.003183949007
215443	0.002658528808
215444	0.003065208507
215445	0.0007861898952
215446	0.00440829889
215447	0.001350612045
215448	0.002673158911
215449	0.001760368318
215450	0.01097232145
215451	0.003339932853
215452	0.00236198545
215453	1.837421819e-06
215454	0.0009754587376
215455	6.315754256e-05
215456	0.0007279301732
215457	0.002667547027
215458	0.003382011055
215459	0.003836460397
215460	0.003483496595
215461	0.001111626655
215462	0.001618090115
215463	0.002147150212
215464	0.003448609003
215465	0.0007161723714
215466	0.004235212492
215467	0.003190627724
215468	0.008492541434
215469	0.006271300481
215470	0.000170967371
215471	4.653812853e-05
215472	0.004646385012
215473	0.006607775009
215474	0.001368332878
215475	0.007727089858
215476	0.001699596001
215477	0.003570852473
215478	0.0001181229021
215479	0.0002013628768
215480	0.003293854729
215481	0.003819769485
215482	0.002521680771
215483	0.001275916518
215484	0.005009341218
215485	0.001650594047
215486	0.001878829902
215487	0.001087235358
215488	0.0005970327409
215489	0.0003474986987
215490	0.003230915576
215491	0.0002096725996
215492	0.0004557664004
215493	0.002067042658
215494	0.001543067012
215495	0.002809786734
215496	0.005709120373
215497	0.0007713116258
215498	0.0007605570645
215499	0.0009827501727
215500	0.001224789337
215501	0.002597780473
215502	0.001505454939
215503	0.0004113995058
215504	0.0006691342196
215505	0.0006715951548
215506	0.001011726668
215507	0.0001165503825
215508	0.0007378771744
215509	0.001746341574
215510	0.0002831994091
215511	0.0005066375683
215512	0.002989785282
215513	0.0008053355824
215514	0.000570126703
215515	0.0003936217666
215516	0.0002340277377
215517	0.0004077095507
215518	0.002773370876
215519	4.479015219e-05
215520	0.00597891814
215521	0.0005425532548
215522	0.0008180440873
215523	0.0002292777138
215524	9.43549499e-05
215525	0.0004716224378
215526	0.0001756235567
215527	0.0008338589375
215528	0.0009801866886
215529	0.0002257489084
215530	0.0004628067318
215531	0.0008996863634
215532	7.621238654e-05
215533	0.0002408982411
215534	0.0006058016072
215535	0.0003609729493
215536	0.0001429177884
215537	0.0005153031069
215538	0.0008770722647
215539	0.0003124857664
215540	0.0005057726615
215541	0.0005882957967
215542	0.0007258669333
215543	0.0003670153555
215544	0.0008514907596
215545	0.000499899491
215546	0.0004481214475
215547	0.0003156648418
215548	0.000975763649
215549	0.00122173405
215550	0.00110510357
215551	0.000818247444
215552	0.0001725110762
215553	0.0004741626186
215554	0.0007436867066
215555	0.0005553587814
215556	0.00126926831
215557	0.0003734413595
215558	0.0004275769563
215559	0.0006130558749
215560	9.636506628e-05
215561	0.001664232919
215562	0.0003713774113
215563	0.0007209183235
215564	0.0009964031294
215565	0.001370703587
215566	0.0002331980878
215567	0.001004585767
215568	0.0003798838777
215569	0.0008199110751
215570	0.0003991537748
215571	0.0008377325542
215572	0.0005777278782
215573	0.0007865517096
215574	0.001458917571
215575	0.0002221435929
215576	0.0007546552576
215577	0.001149787291
215578	0.0008748705564
215579	7.742034163e-05
215580	0.001074816539
215581	0.0003050990627
215582	0.001214692011
215583	0.0007641924833
215584	0.0006466378275
215585	0.0001986517621
215586	0.0001802725069
215587	0.0008097099281
215588	0.0001277728901
215589	0.0004132534338
215590	0.0006804583815
215591	0.001175736969
215592	0.0006644599714
215593	0.0005104438696
215594	0.0007227632413
215595	8.585935589e-05
215596	0.0006564874903
215597	0.0006756234904
215598	0.0005500922928
215599	0.0001972371637
215600	0.0008220283322
215601	0.0003475782117
215602	0.0009687838739
215603	0.0007335878222
215604	0.0005875487854
215605	0.000805467238
215606	0.0002670150681
215607	0.0001397258779
215608	0.0008144145953
215609	0.0001177345524
215610	0.0005292889212
215611	0.0004853094829
215612	0.0009156453895
215613	0.0008373856011
215614	0.0009016334485
215615	0.0008531288943
215616	0.0004544313322
215617	0.0005943085778
215618	0.0003540373691
215619	0.0008351462293
215620	0.0001026131082
215621	0.0008894355159
215622	0.00101843845
215623	0.0005296943127
215624	0.001077832288
215625	0.0002896541103
215626	0.000902372412
215627	0.0002745826384
215628	0.0006826867381
215629	0.0005341063359
215630	0.0002462896384
215631	0.001128958008
215632	0.001214858666
215633	0.0008957884726
215634	0.0003464768659
215635	0.0001940672653
215636	0.0003772977017
215637	0.0005689372415
215638	0.0004104171689
215639	0.001070355027
215640	0.0006664143779
215641	3.26541572e-05
215642	0.001129212027
215643	0.0002977832865
215644	0.001196301024
215645	0.0008751740257
215646	0.0003221705049
215647	0.0005748843914
215648	0.001031414957
215649	0.0008223334679
215650	0.001479807443
215651	0.0002607214731
215652	0.0006119579681
215653	4.668028429e-05
215654	0.0003567218685
215655	0.0006578153135
215656	0.0002755082756
215657	0.001556003558
215658	0.000747798834
215659	0.0004163745237
215660	0.0005241292892
215661	0.002013896874
215662	0.0001891953297
215663	0.002212679154
215664	0.001273228631
215665	0.000778132736
215666	0.0007723253743
215667	0.001032630111
215668	0.000486073028
215669	0.0009185690961
215670	0.001102943772
215671	2.932780195e-05
215672	0.0005087005734
215673	0.00243003319
215674	0.0002774311746
215675	0.0007799377145
215676	0.0009039538741
215677	0.0002342033499
215678	0.0007900140663
215679	0.00097816858
215680	0.0005683852325
215681	0.0009473948878
215682	0.0006517670362
215683	0.0006372381657
215684	0.0002868976518
215685	0.0005487151831
215686	0.001138822481
215687	0.0004379088677
215688	0.0002551091875
215689	0.0002405521242
215690	0.0003956894511
215691	0.0006935796173
215692	0.0002810667036
215693	0.0006927401273
215694	0.001237289081
215695	0.0006386016832
215696	0.0007184329891
215697	0.0008700040062
215698	0.0007739314596
215699	0.000640609716
215700	0.0008380365331
215701	0.0002559730209
215702	0.001041904089
215703	0.0006647078241
215704	0.0009304473029
215705	0.0005404373131
215706	0.0004850085877
215707	0.0009805141806
215708	0.001280603672
215709	0.0003357447498
215710	0.0008158809806
215711	0.0009533260901
215712	0.0004466586127
215713	0.001426478646
215714	0.000373737998
215715	0.0006413089888
215716	0.0006679969022
215717	0.0009519615898
215718	0.0008181749268
215719	2.144647593e-05
215720	0.0001499754146
215721	0.0007310367694
215722	0.0009655243732
215723	0.0008496518075
215724	0.0004840021302
215725	0.0002963961937
215726	0.0009639611713
215727	0.002469737144
215728	0.001797778954
215729	0.0009231817901
215730	0.0005559482696
215731	0.0007055193539
215732	0.0004768485476
215733	0.0005513528813
215734	0.0002876132256
215735	0.001056902666
215736	0.0007302932358
215737	0.0005918732892
215738	0.0006910107656
215739	0.0008107849253
215740	0.0001259746357
215741	0.0005514351111
215742	0.0001395676542
215743	0.0007269516739
215744	0.001363361522
215745	0.0007293190195
215746	0.0004630299392
215747	0.0006107721651
215748	0.0006058866377
215749	0.0009910010316
215750	0.0002879145334
215751	0.000502813654
215752	0.0005112222802
215753	0.0006520813061
215754	0.0003176587956
215755	0.0005161110539
215756	0.0009226076141
215757	0.001217767958
215758	0.0004191226286
215759	0.0003137899324
215760	1.652723479e-05
215761	0.0006617942037
215762	0.00111612973
215763	0.0004528017457
215764	0.0002232723189
215765	0.0007408141676
215766	0.001542116522
215767	0.0008608129992
215768	0.0007586546409
215769	0.0002015279401
215770	0.0008556754132
215771	0.0005778554242
215772	0.0004859248583
215773	0.0008569908873
215774	0.0003832051939
215775	0.0002608495419
215776	0.0003694239395
215777	0.0006181676513
215778	0.001236123048
215779	0.001150702666
215780	0.0002101593381
215781	0.0001633852121
215782	0.001211138017
215783	0.000925550487
215784	0.0007075073608
215785	0.0006677169208
215786	0.0009327957845
215787	0.0006203841337
215788	0.001154851183
215789	0.0008485502707
215790	0.0002321825108
215791	0.0004122389994
215792	8.45200012e-05
215793	0.0009596137419
215794	0.0003259408792
215795	0.001149377093
215796	0.0007782956636
215797	0.0006891053212
215798	0.0007340396008
215799	0.001186298571
215800	0.001106810055
215801	0.0003975579508
215802	0.0008427115245
215803	0.0006754559902
215804	0.0001500903692
215805	0.0005148873573
215806	0.001460531113
215807	0.0008875412972
215808	0.0008690430701
215809	0.001830597424
215810	0.0007417345904
215811	0.0005234710147
215812	0.0008200678785
215813	0.0004847695419
215814	0.0003468072134
215815	0.0007511149816
215816	0.000358986984
215817	0.0002673587702
215818	0.0003479682719
215819	0.0001954018667
215820	0.0006196362623
215821	0.0004746907747
215822	0.0009654527353
215823	0.0006322847408
215824	0.0009970763494
215825	0.001285558992
215826	0.000694512077
215827	0.000390889797
215828	0.001038178272
215829	0.0001811592078
215830	0.0005473411373
215831	0.0007186098043
215832	0.0006332935987
215833	0.001276462615
215834	0.0004990577378
215835	0.0003589924619
215836	0.0002201538335
215837	0.0008700362484
215838	0.0002885363597
215839	0.001242003211
215840	0.001716296997
215841	0.0005834490004
215842	0.0005970268258
215843	0.0008003443172
215844	0.0008960262884
215845	0.0002294853463
215846	0.0007112859099
215847	0.004244981556
215848	0.0002422395623
215849	0.001328456254
215850	0.0006987004153
215851	0.0001455942266
215852	0.0003750937056
215853	0.0003496876296
215854	0.0007027194498
215855	0.0007936369475
215856	0.000656594304
215857	0.0002261935842
215858	0.0001605072301
215859	0.0009030701724
215860	0.0005667123216
215861	0.001200162699
215862	4.356499188e-05
215863	0.0001992712474
215864	0.0004927098951
215865	0.001171354216
215866	0.001823308409
215867	0.001694398716
215868	0.001296104567
215869	0.0003133717416
215870	0.0006221152192
215871	0.001738943835
215872	0.0003192831422
215873	0.002487094433
215874	0.001072589813
215875	0.0002710243766
215876	0.0002344952358
215877	0.001775431021
215878	0.001469326407
215879	2.152948343e-05
215880	0.002736424784
215881	0.001171962825
215882	0.0004812158141
215883	0.001519108728
215884	0.0005581731654
215885	0.0002236594609
215886	0.000600962398
215887	0.0006981345674
215888	0.0006566975175
215889	0.0005812220121
215890	0.0006579497396
215891	0.000634551317
215892	0.001163804067
215893	0.0005284589889
215894	0.0009443902044
215895	0.0009546970105
215896	0.0001775365523
215897	0.0006058578938
215898	0.0005396409762
215899	0.000457094936
215900	0.0009885945933
215901	0.000199222571
215902	0.0004781210214
215903	0.00058518428
215904	0.0003045028404
215905	0.0009308776725
215906	0.0001957517863
215907	0.0001729999677
215908	0.0008360948021
215909	0.0008846063499
215910	0.00066237919
215911	0.001434281969
215912	0.001176498107
215913	0.0005228109881
215914	0.002333512168
215915	0.000860355122
215916	0.0008256228299
215917	0.0001740821765
215918	0.0007290399488
215919	0.0008244741274
215920	0.0005032535522
215921	0.0002959439526
215922	0.0002358181092
215923	0.0004908160587
215924	0.001285061649
215925	0.0002841118736
215926	0.0005842739343
215927	0.004796425342
215928	0.0005104439134
215929	0.002139440936
215930	0.0003361650813
215931	0.001688755131
215932	0.0001323393164
215933	0.002116187438
215934	0.0006583449065
215935	0.0006422697171
215936	0.000143298954
215937	0.0004415958179
215938	0.001160469131
215939	0.001581789894
215940	6.797643335e-05
215941	0.002486962475
215942	0.0006543733983
215943	0.00287767846
215944	0.003017943449
215945	0.0004401444352
215946	0.0007077610841
215947	0.000346581487
215948	0.001264224519
215949	0.002735943585
215950	0.0001085009797
215951	0.001148186375
215952	0.00158277206
215953	0.004357336131
215954	0.002200165699
215955	0.001252123272
215956	0.003787898425
215957	0.005140195817
215958	0.0002020833253
215959	0.002493084086
215960	0.0008821535059
215961	0.0002222065094
215962	0.005006023062
215963	0.00396744867
215964	0.0006461168509
215965	0.0005226171636
215966	0.0001861411222
215967	0.006044081212
215968	0.001673008023
215969	0.002561934187
215970	0.007193331189
215971	0.0001895417648
215972	0.002383367773
215973	0.006132710257
215974	0.0004748368445
215975	0.0001559175095
215976	7.140858982e-05
215977	0.001520491614
215978	0.003277904141
215979	0.003819456005
215980	0.00274686536
215981	0.0008218047216
215982	0.0006974817644
215983	3.485013989e-05
215984	0.001233560642
215985	0.002313557052
215986	0.003429032184
215987	0.007058619476
215988	0.001138816485
215989	0.003576508371
215990	0.001301052694
215991	0.0005644671284
215992	0.00113972217
215993	0.0001638168946
215994	0.0004509506193
215995	0.0006494823048
215996	0.0005627882508
215997	0.004038079843
215998	0.0003879530813
215999	0.0001137089666
216000	0.001547178194
216001	0.001719084972
216002	0.0001157453868
216003	0.004552652002
216004	0.002107294309
216005	0.001029422336
216006	0.001058933685
216007	0.001703684289
216008	0.001921217153
216009	0.001184850362
216010	0.0008026803274
216011	0.0004331878445
216012	0.0009844472896
216013	0.003195666896
216014	1.14404e-05
216015	0.001712586149
216016	0.000459285679
216017	0.0009441771724
216018	0.0009835298601
216019	0.001450145804
216020	0.00314668043
216021	0.0002823208666
216022	0.002255257775
216023	0.001297318616
216024	0.00207473257
216025	0.001358882291
216026	0.001601325082
216027	0.002524070907
216028	0.003806610704
216029	0.0004314432156
216030	0.002044868125
216031	0.001403246071
216032	0.00194880096
216033	0.002398337404
216034	0.002278415484
216035	0.000131729758
216036	0.0003938215982
216037	0.0005276350648
216038	0.003745176812
216039	0.002132739922
216040	0.002197580551
216041	0.0004682119653
216042	0.002503611293
216043	0.001199030961
216044	0.0003444340762
216045	0.002456652617
216046	0.002115160826
216047	0.0004056387741
216048	0.0001645852592
216049	0.0005695576093
216050	0.0008328139881
216051	0.0001445855389
216052	0.00249606293
216053	6.236817766e-05
216054	0.0001316959095
216055	0.003316496293
216056	0.0001443514673
216057	0.002834413937
216058	0.002420731008
216059	0.005873741795
216060	0.0005992305851
216061	0.0003024886962
216062	0.007979260251
216063	0.001859268078
216064	0.001347183221
216065	0.000415809605
216066	0.0001715980935
216067	9.355340267e-05
216068	0.0001413926919
216069	0.002218820449
216070	0.002401404718
216071	0.0001026552382
216072	0.001035791067
216073	0.000918827423
216074	0.0009410915006
216075	0.0005577681626
216076	0.003804375729
216077	0.0009208439279
216078	0.0002026295278
216079	0.00271969534
216080	1.73352712e-05
216081	0.00218290958
216082	0.001150234796
216083	0.002077477202
216084	0.0009474300151
216085	0.00310926372
216086	0.002833635829
216087	0.0004009071167
216088	0.0005160067391
216089	0.003470731177
216090	0.0009824496974
216091	0.001869422996
216092	0.002329800337
216093	0.001702767653
216094	0.001427101226
216095	0.0003724783947
216096	0.0001385962051
216097	0.003237499424
216098	0.004103148419
216099	0.0004678778359
216100	0.001710043986
216101	0.0006276848988
216102	0.003916246527
216103	0.0008239460836
216104	0.0008120641538
216105	0.0009476963801
216106	0.0007854990105
216107	0.001572383638
216108	0.001217237952
216109	0.001358997532
216110	0.0005663345825
216111	0.0008539805933
216112	0.0007819731442
216113	0.0009642328149
216114	0.0005118169415
216115	0.0006087315053
216116	0.000643503665
216117	0.0007549902402
216118	0.001199358612
216119	0.0004507418808
216120	0.0006143464174
216121	0.000507808835
216122	0.0005346468182
216123	0.0001122960489
216124	0.0004842901994
216125	0.000205348932
216126	0.0009375676007
216127	0.0008965330689
216128	0.0004053378488
216129	0.0009424404069
216130	0.0008204935884
216131	0.0004597725848
216132	0.0009896989505
216133	0.0009244217663
216134	0.0001566686956
216135	0.0007344950357
216136	0.0006746374013
216137	0.001069434599
216138	0.0006770946491
216139	0.0001382486078
216140	0.0008952350257
216141	0.0007900046899
216142	0.0003802301603
216143	0.0001152169402
216144	0.0006406975558
216145	0.0001087563457
216146	0.0005864616872
216147	0.001282363955
216148	0.0007037004372
216149	0.000668471876
216150	0.000589189012
216151	0.0006409327118
216152	0.001017730253
216153	0.0001694711692
216154	0.0006833904768
216155	0.0009412214815
216156	0.0004742359004
216157	0.0002381875244
216158	7.878719218e-05
216159	0.0004920622375
216160	0.0002598233793
216161	0.0009445614864
216162	0.0005952678427
216163	0.0005476266354
216164	0.0001109769455
216165	0.0006384596887
216166	0.0005168589536
216167	0.0001677827157
216168	0.001084035217
216169	0.001038888699
216170	0.0007475331451
216171	0.0009095017478
216172	0.0006229264885
216173	0.0007736369695
216174	0.001432250431
216175	0.0008182094715
216176	0.0007158530822
216177	0.0008586003064
216178	0.0005623640647
216179	0.0004789716604
216180	0.0006020150082
216181	0.0003192214142
216182	0.001260687235
216183	0.0003688767885
216184	0.0005654980386
216185	0.0004838347189
216186	0.0001821646213
216187	0.0005770883426
216188	0.0006100046025
216189	0.0009004687603
216190	0.001074431621
216191	0.0009140503306
216192	0.0005034593362
216193	0.001463328051
216194	0.0007717918489
216195	0.0005010822001
216196	0.0001491455194
216197	0.0006065029025
216198	0.0008990378651
216199	0.0005680849741
216200	0.0008710498249
216201	0.0003925839053
216202	0.000529817894
216203	0.0003477218109
216204	0.000229344231
216205	0.0003005456847
216206	0.002635782868
216207	0.0003250603903
216208	0.001953418916
216209	0.0001267905675
216210	0.002596654819
216211	0.001111425837
216212	0.0009462172364
216213	0.0004909923017
216214	0.0009620962993
216215	0.002588464801
216216	0.001302327564
216217	0.00156582512
216218	0.0006744401425
216219	0.0007135450966
216220	0.003908796881
216221	0.001098499319
216222	0.0005131406774
216223	0.001775305554
216224	0.0005513045495
216225	0.001307722557
216226	0.0003288451822
216227	0.001059267661
216228	0.0006481162219
216229	0.0002152708174
216230	0.0006602272816
216231	0.003887115559
216232	0.003805225536
216233	0.0006575370834
216234	0.0005947012147
216235	0.0002854675271
216236	0.0006652683793
216237	0.0002836064435
216238	0.0001050815173
216239	0.000174676762
216240	0.001804261727
216241	4.786646347e-05
216242	0.0009584404055
216243	0.0009329418573
216244	0.003133860963
216245	0.0002807982646
216246	0.0006212395827
216247	0.0007758949404
216248	0.0004144407018
216249	0.001462727411
216250	0.0001959900808
216251	0.002250391493
216252	0.0006722142455
216253	0.0004858745295
216254	0.0003936448592
216255	0.0008293635414
216256	0.0004548753539
216257	0.0002611926493
216258	0.0003645641878
216259	0.0008594300566
216260	0.0007597185855
216261	7.215673091e-05
216262	0.0003156295561
216263	0.0002940911024
216264	0.0002810398552
216265	0.0009415245085
216266	0.003209137284
216267	0.001089932791
216268	0.00176913811
216269	0.0002890600846
216270	0.001094362495
216271	0.0003206147604
216272	0.0003145210188
216273	0.0006325619224
216274	0.0008339038816
216275	0.000700715737
216276	0.001349675092
216277	0.0005523011932
216278	0.001007740794
216279	0.0006634352268
216280	0.0006955664954
216281	4.736349255e-05
216282	0.0004457681011
216283	0.000512558349
216284	0.0003749895392
216285	0.0001120409878
216286	0.001169102656
216287	0.0007765904416
216288	0.0006661382233
216289	0.001236738528
216290	0.0009422400529
216291	0.0007762616419
216292	0.0004442139599
216293	0.0006708515882
216294	0.001662031912
216295	0.0005914604389
216296	0.001024011307
216297	0.0005599782982
216298	0.002223995999
216299	0.0009844780252
216300	0.001791627096
216301	0.001358584321
216302	0.0005814231409
216303	0.0027196878
216304	0.001263251362
216305	0.00076129381
216306	0.002754121013
216307	0.00226933272
216308	0.0001048777328
216309	0.0008894205791
216310	0.0001300725704
216311	0.0001071704376
216312	0.001403861195
216313	0.001928667081
216314	0.001430240319
216315	0.007507092043
216316	0.001379774379
216317	0.001196566608
216318	0.006437985876
216319	0.004484838002
216320	0.002065773527
216321	0.0004180612585
216322	0.0003003736339
216323	0.003383694694
216324	0.001019844482
216325	0.0001631590843
216326	0.0009906833289
216327	0.0001443179906
216328	0.0001561461614
216329	0.0007796315777
216330	0.002208009455
216331	0.0001641666721
216332	0.001724157576
216333	9.974646411e-05
216334	0.005069048273
216335	1.045546321e-05
216336	0.00344337324
216337	0.001643515287
216338	0.0007128416437
216339	0.0009723558457
216340	0.003079809401
216341	0.002426287149
216342	0.0005284367172
216343	0.001114752574
216344	0.0006198999962
216345	5.866030423e-05
216346	0.002119437162
216347	0.00105614929
216348	0.0001460600992
216349	0.001311354781
216350	0.006796797989
216351	0.00499455691
216352	0.003134032229
216353	0.0009354481029
216354	0.002771018177
216355	0.007814282024
216356	5.386142154e-05
216357	5.223783126e-05
216358	2.287537691e-05
216359	0.0004276750632
216360	0.0005689694145
216361	0.001448442046
216362	0.001022895504
216363	3.279850246e-05
216364	0.00192173182
216365	0.00254249204
216366	0.0008141419196
216367	0.0005188691178
216368	0.005000921164
216369	0.0004612672893
216370	0.001070946907
216371	0.0001471989795
216372	0.001063521595
216373	0.001908540643
216374	0.00408442898
216375	0.001621363338
216376	0.0004834410637
216377	0.004435667922
216378	0.003878622711
216379	7.514757903e-05
216380	0.001418282892
216381	0.001558808628
216382	0.0002296955178
216383	0.0006561101876
216384	0.0009359247111
216385	0.00134457971
216386	0.002773589831
216387	0.001967247344
216388	0.0001628292749
216389	0.004617646695
216390	0.002278702032
216391	0.0007894865635
216392	0.0004357016052
216393	0.0002009837694
216394	0.003671991344
216395	0.001823442233
216396	0.0009768763705
216397	0.0002283243684
216398	0.0003542413893
216399	0.002464842438
216400	0.00136416568
216401	0.004433302584
216402	0.005082392816
216403	0.00568326632
216404	0.0002287711093
216405	0.002278512647
216406	0.001122733878
216407	0.0005073232211
216408	0.007878783807
216409	0.0001034629824
216410	0.002485991322
216411	0.002828022335
216412	0.0002135329224
216413	0.0001480041407
216414	0.0002222863985
216415	0.002071425028
216416	0.0009006362079
216417	0.0007812546847
216418	0.0009288519931
216419	0.0004173756665
216420	0.0002574841589
216421	0.004349724502
216422	2.566137465e-05
216423	0
216424	0.001462757014
216425	0.004059029501
216426	0.0005839100156
216427	0.0007714869552
216428	0.00342132367
216429	0.002591313572
216430	0.00180655636
216431	0.0002023072506
216432	0.003318693579
216433	0.0008578785585
216434	0.002089190612
216435	0.002987092621
216436	0.0004227071389
216437	0.004936642433
216438	0.003964719683
216439	0.00476501081
216440	0.002222926308
216441	0.0003609184422
216442	0.0008381763425
216443	0.0001192049158
216444	0.005850198219
216445	0.00108909625
216446	0.002811477558
216447	0.001887747882
216448	0.001960992523
216449	0.003284293289
216450	0.0005583218921
216451	0.002657333124
216452	0.001612240328
216453	0.002905675719
216454	9.108608304e-05
216455	0.002490988862
216456	0.002269860317
216457	0.0004319562266
216458	0.002780590773
216459	0.003775628261
216460	0.001017030983
216461	0.00340217412
216462	9.129828687e-06
216463	0.0008605220432
216464	0.0005693569828
216465	0.002136800915
216466	0.002412668293
216467	0.00300218695
216468	0.001279910589
216469	0.003327604888
216470	0.001318386023
216471	0.001553723513
216472	0.00102468249
216473	0.005832491943
216474	0.000111301214
216475	0.001049108997
216476	0.001121765008
216477	0.0002443352391
216478	0.005707601457
216479	0.003067518973
216480	0.0009565593976
216481	0.001179258919
216482	0.003417963825
216483	0.003664128906
216484	0.001189521051
216485	0.001323812312
216486	0.001687643016
216487	0.006462597038
216488	0.0003011261464
216489	0.0003172221803
216490	0.006271017198
216491	0.007420828315
216492	0.00550500714
216493	0.0001758048272
216494	0.004154209599
216495	0.001585678583
216496	0.001404687999
216497	0.002964850213
216498	0.0004453453465
216499	0.002006158131
216500	0.0009664174207
216501	0
216502	0.0006902725171
216503	0.005597003869
216504	0.003461935757
216505	0.001117737813
216506	0.002583048554
216507	0.0004897490165
216508	0.0005378617834
216509	0.0001973248792
216510	0.0005802001726
216511	0.001449587175
216512	7.226275896e-05
216513	0.0004138850061
216514	0.002816337311
216515	0.000313705399
216516	0.001465296095
216517	0.001467017065
216518	0.0006041981775
216519	0.004071260324
216520	0.002459782071
216521	0.002403950648
216522	0.004526998238
216523	0.005122359878
216524	0.005914509565
216525	0.0006381761226
216526	0.00203436702
216527	0.0002458915197
216528	0.000448148601
216529	0.006983999395
216530	0.002685640902
216531	0.003091128201
216532	0.004885773032
216533	0.003922426263
216534	0.002348102547
216535	0.004124159537
216536	0.003874990577
216537	0.0003108744239
216538	0.0004135369973
216539	0.0005477727407
216540	0.004700695893
216541	0.002614088479
216542	0.0005371188596
216543	0.001186279795
216544	0.00204284875
216545	0.0005563664159
216546	0.0005084901829
216547	0.001937895187
216548	0.002956642264
216549	0.001172551973
216550	0.001538238927
216551	0.0002602144828
216552	0.006055068879
216553	0.004967052331
216554	0.00452658132
216555	1.950881789e-05
216556	0.002919456841
216557	0.001429762076
216558	0.0005746948418
216559	0.001188906284
216560	0.005016247492
216561	0.002979067151
216562	0.005845849573
216563	0.0007908958257
216564	0.004617743677
216565	0.001236806485
216566	0.004123755161
216567	0.0002029408005
216568	0.0009664974585
216569	0.0001458396551
216570	0.001966806147
216571	0.0002555830838
216572	0.001723514927
216573	0.002199800988
216574	0.0001895418148
216575	0.003609798909
216576	0.002298589181
216577	0.001751230416
216578	0.001717846699
216579	0.0008722617213
216580	0.0009435128763
216581	0.00163336193
216582	0.001002036359
216583	0.00296907669
216584	0.003588384469
216585	0.004047678244
216586	0.004271882495
216587	0.003115763139
216588	0.00163477972
216589	0.003653140606
216590	0.003281407056
216591	0.001563039183
216592	0.004212704605
216593	0.002807225414
216594	0.002294122087
216595	0.004895757797
216596	0.004135469913
216597	0.002108685105
216598	0.0007591408053
216599	0.004334611624
216600	0.000158031846
216601	0.002943714072
216602	0.002150899698
216603	0.0004565594942
216604	0.0002358747682
216605	0.0009831618089
216606	0.0004172311889
216607	0.001552789515
216608	0.0001315163205
216609	0.001914996816
216610	0.0008107578872
216611	0.001960775646
216612	0.002832829579
216613	0.0009829661911
216614	0.001624320921
216615	0.003736318553
216616	0.0004833854403
216617	0.0003724731369
216618	0.0004706157854
216619	0.002155407544
216620	0.001622094803
216621	0.004189830078
216622	0.0001391346447
216623	0.001965001965
216624	0.002701327026
216625	0.0002689203702
216626	0.005287601247
216627	0.00144322314
216628	0.002944127363
216629	0.005194807162
216630	0.000911918969
216631	0.002017658103
216632	0.005299740603
216633	0.009219691859
216634	0.006318319212
216635	0.006582629502
216636	0.001128145114
216637	0.002797669431
216638	0.0009283689055
216639	0.002479870848
216640	0.0005562706528
216641	0.001804775671
216642	0.0008671148895
216643	0.001610884116
216644	0.002281047722
216645	0.001548000848
216646	9.953487587e-05
216647	0.0002083962895
216648	0.001560181553
216649	0.005681932562
216650	0.001267751986
216651	0.00332165781
216652	0.0005497267075
216653	0.002720516791
216654	0.00562836328
216655	0.002337305679
216656	0.006097995412
216657	0.003834309219
216658	0.0007894528835
216659	0.004008458402
216660	0.0007262140059
216661	0.001755842489
216662	0.003118920564
216663	0.0007501200522
216664	0.004721105236
216665	0.003269588062
216666	0.002204060459
216667	0.001327354636
216668	0.0009837694434
216669	0.005607578718
216670	0.003127839383
216671	0.005392845176
216672	0.002993310573
216673	0.0003149749742
216674	0.01151779949
216675	0.002148942743
216676	0.004944517887
216677	0.0009991043979
216678	0.00319643258
216679	0.004819957395
216680	0.00259145056
216681	0.0013708755
216682	0.0005570736951
216683	0.001190475144
216684	0.002483445619
216685	0.003637530792
216686	0.0007538316124
216687	0.002327806969
216688	0.003356694937
216689	0.002581547985
216690	0.0004331393817
216691	0.004185146148
216692	0.00403894863
216693	0.0008396347842
216694	0.003604568443
216695	0.006482817712
216696	0.0007145984503
216697	0.001373357645
216698	0.003663267822
216699	0.001322286537
216700	0.0002701497499
216701	0.001925016918
216702	0.005060295105
216703	0.0006827327245
216704	1.526188275e-06
216705	0.0006588221662
216706	0.002597209051
216707	0.00405952219
216708	0.001974958378
216709	0.001633955738
216710	0.001307781067
216711	0.005940672215
216712	0.002204134563
216713	0.003065697022
216714	0.004566692891
216715	0.002068076715
216716	0.0003491197882
216717	0.00559835
216718	0.001210587315
216719	0.003859737766
216720	0.002117376466
216721	0.001195186191
216722	0.002727771828
216723	0.004520855097
216724	0.003428920396
216725	0.002946739744
216726	0.006694772469
216727	0.0006165717772
216728	0.002391670158
216729	0.0009311170976
216730	0.006624081339
216731	0.002303818019
216732	0.003013045831
216733	0.0002945659261
216734	0.001180135542
216735	0.006282255196
216736	0.0004609324996
216737	0.004754779964
216738	0.004435690236
216739	2.986020289e-05
216740	0.001501900302
216741	0.0009359779664
216742	0.0005716165435
216743	0.0004234401148
216744	0.0001191094501
216745	0.0004945484963
216746	0.0001678938783
216747	0.0008179224642
216748	0.0004469787524
216749	0.0005715267087
216750	0.0002662420857
216751	0.001909901566
216752	5.234184959e-05
216753	0.005365018152
216754	0.0008564640719
216755	0.0005166313029
216756	0.0003296464647
216757	0.0006438806304
216758	0.0003205340729
216759	8.971051571e-06
216760	0.0003770176949
216761	0.0001765006056
216762	0.0001445701206
216763	0.0005604709443
216764	4.97887099e-05
216765	0.0001952251952
216766	1.502981764e-05
216767	0.0005209946541
216768	0.0002712346452
216769	3.046675795e-06
216770	0.001176899364
216771	8.423457145e-06
216772	0.000499974349
216773	0.0006818662707
216774	0.0004555761708
216775	0.0001781992749
216776	0.001847739489
216777	0.0001550525035
216778	0.0002629249401
216779	0.0006563878758
216780	0.0005157806441
216781	0.0003519988069
216782	0.0004278342516
216783	0.0008612156913
216784	0.0006480309971
216785	1.701042005e-05
216786	4.287392866e-06
216787	0.0006844233625
216788	0.0003825210195
216789	1.597969496e-05
216790	0.000191757497
216791	0.0008145991967
216792	0.0003252307827
216793	0.000501755982
216794	0.0003462169118
216795	1.792278739e-05
216796	0.0001605148745
216797	0.001845912388
216798	0.000348785257
216799	0.0004496793426
216800	0.0006106048306
216801	0.0004828659804
216802	0.001054011826
216803	0.0001615361567
216804	7.078295488e-05
216805	0.0002964049267
216806	0.0005020197225
216807	7.693182085e-05
216808	0.0002179165188
216809	0.0002858459133
216810	0.0009729419926
216811	0.0006514163527
216812	2.043984827e-05
216813	0.0005794319379
216814	0.00201981302
216815	0.0005783142489
216816	0.00027660865
216817	0.0002330648978
216818	0.0001155243991
216819	7.856879503e-05
216820	6.89203068e-05
216821	8.071504073e-05
216822	0.0002471940246
216823	0.0001206067071
216824	0.0002873080613
216825	0.0001155419632
216826	0.005818548854
216827	0.001158565452
216828	0.001910980862
216829	0.0002325190323
216830	8.041672089e-05
216831	0.0003504752708
216832	0.002206311254
216833	0.002965442105
216834	0.002922005147
216835	0.0005357013007
216836	0.001793376761
216837	0.001080784394
216838	0.0001328722561
216839	0.0005556083988
216840	8.250474244e-05
216841	5.855398426e-05
216842	0.0002098825047
216843	0.0001361121617
216844	0.001795686911
216845	0.0006338816202
216846	0.0001936323547
216847	0.0002375618089
216848	0.001003794409
216849	0.0007507649778
216850	0.0009401905037
216851	0.001018323186
216852	0.000319018031
216853	6.746847213e-05
216854	0.0005204157412
216855	0.0001472935559
216856	0.00335921987
216857	9.070339862e-05
216858	0.0001595391295
216859	0.001092256883
216860	0.0006169109571
216861	0.0004415278822
216862	0.0008246848517
216863	0.001301404506
216864	3.987639955e-05
216865	0.0009847775564
216866	0.0004761006245
216867	7.901619031e-05
216868	0.0003657616373
216869	0.001753928838
216870	9.763546355e-05
216871	0.0003873885729
216872	7.190825882e-06
216873	0.002128668803
216874	0.001521313814
216875	0.0003098073019
216876	0.000105054205
216877	1.663774591e-05
216878	2.999701498e-06
216879	0.0005736275502
216880	0.0003632646926
216881	0.0006027356735
216882	0.0002042849854
216883	0.0007921739854
216884	0.0001970409733
216885	0.0004104468745
216886	1.06822006e-05
216887	0.0001798745297
216888	0.0002627690194
216889	0.0003605897303
216890	0.0003840397026
216891	0.0001868235695
216892	0.0004413535687
216893	0.000438855053
216894	0.0005065258427
216895	0.0006426733768
216896	0.0001380444269
216897	0.0001662428852
216898	0.0006039247208
216899	0.000185599769
216900	0.0001783866291
216901	0.0002290424417
216902	7.018169275e-05
216903	0.0003512912043
216904	0.001607336159
216905	0.001258876576
216906	0.001299618555
216907	0.0006435885958
216908	0.0003107714873
216909	0.002452419655
216910	0.0003968378491
216911	4.048777042e-05
216912	9.626604645e-05
216913	0.003773018067
216914	0.0001074926804
216915	0.0001392295636
216916	0.0008863516548
216917	0.000392262424
216918	0.00053619044
216919	0.0003592662744
216920	0.001720934615
216921	0.0003380019034
216922	0.0002117213971
216923	4.488281508e-05
216924	0.001524951709
216925	0.0003405791892
216926	0.0006509032538
216927	0.0005468869223
216928	0.0002044579636
216929	0.0002923458069
216930	0.0006773254111
216931	0.0006693997551
216932	0.000412262221
216933	0.0006804890366
216934	0.001783793909
216935	0.0001969605192
216936	0.0007817493389
216937	0.0002636315458
216938	0.0001619721832
216939	0.001130844856
216940	0.001584642651
216941	7.557504092e-05
216942	0.0002692888621
216943	0.002129514488
216944	7.052432542e-05
216945	0.0002089313235
216946	0.003240520488
216947	7.952716412e-05
216948	0.001425512649
216949	1.17897836e-05
216950	0.0001837829749
216951	0.0005377447337
216952	0.001111083899
216953	0.0001716863162
216954	0.0007123671603
216955	0.000609218839
216956	0.003091977683
216957	8.558947923e-05
216958	4.059785447e-05
216959	0.0005055238959
216960	5.957764531e-05
216961	0.0001060855359
216962	8.339675054e-05
216963	0.0001594189828
216964	0.0002946184477
216965	0.0005786243314
216966	8.261436856e-05
216967	4.483498241e-05
216968	0.001528011168
216969	0.0008238053551
216970	1.560480354e-05
216971	0.004938929046
216972	0.0003773446264
216973	0.0009764716175
216974	3.25212138e-05
216975	0.0005240399006
216976	4.717225328e-05
216977	0.0006039196545
216978	0.0002486147821
216979	0.0001830173224
216980	0.0001242559201
216981	0.0002232893901
216982	9.429304009e-05
216983	2.478753067e-05
216984	0.0005054507016
216985	8.458587547e-05
216986	0.0007331050725
216987	0.0001383070401
216988	0.0001249023161
216989	0.0003672750357
216990	0.000671433735
216991	8.137211297e-05
216992	0.0002046805051
216993	2.636092034e-05
216994	0.000476053227
216995	0.0003093670854
216996	0.000759650698
216997	0.001717149376
216998	0.0004761823056
216999	9.301290743e-05
217000	0.0001709156439
217001	2.990094241e-05
217002	0.0006247755605
217003	4.391639296e-05
217004	0.0008297608243
217005	0.0001838812482
217006	0.003961897121
217007	0.0005431805896
217008	2.440808629e-06
217009	0.0006402195149
217010	0.002487346515
217011	0.0001335933246
217012	0.001166067585
217013	0.001080832731
217014	0.00258019122
217015	0.000725225705
217016	9.992270893e-05
217017	0.0002915173679
217018	0.0001857383813
217019	0.0005461652144
217020	7.660802322e-05
217021	0.0001417979729
217022	7.437920834e-05
217023	0.000134435995
217024	0.0001091342783
217025	0.0006698838729
217026	0.0003232978959
217027	0.00017563605
217028	0.0004996575545
217029	0.0001843536816
217030	0.0001770004901
217031	0.002759856448
217032	0.0003370691727
217033	6.962424195e-05
217034	0.0002478666571
217035	0.000199081125
217036	0.0003608312135
217037	0.0003114743616
217038	0.0002785486134
217039	0.0005787000018
217040	0.0008737125957
217041	0.001031392942
217042	0.0003135051539
217043	0.0001877962884
217044	0.0004337755361
217045	0.0008641798226
217046	0.002312376602
217047	0.002743638878
217048	0.0002207902195
217049	0.0004983197612
217050	0.0007578122166
217051	0.0003246309388
217052	0.00028707935
217053	0.0009559219423
217054	1.460720544e-05
217055	0.0004356434479
217056	0.0001559193696
217057	0.0009129512532
217058	0.0005216074352
217059	0.0005167428641
217060	0.0003230140072
217061	1.944339205e-06
217062	0.0004454601664
217063	0.0007193505617
217064	7.619381387e-06
217065	0.0006028239325
217066	0.0002246678961
217067	0.0004606373752
217068	0.0001115935768
217069	0.001190527324
217070	0.001057654762
217071	0.0004962995327
217072	0.0001186204384
217073	0.0008395058838
217074	9.919583182e-05
217075	0.0005234180644
217076	1.368294709e-05
217077	8.580224824e-05
217078	0.0004074133716
217079	0.0007730759543
217080	0.0001332670672
217081	0.0005765977582
217082	0.0002141507694
217083	0.0008056929352
217084	4.89740229e-05
217085	0.0007090121156
217086	0.0001874317219
217087	0.0007207827855
217088	0.0006168074271
217089	0.000254462957
217090	0.0002850149309
217091	0.000367156289
217092	0.0003614379254
217093	0.0002607237691
217094	0.0008281907996
217095	0.0004533358824
217096	0.0003294498542
217097	2.492874616e-05
217098	0.0005901068244
217099	0.0001689660971
217100	2.535255692e-05
217101	0.0003418870684
217102	0.0001391220866
217103	0.0004030788092
217104	0.0001421779291
217105	0.001326705485
217106	0.0004380665643
217107	0.001243419406
217108	0.0001934881611
217109	8.619720072e-05
217110	0.0004809893431
217111	0.001104576576
217112	0.0002269630465
217113	0.0005827159013
217114	0.0004872883477
217115	0.0008580239081
217116	0.0002943711098
217117	0.0003070123517
217118	0.0008784277266
217119	0.0002324206415
217120	0.0001690173804
217121	0.0001568616866
217122	0.0003588746767
217123	0.0002376397388
217124	0.0002341788028
217125	9.931174784e-05
217126	3.114202259e-05
217127	0.0005662445941
217128	0.0006157927281
217129	0.0005692975133
217130	0.0004622994758
217131	0.0002326462764
217132	0.0004497342164
217133	6.885427842e-06
217134	0.000461680005
217135	0.0002742077079
217136	0.0001576980504
217137	0.0003409396149
217138	4.990265705e-05
217139	0.000674153136
217140	0.0007717415014
217141	0.0003391967285
217142	0.0003543844393
217143	0.0005034770822
217144	5.248757587e-05
217145	0.0002092863318
217146	0.0002920788559
217147	0.0003154008793
217148	0.0002407268799
217149	0.0008956910268
217150	0.0004718509386
217151	0.0009240135083
217152	0.001952314575
217153	0.000207072493
217154	0.000947906107
217155	0.0004992053484
217156	0.0001231700543
217157	3.244207941e-05
217158	0.0002679243945
217159	2.414702236e-05
217160	5.637947189e-05
217161	0.0007291540251
217162	0.0005880556923
217163	0.0004111419099
217164	0.0004282178105
217165	2.040138378e-05
217166	1.04286513e-05
217167	0.001445541516
217168	0.0002825475199
217169	0.0009226604803
217170	0.0003965827675
217171	0.003052438008
217172	0.0003649937627
217173	0.0004119917718
217174	0.0001706885166
217175	0.003274219684
217176	7.103161608e-05
217177	7.732737604e-05
217178	0.0001282136821
217179	5.354273086e-05
217180	0.002189184457
217181	0.0007478794815
217182	0.0005712748158
217183	0.001195277383
217184	0.001217855648
217185	0.000978107618
217186	0.0001782003843
217187	0.002111476946
217188	0.0001140930864
217189	0.0002411018021
217190	0.0004872551463
217191	0.0004596252609
217192	0.0002548452074
217193	0.0004815631358
217194	1.156803379e-05
217195	0.0003716559446
217196	0.0001486268405
217197	0.0001395428817
217198	0.0005828214437
217199	0.000331574226
217200	0.0001670831341
217201	0.0001744992348
217202	0.0005193588004
217203	2.424191275e-06
217204	0.0003915408652
217205	0.0005583342314
217206	0.0003020279233
217207	0.0004694270495
217208	0.001241302642
217209	0.0002033700898
217210	0.0006162282944
217211	0.0002330466165
217212	0.0007675889441
217213	0.000289936979
217214	0.001077630626
217215	9.128076466e-05
217216	0.0003688451805
217217	0.001388858966
217218	0.0003920047023
217219	0.001492119188
217220	6.509564623e-05
217221	0.001371842753
217222	0.00178397196
217223	0.0007920746445
217224	0.000568370218
217225	0.002335283288
217226	0.0003493819215
217227	0.0008079324216
217228	0.000340846337
217229	0.0006641120596
217230	0.0005725525551
217231	0.005253219994
217232	1.419343142e-05
217233	7.772825536e-05
217234	0.001112887351
217235	2.589666333e-05
217236	0.002368854311
217237	0.0006432709417
217238	4.734970748e-05
217239	0.0001724405195
217240	0.0007486401751
217241	0.001333720955
217242	0.0008349306476
217243	0.0004398356783
217244	0.0004737986881
217245	0.0002224692298
217246	0.000212158345
217247	0.0004476659165
217248	0.0006907682363
217249	0.0005818155299
217250	3.153521705e-05
217251	0.0001228890636
217252	0.00105944495
217253	0.0008122844153
217254	0.000192369652
217255	6.579892771e-05
217256	0.0003408186462
217257	0.0001301734214
217258	0.001102690012
217259	0.001045868571
217260	2.452828698e-05
217261	0.0003706429684
217262	0.0002520353889
217263	0.0006753866727
217264	0.0002651279479
217265	9.241277275e-05
217266	6.427929435e-05
217267	3.142243987e-07
217268	0.0003912521571
217269	0.0004162371406
217270	7.716832953e-05
217271	0.0002423467805
217272	3.797318174e-05
217273	0.0005015649278
217274	0.0003950169037
217275	0.0003834487019
217276	0.0007549865038
217277	0.0002700643153
217278	0.002902313733
217279	0.0005549276515
217280	5.771191854e-05
217281	0.0006156192124
217282	5.491382099e-05
217283	0.0004204973621
217284	0.0008866833391
217285	0.001831522048
217286	0.0001238463747
217287	0.001547727935
217288	0.0003024270509
217289	0.002524083543
217290	0.0007070722174
217291	0.0003393905509
217292	0.0003553327902
217293	0.0005212491384
217294	2.710559517e-05
217295	0.0001750007146
217296	0.0002289314796
217297	6.631000987e-05
217298	0.0006466539543
217299	0.001262194244
217300	0.0004888983742
217301	0.0004741155951
217302	0.0001838721729
217303	0.0007292543433
217304	0.0008858610786
217305	0.0003791663718
217306	0.00163306078
217307	0.0001304522682
217308	0.0004108343032
217309	0.0002848335422
217310	0.0008840026119
217311	0.00096914146
217312	8.735690667e-05
217313	0.0005123840571
217314	0.0001150018312
217315	0.000555835636
217316	0.0004906900314
217317	0.001085264599
217318	0.0001106312583
217319	0.001691309378
217320	7.79133127e-05
217321	0.000530423351
217322	0.0003807984859
217323	0.0001709509502
217324	0.000851659869
217325	5.813407931e-05
217326	0.000190891176
217327	0.0004187627812
217328	0.001797335242
217329	0.0006819408906
217330	0.00338870144
217331	0.0001304885397
217332	0.0002213377254
217333	0.0002321658149
217334	7.755282367e-05
217335	0.0003211946901
217336	0.0009329303093
217337	0.0001867870735
217338	8.788790495e-05
217339	0.0001157710538
217340	0.00123387487
217341	0.0005179053472
217342	0.0003764377097
217343	0.000438298806
217344	4.175721355e-05
217345	0.0001739389882
217346	0.0006674842331
217347	0.0005573265004
217348	0.0006622021082
217349	0.001039349731
217350	0.0002211914278
217351	0.000314226309
217352	0.0006656957378
217353	0.000239778216
217354	0.0003701286337
217355	0.002439163176
217356	0.0002953255368
217357	3.942627033e-05
217358	0.0003871566275
217359	0.0009460440983
217360	0.0001991737543
217361	0.0004717946286
217362	0.000586745425
217363	6.796015167e-05
217364	0.0002813643948
217365	0.0009530743915
217366	0.001172140108
217367	0.0006787887167
217368	0.0004404766942
217369	0.0002458627932
217370	0.0004952652635
217371	0.001193322498
217372	0.0001761086562
217373	0.0001153721466
217374	4.025552e-05
217375	0.0004395333834
217376	0.0001302848309
217377	0.0003323772237
217378	0.0003390672534
217379	0.0005256386192
217380	0.000333991112
217381	0.0002471028006
217382	0.0009862796893
217383	0.000224726546
217384	0.001012519408
217385	0.0001412933814
217386	0.0002093093233
217387	8.126531691e-05
217388	0.001054705535
217389	0.0001210227401
217390	0.001670626635
217391	0.000534775531
217392	0.0001405848186
217393	0.0008004690357
217394	0.000292003764
217395	0.000653759854
217396	0.0002550235417
217397	0.0002545992731
217398	0.0001375632629
217399	3.918370594e-05
217400	0.0003243756615
217401	0.001079339531
217402	0.0003444636808
217403	0.0006250116184
217404	0.001676176712
217405	0.001095928624
217406	0.0002273882541
217407	0.0001258154437
217408	0.0001291401638
217409	0.0006290424855
217410	0.0005969310519
217411	7.733614531e-05
217412	3.716114954e-05
217413	9.746129529e-07
217414	0.004064159666
217415	0.0001345454411
217416	0.00105907419
217417	0.0001616272815
217418	0.000515413993
217419	0.0005890594368
217420	0.0004195599094
217421	0.0003265126077
217422	0.001085674801
217423	0.001682216454
217424	0.0003984544787
217425	0.0009395022621
217426	0.001542738267
217427	0.0002317141311
217428	0.00351072679
217429	0.001179146102
217430	0.002335663078
217431	0.001011133577
217432	0.004073712714
217433	0.00471369499
217434	0.0009364249345
217435	0.001030873966
217436	0.0009791645901
217437	0.002314827998
217438	0.000766135798
217439	0.001336192082
217440	0.0001678086014
217441	0.0002060941294
217442	0.001472049877
217443	0.002748179567
217444	0.003863110255
217445	0.002858433639
217446	2.147842618e-05
217447	0.003029638578
217448	0.003222853386
217449	0.001080263929
217450	0.0009884080437
217451	0.002242628778
217452	0.0008236963507
217453	0.002398668778
217454	0.002302970395
217455	0.0003489366735
217456	0.008066739926
217457	0.0002128948478
217458	0.0001005546837
217459	0.002371101532
217460	0.001347057338
217461	0.0008156195457
217462	0.0009096973204
217463	0.001852635603
217464	0.002821869859
217465	5.518450206e-05
217466	0.002028031447
217467	0.0005834701746
217468	0.001037610744
217469	0.0005140903128
217470	0.000827858585
217471	0.00247939621
217472	0.003932622622
217473	0.002813629367
217474	0.002963814442
217475	0.0001512285193
217476	0.000552327559
217477	0.000389234687
217478	0.0005101187931
217479	0.0002725319021
217480	0.0004317832295
217481	0.0001655662429
217482	0.0002779191477
217483	0.0001349237987
217484	3.660303035e-05
217485	0.0005511306809
217486	3.578301529e-05
217487	4.079652899e-05
217488	0.0001860721995
217489	0.0004248059573
217490	0.0004660887816
217491	0.0004976137679
217492	0.0004783264635
217493	0.0002447771224
217494	0.0003317467292
217495	0.0004959814242
217496	0.0006223023399
217497	0.000617181885
217498	0.0009450261217
217499	6.415938467e-05
217500	0.0001192210044
217501	0.0001920572055
217502	0.0001050206318
217503	0.0003167314789
217504	0.0007621890956
217505	0.0004968640084
217506	0.002759336627
217507	0.0001900863055
217508	0.001177287072
217509	0.001284194043
217510	0.001265042826
217511	0.001852982845
217512	0.000374579373
217513	0.0003838524422
217514	0.0002754778144
217515	0.000882619541
217516	0.0003181278615
217517	8.2825374e-06
217518	0.0003862279523
217519	0.0002023039551
217520	1.621617266e-05
217521	5.982692961e-05
217522	4.85056734e-05
217523	0.0008384311456
217524	0.0001123458966
217525	2.63807311e-05
217526	0.0003107571775
217527	8.403066082e-05
217528	2.988533393e-05
217529	0.0002186527472
217530	0.000942456413
217531	5.823608671e-05
217532	1.847933392e-05
217533	0.0001435942933
217534	0.0007604333445
217535	0.0006713444615
217536	0.0004628195248
217537	0.0003814136838
217538	0.0003923922792
217539	0.0002733583565
217540	0.0006177346198
217541	0.0002025646671
217542	0.0003061953772
217543	0.0001738339905
217544	7.546820981e-05
217545	0.0004944413798
217546	0.0003291788815
217547	4.31912587e-05
217548	0.000360065676
217549	0.0005868939629
217550	4.803852604e-05
217551	0.0003273716024
217552	0.0006064438838
217553	0.0002876621593
217554	6.082406089e-05
217555	2.558576512e-06
217556	0.0001732013797
217557	0.0001484658087
217558	6.74292359e-05
217559	8.795878928e-06
217560	0.000156920838
217561	0.0002293935232
217562	0.0006865732035
217563	9.379895491e-05
217564	0.0005192659533
217565	0.0002775145458
217566	0.0009757283714
217567	0.0010132214
217568	0.0008983339753
217569	0.000104168481
217570	0.0003310632364
217571	0.0002828213476
217572	0.000186970975
217573	0.0001245876124
217574	2.347419771e-05
217575	0.0006131176323
217576	0.0003320710299
217577	0.0006900242715
217578	0.000130901375
217579	0.0006950497198
217580	0.0002431166659
217581	0.0004424172529
217582	0.0004781848778
217583	0.000383758217
217584	0.0006057323842
217585	0.0004983188284
217586	7.232590662e-05
217587	0.0001572444859
217588	0.000148366496
217589	0.0006378989081
217590	0.0007981606708
217591	0.0008088079849
217592	0.0002295009241
217593	0.0001256363495
217594	0.000294650382
217595	0.0005655417027
217596	0.0005204313575
217597	0.00148913101
217598	0.001102206199
217599	9.027376415e-05
217600	0.0002929643519
217601	0.0002074610149
217602	0.0006566870957
217603	0.000198447511
217604	0.0002371491527
217605	0.0005300018621
217606	2.278142979e-05
217607	0.0004309166307
217608	0.0004921959352
217609	0.0004427550858
217610	7.044075975e-05
217611	0.0006081456721
217612	0.0001466224328
217613	0.0004092398768
217614	0.0003244233764
217615	0.0002058795445
217616	0.000194879456
217617	0.0003538537216
217618	0.0001214914754
217619	0.0008519238268
217620	0.0001902332673
217621	2.541827847e-05
217622	0.0002189949512
217623	6.451876263e-05
217624	0.0002251673681
217625	0.0003004744103
217626	0.0004657765338
217627	0.0005372107201
217628	3.979410143e-05
217629	9.703416304e-05
217630	4.211474269e-05
217631	0.0004144580127
217632	0.0001356664266
217633	0.000322180984
217634	0.0004215503622
217635	0.0003029410968
217636	0.0003756275698
217637	0.0006282653709
217638	0.0003511677905
217639	0.0003811043324
217640	0.0004456081533
217641	0.0006781889781
217642	0.0002836223488
217643	0.0004143794987
217644	0.0006568134349
217645	0.0003239044555
217646	0.0003751283199
217647	0.0002464742103
217648	0.0001230208853
217649	0.0004520374134
217650	0.0002966761254
217651	0.0006651557021
217652	0.0003531761031
217653	0.0001788919062
217654	2.682585152e-07
217655	0.0002351352829
217656	9.731935526e-05
217657	1.315494733e-05
217658	0.0003056255716
217659	0.0002216603987
217660	0.0006749782803
217661	0.0001250106035
217662	3.416048901e-05
217663	0.0004730453683
217664	0.0002724483801
217665	8.630283312e-05
217666	5.602306227e-05
217667	0.001054953866
217668	0.0008652612742
217669	0.0008458448911
217670	0.00035742367
217671	0.0009372271731
217672	0.000180227426
217673	0.0001934065699
217674	0.0003430741212
217675	0.0004072031576
217676	0.0002377210717
217677	5.662433581e-05
217678	0.0003765982396
217679	7.442334255e-05
217680	0.0003993455879
217681	0.001009791937
217682	4.341328704e-05
217683	5.514248687e-05
217684	0.0001581943332
217685	2.657421893e-05
217686	0.0001022760002
217687	5.713738477e-05
217688	0.0001026231637
217689	0.0002251441796
217690	0.0001047526951
217691	0.0001169617054
217692	0.0004987545953
217693	0.0004275109057
217694	0.0005141063892
217695	0.0006028620113
217696	0.0003819982798
217697	0.0002859178785
217698	0.0004796783177
217699	0.0003914570676
217700	0.0003162484732
217701	0.002471249482
217702	0.0004532915478
217703	0.0004028248732
217704	9.150383167e-05
217705	0.0003687582307
217706	0.001318270078
217707	0.0002112788828
217708	0.0004219294775
217709	0.0006719646462
217710	0.000617213426
217711	0.0001674721793
217712	0.000219043186
217713	0.0003113572103
217714	0.0001384462148
217715	0.0009015601311
217716	0.0004422677519
217717	0.001530896823
217718	1.000212834e-05
217719	0.001483298594
217720	0.0001220494952
217721	0.0002087699824
217722	0.0001673181156
217723	0.0003343891288
217724	0.0005288902236
217725	9.066186693e-05
217726	0.000238511137
217727	0.000345112613
217728	2.658373879e-05
217729	0.0002661201586
217730	0.0002499321895
217731	0.0002091697963
217732	0.0001389586802
217733	7.736021081e-05
217734	0.0001141234389
217735	0.0004806547355
217736	0.001209469442
217737	4.442103787e-05
217738	1.791072236e-05
217739	0.0001770042809
217740	0.0007881210311
217741	2.071820777e-05
217742	0.0003624212859
217743	0.0004189218941
217744	0.0001495059976
217745	0.0005065895064
217746	6.832182209e-05
217747	0.001998065354
217748	0.0005129250386
217749	0.0002323227567
217750	0.0004901312338
217751	0.0001548173717
217752	0.0002084516882
217753	6.571945845e-05
217754	0.0002845451595
217755	8.74318452e-05
217756	0.0004834846493
217757	0.0004205543535
217758	0.0002717368022
217759	8.957287166e-05
217760	0.0003075547997
217761	0.0004901916039
217762	0.0001579493904
217763	4.060724053e-05
217764	0.0007929386305
217765	8.122616941e-05
217766	7.322833428e-05
217767	0.0001695499907
217768	0.0002221108963
217769	0.0001338656056
217770	0.003624807922
217771	0.0002241479017
217772	4.987103034e-05
217773	0.0001491592161
217774	0.0004937905199
217775	0.0001664927162
217776	2.503810012e-05
217777	0.000487581799
217778	0.0002745346264
217779	0.0001722955561
217780	0.001718289017
217781	6.582574377e-05
217782	0.0001193796187
217783	0.0004144308861
217784	0.0001724437094
217785	0.001158527419
217786	3.865366989e-05
217787	2.335845442e-05
217788	9.126210102e-05
217789	0.0003650684748
217790	0.0006418415094
217791	0.0001659241981
217792	0.0001478108926
217793	0.0002181962339
217794	0.0003060313841
217795	4.471200147e-05
217796	1.442001296e-05
217797	0.0001843769869
217798	0.0002909832604
217799	0.0002660312726
217800	0.0001368873854
217801	0.0001595647381
217802	0.0003204580531
217803	2.685894183e-05
217804	0.0003331326679
217805	0.000154639279
217806	3.332724854e-05
217807	0.0004744207258
217808	7.64130215e-06
217809	0.0002407254298
217810	3.420882637e-05
217811	0.0001827397535
217812	9.840394427e-05
217813	0.0004240260498
217814	0.0002314941622
217815	0.0002057090317
217816	0.00152914004
217817	0.0003233082554
217818	0.0001400669801
217819	0.0007251688442
217820	5.010070858e-05
217821	0.0004885195242
217822	0.0002553917406
217823	0.0006798377124
217824	0.0003269471557
217825	0.0002230396007
217826	0.0004303754385
217827	0.0001074081222
217828	0.0002067461677
217829	0.0001712334429
217830	0.0002076962337
217831	0.0001084669742
217832	0.0003788864435
217833	0.0006892392227
217834	0.0001651030384
217835	6.194656933e-05
217836	0.0005254591737
217837	0.0006760611076
217838	3.603041106e-05
217839	0.0003859808951
217840	0.0005091882866
217841	0.0003514772696
217842	0.0002604965516
217843	0.0001847150186
217844	0.0004749578297
217845	0.0001050275844
217846	0.0001657694524
217847	0.0001145612905
217848	0.001125950043
217849	0.0001770248698
217850	0.0001556920456
217851	0.000327397555
217852	0.0004319400081
217853	8.92957926e-05
217854	0.0001329386176
217855	0.0007238204312
217856	0.0008058275401
217857	0.0003281545642
217858	0.0008286060231
217859	0.0001692473242
217860	0.0002064573573
217861	0.0002403036248
217862	0.001108959125
217863	0.000147932697
217864	0.0002884880712
217865	7.214952607e-05
217866	0.0001114097594
217867	9.029451682e-05
217868	0.0002272072008
217869	0.0003646683683
217870	0.001340004642
217871	0.002067935523
217872	0.001439845673
217873	0.00386418475
217874	0.005157102776
217875	0.002130291907
217876	0.0007413562169
217877	0.0006021061099
217878	0.0007448289701
217879	0.001523558091
217880	0.0002484012136
217881	0.0011485845
217882	0.001480970547
217883	0.001329631335
217884	0.0005696351002
217885	0.0008987207569
217886	0.001683848522
217887	0.001190438491
217888	0.001915792334
217889	0.003411000356
217890	0.003615688754
217891	0.005193043095
217892	0.003894302815
217893	0.002607341452
217894	0.007044826848
217895	0.0002005026215
217896	0.004286112695
217897	0.001129519779
217898	0.003863228476
217899	0.0007781798354
217900	0.0001330766513
217901	0.0004079336241
217902	0.001582185003
217903	0.001927974573
217904	0.008436550595
217905	0.0004253161876
217906	0.00268353935
217907	0.002470779037
217908	0.0007928318361
217909	0.0006166947678
217910	0.0002666325839
217911	0.001017702442
217912	0.0009868595101
217913	0.004033162295
217914	0.002168754147
217915	0.0004580555893
217916	0.003275062791
217917	0.0002035391647
217918	0.000948893046
217919	0.0002660977857
217920	0.0005571215044
217921	0.0001505450979
217922	0.001771226103
217923	0.002008191367
217924	7.190900208e-05
217925	0.0006253696306
217926	0.0001218127643
217927	0.001048448157
217928	0.0002240838595
217929	0.0006356291675
217930	0.0003098186323
217931	0.000605561481
217932	0.0006426759424
217933	0.0002375432754
217934	0.001121439705
217935	0.0006125275739
217936	0.0004265675287
217937	0.00103429673
217938	6.062055354e-05
217939	0.0008844193139
217940	0.001155948231
217941	0.0009505209909
217942	0.0005730784884
217943	0.0007079074859
217944	0.0005786178302
217945	0.0001385903889
217946	0.0007371819306
217947	7.121358037e-05
217948	0.0006619271784
217949	0.00082189479
217950	0.0003819400236
217951	1.580059931e-05
217952	0.001165338998
217953	0.0002285208661
217954	0.001134842288
217955	8.855414894e-05
217956	6.952652964e-05
217957	0.0006377562513
217958	0.001226072852
217959	0.0002651614463
217960	0.0003692516618
217961	0.0001182037975
217962	0.0009868318277
217963	0.0002802888123
217964	0.000498110382
217965	0.0005713148355
217966	0.0005539574052
217967	0.001118629959
217968	0.0003305659338
217969	0.0004940172234
217970	0.001518131236
217971	0.0002567931625
217972	0.00115191115
217973	0.0011459292
217974	0.001896035871
217975	0.0009992727817
217976	0.0007974212194
217977	0.0001530275185
217978	0.001034141709
217979	0.0009381044636
217980	0.0007419815055
217981	0.00133421269
217982	0.0002880151407
217983	0.0006698900514
217984	1.539193632e-05
217985	0.000184928791
217986	0.0004791817091
217987	0.001012277866
217988	0.0002849439909
217989	0.0001518985855
217990	0.0003151136318
217991	5.656627957e-05
217992	0.0005005465163
217993	0.0009534118763
217994	0.0001202635214
217995	0.001887091013
217996	0.0004656417891
217997	0.002435255864
217998	0.001675886273
217999	0.0006891203393
218000	0.0004583626107
218001	0.0002981966411
218002	7.447412947e-05
218003	0.0003419460575
218004	0.0003600078675
218005	0.001309943872
218006	0.0009963725627
218007	0.001421141216
218008	0.0005673985772
218009	0.00153022426
218010	0.0004497255848
218011	0.001557054573
218012	0.003752333318
218013	0.0005082052721
218014	0.003054682273
218015	0.001577723921
218016	0.0006561680251
218017	0.002973742877
218018	0.0004699272777
218019	0.0007258200737
218020	0.001186585181
218021	0.0004832393177
218022	0.003568458823
218023	0.003612566117
218024	0.001001159563
218025	0.0009048259843
218026	0.001147972923
218027	0.005243240329
218028	0.002167948017
218029	0.00165716843
218030	0.00253953542
218031	5.429615206e-05
218032	0.003301977608
218033	0.002122855551
218034	0.003014731106
218035	0.001487827989
218036	0.0003827192599
218037	0.0003938675055
218038	0.0003692894646
218039	0.001093231168
218040	0.0003178158319
218041	0.0003512290755
218042	0.0006579062653
218043	0.001365879317
218044	0.001854404812
218045	0.000395923848
218046	0.004857624085
218047	0.002791332899
218048	0.003550758423
218049	0.00341911993
218050	0.002060304245
218051	0.001369284039
218052	0.003105683609
218053	0.000809812402
218054	0.003146601909
218055	0.0008272976389
218056	0.003185305975
218057	0.0006458100686
218058	0.001133971863
218059	0.0009325583969
218060	0.0009897208996
218061	0.0007771542795
218062	0.0003655901873
218063	0.0006150801935
218064	0.0028282964
218065	0.001974070665
218066	0.0009905116372
218067	0.00105596079
218068	0.001129170065
218069	0.002433855483
218070	0.001746079301
218071	0.001291826067
218072	0.008031203544
218073	0.001722323502
218074	0.001149164293
218075	0.001810870754
218076	4.243771732e-06
218077	0.0003356912256
218078	0.0002837243614
218079	0.0002628506759
218080	0.0007826228961
218081	0.0009194427491
218082	0.0005946014739
218083	0.001288873206
218084	0.00451451053
218085	0.00218001361
218086	0.004521978513
218087	0.00112525762
218088	0.007936062925
218089	0.004938205869
218090	0.0005315266248
218091	0.001417554668
218092	0.001844044658
218093	0.007865681227
218094	0.0004731112719
218095	0.0004647261063
218096	0.001861912772
218097	0.0001716468371
218098	0.002126995039
218099	0.001206067385
218100	0.002313326112
218101	0.0003127843959
218102	8.053071568e-05
218103	0.004648306056
218104	0.005013966697
218105	0.0004805465872
218106	0.00209285595
218107	0.002350907714
218108	0.001323142269
218109	2.107174363e-05
218110	0.0002249210832
218111	0.01061011306
218112	0.003014267057
218113	0.0009399842861
218114	0.001344937508
218115	0.003027803519
218116	0.003292551069
218117	0.003683031018
218118	0.0004625285065
218119	0.0001210437288
218120	0.0009361116882
218121	0.0004685219948
218122	0.0003156836729
218123	0.005787729649
218124	0.0003245560983
218125	0.0005960247608
218126	0.002741581407
218127	0.001255215751
218128	0.001028670426
218129	0.0004670678659
218130	0.001208309349
218131	0.006602003189
218132	0.002504847415
218133	4.525156162e-05
218134	0.005944856657
218135	0.001875855737
218136	0.0009911056892
218137	0.0008476513223
218138	0.000880841556
218139	0.0008415006126
218140	0.001462763774
218141	0.002692156262
218142	0.0002172925649
218143	0.0003531440457
218144	0.001534676767
218145	0.002274356815
218146	0.0005003395159
218147	0.006745409655
218148	0.001844987541
218149	0.004588316808
218150	0.00212166689
218151	0.0006050335564
218152	9.236824034e-05
218153	5.423406203e-05
218154	0.001532285512
218155	0.0007479750846
218156	0.0001203807584
218157	0.001143100432
218158	0.005346973736
218159	0.001261565643
218160	0.001607648741
218161	0.002099610918
218162	0.0002075287374
218163	0.002305557421
218164	0.001048626739
218165	0.01078785796
218166	0.00579608783
218167	0.0001063199589
218168	0.001485813821
218169	0.001254801415
218170	0.005023463375
218171	0.002739235884
218172	0.002951603647
218173	0.006207379093
218174	0.0003187705085
218175	0.001120651387
218176	0.003275888531
218177	0.005905328979
218178	0.0002478434946
218179	0.0001835720464
218180	0.004152244382
218181	0.004983358312
218182	0.001375189899
218183	0.0003100262498
218184	0.002245022831
218185	0.002556274523
218186	0.001344253775
218187	0.0005604187277
218188	0.002638752691
218189	0.0002094271756
218190	0.000826102577
218191	0.003413223339
218192	0.0004468077414
218193	0.0006560673295
218194	0.00164709375
218195	0.001544913843
218196	0.002572044937
218197	0.00128875521
218198	0.002246159407
218199	0.0001928302073
218200	0.003902311572
218201	0.003305004369
218202	0.0006386760692
218203	0.0004664445389
218204	0.0006614670662
218205	0.001152776505
218206	0.001014670719
218207	0.001710976038
218208	0.00097775622
218209	0.000365021843
218210	0.002730784669
218211	0.0007971717244
218212	0.0006171613231
218213	0.005114734291
218214	0.0007100471719
218215	0.001963276088
218216	0.002843237966
218217	6.485008499e-05
218218	1.765910151e-05
218219	0.004074115908
218220	0.0009656162555
218221	0.0004324429911
218222	0.001143713781
218223	0.0007250537576
218224	6.740455868e-05
218225	0.001076090867
218226	0.002350474611
218227	0.000905849917
218228	0.0005728881838
218229	0.0005399544393
218230	0.0002050240768
218231	0.0009173345637
218232	0.000963943986
218233	0.00113609067
218234	0.0005340824693
218235	0.000119647356
218236	0.003756288441
218237	0.0007686958668
218238	0.000612037441
218239	0.0007708354696
218240	0.001192829552
218241	0.0004176567139
218242	0.001031361435
218243	7.480791283e-05
218244	1.900421608e-05
218245	1.424168454e-05
218246	0.0006510458161
218247	0.0004212860491
218248	0.0009810620375
218249	0.001412273977
218250	0.0002308592609
218251	0.001014840341
218252	0.0007860361666
218253	0.0009287466089
218254	0.002673626464
218255	0.0008100198432
218256	0.0008674910786
218257	0.003695701016
218258	0.001976314424
218259	0.001430020033
218260	0.001314296759
218261	6.168153676e-05
218262	0.001124771205
218263	0.0009077007487
218264	0.000300627802
218265	0.00130607867
218266	0.003793817934
218267	0.001009348108
218268	0.001945095521
218269	0.002487171094
218270	0.0004608554308
218271	0.0003523947376
218272	0.003023110392
218273	0.003334778144
218274	0.001684260075
218275	0.001710317689
218276	0.002671425728
218277	9.558542907e-05
218278	0.005298788564
218279	0.003918232713
218280	0.004425077269
218281	0.001998154762
218282	0.004696238403
218283	0.0003602883397
218284	0.0002228738218
218285	0.00119372521
218286	0.002761937729
218287	0.001056425326
218288	0.003990615787
218289	0.001591063909
218290	0.002817085977
218291	0.001559923645
218292	0.008220716312
218293	0.003833450291
218294	0.0008772678103
218295	0.0005844621744
218296	0.0002792926806
218297	0.001068421762
218298	0.004288580229
218299	0.002924917384
218300	0.002740909142
218301	0.005397255851
218302	0.0003268527748
218303	0.009666013448
218304	0.0004381723033
218305	0.001725960216
218306	0.002772080826
218307	0.001439031626
218308	0.001986715291
218309	0.002940980922
218310	0.001401715335
218311	0.002742146847
218312	0.0007512390013
218313	0.001253246268
218314	0.007446204262
218315	0.0008648733387
218316	0.002964399067
218317	0.001808171635
218318	0.0009058933029
218319	0.0002443239365
218320	0.002223428629
218321	0.004145181627
218322	0.001043602923
218323	0.000581274938
218324	0.004769737883
218325	0.0001802652621
218326	0.003988124368
218327	0.0001330761309
218328	0.0005290713716
218329	0.005675953166
218330	0.008860850525
218331	0.0001680053843
218332	0.002944676131
218333	0.001087670207
218334	0.0004754740646
218335	0.002254210381
218336	0.000372601503
218337	0.003352635732
218338	0.002132016597
218339	0.0008924613881
218340	0.001258688814
218341	0.0041846099
218342	0.0007552959325
218343	0.003953271422
218344	9.90505027e-05
218345	0.0008252938526
218346	0.0001827300794
218347	0.001302778612
218348	0.001293739175
218349	0.006206583769
218350	0.003837094837
218351	0.00425329794
218352	0.001256949574
218353	0.001311423122
218354	0.001451533461
218355	0.0004666543361
218356	0.004653878614
218357	0.000620778926
218358	0.00168957491
218359	0.001518397883
218360	0.001307047659
218361	0.004619631672
218362	0.001199621364
218363	0.000112787621
218364	2.340387939e-05
218365	0.0001570762829
218366	0.003400703129
218367	0.004587946688
218368	0.004827702049
218369	0.0007797934547
218370	0.001768432084
218371	0.00475855754
218372	0.004898438825
218373	0.00424477151
218374	0.005168389318
218375	0.002079079653
218376	0.0002062608621
218377	0.0006869706592
218378	0.001080713075
218379	0.001432536903
218380	0.004290135938
218381	0.003090391252
218382	0.001767724306
218383	0.00314418856
218384	6.395454903e-06
218385	0.003268547119
218386	0.005322332319
218387	0.002445004418
218388	0.0004216148921
218389	0.00416853187
218390	0.003699121202
218391	0.001507868541
218392	0.001669505376
218393	0.0004809813713
218394	0.002368709329
218395	0.003630414914
218396	0.0007619253288
218397	0.0008420216115
218398	0.0001710127445
218399	0.0006298801008
218400	0.001502110673
218401	0.0004234168351
218402	0.0009895895303
218403	0.003691638605
218404	5.652558188e-05
218405	0.0001483346187
218406	0.00110475244
218407	0.001782760818
218408	0.0004900080362
218409	0.0001527237995
218410	0.001626363833
218411	0.0003136633689
218412	0.002533532388
218413	0.004385516519
218414	0.0002011023366
218415	9.329033048e-05
218416	0.0001853447312
218417	0.003206778725
218418	2.486196975e-05
218419	0.0003740985849
218420	9.752032482e-05
218421	0.0009664749346
218422	0.000935821388
218423	0.002960491786
218424	0.0006418315996
218425	0.001041439204
218426	2.605414274e-05
218427	0.00378883191
218428	0.001290569692
218429	0.000397201191
218430	0.002858708216
218431	0.0006971449256
218432	0.004057096379
218433	0.003210341894
218434	0.004328328979
218435	0.001085298857
218436	0.0006394165641
218437	0.00220684753
218438	0.001131004196
218439	0.00198355684
218440	0.000377399004
218441	0.004419481691
218442	0.003144146865
218443	0.005392766405
218444	0.003525664203
218445	0.002721883728
218446	3.286524203e-05
218447	0.0008418345803
218448	0.001869680276
218449	0.001559458441
218450	0.004268760379
218451	0.0009811498085
218452	0.000836204327
218453	0.0008757812132
218454	0.0002715399252
218455	0.001630282187
218456	0.004343551002
218457	0.004311924312
218458	0.002760361331
218459	0.005086251587
218460	0.004311426403
218461	0.005236307559
218462	0.001638835231
218463	0.003164067574
218464	0.0001720177433
218465	0.002728181105
218466	0.00141665753
218467	0.003016460114
218468	0.001151436776
218469	6.115418737e-05
218470	0.004207385924
218471	0.001905896968
218472	0.00235459541
218473	0.0005335609297
218474	0.001939144498
218475	0.0001241019611
218476	0.001617390336
218477	0.0026593889
218478	0.00351273656
218479	0.001158459392
218480	0.003750513081
218481	0.0002737117679
218482	0.0009537819727
218483	0.0003149982655
218484	0.001086206539
218485	0.002113423508
218486	0.001644711718
218487	0.001074698901
218488	0.004347449163
218489	0.002202512232
218490	0.00282642079
218491	0.00153743246
218492	0.00159741382
218493	0.0008459026202
218494	0.0001637418293
218495	0.0017033909
218496	0.00303938965
218497	0.002101162159
218498	0.000222353881
218499	0.0008035195705
218500	0.003091046319
218501	0.001781624174
218502	0.003663799699
218503	0.0001424759138
218504	0.001065367151
218505	0.0001728299417
218506	0.002365265208
218507	0.0004088942533
218508	0.0004337055636
218509	0.002576845138
218510	0.0008845728545
218511	0.00398594377
218512	0.002813798276
218513	0.004261604075
218514	0.001483574098
218515	0.0009353828719
218516	0.0009782248239
218517	0.0002587476715
218518	0.002244936912
218519	0.003302265917
218520	0.0009617242518
218521	0.001257174412
218522	0.001001639575
218523	0.001232638079
218524	0.002288513073
218525	0.003221096439
218526	0.001176423872
218527	0.001968196756
218528	0.00307083854
218529	0.00230442808
218530	0.002274012835
218531	0.001075035506
218532	0.001026741506
218533	0.0006351264906
218534	0.001377912001
218535	0.001130665405
218536	0.003497310699
218537	4.490641417e-05
218538	0.002213167318
218539	0.00058924364
218540	0.00215604797
218541	0.002022431192
218542	0.0009838539663
218543	0.002450703039
218544	0.0003648459488
218545	0.003441469973
218546	9.218251815e-05
218547	0.001147724641
218548	0.001456598188
218549	0.002322640592
218550	0.0006292469678
218551	0.0004825397726
218552	0.002663568476
218553	0.0003339918527
218554	0.0003189012831
218555	0.003894999879
218556	0.001972675757
218557	0.0008735891709
218558	0.0005597074218
218559	0.002293520391
218560	0.002210835992
218561	0.003229193761
218562	0.0001803186569
218563	0.002121567266
218564	0.001044562058
218565	2.041189536e-05
218566	0.0002517320132
218567	0.002239732121
218568	0.004749894648
218569	0.001020534249
218570	0.00043706351
218571	0.0001049260601
218572	0.0003571432321
218573	1.629944664e-05
218574	6.250215279e-05
218575	5.915669406e-05
218576	0.002596703267
218577	0.001983228988
218578	4.762949031e-05
218579	0.0004393464808
218580	0.002081099173
218581	0.0001171816094
218582	0.0003986307083
218583	3.186862283e-05
218584	0.0006040667027
218585	0.0005197060582
218586	5.697601147e-05
218587	0.000656144803
218588	0.0001681874404
218589	0.001513765718
218590	0.0007381555049
218591	0.0003978295556
218592	0.0003194492938
218593	0.0008602650469
218594	0.0006273759975
218595	0.0001491137964
218596	5.479916147e-05
218597	2.94166003e-05
218598	8.605339538e-05
218599	0.0004233387608
218600	0.0002119711961
218601	0.0003206237768
218602	0.0001699391116
218603	0.0002170663789
218604	0.00529831763
218605	5.931011361e-05
218606	0.0006245299944
218607	0.0003173686802
218608	0.0002070269801
218609	0.0005562118152
218610	0.00146878041
218611	0.0001671748767
218612	0.004101110407
218613	0.003268687313
218614	0.0007540059608
218615	0.0002504847605
218616	7.375130045e-05
218617	0.0004562916853
218618	0.001360796425
218619	0.001889230336
218620	0.001904408691
218621	0.0005897291169
218622	0.00115564509
218623	2.266661369e-05
218624	0.0003517200168
218625	0.001035681337
218626	9.293587456e-05
218627	0.001180172761
218628	0.001150370689
218629	0.0007643477613
218630	0.001543915955
218631	0.002101419415
218632	0.0007976471305
218633	0.001166235329
218634	0.001833471862
218635	0.0003381047272
218636	0.001675864175
218637	0.001608459644
218638	4.779687101e-05
218639	0.000238144117
218640	0.008726245716
218641	0.003089985482
218642	0.0008310686598
218643	0.0009379182789
218644	0.001962291385
218645	0.005547518
218646	0.001181849087
218647	5.705845703e-06
218648	0.0001695072765
218649	0.001008232848
218650	0.005560682381
218651	0.001719507896
218652	0.002362468454
218653	0.002412851225
218654	0.00626124088
218655	0.007259944201
218656	0.003200131027
218657	0.0008453977929
218658	0.001801531602
218659	0.001059050652
218660	0.001324122025
218661	0.001628204427
218662	0.002330037627
218663	0.0002373931117
218664	0.002916868138
218665	0.001178496531
218666	0.0002617757009
218667	0.0003196719369
218668	1.978099784e-05
218669	0.0006114453992
218670	4.135528068e-05
218671	0.001663405802
218672	0.003315871196
218673	0.0003197555116
218674	0.00282673762
218675	0.003543959934
218676	0.0007652127451
218677	8.186712173e-05
218678	5.220363623e-05
218679	0.0008403145639
218680	0
218681	0.0004204549886
218682	0.0001765156969
218683	0.001444442066
218684	0.0005181938319
218685	0.004337000927
218686	0.00250240791
218687	0.0008549016774
218688	0.0008107269109
218689	0.001731671525
218690	0.0003358997495
218691	0.0009791918519
218692	0.000429455245
218693	0.005077067711
218694	0.0008042216916
218695	0.001683169937
218696	0.003539810117
218697	0.003668511598
218698	0.000636700821
218699	0.001343832529
218700	0.001391826077
218701	0.00178087302
218702	0.001000457595
218703	0.002455588256
218704	0.001228572091
218705	0.001029351031
218706	0.0001029229876
218707	0.001333050367
218708	0.003059482008
218709	0.0001762177866
218710	0.003382536649
218711	0.003600629178
218712	0.006906406849
218713	0.002172242294
218714	0.0007806874855
218715	0.002053550331
218716	0.006171638399
218717	0.0003590572331
218718	0.002016215223
218719	0.00307076301
218720	0.002838897676
218721	0.0004687810235
218722	0.001010825991
218723	0.001448878112
218724	0.0007499323491
218725	0.0006086651695
218726	0.006490409986
218727	0.0004764479764
218728	0.005040446932
218729	0.001271817909
218730	0.003925060551
218731	0.004703651115
218732	0.0003843035236
218733	0.001145731494
218734	0.002106975101
218735	0.0004529544476
218736	0.003388846651
218737	0.003671789094
218738	0.003381093553
218739	0.003075628044
218740	8.106836859e-05
218741	0.001258273747
218742	0.001259197553
218743	0.0003856526315
218744	0.002860190131
218745	0.0007469718933
218746	0.001051685272
218747	0.0003002151602
218748	0.001662067822
218749	0.004846899453
218750	0.000136368599
218751	0.00253352139
218752	0.005428871661
218753	0.002397901799
218754	0.00187573249
218755	0.003517099701
218756	0.006595510283
218757	0.00205572449
218758	0.001589235866
218759	0.001847162379
218760	0.003148444877
218761	0.006193992757
218762	0.001710369965
218763	0.002177580536
218764	0.002427874014
218765	0.002595677323
218766	0.002092128242
218767	0.001940382086
218768	0.001840689203
218769	0.00226574332
218770	0.002085963035
218771	0.002587345625
218772	0.001811448154
218773	0.002158380178
218774	0.00133645231
218775	0.0008470019207
218776	0.002971076618
218777	0.002695467442
218778	0.0004119839898
218779	0.003377589294
218780	6.765955922e-06
218781	0.0001180733589
218782	0.002570608724
218783	0.001750470422
218784	0.001048348328
218785	0.001336083364
218786	0.0001830948225
218787	0.003255190684
218788	0.0003321111058
218789	0.0005501708961
218790	0.001136598208
218791	0.000804712266
218792	0.001013128958
218793	0.0003210636771
218794	0.0006732993543
218795	0.003244375407
218796	0.0006146168544
218797	0.001707902783
218798	0.001408099639
218799	0.003306978119
218800	0.001987175609
218801	0.002620504087
218802	0.001017222946
218803	0.001462470559
218804	0.002874100791
218805	0.004752226899
218806	0.001038808644
218807	0.002244820361
218808	0.0001131292279
218809	0.0002199958913
218810	0.0004654723847
218811	0.0003447782028
218812	0.0002812367975
218813	0.0001883310336
218814	0.0001937006108
218815	6.344398236e-05
218816	0.002281589062
218817	0.0008705336858
218818	0.0008208679217
218819	5.990310619e-05
218820	0.0008410043438
218821	2.447011478e-05
218822	0.0005588652389
218823	0.001279698987
218824	5.289138793e-05
218825	0.0001419353185
218826	0.0009806217434
218827	0.002895878559
218828	0.001237269614
218829	0.001070492401
218830	0.00123003733
218831	0.003368696957
218832	0.002907753696
218833	0.0002792814494
218834	0.00293333583
218835	0.004280474127
218836	0.002347377757
218837	5.594833581e-05
218838	0.0003951327644
218839	0.001968945224
218840	0.002204939715
218841	0.001649948377
218842	0.001255712814
218843	0.001057772563
218844	0.0002488583071
218845	0.00373175937
218846	0.001609961003
218847	0.002177870254
218848	0.003766944818
218849	0.0009596396515
218850	0.001575221419
218851	0.002946159301
218852	0.0002000383864
218853	0.0001311696805
218854	0.000574891902
218855	0.001129940254
218856	0.00118340258
218857	2.026230473e-07
218858	0.0006768544142
218859	0.0008371252574
218860	0.002874465306
218861	0.0006081057286
218862	0.001235521268
218863	0.003662292087
218864	0.001539950191
218865	0.0001270233897
218866	0.0001879305489
218867	0.001034473713
218868	4.62605298e-05
218869	0.001771021544
218870	0.001556089559
218871	0.002723519324
218872	0.0008675106409
218873	0.0005366852297
218874	0.002866008192
218875	0.001430720942
218876	0.001255926425
218877	0.004900224637
218878	0.00321299814
218879	0.0002363735924
218880	0.002266344743
218881	0.002088188094
218882	0.000264445037
218883	0.002565508218
218884	0.003659642563
218885	0.0008056646797
218886	0.002613773491
218887	0.001952337716
218888	0.0005648765803
218889	0.003152494053
218890	0.0002251484977
218891	3.676367458e-05
218892	0.0007070578989
218893	0.006262283415
218894	8.204289792e-05
218895	0.0001168939158
218896	0.0006014295306
218897	0.001704085506
218898	0.002197563945
218899	0.0008903189147
218900	0.003465002943
218901	0.007030434293
218902	0.0001844195938
218903	0.001042899461
218904	0.0009149989342
218905	0.002939549506
218906	0.004205619904
218907	0.003840512745
218908	0.0005626283212
218909	0.002773959385
218910	0.001672753527
218911	0.0005156429079
218912	0.000302443519
218913	0.001875037919
218914	0.005472798086
218915	0.0007430344969
218916	0.004628042468
218917	0.001139635786
218918	0.001831419187
218919	0.000134348431
218920	0.0009824249541
218921	0.003248800226
218922	0.0003922237605
218923	0.001206547932
218924	0.003982279446
218925	0.002905241266
218926	0.001195601214
218927	0.0001863815202
218928	0.002010286845
218929	0.0007677894988
218930	0.001730561551
218931	0.000673080173
218932	0.00244674533
218933	0.004261960912
218934	0.00134428093
218935	0.001746852176
218936	0.0004953228453
218937	0.003011561423
218938	0.002916767639
218939	0.003127771675
218940	0.00459895001
218941	0.003964075249
218942	0.007150304891
218943	0.00181037883
218944	0.001253167122
218945	0.002644835672
218946	1.263228958e-05
218947	0.004177732761
218948	0.0007744505785
218949	0.004295115341
218950	0.001404952218
218951	0.004368071874
218952	0.001592245284
218953	0.002809654846
218954	0.0004160047024
218955	0.005359973761
218956	0.0007312532409
218957	0.002282048285
218958	0.0007106637135
218959	0.0007694650585
218960	3.017969952e-05
218961	0.0002605428327
218962	0.00184991102
218963	0.002335031637
218964	0.0006452340332
218965	0.004009986766
218966	0.0006678720447
218967	3.090334881e-06
218968	0.00603231475
218969	0.001116483317
218970	0.00244777084
218971	0.001116608919
218972	7.400873923e-05
218973	0.00252237674
218974	0.002711727563
218975	0.00320342144
218976	0.002078185847
218977	0.003639750744
218978	0.0001483324818
218979	0.003488750754
218980	0.003167160185
218981	0.002638753636
218982	0.001731704448
218983	0.0001767787996
218984	2.406296875e-05
218985	0.0008166684061
218986	0.0005423144786
218987	0.002830336781
218988	0.002254862914
218989	0.001514654218
218990	0.003485692687
218991	0.002483467583
218992	0.001602230045
218993	0.0004674900459
218994	0.002100414334
218995	0.000786909216
218996	0.001420830113
218997	0.001046652527
218998	0.002818523095
218999	0.004290703634
219000	7.012926187e-06
219001	0.002891144214
219002	0.0006603780735
219003	0.001608831047
219004	0.003436594144
219005	0.003924237521
219006	0.0009951490647
219007	0.0006224770764
219008	0.003694867447
219009	0.000468362495
219010	0.002336005481
219011	0.002308821401
219012	0.00506016978
219013	0.003406113672
219014	0.002896386894
219015	1.768289165e-05
219016	0.0019416906
219017	0.0041669012
219018	0.0008389737583
219019	0.003593584863
219020	0.0007593212808
219021	0.0009917848176
219022	0.0005399684352
219023	0.002445207493
219024	0.001193934587
219025	0.001406598602
219026	0.001560909255
219027	0.001563781025
219028	0.001163751889
219029	0.002240842248
219030	7.159129676e-05
219031	0.0004330057848
219032	0.001705045241
219033	0.002862627697
219034	0.003404482141
219035	0.001929144334
219036	0.0008673738851
219037	4.614682808e-05
219038	0.001064519046
219039	0.0008307853503
219040	0.0007098572551
219041	0.002302407199
219042	0.0009122981901
219043	0.0001013211219
219044	0.001232355658
219045	0.0001853519458
219046	0.001932580524
219047	0.000532802691
219048	0.00240825767
219049	0.001691820679
219050	0.0005689285748
219051	0.0008331301701
219052	0.001860686451
219053	0.002574580297
219054	0.002191337961
219055	0.004159727097
219056	0.0005286075464
219057	0.002385060054
219058	6.813303073e-05
219059	0.005195299154
219060	0.002129734126
219061	0.002010444727
219062	0.0006098691485
219063	0.003452597473
219064	0.000712821188
219065	0.004258841605
219066	0.0002412430016
219067	0.00213844745
219068	0.002636464299
219069	0.001474548607
219070	0.001005541408
219071	0.00335450695
219072	0.0008148174732
219073	0.00180735845
219074	0.001120613636
219075	0.001350137529
219076	0.002873930243
219077	0.002700085124
219078	0.000391461272
219079	0.002486649459
219080	0.0009759915153
219081	0.002488363059
219082	0.0007133748715
219083	0.000717875525
219084	0.002385942809
219085	0.002488537851
219086	0.002738576585
219087	0.002517987238
219088	0.000146026811
219089	0.001234006359
219090	0.001338111053
219091	0.001178470813
219092	0.002110783723
219093	0.003539311272
219094	0.001701764939
219095	0.005538143212
219096	0.002864848937
219097	0.003047059865
219098	0.004105177534
219099	0.003986013665
219100	0.003695866163
219101	0.004967638772
219102	0.0009469282005
219103	0.0003619846212
219104	0.003992341163
219105	0.0003816214821
219106	4.979844909e-05
219107	0.00316204434
219108	0.002772079459
219109	0.004747474543
219110	0.002177755632
219111	0.004527251479
219112	0.0009374932956
219113	0.003453249046
219114	0.003528851669
219115	0.004117569387
219116	0.002376828494
219117	0.004638330608
219118	0.003553597558
219119	0.003633731749
219120	0.00334256629
219121	0.00344303383
219122	0.001185029344
219123	0.003608715134
219124	0.002781970238
219125	0.003835624354
219126	0.003778694526
219127	0.003336511991
219128	0.003723439834
219129	0.004204126127
219130	0.001994472592
219131	0.003312620302
219132	0.005463365173
219133	0.0008650481924
219134	0.0006022941688
219135	0.004125386715
219136	0.003351410843
219137	0.002639347771
219138	0.00394843414
219139	0.0007515102798
219140	8.588460716e-05
219141	0.001019073668
219142	0.0001039299386
219143	9.016394241e-05
219144	0.0006294578074
219145	0.0006818013185
219146	0.0001242475937
219147	0.0004131766251
219148	0.0003979233216
219149	0.0008419296899
219150	0.001356609193
219151	0.001564612028
219152	0.0006487323766
219153	0.0006332158192
219154	0.001885356966
219155	0.000501899418
219156	3.547715129e-05
219157	0.0005075439074
219158	0.000583365092
219159	5.977875876e-05
219160	0.001415563327
219161	8.983687096e-05
219162	0.00053141953
219163	0.0004790705311
219164	0.0002273209994
219165	0.0005311770734
219166	0.001546079026
219167	0.0006445729354
219168	0.001453569224
219169	0.002665772959
219170	0.0003549452409
219171	0.0005937651782
219172	0.0008010526113
219173	0.000448135948
219174	0.0006055748014
219175	0.0001770595455
219176	0.004303249073
219177	0.002647522816
219178	0.00258415861
219179	0.001291529689
219180	0.003376686245
219181	0.0009395749078
219182	0.002259227104
219183	0.0004780419448
219184	0.0007989085807
219185	0.0003455026213
219186	0.008091933618
219187	0.001504427619
219188	0.001739593497
219189	0.00356786479
219190	0.002446459916
219191	0.005347593277
219192	0.003102700067
219193	0.0006693242836
219194	0.004018528688
219195	0.002117544895
219196	0.0009413605893
219197	0.002941576582
219198	0.003222575219
219199	0.005313440823
219200	0.002219082294
219201	0.003541089667
219202	0.0001299139871
219203	0.002910226876
219204	0.00158849979
219205	0.001080853857
219206	0.004840917241
219207	0.00339973984
219208	0.001203619057
219209	0.0007465838593
219210	0.002214771999
219211	0.001787396673
219212	0.0003635099703
219213	0.0007053790693
219214	0.002681333341
219215	0.002244703407
219216	0.0007683693899
219217	0.0001191483469
219218	0.0004413668491
219219	0.00250722488
219220	0.0007371357006
219221	0.00210396549
219222	0.005781934874
219223	0.0009753991822
219224	0.003485198219
219225	0.003383219252
219226	0.001005079032
219227	0.002039491783
219228	7.994743547e-05
219229	0.002005371509
219230	0.0003711356199
219231	0.0005375249902
219232	0.006296035185
219233	0.002887683326
219234	0.0004381371342
219235	0.001649415799
219236	0.003491940879
219237	0.0008038530416
219238	0.003264663063
219239	0.0003726429293
219240	0.001075511867
219241	0.001178411359
219242	0.007544131477
219243	0.0003222945126
219244	2.844367586e-05
219245	1.173683187e-05
219246	0.0004656021035
219247	0.0001475659757
219248	0.001000584167
219249	0.000663645105
219250	0.0005925402947
219251	0.0009817363542
219252	0.001119782657
219253	0.001874936217
219254	0.000642879509
219255	0.0001544044487
219256	0.0002319313241
219257	6.107042481e-05
219258	0.0004757143303
219259	0.0003925723362
219260	0.0006118935407
219261	0.0002951805547
219262	0.003370028348
219263	0.0003686056554
219264	0.001643810377
219265	0.001259134603
219266	0.0002920927582
219267	0.0005655228417
219268	0.0001818933056
219269	0.002039833053
219270	0.001974923236
219271	0.0004293889708
219272	0.0004103296821
219273	0.000389812125
219274	0.001443954649
219275	0.0003116376138
219276	0.0003131754308
219277	0.000144284272
219278	0.0003708612134
219279	0.0001323254499
219280	0.001804344251
219281	0.0008966286893
219282	0.001388525247
219283	0.0004105944292
219284	0.0009338506877
219285	0.0003462946405
219286	0.001168073142
219287	0.0006769079161
219288	9.392122547e-05
219289	0.001209029384
219290	0.002311201863
219291	0.001020284423
219292	0.0005102327966
219293	0.001411722332
219294	0.001152548407
219295	0.0001356971138
219296	0.0002322696209
219297	0.002277130466
219298	0.001930126276
219299	0.0004529469852
219300	0.0005195583759
219301	0.0003260167877
219302	0.0005289958366
219303	0.002585834929
219304	0.0005280758436
219305	0.003797093928
219306	0.001250637154
219307	0.00110086777
219308	0.002280514833
219309	0.0006571444084
219310	0.001767622888
219311	0.0002506854952
219312	0.0001546791722
219313	0.0009190690432
219314	0.003304297876
219315	0.0005501505434
219316	0.003320462362
219317	0.004047325323
219318	0.001365403186
219319	0.0009228756074
219320	0.0005792190166
219321	0.005439646154
219322	0.002470142011
219323	0.004339170953
219324	0.003293260579
219325	0.0009190470037
219326	0.0008434963157
219327	0.001999299967
219328	0.000389969003
219329	0.000182328543
219330	0.0005973324636
219331	0.0007539897777
219332	0.0006621746341
219333	0.000136368772
219334	0.0002906023614
219335	0.0003198616319
219336	0.0004795134303
219337	0.0008802303412
219338	0.001392810466
219339	0.001880071759
219340	0.00359093409
219341	0.0001278264409
219342	0.003672119136
219343	0.001690258849
219344	0.002151147908
219345	0.004097417764
219346	0.0006110637199
219347	0.0005368694247
219348	0.002642034769
219349	0.0001920776669
219350	0.002540293174
219351	0.0002207399743
219352	0.002963199265
219353	0.0005062439122
219354	0.0005364367043
219355	0.002126871602
219356	0.001325640927
219357	0.002100323325
219358	0.002211317148
219359	0.0006648366419
219360	0.005060311991
219361	0.0007480477324
219362	0.00309970332
219363	0.00326617017
219364	0.00437630218
219365	0.003252681079
219366	0.000394606527
219367	0.0004926154808
219368	0.004953982523
219369	0.002017689003
219370	0.003066696675
219371	0.002747229382
219372	0.002726828659
219373	0.003955811171
219374	0.001326257494
219375	0.0004004785796
219376	0.0005846762976
219377	0.002546586231
219378	0.001400858753
219379	0.0008991258259
219380	0.0007448667106
219381	0.00356441578
219382	0.001367676791
219383	0.002564589144
219384	0.004802462392
219385	0.004585439694
219386	0.0002349482642
219387	0.0002027631544
219388	0.001343800712
219389	0.001956806212
219390	0.0005886552517
219391	0.001697644557
219392	0.001061863263
219393	0.0001296723824
219394	0.002125846782
219395	0.0007149536114
219396	0.0005702795269
219397	0.0002282168389
219398	0.0007450984675
219399	0.001533292252
219400	4.616179342e-05
219401	0.001447888039
219402	0.0005858416516
219403	0.0003321421242
219404	0.003800873931
219405	0.001957508057
219406	0.001989118862
219407	0.0007384620188
219408	0.001740428654
219409	0.0002959730271
219410	0.0004717981385
219411	0.0007110300915
219412	0.003999220166
219413	1.023348698e-08
219414	6.263866916e-05
219415	0.002226155728
219416	0.001102739582
219417	0.004751321621
219418	0.003949589505
219419	0.0005088326299
219420	0.001595930123
219421	0.0001788325617
219422	0.003275724768
219423	5.376449097e-05
219424	0.001270638264
219425	0.004337020623
219426	0.003344312018
219427	0.004450227052
219428	0.001483817547
219429	0.0003244925643
219430	0.002112844565
219431	0.002195689621
219432	0.001102781266
219433	0.001593537834
219434	0.0003535065136
219435	0.0002744517366
219436	0.001311789424
219437	0.0009070317509
219438	0.002468846397
219439	0.004969968404
219440	0.001633191535
219441	0.0005977916144
219442	0.0002622021213
219443	0.0007702475226
219444	0.0004590003922
219445	0.001904268295
219446	0.001801243279
219447	0.001205865819
219448	0.00148474304
219449	0.00124962035
219450	2.478655579e-05
219451	0.0008602462965
219452	0.002296705985
219453	0.001941170061
219454	0.001831049591
219455	0.0002451286686
219456	0.001968045789
219457	0.002860039799
219458	0.002432802769
219459	0.00246288439
219460	0.001976705542
219461	0.003079503808
219462	0.000304110753
219463	0.003603830858
219464	0.001388524819
219465	0.002504340379
219466	0.001341994944
219467	0.001873339257
219468	0.0006710724507
219469	0.0002362883749
219470	0.002520762919
219471	0.001969582225
219472	0.0007812108332
219473	0.001624034592
219474	0.003128450468
219475	0.001850436912
219476	0.001745623491
219477	0.002075161343
219478	0.002529725798
219479	0.00242590731
219480	0.002044630576
219481	0.001559406036
219482	0.001979662469
219483	0.001085091318
219484	0.0008937199468
219485	0.0006168576599
219486	0.001408247053
219487	0.002401092854
219488	0.0002308553249
219489	0.00142170429
219490	0.002821745527
219491	4.444347404e-05
219492	0.0001558856582
219493	0.00056243453
219494	0.0002619080881
219495	0.0009443540624
219496	0.0008326256138
219497	7.201047269e-05
219498	0.0007403086137
219499	0.000467730187
219500	0.0003367835376
219501	0.000416639927
219502	0.0002408027362
219503	0.0007656665544
219504	0.0007377324896
219505	0.00109799383
219506	0.002658779224
219507	0.0005875829244
219508	0.001309802177
219509	0.0004937260778
219510	0.001582159994
219511	0.0001948164637
219512	0.0001666745364
219513	1.728748767e-05
219514	0.002516995356
219515	0.0002452595861
219516	0.00208593345
219517	0.0008269711304
219518	0.002252357684
219519	0.0009167738907
219520	0.0002648948038
219521	0.00151135892
219522	9.573903461e-05
219523	0.0004506021601
219524	0.00424651879
219525	0.002721994159
219526	0.001544140696
219527	0.0004830337734
219528	0.000464076607
219529	0.0015714978
219530	0.000291322535
219531	0.0003750881087
219532	0.0008843504457
219533	0.0008327410695
219534	9.806942375e-05
219535	0.002344013222
219536	0.0008962497328
219537	0.001915191992
219538	0.0001679457576
219539	0.0002950741094
219540	0.003802647636
219541	0.0004835874167
219542	0.0002148249331
219543	0.001033375502
219544	0.0004095142201
219545	0.001278913646
219546	0.004555427128
219547	0.0004057666091
219548	0.0004890797376
219549	0.0003693218138
219550	6.197517671e-05
219551	0.0001128191906
219552	0.0002478184814
219553	0.002439963154
219554	0.0009385211354
219555	0.001533734639
219556	0.00143558756
219557	0.0008778083688
219558	0.001369556088
219559	0.00170897511
219560	0.002826344249
219561	0.001387716516
219562	0.001569321512
219563	0.002178616238
219564	0.001070361392
219565	0.001059940187
219566	0.0009750786365
219567	0.003330408465
219568	0.002836939258
219569	0.003714325656
219570	0.001420476168
219571	0.001459846613
219572	0.00149054947
219573	5.805189402e-05
219574	0.0002826301338
219575	0.001622052286
219576	0.001823610115
219577	0.002102395672
219578	8.938805277e-05
219579	0.0005856866462
219580	0.0003725589099
219581	0.001066191535
219582	0.0008288940304
219583	0.0003054674913
219584	0.000749995629
219585	0.0004396847624
219586	0.0004767417044
219587	0.0003936263393
219588	0.0008031685423
219589	0.002166405835
219590	0.003208506492
219591	0.0005765667721
219592	0.002396358954
219593	0.001575364937
219594	0.0009170893785
219595	0.002077569285
219596	0.001961296191
219597	0.001100288417
219598	0.001901224502
219599	0.0007287932496
219600	0.001503080207
219601	0.001144659323
219602	0.001746568624
219603	0.001326465812
219604	0.002243838272
219605	0.001725081699
219606	0.003600555481
219607	0.00270378058
219608	0.002172505891
219609	0.001935978535
219610	0.001600537533
219611	0.00171492143
219612	0.001999037401
219613	0.001211181679
219614	0.003367500453
219615	0.0005409050062
219616	0.000851404445
219617	0.0003389568652
219618	0.00216553618
219619	0.0004720920409
219620	0.002211441254
219621	0.002274901654
219622	0.001998164617
219623	0.002015146338
219624	0.0018681815
219625	0.002321287895
219626	0.002591453631
219627	0.002402576817
219628	0.002689820693
219629	0.001013563344
219630	0.001996413897
219631	0.002721192153
219632	0.002036931721
219633	0.002233968421
219634	0.001637771003
219635	0.0002242361365
219636	0.000575042078
219637	0.0003040833995
219638	4.012628042e-05
219639	0.0003049114133
219640	0.0004271866598
219641	2.459468119e-05
219642	0.0007163203986
219643	0.0005525737217
219644	0.0002982923081
219645	0.0003969552315
219646	0.0002141395849
219647	0.00203328871
219648	0.0004768798782
219649	4.719062004e-05
219650	0.0003550310878
219651	0.0004431676809
219652	0.0003607190303
219653	6.826077021e-05
219654	1.487190354e-05
219655	0.000253007472
219656	0.0001828272782
219657	0.00200128972
219658	0.0009504220657
219659	1.358732517e-05
219660	0.0005016125746
219661	0.0001247317903
219662	0.0002444674149
219663	0.002038118891
219664	0.0005160026658
219665	0.0005762685049
219666	0.000469422427
219667	0.00154079821
219668	9.157532237e-05
219669	0.0003848971531
219670	0.00121682588
219671	0.0009052414915
219672	2.06577763e-05
219673	0.0005334381044
219674	0.0002365008036
219675	0.0001215770351
219676	0.00246261698
219677	0.0007516044308
219678	0.0006414897207
219679	0.001466031997
219680	0.0005743194671
219681	0.0004222093388
219682	0.0007798877947
219683	0.0002562307083
219684	4.610136705e-05
219685	0.0006137601415
219686	0.0004225972795
219687	0.001389721572
219688	0.001076892558
219689	0.0005675081694
219690	0.0001209249635
219691	0.001191759169
219692	0.003467666127
219693	0.0057938783
219694	0.0015291038
219695	0.0005413394872
219696	0.001010902753
219697	0.000787077589
219698	0.0007377017153
219699	0.0005396107213
219700	0.000256300675
219701	0.002539710468
219702	0.003005897431
219703	0.002279460477
219704	0.001665728973
219705	0.0004920254189
219706	0.0002457862109
219707	0.001490465044
219708	3.079695258e-05
219709	0.0003383024469
219710	0.0009197636244
219711	0.001300728455
219712	0.0004906490577
219713	0.0007015572074
219714	0.001208922586
219715	0.0007524704347
219716	0.001782335707
219717	0.0003091829465
219718	0.0005842452367
219719	0.000990036595
219720	0.001714592031
219721	0.000329833449
219722	0.001378525069
219723	0.0009061486601
219724	0.001639105538
219725	0.001350292433
219726	0.0013459829
219727	0.0004867993927
219728	0.001976393476
219729	8.367942335e-05
219730	0.0009126955806
219731	0.0001604772759
219732	0.0009122431584
219733	0.0001918410202
219734	0.001314860593
219735	0.001272754423
219736	0.0007654195417
219737	0.0006969396824
219738	0.0006273909094
219739	0.000987178252
219740	0.002382023289
219741	0.001037796396
219742	0.00182563171
219743	0.0006114797414
219744	0.0006875293307
219745	0.0007357138046
219746	0.0003633517562
219747	0.0009743688376
219748	0.002546736466
219749	0.0005900233466
219750	0.0007076744537
219751	6.018401961e-05
219752	0.001225697176
219753	0.0006723927413
219754	0.0005916274392
219755	0.000265373322
219756	0.0002054310322
219757	0.0003336461552
219758	0.001828170255
219759	0.0004887739001
219760	0.002554994857
219761	0.001971821061
219762	0.002848237907
219763	0.0004241118781
219764	0.0009670094423
219765	0.001609915509
219766	0.001458226194
219767	0.0004689489029
219768	0.0006466012199
219769	0.0004656415144
219770	6.935677685e-05
219771	0.0008739256312
219772	0.0006090613396
219773	0.004644675774
219774	0.004333898979
219775	0.0001385162086
219776	0.0009351860334
219777	0.0001709135258
219778	0.0006409518448
219779	0.0002031219082
219780	0.0009540669987
219781	3.535686199e-05
219782	0.0004801960185
219783	0.0005914245915
219784	0.0004909780389
219785	0.0001566913544
219786	0.002909307351
219787	0.0004093264535
219788	0.00033838452
219789	0.0003016111238
219790	0.0009904151359
219791	0.0004863364239
219792	0.0005949997016
219793	0.001175227193
219794	0.00029471464
219795	0.0001817508994
219796	5.297924206e-05
219797	0.0030095117
219798	0.0009099814431
219799	0.0001960618304
219800	0.001257423963
219801	4.020855735e-05
219802	0.0005556382641
219803	0.0003884047284
219804	0.0001687992303
219805	0.0003124176051
219806	0.005866106567
219807	0.005217631699
219808	0.004704628507
219809	0.005143435699
219810	0.005836815436
219811	0.003994235427
219812	0.004471958294
219813	0.005248535429
219814	0.0024978328
219815	0.007064180782
219816	0.004345628461
219817	0.005088994387
219818	0.005780458178
219819	0.003756412416
219820	0.005344513117
219821	0.005625712165
219822	0.005331919701
219823	0.005075514949
219824	0.005263685394
219825	0.005160518179
219826	0.005695795329
219827	0.00552088374
219828	0.00532868981
219829	0.005191389222
219830	0.005143311836
219831	0.005511798438
219832	0.005815745744
219833	0.005313198908
219834	0.005978403051
219835	0.004279889958
219836	0.006412196209
219837	0.005881654105
219838	0.004709187288
219839	0.004257100976
219840	0.006927948008
219841	0.005505308932
219842	0.00467891586
219843	0.006094020185
219844	0.004031564733
219845	0.003902439596
219846	0.006782919337
219847	0.007353582368
219848	0.007280987002
219849	0.00544671831
219850	0.006509410601
219851	0.004878791403
219852	0.005307774531
219853	0.004993325065
219854	0.004568001312
219855	0.005304998086
219856	0.006683843346
219857	0.004700043283
219858	0.001990911461
219859	0.002914980606
219860	0.001074224837
219861	0.002579870867
219862	0.002902018973
219863	0.001488792821
219864	0.003136651765
219865	0.003860547036
219866	0.0004495430666
219867	0.001034949822
219868	0.001919837673
219869	0.001490342814
219870	0.00265455274
219871	0.002917807988
219872	0.002250991679
219873	0.0016871981
219874	0.002271048328
219875	0.004087640525
219876	0.002885344756
219877	0.002608648146
219878	0.0005039052209
219879	0.001404897318
219880	0.001527276127
219881	0.001137333645
219882	0.001026512505
219883	0.001893271057
219884	0.002334032206
219885	0.002105524962
219886	0.001840696728
219887	0.003257125999
219888	0.0006534757224
219889	0.001979622077
219890	0.002683271974
219891	0.0001244308015
219892	0.0003808573589
219893	0.001872030972
219894	0.001761475474
219895	0.00094172419
219896	0.00149456812
219897	0.000462948727
219898	0.002392965112
219899	0.004783805783
219900	0.0005731226212
219901	0.0003890756875
219902	0.0002883093213
219903	0.001388039365
219904	0.0004578329305
219905	0.0005005862221
219906	0.001121396874
219907	0.001567152287
219908	0.002034747194
219909	0.0009477144001
219910	0.000594522017
219911	0.001413646846
219912	0.002093794883
219913	0.0007783158571
219914	0.0003147517826
219915	0.000399290213
219916	0.0003333298669
219917	0.0002850065051
219918	0.00111600966
219919	0.0002391360175
219920	0.0001775183851
219921	0.001996910527
219922	6.264690778e-05
219923	0.0006293296189
219924	7.595848744e-05
219925	0.001728769791
219926	0.0004889484395
219927	0.0004127641035
219928	0.0003094512232
219929	0.0004530552581
219930	0.0002375975917
219931	0.0002638247317
219932	8.236198578e-06
219933	0.0001501631258
219934	0.001915700744
219935	0.0008914883644
219936	0.001038696716
219937	0.0004961651637
219938	0.0002240485764
219939	0.0002640012922
219940	0.0001494451954
219941	0.0009350874919
219942	0.0008901143559
219943	0.0004716940888
219944	0.0004249348283
219945	0.0004530584336
219946	0.001041310862
219947	0.0004987701289
219948	0.00263214544
219949	0.0006464440608
219950	0.0007762558587
219951	0.0002813797946
219952	0.0008776639351
219953	0.002024395619
219954	0.001944541353
219955	0.002964622334
219956	0.000598270473
219957	0.000269008436
219958	0.003246463698
219959	0.003191902183
219960	0.001839824173
219961	0.001982146062
219962	0.003015779968
219963	0.00294442861
219964	0.003321488967
219965	0.001557953637
219966	0.003468792114
219967	0.003484883973
219968	0.003155716453
219969	0.00563907391
219970	0.002481015119
219971	0.00237670379
219972	0.002759439235
219973	0.002357198495
219974	0.001975642456
219975	0.003523463062
219976	0.0008142994403
219977	0.001819337343
219978	0.002928266832
219979	0.002961314224
219980	0.003391590705
219981	0.002088216964
219982	0.00244021771
219983	0.003427928776
219984	0.004048057132
219985	0.003066440033
219986	0.002837640323
219987	0.004158113643
219988	0.001563479502
219989	0.002468427163
219990	0.00209725413
219991	0.0007537617913
219992	0.001640165274
219993	0.001886633388
219994	0.002508868615
219995	0.00260795819
219996	0.001190775282
219997	0.00125382241
219998	0.001973586058
219999	0.002410730654
220000	1.262274391e-05
220001	0.0002601672351
220002	0.002815504571
220003	0.0009289297219
220004	0.002450783611
220005	0.00208917788
220006	0.001579248429
220007	0.001863444781
220008	0.001488902822
220009	0.003155563202
220010	0.004326528856
220011	0.001894705164
220012	0.001731490194
220013	0.0005052540542
220014	0.001806821425
220015	0.002318641738
220016	0.002383424457
220017	0.002171745843
220018	0.0009083951911
220019	0.002554509387
220020	0.001701026563
220021	0.001180706631
220022	0.00149120855
220023	0.002363050617
220024	0.002375431838
220025	0.001005932776
220026	0.001379984686
220027	0.001262892303
220028	0.001862052426
220029	0.000895977661
220030	0.002836640861
220031	0.001435016084
220032	0.0004028188166
220033	0.001107607579
220034	0.0001016130446
220035	0.001555609378
220036	0.002101657564
220037	0.003027223362
220038	0.001675695254
220039	0.001519396032
220040	0.002480185215
220041	0.0003270062482
220042	0.001222181603
220043	0.001523957875
220044	0.0003084273219
220045	0.002079187892
220046	0.001662806927
220047	0.0002789506758
220048	0.001120991634
220049	0.0006132793226
220050	0.0004942185541
220051	0.0005551323013
220052	0.0009484115657
220053	0.0003487188632
220054	0.0002507414881
220055	0.0001680906493
220056	0.0006257456715
220057	0.002025489543
220058	0.001768776412
220059	0.0006466019939
220060	0.0007222220014
220061	0.0008616075795
220062	0.000501708857
220063	0.0007251694791
220064	0.0002840606919
220065	8.161602422e-05
220066	0.001143386303
220067	0.0006390985472
220068	0.001208799579
220069	0.002156578388
220070	0.003772664009
220071	0.005322145019
220072	0.002976449526
220073	0.0002955880379
220074	0.0009163851406
220075	0.001061058917
220076	0.0004999747534
220077	0.0001923758459
220078	0.0004132469916
220079	0.0006066611088
220080	0.001169326404
220081	0.0006018243107
220082	0.0002151429842
220083	0.0007824585741
220084	0.0007036884011
220085	0.0001777104418
220086	0.001798844925
220087	0.0006101846797
220088	0.001112687402
220089	0.0007822083183
220090	0.0004295450613
220091	0.0008914543207
220092	0.0001678859745
220093	0.0004368516381
220094	0.0006694429687
220095	0.0006164312048
220096	6.53251969e-05
220097	0.0001961831163
220098	0.001221504173
220099	0.001038962564
220100	0.00143362527
220101	0.0006062343217
220102	0.0009375616653
220103	7.340608363e-05
220104	0.0003747796107
220105	0.0004849082179
220106	1.307048669e-05
220107	0.0004903667943
220108	2.10507395e-05
220109	0.0006000428462
220110	0.001054738782
220111	0.0001192565626
220112	0.0009217426589
220113	0.0006132838908
220114	0.001907743923
220115	0.0007611274835
220116	0.001489439949
220117	0.002894876005
220118	0.0001192689107
220119	0.001727509939
220120	0.003376832643
220121	0.0009928970517
220122	0.00253019177
220123	0.0005861171636
220124	0.001509925936
220125	0.0005284372696
220126	0.000335530076
220127	0.002536290434
220128	0.001229974528
220129	0.000164064645
220130	0.001229269354
220131	0.0001895704248
220132	8.512765683e-05
220133	0.0006196058103
220134	0.0008310327897
220135	0.002225323304
220136	0.002932957993
220137	0.0008377433705
220138	0.001864514469
220139	0.0008227153646
220140	0.001269661024
220141	0.0008545164685
220142	0.001275931144
220143	0.002633838075
220144	0.0008629143932
220145	0.003754156268
220146	0.0003206170946
220147	0.002415712529
220148	0.0001989746409
220149	0.0003916549413
220150	0.000411835419
220151	0.0008858469712
220152	0.0009768372877
220153	1.810924624e-05
220154	0.0009167345409
220155	0.001503347773
220156	0.0008031717394
220157	0.0004491982792
220158	0.0009114382743
220159	0.001573764796
220160	0.0006494488452
220161	0.000521540579
220162	0.001289405075
220163	0.001941433114
220164	0.0003060500864
220165	0.0005558425537
220166	3.032220874e-05
220167	0.001273491767
220168	0.0003383898293
220169	0.000637325938
220170	0.0006705914548
220171	0.0006758083167
220172	0.001689462116
220173	2.647578825e-05
220174	0.0004657481984
220175	0.002492455923
220176	0.001274521102
220177	0.001538281772
220178	0.000645344521
220179	0.001650883599
220180	0.0003402768627
220181	0.001089196883
220182	0.001202698669
220183	0.0007749434176
220184	0.001082109836
220185	0.0008259765317
220186	0.0007135590744
220187	0.0002509002252
220188	0.0005136606298
220189	0.0001093986942
220190	0.000807618311
220191	0.001391685546
220192	9.452132413e-05
220193	0.004731466987
220194	0.002232591314
220195	0.0001851433269
220196	0.0008950130079
220197	0.0009264057874
220198	0.0003477754774
220199	0.0002473997824
220200	0.000699505614
220201	0.0009880190825
220202	0.001406385073
220203	0.001271716179
220204	0.0006695807767
220205	0.0007564007342
220206	0.003243342183
220207	0.001207771287
220208	4.267173076e-05
220209	0.0007561393112
220210	0.0009350357355
220211	0.0001756146212
220212	0.0001561548813
220213	0.00224691774
220214	0.0003430562756
220215	0.00147042903
220216	0.002104458024
220217	0.0004874867713
220218	0.0005052710834
220219	0.001077911124
220220	0.0008699614528
220221	0.001497986784
220222	0.001605832446
220223	8.494697109e-05
220224	0.0003144776041
220225	0.001133449787
220226	0.001157335861
220227	0.002234749095
220228	0.001881412831
220229	0.0009943835158
220230	0.003263064281
220231	0.004348033382
220232	0.006210934132
220233	0.0008531734395
220234	0.001187938868
220235	0.001565587569
220236	0.001372257478
220237	3.555000505e-05
220238	0.0004621850076
220239	0.001011115257
220240	0.0009569452154
220241	0.001134996397
220242	0.001077126178
220243	0.0008494162925
220244	0.001287215867
220245	0.001503413958
220246	0.001102152828
220247	9.721270386e-05
220248	0.00220221823
220249	0.0006270231108
220250	0.0001002544038
220251	0.001025020662
220252	0.001458510379
220253	0.002131053784
220254	1.972255692e-05
220255	0.003440735424
220256	0.001581100193
220257	0.001142161567
220258	0.002086210234
220259	0.0008185734354
220260	0.0004927365238
220261	0.0002060559087
220262	0.002778991163
220263	0.00409788409
220264	0.002435104011
220265	0.0003971125552
220266	0.001061810382
220267	0.0004286988933
220268	0.0008774048274
220269	0.0003803529441
220270	0.0002438165634
220271	0.001018182157
220272	0.0001135122899
220273	0.0004653030254
220274	0.0009883653976
220275	0.0006870901631
220276	0.001022644331
220277	0.00214032721
220278	0.0008450093836
220279	0.001265755222
220280	0.0005524608638
220281	0.0001281498264
220282	0.0001407656946
220283	0.005430517448
220284	0.0007606159229
220285	0.0003555881417
220286	0.0004586475889
220287	0.001593604608
220288	0.0002150496953
220289	0.0001543146598
220290	0.0002808441012
220291	0.0009063188867
220292	0.001206344784
220293	0.0003722175907
220294	0.0001814866835
220295	0.001600371218
220296	0.000785163262
220297	0.0003468318935
220298	0.0002667957663
220299	0.0001557268921
220300	0.001327722529
220301	0.0003395595203
220302	0.0004232939596
220303	0.00131434461
220304	0.000901818791
220305	0.0004129962565
220306	0.002974570361
220307	0.001562274603
220308	0.0004097167729
220309	0.0004239110669
220310	0.0004627082642
220311	0.002506836652
220312	0.0005349888251
220313	7.753085685e-05
220314	0.0004028368964
220315	0.0007072363854
220316	0.0006545726784
220317	0.0002863540154
220318	0.0006016956011
220319	0.0004902324272
220320	0.0004974281513
220321	0.0006557900334
220322	0.001478305226
220323	0.0005734584883
220324	0.0003626738813
220325	0.002772973861
220326	0.002794269905
220327	0.001196368999
220328	0.002515505895
220329	0.002748958144
220330	0.002556614296
220331	0.003001779851
220332	0.003380803374
220333	0.002448544238
220334	0.003244367331
220335	0.004993223341
220336	0.001458183213
220337	0.00206229142
220338	0.001797749463
220339	0.001342667654
220340	0.003553402059
220341	0.002135947373
220342	0.001400374212
220343	0.004417558557
220344	0.002710251883
220345	0.002110510758
220346	0.0008952588206
220347	0.001657027978
220348	0.003181392194
220349	0.003149783165
220350	0.002081792768
220351	0.001351081819
220352	0.003478194787
220353	0.00127001413
220354	0.003401429069
220355	0.002652152578
220356	0.003408919834
220357	0.003181789721
220358	0.001545503682
220359	0.003414120604
220360	0.001812956048
220361	0.001896817051
220362	0.003247898167
220363	0.002425957461
220364	0.0040466551
220365	0.002969398395
220366	0.003011902653
220367	0.003447574087
220368	0.003422119442
220369	0.003176499501
220370	0.003335517885
220371	0.004950840406
220372	0.002034557713
220373	0.004061670791
220374	0.003725603429
220375	0.00340851742
220376	0.002621611833
220377	0.0019384783
220378	0.002256075392
220379	0.001492463423
220380	0.0009977602609
220381	0.001550963509
220382	0.001450311366
220383	0.001382844008
220384	0.0007026117201
220385	0.001346075683
220386	0.001016299407
220387	0.002118030497
220388	0.001745453627
220389	0.005360475907
220390	0.002306829233
220391	0.001998143101
220392	0.001747583729
220393	0.0007477386844
220394	0.0002052890931
220395	8.267191695e-05
220396	0.001605855759
220397	0.001675684993
220398	0.0001010043358
220399	0.001591159713
220400	0.001455959664
220401	0.00106321034
220402	0.0009663913274
220403	0.002279626629
220404	0.001891103447
220405	0.001051159312
220406	0.0004671062996
220407	0.001529727741
220408	0.001721430306
220409	0.001297182401
220410	0.000492418133
220411	0.0005596158646
220412	0.00267608134
220413	0.002377847753
220414	0.001779414516
220415	0.002102964207
220416	0.0006262461837
220417	0.0003611790207
220418	0.0008455583144
220419	0.0009707102423
220420	0.00172138048
220421	0.002730566154
220422	0.0005658885197
220423	0.000349126177
220424	0.002900093509
220425	0.001931585391
220426	0.001207311296
220427	0.003292666809
220428	0.002072755012
220429	0.002168281165
220430	0.00203210483
220431	0.001863164815
220432	0.0005441925659
220433	0.001875724081
220434	0.002384185304
220435	0.001263481754
220436	0.001654983344
220437	0.002611240034
220438	0.001913190838
220439	0.001814849336
220440	0.001618186583
220441	0.001690939145
220442	0.001137817736
220443	0.001363654464
220444	0.001615147572
220445	0.001126700586
220446	0.001628379407
220447	0.004016024335
220448	0.001884155736
220449	0.002704949825
220450	0.001712719908
220451	0.0002973464207
220452	0.001309588963
220453	0.002433778341
220454	0.002947704654
220455	0.00258024977
220456	0.002237108832
220457	0.003375145921
220458	0.002682479973
220459	0.0004839138165
220460	0.002687164495
220461	0.002522153203
220462	0.002045036756
220463	0.00251249562
220464	0.0008441370786
220465	0.00127047231
220466	0.0015142294
220467	0.001631842759
220468	0.001940826384
220469	0.001557360988
220470	0.002426599809
220471	0.0009996655187
220472	0.001863062678
220473	0.002622780312
220474	0.0002575143392
220475	0.001326790752
220476	0.002021261702
220477	0.00124589205
220478	0.001980703071
220479	0.002727477538
220480	0.002570369197
220481	0.001963097311
220482	0.001304071982
220483	0.001532416149
220484	0.001392630823
220485	0.001522910681
220486	0.004659809095
220487	0.002024287122
220488	0.001360241825
220489	0.0005748646011
220490	0.0009150930152
220491	0.0006367481552
220492	0.002831059335
220493	0.001626262899
220494	0.0005105791794
220495	0.001894449787
220496	0.0005012829373
220497	0.001367940991
220498	0.002953810097
220499	0.001741629987
220500	0.001317532309
220501	0.002679518492
220502	7.565844125e-05
220503	0.0008475000825
220504	0.001321359269
220505	0.001092766816
220506	0.0014060871
220507	0.0009914117963
220508	0.001071542253
220509	0.001407628905
220510	0.001392898938
220511	0.0009833326929
220512	0.001283226392
220513	0.001324218166
220514	0.001264114049
220515	0.002037329691
220516	0.001202479437
220517	0.000806158427
220518	0.001596761476
220519	0.0008167858581
220520	0.001120054246
220521	0.0004120809119
220522	0.001230018412
220523	0.00146908901
220524	0.001136337283
220525	0.0004034412771
220526	0.0001110810884
220527	0.00123043008
220528	0.003251901991
220529	0.001323839905
220530	0.002983853141
220531	0.002224856277
220532	0.000801195432
220533	0.005279249247
220534	0.003761215941
220535	0.001982914281
220536	0.00329375293
220537	0.0009031581761
220538	0.001187367642
220539	0.0015675255
220540	0.003371252375
220541	4.638882671e-05
220542	0.003629425284
220543	0.0004750305042
220544	0.003695164555
220545	0.00101151869
220546	0.001056542861
220547	0.0003424433666
220548	0.0008112458637
220549	0.00110431548
220550	0.001420401172
220551	0.002148765915
220552	0.002723400201
220553	0.0001001528864
220554	0.0007142025398
220555	0.00439270023
220556	0.0005418368415
220557	0.0007925261133
220558	0.001115969406
220559	7.88125159e-05
220560	0.0004202771011
220561	0.0004001485428
220562	0.0005649998416
220563	0.001665141952
220564	0.0005202412352
220565	0.0001856762109
220566	0.001832730526
220567	9.372632004e-05
220568	0.000138377148
220569	0.00206090123
220570	1.552656643e-05
220571	0.003337669234
220572	1.743818262e-05
220573	0.001205274286
220574	0.0007855411001
220575	0.001019382901
220576	0.001566474742
220577	0.0002067922203
220578	0.0001598543486
220579	0.0006107642548
220580	0.0002752984085
220581	0.001436654762
220582	0.001917433358
220583	0.003036859003
220584	0.002557004024
220585	0.0002871230373
220586	0.00217223321
220587	0.000741929749
220588	0.0006570191743
220589	0.0008730173429
220590	0.0005259561619
220591	0.0003282121315
220592	0.000135309031
220593	0.001020055315
220594	0.001476826784
220595	0.0007737871187
220596	0.0003625765095
220597	0.0005139360183
220598	0.000373751879
220599	0.001440672954
220600	0.0007492830175
220601	0.0008415629673
220602	0.001884871979
220603	0.000562977701
220604	0.001506852837
220605	0.002580378282
220606	0.002107973938
220607	0.001949443337
220608	0.001392075449
220609	0.0002291512693
220610	0.0001917086177
220611	0.0006636250723
220612	0.0003277883341
220613	0.0008166103948
220614	0.0003304293389
220615	0.001024444957
220616	2.422908788e-05
220617	0.001544413049
220618	0.001565949797
220619	0.0005534227248
220620	0.0006921359061
220621	8.090161303e-05
220622	0.000210742287
220623	0.0006643692573
220624	7.736065123e-05
220625	0.0004279154212
220626	0.0007526504071
220627	0.0008525590373
220628	8.99971711e-05
220629	0.0003741940624
220630	0.0004658425427
220631	0.0001865377771
220632	6.27307308e-05
220633	0.0005349649596
220634	0.0002210708054
220635	0.0003526119618
220636	0.0004092654202
220637	0.0008811373788
220638	0.0009201206257
220639	0.00229775843
220640	8.189866937e-05
220641	0.0008643451867
220642	0.0005182627468
220643	0.0005494594061
220644	0.0003885195156
220645	0.0001663774443
220646	1.510958968e-06
220647	0.0001385091366
220648	0.0004011879261
220649	0.0001294466629
220650	0.001348793247
220651	0.0006481420849
220652	0.001220318427
220653	0.0003266064204
220654	0.002413310891
220655	0.001062037382
220656	0.002165767799
220657	0.000477953734
220658	0.0005121376837
220659	0.000272569501
220660	4.643774215e-05
220661	3.124313417e-05
220662	2.47853918e-05
220663	0.0002088651273
220664	0.0002907166547
220665	0.0001616301955
220666	0.001604070317
220667	0.0001017032168
220668	0.0006767723929
220669	0.001184685704
220670	4.36624218e-05
220671	0.0008725490767
220672	0.001041019905
220673	0.0003084669491
220674	0.0007623770798
220675	0.0003054485731
220676	0.002880696819
220677	0.002725983251
220678	0.0004969483108
220679	0.0003895752953
220680	0.001455085484
220681	0.001215218974
220682	0.0007104154903
220683	0.0009060894901
220684	0.0002385404543
220685	0.001399364853
220686	0.0006590173253
220687	0.0004518769924
220688	0.003816291141
220689	0.00107681412
220690	0.0002156611467
220691	0.0002963217353
220692	0.0008989085436
220693	0.003273831029
220694	0.0002078600601
220695	0.0001995322827
220696	3.307278106e-06
220697	0.0001157629915
220698	0.0007398517737
220699	0.0008415498887
220700	0.0006752637279
220701	0.0008877145135
220702	0.001910439231
220703	0.0005409626438
220704	0.0002943688966
220705	0.001048810527
220706	0.001403683722
220707	1.819907189e-05
220708	0.0002893384156
220709	0.001056259447
220710	0.001560980926
220711	0.0005694987004
220712	0.001263670826
220713	0.0001309905946
220714	0.0001838026399
220715	0.0004759580075
220716	0.001300421605
220717	0.001479858492
220718	0.0004925875645
220719	0.0007409992249
220720	0.0005292732619
220721	0.000737544173
220722	0.0004176617341
220723	0.0004454915935
220724	0.002280155724
220725	0.00136399133
220726	0.001008211057
220727	0.001321251489
220728	0.0008736078406
220729	0.001595985722
220730	0.001245200871
220731	0.00112921917
220732	0.001056797308
220733	0.0002015970162
220734	0.0009833376703
220735	0.00109536102
220736	0.000751533204
220737	0.00130353617
220738	0.001954747258
220739	0.001774930035
220740	0.001308984813
220741	0.0001588075681
220742	0.000274938996
220743	0.0009418374173
220744	0.001416499532
220745	9.815714422e-05
220746	0.0003915629665
220747	0.001384818206
220748	0.001572246903
220749	0.0002030064275
220750	0.0005161875092
220751	0.0003516037632
220752	0.000689570695
220753	0.000243123012
220754	0.001490377931
220755	0.0009648561371
220756	0.0009329049114
220757	0.001787795772
220758	0.00380441203
220759	0.001655414733
220760	0.0002213528561
220761	0.002100442001
220762	0.0005499984333
220763	0.0004970209579
220764	0.001829982767
220765	0.0004550912086
220766	0.0006828986277
220767	0.0001026592871
220768	0.001215263685
220769	0.0002294439219
220770	0.0008183783582
220771	0.0006666250677
220772	0.0002059762647
220773	0.0008435147523
220774	6.479389166e-05
220775	0.0003705884475
220776	0.0002250619545
220777	0.001875625496
220778	0.001147814316
220779	0.0003446236711
220780	0.0005196518484
220781	0.0005236391293
220782	0.0006689851492
220783	0.0003073457889
220784	0.0001255466608
220785	0.000143642733
220786	0.0004259731551
220787	0.0001419491205
220788	0.0004045160001
220789	0.002672561561
220790	0.0004907793873
220791	0.0009757726722
220792	0.0008715920106
220793	0.001107817122
220794	0.0004685668769
220795	0.0001418269853
220796	0.0028685912
220797	0.0004503451898
220798	0.0006321427689
220799	0.0008123376951
220800	0.001690390033
220801	0.003997854841
220802	0.0002809818354
220803	0.001414768017
220804	0.003024608791
220805	0.003088460856
220806	0.001156597222
220807	0.0001025359887
220808	0.0004593398462
220809	0.0003978406887
220810	0.003583179116
220811	0.0009650258003
220812	0.0006081397666
220813	0.002943994173
220814	0.002241350053
220815	8.155540188e-05
220816	0.0009647615876
220817	0.0001497260196
220818	0.0003586738737
220819	0.002682802163
220820	0.0007165621682
220821	0.0001131068735
220822	0.0006909203345
220823	0.0003406138383
220824	0.002404415758
220825	0.001119953011
220826	0.001037441676
220827	0.0004371021352
220828	0.0007052921513
220829	0.001407663081
220830	0.001640608215
220831	0.0002848472204
220832	0.0004779725541
220833	0.0008449425158
220834	0.00059720914
220835	0.0009213124398
220836	0.0003755356954
220837	0.001018882567
220838	0.0001741536125
220839	0.0001416502368
220840	0.001458927874
220841	0.0004505146624
220842	0.0001761283137
220843	0.0003470875701
220844	0.002072363383
220845	0.000615062206
220846	0.0006487620682
220847	0.001878435513
220848	0.001789139794
220849	0.001056188849
220850	0.0007684002784
220851	0.0003520070634
220852	0.001150968948
220853	0.002981162261
220854	0.0009259341262
220855	0.0007176453176
220856	0.001958704562
220857	0.003068301661
220858	0.001828340833
220859	3.133973758e-05
220860	0.001206931319
220861	0.001591778773
220862	0.001883313307
220863	0.00035042624
220864	0.002797488272
220865	0.001349230094
220866	0.0001620191569
220867	0.0008380759229
220868	0.0004563357239
220869	0.0002721085888
220870	0.0009208855607
220871	0.001266263809
220872	0.0008879404149
220873	0.001027400907
220874	0.0009505819502
220875	0.001153653196
220876	0.0005999441698
220877	0.0002006671278
220878	0.0003030347657
220879	3.041477562e-05
220880	0.0009323554827
220881	0.001484680653
220882	0.004560285384
220883	0.000767391628
220884	0.005632127793
220885	0.000300512999
220886	0.001473818638
220887	0.0007902821323
220888	0.003634281081
220889	0.0002983815089
220890	0.002056183516
220891	0.003544359654
220892	0.003648149378
220893	0.003097811141
220894	0.001473381437
220895	0.004953803478
220896	0.001125164501
220897	0.0007830762066
220898	0.005235178025
220899	0.001509716229
220900	0.002970711935
220901	0.001890287068
220902	0.001810536763
220903	0.002100297656
220904	9.504381648e-05
220905	0.0003820714661
220906	0.001083068609
220907	9.501315998e-05
220908	0.002106437538
220909	0.001143270745
220910	0.001949729268
220911	0.003221005126
220912	0.001111677203
220913	0.003696469322
220914	0.002437790611
220915	0.001428916576
220916	0.0006443773072
220917	0.0008072470738
220918	0.0005683619575
220919	0.0005966335728
220920	0.000150000836
220921	0.003254866167
220922	0.0008290585882
220923	0.0004618730194
220924	0.002641835796
220925	2.694379714e-05
220926	0.002423936816
220927	0.003303210229
220928	0.002353926252
220929	0.001150402214
220930	0.0002419632361
220931	0.0003017481841
220932	0.001209675739
220933	0.004693619458
220934	0.001370922648
220935	0.0003217032041
220936	0.006922325024
220937	0.004432671513
220938	0.0001328094594
220939	0.002036655798
220940	0.001064522146
220941	0.000488264998
220942	0.001580910298
220943	0.0002714131319
220944	0.001186857801
220945	0.003058265845
220946	0.0003940880513
220947	0.003826311886
220948	0.0003073626993
220949	0.007620975079
220950	0.002913867524
220951	0.003902745984
220952	0.0004353390048
220953	5.190309077e-05
220954	0.002646504566
220955	0.0006239897873
220956	0.004247753735
220957	0.0006446664191
220958	0.003032449657
220959	0.0007950522258
220960	0.00258509003
220961	0.004196188339
220962	0.001611304423
220963	0.004158633695
220964	0.002970922062
220965	0.0001573631407
220966	0.0007122392669
220967	0.002933309906
220968	9.15328934e-05
220969	0.0007882564272
220970	0.004096768571
220971	0.001550167664
220972	0.001448649716
220973	0.0005214059088
220974	0.001141289481
220975	0.001767374922
220976	0.0006488980722
220977	0.0008426175675
220978	0.002188145019
220979	0.001909975628
220980	0.0003197183181
220981	0.001132875646
220982	0.0004995996665
220983	0.001133749115
220984	0.005081854941
220985	0.0004686092084
220986	0.001954951696
220987	0.002682828305
220988	5.904597944e-05
220989	0.002833562108
220990	0.001571613559
220991	0.0002125700172
220992	0.0009435501165
220993	0.001733162067
220994	0.003169799733
220995	0.001149693785
220996	0.00284463429
220997	0.001843416063
220998	0.001234594762
220999	0.0003124076163
221000	0.001109028026
221001	0.001033865226
221002	0.00104431282
221003	0.001920809481
221004	0.002068129614
221005	0.002824050187
221006	0.006648898313
221007	0.002754323806
221008	0.0004748057109
221009	0.001285464523
221010	0.002174370098
221011	0.006247532761
221012	0.001262082612
221013	0.0003140110435
221014	0.006469687022
221015	0.0002499331756
221016	0.002409345253
221017	0.0001475442278
221018	0.002516869875
221019	0.00125860627
221020	0.0007291087924
221021	0.001455387589
221022	0.001871260096
221023	0.001379044911
221024	0.002055118479
221025	0.001956841186
221026	0.001829141225
221027	0.0008942956293
221028	0.002272666237
221029	0.000481118096
221030	0.001180241419
221031	0.0004242923949
221032	0.001988608298
221033	0.0007672929198
221034	0.0001618627519
221035	0.0004066963197
221036	0.001743122143
221037	0.0002383860773
221038	0.002659010722
221039	0.002953471822
221040	0.001603904312
221041	0.001071615993
221042	0.001823964856
221043	0.001114960585
221044	0.002363990871
221045	0.000768717816
221046	0.000112711149
221047	0.002016949063
221048	0.001628221623
221049	0.004026005639
221050	0.003294281362
221051	0.0006832621479
221052	0.001624348105
221053	0.001507038833
221054	0.0004670898592
221055	0.0006296808258
221056	0.0002278125716
221057	0.0008067321783
221058	0.00123752766
221059	0.0001185817269
221060	0.0001123131307
221061	0.001869419841
221062	0.0001898339946
221063	0.0008892459941
221064	0.001076464209
221065	0.0001641126625
221066	0.00200568699
221067	0.001574037998
221068	0.0002199537356
221069	0.00171459421
221070	0.001622822697
221071	0.001252786254
221072	0.004636961008
221073	0.006689674282
221074	0.001323444886
221075	0.003769552244
221076	0.002682319365
221077	0.0006732523097
221078	0.0007436394363
221079	0.003939200223
221080	0.001090176055
221081	0.001328728886
221082	0.0004537239921
221083	0.0006005386265
221084	0.001501680876
221085	0.0001977320894
221086	0.000383805355
221087	0.007741927849
221088	0.0001236006809
221089	9.362029184e-06
221090	0.001194523087
221091	0.005349779115
221092	0.003877957179
221093	0.00464984456
221094	0.0002924496434
221095	0.001219141477
221096	0.003563534803
221097	0.001893348428
221098	0.004554119789
221099	0.005630051013
221100	0.0004743406128
221101	0.0003665857922
221102	0.001189027536
221103	1.494465844e-05
221104	0.002405529267
221105	0.0003481826097
221106	0.0002008398866
221107	0.0009469704615
221108	5.156925517e-05
221109	0.005392195694
221110	0.002813937522
221111	0.001125522554
221112	0.0004647501795
221113	0.001427534193
221114	0.002416104067
221115	0.001777714047
221116	0.000251060568
221117	0.0001122486424
221118	9.824804168e-05
221119	0.000856942832
221120	0.001249197162
221121	0.0003627017522
221122	0.002022442664
221123	0.003070938337
221124	0.001826988239
221125	0.003208519258
221126	0.0004698536198
221127	0.002623412335
221128	0.002192721953
221129	0.002609796152
221130	0.0006065090686
221131	0.0009752344162
221132	0.001609095304
221133	0.0003594850095
221134	0.002037630973
221135	0.0002310058708
221136	0.001504346524
221137	0.003273310437
221138	0.002231908716
221139	0.001302364517
221140	0.000155011952
221141	0.001630853102
221142	0.007435734061
221143	0.003663721016
221144	0.0006236976807
221145	0.0008933224239
221146	0.0009711707409
221147	0.001776540815
221148	0.001901420406
221149	0.003087253933
221150	0.005827314341
221151	0.002147398071
221152	0.003566661383
221153	0.0003758222276
221154	0.00405737139
221155	0.003948647745
221156	0.00127342042
221157	0.001675165551
221158	0.004540331237
221159	0.0005575660999
221160	0.0003488286144
221161	0.001580910983
221162	0.002403998827
221163	0.006165360348
221164	0.002050458363
221165	0.0009189605227
221166	0.004941035214
221167	0.002107769615
221168	0.003529764099
221169	0.001038396343
221170	0.001092903532
221171	0.004740206237
221172	0.002028016004
221173	0.0008801398628
221174	0.001376043697
221175	0.002013696247
221176	0.00373238795
221177	4.884097167e-05
221178	0.004353754532
221179	0.001936373853
221180	0.00199507934
221181	0.005219947949
221182	0.001798971981
221183	0.002110710905
221184	0.001224620168
221185	0.0006652325841
221186	0.001715163436
221187	0.001341202165
221188	0.0001532023218
221189	0.002285815751
221190	0.001360206542
221191	0.001479112449
221192	0.002283609563
221193	0.001521385461
221194	0.003142557984
221195	0.001906624668
221196	0.004791845356
221197	0.001846642391
221198	0.002038641721
221199	0.002020493507
221200	0.0006138842186
221201	0.0002870195259
221202	0.0005833054417
221203	0.001940044439
221204	0.002101938345
221205	0.0007163624785
221206	0.0002023311105
221207	0.0004676744888
221208	0.003913551828
221209	0.003209067154
221210	0.002531405561
221211	0.002039854553
221212	0.0007332873838
221213	0.001980986848
221214	0.0003390446394
221215	0.0007429939161
221216	0.003611862304
221217	0.0008475366014
221218	0.0003482259702
221219	0.001270879877
221220	0.003536635806
221221	0.002569912068
221222	0.001118960913
221223	0.002898745558
221224	0.0005652237587
221225	0.002081648165
221226	0.001536664251
221227	0.003298051543
221228	0.002816588849
221229	0.0008985619765
221230	0.003902682012
221231	0.0009391424113
221232	0.00011549137
221233	0.0009541754589
221234	0.0008757270634
221235	0.001923329201
221236	0.003096631296
221237	0.0001804640482
221238	0.0008446851455
221239	0.001247797043
221240	0.001675055825
221241	0.002164879136
221242	0.002507441295
221243	0.001999709563
221244	0.0001084519727
221245	0.0005471710676
221246	0.002853714771
221247	0.001233113182
221248	6.349285524e-05
221249	0.001046638109
221250	0.0006962444016
221251	0.001226637833
221252	0.004327088464
221253	0.0002563454779
221254	0.0004948465117
221255	0.003572578227
221256	0.0002887744601
221257	0.001659933724
221258	0.004866674764
221259	0.000521824603
221260	0.0001811177782
221261	0.00352608114
221262	0.001912037459
221263	0.001146297995
221264	0.0001982505149
221265	0.001674343489
221266	0.0007738917497
221267	0.001073738906
221268	0.000212062473
221269	0.0005109909184
221270	0.000130906777
221271	0.001668741538
221272	0.005065648492
221273	0.005206844642
221274	0.0002796154207
221275	0.000880562187
221276	0.0003498623122
221277	0.0001649914927
221278	0.003085401134
221279	0.0003584569879
221280	0.001094718298
221281	0.001932070611
221282	0.003284719266
221283	0.0004913641103
221284	0.001645600139
221285	0.002623425337
221286	0.005364287336
221287	0.001373939966
221288	0.0006980367158
221289	0.001153322586
221290	0.001418866825
221291	0.0005078752119
221292	0.001512621419
221293	0.0004634565143
221294	0.00101828928
221295	0.0003945728453
221296	0.0009959623772
221297	0.0007801045652
221298	0.00219325543
221299	0.0008856754553
221300	0.002553959811
221301	0.003303815706
221302	0.0005068218471
221303	0.001104643701
221304	0.002564679318
221305	0.001258919675
221306	4.965578357e-05
221307	0.005166582431
221308	0.001351858656
221309	0.001375593082
221310	0.003620849524
221311	0.001165633922
221312	0.002516306594
221313	0.00105640976
221314	0.00120895499
221315	0.004211331847
221316	0.001139286433
221317	0.0008733329033
221318	0.001522062333
221319	0.001145293145
221320	0.001094485303
221321	3.739768723e-05
221322	0.0003498389346
221323	0.0008701391729
221324	0.0004344371285
221325	0.001353622061
221326	0.0008762229238
221327	0.00360608466
221328	0.003991683515
221329	0.0009399685249
221330	0.002838289683
221331	0.000305916221
221332	0.002952325452
221333	0.003810710147
221334	0.001225139951
221335	0.0003441851427
221336	0.0008369870469
221337	0.009846567883
221338	0.001059601513
221339	0.001090853168
221340	0.002117300501
221341	0.002975117293
221342	0.002738236483
221343	0.0003048035734
221344	0.004086468
221345	0.003171634771
221346	0.002336121488
221347	0.003845251302
221348	0.007301205726
221349	0.003324183428
221350	0.0005199645559
221351	0.0001584538903
221352	0.001601432189
221353	0.001042729813
221354	0.001065323404
221355	0.005752400404
221356	0.0003212150322
221357	0.00751009808
221358	0.003851190955
221359	0.005072387542
221360	0.001119862291
221361	0.001840760172
221362	0.001561549175
221363	0.003560914121
221364	0.005187633466
221365	0.004484689618
221366	0.005189231405
221367	0.006233650126
221368	0.001371276157
221369	0.002310355496
221370	0.002824502988
221371	0.005346479493
221372	0.004359165751
221373	0.003451593667
221374	0.003034431058
221375	0.0006668494393
221376	0.001253731244
221377	0.0008388604594
221378	0.00283490621
221379	0.000458153029
221380	0.0006075732336
221381	0.001991283772
221382	0.0002504168499
221383	0.00282123757
221384	0.001179170447
221385	0.0009988858889
221386	0.002948383509
221387	0.003008029505
221388	0.002601560891
221389	0.006582715046
221390	0.0002272826902
221391	0.002084708822
221392	0.007851244735
221393	0.002692251909
221394	0.002068163262
221395	0.005763293226
221396	0.002663452879
221397	0.006186752271
221398	0.0003083952852
221399	0.001020712046
221400	0.003393990973
221401	0.003407042448
221402	0.0007598405231
221403	0.001027322882
221404	0.002329866756
221405	0.001555963339
221406	0.00233371649
221407	0.004451243041
221408	0.005423611062
221409	0.006436390015
221410	0.002952736543
221411	0.001235011731
221412	0.0003857634411
221413	0.0009977563592
221414	0.0006090814721
221415	0.0009992775017
221416	0.005460434904
221417	0.000158696726
221418	0.002702752644
221419	0.001290207953
221420	0.005249886696
221421	0.00661970542
221422	0.0008433707834
221423	0.003827656055
221424	0.001379828814
221425	0.001480260883
221426	0.001939500104
221427	0.002339267783
221428	0.000540711187
221429	0.0003553823849
221430	0.0003352879692
221431	0.000160848591
221432	0.001765756148
221433	0.001451950008
221434	0.003717803912
221435	0.004196728032
221436	0.0004397686284
221437	0.004496394312
221438	0.002329170191
221439	0.0009274499736
221440	0.01083686423
221441	0.00199303941
221442	0.001574809301
221443	0.001571014367
221444	0.0001304896574
221445	0.002930741146
221446	0.003345903493
221447	0.01128138449
221448	0.001617489324
221449	0.0004314401519
221450	0.0004010077112
221451	0.002719692207
221452	0.00386654287
221453	0.0002090554293
221454	5.224043721e-05
221455	0.0003664394315
221456	0.002831318936
221457	0.002084642364
221458	0.0006009439447
221459	0.0004664078329
221460	0.006036940014
221461	0.0008141400821
221462	0.0001764703667
221463	0.0002462792467
221464	0.00178939263
221465	0.0004813786481
221466	0.001170300719
221467	8.197530534e-05
221468	0.0004368883804
221469	0.0001193463786
221470	0.001227724155
221471	0.0006142045151
221472	0.001200371001
221473	4.701808349e-05
221474	0.001378173063
221475	6.572258958e-06
221476	0.0006417101037
221477	0.0006344141114
221478	0.0009984521446
221479	0.0007626837392
221480	0.003253579564
221481	0.004000405047
221482	0.000233363107
221483	0.001120088493
221484	0.003704381589
221485	0.003535165951
221486	0.00254736212
221487	0.001021257391
221488	0.004957598062
221489	0.001293538097
221490	0.0009390818752
221491	0.0002776155834
221492	0.001505839404
221493	0.001086062583
221494	0.005377288869
221495	0.003291873564
221496	0.003736824674
221497	0.003837788777
221498	0.002968338425
221499	0.00594380693
221500	0.000372015465
221501	0.003409622914
221502	0.0003249203526
221503	0.004203108902
221504	0.003770784301
221505	0.0009847674178
221506	0.003514071196
221507	0.0005145224708
221508	0.001818804145
221509	0.003125640927
221510	0.006773317929
221511	0.0008876988594
221512	0.001056495843
221513	0.001226569705
221514	0.00376595694
221515	0.002634688089
221516	0.001142386094
221517	0.0004188096727
221518	0.002682737959
221519	0.0007658405495
221520	0.001072943171
221521	0.0006088059571
221522	0.002170377511
221523	0.0004568291009
221524	0.001193178119
221525	0.001831696639
221526	0.003153088453
221527	0.001997900611
221528	0.0007427477048
221529	0.002306782703
221530	0.002204728921
221531	0.0002457460278
221532	0.007381194742
221533	0.0004270886424
221534	0.000525020691
221535	0.001351624854
221536	0.003804738329
221537	0.001723471553
221538	0.001663087188
221539	0.0002717536716
221540	0.0004250354303
221541	0.001288063821
221542	0.002214069969
221543	0.003246861231
221544	0.003406584238
221545	0.001527560785
221546	0.002935964863
221547	0.002470033595
221548	2.024479646e-05
221549	0.001269297302
221550	0.001292922224
221551	0.000853120431
221552	0.001503206627
221553	0.002542239878
221554	0.003691469168
221555	0.002482414153
221556	0.002878704457
221557	0.0003727733547
221558	0.003748930416
221559	0.002453414499
221560	0.001267387265
221561	0.0006624457626
221562	0.001922314198
221563	3.387368254e-05
221564	0.0007006291459
221565	0.0009583183995
221566	0.002269057382
221567	0.002000744645
221568	0.002848889325
221569	0.0006052082518
221570	0.001299565985
221571	0.004209587667
221572	0.00261655201
221573	0.007650196912
221574	0.004631891921
221575	0.002603545142
221576	0.001514153992
221577	0.003997887835
221578	0.0001072905399
221579	0.000532870041
221580	0.001013927342
221581	0.0002268728102
221582	0.001065320565
221583	0.001094217394
221584	3.894837187e-05
221585	0.003808950832
221586	0.006797641083
221587	0.001050047628
221588	0.006958875528
221589	0.001290471344
221590	9.991620053e-05
221591	0.001012950073
221592	0.000788447479
221593	0.0008784934292
221594	0.002236429469
221595	0.000237270667
221596	0.0009572904367
221597	0.001421484865
221598	0.0005746764887
221599	0.005663331518
221600	0.002779772508
221601	0.0002052257058
221602	0.002949286551
221603	7.808053196e-05
221604	0.0009953815227
221605	0.001127321048
221606	0.0007797729687
221607	0.0004339456006
221608	0.00167501791
221609	0.001061113108
221610	0.001065792742
221611	0.001414709527
221612	0.001790810937
221613	0.002652496382
221614	0.0004092569844
221615	0.001320808707
221616	0.002362108699
221617	0.001582430408
221618	0.001191852353
221619	0.002766849185
221620	0.001091835055
221621	0.002127638365
221622	0.0006095483402
221623	0.00394596127
221624	7.274864077e-06
221625	0.002401725175
221626	0.00058080815
221627	0.001147455758
221628	0.0001455925801
221629	0.001432394266
221630	0.001819667954
221631	9.84002209e-05
221632	0.001044276331
221633	0.001821534522
221634	0.002979000282
221635	0.00059052955
221636	0.001457918708
221637	0.00239298735
221638	0.001081980021
221639	0.004230378707
221640	0.005208010182
221641	0.0007730231351
221642	0.002711655741
221643	0.001159273316
221644	0.00101763686
221645	0.001327093537
221646	0.001645508512
221647	0.0003435609204
221648	0.00391364263
221649	0.005261696879
221650	0.00137561321
221651	0.0001429070484
221652	0.001822284576
221653	0.001986624088
221654	6.731490385e-05
221655	0.0006952211693
221656	0.0003632656409
221657	0.0005695284744
221658	0.0001472011355
221659	0.0006097261879
221660	0.0006051301089
221661	0.0005341689184
221662	0.0002949698359
221663	0.0002522548161
221664	5.22750333e-05
221665	0.0004723689049
221666	0.0006489069956
221667	0.0001523864375
221668	0.0003609746031
221669	0.0001342007121
221670	0.0003601666011
221671	0.0002052580966
221672	0.001541181373
221673	0.0002117835136
221674	0.0004889408278
221675	0.0009781415304
221676	0.0006451836535
221677	0.000549707005
221678	0.0001013188825
221679	0.0001529219202
221680	0.0002596730972
221681	0.0003634821909
221682	0.0003279510807
221683	0.0001732016392
221684	0.0009857102007
221685	6.923127449e-05
221686	0.0003153573764
221687	0.001080002065
221688	0.0001890230814
221689	0.0003531797055
221690	8.936465326e-06
221691	0.0006243948313
221692	0.0005384724001
221693	0.0003985001234
221694	0.0008393507252
221695	0.0003377250574
221696	0.001346276844
221697	0.000116760061
221698	0.001601566637
221699	0.0001121820379
221700	0.002883887423
221701	0.001605721907
221702	0.001036957106
221703	0.00205350075
221704	0.000989718074
221705	0.004112675568
221706	0.002644676947
221707	0.002634974261
221708	0.0009182929031
221709	0.001307151952
221710	0.0002865536322
221711	7.053302381e-05
221712	0.001164325259
221713	0.0006827795659
221714	0.0003470987892
221715	0.000493628975
221716	0.002692407246
221717	0.003919970242
221718	0.0004820947559
221719	0.002385994776
221720	0.0005159844568
221721	0.003667110311
221722	0.0002341473441
221723	0.002701476892
221724	0.009782729206
221725	0.002147055699
221726	0.003255866033
221727	0.004224311612
221728	0.002262291595
221729	0.000330462802
221730	0.003636133187
221731	1.400213751e-05
221732	0.002394321037
221733	0.0002737388236
221734	0.00201874411
221735	0.0008896524408
221736	0.002721993139
221737	0.005600651099
221738	0.001228642026
221739	0.001173210756
221740	0.002867421164
221741	0.001186312466
221742	0.003646477942
221743	0.001297200915
221744	0.001468211572
221745	0.000155184951
221746	0.002265020751
221747	0.002498360298
221748	0.0004305195788
221749	0.0005071124827
221750	0.0006087144981
221751	0.00045509728
221752	0.001073382375
221753	0.0007719958801
221754	0.001048568582
221755	0.001240886386
221756	0.001630109824
221757	0.002466175471
221758	0.00241203179
221759	0.0007992847747
221760	0.003465396377
221761	0.0003271172138
221762	0.00447567647
221763	0.002971300473
221764	0.003078360436
221765	0.002679294647
221766	0.00058985633
221767	0.003047102846
221768	0.003150214074
221769	0.002497448531
221770	0.0004391844584
221771	0.0006987071667
221772	0.003625550206
221773	0.00122759232
221774	0.00336153779
221775	0.0004740225092
221776	0.000799354752
221777	0.002208737441
221778	0.002358646652
221779	0.002235989493
221780	0.002330472612
221781	0.004178208463
221782	0.006014872769
221783	0
221784	0.007342408954
221785	1.060917517e-05
221786	0.001284902068
221787	6.577391102e-05
221788	0.00454302594
221789	0.0001674142764
221790	0.002457772766
221791	0.00183865774
221792	0.001142179105
221793	0.000466972852
221794	0.005852909108
221795	0.001945944791
221796	0.0004567493913
221797	0.003709054054
221798	0.00122975219
221799	0.001078257629
221800	0.002484797452
221801	0.002387394643
221802	0.01031549899
221803	0.005778817693
221804	0.0008483859526
221805	2.641755249e-05
221806	0.0008070770052
221807	0.002175223416
221808	0.003049297898
221809	0.0008718497637
221810	0.0002625598185
221811	0.002843589216
221812	0.0001491506964
221813	0.000701824123
221814	0.0008611947475
221815	0.001434804147
221816	0.004051875303
221817	0.0002454490696
221818	1.727318882e-05
221819	0.000304122112
221820	0.0002334553589
221821	0.001672897988
221822	0.003341191091
221823	0.002153846915
221824	0.002695513257
221825	0.001371510853
221826	0.001129907682
221827	0.00356350123
221828	0.001383004506
221829	0.004558419126
221830	0.0004175340419
221831	0.00131632557
221832	0.001096605741
221833	0.001491078267
221834	0.001710411566
221835	0.002538530059
221836	0.002930737632
221837	0.002522904259
221838	0.0002939948493
221839	0.00136363997
221840	0.0006213106754
221841	0.0004107934393
221842	0.001672192037
221843	0.0007722789034
221844	0.001221784125
221845	0.001090091366
221846	0.001878039625
221847	0.0005158761099
221848	0.001092380953
221849	0.00405109966
221850	0.0008709925889
221851	0.0009256082007
221852	0.009323222536
221853	0.003622359615
221854	0.006448348601
221855	0.00181852086
221856	0.0008233932332
221857	0.002805845779
221858	6.438929984e-05
221859	0.001565252558
221860	0.009237145288
221861	0.004976327283
221862	0.001846781833
221863	0.002874339495
221864	0.0008434786508
221865	0.001838668398
221866	0.0062388642
221867	0.002293366886
221868	0.002509197528
221869	0.001456104693
221870	0.0008171433304
221871	0.0003844458567
221872	0.001021607276
221873	0.0001413117674
221874	0.0008087618051
221875	0.001266451392
221876	0.0001705805536
221877	4.318739889e-05
221878	0.0008768224564
221879	0.0004724655738
221880	0.0001938215427
221881	0.0009219053617
221882	0.001685196829
221883	0.000840318209
221884	0.0007054807324
221885	0.0002545354624
221886	0.0001745389884
221887	0.00074179415
221888	0.0004672615734
221889	0.001004754047
221890	0.001323105545
221891	0.002779050575
221892	0.000467883599
221893	0.0005364606551
221894	0.001547256374
221895	0.002633135717
221896	0.0014541258
221897	0.0006444759263
221898	0.0005078118139
221899	0.000118958139
221900	0.004483018044
221901	0.0004044711988
221902	0.0002324354273
221903	0.0008339071862
221904	0.0008237689412
221905	0.001294064679
221906	0.001864420729
221907	0.0001178261527
221908	0.003530970568
221909	6.059468133e-05
221910	0.0006480233147
221911	0.003317282668
221912	0.000767197943
221913	0.0004507318332
221914	0.003297623552
221915	0.0009997550747
221916	0.001371989777
221917	0.006285091021
221918	0.003112469971
221919	0.002141517263
221920	0.003617390706
221921	0.002520055401
221922	0.0001164279361
221923	0.002151336687
221924	0.0007296096126
221925	0.002129575801
221926	0.0006135904282
221927	0.0014537698
221928	0.0001233677671
221929	0.0006705344385
221930	0.002847839227
221931	0.001699272022
221932	0.0009922833523
221933	0.001368892375
221934	0.0001602650539
221935	0.002385921887
221936	0.001794533166
221937	0.000365074364
221938	0.000619113889
221939	0.0008445951103
221940	0.0009599552286
221941	0.001338188348
221942	0.0002291286406
221943	0.0008985643813
221944	0.002481463129
221945	0.0002388000301
221946	0.0005581683321
221947	4.584345224e-05
221948	0.0004009893206
221949	0.0001479221712
221950	0.0006923047179
221951	0.001020875072
221952	0.003493828131
221953	0.003003043651
221954	0.003361733421
221955	0.002708208898
221956	0.002206174367
221957	0.00356857094
221958	0.003225215567
221959	0.004450466951
221960	2.040650898e-05
221961	0.0003408297927
221962	0.002272841895
221963	0.003822670153
221964	0.004501639573
221965	0.001185853433
221966	0.0008915365491
221967	0.0001575926009
221968	0.0007396999254
221969	0.001506170034
221970	0.002836034736
221971	0.0008648067808
221972	0.001615671634
221973	0.00368859854
221974	0.005345707748
221975	0.0001411668657
221976	0.001389450686
221977	0.002190064052
221978	0.002096228611
221979	0.000927090729
221980	0.002984745698
221981	0.005057437389
221982	0.001284906699
221983	0.0007546793029
221984	0.00189622664
221985	0.0003019281635
221986	0.002705879907
221987	0.001201456551
221988	0.002373145362
221989	0.003082414562
221990	0.0003975735917
221991	0.002550132809
221992	0.003604339806
221993	0.002948703606
221994	0.0009127376754
221995	4.95573267e-05
221996	0.001780666868
221997	0.0004277742303
221998	0.000243862307
221999	0.001840721903
222000	0.0008043031807
222001	0.001020106319
222002	0.0008590091098
222003	0.002376337085
222004	0.001460705759
222005	0.002124660444
222006	0.001954246701
222007	8.456747437e-05
222008	0.0002486326259
222009	0.00113082295
222010	0.0006046958855
222011	0.0007111382835
222012	0.0007906426949
222013	0.001852346394
222014	0.001507253484
222015	5.164039724e-05
222016	0.0007272983173
222017	0.005468989471
222018	0.00460984654
222019	0.000218490658
222020	0.0001483833345
222021	0.002268884715
222022	0.003866406503
222023	0.004930927078
222024	0.0002951825285
222025	0.00357585157
222026	0.0006607748616
222027	0.0001614334712
222028	5.574618638e-05
222029	4.540080043e-05
222030	0.0003300238892
222031	0.0005815625833
222032	0.0003640290267
222033	0.0001028526901
222034	0.0007867097096
222035	0.0002535595123
222036	0.0005346083767
222037	8.609289797e-05
222038	0.0002002470677
222039	0.001203938765
222040	0.0002745955833
222041	0.0004337848539
222042	0.0001128835193
222043	9.088945253e-05
222044	0.0002747234659
222045	0.0002551010027
222046	0.0004085620569
222047	0.000113119817
222048	0.0002273072616
222049	0.0005097377135
222050	0.0005929927138
222051	0.0001252886409
222052	0.0001427062217
222053	0.0001483325036
222054	0.0008593936417
222055	0.0002537103305
222056	0.0004011501437
222057	0.0004527933126
222058	0.0008789384215
222059	0.0003756554806
222060	6.016914968e-05
222061	6.535474531e-05
222062	4.435728181e-05
222063	0.0004031726204
222064	0.0003854161493
222065	0.0005241923688
222066	0.0008897252627
222067	0.0009772482798
222068	0.0003847442237
222069	0.00212260901
222070	0.001234646514
222071	0.001272650423
222072	0.0007070172283
222073	0.0004895592748
222074	0.0002670722043
222075	0.003177492846
222076	0.0005784613771
222077	0.0007281463429
222078	0.0005496809548
222079	0.00265205364
222080	0.001158365644
222081	0.0001895384804
222082	0.0003359827937
222083	0.001001352605
222084	0.0009106416555
222085	0.002716475664
222086	0.0005438396886
222087	0.0003451515446
222088	0.0002283902144
222089	0.004298203614
222090	0.001114591612
222091	7.485273357e-05
222092	0.00292342955
222093	0.0003831116884
222094	0.006491199211
222095	0.0015389622
222096	0.002381937685
222097	0.0001415113315
222098	0.0003933071971
222099	0.003246807305
222100	0.002328629905
222101	0.00170753124
222102	0.0006213136578
222103	0.0009742011321
222104	0.000170562648
222105	0.001195687335
222106	0.0009500381357
222107	0.0009488123425
222108	0.0008586985976
222109	0.000590065222
222110	0.0002768000699
222111	0.0004061431236
222112	0.0009852532018
222113	0.0001728287805
222114	0.001348713593
222115	0.000536199671
222116	0.0003181643434
222117	0.0006495863334
222118	0.0004649724349
222119	0.001408258295
222120	0.0005997802333
222121	0.0005995043715
222122	0.0005874281903
222123	0.0001399250956
222124	0.0002283397643
222125	0.0001189119426
222126	0.0004326526609
222127	0.0005092954371
222128	0.0006472612183
222129	0.0003879985576
222130	0.0003272082273
222131	0.0003698412481
222132	0.004705087503
222133	0.001433128459
222134	0.000186691927
222135	0.005388231351
222136	0.000579061725
222137	0.003232279254
222138	0.0009901094568
222139	0.002725263384
222140	0.002084535823
222141	1.462127987e-05
222142	0.001601626321
222143	0.0002057553008
222144	0.003290370635
222145	0.001865992884
222146	0.0001032020489
222147	0.0005102560863
222148	0.002444815794
222149	0.001977327578
222150	0.001417956432
222151	0.0008578968591
222152	0.003332440501
222153	7.797846756e-05
222154	3.894237279e-05
222155	0.001969539046
222156	0.00199566976
222157	0.00484936868
222158	0.001097582452
222159	0.002075877072
222160	0.003295899221
222161	0.001495915428
222162	0.0009066522867
222163	0.002414307368
222164	0.0001114977638
222165	0.0001757833648
222166	0.001584913164
222167	0.001802246467
222168	0.001017650721
222169	0.002494143346
222170	0.0003873692703
222171	0.001680740492
222172	0.008516732258
222173	0.003223590259
222174	0.002491594177
222175	0.001998928382
222176	0.003340368989
222177	0.0001888090225
222178	0.0002845474835
222179	0.001576666313
222180	0.0001859016122
222181	0.0002727385009
222182	2.537904837e-07
222183	0.002078215207
222184	0.002565180904
222185	0.001402952953
222186	0.0005159641302
222187	0.00110760929
222188	0.0004655695407
222189	0.0003107797083
222190	0.0005052145425
222191	0.000278106619
222192	0.000475069393
222193	0.0007061819314
222194	0.00118250215
222195	0.001446363019
222196	0.00526720233
222197	0.002198937579
222198	0.0002940762047
222199	0.0006979886673
222200	0.0004408625624
222201	0.002727796405
222202	0.003850351309
222203	0.000585662619
222204	0.001799461483
222205	0.007263703948
222206	0.001649941282
222207	0.0008764717176
222208	0.0004837138301
222209	0.004203071076
222210	0.001871451201
222211	0.00205729908
222212	0.000540565217
222213	0.000242786372
222214	0.0009758112443
222215	0.002985284239
222216	0.002941436587
222217	0.002748185587
222218	0.001849285548
222219	0.0006321520407
222220	0.002395434005
222221	0.0003575102586
222222	0.003381306392
222223	0.0001772288589
222224	0.0009272184828
222225	0.001860326216
222226	0.0006656057426
222227	0.001285210672
222228	0.004380026491
222229	0.001074581002
222230	0.001919117743
222231	0.001066324722
222232	0.0006003459827
222233	0.002427495183
222234	0.002377649922
222235	0.0002104398083
222236	0.001186101452
222237	0.003512672229
222238	0.003479860512
222239	0.0007297973211
222240	0.002583047913
222241	0.001472683769
222242	7.709059204e-05
222243	0.001069947961
222244	0.0002164661632
222245	0.0003839809205
222246	0.0005973150564
222247	0.002489239397
222248	0.001124651559
222249	0.0002009143139
222250	0.003097661501
222251	0.002587591362
222252	0.003044677041
222253	0.0008349305199
222254	0.00248492188
222255	0.001092705627
222256	0.0003866724865
222257	0.002365730917
222258	0.002240067678
222259	0.001849010466
222260	0.003411544852
222261	0.002363025916
222262	0.003303197331
222263	0.0002601342331
222264	0.003480938571
222265	0.0006992692499
222266	0.0003180924993
222267	0.001563025906
222268	0.0002998366029
222269	0.001419541498
222270	0.001468738363
222271	0.0002535459685
222272	0.0003800567997
222273	0.0001062143399
222274	0.00175112462
222275	0.0009063754963
222276	0.001436570086
222277	0.0003818234919
222278	0.001719127831
222279	0.005267167022
222280	8.984422307e-05
222281	0.002506372064
222282	0.0021014936
222283	0.001701378865
222284	3.98617427e-05
222285	0.004085180153
222286	0.002645853269
222287	0.0005542611389
222288	0.0006041348841
222289	0.0007960356192
222290	0.002432256614
222291	0.0007998903791
222292	0.002479310525
222293	0.001809802332
222294	0.0001579053278
222295	0.000233928447
222296	0.002414289209
222297	0.0001354137745
222298	0.00104832177
222299	0.004027825159
222300	0.001489341069
222301	0.002648390228
222302	0.0006603498316
222303	0.002156548102
222304	0.001227557101
222305	0.0001087545191
222306	0.001470926927
222307	0.001267437098
222308	0.0007723014669
222309	0.0001738828087
222310	0.0004987469109
222311	0.0006831203489
222312	9.538227918e-05
222313	0.0005085995118
222314	0.0007329219531
222315	0.0002132829018
222316	0.0003130062589
222317	0.0005093927942
222318	0.0007604107278
222319	0.005815787893
222320	0.003796005844
222321	0.004023853724
222322	0.002797951798
222323	0.0001618853839
222324	0.001318940253
222325	0.001439931234
222326	0.00283855994
222327	4.667594807e-05
222328	4.73545997e-05
222329	0.0005379731032
222330	0.0004042315211
222331	0.001562488162
222332	0.0003544258718
222333	0.001469644678
222334	0.001163242747
222335	0.002674115434
222336	0.004150057067
222337	0.0003761160865
222338	0.002476631465
222339	0.0006031730049
222340	0.000103770353
222341	0.00348618867
222342	0.002314178106
222343	0.00217906237
222344	0.003067460193
222345	0.001762779918
222346	0.004004892476
222347	0.0007818404241
222348	0.001968833433
222349	0.0002146094307
222350	0.001505393994
222351	0.001884796935
222352	0.0006495752321
222353	0.002221659316
222354	0.0005164718141
222355	0.001945010343
222356	0.001482991945
222357	0.0001655679841
222358	0.001451762172
222359	0.001062159736
222360	0.000151197378
222361	0.003354965037
222362	0.0006905843595
222363	0.0007906388451
222364	0.0005039503634
222365	0.003117704947
222366	0.0007804310868
222367	0.003475464737
222368	0.00124757169
222369	0.003203173067
222370	0.000520010806
222371	0.001267558022
222372	0.002947923276
222373	0.0004655491056
222374	0.001806689416
222375	0.002283535602
222376	0.003234860369
222377	0.006236619924
222378	0.00150863705
222379	0.0006306712874
222380	0.01002396621
222381	0.0001944106251
222382	0.004964586139
222383	0.001824352642
222384	0.003261345239
222385	0.002695252715
222386	0.0002781964929
222387	0.002780298291
222388	0.0001374353012
222389	0.002892346288
222390	0.002035612088
222391	0.001469396549
222392	0.002578034507
222393	0.0008963632827
222394	0.002344049601
222395	0.00261374919
222396	0.0008810528124
222397	0.002460979349
222398	0.0007014142629
222399	0.0005258546253
222400	0.001278428521
222401	0.001680262549
222402	0.002919517889
222403	0.0009924214133
222404	0.001532035264
222405	0.005812689258
222406	0.0005812962615
222407	0.003609335266
222408	0.000732190648
222409	0.00366111863
222410	0.001692349139
222411	0.0004440557482
222412	0.0002554115179
222413	0.001642849611
222414	0.0009928869479
222415	0.001506230215
222416	7.045197289e-05
222417	9.126534672e-05
222418	5.701870382e-05
222419	0.0001251332527
222420	6.71211676e-05
222421	0.0005838865487
222422	0.0007610327887
222423	0.001072999019
222424	9.006305313e-05
222425	5.919253325e-05
222426	6.562419032e-05
222427	6.580184433e-05
222428	4.03839975e-05
222429	5.909187664e-05
222430	1.47415062e-05
222431	0.0004613070369
222432	6.40090938e-05
222433	7.190126755e-05
222434	0.0002994205031
222435	6.729866249e-05
222436	0.000132958165
222437	5.868135448e-05
222438	0.0005809780604
222439	5.767159495e-05
222440	0.0001147454014
222441	0.0001604511993
222442	0.0005315548976
222443	0.0001131919732
222444	6.734550165e-05
222445	0.001008001657
222446	0.0001497883764
222447	3.749633563e-05
222448	6.161914164e-05
222449	9.195829649e-05
222450	0.003175242194
222451	0.001087683371
222452	0.0005369637187
222453	0.004560240097
222454	0.0001267847734
222455	0.0003490295701
222456	3.331216341e-05
222457	5.862813856e-05
222458	0.001303118221
222459	9.072412189e-05
222460	0.001109539584
222461	0.0008700783299
222462	0.0006254030429
222463	4.33081939e-05
222464	6.566298948e-05
222465	6.719696147e-05
222466	3.77695868e-05
222467	5.13955958e-05
222468	9.582560895e-05
222469	0.0002212197084
222470	0.0004257415999
222471	6.748557858e-05
222472	0.001278059455
222473	0.002895052013
222474	0.005087060287
222475	0.0001766228302
222476	8.366948206e-05
222477	7.31480403e-05
222478	4.443362944e-05
222479	0.0001048265589
222480	8.520145016e-05
222481	7.570642036e-05
222482	0.000136451241
222483	9.133794826e-05
222484	4.255039312e-05
222485	0.0003478999626
222486	0.003388894275
222487	0.001041333209
222488	0.0008300099795
222489	0.004524202038
222490	0.001880163768
222491	0.005735165771
222492	0.002955726928
222493	0.0008567428681
222494	0.003829587552
222495	0.001331263793
222496	0.000432336786
222497	0.002348823498
222498	7.348018514e-05
222499	0.0008398214222
222500	0.0002871390475
222501	0.002374450923
222502	0.002827737702
222503	0.00121736627
222504	0.004686139635
222505	0.001647987357
222506	8.835353615e-05
222507	0.0009194418208
222508	4.106763192e-05
222509	0.002098529447
222510	0.001281212764
222511	0.003050258858
222512	0.00329259101
222513	0.0008995123477
222514	0.0003638170283
222515	0.002519103369
222516	0.000241279408
222517	0.0002459011542
222518	0.0006985927946
222519	0.001061537703
222520	0.003897845332
222521	0.0007264689152
222522	0.001770709405
222523	0.0003815747724
222524	0.0006019103643
222525	0.001233644542
222526	0.002190040928
222527	0.003736645673
222528	0.002161761519
222529	0.00134607262
222530	0.0009506026918
222531	0.001092415808
222532	0.006032431701
222533	0.001000935975
222534	0.003862360671
222535	0.001351006286
222536	0.0003920341401
222537	7.833287763e-05
222538	0.001840038347
222539	0.003702279694
222540	0.001771101078
222541	0.001534559871
222542	0.005469735549
222543	0.0005563489282
222544	0.001472653038
222545	0.0002188438691
222546	0.000365140239
222547	0.001628832095
222548	0.004665610898
222549	0.001012975596
222550	0.001337366762
222551	0.001710264831
222552	0.00215872461
222553	0.0005414821914
222554	0.002754764807
222555	0.003638101058
222556	0.0008292191558
222557	0.0009171626391
222558	0.002378805069
222559	0.000660968676
222560	0.0009695146648
222561	0.0005668630486
222562	0.002046347562
222563	0.0008011135348
222564	0.001021586375
222565	0.001641909013
222566	0.001259389997
222567	0.001010182022
222568	0.002783134746
222569	0.001654086303
222570	7.423077437e-05
222571	0.0006921350119
222572	0.002107898901
222573	0.001610251426
222574	0.001735659544
222575	8.930118893e-05
222576	0.0009746369475
222577	0.0007139029956
222578	0.001557159899
222579	8.227581813e-05
222580	0.0009370360801
222581	0.0001387524216
222582	0.0006003068913
222583	0.001456849105
222584	0.0001733222679
222585	0.002252200524
222586	0.0003340162518
222587	0.001606994948
222588	0.001446613647
222589	0.002655224244
222590	0.00142991626
222591	0.002848273837
222592	0.002312479461
222593	0.002098603988
222594	0.002373487247
222595	0.003335798066
222596	0.002026032148
222597	0.003116663422
222598	0.001341386239
222599	0.002710785026
222600	0.000176541128
222601	0.002169138691
222602	0.003633324314
222603	0.002511711084
222604	0.002800735081
222605	0.00142169812
222606	0.0001162649237
222607	0.001026869317
222608	0.000827208334
222609	0.002171526961
222610	0.002072764457
222611	0.001676155415
222612	0.0005985621859
222613	0.0003041618365
222614	0.001128295432
222615	0.001219688581
222616	0.002363060555
222617	0.00129500113
222618	0.002327569224
222619	0.001447877772
222620	0.0004131863305
222621	0.001684068419
222622	0.0003075324549
222623	0.001518589156
222624	0.001823105483
222625	0.002768531533
222626	0.002257873975
222627	0.002225713132
222628	0.004355891886
222629	0.004887469666
222630	0.00161942336
222631	0.0003129900861
222632	2.848529048e-05
222633	0.001716336807
222634	0.004740494514
222635	0.0008787691851
222636	0.0009272266859
222637	0.0007854895118
222638	0.004916682378
222639	0.001489759551
222640	0.0004537330964
222641	0.002227755073
222642	8.437117375e-05
222643	0.002736316734
222644	0.001656389765
222645	0.0009884270437
222646	0.00123466688
222647	0.0007682494876
222648	0.001828898489
222649	0.000183531759
222650	0.003456592241
222651	0.0002951439915
222652	0.0005188067557
222653	0.001561686907
222654	0.0006736415694
222655	0.0004445543438
222656	0.0004405555977
222657	0.0005206988177
222658	0.0006321032243
222659	7.420997478e-05
222660	0.001889829588
222661	0.001131544427
222662	0.00331613449
222663	0.0006888764994
222664	0.0005045037741
222665	0.001599283179
222666	0.001982790927
222667	0.001724520248
222668	0.0009820610543
222669	0.001753937112
222670	0.0007586333509
222671	0.002718171175
222672	3.503832796e-05
222673	0.001330527493
222674	0.002338268317
222675	0.0006549437557
222676	0.0001242518579
222677	0.0001680564965
222678	0.001469878489
222679	0.001142573048
222680	0.001510543567
222681	0.001618443989
222682	0.001127253033
222683	0.003050374051
222684	0.002574783002
222685	0.001914275131
222686	0.00186347432
222687	0.001314602754
222688	0.002081626166
222689	8.548383847e-05
222690	0.003159555907
222691	0.002262884055
222692	0.0002230464128
222693	0.004569650758
222694	0.002819930951
222695	0.002062535818
222696	0.0008305007441
222697	0.0003219938833
222698	0.0005573147226
222699	2.760372808e-05
222700	0.001072698924
222701	1.277268293e-05
222702	0.000858092166
222703	0.002175303212
222704	0.0005704467181
222705	0.0004283993468
222706	8.019407311e-06
222707	0.001553552575
222708	0.001225765995
222709	4.547254474e-06
222710	0.000415235857
222711	0.0004188742184
222712	9.499982043e-05
222713	0.0003659622813
222714	0.0009176432776
222715	0.0007565105222
222716	0.0004988751642
222717	0.0007570549787
222718	0.001080971346
222719	0.002532877728
222720	0.0004514197512
222721	0.0004336294408
222722	0.001176096472
222723	0.001910600025
222724	0.001017884234
222725	0.0003221671603
222726	9.418945306e-05
222727	0.0001331056736
222728	0.0009441078052
222729	0.001561663806
222730	0.0002253131695
222731	0.0003344525727
222732	0.003570745662
222733	0.0006476556134
222734	4.88108635e-05
222735	0.0006524832102
222736	0.00291760604
222737	0.00125342553
222738	0.001832680411
222739	0.0006802010769
222740	0.0005838892201
222741	0.002434547669
222742	0.001304251902
222743	0.00089043746
222744	0.0008850979771
222745	0.0005772268759
222746	0.00115725018
222747	0.0002925753187
222748	0.0009080419498
222749	0.0005784595619
222750	0.001277466788
222751	0.000352860812
222752	0.002657335648
222753	0.001802265582
222754	0.0004965170419
222755	0.005152119393
222756	0.001513288725
222757	0.003239780259
222758	0.002607208938
222759	0.00110211856
222760	0.00129088143
222761	0.000903741165
222762	0.0001527356601
222763	0.001964896793
222764	0.001601158475
222765	0.0003091408872
222766	8.986893069e-05
222767	0.0003950042779
222768	5.988088763e-05
222769	0.001442518134
222770	0.001237182019
222771	0.0002186297133
222772	0.0006355830914
222773	0.0007962356144
222774	0.0007354365776
222775	0.00131820449
222776	7.932537819e-05
222777	0.0004427300324
222778	0.0005902840367
222779	0.001225258825
222780	0.0004960539378
222781	0.0003343297384
222782	0.0003633383948
222783	0.000767531156
222784	0.001740767511
222785	0.0004707129784
222786	0.0004664013436
222787	0.0003912777771
222788	0.0007073507675
222789	0.0001782231178
222790	7.480224799e-05
222791	0.0003425187674
222792	0.001692991878
222793	0.0007021894758
222794	0.0007616704023
222795	0.0001945157121
222796	0.001741054092
222797	0.0009982104537
222798	0.0001800055294
222799	0.0005184120605
222800	0.0006508067616
222801	0.001481188201
222802	0.0007676805051
222803	0.0004203993385
222804	0.0006825173905
222805	0.0001415250758
222806	3.162045592e-05
222807	0.0005952171817
222808	0.0002066045196
222809	0.0002664950264
222810	0.0008704501147
222811	0.0003586129716
222812	0.0001174939988
222813	0.0006473955254
222814	0.0004805957037
222815	0.0005143398284
222816	0.001106759801
222817	0.0004690585301
222818	7.399848959e-05
222819	0.0005119636657
222820	0.001964816614
222821	1.273708264e-05
222822	0.0002466380061
222823	0.0001221582635
222824	0.0004938936867
222825	0.000374045334
222826	0.001788139886
222827	0.0008702274103
222828	0.0006861449229
222829	0.001245118884
222830	0.0009639839071
222831	0.0008765306864
222832	0.001406006338
222833	0.0005073389025
222834	0.0009159925287
222835	0.0007026141549
222836	0.001001435667
222837	0.00112458985
222838	0.0004858846468
222839	0.001785798261
222840	0.001846280776
222841	0.0005799585803
222842	0.0002562439444
222843	0.001848905774
222844	0.0004690764384
222845	0.0009100239002
222846	0.001319925001
222847	0.001639318884
222848	0.001326605351
222849	0.0005363520552
222850	0.0005583129398
222851	0.0006829940463
222852	0.001294729888
222853	0.0003687721152
222854	0.000140711475
222855	0.0006637655942
222856	0.001194929918
222857	0.0009045448159
222858	0.001256248629
222859	0.001530053828
222860	8.541277931e-05
222861	0.0002465016557
222862	0.002085828611
222863	0.000676558858
222864	0.0004739794277
222865	0.0007161839523
222866	0.0003144616836
222867	0.0005086588901
222868	0.000517139497
222869	0.0009791940532
222870	0.001192201841
222871	0.0006544170789
222872	0.001359246392
222873	0.0004925433949
222874	0.0009406032024
222875	0.001287724032
222876	0.0005250561044
222877	0.0008105622234
222878	0.0008756383339
222879	0.001023327192
222880	0.0006427031276
222881	0.0002931431881
222882	0.001721468841
222883	0.001009111817
222884	0.001750846584
222885	0.00282063623
222886	0.001667126722
222887	0.0003879873689
222888	0.001619537245
222889	0.002388708326
222890	0.00298972806
222891	0.003239179671
222892	0.003864223081
222893	0.001838330988
222894	0.0005953582283
222895	0.0008191396191
222896	0.0006015388446
222897	0.0006478405161
222898	0.0002702084005
222899	0.000140059506
222900	0.0005625877828
222901	0.0004886239042
222902	0.0005334025639
222903	0.0002958944002
222904	2.678616965e-05
222905	0.0003792282729
222906	0.0004927226671
222907	0.0007227491546
222908	0.0004871644739
222909	0.0008030712024
222910	0.0007043911708
222911	0.0006348909828
222912	0.0008396899256
222913	0.0004965089957
222914	0.0008285491926
222915	0.0002511964327
222916	0.0008332711186
222917	0.0001284686841
222918	0.0001211218354
222919	0.0006526825755
222920	0.000531680853
222921	0.0005466051986
222922	0.0006767044756
222923	0.0006769618578
222924	0.0005849382152
222925	0.0006145065968
222926	0.0004335793671
222927	0.0004852941844
222928	0.001315801473
222929	0.001482417059
222930	0.0007886490481
222931	0.001070324347
222932	0.0009706918602
222933	0.001407255717
222934	0.0001764512085
222935	0.0007588222227
222936	0.0004177673451
222937	0.001047593859
222938	0.001407616583
222939	0.0002918776392
222940	0.002296640141
222941	0.0004739533976
222942	0.0008359311831
222943	0.0007831024195
222944	0.0005878227605
222945	0.0001212920924
222946	0.001058728628
222947	0.0001203611166
222948	0.0007570716695
222949	0.0002987798629
222950	0.002216858273
222951	0.0002607468763
222952	0.0002228296823
222953	0.0003293100195
222954	0.0005928219031
222955	0.0006855517605
222956	0.0005874850056
222957	0.0001030516831
222958	0.00084890646
222959	0.0008164787164
222960	8.940260763e-05
222961	0.000666532152
222962	0.0004436090624
222963	0.000700003147
222964	0.0001432880713
222965	0.0004207434795
222966	0.0004867891331
222967	0.0007301079211
222968	0.0005760469399
222969	0.000541656648
222970	0.0005387493288
222971	0.001124874291
222972	0.0006794470649
222973	0.0006327597055
222974	0.0005550714725
222975	0.0008022255423
222976	0.000653349545
222977	4.554243992e-06
222978	0.0006417302568
222979	0.0007664120866
222980	0.0006980388229
222981	0.0006220116624
222982	0.0001620096902
222983	0.0005923463732
222984	0.0003473259505
222985	0.0007302142345
222986	0.0006553327694
222987	0.0004754446522
222988	0.0008586299688
222989	0.0002327861083
222990	0.0007485635044
222991	0.0003468741862
222992	0.0006976455812
222993	0.0008438300781
222994	0.000514660433
222995	0.0001867695517
222996	0.0009150574712
222997	0.001096070632
222998	0.001416845526
222999	0.001482885604
223000	0.001041184282
223001	0.0002927820677
223002	0.0009437428423
223003	0.001014935189
223004	0.0008217797237
223005	0.0006924063554
223006	0.001379035675
223007	0.0003903079089
223008	0.0009657564175
223009	0.0008916971683
223010	5.024214423e-05
223011	0.0007477361826
223012	0.0006611600564
223013	0.001571539987
223014	0.0005065725848
223015	0.0003200923414
223016	0.000811208924
223017	3.554009479e-05
223018	0.0005139226707
223019	0.0003682103114
223020	0.0007458175492
223021	0.0006007987362
223022	0.0006361640334
223023	0.0006629924075
223024	0.001257798802
223025	0.0007874167148
223026	0.0003114823499
223027	0.0004348865028
223028	0.0003950112922
223029	0.0004225812828
223030	0.0007215937136
223031	0.0006295639728
223032	0.0005298667408
223033	0.0005031939821
223034	0.0007294202748
223035	0.000703132421
223036	0.0006922896258
223037	0.0006128241214
223038	0.0005265095343
223039	0.0005653187999
223040	0.0005670316825
223041	0.0008071721753
223042	0.0008557815856
223043	0.0006191117949
223044	0.000465641793
223045	0.001556753656
223046	0.0004705209342
223047	0.0007021181119
223048	0.000333743741
223049	0.0009682101688
223050	0.0001698485306
223051	0.001074852614
223052	0.001007659731
223053	8.961511013e-05
223054	0.0005143725189
223055	0.000791016002
223056	0.0006180453878
223057	0.0005365695022
223058	0.0006462393349
223059	6.41818698e-05
223060	9.22181856e-05
223061	0.0006669398631
223062	0.0005651747783
223063	0.0003601815955
223064	0.0007811430434
223065	0.0008297973647
223066	0.0002737197985
223067	0.0002973968269
223068	0.0007687116846
223069	0.001608282852
223070	0.0006979993458
223071	0.000499829719
223072	0.0006506176109
223073	0.0006408137338
223074	0.0007843826101
223075	0.0005678429945
223076	0.0005708511129
223077	0.0005088263836
223078	0.0005165463214
223079	0.001180173063
223080	0.001106965274
223081	0.0005103440011
223082	0.0007172643539
223083	0.0002894532155
223084	0.000914980899
223085	0.0006414135326
223086	0.0006747916241
223087	0.000435278275
223088	0.0008124643177
223089	0.0006958981147
223090	6.193203067e-05
223091	0.0003827216749
223092	0.000605863506
223093	0.000586131346
223094	0.0005841665024
223095	0.0004007802214
223096	0.0004525515879
223097	0.0007035009002
223098	0.000324801697
223099	0.0004136504159
223100	0.0007551463565
223101	0.000515167876
223102	0.0006510718501
223103	2.831328892e-05
223104	0.0009241636971
223105	0.0005742516569
223106	0.0004937158586
223107	0.0006190699442
223108	0.0005478988522
223109	0.0003071592535
223110	0.0002744146277
223111	0.0006121624208
223112	0.0004279425963
223113	0.0004727428549
223114	0.0006298885195
223115	0.0002641904715
223116	0.0009941742244
223117	0.000580724611
223118	0.000409124439
223119	0.0005858249417
223120	7.52796669e-05
223121	0.001018349058
223122	0.0004443917701
223123	0.0008035436024
223124	0.0006858286964
223125	0.0008596066397
223126	0.0001360630506
223127	0.0007418146707
223128	0.0007310212076
223129	0.001114630801
223130	0.0009033564954
223131	0.0006439602618
223132	0.0006745328029
223133	0.001001135465
223134	0.0008297093563
223135	0.0006116298842
223136	0.0006391162567
223137	0.0001514483994
223138	0.0004151079924
223139	0.0003098629535
223140	0.0002723156594
223141	0.0004364824729
223142	0.0006932740783
223143	0.0007509067718
223144	0.0007827098493
223145	0.0003177883527
223146	0.0005236227976
223147	0.0006115115309
223148	0.0005378043587
223149	0.0005251722337
223150	0.000542004979
223151	0.0004817734305
223152	0.0002443036514
223153	0.0006146374407
223154	0.0004404341099
223155	0.0005660633688
223156	0.0005287786341
223157	0.0004015680305
223158	0.0007695396221
223159	0.0006353733993
223160	0.0005430562691
223161	0.0007929056094
223162	0.0007157443306
223163	0.0008669402699
223164	0.0004786429573
223165	0.0007559889233
223166	0.0006240367084
223167	0.0005086417122
223168	0.0005239411942
223169	0.0008857606226
223170	0.0009955582284
223171	0.001217138905
223172	0.0006843484458
223173	0.0006071815224
223174	0.0008982155535
223175	0.0002917871448
223176	0.0002280947344
223177	0.0005364151919
223178	0.0006817370103
223179	0.0007783499393
223180	0.001677171968
223181	0.0003687631174
223182	0.0003139650486
223183	0.0004864875668
223184	0.0006222328204
223185	0.0005233415654
223186	0.0008765283895
223187	0.0006710135752
223188	0.0006997511172
223189	0.0004706808954
223190	0.001033683148
223191	0.000309661082
223192	0.0004493438232
223193	0.0004131773963
223194	0.0006097595466
223195	0.0005059281469
223196	0.0005800458117
223197	0.0004147267839
223198	0.0008816810614
223199	0.0006218944189
223200	0.0004787432045
223201	0.0005791505439
223202	0.0003982878737
223203	0.0008283013208
223204	0.0004665837661
223205	0.0008177927651
223206	0.0004662351799
223207	0.0007056607154
223208	0.0003074435501
223209	0.0004973366435
223210	0.0009543571541
223211	0.000599922531
223212	0.0004559498957
223213	0.0005975116483
223214	0.0005602020741
223215	0.0007890891264
223216	0.0007257832074
223217	0.001220710761
223218	0.002438097335
223219	0.0007317297161
223220	0.0004489955205
223221	0.0004583299489
223222	0.0007198462086
223223	0.001170687499
223224	0.0008862625534
223225	0.0004452700231
223226	0.0003121652216
223227	0.000599685009
223228	0.0003433080511
223229	0.001691101366
223230	0.001567116222
223231	0.0004234227339
223232	0.0006845313606
223233	0.0004608815739
223234	0.001483811047
223235	0.0005513948363
223236	0.0002386770014
223237	0.0007829631315
223238	0.0003913904503
223239	0.0007289121668
223240	0.0005135984755
223241	0.0004881381076
223242	0.0005929735013
223243	0.0006578168569
223244	0.0007518589617
223245	0.0007223223731
223246	0.0001833705814
223247	0.0006486442184
223248	0.0005859984312
223249	0.0005429365682
223250	0.0002047300627
223251	0.0005953967002
223252	0.0001023989781
223253	0.0007403978839
223254	0.0008025665881
223255	0.0008532063354
223256	0.000994258987
223257	0.0007500961359
223258	0.0009740507375
223259	0.0005167754752
223260	0.00026701656
223261	3.295199862e-05
223262	0.0003547985371
223263	0.0001647716613
223264	0.0003619321546
223265	0.001134268055
223266	0.0004515753763
223267	0.001609759579
223268	0.001637614664
223269	0.0002629316401
223270	0.001017230226
223271	0.001164775205
223272	0.003012188326
223273	0.0009131044335
223274	0.001508298408
223275	0.000235759816
223276	0.000320028585
223277	0.001240274123
223278	9.446700236e-05
223279	0.00056176185
223280	5.775420554e-05
223281	0.0003173871815
223282	0.001090292753
223283	0.000382025813
223284	0.0003481813688
223285	8.809900608e-05
223286	0.0008615396487
223287	0.00358703619
223288	0.006717676193
223289	0.003683089145
223290	0.0007230208608
223291	0.001292801812
223292	0.005120045147
223293	0.006436766476
223294	0.009097489537
223295	0.001566155846
223296	0.003275369892
223297	0.003208278084
223298	0.004136923176
223299	0.003813673113
223300	0.004071949715
223301	0.0007039885188
223302	8.625473518e-06
223303	0.004371023756
223304	0.0006326258964
223305	0.0005358506124
223306	2.736357542e-05
223307	0.005614706118
223308	0.004620875321
223309	0.001182173338
223310	0.001170978526
223311	0.0009860947318
223312	0.0009630757055
223313	0.001222996424
223314	0.0008970510614
223315	0.001523948036
223316	0.0009842895452
223317	0.001232371839
223318	0.0009846735282
223319	0.001099075136
223320	0.001009851333
223321	0.001063487108
223322	0.001887375395
223323	0.001114536932
223324	0.0009822697066
223325	0.001514291994
223326	0.0008904446621
223327	0.001070936524
223328	0.0005947914403
223329	0.001193514007
223330	0.00045615288
223331	0.0008095822128
223332	0.0007099143767
223333	0.000938693367
223334	0.0008147675881
223335	0.001012937975
223336	0.001028756786
223337	0.0009515263488
223338	0.0004397421686
223339	0.001107986555
223340	0.000801685038
223341	0.001023797905
223342	0.003027183064
223343	0.0004513968006
223344	0.0009558112038
223345	0.001202801894
223346	1.627218681e-05
223347	0.0004911567785
223348	0.004031192987
223349	0.001134599084
223350	0.000277195008
223351	0.0001232896055
223352	0.0007795102339
223353	4.306466525e-05
223354	0.0002995024115
223355	0.001543068904
223356	0.00255202326
223357	0.0004442552449
223358	0.0004422152735
223359	0.0009771646029
223360	0.001705486446
223361	0.001350325844
223362	8.482496895e-05
223363	0.001918835312
223364	0.000207247934
223365	0.0004740100426
223366	0.0002705332372
223367	0.001130907176
223368	0.0006182849722
223369	0.002683078063
223370	0.001530348412
223371	0.00179841359
223372	0.003447987946
223373	0.006023630953
223374	0.0005626692559
223375	0.0006666025163
223376	0.0009294474972
223377	0.002085611817
223378	0.007262959546
223379	0.005423288399
223380	0.0007821006509
223381	0.002578204477
223382	0.001546554661
223383	0.001469683048
223384	0.0008877453179
223385	0.0008301841945
223386	0.0004033637128
223387	0.0007003878702
223388	0.001426792079
223389	5.299001413e-05
223390	3.04492687e-05
223391	0.002408798477
223392	0.001443512837
223393	0.001894301701
223394	0.0013794538
223395	0.003696181508
223396	0.00298264917
223397	0.001460244169
223398	0.001267379313
223399	0.0003970674278
223400	0.002176038
223401	0.00097366042
223402	0.001661833467
223403	0.002496385967
223404	0.0003852172314
223405	3.476701925e-05
223406	0.001862359419
223407	0.0007300941765
223408	0.0003309746934
223409	0.001513637514
223410	0.0008214923954
223411	0.001987664008
223412	0.0001427800164
223413	0.003153526787
223414	0.003868030919
223415	0.001567706782
223416	0.002231058189
223417	0.002243313134
223418	0.001263406364
223419	0.001755244706
223420	0.002772706109
223421	0.0002549859105
223422	0.0018493267
223423	0.001878116383
223424	0.000155645939
223425	0.001561836392
223426	0.00305076702
223427	3.734605539e-05
223428	0.0001835208954
223429	0.002087970379
223430	0.0007660530571
223431	0.0003144077766
223432	0.0005246260369
223433	0.001120589996
223434	0.0002340112335
223435	0.001754203635
223436	0.003508918748
223437	0.00387173262
223438	0.002349201461
223439	0.001828718943
223440	0.0003257222785
223441	0.002292271957
223442	0.001063275232
223443	0.002248744545
223444	0.0007649152031
223445	0.0001031839546
223446	0.000344714797
223447	0.0009940580455
223448	0.003722777962
223449	0.0005703947965
223450	0.0009535670832
223451	0.0004390966887
223452	0.0009839655486
223453	0.003645830803
223454	0.003339641509
223455	0.001328011502
223456	0.0009809182952
223457	0.00125668554
223458	0.0002335534519
223459	0.0006717733694
223460	0.001151527498
223461	0.0004419245725
223462	0.002438044894
223463	0.002066482551
223464	0.0006115722887
223465	0.001966780044
223466	0.003220245915
223467	0.00218279019
223468	0.002445033816
223469	0.001481421008
223470	0.001440171039
223471	0.004336958928
223472	0.0003367073766
223473	0.0002052240322
223474	0.001745140535
223475	0.001549465937
223476	0.0008092218085
223477	0.0003284788663
223478	0.00217163526
223479	0.0001154018695
223480	0.001696658962
223481	0.002310979339
223482	0.0001825684511
223483	6.62181861e-05
223484	7.230263314e-05
223485	0.0006286096979
223486	0.0006435980906
223487	0.000150057951
223488	0.0005963131276
223489	0.0008073870301
223490	0.001431330176
223491	0.0007112555909
223492	0.001514013685
223493	0.0003814631018
223494	0.0003373483213
223495	0.0009829493932
223496	0.000210756266
223497	0.001694339622
223498	0.001051649966
223499	0.003065264954
223500	0.001644422782
223501	0.0006534134153
223502	0.003622594424
223503	0.001101096749
223504	0.0003915125746
223505	0.002990305817
223506	0.004170560463
223507	0.00141750117
223508	0.001196227243
223509	0.002557498711
223510	0.001558427809
223511	0.003986112728
223512	0.0001171058176
223513	0.0002291078921
223514	0.001934875932
223515	0.001046491692
223516	7.797678238e-05
223517	0.0005748334558
223518	0.002118289426
223519	0.0006948600363
223520	0.00384745449
223521	0.001438466032
223522	0.003415883887
223523	0.003287281668
223524	0.0002988236223
223525	0.00106877535
223526	0.001992214256
223527	0.0004779733042
223528	0.00120695896
223529	0.002219753227
223530	0.001414991122
223531	0.006281222291
223532	6.837577178e-05
223533	2.940404675e-05
223534	9.445695665e-05
223535	0.001047839324
223536	0.0009215058847
223537	0.001783223196
223538	0.0009114386353
223539	9.335907842e-05
223540	0.0004543048804
223541	0.0004841445613
223542	0.0001963814554
223543	0.003928666651
223544	0.001588852777
223545	0.001778517547
223546	0.002597585668
223547	0.001999517706
223548	0.005865869732
223549	0.001154468323
223550	0.003614698199
223551	0.001906501622
223552	0.001403290631
223553	0.0003247421052
223554	8.524510724e-05
223555	0.0008073137803
223556	0.002774055065
223557	0.0003797873552
223558	0.0007078511382
223559	0.0005777716011
223560	0.001038746518
223561	0.002872055746
223562	0.00515082388
223563	6.980235975e-05
223564	0.002460652258
223565	0.001833586142
223566	0.002416118615
223567	0.00116078042
223568	0.001052956523
223569	0.001492710243
223570	0.001055329512
223571	0.001288668298
223572	0.001318763209
223573	0.0004727838829
223574	0.005370228898
223575	0.003634818549
223576	0.0006189160397
223577	0.001991532396
223578	0.001456439447
223579	0.0006907845608
223580	0.0006732894915
223581	0.0001905648069
223582	0.00115631216
223583	0.0003292379256
223584	0.0006445882814
223585	0.000887661091
223586	0.0002325405769
223587	0.0007377096422
223588	5.662320655e-05
223589	0.003055966766
223590	0.001990475282
223591	0.003135790601
223592	0.004858223627
223593	0.002347631009
223594	0.0005497808687
223595	0.001655769886
223596	0.002791918972
223597	0.001172646115
223598	0.002207774884
223599	0.0008061863193
223600	0.0004966252795
223601	9.518145253e-05
223602	0.001058925423
223603	0.002855831437
223604	0.001086660521
223605	0.0001267743914
223606	2.464436021e-05
223607	0.0004941134269
223608	0.00465431325
223609	0.00364656792
223610	0.001291051351
223611	0.0003808040124
223612	0.001452371979
223613	8.866021255e-05
223614	0.001158629914
223615	0.001968852248
223616	0.0002704344185
223617	0.004330901263
223618	9.323002797e-05
223619	0.001866215767
223620	0.001298538388
223621	0.002776287645
223622	0.001470379819
223623	0.0007680486578
223624	0.00495981471
223625	4.179170926e-05
223626	0.001417631213
223627	0.002930969011
223628	0.000559275106
223629	0.001061884369
223630	0.0004179459928
223631	0.005378882685
223632	0.002241471802
223633	0.000614265016
223634	0.002331816776
223635	0.001557579923
223636	0.0004358378552
223637	0.000984040168
223638	0.001450883381
223639	9.44319023e-05
223640	0.00117074377
223641	0.0009796494492
223642	0.0002396380125
223643	0.0004193167192
223644	0.001850123454
223645	0.003256685499
223646	0.00214743042
223647	0.005120808146
223648	0.0003691967979
223649	0.002051489455
223650	0.0006600212727
223651	0.002451176944
223652	8.347327083e-05
223653	0.0003318436888
223654	0.002355303738
223655	0.00195304704
223656	0.003583694256
223657	0.003006271968
223658	0.001129996616
223659	0.001648542259
223660	0.0008443077112
223661	0.0001172410132
223662	0.001492584778
223663	0.001198698648
223664	0.001861972587
223665	0.002107528664
223666	0.0005707420499
223667	0.0001229627053
223668	0.001770493271
223669	0.0005069444721
223670	0.001804661497
223671	2.929743494e-05
223672	0.0004534045101
223673	0.000788420978
223674	0.001236985251
223675	0.0003310365512
223676	0.0008072501697
223677	0.000429026126
223678	0.0002211749763
223679	9.914571346e-05
223680	0.0001558955469
223681	0.0002630677689
223682	8.683855359e-05
223683	0.0005924790368
223684	0.0002377019273
223685	0.0004881085458
223686	0.0003834217574
223687	0.0001423401772
223688	0.00023906474
223689	0.000563834264
223690	0.0003865004548
223691	0.0005030932727
223692	6.048390526e-05
223693	0.0003612154513
223694	0.003106787906
223695	0.0008944480787
223696	0.0006751176916
223697	0.0003307023883
223698	9.390120519e-05
223699	0.009933589618
223700	0.00162428727
223701	0.004208149614
223702	0.003755459119
223703	0.00355948343
223704	0.004373222007
223705	0.001727657189
223706	0.000167546944
223707	0.007359061954
223708	0.002538916839
223709	0.003435447645
223710	0.002338883864
223711	0.003936390077
223712	0.0002933727351
223713	0.002035932041
223714	0.002360431478
223715	0.001395656713
223716	0.003196240402
223717	0.003396970452
223718	0.002269683597
223719	0.0009360623788
223720	0.0005621551119
223721	0.003724200676
223722	0.000423006285
223723	0.001725390226
223724	0.003309867212
223725	0.001744169455
223726	0.002887894558
223727	0.0006512626658
223728	0.001542959553
223729	0.001346031143
223730	0.004467367084
223731	0.003041860782
223732	0.0009247707529
223733	0.003739042465
223734	0.0008617535509
223735	0.002980708398
223736	0.004144759749
223737	0.002074248393
223738	0.001229919033
223739	3.072527858e-05
223740	0.0004852979095
223741	7.599425825e-05
223742	4.347131169e-05
223743	0.00465215565
223744	0.0001872409175
223745	0.001190251431
223746	0.0006457463145
223747	0.0003563775218
223748	0.001742525566
223749	0.0004379594064
223750	0.0006030896286
223751	0.0005387500726
223752	0.001747578205
223753	0.004735977524
223754	0.005261983706
223755	0.001468439867
223756	0.0001315763309
223757	0.0004457719143
223758	0.002754501073
223759	0.0005531987852
223760	0.001667753651
223761	0.002331684712
223762	0.0001111612347
223763	0.000263334534
223764	0.0007320186905
223765	0.001468625967
223766	0.002331984346
223767	0.00162425665
223768	0.0009879157916
223769	0.0007036360962
223770	0.0001241272538
223771	0.00030432511
223772	0.001285446546
223773	0.001434662123
223774	0.0001552204009
223775	0.002019991301
223776	0.0007354709903
223777	0.001901663966
223778	0.001731006401
223779	0.001268274025
223780	0.000715993341
223781	0.001369627383
223782	0.001178421112
223783	0.001645374322
223784	0.00158785767
223785	0.0008698815009
223786	0.0004292348738
223787	0.002919072145
223788	0.0005814455722
223789	0.001002386519
223790	0.0005967890547
223791	0.0007329522114
223792	0.0001375099224
223793	5.52411695e-06
223794	0.001728419738
223795	0.002303280937
223796	0.009195590028
223797	0.006583137927
223798	0.00343414994
223799	0.001600739264
223800	3.57496543e-05
223801	0.0004269721058
223802	0.0005115901448
223803	5.753901891e-05
223804	9.179379861e-06
223805	0.0006007711787
223806	0.0002722000637
223807	4.332676593e-05
223808	0.0006292657479
223809	0.001179811823
223810	0.0007260437658
223811	0.003693226112
223812	0.001814079616
223813	0.001015776829
223814	0.0007295063414
223815	0.001330766547
223816	0.0003083904698
223817	0.003203348342
223818	0.0002146644289
223819	0.006824226506
223820	0.0007512394402
223821	0.0002415933422
223822	0.002587694821
223823	6.900017324e-05
223824	0.0002225092776
223825	2.836607315e-05
223826	0.0002755925459
223827	0.0007421057414
223828	0.0002388141042
223829	3.208854966e-05
223830	0.001602954842
223831	0.003408400804
223832	0.0002357680641
223833	0.0003395179821
223834	0.0002612545579
223835	0.004116924181
223836	0.001503927821
223837	0.002305442485
223838	0.0001637952487
223839	0.0009396407881
223840	0.0001839928602
223841	0.0005053726382
223842	0.0004144234505
223843	0.001694267522
223844	0.001734496594
223845	0.001129472346
223846	0
223847	0.00123214568
223848	7.78251531e-05
223849	0.004453695251
223850	5.083864835e-05
223851	0.0009454740144
223852	0.00213913597
223853	0.001092604799
223854	0.001398376097
223855	8.265804063e-05
223856	8.648238633e-05
223857	0.004141542613
223858	0.003839707677
223859	0.004519461073
223860	0.006181242533
223861	0.00133172273
223862	4.369512482e-07
223863	0.00128520194
223864	0.001573794784
223865	1.204474706e-05
223866	0.005352368659
223867	0.0008971616728
223868	0.0003812467885
223869	0.002388435445
223870	0.006452468805
223871	0.004107829893
223872	0.001054566562
223873	0.000383053953
223874	0.0006588301745
223875	0.0003670955357
223876	0.002030996123
223877	0.002271777717
223878	0.002021247615
223879	0.0009696762328
223880	0.000339694714
223881	0.001010766373
223882	0.0008792160417
223883	0.002489474211
223884	0.0001462737441
223885	0.0006534345102
223886	0.0008592505029
223887	0.0007799845744
223888	0.003973006507
223889	0.002302012621
223890	0.004377766822
223891	0.001918123947
223892	0.0009332586566
223893	0.001922142922
223894	0.0005302568609
223895	0.001436661312
223896	0.003822548096
223897	0.0001240216708
223898	0.002258371341
223899	0.002386275262
223900	0.0002407745766
223901	0.001000241259
223902	0.0008286258957
223903	0.002731469767
223904	0.001059203306
223905	0.0002000709976
223906	0.003417181514
223907	0.003640981044
223908	0.001097778917
223909	0.001121671753
223910	0.001312654945
223911	0.0006395099946
223912	0.001870167236
223913	0.001274805297
223914	0.0001947419623
223915	0.001981466758
223916	0.004680487227
223917	0.0007676295995
223918	0.0004290980084
223919	0.003789250367
223920	0.0002000342123
223921	0.003437076426
223922	0.004250132881
223923	0.0001135985045
223924	0.002961815831
223925	0.007294747232
223926	0.002532496701
223927	0.0006928702305
223928	0.001038984552
223929	0.000835708839
223930	0.0003171196965
223931	0.002501733024
223932	0.007940799992
223933	0.0003799863373
223934	0.001648955247
223935	0.00167025247
223936	7.594583634e-05
223937	0.004488599126
223938	0.003013168317
223939	0.001251453864
223940	0.007324736466
223941	0.0002809146199
223942	0.000689490286
223943	0.0006518882377
223944	0.0003039027603
223945	0.000457781831
223946	0.002922183796
223947	0.002294703736
223948	0.0009342879596
223949	0.00598814852
223950	0.000370279154
223951	0.00670857692
223952	0.003028625265
223953	0.0002790931658
223954	0.003618867512
223955	0.001833078573
223956	0.001259882246
223957	0.0003991448227
223958	0.0007664999382
223959	0.003140696638
223960	0.0006304495805
223961	0.003166494296
223962	0.002298864885
223963	0.002183025257
223964	0.00579170161
223965	0.004127058998
223966	0.001871836557
223967	0.00390375912
223968	0.0006699937263
223969	0.004756183122
223970	0.0005341289531
223971	0.003776919429
223972	0.001477456697
223973	0.002049717939
223974	0.0007328459218
223975	0.001257737258
223976	9.152797441e-05
223977	0.001388234395
223978	0.0007930274352
223979	5.834198846e-05
223980	0.00189879722
223981	0.002219968687
223982	0.00231369947
223983	0.002038386447
223984	0.004446958791
223985	0.0005366426346
223986	0.001052627441
223987	9.144290382e-05
223988	0.0003391108926
223989	0.0006032633954
223990	0.00576799623
223991	0.001338200796
223992	0.0006245155666
223993	0.0008653926551
223994	0.0004432485456
223995	0.004215800249
223996	0.00127654274
223997	0.0006236075527
223998	0.0004296808533
223999	0.002344158778
224000	0.001524709401
224001	0.0005654262005
224002	0.001098400943
224003	0.001577121342
224004	0.0008001425214
224005	0.0006515276093
224006	0.003359326261
224007	0.005096363747
224008	0.001810691138
224009	0.000577433151
224010	0.000850594789
224011	0.003935793095
224012	0.0018402295
224013	0.0009479709502
224014	0.000614007058
224015	0.0008308964299
224016	0.001592664728
224017	0.002902566255
224018	0.001260208739
224019	0.0001127887559
224020	0.002999271824
224021	0.002221536108
224022	0.0003447163979
224023	0.0007366706595
224024	0.0009929845999
224025	0.005330278755
224026	0.0003220219486
224027	0.0002877552159
224028	0.0016154016
224029	0.001674411951
224030	0.0006834242509
224031	0.001092828642
224032	0.005089347419
224033	0.0002160768348
224034	0.0006255349537
224035	0.0002345135039
224036	0.0009685092291
224037	0.0003816782763
224038	0.002940759188
224039	6.125372471e-05
224040	4.536512857e-05
224041	0.0009660137
224042	0.001189585531
224043	0.0005040015037
224044	0.006358164797
224045	0.001748664595
224046	0.0009785000759
224047	0.0006629433438
224048	0.001094232477
224049	0.001096129365
224050	0.0004805471099
224051	0.0009428183875
224052	0.003304602202
224053	0.00340383959
224054	0.0005583613246
224055	0.001600410584
224056	5.479623672e-05
224057	0.0009545786922
224058	0.0005956333437
224059	0.00174794284
224060	0.0006617271992
224061	0.001840311542
224062	0.002340230471
224063	6.965545985e-05
224064	7.091062823e-05
224065	0.001858226671
224066	0.0003680617656
224067	0.0006039531245
224068	0.0001648924672
224069	0.00305690914
224070	0.0001566707609
224071	0.00119471747
224072	0.0002135793234
224073	0.0009474828012
224074	0.0004113684813
224075	0.00015110746
224076	0.0009012679454
224077	0.004562530115
224078	0.0005525431863
224079	0.000557003412
224080	0.001544561602
224081	0.0005661922408
224082	0.002250749251
224083	0.002571300893
224084	0.001557042208
224085	0.003975851687
224086	0.002042954855
224087	0.0003102882778
224088	0.0009743034857
224089	0.0003776199974
224090	0.0001146775995
224091	3.948124455e-05
224092	2.57778153e-05
224093	0.0007455589997
224094	0.004219323654
224095	0.007151727029
224096	0.004141002617
224097	0.001087721241
224098	0.005482526713
224099	0.0004748160984
224100	0.00226481574
224101	0.0002510925902
224102	0.001312618267
224103	0.0008166403978
224104	0.0002611222939
224105	0.0006019086086
224106	0.004637789978
224107	0.002658471765
224108	0.001178834486
224109	0.003197808525
224110	0.006324446583
224111	0.003987352295
224112	0.00280164523
224113	0.001746038954
224114	0.0001749476565
224115	0.001695938056
224116	0.0003045961458
224117	0.002235358999
224118	0.0009636262415
224119	0.004580500791
224120	0.001677539629
224121	0.003172837989
224122	0.002568073028
224123	0.000292107644
224124	0.0005758779035
224125	0.003062962715
224126	0.00275126726
224127	5.768004023e-05
224128	0.0003546844555
224129	0.002645252807
224130	0.0006318529021
224131	0.001436038014
224132	0.0009508529818
224133	0.002004241711
224134	0.004528053376
224135	0.0006375456238
224136	0.002935123386
224137	0.003061222883
224138	0.0004381991224
224139	0.002631684944
224140	0.0004262403422
224141	0.0006559210274
224142	0.001636067377
224143	0.00034267514
224144	0.004756562451
224145	0.00240541566
224146	0.0004482387745
224147	0.0009850191908
224148	0.001107966577
224149	0.002981899973
224150	3.527271049e-05
224151	0.0003314415643
224152	0.00525003277
224153	0.002324978265
224154	0.002495072252
224155	0.004818715164
224156	0.001271002548
224157	0.0003652728797
224158	0.0003610880555
224159	0.003931097654
224160	0.002653214367
224161	0.001297500085
224162	0.004143798631
224163	0.0003337912572
224164	0.004535598552
224165	0.0009622582084
224166	0.0006072255047
224167	0.001823266068
224168	0.003299254273
224169	0.001040250074
224170	0.002363459455
224171	0.00179680738
224172	2.071720314e-05
224173	0.003984722816
224174	0.004300748079
224175	0.002677929649
224176	0.001415094954
224177	5.608481461e-05
224178	0.001061381521
224179	0.002877935577
224180	0.002477331726
224181	0.001520810319
224182	0.001503337105
224183	0.0005142212624
224184	0.0002629138091
224185	0.001602989626
224186	0.00116862972
224187	0.0009380847985
224188	0.003680637348
224189	0.0004579741279
224190	0.001137912177
224191	0.002492546438
224192	0.00211820474
224193	0.001838380478
224194	0.004571677863
224195	0.003800961145
224196	0.001513690562
224197	0.003734218215
224198	0.002705971791
224199	0.001516487984
224200	0.006362874612
224201	0.002478673163
224202	0.008808240176
224203	0.0002887191679
224204	0.002185512456
224205	0.001561825472
224206	0.007877370198
224207	0.0004732108581
224208	0.003339912539
224209	0.003480470123
224210	0.002322123104
224211	0.0005650033881
224212	0.0006579911988
224213	0.002309711998
224214	0.001166136127
224215	0.0001231167849
224216	0.004290972206
224217	0.002363212357
224218	0.001600179116
224219	0.0001055885834
224220	0.0005450694826
224221	0.001330326165
224222	0.002104183377
224223	0.001213419852
224224	0.002140840384
224225	0.0005893784685
224226	0.0001486891843
224227	0.002561440053
224228	0.001465621965
224229	0.001208692152
224230	0.003670427842
224231	0.0008342235202
224232	0.00229415704
224233	0.0003177851151
224234	0.0004776308874
224235	0.001507080015
224236	0.003589261441
224237	0.000577141727
224238	0.002511630066
224239	0.004603593295
224240	0.0002608831285
224241	0.00133465973
224242	0.00229423748
224243	0.006398390779
224244	0.001707633281
224245	0.005357732377
224246	0.00329164019
224247	0.002809696538
224248	0.005340657533
224249	0.005559944616
224250	0.002622402352
224251	0.001539077418
224252	0.001264780639
224253	0.001994315515
224254	0.002788044223
224255	0.004102724817
224256	0.002436314648
224257	0.001154888419
224258	0.0003332687574
224259	0.001822701818
224260	0.001476505895
224261	0.0003345661843
224262	0.001521230609
224263	0.0002771056343
224264	0.002219348847
224265	0.0001051185249
224266	0.0007087824586
224267	0.0003947208164
224268	0.005815308557
224269	0.002566221901
224270	0.001647358614
224271	4.804250433e-05
224272	0.001004062939
224273	0.002807947174
224274	4.866924568e-05
224275	0.005004197185
224276	0.001968713106
224277	0.002688983595
224278	0.0006882573433
224279	0.001392871245
224280	0.002512777136
224281	0.003711017457
224282	0.002118971572
224283	0.003229267275
224284	0.004636721053
224285	0.0003996299775
224286	0.002491929672
224287	0.002110563481
224288	0.001767290562
224289	0.004806639142
224290	0.0004809792464
224291	0.002731423433
224292	0.0009059980049
224293	0.002385875339
224294	0.002166542339
224295	0.008701008489
224296	0.002560387723
224297	0.001671988603
224298	0.0001683174469
224299	0.0009335417642
224300	0.001940839951
224301	0.003872516577
224302	0.001805308863
224303	0.001394513252
224304	0.001836276316
224305	0.001147287377
224306	0.002142457766
224307	0.0004047438797
224308	0.0003342513413
224309	0.00898279874
224310	0.001416747507
224311	0.003137450957
224312	0.003068719802
224313	0.001452111499
224314	0.001840574486
224315	0.001300212059
224316	0.002590513876
224317	0.0008013360722
224318	0.002372144112
224319	0.003425336709
224320	0.001780763563
224321	0.003417910357
224322	0.003218570237
224323	0.002005452189
224324	0.0007791065687
224325	0.001956993701
224326	0.003246465388
224327	0.002386018697
224328	0.0002082498836
224329	0.001091562694
224330	0.0006905301901
224331	0.0007415093481
224332	0.002734424484
224333	0.002165512046
224334	0.002107318023
224335	0.0004823295669
224336	0.001045362723
224337	0.0001536569251
224338	0.002806791639
224339	0.002132302254
224340	0.001231388443
224341	0.003931638581
224342	0.001483459811
224343	0.0008658639757
224344	0.001302381392
224345	0.002874441975
224346	0.004489472041
224347	0.003674076529
224348	0.0001250788361
224349	0.003798473854
224350	0.001080827194
224351	0.0007379287657
224352	0.004822644656
224353	0.001995313902
224354	0.002349339874
224355	0.004289086909
224356	0.00224751916
224357	0.00847029148
224358	0.000559407672
224359	0.001415969583
224360	0.002180880806
224361	0.001465615493
224362	0.0001542062107
224363	0.0001186520769
224364	0.004766602638
224365	0.0003793396083
224366	5.944039721e-05
224367	0.0007010072094
224368	0.00562594413
224369	0.001222883803
224370	0.002856377308
224371	0.003829454302
224372	0.0001582787469
224373	0.0003563534765
224374	0.0004059730956
224375	0.001538750935
224376	0.002580444194
224377	0.004088240851
224378	0.0022224634
224379	0.001906489914
224380	0.001549027734
224381	0.001891967233
224382	0.002946817171
224383	0.002600881149
224384	0.004489237775
224385	0.005705145937
224386	0.004814414489
224387	0.004631678246
224388	0.002596853216
224389	0.0004110809653
224390	0.0004333892562
224391	0.00515076914
224392	0.001287013119
224393	0.00137165385
224394	0.00412171573
224395	0.001264491344
224396	0.001586933296
224397	0.0007472283998
224398	0.001815148744
224399	0.0007544429741
224400	0.0001903671606
224401	0.005139186621
224402	0.001710104281
224403	0.001185995448
224404	0.002632200571
224405	0.001870226473
224406	0.0006816969863
224407	0.0003197431034
224408	0.0005702227183
224409	0.002429227755
224410	0.001269979644
224411	0.001660069572
224412	0.001910771756
224413	0.000400814784
224414	0.0006048377839
224415	0.0006412682822
224416	0.0007454260875
224417	0.0001942757034
224418	0.001219345711
224419	0.0053873431
224420	0.0027354474
224421	6.411873502e-05
224422	0.00500358857
224423	0.00227338005
224424	0.001545479032
224425	0.0006539705355
224426	0.0007824346777
224427	0.0007902774085
224428	0.001082856333
224429	0.001945173688
224430	0.001283467941
224431	5.360732289e-05
224432	0.003950807401
224433	0.001062387553
224434	0.0007647833037
224435	0.003480407992
224436	0.0001686149404
224437	0.002967263736
224438	0.0007221321902
224439	0.004138794162
224440	0.003998357924
224441	0.005551829697
224442	0.001107546777
224443	0.0002768249044
224444	0.005135190623
224445	0.00423905707
224446	0.003712987217
224447	0.001455860614
224448	0.001360364248
224449	0.003492643847
224450	0.005803809414
224451	0.0004914335887
224452	3.994527421e-05
224453	0.002454634834
224454	8.319915876e-05
224455	0.001526212951
224456	0.002170338229
224457	0.004145607343
224458	6.664057015e-06
224459	0.003260411174
224460	0.002280532933
224461	0.0002324068203
224462	0.001156081772
224463	0.001096254924
224464	0.0007222334359
224465	0.0004815988813
224466	1.799383364e-05
224467	0.001839043786
224468	0.00321722141
224469	0.0009112116818
224470	0.00298722405
224471	0.001225669881
224472	0.0006634109963
224473	0.001334717852
224474	0.00119792005
224475	0.001839503226
224476	0.0006706626654
224477	0.0001360715863
224478	0.004629416602
224479	0.004599603423
224480	0.002875756205
224481	0.00198270909
224482	8.703474312e-05
224483	0.000579593364
224484	0.0004978244106
224485	0.0002397407671
224486	0.0004717015776
224487	3.223721589e-05
224488	0.005279702336
224489	0.001504142093
224490	0.004452664372
224491	0.002901387468
224492	0.0002838127465
224493	0.002568786329
224494	0.0007597467236
224495	0.001243880452
224496	0.002616528518
224497	0.008152118192
224498	0.0011835115
224499	0.0009681297661
224500	0.0008417973051
224501	0.005805830428
224502	0.002189155315
224503	0.0004789526275
224504	0.004983421117
224505	0.001801550627
224506	0.0001553639953
224507	0.004635284529
224508	0.001844551632
224509	0.001387243625
224510	0.001410141542
224511	0.001524140756
224512	0.005682927176
224513	0.00662844703
224514	0.0001701512628
224515	0.001553097092
224516	0.001685352326
224517	0.0008027131241
224518	0.0002979540811
224519	0.001200627873
224520	0.004627845401
224521	0.001629809365
224522	0.0004108066849
224523	0.001493008443
224524	0.0008368771941
224525	0.00355920301
224526	0.004566012303
224527	0.003509316262
224528	0.001382427513
224529	0.003389213587
224530	0.001417124632
224531	0.006356665843
224532	0.002725140957
224533	0.0002751302062
224534	0.0008102846269
224535	0.001203203789
224536	0.001921900038
224537	0.002242320332
224538	0.0006565008057
224539	0.005315296356
224540	0.0008476599562
224541	8.897647371e-05
224542	0.00111394896
224543	0.003869750469
224544	0.001510957086
224545	0.0008368083289
224546	0.0005368673152
224547	0.00198167437
224548	0.0008385178959
224549	6.260746635e-05
224550	0.002013517353
224551	0.004937424847
224552	0.0004865954013
224553	0.0008641704943
224554	0.000858778328
224555	0.001594227563
224556	0.0007265898064
224557	0.003032671079
224558	0.001602248732
224559	0.001320254055
224560	0.001370128964
224561	0.000389209683
224562	0.003975178243
224563	0.005350975116
224564	0.002593137549
224565	0.000825376909
224566	0.002458579146
224567	0.001035768022
224568	1.990907107e-05
224569	0.0007384385042
224570	0.001286573302
224571	0.0008716463422
224572	0.002129292152
224573	0.002487949184
224574	0.0007267932206
224575	0.0002879992733
224576	0.002856173568
224577	0.001322501022
224578	9.759111774e-05
224579	0.002832723741
224580	0.001443494189
224581	0.001509783635
224582	0.0014405546
224583	0.003040298524
224584	0.004572944396
224585	0.001704950848
224586	0.004089569939
224587	0.002771159037
224588	0.002765347991
224589	0.002277038609
224590	0.002225541109
224591	0.0004573717267
224592	0.001554621787
224593	0.0001951676884
224594	0.0003433700587
224595	0.0002734304786
224596	0.0005837482481
224597	0.001222341451
224598	0.001225379524
224599	0.002133189274
224600	0.0008434514185
224601	0.001315166019
224602	0.0006480723173
224603	0.005013828807
224604	0.000847144523
224605	0.005589721133
224606	0.000521271725
224607	0.002793836536
224608	0.0005472090142
224609	0.001361837379
224610	0.001765077076
224611	0.0009042803381
224612	0.005222784953
224613	0.001039122664
224614	0.002617880572
224615	0.005619801131
224616	0.001533816413
224617	0.001861963032
224618	0.0009710139255
224619	0.006755638696
224620	0.001269588393
224621	0.004388514213
224622	0.005156198031
224623	3.689995619e-05
224624	0.0002998695794
224625	0.0002634690015
224626	0.002268980825
224627	0.0004009721286
224628	0.0003324922507
224629	0.0003792540517
224630	0.002296574905
224631	0.0002336994434
224632	0.0001989781265
224633	0.0002458782589
224634	0.0001912204161
224635	0.0001361246046
224636	0.003570421898
224637	9.727889406e-06
224638	0.001563918055
224639	0.001371242159
224640	0.001691277449
224641	0.001960833695
224642	0.001278107828
224643	0.0001879095316
224644	0.0002897432832
224645	0.0004159436367
224646	0.0002948467275
224647	7.539829523e-05
224648	0.0003612310613
224649	8.409174037e-05
224650	5.925558211e-05
224651	0.002627066886
224652	0.002870029547
224653	0.001323291644
224654	0.003492593612
224655	0.002237974259
224656	0.0001727037666
224657	8.510071927e-05
224658	0.001232367229
224659	8.64506051e-05
224660	0.001949180346
224661	0.0006408043638
224662	0.001838009951
224663	0.0005481485479
224664	3.940097981e-06
224665	0.0005490123028
224666	0.0003346954717
224667	0.0004814344889
224668	0.0007856489368
224669	1.571305897e-05
224670	0.0001132123434
224671	0.0005015383345
224672	0.0003840193958
224673	0.000330857887
224674	0.0008726425648
224675	0.0001653909562
224676	0.0001383834357
224677	0.0001213959307
224678	0.0002404679053
224679	0.000128732459
224680	0.0002866013877
224681	0.005848560858
224682	0.004265449559
224683	0.0002663648683
224684	0.0003731007394
224685	4.235140337e-05
224686	0.001417718786
224687	0.001899473613
224688	0.001412153205
224689	0.00230389261
224690	4.618501412e-05
224691	0.003481094062
224692	0.0008343802323
224693	9.791529491e-05
224694	0.0004707117623
224695	0.0006130411918
224696	0.001804139176
224697	0.0006769467863
224698	0.0003795675923
224699	0.0004566006797
224700	0.0007660552934
224701	0.002020476047
224702	0.004007164437
224703	0.002140380357
224704	0.0004977552386
224705	0.00218696572
224706	0.003263628982
224707	0.0009308586438
224708	0.002317922545
224709	0.001274894716
224710	0.0002099034708
224711	0.0004264877712
224712	0.0001926307396
224713	0.001074900438
224714	0.0004420426282
224715	0.0005111549507
224716	0.0004207024164
224717	0.0002468892839
224718	0.0003104334663
224719	0.0002293154521
224720	0.002241576094
224721	0.002186522612
224722	0.001648405198
224723	0.001092920801
224724	0.0003669817655
224725	0.0005973720259
224726	0.001225120548
224727	0.001442623616
224728	0.001259490748
224729	0.0008614814201
224730	0.0007847644412
224731	0.0006698994297
224732	0.0005794620165
224733	0.0006718654341
224734	0.0005038555
224735	0.0003213348159
224736	0.0002391865098
224737	0.001217825137
224738	0.0009129917513
224739	0.0003729553309
224740	2.689029112e-05
224741	0.0006712630601
224742	0.000513382003
224743	0.0004094534681
224744	0.001609057753
224745	0.0007262171205
224746	7.762626318e-05
224747	0.0004683894973
224748	0.0001057644989
224749	0.0005646734937
224750	0.002097058912
224751	0.002032010239
224752	0.001909442931
224753	0.001937336304
224754	0.0001967535681
224755	0.0008136932163
224756	0.0009256624649
224757	0.0002328519056
224758	0.0003788557763
224759	0.00154637663
224760	0.001157152361
224761	0.0001277392263
224762	0.0005766820108
224763	0.0004273762234
224764	0.0001905755207
224765	0.001508215179
224766	0.001970065572
224767	0.003860149817
224768	0.00484052174
224769	0.0002911044432
224770	0.002840594198
224771	0.001522587424
224772	0.0003645887229
224773	0.001181545061
224774	0.0007685576869
224775	0.001816556487
224776	0.001112924131
224777	0.0009997602839
224778	0.0007510881174
224779	0.004305170842
224780	0.001925187242
224781	0.00185183414
224782	2.555516911e-05
224783	0.0004498930973
224784	0.002875586753
224785	0.0003593123333
224786	0.0006509463384
224787	0.0003058912506
224788	0.001902351556
224789	0.0001894347481
224790	0.0001051639679
224791	0.001241360412
224792	1.535023086e-07
224793	0.001208347667
224794	0.0009406098175
224795	0.001614561863
224796	0.001304135557
224797	0.0006055572805
224798	0.0004959938015
224799	0.0003057546756
224800	4.809739009e-08
224801	0.000585115449
224802	9.312042326e-05
224803	0.001471866094
224804	0.00517402684
224805	0.0006101225503
224806	0.006519647089
224807	0.0001364658249
224808	0.0004791808637
224809	0.0003441387282
224810	0.0006821415089
224811	0.000350951129
224812	0.001337212806
224813	0.0008841364132
224814	7.956130553e-05
224815	0.0001682452838
224816	4.570558372e-05
224817	0.0004078484837
224818	0.0006876776368
224819	0.0001020987098
224820	4.258547274e-05
224821	3.08399249e-05
224822	0.0001444757535
224823	0.002823076522
224824	0.0008339845537
224825	0.0004441923212
224826	1.73873906e-05
224827	3.578630858e-05
224828	0.0003096084113
224829	0.0006352616786
224830	0.0005299864097
224831	0.0005221743645
224832	0.0001165192332
224833	0.000605671802
224834	0.000823044397
224835	9.758217298e-05
224836	0.0002549128963
224837	9.49464204e-05
224838	0.0001418332014
224839	0.0002111933236
224840	0.001476619966
224841	0.003495859029
224842	4.47053908e-05
224843	0.0006325978221
224844	9.207269662e-05
224845	0.00320389422
224846	0.0002004261815
224847	0.0001315829757
224848	0.0002615098315
224849	0.0003490282307
224850	0.0002029512152
224851	0.0002164081439
224852	0.0002074305236
224853	0.002514592018
224854	0.0001196301554
224855	0.00254390119
224856	0.0004893151143
224857	0.0005985566609
224858	0.00111054243
224859	0.0003626230839
224860	0.0002135354953
224861	0.0004902521548
224862	0.0006453654901
224863	0.0003559940708
224864	0.001826805338
224865	0.0002068238141
224866	0.0002066416071
224867	0.0002821801684
224868	0.0004804271759
224869	0.0004353101196
224870	0.0005033384607
224871	0.00615964243
224872	0.003239220825
224873	0.00211295638
224874	0.002833771378
224875	0.002526036035
224876	0.002186031656
224877	0.009196209276
224878	0.002311431347
224879	0.001298621619
224880	0.004708781557
224881	0.0007556398486
224882	0.00912789206
224883	0.004755800126
224884	0.001923708495
224885	0.000736088151
224886	0.01035442516
224887	0.004005800126
224888	0.0009538097541
224889	0.005615672922
224890	0.002215473295
224891	0.0002746057359
224892	0.001260562716
224893	0.001613875904
224894	0.00124209967
224895	0.002508874481
224896	0.001681341597
224897	0.001932401641
224898	0.000502977853
224899	0.002566808178
224900	0.0001818973621
224901	0.0003498461012
224902	0.001734434801
224903	0.003817614163
224904	0.001695633998
224905	0.003138477769
224906	0.006445693023
224907	0.0003321228644
224908	0.0002673242368
224909	0.0002786008624
224910	4.816843757e-06
224911	0.005351301754
224912	0.0005841395835
224913	0.0004097605993
224914	0.0004932749939
224915	0.0005271664777
224916	0.002339765954
224917	0.0005409244873
224918	0.0004065216877
224919	0.003135592264
224920	0.0004632527631
224921	0.001307836742
224922	0.0002777523307
224923	0.0006755739278
224924	0.0008491893223
224925	0.0006921471371
224926	0.0009434939354
224927	0.0006574913582
224928	0.0006341230819
224929	0.0005805545147
224930	0.0002860780929
224931	0.001002016007
224932	0.0003840584404
224933	0.0002876292459
224934	0.001327120045
224935	0.0005363616602
224936	0.0007247641817
224937	0.001949573464
224938	0.0006271072954
224939	0.0003027581748
224940	9.176483941e-05
224941	0.0003542774126
224942	0.0009136583095
224943	0.001783766293
224944	0.0005769797733
224945	0.0002693263839
224946	0.0004471434319
224947	0.001165505373
224948	0.00198162105
224949	6.975252739e-05
224950	0.0007004343972
224951	0.0001390453213
224952	0.0004552848504
224953	0.002441453497
224954	0.0004739296069
224955	0.001040499371
224956	0.0003076047695
224957	0.0006446867041
224958	0.001190298355
224959	0.005182352162
224960	0.00109769788
224961	0.0002880623357
224962	0.002242767966
224963	0.001433562295
224964	0.000904682903
224965	0.0001522634739
224966	0.0006658950427
224967	6.185471391e-05
224968	0.0001226127153
224969	0.0002289968583
224970	0.002194413857
224971	0.001011194625
224972	0.001100713434
224973	0.0004123308014
224974	0.000820625811
224975	0.0008773617888
224976	0.0004387356296
224977	0.000890289179
224978	0.0003386622499
224979	0.0006286009196
224980	0.0006682515578
224981	6.659874796e-05
224982	0.0003259916156
224983	0.0006459671687
224984	0.0001182695448
224985	0.000418792548
224986	0.001064481315
224987	0.001635839134
224988	0.0007408336874
224989	0.0003983786691
224990	0.001065631953
224991	0.0001880799442
224992	0.0002273266406
224993	9.932183379e-05
224994	0.0006512377213
224995	0.0003455724754
224996	0.0002855758185
224997	0.001344576906
224998	0.0001737997747
224999	0.0005277479925
225000	0.00162030559
225001	0.001483048814
225002	0.0006687327751
225003	0.002455762943
225004	1.10089292e-05
225005	0.000531281764
225006	0.0005335849049
225007	0.0007889589712
225008	0.0005100307428
225009	0.0007202969048
225010	0.0005632265951
225011	0.0005055744408
225012	0.00250668843
225013	0.002388514191
225014	0.001634655481
225015	0.0005740404896
225016	0.0005094719289
225017	0.0006977965272
225018	0.000379136101
225019	0.001100748702
225020	0.0006204683986
225021	1.081730871e-05
225022	0.0006622880582
225023	0.0006198634161
225024	0.0007958142643
225025	0.0002954493836
225026	0.0008245265482
225027	7.267236006e-05
225028	0.0007506199117
225029	0.0001469679038
225030	0.000565708929
225031	0.001048926251
225032	0.0005952219658
225033	0.0002355290075
225034	0.001241366487
225035	0.0007980003375
225036	0.000110251065
225037	0.0006908636278
225038	2.940562135e-05
225039	0.001198637855
225040	0.0007610279317
225041	0.002937251503
225042	0.0005490229326
225043	0.001409739135
225044	0.001251459745
225045	0.0007841349342
225046	0.0007384425203
225047	5.06105956e-05
225048	0.001296030431
225049	0.0005557455676
225050	0.001208744491
225051	0.001559038393
225052	0.0001192259495
225053	0.0004280081683
225054	0.00100184657
225055	0.0007154839117
225056	0.0005227737705
225057	0.0007688012313
225058	0.0005752365548
225059	1.394460203e-05
225060	0.0008728752644
225061	0.002904685019
225062	0.0003313432509
225063	0.001957942926
225064	0.0006845256302
225065	0.001383974183
225066	0.001460649721
225067	0.0009655590311
225068	0.001189786996
225069	0.001341776362
225070	0.0009366210893
225071	0.001363044281
225072	0.0007961405699
225073	0.001076129975
225074	0.0005634960951
225075	0.0005596046761
225076	0.0002372542096
225077	0.001061358043
225078	0.0007065681664
225079	0.0007076959829
225080	0.0006231680431
225081	0.001504707942
225082	0.0003616787948
225083	0.0009325665847
225084	0.002268354744
225085	0.0006374935099
225086	0.0004371540426
225087	0.0003198461601
225088	0.002024634793
225089	0.0006879428997
225090	0.0009072966544
225091	1.54714919e-05
225092	0.000797429683
225093	0.0006493080576
225094	9.151496168e-05
225095	0.0005789536455
225096	7.338398293e-05
225097	0.001433452545
225098	0.001621789775
225099	0.0002024434984
225100	5.911387321e-05
225101	0.0009081030391
225102	0.0006423469096
225103	0.0003372664704
225104	0.0007692512399
225105	0.001004328319
225106	0.0004117072245
225107	2.829345924e-05
225108	0.0004964515453
225109	0.0004097774777
225110	0.0003161632725
225111	0.0005074854177
225112	0.0003327699078
225113	0.0004378375443
225114	0.0001778632785
225115	0.001198150009
225116	0.0005344258337
225117	0.0003093781328
225118	0.0003025089902
225119	0.001596046874
225120	0.0005765409563
225121	0.0002878302662
225122	0.0004469937622
225123	0.0007650718796
225124	0.002290334478
225125	0.0006041674831
225126	0.0001302435859
225127	0.001660995636
225128	0.001065534188
225129	0.0009558349993
225130	0.0006025366965
225131	0.0005895975276
225132	0.0001230658261
225133	0.0007740916747
225134	0.0002902773036
225135	0.00110613247
225136	0.0007225958287
225137	0.0005421152247
225138	0.0009263459197
225139	0.0003969090993
225140	0.0005079039133
225141	0.0006211353309
225142	0.0008768370566
225143	0.0009338294444
225144	0.0007693323793
225145	0.0007751354402
225146	0.001058633621
225147	0.0007931708675
225148	0.001633404375
225149	0.0006235939834
225150	0.0006803393885
225151	0.002229276861
225152	0.001332324215
225153	0.001993197304
225154	4.472970277e-05
225155	0.001374776819
225156	0.0002872258706
225157	0.0005828896393
225158	0.0003963778118
225159	0.0001390132559
225160	0.0003453731994
225161	0.0001043090461
225162	0.001094207508
225163	0.001232710465
225164	0.001092134855
225165	0.0002225392805
225166	0.001613202348
225167	0.0007369454084
225168	0.0004658168043
225169	0.000406583475
225170	0.0006283772229
225171	0.0001197073226
225172	0.001876666263
225173	0.00156838498
225174	8.681335332e-05
225175	0.0002505116151
225176	0.0007366888187
225177	0.0006357502546
225178	0.0009623570967
225179	0.001557558796
225180	0.0004353397246
225181	0.0008990350194
225182	0.0003143399008
225183	0.0003702528102
225184	0.0009564636827
225185	0.0003864529584
225186	0.0004181435427
225187	0.001755276583
225188	0.0009529613832
225189	0.001342536885
225190	0.001412779731
225191	0.000137511535
225192	0.0007236667926
225193	0.0004278294472
225194	0.0009772990643
225195	0.001061356895
225196	0.004181788517
225197	0.0008689599328
225198	0.002312815937
225199	0.00144260176
225200	0.002267312734
225201	0.002210168702
225202	0.0006755352871
225203	0.0009469287027
225204	0.0007070044452
225205	0.0003860042989
225206	0.0003015843991
225207	0.0002783761949
225208	0.001239658119
225209	0.0007481420906
225210	4.37642329e-05
225211	0.0005798855007
225212	0.0006818789767
225213	0.0008789802369
225214	0.001163808608
225215	0.0008249066106
225216	0.001220189459
225217	0.0007883140329
225218	0.0004866346709
225219	0.001255599161
225220	0.0006993990792
225221	0.0005714338999
225222	0.0006289230855
225223	0.001027409961
225224	0.0009787599652
225225	0.003028100681
225226	0.0005860875104
225227	0.0002401528546
225228	0.002644498891
225229	0.0002394498243
225230	0.000446360194
225231	0.0006518520889
225232	0.001284748142
225233	0.001179151928
225234	0.0002933910135
225235	0.0004026458848
225236	0.0006434091585
225237	0.0008285858475
225238	5.017385769e-05
225239	0.0003811487178
225240	0.0007002557049
225241	0.0002894643066
225242	0.0005710887774
225243	0.001262860063
225244	0.001471921979
225245	0.000405961184
225246	0.000572525735
225247	0.00145652835
225248	0.0007661091756
225249	0.002008223443
225250	0.001443210505
225251	0.0007690456773
225252	0.0001063784776
225253	0.0008872516357
225254	0.001662149212
225255	0.0002811335263
225256	0.0004184821826
225257	0.001206838478
225258	0.00033406271
225259	0.0001348826035
225260	0.0002918721382
225261	0.0007874140804
225262	0.001016724568
225263	4.715441308e-05
225264	0.0004765131579
225265	0.0003080149249
225266	0.00214236821
225267	0.001441488551
225268	0.0016152644
225269	0.0007470343908
225270	0.0007124343221
225271	5.705661118e-05
225272	0.001732249303
225273	0.0002951279413
225274	0.001638696952
225275	0.00148549746
225276	0.0009157235973
225277	0.001420960767
225278	0.0003499186361
225279	0.0001558195345
225280	0.0004711115163
225281	0.0005413434877
225282	0.001346225328
225283	0.0008294475164
225284	0.0003902415704
225285	0.0009397686487
225286	0.0008615686809
225287	0.0005944010107
225288	0.0007845746447
225289	0.0003138244952
225290	0.00241587256
225291	0.0001261998756
225292	0.0006374932076
225293	0.001062930365
225294	0.0008967951892
225295	0.0007766664057
225296	0.0009173628402
225297	0.001096250448
225298	0.001134697346
225299	0.0005063312751
225300	0.0005580786535
225301	0.001346541881
225302	0.0006611813073
225303	0.0004094767963
225304	0.0006453548707
225305	0.001318594984
225306	0.000843280214
225307	0.000429549083
225308	0.0002101822765
225309	0.0002298049471
225310	2.332855024e-05
225311	4.836363504e-05
225312	0.0004057980356
225313	0.0001026182182
225314	0.001310422212
225315	3.120326125e-05
225316	0.00116103921
225317	0.0002981058934
225318	0.0004562512743
225319	0.0004504090096
225320	0.001136450953
225321	0.0003252128365
225322	0.001505495488
225323	0.0004816170116
225324	0.001141927349
225325	0.0003069711504
225326	0.0005650991459
225327	0.0008046003648
225328	0.0007420501486
225329	0.0005031266372
225330	7.809911692e-05
225331	0.001314484582
225332	0.006415473455
225333	0.0005512435651
225334	0.001531995292
225335	0.0007984423357
225336	0.001389622058
225337	0.0004092205729
225338	0.0009102667872
225339	0.0005689637505
225340	0.001063205042
225341	0.001590964743
225342	0.001960616078
225343	0.0006424034141
225344	0.000617593217
225345	0.0001084921971
225346	0.0005518293312
225347	0.0002198717716
225348	0.000953985794
225349	0.0002421305644
225350	0.0005999940491
225351	0.001706227324
225352	0.001289728679
225353	0.001680815881
225354	0.0004895012674
225355	0.0007073599581
225356	0.0009011778976
225357	0.001252347842
225358	0.0001527297082
225359	0.0002511839006
225360	0.001237112961
225361	0.0001130253695
225362	0.0005592507745
225363	0.0006743082756
225364	0.001242536722
225365	0.0002380835447
225366	8.287414759e-05
225367	0.0005009938289
225368	0.0009092793736
225369	0.0004170530839
225370	0.0002382058238
225371	0.0003684602865
225372	0.0002562470281
225373	0.0009540783118
225374	0.0005795907667
225375	0.0003283210556
225376	0.0006475219601
225377	6.371548305e-05
225378	0.0006444757819
225379	0.0005880628885
225380	0.001788433176
225381	0.0009840999069
225382	0.0003139328274
225383	0.0006784650925
225384	0.001043755778
225385	0.0002940110508
225386	0.0006199160395
225387	9.540937761e-05
225388	0.0006234282643
225389	0.004358436821
225390	0.0002584636154
225391	0.0006819997634
225392	0.0005439602759
225393	0.001152335047
225394	0.000223527526
225395	0.000357953068
225396	0.00139516582
225397	0.0008992647172
225398	0.0005167852237
225399	0.000129119808
225400	0.0001763972234
225401	0.0006755556928
225402	0.0003898775285
225403	0.0007178450379
225404	0.001408464103
225405	0.001535559192
225406	0.001681143929
225407	0.0004784821554
225408	0.0009678664238
225409	0.002741232796
225410	2.802769173e-05
225411	0.002417626156
225412	0.0005108268925
225413	0.000275359925
225414	0.003045436252
225415	0.0004844117969
225416	0.000345932703
225417	0.0006899577823
225418	0.0003708893872
225419	0.0008058822521
225420	0.0009425104809
225421	9.209897279e-05
225422	0.0007789034169
225423	0.001358530609
225424	0.0008516655605
225425	0.0005681424898
225426	0.002603103313
225427	0.001574416273
225428	0.0008679672808
225429	0.0001958618734
225430	0.0005243655152
225431	0.0006948526273
225432	0.000927190406
225433	0.0007276429936
225434	0.001063373071
225435	0.002044287798
225436	0.0008443117716
225437	0.00010100229
225438	0.0004240959557
225439	0.0003537270369
225440	0.001380996572
225441	0.0001890268762
225442	0.0008807175597
225443	0.0003108087974
225444	0.0004863171055
225445	0.001141578292
225446	0.001809522509
225447	6.050528656e-05
225448	0.001277216395
225449	0.001066024389
225450	0.0001876752319
225451	0.0001457818658
225452	0.0002599804655
225453	0.0007716545779
225454	0.0004140634671
225455	0.0002608111491
225456	0.0008644860472
225457	0.001124819664
225458	0.0001502194214
225459	5.665166931e-05
225460	0.0009818607584
225461	5.361487307e-05
225462	0.0007891624249
225463	0.000242743323
225464	0.0002161499746
225465	0.00108837219
225466	0.001220409333
225467	0.0004465677503
225468	0.000348596241
225469	0.0001869383942
225470	0.0006818503122
225471	0.00100206761
225472	0.0008345681315
225473	8.936110192e-05
225474	0.001590115513
225475	0.001363769385
225476	0.004083735754
225477	0.002420211021
225478	0.004543900593
225479	0.001252310665
225480	0.001145402881
225481	0.0004021775924
225482	0.004706368304
225483	0.0007988672508
225484	5.275504571e-05
225485	0.001875450245
225486	0.002204709805
225487	0.001074637313
225488	0.0006600528249
225489	0.001204872069
225490	0.0006302109904
225491	7.283611034e-05
225492	0.0005820421688
225493	0.001497461149
225494	0.0005387959455
225495	0.00262013694
225496	0.0005928282511
225497	0.0001469071521
225498	0.0004723656592
225499	0.0005914419545
225500	0.001216287473
225501	0.002010620025
225502	0.0001992927045
225503	0.0002943408977
225504	0.0009171576641
225505	0.001035262919
225506	4.929700504e-05
225507	0.0008360577541
225508	0.000718767174
225509	0.001062153614
225510	8.393363021e-05
225511	0.001369555702
225512	0.0009532919927
225513	0.0002822365558
225514	0.0019432533
225515	0.0002669762103
225516	0.0006351491866
225517	0.0002317715149
225518	0.0005766132347
225519	0.003535645498
225520	0.0008796376523
225521	0.0007015736488
225522	0.001302435266
225523	0.0005486297718
225524	0.0005665688051
225525	0.00106415559
225526	0.0004923581281
225527	0.0004094624841
225528	0.0007722159334
225529	0.0001318416499
225530	0.001060217491
225531	0.0005353247304
225532	0.0006117724829
225533	0.0009453358389
225534	0.001076461363
225535	0.001450508817
225536	0.002161501952
225537	0.000348607604
225538	0.0004842150614
225539	0.001326442594
225540	0.0008453812956
225541	8.840563423e-05
225542	0.0005701853297
225543	0.001627078376
225544	0.0004807809326
225545	0.0004019784226
225546	9.917754679e-05
225547	0.0002466601426
225548	0.0005030726762
225549	0.0008478310852
225550	0.0006837396669
225551	0.0002475662055
225552	0.0004769500745
225553	0.0004131012298
225554	0.0005459159284
225555	8.421891702e-05
225556	0.0003516972731
225557	0.0005688495298
225558	0.0002320805679
225559	0.001567756973
225560	0.0007432962887
225561	0.0007683222996
225562	0.00170214514
225563	0.0007887068579
225564	0.0003588566773
225565	0.001520186948
225566	0.0007740754264
225567	0.001271981125
225568	0.0005474109394
225569	0.001071706503
225570	1.939634186e-05
225571	0.0001737102899
225572	0.0009694961914
225573	0.000546701829
225574	0.001786338483
225575	0.001172141831
225576	0.001382960351
225577	0.002956362326
225578	0.0006081139052
225579	0.00116056264
225580	0.001053472001
225581	0.0007727150639
225582	0.003137544359
225583	0.0008193266824
225584	0.0034591676
225585	0.0003905662191
225586	0.00101243979
225587	0.0003882054721
225588	0.0007657132678
225589	0.002031515588
225590	0.000455078385
225591	0.0007635752233
225592	0.0001715664976
225593	0.001975625578
225594	0.00121238262
225595	0.003237898912
225596	0.00244069933
225597	0.0002297733673
225598	0.0001401884743
225599	0.0004389435918
225600	0.006111041037
225601	0.002205978154
225602	0.004085891161
225603	0.0008864068603
225604	3.59424489e-05
225605	0.001964027658
225606	0.0006183446166
225607	0.0004127716283
225608	0.0003568180958
225609	0.001025931853
225610	0.0004721453662
225611	0.0007596025758
225612	0.0007351657739
225613	0.0001842479675
225614	0.001704747739
225615	0.001284550313
225616	0.0001910521705
225617	0.001144193081
225618	0.0001783850447
225619	0.0004212190207
225620	0.0002227039578
225621	0.00140817602
225622	0.0001822214658
225623	0.0002553925352
225624	0.001259229158
225625	0.00268493426
225626	0.002022786252
225627	0.001167467154
225628	0.000319587539
225629	0.0009289612103
225630	0.0006624070069
225631	0.0008734842856
225632	0.001131362767
225633	5.995888365e-06
225634	0.0004709540409
225635	0.0007808543017
225636	0.000512601899
225637	0.0006990682541
225638	0.0003911922739
225639	9.659274153e-05
225640	0.0003052800392
225641	0.0002369024884
225642	0.0003343208233
225643	0.0006406849741
225644	0.0002832207454
225645	0.00081644719
225646	0.0001696548169
225647	0.0008621197241
225648	0.0008004756839
225649	0.0002253497308
225650	0.0004709289141
225651	0.0004087874694
225652	0.0005857746648
225653	0.0002566197075
225654	0.0002045683738
225655	0.001222347088
225656	0.0007314508147
225657	0.002421864135
225658	0.0002961099267
225659	0.0006932321208
225660	0.001684418016
225661	0.0003010131179
225662	0.002444779847
225663	0.0008959783061
225664	0.001184696422
225665	0.0003236892462
225666	9.56919596e-05
225667	0.0006018318985
225668	0.0005026342939
225669	0.00156371314
225670	0.000945065741
225671	0.004796279532
225672	0.001463408939
225673	0.0004447482061
225674	0.001226137339
225675	0.001343415212
225676	7.418198089e-05
225677	0.0004460869902
225678	0.001491704923
225679	0.0003555157511
225680	0.000282587339
225681	0.0009838450659
225682	0.0009866760486
225683	0.000428069413
225684	0.001637498611
225685	0.0006267477788
225686	0.0008476485482
225687	0.001737708346
225688	0.001275354579
225689	0.001240321711
225690	8.441011428e-05
225691	0.0009636719625
225692	0.0004893022766
225693	0.001538515854
225694	0.0005694016296
225695	0.000440639945
225696	0.0008847598742
225697	0.0004189253169
225698	0.0004660868129
225699	0.0001691699016
225700	0.0004214906282
225701	0.0005393306783
225702	0.0004374369887
225703	0.000990702275
225704	0.000666436424
225705	0.003074177336
225706	0.0003949718499
225707	0.0009229784364
225708	0.0009752171249
225709	0.0007291825891
225710	0.0003068821181
225711	0.0002159443689
225712	0.0009030426981
225713	0.0008106218039
225714	0.0001311371551
225715	0.0003050001741
225716	0.00206141423
225717	0.0007872962866
225718	0.001255838548
225719	8.584173295e-05
225720	0.00040828986
225721	0.004998294052
225722	7.486018899e-05
225723	0.0009395040159
225724	0.001044038191
225725	0.0004566842589
225726	5.089300527e-05
225727	0.0003224589648
225728	0.0001169938574
225729	0.0001233553818
225730	0.001303234032
225731	0.001310751044
225732	0.0003451771317
225733	0.001131659382
225734	0.0001095020619
225735	0.001681174359
225736	0.0005011006349
225737	3.25691122e-05
225738	0.0002847056974
225739	0.0001991541643
225740	0.002650798883
225741	0.0003321003435
225742	0.000690410558
225743	0.0001678299882
225744	0.0006357273045
225745	0.0001775329921
225746	0.001180390778
225747	0.0003608393452
225748	0.0005525107723
225749	0.0002068953209
225750	0.0008413777816
225751	0.0001122610542
225752	0.0004235828715
225753	0.001226835129
225754	0.0005052277493
225755	0.0007562335705
225756	4.896131391e-06
225757	0.0009526333091
225758	0.000530298163
225759	0.0007382550687
225760	0.0004556910826
225761	0.0006539269654
225762	0.0005858532008
225763	0.001271429649
225764	0.0008771706449
225765	0.0006566502344
225766	0.0002988589351
225767	0.0001627687086
225768	0.000240123237
225769	0.0001436413486
225770	0.0003976023972
225771	0.0001725427499
225772	0.0003376581248
225773	0.0009625012572
225774	0.0002986471946
225775	0.0005760674884
225776	0.0008657645297
225777	0.000296125964
225778	0.0009662482596
225779	0.001227035855
225780	0.0005881117296
225781	0.001091775541
225782	0.001088820079
225783	0.0003029187443
225784	0.0007064082932
225785	0.0002389793986
225786	0.002309390186
225787	0.0004302808588
225788	0.0008638658147
225789	0.001838040714
225790	0.000873368807
225791	0.002199366931
225792	0.001387042183
225793	0.0004745866248
225794	0.0003260570717
225795	0.0008182830464
225796	0.0001717110937
225797	0.0008584249066
225798	0.0001691645607
225799	0.00130036359
225800	0.001233595374
225801	0.001166659978
225802	0.0003756134674
225803	0.0008925756379
225804	0.001385945603
225805	7.02821516e-06
225806	0.0001615706994
225807	0.001106069535
225808	0.0004834991541
225809	0.0004052756637
225810	0.0009928674977
225811	0.0001478796028
225812	0.0003033180567
225813	0.0005947111241
225814	0.002813909328
225815	0.0008120007343
225816	0.001029746745
225817	0.0005709956031
225818	0.0009144151736
225819	0.0003845210304
225820	0.00154853239
225821	0.0001704944397
225822	0.0006672646072
225823	0.0003239609964
225824	0.0003147450079
225825	0.0007932871298
225826	0.0002732423011
225827	0.001730293957
225828	0.001859707264
225829	0.001267267044
225830	0.001862018462
225831	0.0006059571912
225832	0.002927487383
225833	0.001221334708
225834	0.0003900973846
225835	5.005333592e-05
225836	0.002798263635
225837	0.001092297058
225838	0.001265295489
225839	0.0002316477576
225840	0.0002277605052
225841	0.0002877421431
225842	0.001836621818
225843	0.0006607863534
225844	0.003644863069
225845	0.0004718518987
225846	0.001302785266
225847	0.0002805831201
225848	0.0009423112194
225849	0.0001087152136
225850	0.0006788926162
225851	0.0002729031088
225852	0.0006425672226
225853	0.000307968094
225854	0.001202190769
225855	0.002811556892
225856	0.000714660126
225857	0.0006469188193
225858	0.001027331906
225859	0.001524833318
225860	0.001708162557
225861	0.0008229229156
225862	0.0004956108564
225863	0.001565212221
225864	0.0005893007292
225865	0.0003842622509
225866	0.0002677533695
225867	0.0003449930468
225868	0.001539393796
225869	0.0001561529664
225870	0.0006464221061
225871	0.0001710938323
225872	0.001562051929
225873	0.001027674001
225874	0.0009402385334
225875	0.001321814173
225876	0.0004573420013
225877	0.001616921927
225878	0.004004548976
225879	0.0002571736823
225880	0.0006743955114
225881	0.002906408948
225882	0.001787738493
225883	0.001334263401
225884	0.002235885458
225885	0.0002093741199
225886	0.0004948450403
225887	0.0009098877667
225888	0.001609358594
225889	0.00104359415
225890	0.001717053582
225891	0.003510814469
225892	3.947009519e-05
225893	0.004187536494
225894	0.00264908034
225895	0.002905289255
225896	0.00540277381
225897	0.0001914857648
225898	9.041872967e-05
225899	0.0004553671141
225900	0.001116336825
225901	0.001139610061
225902	0.0004383779373
225903	0.001579266934
225904	0.002043321204
225905	0.00492561074
225906	0.0004982628816
225907	0.0007963310679
225908	0.0007462307318
225909	0.0009983998538
225910	0.001942607201
225911	0.001044444305
225912	2.27287548e-05
225913	0.001677122616
225914	0.0001160512471
225915	0.0005800083349
225916	0.001307988893
225917	0.000592730672
225918	0.000645695548
225919	0.001042747407
225920	0.000765299407
225921	0.001266418869
225922	0.000683169356
225923	0.0006214612488
225924	0.0007317201024
225925	0.003464209617
225926	0.0010097757
225927	0.001903573891
225928	0.0008560242976
225929	0.0007862355415
225930	0.001185391444
225931	0.0009323356753
225932	5.47840964e-05
225933	0.0006050343376
225934	0.0008371470286
225935	0.0001440009414
225936	0.0006216445485
225937	0.0005169955835
225938	0.0009007402556
225939	0.001424762259
225940	3.300709207e-05
225941	0.002812038018
225942	0.0009546200099
225943	0.0004137719382
225944	0.00256736417
225945	0.0007716563359
225946	0.0008592505668
225947	0.001265662015
225948	0.000790404681
225949	0.001604232314
225950	0.0008801678959
225951	0.0007603702597
225952	0.00168006559
225953	0.0004376373024
225954	0.001551114016
225955	0.0008712328777
225956	0.0001788138359
225957	0.0003441494193
225958	0.0003665557675
225959	0.0007210941698
225960	0.0004035850109
225961	0.0008092689056
225962	0.0003664490602
225963	0.0003828269241
225964	0.0005063931893
225965	0.001177423232
225966	0.001172786995
225967	0.00115580995
225968	4.73876875e-05
225969	8.258861053e-05
225970	0.0006855611274
225971	0.0008008877438
225972	0.000666773857
225973	0.000957720682
225974	0.0002122311615
225975	0.0005816857352
225976	0.0007041259322
225977	0.00116282154
225978	0.001631398243
225979	0.0001617207165
225980	0.0001897528298
225981	0.0009216421255
225982	7.620898501e-05
225983	0.001855345147
225984	0.0006204206105
225985	0.001711403314
225986	0.001055182259
225987	0.001345905349
225988	0.0006770682719
225989	0.0001573172573
225990	0.00101559296
225991	0.00154741252
225992	0.0004656549278
225993	0.002086266879
225994	0.002976194537
225995	8.209747445e-05
225996	0.003622559752
225997	8.121184207e-05
225998	9.210597025e-05
225999	0.0008154271656
226000	0.0003738149024
226001	0.0006044885253
226002	0.000529228221
226003	0.0004603355906
226004	0.001337399568
226005	0.0004510514093
226006	0.001327593454
226007	0.001006282514
226008	0.0004131620842
226009	0.00111884911
226010	0.0008795645762
226011	0.001240891289
226012	0.000502283827
226013	0.0002475774631
226014	0.001880738687
226015	0.0004741059165
226016	0.0007681992754
226017	0.0006649636791
226018	0.0002641392933
226019	0.0005643728523
226020	0.0002555663596
226021	0.001032289841
226022	0.001761261421
226023	0.0007136755976
226024	0.0001452372657
226025	0.001049366867
226026	0.0004037797511
226027	0.000507659076
226028	0.0007529241836
226029	0.0003638707575
226030	0.0006621064764
226031	0.0006720754254
226032	0.0004523969519
226033	0.001449498522
226034	0.0002437164284
226035	0.001228689389
226036	0.0001162149369
226037	0.000743263094
226038	0.000770109491
226039	0.001133534282
226040	0.0002573849634
226041	0.0007412134202
226042	0.0005032410412
226043	0.0005881563958
226044	0.001229823289
226045	0.001257381945
226046	0.0009369895311
226047	7.657543764e-05
226048	0.0009271270012
226049	2.402066488e-06
226050	0.0005604940905
226051	0.002315913048
226052	0.0001237110168
226053	0.0003357486142
226054	0.001292478661
226055	8.819773569e-05
226056	0.002150849598
226057	8.091780745e-05
226058	0.0006326398269
226059	0.001011585785
226060	0.0008445847737
226061	0.0011112177
226062	0.001389045881
226063	0.0001834752956
226064	0.001527503489
226065	0.0004704470156
226066	0.001951165144
226067	0.0003583578903
226068	0.001041343654
226069	0.0002830801359
226070	0.0003854568617
226071	0.0004258515918
226072	0.0002237370415
226073	0.0005702139812
226074	0.0006458204223
226075	0.0004124498275
226076	0.002502945857
226077	0.000964996212
226078	0.0001423337988
226079	0.0004825222138
226080	0.001162498853
226081	0.00124920381
226082	0.000560761745
226083	0.0002114700757
226084	0.0004963376881
226085	0.001284925892
226086	0.0007516087381
226087	0.000319582045
226088	0.0005849656065
226089	0.0006834545257
226090	0.0004117720545
226091	0.00166378399
226092	0.0001317507521
226093	0.001412013061
226094	0.0001664873373
226095	0.001136323403
226096	0.0007601639205
226097	0.0004272822568
226098	1.609630442e-05
226099	0.0004550078902
226100	0.0005379479076
226101	3.678919534e-05
226102	0.0005335164808
226103	5.16436137e-05
226104	0.001953252978
226105	0.0004263042562
226106	0.001622816436
226107	0.001442561404
226108	0.0001373310029
226109	0.0001094127075
226110	0.0007179649466
226111	0.0007293055047
226112	7.067828804e-05
226113	0.0008898515376
226114	0.001240947387
226115	0.0001730395604
226116	0.00129714221
226117	0.0007352011131
226118	0.002193593085
226119	0.001454260318
226120	0.0009657270208
226121	0.0009251711374
226122	0.0002977447157
226123	0.0001637674791
226124	0.0005869866139
226125	0.0003516077902
226126	0.0002287243222
226127	0.002196017731
226128	0.0006919445674
226129	0.0005522089443
226130	0.0009275974805
226131	0.0004103363394
226132	0.0007851170653
226133	0.00152268791
226134	0.002002101442
226135	0.001275109499
226136	1.943347316e-05
226137	0.0002766375708
226138	0.0005273416568
226139	0.001532351191
226140	0.000757280684
226141	0.0006110134149
226142	0.0004490928005
226143	0.0006574517944
226144	0.0009267966634
226145	0.0006919739485
226146	0.001006929129
226147	1.801097627e-05
226148	7.332830292e-05
226149	0.0005478588692
226150	0.000456178943
226151	0.001190155472
226152	0.001510464079
226153	0.0002785601539
226154	0.000683846147
226155	0.0003351893427
226156	0.0004044777651
226157	4.428411456e-05
226158	0.0006238377899
226159	0.001379466849
226160	0.0009900032284
226161	0.0006866638566
226162	0.0007346979925
226163	0.0005456553944
226164	0.001107105369
226165	0.0006308737232
226166	0.0007415418467
226167	0.001348916566
226168	0.0001198956153
226169	0.002569104477
226170	0.0006252796445
226171	0.0004781056036
226172	0.000687488392
226173	0.0006672777866
226174	0.0007847685218
226175	0.002114157425
226176	0.0003525554257
226177	0.0003258460587
226178	0.003127793014
226179	0.001588703685
226180	0.002097144303
226181	0.001879182217
226182	0.0003419569084
226183	0.0003554665157
226184	0.001862781054
226185	0.0002156477315
226186	0.0001728749863
226187	0.000853474741
226188	0.0001605402214
226189	0.0003220827076
226190	0.0002893551278
226191	0.0006489296396
226192	0.0007461238428
226193	0.001285005558
226194	0.001097077353
226195	0.0005786676585
226196	0.0009088695726
226197	8.278408636e-05
226198	0.0001607461736
226199	0.0001384129672
226200	0.0009326511476
226201	0.0005954174274
226202	0.001033971346
226203	0.000654445807
226204	0.0003470525583
226205	0.0002897866158
226206	0.0006495861806
226207	0.0006137121498
226208	0.001455121823
226209	0.0003648618751
226210	6.035209811e-05
226211	0.0002753064539
226212	0.0002841253221
226213	0.0004459622014
226214	0.000343348795
226215	0.0009841115436
226216	0.0005391862399
226217	0.0008027736244
226218	0.0004760398218
226219	0.0003031597369
226220	0.000563185942
226221	0.001015519163
226222	0.0005527535264
226223	0.0004717837892
226224	0.002518686604
226225	0.000354063525
226226	0.00143122583
226227	3.702447991e-05
226228	0.0002764101733
226229	3.708503452e-05
226230	0.0007370377524
226231	0.0001817362814
226232	0.001041467153
226233	0.0006218697983
226234	9.843001251e-05
226235	0.000302432603
226236	0.0006891815252
226237	0.001507997901
226238	0.0006281233143
226239	0.000962983695
226240	0.0003600516213
226241	6.943973322e-05
226242	0.0005816449715
226243	0.0002106875672
226244	3.794858355e-05
226245	0.002464605218
226246	0.0003840223147
226247	5.736122298e-05
226248	0.001516279135
226249	0.0003801546706
226250	0.0004518774631
226251	4.905480017e-05
226252	0.0008626886381
226253	0.001272779399
226254	0.001852777844
226255	0.0008580023626
226256	0.0002623930613
226257	0.0008874792491
226258	0.004267340369
226259	0.001057613863
226260	0.0004976497475
226261	0.0001590932012
226262	0.0007415509345
226263	0.0004944904903
226264	0.0003506359221
226265	0.0002595429029
226266	0.0005503834858
226267	0.0009586950067
226268	0.003418901434
226269	0.0007655863332
226270	0.00101257724
226271	0.001050253626
226272	0.001055858501
226273	0.0004288234732
226274	0.0007851829428
226275	0.00135548872
226276	6.646384787e-05
226277	0.0009644269782
226278	0.0001597652607
226279	0.0006644305167
226280	0.0002049670533
226281	0.0005531647017
226282	0.000787576811
226283	0.001133116252
226284	0.0007188500076
226285	0.0005478726014
226286	0.001176643837
226287	0.0009760804474
226288	0.0003023751525
226289	0.0003029621171
226290	0.0004312083324
226291	0.0002232432271
226292	0.000418591667
226293	0.002559066264
226294	0.001208964979
226295	0.001571636197
226296	1.220898097e-05
226297	0.0006824682473
226298	0.000869613596
226299	0.0004510881142
226300	0.0003792436878
226301	0.0001349064825
226302	2.829775859e-05
226303	0.0009495876277
226304	0.0001903510166
226305	0.0001043752261
226306	0.000935289918
226307	0.0002419406784
226308	0.003249100709
226309	0.0003449984663
226310	0.0005844906471
226311	0.0004170616185
226312	0.0006940010009
226313	0.0006788698467
226314	0.0001518319654
226315	0.0006864983741
226316	0.002494342944
226317	4.964655617e-05
226318	0.000237640957
226319	0.0004499402476
226320	0.0002970925142
226321	0.0006582051778
226322	0.0002152352244
226323	0.0001065020909
226324	0.001561076725
226325	0.0008089400238
226326	0.0007103025335
226327	3.038651581e-05
226328	0.0004284009806
226329	6.564944976e-05
226330	0.0009352925387
226331	0.0003165392672
226332	6.776064466e-05
226333	6.611923113e-05
226334	7.187201063e-05
226335	0.0001403768696
226336	0.0003905918367
226337	0.0006382662357
226338	0.000708921196
226339	4.465042772e-05
226340	0.0007844698837
226341	0.0002325793534
226342	0.00240713804
226343	0.0005579084962
226344	0.000553149589
226345	0.0001754145267
226346	0.0007842352231
226347	0.0009894034437
226348	0.000102984834
226349	0.0008370701257
226350	0.001802466014
226351	0.0009788485058
226352	0.001989649559
226353	0.0003161182371
226354	0.001639875137
226355	0.0008786124904
226356	0.0009949848489
226357	0.001968167296
226358	0.0009448557314
226359	0.001813481199
226360	0.0005273230483
226361	0.0004733576876
226362	4.214294037e-05
226363	0.001462798307
226364	0.000886346677
226365	0.0001700377651
226366	0.0007959634731
226367	7.824193355e-05
226368	0.0006465598549
226369	0.001109233204
226370	0.0002576904157
226371	0.0007158002804
226372	0.0005828582182
226373	0.001425057307
226374	0.0006945549344
226375	0.0004675659791
226376	2.965144563e-05
226377	0.001331242561
226378	0.001167461885
226379	0.0008958371573
226380	0.000740500478
226381	0.000576542818
226382	0.0006156262677
226383	0.001262125538
226384	0.001140503196
226385	0.003921998453
226386	0.00137227041
226387	0.00154083843
226388	0.005969890123
226389	0.003725562142
226390	0.003234346043
226391	0.0002833395354
226392	0.002521481301
226393	0.006683013898
226394	0.0003834450318
226395	0.002502774044
226396	0.00409648647
226397	0.0005280848977
226398	0.001669735445
226399	0.0004635439131
226400	0.000810504684
226401	0.0005325315077
226402	0.001387958683
226403	0.002287881314
226404	0.002719076467
226405	0.002048063243
226406	0.002582845123
226407	0.001632490031
226408	0.0003638151094
226409	0.0003016699145
226410	0.002863641947
226411	0.0003077917974
226412	0.0003070955072
226413	0.0006223969291
226414	0.0002148875331
226415	0.001016568584
226416	0.001669364286
226417	0.000378083444
226418	0.0002493520102
226419	0.0005869989247
226420	0.0005632739854
226421	0.002228865022
226422	0.0008152926322
226423	0.0003690509856
226424	0.0006737957196
226425	0.0004054806095
226426	0.001656629513
226427	0.0001409120677
226428	0.0006404857935
226429	0.0003879571466
226430	0.0009461275207
226431	0.0001706082583
226432	0.000824765487
226433	0.0003996770015
226434	5.514970588e-05
226435	0.0003208966949
226436	0.0004623626396
226437	0.0005348087411
226438	0.0006112715914
226439	0.0002089263719
226440	0.00120939943
226441	0.0005031605162
226442	0.0003568032489
226443	0.0009233094248
226444	0.0002177244473
226445	0.0002641853543
226446	0.000500310327
226447	0.0002832160614
226448	0.0002312487561
226449	0.0003600812715
226450	9.680881646e-05
226451	0.0004795185423
226452	0.0002525431459
226453	0.0001373670543
226454	0.001040850208
226455	0
226456	1.287429427e-05
226457	0.0005218926316
226458	0.0002344213514
226459	0.0002202289444
226460	0.0001109322425
226461	1.455790938e-05
226462	6.497132954e-06
226463	0.0002940293664
226464	0.0003454527047
226465	0.0003462407323
226466	0.0001125994663
226467	0.0007782399242
226468	0.0006194354978
226469	2.643475432e-06
226470	5.732120157e-05
226471	0.0006239077133
226472	0.0002314498452
226473	0.001069273681
226474	0.0003960249677
226475	0.002009526312
226476	0.00329455856
226477	0.001270218147
226478	0.0001461885854
226479	0.0007397766175
226480	0.005311970119
226481	0.0001306402518
226482	0.001495933717
226483	0.0005348750847
226484	0.003208120723
226485	0.002633908646
226486	0.0005381912005
226487	4.400918266e-05
226488	0.0003216089515
226489	0.002722634353
226490	0.0003332783261
226491	0.001140403287
226492	8.060626424e-05
226493	0.0002313128693
226494	0.001327465763
226495	0.0002670601586
226496	0.00125027526
226497	0.002168825236
226498	0.004583993946
226499	0.0001570098623
226500	0.001317252607
226501	0.002738498201
226502	0.002056469071
226503	0.00231178081
226504	0.000733350159
226505	0.0002294903654
226506	0.001078721524
226507	0.008326179374
226508	0.0005549757666
226509	0.002439380366
226510	0.001520897171
226511	0.004975497947
226512	0.001704417695
226513	0.002966596055
226514	0.005315012459
226515	0.0005224196392
226516	0.0007476873735
226517	0.001650001916
226518	0.0008455770781
226519	0.0005971731512
226520	0.0005031168031
226521	0.003849573003
226522	0.001564826049
226523	0.002358440506
226524	0.003566974547
226525	4.764445214e-05
226526	0.001255144772
226527	0.00181104992
226528	0.004264432161
226529	0.0004433616588
226530	0.0008011318147
226531	0.0007453978364
226532	0.006737468088
226533	0.001036859512
226534	0.004644518956
226535	0.001333502261
226536	0.0002170034742
226537	0.004586078173
226538	0.003723581091
226539	0.001928264198
226540	0.003893092659
226541	0.00407562625
226542	0.0006973712571
226543	0.0003057544688
226544	0.008690232131
226545	7.713173241e-05
226546	0.002381744545
226547	0.004149321369
226548	0.002231996449
226549	0.0007413525629
226550	0.003839833432
226551	0.001275006304
226552	0.001383029939
226553	0.001100738291
226554	0.0009798739651
226555	0.0002262544909
226556	0.0008742605566
226557	0.002296466076
226558	0.00248388879
226559	0.004120277635
226560	0.0006578306394
226561	4.223976182e-05
226562	0.008703201459
226563	0.001429350223
226564	0.002757678566
226565	0.005129246978
226566	2.159765823e-05
226567	0.00219772465
226568	0.000504670914
226569	0.0008624036032
226570	0.000946395734
226571	0.0001601960485
226572	0.00461785244
226573	0.002219489835
226574	0.003385159822
226575	0.0005294395572
226576	0.001768508615
226577	0.001242307538
226578	0.0008646303643
226579	0.002357019777
226580	0.0001848672805
226581	0.002557594829
226582	0.002727979315
226583	0.002465944274
226584	0.001771502392
226585	0.0002280075066
226586	0.0009466821307
226587	0.002393963196
226588	0.002945496227
226589	0.004651800369
226590	0.000214536917
226591	0.002911387246
226592	0.004433457504
226593	0.003184884216
226594	0.0004135724063
226595	0.002717840929
226596	0.002678105205
226597	0.0008643630123
226598	0.0007710573691
226599	0.0002150080905
226600	5.180988632e-05
226601	0.00577594666
226602	0.001132281667
226603	9.43935398e-05
226604	0.0007033519529
226605	0.001326902146
226606	0.003046113598
226607	0.001304594366
226608	0.0004603742639
226609	0.0006416858084
226610	0.0003323249169
226611	0.0005206558635
226612	0.001909511076
226613	0.0003417106267
226614	0.001160175935
226615	0.001290267818
226616	0.00138863304
226617	0.001466002395
226618	0.0002964022981
226619	0.0005872750361
226620	0.0003975304455
226621	0.0002969523073
226622	0.002891938644
226623	0.001357004312
226624	0.00014108853
226625	0.005004928456
226626	0.0004457630986
226627	0.0008028895873
226628	0.002126308738
226629	0.005682668288
226630	0.001199941806
226631	0.0009496592226
226632	9.920184044e-05
226633	0.0032611782
226634	0.001781090202
226635	0.003018098577
226636	0.001410323204
226637	0.001908796707
226638	0.001160490689
226639	0.005413102474
226640	0.000708833588
226641	2.991767085e-05
226642	0.001631492591
226643	0.0001327890305
226644	0.002852972936
226645	0.005112481013
226646	0.003614124292
226647	0.001710206924
226648	0.0007977200583
226649	0.00139909518
226650	0.0004002242191
226651	7.030586324e-05
226652	0.003223363782
226653	0.002452339641
226654	0.002387214552
226655	0.004394433382
226656	0.003782131134
226657	0.003581405959
226658	0.004817169948
226659	0.002296808201
226660	0.002923767063
226661	0.003081833617
226662	0.001985923346
226663	0.00424535092
226664	0.002337757491
226665	0.001037935033
226666	0.001336730135
226667	0.001609061734
226668	0.0008411807044
226669	0.002618767809
226670	2.032370219e-06
226671	0.002283946603
226672	0.003746994752
226673	0.003841213171
226674	0.003353610326
226675	0.002727566939
226676	0.002353059143
226677	0.000349219306
226678	0.00217568175
226679	0.002609913937
226680	0.002720976464
226681	0.001403287959
226682	0.003148126085
226683	0.002978129616
226684	0.001845605622
226685	0.002498616031
226686	0.002846489271
226687	0.003136348934
226688	0.002497991298
226689	0.005374070691
226690	0.004814148768
226691	0.002649107529
226692	0.0005852198448
226693	3.382510974e-05
226694	0.001200211294
226695	0.00141307631
226696	0.00125038957
226697	0.0002248516767
226698	0.0002757981462
226699	0.0009135431847
226700	0.0007934599858
226701	0.003017933146
226702	0.004343621105
226703	0.001907796717
226704	0.002185659237
226705	0.001085861661
226706	0.002593934131
226707	0.001881232193
226708	4.687605443e-06
226709	0.0009780917277
226710	0.0003413189854
226711	0.0007787473213
226712	0.0004056135913
226713	0.0008409086794
226714	0.0004986167273
226715	0.001764817587
226716	0.0007359562693
226717	0.0002925079858
226718	0.0004155777546
226719	0.002790133214
226720	0.0027566152
226721	2.607639177e-05
226722	0.0002283632782
226723	0.0001472095101
226724	0.0004761773332
226725	5.708887865e-05
226726	0.001441010581
226727	0.0001517904768
226728	0.0003609060796
226729	0.001699452414
226730	0.0008243917948
226731	0.0006124362411
226732	0.00126806983
226733	0.0007044197766
226734	3.283205047e-05
226735	0.003267735602
226736	0.001291912906
226737	0.002494920615
226738	3.994084029e-05
226739	0.002940413483
226740	0.0003875127093
226741	0.001459591359
226742	0.001652031908
226743	0.0003025177439
226744	0.001064167546
226745	0.0004251347993
226746	0.001608758303
226747	0.001431980736
226748	0.0008229709337
226749	0.001545210148
226750	0.002602790562
226751	0.002409119434
226752	0.0007206433431
226753	0.003208999857
226754	3.632238706e-05
226755	0.002778956226
226756	5.424553325e-05
226757	0.003448184243
226758	0.002939571115
226759	0.002732172794
226760	0.0006757181267
226761	0.005522996353
226762	0.001156798422
226763	0.0003487811521
226764	0.0006088417419
226765	0.002345586503
226766	0.0005652826194
226767	0.003302657377
226768	0.001219901174
226769	0.00245900859
226770	0.001213059795
226771	0.0003170667144
226772	0.001127755505
226773	1.744452895e-05
226774	0.0006855640645
226775	0.004757470692
226776	0.00234123034
226777	0.002900142194
226778	0.002267939653
226779	0.003321069746
226780	0.000572752786
226781	0.001912315231
226782	0.002114431993
226783	0.002224828903
226784	0.0001464284164
226785	0.0009322077899
226786	0.003074793725
226787	0.0004662817631
226788	0.0005501088989
226789	0.0009266588606
226790	0.002087074379
226791	0.0004019235154
226792	0.0009442213634
226793	0.002843744904
226794	0.001525473469
226795	0.0005815838051
226796	5.802189526e-05
226797	0.0006499424879
226798	0.00125370821
226799	0.001012708215
226800	0.003798844317
226801	0.0001647728844
226802	6.839844061e-05
226803	0.002583324374
226804	0.0006952496117
226805	0.001248319234
226806	0.0004559011541
226807	0.001991216965
226808	0.003489775643
226809	3.480690616e-05
226810	0.0002262028485
226811	0.001670812217
226812	0.0004915230602
226813	0.001031073071
226814	0.001235650782
226815	0.001010594619
226816	0.002145581944
226817	1.212809303e-05
226818	0.0009716039273
226819	0.001929860864
226820	0.00712947909
226821	0.004628861564
226822	0.004287690898
226823	0.002866658445
226824	0.005062195735
226825	0.0005464794354
226826	0.005311015499
226827	0.004201596237
226828	0.002821701035
226829	0.004337201682
226830	0.005921397302
226831	0.0005881926466
226832	0.002762859169
226833	0.0002666890187
226834	0.004234758541
226835	0.0007283989635
226836	0.000421761355
226837	0.0007331032345
226838	0.001686564147
226839	0.001896395412
226840	0.003593943974
226841	0.0008540807393
226842	0.001622371555
226843	0.002947399375
226844	0.000129012013
226845	0.0006163379113
226846	0.0003252568634
226847	0.00109428902
226848	0.0008098975022
226849	0.000531882257
226850	0.001403036129
226851	0.001588614338
226852	0.0001016740559
226853	0.001520786554
226854	0.004522134728
226855	0.003591926602
226856	0.00232388995
226857	0.001166148891
226858	0.003575179612
226859	0.003292984549
226860	0.0009904956374
226861	0.007153078532
226862	0.007714828778
226863	0.007517108793
226864	0.006040221073
226865	0.0005271527355
226866	0.001009912878
226867	0.002257010894
226868	0.001151999775
226869	0.00018150397
226870	0.002388635334
226871	0.003887040346
226872	4.769415405e-05
226873	0.003452676318
226874	0.002613776642
226875	0.002276153691
226876	0.007641883798
226877	0.000564870479
226878	0.001346693547
226879	0.0005007812869
226880	0.0009391963827
226881	0.006011465605
226882	0.0003066803349
226883	0.001501758945
226884	0.0005488964473
226885	0.0003979077165
226886	0.002645885177
226887	0.0003718596429
226888	0.0007023398765
226889	0.0003603519411
226890	0.001030976478
226891	0.0008731373689
226892	9.511042255e-05
226893	0.001760586505
226894	0.001428427767
226895	0.001550546794
226896	0.001256963775
226897	0.0006297243001
226898	0.002203348611
226899	0.001059535483
226900	0.0007660079174
226901	0.0005449503676
226902	0.004721719424
226903	0.0005527757878
226904	0.0007861090737
226905	0.002237260225
226906	0.0001106767635
226907	0.004893800723
226908	0.0008310935693
226909	0.005190333249
226910	0.002767762128
226911	0.000997374682
226912	0.004472623354
226913	0.0008144735323
226914	0.001185694801
226915	0.00043127231
226916	0.0006047694658
226917	0.001303980645
226918	0.00218082256
226919	0.001267872371
226920	0.0007455678107
226921	0.00122552236
226922	0.0009525378779
226923	8.797720003e-05
226924	0.002801396205
226925	0.00103857675
226926	0.001318542361
226927	0.004947240091
226928	0.003112102
226929	0.0006694794613
226930	0.003573652616
226931	0.0002962759414
226932	0.005392300966
226933	0.006266537258
226934	0.0003078644684
226935	0.00673539871
226936	0.004920333818
226937	0.001612707036
226938	0.004089101227
226939	0.002025986131
226940	0.0007993915565
226941	0.000493315664
226942	0.001309817432
226943	0.00060011046
226944	0.0002206547423
226945	0.001343299457
226946	0.002956137863
226947	0.000574694921
226948	0.0007888658889
226949	0.008578077011
226950	8.491803757e-05
226951	0.007096995981
226952	0.003363005537
226953	0.0005168556142
226954	0.000318601152
226955	0.00185755657
226956	0.0002732584351
226957	0.001544592788
226958	0.0003744433634
226959	0.001261512109
226960	0.001142035483
226961	0.00096095948
226962	0.001702601325
226963	0.0004733841759
226964	0.002132159434
226965	0.00304545238
226966	0.00165804566
226967	0.003922424119
226968	0.001377467575
226969	0.001380306475
226970	0.0001779500561
226971	0.001426788256
226972	0.001355680089
226973	0.0019824282
226974	0.0003070769926
226975	0.0005610851671
226976	0.0002201969123
226977	0.0006823034757
226978	0.001119585477
226979	0.0008012650951
226980	0.001089459129
226981	0.001434995099
226982	0.0002342238512
226983	9.530121978e-05
226984	0.0005226653298
226985	0.00265597077
226986	0.001665611731
226987	0.0004335154953
226988	0.001436367952
226989	0.0008167832696
226990	0.0008519103389
226991	0.001216494026
226992	5.516634149e-05
226993	7.857565568e-05
226994	0.0001123748215
226995	0.003237975806
226996	0.000271324822
226997	0.0007066058538
226998	0.003079839185
226999	0.001146014497
227000	0.0009073933642
227001	0.001466936516
227002	0.003914282103
227003	0.003960669696
227004	0.000677172427
227005	0.002502114936
227006	0.003556616007
227007	0.001193587269
227008	0.0009589220519
227009	0.002791030052
227010	0.001725773318
227011	0.003075442969
227012	0.0008519718428
227013	0.003890340529
227014	0.003018782182
227015	0.00110417251
227016	0.001215978408
227017	0.002325659802
227018	0.006071646383
227019	0.0005721744836
227020	0.003224190535
227021	0.002567160255
227022	0.001771517509
227023	0.0007754759043
227024	0.004991038047
227025	0.0001062147923
227026	0.005412771696
227027	0.005261302155
227028	0.003985487595
227029	0.000307182524
227030	0.001288426891
227031	0.002314869793
227032	0.001846236254
227033	0.002084965679
227034	0.001138887604
227035	0.0004503238675
227036	0.0007160490501
227037	0.002823850726
227038	0.003676405073
227039	0.0004158077675
227040	0.0009828605989
227041	0.001683036874
227042	0.005667808852
227043	0.001323197039
227044	0.0006494764589
227045	0.0004382893272
227046	0.001447478505
227047	0.004506816185
227048	7.563400993e-05
227049	0.002218259484
227050	0.003585649789
227051	0.002478766312
227052	0.0003882952833
227053	0.002966902695
227054	0.002935253558
227055	0.0007754439048
227056	0.001809902094
227057	0.003260019856
227058	0.0024070345
227059	0.003842565869
227060	0.002239118893
227061	0.001601860593
227062	0.004756745983
227063	0.00447787938
227064	0.001432849968
227065	0.00372215059
227066	0.005206308615
227067	0.001677842866
227068	0.003656802707
227069	0.005534662239
227070	0.004360370523
227071	0.00326135186
227072	0.000193310092
227073	0.006416423868
227074	0.001543472832
227075	0.0008314404447
227076	0.003318030068
227077	0.003927051805
227078	0.003052941485
227079	0.003647532205
227080	0.003908404576
227081	0.005427804378
227082	0.002505083462
227083	0.000179558188
227084	0.00499541992
227085	0.00360206028
227086	0.005340975292
227087	0.0001681555618
227088	0.001031199176
227089	0.0006820438553
227090	0.001579511133
227091	0.000665533061
227092	0.001494959244
227093	0.0005164552261
227094	0.0002288869704
227095	6.397188508e-05
227096	0.001605772812
227097	0.000455701702
227098	0.0005834762728
227099	0.0008482869433
227100	0.001660515462
227101	0.0009818860464
227102	0.001719632668
227103	0.0004388469752
227104	0.001613144327
227105	6.612460443e-05
227106	0.0003761059592
227107	0.002823606442
227108	0.005806086263
227109	0.000519143504
227110	0.002194931301
227111	0.005760448181
227112	0.0008680060483
227113	0.00101762136
227114	0.001920004683
227115	0.002135505571
227116	0.003820294408
227117	0.0006641653062
227118	0.004335817426
227119	0.001449010369
227120	0.003499366637
227121	0.003285873822
227122	0.002518287767
227123	0.0006079651337
227124	0.003132987009
227125	0.001720205795
227126	0.003446756048
227127	0.001966552309
227128	0.004531501749
227129	0.002037195554
227130	0.0005142275191
227131	0.003038159215
227132	0.000665840923
227133	0.00144326747
227134	0.003122802325
227135	0.003703251607
227136	0.00880446155
227137	0.0007048599785
227138	0.003952580999
227139	0.0002023026611
227140	0.001090627719
227141	0.0007416428275
227142	0.0007984321905
227143	0.008333572952
227144	0.003589053283
227145	0.003600616748
227146	0.003061895364
227147	0.002605148378
227148	0.005387597068
227149	0.001426326561
227150	0.002777492647
227151	0.002490042852
227152	0.001463679193
227153	0.006299373386
227154	0.001070120353
227155	0.0009058881138
227156	0.002512570613
227157	0.0003304256747
227158	0.003002783334
227159	0.004425548599
227160	0.0005744291852
227161	0.0006954481553
227162	0.0007183094649
227163	0.001935120162
227164	0.005930284273
227165	0.0007110487703
227166	0.002480505808
227167	0.001186632812
227168	0.0004894603707
227169	0.002048788465
227170	0.001776199876
227171	0.001323405805
227172	0.002836046967
227173	0.003690631033
227174	0.003829673593
227175	0.00034201886
227176	0.003979232005
227177	0.0001846905616
227178	0.0009607484153
227179	0.002905248785
227180	0.0006816113551
227181	0.001468822121
227182	0.0002698927871
227183	0.000537268985
227184	0.0008571233907
227185	0.004107885205
227186	0
227187	0.005241231798
227188	0.005409330747
227189	0.003168845735
227190	0.0005482195179
227191	0.003225090806
227192	0.002908725462
227193	0.003433289155
227194	0.0006834855315
227195	0.002821633933
227196	0.003992705776
227197	0.005305452664
227198	0.005667668509
227199	0.007016359766
227200	0.001739040546
227201	0.006325163446
227202	0.001386952538
227203	0.004377165301
227204	0.004650913339
227205	0.002131061919
227206	0.00364895414
227207	0.001863625041
227208	0.008517873532
227209	0.001289935647
227210	0.002842399131
227211	0.002923070927
227212	0.005023100348
227213	0.00104308991
227214	0.003822071378
227215	0.0006084865723
227216	0.004826045203
227217	9.227426163e-05
227218	0.00182745484
227219	0.0005397802554
227220	0.0018043123
227221	0.003951627555
227222	0.004157629181
227223	0.002574329657
227224	0.0008159251986
227225	5.498091941e-05
227226	0.0006486079405
227227	0.001215463806
227228	0.0007122395087
227229	0.003010790078
227230	0.0002241418459
227231	0.0005875165966
227232	0.002577728871
227233	0.0002316468125
227234	0.003619513756
227235	0.00321448057
227236	0.001403960848
227237	0.006197882242
227238	1.60539594e-05
227239	0.003854346163
227240	0.003911162909
227241	0.001708490697
227242	0.002485867173
227243	0.003164871351
227244	0.005377608518
227245	0.0005093789708
227246	0.003272824298
227247	0.009680590395
227248	0.001539044004
227249	0.001178910221
227250	0.0007818971679
227251	0.0001161555352
227252	0.002610067285
227253	0.00573276174
227254	0.000728555391
227255	0.00176288934
227256	0.004331946861
227257	0.002355330029
227258	0.003018932599
227259	0.0004935112938
227260	0.002755651237
227261	0.004114995473
227262	0.002924751739
227263	0.0003877515405
227264	0.001428587193
227265	0.001839462873
227266	0.002941961364
227267	0.00563821269
227268	0.001523719794
227269	9.639235922e-05
227270	0.0004390070263
227271	0.007039125278
227272	0.0007149540867
227273	0.005433619297
227274	0.0008439757321
227275	0.004554040665
227276	0.004520685641
227277	0.003032031076
227278	0.008628004094
227279	0.0003707295567
227280	0.002365688276
227281	0.001836183844
227282	0.001621166904
227283	0.005705286569
227284	0.0005461794109
227285	0.001991373339
227286	0.002323509077
227287	0.003179977791
227288	2.516060493e-05
227289	0.0001333073579
227290	0.0007659356566
227291	0.004121399841
227292	0.001328645035
227293	0.0002410988192
227294	0.000861944258
227295	0.0002195662197
227296	0.004205084873
227297	0.001458062788
227298	0.0003499986263
227299	0.001446198405
227300	0.000365865708
227301	0.0009302096172
227302	0.00130624412
227303	0.001033093587
227304	0.003043203463
227305	0.00101827072
227306	0.001789437368
227307	0.0003847767925
227308	0.0007244409422
227309	0.0002593617127
227310	0.003552314929
227311	0.006032530304
227312	0.006178094509
227313	0.002732174552
227314	0.001768273726
227315	0.005018956342
227316	0.0008499520606
227317	0.0001348766106
227318	0.0007436648031
227319	0.002228717868
227320	0.002078635911
227321	0.001165224488
227322	0.001571296697
227323	0.0006585719795
227324	0.0003357860309
227325	0.007168414212
227326	0.002631526462
227327	8.239744425e-05
227328	0.0001488280712
227329	0.0004130476374
227330	0.0002327213569
227331	0.003821680054
227332	0.005123072163
227333	0.0005731479027
227334	0.007151564154
227335	0.0001584466156
227336	0.00017516234
227337	0.0007819819591
227338	0.000739976878
227339	0.0001197248854
227340	0.004214984254
227341	8.457809048e-05
227342	0.001126076491
227343	0.0009544704993
227344	0.0007342713636
227345	0.0001628268525
227346	0.001092523564
227347	0.004392201308
227348	0.004231365915
227349	0.0009566392365
227350	0.00530662677
227351	0.001798275318
227352	0.0006036328032
227353	0.005398704207
227354	0.00486322114
227355	0.0009951673455
227356	0.00445045864
227357	0.001248045852
227358	0.000116108186
227359	0.003096514434
227360	0.001414261613
227361	0.0001495100311
227362	0.001764514302
227363	0.002694085088
227364	0.0009894047457
227365	0.003486041295
227366	0.002436356454
227367	0.003794208432
227368	0.006730138499
227369	0.003130877234
227370	0.0001896848551
227371	0.001318982867
227372	0.003180163486
227373	0.0004265346014
227374	8.408068426e-05
227375	0.004865819034
227376	3.227540567e-05
227377	0.001882074927
227378	0.008901596871
227379	0.001137240456
227380	0.003647173438
227381	0.001478828194
227382	0.000809298626
227383	0.002239766597
227384	0.002388205146
227385	0.002646288028
227386	0.0003899356479
227387	0.004766436134
227388	0.0006926776109
227389	0.000467643809
227390	0.002387792512
227391	0.002551741939
227392	0.001550118016
227393	0.002982432536
227394	0.002526411609
227395	0.002799923532
227396	0.002366457761
227397	8.335685738e-05
227398	0.0001839520806
227399	0.004527802148
227400	0.002904321568
227401	0.003406452722
227402	0.000225735883
227403	0.006352523298
227404	0.00136407377
227405	0.003310152352
227406	0.003662957608
227407	0.001509458451
227408	0.001662767441
227409	0.0005287058962
227410	6.727877358e-06
227411	0.002095929606
227412	0.001387987752
227413	0.002439883881
227414	0.007338121261
227415	0.0005905532176
227416	6.040864691e-05
227417	0.00234784492
227418	0.001169388836
227419	0.001118196499
227420	0.001082749067
227421	0.0006628382787
227422	0.0002782701325
227423	0.0002208983212
227424	0.001597575683
227425	0.005494500267
227426	0.004298633595
227427	0.001172725531
227428	0.001657565689
227429	0.0008990349769
227430	0.003236604741
227431	0.002383706757
227432	0.001759284218
227433	0.002622045704
227434	0.0003585689909
227435	0.0003230865042
227436	0.002311284115
227437	0.004901260275
227438	0.002039150843
227439	0.002094572804
227440	0.001883573829
227441	0.0025920379
227442	0.0003677339914
227443	0.003723257777
227444	0.0001983130313
227445	0.00278031105
227446	0.006618151514
227447	0.0002011626638
227448	0.001439476412
227449	0.0002950342641
227450	0.002672753974
227451	0.004566743094
227452	0.0009385481847
227453	0.006406961235
227454	0.0005408573094
227455	0.002010300754
227456	0.0009034156091
227457	0.00293834178
227458	0.002991102143
227459	0.000571357073
227460	0.004469915641
227461	0.002483834447
227462	0.002015609389
227463	0.004254297836
227464	0.007598633897
227465	0.004016943979
227466	0.004727483226
227467	0.004197342613
227468	0.003296374128
227469	0.0009796370775
227470	0.004043327506
227471	0.005011910634
227472	0.00749824658
227473	0.005917120406
227474	0.0006206771057
227475	0.0005603597509
227476	0.0008584405147
227477	0.000665366895
227478	0.0004948941261
227479	0.00617692884
227480	0.003759238122
227481	0.0002309418905
227482	0.001534428308
227483	0.001404033105
227484	0.005270988232
227485	0.001921290819
227486	0.004573950438
227487	0.005816735399
227488	0.004623695846
227489	0.003548145544
227490	0.00130133271
227491	0.0004885862384
227492	0.004824324429
227493	0.001856991309
227494	0.006018564147
227495	0.0002509607837
227496	0.0001229450867
227497	0.001953572871
227498	0.00120853905
227499	0.004656621805
227500	0.002928520758
227501	0.001920588849
227502	0.005355998599
227503	0.0008442342794
227504	0.006764146554
227505	0.000760091267
227506	0.001123661284
227507	0.001683999589
227508	0.001050130671
227509	0.001710339308
227510	0.00713525107
227511	0.001240237668
227512	0.0009196301365
227513	0.0002549325157
227514	0.004523906374
227515	0.002729125868
227516	0.004367966319
227517	0.00427820888
227518	0.005195056813
227519	0.004396642523
227520	0.0004677809044
227521	0.001355174219
227522	0.003594758444
227523	0.004718883773
227524	0.001053752017
227525	0.003560889918
227526	0.002729499679
227527	0.006821383552
227528	0.003523161276
227529	0.003443479822
227530	0.004357939743
227531	0.004257668339
227532	0.0009222525318
227533	0.003052951707
227534	0.0018813183
227535	0.003295742252
227536	0.005546971534
227537	0.000521346863
227538	0.001243670737
227539	0.0005292518818
227540	0.005337530566
227541	0.005756922204
227542	0.0007379825737
227543	0.00207192039
227544	0.0003372532575
227545	8.851781491e-05
227546	0.0004614300556
227547	0.004926078051
227548	0.0009743264715
227549	0.003682645368
227550	0.000159967111
227551	0.001049911027
227552	0.0005570155855
227553	0.0005562822891
227554	0.0003213688921
227555	0.001752812403
227556	0.0007867280395
227557	0.001407507279
227558	0.00242812946
227559	0.003981827299
227560	2.592054477e-05
227561	0.006155056237
227562	0.001871261577
227563	0.000411426553
227564	0.005916991768
227565	7.894551989e-05
227566	0.002137878286
227567	0.001282162134
227568	0.002438828583
227569	0.002249519536
227570	0.0004677904791
227571	0.0009979412727
227572	0.003394028176
227573	0.001705290027
227574	0.003051392576
227575	0.001462215553
227576	0.002241883401
227577	0.002792646355
227578	0.0003432983242
227579	0.002394248883
227580	0.0003557067848
227581	0.001198260509
227582	0.0031148682
227583	0.0004680546535
227584	0.001214473046
227585	0.0007037006668
227586	0.0001264292243
227587	0.006090198191
227588	0.0007659858927
227589	0.0007955660323
227590	0.002443780277
227591	0.00122374342
227592	0.00393882577
227593	0.0009419931293
227594	0.002066529167
227595	0.002422647255
227596	0.001624529237
227597	0.003300662537
227598	0.001142370888
227599	0.0006259742302
227600	0.0002009022154
227601	2.179732787e-08
227602	0.0008427013592
227603	0.0001465794832
227604	0.000147158057
227605	0.002028214723
227606	0.0009445057657
227607	0.002988170782
227608	0.005212295881
227609	0.001204468602
227610	0.0004946422104
227611	0.001081240463
227612	0.005396058432
227613	0.0003090027293
227614	0.003910185473
227615	0.002930012025
227616	0.001349291982
227617	0.0001722080601
227618	0.0003575846974
227619	0.001321442747
227620	0.0001177320938
227621	0.001091694829
227622	0.0001141392956
227623	0.0003511366058
227624	0.0007364377941
227625	0.000214946959
227626	0.000320077914
227627	0.000274810386
227628	0.001053844836
227629	0.000818570878
227630	0.002852443963
227631	0.0001280991821
227632	0.001820822356
227633	0.0006942618761
227634	0.0004253093367
227635	0.0005201364133
227636	0.003775124806
227637	8.246999253e-05
227638	0.0005278357691
227639	0.003883805776
227640	0.005429692808
227641	0.001577041648
227642	0.00303625333
227643	0.0005161717073
227644	0.002383859806
227645	0.006132506022
227646	0.002103873649
227647	0.0004614847412
227648	0.006902056956
227649	0.006274786678
227650	0.005468898672
227651	0.001375468396
227652	0.0001065978665
227653	0.004860871208
227654	0.0005072296982
227655	0.0005576883582
227656	0.001179224002
227657	0.002568127507
227658	0.001904704015
227659	0.00339350029
227660	0.002379000108
227661	0.004039025644
227662	0.003629213037
227663	0.00282484455
227664	0.001918858769
227665	0.004220841894
227666	0.00550795645
227667	0.00376507316
227668	0.006631402746
227669	0.005569752541
227670	0.006442539494
227671	0.005888722933
227672	0.005277940501
227673	0.001791252445
227674	0.00032951555
227675	0.003783640103
227676	0.007165038919
227677	6.56611372e-05
227678	0.005858990018
227679	0.000638025297
227680	0.005930229808
227681	0.005057639085
227682	0.001659495062
227683	0.0005224429646
227684	0.006388044684
227685	0.004346745127
227686	0.005831250048
227687	0.0004628035638
227688	0.005222052112
227689	0.00685073045
227690	0.008933787203
227691	0.002344384402
227692	0.009649521952
227693	0.003045044625
227694	0.001435150723
227695	0.0006377520483
227696	0.006046705153
227697	0.004275487366
227698	0.001907190187
227699	0
227700	0.003896421092
227701	1.166617549e-07
227702	0.004848457879
227703	0.0009855007031
227704	0.005401666283
227705	0.002265625988
227706	0.005375261102
227707	0.000719544101
227708	0.00611295481
227709	0.002137027613
227710	0.005097271711
227711	0.005689564612
227712	0.009497505353
227713	0.005136190541
227714	0.001729028022
227715	0.004000121334
227716	0.002156681506
227717	0.002068431609
227718	0.001676803211
227719	0.008008665947
227720	0.002695504068
227721	0.004028494574
227722	0.006496178221
227723	0.001361509427
227724	0.002102582962
227725	0.004221231703
227726	0.003215523775
227727	0.0007072207824
227728	0.002319076508
227729	0.0008900137693
227730	0.0009243023765
227731	0.002748098401
227732	0.002793387729
227733	0
227734	0.007209292625
227735	0.004248961722
227736	0.001622631259
227737	0.001598185646
227738	0.0004570551221
227739	0
227740	0.0002270137717
227741	0.001093874449
227742	0.002039431676
227743	0.002412947852
227744	0.0003222379471
227745	0.002134675849
227746	0.0026472431
227747	0.001870658488
227748	0.0007577670186
227749	0.001448901906
227750	0.0007244687526
227751	0.0008480452892
227752	0.0004888438363
227753	0.001745664143
227754	0.0004354202962
227755	0.001119217465
227756	0.002910012967
227757	0.003584308701
227758	0.007666568784
227759	0.004215333974
227760	0.0003942189184
227761	0.002954141514
227762	2.967711301e-08
227763	0.0002143264814
227764	0.002302300602
227765	5.602359985e-05
227766	0.002572991932
227767	7.706870768e-06
227768	0.001390063356
227769	0.001643142605
227770	0.00223583436
227771	0.002672786071
227772	0.002838512115
227773	0.002276886121
227774	0.003116852016
227775	0.002452761431
227776	0.002505284849
227777	0.00126969599
227778	0.001519957841
227779	0.002152636833
227780	0.002315242232
227781	0.002238635357
227782	0.001317729726
227783	0.002943106157
227784	0.003065011446
227785	0.002114751596
227786	0.002488597741
227787	0.002588560093
227788	0.002418846251
227789	0.002278150659
227790	0.003152773001
227791	0.002222911186
227792	0.001744935197
227793	0.001776906035
227794	0.002131488377
227795	0.002256044263
227796	0.002281471853
227797	0.002294711635
227798	0.002900976759
227799	0.001546723061
227800	0.00258014984
227801	0.002422369535
227802	0.002045525564
227803	0.001636367029
227804	0.002672359207
227805	0.002633064129
227806	0.002263865881
227807	0.002234792453
227808	0.002641524694
227809	0.002991348969
227810	0.003307913729
227811	0.002637600898
227812	0.003288886825
227813	0.002009102791
227814	0.002457734659
227815	0.001759455062
227816	0.002140877064
227817	0.002330033352
227818	0.002696388719
227819	0.00253187118
227820	0.001936026637
227821	0.001609901599
227822	0.002570596574
227823	0.003229668166
227824	0.003082047426
227825	0.0006076084638
227826	0.002086141054
227827	0.002531373556
227828	0.001691795096
227829	0.002740018617
227830	0.002692505292
227831	0.001172375133
227832	0.002318919354
227833	0.002408536406
227834	0.002402934863
227835	0.0001755466713
227836	0.002409358742
227837	0.00241662551
227838	0.001569146309
227839	0.002664717263
227840	0.003129624222
227841	0.00271854629
227842	0.002519255906
227843	0.002429005264
227844	0.002663638134
227845	0.002655456907
227846	0.00264808131
227847	0.002599186259
227848	0.0009133940904
227849	0.0007087169622
227850	0.0007804274127
227851	0.0008053158882
227852	0.0007307354731
227853	0.001273993025
227854	0.001545267316
227855	0.001034099268
227856	0.0005960609172
227857	0.001271508943
227858	0.001221519362
227859	0.0009737928666
227860	0.001389182776
227861	0.0006680760769
227862	0.0002074637763
227863	0.0001472658757
227864	0.0001394022423
227865	0.001616521984
227866	0.0004547556947
227867	0.0004224366165
227868	0.0004304973074
227869	0.001354887996
227870	0.0005544719665
227871	0.0008045986687
227872	0.0002886249127
227873	0.0002270547809
227874	0.001341061368
227875	0.0006779508337
227876	0.0003915446543
227877	0.001968611264
227878	0.0008840253274
227879	0.0008690867568
227880	0.0007586487289
227881	0.0001013255228
227882	0.0001848776156
227883	0.0002565065586
227884	0.0008268330127
227885	0.0008393577866
227886	0.0006874712497
227887	0.000888614771
227888	0.0001453592587
227889	0.0004608308725
227890	0.0001211017557
227891	0.0004364229365
227892	0.0007787941727
227893	0.0001598526315
227894	0.0002329659611
227895	0.0003151042145
227896	0.0003214887335
227897	0.001023235636
227898	0.00150593564
227899	0.0009262184279
227900	0.001515890505
227901	0.0008082767858
227902	3.011709412e-05
227903	0.002407730252
227904	0.002100661428
227905	0.003417109184
227906	0.002386789561
227907	0.001432390862
227908	0.0001833669759
227909	0.0006103736242
227910	0.001569097131
227911	0.001617932285
227912	0.004407123947
227913	0.004208532993
227914	0.004044044898
227915	0.004217959967
227916	0.004480287218
227917	0.004551563102
227918	0.00130523485
227919	0.002395770456
227920	0.003250580433
227921	0.001968521238
227922	0.001446003566
227923	0.003812259557
227924	0.00390317056
227925	0.004376333146
227926	0.002531371725
227927	0.004303580745
227928	0.004308325365
227929	0.003998239055
227930	0.004301435264
227931	0.004130953967
227932	0.004538868272
227933	0.003268768493
227934	0.003184664498
227935	0.004948367384
227936	0.004511747731
227937	0.004425186021
227938	0.004536344986
227939	0.003834765716
227940	0.003849748016
227941	0.004809940437
227942	0.004401856321
227943	0.003611240513
227944	0.0005161641718
227945	0.0005097815144
227946	0.0007988415809
227947	0.0007365610072
227948	0.0007390537318
227949	7.88673231e-05
227950	0.002392860884
227951	0.001646570398
227952	0.0001019490087
227953	0.0003774431088
227954	0.0006609392327
227955	0.0006457163505
227956	0.000693920709
227957	0.001285670101
227958	0.001205791467
227959	0.001271640936
227960	0.00144042134
227961	0.001196858498
227962	0.001503408021
227963	0.001321122984
227964	0.001216607333
227965	0.001017832558
227966	0.001619734654
227967	0.001615448158
227968	0.00119710252
227969	0.001240479878
227970	0.000483277789
227971	7.760076891e-05
227972	0.0003277764618
227973	0.001225186456
227974	0.002371564451
227975	0.001987112303
227976	0.001759331265
227977	0.002048058083
227978	0.001592089709
227979	0.0009757960595
227980	0.001765419454
227981	0.0007165400417
227982	0.002696382367
227983	0.00282093903
227984	0.002105756078
227985	0.002633882911
227986	0.001470887237
227987	0.003040762725
227988	0.002486663286
227989	0.000852266325
227990	0.001773065895
227991	0.003275873105
227992	0.0008433044216
227993	0.001500389414
227994	0.002430973491
227995	0.0002495257519
227996	1.213754988e-05
227997	0.002237111387
227998	0.002229019617
227999	0.001080081934
228000	0.001054537775
228001	0.001676137874
228002	0.002044498719
228003	0.0009621497388
228004	0.0004653001261
228005	0.002043475515
228006	0.0007969385923
228007	0.0002647978694
228008	0.0001432871842
228009	0.001510604668
228010	0.0007104846733
228011	0.00143833695
228012	0.001149938423
228013	0.001741554533
228014	0.001205780953
228015	0.0001935073296
228016	0.0003734712012
228017	0.001181013707
228018	0.001783902209
228019	0.00186776045
228020	0.001724025941
228021	0.001669513294
228022	0.002072297797
228023	0.00185588149
228024	0.001652892078
228025	0.0007068796776
228026	0.001386461177
228027	0.001230921795
228028	0.001439770356
228029	0.001797939732
228030	0.003056799592
228031	0.003863541978
228032	0.001856325344
228033	0.0007780746392
228034	0.002649646148
228035	0.002117995575
228036	0.001757220373
228037	0.002666439688
228038	0.001474819608
228039	0.002383392833
228040	0.003527179913
228041	0.0008251368995
228042	6.501700776e-05
228043	0.0007502396389
228044	0.002848931353
228045	0.001784710756
228046	0.0005699347187
228047	0.0008672342503
228048	0.001661494227
228049	0.0002185059236
228050	2.402662903e-05
228051	0.0008011665725
228052	0.0003606633521
228053	0.0002438596178
228054	0.0006249358653
228055	0.0006999994844
228056	0.001252231352
228057	0.0008478996543
228058	0.0005180357036
228059	0.0008048653832
228060	0.001841630169
228061	0.002613641994
228062	0.001370916629
228063	0.0002493798193
228064	0.003240880339
228065	0.0002820468751
228066	0.000790834618
228067	0.0001954062785
228068	0.0006041537562
228069	0.0005345459661
228070	0.0003344735305
228071	6.054872878e-05
228072	0.0005296906812
228073	0.0004899003759
228074	0.0002790981194
228075	0.0006915989822
228076	0.0003036614688
228077	0.000202473506
228078	0.0002918859976
228079	0.0007005234991
228080	0.0005272851284
228081	0.001008797619
228082	0.0006829873879
228083	0.0005909088088
228084	0.0009109357477
228085	0.001192895884
228086	0.0007313068038
228087	0.001550613343
228088	0.0004270593037
228089	0.0005224589682
228090	1.15092413e-05
228091	0.0004363059856
228092	0.0004727244722
228093	0.0001223534118
228094	0.0005512414963
228095	0.0006255201464
228096	0.0005327050582
228097	0.0002762605923
228098	0.0005842651293
228099	0.0007867343245
228100	0.001082456934
228101	0.0006895258879
228102	0.0007630065483
228103	0.0003749408821
228104	0.0002542469683
228105	3.17566855e-05
228106	0.0009040113771
228107	0.0004190370032
228108	0.0006197047313
228109	0.0005510259036
228110	0.0004496441408
228111	0.001070197921
228112	0.0007138919123
228113	0.0009690988403
228114	0.0001302631891
228115	0.003409358357
228116	0.004895443013
228117	0.002034310586
228118	0.000180236865
228119	0.004590889944
228120	0.005032438419
228121	0.007612482064
228122	0.0005980474058
228123	0.005473144114
228124	0.000481696785
228125	0.0001267757694
228126	0.001917127061
228127	0.001112486444
228128	0.0005978361132
228129	0.001648563172
228130	0.0004486285922
228131	0.0001416404529
228132	2.530742058e-05
228133	0.001775520869
228134	0.002086331852
228135	0.0002437385132
228136	0.002140062667
228137	0.001732074542
228138	4.529836715e-05
228139	0.0003974448089
228140	0.0001791225746
228141	0.000154704524
228142	0.0007282628257
228143	4.321205253e-05
228144	0.0004613178296
228145	0.0003240140348
228146	0.0005974387431
228147	0.0003462468153
228148	0.0001066504527
228149	0.0004028066808
228150	5.424414028e-05
228151	2.033588825e-05
228152	0.0002363502264
228153	0.0001309532617
228154	0.001032931829
228155	3.110148986e-05
228156	0.0002506065221
228157	0.0002451672582
228158	0.0002348827069
228159	0.0003741935105
228160	2.558849233e-05
228161	0.0003951342054
228162	1.026895639e-05
228163	1.248976e-06
228164	0.0009168135322
228165	3.767155875e-05
228166	0.0005926989325
228167	0.0003118295262
228168	0.0005020119399
228169	0.0001288767895
228170	0.000714822066
228171	0.0005643241337
228172	0.0003499027865
228173	0.0001256864199
228174	4.92731469e-05
228175	0.0002843763811
228176	0.00011072662
228177	0.0003569957141
228178	0.001107444812
228179	0.000194916498
228180	0.0003576880458
228181	0.0004633282141
228182	1.18541498e-05
228183	0.0005943221918
228184	0.0006057489631
228185	0.0003125110911
228186	0.0005751674833
228187	0.0001431481462
228188	0.0001289592777
228189	0.0006380628751
228190	0.0003546063193
228191	0.0008994881081
228192	4.775888574e-05
228193	0.0004707725674
228194	0.0007096877029
228195	0.0003051584126
228196	0.0009269695764
228197	0.0006122442125
228198	0.0001483541581
228199	0.0001904017062
228200	0.0001885599027
228201	7.322686917e-05
228202	0.001350122826
228203	0.0009329937935
228204	0.0004471844703
228205	5.048588311e-05
228206	0.0002030283978
228207	0.000775460636
228208	0.0004342048615
228209	0.0003178898165
228210	0.000211322393
228211	0.001142999574
228212	0.0002056100122
228213	0.001082799358
228214	8.919060461e-05
228215	0.0007020393883
228216	0.0002259051194
228217	0.0004033420097
228218	0.001184138867
228219	5.701783155e-05
228220	0.0008552653552
228221	0.0001164353901
228222	8.609101891e-05
228223	0.0001729592483
228224	0.001016432179
228225	0.0005011068351
228226	0.000804345753
228227	0.0005922103247
228228	0.0001262226594
228229	0.0002465130966
228230	0.00119741535
228231	0.0004992803437
228232	0.000232078272
228233	0.0007008661386
228234	0.0003437200889
228235	0.0001079693846
228236	0.0001910840164
228237	0.0005007733208
228238	0.0005924339231
228239	0.0002222476513
228240	4.651837702e-05
228241	0.0003146702553
228242	7.654225311e-05
228243	0.0001823636727
228244	0.0002832415664
228245	0.0002005215606
228246	0.0003553158205
228247	0.0001225733088
228248	0.0002816810609
228249	0.0005806820194
228250	0.0004254127855
228251	0.0004377591253
228252	0.0003746348277
228253	3.730238425e-05
228254	3.687785645e-05
228255	2.308969768e-05
228256	0.0001178068435
228257	0.0004431640185
228258	0.0002097074837
228259	7.728019664e-05
228260	8.112868496e-05
228261	3.413872069e-05
228262	0.0002319382756
228263	0.0005052830268
228264	2.999847655e-05
228265	0.0004084525839
228266	0.0005633033211
228267	0.0007633204403
228268	7.605218453e-05
228269	0.0003569438105
228270	0.0001762876495
228271	2.882701583e-05
228272	0.0008099122068
228273	0.0001724307568
228274	0.0002923860651
228275	0.0004853394465
228276	0.0005873627056
228277	5.259372466e-05
228278	0.0003547001381
228279	0.0007514070523
228280	0.0002677467132
228281	0.000167050253
228282	0.0001837878466
228283	0.0001066342769
228284	0.0009058112645
228285	0.0001195599375
228286	0.0001263788183
228287	8.916168164e-05
228288	0.0004103741566
228289	0.0001448030632
228290	0.0007729481513
228291	0.0002334947755
228292	0.0002939526477
228293	3.582517466e-05
228294	0.00105413601
228295	6.193707764e-05
228296	0.000989117015
228297	0.0005543070429
228298	4.088024513e-05
228299	0.0004587521267
228300	0.0006270290795
228301	0.0002060340691
228302	5.242680757e-05
228303	4.90474584e-05
228304	0.0003824461291
228305	0.0002721826717
228306	9.20199527e-05
228307	0.0002042614367
228308	3.32386244e-07
228309	0.0002922275238
228310	0.0002575320324
228311	3.165528542e-05
228312	0.0005821554025
228313	0.0001833796493
228314	0.0005676400713
228315	3.028587335e-05
228316	0.0003518767364
228317	0.0004035235912
228318	0.000299142269
228319	0.0005750012449
228320	0.0004594410149
228321	0.0006995710784
228322	0.0006163611619
228323	0.0001283080683
228324	0.0008212367697
228325	0.000362934757
228326	0.0003270704502
228327	0.00126516494
228328	0.001112550686
228329	0.0008260543296
228330	0.0004004361548
228331	0.001321250238
228332	1.899415171e-05
228333	0.0001880025005
228334	0.0001844054715
228335	0.0002055826516
228336	0.0003003455399
228337	0.0002545157391
228338	5.235799116e-06
228339	0.0001926568274
228340	0.0001532400414
228341	2.066674041e-05
228342	0.0002114038056
228343	0.0001355620837
228344	0.001102533737
228345	2.432601709e-05
228346	0.0001031556271
228347	0.0002598853658
228348	0.0004423416982
228349	0.0006969997489
228350	0.0001303738393
228351	0.000242649821
228352	0.0001133183708
228353	0.0003697675389
228354	1.085334417e-05
228355	2.839975631e-05
228356	0.0002315222033
228357	0.0002963915532
228358	0.0004514804036
228359	0.0001618470074
228360	0.0001507535843
228361	0.001113597571
228362	0.0004174650699
228363	9.159497588e-05
228364	0.0002714045653
228365	0.0003225130561
228366	0.0001432826157
228367	0.0006320386356
228368	0.0003347967904
228369	0.0004930999586
228370	0.0003107792758
228371	0.0001033046674
228372	5.31744508e-05
228373	1.130051168e-05
228374	0.0008418725606
228375	0.0001576762702
228376	0.0001074935942
228377	0.0001253058814
228378	0.0003205565195
228379	9.508078542e-05
228380	0.001597340668
228381	6.071760791e-05
228382	0.0004085558576
228383	0.0002930326302
228384	0.000553429591
228385	0.0002468548928
228386	5.680262412e-05
228387	0.0001152650661
228388	0.0004910165847
228389	0.0004453180658
228390	0.0004493222094
228391	0.0003409920631
228392	7.552606742e-05
228393	0.0002942414433
228394	0.0003404736611
228395	0.0003425345806
228396	0.0004456771564
228397	0.0003711438923
228398	4.185395568e-05
228399	0.0006965445918
228400	0.0004448386874
228401	0.0004600105232
228402	0.0004972518011
228403	0.0002605411017
228404	0.0001902011228
228405	2.137536694e-06
228406	0.0005204283566
228407	7.99396834e-05
228408	0.0001139737398
228409	0.0001873419139
228410	0.0004568007172
228411	0.0003718038855
228412	0.0004275671257
228413	8.928507543e-05
228414	0.000224188696
228415	0.0005390516918
228416	0.0002992935953
228417	0.0004283529954
228418	0.0005103107604
228419	0.0002566498503
228420	0.0003654153932
228421	0.0006812895585
228422	0.000790169335
228423	0.0001714910944
228424	7.374461775e-05
228425	0.0002064584567
228426	0.0007335660861
228427	0.0001417745454
228428	0.0009813869435
228429	1.58807053e-05
228430	0.0009593899443
228431	8.13361504e-05
228432	0.001061295429
228433	0.0005325249931
228434	0.0003639065698
228435	0.0009461811185
228436	0.00019753125
228437	0.0002712452508
228438	0.0008623715908
228439	2.066480274e-05
228440	0.001046215086
228441	1.867299025e-05
228442	6.603235609e-05
228443	0.0001100590116
228444	0.0001743584765
228445	0.0004100233197
228446	0.0012790296
228447	0.0003119215163
228448	7.883625383e-05
228449	0.001034983901
228450	8.041465543e-05
228451	0.000101907067
228452	0.000560489556
228453	0.0006883129412
228454	0.000425473426
228455	0.001460943969
228456	0.0005786428656
228457	0.0007096939232
228458	0.0002594587741
228459	0.0006459263458
228460	0.0004608066068
228461	0.0001363939413
228462	0.0004820738809
228463	0.0004295753698
228464	0.0002632875513
228465	0.0003930559175
228466	0.0004764136371
228467	9.830233115e-05
228468	0.0001109517839
228469	0.0002651121216
228470	8.738827028e-05
228471	5.390479831e-05
228472	0.0003549586624
228473	0.0003739331376
228474	5.059559217e-05
228475	0.000179573741
228476	8.384704353e-05
228477	0.0004866791731
228478	0.0002321635676
228479	4.370700668e-06
228480	0.0001483344147
228481	0.0004075064075
228482	0.0005940242855
228483	0.0006303381389
228484	0.0007016356059
228485	0.0006503848272
228486	0.0006411461989
228487	0.000428490978
228488	0.0004665411102
228489	0.0004089877655
228490	0.0001174245383
228491	3.727507072e-05
228492	0.0009497488154
228493	0.000333224129
228494	0.000115514447
228495	0.0001583653388
228496	0.0008887794963
228497	0.0001157091037
228498	0.0001595977778
228499	8.781420433e-05
228500	0.000870686025
228501	0.0002943637434
228502	0.0006422667869
228503	0.0006980250005
228504	3.521995437e-05
228505	0.0005175113057
228506	0.0001384839963
228507	3.245119661e-05
228508	0.0005688983097
228509	0.0003403772392
228510	0.0001425844565
228511	0.001447666007
228512	0.000298743644
228513	0.0007034974611
228514	0.000160134583
228515	0.0002865908473
228516	0.0006947315428
228517	0.0004296731228
228518	0.0001589008568
228519	0.0002048591218
228520	6.162871614e-05
228521	0.0007775460428
228522	0.0006960395999
228523	0.0006455596165
228524	1.43914551e-05
228525	0.0001232766858
228526	0.0001883514237
228527	0.0007104458645
228528	0.0004206972114
228529	0.0003140911752
228530	0.0004236663487
228531	0.0005189778686
228532	4.344395552e-05
228533	0.0004505673334
228534	0.0001575355915
228535	0.001169619052
228536	0.0009253888456
228537	0.0006940454143
228538	0.0003986684059
228539	0.0004623343365
228540	4.622624821e-05
228541	0.0002577831448
228542	0.0005099932761
228543	1.331785273e-05
228544	0.0001684907109
228545	8.888929538e-05
228546	6.558744059e-05
228547	0.0005218754444
228548	0.0001789621178
228549	0.000378006947
228550	0.0001314238104
228551	0.0002959330006
228552	0.0001018692781
228553	0.000325328927
228554	0.0001281859534
228555	0.000235887053
228556	0.0006224123392
228557	0.0001961568401
228558	0.0002273617493
228559	0.0002747747647
228560	0.000405358193
228561	0.0002363147338
228562	0.0002669900661
228563	0.0004761833056
228564	0.0004211837248
228565	0.0002912999732
228566	0.0001473165556
228567	0.0001175727228
228568	9.843994272e-05
228569	0.001138091027
228570	0.0001454530138
228571	0.0002038860095
228572	0.0003554121382
228573	0.0002741946546
228574	0.0001220006588
228575	0.0003904327151
228576	0.0002200479828
228577	5.999546614e-05
228578	8.534396293e-05
228579	8.033930929e-06
228580	0.0002021379445
228581	0.0006311194897
228582	0.001315561789
228583	0.0007890331664
228584	0.0007382501507
228585	0.0001251408288
228586	0.0003590331706
228587	0.0005331920571
228588	0.001252321089
228589	0.0002580602263
228590	0.0004086589229
228591	0.0001327975276
228592	0.0005014014803
228593	0.0003604144878
228594	0.0006142326849
228595	0.0002117895244
228596	0.000212449851
228597	0.0001580400312
228598	0.0001043190947
228599	0.0001044616653
228600	0.0001660477461
228601	8.12166951e-05
228602	0.000523050191
228603	0.0005594419319
228604	0.0002378016254
228605	0.000254857145
228606	9.11182289e-05
228607	0.0003674553903
228608	0.0008460054493
228609	0.0008253495426
228610	5.258575927e-05
228611	0.0002143453211
228612	0.0003312599046
228613	0.0005594946401
228614	0.0001106282426
228615	4.80365127e-06
228616	0.0004264958936
228617	0.0001122627391
228618	0.0005681620719
228619	0.0001193858931
228620	0.000266331385
228621	4.108503495e-05
228622	0.0004455742884
228623	0.000258947806
228624	0.0001868653633
228625	0.00035740683
228626	0.0003600687539
228627	0.0003058100574
228628	0.0001047260867
228629	0.0001784940191
228630	8.824398907e-05
228631	0.0005229380493
228632	0.0007701882682
228633	0.0002710556336
228634	0.0005183671729
228635	0.0002210162338
228636	0.0006831724028
228637	0.0004475254594
228638	1.079970787e-05
228639	0.0004277034327
228640	0.0004680791994
228641	0.0006869917492
228642	0.0004186450714
228643	0.0002246874151
228644	3.197440412e-06
228645	0.0003856271266
228646	0.00143426101
228647	6.865929007e-05
228648	0.000279984029
228649	0.0003538538939
228650	0.001494426282
228651	0.0007996798635
228652	7.193328099e-05
228653	9.141707887e-05
228654	8.960165025e-05
228655	0.0003143958124
228656	8.792399037e-05
228657	0.0002275267797
228658	0.0005656884606
228659	0.0006535501723
228660	4.297875943e-05
228661	0.0004532584403
228662	0.000501411573
228663	0.0004054014776
228664	1.515213871e-05
228665	0.0006235322737
228666	0.0002998776059
228667	0.0004208421891
228668	0.0001932198906
228669	2.290022739e-06
228670	5.996744537e-05
228671	0.0001969433331
228672	6.197712803e-05
228673	0.0005860808152
228674	0.00033887075
228675	0.0009293982438
228676	3.445624378e-06
228677	0.0004099055044
228678	0.0002649519869
228679	0.0002363755217
228680	5.643591986e-05
228681	0.0005053466047
228682	0.0001178779794
228683	0.0001061150427
228684	0.000544021833
228685	0.0007766939325
228686	0.001381771804
228687	3.054581206e-05
228688	0.0004553586184
228689	0.000569228646
228690	2.10161859e-05
228691	2.44660719e-05
228692	0.0005511263156
228693	0.0002849097
228694	0.000120766461
228695	0.0004222232454
228696	0.0004593586857
228697	0.0002766716125
228698	0.000225174077
228699	0.0002625016411
228700	0.0005143538606
228701	0.0005379445356
228702	4.73480405e-05
228703	8.797346647e-05
228704	0.0002728712582
228705	0.0002193268729
228706	6.581949139e-06
228707	4.736573591e-05
228708	0.0004371037856
228709	3.744760674e-05
228710	2.156241753e-05
228711	0.0001575026697
228712	0.0006556642521
228713	0.000118033523
228714	0.0001151178499
228715	6.032930824e-05
228716	0.0009732689474
228717	0.0001472523494
228718	0.0004279856981
228719	0.0001705948002
228720	4.027743865e-05
228721	0.0004021239871
228722	0.0003069366376
228723	0.0004553952877
228724	0.0001679738551
228725	5.543538885e-05
228726	0.0003887567222
228727	0.001044401499
228728	1.768831714e-05
228729	0.000208791566
228730	0.0001527646371
228731	0.0004126738248
228732	0.0002799231943
228733	0.000350878242
228734	4.225344057e-05
228735	0.0002068342746
228736	0.0002187005758
228737	0.0002455344277
228738	6.797812221e-05
228739	0.0005308449716
228740	1.472895672e-05
228741	0.0003308036135
228742	0.0001542780124
228743	0.0001946817821
228744	0.0004018560974
228745	0.0001583007561
228746	0.0003102442162
228747	0.0003277517499
228748	0.0007157876548
228749	4.835398002e-05
228750	0.0003645802263
228751	3.157373907e-05
228752	7.724059803e-05
228753	3.613618173e-05
228754	0.0002657788636
228755	0.0002062461526
228756	0.001061397204
228757	0.0002320495017
228758	4.468858034e-05
228759	7.532959497e-05
228760	0.0004392512901
228761	0.0002948314299
228762	0.0001231360708
228763	0.0005508975634
228764	9.150612443e-05
228765	0.0008393283843
228766	0.0004877291456
228767	0.0002701373572
228768	0.0001077800056
228769	0.0006044882647
228770	3.515138936e-05
228771	0.0005159846354
228772	8.125042248e-05
228773	0.0003187658743
228774	8.518917305e-05
228775	0.0003211502617
228776	0.0004459913902
228777	7.344222418e-05
228778	0.0002075817254
228779	0.001437503721
228780	0.0004973235075
228781	0.0001942975859
228782	0.0005571185268
228783	0.0002624150259
228784	6.562360499e-05
228785	0.0004593822014
228786	0.0001916414216
228787	0.0004209298022
228788	7.55627567e-05
228789	0.0001754638096
228790	8.027845559e-05
228791	0.0009298474012
228792	0.0004205295091
228793	0.0001339635294
228794	0.0002641340282
228795	0.0002577527069
228796	0.0006134609475
228797	0.0001543625624
228798	0.001190298562
228799	8.883822903e-05
228800	0.000467003714
228801	0.0002913385127
228802	0.0003484482392
228803	0.0007046317367
228804	0.0001097031119
228805	0.0002305922257
228806	0.0002457470683
228807	0.0003450383039
228808	0.0002957974496
228809	0.0001812717253
228810	0.0001071710984
228811	0.0001684042607
228812	9.63314062e-05
228813	0.0002124905257
228814	0.0003423239031
228815	0.0001818932184
228816	0.0005989319645
228817	0.0004253164142
228818	2.94969512e-05
228819	0.0003201002151
228820	0.0003807930316
228821	3.931407222e-06
228822	0.0004307411017
228823	0.000932331057
228824	0.001170967203
228825	3.672847718e-05
228826	0.0001970793273
228827	0.0001149706099
228828	5.92081441e-05
228829	0.0001962026886
228830	0.0001042703804
228831	0.0003242874389
228832	0.000128874006
228833	0.0005857512249
228834	1.853833069e-05
228835	0.000459890887
228836	0.0002947957581
228837	0.0009599789384
228838	0.000663323468
228839	0.000589382277
228840	0.0001943550426
228841	0.0002422356633
228842	0.000547952496
228843	5.178822332e-05
228844	0.0001558203366
228845	0.0005333735503
228846	0.0007831940117
228847	0.0002307461175
228848	1.272011037e-05
228849	0.0001619257765
228850	0.0007360317135
228851	0.0008657298417
228852	0.0001347194585
228853	0.0002134380395
228854	0.0001610308817
228855	6.881754135e-05
228856	0.0008637786456
228857	0.0002844959897
228858	6.224377016e-05
228859	0.0008824897021
228860	0.000562328912
228861	4.123715884e-05
228862	0.0003073988666
228863	0.0008744435939
228864	0.000170157257
228865	3.37232209e-05
228866	0.0002216293492
228867	8.206442459e-05
228868	0.0008830000202
228869	3.330724666e-05
228870	0.0004944873298
228871	0.0007458702965
228872	0.0004933314802
228873	9.557908868e-05
228874	0.0005475742112
228875	1.793640405e-05
228876	0.0008167680169
228877	1.123375424e-05
228878	0.0003628280061
228879	0.0002881845389
228880	0.0003332275129
228881	0.0006563255602
228882	9.296576158e-06
228883	0.0007858079296
228884	0.0003805472225
228885	0.0003277454662
228886	3.419882161e-05
228887	0.0002907617619
228888	0.0002633461941
228889	6.452399154e-05
228890	0.001211761187
228891	3.468416292e-05
228892	0.0003065168767
228893	0.0001789534662
228894	0.0001612837096
228895	0.0003539001272
228896	0.0002696767155
228897	0.0003172954939
228898	0.001212539147
228899	7.758301045e-05
228900	0.000149117623
228901	0.0001868032173
228902	0.0002474352788
228903	3.277604269e-05
228904	0.0001167756048
228905	0.0007478615088
228906	0.0004604585211
228907	0.0001429938798
228908	0.0001342983372
228909	0.0001053520818
228910	8.890727903e-05
228911	5.182850309e-05
228912	0.0001165298287
228913	0.0002935647669
228914	0.0001779173815
228915	0.0002947276615
228916	0.0002631207368
228917	0.0001585234069
228918	0.0001260206869
228919	0.0002701849252
228920	0.0001220269343
228921	0.0006458091713
228922	0.0002530865911
228923	0.0003262141755
228924	0.0001235707192
228925	9.893146785e-05
228926	7.384229763e-05
228927	0.0003270820493
228928	1.586860169e-05
228929	0.0002224188685
228930	0.001063601902
228931	5.570455972e-05
228932	0.0008791522581
228933	0.0007353769147
228934	0.0002977688388
228935	0.0004096561543
228936	6.990619277e-05
228937	8.303714532e-05
228938	6.509402178e-05
228939	0.001162500788
228940	0.0001431932498
228941	0.0006478104662
228942	4.364866527e-05
228943	0.0007364044799
228944	0.0004994614975
228945	0.001083254458
228946	6.799372048e-05
228947	0.0005451325914
228948	6.351819078e-05
228949	0.0001579149172
228950	0.0001456659593
228951	0.0002245628895
228952	0.000506848865
228953	0.000822757325
228954	5.012845122e-05
228955	0.0002410867717
228956	3.107768221e-05
228957	0.0001903906567
228958	2.0720661e-05
228959	0.0004019702085
228960	9.422351487e-05
228961	0.0004386400888
228962	0.0004116255863
228963	0.0001993186913
228964	0.0004046243309
228965	0.0002324415067
228966	1.502277937e-05
228967	0.0001746670557
228968	0.0001152620732
228969	0.0007016088512
228970	0.0001361957732
228971	0.0009797212534
228972	0.0007171062837
228973	0.0009775614323
228974	0.0007508030835
228975	8.19373488e-05
228976	0.0007255233942
228977	0.0001724610337
228978	0.0008053989648
228979	0.0001111985579
228980	0.0001805371931
228981	0.000693021467
228982	2.437905885e-06
228983	0.0005278988653
228984	0.0003853645496
228985	0.0005635312187
228986	0.000382037613
228987	0.0001341890019
228988	0.000792829024
228989	0.0001320829781
228990	0.0001678454489
228991	0.0001893522396
228992	0.0009607728336
228993	0.0004058684743
228994	0.0001283715898
228995	0.0003569131036
228996	0.0001899597128
228997	0.0001261358504
228998	0.001136145171
228999	0.0004174328432
229000	7.063843668e-05
229001	0.0002030352379
229002	8.562742306e-05
229003	0.0001558241902
229004	0.0007318651516
229005	0.001258862645
229006	5.754933694e-05
229007	0.0001693856767
229008	0.0005424415194
229009	0.000331458831
229010	0.0002695818616
229011	0.0003355832235
229012	0.0001789329525
229013	0.0001477499661
229014	1.685845688e-05
229015	0.0003218531062
229016	2.977791384e-05
229017	0.0005957558
229018	0.0006283174762
229019	6.701261693e-05
229020	0.0005823656708
229021	0.001019359754
229022	4.101116365e-05
229023	6.898687149e-05
229024	0.0002760780299
229025	0.0004769703813
229026	0.0001397249291
229027	0.000608955959
229028	0.0008738901389
229029	0.0007402860096
229030	0.0006025729109
229031	0.0004269364891
229032	0.0001714628577
229033	0.0008675791686
229034	0.0002734500517
229035	0.0004642907168
229036	0.00055089357
229037	0.0009421880716
229038	0.0003072233274
229039	0.001027013794
229040	0.0001639228385
229041	0.0005834954656
229042	0.000361690273
229043	0.0005678348913
229044	0.0002808673394
229045	6.497426903e-05
229046	0.0005274146475
229047	0.0008714975513
229048	0.0006039822399
229049	0.0005717661629
229050	4.896398e-05
229051	0.000775354177
229052	0.0003232080307
229053	3.492411966e-06
229054	0.000305272499
229055	0.0003099322816
229056	0.0004226190623
229057	7.9698332e-06
229058	0.0002516710656
229059	7.974974409e-05
229060	0.0003062478799
229061	0.0001019807937
229062	0.000297677606
229063	6.943419161e-05
229064	0.0002104665477
229065	0.001132225375
229066	0.0001075792395
229067	0.0001226288082
229068	2.5036833e-05
229069	0.000929765763
229070	0.0002349202156
229071	0.0005909322788
229072	0.0001069227173
229073	0.0004692990403
229074	0.0002871348163
229075	0.0007337281143
229076	0.0002563120846
229077	0.000525858152
229078	0.0001512457792
229079	0.0002159130672
229080	0.001866858879
229081	5.097969654e-05
229082	0.0002527032442
229083	0.000132419762
229084	0.0002633706725
229085	0.0004630908543
229086	0.0004711524301
229087	0.0002191711826
229088	7.517519108e-06
229089	0.0001558654039
229090	0.0002360970705
229091	0.0002560312532
229092	0.0003999678195
229093	9.261375151e-05
229094	0.0001835514192
229095	0.0004895586938
229096	0.000137316973
229097	0.0006543642068
229098	5.177703538e-05
229099	0.0002733167383
229100	7.141759423e-05
229101	0.0001197873787
229102	0.0003053500202
229103	2.161569348e-05
229104	0.0001585712983
229105	0.0008951887576
229106	0.0003534419342
229107	0.0001048524573
229108	0.0004954071939
229109	0.0004052703002
229110	4.373792052e-05
229111	0.0003117473977
229112	0.0002793327535
229113	0.000387878294
229114	4.882924065e-05
229115	7.867208388e-05
229116	0.0001182902389
229117	4.032327637e-05
229118	4.477267691e-05
229119	0.0003898006272
229120	0.0001038795077
229121	0.0003757715117
229122	0.0003586422678
229123	0.0005469694541
229124	8.422243502e-05
229125	9.508636924e-05
229126	7.152942859e-05
229127	0.0005966000065
229128	7.008556279e-05
229129	0.0004222672397
229130	0.000391054478
229131	0.0002260803543
229132	0.0003974818267
229133	1.656824969e-05
229134	3.936705888e-05
229135	7.961380917e-05
229136	0.0002489861617
229137	0.0004640639493
229138	0.0004108414622
229139	0.0003293414768
229140	0.0001707607319
229141	0.0001101643964
229142	0.0003533800193
229143	0.000133324369
229144	8.917544498e-05
229145	0.0003803202513
229146	9.755180541e-06
229147	0.0005105335342
229148	0.0002450065292
229149	8.962458784e-05
229150	0.0002293685267
229151	0.000164462195
229152	0.001166121922
229153	0.0004192265271
229154	0.0001317990405
229155	0.0001843399348
229156	0.001088542482
229157	0.0003169255046
229158	0.0001403084982
229159	0.0005890241639
229160	0.0001738706166
229161	0.0005659420903
229162	1.524607824e-05
229163	3.912125984e-05
229164	0.0001089501515
229165	0.0001269578707
229166	0.000304258395
229167	0.0002019701582
229168	0.0007688313468
229169	0.000809141053
229170	0.0003934085408
229171	0.000179924872
229172	0.0003200531411
229173	0.0003602908894
229174	0.0001787295601
229175	9.05837001e-05
229176	0.0002936269186
229177	0.0004444402344
229178	0.0002208076748
229179	0.0004813689204
229180	0.0005798159467
229181	0.0001070840354
229182	0.0002018639275
229183	0.0001078433396
229184	9.554363239e-05
229185	0.0001882596166
229186	0.0001590175847
229187	0.0003470324184
229188	0.0005618528845
229189	0.0002261883243
229190	0.0002671627316
229191	0.0007039430195
229192	0.0001779188232
229193	0.0003852401371
229194	0.0004554650509
229195	2.619928585e-05
229196	0.0004686814923
229197	0.0002661173638
229198	3.803027645e-05
229199	0.0001302406966
229200	7.364459799e-05
229201	0.0005289480923
229202	0.000195933573
229203	0.0004786686443
229204	0.0002956961091
229205	9.619852799e-05
229206	0.0002271295862
229207	0.0001395452363
229208	0.0003452288147
229209	0.0004454639266
229210	0.0001618223781
229211	0.0001178711898
229212	0.0004190203132
229213	4.44439941e-05
229214	3.846581164e-05
229215	0.0001699055865
229216	0.0002271402823
229217	0.000205637136
229218	0.000128192986
229219	0.0004480837247
229220	0.0009089343266
229221	1.039323704e-05
229222	0.0009496772535
229223	0.001331172781
229224	0.0002747282018
229225	0.0003355446367
229226	0.001258993357
229227	0.0002309945545
229228	0.0007598484429
229229	0.0005926352319
229230	1.815901162e-05
229231	0.0005003323321
229232	0.000387587767
229233	0.0004201846373
229234	0.0002916555338
229235	0.0002895814421
229236	0.0005941857318
229237	9.773232357e-05
229238	0.0008403833445
229239	3.311175513e-05
229240	0.0001831984943
229241	0.0001759292412
229242	4.952592982e-05
229243	0.0005313549318
229244	4.279403073e-05
229245	0.0004271754136
229246	0.0003261769731
229247	0.0002625141759
229248	0.001721730107
229249	0.0001316182942
229250	0.0004023216248
229251	0.0002451934466
229252	0.0007065697049
229253	1.526151437e-05
229254	0.0003098948773
229255	0.0003257977214
229256	0.0002950557366
229257	0.0001524643528
229258	0.0002227200384
229259	0.00029974652
229260	0.0004731735823
229261	0.0003528509552
229262	0.0004855743935
229263	0.00147675923
229264	0.0001874344848
229265	0.0001664602387
229266	0.0001650231704
229267	0.0002141720055
229268	0.0003272447369
229269	4.587766073e-05
229270	0.0002446502235
229271	3.745059052e-05
229272	0.000493748002
229273	0.0009500593988
229274	9.161010182e-05
229275	0.0001018655618
229276	0.0002148230162
229277	0.0001772982327
229278	0.0002388433548
229279	4.440596033e-05
229280	0.0005910964029
229281	0.0008391430044
229282	6.809910343e-05
229283	8.929995603e-05
229284	1.062018547e-05
229285	0.0002389290225
229286	0.000710996321
229287	0.0003095999803
229288	0.0001891118204
229289	6.864890832e-06
229290	6.5272456e-05
229291	5.347501723e-05
229292	6.486528434e-05
229293	0.0004078792157
229294	6.426918755e-05
229295	2.001810456e-05
229296	0.0003082115155
229297	0.0001682381467
229298	0.000143544638
229299	0.000481848414
229300	0.000201716821
229301	5.648539809e-05
229302	0.0001511533455
229303	0.0001430627316
229304	0.0005707674162
229305	0.0004486566048
229306	0.000421824642
229307	0.0003478842784
229308	0.0002666399213
229309	2.562433589e-05
229310	0.000179280836
229311	0.0002525446482
229312	0.000370380867
229313	9.452685124e-05
229314	0.0003624469296
229315	7.675527508e-06
229316	0.0001083890414
229317	0.0002704528914
229318	9.375584097e-05
229319	0.0007525007446
229320	0.000330173876
229321	0.0005460437274
229322	0.0006898563087
229323	0.0002992947898
229324	0.000118026565
229325	0.0006432837257
229326	0.0001617439409
229327	0.0005354249032
229328	0.0002136560922
229329	0.0003166777849
229330	0.0006088524702
229331	0.0007211013582
229332	0.0001459083879
229333	0.0001483504643
229334	3.124620098e-07
229335	0.0004080241039
229336	9.470935946e-05
229337	0.0002145077181
229338	0.0001032097837
229339	3.314968182e-05
229340	0.0002752567406
229341	0.0002688932766
229342	0.0004130640528
229343	0.000678627342
229344	0.0003645500983
229345	0.0001048237179
229346	0.000358331185
229347	0.0004798751765
229348	0.000233883971
229349	0.0001171866508
229350	1.175272717e-05
229351	0.0001573220159
229352	0.0001088699439
229353	7.740349829e-05
229354	0.000474547884
229355	0.0006717923293
229356	0.0002875783157
229357	0.0002870429789
229358	0.0003853880395
229359	0.0002282917511
229360	0.0001413424341
229361	6.055222973e-05
229362	0.0005863335362
229363	0.0001490430139
229364	0.001013200004
229365	8.690844415e-05
229366	0.0002073572029
229367	0.0003397716235
229368	0.0004362449364
229369	0.000378246802
229370	1.634671049e-05
229371	0.0001734510529
229372	0.000108065671
229373	0.0007013396192
229374	5.219570065e-05
229375	0.0003200821351
229376	0.0003271765204
229377	0.0001267867417
229378	5.283000327e-06
229379	0.0004945955392
229380	0.0007006548366
229381	5.005010666e-05
229382	0.0005373684433
229383	0.0001677553146
229384	6.48539938e-05
229385	0.0003157213084
229386	2.15700261e-05
229387	4.151412507e-05
229388	0.0005162016839
229389	0.0009337386742
229390	0.0005394797213
229391	0.0002681593848
229392	0.0006285651926
229393	0.0002501461794
229394	0.0001526368289
229395	0.0001153341263
229396	0.0005674636187
229397	0.000452329306
229398	3.505549877e-05
229399	0.0001555100599
229400	0.0004174308
229401	0.0003832007929
229402	0.0004385044181
229403	0.0003812541819
229404	0.0004435114327
229405	0.0001577458375
229406	0.0006859688801
229407	0.0001850207665
229408	0.0003368614102
229409	0.0002281405723
229410	6.496220891e-06
229411	0.0001789986147
229412	0.0002042994518
229413	0.0005818710217
229414	0.001041684492
229415	0.0001552599538
229416	5.06473782e-05
229417	0.0003943324677
229418	0.0003016378659
229419	0.0005283820679
229420	0.0002814024059
229421	0.0008028847065
229422	0.0002933412728
229423	0.0005321006734
229424	0.0002056215471
229425	0.0002237411338
229426	3.706624267e-05
229427	0.0003344303533
229428	6.747312811e-05
229429	0.0006653867317
229430	0.0007071293433
229431	0.000932899539
229432	0.0002435591711
229433	1.765918522e-05
229434	0.000539291501
229435	8.5289071e-05
229436	0.0004182644488
229437	0.0006634224922
229438	0.0006407888326
229439	0.0004546687298
229440	0.0004877470161
229441	0.0006964066764
229442	0.0004646625077
229443	0.0001768505434
229444	2.179129088e-05
229445	4.940501196e-05
229446	0.0002417876711
229447	0.001151633547
229448	0.0003152301645
229449	0.000479253276
229450	7.446435961e-05
229451	0.00049024219
229452	0.0001842094388
229453	0.0001363867779
229454	0.0001101370448
229455	0.0003471147054
229456	0.0002500953228
229457	0.0005899283768
229458	0.0001160003857
229459	0.000230497108
229460	3.540163513e-05
229461	0.0003949292725
229462	0.0001198304312
229463	4.975631975e-06
229464	0.0002102031605
229465	3.001584045e-05
229466	0.0001891164174
229467	0.0002611278797
229468	0.0003365720491
229469	0.0002181173862
229470	0.0004551166548
229471	0.0001521024444
229472	9.826396907e-07
229473	0.0003939328693
229474	3.041756678e-05
229475	0.000374769382
229476	0.0006216544565
229477	0.0006496708904
229478	2.533364298e-05
229479	0.0006145951594
229480	3.252742457e-05
229481	0.0002022390103
229482	0.00056641685
229483	0.0006272124975
229484	1.64186769e-05
229485	5.040420035e-05
229486	0.0001063042697
229487	1.830880833e-05
229488	0.0001139380119
229489	0.0009587439505
229490	0.0002696161737
229491	0.0002248421023
229492	0.0001322040937
229493	0.0001644495644
229494	0.0005443709403
229495	0.0004580546267
229496	0.0003443881344
229497	0.0007907984493
229498	0.0001055671932
229499	0.0003228814456
229500	0.0004146778617
229501	0.0003414891205
229502	9.998913681e-05
229503	0.0008622181154
229504	6.496326283e-05
229505	0.0003156846469
229506	0.0006861605461
229507	0.0001478354164
229508	0.0003396841068
229509	0.0001155441994
229510	0.001175411755
229511	0.0001092942863
229512	0.000215915556
229513	0.0001034571885
229514	0.0002515776892
229515	0.0004926725461
229516	0.0006287603178
229517	4.216227587e-05
229518	0.0001942736484
229519	0.0002748390594
229520	0.0003919891164
229521	0.0006826185041
229522	0.00010316823
229523	1.712287961e-05
229524	2.864273261e-05
229525	4.715960869e-05
229526	0.0002778443884
229527	0.0003788608556
229528	7.678849979e-05
229529	0.000177894166
229530	0.001321521042
229531	0.0001224700565
229532	0.0006916132028
229533	0.000251641239
229534	4.910348073e-05
229535	0.000199475499
229536	0.0001842316138
229537	0.0005625164794
229538	0.0001765100821
229539	0.0008309524619
229540	0.0005596702748
229541	0.0004001060334
229542	0.0004284520387
229543	0.0002213758564
229544	3.88666866e-06
229545	0.0005027342551
229546	0.0003146413708
229547	0.0001882927675
229548	0.0002572880745
229549	0.0001566121835
229550	6.029576495e-05
229551	0.0002874998688
229552	0.0001873762964
229553	0.00034621875
229554	0.0007293635937
229555	0.0007113995854
229556	0.0002194819256
229557	0.0004755853593
229558	0.001100085394
229559	0.0005316667967
229560	0.0002764447482
229561	0.0005821660087
229562	4.539722906e-05
229563	0.0002591159834
229564	0.000194680478
229565	0.0002044920877
229566	0.0003728646363
229567	0.0002014321672
229568	5.346219472e-05
229569	0.0001521705884
229570	0.0003176053342
229571	0.0001119768802
229572	0.0008216929596
229573	0.001111809006
229574	2.06485948e-05
229575	0.0001217393809
229576	0.000852393596
229577	8.226026435e-05
229578	0.0001166911724
229579	0.0006518873789
229580	0.0006871835163
229581	0.0002021670838
229582	0.000105234836
229583	0.0002306271748
229584	3.549573542e-07
229585	0.0007621026481
229586	0.0001613290034
229587	0.0001397326034
229588	0.0001556476925
229589	0.0001066269986
229590	0.0002125523321
229591	6.555448502e-05
229592	8.673376751e-05
229593	0.0001474550161
229594	0.0003448885138
229595	0.0005453081171
229596	0.0001585200871
229597	0.0006533475297
229598	0.0008709766084
229599	1.080677102e-05
229600	0.0001282911141
229601	4.83516069e-05
229602	0.0002793234305
229603	0.0001839500537
229604	0.0004485424198
229605	2.354718236e-05
229606	0.0001402470376
229607	0.0004842684889
229608	0.0002593583607
229609	0.0001191174734
229610	0.0004009835466
229611	0.0004218927986
229612	4.297811456e-05
229613	0.0004150084975
229614	0.0002349334945
229615	0.0002322621131
229616	0.0001856095954
229617	0.0001198750452
229618	0.0001792004064
229619	0.0003978382318
229620	0.0008775861191
229621	0.0003768904884
229622	0.0004442517742
229623	6.823256143e-05
229624	0.0005392906538
229625	8.691090536e-05
229626	0.0006058652945
229627	5.445936805e-05
229628	7.04383062e-05
229629	0.000133035322
229630	2.969910208e-05
229631	0.000185315172
229632	0.0002595869124
229633	0.0003048008578
229634	6.76118026e-05
229635	0.0004012053413
229636	0.0004635244771
229637	1.708157585e-05
229638	0.0001632060409
229639	0.0003790742737
229640	0.0001403328315
229641	0.0001870394361
229642	7.931770115e-05
229643	0.0008751998281
229644	0.0003689693867
229645	9.512425437e-05
229646	0.0001114929114
229647	0.0006706605784
229648	3.12517599e-05
229649	4.12324307e-05
229650	0.0004667501345
229651	0.0001013071669
229652	7.044493529e-05
229653	8.804533578e-05
229654	0.0001223435654
229655	0.0005554343796
229656	0.0002323982295
229657	8.010304637e-05
229658	0.0006937322859
229659	0.0006706131734
229660	0.0006503973193
229661	7.507952885e-05
229662	0.0001661058533
229663	0.0003474794476
229664	0.000271450965
229665	5.622796811e-05
229666	0.000174954468
229667	0.0007766002628
229668	0.0005123673497
229669	0.001177926073
229670	0.0001743536382
229671	0.0004503619941
229672	1.062597102e-05
229673	5.559474168e-05
229674	0.0001116933903
229675	0.0004740987226
229676	0.0004171908193
229677	3.314680684e-05
229678	0.0001022223955
229679	0.0005725349838
229680	0.0003166765572
229681	0.0003524081884
229682	9.26967044e-05
229683	1.419690135e-05
229684	3.282336606e-05
229685	0.0003462475187
229686	0.0005362908296
229687	0.0001126636366
229688	1.128614661e-05
229689	0.000881427236
229690	0.0001088316665
229691	0.0001482043159
229692	0.0003414558073
229693	0.000290665043
229694	0.0002538012988
229695	0.0006223963088
229696	0.0002028760452
229697	0.0002995963433
229698	0.000149180887
229699	4.558273792e-05
229700	0.0003018295372
229701	0.0006231231735
229702	0.0002573940703
229703	0.0002938412688
229704	0.0002978547892
229705	3.500919774e-05
229706	7.849187897e-05
229707	0.0006134554627
229708	0.0008519133561
229709	0.0005897223385
229710	0.0001484836155
229711	0.000117369987
229712	0.0004745711918
229713	0.0007237465864
229714	0.000270664838
229715	0.0005660799792
229716	0.0002939767848
229717	0.0002202702092
229718	9.302377699e-05
229719	0.0008170227935
229720	0.0003215550707
229721	0.0007308003373
229722	0.0002652190755
229723	0.0004780575768
229724	4.197580542e-05
229725	0.0001949544663
229726	0.0001346826512
229727	0.0002987970818
229728	0.0004203693836
229729	7.743272999e-05
229730	0.0007229465393
229731	0.0001758603997
229732	0.0003955364242
229733	0.0002863846034
229734	0.0002443803543
229735	0.000277963183
229736	2.028276378e-05
229737	3.908658551e-06
229738	3.325099906e-05
229739	0.000446993905
229740	0.0003080213008
229741	0.0006890340171
229742	0.0009366158584
229743	8.040796239e-05
229744	0.0002488149304
229745	0.0001699281599
229746	0.0001922926091
229747	0.0001337921098
229748	0.000438168074
229749	0.0008757836103
229750	2.744499136e-05
229751	0.0004219881343
229752	0.0001718984198
229753	0.0001185915221
229754	0.0002735670658
229755	5.966227459e-05
229756	0.0003710932786
229757	0.0001715404343
229758	9.078630502e-06
229759	0.0001321907442
229760	0.0001072450212
229761	0.0002864511315
229762	0.0002861534959
229763	0.000490083086
229764	0.0002621685775
229765	0.0009316263797
229766	0.0001726082225
229767	0.0002297039795
229768	0.0001102474523
229769	0.0005146740678
229770	0.0006047147452
229771	8.012550103e-05
229772	0.000236473774
229773	0.0003723191832
229774	0.0003277528732
229775	0.0005643613959
229776	0.000134866445
229777	0.0001776802615
229778	0.0004640485322
229779	0.0001486496523
229780	0.0002129276833
229781	8.015428009e-06
229782	0.0002538053878
229783	0.0002458422913
229784	6.841521524e-05
229785	0.000206618939
229786	0.0001529485878
229787	0.0002763111039
229788	0.0001956397015
229789	0.0002542624419
229790	0.0002897239158
229791	0.000599563308
229792	0.0001669749819
229793	0.0004461826085
229794	0.0001789073219
229795	0.0003857990572
229796	0.000604785204
229797	0.0004535090762
229798	0.0001439348074
229799	0.000514906156
229800	0.0001860518942
229801	0.0003263701734
229802	2.467893022e-06
229803	0.000864909614
229804	0.0007268393397
229805	0.0003444454736
229806	8.277968113e-05
229807	4.75042349e-05
229808	0.0007236211301
229809	0.0002667761345
229810	0.0003108233189
229811	7.010287196e-05
229812	0.0002958968731
229813	0.0003722892823
229814	0.0005167787105
229815	0.001137096241
229816	0.0004516091877
229817	1.619845708e-06
229818	0.0002648667976
229819	0.0001964531531
229820	0.0001960992282
229821	0.0001102931276
229822	0.001094032527
229823	8.798853778e-05
229824	0.0004326312355
229825	5.392263006e-05
229826	0.0008170711441
229827	0.0002524135037
229828	0.0003786142753
229829	0.0009333709434
229830	0.000502880574
229831	0.0003072900553
229832	0.0002002957388
229833	0.0007335492435
229834	0.0002603183331
229835	0.0005669027331
229836	0.0005510414953
229837	0.0003498425303
229838	0.000221960635
229839	0.0001021917257
229840	0.0003955211491
229841	8.175699124e-05
229842	7.243796828e-05
229843	0.0003747081758
229844	0.0008934167216
229845	0.0006506414021
229846	0.0001497086786
229847	0.0004804965452
229848	0.0007756771685
229849	0.000107332687
229850	0.001151224973
229851	0.0003036787971
229852	0.000212728376
229853	0.0003455556541
229854	0.0002272465724
229855	0.0001457461409
229856	4.15715749e-05
229857	0.0002212566812
229858	0.0004715465843
229859	0.0001740157358
229860	0.0006569668676
229861	0.0001724359928
229862	0.000261527998
229863	0.0003005859467
229864	9.420381165e-05
229865	3.662268365e-06
229866	0.0004370708374
229867	9.190414186e-05
229868	0.0001038362816
229869	0.0001456721222
229870	0.0006882582132
229871	0.0004525587293
229872	5.771629715e-05
229873	0.0001701177573
229874	8.815086548e-05
229875	0.000207264862
229876	0.0001418199031
229877	0.0004605487727
229878	0.0004416109865
229879	3.932498003e-05
229880	0.0005119366291
229881	0.0009739464586
229882	0.0002207980863
229883	0.0001671608474
229884	2.385517786e-06
229885	0.0003845493375
229886	0.0002655458039
229887	0.0002526269049
229888	0.0002972258361
229889	0.000524035344
229890	0.0008156277639
229891	0.0001762048981
229892	3.430516276e-05
229893	0.000355036875
229894	0.0005270659179
229895	0.0002712222331
229896	0.0004339896915
229897	0.000374246967
229898	0.0002325437843
229899	0.001213156365
229900	0.0002521080053
229901	8.558757703e-05
229902	0.0002027445157
229903	0.0001995792169
229904	0.0006999483793
229905	0.0003566409623
229906	0.0004261355216
229907	0.0008349899061
229908	0.0001496233891
229909	0.0001964807249
229910	0.0002622791428
229911	0.001121737867
229912	0.0001093781027
229913	0.0002444499281
229914	7.782758635e-05
229915	0.0002720733658
229916	6.817219195e-06
229917	0.000212617267
229918	0.001026085095
229919	5.60247865e-05
229920	0.0002057243151
229921	0.0003458662495
229922	0.001222847803
229923	0.0003266521503
229924	0.0006315327423
229925	0.0005790635117
229926	0.0001959135286
229927	0.001094886564
229928	0.0003582162868
229929	0.0005199526232
229930	0.0009386071528
229931	0.0001118807043
229932	0.0003472366613
229933	0.0004386856409
229934	0.0001710350401
229935	0.000633108351
229936	0.0004263035037
229937	0.0001300717593
229938	0.0002945358057
229939	0.0001794418949
229940	0.000260146156
229941	0.0006622258807
229942	7.819952895e-05
229943	5.542814941e-06
229944	0.0006134551544
229945	0.0004220917202
229946	0.0007770809798
229947	0.0001071997915
229948	8.645397381e-05
229949	0.0001818249655
229950	0.0001045496196
229951	0.0004700753963
229952	0.0002696136989
229953	0.001285347259
229954	6.598297142e-05
229955	0.0008829336483
229956	2.803827985e-05
229957	0.0002635515504
229958	0.0002320011721
229959	0.0008519232086
229960	0.001097606084
229961	0.0007844881064
229962	0.0006202058652
229963	0.0001994075454
229964	0.0005888877982
229965	0.0001973784384
229966	0.0006199322326
229967	2.025942128e-06
229968	0.000515911773
229969	0.0004050597296
229970	0.0002614245133
229971	0.0005882406179
229972	7.097473913e-05
229973	0.000684460972
229974	0.0001135606967
229975	0.0004553259403
229976	3.586231335e-05
229977	0.0002696429995
229978	0.000426080634
229979	0.0002503594244
229980	1.235623557e-05
229981	0.0001926140524
229982	0.0002921903804
229983	0.0001524514741
229984	0.0001961854142
229985	0.0003332915409
229986	0.0009625525478
229987	0.0007385621441
229988	4.168896136e-07
229989	0.0008436431816
229990	1.859013177e-05
229991	0.0005182875591
229992	7.353810882e-05
229993	0.0003218150514
229994	0.000423691718
229995	0.0005539608548
229996	1.241374831e-05
229997	0.000244557896
229998	0.000345522471
229999	0.0005702103802
230000	0.0001503867022
230001	0.001340908189
230002	0.0001015418437
230003	0.0005955049082
230004	0.0004809333532
230005	5.34071974e-05
230006	0.0009126614052
230007	6.828720312e-05
230008	0.0009937642817
230009	0.0002862301628
230010	0.0002244737044
230011	0.0007869807524
230012	0.000650360422
230013	0.0001804502848
230014	9.031115873e-05
230015	0.001056135047
230016	0.0003372836991
230017	0.0002794853503
230018	0.0002570767269
230019	0.001014907547
230020	0.0002400565088
230021	0.0002105932915
230022	7.792522314e-05
230023	0.0001369014146
230024	0.0003174555177
230025	0.0001871454945
230026	0.0008974257954
230027	0.0001249140716
230028	0.0003953368939
230029	0.0002153616988
230030	0.0004067912126
230031	3.606916567e-05
230032	0.0002797396029
230033	0.001218542389
230034	1.367648843e-07
230035	0.0008186234763
230036	0.0003646605449
230037	3.344628657e-05
230038	0.0001072042019
230039	0.0005060414692
230040	6.740393597e-05
230041	0.000211284693
230042	0.0003217428319
230043	3.126587571e-05
230044	0.0001765847319
230045	0.0002196799562
230046	0.000474487839
230047	0.0001421144747
230048	8.159120047e-05
230049	0.0003048673523
230050	1.979743665e-05
230051	0.0002320670549
230052	1.845899718e-05
230053	2.726392717e-05
230054	0.0001083481761
230055	5.187798554e-05
230056	9.783176514e-05
230057	0.0001070174022
230058	0.0004630738654
230059	0.0007345551043
230060	0.0002254965878
230061	0.0002481569296
230062	0.0001292719343
230063	0.0002604980269
230064	0.000201192771
230065	0.0003531503516
230066	0.0008396907453
230067	0.0002892094172
230068	0.0001324886473
230069	5.241737786e-05
230070	0.00013788202
230071	0.0004121074633
230072	9.801708308e-05
230073	0.0008365444647
230074	0.0003116608258
230075	0.0002095399038
230076	0.001219533406
230077	0.0003564258941
230078	0.0001120566884
230079	0.0006206278498
230080	0.0002407550392
230081	0.001274995325
230082	0.0006945086769
230083	0.0004013236263
230084	0.0007650975877
230085	0.0004352250393
230086	0.000303029504
230087	0.0005967668316
230088	5.862575632e-05
230089	0.0007110698175
230090	0.0003322834686
230091	0.0002476158919
230092	0.0005265890708
230093	0.0001791863047
230094	0.001192254984
230095	0.0007208190773
230096	0.001013517256
230097	0.0001366975905
230098	9.106428408e-05
230099	0.0001145012864
230100	0.0002244891354
230101	0.0006195428001
230102	8.212141752e-05
230103	0.0005318544963
230104	0.0005691927423
230105	9.90675394e-05
230106	0.0006634155922
230107	2.982051415e-05
230108	0.0004367738798
230109	0.000112798926
230110	0.0002346969814
230111	4.169295931e-05
230112	0.0004199244547
230113	0.0002777207369
230114	0.0008476414006
230115	0.0005455805134
230116	0.0001745045921
230117	0.0002127197954
230118	0.0001789782
230119	5.95782793e-05
230120	0.0003268422756
230121	6.726751171e-05
230122	0.000315218997
230123	0.0001151270774
230124	0.0003625010794
230125	0.0005180632489
230126	6.039234642e-05
230127	9.613392869e-05
230128	0.0005237325011
230129	0.0006142615606
230130	0.0004222005828
230131	0.0004719076957
230132	0.0003000198596
230133	0.0002893792314
230134	0.0001350452349
230135	8.763436335e-05
230136	0.0006953101345
230137	0.0002659024483
230138	0.0005128439127
230139	0.0004613065859
230140	0.0005560064461
230141	0.0002945726572
230142	0.0003311159
230143	0.001448213671
230144	0.0001442534818
230145	7.63314048e-05
230146	0.0001776517573
230147	0.0003618187332
230148	0.0007470806994
230149	0.0002521695251
230150	7.322875801e-05
230151	0.0001315632988
230152	0.0008571268921
230153	0.0001104773605
230154	0.0006407578775
230155	2.571669638e-05
230156	5.372490506e-05
230157	0.0004448680381
230158	0.0003306932416
230159	4.702279543e-06
230160	0.0002742443724
230161	8.050001284e-05
230162	1.765050941e-06
230163	0.0003434247196
230164	0.0002732510252
230165	0.0001137409523
230166	3.571729936e-05
230167	0.0001992142444
230168	0.001125622444
230169	0.0005311540631
230170	0.0001219423239
230171	8.764853463e-05
230172	0.0005254016322
230173	4.476352592e-05
230174	0.0004781629371
230175	0.000391099977
230176	6.911157134e-06
230177	0.0003102296854
230178	0.00107914323
230179	7.600851292e-05
230180	0.0004314189294
230181	0.0006568448771
230182	0.0004066245226
230183	0.0003600982536
230184	0.0001882546847
230185	0.0006960209112
230186	0.001026821669
230187	3.029843649e-05
230188	0.0003472401138
230189	0.0003621988557
230190	0.0002902167021
230191	0.0003299766895
230192	0.0002779267567
230193	0.0005024365251
230194	0.0001884293251
230195	0.0002037865433
230196	9.978622738e-05
230197	0.0001630537428
230198	8.688515089e-06
230199	0.0002067341009
230200	0.0004553992627
230201	0.0003260789619
230202	0.0005056705525
230203	0.000247825795
230204	0.0002508180435
230205	0.0003266688731
230206	0.0005805848689
230207	0.0001978562175
230208	0.0001441864356
230209	0.0005514391743
230210	0.0009417887344
230211	4.833332499e-05
230212	0.0001306299268
230213	0.000545037378
230214	0.0002330970105
230215	4.209290329e-05
230216	0.000186082372
230217	3.780516822e-05
230218	3.292449e-05
230219	0.0002945269552
230220	0.001225938907
230221	0.0001629023586
230222	0.0003532505386
230223	0.0002005184457
230224	0.000136546928
230225	0.0002971251636
230226	5.784519761e-05
230227	0.0001418348176
230228	0.0004370454478
230229	6.224276041e-05
230230	3.806781244e-05
230231	0.000444473937
230232	0.0002551087497
230233	0.000367108037
230234	0.001615493589
230235	0.0001260037752
230236	0.0009327623721
230237	0.0002472968041
230238	0.0003620168598
230239	0.000401554177
230240	1.196681169e-05
230241	0.0004827662026
230242	0.0006603615419
230243	0.0003929630772
230244	0.000668642217
230245	0.0001768188876
230246	0.0006160889982
230247	0.0005210507818
230248	0.0001766093149
230249	0.0006311539118
230250	0.000112447785
230251	0.0004392171203
230252	0.0001029990694
230253	0.000342003149
230254	9.422158035e-05
230255	0.0005642559097
230256	0.000655198172
230257	0.0008906949618
230258	3.804446244e-05
230259	0.0006478792083
230260	0.0004255004753
230261	0.0001428384153
230262	0.0001258361083
230263	0.0003482100757
230264	0.00123717431
230265	0.000406672584
230266	0.0001888820997
230267	0.0001324308728
230268	2.714661845e-05
230269	0.0002046269407
230270	0.0001074319862
230271	0.0003798752561
230272	0.0002409365162
230273	0.0002419438733
230274	0.0002508777906
230275	0.001210229361
230276	0.0001322670499
230277	7.124565705e-05
230278	0.000385893763
230279	0.0003709891645
230280	0.0003858222694
230281	0.0006823955219
230282	0.0002490545177
230283	8.988100251e-05
230284	0.0009343067475
230285	0.0002761766554
230286	0.000284526937
230287	0.000252687861
230288	0.0007030937723
230289	0.0001907345394
230290	0.0001718727647
230291	0.0008558716074
230292	0.0002334641903
230293	0.0002253452789
230294	0.0007689952157
230295	0.0001176439438
230296	0.0001072775478
230297	8.101514931e-05
230298	9.105358132e-05
230299	0.0007553755651
230300	0.0004612278368
230301	0.000236454345
230302	0.0004896277955
230303	0.000116342839
230304	0.0001317481394
230305	0.001170260092
230306	0.0003620412838
230307	0.0004194342304
230308	4.901541195e-05
230309	0.000128799198
230310	0.0004276378479
230311	6.93402255e-05
230312	0.0002113503575
230313	0.0001861849118
230314	0.001117859344
230315	0.0003473464728
230316	5.12548944e-05
230317	1.38175135e-05
230318	0.0002493158068
230319	0.0006564496465
230320	0.0001798988483
230321	0.0008904213824
230322	0.0002972367829
230323	4.976043983e-05
230324	1.084778523e-05
230325	0.0005040890393
230326	0.0002176605614
230327	8.764527282e-05
230328	0.0005868763366
230329	2.863518473e-05
230330	0.0006092565689
230331	0.0002178208877
230332	0.0008336353937
230333	0.0002428447436
230334	0.0007464413153
230335	0.0002916015521
230336	0.0002702501373
230337	0.000520716064
230338	0.0007950021877
230339	2.780471956e-05
230340	9.200092729e-05
230341	0.0004202281572
230342	0.0002713239166
230343	0.0001258096375
230344	0.0007952745921
230345	2.468813997e-05
230346	0.0008998776793
230347	0.0003559692256
230348	0.0007643480678
230349	0.0005371643873
230350	0.0006791359974
230351	0.0008076558825
230352	8.661455845e-05
230353	0.0004266576758
230354	0.0001873486225
230355	0.0002400358151
230356	0.0003051092016
230357	0.0008182775408
230358	0.0003997164907
230359	3.534816003e-05
230360	0.0001844688313
230361	0.000122112004
230362	0.0002411178481
230363	0.0008945522898
230364	0.0003396324224
230365	0.000132394358
230366	0.0006131981622
230367	0.0002914356586
230368	0.0007604775687
230369	0.0008629370764
230370	0.0006779867898
230371	0.0002746921934
230372	0.0001563400084
230373	0.000240990415
230374	0.0005161024
230375	0.0002340496993
230376	9.78520487e-05
230377	0.0003159808914
230378	8.415823934e-05
230379	0.0004954054081
230380	0.0002995381438
230381	3.684699821e-06
230382	0.0005009320291
230383	4.965655049e-05
230384	0.000380269728
230385	0.0002460057834
230386	9.531595029e-05
230387	0.001009511544
230388	0.0003867557864
230389	5.84418967e-05
230390	0.0009034004421
230391	0.0003458550703
230392	4.296448499e-05
230393	5.020145455e-05
230394	0.0001454728138
230395	0.0003101474214
230396	0.0003554234246
230397	0.0006128934391
230398	0.0003898499676
230399	1.403442639e-05
230400	6.864013073e-05
230401	6.474523566e-05
230402	0.0002430217025
230403	0.0001830902807
230404	0.0001181465632
230405	0.0002027922658
230406	0.0002482531154
230407	6.564007968e-05
230408	0.0001568726132
230409	0.0007858481096
230410	0.000494436353
230411	0.0001704851642
230412	1.127164271e-05
230413	0.0009299592547
230414	2.02663235e-05
230415	0.0001158373075
230416	0.0005339311717
230417	0.000610489223
230418	0.000274367429
230419	0.0001859620362
230420	0.0002807900496
230421	0.0001390106815
230422	5.828568602e-05
230423	0.0006227075551
230424	8.439691638e-05
230425	0.0002394329566
230426	0.0002724268883
230427	0.0001210555829
230428	0.0006230773471
230429	0.000397967576
230430	0.0005533811278
230431	0.001020980768
230432	0.0002322566617
230433	4.690932471e-05
230434	0.0005450301143
230435	0.0004949914818
230436	0.0004686214185
230437	0.0002580736622
230438	0.000691910581
230439	1.950590346e-05
230440	0.0004480972071
230441	0.0008098952187
230442	0.0006132654376
230443	0.0004195735893
230444	0.0002615557322
230445	0.0006215680871
230446	9.423731827e-05
230447	0.0005810704642
230448	0.0004206378827
230449	8.360363711e-05
230450	7.191305319e-05
230451	0.0001729422396
230452	0.0002009377486
230453	3.745400128e-05
230454	0.0004098076928
230455	0.0007751272106
230456	0.0002399089485
230457	6.167128589e-05
230458	9.58835837e-05
230459	3.146599582e-05
230460	0.0008290513742
230461	0.0001507376044
230462	0.0002222761468
230463	9.423498185e-05
230464	0.0003291542714
230465	0.0006153639465
230466	0.0006130364827
230467	0.0001329560909
230468	0.0003473268303
230469	1.375054378e-06
230470	1.014608023e-05
230471	0.0004462454981
230472	0.0001484904399
230473	0.0001720474211
230474	0.0003639863285
230475	0.0003718517365
230476	0.0003001112325
230477	1.329436199e-05
230478	5.98932566e-05
230479	0.0003999011152
230480	0.0001934082689
230481	0.0006009012915
230482	0.0007279863971
230483	5.795504532e-05
230484	7.386680446e-05
230485	0.000548548444
230486	0.0001555669863
230487	5.234868231e-05
230488	0.0008092809885
230489	3.234423825e-05
230490	0.0002991784902
230491	0.0004786345399
230492	0.0003931390884
230493	0.0001640546541
230494	0.0008594442879
230495	0.0004547841791
230496	0.0002792849422
230497	1.443608869e-05
230498	0.0003828572692
230499	0.0001443707528
230500	0.000958295788
230501	0.0001076397479
230502	0.0002242388116
230503	0.001000671434
230504	0.0003859497289
230505	0.0005664681659
230506	0.0003493296206
230507	0.000203478834
230508	8.440665433e-05
230509	0.0001762581967
230510	0.0002871692204
230511	8.755413428e-05
230512	0.0001654847576
230513	0.0006723911281
230514	0.0002306161738
230515	0.0003684616929
230516	0.0003106808733
230517	0.000121083935
230518	7.139488459e-05
230519	0.001068557634
230520	0.0003894348809
230521	0.0008632836151
230522	0.0004769405408
230523	0.0003688171157
230524	0.000112234902
230525	0.0002396051331
230526	0.0004888307434
230527	0.0001111716594
230528	6.504209618e-05
230529	0.0001977524531
230530	0.000184336022
230531	0.0007548017649
230532	0.0001372065251
230533	0.000398996807
230534	0.0003537553775
230535	0.0002769288354
230536	0.0001719444149
230537	4.381040804e-05
230538	3.169243943e-05
230539	0.000700787713
230540	2.91262952e-05
230541	0.0001429381591
230542	0.0007677047818
230543	0.0002905204254
230544	1.428945989e-05
230545	1.468361887e-05
230546	0.0002948854078
230547	5.045886843e-05
230548	0.0001855843642
230549	0.0008091641608
230550	0.0002462836105
230551	0.0001402579755
230552	0.0002949637592
230553	0.0005204411657
230554	0.0009888782836
230555	0.0001957093524
230556	0.0002228932875
230557	0.0004357568469
230558	0.0008126514235
230559	0.0004297536705
230560	9.610332571e-05
230561	7.929871891e-05
230562	0.0002750316723
230563	0.000510473036
230564	0.0003962339376
230565	0.0003673765751
230566	0.0001809679278
230567	0.0007300278502
230568	0.0005570507855
230569	3.864261081e-05
230570	0.0004654902998
230571	0.00055521406
230572	0.0006792290957
230573	0.0001571249727
230574	0.0001560682274
230575	0.000234690345
230576	2.317112495e-05
230577	0.0002689485991
230578	4.131053781e-06
230579	0.000870244393
230580	0.0002449991353
230581	0.0005434305538
230582	0.0003923550659
230583	8.963084606e-05
230584	0.0004086311325
230585	0.0002325892276
230586	0.0005212226371
230587	5.201259648e-05
230588	0.0002727484493
230589	5.060026505e-05
230590	2.920356178e-05
230591	0.0001912007579
230592	0.0004548035772
230593	0.0007449998631
230594	0.0005081510566
230595	6.269873228e-06
230596	0.0001236579476
230597	0.0002163135924
230598	0.0001166943753
230599	0.0002204668892
230600	0.0006417159005
230601	0.0001150823122
230602	0.0006858988989
230603	0.0001376472679
230604	0.0002480008455
230605	7.856680621e-06
230606	3.496837642e-06
230607	0.0001496734297
230608	9.628588261e-06
230609	0.0004611273427
230610	0.0001142045234
230611	0.0001845691509
230612	4.573218454e-05
230613	0.0001727747196
230614	0.0002470429119
230615	0.0006321666172
230616	0.0003288685838
230617	0.0003929766721
230618	0.0004404393838
230619	4.963287168e-05
230620	3.761772426e-05
230621	3.021846156e-05
230622	0.0002239607266
230623	0.0007052416019
230624	8.145117618e-06
230625	0.0003983172901
230626	0.0002595724866
230627	0.0002226841256
230628	8.161357548e-05
230629	0.0001299150979
230630	0.0009823762322
230631	0.0003500151268
230632	0.0006359551925
230633	0.0002983326436
230634	0.0007006073906
230635	0.0006421728548
230636	0.0009627988955
230637	0.0001149534334
230638	0.0001765146758
230639	0.0005986066055
230640	0.0002704823909
230641	0.0005333236699
230642	0.001211895695
230643	4.486964682e-05
230644	4.750906107e-05
230645	0.0003882402011
230646	0.0002349441373
230647	0.0001045647039
230648	0.0004486724029
230649	9.809012684e-05
230650	0.000161658369
230651	0.0002028656256
230652	0.000147437655
230653	0.0002519155337
230654	0.0004590148002
230655	6.908193803e-05
230656	5.875987228e-05
230657	0.001166498079
230658	0.0002234450678
230659	0.0002992687944
230660	0.0004521426294
230661	7.719731189e-05
230662	0.0003541822299
230663	0.0001419650426
230664	0.0003492398136
230665	0.000304549154
230666	0.000327859304
230667	0.000614191225
230668	0.0003756864746
230669	0.0002251365544
230670	5.83134321e-05
230671	2.611602391e-05
230672	0.0002925617529
230673	0.0001297965739
230674	5.539255683e-05
230675	0.0007639788558
230676	0.0004581171622
230677	0.0005075284217
230678	0.0001168645903
230679	0.000108423418
230680	0.0002163491459
230681	0.0001770715577
230682	0.0002275295625
230683	9.604950453e-06
230684	0.0002423823896
230685	0.0001544280475
230686	0.0001235207862
230687	0.0004883231551
230688	0.0006387644947
230689	5.810193083e-05
230690	0.001301469275
230691	4.792714061e-05
230692	0.00135839507
230693	0.0002983283622
230694	0.0001677844839
230695	0.000173061054
230696	0.0007254559765
230697	0.0004602807696
230698	0.0001249352965
230699	4.569033829e-05
230700	0.0004886094001
230701	0.0009667064376
230702	0.0004694716981
230703	4.810545119e-05
230704	0.0001567799458
230705	1.405396609e-05
230706	8.416112451e-05
230707	0.000239125882
230708	2.786001826e-05
230709	0.0003924793998
230710	0.0004145267555
230711	0.0007317728101
230712	0.0002240721853
230713	0.0005879493307
230714	0.0002580087372
230715	7.336934585e-05
230716	0.0001322130701
230717	6.65081527e-05
230718	0.0007803590111
230719	0.0001928070117
230720	0.001121029175
230721	0.0006165386675
230722	0.0003864026617
230723	0.0007212577741
230724	0.0007843789142
230725	0.000283222767
230726	0.0003239766583
230727	0.0002043651613
230728	0.0003447708963
230729	0.0001849694089
230730	0.0002867570569
230731	0.0004290835163
230732	0.0001471273999
230733	0.0002489284277
230734	4.891713414e-05
230735	0.0001456579845
230736	0.0003226164654
230737	0.0003722466877
230738	0.0004955892455
230739	4.397458926e-05
230740	0.0006299648245
230741	0.0005208462772
230742	1.614018434e-05
230743	0.0008609703024
230744	0.0003755852571
230745	1.39878575e-05
230746	0.0007598981907
230747	7.192336999e-06
230748	0.0001140956551
230749	0.0008710352655
230750	0.0006063096008
230751	0.0003816919342
230752	8.605426732e-05
230753	3.802874285e-05
230754	0.0001461613792
230755	3.61968567e-05
230756	0.0005582943016
230757	6.866923418e-05
230758	0.0003884045964
230759	0.0001508385902
230760	6.101162631e-05
230761	0.0005639470778
230762	0.0002954189992
230763	6.928385259e-05
230764	9.662617422e-05
230765	0.0003083192104
230766	0.000943580666
230767	2.280610622e-05
230768	0.0005473716731
230769	0.0002525227016
230770	0.0002719446638
230771	0.000331014906
230772	0.0006734929305
230773	3.330807729e-05
230774	2.985973701e-06
230775	0.0001730092732
230776	0.0008995756189
230777	0.0002267274073
230778	0.0005049011583
230779	0.0001416316663
230780	0.0004827407597
230781	0.0002444899163
230782	1.93351231e-05
230783	0.0005618987385
230784	0.0001812966538
230785	0.0006278314109
230786	3.769195113e-05
230787	0.0008369206744
230788	0.000135934782
230789	0.0006189885773
230790	1.451299188e-05
230791	0.0006207780775
230792	5.420742743e-05
230793	0.0003317315414
230794	0.0001790073307
230795	0.0004961792593
230796	9.216785798e-05
230797	6.982601563e-05
230798	0.0001776555232
230799	0.0006702449466
230800	0.000185567613
230801	0.0006077134022
230802	0.0001349748395
230803	0.0001350511662
230804	2.92974049e-05
230805	3.536295195e-05
230806	0.0001341762221
230807	8.507977975e-05
230808	0.0001375655302
230809	0.0002394158025
230810	0.0005604463955
230811	0.0001785767809
230812	0.0002988549382
230813	8.44197495e-05
230814	8.313574398e-06
230815	0.0005562663334
230816	0.0003062984671
230817	0.0003871077834
230818	0.0001636536598
230819	0.0001457359176
230820	0.0001146190295
230821	0.0003338460533
230822	0.0002859547355
230823	0.001115741336
230824	0.0004378589836
230825	0.0006473732727
230826	0.0004632661365
230827	0.0001240891321
230828	2.808152409e-05
230829	0.0003822402872
230830	0.0002239022732
230831	4.870027877e-05
230832	0.0003209844335
230833	0.0002466473157
230834	0.0002538228007
230835	0.0006653420368
230836	0.0001127434464
230837	7.906904322e-05
230838	0.0003660166932
230839	0.0001695321099
230840	2.867049117e-05
230841	0.0002122319578
230842	0.000476825639
230843	0.0005647718313
230844	0.0001358403013
230845	0.0004544535396
230846	0.0002691719654
230847	0.0002645473459
230848	0.0002391744879
230849	0.0002236830017
230850	5.874347526e-06
230851	0.001125769051
230852	0.0002215221776
230853	0.0004471488084
230854	0.0006004682668
230855	0.0005920734452
230856	0.0001733124517
230857	0.0006285939674
230858	7.047742659e-05
230859	0.000503491822
230860	0.00117401261
230861	6.673173109e-05
230862	0.0004024016436
230863	0.0003671077371
230864	0.000206967082
230865	0.0007434027904
230866	0.0002628149129
230867	0.0009488053658
230868	8.395792803e-05
230869	0.0001998765061
230870	0.0002497127229
230871	0.00039093799
230872	0.0004851283063
230873	7.113847496e-05
230874	8.362458729e-05
230875	0.000311611407
230876	0.0004250823263
230877	0.0006232592955
230878	0.0001966171875
230879	0.0001949052451
230880	0.0006979425768
230881	2.166991455e-05
230882	3.985499964e-05
230883	0.0004043904484
230884	0.0001374331996
230885	0.0004515103152
230886	0.0003842562714
230887	0.0001399289974
230888	0.0001017596635
230889	0.0001554654405
230890	0.0001473876972
230891	0.0002839615725
230892	0.0002382266444
230893	0.0001090880899
230894	0.0004750721338
230895	3.275146394e-06
230896	0.0005483519823
230897	0.0001733150215
230898	3.473028053e-05
230899	0.0005089630454
230900	0.0006741826794
230901	0.0001581491537
230902	0.0003244917562
230903	6.533745541e-05
230904	0.0001015713591
230905	0.0005398667285
230906	0.0004095405852
230907	0.000611611398
230908	0.0001463538616
230909	0.0004661039036
230910	6.944509949e-05
230911	0.0005448317835
230912	0.000658560144
230913	0.0004464808426
230914	5.77195786e-05
230915	0.00038471949
230916	0.0005589687914
230917	0.0003070696038
230918	0.000182605673
230919	0.0004185939167
230920	0.0006559347979
230921	0.00027336043
230922	9.734893386e-05
230923	0.0006562883563
230924	0.0001666659524
230925	0.0008161730747
230926	0.0001683089368
230927	0.0004804238287
230928	0.0008533817206
230929	0.0001941060604
230930	0.0003449275522
230931	7.679977318e-05
230932	0.0007308519872
230933	1.232242653e-05
230934	0.000245481207
230935	0.0005333414512
230936	1.599260641e-05
230937	0.0004164730022
230938	0.0002856957627
230939	0.0004103281336
230940	0.0002127606461
230941	0.0001263414804
230942	0.0001898102568
230943	0.0002139195822
230944	8.366551548e-05
230945	0.0001669054234
230946	1.943773509e-05
230947	0.001002679587
230948	8.277069365e-05
230949	0.0004766990273
230950	0.0006326643624
230951	0.0002074149045
230952	0.000237736401
230953	5.478865342e-05
230954	0.0002204797846
230955	5.057549523e-06
230956	0.0001659147377
230957	0.0001801643553
230958	0.0005488613737
230959	0.000206853754
230960	0.0001629948964
230961	3.078704036e-06
230962	0.0002500336756
230963	0.0007485957918
230964	0.0005560168695
230965	0.0009110887621
230966	0.0002783114542
230967	1.245963458e-05
230968	0.0002512104522
230969	0.0004363857337
230970	0.0006549877031
230971	0.0002875534281
230972	0.0006512960757
230973	0.0005129454446
230974	4.120212201e-05
230975	6.884462642e-05
230976	6.60068943e-05
230977	0.0002713881598
230978	0.0003462279004
230979	0.0003580662996
230980	0.0003038489031
230981	0.0001044042646
230982	0.0006232919944
230983	0.0003015248409
230984	0.000586024983
230985	0.000288737147
230986	0.0004782627827
230987	0.000922016996
230988	0.0007818125612
230989	0.0005760511944
230990	7.968038316e-06
230991	0.0007255115529
230992	0.000415461525
230993	0.0003159042686
230994	0.0005492916789
230995	0.0003448434391
230996	6.491436892e-05
230997	0.0001600184592
230998	0.0007066839578
230999	6.374580003e-05
231000	0.0003730314123
231001	0.0005050444569
231002	0.0006286060854
231003	0.0002834983143
231004	0.0002309128574
231005	0.0003109605598
231006	0.0001493112561
231007	0.0001125424218
231008	0.0002312685086
231009	0.0007383214916
231010	4.087698661e-05
231011	0.0004872735612
231012	0.0001687887243
231013	4.097597838e-05
231014	9.199488067e-05
231015	0.0003013421364
231016	0.0007989870656
231017	5.019390739e-06
231018	9.55205476e-05
231019	7.919115942e-05
231020	0.0006700422612
231021	3.204191345e-05
231022	0.0004498824592
231023	0.0002711477775
231024	4.276280961e-05
231025	0.0003212642829
231026	8.091360852e-05
231027	0.0003137683566
231028	0.0004638201417
231029	0.0003371422764
231030	2.539793812e-05
231031	0.0002012590572
231032	0.0002835369637
231033	0.0005136916407
231034	0.000568072397
231035	9.456572702e-05
231036	0.0001246328561
231037	0.0007409593102
231038	0.0007178290991
231039	0.0005438470799
231040	0.0005860655125
231041	0.0003475270508
231042	0.00021512911
231043	4.45155907e-05
231044	0.0007112505755
231045	7.140898928e-05
231046	0.001385292353
231047	0.0008215131435
231048	0.0003875217359
231049	0.0002582657581
231050	0.0005272834968
231051	9.846170258e-05
231052	0.0003726320229
231053	0.0008667659227
231054	0.0005841977938
231055	0.0001736730442
231056	0.000464314933
231057	0.0002314691772
231058	8.037832334e-06
231059	4.589157381e-05
231060	6.62302978e-05
231061	0.0003934265817
231062	0.0003145572296
231063	0.0006151883419
231064	0.0002652710907
231065	0.00034771867
231066	9.165937561e-06
231067	0.0004998514091
231068	5.579439782e-05
231069	0.001195210757
231070	0.0001268365032
231071	0.0002126948564
231072	0.0001575626481
231073	3.45295825e-05
231074	0.00046522837
231075	3.892850934e-05
231076	2.407722226e-05
231077	0.00043159959
231078	0.0001528358524
231079	0.0003499497663
231080	4.170240329e-05
231081	1.278375905e-05
231082	0.0001441338202
231083	4.800234436e-05
231084	0.0003911805627
231085	6.342918376e-05
231086	0.0001644642808
231087	0.0005837594169
231088	0.0002191209365
231089	0.0004413620257
231090	0.0001977952665
231091	0.0003353696084
231092	0.0003835410361
231093	2.269357835e-05
231094	0.0007186031374
231095	5.216124643e-05
231096	0.0005371810258
231097	8.505983266e-05
231098	0.0003593521977
231099	0.0003571280512
231100	0.0001724531447
231101	0.0001044582421
231102	0.0003669825485
231103	0.0005750300608
231104	8.367252245e-05
231105	0.0008882330942
231106	7.537998868e-06
231107	0.0003905939021
231108	0.0004305504841
231109	0.000497556419
231110	0.000147135995
231111	0.0001300407688
231112	0.00155435349
231113	0.001010211078
231114	0.0002523777932
231115	0.0002566070543
231116	0.0002928720107
231117	9.343401092e-05
231118	0.0003859275067
231119	0.0009177271608
231120	0.000385695226
231121	0.000638269401
231122	3.102746567e-06
231123	4.523744309e-05
231124	3.276292058e-05
231125	0.0001345244672
231126	1.879728208e-05
231127	0.0006462854897
231128	5.8610479e-06
231129	0.0002304220783
231130	7.320719351e-06
231131	0.0009996825711
231132	0.0007242359442
231133	0.000340313349
231134	4.394845432e-05
231135	2.605668035e-05
231136	8.303585812e-05
231137	0.0002110571567
231138	0.0002268029104
231139	0.0005265205002
231140	0.0003433788286
231141	0.0006248926164
231142	0.0002493575334
231143	0.0003369241739
231144	6.720812351e-05
231145	0.0006082299277
231146	0.0002626972407
231147	0.0006169156982
231148	0.001026388845
231149	0.0003992563509
231150	0.0001261986286
231151	0.0003873575441
231152	0.0001526845099
231153	5.681831552e-06
231154	0.0001273596207
231155	0.0002170128279
231156	1.620846191e-05
231157	0.0002152584146
231158	0.0004643804471
231159	0.0001007049165
231160	0.0002699912161
231161	0.0006335556725
231162	0.0001912756622
231163	0.0002592690993
231164	1.042927949e-05
231165	0.0006813812126
231166	0.0002477610039
231167	0.0001942921491
231168	2.261758513e-05
231169	0.0004425692225
231170	1.668377374e-05
231171	0.0004529794609
231172	3.316439979e-07
231173	0.0001367553071
231174	0.0002547653046
231175	0.0007231332943
231176	1.135176221e-05
231177	0.0003716973679
231178	0.0002218310694
231179	0.0003646574254
231180	0.0005481732841
231181	0.0002991300724
231182	0.0003718898849
231183	0.0003104895349
231184	0.0005456450096
231185	0.0001179784096
231186	0.0001647818499
231187	0.00123397107
231188	8.562433661e-05
231189	0.0006335121819
231190	0.0001429896207
231191	7.748852103e-05
231192	0.000156647225
231193	0.0001254127147
231194	0.0001137434213
231195	0.0001756449708
231196	0.00109811107
231197	0.0007358870436
231198	0.0002455034081
231199	0.0008555396828
231200	7.657480255e-05
231201	0.0003229390569
231202	0.0001508602667
231203	0.0003570370859
231204	0.0008487193751
231205	0.000140661004
231206	0.0008344142356
231207	9.540638307e-05
231208	9.790871546e-05
231209	6.826202369e-06
231210	6.978652934e-05
231211	1.555579084e-05
231212	0.0002578393432
231213	0.0005443215188
231214	7.358342508e-05
231215	1.40213956e-05
231216	1.953751104e-05
231217	0.0008840178214
231218	0.0004130100292
231219	6.987160577e-05
231220	4.615349423e-05
231221	4.584618393e-06
231222	0.0003287155504
231223	0.0002251082546
231224	0.0001642021696
231225	0.0002528284252
231226	0.0007853890527
231227	2.077604567e-05
231228	0.0001961612503
231229	0.0002828783179
231230	0.0001725506315
231231	2.847074625e-05
231232	0.001161363466
231233	0.0005419623635
231234	0.0001134707641
231235	0.0002190294614
231236	0.0001480323567
231237	0.0001703032047
231238	0.0005848059861
231239	0.0006280997724
231240	0.000261715948
231241	0.0001369525079
231242	0.0001296963116
231243	0.0001004754816
231244	0.0002831930426
231245	0.00032513674
231246	6.637052906e-05
231247	0.0005988017045
231248	0.0002327214143
231249	0.0002320492911
231250	0.0002818207247
231251	0.0003501018193
231252	0.0006767081739
231253	0.0002382872027
231254	3.406554608e-05
231255	0.000406589725
231256	0.0005658324605
231257	0.0005327531458
231258	0.0009679661305
231259	0.0003153902409
231260	0.0003679832939
231261	0.000586355738
231262	0.001173246133
231263	0.0002346009168
231264	0.000747218405
231265	0.000212723
231266	0.0004284343452
231267	0.0002485452941
231268	0.0002324905703
231269	0.0001416797778
231270	0.0002592568656
231271	0.0004833040294
231272	0.0007149581727
231273	0.0005364061573
231274	6.662300649e-05
231275	2.119970263e-05
231276	6.879504472e-05
231277	0.0006302480471
231278	0.0003219098208
231279	0.0002579055971
231280	0.0004162287445
231281	0.0002098927577
231282	0.0001072219776
231283	0.0003597007998
231284	0.0005388119821
231285	2.772097081e-05
231286	0.0001511313126
231287	0.0001241773323
231288	0.0001237596913
231289	0.0006438406601
231290	0.0001655158836
231291	0.0005104726138
231292	1.843289968e-05
231293	6.13717656e-05
231294	0.0008131769564
231295	0.0001004172871
231296	2.304927696e-05
231297	0.0007109902409
231298	0.0006008156658
231299	0.0002291034367
231300	0.0008097389812
231301	0.0002806828361
231302	1.121370714e-05
231303	0.0008713138681
231304	2.884116985e-05
231305	0.0007544625447
231306	0.0006484853103
231307	0.0003091924809
231308	0.0005149970918
231309	0.0004184183306
231310	0.0002776465339
231311	0.0004573957944
231312	0.0004664903819
231313	0.0001678958454
231314	0.001360400643
231315	0.0001865987246
231316	0.0007199363773
231317	0.0003100389756
231318	0.0009183209605
231319	0.0007372003643
231320	0.0005578817781
231321	0.0001090635157
231322	0.001122842889
231323	1.470044498e-05
231324	0.000250077044
231325	0.0001006120706
231326	0.0001794258838
231327	0.0001556135904
231328	0.0006118744241
231329	0.0004264634062
231330	0.0002358733064
231331	1.471495949e-05
231332	0.0001464562598
231333	0.0006953731486
231334	0.0001959303312
231335	0.0002124325065
231336	8.814451879e-05
231337	0.0006386089669
231338	0.0004114838887
231339	0.0001388658826
231340	6.921450622e-05
231341	0.0007331347459
231342	0.0003160505853
231343	0.0001477594994
231344	0.000493376966
231345	0.0004888303376
231346	0.0003869407326
231347	0.000681141574
231348	0.0002438268447
231349	0.0002222373441
231350	0.0005089573759
231351	0.0001703624068
231352	0.0001303045105
231353	0.0001578100526
231354	0.0006474151394
231355	0.0001436535705
231356	0.0005362142329
231357	7.942444981e-05
231358	0.0001094954142
231359	5.619976811e-05
231360	0.0003505767042
231361	0.0006337394005
231362	0.0006533833281
231363	0.000810414984
231364	0.0001485016786
231365	0.0002002367956
231366	0.00076525248
231367	0.0003055385009
231368	4.573576093e-05
231369	0.0003568356193
231370	9.354994096e-05
231371	5.724396487e-05
231372	0.0006138304562
231373	0.0004387598576
231374	6.216919228e-05
231375	0.0003876188555
231376	2.914058138e-05
231377	6.783673499e-05
231378	0.0006340770704
231379	0.0009881687384
231380	5.327724155e-05
231381	0.0005586927248
231382	2.524531585e-05
231383	0.0002249056904
231384	0.0001925653119
231385	0.0005853510709
231386	0.0001884522311
231387	0.0002616252676
231388	0.0002095752923
231389	0.0003169747494
231390	0.0004053645499
231391	0.0002196116524
231392	0.0003364221599
231393	0.00136849413
231394	8.113508947e-05
231395	0.0002601831709
231396	2.483799361e-05
231397	0.0006290956232
231398	0.00117798359
231399	2.778397456e-05
231400	3.644525211e-06
231401	0.0001831745447
231402	1.031731219e-05
231403	0.0001776072648
231404	0.0001089346503
231405	0.0008185847645
231406	0.00101978793
231407	0.0003251474026
231408	0.0004222500027
231409	0.0002959285436
231410	0.0001656501346
231411	0.0001671016259
231412	0.0002189631998
231413	0.0009571292218
231414	0.0003285418666
231415	0.0002683242969
231416	0.0001824449082
231417	0.0002085411027
231418	2.301148649e-06
231419	0.000245670641
231420	0.0001769896394
231421	7.643595684e-05
231422	0.0002332571236
231423	2.39666334e-05
231424	0.0002455775741
231425	0.0006657357408
231426	0.0001210868517
231427	0.0004806592566
231428	0.000483367843
231429	0.0009209302721
231430	0.0005630138087
231431	0.0003113412457
231432	6.433725731e-05
231433	0.0003714576796
231434	0.0004760960813
231435	0.0002373358856
231436	0.0001486701246
231437	0.0002782272916
231438	0.001450749167
231439	0.0006865071631
231440	0.0004675403877
231441	0.000369396573
231442	0.0001693076351
231443	5.364757951e-05
231444	0.0004647807059
231445	0.0003451776707
231446	3.109418293e-05
231447	0.0005389756245
231448	0.0003230600332
231449	0.0001668656756
231450	0.0001594593409
231451	1.603394509e-05
231452	5.418183039e-05
231453	8.533024557e-05
231454	0.0006386647292
231455	0.000152118044
231456	8.960743244e-05
231457	3.229199115e-05
231458	0.0007267738767
231459	0.0007476359271
231460	0.0001037992868
231461	9.099184396e-05
231462	0.0002261572512
231463	0.0005127753589
231464	0.0007556488164
231465	1.106082306e-05
231466	0.0008266824555
231467	0.0001686263592
231468	0.0003291742724
231469	0.000455792972
231470	7.314557429e-05
231471	0.000669148864
231472	0.0001143892193
231473	0.0004647125114
231474	6.811403979e-05
231475	0.0001763091697
231476	6.838907661e-05
231477	0.0004370359076
231478	0.000861691752
231479	0.0001951900313
231480	0.0004110030883
231481	0.0002917028392
231482	0.0003990103462
231483	0.0002634033234
231484	0.00015689241
231485	6.030879144e-05
231486	0.0007813093322
231487	0.0003435509505
231488	0.0004760622099
231489	0.001312540861
231490	3.375865574e-05
231491	0.0004362344781
231492	0.0005435490094
231493	0.0006852735418
231494	0.000455057554
231495	0.0004642707394
231496	0.0004633480386
231497	0.0006824550404
231498	0.0006377801951
231499	0.0001971482959
231500	0.0005115510924
231501	0.0002793356316
231502	0.0004811699122
231503	0.0001186643937
231504	8.899455872e-05
231505	1.621157793e-05
231506	3.641522983e-05
231507	0.0002550641242
231508	0.0005134404938
231509	0.0001186248482
231510	0.001413799037
231511	1.400598455e-05
231512	6.445783776e-05
231513	0.0006045105377
231514	0.005699677329
231515	0.001022173247
231516	0.002750347061
231517	0.002175033653
231518	0.00422273126
231519	0.007940016945
231520	0.0004329748415
231521	0.0006255007704
231522	0.003938758995
231523	0.002296340776
231524	0.0005527087297
231525	0.0007061545
231526	0.001679902507
231527	0.001462323944
231528	0.001206627464
231529	0.00129074904
231530	0.003991971957
231531	0.003048224587
231532	0.006274519057
231533	0.004130298221
231534	0.00192165997
231535	0.008848054211
231536	2.664830757e-05
231537	0.001082907768
231538	0.002853252808
231539	0.0001490097116
231540	0.002697925531
231541	0.0007740821786
231542	0.004251826085
231543	0.001716230544
231544	0.002374228104
231545	0.00314495812
231546	0.001358094446
231547	0.0009603730744
231548	0.002089573673
231549	0.002196460002
231550	0.001671225034
231551	9.023325824e-05
231552	0.001369946674
231553	0.000182434252
231554	0.001461565972
231555	0.002846612857
231556	0.001001767637
231557	0.001952227643
231558	2.989636447e-05
231559	0.001834867806
231560	0.000651581736
231561	0.001193607109
231562	0.0004842823613
231563	0.002931566678
231564	0.002180918021
231565	0.0009546586988
231566	0.0007824799415
231567	0.000262514965
231568	0.0008318827137
231569	0.001223429804
231570	0.001288728312
231571	0.00492648609
231572	0.001174868799
231573	0.0004034853027
231574	0.002876280908
231575	0.001904969446
231576	0.001627717834
231577	0.003273832413
231578	0.007655038088
231579	0.0004639492368
231580	0.004961037977
231581	0.001546573301
231582	0.001549422465
231583	0.002450615459
231584	0.003347002508
231585	0.001248165638
231586	0.003258317614
231587	0.001852292665
231588	0.0002750541584
231589	0.0008116313101
231590	0.002530645814
231591	0.001335747408
231592	0.0001891889784
231593	0.00191550099
231594	0.000613187292
231595	0.001906160478
231596	0.001007643755
231597	0.001080028735
231598	0.0001617644445
231599	0.001405069309
231600	3.284949403e-07
231601	0.001444455866
231602	0.002979742538
231603	0.002883342622
231604	0.000722635586
231605	0.001204965257
231606	0.0005949314503
231607	0.001554745551
231608	0.001944866859
231609	0.0003334292427
231610	0.001064961857
231611	0.003013653427
231612	0.003811993799
231613	0.0001422674581
231614	0.003194815464
231615	0.0008891211077
231616	0.003346820135
231617	0.002256415081
231618	0.0001556278527
231619	0.0004671913878
231620	0.0003045977183
231621	0.0008991573118
231622	0.0009766622466
231623	0.0004198122692
231624	0.0009280852278
231625	0.0008505533213
231626	0.0002170374591
231627	0.000848998658
231628	0.0009020228937
231629	0.001096113791
231630	0.0006438649379
231631	8.553337009e-05
231632	0.001403093664
231633	0.0007632830359
231634	0.001349874473
231635	0.00190198136
231636	0.002872051489
231637	0.0006113374271
231638	0.003352865047
231639	0.003892452585
231640	0.001917112966
231641	2.537904836e-07
231642	0.0009141914012
231643	0.000943498304
231644	0.003486043214
231645	0.000409168846
231646	0.0006805962961
231647	2.499620031e-05
231648	0.004332048312
231649	0.001832351539
231650	0.005588394812
231651	0.002678578354
231652	0.006606310098
231653	0.000425236508
231654	0.0002779059143
231655	0.006362185828
231656	0.006215262056
231657	0.0005740979057
231658	9.19334945e-05
231659	0.0001184946865
231660	0.001910937633
231661	0.001626729987
231662	0.0009018368331
231663	0.0002995224969
231664	0.0008678523138
231665	0.001294137034
231666	0.0004962626798
231667	0.0006286729586
231668	0.0007942883348
231669	2.435241673e-05
231670	0.001543410568
231671	0.002246195646
231672	0.001098186058
231673	0.0006226412065
231674	4.446805226e-05
231675	0.000824446123
231676	2.759696251e-05
231677	0.0006006369811
231678	0.003828408544
231679	0.001613279548
231680	0.001213419151
231681	2.847149796e-05
231682	0.0005844341669
231683	0.001553241062
231684	0.002119150766
231685	0.0009076204358
231686	0.0006117726411
231687	0.001187870358
231688	0.000860733899
231689	0.0001372912682
231690	0.000265400028
231691	0.00239423849
231692	0.0006457222079
231693	0.0005342249522
231694	0.0009154673092
231695	0.002208947457
231696	0.001724765459
231697	0.001834896391
231698	0.0004638342892
231699	0.0002326043678
231700	0.0023991061
231701	0.0003898303498
231702	0.001563323066
231703	0.001489153117
231704	3.973929862e-05
231705	0.0009120834935
231706	0.00153150068
231707	0.001491949974
231708	0.0004381582962
231709	0.001396300611
231710	0.001558274685
231711	0.001784935237
231712	0.001065158038
231713	0.0002235379347
231714	0.001674097341
231715	0.0003877960017
231716	0.003022489895
231717	0.0002430673068
231718	0.0002961414755
231719	0.0003552689443
231720	0.0006449987095
231721	0.000277697252
231722	0.0007869183644
231723	0.0006486026216
231724	0.000725372202
231725	0.0003386613928
231726	0.000404201587
231727	0.0005851576337
231728	0.0006816368562
231729	0.0002972619379
231730	0.0002802168177
231731	7.245779204e-05
231732	0.0001314067126
231733	0.0002558487832
231734	6.238339729e-05
231735	0.0005099014431
231736	0.0001368658732
231737	0.0007592008745
231738	0.0001067706943
231739	0.0005548231734
231740	0.0001948738404
231741	0.0001501969602
231742	0.0006251570922
231743	0.001053424612
231744	0
231745	0.0005492956739
231746	0.0006512806087
231747	0.0002284549299
231748	0.000419040185
231749	0.0005316308566
231750	0.0002310869696
231751	0.0003758596828
231752	0.0004403595368
231753	0.001174647731
231754	3.067388538e-05
231755	0.0002763224754
231756	0.001110763565
231757	0.0005656656299
231758	0.001169185479
231759	5.669399546e-05
231760	0.0004368350212
231761	0.000406417122
231762	0.0002214341127
231763	0.0009092058577
231764	0.0005573522366
231765	0.002144589394
231766	0.002978582818
231767	0.002272778403
231768	0.0002863471413
231769	0.0002870220397
231770	9.204388789e-05
231771	0.0003782327171
231772	5.863788146e-08
231773	0.0002866508711
231774	1.138987102e-07
231775	0.0003790810732
231776	0.0003794288071
231777	4.066787836e-07
231778	3.992083392e-07
231779	0.0003611224943
231780	6.011479172e-06
231781	5.764622255e-05
231782	0.008066576887
231783	0.000224764575
231784	0.0008191633745
231785	0.0008497860146
231786	0.0003678625666
231787	0.0009739082548
231788	0.0001602241654
231789	0.0006667989482
231790	9.86758429e-05
231791	0.001136994678
231792	0.0006356715217
231793	0.001399560664
231794	0.0002621922901
231795	0.0002039311029
231796	0.0001701583649
231797	0.001264184126
231798	0.002513231887
231799	0.001462299978
231800	0.0008088482757
231801	0.003827583556
231802	0.001788899556
231803	0.00293644381
231804	0.0005378198691
231805	0.0002875855581
231806	0.0008489013713
231807	0.001893384779
231808	0.007001339045
231809	0.001912002393
231810	0.006671820595
231811	0.002119265478
231812	0.002763360495
231813	0.004253495806
231814	0.0004029457929
231815	0.001139270917
231816	0.002191142915
231817	0.001078515769
231818	0.002848637366
231819	0.002560826004
231820	0.003155932623
231821	0.0006712201566
231822	0.001331138284
231823	0.0009895974757
231824	0.0003659611943
231825	0.004651831799
231826	0.001045465707
231827	0.0004869554275
231828	0.007484278922
231829	0.005016373557
231830	0.001038388192
231831	0.001436313199
231832	0.007086178075
231833	0.003862033483
231834	0.001575330663
231835	0.0007181778315
231836	0.00154595171
231837	0.00266300702
231838	0.005707578877
231839	0.0009715555707
231840	0.003082433549
231841	0.00143702784
231842	0.003776819673
231843	0.0006806396505
231844	0.0008076630308
231845	0.00177948182
231846	0.0001868834774
231847	0.002033753832
231848	0.001718666206
231849	0.003696311237
231850	0.0003393310477
231851	0.001533732485
231852	0.001709204856
231853	0.0009516429817
231854	0.00370911079
231855	0.0003091120172
231856	0.001935857149
231857	0.001251103844
231858	0.003270374927
231859	0.004652952129
231860	0.0003371153184
231861	0.001200254501
231862	0.0001476695124
231863	0.004504620779
231864	0.001103707504
231865	0.0007562606548
231866	0.001015180713
231867	0.003081447745
231868	0.0003434974752
231869	0.0007310422445
231870	0.006953724496
231871	0.00281456721
231872	0.005946340646
231873	0.003178599184
231874	0.001211241557
231875	0.002336978113
231876	0.0004904847677
231877	0.001888405194
231878	0.004216803031
231879	0.001580513342
231880	0.007931158662
231881	0.0008686091284
231882	0.001155380686
231883	0.002460465799
231884	0.001725737472
231885	0.005042211209
231886	0.001033767409
231887	0.0001715950797
231888	0.002926952362
231889	0.001179693225
231890	0.007771235263
231891	0.005215077226
231892	0.003521646022
231893	0.0009141903479
231894	0.002091723944
231895	0.001998682188
231896	0.0008495194165
231897	0.005448650046
231898	0.003796326748
231899	0.0001830731995
231900	0.002663507491
231901	0.003666784522
231902	0.002812770775
231903	0.004657432159
231904	0.000561335677
231905	0.002607984479
231906	0.0006002891624
231907	0.001054805997
231908	0.003357172209
231909	0.00196682661
231910	0.001454371591
231911	0.0009756541169
231912	0.002286916505
231913	0.001319182337
231914	0.003852041028
231915	0.002214690402
231916	0.002442803649
231917	0.00488255497
231918	0.0009214081725
231919	0.003403404846
231920	0.001659219177
231921	0.0006791533865
231922	0.001509560767
231923	0.008218392771
231924	0.001360340464
231925	0.003122484133
231926	0.0006354547041
231927	0.0001249666596
231928	0.002633288553
231929	0.0007946398567
231930	0.001345296567
231931	0.001696920991
231932	0.00272068404
231933	0.003590187622
231934	0.005486537818
231935	0.0004009727865
231936	0.0008498087211
231937	0.003958103855
231938	0.001332445538
231939	2.882274232e-06
231940	0.001722897383
231941	0.001799104269
231942	0.00142590807
231943	0.002935346401
231944	0.00105934646
231945	0.000605715185
231946	0.001824057697
231947	0.003206922997
231948	0.002417720726
231949	0.0008966158159
231950	0.002058393791
231951	0.002168625204
231952	0.003242636198
231953	0.005040645056
231954	0.001118942821
231955	0.0009079200111
231956	0.0004317562548
231957	0.003439305219
231958	0.000744460584
231959	0.000275341249
231960	0.0031934061
231961	0.0006166468283
231962	0.0004300602768
231963	0.0002449096469
231964	0.0001082010824
231965	0.0006117173734
231966	9.540112956e-05
231967	0.0002855719583
231968	0.0002475928001
231969	0.001207570362
231970	0.0005594198123
231971	0.001024056556
231972	0.0007570237967
231973	0.0006170219856
231974	0.0009362639141
231975	0.0002766276793
231976	0.0006784232653
231977	0.0007534106699
231978	0.0009433153748
231979	0.0002393219784
231980	2.317866921e-05
231981	1.030500147e-05
231982	0.0002374482275
231983	1.510457384e-05
231984	0.0001293316747
231985	2.57327431e-05
231986	2.863751862e-05
231987	0.0001255019939
231988	0.0003351834819
231989	0.0002506798513
231990	0.0003172488555
231991	0.0004855079668
231992	7.710972674e-05
231993	7.992038613e-05
231994	0.001193524695
231995	8.948030099e-05
231996	0.0001032798008
231997	6.901284168e-05
231998	4.436721665e-05
231999	8.470108196e-05
232000	0.0003623169334
232001	0.0005546665159
232002	0.000764770084
232003	0.000717909408
232004	0.0005190074165
232005	0.00105848487
232006	6.663870937e-05
232007	0.0005269650038
232008	0.0002443078294
232009	0.0003442977384
232010	0.0005219586504
232011	4.406770816e-05
232012	0.0005999679813
232013	0.0005125641948
232014	0.0001207589276
232015	4.979707057e-05
232016	0.0004580666326
232017	0.0002355561673
232018	0.0003525268497
232019	0.0005326904231
232020	0.00042569489
232021	0.0008640665841
232022	0.0001593433029
232023	0.001303474778
232024	0.0006736038844
232025	0.0004384513704
232026	2.716462315e-05
232027	0.0003938751727
232028	0.0006483910637
232029	0.000672047136
232030	0.0009184885208
232031	0.0005333146173
232032	9.987637346e-05
232033	1.231724182e-06
232034	0.0006323031032
232035	0.0002040877674
232036	0.000673295182
232037	0.0003403276406
232038	0.0001245766244
232039	0.000514413588
232040	0.0008812924786
232041	7.139547238e-05
232042	0.0009161599599
232043	0.0008564518908
232044	0.0005416638688
232045	0.0003645368186
232046	0.0009953336218
232047	4.896988665e-05
232048	0.000239217311
232049	0.0008225791525
232050	0.0003496531124
232051	2.492217152e-05
232052	0.0003620898752
232053	0.0001735380322
232054	7.637793219e-05
232055	0.0001054353558
232056	0.0009325747378
232057	9.048674116e-05
232058	0.0006069135731
232059	0.0006844542592
232060	8.947648464e-05
232061	0.001199989043
232062	0.0002486858057
232063	0.0007574714921
232064	3.61379859e-05
232065	0.000487086006
232066	0.0007371759833
232067	0.0001923379933
232068	0.0007675825684
232069	0.0002544142674
232070	0.0002025620318
232071	0.0007988251911
232072	0.000437265345
232073	0.0006846167423
232074	0.0006672352443
232075	0.000301604103
232076	0.0001767063126
232077	0.0001550958837
232078	0.0003719950614
232079	2.291509092e-05
232080	0.0002446177853
232081	0.0005915789803
232082	0.0004700225932
232083	0.0006380716737
232084	0.0001311678739
232085	0.0002244192816
232086	0.0001680649632
232087	0.0005175838849
232088	0.0001745972833
232089	3.129549181e-06
232090	0.0005328477294
232091	0.0006377372869
232092	0.0001882613942
232093	0.001441022736
232094	5.047494809e-05
232095	0.0001752350853
232096	0.0007386392437
232097	1.540444648e-05
232098	0.0003243153802
232099	0.0006367510934
232100	0.0003154362098
232101	0.0001644393318
232102	0.0003811626812
232103	0.0001879760883
232104	0.001024785637
232105	0.0003200011616
232106	0.0002204256451
232107	7.745404938e-05
232108	0.0001279815694
232109	0.0003177233013
232110	0.0003157354612
232111	0.0003055207844
232112	0.0007982396514
232113	8.657748426e-05
232114	0.0003969912661
232115	0.0006294242601
232116	0.0003552205186
232117	0.0004195998613
232118	0.0005054991924
232119	0.001056714228
232120	0.0002551237549
232121	0.0001524871586
232122	0.0007032155645
232123	0.0002988609158
232124	0.0003289166192
232125	0.000158318905
232126	2.464989218e-05
232127	7.238516011e-05
232128	0.0006329690334
232129	0.000262973335
232130	4.686612696e-05
232131	0.000501813995
232132	7.799074848e-05
232133	0.0001371422252
232134	0.0004757292008
232135	4.072876877e-05
232136	0.0005146731506
232137	0.0001891195339
232138	3.431590505e-05
232139	0.0005656009646
232140	0.0001051951845
232141	0.0001147952254
232142	7.229158913e-05
232143	0.0007104529743
232144	9.468462745e-05
232145	0.0008332424231
232146	0.000342161223
232147	0.0001275477021
232148	0.0001248863595
232149	5.34113828e-05
232150	0.0005845115528
232151	0.000592549783
232152	0.0006560529378
232153	0.0008547505167
232154	0.0004658128701
232155	0.0002691946334
232156	0.0002103011375
232157	0.0007344042575
232158	0.0001432222074
232159	0.0006582069825
232160	0.000588181175
232161	0.000202647318
232162	0.0009512574405
232163	0.0001309737981
232164	0.001685812119
232165	0.0007440367102
232166	0.0003579993069
232167	0.0002397365696
232168	0.001330426552
232169	0.0003413967041
232170	0.0001844366171
232171	0.0009934985823
232172	0.001260925665
232173	0.0003659313438
232174	0.0001101294699
232175	0.0002835448307
232176	0.0004045624035
232177	0.0002500586545
232178	0.0001299450645
232179	7.722203359e-05
232180	0.0001036889893
232181	0.0006043905646
232182	0.0003556147983
232183	0.0006305914777
232184	0.0003214238123
232185	3.054557925e-05
232186	0.0004518069012
232187	8.928099658e-05
232188	0.000254856873
232189	0.0002454649315
232190	0.0002418523951
232191	0.000609255265
232192	0.0001703899985
232193	0.0008348178264
232194	0.0001567272857
232195	0.0004037064702
232196	2.094926077e-05
232197	0.0006573596444
232198	0.001303713506
232199	0.0002888536732
232200	3.842694962e-05
232201	0.001036459067
232202	0.001109034757
232203	0.0008738467667
232204	0.0002211185524
232205	0.0002330871126
232206	0.0001625133148
232207	9.483103473e-06
232208	0.00036916563
232209	9.214294492e-05
232210	0.0001904685415
232211	0.0007808024857
232212	8.769754751e-05
232213	0.0008433176017
232214	0.0002547018394
232215	0.0005227090471
232216	0.0008052242633
232217	0.0005831959646
232218	0.0001611828512
232219	0.0006789661576
232220	0.0005791957087
232221	0.00109115126
232222	0.0004645659911
232223	0.0001896990931
232224	0.000989789501
232225	0.0004617750918
232226	0.0004399270426
232227	0.0003197720505
232228	0.0002874364266
232229	0.000814131615
232230	2.25099193e-05
232231	0.0006092094941
232232	0.000457472626
232233	0.0002874653025
232234	0.0005897267252
232235	0.0001326918836
232236	0.0003787433888
232237	0.0001110336057
232238	0.0005254679018
232239	7.822927751e-05
232240	0.0006077785627
232241	0.0007070019652
232242	0.0005332246232
232243	0.0001370695623
232244	0.000294340738
232245	0.0001882868631
232246	0.0003179842886
232247	0.0008196762732
232248	8.257295704e-05
232249	0.0003313868009
232250	0.0005089459113
232251	0.0001735317902
232252	0.0006212130645
232253	0.0001639910656
232254	0.0007825876429
232255	0.0002074306166
232256	0.0008397396522
232257	0.0002130870552
232258	0.0006163640107
232259	0.0002932379995
232260	0.0003766982842
232261	0.0002303302947
232262	0.0003291898749
232263	0.0001834115113
232264	0.001334598626
232265	6.416566397e-05
232266	0.0006612054152
232267	9.250883991e-05
232268	0.0002445811467
232269	0.000284371201
232270	1.108508623e-05
232271	0.0003416461904
232272	0.0001909974937
232273	0.001629334181
232274	0.0007079408549
232275	0.0002787459396
232276	0.0002811692295
232277	0.0002895243885
232278	0.0002940412313
232279	0.0004496983538
232280	0.0004648581358
232281	0.001063862638
232282	0.0003088664804
232283	0.0009812246424
232284	0.0008937331898
232285	0.0003476472357
232286	0.0001891766706
232287	0.0002051907427
232288	0.0002207793814
232289	0.0004577082922
232290	0.0001984080831
232291	7.384899835e-05
232292	0.0001972558262
232293	0.0005330594972
232294	0.0003442327848
232295	9.188415616e-05
232296	0.0003308157072
232297	8.026854299e-05
232298	0.0002420492078
232299	0.0002965099956
232300	0.000144663199
232301	0.0002277050932
232302	0.0004528223227
232303	0.0004132828579
232304	1.111008997e-06
232305	0.000604572712
232306	0.000143124302
232307	0.0004952115309
232308	0.000330119109
232309	0.0004154332575
232310	0.0002715442663
232311	0.0001950313782
232312	3.438182892e-06
232313	0.0001706060936
232314	0.0004461502875
232315	0.001096604402
232316	0.000102026363
232317	0.0001207784199
232318	0.0006589554384
232319	0.0001321586441
232320	0.0002620759365
232321	6.087780908e-05
232322	0.0005918049933
232323	0.0003578805214
232324	9.299989762e-05
232325	9.314107939e-05
232326	0.0002397781984
232327	0.0001114379802
232328	0.0002682943023
232329	0.0007697750452
232330	0.0007070163807
232331	0.0002959051531
232332	0.0001248642643
232333	7.516893225e-06
232334	0.0003974853332
232335	2.648213191e-05
232336	0.000650655796
232337	5.697401052e-05
232338	0.0007667976685
232339	0.0001949555847
232340	4.513998453e-05
232341	0.0008278779107
232342	0.0004808183743
232343	0.000246507421
232344	3.319829004e-05
232345	0.0001021929453
232346	0.0004406360389
232347	0.0001827669839
232348	0.0001799138023
232349	0.0001683718292
232350	0.0001056722129
232351	0.0005133953034
232352	0.0007803764391
232353	0.0001324227297
232354	1.231468805e-05
232355	0.0006591143892
232356	0.0003366605821
232357	0.0001913584332
232358	0.0003228395148
232359	0.0002059593567
232360	6.582276142e-05
232361	0.0004806396847
232362	0.000165671011
232363	0.0003421640679
232364	0.0004625210487
232365	0.0008016402412
232366	0.0007462915403
232367	0.001164557932
232368	0.0004820734313
232369	1.419178459e-05
232370	0.001420165229
232371	0.0005170024659
232372	0.0002079809724
232373	0.0001396924761
232374	0.0009827454144
232375	0.0002000324375
232376	0.001105020156
232377	2.05876049e-05
232378	3.061221623e-05
232379	0.001405183185
232380	0.0009644488288
232381	0.001131454737
232382	3.794574888e-05
232383	6.521653321e-06
232384	0.0009112654425
232385	0.0001691595658
232386	0.0002301814115
232387	0.0001403134029
232388	9.10393383e-05
232389	3.668131189e-05
232390	0.0001692387389
232391	8.239408713e-05
232392	0.0009000096346
232393	2.378331751e-05
232394	5.001186664e-05
232395	0.0001766528707
232396	2.274763084e-05
232397	0.0001667324987
232398	0.000241293344
232399	6.735999937e-05
232400	0.0003377478671
232401	0.0002847847594
232402	0.000172078108
232403	0.0006629498717
232404	0.000437310752
232405	0.0002814109787
232406	9.508979704e-05
232407	0.0007242330531
232408	0.0006269048057
232409	0.0002256290991
232410	5.62054102e-05
232411	3.228490645e-05
232412	0.0001284919119
232413	5.913640049e-05
232414	0.0002708940291
232415	0.0002954278035
232416	0.0006378747145
232417	0.0008549936159
232418	0.0001688265547
232419	4.426742216e-05
232420	0.001264679599
232421	0.0003363963754
232422	0.0001641694598
232423	0.000109150136
232424	0.0001983091625
232425	0.0004859655988
232426	0.0003385459869
232427	0.0004234881471
232428	0.0004293567897
232429	0.0006298407887
232430	0.0007314530997
232431	0.0002922879266
232432	1.875291149e-05
232433	0.0003488391208
232434	0.0005048402361
232435	9.263153146e-05
232436	3.651870424e-05
232437	0.000117269656
232438	0.0004875855007
232439	0.0002864077222
232440	0.0007075505059
232441	0.0004401555301
232442	4.109022256e-05
232443	0.0004278377226
232444	0.0002049212875
232445	0.0008197373627
232446	8.530514899e-06
232447	0.0001944749631
232448	5.688851657e-05
232449	0.0001245794025
232450	0.000362369331
232451	0.0001484048001
232452	0.0001322730513
232453	0.0001070455355
232454	0.001166064292
232455	0.001208587253
232456	0.0004401667029
232457	0.0002011472233
232458	0.0006221829719
232459	0.0001395298065
232460	3.130073472e-06
232461	0.0002711184104
232462	0.0003894499311
232463	0.0001571469585
232464	0.0002072202159
232465	0.0006857731858
232466	0.0001901045857
232467	0.0003621347317
232468	0.0002873631635
232469	0.0009648131031
232470	0.0001677629822
232471	0.0005157594619
232472	0.0006194627426
232473	7.905448014e-05
232474	0.0004642303576
232475	8.077428949e-05
232476	0.0001390636297
232477	0.0009971768462
232478	0.0004807255721
232479	4.90126951e-05
232480	0.0001618310337
232481	0.0004754956128
232482	0.0004855620858
232483	0.00053901128
232484	0.0001654881555
232485	0.0001301859998
232486	9.231265438e-05
232487	0.0001167195922
232488	0.000531461153
232489	0.0004442259579
232490	0.0001838930898
232491	0.0008019233889
232492	0.0003809005639
232493	0.0001294015938
232494	0.0002231656618
232495	0.001044556301
232496	0.001390412848
232497	0.0003430433136
232498	0.0001007243808
232499	6.270598411e-05
232500	4.498733585e-06
232501	0.0006222313316
232502	4.505535381e-05
232503	0.0009076585156
232504	0.0002203551852
232505	0.0004166098427
232506	0.0001665891165
232507	0.0007706026291
232508	0.000159111172
232509	7.401029394e-05
232510	0.0007631220924
232511	0.0006620829943
232512	0.0006679801337
232513	9.453176886e-06
232514	0.0001628577283
232515	0.0007316476035
232516	0.0001459967634
232517	0.0001098711734
232518	0.0001477861365
232519	0.0001494411696
232520	0.0004283850562
232521	0.0009387704018
232522	0.0008052381871
232523	0.0009908118563
232524	0.001284682213
232525	7.242763404e-05
232526	0.0003099608161
232527	1.623572674e-05
232528	0.0002147921175
232529	0.0004947318002
232530	0.0004776385149
232531	3.772292822e-05
232532	0.0009327191729
232533	0.0008168812932
232534	1.174259544e-05
232535	9.9152951e-05
232536	0.0007746144542
232537	0.0004880501325
232538	0.0005459931987
232539	0.000806529781
232540	0.0005108243272
232541	0.0006807008479
232542	0.0004819361457
232543	3.658775699e-05
232544	0.0003402729281
232545	4.909425918e-05
232546	7.360414851e-05
232547	3.300829784e-06
232548	7.12006277e-05
232549	0.0003060526385
232550	1.765824478e-05
232551	0.0002021266595
232552	0.0002548985635
232553	6.316445051e-05
232554	0.0001503092376
232555	0.0005570749535
232556	9.018291731e-05
232557	0.0001911333568
232558	0.0003722729685
232559	0.0003873242973
232560	0.0001524015408
232561	0.0002632341342
232562	0.0004353346952
232563	0.0004305899648
232564	0.0002279009542
232565	0.0002287990914
232566	0.0002972080471
232567	0.0002800981324
232568	0.0005313748111
232569	0.0002646876682
232570	0.0001050647532
232571	0.0002377523675
232572	0.0003684599641
232573	0.0006398588684
232574	0.0003031964462
232575	0.0004430429666
232576	0.0005025104053
232577	0.0006667814686
232578	0.0002776777185
232579	0.0002382200722
232580	0.0001966769886
232581	9.2729135e-05
232582	0.000383944484
232583	0.0001723852249
232584	1.935531263e-05
232585	0.0009707676563
232586	0.0005510300926
232587	0.00013234909
232588	7.858090854e-05
232589	0.000254701126
232590	0.0003171306723
232591	0.0002087999435
232592	0.0002987750589
232593	0.0002148174999
232594	0.0002079814376
232595	0.000119053801
232596	0.0004441495542
232597	2.195010436e-05
232598	0.0006113710752
232599	0.0001064517282
232600	0.0001921748592
232601	4.572060239e-05
232602	3.70072932e-05
232603	0.0003764173319
232604	0.0005296559711
232605	0.0005151406915
232606	6.931806564e-05
232607	0.000313285664
232608	0.0002875171608
232609	0.0007487302294
232610	0.0007874919972
232611	8.205506643e-05
232612	0.0003627388376
232613	0.0003921300501
232614	0.0008103047625
232615	6.369467869e-06
232616	0.0005265036664
232617	0.0003340362589
232618	0.0001641094677
232619	0.0001558115041
232620	0.0001201295517
232621	0.0004498872496
232622	0.0004131063604
232623	0.0003672938634
232624	0.0002609950904
232625	0.0005344719069
232626	0.0002370038689
232627	0.0002665935473
232628	0.0001060387013
232629	0.001167249461
232630	8.577298376e-05
232631	0.000943734017
232632	0.0007832351354
232633	0.0004457620196
232634	0.000228926893
232635	0.0003511766486
232636	0.001403776541
232637	0.0001865458192
232638	4.787681812e-05
232639	0.0009039508055
232640	0.0002035405209
232641	0.0004209182762
232642	0.0005980987674
232643	7.176638508e-05
232644	0.0002161418133
232645	0.0008636766485
232646	0.0005734059399
232647	0.0001336355574
232648	4.730606645e-06
232649	0.0004056377856
232650	0.0001548157415
232651	0.0001784100916
232652	0.0001031987632
232653	0.000302434701
232654	0.00067391327
232655	0.0001183811135
232656	0.0004759238063
232657	0.0009192362346
232658	7.371374178e-05
232659	0.0004633005011
232660	0.0003184526917
232661	3.580073086e-05
232662	0.0004876631115
232663	0.0003882305702
232664	0.0002459622152
232665	0.0006371915881
232666	0.0005821956428
232667	0.0008564253409
232668	0.0002360335
232669	0.0001762489966
232670	0.000725365294
232671	0.0002824636357
232672	0.0005125420345
232673	0.0001806429899
232674	0.0002312082341
232675	0.0003814442605
232676	0.0002547505454
232677	0.0002831444624
232678	0.0006814342401
232679	0.0002321091477
232680	0.0002027179676
232681	0.0005668020274
232682	0.0009966811801
232683	0.0001417385323
232684	0.0004593807413
232685	0.0002161891839
232686	1.240992621e-05
232687	0.0007412083962
232688	0.0001726567967
232689	0.0001408767289
232690	1.197013001e-05
232691	0.0002079729693
232692	0.001068123344
232693	1.644573382e-05
232694	0.0003046245329
232695	0.0002295492714
232696	4.077723195e-05
232697	0.0006209474392
232698	0.0003877880961
232699	0.000841643106
232700	2.740602809e-05
232701	0.0003488950593
232702	0.0004516161588
232703	0.0004229316296
232704	0.001074921875
232705	3.359224864e-05
232706	0.0001247160571
232707	0.0005520891552
232708	0.0003058296734
232709	0.0002694641977
232710	0.0003885639695
232711	0.000454232617
232712	0.0001313048907
232713	0.0004339067327
232714	0.0007640858868
232715	6.347912987e-05
232716	0.0003888400933
232717	6.810070113e-05
232718	0.0003974376509
232719	0.0006855916675
232720	0.0001267461548
232721	0.0003336737533
232722	0.001351034919
232723	6.047733438e-06
232724	0.0002521317378
232725	0.0001876676576
232726	0.0006228300281
232727	0.0004645747341
232728	0.000225754031
232729	9.679530634e-05
232730	0.0001534176112
232731	0.000340130979
232732	0.0003794285663
232733	3.006931762e-05
232734	1.074084847e-05
232735	0.000223336609
232736	0.0004169279025
232737	0.0003074128412
232738	0.0004906020386
232739	3.827410926e-05
232740	0.0004087687453
232741	0.0002320772382
232742	8.702093136e-05
232743	0.0003472852411
232744	0.0001777253658
232745	3.892133973e-05
232746	0.0007774585233
232747	0.0001255742162
232748	0.0001166120295
232749	0.000366486247
232750	0.0001405895646
232751	0.000245586516
232752	0.0002450199376
232753	0.0004068638721
232754	0.0004798897988
232755	0.0003360717438
232756	7.226895775e-05
232757	5.977756263e-05
232758	0.0002068405578
232759	0.0001653824258
232760	0.000173251127
232761	0.0005397383006
232762	0.0002460229786
232763	6.559919234e-05
232764	0.0004098700863
232765	8.1228811e-06
232766	7.73975445e-05
232767	0.0002957831496
232768	0.0002962138239
232769	0.0001033995045
232770	0.0002421146131
232771	0.0003466563619
232772	9.51760572e-05
232773	0.0006047372043
232774	0.001210810374
232775	2.192270109e-05
232776	0.000389335866
232777	0.0003943498671
232778	0.0002183925163
232779	0.0001924432212
232780	0.0002109725211
232781	0.0001807368523
232782	0.0003442756628
232783	0.0004669814126
232784	0.0002410772921
232785	0.0002207709619
232786	7.737369128e-06
232787	0.0008228360554
232788	0.0001096855115
232789	0.0006054249589
232790	0.0002997031159
232791	8.379925836e-05
232792	0.000708581042
232793	0.0001435562014
232794	0.0004012274475
232795	4.954561985e-05
232796	3.143764419e-05
232797	0.0006990108929
232798	0.000649545159
232799	0.001054475287
232800	0.0005777638304
232801	0.0001725537728
232802	0.0007186336192
232803	0.0003287372505
232804	0.0001857663562
232805	0.0002683739427
232806	0.0001059924043
232807	0.0003856394192
232808	0.0002834829107
232809	0.0002420024009
232810	0.001327247581
232811	0.0004652629584
232812	0.0002397734775
232813	0.0006227263835
232814	3.637752276e-05
232815	0.0001971364232
232816	0.0002106566738
232817	0.0001640113897
232818	0.0001562231909
232819	4.016214223e-05
232820	0.0001427511445
232821	0.0001699443288
232822	0.0006870577031
232823	0.0004055920219
232824	0.0005449491552
232825	0.0004394711044
232826	0.0006005076312
232827	0.0001368710526
232828	0.0003062433306
232829	2.530545517e-05
232830	0.0003063681533
232831	0.0005850226077
232832	0.0003811300611
232833	0.000414498253
232834	9.664942866e-05
232835	0.000477972116
232836	0.0005756923168
232837	3.201079189e-06
232838	0.0007222966802
232839	0.0003571622215
232840	0.0003146096002
232841	0.0006206525864
232842	0.0005503474288
232843	0.001978964308
232844	5.984156761e-05
232845	0.0003148073938
232846	2.49094709e-05
232847	0.0007460524339
232848	0.000130281996
232849	0.0008203395006
232850	6.361186293e-05
232851	0.0007897239425
232852	0.0009355465995
232853	0.00095318077
232854	0.0007104303715
232855	0.0003579336081
232856	0.000387914486
232857	0.0003623751804
232858	7.429982658e-05
232859	0.0001840921503
232860	6.89712297e-05
232861	0.0003782713386
232862	0.0008156167115
232863	0.0001857666979
232864	9.616813351e-05
232865	6.979002987e-05
232866	0.0003825794838
232867	0.0002982032506
232868	0.0004439424833
232869	0.0002364780296
232870	0.0004531794752
232871	0.000159818606
232872	0.0003493701758
232873	0.0001555301111
232874	0.0002422475792
232875	6.83755086e-05
232876	1.525144748e-06
232877	8.396560318e-05
232878	0.0007674591831
232879	0.000162212072
232880	0.0001575219032
232881	0.000147319279
232882	0.0002688107991
232883	0.0007267740932
232884	0.0005327077048
232885	0.000304933511
232886	0.0007590828949
232887	3.178519774e-05
232888	0.0001847762861
232889	0.0003639125744
232890	0.0006628919214
232891	0.0001348459652
232892	0.0004287238131
232893	0.0001813057036
232894	0.0004290143661
232895	0.000577478376
232896	0.0003085288374
232897	0.001218230366
232898	0.0003416633224
232899	0.00047077416
232900	0.0008759881946
232901	0.0007240203139
232902	0.0003288179351
232903	3.206623837e-05
232904	0.0001547659545
232905	0.0003290553835
232906	0.0001266533434
232907	8.088531045e-06
232908	1.13080493e-05
232909	0.0003685299666
232910	0.0002598323064
232911	0.0002029776768
232912	0.0004930636105
232913	0.0001463963081
232914	1.072033693e-05
232915	0.0001401492484
232916	0.0002591648207
232917	0.0007964596473
232918	0.0006859489717
232919	7.73880819e-05
232920	1.424777371e-05
232921	7.927097291e-05
232922	0.0001579983231
232923	0.0001155834593
232924	5.103017448e-05
232925	9.571134351e-05
232926	0.0002094548958
232927	0.0005435900179
232928	5.947760958e-05
232929	4.937463538e-05
232930	0.000391750869
232931	0.0001307989728
232932	7.317305485e-05
232933	0.0003630140334
232934	0.0003113987665
232935	0.0008627615712
232936	0.0007466006061
232937	7.493598151e-06
232938	0.0006742938117
232939	0.00107936306
232940	9.685119449e-05
232941	0.0002337859104
232942	0.0001242594541
232943	0.0003866361518
232944	0.0002593037737
232945	0.0002853860172
232946	0.000324944087
232947	4.573168425e-05
232948	0.0007413575153
232949	0.0007893731542
232950	0.0005197936285
232951	0.0002374962009
232952	0.0001519509408
232953	0.0003485392728
232954	0.0001972613704
232955	8.080441802e-05
232956	0.0003859209675
232957	0.0002017768371
232958	0.0004742203619
232959	8.030523808e-05
232960	0.0003217515827
232961	0.0002577173891
232962	0.0001069895771
232963	0.0002224075139
232964	3.109978438e-05
232965	0.0004798428256
232966	0.0004380927044
232967	0.0005120677739
232968	2.736974434e-05
232969	0.0003685020792
232970	0.0003814682943
232971	7.243613109e-05
232972	3.034509158e-05
232973	0.0005799347868
232974	0.0001458051417
232975	0.0005277288652
232976	0.0003606002055
232977	0.0001728468464
232978	0.0002561381275
232979	4.117558134e-05
232980	0.0004048069454
232981	0.0006751339597
232982	0.0004429727241
232983	0.0003373596579
232984	0.0001626939495
232985	0.0001783760012
232986	0.0009104571197
232987	0.0005802120554
232988	0.0005004479264
232989	0.001143667873
232990	0.0004511777822
232991	0.0002029487888
232992	0.0002978543155
232993	0.00041401302
232994	0.0005022719687
232995	0.0007220163665
232996	0.0003653088257
232997	0.00022464214
232998	0.0004021041719
232999	4.014563199e-05
233000	0.0002718460741
233001	0.0003051677034
233002	0.0003659149547
233003	0.0002000928866
233004	0.0008190911942
233005	0.0001622761658
233006	0.0003711254054
233007	0.0003171960112
233008	0.0006862714234
233009	0.0004939251947
233010	6.169578353e-06
233011	0.0002430155089
233012	0.0001345563575
233013	0.0003233338214
233014	0.0004093466775
233015	0.0002345826318
233016	0.000200632214
233017	0.000347576145
233018	0.0003786591671
233019	3.107423418e-05
233020	7.798201375e-05
233021	7.101050421e-06
233022	0.0005216135245
233023	1.54858099e-05
233024	0.0003482237121
233025	0.0001299118534
233026	0.0001308886634
233027	3.869056288e-06
233028	0.0001514645036
233029	8.925616166e-05
233030	0.0003738899576
233031	0.0002880070422
233032	0.0004926225653
233033	0.0003967936195
233034	0.0004815956055
233035	4.310918425e-05
233036	5.303433179e-05
233037	8.654584563e-05
233038	0.0009702062485
233039	0.0002271449497
233040	0.0005477948334
233041	0.0001904506976
233042	0.0002342898769
233043	0.0002893682499
233044	0.0006263782234
233045	0.0002156141674
233046	0.0001274603408
233047	0.0006018475666
233048	5.284702516e-05
233049	0.0001214510899
233050	0.0004056786256
233051	0.0003117691768
233052	0.0007720870875
233053	0.0008076601941
233054	0.0003087377402
233055	0.0005659774732
233056	0.0001337654727
233057	4.627517809e-05
233058	0.0003194176581
233059	5.091818501e-05
233060	0.0005671671976
233061	0.001906232704
233062	0.0002049678823
233063	0.0001076335269
233064	0.0002365541517
233065	0.0002902353653
233066	0.0002667303198
233067	0.0001910895178
233068	0.0001343628855
233069	0.0001901240377
233070	0.0006237035932
233071	0.0002097450019
233072	0.0001973746388
233073	0.0004960484687
233074	0.0001959050568
233075	0.0002649769373
233076	0.0007219974823
233077	0.0001907801329
233078	0.0002324445336
233079	0.0003810327487
233080	0.0001034852996
233081	0.0002101750001
233082	0.0002373399634
233083	0.0003274696265
233084	0.001171186799
233085	0.0004652396386
233086	0.0005624409369
233087	0.0004626617421
233088	0.0002876018423
233089	0.0004155845535
233090	0.0006815908444
233091	0.0004644099721
233092	0.000115692202
233093	0.0008670206762
233094	0.0009657098365
233095	0.0001028187834
233096	0.0006142615174
233097	0.0003911778375
233098	0.001078168938
233099	0.0004786195638
233100	0.000322966818
233101	0.0001552024672
233102	0.0001313361454
233103	0.0001862410658
233104	6.333809819e-06
233105	0.0001330553356
233106	0.0001706544979
233107	0.0001549247464
233108	0.000192532098
233109	0.0004090661213
233110	0.0005531336906
233111	0.0005082131527
233112	5.843461086e-05
233113	0.000213090445
233114	0.0002699197117
233115	0.0006943951366
233116	0.0001070374496
233117	4.887333034e-05
233118	0.000989164993
233119	0.0001624480076
233120	0.0006848019345
233121	0.0006092930166
233122	0.0003128390046
233123	0.0007175421882
233124	0.0006557300701
233125	6.338284869e-05
233126	0.0004194457997
233127	0.000415892938
233128	4.693246926e-05
233129	0.0008316843277
233130	0.0003599036489
233131	0.0007120184282
233132	0.000844049963
233133	0.0002699075376
233134	0.0002196011897
233135	0.000893090176
233136	5.468984919e-05
233137	7.139316595e-05
233138	2.297324237e-05
233139	0.0004180241275
233140	0.000284377774
233141	0.0003099000438
233142	0.0002506872382
233143	0.000430445696
233144	0.0001808451238
233145	0.0001102289533
233146	0.0002825041501
233147	0.0001071151841
233148	0.0001378607157
233149	0.0006928958601
233150	6.54638143e-05
233151	0.0001632992007
233152	0.0007192054032
233153	0.0004142584172
233154	0.0001129923141
233155	0.0007545371969
233156	0.0002561122648
233157	1.992584516e-05
233158	2.770469782e-05
233159	7.647405418e-05
233160	0.0009197598579
233161	0.0004241836619
233162	0.0007081496485
233163	6.454063071e-05
233164	5.558710391e-05
233165	0.0001365774849
233166	0.0008268732082
233167	0.0001346860165
233168	0.0001053770533
233169	7.7432016e-06
233170	0.0001426797665
233171	0.0008027954054
233172	5.888389347e-05
233173	0.0002584487415
233174	0.0005840321133
233175	7.874129968e-05
233176	0.0003379840941
233177	0.0002439911866
233178	1.160066345e-05
233179	3.894648355e-05
233180	4.455810072e-05
233181	0.0006830102352
233182	0.0002147889813
233183	1.21858488e-05
233184	0.0005127187091
233185	9.651477269e-05
233186	0.001065156077
233187	0.001053758269
233188	0.0004092228162
233189	0.0001428927418
233190	0.0008974690783
233191	0.0004347915403
233192	8.948389688e-06
233193	0.0002054777564
233194	0.001015793103
233195	0.0001046296305
233196	9.736785618e-05
233197	6.700332359e-05
233198	0.0001018430051
233199	0.0009852622765
233200	0.0004389988571
233201	0.0003852635037
233202	0.0001600899335
233203	0.0002166161442
233204	0.0002681642459
233205	0.0005569903366
233206	0.0001453108399
233207	0.0002753247023
233208	0.0005233101585
233209	0.0001726943721
233210	5.006205648e-05
233211	8.848622244e-05
233212	0.0005249341633
233213	0.0001158482056
233214	0.0001172931383
233215	0.000603894296
233216	0.0003652126449
233217	6.029799998e-05
233218	0.0004430713872
233219	0.0004118801704
233220	0.0006462576073
233221	0.0002303904764
233222	0.0004051898868
233223	0.0006192004632
233224	3.849936818e-05
233225	0.0002965391372
233226	0.0009669654907
233227	0.0004846762333
233228	5.348852333e-05
233229	0.0007746787003
233230	0.0006025736116
233231	0.0002747702072
233232	0.0001389948725
233233	0.0003686280358
233234	0.0004262504706
233235	0.0004511032156
233236	0.0008107699485
233237	1.609303045e-05
233238	0.0003141692875
233239	0.001368192409
233240	0.0002855435805
233241	0.0005404924434
233242	3.056198165e-05
233243	0.0003316437003
233244	0.000103202776
233245	0.0005996893286
233246	5.03881338e-05
233247	0.0002891934109
233248	4.241542777e-05
233249	0.0005136243192
233250	1.852741683e-06
233251	0.000311807109
233252	0.0007070320545
233253	0.0005403015505
233254	0.0001408001716
233255	0.0001860605506
233256	0.0001312174165
233257	0.00102226289
233258	0.0003371146548
233259	1.312524542e-05
233260	0.001223409
233261	0.000573033675
233262	0.0008538658613
233263	0.0003187128688
233264	0.0006366369987
233265	0.0005751583673
233266	0.000268169766
233267	0.0001940302556
233268	7.291766364e-05
233269	0.000385391536
233270	1.821020966e-05
233271	1.184044684e-06
233272	6.778367578e-05
233273	0.0001429027385
233274	0.0005769362625
233275	0.0006507249994
233276	0.0004411248896
233277	0.0002393896321
233278	0.0001864019154
233279	0.0001006111187
233280	2.646658413e-05
233281	0.0006345774298
233282	0.0004901517498
233283	0.0001475492231
233284	3.848691495e-05
233285	0.0005761793307
233286	0.000242997448
233287	0.0004723784543
233288	0.001018214078
233289	0.0001393140593
233290	8.848966087e-05
233291	0.0001176070015
233292	0.0009620148578
233293	0.0004463380554
233294	0.0006219491013
233295	7.640647535e-05
233296	0.0006472785775
233297	0.0001637768852
233298	0.0004114808297
233299	0.000225923322
233300	0.0007290715063
233301	0.0007757202163
233302	0.0001690582996
233303	0.00013422222
233304	8.423432981e-05
233305	0.000611895303
233306	0.0001250217221
233307	0.000228416773
233308	3.321642143e-05
233309	7.0528711e-06
233310	0.0003941442038
233311	0.0005838030044
233312	0.0003106868237
233313	4.239048992e-05
233314	0.0004753225088
233315	0.0007348563021
233316	9.19940395e-05
233317	0.0008295464354
233318	0.0006554478352
233319	0.0005158369875
233320	0.0002110444425
233321	4.757848212e-05
233322	0.0002847145984
233323	0.0003546601249
233324	0.0003260848094
233325	0.0004914391601
233326	0.0005522755231
233327	0.0002879523676
233328	0.0003053595824
233329	0.0005613621412
233330	0.0001765705862
233331	0.0003638090395
233332	5.024502556e-06
233333	0.0001537181801
233334	8.824248879e-05
233335	0.0009762257712
233336	6.929898382e-05
233337	0.0003653230011
233338	0.0004872499281
233339	0.0003225620042
233340	0.0005334693928
233341	0.001136118492
233342	0.0004861534716
233343	0.0001770394997
233344	9.962064099e-05
233345	0.0001774977638
233346	0.0001981939112
233347	0.0002406002307
233348	0.0001615648183
233349	4.823968235e-05
233350	0.0001470762674
233351	0.0001860248929
233352	0.0001108162959
233353	0.0005807043334
233354	0.000428437641
233355	0.0006046791298
233356	0.000807262905
233357	0.0009575491647
233358	0.0003712732541
233359	0.0008000100595
233360	0.0001236992283
233361	0.0002299673541
233362	0.0002747547066
233363	0.001100165981
233364	2.972923703e-06
233365	0.0003142970069
233366	1.205580638e-05
233367	3.114728e-05
233368	0.0005640263023
233369	0.0001307753006
233370	0.0006710589056
233371	1.75264153e-05
233372	0.000131107043
233373	6.172820906e-05
233374	0.001456870314
233375	0.0004632396034
233376	0.0001872079754
233377	0.0005757060341
233378	0.0001716383119
233379	0.0001637955351
233380	0.0003933683811
233381	0.0001538506494
233382	7.718807342e-05
233383	6.10448459e-05
233384	0.000663010484
233385	0.0005905128339
233386	0.000866886401
233387	0.0008047724961
233388	0.0005939024837
233389	0.0007786724459
233390	0.0004486392351
233391	0.0003894202969
233392	0.0002662877363
233393	0.001191607358
233394	3.344144934e-05
233395	8.230765445e-05
233396	0.0002714420625
233397	0.0004554996544
233398	0.0002848867057
233399	3.407502044e-05
233400	0.0001806999165
233401	5.684729687e-05
233402	0.0002698979246
233403	0.0005557238336
233404	0.0004271719853
233405	0.0001141866999
233406	6.904684175e-05
233407	8.347196733e-05
233408	0.0002259923547
233409	0.0006433643395
233410	8.342845287e-05
233411	0.0003586431468
233412	0.0004150994402
233413	0.0002033031805
233414	0.0001465610976
233415	0.0001586607946
233416	0.000744810252
233417	0.0005209809497
233418	0.0002548642885
233419	0.0002042002454
233420	0.0001557724102
233421	1.839056697e-05
233422	0.0003874823588
233423	0.0001317971098
233424	4.267562703e-05
233425	0.0003603241921
233426	0.0007110014036
233427	0.0007389306896
233428	0.0001005224009
233429	0.0003491551859
233430	0.0005558555365
233431	0.0002827793308
233432	0.0006674555509
233433	0.0002878843034
233434	0.0004172840942
233435	2.647632093e-05
233436	6.408386934e-05
233437	0.0002852731175
233438	0.0008996232692
233439	0.0003049067331
233440	0.0003591790288
233441	0.0002817094182
233442	0.000197358295
233443	0.0001886204045
233444	0.000741007517
233445	0.0005457696758
233446	0.0001746270687
233447	0.001038959098
233448	0.0002374538118
233449	0.000262592725
233450	0.000503916996
233451	0.0008513200438
233452	5.928702214e-05
233453	0.0004277858997
233454	0.0005311023005
233455	0.0003118197934
233456	0.0003249519545
233457	0.0003319229614
233458	0.0003027933449
233459	3.364428162e-07
233460	6.576279905e-05
233461	6.358343942e-05
233462	0.0007408898402
233463	0.000229467879
233464	0.0001747211322
233465	0.0007216407495
233466	0.0004525206123
233467	0.0004942729629
233468	0.0001654561655
233469	0.0002437691361
233470	0.0001037333767
233471	0.0007102464134
233472	2.294402692e-05
233473	0.0007901233329
233474	9.248452232e-05
233475	0.0001758425958
233476	0.0001801522128
233477	4.207463023e-05
233478	3.370750562e-05
233479	6.42385498e-05
233480	0.0003622272649
233481	0.0004841563278
233482	9.961005534e-05
233483	0.0002455841823
233484	8.05087583e-05
233485	0.0002431640395
233486	0.0002847512117
233487	0.0001079131004
233488	0.00049940299
233489	0.0003563436258
233490	0.000462674325
233491	1.655101578e-05
233492	0.0002350202605
233493	0.0003806759814
233494	0.0007827108849
233495	0.0009394393526
233496	2.369551921e-05
233497	0.0002622165651
233498	0.000175586263
233499	0.0007361329421
233500	0.0004499376912
233501	0.0003205039875
233502	0.0001300690335
233503	0.0007543789112
233504	0.0005198138767
233505	0.0002030225107
233506	0.0007256900961
233507	0.0002491384059
233508	7.38223142e-05
233509	0.0002846855374
233510	0.0005709818516
233511	0.0001379907571
233512	0.0005496447738
233513	0.0003219447439
233514	0.000315231788
233515	0.0001442169923
233516	0.0003836276342
233517	0.00026289667
233518	0.0005683036919
233519	0.0008532833139
233520	3.245863153e-05
233521	0.0001778416178
233522	5.305588074e-05
233523	0.0001688103984
233524	0.0002207597978
233525	5.631107038e-05
233526	0.0001375163879
233527	0.0001315906976
233528	0.0002302035757
233529	1.554572851e-05
233530	6.186587708e-05
233531	0.0004578971136
233532	0.001234232587
233533	0.0005766318721
233534	0.0005751277237
233535	2.347370277e-05
233536	0.001274374134
233537	0.0009360050597
233538	0.0001936446365
233539	0.0001093558894
233540	0.0006061144236
233541	2.855761391e-05
233542	0.0005282001296
233543	0.0002020141357
233544	9.400516362e-05
233545	0.0006479020243
233546	0.0001528687279
233547	0.0002432894897
233548	0.0004116081098
233549	6.767459152e-05
233550	0.0007314330864
233551	5.219471461e-05
233552	9.620834519e-05
233553	0.0001418423523
233554	0.001691838341
233555	0.001141902489
233556	4.552900815e-05
233557	0.0001034762521
233558	0.0001784105856
233559	0.0004030344843
233560	0.0002674980004
233561	2.86043451e-05
233562	0.0003327171602
233563	0.0009939613513
233564	0.0004474185342
233565	0.0003482872927
233566	0.0009661531545
233567	0.0005831879637
233568	0.0004186341324
233569	0.0009041500898
233570	0.0001788013399
233571	0.000178660873
233572	0.0005799473529
233573	0.00023651983
233574	0.0004412088108
233575	0.0001021160388
233576	0.0002013944076
233577	9.819445467e-05
233578	0.0001883521661
233579	0.0002500577515
233580	0.0003820158426
233581	1.757305823e-05
233582	0.0002247175666
233583	0.0004150320872
233584	0.0002758597103
233585	0.0006374498134
233586	0.0002018183778
233587	1.480859833e-05
233588	9.301960014e-05
233589	0.0002226996448
233590	0.0004569826568
233591	0.0001516481585
233592	3.430313539e-05
233593	0.0001357063732
233594	0.0001718470129
233595	0.0002170271709
233596	0.0002913732699
233597	0.001079455709
233598	5.931150944e-05
233599	0.000463498115
233600	0.0004142481851
233601	0.0004576872268
233602	0.0004300434287
233603	0.0004558580711
233604	0.0005580634078
233605	3.105978156e-05
233606	2.600089528e-05
233607	3.421590678e-05
233608	6.181152267e-05
233609	0.0001209243905
233610	0.0002035388872
233611	0.0001265592064
233612	0.0004631952263
233613	0.0009171350287
233614	0.0001674687748
233615	0.0003772515528
233616	0.0001833977397
233617	0.0007815711509
233618	0.0001834933679
233619	0.0007286268869
233620	3.00765788e-05
233621	6.733486637e-05
233622	7.432901485e-05
233623	2.384710975e-05
233624	0.0001476509692
233625	0.0003209197844
233626	0.000879364055
233627	0.0003925953019
233628	0.0001837250585
233629	0.0001836747147
233630	1.715232558e-05
233631	0.000203556088
233632	8.455451101e-05
233633	0.0001031884892
233634	0.0008236522711
233635	5.256587922e-05
233636	0.0006375470096
233637	0.0009957427887
233638	1.449048495e-05
233639	0.0002184093416
233640	0.000657901245
233641	6.343903725e-06
233642	0.0004505089446
233643	0.0001771790667
233644	0.0004312719544
233645	0.0001341894098
233646	0.0001071760029
233647	0.0001600309822
233648	0.001086431427
233649	0.0003840451202
233650	4.691778594e-05
233651	0.0007805301621
233652	0.0001744294912
233653	0.0003094406915
233654	0.0005616790326
233655	9.880004486e-05
233656	3.295874797e-05
233657	0.0006422819933
233658	5.554287812e-05
233659	0.000245086247
233660	0.0001670417628
233661	0.0005942607013
233662	0.000819080816
233663	0.0004352272675
233664	0.0003089387422
233665	6.516638388e-05
233666	0.001475085728
233667	0.000337532116
233668	0.0004223977234
233669	0.0004551159674
233670	0.0001527692063
233671	0.0003470644012
233672	0.0005238427013
233673	0.0001852024852
233674	0.0002134494852
233675	0.0009689650361
233676	0.0004322141713
233677	0.001512455945
233678	0.0004752247103
233679	0.0001339578828
233680	0.0001325804951
233681	0.0003247244578
233682	0.001220731272
233683	8.960251021e-05
233684	0.0006194540452
233685	0.0004325674815
233686	0.000233452671
233687	5.404220322e-05
233688	8.55196114e-05
233689	3.345066015e-05
233690	0.0001207258655
233691	6.686195995e-05
233692	0.000369796767
233693	6.715467025e-05
233694	0.000855226442
233695	0.0001578543566
233696	0.0001323371374
233697	0.0002668473721
233698	0.0005487903217
233699	0.0003456758845
233700	0.0004905531222
233701	0.0001923718634
233702	0.0002998875945
233703	0.0001411529077
233704	0.0005073624572
233705	0.0007080536713
233706	0.0002443833518
233707	0.0002114824328
233708	0.000408290558
233709	7.853066599e-05
233710	0.0003414465373
233711	7.810406745e-05
233712	0.000247847427
233713	0.0005277865628
233714	0.0005610297854
233715	0.0004398663668
233716	0.0003199429215
233717	0.0004312100737
233718	0.0001807169705
233719	0.0001302133081
233720	0.0001305330672
233721	0.0003307492032
233722	6.479090366e-05
233723	0.0005886426136
233724	0.0002424713329
233725	3.194438414e-05
233726	0.0004999078857
233727	0.0003879467338
233728	0.0007387858443
233729	0.0002394308835
233730	0.0006339527794
233731	9.049787948e-05
233732	0.0002637267833
233733	0.0003917062881
233734	0.0001312315111
233735	0.0004556896798
233736	0.0005051438315
233737	0.0006114877038
233738	0.0002596278166
233739	0.0002286089044
233740	0.0007199111844
233741	0.0002681168948
233742	0.0004521643405
233743	0.0004882074885
233744	0.0008368095139
233745	0.0002756910157
233746	0.0001174253674
233747	0.0001047719157
233748	0.0002826381615
233749	9.771010226e-05
233750	0.0003632681142
233751	0.0001676638757
233752	0.0002778800238
233753	9.277189325e-05
233754	4.010032438e-05
233755	0.0003991354195
233756	0.0003603162243
233757	0.0003133536482
233758	0.0001564487585
233759	0.0001076175188
233760	0.000501580998
233761	0.0005305383232
233762	0.0005482032185
233763	0.0001732528999
233764	0.0002522642471
233765	0.0006553520778
233766	0.0002815574296
233767	0.0001264941534
233768	0.0002019879972
233769	0.000465514038
233770	0.0004015670677
233771	0.0003214641031
233772	3.471121351e-05
233773	7.240112001e-05
233774	0.0005818485445
233775	7.708484938e-05
233776	0.0001114117839
233777	9.227523919e-05
233778	0.0003957101577
233779	0.0004955205659
233780	0.0005403414526
233781	0.0008893809873
233782	0.0004754374118
233783	0.0003250114133
233784	0.0002005618427
233785	0.0002362717403
233786	0.0002773067686
233787	0.00134146247
233788	0.0004269728893
233789	9.079233073e-05
233790	0.0004891892415
233791	0.0003980273157
233792	0.0004372697741
233793	2.30746655e-06
233794	0.0001005777087
233795	0.0002485202953
233796	0.0008992292358
233797	0.0003362400178
233798	3.036021857e-05
233799	0.000273453898
233800	0.0001342248939
233801	6.776090666e-05
233802	4.55690289e-05
233803	3.704079906e-05
233804	7.132031425e-05
233805	3.307947162e-05
233806	2.32912854e-05
233807	0.0002724852919
233808	3.48656744e-05
233809	0.0005550130776
233810	8.364160449e-05
233811	0.0002770279369
233812	6.823937726e-06
233813	7.462947646e-05
233814	0.0001697855539
233815	0.0005617719587
233816	0.0006299500829
233817	0.0002199568249
233818	0.0003429369252
233819	0.0002439215871
233820	0.0001875773262
233821	0.0003361199005
233822	1.16734727e-05
233823	0.0002277724938
233824	0.0003156427007
233825	0.0003683027307
233826	0.0009210047021
233827	0.0003376663577
233828	0.0009401577385
233829	9.351274465e-05
233830	0.0006059581385
233831	0.0002945768762
233832	0.0003657134738
233833	0.0009330728089
233834	0.0007756336692
233835	0.0009275032029
233836	0.0005120160415
233837	0.0002447559504
233838	0.0001048653419
233839	0.0002373861184
233840	0.0002504950132
233841	2.513667057e-05
233842	0.0006740147526
233843	0.000852009336
233844	0.0006787832216
233845	0.0001829646041
233846	0.0003270872665
233847	0.000421664133
233848	0.0003707142247
233849	8.937875676e-05
233850	0.0002527608096
233851	1.2119218e-05
233852	0.0004954308017
233853	0.0005554160495
233854	0.0004733889069
233855	0.0001348101376
233856	0.0002510100125
233857	0.0002093152641
233858	1.246009103e-05
233859	0.000706867617
233860	0.0002368930397
233861	4.462649609e-05
233862	0.0004244273638
233863	0.0002910935614
233864	2.433665899e-05
233865	0.0002992422208
233866	0.0002368639449
233867	0.0005173130362
233868	0.0003442233867
233869	0.0003289501492
233870	0.0002216984448
233871	0.0002575560238
233872	0.0002556397807
233873	2.27034313e-05
233874	6.046718025e-05
233875	0.0004800474289
233876	7.041032596e-05
233877	0.0004336110998
233878	9.613238833e-05
233879	0.0003427149289
233880	0.0004594897988
233881	0.0004881867286
233882	0.0001476120872
233883	0.0001560937469
233884	0.0003561309045
233885	0.0001591418937
233886	0.0007850672693
233887	0.0001345933201
233888	2.746125054e-05
233889	0.0003241579261
233890	3.426355378e-06
233891	2.536536971e-05
233892	3.577982744e-05
233893	0.0001507888526
233894	0.00021759703
233895	0.0001865173733
233896	0.0001337013092
233897	0.000193839989
233898	0.0006228091334
233899	0.0001312700299
233900	1.373252462e-05
233901	0.0006142851557
233902	0.0005343192095
233903	9.376212945e-05
233904	0.000130944088
233905	0.0001053388695
233906	0.0001576323306
233907	0.0003474510313
233908	0.000208009898
233909	2.965724994e-05
233910	0.0001402461338
233911	0.0003102451805
233912	0.0007586461008
233913	0.0003912424229
233914	0.0002554851827
233915	0.0001784869559
233916	0.0002323712238
233917	0.0004625825982
233918	0.0003393298803
233919	0.0006617529389
233920	0.000618654566
233921	0.001006168257
233922	0.0001619120845
233923	0.0002886996079
233924	0.000242052243
233925	0.0001111759331
233926	0.0003505705566
233927	0.000254730923
233928	0.001066413959
233929	0.0004347506751
233930	0.0001758821538
233931	0.0001770210921
233932	9.45767549e-05
233933	0.0001859622978
233934	0.0002003250164
233935	8.901707418e-05
233936	0.0007451351675
233937	0.0001225639941
233938	0.0002435911359
233939	0.0003881157483
233940	0.0001754753614
233941	0.0005746737221
233942	0.000509416627
233943	0.0001467325237
233944	0.000419379554
233945	0.0002569139979
233946	0.0003939134355
233947	3.029840915e-05
233948	0.0003967700402
233949	0.0009443482705
233950	0.0002853697152
233951	0.0005430212288
233952	1.773948175e-05
233953	4.635197254e-05
233954	0.0001869121552
233955	9.67565956e-06
233956	0.0007788587678
233957	0.0002847072945
233958	0.0003429686038
233959	0.0004359931153
233960	0.0003542171732
233961	0.00023459491
233962	0.0008785332691
233963	0.0006560402078
233964	0.0009615038217
233965	0.0001694178322
233966	0.0002453000776
233967	1.497580133e-05
233968	0.0003537537424
233969	0.0002620829352
233970	6.343494039e-05
233971	0.0006850189719
233972	0.0004280384535
233973	0.0007817763268
233974	0.0006726084734
233975	0.000762319234
233976	0.0002574463335
233977	0.001320555546
233978	0.000370103958
233979	6.923743061e-07
233980	0.0002067872563
233981	0.0001691665865
233982	0.0003052749108
233983	0.0006471094936
233984	0.0001769796081
233985	0.0001674614608
233986	5.94413058e-05
233987	0.001363361844
233988	0.0008843135784
233989	0.0003711134832
233990	0.0007137823708
233991	0.0001014638676
233992	0.000235353778
233993	0.000345850868
233994	0.000457366719
233995	0.00034611764
233996	0.0008533580422
233997	0.0001554720799
233998	0.0003662881051
233999	0.0002562219684
234000	7.364957481e-05
234001	0.0002472995559
234002	0.0006119690016
234003	0.0007503532789
234004	0.0003855504058
234005	0.0003378125088
234006	0.0005191615537
234007	0.0003512182018
234008	0.0002965175972
234009	2.24451135e-05
234010	0.0003297488942
234011	0.0001593192743
234012	8.916171828e-05
234013	0.000107190054
234014	0.000318531728
234015	0.000767030238
234016	0.0007893435265
234017	0.0004490530951
234018	0.0005145098731
234019	0.0004410569024
234020	8.897326613e-05
234021	0.0002773199577
234022	0.0002798292464
234023	0.0003776638261
234024	0.000549449407
234025	0.0004269603757
234026	0.000165556954
234027	3.21661318e-05
234028	3.24107493e-05
234029	0.0002907837531
234030	0.0004004851035
234031	0.0003476207935
234032	9.277636375e-05
234033	0.0002245505417
234034	0.0008558338757
234035	8.926894613e-05
234036	0.0005199489829
234037	0.0002816631341
234038	0.000389479677
234039	0.0006043506696
234040	0.0002989444345
234041	0.000665941815
234042	4.178720326e-05
234043	0.000206409534
234044	0.0005899279253
234045	0.0007804292057
234046	0.0001193758539
234047	0.0001913830407
234048	0.0001380104146
234049	0.00013305197
234050	0.0007649840816
234051	0.0002411206662
234052	0.0004147688135
234053	8.679423207e-05
234054	0.0001885564147
234055	0.0002356117147
234056	0.001029095303
234057	0.0001649928526
234058	1.468214809e-05
234059	0.0001561158541
234060	4.116265482e-05
234061	0.0005575056468
234062	0.0001646374139
234063	0.0003037963147
234064	0.000248016244
234065	0.0001087275481
234066	0.0001844320533
234067	0.0004285513836
234068	3.465843763e-06
234069	0.0001106207627
234070	0.0004374129995
234071	0.0004141665139
234072	0.000416350571
234073	0.0003065749117
234074	0.0002871022891
234075	0.000736214796
234076	0.0006382321658
234077	0.0003233295697
234078	0.0001492144751
234079	0.0002822294734
234080	9.007406312e-05
234081	0.000128758193
234082	0.0009813459915
234083	0.0002194023348
234084	0.0005029965365
234085	5.364121196e-06
234086	0.0004128752421
234087	0.0007443934926
234088	0.0001239355432
234089	0.0002328550785
234090	0.000246537273
234091	0.000111421611
234092	0.0002859113531
234093	0.0004511397796
234094	0.0001163763367
234095	5.992235197e-05
234096	0.0009859223995
234097	2.242823272e-05
234098	0.0006068496273
234099	0.0002607897769
234100	0.0001980770393
234101	0.0002078707766
234102	8.330699745e-05
234103	5.744789777e-05
234104	0.0001941730581
234105	2.560841652e-05
234106	1.885049052e-05
234107	0.0004056533019
234108	0.0007507404846
234109	0.0006522261578
234110	9.416676784e-05
234111	0.0003102927315
234112	0.0003541388334
234113	0.0002566008586
234114	0.0002995089652
234115	0.0002975878606
234116	0.0005631245897
234117	0.001015748574
234118	9.828221082e-05
234119	0.000167976689
234120	0.0001342294569
234121	0.0001282324065
234122	0.0006312617798
234123	0.0006024663965
234124	0.0006871712741
234125	0.0007976281511
234126	0.0001121407337
234127	0.0003330430546
234128	0.000273137404
234129	0.000217636292
234130	0.0001668717348
234131	0.0007208505794
234132	0.0004170934415
234133	1.077671182e-05
234134	0.0006837704173
234135	0.0009039796712
234136	0.001161422185
234137	0.0001752703172
234138	0.001126419573
234139	0.0003123362977
234140	2.709786113e-05
234141	0.0003478498074
234142	0.0001205270638
234143	0.0003321357699
234144	0.0002748756589
234145	2.664273775e-05
234146	0.0005293357059
234147	4.716342922e-08
234148	4.218172289e-05
234149	0.0002990465769
234150	5.116031877e-05
234151	2.143614334e-05
234152	0.0008007412859
234153	8.103714091e-05
234154	0.0002632356834
234155	0.0001352099233
234156	0.0007664779612
234157	2.38781937e-05
234158	5.829831577e-05
234159	0.0001871186998
234160	0.000160040914
234161	0.0001025861462
234162	0.0003050137246
234163	0.0005661606099
234164	0.000723256593
234165	0.0002124089214
234166	0.0002223755456
234167	0.0001544187164
234168	1.253856461e-05
234169	0.0002310150198
234170	0.0008054328395
234171	0.0002242015198
234172	0.0002167572604
234173	0.0002720106098
234174	0.0002392098338
234175	6.340497627e-05
234176	0.0005052028408
234177	0.0004638237763
234178	0.0003626975122
234179	0.0005692623206
234180	0.0003290628952
234181	0.0001421531738
234182	0.001021787733
234183	0.0007603114223
234184	0.0001741536708
234185	6.202189236e-06
234186	0.0003068344442
234187	0.0002012634314
234188	0.0001168521394
234189	0.0001481161454
234190	0.0001052130977
234191	0.0004351368841
234192	0.0009627104191
234193	0.00121935717
234194	0.0003078640992
234195	0.0003340890556
234196	0.0003369163695
234197	0.0004433818329
234198	0.0003545554377
234199	0.00137843744
234200	0.0002110158305
234201	0.001204110102
234202	6.340671049e-05
234203	0.0003171202859
234204	6.54294755e-05
234205	0.0007748700368
234206	0.000293880393
234207	0.0003268154907
234208	4.714212893e-05
234209	7.088092948e-06
234210	0.0004026592508
234211	0.0001449843921
234212	0.0003864287242
234213	4.352904216e-05
234214	0.0001349873401
234215	0.0006919731561
234216	0.0005984742742
234217	0.0004716945071
234218	0.0006808983137
234219	0.0004287588208
234220	8.818078772e-05
234221	0.0002900212113
234222	0.0001602773154
234223	0.0001582908659
234224	7.990201489e-05
234225	0.0005733057676
234226	0.0001380544786
234227	0.0006726165853
234228	0.0006143886464
234229	5.803559306e-05
234230	0.0005029081584
234231	0.0003848658178
234232	0.0003107013131
234233	0.0008543260973
234234	0.0001548631489
234235	0.0001464434923
234236	0.001034252412
234237	0.0003014395264
234238	0.0002808739963
234239	0.0001795802223
234240	7.042923414e-05
234241	7.742065135e-05
234242	0.0009816700734
234243	0.000267495149
234244	6.092837319e-05
234245	0.0001301956902
234246	2.823716899e-05
234247	0.0004635203972
234248	0.0002134522794
234249	0.0002825735478
234250	0.0003843132734
234251	0.0004190386584
234252	2.178319246e-05
234253	0.0006240896389
234254	0.0004429527355
234255	0.0006025736988
234256	0.0001970298968
234257	9.728172237e-05
234258	9.078812323e-05
234259	0.0003955498943
234260	0.0001466688988
234261	0.000118129397
234262	4.065854818e-05
234263	0.0003466383156
234264	0.0001213062886
234265	9.673766492e-05
234266	0.0006719814801
234267	0.0001961183789
234268	9.428931713e-05
234269	0.0001612633235
234270	6.020281969e-05
234271	0.0001345772096
234272	3.345022119e-05
234273	0.0001053017389
234274	0.0009198563838
234275	5.13102571e-05
234276	0.0002122682614
234277	0.0003687895737
234278	0.0005053961215
234279	0.0005724619508
234280	2.783254956e-05
234281	0.0001538765822
234282	0.0002986465888
234283	1.205265335e-05
234284	0.0004786580939
234285	0.0002527513425
234286	0.0003528785555
234287	1.741144679e-05
234288	0.0001872987815
234289	0.0001105381596
234290	0.0001340835311
234291	2.188964262e-05
234292	0.0008068051872
234293	0.0003081990836
234294	0.0009136669069
234295	5.030730597e-05
234296	7.275204756e-05
234297	0.000497076894
234298	2.885613828e-05
234299	0.0003844422657
234300	0.0005828880287
234301	0.0003688446699
234302	0.0004621511313
234303	2.159088677e-05
234304	0.0005100468825
234305	0.0006939606006
234306	0.0001697691413
234307	0.000786914493
234308	0.0008780570304
234309	0.0006207340364
234310	0.0004577025304
234311	0.0003311806393
234312	0.0003759678368
234313	0.0006449418092
234314	6.824759966e-05
234315	0.0006181426012
234316	0.0002114689658
234317	0.0005504155023
234318	0.0001894936694
234319	0.0001264414163
234320	0.0001066915031
234321	0.0003492288699
234322	0.0005621815581
234323	0.001006117783
234324	0.0003226297227
234325	4.918511e-05
234326	0.0003497043683
234327	0.0002695557719
234328	0.0002541740002
234329	1.893038988e-05
234330	5.096284406e-05
234331	0.0002584061503
234332	0.0006966300841
234333	0.0002176926923
234334	9.532684547e-05
234335	0.0003289214228
234336	0.0003977409368
234337	0.0008045334429
234338	2.858829388e-05
234339	0.0008898772171
234340	0.0009313209559
234341	0.0003610867762
234342	0.0001861472289
234343	0.0001884830555
234344	0.0003677308017
234345	0.0005198365366
234346	0.0002511361575
234347	0.0008206984089
234348	0.000412084477
234349	0.0002051789932
234350	1.328066051e-05
234351	0.000116693971
234352	1.178856304e-05
234353	0.0002487410436
234354	0.0001632087215
234355	0.0002108207768
234356	0.0001428334557
234357	0.0001211403494
234358	0.0007253645474
234359	0.0001691256986
234360	0.0009711395795
234361	0.000387481386
234362	0.0005633190759
234363	0.0002139581593
234364	0.0007798274885
234365	0.0006025890955
234366	8.687391509e-05
234367	0.0001871319239
234368	2.433195274e-06
234369	0.00023698871
234370	0.0001482348806
234371	9.974735922e-05
234372	0.0001885399347
234373	0.0002341962703
234374	0.0001284709389
234375	0.0001679857736
234376	0.000511271068
234377	4.715059305e-05
234378	0.0006901260557
234379	0.0001403193737
234380	0.0001771376414
234381	0.0005303709233
234382	6.483450746e-05
234383	0.000902921437
234384	0.000787388333
234385	0.0002322829704
234386	3.212293983e-05
234387	0.000342476138
234388	0.0006792167692
234389	0.0006446902672
234390	0.001098261457
234391	6.558256615e-05
234392	0.0003410414587
234393	0.0002625913646
234394	0.0002440279573
234395	0.0003156674834
234396	0.0002539020382
234397	9.042943384e-05
234398	0.0004211226014
234399	9.770028563e-05
234400	0.0003301621475
234401	0.0007062446803
234402	0.0002431139108
234403	0.0008144912322
234404	0.000205669301
234405	0.000229060078
234406	0.0007947322238
234407	8.499872129e-05
234408	2.980343119e-05
234409	4.514049679e-05
234410	0.0002298511535
234411	0.0003613489931
234412	0.0003549327753
234413	0.0003790935899
234414	2.059885296e-05
234415	0.0004074618575
234416	0.0001472762775
234417	0.0004059327958
234418	2.071697245e-05
234419	0.0002107634472
234420	0.0007968340208
234421	0.000259505488
234422	0.0004686309549
234423	0.0004453306873
234424	0.0003424515094
234425	0.0003746649307
234426	6.922276053e-05
234427	0.0004638855435
234428	0.0008335006013
234429	0.0002926563961
234430	1.620991547e-05
234431	0.0002140939965
234432	0.0009739272348
234433	0.0001215568881
234434	0.0001981640323
234435	7.529255025e-05
234436	5.854005825e-05
234437	0.0001648278802
234438	0.0002890077544
234439	6.752133147e-05
234440	0.0003005909965
234441	0.0002934402508
234442	0.0003259258649
234443	0.0003119461816
234444	8.040323544e-05
234445	0.0005708717808
234446	0.0002747704939
234447	0.0005789612382
234448	0.0002944909022
234449	4.031751817e-05
234450	0.0004887710861
234451	0.0005625068839
234452	7.930483205e-05
234453	0.0005964456706
234454	7.068684487e-06
234455	4.656061671e-05
234456	0.0003555377205
234457	0.0002634063408
234458	0.0002382242768
234459	2.861003699e-05
234460	0.0001160820072
234461	7.617112891e-05
234462	0.0007744557901
234463	0.0003506122345
234464	0.0001871782629
234465	0.0004341657186
234466	2.508306278e-05
234467	0.0002772732903
234468	0.0002420530688
234469	0.000871141351
234470	0.0004268401422
234471	0.0001255024959
234472	0.0001884508899
234473	0.0008406020221
234474	2.565092103e-05
234475	0.001150246316
234476	0.0002958663312
234477	0.000505392886
234478	1.777125697e-05
234479	0.0003545526801
234480	0.0001651939305
234481	0.0002399206667
234482	0.0002165590414
234483	0.0001961367272
234484	6.448783882e-06
234485	0.000619164781
234486	0.0002347412698
234487	0.0004364223243
234488	0.0002935486077
234489	0.0007304343995
234490	9.72717687e-06
234491	0.0004755245393
234492	7.27350512e-05
234493	0.0002746590474
234494	0.0006196598722
234495	0.0003919312678
234496	0.0002967169895
234497	0.0002475924621
234498	0.001090439531
234499	0.0004542307379
234500	0.0006801310064
234501	0.0002813508353
234502	4.284050892e-05
234503	0.000174660125
234504	2.573958435e-05
234505	0.0005625298208
234506	0.0003210490219
234507	0.0005463567708
234508	0.0006527921067
234509	2.529184194e-05
234510	0.0002484877379
234511	0.0001716135913
234512	0.0001082929976
234513	0.0004746656016
234514	0.0009232722682
234515	0.0001592910326
234516	0.0002018001099
234517	0.0002638915833
234518	1.218465015e-05
234519	1.896032715e-06
234520	0.0001679149486
234521	0.0006347026902
234522	0.0002367244449
234523	0.0003975676835
234524	4.045419004e-05
234525	0.0007670499691
234526	0.0001707633296
234527	0.0003006046442
234528	3.112705887e-05
234529	3.972433134e-05
234530	0.000238386066
234531	0.0003182123662
234532	0.0004625211909
234533	0.0002477791882
234534	0.0006177517287
234535	0.0001241117535
234536	0.0002338805775
234537	0.000135429986
234538	0.0006371872284
234539	0.0002137408442
234540	0.0004520993756
234541	0.0003136921686
234542	0.0002570058136
234543	0.0009077349468
234544	0.001225484089
234545	0.000812056072
234546	0.0002633542307
234547	0.0001952577373
234548	0.0005556952261
234549	0.0001137136057
234550	0.0001287596182
234551	0.0002322964655
234552	0.0004710343665
234553	0.0002630543372
234554	0.0001130750925
234555	9.301581934e-05
234556	0.0003743319482
234557	0.0009369499389
234558	4.104213946e-05
234559	0.0001988201458
234560	0.0007960274568
234561	0.0004042100748
234562	0.0004886590394
234563	0.0001282514239
234564	0.001073053176
234565	0.0003167864704
234566	0.0003524777151
234567	0.000242997497
234568	9.536694725e-05
234569	0.0004438143713
234570	0.0005605850849
234571	0.0002730996253
234572	0.0002043525824
234573	0.001239695232
234574	0.0002932866895
234575	0.0001900165068
234576	0.0002094295788
234577	0.000732976062
234578	0.0001119224098
234579	0.0001112674038
234580	3.472236387e-05
234581	0.0004783404717
234582	0.0001449821312
234583	1.987611171e-05
234584	0.0002804972918
234585	0.0001479455312
234586	0.0001871319825
234587	8.536922188e-05
234588	1.654344519e-05
234589	0.0001943528084
234590	5.862793812e-05
234591	0.0001695871909
234592	0.0005333939397
234593	9.880317054e-05
234594	0.0005656201492
234595	0.0004512739829
234596	0.0002790371513
234597	1.982226557e-05
234598	7.890493057e-05
234599	0.0004414401993
234600	0.000158403892
234601	0.0003299864517
234602	0.0001557660261
234603	0.0001131572631
234604	0.0001095985752
234605	0.0001149931284
234606	0.0002990412733
234607	0.0006912466917
234608	0.0002468236346
234609	0.0001737372313
234610	0.0003406780551
234611	3.522647984e-05
234612	0.0002297755083
234613	6.23471144e-05
234614	0.0001166480487
234615	0.0002454203399
234616	0.0002892682444
234617	0.0003120438018
234618	0.0003366683095
234619	7.955696096e-05
234620	0.0005203473207
234621	0.0001519900738
234622	0.0002749469874
234623	0.0002520103517
234624	0.0002984918905
234625	0.0001730118182
234626	0.0001633349431
234627	0.0006383013952
234628	0.001213065462
234629	1.843079548e-05
234630	0.0001749522599
234631	0.0004700709247
234632	0.0002203201129
234633	7.584331254e-05
234634	3.453252056e-05
234635	0.0002273501685
234636	0.000665427288
234637	0.0009495340837
234638	0.0001064001263
234639	6.643368584e-05
234640	0.0001551244409
234641	0.0001966349474
234642	0.0004914688995
234643	4.834105976e-06
234644	0.000467938531
234645	0.0002921561277
234646	0.001064920331
234647	0.0002782178722
234648	5.921964387e-05
234649	0.001156218751
234650	0.0001215230274
234651	0.0006208644297
234652	0.0001048981504
234653	0.001023037655
234654	6.779017339e-05
234655	0.000404558697
234656	0.0003629748673
234657	0.0003442457547
234658	0.0002194577926
234659	0.0007201334251
234660	0.0003194606336
234661	0.0009945119935
234662	0.0001816242937
234663	0.0002190834838
234664	0.0001175452456
234665	0.0003867687781
234666	0.0002764732828
234667	0.0006480800129
234668	0.0004622834108
234669	2.210812958e-05
234670	0.0002597381813
234671	0.001075214196
234672	0.0003834696559
234673	0.0003050695628
234674	0.0008797614214
234675	4.481469992e-05
234676	0.0001891487229
234677	0.0002224674547
234678	0.001146103033
234679	6.763911349e-05
234680	0.0006213819664
234681	0.0006441728673
234682	0.0001542390009
234683	0.0001780584197
234684	0.0004211993156
234685	0.00118862421
234686	0.0009104651233
234687	0.0006641575888
234688	0.0004229699035
234689	0.0005791372157
234690	0.0001717968554
234691	0.0005135924139
234692	0.001134369403
234693	7.035354145e-07
234694	0.0005518251979
234695	0.0001552083427
234696	0.0001366294962
234697	0.0002417078723
234698	0.0001714152853
234699	0.0007653101428
234700	0.000333256521
234701	0.0005308030814
234702	0.0001837891366
234703	0.0008693109123
234704	0.0008570500768
234705	0.0006244905979
234706	0.000401678121
234707	0.0004248414868
234708	0.0005862826561
234709	0.001007119133
234710	4.537803068e-06
234711	0.000169801777
234712	0.0003096032123
234713	0.0009801955673
234714	0.0001799206839
234715	0.0001055912246
234716	0.0004732988668
234717	0.0002672546603
234718	1.67160101e-05
234719	0.0003859996245
234720	0.0002363361008
234721	0.0003312253311
234722	0.001084522691
234723	0.0005294212093
234724	0.0001907582752
234725	1.849112916e-05
234726	9.67392521e-06
234727	0.0002917836495
234728	5.077979828e-06
234729	0.0001595742505
234730	0.0003460934947
234731	0.000623203487
234732	0.001092819941
234733	0.0003514304477
234734	5.017795841e-06
234735	0.0006839840359
234736	0.0001767015984
234737	7.503577354e-05
234738	0.001240804195
234739	0.0001537452826
234740	0.0004440085714
234741	0.0004383083998
234742	0.0002742123497
234743	0.0001850057251
234744	9.470811659e-05
234745	0.0002067829058
234746	0.0001203101834
234747	0.0001564737175
234748	0.0004853712765
234749	3.245262263e-05
234750	0.0002884761886
234751	0.0001915678218
234752	0.0003180158912
234753	0.000218894087
234754	0.0006598982725
234755	0.0004413520097
234756	8.005959452e-05
234757	0.001060251833
234758	2.755879957e-05
234759	7.131664596e-05
234760	0.0007390979618
234761	0.0004653083839
234762	0.001197095268
234763	6.494516309e-05
234764	0.0005985443377
234765	0.0004572707649
234766	0.0002148517142
234767	0.0007125151094
234768	0.0004111374815
234769	0.0007873334576
234770	0.0001431604884
234771	0.0003611894229
234772	0.0001362295576
234773	0.0009762003676
234774	0.0006581263641
234775	4.377438452e-05
234776	0.0001314663729
234777	4.58695051e-05
234778	2.319199648e-05
234779	0.0008000599543
234780	0.0005453401727
234781	0.0002782135424
234782	0.0006546445519
234783	0.0006142073604
234784	0.0005644799486
234785	4.65206874e-05
234786	8.055943984e-05
234787	1.114165638e-06
234788	0.0003421733629
234789	0.0002431484424
234790	0.0005485880188
234791	0.0005808156484
234792	0.0002577625275
234793	0.0001537674284
234794	9.384363033e-05
234795	0.0005425733012
234796	0.0007595670662
234797	0.0001672942181
234798	5.58196809e-05
234799	0.0003891665094
234800	8.893373501e-05
234801	0.0003778428555
234802	0.0001315075966
234803	0.0004984285684
234804	0.0002850713509
234805	0.0004148276439
234806	0.0002208215089
234807	0.0004110144034
234808	0.0003702103225
234809	0.0001527039876
234810	0.0002683380501
234811	0.0007560258302
234812	0.0005388377131
234813	0.0007890288316
234814	9.839421505e-05
234815	0.000248699402
234816	0.0001575484098
234817	0.0001947937113
234818	0.0001706820868
234819	0.0001510897523
234820	0.0001241625669
234821	0.0004491677754
234822	6.702178763e-05
234823	0.0005009446023
234824	6.903332815e-05
234825	8.743625585e-05
234826	0.0003336129203
234827	0.0005284409178
234828	0.0001341033225
234829	0.0001721298925
234830	0.0004540700887
234831	0.001305978897
234832	0.0001462811116
234833	3.028459006e-05
234834	0.0006288983473
234835	2.886954794e-05
234836	4.203512009e-05
234837	2.001484711e-05
234838	3.798111454e-06
234839	0.0003062332041
234840	0.0005069961589
234841	5.320895566e-05
234842	0.0003644251672
234843	0.000212268133
234844	0.0002360719515
234845	0.0002535166568
234846	0.0004475216243
234847	5.148268711e-05
234848	0.0005159663931
234849	0.0008901923927
234850	0.0004173727117
234851	0.000194603494
234852	0.00137259611
234853	0.0002259322011
234854	0.001084753398
234855	0.0003591446128
234856	0.0005268597899
234857	0.0004276384045
234858	0.0001902939791
234859	9.967017435e-05
234860	0.000154651453
234861	0.001385486394
234862	0.0004615766395
234863	0.0003219313675
234864	0.0005331902952
234865	0.0002657642578
234866	0.0006102950644
234867	0.0001841131766
234868	0.0006446167205
234869	0.0001580266466
234870	0.0002486440966
234871	0.0005581771085
234872	0.001056709889
234873	8.442658272e-05
234874	0.0005339987663
234875	0.0002030494822
234876	3.780032235e-05
234877	1.423543315e-05
234878	0.0002150067148
234879	0.0006498798179
234880	0.0001024317116
234881	8.015957026e-05
234882	5.866071724e-05
234883	0.0001015165246
234884	0.000172824188
234885	0.0004503707746
234886	0.0003507307823
234887	0.0004799934776
234888	0.0006502022321
234889	0.0004203156108
234890	7.092343299e-05
234891	2.081525096e-05
234892	0.0007638209553
234893	0.0001013112476
234894	0.0005219890828
234895	0.0007328658862
234896	0.0002065683352
234897	0.0001977242659
234898	0.0002076974034
234899	0.0008081417177
234900	7.114391456e-05
234901	0.0002809164298
234902	0.0004967175638
234903	0.000539843453
234904	0.001661636294
234905	0.0005974896595
234906	0.0006510144216
234907	0.0006816018491
234908	0.001040911552
234909	0.000257234241
234910	0.0001507553913
234911	0.0002097773221
234912	0.0006105428737
234913	0.0002709478312
234914	0.0001462716906
234915	0.0005728946186
234916	0.0001245263624
234917	0.0001811440738
234918	5.359009296e-05
234919	3.085225694e-05
234920	0.0004448589266
234921	1.770899083e-05
234922	0.0004688134336
234923	1.60143758e-05
234924	0.0001398899484
234925	7.1574557e-05
234926	6.44534777e-05
234927	0.0007713583756
234928	0.0003239715706
234929	9.51557904e-05
234930	0.0003145082439
234931	0.0004583986985
234932	3.922495233e-05
234933	0.000175745923
234934	1.446839564e-05
234935	9.382094163e-05
234936	0.0001602732473
234937	0.0009553844333
234938	0.0009407887321
234939	0.000925147623
234940	0.0006890468357
234941	0.0003198513339
234942	0.0005871210715
234943	0.000463691198
234944	5.345690085e-05
234945	0.0002099241817
234946	0.0002775669531
234947	0.0003619448654
234948	0.000256782525
234949	0.0003100166555
234950	3.470717353e-05
234951	0.0006420725979
234952	0.0002305564584
234953	9.619037854e-05
234954	9.629979389e-05
234955	0.0001215273562
234956	0.0001384730792
234957	0.0006163403024
234958	0.0006338550307
234959	0.0003557415657
234960	0.0002510337272
234961	7.381813132e-05
234962	0.0008137763562
234963	0.0002993951497
234964	0.0006814684335
234965	0.0001404810849
234966	0.0004244190091
234967	9.277161934e-06
234968	0.0005418630998
234969	4.938575029e-05
234970	6.262728374e-05
234971	0.0003992914675
234972	0.0009033436703
234973	0.0007880425755
234974	0.0001805929132
234975	9.221973783e-05
234976	0.0007009156842
234977	7.584724095e-05
234978	0.0005255058685
234979	0.0003585813506
234980	0.000681617109
234981	0.0002833782306
234982	0.0006214918629
234983	0.000124692019
234984	0.0001967312554
234985	0.0005515025055
234986	7.629670121e-05
234987	0.0003421862386
234988	0.0003172304443
234989	0.0001559897083
234990	1.65833247e-05
234991	0.000166076184
234992	7.638920472e-05
234993	1.721736033e-05
234994	1.579794421e-05
234995	0.000147254793
234996	0.001181064219
234997	0.0001036885835
234998	0.0001194004375
234999	8.579642874e-05
235000	0.0003317382392
235001	0.0003748098905
235002	0.000573980944
235003	0.000249221607
235004	0.0001112629333
235005	0.001087528947
235006	7.459726874e-06
235007	0.0006273078585
235008	0.0008203947473
235009	3.132072358e-05
235010	8.219342741e-05
235011	0.0003402947398
235012	0.0003164819011
235013	0.000198602208
235014	0.0009709897139
235015	0.001448458531
235016	0.000440935206
235017	0.0001390074068
235018	0.0004808919886
235019	0.0001572759597
235020	0.00029869211
235021	7.598014397e-05
235022	0.0003546463941
235023	0.0002089543841
235024	0.0004779961305
235025	0.0008539283125
235026	0.0007472751923
235027	0.0002543838024
235028	0.0003112519652
235029	0.0001189918851
235030	0.000471616956
235031	0.0003180928745
235032	0.0002463978811
235033	0.000479162803
235034	0.0001112116338
235035	6.79995702e-05
235036	0.000248391326
235037	0.0003301639987
235038	0.00044231747
235039	0.0004121520367
235040	0.000148463201
235041	0.0001531633646
235042	0.000639852621
235043	0.0001887108463
235044	0.0005030075231
235045	7.285464938e-06
235046	0.000432267668
235047	0.000790310038
235048	1.180493178e-05
235049	0.0003066323271
235050	1.419420783e-05
235051	0.0005539583394
235052	0.0001778716914
235053	0.0003286575208
235054	0.0003289392452
235055	0.0001623741466
235056	0.0003645137788
235057	0.0006598588211
235058	0.0001480935439
235059	8.628809294e-05
235060	0.0002554796168
235061	0.0002954984866
235062	0.000191278952
235063	0.0009103359188
235064	0.0001148457072
235065	0.0001058564617
235066	0.0001957361741
235067	0.0002091312399
235068	0.0010690666
235069	0.0003508213448
235070	0.0001070208576
235071	0.0001199896409
235072	7.971935944e-06
235073	0.0003736972421
235074	4.830195362e-05
235075	0.000382064137
235076	0.001203032246
235077	0.0001379402019
235078	0.0002605686992
235079	0.000224315153
235080	0.0002871764755
235081	0.0001603916358
235082	0.0001055356529
235083	0.0002292145026
235084	0.0002577349666
235085	0.0001003110269
235086	2.500179235e-06
235087	7.437145148e-05
235088	0.0005154650974
235089	0.0006770972877
235090	0.0001302739949
235091	3.226060261e-05
235092	3.947055519e-05
235093	0.0002602834464
235094	0.0004009583723
235095	0.0001723282431
235096	0.0006688273909
235097	0.0001070966909
235098	0.0009669965476
235099	5.322691229e-05
235100	0.0004601057302
235101	0.0007931501931
235102	0.0001969015858
235103	0.0001932731398
235104	0.0004008189252
235105	9.716950338e-05
235106	0.0002119195135
235107	0.001052591002
235108	0.0002155020828
235109	0.0001105727823
235110	0.0002557566942
235111	0.0008371358158
235112	0.000441300597
235113	0.0003434003892
235114	1.456734817e-05
235115	0.0003285193003
235116	1.281746619e-05
235117	0.0002498539001
235118	0.0001032484616
235119	0.0009117687613
235120	0.0001504868861
235121	0.0004562514576
235122	0.0002498902596
235123	0.0001651570502
235124	0.0008721239152
235125	0.0002557477128
235126	0.0001477951956
235127	0.0006409163606
235128	0.000133920544
235129	2.193273232e-05
235130	0.0001367618077
235131	0.0008598371579
235132	0.0003853317753
235133	0.0004187163234
235134	0.0006328492168
235135	0.0007703890878
235136	0.0001099110925
235137	0.0001701633643
235138	0.0002542413243
235139	0.000130753167
235140	4.586976453e-05
235141	0.0004755323244
235142	8.089111316e-05
235143	0.0004527064127
235144	4.529848026e-05
235145	6.626199921e-05
235146	0.000456578086
235147	0.0002873975256
235148	0.0002169111321
235149	0.0001381747061
235150	0.0004950698719
235151	0.0005631299139
235152	4.138961271e-06
235153	8.314300127e-05
235154	0.0004490193156
235155	0.0004265494237
235156	0.0002984587716
235157	0.0001589659445
235158	0.0002253831588
235159	0.001119369274
235160	0.0005465721025
235161	0.001176823607
235162	2.09132547e-05
235163	0.0001069277541
235164	0.0003927907711
235165	0.0004029646513
235166	8.380086813e-05
235167	0.0001020198029
235168	0.0002223601718
235169	0.0002654574902
235170	2.794267554e-05
235171	0.0004955741725
235172	0.0008342483994
235173	0.0003471548844
235174	5.183401125e-05
235175	0.000316194888
235176	0.0003293938612
235177	4.002568537e-05
235178	0.0005516308767
235179	5.164215987e-06
235180	0.0001572662847
235181	0.0003658820244
235182	0.000503906053
235183	0.0006522880299
235184	0.0004079357373
235185	0.0003439030649
235186	0.0003720937964
235187	0.000462792355
235188	0.0002042928717
235189	0.0001451298302
235190	0.0007294954705
235191	0.0007096985036
235192	8.550439672e-05
235193	0.0005048361959
235194	7.645964945e-07
235195	7.62966587e-05
235196	0.000160204953
235197	0.001092276447
235198	0.0004035229963
235199	0.0001326575549
235200	0.0002180753923
235201	0.0002136619143
235202	4.468941153e-05
235203	5.051476038e-05
235204	0.0006850924885
235205	0.0008241354138
235206	0.0004109976895
235207	0.0001020089678
235208	0.0006883590281
235209	0.000299987626
235210	0.0006081453051
235211	9.399543564e-05
235212	0.0001870407347
235213	0.0005384399594
235214	1.725205198e-05
235215	0.0002972612149
235216	0.0001449907127
235217	0.0001389073188
235218	5.856938525e-05
235219	7.10227936e-06
235220	2.319663508e-05
235221	6.777305957e-05
235222	0.0005753480344
235223	3.198897761e-05
235224	0.0002772555637
235225	4.129886967e-05
235226	0.0002432183493
235227	0.0001147015683
235228	0.0005314479229
235229	7.398739732e-06
235230	0.0006898856434
235231	0.0007347835074
235232	0.000322960142
235233	0.0001885093916
235234	2.541805011e-05
235235	0.0006330744863
235236	0.0003471392548
235237	0.0009433572994
235238	0.0002610474699
235239	0.0002200884495
235240	0.0004900535487
235241	0.001426392377
235242	0.000495717414
235243	0.0001186529561
235244	0.0003672289605
235245	0.0003304751681
235246	0.0005335613981
235247	0.0002133880021
235248	0.0002828948076
235249	0.0002189096223
235250	0.0003057440344
235251	0.0002837904331
235252	0.0001653698399
235253	2.808585811e-05
235254	0.0007193231786
235255	0.001240774409
235256	0.0001852222305
235257	4.920777958e-05
235258	0.0001158781476
235259	4.986288735e-05
235260	0.0009110540468
235261	4.523378559e-05
235262	7.787325691e-05
235263	0.0002918711111
235264	0.0004348180033
235265	0.0006096526366
235266	0.000477396164
235267	0.000430451713
235268	0.0002048969379
235269	0.0001312060075
235270	0.001195996744
235271	0.0004036844461
235272	0.0002955952992
235273	1.879369006e-05
235274	0.0005592366151
235275	0.0005609111045
235276	0.0003972682522
235277	0.0007518470755
235278	4.904314801e-05
235279	0.0003298597925
235280	0.000245038449
235281	0.000171164891
235282	0.0003270284828
235283	0.0002969744179
235284	0.001052173586
235285	8.283185223e-05
235286	8.688928877e-05
235287	0.0001945117734
235288	0.0001381978662
235289	0.0004587347083
235290	0.0004584551667
235291	0.0003293196376
235292	5.428011362e-05
235293	0.0001251639572
235294	0.0006818536263
235295	7.887064229e-05
235296	0.0003256437282
235297	0.0005620851339
235298	7.492338655e-05
235299	0.00011949353
235300	0.0005832947097
235301	0.0005913121323
235302	0.0001243712119
235303	0.0006677470054
235304	0.0001156004595
235305	7.436169003e-06
235306	0.001218682375
235307	0.001173317922
235308	0.0002804587772
235309	0.0001235264297
235310	4.774964355e-05
235311	0.0002513609041
235312	2.688881135e-05
235313	0.0006136408465
235314	4.115014061e-05
235315	6.693600979e-05
235316	0.000119450066
235317	7.019592117e-06
235318	7.564543562e-05
235319	0.0002116410469
235320	0.0005389867735
235321	0.0007467497011
235322	0.0002968235638
235323	9.454230917e-05
235324	9.776887394e-05
235325	0.0005819565368
235326	0.0004270902196
235327	0.0002891975537
235328	0.0006699377951
235329	0.0008981372285
235330	0.0001706345791
235331	0.0004210508671
235332	0.0001037804822
235333	0.001240976077
235334	0.000638730118
235335	0.0002128267774
235336	0.003567723257
235337	0.001908888855
235338	0.001210559883
235339	0.001826999751
235340	0.002400812271
235341	0.001969557238
235342	0.0008427895178
235343	0.0007113301693
235344	0.001668943981
235345	0.0001294014145
235346	0.0003198413913
235347	0.001623008762
235348	0.001815649342
235349	0.001025970625
235350	0.002532667892
235351	0.002249592514
235352	0.002269084064
235353	0.002542150361
235354	0.002047628172
235355	0.0005584558252
235356	0.001220135848
235357	0.003320467352
235358	0.003180786212
235359	0.001054533502
235360	0.002951445835
235361	0.002583912656
235362	0.0003713999438
235363	2.601989041e-05
235364	0.003657006651
235365	0.003076688104
235366	0.00117176967
235367	0.0009566306218
235368	0.003636178106
235369	0.0005790111963
235370	0.003231781516
235371	0.002013368056
235372	0.0003793085805
235373	0.001441739508
235374	0.0008881345661
235375	0.0001562657124
235376	0.0006474564524
235377	3.700792691e-05
235378	6.087129505e-05
235379	0.0007386905052
235380	0.0005919789081
235381	0.001072597356
235382	1.860005916e-05
235383	0.0003687929639
235384	0.0005313992135
235385	0.0008293508125
235386	0.0005084008589
235387	0.0003927054874
235388	0.003711987918
235389	0.0007844595233
235390	0.0007310198874
235391	7.355241906e-05
235392	0.0002583321035
235393	0.0008158704818
235394	0.001844603301
235395	0.0006401585681
235396	0.0001740527399
235397	0.0004205463506
235398	0.0006888382751
235399	0.0006298833304
235400	0.001249340678
235401	0.0001617125093
235402	0.000220906762
235403	0.001115178423
235404	0.0004329802333
235405	8.89928668e-05
235406	0.003166787557
235407	0.004336774802
235408	0.000253719886
235409	0.00022151261
235410	0.0005013359815
235411	0.0004921500371
235412	0.000157692709
235413	0.0001252960525
235414	0.0007684004407
235415	5.915627982e-05
235416	0.0003487224987
235417	0.0003839254375
235418	0.0003025178371
235419	0.0005513683844
235420	0.0007218123056
235421	0.0005112884568
235422	0.0002166540092
235423	0.0006354970446
235424	6.062006249e-05
235425	0.000528140731
235426	6.537187064e-05
235427	0.0001706001814
235428	0.001032726305
235429	0.0003617979059
235430	3.105810078e-06
235431	0.0001899318292
235432	0.0003400423309
235433	0.0001654926015
235434	0.000861640192
235435	0.0005570401909
235436	0.0004271547693
235437	0.000381028581
235438	0.0003041091743
235439	0.0003397861589
235440	0.001191618301
235441	9.680409659e-06
235442	0.001121035193
235443	0.0004081884251
235444	0.0008832152142
235445	0.001046583197
235446	0.0004291357175
235447	0.0001373904257
235448	0.0004835767805
235449	0.0007142202409
235450	0.0001250417682
235451	0.000730588321
235452	0.000109319341
235453	0.0002124958151
235454	0.0006556933835
235455	0.00029701671
235456	0.0002758294535
235457	0.0001446449892
235458	0.000259733532
235459	0.0001454478131
235460	0.0004300943257
235461	0.0009898131914
235462	0.0007891737673
235463	0.000445541708
235464	0.0002535606821
235465	0.001019076166
235466	0.0003874642445
235467	0.0001745661028
235468	0.0002696233896
235469	0.0001526489628
235470	0.0003350737126
235471	0.005008949095
235472	0.0002156153909
235473	0.0002122750925
235474	1.723087728e-05
235475	6.602836972e-05
235476	0.0004256504421
235477	0.0001581333255
235478	0.0003242137014
235479	0.0009653269558
235480	0.00031585898
235481	0.0008257607029
235482	0.0003807471332
235483	0.000454546979
235484	0.0006175812607
235485	0.0006236236266
235486	0.001105355332
235487	0.000382644747
235488	3.314347085e-05
235489	0.0009804566706
235490	0.0003377987451
235491	0.0002970693035
235492	0.003181184841
235493	0.0007401533083
235494	0.0005122378886
235495	0.0008287206452
235496	0.0001523914485
235497	0.001127474158
235498	0.0003515207468
235499	0.0006901834488
235500	3.245490087e-05
235501	0.000230860216
235502	9.104382782e-05
235503	0.00075427336
235504	0.0002221271365
235505	0.0001786070023
235506	0.0004991117649
235507	0.0005269819797
235508	0.0005315924477
235509	0.0004751462089
235510	7.19193692e-05
235511	0.0006614480473
235512	0.000379673371
235513	0.0003076886456
235514	0.0006786708068
235515	0.001096031501
235516	0.001016540708
235517	8.691902404e-05
235518	0.0004317847829
235519	0.0006362560777
235520	0.0002948342926
235521	0.0009326281993
235522	0.0003993046609
235523	0.0005607399671
235524	2.180437929e-05
235525	0.0002558401022
235526	0.0001375732361
235527	0.0005638930968
235528	0.0003413717547
235529	1.219154936e-05
235530	9.611938561e-05
235531	8.543100321e-05
235532	0.0003158085473
235533	0.000723364805
235534	0.002081344785
235535	0.0004182899824
235536	0.0005454589601
235537	0.0004033150862
235538	0.0002095817349
235539	0.0009179240418
235540	0.001568526325
235541	0.001081169778
235542	0.0004211905188
235543	5.672630597e-05
235544	0.0001117520674
235545	0.0001290383248
235546	0.0003679389072
235547	0.0004120373057
235548	0.001532323144
235549	0.00063977125
235550	0.0002623771572
235551	0.000535099799
235552	0.0002137133531
235553	0.0006807911351
235554	0.0003282867743
235555	0.0005632671954
235556	0.0004600305148
235557	0.0002614248233
235558	0.0003510194376
235559	0.0003528904809
235560	7.96316949e-05
235561	0.0003996210472
235562	0.00036612559
235563	0.0002977447355
235564	0.0003971350534
235565	0.0002581380757
235566	0.0009832567076
235567	0.0007498788874
235568	8.731183235e-05
235569	0.0001978631113
235570	0.0004206773154
235571	0.0001099602457
235572	0.0007821998075
235573	0.0009022355035
235574	0.0005941049001
235575	0.0001980404503
235576	0.0004820020954
235577	0.001257402644
235578	0.000726525339
235579	0.00102467473
235580	0.0002379338033
235581	0.0008327384799
235582	0.0006408666534
235583	0.000259186702
235584	0.0009123271595
235585	0.0004647649475
235586	0.005689044696
235587	0.0002729667393
235588	0.0003344952722
235589	0.0001327666601
235590	0.0005362178408
235591	0.0009810836651
235592	0.0002910939545
235593	0.0001539759066
235594	0.0004321986057
235595	0.0009293238291
235596	0.0001934218638
235597	0.0003842061009
235598	5.275097192e-06
235599	0.0005399228259
235600	0.000598600777
235601	0.0007579487018
235602	3.770776889e-05
235603	0.003724737713
235604	0.000385652831
235605	0.0002189269818
235606	0.0007413860755
235607	0.0007830292988
235608	0.000741993579
235609	0.0002816772107
235610	0.0005777389127
235611	0.0004432966587
235612	0.0001937511374
235613	0.0002746852798
235614	0.0001509841762
235615	0.0002800052143
235616	0.0003718980005
235617	0.0004869871799
235618	0.0004012832205
235619	0.0005096352209
235620	0.0005704238448
235621	4.165958026e-06
235622	0.0004624545037
235623	0.0003940172561
235624	0.0002582978288
235625	0.0006035934724
235626	0.0001960604438
235627	4.227023864e-05
235628	0.001115784922
235629	0.0005816476489
235630	0.0008298630743
235631	0.0008103723743
235632	0.0003446951005
235633	0.0005308433214
235634	0.0003568611762
235635	0.0002563101645
235636	0.0007564541688
235637	0.0004260603038
235638	0.0006834977094
235639	0.0004211471418
235640	0.0006716986237
235641	0.0004351161213
235642	0.0004140025995
235643	0.0003072891794
235644	0.0003216025165
235645	0.0004754544932
235646	0.0004193376728
235647	0.0005253959309
235648	0.0004709052522
235649	0.0005243798725
235650	0.0004060801963
235651	0.000134008422
235652	0.000323207352
235653	0.0005492492028
235654	0.0003385600125
235655	0.0008985553076
235656	0.0008050540967
235657	0.0007683705463
235658	0.0001404016546
235659	0.001027733253
235660	0.0003139760734
235661	0.0007803629746
235662	0.0005366995164
235663	8.81011163e-05
235664	0.0005120954659
235665	0.0001627483458
235666	0.00027500989
235667	0.000750199083
235668	0.0003504979482
235669	0.0001962648504
235670	0.0002898854718
235671	0.0005751450757
235672	0.0006785185126
235673	0.000124148324
235674	0.0006208853039
235675	0.0005529685448
235676	0.0001022847021
235677	0.0001189170465
235678	0.0007068213396
235679	0.0003267677643
235680	0.0002025592278
235681	0.0002931043017
235682	0.0001503252438
235683	0.0004415966546
235684	0.0007499516769
235685	0.0006788214991
235686	0.001023752411
235687	6.089978078e-05
235688	0.0004313132513
235689	0.0008077129092
235690	0.0002865830319
235691	0.0001276339675
235692	5.694051025e-05
235693	0.0004041569049
235694	2.088042949e-05
235695	0.0009295234048
235696	0.003970471887
235697	9.224799909e-05
235698	0.0008357496196
235699	0.0004813166499
235700	0.0002891003796
235701	0.000811375107
235702	0.0006713374786
235703	0.0002093982328
235704	0.0007602564792
235705	0.0001809940942
235706	0.0004298973063
235707	4.600167816e-05
235708	0.0001598417631
235709	0.0007511583375
235710	0.000627308751
235711	0.0003685815573
235712	0.0007479027491
235713	8.690460023e-05
235714	0.0004747144801
235715	0.0001317830531
235716	2.943044866e-05
235717	8.03973784e-05
235718	0.0002788021667
235719	0.003645724154
235720	0.0004109815955
235721	0.0005342550351
235722	0.0004230457389
235723	0.0002100770133
235724	0.0003130707258
235725	0.000431532046
235726	0.0007817499614
235727	0.001040776043
235728	0.0008882462098
235729	0.0002731707548
235730	0.0005391766077
235731	0.0001965042087
235732	3.694282773e-05
235733	0.0002169952214
235734	0.0006565836948
235735	3.731666606e-05
235736	0.0003830022257
235737	0.0009257879234
235738	0.0001731169077
235739	0.0001954607893
235740	0.000155810678
235741	0.0006185771206
235742	0.0005077220245
235743	0.0001823624791
235744	0.0005817995614
235745	0.0008795482081
235746	0.003571943133
235747	0.000677782265
235748	0.0006036814639
235749	9.43658286e-05
235750	0.0004202260748
235751	0.0007366908328
235752	0.0001041959814
235753	0.0006759719575
235754	0.0006908925986
235755	0.0001379260637
235756	0.0002353434678
235757	0.0003862111645
235758	4.851389996e-05
235759	0.0003040754148
235760	0.0004935086833
235761	0.0007591253203
235762	5.955714963e-05
235763	0.0006755117665
235764	0.0006790952877
235765	0.0002484611516
235766	0.0008206978334
235767	0.0004649422468
235768	0.0007931139901
235769	0.0004278168826
235770	0.0002299844163
235771	0.0003182887882
235772	0.000637773611
235773	0.0007361084708
235774	0.0002283238532
235775	0.0002986966224
235776	0.0007729874898
235777	0.0007693470087
235778	0.001213481403
235779	0.00068073665
235780	0.0003835402806
235781	6.455761008e-05
235782	9.850553507e-05
235783	0.0002509996556
235784	0.001236142024
235785	0.0003953852245
235786	0.0006222134135
235787	0.000559713966
235788	0.0008240441256
235789	0.0001846972232
235790	0.0002951060913
235791	0.0001607732358
235792	0.001145943937
235793	0.0006333954876
235794	0.0003423592252
235795	0.0003403275298
235796	0.0003696454388
235797	0.0006332127736
235798	0.000153315096
235799	0.0009151207075
235800	0.0007121724535
235801	0.0005316379888
235802	0.0004312586533
235803	0.000499398167
235804	0.0003443931049
235805	0.0002260380689
235806	0.000943863459
235807	0.0001177630323
235808	0.0006116977392
235809	0.001658602675
235810	0.0004614405538
235811	0.0008080095455
235812	0.000310418087
235813	0.001013265233
235814	0.0002066976311
235815	0.0003901683466
235816	0.0002310286176
235817	0.001478977378
235818	0.0008052797942
235819	0.001687872162
235820	0.003259641516
235821	0.003859112151
235822	0.0006090105423
235823	0.003287030343
235824	0.003788000572
235825	0.001655960869
235826	0.00127289625
235827	0.001945806383
235828	0.001000003136
235829	0.001936828752
235830	0.003293463389
235831	0.002110437797
235832	0.000173590379
235833	0.002654901135
235834	7.8765189e-05
235835	0.001691918705
235836	0.0007560727401
235837	0.00341014911
235838	0.004230167231
235839	0.002641269652
235840	0.002993474685
235841	0.004589079995
235842	0.004873170275
235843	0.0002043917121
235844	0.00465158933
235845	0.002034283049
235846	0.003507670783
235847	0.0008710420061
235848	0.002467829869
235849	0.002427007749
235850	0.003620342745
235851	0.004031127018
235852	0.00152928633
235853	0.003038861345
235854	0.004911501682
235855	0.003173956956
235856	0.001440921348
235857	0.004969528224
235858	0.005877130551
235859	0.001976109012
235860	0.0002045860227
235861	0.001452467747
235862	0.003033659332
235863	1.424977694e-05
235864	0.003174922795
235865	0.001095424882
235866	0.0004573093641
235867	0.001260139217
235868	0.002520523698
235869	0.0004746471227
235870	0.00169439323
235871	0.00406088666
235872	0.001019170077
235873	0.003497046829
235874	0.004184139496
235875	0.006410344678
235876	0.0001513283498
235877	0.002817617032
235878	0.0004196502804
235879	0.003061025611
235880	0.002285825312
235881	0.00386382589
235882	0.001910252291
235883	0.0006506635831
235884	0.001690239458
235885	0.002079295902
235886	0.0001948337553
235887	0.002084349989
235888	0.001043827266
235889	0.001224045682
235890	0.002831867991
235891	0.001061054135
235892	0.001028104752
235893	0.000677240525
235894	0.0003734117663
235895	0.0005060222581
235896	0.0006558832941
235897	0.006424911868
235898	0.003228257515
235899	0.001529416477
235900	0.0005343063416
235901	0.005175459003
235902	0.003805593473
235903	0.003705042467
235904	7.953427387e-05
235905	0.0004803018387
235906	0.0001991507522
235907	9.239916375e-06
235908	0.0003052994629
235909	0.001167545763
235910	0.0008702838126
235911	0.0005200562823
235912	0.0002728146312
235913	0.0004894871046
235914	0.0009275687646
235915	0.002401877023
235916	0.0008491054829
235917	0.0001961453803
235918	0.0001106360363
235919	0.000608801577
235920	0.001068476835
235921	0.0005218113534
235922	2.820130768e-05
235923	9.089453435e-05
235924	0.0002617396481
235925	0.0002871477354
235926	0.0003738669714
235927	0.000975191701
235928	0.0003692518479
235929	0.0002100493773
235930	0.000175292777
235931	0.0001828184781
235932	0.0004671556889
235933	6.495242607e-05
235934	2.925029754e-05
235935	0.002501507555
235936	5.784511852e-05
235937	0.0002096632297
235938	0.0008298444624
235939	0.000354999029
235940	0.0002052204729
235941	0.0003492946039
235942	0.0005996228483
235943	0.0006703945999
235944	8.027480979e-06
235945	0.0005016961264
235946	0.0005819981241
235947	0.0006411705133
235948	0.0006742201276
235949	0.0001403418597
235950	0.0005390409845
235951	0.0001214830748
235952	0.0002397511608
235953	0.0006064060831
235954	0.0004674366627
235955	5.835980152e-05
235956	0.0008707151597
235957	0.0001618316822
235958	3.895176052e-05
235959	0.0006967782077
235960	0.0003221096305
235961	5.336268167e-05
235962	0.0007019016136
235963	0.0006229976626
235964	0.0001995041227
235965	0.000142464994
235966	5.022703946e-05
235967	0.0005490775509
235968	0.0003595574287
235969	0.0007572284096
235970	0.0001878847964
235971	0.001027949475
235972	0.000503632149
235973	0.0001093981471
235974	0.0001275065521
235975	0.00119797394
235976	1.14445536e-05
235977	0.0008999088746
235978	0.0003211232331
235979	0.000116896269
235980	5.182347944e-05
235981	0.001327057785
235982	0.0002542717594
235983	0.00113754988
235984	0.0003721116306
235985	0.0005220902533
235986	4.750570759e-05
235987	0.0002997893703
235988	0.0002447726655
235989	0.0003553617056
235990	0.0005538864525
235991	8.579527953e-05
235992	0.0002374652019
235993	0.0002054079303
235994	0.0005215291135
235995	0.0002506874375
235996	0.0001916521126
235997	0.001092298007
235998	0.001164065378
235999	0.0001973381298
236000	0.0006716521957
236001	0.001333958962
236002	0.00130483353
236003	0.00106562387
236004	0.0004650748919
236005	0.0005804253535
236006	0.0001501875372
236007	0.0002400578153
236008	0.0001434370459
236009	4.010060079e-05
236010	0.0005513949543
236011	0.0005188184363
236012	0.0008190485597
236013	0.0001988895997
236014	0.0005362166941
236015	0.0005066908401
236016	5.030708109e-05
236017	0.0007800623284
236018	0.0002783729704
236019	0.0002514436271
236020	0.0002648761855
236021	0.0001951443125
236022	0.0004279404353
236023	0.0002055677672
236024	0.0008159684682
236025	0.000630298684
236026	0.0003750562904
236027	0.0002434606056
236028	0.0003078877786
236029	9.740917415e-05
236030	9.810033022e-05
236031	0.000182084469
236032	3.22176222e-05
236033	0.0002168398112
236034	0.0002107159803
236035	0.0004592706782
236036	0.001829994299
236037	3.708297007e-06
236038	0.0005052652457
236039	0.0003365416575
236040	0.0006821063641
236041	0.0003897531664
236042	8.297293183e-05
236043	0.0003873979115
236044	0.0001078550897
236045	0.000338913621
236046	0.0003211068659
236047	0.001772767574
236048	0.0002021020225
236049	0.001624357629
236050	0.0005805405473
236051	0.0002041769454
236052	0.0006919748523
236053	0.0003080752819
236054	2.235829384e-05
236055	3.878901481e-05
236056	0.0008287514862
236057	0.001023657418
236058	0.0009867914981
236059	0.0002166553748
236060	0.0002091306915
236061	0.0007859237779
236062	0.000156661048
236063	0.0003292768398
236064	5.8405706e-06
236065	0.000377689978
236066	0.0003914400713
236067	0.001254696798
236068	0.0008447608655
236069	4.173417674e-05
236070	0.000283067004
236071	0.0006138898998
236072	0.0003221930075
236073	0.0004859476785
236074	0.0001278151822
236075	0.000135476239
236076	0.0001080385573
236077	0.0004000819863
236078	3.503093552e-05
236079	0.005081464984
236080	0.000207200975
236081	5.516300317e-05
236082	0.000624771529
236083	6.370131828e-06
236084	4.461563645e-05
236085	7.782804687e-05
236086	0.0007719453151
236087	2.182382097e-05
236088	5.676392126e-05
236089	0.001475529433
236090	0.000584407506
236091	0.0002461381979
236092	0.000169689307
236093	0.0006289610156
236094	0.0003976405857
236095	2.405694711e-05
236096	5.416731732e-05
236097	0.0005279531923
236098	0.0004410209635
236099	3.035967711e-05
236100	0.0002210333301
236101	0.000393228369
236102	0.0002899928624
236103	0.004407449538
236104	0.002570285887
236105	0.007196687427
236106	0.001048794346
236107	0.001729665876
236108	0.001943427095
236109	0.00839665079
236110	0.006840259257
236111	0.005992689789
236112	0.002035095854
236113	0.006769896908
236114	0.004091666207
236115	0.001154176018
236116	0.001207079856
236117	0.002141340302
236118	0.006445035292
236119	0.001506965907
236120	0.0008004884609
236121	0.001931023941
236122	0.007372535172
236123	0.002730248636
236124	0.001112398856
236125	0.0001664017304
236126	0.004629190028
236127	0.00300313843
236128	0.0004252653747
236129	0.002241777193
236130	0.0005061751791
236131	0.003048076795
236132	0.0006183088772
236133	0.0005879114795
236134	0.002667414468
236135	0.002025417512
236136	1.111492202e-05
236137	0.0002222515793
236138	9.425700985e-05
236139	9.778683465e-05
236140	0.001958760574
236141	0.001932265824
236142	0.0007638534264
236143	0.004278544401
236144	0.0009126101777
236145	0.001138658742
236146	0.0003728732438
236147	0.0009327826602
236148	0.0005947553514
236149	0.002083900787
236150	0.003003394141
236151	0.001163974029
236152	0.001037952047
236153	0.0004106790001
236154	0.005743553195
236155	0.003335118705
236156	0.002451470488
236157	0.001855180728
236158	0.002392917064
236159	0.004424221193
236160	0.001779415983
236161	0.004145938593
236162	0.001485951784
236163	0.001570330873
236164	0.0002153828772
236165	0.0003296073636
236166	0.0006547689419
236167	0.002803987751
236168	0.0006369682539
236169	0.004161118559
236170	0.006121726852
236171	0.001297143479
236172	0.00550236506
236173	0.005940534382
236174	0.001042491223
236175	9.822983549e-05
236176	0.0004866821041
236177	0.0001956662126
236178	0.0002941651841
236179	2.058595358e-05
236180	3.927139833e-05
236181	0.0008438871908
236182	2.816513963e-05
236183	0.0004798417356
236184	8.692898887e-05
236185	0.0007616261947
236186	0.0003592235743
236187	3.581782064e-05
236188	0.0001678028763
236189	3.545159132e-05
236190	0.0001415475653
236191	0.005400485139
236192	0.0007509302415
236193	0.0001939193226
236194	0.001628814735
236195	0.0002168998492
236196	0.0003422977248
236197	2.591775352e-05
236198	0.0007277023907
236199	3.470942037e-05
236200	0.0001858900239
236201	0.002180461653
236202	0.0007795316356
236203	9.866939761e-05
236204	0.001826971524
236205	0.0007730565371
236206	0.000289810842
236207	0.0008758720678
236208	0.002174584202
236209	0.001158954159
236210	0.002645490928
236211	0.005461038515
236212	0.001161253286
236213	1.092108024e-05
236214	0.0005401587308
236215	8.182292603e-05
236216	0.0001850868295
236217	3.320147346e-05
236218	3.784621881e-05
236219	0.0002855003915
236220	0.0001574272658
236221	0.0003094232336
236222	7.147328102e-05
236223	0.0003186015331
236224	3.674532924e-05
236225	1.183072298e-05
236226	0.0002654665422
236227	9.371264051e-05
236228	3.559726203e-05
236229	0.0001682857847
236230	0.0008152378553
236231	0.0009096520939
236232	0.0001900390707
236233	0.0001111494036
236234	0.0006429997422
236235	0.0001441082617
236236	0.0001315533119
236237	0.0001421504943
236238	0.0002245404122
236239	0.0001340894875
236240	2.247795968e-05
236241	0.00132940936
236242	0.0001488706357
236243	0.0006743154604
236244	0.0001986328572
236245	9.974194215e-05
236246	0.001238136797
236247	0.0004282349144
236248	0.0009854133436
236249	0.0003800632523
236250	0.0003447389719
236251	0.002239513726
236252	0.001426335196
236253	0.000215156878
236254	1.046122948e-05
236255	0.001051482137
236256	8.635521496e-05
236257	2.961517506e-05
236258	8.902328056e-05
236259	0.000302663265
236260	0.0001957053832
236261	0.0003190222663
236262	0.0001724690518
236263	5.140106316e-05
236264	2.870892426e-05
236265	0.0002105565767
236266	7.506166383e-05
236267	0.0002153625317
236268	7.501293479e-05
236269	4.19980253e-05
236270	0.0002445794137
236271	7.858506235e-05
236272	0.0001869002825
236273	9.192865171e-05
236274	7.892997106e-05
236275	1.774719363e-05
236276	0.0003439942606
236277	0.0004317121648
236278	0.0004519341528
236279	0.0006722103329
236280	0.0005685829222
236281	0.0008831270608
236282	0.001249121434
236283	0.000138961928
236284	0.0004178005981
236285	0.0001307038912
236286	0.0002253986028
236287	2.258685075e-05
236288	0.0006673227636
236289	0.0005461776019
236290	8.338567955e-05
236291	0.001056973844
236292	0.0002866225899
236293	3.324807403e-05
236294	0.000522366202
236295	4.221406111e-05
236296	0.0001968651483
236297	0.0001432720838
236298	0.0002451813696
236299	0.000683986299
236300	4.890018422e-05
236301	0.0004972932062
236302	5.603969839e-05
236303	3.321255283e-06
236304	0.0009834280636
236305	0.0001017613589
236306	0.0003893142391
236307	0.002267180716
236308	0.001344391291
236309	0.0002050005309
236310	0.0001157167309
236311	0.001320607425
236312	0.001487780499
236313	0.0002813374165
236314	0.001970255383
236315	0.001417308201
236316	0.003154879489
236317	1.580378277e-05
236318	0.001346727602
236319	0.002453633849
236320	0.0003005558436
236321	0.0001208680326
236322	0.003741181648
236323	0.0009546575398
236324	0.001709167187
236325	0.0004065051705
236326	2.088617189e-05
236327	0.006312092264
236328	0.001625702263
236329	0.001783370833
236330	0.0002933380057
236331	0.0006555537294
236332	0.0009873548758
236333	0.004333448802
236334	0.004004056193
236335	6.252360517e-05
236336	0.0008025179329
236337	0.005986003848
236338	0.001325048718
236339	0.002121016836
236340	0.001990994327
236341	0.005034758919
236342	0.001811854926
236343	0.0002439512843
236344	0.003086159536
236345	0.001316254456
236346	0.001468956733
236347	0.001936466421
236348	0.001278587635
236349	0.001767041994
236350	0.003011182998
236351	0.001536047064
236352	0.000458688159
236353	3.987288582e-06
236354	0.0008295286
236355	0.0005778824893
236356	0.00290985205
236357	0.0002060689999
236358	0.002813739368
236359	9.041773368e-06
236360	0.0001837004569
236361	0.0003931974991
236362	0.0001469882921
236363	0.0001247915695
236364	0.001338249862
236365	0.007719900803
236366	0.00820892104
236367	0.001783584116
236368	0.002335253694
236369	0.002270985845
236370	0.0004135121064
236371	1.830392063e-05
236372	0.002217237337
236373	0.004299264155
236374	0.0006898327216
236375	0.001844426275
236376	0.0001054600388
236377	0.0009113722768
236378	0.001426070845
236379	0.0008468397595
236380	0.001342764094
236381	0.002466013037
236382	0.00269771586
236383	0.002719739449
236384	0.001272869241
236385	0.002468023624
236386	0.001549498648
236387	0.0009065852452
236388	0.00152035336
236389	0.0008003942663
236390	0.003609640508
236391	0.001229006592
236392	0.001759764964
236393	0.002378453029
236394	0.002483844127
236395	0.001601948007
236396	0.002699883149
236397	0.002491008463
236398	0.002716665087
236399	0.001964862572
236400	0.0008453801507
236401	0.001421875135
236402	0.002918525039
236403	0.002074975666
236404	0.002464849776
236405	0.0001192411633
236406	0.008819988771
236407	0.003853861545
236408	0.0005677457264
236409	0.001420674184
236410	0.002025598029
236411	0.0005049643215
236412	0.001759620586
236413	0.0008251230685
236414	0.001475353557
236415	0.004873316253
236416	0.001223363156
236417	0.004060983783
236418	0.0003097136664
236419	0.003163249301
236420	0.005043406121
236421	0.002712503255
236422	0.0005542626593
236423	0.002076675174
236424	0.0001294641277
236425	0.003092957739
236426	0.002441706636
236427	0.005826710347
236428	0.002610283835
236429	0.002679627667
236430	0.0002786072103
236431	0.002139111942
236432	0.002934811312
236433	0.001142585478
236434	0.00216684687
236435	0.002360192292
236436	0.001843250519
236437	0.002179870759
236438	0.001920426407
236439	0.00195551804
236440	0.001725201727
236441	0.001890007547
236442	0.001679800484
236443	0.002091350399
236444	0.001489652163
236445	0.002156719453
236446	0.002008522789
236447	0.001904708674
236448	0.001946929572
236449	0.001969047882
236450	0.00200281009
236451	0.002124335869
236452	4.745429878e-05
236453	0.001461903396
236454	0.001999897325
236455	3.587877452e-05
236456	0.0002516708118
236457	0.0002398251358
236458	0.005720414002
236459	0.0009442752182
236460	0.0001745681452
236461	0.001998669095
236462	0.0008982143237
236463	0.0005467182244
236464	0.002278498335
236465	0.001688069622
236466	0.004048577247
236467	0.0001366644379
236468	0.0002953743126
236469	0.002611212336
236470	0.0002097558054
236471	0.0002732192041
236472	0.0003501909762
236473	0.0005612408015
236474	0.0006808584308
236475	0.0006578171688
236476	0.0003258891252
236477	0.0005998831312
236478	4.407121719e-05
236479	0.0007037290375
236480	0.0005963994485
236481	0.0006478037484
236482	0.0005666709607
236483	0.001064241144
236484	0.003801761936
236485	0.0007082609477
236486	0.001447013361
236487	0.001352777141
236488	0.0009018559215
236489	0.007575111666
236490	0.00338790049
236491	0.002913073759
236492	0.00252059688
236493	0.0001309694452
236494	7.925454332e-05
236495	9.118735993e-05
236496	0.0002902709092
236497	0.0001173900533
236498	0.000122498418
236499	0.0003027601973
236500	0.001190801949
236501	3.016003179e-05
236502	0.0001169662666
236503	3.695211988e-05
236504	0.000261790806
236505	0.0006435443946
236506	8.913119647e-05
236507	4.144014097e-08
236508	0.000124821282
236509	8.698663845e-05
236510	0.0002179557918
236511	0.0002096689322
236512	1.178385374e-05
236513	0.0002846978789
236514	0.000250038422
236515	0.0001966438439
236516	0.002143703007
236517	0.0001310235438
236518	0.001306226542
236519	0.001559211015
236520	0.001871230743
236521	0.001395477378
236522	0.001849382757
236523	0.001459546609
236524	0.0008342421973
236525	0.001735833703
236526	6.929763153e-05
236527	0.0005290383577
236528	0.001080820083
236529	4.295859725e-05
236530	0.001278205473
236531	0.001557772946
236532	0.0002309722648
236533	0.0003337353324
236534	0.0004079995957
236535	0.0004283909194
236536	0.0009666963589
236537	0.0001224414674
236538	5.992382474e-05
236539	0.0002080598398
236540	0.0009665425203
236541	0.0007635415825
236542	0.0001548479545
236543	0.0003998074548
236544	0.0005408336998
236545	0.0002198978848
236546	0.001907772111
236547	0.001715796558
236548	0.001140260931
236549	0.0005193134729
236550	0.002718552881
236551	0.0008700847947
236552	0.002333028647
236553	0.0003478217943
236554	0.0006362586747
236555	0.0006315017254
236556	0.0005163559155
236557	0.002888839382
236558	0.0001536174386
236559	0.002318733814
236560	0.00179586335
236561	0.002940195552
236562	0.001344681624
236563	0.001481346336
236564	0.006113404565
236565	0.00260120603
236566	0.003916622729
236567	0.0008876620666
236568	5.321413367e-08
236569	0.00209653227
236570	0.001284244721
236571	0.0005674614335
236572	0.001549347375
236573	0.0006181016709
236574	0.00421526629
236575	0.00194323017
236576	3.685242615e-05
236577	0.001716299069
236578	0.0006693055174
236579	0.0001395244297
236580	0.0001476345642
236581	0.0009049508589
236582	0.0006476763959
236583	0.00495796789
236584	0.0003967929044
236585	0.004492015671
236586	0.001580986566
236587	1.61776509e-05
236588	0.003598566146
236589	0.001581187066
236590	0.004073592486
236591	0.003158828071
236592	0.003134376085
236593	0.007267855683
236594	0.001850301517
236595	4.183959211e-05
236596	0.004335687381
236597	0.0009602380353
236598	0.002715939031
236599	0.0001692623641
236600	0.000127515959
236601	0.001212788292
236602	0.002394314147
236603	0.001212601547
236604	0.0004309161306
236605	0.004062719694
236606	0.0007927516718
236607	0.0002663592532
236608	0.0009581627923
236609	0.0008969261106
236610	0.0005114072467
236611	0.0007757528806
236612	0.0003798112245
236613	4.925870611e-05
236614	9.101740119e-05
236615	0.0004850049752
236616	0.001018859844
236617	0.0008421604296
236618	0.000553144363
236619	0.001478572961
236620	0.004896967969
236621	0.0004174377633
236622	0.00154957827
236623	0.002740615194
236624	0.0009021960541
236625	0.0007343408015
236626	0.001055671155
236627	0.002013310224
236628	0.003402142145
236629	0.001066311946
236630	0.002194822567
236631	0.001462027304
236632	0.004067006759
236633	0.001256405588
236634	0.005074921223
236635	0.002788560549
236636	0.005447720515
236637	7.896917359e-05
236638	0.0001055572559
236639	0.0008847994789
236640	0.001649428585
236641	0.002465257014
236642	0.005168698242
236643	0.001948260856
236644	0.002155885962
236645	0.0004101606246
236646	0.0003155830386
236647	0.002057151125
236648	0.003024422184
236649	0.003196917481
236650	0.0008945957402
236651	0.0005402771385
236652	0.00149643112
236653	0.0005677952858
236654	0.006905793084
236655	0.004537306062
236656	0.00348890289
236657	0.001271998336
236658	0.001537607451
236659	0.001468770941
236660	0.002143206463
236661	0.0009624516387
236662	0.001471753438
236663	0.00496250952
236664	2.199283156e-05
236665	0.002752320452
236666	0.0008726114774
236667	0.005826790259
236668	0.0005906113221
236669	5.869584093e-05
236670	0.001943764507
236671	0.002308957219
236672	6.694320852e-05
236673	0.0008854579714
236674	0.0009690194433
236675	0.005208513986
236676	0.0004801241128
236677	0.001965150547
236678	0.001559087049
236679	0.0005288225573
236680	0.003634670664
236681	0.003674988238
236682	0.001336144171
236683	0.0009724952907
236684	0.001179794271
236685	0.002560741873
236686	0.0003382345872
236687	0.0005787982695
236688	0.001222363416
236689	0.002622017527
236690	0.004060620386
236691	0.001989884541
236692	0.00080351331
236693	0.001649640381
236694	0.000806081585
236695	0.000257647767
236696	0.000618407327
236697	9.463801018e-05
236698	0.001401528114
236699	2.529800782e-05
236700	0.001247479773
236701	0.0003931385726
236702	0.0002097616615
236703	0.001485250584
236704	0.0008631005145
236705	0.0003085000187
236706	0.0004009641048
236707	0.0006625323452
236708	0.0005316418753
236709	0.001787414307
236710	0.004601304643
236711	0.000982203649
236712	0.003047780915
236713	0.003428575996
236714	0.0007254053409
236715	0.0008887676609
236716	0.002883162085
236717	0.00461041029
236718	0.0004621982939
236719	3.635163114e-05
236720	0.0004411463042
236721	0.0004588653725
236722	0.004450779513
236723	0.001519831638
236724	0.00274933433
236725	0.0004088163876
236726	0.003492820191
236727	0.0001322163287
236728	0.0002137190397
236729	0.002312348363
236730	0.000802036339
236731	0.0002440333052
236732	0.004294471759
236733	0.0008987912189
236734	0.002193331669
236735	0.00175296716
236736	0.002624213032
236737	0.001550255725
236738	0.0002623826918
236739	0.0003627136313
236740	0.001441632919
236741	0.001236903593
236742	0.001045995398
236743	0.003533478765
236744	0.0003684212807
236745	7.646260372e-05
236746	0.002403392256
236747	0.0009967723467
236748	0.003121395016
236749	0.0001185708981
236750	0.0002285464093
236751	0.003240739958
236752	0.00233018413
236753	0.0003347701127
236754	0.00108194579
236755	0.0005811317939
236756	0.004504384748
236757	0.00126405754
236758	0.001709734598
236759	0.0002943991583
236760	0.002493625678
236761	0.0002906541575
236762	0.0005669098728
236763	0.0014841467
236764	0.002941658633
236765	0.003265263476
236766	0.0004386300879
236767	2.791873662e-06
236768	0.0004165416087
236769	0.0009355676365
236770	1.407114134e-05
236771	0.000449280354
236772	0.0004664762029
236773	0.00265972017
236774	0.0004421357701
236775	0.001280274806
236776	0.0002814610134
236777	0.002516241509
236778	0.001094921486
236779	0.001296824804
236780	0.004907369893
236781	0.0002257080892
236782	0.002162896558
236783	0.00183954264
236784	8.179514244e-05
236785	0.0006253296825
236786	0.00195795761
236787	0.0002232877202
236788	0.001117565527
236789	0.0006533377117
236790	0.003418814517
236791	3.639123491e-05
236792	0.0007570269316
236793	0.001948918404
236794	0
236795	0.002827358391
236796	0.00232565816
236797	0.0006660694661
236798	0.003358500612
236799	0.004046601595
236800	0.00218035747
236801	0.003764274813
236802	0.0004534719038
236803	0.002932572596
236804	0.0009809412409
236805	0.002115001289
236806	0.0001782712373
236807	0.001562454246
236808	0.003254557504
236809	0.002466851085
236810	0.002482725472
236811	0.0008177872472
236812	0.0008124990728
236813	9.633725431e-05
236814	0.001889355746
236815	0.00330994523
236816	0.002458089936
236817	0.001148296275
236818	0.0005867770748
236819	0.001044552728
236820	0.0008150711042
236821	1.247472142e-05
236822	0.002425684439
236823	0.001232167903
236824	0.0007772063979
236825	0.005176010198
236826	0.004178205541
236827	0.0020618563
236828	0.003368634726
236829	0.0006111846586
236830	0.0006802811382
236831	0.0007585822435
236832	0.005383996476
236833	1.481719816e-05
236834	0.0002535460436
236835	0.003760537702
236836	0.001714670392
236837	0.003407285293
236838	0.004583283071
236839	0.00295728133
236840	0.000258608348
236841	0.002444529035
236842	0.005490401563
236843	0.004982412723
236844	0.003133811991
236845	0.007723476869
236846	0.0007842862735
236847	0.001810094895
236848	0.0002030019944
236849	0.0007183836605
236850	0.003654302714
236851	0.002607007623
236852	0.002066566712
236853	0.0001782325376
236854	0.0006506803555
236855	0.0008197696294
236856	0.003019771361
236857	0.000279516359
236858	0.000938975824
236859	0.001389748511
236860	0.001627023442
236861	0.006514312508
236862	0.001108990664
236863	0.003864593181
236864	0.001684350295
236865	0.0003010798989
236866	1.085295642e-05
236867	0.0009852457035
236868	0.002053720291
236869	0.0003649682483
236870	0.001665264385
236871	0.004163264451
236872	0.003561757902
236873	0.0004822658779
236874	0.001083583745
236875	0.001847224955
236876	0.0007825209932
236877	0.0006818844846
236878	0.0006500770655
236879	0.002587071487
236880	0.001507101405
236881	0.0008579016334
236882	0.002594111542
236883	0.002729291185
236884	0.005242080489
236885	0.0001203312021
236886	0.00425284382
236887	0.0004768349123
236888	0.0008195586734
236889	0.0006759626157
236890	0.004259560901
236891	0.001593357332
236892	0.003826556933
236893	0.002727044538
236894	0.0005525473514
236895	0.0009051170076
236896	0.003894576335
236897	0.003587808721
236898	0.0007105153046
236899	0.004207998626
236900	0.006214685988
236901	0.001544199874
236902	0.002383247956
236903	0.0002064338478
236904	0.0003238807125
236905	0.0003067754385
236906	0.001411828823
236907	0.0005502506645
236908	0.0004116489184
236909	0.0009009264284
236910	0.0002068038608
236911	0.001059548076
236912	5.2820655e-06
236913	0.0006571309713
236914	0.00420074243
236915	0.0005806555605
236916	0.001954892137
236917	0.002315820625
236918	0.0007055347829
236919	0.0003282484585
236920	0.0002883488479
236921	0.001244076883
236922	0.0008996539251
236923	0.003843002479
236924	0.0001096356559
236925	0.003003169313
236926	0.002170781634
236927	0.00158904486
236928	0.001775804191
236929	0.002429881621
236930	0.000982697475
236931	0.0002271997635
236932	0.009417908049
236933	0.000700928001
236934	0.002156427016
236935	0.00252807228
236936	0.002037893368
236937	0.004633712993
236938	0.001909433253
236939	0.002526087778
236940	0.0003487159538
236941	0.00125390296
236942	0.008527851032
236943	0.004269880717
236944	0.00108346324
236945	0.00188638672
236946	0.002734633709
236947	0.002079645602
236948	0.009384984435
236949	0.0028716205
236950	0.00283199403
236951	0.005867595348
236952	0.0009453195579
236953	0.006835324551
236954	0.0009952567371
236955	0.0001118831455
236956	0.005413435192
236957	0.001816233774
236958	0.0009920388771
236959	0.0003301625471
236960	0.009575396144
236961	0.001255854367
236962	0.003219911961
236963	0.0002131699387
236964	0.002531275795
236965	0.00121202406
236966	0.001114302906
236967	0.0001620541502
236968	0.001454812985
236969	0.002990119678
236970	0.001391588286
236971	0.002943137439
236972	0.0008046803403
236973	0.002677696506
236974	0.001256607441
236975	0.003087168043
236976	0.001012021831
236977	0.003833630646
236978	0.001066758897
236979	0.002150274419
236980	0.002243879553
236981	0.0004705203192
236982	0.0005041767848
236983	0.005785905608
236984	0.0002576856495
236985	0.0007078746564
236986	0.004777048976
236987	6.473490142e-05
236988	0.0003031164801
236989	0.001033396748
236990	0.006473392923
236991	0.005758294855
236992	0.0005660415625
236993	0.00931012986
236994	0.002884755003
236995	0.002494591788
236996	0.006633570081
236997	0.002174939366
236998	3.146063234e-05
236999	0.005213991288
237000	0.0008274021651
237001	0.001328146376
237002	0.004596227117
237003	0.0005872225996
237004	0.0006747858322
237005	0.001872110361
237006	0.0001791502443
237007	0.0002019374264
237008	0.003914506182
237009	0.001559179663
237010	0.001870848868
237011	0.0002566044255
237012	0.003287438864
237013	0.0002310723639
237014	0.001130081685
237015	0.002550245486
237016	0.0004901747684
237017	0.006559927643
237018	0.001051903508
237019	0.000735440597
237020	0.004068071499
237021	0.001160314919
237022	0.0001301352781
237023	0.003780248746
237024	0.0006646237135
237025	0.001187165637
237026	0.001834624881
237027	0.003639548331
237028	0.006345721408
237029	0.0008655720845
237030	0.00178087387
237031	0.0034532896
237032	0.003462806569
237033	0.003354240835
237034	0.0003941450472
237035	0.004083974655
237036	0.00333395157
237037	0.007414077929
237038	0.004264441483
237039	0.003265066199
237040	0.002394943748
237041	0.001774797969
237042	0.001724221596
237043	0.0001694041607
237044	0.001954523435
237045	0.003978925668
237046	0.0004960832018
237047	0.003602094164
237048	0.0008549178172
237049	0.000764344787
237050	0.001581916323
237051	0.001546912714
237052	0.0001658849483
237053	0.00286973778
237054	0.002670214267
237055	4.91462337e-05
237056	0.0003158694985
237057	0.0007593792138
237058	0.002172396883
237059	6.206588031e-06
237060	0.00142240429
237061	5.745668132e-05
237062	0.003620727644
237063	0.002965220097
237064	0.003840727544
237065	0.001519895264
237066	0.00131935452
237067	0.000185149515
237068	0.004760176376
237069	0.002833494063
237070	0.006004431392
237071	0.006018719623
237072	0.003964503462
237073	0.0003685276396
237074	0.003130964709
237075	0.001116818426
237076	0.001099710787
237077	0.00164351526
237078	0.003164263351
237079	0.004490958126
237080	0.001534202723
237081	0.002478591835
237082	0.002011896292
237083	0.001411633504
237084	0.002635562625
237085	0.0009763859181
237086	0.0002717265509
237087	0.0005949699607
237088	0.0001420656172
237089	0.0005673742232
237090	0.0005086732875
237091	0.000130038909
237092	0.0004456991257
237093	0.0001446544369
237094	0.0002520296309
237095	0.0003137302043
237096	0.0004993141088
237097	0.0006360786779
237098	0.001551778724
237099	0.001847394681
237100	0.002290188121
237101	0.0005302592609
237102	0.00377179232
237103	0.0006322110082
237104	0.000989845545
237105	0.001220495382
237106	0.004151786321
237107	0.0002877043446
237108	0.003391703541
237109	0.003835506286
237110	0.0009733177124
237111	0.0001386781948
237112	0.0017443521
237113	0.001279575723
237114	0.01045052651
237115	0.001020902489
237116	0.0005312493116
237117	0.001108813916
237118	0.0009257435345
237119	0.002234456327
237120	0.001011370342
237121	0.002480108737
237122	0.001868033867
237123	4.168463219e-05
237124	0.002854439009
237125	0.0001472904688
237126	0.007580693098
237127	0.004611554327
237128	0.001064661098
237129	0.000247000307
237130	7.545595337e-05
237131	0.00192138711
237132	0.001576801453
237133	0.001019190743
237134	0.0005554946762
237135	0.0002781470007
237136	0.0003132366964
237137	0.001615054318
237138	0.001474806918
237139	0.0002652591033
237140	0.00252528458
237141	2.089454571e-05
237142	0.004293420413
237143	0.0002365131607
237144	0.003826603213
237145	0.002567712979
237146	0.001182024545
237147	0.0007024851122
237148	0.001213913192
237149	0.00471598215
237150	0.0005080988776
237151	0.001489485416
237152	0.004679588402
237153	0.0002421285887
237154	0.001965600586
237155	0.0006519734927
237156	0.001299452173
237157	0.001316050861
237158	0.002200343623
237159	0.000163168555
237160	0.0001291516658
237161	0.0008982648558
237162	0.0001396740576
237163	0.002037056329
237164	0.001131887361
237165	0.0009952464752
237166	0.0005136948395
237167	0.005326927206
237168	0.004292800013
237169	0.002000281568
237170	0.002298177047
237171	0.002827712692
237172	0.003424457236
237173	0.003812455763
237174	0.0001862557143
237175	2.107396758e-06
237176	0.003559540448
237177	0.002110890702
237178	0.0008561251706
237179	0.0005876517236
237180	0.0003241076043
237181	0.002365339156
237182	0.002190053202
237183	0.002393544473
237184	0.0005363049044
237185	8.017984246e-05
237186	0.001022677814
237187	0.005069969119
237188	0.0006124788136
237189	0.001557486762
237190	0.002719786008
237191	0.002745534677
237192	0.002173107092
237193	0.0001196783319
237194	0.0008730257834
237195	0.0009511743743
237196	0.004622255129
237197	0.0006092180371
237198	0.003602659818
237199	0.004437605292
237200	0.0005069239102
237201	0.0007341618249
237202	0.000736715694
237203	0.00110993354
237204	0.003479543089
237205	0.002543475624
237206	0.002963748277
237207	0.0001920393411
237208	0.004030626992
237209	0.0002905338841
237210	0.001201128139
237211	0.002310404869
237212	0.0009343754228
237213	0.002352938607
237214	0.001693331955
237215	0.001059297295
237216	0.005788842147
237217	0.0001190992523
237218	0.0007166056629
237219	0.001241610452
237220	0.003519299615
237221	0.001157324653
237222	0.0003858280536
237223	0.00119876457
237224	0.0018178593
237225	1.82208247e-06
237226	0.002079069962
237227	0.001444575727
237228	0.003386542413
237229	0.004032767108
237230	0.002005372752
237231	4.193426127e-06
237232	0.001862100999
237233	0.001553590185
237234	0.003023513347
237235	0.003452496058
237236	0.001059205945
237237	0.002012117743
237238	0.002481715569
237239	0.008844648463
237240	0.001192411083
237241	0.004131684509
237242	0.001787068688
237243	0.002526143735
237244	0.001776155617
237245	0.001027137482
237246	0.004802576519
237247	0.007040593429
237248	0.003881695494
237249	0.002792799541
237250	0.001666348647
237251	0.001026944295
237252	0.001814730975
237253	0.002105503379
237254	0.0008469322486
237255	0.00210611464
237256	0.007292802331
237257	0.0003703850322
237258	0.002687849873
237259	0.003046720861
237260	0.0003372579809
237261	0.004836979115
237262	0.0002394710968
237263	0.00236810813
237264	0.003920285983
237265	0.0004718786407
237266	0.001093216105
237267	0.001110883822
237268	0.003287695645
237269	0.001064189297
237270	0.00065768431
237271	0.001682848925
237272	0.001430115034
237273	0.0005366001302
237274	0.001334947311
237275	0.001915587466
237276	0.003032117751
237277	0.003760733111
237278	0.001710664527
237279	0.002944048943
237280	0.005078198167
237281	0.002079246742
237282	0.00174593722
237283	0.004406760808
237284	0.003917922373
237285	0.005000546479
237286	0.001337219396
237287	0.001383414792
237288	0.002030498599
237289	0.0008215966475
237290	0.006071384299
237291	0.001553946995
237292	0.002186822919
237293	0.0004019636768
237294	0.001880553997
237295	0.003677943381
237296	0.001353928338
237297	0.007217813113
237298	0.003500119354
237299	0.001673593709
237300	9.019407e-05
237301	0.004010368464
237302	0.004893567495
237303	0.001013389944
237304	0.002002441729
237305	0.001309653515
237306	0.0008872467407
237307	0.004139789823
237308	0.001864666936
237309	0.002015038135
237310	0.002838556827
237311	0.001921315237
237312	0.003675093247
237313	0.001281781991
237314	0.006351772373
237315	0.003032931897
237316	0.003867824197
237317	0.0008909885522
237318	0.001500666079
237319	0.002966947616
237320	0.003598378055
237321	0.0002650936761
237322	0.003183091739
237323	0.002972746331
237324	0.002593218763
237325	0.0001278658194
237326	0.00356282184
237327	0.003741836383
237328	0.004825831956
237329	0.004546477397
237330	0.0006411101784
237331	6.420780495e-05
237332	0.001671710368
237333	0.003893039433
237334	0.00219536901
237335	0.005170999582
237336	0.00340490736
237337	0.003224460187
237338	0.001357811661
237339	0.002602844302
237340	0.0002365833299
237341	0.003029829333
237342	0.001635844864
237343	0.0004249850922
237344	0.001204417146
237345	0.002288604613
237346	0.004880395907
237347	0.004031724838
237348	0.002691102715
237349	0.004163413743
237350	0.002666206208
237351	0.002160246142
237352	0.006024625373
237353	0.0006450044496
237354	0.000489677675
237355	0.006781298544
237356	0.0006511584539
237357	0.003162245651
237358	0.005678133391
237359	0.002247134715
237360	0.003038088975
237361	0.0004316973405
237362	0.0002043326791
237363	0.0006926287482
237364	0.002221459589
237365	0.00216319248
237366	0.007771486957
237367	0.001832600357
237368	0.002692743025
237369	0.00177738447
237370	0.00133892672
237371	0.0007607815277
237372	0.005606418814
237373	7.598655577e-05
237374	0.0001692277581
237375	0.002032711042
237376	0.002539477752
237377	0.00127229909
237378	0.002498195857
237379	0.0003433744211
237380	0.001385815025
237381	0.003951904735
237382	0.0001144010383
237383	0.001157267477
237384	0.001975103457
237385	0.0006260070945
237386	5.719811034e-05
237387	0.0001321672228
237388	0.0002658841031
237389	0.0001243609871
237390	1.75192042e-05
237391	0.0002335554656
237392	0.0004521402285
237393	0.0002085125146
237394	0.0003642146644
237395	0.0001066085903
237396	0.0006952305036
237397	0.0006727639016
237398	0.001987442236
237399	0.00328662635
237400	0.0005583625965
237401	0.001967014506
237402	0.0007950784653
237403	0.0009370762004
237404	0.0002302642432
237405	0.0001158383013
237406	0.0003272968369
237407	0.004854665836
237408	0.002395161681
237409	0.001080179555
237410	0.0002025033555
237411	8.884522285e-05
237412	0.001449480658
237413	0.0001640983819
237414	0.004504854326
237415	0.004538811179
237416	0.002898185763
237417	0.0002096465079
237418	0.001594121479
237419	0.0002487900322
237420	0.0001780167662
237421	0.005058240953
237422	0.004740380717
237423	0.002066264348
237424	0.0001638038156
237425	0.001114298467
237426	0.00186883307
237427	0.002349407377
237428	0.0007746906886
237429	0.0004909983431
237430	0.001136276021
237431	0.002611231284
237432	0.002740543187
237433	0.004773463239
237434	0.001357825669
237435	0.001466093675
237436	0.00121175035
237437	0.001265478448
237438	0.001000031228
237439	0.001137873207
237440	0.00122320949
237441	0.001003260657
237442	0.001281567795
237443	0.0009930136443
237444	0.0003275540016
237445	0.001167100798
237446	2.000029719e-05
237447	0.003420306796
237448	0.00463613599
237449	0.0004828423911
237450	0.003249109212
237451	0.003811615949
237452	0.003804820545
237453	0.001351751451
237454	0.00318099904
237455	0.004979035418
237456	0.002288627918
237457	0.0006151914205
237458	0.001147576112
237459	0.008123378767
237460	0.001553240067
237461	0.0006822389319
237462	0.001119332059
237463	0.002320116901
237464	0.001604026824
237465	1.26227001e-05
237466	0.002379207116
237467	0.002159471557
237468	0.002813164559
237469	0.003997482849
237470	0.002954215815
237471	0.008391536191
237472	0.001528845104
237473	0.0004214534845
237474	9.864953044e-05
237475	0.003839616801
237476	0.001069486705
237477	0.0001153216622
237478	0.0002274819604
237479	0.003323853618
237480	0.001818480166
237481	0.001604209362
237482	0.002459718724
237483	0.002629565365
237484	0.002488067811
237485	0.007238999673
237486	0.006011152765
237487	0.003955784227
237488	0.000526227161
237489	0.005075210435
237490	0.001093558906
237491	0.001923864806
237492	0.0001082278893
237493	0.002592269517
237494	0.0004130812843
237495	0.0002730548712
237496	0.001371263329
237497	0.0002228581834
237498	0.0005814678542
237499	0.0004578852947
237500	0.00121391599
237501	0.003207315366
237502	0.0002564680623
237503	1.62861007e-05
237504	0.0007121431956
237505	3.074535865e-05
237506	0.0002517300052
237507	0.001085569325
237508	0.0006987714256
237509	0.0004120152689
237510	0.00099310203
237511	0.0006862202965
237512	0.001721785567
237513	0.008449085611
237514	0.002485550031
237515	0.001782563589
237516	0.000209023394
237517	0.0003257961973
237518	0.0005971382896
237519	0.001402000573
237520	0.00608835625
237521	0.003834939006
237522	0.002688537398
237523	0.005029679954
237524	0.0008851436463
237525	0.0007875079296
237526	0.0005890140541
237527	0.001199841882
237528	0.003340441543
237529	0.0005663226376
237530	0.0002566615728
237531	0.002780961185
237532	0.002964296958
237533	0.002056655309
237534	0
237535	0.0006337971786
237536	0.007121619749
237537	0.000563799394
237538	0.005726767728
237539	0.0009939057032
237540	0.005108263674
237541	0.00413137868
237542	0.001835543211
237543	0.003597227934
237544	0.004765165937
237545	0.003335552624
237546	0.001241859387
237547	0.0005336864594
237548	0.0005978979656
237549	0.0007524145219
237550	0.0007062270173
237551	0.0001369625123
237552	0.00119040218
237553	0.002718120237
237554	0.0009993340805
237555	0.007142853304
237556	0.0003579294656
237557	0.009273194657
237558	0.006568503182
237559	0.002911691627
237560	0.003886753087
237561	0.001871879552
237562	3.804877509e-05
237563	0.001107529985
237564	0.0006555858545
237565	0.006535894087
237566	0.001034614698
237567	0.003864882053
237568	0.002872989746
237569	0.0002302231493
237570	0.0001452254407
237571	0.001034228194
237572	0.001203119352
237573	0.0115354724
237574	0.002891152589
237575	0.0002976283332
237576	0.001655035332
237577	8.168447564e-05
237578	0.0001693967955
237579	0.0005101469781
237580	0.001168430591
237581	0.000371071803
237582	0.0001883222097
237583	0.001273559398
237584	0.001239313878
237585	0.002753608652
237586	0.0008315497632
237587	0.004812671253
237588	0.003985322796
237589	0.001737968231
237590	0.001766388107
237591	0.00227956942
237592	0.002578919068
237593	0.003896077278
237594	0.004487133918
237595	0.002337912343
237596	0.003834568199
237597	0.0001265545212
237598	0.00395363569
237599	0.006586191337
237600	0.00221855959
237601	0.0006704306999
237602	0.0006088606278
237603	0.0002095935287
237604	0.0003384530064
237605	0.001897848386
237606	0.00139274311
237607	0.0008065396351
237608	0.001935655264
237609	0.0008576660114
237610	0.0001010246789
237611	0.004979934952
237612	9.690422134e-05
237613	0.0003235185623
237614	0.004460542627
237615	0.0004502894997
237616	0.00231950118
237617	0.0006844344895
237618	0.0004282468008
237619	0.0003188597459
237620	0.0001630481344
237621	5.221481539e-05
237622	0.0008240407247
237623	0.0009623701555
237624	0.0005324048352
237625	0.0005521900946
237626	0.0005011057283
237627	0.0002699067565
237628	0.0007483671401
237629	0.0005129297209
237630	0.0004341634657
237631	0.001292341538
237632	0.0006740211595
237633	0.001444175109
237634	0.000497973586
237635	0.000550153798
237636	0.0006727629476
237637	0.001227704501
237638	0.0008177198215
237639	0.0002589747697
237640	0.001828841927
237641	0.001844126635
237642	0.002381718721
237643	0.0001748947438
237644	0.001657837904
237645	0.002690035253
237646	0.001751446052
237647	0.0006204136486
237648	0.0007080424291
237649	0.0005306186634
237650	0.002634963193
237651	0.0009442511823
237652	7.182191804e-05
237653	0.0003367521438
237654	0.0004713621134
237655	0.000287841816
237656	0.002070308413
237657	0.00156844607
237658	0.001435636214
237659	0.002667579349
237660	0.003509452313
237661	0.0005499693612
237662	0.00101764239
237663	0.001079782314
237664	0.0008508989803
237665	0.002045951437
237666	0.001586986621
237667	0.0007786394359
237668	4.795167131e-05
237669	0.002015497414
237670	0.001461071312
237671	0.0006467638856
237672	0.002130665467
237673	0.0001485951906
237674	0.002512287179
237675	0.0001770957152
237676	0.0004239416793
237677	0.002330518926
237678	0.001041597181
237679	0.000282574767
237680	0.001189779853
237681	0.0005587921473
237682	0.00444239532
237683	0.004074445645
237684	0.001498789549
237685	0.005578974331
237686	0.005267149779
237687	0.003677013358
237688	0.001280273894
237689	0.0004946486722
237690	0.001152018079
237691	0.0005159804701
237692	0.00486563102
237693	0.001355453128
237694	0.000359516465
237695	0.002644655014
237696	0.0005390963432
237697	0.001227818299
237698	0.005497704529
237699	0.00103624285
237700	0.001938723896
237701	0.001445138778
237702	0.007533345041
237703	0.004665099084
237704	3.367754353e-05
237705	0.001594490648
237706	0.003844029913
237707	0.0004437888124
237708	0.002429253579
237709	0.003790330793
237710	0.000140380907
237711	0.003688852322
237712	0.004740481533
237713	0.0003314103965
237714	0.0003402315784
237715	0.002810474191
237716	0.002226491993
237717	0.0005610513484
237718	0.0002492795275
237719	0.001158382162
237720	0.000185918871
237721	0.003780075226
237722	0.002337470276
237723	0.0005925372469
237724	8.012004661e-05
237725	0.0007422582738
237726	0.001209279564
237727	0.002596238844
237728	0.001963524699
237729	0.000906174082
237730	0.003664957503
237731	0.001820262428
237732	0.002540281551
237733	0.001442111899
237734	0.00284259006
237735	0.00440442046
237736	0.002252457483
237737	0.001515703253
237738	0.0001532819113
237739	0.002838544159
237740	0.001423713058
237741	0.001195389554
237742	0.001078882669
237743	0.001484043544
237744	0.002383553811
237745	0.002301655674
237746	0.0003115034893
237747	0.001506307332
237748	0.001125720189
237749	0.00125105217
237750	0.000986372226
237751	0.003098682757
237752	0.0003894672939
237753	0.002399611988
237754	0.0005456354538
237755	0.0008255728903
237756	0.0003054233812
237757	0.0008244832982
237758	1.724342601e-07
237759	0.0002273543158
237760	0.0003334114422
237761	0.0002929367496
237762	0.002904801065
237763	0.001347699359
237764	0.0009102110232
237765	0
237766	1.197188663e-05
237767	8.749631597e-08
237768	0.0009748157065
237769	0.0005574926201
237770	0.001667533878
237771	0.000107266856
237772	0.001754743246
237773	0.0007723725741
237774	0.0005241090297
237775	0.001249178467
237776	0.0005214966918
237777	0.0002520419975
237778	1.30733132e-05
237779	2.737645065e-05
237780	0.0004666238057
237781	0.0003069499379
237782	0.0003721344031
237783	0.0003170075263
237784	0.0001982283675
237785	0.0003391495934
237786	0.0005020382575
237787	0.002839013339
237788	0.001354187225
237789	0.0006396525073
237790	0.001770814818
237791	0.003699082891
237792	0.001695045854
237793	0.003545023191
237794	0.000962482853
237795	0.001850348015
237796	0.0008482367278
237797	0.0006766252346
237798	0.002397729277
237799	0.002515542141
237800	0.0004813948879
237801	0.001784659974
237802	0.001898500672
237803	0.003365933899
237804	0.001697180937
237805	0.001434637103
237806	0.0003694940918
237807	0.004899768316
237808	0.001215650108
237809	0.0001654205785
237810	0.001819112163
237811	0.000659368003
237812	0.001425644717
237813	0.001599562382
237814	0.0009233149485
237815	0.001100485626
237816	0.00264283002
237817	0.0006024023064
237818	0.001924496012
237819	0.0003193850255
237820	0.0009518910069
237821	0.001168602968
237822	0.00145054498
237823	0.001376600468
237824	0.001418135151
237825	0.0005082206336
237826	0.001462139517
237827	0.001550228553
237828	0.004691066353
237829	0.001494312374
237830	0.005877179003
237831	7.448663099e-05
237832	0.002751384212
237833	0.001778319377
237834	0.001551210761
237835	0.003001768965
237836	0.001028823109
237837	0.0008489906434
237838	0.001133046893
237839	0.006304261319
237840	0.002451153539
237841	0.001551834428
237842	0.005316995284
237843	0.001101205955
237844	0.0004616917249
237845	0.003659533694
237846	0.004316809738
237847	0.004321008362
237848	0.00265579988
237849	0.003061120795
237850	0.001989346438
237851	0.004009879152
237852	0.006169957106
237853	0.00352889732
237854	0.0001166605867
237855	0.002428467264
237856	0.0006342775922
237857	0.001591760519
237858	0.004775418403
237859	0.00390365242
237860	0.00195690262
237861	0.001045717584
237862	0.001481456581
237863	0.001095796724
237864	0.001933227218
237865	0.0005235397592
237866	0.002433642169
237867	0.00202077277
237868	9.389379657e-05
237869	0.001968238068
237870	0.001262571196
237871	0.0005462499628
237872	0.002295664137
237873	0.00309646807
237874	0.003967997797
237875	0.001330298558
237876	0.001541366567
237877	0.0009136812396
237878	0.0009540208682
237879	0.0008137812415
237880	0.0002120141757
237881	2.0057635e-07
237882	0.00106720294
237883	0.0005411857883
237884	0.0002853282481
237885	0.00155355221
237886	0.0002333491835
237887	0.003219589328
237888	0.002878953946
237889	0.003760379918
237890	0.005747901653
237891	0.003679613254
237892	0.001651940288
237893	0.006144499467
237894	0.003708421605
237895	0.002758520331
237896	0.002403348274
237897	0.002415214104
237898	0.0005169520262
237899	0.004369804534
237900	0.006129570067
237901	0.003717505701
237902	0.002782740162
237903	0.00433123472
237904	0.002262355234
237905	0.0005823801247
237906	0.003983307982
237907	0.005792365643
237908	0.0004245791764
237909	0.003127588199
237910	0.002246743217
237911	0.004238364151
237912	0.002807848752
237913	0.003748696453
237914	0.004572450042
237915	0.001037933525
237916	0.001123120644
237917	0.003599175289
237918	0.0007144995201
237919	0.001463072479
237920	0.003001440865
237921	0.003969706111
237922	0.0008966136538
237923	0.001321672904
237924	0.001692454095
237925	0.006544324141
237926	0.00312088313
237927	0.001450685117
237928	0.00423991761
237929	0.0007491211037
237930	0.002085747509
237931	0.002762928856
237932	0.009783612417
237933	0.006670097961
237934	3.073082989e-05
237935	0.004733046683
237936	0.001785833103
237937	0.003006378008
237938	0.0002782744663
237939	0.001653648934
237940	0.002261360881
237941	0.003503385783
237942	0.00122083633
237943	0.002119568146
237944	0.002236017106
237945	0.003629317977
237946	0.001975159719
237947	0.0004830015015
237948	0.0014108717
237949	0.002077349056
237950	0.001107349186
237951	0.0006464402898
237952	0.004640690324
237953	0.00436624392
237954	0.006022945414
237955	0.001000033808
237956	0.00930102717
237957	0.0005641988883
237958	0.001882161509
237959	0.0002251857716
237960	0.003889026889
237961	0.004834541246
237962	0.00169729309
237963	0.003971106219
237964	0.001355280141
237965	0.00313985184
237966	0.004925609449
237967	0.002583104821
237968	0.0002628783985
237969	0.0001420131584
237970	0.001170378382
237971	0.001390139518
237972	0.001883868238
237973	0.0001417047793
237974	0.009606805801
237975	0.0006062562342
237976	0.003937654373
237977	0.00524079389
237978	0.002381196381
237979	0.005074623503
237980	0.002113938946
237981	0.0019104715
237982	0.000443503281
237983	0.01217370457
237984	0.004042344341
237985	0
237986	0.00549634619
237987	0.002359535411
237988	0.003658183299
237989	0.0001414865137
237990	0.002936114941
237991	0.0002263006522
237992	0.006885995687
237993	0.005441939485
237994	0.002909364248
237995	0.001092085476
237996	0.005177453254
237997	0.0006473860271
237998	0.007335294141
237999	0.005546945842
238000	0.003426441328
238001	0.001591659726
238002	0.0007047076234
238003	0.006866379574
238004	0.002712856411
238005	0.004317529906
238006	0.001424051245
238007	0.005965986113
238008	0.005369071673
238009	0.00800580231
238010	0.004821306954
238011	0.003837901739
238012	0.006918165349
238013	0.002869209381
238014	0.0006495421508
238015	0.0001860158261
238016	0.003079424243
238017	0.004495136954
238018	0.002976754179
238019	0.002441342455
238020	0.0006193888384
238021	0.002244452333
238022	0.000846436367
238023	0.0005301672967
238024	0.002173197831
238025	0.0005564232351
238026	0.002578644809
238027	0.00208561571
238028	0.001067065832
238029	0.004792726706
238030	0.003249172735
238031	0.0008238939207
238032	0.002491226166
238033	3.616638737e-05
238034	0.002363785897
238035	0.001676740087
238036	0.006858067357
238037	0.006402649073
238038	0.001497655861
238039	0.004368804526
238040	0.007005198779
238041	0.0009287052607
238042	3.702676469e-05
238043	0.0007814102107
238044	0.003365430588
238045	0.007468533012
238046	0.0009825624746
238047	0.001416262897
238048	0.001229355426
238049	0.0004532124765
238050	0.004360722304
238051	0.002528215776
238052	0.002453573503
238053	0.005308703678
238054	0.00132995943
238055	0.002015066409
238056	0.0009186889293
238057	0.005010738204
238058	0.003798035142
238059	0.006150357327
238060	0.002788900118
238061	0.001436877063
238062	0.0008883685371
238063	0.003622316321
238064	0.001705046004
238065	0.002156786966
238066	0.0008030301751
238067	0.004245955473
238068	0.0001913515105
238069	0.001692270279
238070	0.005633707626
238071	0.00358008069
238072	0.004849837682
238073	0.002267089655
238074	0.0001550362904
238075	0.005397538378
238076	0.00684346082
238077	0.001799401224
238078	0.00353126775
238079	0.001985665484
238080	0.004603974196
238081	5.197156042e-05
238082	0.000161046084
238083	0.003796874858
238084	0.0003161855974
238085	0.002587364963
238086	0.0012991833
238087	0.001847674209
238088	0.006523429837
238089	0.006248660212
238090	0.006630171049
238091	0.005790810571
238092	0.001449018464
238093	0.004135971598
238094	0.0004267200872
238095	0.001761202276
238096	0.002172951118
238097	0.0002245913819
238098	0.001905656419
238099	0.001687354571
238100	0.002719342443
238101	0.002182431973
238102	0.005826747918
238103	0.0004024353773
238104	0.002318815921
238105	0.006522656384
238106	0.0007481630459
238107	0.002608963913
238108	0.001431387962
238109	0.0009968069434
238110	0.003092025781
238111	0.004555636036
238112	0.003028631732
238113	0.003248804681
238114	0.002790803368
238115	0.00421274762
238116	0.005027260032
238117	0.002665861072
238118	0.0001517193049
238119	0.0001837312043
238120	0.0003940680744
238121	0.004612613242
238122	0.0001401891529
238123	0.001257351708
238124	0.0004114066338
238125	0.001759964091
238126	0.0006060450285
238127	0.0001475140143
238128	0.0007827524797
238129	0.0005109114072
238130	3.061274614e-07
238131	0.0001972197264
238132	0.0002344907387
238133	0.0008473762959
238134	0.001044647927
238135	0.0008163463726
238136	0.0006687094926
238137	0.0004538965876
238138	0.002136784838
238139	0.003127304642
238140	0.002754503168
238141	0.004879173775
238142	0.008674931196
238143	6.984694334e-05
238144	0.002428378205
238145	0.001527559563
238146	0.002910161877
238147	3.843368165e-05
238148	0.00146421219
238149	0.000100690049
238150	0.001691767369
238151	0.0009090456532
238152	0.002308511079
238153	1.043815699e-07
238154	0.002183411519
238155	2.875609881e-07
238156	0.004360984577
238157	4.235000063e-05
238158	0.004217091736
238159	0.004317544024
238160	0.004542453663
238161	0.0003018870219
238162	0.004740582679
238163	0.003937414145
238164	0.0007661045893
238165	0.001322038929
238166	0.008956487262
238167	0.0089777606
238168	0.004494070129
238169	0.0004413293691
238170	0.005136962503
238171	0.001257504613
238172	0.0009840111449
238173	0.007087725481
238174	0.002558267851
238175	0.001316019477
238176	0.002751021371
238177	1.16813822e-05
238178	0.006005745552
238179	0.0002646390232
238180	0.0008772431619
238181	0.00375615451
238182	0.001925694431
238183	0.001064655617
238184	0.002758253741
238185	0.001882694058
238186	0.00145203156
238187	0.003845457987
238188	0.001854622903
238189	0.001768142595
238190	0.000265532845
238191	0.0009022772524
238192	2.849002849e-07
238193	1.9259423e-07
238194	0.0006548246194
238195	1.82525776e-05
238196	0.0007485457134
238197	0.0003884892779
238198	0.0004172620454
238199	0.0004187507226
238200	0.0001126843408
238201	1.221878381e-07
238202	0.009495520913
238203	0.0008214874164
238204	0.005464499202
238205	0.006127872855
238206	0.001952259605
238207	0.0005273984735
238208	0.001015494257
238209	0.0002025871745
238210	0.001526474462
238211	0.001690993915
238212	0.002322415079
238213	0.002044287334
238214	0.0007945415151
238215	0.002310771148
238216	0.001281648824
238217	0.002051723162
238218	0.0002088538169
238219	0.001171368166
238220	0.0005730951944
238221	0.0004379814965
238222	5.526083112e-08
238223	0.001369207549
238224	0.003840229247
238225	0.001809756046
238226	0.0005620067967
238227	0.0008080870158
238228	0.003033964238
238229	0.00154470509
238230	0.002624670052
238231	0.002231227077
238232	0.001791521435
238233	0.001418339686
238234	0.0006783484296
238235	0.001437439017
238236	0.003829522114
238237	0.0008605017284
238238	0.00258128646
238239	0.001060467671
238240	0.003819550943
238241	0.001656328595
238242	0.001794594902
238243	0.001335989852
238244	0.004966661224
238245	0.004925958407
238246	0.002652431956
238247	0.0001395760478
238248	0.0002867157975
238249	0.0036954261
238250	0.005144802699
238251	0.006792073833
238252	0.0007383254219
238253	0.00245201753
238254	0.0002024181245
238255	0.001840826644
238256	0.0005411853927
238257	5.597416098e-07
238258	0.001102456483
238259	0.0007861442286
238260	0.0002991376295
238261	0.0004660854285
238262	0.0006850160753
238263	0.001646552483
238264	0.001216560444
238265	9.662185003e-05
238266	0.0005881059646
238267	0.0004120380981
238268	0.0007317328382
238269	0.0007469126562
238270	0.0002660456873
238271	0.001367087142
238272	0.0002440298919
238273	0.0001691506808
238274	0.001646786193
238275	0.000110625048
238276	0.000253818102
238277	0.000249756185
238278	0.0001293514719
238279	0.0001103610241
238280	0.001766933304
238281	0.0004190401083
238282	0.0004595794642
238283	0.001878343428
238284	0.001249640466
238285	0.002383199893
238286	0.001789823082
238287	0.001106543112
238288	0.001081708337
238289	0.0005008030796
238290	0.000499347159
238291	0.0007641269913
238292	0.0003981221482
238293	0.0008387713258
238294	0.0001226427321
238295	0.001080883831
238296	0.0004897710167
238297	0.0007336348941
238298	0.0001309606857
238299	0.0003317300036
238300	6.253858667e-06
238301	0.0009758868143
238302	0.0008969351006
238303	0.0009547902049
238304	0.001793738867
238305	0.0004220901886
238306	0.00241195125
238307	0.0002522718415
238308	0.0014563271
238309	0.0005046255482
238310	0.002373808345
238311	0.001047748612
238312	0.0007272136643
238313	0.002750180349
238314	0.0008523872413
238315	0.000167749946
238316	0.003148743602
238317	0.001001620605
238318	0.0007080701712
238319	0.003365663222
238320	0.001611826434
238321	0.002532874166
238322	0.0009944938614
238323	0.0005965543227
238324	0.001577949608
238325	0.001131005706
238326	0.0002680457281
238327	0.0003841830224
238328	0.001265348646
238329	0.0007601997995
238330	0.001520603192
238331	0.00025408141
238332	0.0008102362669
238333	0.0001415369337
238334	0.0006480026274
238335	0.003983785014
238336	0.001304312556
238337	0.003907423028
238338	0.001453975539
238339	0.003772173764
238340	0.002091890477
238341	0.004341539512
238342	0.00474387947
238343	0.003342507941
238344	0.002390007763
238345	0.001077220511
238346	0.00266335797
238347	0.0002378473698
238348	0.0004310431342
238349	0.0001969168356
238350	0.0008389750441
238351	0.001397605284
238352	0.001509192569
238353	0.0008060381364
238354	0.001479687152
238355	0.000443510204
238356	0.0009936609087
238357	2.86182033e-05
238358	6.998690969e-05
238359	0.000955849185
238360	0.0001131530203
238361	0.0006239526084
238362	0.001909066916
238363	0.002416244462
238364	0.0002799099711
238365	2.937216544e-05
238366	0.003991283879
238367	9.4087899e-05
238368	0.0003283449432
238369	0.0003345684151
238370	5.83308773e-08
238371	0.0005739703469
238372	0.001790398663
238373	0.0003974881746
238374	0.0002289374121
238375	0.0002242888173
238376	0.0009872866299
238377	0.0008613420313
238378	0.001144324302
238379	0.001596675048
238380	0.0003792315678
238381	0.0004572474013
238382	0.001533989492
238383	0.0004278548364
238384	0.0005590458314
238385	0.00139991531
238386	0.0008991269317
238387	0.001736029341
238388	0.0002029670482
238389	0.001648466752
238390	0.003034220384
238391	0.003131282626
238392	0.001280812378
238393	0.0007885414991
238394	0.001300751211
238395	0.002911628519
238396	0.001147475244
238397	0.002436830991
238398	3.422692082e-05
238399	0.001271192001
238400	0.0008458942824
238401	0.002110699564
238402	0.001608800893
238403	0.001482078079
238404	0.001943244019
238405	0.0008118057245
238406	0.001301353792
238407	0.003786971699
238408	0.004134549432
238409	0.001555693755
238410	0.002145300631
238411	0.003098354192
238412	0.002219590318
238413	0.00301648637
238414	0.000406822967
238415	0.0003559482444
238416	0.0006731184889
238417	0.001350593253
238418	0.0003187515556
238419	0.001247177932
238420	0.001024420305
238421	0.001466468258
238422	0.001803237482
238423	0.0003339747937
238424	0.001035391348
238425	0.001298052654
238426	0.00145153815
238427	0.0003689762136
238428	0.00102957855
238429	0.0003548998824
238430	0.002736091595
238431	0.0007671860458
238432	0.002752148886
238433	0
238434	0.0005982122026
238435	0.0001997953894
238436	0.003305812335
238437	0.0001108979893
238438	0.001137150461
238439	0.001814283423
238440	0
238441	0.002549352291
238442	0.003186354959
238443	2.359821124e-05
238444	0.0008520672663
238445	0.003698150152
238446	0.004799909026
238447	0.003451119895
238448	0.001060893579
238449	0.001068355724
238450	0.0007196066669
238451	0.002471332447
238452	0.002380966746
238453	0.0005026893933
238454	0.003607447437
238455	0.0007277269763
238456	0.004453027952
238457	0.0009861328109
238458	0.00634895922
238459	0.004587176364
238460	0.0005256895694
238461	0.003362094198
238462	0.005904800141
238463	0.00142190175
238464	0.001624784717
238465	0.00274100747
238466	0.002028522244
238467	0.001024623427
238468	0.001315648555
238469	0.0006025602599
238470	0.003839750325
238471	0.0004039052129
238472	0.001374918984
238473	0.001714469842
238474	0.006287497577
238475	0.001254161255
238476	0.001777103142
238477	0.003293364779
238478	0.006352414162
238479	0.001046138456
238480	0.002012287367
238481	6.055475429e-05
238482	0.004777824152
238483	0.001726437849
238484	0.003929235281
238485	0.0001794705087
238486	0.001869958639
238487	0.000600285189
238488	0.001396850716
238489	0.00112252306
238490	0.004267992581
238491	0.002872663885
238492	0.0008133873722
238493	0.002423737483
238494	0.0004119703475
238495	0.002192103005
238496	7.876632104e-05
238497	0.00115836633
238498	0.0003149293513
238499	0.001400090491
238500	4.534975207e-05
238501	0.0003794036709
238502	0.00503021971
238503	0.0005792098937
238504	0.0006366836016
238505	0.002112845845
238506	0.001638654583
238507	0.0006659453415
238508	0.0008405750122
238509	0.002001211102
238510	7.840389541e-05
238511	0.003030107153
238512	4.652269478e-05
238513	0.0005813767382
238514	0.001702520756
238515	0.002678779316
238516	0.001813932286
238517	0.0001533818625
238518	0.003146968265
238519	0.003807680259
238520	0.001960442011
238521	0.00328168027
238522	0.001126140241
238523	0.001847200226
238524	0.0006116501898
238525	0.002454799738
238526	0.0008756132451
238527	0.002115873545
238528	0.001437464265
238529	0.0003462880662
238530	0.000493755647
238531	0.0004617765848
238532	0.001646223152
238533	0.001531544739
238534	0.0008872919777
238535	4.004363559e-07
238536	0.0006015778475
238537	0.0001147318595
238538	0.0003326586165
238539	0.0009053726008
238540	0.0001180866199
238541	0.0004604367599
238542	0.0001075301334
238543	0.0001055152737
238544	1.110531264e-05
238545	0.000548482791
238546	0.0008654475846
238547	0.001779704428
238548	0.000429345753
238549	0.0002341915486
238550	7.810101479e-05
238551	8.712661993e-05
238552	0.0005712609448
238553	0.0009838108247
238554	0.0005605094257
238555	0.0005535996208
238556	0.0006718110582
238557	0.0003432402536
238558	0.0002119677537
238559	0.001029589242
238560	0.000129334628
238561	2.807815475e-05
238562	0.0008946177161
238563	0.0005907856542
238564	0.0007062762527
238565	0.001229828141
238566	1.696442142e-05
238567	0.0002274854122
238568	0.0007842254723
238569	0.0004469787916
238570	0.0006139465333
238571	0.0002589773296
238572	0.0001824526689
238573	0.0005003204872
238574	0.0004672635678
238575	0.0005484905331
238576	0.0006923233328
238577	0.0009933750069
238578	0.0005592071002
238579	0.0003448461535
238580	0.0001048193447
238581	0.0006669913552
238582	0.0002177549574
238583	0.0008936756216
238584	0.000233607862
238585	0.000324485352
238586	0.0004412411893
238587	0.0006754547136
238588	1.018231983e-07
238589	0.0004381479347
238590	1.729459347e-07
238591	1.673175169e-06
238592	6.948537837e-07
238593	1.237228608e-06
238594	6.017290527e-07
238595	6.95877133e-07
238596	7.501146161e-07
238597	1.117496804e-06
238598	6.559665285e-07
238599	4.768805059e-07
238600	6.119625368e-07
238601	1.71717916e-06
238602	3.141680579e-07
238603	7.439745228e-07
238604	8.493793989e-08
238605	3.684055092e-08
238606	1.310909716e-06
238607	1.184014474e-06
238608	9.732046377e-07
238609	7.449978675e-07
238610	7.746749845e-07
238611	0.000464563673
238612	0.0003582842165
238613	0.0003380589235
238614	1.167640893e-07
238615	0.0001428284198
238616	0.0004475352241
238617	0.0002312751541
238618	0.0002214564137
238619	0.000366253864
238620	0.0003411008786
238621	0.0003139985857
238622	0.0002469021811
238623	0.0003496290497
238624	0.0006247290188
238625	0.0007311730193
238626	0.001145976617
238627	0.0001604942895
238628	0.001146228156
238629	0.0001022834911
238630	0.0007983561702
238631	0.0001116835851
238632	0.001195355096
238633	0.0006019486513
238634	0.001518470755
238635	4.838190597e-05
238636	0.0004791387881
238637	0.0001146995551
238638	0.0003966948604
238639	0.0009576909163
238640	0.001391616702
238641	0.0007332366793
238642	0.000222284431
238643	0.00050762371
238644	1.327530691e-05
238645	0.001322544981
238646	7.592290748e-05
238647	0.001875875504
238648	0.001084911539
238649	0.0001389068203
238650	3.869463922e-05
238651	0.001379561023
238652	0.00111409255
238653	0.0007307128046
238654	0.001180558859
238655	0.0001405837953
238656	0.0009980552275
238657	0.0006606130567
238658	0.0009272254131
238659	0.0003430547339
238660	0.0006658767864
238661	0.0001177408091
238662	0.0007115921822
238663	6.470792153e-05
238664	8.230793792e-07
238665	0.0001167918375
238666	0.000221442172
238667	0.0001173145039
238668	0.0003636849543
238669	0.0002192015881
238670	0.0003375865693
238671	0.0003613160257
238672	0.0001472570332
238673	0.001368976441
238674	6.107698996e-05
238675	3.403451748e-05
238676	0.0001707049234
238677	3.047143921e-05
238678	0.0002178098135
238679	0.000125223482
238680	1.842027704e-08
238681	5.147444086e-08
238682	0.00011731034
238683	0.0006129119041
238684	0.0006062600822
238685	0.0006057894696
238686	0.0002991190692
238687	0.0002849292534
238688	0.001052163334
238689	0.001568290541
238690	0.000783499187
238691	0.004573938774
238692	0.0006324424999
238693	0.0005659651443
238694	0.0008265408316
238695	0.000987679239
238696	0.00235549001
238697	0.002082324437
238698	0.001070321214
238699	0.001445877971
238700	0.007100025371
238701	0.0006486449418
238702	0.0055769127
238703	0.002683902592
238704	0.002570644364
238705	0.002097492115
238706	0.003111888295
238707	0.0008994823369
238708	0.002222845988
238709	0.001443254407
238710	0.002193301849
238711	0.003072836874
238712	0.0005333364182
238713	0.0002325821279
238714	0.0008541935173
238715	0.0007027567628
238716	0.0006112220872
238717	0.002002494338
238718	0.0008419298736
238719	0.0008463288817
238720	0.001289828232
238721	0.0009848568014
238722	0.001099653087
238723	0.002881819519
238724	0.001835219847
238725	6.202250009e-05
238726	0.0007931388581
238727	0.002253914065
238728	0.003112704786
238729	0.0002882759328
238730	0.0007870456017
238731	0.006153388886
238732	0.0002485551664
238733	0.00218777173
238734	0.006689182928
238735	0.0007650818639
238736	0.0007811481886
238737	1.804163803e-07
238738	4.368675702e-07
238739	0.0002230079223
238740	0.0002222249175
238741	1.222764017e-05
238742	0.0003376019054
238743	0.0001985446512
238744	0.0002259148881
238745	0.0005534255477
238746	0.003223651343
238747	0.002869687702
238748	0.008334876979
238749	0.002568867443
238750	0.004564865907
238751	0.004875073244
238752	0.00193868876
238753	0.001588580663
238754	0.008099571641
238755	0.00224054182
238756	0.002926899149
238757	0.002509685401
238758	0.001860844007
238759	0.00101024719
238760	0.0002223406782
238761	0.0008754546845
238762	0.0004459984733
238763	0.001060470509
238764	0.003181824806
238765	0.0003704900951
238766	0.001953588797
238767	0.001266409966
238768	5.506737861e-05
238769	0.004969933242
238770	0.002887243635
238771	0.0004669870773
238772	0.005173177897
238773	0.0006331546582
238774	0.003132003153
238775	0.0004848302009
238776	0.001351741449
238777	0.0007172326532
238778	0.004902316588
238779	2.456036939e-08
238780	0.0003921594605
238781	0.0001621032418
238782	0.0004246279782
238783	0.0003054377449
238784	0.0008341398622
238785	0.002509548165
238786	0.0001469422823
238787	0.000278699535
238788	0.0002929151836
238789	0.003795076385
238790	0.0002996538464
238791	0.002123289665
238792	0.0001798334327
238793	0.001959828153
238794	0.0006829666767
238795	0.0009841135013
238796	0.002045286812
238797	0.000501119087
238798	0.001139803824
238799	0.0003090257898
238800	0.0003274823545
238801	9.176032255e-05
238802	0.000244862744
238803	0.0001063751232
238804	0.0009736847219
238805	0.001618092493
238806	0.0007229840158
238807	0.0006513298642
238808	0.0002405379966
238809	0.004747531054
238810	0.0002640073255
238811	0.001589310021
238812	0.002149284336
238813	1.117528075e-05
238814	0.00150772485
238815	0.002152172294
238816	0.0001127414431
238817	0.0001327624704
238818	0.0009817685468
238819	0.0005515802848
238820	0.0001439976887
238821	0.0004608281101
238822	1.169687592e-07
238823	0.002679624595
238824	6.93841315e-05
238825	0.000434521541
238826	0.0011475263
238827	0.001631314003
238828	0.0002559322057
238829	0.0002003259193
238830	0.0001043102621
238831	0.001619100994
238832	0.0001438660508
238833	8.190691238e-05
238834	0.002561192787
238835	0.00284471535
238836	0.001336142297
238837	0.0008417763393
238838	0.000814212578
238839	0.0001763449551
238840	0.000782843796
238841	0.00323984804
238842	0.0008379963814
238843	0.001494017609
238844	0.000300227383
238845	0.0001052245921
238846	0.00295384962
238847	0.001108879772
238848	0.001227222919
238849	0.0004250624554
238850	0.0005807867321
238851	0.001733106207
238852	0.001315214594
238853	0.0009208538634
238854	0.003340041747
238855	0.004063467794
238856	0.001077318681
238857	0.0008939734695
238858	0.0004859357628
238859	7.474015541e-05
238860	0.002308995114
238861	0.001038870031
238862	0.000222689385
238863	0.0004413520212
238864	0.0001643597858
238865	0.0001943878576
238866	0.0005813841072
238867	8.701589307e-05
238868	0.002313576526
238869	0.0009551483913
238870	0.002239199737
238871	0.0004247825636
238872	0.001724404244
238873	0.001440079882
238874	0.001348960345
238875	0.0004575449502
238876	0.001275610552
238877	0.004591742029
238878	0.0003292037534
238879	0.001226133639
238880	0.0002498537432
238881	0.002926046844
238882	0.001128022108
238883	0.00514461174
238884	0.00454543271
238885	0.0003569457383
238886	0.002304606749
238887	0.0001376261038
238888	0.000271086799
238889	0.0004345805463
238890	2.422577258e-05
238891	0.0009004509986
238892	0.001792306473
238893	0.001048045719
238894	0.0007893198493
238895	0.0007358517287
238896	0.0008745092724
238897	0.0006719197513
238898	5.914213243e-06
238899	0.0002204671082
238900	5.414976285e-05
238901	0.001721151115
238902	0.001142996247
238903	0.001381512085
238904	0.001621991645
238905	0.0005992719467
238906	0.0004397542458
238907	0.0001512823156
238908	0.0008590090739
238909	0.0005627362342
238910	0.0009988904101
238911	9.709363196e-05
238912	0.0004442399904
238913	0.0002963946858
238914	0.001932890006
238915	0.0002921467589
238916	0.0001742020436
238917	0.0003290620401
238918	0.0006587265576
238919	0.0002206528405
238920	0.001102268729
238921	0.0007083546275
238922	0.002692037681
238923	0.005764218584
238924	0.0008265240582
238925	0.001525428287
238926	0.004469775398
238927	0.005118196149
238928	0.005059657799
238929	0.003993323637
238930	0.003564314554
238931	0.001163284854
238932	0.001759113687
238933	0.001228335027
238934	0.0008658076893
238935	0.0005938665975
238936	0.002715870457
238937	0.0008032431098
238938	0.0009597534879
238939	0.002188191926
238940	0.001950144873
238941	0.0006795419727
238942	0.0008761563474
238943	0.003975484196
238944	0.001196163637
238945	0.004376434288
238946	0.007654090818
238947	0.004362843341
238948	0.001284733303
238949	0.001618938469
238950	0.0005004302202
238951	0.00120870914
238952	0.004529278686
238953	0.001504357838
238954	0.004358537483
238955	0.003807906898
238956	0.0002212915147
238957	1.005582774e-05
238958	0.001023081717
238959	0.0008263220224
238960	0.00626118462
238961	0.004455697857
238962	0.001656580547
238963	0.0008015289001
238964	0.0003154651007
238965	0.006436576583
238966	7.459404673e-05
238967	0.0005349921534
238968	0.0001722768717
238969	0.0003188725235
238970	0.0004055649206
238971	0.0003770372345
238972	0.0004667845565
238973	0.0004634704136
238974	6.573429414e-05
238975	0.001561282449
238976	0.0002878678005
238977	0.002224289242
238978	0.0005446225645
238979	0.001618971213
238980	0.002268743503
238981	0.0007542850492
238982	0.001738153712
238983	0.001225978691
238984	0.001703693664
238985	6.776150681e-05
238986	0.001904382541
238987	0.002023082326
238988	0.0016373277
238989	0.00142516986
238990	0.0006911669359
238991	0.002643501253
238992	0.003341274331
238993	0.001663687217
238994	0.003170366421
238995	0.004270942568
238996	0.004277288191
238997	0.00218541449
238998	0.004135400719
238999	0.002315018949
239000	0.0005367058851
239001	0.00153111235
239002	0.001177061656
239003	4.458830809e-06
239004	0.001262186399
239005	0.0003186602198
239006	0.003729374508
239007	0.001264470891
239008	6.661113955e-05
239009	0.002184447231
239010	0.0018481484
239011	6.469492113e-05
239012	0.0002106792958
239013	0.0007992309516
239014	0.004438506833
239015	0.0004487550451
239016	0.000249615072
239017	0.000135624826
239018	0.003234607001
239019	0.003486930727
239020	4.637250476e-05
239021	0.003392074644
239022	0.002450687132
239023	0.00381131759
239024	0.002151844503
239025	0.005444018991
239026	0.0004676927311
239027	0.001215447207
239028	0.003977309183
239029	0.003704957033
239030	0.001978444198
239031	0.001065301035
239032	0.002532455494
239033	0.001040027813
239034	0.0001252463247
239035	0.002076085792
239036	0.0006036036954
239037	0.001159852133
239038	0.001394221868
239039	0.0001557587207
239040	0.001626582299
239041	0.001763595726
239042	0.0001682722863
239043	0.0001182711976
239044	0.004632151776
239045	0.0002623149755
239046	0.001207091468
239047	0.00208097398
239048	0.00954900478
239049	0.001727001013
239050	0.001142881795
239051	0.0009694166401
239052	0.003694809365
239053	0.001393948162
239054	0.001405562323
239055	0.001666823198
239056	0.0001693779799
239057	0.0007367173417
239058	0.001984198731
239059	0.0010662015
239060	0.001621879235
239061	0.00110484385
239062	0.004728434856
239063	0.004614915698
239064	0.0007893827517
239065	0.002423313138
239066	0.001329219967
239067	0.001627018584
239068	0.00338165535
239069	0.001884492465
239070	0.001175194267
239071	0.003284575985
239072	0.003693190298
239073	7.869776175e-05
239074	0.0009860509188
239075	0.0009369976964
239076	0.0003605771638
239077	0.002434251881
239078	0.001366460536
239079	0.007345854708
239080	0.001222824039
239081	0.001329385601
239082	0.0002098735913
239083	0.001479151537
239084	0.002590812424
239085	0.001726438141
239086	0.002742837373
239087	0.004823237244
239088	0.0004543167894
239089	0.003185834844
239090	0.001059642115
239091	0.002902358925
239092	0.001309701908
239093	0.0001022661143
239094	0.001864701049
239095	0.0004036413086
239096	0.000748438545
239097	0.00517684865
239098	0.00307985053
239099	0.005855989363
239100	0.001572721827
239101	0.00530436001
239102	0.001745611204
239103	0.001050268598
239104	0.0005675983116
239105	0.0009245285206
239106	0.001336981501
239107	0.001847693794
239108	0.0005360713635
239109	0.0005654484337
239110	0.002607269744
239111	0.002332495921
239112	0.0012358591
239113	0.001542384624
239114	0.004726617307
239115	0.001760564563
239116	0.00250979935
239117	0.0009771663151
239118	0.0002761360724
239119	0.004558813927
239120	0.0001009230911
239121	0.001608504148
239122	0.0003293061242
239123	0.0005590327495
239124	0.004896168963
239125	0.005265688164
239126	0.001882250588
239127	0.002126274972
239128	0.002565090941
239129	0.0008537999949
239130	0.001469465972
239131	0.001345456155
239132	0.002563472214
239133	0.000441142115
239134	0.004608616065
239135	0.001149027715
239136	0.003211177297
239137	0.001131578776
239138	0.001897435477
239139	0.001371679868
239140	0.002404682519
239141	0.0001065436334
239142	0.004772473828
239143	0.003123503784
239144	0.00290120482
239145	0.0007767396098
239146	0.003204489333
239147	0.002186364535
239148	0.001398430784
239149	0.0008849026947
239150	0.003976292683
239151	0.001919220838
239152	0.001442844738
239153	0.0003951611339
239154	0.0003990832467
239155	0.0001234101091
239156	0.002570298345
239157	0.0009069048183
239158	0.00204175279
239159	0.0005591428116
239160	0.0006084315598
239161	0.001889142081
239162	0.001044707955
239163	0.0003925951409
239164	0.0008493978925
239165	0.0007876024475
239166	0.000789220568
239167	3.471988782e-05
239168	8.257676474e-05
239169	0.00214516768
239170	0.0009131909173
239171	0.0001132198978
239172	0.0004099189957
239173	0.0008808826698
239174	0.0003645716507
239175	0.0002263395549
239176	0.0004720472887
239177	0.0003409203863
239178	0.0004191689768
239179	0.0005373121792
239180	0.0006356938529
239181	0.0003310473434
239182	0.0001274245523
239183	0.0002264373288
239184	0.0003147241304
239185	2.993674862e-05
239186	0.001051912526
239187	3.301221676e-05
239188	0.0003787180967
239189	0.002850702295
239190	0.001753556965
239191	0.0008294378045
239192	0.0004743940465
239193	0.001339256778
239194	4.442566715e-05
239195	0.002415424866
239196	0.003463922759
239197	0.000595256374
239198	0.0003422744795
239199	0.0004709520216
239200	0.006293425618
239201	0.001721897696
239202	0.0003740438788
239203	0.0003495481834
239204	0.002698994604
239205	0.0005231798173
239206	0.003925138423
239207	0.0002809760406
239208	0.0001514514157
239209	0.0001838957046
239210	0.0001830996594
239211	0.0001192968692
239212	0.0006044689024
239213	0.0001127247909
239214	8.62608637e-05
239215	0.0003270093307
239216	0.0004680780484
239217	0.0002203191022
239218	0.0003876683993
239219	0.0001829075562
239220	0.0003332008433
239221	0.0006012156352
239222	0.0009788115953
239223	0.003556366377
239224	0.0007820407381
239225	0.001938318528
239226	6.659425937e-07
239227	0.0005238157364
239228	2.483063528e-05
239229	7.600171122e-05
239230	0.0005626302866
239231	0.0003134514209
239232	0.002450205524
239233	0.0005152006761
239234	0.0002435790103
239235	0.002045380358
239236	0.001694672
239237	0.000803937362
239238	0.0003301406837
239239	6.64792947e-05
239240	0.0001084418209
239241	0.001963858169
239242	0.0003856636319
239243	0.0002826017659
239244	0.000268082051
239245	0.0004024597884
239246	0.0008862883476
239247	0.0002799712642
239248	0.0005200999373
239249	1.704262384e-05
239250	0.00141825564
239251	0.001463185206
239252	0.0003812309042
239253	0.0002020266806
239254	0.0007973521291
239255	0.0002841470809
239256	0.0003172494603
239257	0.0003021034724
239258	0.0001420057795
239259	0.0004393066241
239260	0.0009052214663
239261	0.0001523617343
239262	0.0002332198316
239263	0.0001837698735
239264	0.0009259667914
239265	1.233504109e-05
239266	3.616453221e-06
239267	0.00114619831
239268	0.0002695079498
239269	0.000134361261
239270	8.19379308e-05
239271	0.0005312025218
239272	0.001091326193
239273	0.0008260099509
239274	7.193547738e-05
239275	0.001201606432
239276	0.0002770367822
239277	0.001182955471
239278	0.000827385413
239279	0.0001840781516
239280	0.0003108243641
239281	0.0004758526628
239282	0.001438321164
239283	2.215650299e-05
239284	0.001248584417
239285	0.0007757610942
239286	0.0002229846859
239287	0.0004605605496
239288	0.0004152555348
239289	0.0004938022554
239290	0.0002000441323
239291	7.97159851e-05
239292	0.0005770249963
239293	0.000490714432
239294	0.002363661923
239295	0.00030985607
239296	1.670288166e-05
239297	7.174682169e-05
239298	8.708861894e-05
239299	0.0009539303033
239300	0.0001763553947
239301	0.0002173451074
239302	0.001246546035
239303	0.0001467456204
239304	0.0002612577265
239305	3.081012897e-05
239306	0.00194785201
239307	2.848767568e-05
239308	0.0001808352912
239309	0.002545703657
239310	0.0003900823018
239311	0.0004602322178
239312	1.414943673e-05
239313	0.0002525725442
239314	0.0001207237526
239315	0.0001861913325
239316	0.0006529537808
239317	0.0002726166471
239318	0.0006690655465
239319	9.278630525e-05
239320	8.309365964e-05
239321	0.0005370826922
239322	5.170784994e-05
239323	0.0001297550675
239324	0.0002379256281
239325	8.01041094e-05
239326	1.992273397e-05
239327	0.0005736318333
239328	2.216735061e-05
239329	3.353496313e-05
239330	7.520890739e-05
239331	7.785674619e-05
239332	0.000227024819
239333	0.0003764664962
239334	0.0004145361616
239335	0.0006746373295
239336	0.0002912364412
239337	0.0002156896011
239338	0.0001480039181
239339	0.0006406575313
239340	0.0005768541544
239341	0.0002428852208
239342	0.0006210505621
239343	0.0003995919351
239344	0.0002612697334
239345	0.0006512431788
239346	0.001112495762
239347	0.0001634117266
239348	0.0003235356806
239349	0.0002799637913
239350	0.000456275269
239351	0.001145409384
239352	0.0004098821488
239353	0.0002726308628
239354	0.0006968097189
239355	2.932761414e-05
239356	0.0004447498
239357	0.001180634992
239358	1.380859564e-05
239359	3.515291307e-05
239360	0.000343534107
239361	0.0001847419376
239362	0.0006247879711
239363	0.002203441864
239364	0.000179151714
239365	0.0001235635045
239366	0.0004692516478
239367	0.0002351997723
239368	0.0005064307955
239369	0.001156266771
239370	0.0001062026775
239371	0.001786694361
239372	0.0001638247712
239373	2.531565257e-05
239374	0.0003529194769
239375	0.0002748265151
239376	0.0004974380668
239377	0.0001746228679
239378	0.000824183137
239379	0.0005761822494
239380	0.0008028238034
239381	0.001734886111
239382	9.833714929e-05
239383	0.0003866198651
239384	0.0003197573959
239385	0.0008269852519
239386	0.0006302799996
239387	0.000633249611
239388	0.0001310957307
239389	0.0001728865915
239390	0.001075672654
239391	0.0006847124937
239392	0.0004362387396
239393	0.000226622918
239394	0.0001231125759
239395	0.0001745173003
239396	9.775819888e-05
239397	0.0002301561501
239398	3.634035583e-05
239399	0.0007659391504
239400	5.603600032e-05
239401	0.0006965910894
239402	0.001567841971
239403	0.0003075741765
239404	0.0002957513531
239405	0.0004177511312
239406	0.0002859682327
239407	9.857452974e-05
239408	0.0004270118191
239409	0.0002253621706
239410	0.002488670039
239411	0.0003005352707
239412	0.001799271164
239413	0.003559561868
239414	0.0005571703845
239415	0.0004958570639
239416	0.001372617625
239417	8.74307548e-05
239418	0.000723716261
239419	0.0005271774971
239420	0.0009317164145
239421	0.0001718252077
239422	0.0003656359921
239423	1.976755975e-05
239424	0.0005297435957
239425	0.000115323954
239426	0.0001310305193
239427	8.733875281e-05
239428	0.001604637626
239429	0.0001563927662
239430	0.003522642934
239431	0.0001535911356
239432	0.0008236285826
239433	0.001748306022
239434	0.001570445716
239435	0.0001922710683
239436	0.0002984530758
239437	0.0007289048096
239438	0.0001975896894
239439	0.0003149810635
239440	0.0002526884292
239441	8.490579143e-05
239442	0.005534365206
239443	6.479163487e-06
239444	0.0003440287964
239445	0.0007809528564
239446	8.619366741e-05
239447	0.0007332114506
239448	0.0008210614489
239449	0.0003404508216
239450	0.0002035100337
239451	9.404723551e-05
239452	0.0005902488612
239453	0.003007032603
239454	0.00117857238
239455	0.0005414097389
239456	2.729272765e-05
239457	0.001052692664
239458	5.526083112e-08
239459	0.0005150191535
239460	0.0001086680516
239461	0.000468946657
239462	9.26588425e-05
239463	0.0002336188681
239464	0.001976834542
239465	0.0002297185874
239466	0.001950658164
239467	9.507504005e-05
239468	0.000222081767
239469	0.0009514244897
239470	0.0008626753517
239471	0.003665715753
239472	0.005799918975
239473	0.00226341714
239474	0.001202756541
239475	0.0004192205681
239476	0.0001369297679
239477	0.001615109559
239478	0.00483614894
239479	0.001144224423
239480	0.0009883016526
239481	0.0003875027445
239482	0.0004887554375
239483	0.002144875462
239484	0.002356054938
239485	0.002224769544
239486	0.001413724314
239487	0.000169316166
239488	0.0006162176042
239489	0.0005852481249
239490	5.414105722e-05
239491	0.002492590383
239492	0.000947546823
239493	0.0007399978246
239494	0.003054159645
239495	0.0009736865952
239496	0.006722975629
239497	0.003057543783
239498	0.002991358836
239499	0.0001520061244
239500	0.0002246832006
239501	0.001206415286
239502	0.001300884748
239503	0.0004433973735
239504	0.0003302474096
239505	0.0004133033183
239506	0.000387795338
239507	0.0006642536893
239508	0.001094832305
239509	0.0005376578306
239510	0.000587622951
239511	0.0007378682418
239512	0.0001156946319
239513	0.0002754108859
239514	2.517437857e-07
239515	0.0004430876879
239516	0.0005869332141
239517	0.0003253423804
239518	0.0001041657765
239519	0.0003425610254
239520	0.0008465694952
239521	0.0004038289362
239522	0.0003969354045
239523	0.0003127970052
239524	0.000437734581
239525	0.0003201408774
239526	3.052820152e-05
239527	1.512585263e-05
239528	0.0001494247598
239529	0.00043651475
239530	0.000144365432
239531	0.000310910828
239532	0.0005872156589
239533	0.0005893799437
239534	0.0004373913108
239535	0.0003800828693
239536	0.0003092510235
239537	0.0002944880502
239538	0.0001258669076
239539	0.0006878809505
239540	0.0001282076723
239541	0.0004386296163
239542	6.447096941e-08
239543	0.0006763578331
239544	0.000125871141
239545	0.002651405598
239546	0.001510937057
239547	0.0006999111198
239548	0.003257178153
239549	0.00261809527
239550	0.00222377293
239551	0.002481934476
239552	0.0004265775805
239553	0.0009923639657
239554	0.003060896664
239555	0.001784038902
239556	0.001343444315
239557	0.000673721178
239558	0.004006028307
239559	0.003630052446
239560	0.0005477393979
239561	0.001161021255
239562	0.004099693807
239563	0.0001201692919
239564	0.0003360088492
239565	0.001914832821
239566	0.0007508554938
239567	0.0007658006252
239568	0.007639409503
239569	0.001186101111
239570	0.0006062366233
239571	0.0003743456746
239572	0.00179568284
239573	8.821115662e-05
239574	0.001377785222
239575	0.001358621022
239576	0.001242745863
239577	0.003398883136
239578	0.0008141748316
239579	0.0005607281498
239580	0.0009333370152
239581	0.0002806215504
239582	0.000947988286
239583	0.0002258025894
239584	0.008985521869
239585	0.004230006157
239586	0.0003753366944
239587	0.0004375078931
239588	0.001086488605
239589	0.006826195962
239590	0.005114248793
239591	0.001199157971
239592	0.00327802813
239593	0.002431405327
239594	0.003148381761
239595	0.0008411795506
239596	0.003398381442
239597	0.0003117674127
239598	0.001094145935
239599	0.0005748237248
239600	0.0006339270062
239601	0.001150738989
239602	0.0005841632964
239603	0.0001570413746
239604	0.003407330141
239605	0.001125281774
239606	0.003467298418
239607	0.002064003021
239608	0.005125785864
239609	0.0007039998317
239610	0.0002570465283
239611	0.00188462543
239612	0.001491459738
239613	0.002705861253
239614	0.002090429676
239615	0.001241051725
239616	0.001611274111
239617	0.005320826984
239618	0.001294488418
239619	0.002721612354
239620	0.002929348883
239621	0.00166852656
239622	0.002487215782
239623	0.003258707496
239624	0.001055230526
239625	0.0008761347201
239626	0.001720207393
239627	0.003488040022
239628	0.0001305932832
239629	0.0009030523093
239630	0.001267045239
239631	0.0002861522551
239632	0.0006117866953
239633	0.001860548535
239634	0.002986870709
239635	0.001240958839
239636	0.001001309573
239637	0.0007495464685
239638	0.0003243621998
239639	0.0006688432933
239640	0.001465010527
239641	0.0005149147596
239642	0.003423924991
239643	0.00146203187
239644	0.0005680624306
239645	0.001435274639
239646	0.001538226235
239647	0.001594384242
239648	0.0004765350577
239649	0.001073009624
239650	0.001613948721
239651	0.0002854852512
239652	0.002800780044
239653	0.0006954132334
239654	0.0006368479869
239655	0.0007741291148
239656	0.001071187317
239657	0.001002108773
239658	0.0001745689901
239659	0.002474581464
239660	0.0006076784452
239661	0.00342368112
239662	0.004010737878
239663	0.001429839342
239664	0.0005212906434
239665	0.002492115093
239666	0.002311721718
239667	0.004305130376
239668	0.0004481577155
239669	0.0001960320922
239670	0.00144997616
239671	0.001319075331
239672	0.0008387571758
239673	0.001990067069
239674	0.002806703252
239675	0.00133887446
239676	0.001726052063
239677	0.004258314896
239678	0.001661416169
239679	0.001143354999
239680	0.002585049211
239681	0.00296433448
239682	0.001787136662
239683	0.0006315712417
239684	0.002178890209
239685	0.0003533336091
239686	0.003224337779
239687	0.0002963211593
239688	0.001431341943
239689	7.14483178e-05
239690	0.00148276483
239691	0.0001860504264
239692	6.978327969e-05
239693	0.001988963402
239694	0.001819240327
239695	0.0005332299319
239696	0.00165167851
239697	0.001837603373
239698	0.00279280458
239699	0.001572297202
239700	0.0002385995344
239701	0.003112412003
239702	0.0001063910592
239703	0.001978525365
239704	0.0003594809444
239705	0.0004477435453
239706	0.00114819703
239707	0.001035897925
239708	0.000155858659
239709	0.003463111752
239710	0.0007721916482
239711	0.003776166018
239712	0.001960591329
239713	0.00554388613
239714	0.0004605349812
239715	0.001523547753
239716	0.00208774263
239717	0.002489935836
239718	0.000632380701
239719	0.001925156119
239720	0.002234342187
239721	0.001356169722
239722	0.001183072232
239723	0.00507485532
239724	0.003723158143
239725	0.001027654695
239726	0.002548427296
239727	0.000901487541
239728	9.255008561e-05
239729	0.001504945307
239730	0.00263652663
239731	0.002637927936
239732	0.003490949493
239733	0.001271101463
239734	0.0001826725944
239735	0.0001389034466
239736	0.0002561134683
239737	0.0007217722475
239738	0.0003823702438
239739	0.002014332316
239740	0.0004087029412
239741	0.0008463241874
239742	0.00112613881
239743	0.0004214099371
239744	0.0007529383015
239745	0.00344120389
239746	0.002534078265
239747	0.0003099547268
239748	0.001158540801
239749	0.003486114706
239750	0.0006004958043
239751	0.001516740372
239752	0.0001415437681
239753	0.0008158470633
239754	0.001021157965
239755	0.0008530995778
239756	0.003809309655
239757	0.00203528288
239758	0.002134158505
239759	0.004454574756
239760	0.0005294634713
239761	0.0006407929028
239762	0.003372789922
239763	0.001349141449
239764	0.0001794440035
239765	0.00451696536
239766	0.0001804605425
239767	0.000562337988
239768	0.002831977903
239769	0.0025182085
239770	0.0003120815098
239771	0.001523101788
239772	0.001250576046
239773	0.001341869244
239774	0.004442957108
239775	0.003663806124
239776	0.001800793898
239777	0.002651366187
239778	0.002035695919
239779	0.001575179411
239780	0.0007428900896
239781	0.002009544968
239782	0.0004872803571
239783	0.006562281796
239784	0.001060981678
239785	0.00768811008
239786	0.0001068298833
239787	0.0007582059139
239788	0.00201814571
239789	0.001736757129
239790	0.006398449897
239791	0.00305716379
239792	0.003735863241
239793	0.002133485705
239794	0.002329884944
239795	0.0007001744912
239796	0.002019611586
239797	0.002347792962
239798	0.005172311717
239799	0.003500520835
239800	0.00246500417
239801	0.00124976809
239802	0.0005846281974
239803	0.002789104527
239804	0.002206396495
239805	0.002460834449
239806	0.003751862035
239807	0.003452979975
239808	0.0007214018368
239809	0.001400540233
239810	0.006748123343
239811	0.00035871755
239812	0.0006170366425
239813	1.848924701e-05
239814	0.002329969438
239815	0.001617160122
239816	0.001710409818
239817	0.001507539103
239818	0.0009998319403
239819	0.002396930521
239820	0.002813823288
239821	0.0001875811393
239822	0.00125173393
239823	0.001465355156
239824	0.0001178533166
239825	0.004774711815
239826	0.00101778815
239827	0.001189537449
239828	0.004690790823
239829	8.864045184e-05
239830	0.0002151985173
239831	0.0004647285556
239832	0.0003612290769
239833	0.0002461084925
239834	0.0003717802103
239835	0.0003263016889
239836	0.0005129567659
239837	0.0004716769725
239838	0.00129610612
239839	0.001587733901
239840	0.0002810428608
239841	0.0003781186203
239842	0.0004087059642
239843	0.0001610643749
239844	0.00162339176
239845	0.0001085777609
239846	0.006494462514
239847	0.002501106826
239848	0.0005606799456
239849	0.0005229408795
239850	0.002536564676
239851	0.002470026973
239852	0.0002055147624
239853	0.0007016309389
239854	0.005259512682
239855	0.00128033942
239856	0.001601040087
239857	0.001679684389
239858	0.0007366473454
239859	0.002626681866
239860	0.001019984111
239861	0.001782519994
239862	0.004114720255
239863	0.002915109203
239864	0.0001758232717
239865	0.0007568811194
239866	0.001246610537
239867	0.0006135485966
239868	0.0008271565731
239869	0.001332695175
239870	0.0005202814794
239871	0.0001436368758
239872	0.001216994386
239873	0.0006200569109
239874	0.001099434144
239875	0.0005703650485
239876	0.0003647594112
239877	0.001405414345
239878	0.0008992957917
239879	0.001687049527
239880	0.0004020869669
239881	0.0002881521822
239882	0.0007833540928
239883	0.0002754892863
239884	0.002568100026
239885	0.001270136964
239886	0.000588883782
239887	0.001208243788
239888	0.0006608503906
239889	0.0002433607283
239890	0.002271651941
239891	0.001060376011
239892	0.005362671264
239893	0.002239392545
239894	0.006821623585
239895	0.0009855062061
239896	0.0003571924612
239897	0.0008419257552
239898	0.0004655179351
239899	4.106232324e-05
239900	0.0008054244895
239901	0.0006836711869
239902	0.002808716701
239903	0.004160049169
239904	0.0002476804275
239905	0.002042343767
239906	0.001733047594
239907	0.0004718304295
239908	0.000447577615
239909	0.0002586190771
239910	0.000280824867
239911	0.0004409088111
239912	0.001424842797
239913	0.0001251723099
239914	0.00128111145
239915	0.004293334975
239916	0.0002355404862
239917	0.004422831041
239918	0.0004057588369
239919	0.0009749588207
239920	0.003491841846
239921	0.003200753538
239922	0.0001331658389
239923	0.001586467918
239924	0.003121927792
239925	0.0008456038464
239926	0.001017756056
239927	0.006026625413
239928	0.003280158045
239929	0.001998228776
239930	0.001354533018
239931	0.0001810416898
239932	0.005292225479
239933	0.000904537283
239934	0.003648236622
239935	0.0003889198566
239936	0.0007656765791
239937	0.002581468551
239938	0.001973477662
239939	0.000223881523
239940	0.0005322873949
239941	0.001986106565
239942	0.0004874612004
239943	0.0006741715556
239944	0.0001339129417
239945	0.001635562511
239946	0.002523502168
239947	0.001507236558
239948	0.001135613403
239949	8.136943469e-05
239950	0.001330244984
239951	0.0008735680953
239952	0.001719514363
239953	0.005333135528
239954	0.001957625138
239955	0.001576030054
239956	0.0008271602222
239957	0.000350130752
239958	0.0004576470079
239959	0.009200557743
239960	0.001234505522
239961	0.0004795266558
239962	0.003531276594
239963	0.001524149219
239964	0.002686222306
239965	0.003096234344
239966	0.004001499533
239967	0.002501277772
239968	0.0002518747352
239969	0.002609000643
239970	0.000823928597
239971	0.0004561795078
239972	0.003602986987
239973	0.0009255696566
239974	0.0005694771181
239975	0.002125261311
239976	0.0006549049857
239977	0.00495714753
239978	0.001472784803
239979	0.003677909262
239980	0.00148564694
239981	0.005800855471
239982	0.0008348230636
239983	0.0006570630576
239984	0.0009599089763
239985	0.0004492952019
239986	0.001485699486
239987	0.002958492932
239988	0.004595149177
239989	0.003393500967
239990	0.002013320201
239991	0.003393315022
239992	0.0003900782749
239993	0.001725670859
239994	0.006770002348
239995	0.0006322022879
239996	0.0002882397658
239997	0.002246280572
239998	0.000147861019
239999	0.0002572725525
240000	0.001003906342
240001	4.263354833e-06
240002	4.728902924e-05
240003	0.001843483132
240004	8.616587354e-05
240005	0.001484050729
240006	0.0005071246426
240007	0.002907703293
240008	0.001259023623
240009	0.001538438525
240010	0.0006573913506
240011	0.005096271984
240012	2.949078525e-05
240013	8.707501899e-05
240014	0.001442333806
240015	0.0006482204621
240016	0.0001697933699
240017	0.0001403626158
240018	0.000650014255
240019	0.0007706614835
240020	0.001334791036
240021	0.0003254682183
240022	0.0008739840711
240023	0.0001706381116
240024	0.003020527976
240025	0.001656337567
240026	0.001113219811
240027	0.002995140051
240028	0.001473397453
240029	0.002718181033
240030	0.002296843068
240031	0.0003295836108
240032	0.001557654938
240033	0.0008063034807
240034	0.001929976208
240035	0.001556743245
240036	0.001931427832
240037	0.0002192774803
240038	0.0008799070328
240039	0.0006962695147
240040	0.001925735045
240041	0.0005539554578
240042	0.0004451331672
240043	0.000250053039
240044	0.003138084015
240045	0.0001116239206
240046	0.0004089599581
240047	0.0002212110028
240048	6.037757492e-08
240049	0.0003747560894
240050	0.000203927476
240051	0.0003157130719
240052	0.000391008735
240053	0.0004859985888
240054	0.0001107508447
240055	0.0011572552
240056	0.00201722851
240057	0.000243516754
240058	0.001002132444
240059	0.0005409123815
240060	0.002108969599
240061	0.0009364347491
240062	0.001319475247
240063	0.0008233197226
240064	0.0007178667873
240065	0.00032921907
240066	0.009598345742
240067	0.006130941615
240068	0.00533838462
240069	6.315212085e-05
240070	0.006685844439
240071	0.002039636466
240072	0.003080530729
240073	0.003345239664
240074	0.001692594803
240075	0.001656638987
240076	0.0009763327289
240077	0.0009288198046
240078	0.001153799981
240079	0.004685646424
240080	0.001556288562
240081	0.001713787152
240082	0.0001087370463
240083	0.00136328889
240084	0.001420854386
240085	0.0002348089677
240086	0.001396069374
240087	0.001127785697
240088	0.0009672823879
240089	0.0006752450164
240090	0.0007911800459
240091	0.001019579777
240092	0.0007880362378
240093	0.0006553826397
240094	0.0001018023851
240095	0.001105300479
240096	0.001699087815
240097	0.0006206195532
240098	0.001394374928
240099	0.001494043045
240100	0.001365550216
240101	0.0014003327
240102	0.001239284632
240103	0.0004061205854
240104	0.00148082995
240105	0.001416569687
240106	0.00162253457
240107	0.001681319735
240108	0.001342097452
240109	0.001400863438
240110	0.001567790981
240111	0.001531676715
240112	0.001359756223
240113	0.0003690845855
240114	0.0009452136357
240115	0.001398511498
240116	0.001274369039
240117	0.001320103015
240118	0.001288805756
240119	0.0008075251748
240120	0.00132447938
240121	0.001691038951
240122	0.001780321592
240123	0.0009740288453
240124	0.001364394291
240125	0.00123672112
240126	0.0008344372322
240127	0.0001822541205
240128	0.001078499403
240129	0.001377769692
240130	0.0003188709202
240131	0.001207067864
240132	0.001473779334
240133	0.00174853215
240134	0.001230356068
240135	0.001252304554
240136	0.001144266706
240137	0.00128937095
240138	0.001347989011
240139	0.001644935186
240140	0.0008831646711
240141	0.001568185999
240142	0.0001819351649
240143	0.0004660624185
240144	0.000192887997
240145	0.0009900563126
240146	0.0005329179612
240147	0.001745500532
240148	0.002354069125
240149	0.001628548999
240150	0.00105466429
240151	8.296396128e-05
240152	0.001057510938
240153	0.001177672589
240154	0.001049754462
240155	0.002005825025
240156	0.001639019481
240157	0.0008522782947
240158	0.001269542021
240159	0.00100946098
240160	0.001348754774
240161	9.749981233e-05
240162	0.0008020894665
240163	0.001031282705
240164	0.001128385038
240165	0.001396206708
240166	0.0005944062723
240167	0.001481784994
240168	0.002648463573
240169	0.001903389043
240170	0.0008024269387
240171	0.0005657319485
240172	0.0005929350634
240173	0.001405809416
240174	0.001928567326
240175	0.0006372499504
240176	0.001728442559
240177	0.001370577271
240178	0.0008910303178
240179	0.000547181195
240180	0.0007813528169
240181	0.001740938095
240182	0.001988547313
240183	0.001541159004
240184	0.001031332147
240185	0.001329977048
240186	0.00110885619
240187	0.001067236702
240188	0.002139198355
240189	6.829295554e-05
240190	0.001265303463
240191	0.002220009483
240192	0.002758840335
240193	0.0008681608962
240194	0.0003051598483
240195	0.0004684327817
240196	0.001489626411
240197	0.002489873269
240198	0.001762018666
240199	0.0007160997612
240200	0.001160481225
240201	0.0001975840121
240202	0.001954651839
240203	0.001666780955
240204	0.001374813142
240205	0.001279821832
240206	0.001326804573
240207	0.001287814889
240208	0.0003232477423
240209	0.0002518045188
240210	0.001087729582
240211	0.0004636696777
240212	0.0004211928885
240213	0.001031190314
240214	0.0006383493629
240215	0.002499357576
240216	0.001131219358
240217	0.0007609704917
240218	0.0004973503864
240219	0.001183260457
240220	0.002110873739
240221	0.001043975262
240222	0.0002951206313
240223	0.001040433378
240224	0.00163596744
240225	0.001602394125
240226	0.001014576934
240227	0.0009361268632
240228	4.011331856e-05
240229	0.0003032690192
240230	0.0002526565452
240231	0.0003843121644
240232	7.918197692e-05
240233	0.000680477083
240234	0.0002581418519
240235	0.00158390707
240236	0.002125040135
240237	0.0006963142713
240238	0.0004893209871
240239	0.0005630771625
240240	0.0006607433991
240241	0.0003436205174
240242	0.0005539850181
240243	9.18310617e-05
240244	0.0007048416367
240245	0.000189475336
240246	0.0001398168964
240247	0.0006958085644
240248	0.0001170836047
240249	0.0003794762876
240250	0.001056145787
240251	0.0005180592329
240252	0.0002801814809
240253	0.0006083152407
240254	0.0003123649763
240255	0.0003711319879
240256	0.0005000028242
240257	0.0007214369096
240258	0.001447278723
240259	0.0005968062385
240260	0.000589606333
240261	7.479299743e-05
240262	0.001607734896
240263	0.001498850964
240264	0.001292143263
240265	0.001783982825
240266	0.002455482984
240267	0.001418037121
240268	0.001317814933
240269	0.001442583826
240270	0.001554987468
240271	0.001761167555
240272	0.001498951995
240273	0.001603623268
240274	0.0008411272977
240275	6.305326171e-05
240276	0.0005281036371
240277	0.0004046503811
240278	4.014915482e-06
240279	6.073849162e-05
240280	0.0007544369002
240281	0.0006950597179
240282	0.001194650016
240283	0.0008282438653
240284	0.001915891323
240285	0.0002269008357
240286	0.0005090502673
240287	0.002510713722
240288	0.0001548370652
240289	0.0002638625607
240290	0.0007540198383
240291	0.0001847441258
240292	8.501149295e-05
240293	0.0003586975568
240294	0.000362878062
240295	7.212772295e-05
240296	0.0004671802451
240297	7.2335197e-05
240298	0.001455366667
240299	0.0001582253613
240300	0.0007770760215
240301	0.0002918981828
240302	0.0003071754265
240303	0.00222747432
240304	0.0002506907934
240305	9.01926922e-05
240306	0.0006938767703
240307	0.0007268198632
240308	0.001636188602
240309	0.0003355298467
240310	0.0004858450382
240311	0.001604735407
240312	0.0005548444842
240313	0.0003926750916
240314	0.0008356916327
240315	0.000489837281
240316	0.0002902093222
240317	0.000723688761
240318	0.0008483218751
240319	0.001065704184
240320	0.001990306011
240321	0.0007244560236
240322	0.0002877534736
240323	0.0002189970435
240324	3.718161383e-05
240325	0.0001108715782
240326	0.003352145473
240327	0.001499450742
240328	0.003669731256
240329	0.0009208386489
240330	0.00326101588
240331	0.00328980009
240332	0.002833748033
240333	0.0024243736
240334	0.002307791674
240335	0.002034710296
240336	0.003202645542
240337	0.003590069192
240338	0.002913429254
240339	0.001593938181
240340	0.003386188463
240341	0.004247093309
240342	0.005064938473
240343	0.004452773865
240344	0.003738327285
240345	0.003803824505
240346	0.003748832145
240347	0.003438470524
240348	0.003194929167
240349	0.003664930998
240350	0.002739837854
240351	0.003238935285
240352	0.004004641777
240353	0.00251049775
240354	0.003986286232
240355	0.002183164764
240356	0.003363906501
240357	0.003351270436
240358	0.0008562130111
240359	0.0007405476781
240360	0.0006011977698
240361	0.0005532442979
240362	0.00167689414
240363	0.002112376544
240364	0.0003600992988
240365	0.0003101338204
240366	3.526670075e-05
240367	2.508586847e-05
240368	0.0007773924994
240369	0.0005294167189
240370	0.0001701390957
240371	0.000185078754
240372	0.0001201839923
240373	0.0003022124287
240374	1.462816842e-05
240375	0.0001332085765
240376	0.0001359159282
240377	0.000185920717
240378	6.321667924e-05
240379	0.0001811758886
240380	0.0003165070219
240381	0.0004256068151
240382	4.731576418e-05
240383	0.0002638562556
240384	0.0005152656127
240385	0.0003971862107
240386	0.0003785806545
240387	0.0003579216858
240388	0.002626278921
240389	0.002284837534
240390	0.0005574747176
240391	0.0003859612949
240392	0.0004169442174
240393	0.0003236992202
240394	0.001919449567
240395	0.001063115876
240396	6.973753582e-07
240397	0.0001392427657
240398	0.001230466741
240399	0.002486027034
240400	0.0009494533887
240401	0.001795395432
240402	0.002616752441
240403	0.00183498172
240404	0.0003283084104
240405	0.0003307285655
240406	0.0001583705688
240407	0.0002007864153
240408	0.001126821492
240409	0.0003974348253
240410	0.001100974778
240411	0.0006775738557
240412	0.001576898096
240413	0.0001272864793
240414	0.0004792632545
240415	0.001912718978
240416	8.672282161e-05
240417	0.0002496033853
240418	0.0003545608807
240419	0.0003863099589
240420	0.0005250106984
240421	0.001673099038
240422	0.0003293608105
240423	0.0007161636981
240424	0.001102312736
240425	0.0004942015824
240426	0.001341113786
240427	0.0007286532922
240428	0.001149746284
240429	0.0009386033702
240430	0.0003546954378
240431	0.002836310896
240432	0.001681900632
240433	0.002341381169
240434	0.002340097238
240435	0.002327078354
240436	0.002439429418
240437	0.002479805887
240438	0.002257230246
240439	0.002689178566
240440	0.002336797807
240441	0.002046454752
240442	0.00185656435
240443	0.001490259614
240444	0.002095667311
240445	0.002292957396
240446	0.00274763495
240447	0.002207506082
240448	0.001829078419
240449	0.00146294795
240450	0.002052264358
240451	0.002431159078
240452	0.001963016005
240453	0.002288799881
240454	0.001812306923
240455	0.002731197495
240456	0.0003262881374
240457	0.002214735467
240458	0.002353200699
240459	0.001734833432
240460	0.002988496827
240461	0.002569283389
240462	0.002282003726
240463	0.00212489941
240464	0.002089799368
240465	0.002339134861
240466	0.002523528849
240467	0.002538619682
240468	0.002632754514
240469	0.003019017744
240470	0.002555391338
240471	0.002557377824
240472	0.001964162918
240473	0.002406996744
240474	0.001949116873
240475	0.001863514035
240476	9.165222362e-05
240477	0.002758189417
240478	0.0003857878705
240479	0.0001723527769
240480	0.0001532353669
240481	3.332777991e-05
240482	0.0002439620055
240483	0.001196041932
240484	8.337665614e-05
240485	0.001382605969
240486	0.0002460633252
240487	0.0003612904514
240488	0.0004630516594
240489	0.0009714410433
240490	0.0008750299403
240491	0.0003653478037
240492	0.0005045302526
240493	0.0005744101559
240494	0.0003688981339
240495	0.0001730430708
240496	0.001268414887
240497	0.0002288953668
240498	4.614651073e-05
240499	0.001234414779
240500	0.000113071905
240501	0.001039804036
240502	0.0007197742251
240503	6.877660956e-06
240504	0.0002678758447
240505	0.0005336413385
240506	0.0006974038376
240507	0.001101596473
240508	7.923389901e-05
240509	0.0006191545368
240510	0.0003350172439
240511	0.0001123993159
240512	0.001048606405
240513	0.001427245022
240514	0.0013264228
240515	0.001445597492
240516	0.00072864268
240517	0.002186600969
240518	0.001272666056
240519	0.0008801485036
240520	0.0007893417685
240521	0.001156623421
240522	0.001830143995
240523	0.0001453960315
240524	0.0002450874882
240525	0.001600657861
240526	4.225712284e-05
240527	0.001276363749
240528	0.0006244237908
240529	0.0002560453715
240530	0.0004251928627
240531	0.001339968821
240532	0.0003255070331
240533	0.001563113916
240534	0.0007638281915
240535	0.001325136397
240536	0.001915363684
240537	0.0003373289491
240538	0.0006590673093
240539	0.001362270858
240540	0.0002764005955
240541	0.001310007421
240542	0.002003741965
240543	0.002000440246
240544	0.0001963884758
240545	0.0002630100507
240546	0.002181738852
240547	0.0001459715519
240548	0.0009821436787
240549	0.000590443047
240550	0.001671469475
240551	0.0004661680103
240552	0.004064353735
240553	0.004056815732
240554	0.003704733468
240555	0.003872356526
240556	0.003146075708
240557	0.004390267265
240558	0.004153328637
240559	0.00376109803
240560	0.003478772502
240561	0.0007897631778
240562	0.003872481544
240563	0.004735208702
240564	0.003074828354
240565	0.003956847664
240566	0.004132207212
240567	0.004063196171
240568	0.003962445438
240569	0.003896074921
240570	0.002192459561
240571	0.004284592347
240572	0.003562746449
240573	0.004696234447
240574	0.003407975282
240575	0.003995643604
240576	0.002342933136
240577	0.003559903378
240578	0.004454104026
240579	0.004333884929
240580	0.001288169862
240581	0.002201637768
240582	0.001041878091
240583	0.002715699941
240584	0.003845565136
240585	0.004260531276
240586	0.003606353073
240587	0.003921159428
240588	0.003612977023
240589	0.003791746497
240590	0.003585280948
240591	0.004103757624
240592	0.004307290407
240593	0.004177834978
240594	0.003488079086
240595	0.003483153039
240596	0.001493607702
240597	0.002683756063
240598	0.004650129989
240599	0.003517227654
240600	0.003539833908
240601	0.002773575378
240602	0.0001251833415
240603	0.00135749279
240604	0.003523679767
240605	0.003668509817
240606	0.003361623346
240607	0.002174940121
240608	0.002020444565
240609	0.0027164119
240610	0.003034287082
240611	0.003122160184
240612	0.003867138226
240613	0.003614971743
240614	0.003538478112
240615	0.003210554622
240616	0.003306091712
240617	0.003881525106
240618	0.003949934452
240619	0.003316233437
240620	0.002932540497
240621	0.003478295152
240622	0.003087829223
240623	0.003151716344
240624	0.003665835542
240625	0.0004638664268
240626	0.0008564336451
240627	0.001272520695
240628	0.00139240639
240629	0.0004771712833
240630	0.00166736747
240631	0.0005211146485
240632	5.927848068e-05
240633	0.0008674357946
240634	0.003747842603
240635	0.000786597202
240636	0.000980848326
240637	0.000599746949
240638	0.001573404331
240639	0.0008395280638
240640	0.001937932875
240641	0.000486149296
240642	0.001259958736
240643	0.0003855407445
240644	0.001205536004
240645	0.001250250811
240646	0.002516426278
240647	0.001260271525
240648	0.00332484662
240649	0.0006152356053
240650	0.00293738558
240651	0.003526820036
240652	0.001227847387
240653	0.0004364353988
240654	0.003714768577
240655	0.004108807114
240656	0.003020968228
240657	0.002629482402
240658	0.003668863275
240659	0.003718575026
240660	0.003367293577
240661	0.00339657113
240662	0.002532882207
240663	0.003389682092
240664	0.004866871377
240665	0.003519968733
240666	0.001855193322
240667	0.002315881028
240668	0.003188465767
240669	0.002807296772
240670	0.003379877617
240671	0.002212876793
240672	0.00326037953
240673	0.001531828946
240674	0.002740060585
240675	0.003538344659
240676	0.001939581108
240677	0.002345977937
240678	0.002222458417
240679	0.001484817524
240680	0.002898745194
240681	0.002075908435
240682	0.002455176166
240683	0.001586936953
240684	0.001914325808
240685	0.001107896389
240686	0.002796302269
240687	0.00220786071
240688	0.001557479341
240689	0.000127029171
240690	0.002341531139
240691	0.001703754672
240692	0.0003345061311
240693	0.0006563910288
240694	0.0002866443807
240695	0.001395112947
240696	0.002484369219
240697	0.00213824687
240698	0.001954208987
240699	0.001541884741
240700	0.002311663604
240701	0.002362617716
240702	0.00198806304
240703	0.002043510017
240704	0.002167882345
240705	0.001311870293
240706	0.001915702606
240707	0.0003054737022
240708	0.003018717571
240709	0.00112529063
240710	0.001078770469
240711	0.002470475824
240712	0.001956172072
240713	0.0007342575922
240714	0.002037236134
240715	0.001342381852
240716	0.002240582661
240717	0.002791831893
240718	0.003240032535
240719	0.001788511981
240720	0.001897106277
240721	0.004234323406
240722	0.002251038585
240723	0.002768622218
240724	0.0007613880995
240725	0.002182302654
240726	0.001655901343
240727	0.001513651534
240728	0.001878115722
240729	0.001709703011
240730	0.001884668309
240731	0.002241631752
240732	0.001650008134
240733	0.001605082501
240734	0.002940939064
240735	0.003203571329
240736	0.00322811212
240737	0.001304542027
240738	0.003094679628
240739	0.002698018264
240740	0.002677351994
240741	0.005157461513
240742	0.00283553609
240743	0.002767593032
240744	0.003129214281
240745	0.003056458991
240746	0.00390377465
240747	0.002380002186
240748	0.003332155558
240749	0.002877162238
240750	0.002568585225
240751	0.004003241893
240752	0.002879164571
240753	0.004842472426
240754	0.001526520255
240755	0.00224505338
240756	0.002404820595
240757	0.001210778346
240758	0.002449284174
240759	0.0004552235495
240760	0.001338194759
240761	0.001259749825
240762	0.001817116511
240763	0.002423068438
240764	0.002224451029
240765	0.001722926474
240766	0.001933323907
240767	0.0005984488534
240768	0.001089334662
240769	0.002505935169
240770	0.0001673410557
240771	0.001889669724
240772	0.004035194916
240773	0.002971298133
240774	0.002166830594
240775	0.002258512388
240776	0.003426281771
240777	0.0003157132427
240778	0.001994882335
240779	0.00327927907
240780	0.003192735499
240781	0.002923137662
240782	0.002558702737
240783	0.002659919363
240784	0.002029348926
240785	0.003377201607
240786	0.003374268301
240787	0.005570859461
240788	0.003722221218
240789	0.003017278162
240790	0.00299057259
240791	0.003125414872
240792	0.003799754426
240793	0.004389211593
240794	0.004500975344
240795	0.003949436245
240796	0.001963848348
240797	0.003442572218
240798	0.003361066425
240799	0.003408717913
240800	0.002494663748
240801	0.00159582011
240802	0.0004321083932
240803	0.001541538006
240804	0.002330137169
240805	0.001619317591
240806	0.001600481787
240807	0.001394204367
240808	0.001544309809
240809	0.0019160406
240810	0.001517283997
240811	0.00160583383
240812	0.002073750307
240813	0.001754047347
240814	0.00256179317
240815	0.0006219499901
240816	0.001604371379
240817	0.001150714615
240818	0.001198381191
240819	0.001104658287
240820	0.001393176189
240821	0.001484736158
240822	0.001859887188
240823	0.001642941078
240824	0.001617550411
240825	0.001188682215
240826	0.001452994839
240827	0.001752986546
240828	0.001011264828
240829	0.001339973097
240830	0.0006761525585
240831	0.0008057840665
240832	0.0008770736827
240833	0.002206623366
240834	0.002344577203
240835	0.001613720173
240836	0.001790372949
240837	0.001902615853
240838	0.001864300306
240839	0.001440491175
240840	0.001449013185
240841	0.003337481349
240842	0.002129508372
240843	0.003391702579
240844	0.004124740545
240845	0.001195556273
240846	0.00266786134
240847	0.001258066478
240848	0.002778999849
240849	0.00233632214
240850	0.003886399573
240851	0.003264533079
240852	0.001915924649
240853	0.002449410926
240854	0.003251316178
240855	0.003124925823
240856	0.003379205016
240857	0.002784640797
240858	0.004099639796
240859	0.004706776956
240860	0.003318066234
240861	0.003067154139
240862	0.003401579936
240863	0.003604957227
240864	0.003656750336
240865	0.00141949847
240866	0.0020792541
240867	0.0009002643992
240868	0.003602164028
240869	0.003724830098
240870	0.003132016463
240871	0.003161944851
240872	0.0005808039094
240873	0.003149555351
240874	0.003605525332
240875	0.002216839336
240876	0.003301078009
240877	0.001787013737
240878	0.0007477317419
240879	0.0002673109152
240880	0.0005780571057
240881	5.722622817e-05
240882	0.0006230960584
240883	0.0008856593538
240884	0.0002580043237
240885	0.0003502495149
240886	0.0004181871433
240887	0.002629475549
240888	0.0002725419748
240889	1.140068734e-05
240890	0.0004485122929
240891	9.274813933e-05
240892	0.0003956815603
240893	0.001100576906
240894	0.00063043971
240895	0.0009930352327
240896	0.0009954338571
240897	0.0007997190107
240898	0.0007692816101
240899	0.001570605861
240900	0.0007883848142
240901	0.001259731211
240902	0.001168790296
240903	0.001621253674
240904	0.0003372549433
240905	0.001481472889
240906	0.0005776236369
240907	0.0001960644805
240908	0.0002601252516
240909	0.0008768809461
240910	0.001839487911
240911	2.563253536e-05
240912	0.0008444245517
240913	9.411142847e-05
240914	0.0004401189098
240915	0.002147486008
240916	0.001065551051
240917	0.00165817048
240918	0.001950161265
240919	0.002356293761
240920	0.001613039246
240921	0.003179612854
240922	0.001520373683
240923	0.002823143345
240924	0.002308758444
240925	0.001004210065
240926	0.002549411901
240927	0.002750176117
240928	0.002115562668
240929	0.002192827735
240930	0.0008154627669
240931	0.001081764635
240932	0.002558560962
240933	0.001702887502
240934	0.002541760095
240935	0.00148443844
240936	0.00251619126
240937	0.00247454896
240938	0.002187511091
240939	0.002007386461
240940	0.001914131241
240941	0.002064615281
240942	0.003134995576
240943	0.003487897043
240944	0.002044345629
240945	0.003453545632
240946	0.002920797555
240947	0.001310084258
240948	0.00192888074
240949	0.001892859069
240950	0.002047073034
240951	0.001799353086
240952	0.001647060149
240953	0.001249477768
240954	0.002238041244
240955	0.002801486355
240956	0.002176379111
240957	0.0001734170738
240958	0.001913321994
240959	0.001616587641
240960	0.001582037494
240961	0.002200522165
240962	0.001894470309
240963	0.002642498552
240964	0.001835183562
240965	0.002062469581
240966	0.002069612271
240967	0.001933628434
240968	0.002439773815
240969	0.002185358826
240970	0.001795241639
240971	0.001936683113
240972	0.001997693202
240973	0.001495616861
240974	0.002460308063
240975	0.001824700527
240976	0.00423343945
240977	0.002365435177
240978	0.001375696829
240979	0.001692265687
240980	0.002719762335
240981	0.001730303188
240982	0.0007190768211
240983	0.002128667542
240984	0.00215770021
240985	0.002214861284
240986	0.002289784918
240987	0.00214097331
240988	0.001944519908
240989	0.001946834326
240990	0.001414130567
240991	0.002103097903
240992	1.228692995e-05
240993	0.002276001078
240994	0.001441509645
240995	0.00227088333
240996	0.001529033366
240997	0.001441759181
240998	0.001823157786
240999	0.002423203812
241000	0.002023827251
241001	0.002034188845
241002	0.001811981766
241003	0.002098191597
241004	0.001807537053
241005	0.00165786002
241006	0.001999512726
241007	0.001980759498
241008	0.001741431771
241009	0.0003314007457
241010	0.000942718753
241011	0.001077298835
241012	5.66569119e-05
241013	0.001091310541
241014	8.217594125e-05
241015	0.0006419916816
241016	0.0008532510854
241017	0.0004353527924
241018	0.0001911204606
241019	0.0008178841781
241020	0.0008182879842
241021	0.0008780870562
241022	0.0008711618236
241023	0.0009644966472
241024	0.0009802673054
241025	0.0006708548607
241026	0.0009045709058
241027	0.001237027705
241028	0.0009304201976
241029	0.001373125721
241030	0.0007422223321
241031	0.001281932123
241032	0.00158991799
241033	0.001038231099
241034	0.00119235223
241035	0.001517737144
241036	0.003563489971
241037	0.002965820495
241038	0.003551646663
241039	0.002719914841
241040	0.003146135646
241041	0.003488528909
241042	0.003699349926
241043	0.000827058287
241044	0.003263048315
241045	0.003666773902
241046	0.003325141825
241047	0.002723522312
241048	0.002841071942
241049	0.002117734152
241050	0.00265075754
241051	0.00325666831
241052	0.003303977588
241053	0.003365930009
241054	0.004020405252
241055	0.004105889189
241056	0.00389863838
241057	0.00342341023
241058	0.003568539144
241059	0.004737755501
241060	0.003207689591
241061	0.00346759816
241062	0.003161497016
241063	0.003581012796
241064	0.003489594525
241065	0.003478159231
241066	0.0009289669867
241067	0.003060119719
241068	0.003448641534
241069	0.003637100772
241070	0.0004140483691
241071	0.0001959593921
241072	0.0004390844966
241073	0.0004876550106
241074	0.0005108711303
241075	0.0002632765437
241076	0.0004428556606
241077	2.344038152e-05
241078	0.001011983622
241079	0.001179703683
241080	0.0001154815191
241081	0.0003473971286
241082	5.061261132e-05
241083	0.0003973324882
241084	0.0004074949322
241085	0.0004782451433
241086	7.431265503e-05
241087	0.0005079942121
241088	0.0004905655408
241089	0.001001468739
241090	0.0001502187531
241091	0.0009543274795
241092	0.0007487097801
241093	0.001243098586
241094	0.00109212208
241095	0.0009889759954
241096	0.0009821199074
241097	0.001041585773
241098	0.0009329539389
241099	0.001016091626
241100	0.001081027469
241101	0.001075018521
241102	0.0009379949551
241103	0.0009398299713
241104	0.001247423472
241105	0.001033157073
241106	0.0009599131553
241107	0.0008590568646
241108	0.001389563674
241109	0.001333306499
241110	0.001114734584
241111	0.001087640321
241112	0.0004512549731
241113	0.001175729054
241114	0.001102738736
241115	0.001154548911
241116	0.00104162588
241117	0.0007996874518
241118	0.000309466768
241119	0.001215230789
241120	0.001391195023
241121	0.001293735527
241122	0.001064695804
241123	0.0006076798562
241124	0.001039790143
241125	0.0009168083225
241126	0.001200721248
241127	0.0006958414311
241128	0.000922704973
241129	0.001074383891
241130	0.001056107818
241131	0.001120801755
241132	0.001068218168
241133	0.001194651676
241134	0.0005794287497
241135	0.001124425028
241136	0.000978460206
241137	0.001051792038
241138	0.001405635766
241139	0.00131740377
241140	0.001041256249
241141	0.001009506406
241142	0.0002367679231
241143	0.0002263041522
241144	0.0006338805913
241145	0.0009041817287
241146	0.0004243929453
241147	0.0008430935681
241148	0.001079023423
241149	0.0009835948854
241150	4.196146326e-05
241151	3.864729278e-05
241152	0.0002171126047
241153	0.0004504177611
241154	0.0002115939547
241155	2.379838187e-05
241156	0.0002090469634
241157	5.300132092e-05
241158	0.0001165415122
241159	0.0003056355592
241160	0.0003782134377
241161	0.0005412860372
241162	0.0002909303468
241163	0.0001755530866
241164	0.0003919663588
241165	0.001116998868
241166	0.0002891340597
241167	5.711671988e-05
241168	0.0001702065687
241169	0.0001679365145
241170	0.0001136362358
241171	7.05931598e-05
241172	3.758567573e-05
241173	0.0002052811869
241174	0.0001119336321
241175	3.904342881e-05
241176	0.0003815198734
241177	0.0001396020456
241178	0.000289482243
241179	0.00163711468
241180	0.000164076087
241181	0.0008048709607
241182	0.0006659945429
241183	0.0002040756069
241184	0.0009791195709
241185	0.0002755342158
241186	2.068091724e-05
241187	0.001396754196
241188	0.0008868762178
241189	0.001312639915
241190	0.0008295788929
241191	0.0004899103599
241192	5.313183301e-05
241193	0.0006195592854
241194	0.0002622643921
241195	0.0005363351022
241196	0.00033013409
241197	0.0002997535763
241198	0.0002716543391
241199	0.0003663937717
241200	0.0002292308205
241201	0.0003464154688
241202	0.0003778448302
241203	0.0005232373713
241204	0.0002263874662
241205	0.0001116143461
241206	0.0004448946519
241207	0.000556222402
241208	0.0002000487629
241209	0.0003312793188
241210	0.0001597005496
241211	0.0001200893073
241212	0.0002775700578
241213	7.465674743e-05
241214	0.0001426187205
241215	0.0002282369144
241216	0.000143594258
241217	3.898468649e-05
241218	0.0004911875448
241219	0.002106646245
241220	0.00109480034
241221	0.0004030538415
241222	0.0007788358119
241223	0.001684194614
241224	0.002365271933
241225	0.001717643582
241226	0.003441449235
241227	0.00304306134
241228	0.00262184732
241229	0.001168654806
241230	0.002198891948
241231	0.002064362024
241232	0.001915466732
241233	0.002556639372
241234	0.0008836306865
241235	0.0001893517811
241236	0.002273633535
241237	0.001994191079
241238	0.002562608312
241239	0.002448015381
241240	0.002212984131
241241	0.002465809246
241242	0.001831889468
241243	0.001164570646
241244	0.00230902888
241245	0.002049992713
241246	0.002037310511
241247	0.002176786501
241248	0.001504734982
241249	0.002234686649
241250	0.0006289289153
241251	0.002041666541
241252	0.002328076404
241253	0.002444849392
241254	0.001347296221
241255	0.001023183493
241256	9.337235641e-05
241257	0.00073189428
241258	0.0009854035175
241259	0.0009893743404
241260	0.001422173178
241261	0.001163698452
241262	0.001766662284
241263	0.000719741227
241264	0.0003114109691
241265	2.735034162e-05
241266	0.001686613636
241267	0.001624863818
241268	0.00124390297
241269	0.0008717922972
241270	0.0007343644073
241271	0.0007813320609
241272	0.001585626661
241273	0.0009638786964
241274	0.0005915366428
241275	0.0004349839987
241276	0.0007970386323
241277	0.001225627315
241278	0.001087521659
241279	0.0007906684867
241280	0.0009458136001
241281	0.001107914298
241282	0.0009742292929
241283	0.004651917066
241284	0.003828659991
241285	0.004603668539
241286	0.0040675954
241287	0.00454241481
241288	0.004383821334
241289	0.004154079874
241290	0.004484494137
241291	0.004291735404
241292	0.003427372994
241293	0.0042151808
241294	0.003559590491
241295	0.001138387361
241296	0.001157805781
241297	0.001241101527
241298	0.0001272227729
241299	3.410682972e-05
241300	0.001233969178
241301	0.0003759819195
241302	0.0005025228412
241303	0.0007215220199
241304	0.0006861702074
241305	0.001127444524
241306	0.001066692954
241307	0.001248191328
241308	0.001022703664
241309	0.001132513189
241310	0.001148809964
241311	0.001297231917
241312	0.001185707235
241313	0.0005835036357
241314	0.0009460011015
241315	0.0009943103359
241316	0.001059792433
241317	0.001057412621
241318	0.0006405500007
241319	0.002463982488
241320	0.0007916847789
241321	0.001630688045
241322	0.001553223502
241323	0.0007407855044
241324	0.001394332404
241325	0.0005354353484
241326	0.001390627725
241327	0.0003240851418
241328	0.001011168091
241329	0.001089485029
241330	0.0005693951416
241331	0.001009092307
241332	0.005527238712
241333	0.0007724231359
241334	0.000899691276
241335	0.0002102863458
241336	0.0002409518563
241337	0.001047824449
241338	0.002170032885
241339	0.001093316169
241340	0.001867642026
241341	0.003560674796
241342	0.002952594285
241343	0.001809849651
241344	0.001834274836
241345	0.002331345671
241346	0.001487529712
241347	0.001731423918
241348	0.002312066333
241349	0.001548310031
241350	0.002094258354
241351	0.003253530322
241352	0.002187501763
241353	0.00230782218
241354	0.002148718747
241355	0.002486532818
241356	0.000692899249
241357	0.000508217437
241358	4.946333895e-05
241359	0.001412181075
241360	0.0001579853496
241361	0.002003321015
241362	0.001580436747
241363	0.001694722421
241364	0.001851137217
241365	0.001684009917
241366	0.001906217699
241367	0.00232609723
241368	0.002374061982
241369	0.002272586696
241370	0.001798633959
241371	0.001979283461
241372	0.001582183719
241373	0.002904471432
241374	0.004586027256
241375	0.0009263096946
241376	0.0001298892846
241377	0.002465753681
241378	0.003293961195
241379	0.002342506492
241380	0.00207392302
241381	0.002107646853
241382	0.0001712580377
241383	0.002818634009
241384	0.002662431363
241385	0.001992764624
241386	0.002703624198
241387	0.003423265722
241388	0.001436180132
241389	0.001050123218
241390	0.001672291333
241391	0.0002647628469
241392	0.005117145274
241393	0.002309858922
241394	0.002535496448
241395	0.003687220731
241396	0.002250623666
241397	0.002256552417
241398	0.002443193102
241399	0.0008689441204
241400	0.003106610179
241401	0.001358814318
241402	0.002516332133
241403	0.003059548409
241404	0.001944148877
241405	0.0008922750941
241406	0.002100259638
241407	0.001634542792
241408	0.002027433209
241409	0.002654679329
241410	0.001587910101
241411	0.001726893244
241412	0.001308337149
241413	0.001198682026
241414	0.0003757403767
241415	0.001468828311
241416	0.001415192437
241417	0.001305534517
241418	0.0001862402543
241419	0.00129896563
241420	0.001435947027
241421	0.001310149214
241422	0.001797007174
241423	0.002304702631
241424	0.00264853028
241425	0.001542641326
241426	0.001347033147
241427	0.001087494811
241428	0.001748888828
241429	0.001177272011
241430	0.00128752175
241431	0.00173039293
241432	0.001359930545
241433	0.001116780908
241434	0.001452997583
241435	0.001477492078
241436	0.0009221448924
241437	0.003612183491
241438	0.001441398487
241439	0.003249863852
241440	0.001949732295
241441	0.0005965560137
241442	0.001379751195
241443	0.002331488944
241444	0.001619108844
241445	0.00219077221
241446	7.812993911e-05
241447	0.001192708721
241448	0.0008397352571
241449	0.00100419442
241450	0.001028047237
241451	0.0008330126765
241452	0.0006471232306
241453	0.0007569195886
241454	0.0002092230475
241455	0.001148197632
241456	0.001659069881
241457	0.001469081356
241458	0.001592976007
241459	0.0004429926362
241460	0.0001513198307
241461	0.001799438254
241462	0.0009123343726
241463	0.00017837688
241464	0.001089098274
241465	0.0009829950078
241466	0.0007898235183
241467	0.001828473115
241468	0.003773805135
241469	0.002256253417
241470	0.002134865931
241471	0.0006919781615
241472	0.0003761883817
241473	0.0006908949844
241474	0.0003990053353
241475	0.0008151394971
241476	0.001003036859
241477	0.0009222199199
241478	0.0003476057553
241479	0.0003791946587
241480	0.004319963745
241481	0.0008103801756
241482	0.002242093048
241483	0.0005765336749
241484	0.0003098204921
241485	0.0002604398428
241486	0.000454709875
241487	0.001273198383
241488	0.001688706156
241489	0.0008662794872
241490	0.0008536359883
241491	0.002895257418
241492	0.002129067029
241493	0.0002486677732
241494	0.00163263078
241495	0.001416892977
241496	0.001263006024
241497	0.001377897985
241498	0.001305419964
241499	0.001980734583
241500	0.002561179837
241501	0.001626896833
241502	0.001801782629
241503	0.002997886611
241504	0.002475478032
241505	0.002473501878
241506	0.001756608247
241507	0.002551611189
241508	0.001471904326
241509	0.002354997568
241510	0.001238238939
241511	0.001039489353
241512	0.000707198588
241513	0.0001790368686
241514	0.00173308336
241515	0.002727979771
241516	0.00302946037
241517	0.002085820385
241518	0.002825074324
241519	0.002507378301
241520	0.002921343604
241521	0.002045482806
241522	0.002912303824
241523	0.001433565287
241524	0.002429825329
241525	0.0004157473045
241526	0.002204514096
241527	0.001766898997
241528	0.001570099347
241529	0.002189959169
241530	0.002566056999
241531	0.002947567505
241532	0.001668534873
241533	0.002469259194
241534	0.003047376826
241535	0.001226862018
241536	0.002962982446
241537	0.002559145922
241538	0.00118469232
241539	0.001831106614
241540	0.002024880794
241541	0.001697886921
241542	0.001368205968
241543	0.000514914622
241544	0.001801513093
241545	0.002053361505
241546	0.000298197801
241547	0.0005141945761
241548	0.001529653036
241549	0.001722289289
241550	0.001021088357
241551	0.0002748158542
241552	0.001505010084
241553	0.00225932887
241554	0.002311573495
241555	0.001502981872
241556	0.0009684905247
241557	0.001076741098
241558	0.001806694255
241559	0.002421342301
241560	0.002713266735
241561	0.003347573225
241562	0.003366778899
241563	0.002733475986
241564	0.002674798409
241565	0.002861328844
241566	0.001296386398
241567	0.001988346923
241568	0.001370558589
241569	0.002383484121
241570	0.002188556896
241571	0.001877097571
241572	0.003107418767
241573	0.002463242534
241574	0.003852664541
241575	0.0006364940318
241576	0.002421345064
241577	0.002085286874
241578	0.002370557433
241579	0.001956983207
241580	0.002314802681
241581	0.003656334635
241582	0.002335943877
241583	0.002448105334
241584	0.002027321472
241585	0.0001465873538
241586	7.501309749e-05
241587	0.0002720348837
241588	0.003121194402
241589	0.001699766425
241590	0.001794917564
241591	0.001686248281
241592	0.001478735847
241593	0.0004582462974
241594	0.0008972662344
241595	0.002464331553
241596	0.002394650034
241597	0.0006554290469
241598	0.0004163679427
241599	0.0001026507911
241600	0.001176448351
241601	0.001339240093
241602	0.0003224833782
241603	0.0005539751837
241604	0.0013658434
241605	0.001189441537
241606	0.0008603886448
241607	0.001205826777
241608	0.0007926321724
241609	0.00126372411
241610	0.001293804858
241611	0.001095121735
241612	0.0003226529924
241613	0.00165083748
241614	0.001687519327
241615	0.0007624159289
241616	0.005160378674
241617	0.001350120252
241618	0.0001154391429
241619	0.0008729753685
241620	0.0005344318969
241621	0.001534875527
241622	0.0002303776797
241623	0.001963339824
241624	0.002101962716
241625	0.002251184972
241626	0.000402965935
241627	0.0009625643989
241628	0.0006700930436
241629	0.0001419028503
241630	0.001580103724
241631	0.001232933392
241632	0.001308571817
241633	0.004196182671
241634	0.001439979134
241635	0.0008009041202
241636	0.001407765323
241637	0.001023367663
241638	0.0004334006918
241639	0.000132190377
241640	0.00186462769
241641	0.0003367314716
241642	0.001138447638
241643	0.0001715547854
241644	0.00136711891
241645	0.001260204302
241646	0.001680104292
241647	0.0003235152741
241648	0.0007232501697
241649	0.001999307888
241650	0.001183176457
241651	0.0001708609165
241652	0.004236252896
241653	0.002578800858
241654	0.003196312485
241655	0.001835781996
241656	0.0004884362299
241657	0.001216851384
241658	0.003142853663
241659	0.001155547252
241660	0.0009007429739
241661	0.0008087087088
241662	0.0005700222089
241663	0.001367069941
241664	0.001338325877
241665	0.001328297693
241666	0.0009375974228
241667	0.001403038148
241668	0.001141003285
241669	0.001655056832
241670	0.001806278242
241671	0.001560602613
241672	0.000429809587
241673	0.0007901357859
241674	0.0005265321655
241675	0.001415678861
241676	0.0004981997802
241677	0.0003062567836
241678	0.001735363524
241679	0.0009584593897
241680	0.001203887978
241681	0.00176798598
241682	0.00257095403
241683	0.002004719272
241684	0.0004320366773
241685	8.719818189e-05
241686	0.0005448972402
241687	0.0009794550193
241688	0.0007470926562
241689	0.0009890357817
241690	0.001354975389
241691	0.001779227952
241692	7.150249317e-05
241693	0.001290978319
241694	0.001987350269
241695	0.001546169994
241696	0.000541631426
241697	0.001244266482
241698	0.0007549576855
241699	0.001103377403
241700	0.0008910714419
241701	0.00134039189
241702	0.0003814816123
241703	0.001220655337
241704	0.001115355112
241705	0.001293643909
241706	0.000568216011
241707	0.0009409895991
241708	0.000448501143
241709	0.001317853408
241710	0.001285550876
241711	0.0009307697579
241712	0.0004813851219
241713	0.001188271227
241714	0.0003252500819
241715	0.0002605316739
241716	0.0007264781704
241717	0.002019951532
241718	0.003986722038
241719	0.0002727038998
241720	0.0001838714246
241721	0.001261318479
241722	0.0001089109678
241723	0.000401461724
241724	1.762307786e-05
241725	0.0002593840066
241726	0.00197767424
241727	2.905852255e-06
241728	0.0009194172982
241729	5.166110095e-05
241730	8.18406761e-05
241731	0.001517707713
241732	0.001460681454
241733	0.00127416512
241734	0.001396137075
241735	0.001402609882
241736	0.001175909482
241737	0.00157890799
241738	0.001345823907
241739	0.001398440552
241740	0.001473846076
241741	0.001514276241
241742	0.001561852167
241743	0.001212055802
241744	0.00119438334
241745	0.0007830605236
241746	0.001038680269
241747	0.001409394598
241748	0.001212620541
241749	0.001610959379
241750	0.00140620774
241751	0.001399434411
241752	0.0009602852845
241753	8.895591792e-05
241754	0.0009863362598
241755	0.0001773073516
241756	0.001215016672
241757	0.0002158906103
241758	0.0009542689356
241759	0.0005249863794
241760	0.00066215103
241761	0.001104211188
241762	0.0003640809584
241763	0.0007868543586
241764	0.00191714789
241765	0.000980712471
241766	0.0006679173694
241767	7.900221279e-05
241768	0.00170076769
241769	0.0009197110124
241770	0.001555108621
241771	0.002466546742
241772	0.00122968265
241773	0.002546686285
241774	8.584758807e-05
241775	0.001851816795
241776	0.001732860577
241777	0.0005172406856
241778	0.001570247622
241779	0.0007767382465
241780	0.0009425983913
241781	0.001311778904
241782	0.001371370606
241783	0.0006947199202
241784	0.0009167328572
241785	0.0003428680202
241786	9.892166087e-05
241787	0.0008033557821
241788	0.001406095753
241789	0.001185053839
241790	0.001616977113
241791	0.00175907304
241792	0.001674850705
241793	0.0001675700324
241794	0.0006226097553
241795	0.00131219204
241796	0.001433714509
241797	0.0008854893072
241798	0.001041260149
241799	0.001446297199
241800	0.0005469133561
241801	0.002665730577
241802	0.002769935021
241803	0.0001353356308
241804	0.0003590776574
241805	0.001036327764
241806	0.0003384092599
241807	0.001788716623
241808	0.001249157279
241809	0.0002223431733
241810	0.0001659549191
241811	0.000107511442
241812	0.0007343597732
241813	0.0008867566939
241814	0.003140025868
241815	0.0001644293059
241816	0.001509623724
241817	0.0004208459669
241818	0.001357571004
241819	0.001196538376
241820	0.001035191791
241821	0.001428379777
241822	0.001087037439
241823	0.001406431327
241824	0.001804571067
241825	0.00183386096
241826	0.001388281688
241827	0.0009817814065
241828	0.001777321961
241829	0.0010682904
241830	0.001433649419
241831	0.0008022328822
241832	0.000215284777
241833	0.0004220773088
241834	0.002179345374
241835	0.0006532211233
241836	0.0007415398034
241837	0.0002714000434
241838	0.0002137625559
241839	0.001873672523
241840	0.0009657136638
241841	0.0008592917729
241842	0.001910553371
241843	0.000232044857
241844	0.0008408409595
241845	0.001346720309
241846	0.001296421896
241847	0.00151395679
241848	0.0006532710079
241849	0.001551512177
241850	0.0004137334735
241851	0.0003812301113
241852	0.0006371060357
241853	0.001031500531
241854	0.001215745712
241855	0.0005542415969
241856	0.001057350566
241857	0.0006440043188
241858	0.001023155864
241859	0.001891593255
241860	0.001226372953
241861	0.001933360184
241862	0.002246048567
241863	0.001136263642
241864	0.0005150650768
241865	6.283687727e-05
241866	0.0005756594911
241867	0.00135961081
241868	0.001775480244
241869	0.0007337414628
241870	0.0006875520481
241871	0.0004752191192
241872	0.001354476801
241873	0.0006567835777
241874	0.001130488901
241875	0.002833492833
241876	0.001917880805
241877	0.001266729733
241878	0.0006526621292
241879	0.0006652339508
241880	8.169964541e-05
241881	0.001797077483
241882	0.0002679228038
241883	0.001303434027
241884	0.001079429995
241885	0.0006106462322
241886	0.0006365906946
241887	0.0006111539551
241888	0.001948060882
241889	0.0003921117403
241890	0.0006066247595
241891	0.0007384087374
241892	0.001367720405
241893	0.0005960879374
241894	0.0002493877184
241895	0.0002876451858
241896	0.0004332549447
241897	0.001924613584
241898	0.0001014854732
241899	0.0001323947465
241900	0.0002845084856
241901	0.0004294818305
241902	0.0007813354189
241903	0.001405711935
241904	0.0005794343666
241905	0.0005795602898
241906	0.001066711561
241907	0.002519822384
241908	0.001062666067
241909	0.0001027055102
241910	0.0005637094403
241911	0.001213781542
241912	0.0005671514264
241913	0.0005136782271
241914	6.603232948e-05
241915	0.0008920765646
241916	0.00201515072
241917	0.002605716841
241918	0.001310877195
241919	0.002334924364
241920	0.0004458965504
241921	0.001453369958
241922	0.002890927697
241923	0.002608046897
241924	0.002098909794
241925	0.001710746212
241926	0.001310809858
241927	0.001618921065
241928	0.001020383147
241929	0.0007222653904
241930	0.0001749009215
241931	0.0006794886677
241932	0.0009446924934
241933	0.002422868861
241934	0.001987705057
241935	0.0002693453258
241936	0.001803372468
241937	0.0008540558661
241938	0.0007756416065
241939	0.001097777317
241940	0.00123881667
241941	0.0008175525361
241942	0.002521116905
241943	0.00319178467
241944	0.0009332387498
241945	0.001442689837
241946	0.00436161126
241947	0.003787168731
241948	0.001804481072
241949	0.001449602465
241950	0.0009305951301
241951	0.001016375068
241952	0.0008029052792
241953	2.488266024e-05
241954	0.000477300626
241955	0.0007258567156
241956	0.0006260318325
241957	0.0007420345566
241958	0.0008654976639
241959	0.001617578748
241960	0.001405358763
241961	0.001163804315
241962	0.002191781564
241963	7.246677696e-05
241964	0.001289979158
241965	0.000766608411
241966	0.0006044897908
241967	0.001195050687
241968	0.001117532995
241969	0.0008248545749
241970	0.0006715692036
241971	0.001888653783
241972	0.0003498491692
241973	0.001010207725
241974	0.0003204581066
241975	0.0003748844982
241976	0.002018254158
241977	0.001980404678
241978	0.001179765817
241979	0.0002236961961
241980	0.000555223739
241981	0.0004371400151
241982	9.831002411e-05
241983	0.0005977259723
241984	0.0003889795498
241985	0.001057950975
241986	0.0007333932021
241987	0.0007663033483
241988	0.00098746978
241989	0.00143658404
241990	0.001390816908
241991	0.001292045753
241992	0.0007752789243
241993	0.000783241552
241994	0.00121511489
241995	0.0001640401741
241996	0.002215665208
241997	0.000112253073
241998	0.001474444651
241999	0.0008281300408
242000	0.001153147039
242001	0.0008839060582
242002	0.0004509136336
242003	0.0006873048673
242004	6.871656049e-05
242005	0.002053921468
242006	0.002149461094
242007	0.001675461335
242008	0.00168083443
242009	0.001819623165
242010	0.002933874492
242011	0.001817406924
242012	0.001893762856
242013	0.001957941215
242014	0.0004697130246
242015	0.001894399277
242016	0.001339350397
242017	0.001976056678
242018	0.002298201022
242019	0.001915093411
242020	0.001270452286
242021	0.001134797504
242022	0.003045614689
242023	0.001282974233
242024	0.001014988469
242025	0.0003699209959
242026	0.003609351716
242027	0.003495826954
242028	0.001322535339
242029	0.003259860649
242030	0.0009859538395
242031	0.003843747043
242032	0.002551714202
242033	0.003244602362
242034	0.00365365471
242035	0.0001288798819
242036	0.0001484598562
242037	0.0007675212893
242038	0.0009062687477
242039	0.0002583817199
242040	0.001570609529
242041	0.003714736184
242042	0.0005388750362
242043	0.002763308898
242044	0.001072595491
242045	0.0003055634189
242046	0.001530636903
242047	0.002900913592
242048	0.001677241748
242049	0.004003360098
242050	0.00239203057
242051	0.00205999393
242052	0.0009368243946
242053	0.003437567916
242054	0.004281435294
242055	0.0002135956105
242056	0.0001755645683
242057	0.0003701827883
242058	0.004698877095
242059	0.0009983474201
242060	0.0009985373166
242061	0.001514847499
242062	0.002782270946
242063	0.001801171882
242064	0.002544853043
242065	0.002305597618
242066	0.00102510527
242067	0.001073511075
242068	0.002028600984
242069	0.00153612904
242070	0.001303102059
242071	2.234522201e-05
242072	0.00267012014
242073	0.001230395098
242074	0.001636052858
242075	0.002029907979
242076	0.001674913927
242077	0.003118419732
242078	2.941844949e-05
242079	5.681576406e-05
242080	0.0003501330282
242081	0.0008640188624
242082	0.001369193035
242083	0.002025833702
242084	0.00124152508
242085	0.0001678961533
242086	0.00135956894
242087	0.0009250899098
242088	0.001836822549
242089	0.0009932094508
242090	0.001592812268
242091	6.99529727e-05
242092	0.0004030408565
242093	0.0002385251164
242094	0.0007467655376
242095	0.0002906447161
242096	0.002115643646
242097	0.0002845112396
242098	0.003603187351
242099	0.002405019039
242100	0.002735183772
242101	0.001100217295
242102	0.0008848051624
242103	0.0003798865673
242104	2.029250626e-05
242105	0.002560751303
242106	0.002439021713
242107	0.00413535584
242108	0.002523250423
242109	0.000828823372
242110	0.002910701022
242111	0.002707624472
242112	0.0003282281026
242113	3.235411732e-05
242114	0.0006911982085
242115	0.000370034943
242116	0.003927248239
242117	0.006829097662
242118	0.001220780224
242119	0.004610530229
242120	0.0008542453661
242121	0.005314161567
242122	0.001591783129
242123	0.003884092166
242124	0.001945907297
242125	0.001392429434
242126	1.452129263e-06
242127	0.001224174024
242128	0.002908620342
242129	0.003085228748
242130	0.003258479566
242131	0.001933466971
242132	0.001982844101
242133	0.004577484009
242134	0.001565470091
242135	0.002982721703
242136	0.004152567818
242137	0.005197644855
242138	0.003803264535
242139	0.002620746224
242140	0.001588867949
242141	0.001563353862
242142	0.0004011223286
242143	0.003035795792
242144	0.0006731763665
242145	0.001743055909
242146	0.001480704633
242147	0.004403222729
242148	0.001173271465
242149	0.002307811412
242150	0.001287159643
242151	0.004186897195
242152	0.002712028639
242153	0.0007676004084
242154	0.003096297935
242155	0.003384223825
242156	0.0003327379016
242157	0.001313951019
242158	0.0003003906497
242159	0.00034058705
242160	0.002722342656
242161	0.002807081957
242162	0.002611870184
242163	0.00148527957
242164	0.001594633569
242165	0.001432591866
242166	0.001116319868
242167	0.0009924943714
242168	0.0006011155101
242169	0.0006605446681
242170	0.001126575732
242171	0.003019349612
242172	0.001299868337
242173	0.0001028836598
242174	0.0002069226734
242175	0.0001230212209
242176	0.0004586797212
242177	0.0004849654354
242178	0.0009605137758
242179	0.002870935523
242180	0.001282546448
242181	0.00137677246
242182	0.003215761156
242183	0.003667977632
242184	0.0007902642864
242185	0.0003984203795
242186	2.755813731e-05
242187	0.002265120615
242188	0.0001811963184
242189	0.002232383403
242190	0.0002418724309
242191	0.00135435437
242192	0.001316271351
242193	0.0006448312869
242194	6.825671158e-05
242195	0.0009559214033
242196	0.0001599085959
242197	0.006393759554
242198	0.004967042672
242199	0.0022332987
242200	0.007328516985
242201	0.004928968182
242202	0.0026429583
242203	0.010793546
242204	0.0002044026206
242205	0.0003401736274
242206	0.0002359279944
242207	0.004043621267
242208	0.001401519727
242209	0.0003767958691
242210	0.003931517775
242211	0.001924918642
242212	0.001390391942
242213	0.002634643449
242214	0.005055734466
242215	0.0001645590615
242216	0.001788345058
242217	0.001332356234
242218	0.001167093906
242219	0.0004198480027
242220	0.003465120819
242221	0.0007884850789
242222	0.002389705538
242223	0.003296694733
242224	0.0006119100277
242225	0.006310084847
242226	0.0002316554119
242227	0.00295843201
242228	0.003496716601
242229	0.003556898438
242230	0.001192554414
242231	0.002034604816
242232	0.004308239722
242233	0.002218455197
242234	0.003000029302
242235	0.0006472382942
242236	0.005445419543
242237	0.0002485850825
242238	0.002471356488
242239	0.002082467604
242240	0.0006882449975
242241	3.353100143e-05
242242	0.003744365564
242243	0.0006902444933
242244	0.0017784798
242245	0.002822519923
242246	0.00567539504
242247	0.001247440221
242248	0.002131060545
242249	0.0005984292892
242250	0.0008369292039
242251	0.003763736096
242252	0.002922682894
242253	0.003985786103
242254	0.00257581085
242255	0.007922552917
242256	0.003391245287
242257	0.002877274733
242258	0.0001752622527
242259	0.00543374775
242260	0.003627689161
242261	0.001285789715
242262	0.01018515643
242263	0.001474243138
242264	0.001685181373
242265	0.002820840547
242266	0.0003872913871
242267	0.004988539135
242268	0.001812749787
242269	0.005033579933
242270	0.01037569605
242271	0.0005251455502
242272	0.002825179728
242273	0.003913810231
242274	0.0003692572801
242275	0.0003676525673
242276	0.002949438803
242277	0.00565217262
242278	0.003696490447
242279	0.002799745373
242280	3.434037954e-05
242281	0.00304079824
242282	0.001188493012
242283	0.003154031391
242284	0.004007457558
242285	0.001900773814
242286	0.005556824681
242287	0.001250710986
242288	0.001252775648
242289	0.000224584712
242290	0.002065943793
242291	0.001912085108
242292	0.003689475839
242293	0.004741342261
242294	0.001401361581
242295	0.001343455186
242296	0.0007516200157
242297	0.006615274785
242298	0.0002327788412
242299	0.008529703973
242300	0.002667541051
242301	0.002307833572
242302	0.003740329246
242303	0.0001902634001
242304	7.397749395e-05
242305	0.0008109369566
242306	0.000826890519
242307	0.002439156337
242308	0.004155446738
242309	0.007144436466
242310	0.0002301765475
242311	0.002658885131
242312	0.00223764399
242313	0.00114785473
242314	0.00190167344
242315	0.004889102479
242316	0.002700052068
242317	0.005341072101
242318	0.001425364004
242319	0.004825018703
242320	0.0004314973177
242321	0.000171577236
242322	0.0001590380398
242323	0.0009935121431
242324	0.002190547856
242325	0.001199382841
242326	0.002867742331
242327	0.003004591638
242328	0.001783999817
242329	0.002076652745
242330	0.001808719791
242331	0.005469369034
242332	0.001192089098
242333	0.00197733626
242334	0.003151388202
242335	0.005221212954
242336	0.003695687907
242337	2.38963909e-05
242338	0.008445973553
242339	0.006075624679
242340	0.002809728283
242341	0.003224868402
242342	0.0001833320983
242343	0.0005552267212
242344	0.005716755525
242345	0.001567147443
242346	0.003158146809
242347	0.002072605227
242348	0.005970474236
242349	0.002682009304
242350	0.005925410111
242351	0.00191189831
242352	0.001604398458
242353	0.004619978594
242354	0.001227042994
242355	0.001516702674
242356	0.002113327147
242357	0.002648145286
242358	0.006688388622
242359	0.005461014509
242360	0.0003391953414
242361	0.001000155482
242362	0.002191486991
242363	0.0008271376822
242364	0.002072483387
242365	0.0021367922
242366	0.007475911054
242367	0.0002659588455
242368	0.000341187358
242369	0.0004672124845
242370	0.0005653627481
242371	0.0003522892371
242372	0.003088111399
242373	0.005444446371
242374	0.002606387159
242375	0.002189279037
242376	0.004037628701
242377	0.0009218429434
242378	0.002612538876
242379	0.006546064705
242380	0.002590566748
242381	1.39790459e-05
242382	0.002605310686
242383	0.001527449257
242384	0.001434314874
242385	0.0004499368431
242386	0.007891313793
242387	0.0008754667958
242388	0.004186820864
242389	0.00317195002
242390	0.00205222037
242391	0.002207705003
242392	0.001270808689
242393	0.006187230218
242394	0.005431708847
242395	0.003088178067
242396	0.001839254152
242397	0.0002006398181
242398	0.002003926578
242399	0.0002005506524
242400	0.0005645845056
242401	0.001250501131
242402	0.005930701092
242403	3.450941866e-05
242404	0.002443474087
242405	0.002446643288
242406	0.002920860422
242407	0.003787189243
242408	0.009298751689
242409	0.008775460296
242410	8.367062955e-05
242411	0.002575755602
242412	0.0009368393576
242413	0.002704550074
242414	0.003089385533
242415	0.002886688229
242416	0.00169447652
242417	0.00131946387
242418	0.003107125395
242419	0.004448842768
242420	0.001787322448
242421	0.00855870556
242422	0.005977197274
242423	0.0001772097119
242424	0.00446424392
242425	0.004674325649
242426	4.890798237e-06
242427	0.002575734106
242428	0.001068825099
242429	0.0006306105171
242430	0.0009643493404
242431	0.0104497521
242432	0.002685971642
242433	0.001134866397
242434	0.003626664035
242435	0.009878170884
242436	0.004089969256
242437	0.0003687334014
242438	0.003211818413
242439	0.00483827814
242440	0.004315261156
242441	0.0002840553739
242442	0.00229197437
242443	0.0003421302535
242444	0.005011037011
242445	0.001644274497
242446	0.006131137344
242447	0.001036644052
242448	0.002171221147
242449	0.003476715066
242450	0.0003603308571
242451	0.007134124364
242452	0.001759272168
242453	0.002422129318
242454	0.004378555776
242455	4.395183118e-05
242456	0.000352557124
242457	0.002650913979
242458	0.00310467999
242459	0.001494926502
242460	0.005016153142
242461	0.003486687945
242462	0.002891499648
242463	0.001304462464
242464	0.001800806042
242465	0.003445657251
242466	0.005152860641
242467	0.000331489426
242468	0.0002649436645
242469	0.002976490067
242470	0.0009730667679
242471	0.003493297279
242472	0.001573095659
242473	0.002281625212
242474	0.007232050515
242475	0.004638728007
242476	0.00698442667
242477	0.0007605308967
242478	0.005710227766
242479	0.0009740952369
242480	0.0005369904722
242481	0.002867711197
242482	0.00491088495
242483	0.002574328888
242484	0.002705390231
242485	0.004066324638
242486	0.001769356052
242487	0.001907879201
242488	0.0006348252523
242489	0.001737625467
242490	0.002715826649
242491	0.004095633683
242492	0.0004210177303
242493	0.001812592959
242494	0.001093552568
242495	0.005588988072
242496	0.0007418430214
242497	0.002645028621
242498	0.0004992790988
242499	0.00394567776
242500	0.001191293807
242501	0.001035192204
242502	0.0003552142644
242503	0.003803714371
242504	0.002677441112
242505	0.003489554605
242506	0.00124785458
242507	0.004665690497
242508	0.0006729834897
242509	0.002661594535
242510	0.003787154719
242511	0.005156095231
242512	0.004169337038
242513	0.002994325623
242514	0.002374134657
242515	0.001297572311
242516	0.0005530760739
242517	0.002074359443
242518	0.0002692472457
242519	0.0006674318926
242520	0.001072545778
242521	0.00349837024
242522	0.001074939962
242523	0.003561886373
242524	0.001205741601
242525	0.0008936070266
242526	0.003444940967
242527	0
242528	1.201320709e-05
242529	0.001546302667
242530	0.0002794931801
242531	0.00132365965
242532	0.0003805542057
242533	0.0002181324502
242534	2.759546745e-05
242535	0.0002388720022
242536	0.0005280745507
242537	0.0003450198032
242538	0.000494448901
242539	0.0001782177484
242540	0.0002958858484
242541	0.0001000090435
242542	0.0001466402224
242543	0.0005175873393
242544	6.418106862e-05
242545	0.0001974121954
242546	0.000193605878
242547	0.0005333604048
242548	0.000219959347
242549	0.0001192524975
242550	0.0002512630942
242551	0.0003950724826
242552	0.0002650207182
242553	0.0005406952577
242554	0.001106824571
242555	0.0005395474578
242556	0.0003003066721
242557	0.0002503734239
242558	0.0001621006427
242559	0.0004407842574
242560	0.0002220838512
242561	0.0001195895837
242562	0.003785333345
242563	0.0001047474764
242564	0.0007143246946
242565	0.0001378972784
242566	0.001054134068
242567	0.001180968951
242568	0.0003791541993
242569	0.0003618709348
242570	0.001206022388
242571	0.0003634906483
242572	3.144832177e-05
242573	0.0003280756393
242574	0.0001059359617
242575	0.0003870771145
242576	0.0001793275704
242577	0.0001787817336
242578	0.0006162097548
242579	0.0001599214178
242580	4.267154723e-05
242581	0.0001619604963
242582	0.001659020574
242583	0.0001671995086
242584	3.444051322e-05
242585	0.0001705940219
242586	0.0002872689276
242587	7.799153831e-05
242588	0.0006011984085
242589	0.0002958168308
242590	0.0001900246583
242591	0.0002065942565
242592	0.0002880740258
242593	9.385661776e-05
242594	0.0006929414587
242595	0.0003234649869
242596	0.0006879222522
242597	0.0001266127136
242598	0.001163316256
242599	0.0004972287749
242600	0.0001546390876
242601	0.0002197918046
242602	0.001302024949
242603	0.0001032566111
242604	3.265723703e-05
242605	6.364417457e-05
242606	4.467625846e-05
242607	0.0002721852778
242608	0.0003018163482
242609	7.636663954e-05
242610	0.0002383894917
242611	0.0006832504966
242612	9.759122027e-05
242613	9.382774366e-06
242614	9.085092127e-05
242615	0.0001471358028
242616	0.0003693361349
242617	0.0001397968926
242618	8.717677954e-05
242619	0.0004839340766
242620	0.000109627667
242621	8.724434344e-05
242622	0.0003538246798
242623	0.0002447004684
242624	0.0001281629919
242625	0.0003801610876
242626	0.0005528860568
242627	0.0005320407409
242628	0.0003110311
242629	0.0003468026475
242630	0.00060647658
242631	0.0001064345957
242632	0.0008138157045
242633	0.0004400779153
242634	0.0002719274426
242635	0.0005231873152
242636	0.000183619522
242637	0.000243470632
242638	0.0003743376394
242639	0.0001130848263
242640	0.0003299766321
242641	0.0001160357633
242642	0.0006589416086
242643	0.0002381118052
242644	4.601748067e-05
242645	3.605491883e-05
242646	0.000116445452
242647	0.0002195732874
242648	0.0002245589584
242649	0.000280339718
242650	0.0004520458911
242651	0.000689449194
242652	0.0001644254632
242653	6.996679955e-05
242654	0.0001866715325
242655	0.0001492043251
242656	0.0001678004855
242657	0.0003810752285
242658	3.846146328e-05
242659	0.0004729884507
242660	8.971559364e-05
242661	6.891585948e-05
242662	6.32792007e-05
242663	0.0004308620294
242664	0.000392448636
242665	0.0005001763038
242666	0.0001623895695
242667	0.0002448023885
242668	0.0003378968895
242669	0.0006274648833
242670	0.001063040791
242671	0.000398521708
242672	0.0001633242243
242673	0.0002429522114
242674	0.0008192370858
242675	0.0002716224822
242676	1.735728681e-05
242677	9.205540156e-05
242678	0.0001525394383
242679	0.0001970749793
242680	0.001029736921
242681	0.0001338806908
242682	0.000528331421
242683	8.374654188e-05
242684	1.041931612e-05
242685	0.0004034474882
242686	1.282670123e-05
242687	0.0001649566559
242688	0.000444546369
242689	0.0003126703245
242690	0.000810517925
242691	9.751749668e-05
242692	0.001066139189
242693	0.002937874879
242694	0.0002542679562
242695	0.003909007298
242696	1.432688217e-08
242697	0.0003839283003
242698	7.975611936e-05
242699	0.0005595287491
242700	0.0001146566494
242701	0.0002711387247
242702	0.0002180059959
242703	1.524789599e-07
242704	0.001129544789
242705	0.0008945928446
242706	0.004675837436
242707	7.061106199e-08
242708	0.005009812882
242709	0.004739111128
242710	0.001099557578
242711	0.001099936552
242712	0.002099864746
242713	0.0006160914567
242714	0.002319835523
242715	9.148737595e-07
242716	0.0003780408988
242717	3.653354946e-07
242718	0.0002369535409
242719	5.341880347e-07
242720	0.0005028916367
242721	0.001190281354
242722	0.001190062285
242723	0.002099895445
242724	0.0008868150724
242725	0.001370792135
242726	0.001315648663
242727	0.001595263093
242728	0.00110088352
242729	0.000120459051
242730	0.0003416035834
242731	7.368110816e-08
242732	0.002217895109
242733	0.001110093355
242734	0.00233196082
242735	0.0001645055987
242736	0.002220296166
242737	0.001277687828
242738	0.0007954470678
242739	0.002237937565
242740	0.0008683255442
242741	0.001848692094
242742	0.0008560780284
242743	0.0006701204709
242744	0.0007308340551
242745	0.0001731834557
242746	0.001743075848
242747	0.002100094999
242748	0.0008563667389
242749	0.000865514139
242750	0.0009311897349
242751	7.812851978e-05
242752	0.001256529558
242753	0.0009637189322
242754	0.002543781676
242755	0.002981788605
242756	0.0006811145459
242757	0.002154093009
242758	3.878963281e-06
242759	0.001089993023
242760	0.001514558941
242761	0.0008563325332
242762	0.002329128807
242763	0.003442688459
242764	0.0003638720393
242765	0.0003401567576
242766	0.0006757278927
242767	0
242768	0.002357781671
242769	0.002667970812
242770	0.001442106589
242771	0.002552349633
242772	0.002853817125
242773	0.003097374107
242774	0.0009433452624
242775	0.001427229549
242776	0.002475234461
242777	0.004105753215
242778	0.002273733666
242779	0.002130975486
242780	0.0009855855032
242781	0.002286050538
242782	9.205947541e-05
242783	0.002839882786
242784	0.0008453125869
242785	0.0008260334359
242786	0.0007096760666
242787	0.003214098086
242788	0.001587836953
242789	0.001622805025
242790	4.112939651e-05
242791	0.002197092442
242792	0.004175761743
242793	0.004664420175
242794	1.358544553e-05
242795	0.002277896683
242796	0.003255521312
242797	0.0001340646204
242798	0.00317051734
242799	0.004497352461
242800	0
242801	0.002427705021
242802	0.00027877206
242803	0.002917314072
242804	0.00525718619
242805	0.001877711808
242806	0.002032678234
242807	0.004473155667
242808	0.002204493747
242809	0.003606145486
242810	0.001204735119
242811	0.002725521972
242812	0.002058289756
242813	0.0009687221049
242814	9.913255873e-05
242815	0.001641056574
242816	0.001578779112
242817	0.001328347343
242818	0.001891888119
242819	0.001154702431
242820	0.001548629619
242821	0.0006943383202
242822	0.0002872350064
242823	0.001400138004
242824	0.001479220969
242825	0.001256207834
242826	0.0007415857522
242827	0.001171693448
242828	0.002468103039
242829	0.000471104329
242830	9.815158457e-05
242831	0.0001998089142
242832	0.003142449285
242833	0.001393994139
242834	0.002031601883
242835	0.002659719081
242836	0.000124010419
242837	0.001792027362
242838	0.002874377231
242839	0.002432641485
242840	0.001086403688
242841	0.0005460067727
242842	0.002874674144
242843	0.0008264313059
242844	0.0008107356915
242845	0.0004629094497
242846	0.0005327655344
242847	0.002458119564
242848	0.0004910354056
242849	0.003872878282
242850	0.0003971462339
242851	0.0006572859532
242852	0.0007291128211
242853	0.001246389286
242854	0.0007026061887
242855	0.0007503130161
242856	0.002949563791
242857	0.001114998817
242858	0.001073563804
242859	0.0008329639014
242860	0.0008036412817
242861	0.0004262346741
242862	0.0004310836935
242863	0.0006192943733
242864	0.0007873310071
242865	1.638324913e-05
242866	0.002299434758
242867	0.0007061304777
242868	0.001526192069
242869	0.0005426249973
242870	0.0008353087834
242871	0.001123014953
242872	0.001290943146
242873	0.0003779414965
242874	0.0009224719051
242875	0.001880483185
242876	0.0009053149362
242877	0.001287084461
242878	0.0002630873082
242879	0.001853354627
242880	0.001051811529
242881	0.0009181501065
242882	0.0003405630967
242883	0.001934283733
242884	0.00101043429
242885	0.0004732400186
242886	0.0005915668066
242887	0.006027921824
242888	0.001158971589
242889	0.005060981734
242890	0.002556336501
242891	0.0009775211489
242892	0.0007157134492
242893	0.0009630359303
242894	0.001452982452
242895	0.001905134072
242896	0.004056958745
242897	0.005045683132
242898	0.0006928940221
242899	0.00243483965
242900	0.0008550939765
242901	0.002985812458
242902	0.001902622858
242903	0.002509292108
242904	0.0003478248977
242905	0.00293514978
242906	0.0001077360989
242907	0.0004061351146
242908	0.002400929214
242909	0.0004472363062
242910	0.00501174095
242911	0.002815453695
242912	0.002110123763
242913	0.0005619673565
242914	0.0006640924345
242915	0.001625087762
242916	0.00324506922
242917	0.004435750238
242918	0.0001335611959
242919	0.001875931411
242920	0.001686236105
242921	0.0008695622744
242922	0.001054558375
242923	0.002128706961
242924	0.003548885434
242925	4.350748873e-05
242926	0.004125835473
242927	9.356685894e-05
242928	0.001517860639
242929	0.001674734726
242930	0.004231390964
242931	0.0007064716118
242932	0.0005650377529
242933	0.0002463935865
242934	0.002751906511
242935	0.002734182458
242936	1.408283565e-05
242937	0.0009906824547
242938	0.006326014127
242939	0.0001876355235
242940	0.0003660125958
242941	0.002009865662
242942	0.0002889584388
242943	0.0005443598861
242944	0.006404002349
242945	0.00524018704
242946	0.001473081307
242947	0.0006296569257
242948	0.0001476573707
242949	0.0003936421853
242950	0.0008471556643
242951	9.410433762e-05
242952	0.001222040513
242953	0.0001656364163
242954	0.002420049066
242955	4.743887384e-05
242956	0.0001021285118
242957	0.0004754063936
242958	0.001576996241
242959	0.001465539007
242960	0.001029379128
242961	0.0003647113915
242962	0.001865721356
242963	0.001509251237
242964	0.001394621797
242965	0.001098486537
242966	0.001893070635
242967	0.0001258789915
242968	0.0004599997034
242969	0.004676800341
242970	0.001304087259
242971	0.006913407674
242972	0.003055167592
242973	0.001535116905
242974	0.0006739355437
242975	0.001894421816
242976	0.004396389481
242977	0.000499839021
242978	0.00290712641
242979	0.003197582469
242980	0.004450534419
242981	0.004065808456
242982	0.003348427663
242983	0.002909977892
242984	0.0007638037334
242985	0.0003572859118
242986	0.002389061979
242987	0.0023061636
242988	0.003404963991
242989	0.0002832135686
242990	0.001275816552
242991	0.004769176251
242992	0.001480248916
242993	0.009812389401
242994	0.0007041147083
242995	0.001131523937
242996	0.001286371256
242997	0.004700635341
242998	0.005123914454
242999	0.001250676352
243000	0.003815812457
243001	0.0008467412094
243002	0.002581056488
243003	0.002803038268
243004	0.002859320752
243005	0.004382021229
243006	0.003737794397
243007	0.002415105531
243008	0.001269086321
243009	0.0005692621405
243010	0.001287548758
243011	0.003114353969
243012	0.0007952707677
243013	0.001897409357
243014	0.001898110095
243015	0.004508878899
243016	0.004294832752
243017	0.001391207138
243018	0.0007495741065
243019	0.00310292808
243020	0.0001320440922
243021	0.0009207366609
243022	0.00300367785
243023	0.002324358348
243024	0.002518829619
243025	0.00120181706
243026	0.005110743283
243027	0.0002219534453
243028	0.0002803442825
243029	0.00142256239
243030	0.003485993758
243031	0.0001195789972
243032	0.0001166326752
243033	0.001934122601
243034	0.002987602951
243035	0.002472641218
243036	0.002674487714
243037	0.0003612323153
243038	0.0001159216371
243039	0.003859870924
243040	0.0003570644351
243041	0.0003634679313
243042	0.001845853643
243043	0.0009147230752
243044	0.000880772531
243045	0.0006958546138
243046	0.005916346663
243047	0.005437781736
243048	0.003903238976
243049	0.002903071898
243050	0.002653630023
243051	0.004197373833
243052	0.002308221865
243053	0.002024757343
243054	0.00312746803
243055	0.002081949678
243056	0.0005191264805
243057	0.001243879841
243058	0.0008524348142
243059	0.001436061087
243060	0.0008015535691
243061	0.002187568516
243062	0.002320160256
243063	4.703097212e-05
243064	0.0006783693248
243065	0.0001431722232
243066	0.001829072698
243067	0.00145331501
243068	0.002087639453
243069	0.0009463167622
243070	0.00684538173
243071	0.008357118646
243072	0.0005966861353
243073	0.002357537969
243074	0.0007079132705
243075	0.001890639083
243076	0.001553628031
243077	0.003926519023
243078	0.000178412208
243079	0.001674429867
243080	0.0007464863268
243081	0.007329761976
243082	0.001521667395
243083	0.003207308547
243084	0.001843716201
243085	0.001234335343
243086	0.0003322611173
243087	0.002154735193
243088	0.001682319265
243089	0.003253061335
243090	0.001156133083
243091	0.0005517512043
243092	0.000854471519
243093	0.001357758186
243094	0.003187699505
243095	0.005321214968
243096	0.003667434568
243097	0.0002689019387
243098	0.006912844068
243099	0.001817672354
243100	0.0009206002255
243101	0.002778282127
243102	0.0004985652894
243103	1.655477296e-05
243104	0.002447040831
243105	0.0003698182959
243106	0.0009024316483
243107	0.001312404446
243108	0.0005006200556
243109	0.003257052046
243110	0.001067924782
243111	0.004970447755
243112	0.0007204964467
243113	0.001309320409
243114	0.000628498235
243115	0.00116635701
243116	0.001747399655
243117	0.002040369597
243118	0.0006985435152
243119	0.001385386671
243120	0.003257978459
243121	0.0007174532332
243122	0.002260623476
243123	0.007488143958
243124	4.524250691e-05
243125	0.0005087517209
243126	0.0008195189417
243127	0.0007269422439
243128	0.0005299499049
243129	0.001518704751
243130	0.002291983172
243131	0.001015677384
243132	0.000427142051
243133	0.0001865096741
243134	0.000905904675
243135	0.001652255044
243136	0.002704764693
243137	0.0007171507511
243138	0.007156976202
243139	0.001495084428
243140	0.00388886007
243141	0.003020282496
243142	0.0006590894914
243143	0.005317658601
243144	0.004139588035
243145	0.006077668148
243146	0.00354645715
243147	0.002583092428
243148	0.002146578086
243149	0.002572561161
243150	0.0005240465148
243151	0.0001215291203
243152	0.0009918308668
243153	0.0005632417922
243154	0.002891776334
243155	0.0005237906675
243156	0.001405146602
243157	0.000282030697
243158	0.0004871090391
243159	0.001160842512
243160	0.0009758921324
243161	0.001144614151
243162	0.005403169797
243163	0.00356073317
243164	0.002286647953
243165	0.0009080486316
243166	0.001450749692
243167	0.001390245282
243168	0.000477210028
243169	0.005596545936
243170	0.00096380484
243171	0.001033702768
243172	0.003199004887
243173	0.002574586318
243174	0.001014303686
243175	0.002265694385
243176	0.001292273138
243177	0.001133466116
243178	0.0006059168008
243179	0.001970088707
243180	0.000699723949
243181	0.001955793913
243182	0.0002924368151
243183	0.0003260817652
243184	0.0008330078298
243185	0.0001882150275
243186	0.0004838901799
243187	0.0007280753576
243188	0.001191013835
243189	0.001785884148
243190	0.0003987991654
243191	0.001497173129
243192	0.001844416451
243193	0.002642672636
243194	0.002289446947
243195	0.005027319395
243196	0.001905013311
243197	0.0009697867578
243198	9.69724097e-05
243199	0.0009600448897
243200	0.0007026268174
243201	0.001580880384
243202	0.0003792516429
243203	0.0004906938262
243204	0.001700853578
243205	0.0003885020156
243206	0.0005406048385
243207	0.002923164789
243208	0.002120156017
243209	0.0006445165566
243210	0.002249843285
243211	0.001435941407
243212	0.00147254993
243213	0.0008210397762
243214	0.0006829163011
243215	0.003125365435
243216	0.0008518768318
243217	0.001652688141
243218	7.505424363e-05
243219	0.0007020406078
243220	0.003354870507
243221	0.001384643172
243222	0.001517591569
243223	0.0002914727941
243224	0.0005312841138
243225	0.0005909034034
243226	0.0005345956477
243227	0.0001949273306
243228	0.0005567705388
243229	0.001203530162
243230	0.0003632871967
243231	0.0002813988117
243232	0.001254164357
243233	0.0009126053345
243234	0.0004717521344
243235	0.0005894978545
243236	0.0008534692211
243237	0.002454001692
243238	0.001780265444
243239	0.00290538402
243240	0.002219416432
243241	0.001113810973
243242	0.001122402048
243243	0.002459462469
243244	0.0009928411265
243245	0.0006453336533
243246	0.001412189671
243247	0.002893586621
243248	0.0002966512463
243249	0.0002051200287
243250	0.0001723806545
243251	0.001646130486
243252	0.00369685819
243253	0.0006698943567
243254	2.423605248e-05
243255	0.0001291474441
243256	2.426076753e-05
243257	0.0009051072903
243258	0.0004763667071
243259	0.0004865165026
243260	4.99228713e-05
243261	0.001211913179
243262	0.0009757935307
243263	0.0007175975111
243264	0.0009509397059
243265	0.005250358225
243266	0.002196183729
243267	0.0007113386509
243268	0.003808243893
243269	2.28376423e-05
243270	1.855293637e-05
243271	0.0009841639131
243272	0.0003953400121
243273	0.0002920507801
243274	0.0001444616425
243275	0.001216178869
243276	0.004026355289
243277	0.0007983768578
243278	0.0004279152155
243279	0.001545175802
243280	0.003488125647
243281	0.00417145133
243282	0.0005140606372
243283	0.0005044296687
243284	8.147462528e-05
243285	0.001700165851
243286	0.001420037423
243287	0.001030867431
243288	0.0001040556479
243289	0.008356068959
243290	0.00657147852
243291	0.001897647706
243292	7.726137486e-05
243293	6.347810583e-05
243294	0.001398700289
243295	0.001069215749
243296	0.0004597230892
243297	0.0004247231865
243298	0.0005530676563
243299	0.001389987596
243300	0.0003585153918
243301	0
243302	0.0003425730744
243303	0.001117972868
243304	0.001384322248
243305	0.0004183042378
243306	0.0002973419336
243307	0.001818063829
243308	0.001795279464
243309	0.003763604999
243310	9.568125383e-05
243311	0.002764730082
243312	0.003470948426
243313	0.002633811944
243314	0.0009103714744
243315	0.001539894208
243316	0.001610709195
243317	0.0007945796184
243318	0.00328557693
243319	0.0005222118597
243320	0.001411625866
243321	0.004432552675
243322	0.006171147542
243323	0.001071018514
243324	0.0007060220323
243325	0.003923579208
243326	0.001076534529
243327	0.0009179426156
243328	0.001702902714
243329	0.002601492575
243330	0.001386598279
243331	0.002200569886
243332	0.001023624512
243333	0.003170792022
243334	0.000960184145
243335	0.0004515015009
243336	0.006195026621
243337	0.001422519214
243338	0.0008299247792
243339	0.0006944524243
243340	0.002258553198
243341	0.008855958617
243342	0.0006561292895
243343	0.001579521282
243344	0.0019123004
243345	0.0001008822689
243346	0.004831259922
243347	0.003498360824
243348	0.002437903919
243349	5.175708068e-06
243350	0.001203354682
243351	0.003054420654
243352	0.001514642817
243353	0.002272393449
243354	0.003292645001
243355	0.0003920237498
243356	0.002077611367
243357	0.004840232155
243358	0.002361866263
243359	0.001058706747
243360	0.001558791556
243361	0.0008725642953
243362	0.006232808805
243363	0.003206922374
243364	0.002707421693
243365	0.001586845018
243366	0.001753689564
243367	0.001198529479
243368	0.001500997591
243369	0.001283989332
243370	0.001323837825
243371	0.00535558951
243372	0.0002567056404
243373	0.001048026764
243374	0.0003974263137
243375	4.695169426e-05
243376	0.001949744082
243377	0.001943915218
243378	0.001636532935
243379	0.0008997853668
243380	0.002846000448
243381	0.002769572054
243382	0.002619328978
243383	0.001385964834
243384	0.004015779425
243385	0.000374236264
243386	0.00447367744
243387	0.00138890023
243388	0.006331546115
243389	0.001084366918
243390	0.0009325798613
243391	0.007791574105
243392	0.004523375946
243393	0.002120633387
243394	0.0031919331
243395	0.00246654731
243396	0.0008695118446
243397	0.001378382894
243398	0.0005625654463
243399	0.0004431536475
243400	8.143149137e-05
243401	2.465887287e-05
243402	0.006131519304
243403	0.002909499523
243404	0.0005057393633
243405	0.005282738777
243406	0.00243836799
243407	0.0002147753191
243408	0.0002669521956
243409	0.003604045519
243410	0.001021779543
243411	0.01061930573
243412	0.002247635297
243413	0.0030285463
243414	0.0007856681273
243415	0.003284181875
243416	0.001163827819
243417	0.002456701649
243418	0.007591414639
243419	0.003031864426
243420	0.0004696601738
243421	0.001870478668
243422	0.003867800378
243423	0.0008854846821
243424	0.001392588597
243425	0.0004586395674
243426	0.0009057189196
243427	0.001944444242
243428	0.003822374785
243429	0.003970041693
243430	0.005193090812
243431	0.0008443690405
243432	0.003583839295
243433	0.002046958967
243434	0.002704240965
243435	0.0003619262273
243436	0.01280989594
243437	0.003359654619
243438	0.0003333211017
243439	0.0002235999386
243440	0.00166271798
243441	0.00129587247
243442	0.0006569823229
243443	0.002236586053
243444	0.0004925019166
243445	0.004183330814
243446	0.0004186861672
243447	0.0002530449025
243448	0.002888557162
243449	0.002672219987
243450	0.005339328036
243451	0.0003300409134
243452	0.003983241905
243453	0.001346021226
243454	0.0007137693405
243455	0.006145107508
243456	0.001051891699
243457	0.003431157892
243458	0.002431706792
243459	0.003325974306
243460	0.001054522214
243461	0.002052592414
243462	0.00361924324
243463	0.001099092773
243464	0.003789826669
243465	0.001371408192
243466	0.002141942203
243467	0.00152883529
243468	0.00324653945
243469	0.002432015492
243470	0.0007290457251
243471	0.0002935884068
243472	0.001842002693
243473	0.002515591334
243474	0.003884776076
243475	0.0007001164487
243476	0.001708344566
243477	0.0002181201807
243478	0.004519410525
243479	0.002382043193
243480	0.0007469157138
243481	0.001017564537
243482	0.0009402370027
243483	0.001959724504
243484	0.00134450452
243485	0.0003906393518
243486	0.007536239568
243487	0.003351548826
243488	0.0002974540868
243489	0.0009440117593
243490	0.002140862524
243491	0.001331435885
243492	0.002238820866
243493	0.001289585968
243494	0.001524806186
243495	0.0004446786221
243496	0.0006043204381
243497	0.003531540463
243498	4.6047619e-05
243499	0.0003864035192
243500	0.0005923666064
243501	0.004998285927
243502	0.001086246173
243503	0.004003110366
243504	0.004069659669
243505	0.00374282773
243506	0.003649076532
243507	0.001283349792
243508	0.002090556997
243509	0.0008756669182
243510	0.002717864188
243511	0.005236663283
243512	0.003189470852
243513	0.0004454926996
243514	0.001863807149
243515	0.00332770016
243516	0.0002850871964
243517	0.002159865092
243518	0.002555928864
243519	0.001173577966
243520	0.002750601519
243521	0.002470387571
243522	0.003245540552
243523	0.0005202551475
243524	0.00248573333
243525	0.001413540406
243526	0.0001870625623
243527	0.001555670484
243528	0.004832646262
243529	0.002434215888
243530	0.0006058768947
243531	0.003288677621
243532	0.00392173821
243533	0.0004824331058
243534	0.001341972601
243535	0.002075871799
243536	0.001131275902
243537	0.0008881539597
243538	0.002194418154
243539	0.001298681048
243540	0.0003328313555
243541	0.002617247998
243542	0.0007121958195
243543	0.0001326285415
243544	0.001306480718
243545	2.56922656e-05
243546	0.001108368015
243547	0.0005697865124
243548	0.0006712440546
243549	0.0003224173726
243550	0.0002412297864
243551	0.001224966206
243552	0.0006586295717
243553	0.0006302995393
243554	0.001313628147
243555	0.0007561776077
243556	0.001012886592
243557	0.0006580766675
243558	0.001373558064
243559	0.0006201003951
243560	0.0006750400674
243561	0.0006918690138
243562	0.001040308837
243563	0.0008136524758
243564	0.0009377868399
243565	0.00418297649
243566	0.004372501864
243567	0.0004969496271
243568	0.00200045953
243569	0.0009474748201
243570	0.00409741057
243571	0.0009833270788
243572	0.001390382242
243573	0.0003841722651
243574	0.007100745966
243575	0.0007178528295
243576	0.001780533486
243577	0.001388749239
243578	3.000880228e-05
243579	0.0002112755008
243580	0.0009584474923
243581	0.002741076206
243582	0.0003353331249
243583	0.003212734106
243584	0.001390215205
243585	0.001195532964
243586	0.005261252209
243587	0.00235449832
243588	0.001864736784
243589	0.0008230823694
243590	0.001194134231
243591	0.002012187475
243592	0.001135985804
243593	0.0006302823974
243594	0.0004485088381
243595	0.001753594727
243596	0.0001200589964
243597	0.002034646716
243598	0.0008971990715
243599	0.001902207607
243600	0.0008142965698
243601	0.003840467601
243602	9.044296209e-05
243603	0.006817627764
243604	0.008280554631
243605	0.001725992188
243606	0.004772311911
243607	0.002248520109
243608	0.002090204601
243609	0.002359642832
243610	0.002165168877
243611	0.006349722331
243612	0.0007565772557
243613	0.002734059444
243614	0.005236350838
243615	0.001184407519
243616	0.001988521954
243617	0.003367158054
243618	0.001214539458
243619	0.003882542413
243620	0.0008361584552
243621	0.002361088223
243622	0.0005039943123
243623	0.002282836502
243624	0.00227386175
243625	0.002854570028
243626	0.0005451425199
243627	0.003229655256
243628	0.004953335298
243629	0.001585197056
243630	0.001789715835
243631	0.0009279297235
243632	0.0008509581155
243633	0.002242735616
243634	0.00451747572
243635	0.00288408503
243636	0.0005036978074
243637	0.005174422904
243638	0.001960345539
243639	0.004487825013
243640	0.004176730897
243641	0.0008647514749
243642	0.001563164813
243643	0.001306467234
243644	0.002931389621
243645	0.003021034304
243646	0.003969724808
243647	1.541806643e-05
243648	0.003253090357
243649	0.001600530184
243650	0.003552254923
243651	0.002947765859
243652	0.0004350506106
243653	0.008491304049
243654	0.0006815729799
243655	0.002277946414
243656	0.0005640511966
243657	0.0005276422071
243658	0.0004207481173
243659	0.001126276739
243660	0.004348232343
243661	0.003429338897
243662	0.004153670096
243663	0.002470311681
243664	0.0003900750485
243665	0.0002855451921
243666	0.002576801611
243667	0.00271514905
243668	0.005048779069
243669	0.004293153825
243670	0.003078499213
243671	0.0002000897735
243672	0.001893576865
243673	0.003032675116
243674	0.0003451381511
243675	0.0001898349819
243676	0.00426051436
243677	0.0004666990801
243678	0.002915881521
243679	0.0005422318622
243680	0.001176475039
243681	0.001985517249
243682	0.0002768497495
243683	0.003678262103
243684	0.001057230536
243685	0.003333640201
243686	2.917134183e-05
243687	0.005207638057
243688	0.00516649295
243689	0.003590950312
243690	0.0005059431179
243691	0.0006645819048
243692	0.003914890739
243693	0.001748957179
243694	0.0009425976855
243695	0.0008045468627
243696	0.002093982951
243697	0.001943291582
243698	0.003546540371
243699	0.0003507720893
243700	0.000124110822
243701	0.001336065636
243702	0.0007640096149
243703	0.001046901772
243704	0.0001339996107
243705	0.0008820007692
243706	0.0002428674146
243707	0.0001491982809
243708	0.00350904431
243709	0.003674827547
243710	5.123075916e-05
243711	0.0006889122353
243712	0.0040736516
243713	0.001089822579
243714	0.002149770545
243715	0.0009269380564
243716	4.74174978e-05
243717	2.980170781e-05
243718	0.000908428553
243719	0.0005705340231
243720	0.000121822738
243721	1.391516214e-05
243722	0.0005277202758
243723	0.0001817700835
243724	4.443102087e-06
243725	3.981805534e-05
243726	0.0008071571435
243727	0.000119009361
243728	1.943236441e-05
243729	0.0002644716415
243730	0.0004920646955
243731	0.0007858942257
243732	0.0001033377663
243733	3.671238599e-06
243734	0.0002765775151
243735	0.0002266459121
243736	7.245458155e-05
243737	0.0001402790767
243738	0.0001112840335
243739	4.329973176e-05
243740	0.0004888355568
243741	8.233286733e-05
243742	0.0001261936639
243743	0.0002708106629
243744	0.0001456329748
243745	8.183908072e-05
243746	0.0005252554864
243747	0.001504379219
243748	0.0002126818243
243749	0.0001266381689
243750	0.0007296302017
243751	0.00287147214
243752	0.0006064427162
243753	0.002548045531
243754	0.001662713918
243755	0.0002883323842
243756	0.0005409719076
243757	0.003651492869
243758	0.0009592909584
243759	0.0006198041024
243760	0.0007133427452
243761	0.0004339909124
243762	0.0002061216326
243763	0.0007611304908
243764	0.003066630663
243765	0.003012387379
243766	0.0003440275004
243767	0.001171347089
243768	0.000710019451
243769	0.00105932282
243770	0.00136915765
243771	0.002087499802
243772	0.0001138829914
243773	4.740285978e-05
243774	0.0006579614929
243775	0.0007976823724
243776	0.000850600371
243777	0.0003149919725
243778	0.000889438729
243779	0.0004763711538
243780	0.0007250462304
243781	0.0008433641045
243782	0.0001136598037
243783	0.001010737394
243784	0.0007349568978
243785	0.0009385425173
243786	0.000799563996
243787	0.000646937092
243788	0.0003807861043
243789	0.001164819413
243790	0.0005328332456
243791	0.0007028088492
243792	0.0004167029589
243793	0.001855791438
243794	0.0009073439851
243795	8.282421045e-05
243796	0.001038899494
243797	0.000977963878
243798	0.0001752177274
243799	9.471833781e-05
243800	0.0007647668208
243801	0.0006223319735
243802	0.0007841051871
243803	0.0008497931096
243804	0.0003608114251
243805	0.001622588534
243806	0.000700117584
243807	0.001332014778
243808	0.0005112120945
243809	0.0009025141017
243810	0.00102983029
243811	5.009429807e-05
243812	0.0009105519094
243813	0.0009974506926
243814	0.0003113330436
243815	0.000420380445
243816	0.0007867135217
243817	0.0007105815043
243818	0.0004903984938
243819	0.0009405687598
243820	0.0008187458239
243821	0.0007483090452
243822	0.0007729430288
243823	0.001741661544
243824	0.002096727667
243825	0.0003583179115
243826	0.0001607948869
243827	0.0006781375399
243828	0.0006768690897
243829	0.001301307604
243830	2.694889142e-05
243831	0.0002448018974
243832	0.0008318943929
243833	0.0009696375079
243834	0.001057222352
243835	0.0005218408778
243836	0.001016069524
243837	0.001014116978
243838	0.0008691517282
243839	0.002255146413
243840	0.001209178506
243841	0.0008556444717
243842	0.0004509179808
243843	0.000342262577
243844	0.00116411224
243845	0.0002720165466
243846	0.0006476175209
243847	0.001224134173
243848	0.001527313769
243849	0.0002813647908
243850	0.0009650854322
243851	0.001300612432
243852	0.001013994484
243853	0.0009026508159
243854	0.0006927811566
243855	0.0003057812055
243856	0.0002079426609
243857	0.0006518521351
243858	0.0003524380716
243859	0.0008543032843
243860	0.000799652237
243861	0.0008532068928
243862	0.0003874927318
243863	0.0005250780216
243864	0.001155495948
243865	0.0008799539141
243866	0.0009535776184
243867	0.001631554593
243868	0.0008999259156
243869	3.262021077e-05
243870	0.00299500152
243871	0.00132747985
243872	0.0006964663384
243873	0.0001618843716
243874	0.000938886624
243875	0.0007175412061
243876	0.0007979837496
243877	0.0008817850541
243878	0.0007956964346
243879	0.0005437186895
243880	0.001650419663
243881	0.0004044694105
243882	0.0008061888208
243883	0.0003186621116
243884	0.001867281612
243885	0.0005234594019
243886	0.001037139041
243887	0.001178827947
243888	0.0009440372679
243889	0.0003793765468
243890	0.0006820830875
243891	0.0004452603361
243892	0.0002520589136
243893	0.005444415624
243894	0.003185529832
243895	0.0003910245297
243896	0.001764824245
243897	0.002338679026
243898	0.002210005712
243899	0.0005101850187
243900	0.002205251967
243901	0.0006479372963
243902	0.0003557329293
243903	0.001303574723
243904	0.0003050820526
243905	0.0009087327155
243906	0.001247055741
243907	0.0003463641764
243908	0.0004416015613
243909	0.001169676394
243910	0.0009586062353
243911	0.0006251673639
243912	0.001312581784
243913	0.0008063059631
243914	0.0004350726807
243915	0.00068192022
243916	0.0006529635936
243917	0.0009198767216
243918	0.0007287232092
243919	0.0001809267129
243920	0.001263842791
243921	0.001328256141
243922	3.485129362e-06
243923	0.0001883225051
243924	0.0009121466521
243925	0.0003180675374
243926	0.0007936380053
243927	0.001381970082
243928	0.0001005060936
243929	0.000589070736
243930	0.0006253592133
243931	0.0005853527147
243932	0.0001021266761
243933	0.0007407276181
243934	0.0005475486065
243935	0.0009196626354
243936	0.000613603618
243937	0.0008491553059
243938	0.0003966237938
243939	0.0005548647092
243940	0.001170143895
243941	0.001031978201
243942	0.0002910211076
243943	0.0008933356621
243944	0.0006930971427
243945	0.0004204080382
243946	0.0007688526628
243947	0.0002866802019
243948	0.000888040988
243949	0.0003423937941
243950	0.0004657537958
243951	0.001001601036
243952	0.001061693226
243953	0.0001556665617
243954	0.001082400307
243955	0.0002801323331
243956	0.0009803550474
243957	0.0003890571134
243958	0.0001492385315
243959	0.0005999024447
243960	0.0006976607978
243961	0.0006223478131
243962	0.0007958450844
243963	0.001104289961
243964	0.0004638620538
243965	0.0009861502755
243966	0.0006268166795
243967	0.0003297727947
243968	0.0008280774392
243969	0.001060164144
243970	0.001062370119
243971	0.0007812421983
243972	0.001032491847
243973	0.0003557285818
243974	0.001191759659
243975	0.0006629270607
243976	0.001229590527
243977	0.0009440209295
243978	0.001186691579
243979	0.000642249835
243980	0.002003108975
243981	0.0008023761517
243982	0.0005339664421
243983	0.001173678255
243984	0.0009523636415
243985	0.001225713504
243986	0.00251772675
243987	0.0004346322275
243988	0.001212347904
243989	0.000431012126
243990	8.196834825e-06
243991	0.0003558962957
243992	0.0003122290233
243993	0.0004659707146
243994	0.0005584611609
243995	0.0007328945095
243996	0.0009548564998
243997	0.000104710234
243998	0.0009931757287
243999	0.0003642907166
244000	0.0003487465218
244001	7.974296846e-05
244002	0.0002541210167
244003	0.0004046665601
244004	0.001038321067
244005	0.0006106162509
244006	0.0003878895826
244007	0.0005857024661
244008	0.001008849789
244009	0.0003914367927
244010	0.001200885376
244011	0.0003194961635
244012	0.0006026401409
244013	7.51025327e-05
244014	0.001249595095
244015	0.001336268616
244016	0.0003473960921
244017	0.001219703814
244018	0.0003784554404
244019	0.001602921885
244020	0.0003866344086
244021	0.0007425870451
244022	0.0008016693806
244023	0.0007880873357
244024	0.0006609226554
244025	0.0006934670536
244026	0.001303472669
244027	0.0005081824024
244028	0.0008819370812
244029	0.001179630832
244030	0.001292797602
244031	0.001176144296
244032	0.0007085880817
244033	0.0006620540544
244034	0.0008678740425
244035	0.0008578932686
244036	0.0009872041929
244037	0.0008049268352
244038	0.0008573542728
244039	0.0008812524859
244040	0.0001943820973
244041	0.0009518447301
244042	0.001217275413
244043	0.001530193406
244044	0.0004195747794
244045	0.0008547443666
244046	0.0004671000573
244047	0.001066915934
244048	0.001145394369
244049	0.0005461398023
244050	0.0001432138844
244051	0.0001432894723
244052	0.001550584765
244053	0.001140504865
244054	0.000321084569
244055	0.001163223656
244056	0.0007678273936
244057	0.0009203466216
244058	0.001009974875
244059	0.000704703944
244060	2.056796936e-05
244061	1.305647361e-05
244062	3.641639551e-05
244063	0.000768367467
244064	0.0002255194817
244065	0.000961122853
244066	0.0008701095552
244067	0.0004785532902
244068	0.00117206977
244069	0.0002995355392
244070	0.002382669138
244071	0.000542116118
244072	0.0002961987334
244073	0.0004143926271
244074	0.0005616953635
244075	0.001536965252
244076	0.0006944257489
244077	8.229853175e-05
244078	0.0002954461065
244079	0.0006662892013
244080	0.0006373194827
244081	9.685105364e-05
244082	0.001820683175
244083	5.865705715e-05
244084	0.0003306601376
244085	0.0003418688355
244086	0.001277456278
244087	0.0008366225582
244088	0.0005849751763
244089	0.002017728847
244090	0.004057313248
244091	0.0008946319834
244092	0.001627878812
244093	0.001831606539
244094	0.001421492811
244095	0.001901791495
244096	0.001527897527
244097	0.001198842466
244098	0.002401537512
244099	0.0003632278226
244100	0.001021142388
244101	0.0005278279988
244102	0.002608497395
244103	0.001079873219
244104	0.002114150778
244105	0.001107806387
244106	0.0007993811049
244107	0.001001473545
244108	0.000901738236
244109	0.0002311909621
244110	0.0007337269172
244111	0.0006745598128
244112	0.001704152593
244113	0.001060086928
244114	0.004890345023
244115	0.001079921157
244116	0.002468356937
244117	0.001139365258
244118	0.001225203582
244119	0.0003017573396
244120	0.001018154992
244121	0.00198095957
244122	0.0006901825926
244123	0.002220825737
244124	0.0003859191366
244125	0.0004220090675
244126	0.00165737136
244127	0.0008487421203
244128	0.000448344741
244129	0.0008610811175
244130	0.0008976599698
244131	0.0008924547349
244132	0.001085418944
244133	0.0007838504797
244134	0.0001309891418
244135	0.0007270336284
244136	0.0005079067674
244137	2.695178447e-05
244138	0.0005769727849
244139	0.001013274416
244140	0.000437949835
244141	0.0002896759889
244142	9.883184994e-05
244143	0.0009362351369
244144	4.033114806e-05
244145	0.001141685355
244146	0.001690718568
244147	0.0008051025199
244148	0.0008281527088
244149	0.0005088598387
244150	0.0009097202155
244151	0.0006780598359
244152	0.001213478537
244153	0.0005206912858
244154	0.001345465225
244155	0.0009907117228
244156	0.0007582528136
244157	0.0002275485999
244158	0.0003022330812
244159	0.001151392434
244160	0.0002490007173
244161	0.0004634824124
244162	0.0009232485564
244163	0.001308791614
244164	1.880630302e-05
244165	0.0004942486811
244166	0.0009020557056
244167	0.0003083824984
244168	0.0009061246884
244169	0.001344303177
244170	0.001035394003
244171	0.0005998957431
244172	0.0005138394043
244173	0.0009959347465
244174	3.399565355e-05
244175	0.001105006462
244176	0.0008631423819
244177	0.004564509614
244178	0.0009741424578
244179	0.0009718590736
244180	0.006824298804
244181	0.007009964947
244182	0.000749222321
244183	0.001048961576
244184	0.001145672034
244185	5.755483887e-05
244186	0.00238516391
244187	0.001052262754
244188	0.0002475209952
244189	0.0009663605249
244190	9.412843911e-05
244191	7.69686127e-05
244192	0.0006587809309
244193	0.002243731998
244194	0.001416466798
244195	0.002507339644
244196	0.0009053126998
244197	2.920588959e-05
244198	0.004143124996
244199	0.0008927465419
244200	0.002847410701
244201	0.0008597701091
244202	0.0004979020292
244203	0.0005984908161
244204	0.004098338613
244205	0.0008626639184
244206	0.004108668809
244207	0.0009381215341
244208	0.002677558793
244209	0.001131176728
244210	0.0005582802649
244211	0.000505011411
244212	0.004529421173
244213	0.0004370894951
244214	0.0007590440634
244215	0.001470326516
244216	0.001239277601
244217	0.001859228786
244218	0.001645217587
244219	0.0005779173166
244220	0.002791522415
244221	0.0005019456228
244222	0.001251911267
244223	0.005088446842
244224	0.001201907696
244225	3.275526336e-05
244226	0.004634133669
244227	0.001337970542
244228	0.003370420724
244229	0.0003846489095
244230	0.001633892841
244231	0.001476695179
244232	0.0004256946194
244233	0.000916108763
244234	0.0005334209628
244235	0.001334355737
244236	0.0002393090439
244237	0.0002801608646
244238	0.003089966058
244239	0.001367084691
244240	9.560646136e-06
244241	0.002152761572
244242	0.003630932232
244243	0.002194712291
244244	0.007330835387
244245	3.274523369e-05
244246	4.903480987e-06
244247	0.001203588024
244248	0.0002218354031
244249	0.0003185393238
244250	0.0001378742476
244251	0.004393886706
244252	0.002841225261
244253	0.001604414394
244254	0.001751007568
244255	0.0001356434514
244256	0.003127852719
244257	0.002444407273
244258	0.002705374461
244259	6.541864094e-05
244260	0.001076642039
244261	0.0002185884882
244262	0.0006697225279
244263	0.0006449650757
244264	0.001690049692
244265	0.001340858199
244266	0.0005625888832
244267	0.003227806119
244268	0.006430982595
244269	0.0009180836593
244270	0.0006341189594
244271	0.0001426930129
244272	0.001750140098
244273	0.001206504198
244274	0.001669987635
244275	0.001646097775
244276	0.0009198399982
244277	0.0012196314
244278	0.006025760365
244279	0.002409107974
244280	0.002152159922
244281	0.001007844983
244282	0.001116420414
244283	0.004584703735
244284	0.005785784925
244285	0.003119248629
244286	0.006527006161
244287	0.004944623337
244288	0.0008122566829
244289	0.0008604849291
244290	0.001005024913
244291	0.0005666165861
244292	0.003436183974
244293	0.002099417029
244294	0.0008467850036
244295	0.0003865027375
244296	0.0006303018718
244297	0.001579787195
244298	0.001557700274
244299	0.001166548541
244300	0.002001376072
244301	0.0002345085361
244302	0.0008820547471
244303	0.00818284191
244304	0.0008269730967
244305	0.0005980237122
244306	0.0008935759267
244307	0.001006735525
244308	0.006336007121
244309	0.0006178393216
244310	0.0005503164518
244311	0.003757465191
244312	7.590391897e-06
244313	0.0007626295558
244314	0.004273100649
244315	0.001093153395
244316	0.004773802748
244317	0.0002185015878
244318	0.0005554611957
244319	0.001674245588
244320	0.0006971548532
244321	0.0005639973158
244322	0.002564989093
244323	0.0006005881884
244324	0.001168252628
244325	0.001019033277
244326	0.0002891061431
244327	0.0001950624839
244328	0.001092411745
244329	0.002085592401
244330	0.001392166461
244331	0.004233813409
244332	0.001484730862
244333	0.0003236937283
244334	0.0002436120303
244335	0.0002539008532
244336	0.005383479452
244337	0.002675535031
244338	0.001462301547
244339	0.0002531581846
244340	0.0006202521293
244341	0.0007894373555
244342	0.00116718761
244343	0.0002984328111
244344	0.001953461897
244345	0.003219743895
244346	0.003065083195
244347	0.0001549264086
244348	0.0007011853594
244349	0.001345186844
244350	0.00150164946
244351	0.0007810512564
244352	0.001093314489
244353	0.0009050350913
244354	0.0004397071936
244355	0.0008686987111
244356	0.0005010206688
244357	0.0009786523901
244358	0.0007415737036
244359	0.000943525257
244360	0.001162293649
244361	0.0006989786075
244362	0.0009780387717
244363	0.000478917974
244364	0.0001430263272
244365	0.000938989011
244366	0.0008596198028
244367	0.001805332385
244368	0.0006975919015
244369	0.001094175901
244370	0.001133402952
244371	0.0007900791358
244372	6.93397503e-05
244373	0.0007845144488
244374	0.0009398994202
244375	0.0006966531641
244376	0.0005710861892
244377	0.001295594688
244378	0.0003511867602
244379	0.0007893238844
244380	6.443830509e-05
244381	0.0009091458514
244382	0.0006670659541
244383	0.000170657337
244384	0.001113813556
244385	0.0007629293521
244386	0.0007247685738
244387	0.0002835318144
244388	0.0007660274118
244389	0.0007266415549
244390	0.00096775695
244391	0.0006003117047
244392	0.003040679344
244393	0.0001381868682
244394	0.0006522570061
244395	0.001524759937
244396	0.0007377675484
244397	0.001236311717
244398	0.001131997894
244399	0.0005584047202
244400	0.001078627038
244401	0.0004413647982
244402	0.001506662601
244403	0.0007036266181
244404	0.001279059219
244405	0.001182913621
244406	0.0008445362586
244407	0.0004594688889
244408	0.000669954154
244409	0.0001351694056
244410	0.00176282691
244411	0.0005493220143
244412	0.0006822028752
244413	0.0003101785454
244414	0.0003925105337
244415	0.001252452339
244416	0.0002681060585
244417	0.0003334572055
244418	0.000232204712
244419	0.0007993110997
244420	0.0001219938115
244421	0.000573652802
244422	0.000105769221
244423	0.0008769934847
244424	0.000860254484
244425	0.0006704271653
244426	0.0004064451277
244427	0.0004207397455
244428	0.0007520323643
244429	4.820364101e-05
244430	0.0008859425635
244431	0.001151476778
244432	0.00120421985
244433	0.0004583841764
244434	0.0009926773726
244435	0.0009132809032
244436	0.001274199148
244437	0.0008820573635
244438	0.0005490309404
244439	0.0007788645423
244440	0.0004673851916
244441	0.0003205145578
244442	0.0008014729945
244443	0.0008676799585
244444	0.0004326164782
244445	0.0007991762431
244446	0.000916441404
244447	0.0007267679959
244448	0.0007891171287
244449	0.002685905119
244450	0.001219056826
244451	0.0005139069777
244452	0.002315134504
244453	0.001516588142
244454	0.000472965553
244455	0.001170195958
244456	0.005259525504
244457	0.002185201619
244458	0.0008453316193
244459	0.0007888368071
244460	0.004395573443
244461	0.001300879154
244462	0.0002861062088
244463	0.0015335548
244464	0.001434501825
244465	0.00136605099
244466	0.001388034585
244467	0.002776391482
244468	0.001836933327
244469	0.0005823776058
244470	0.00104450263
244471	6.674842519e-05
244472	0.001689664892
244473	0.001126489757
244474	0.00310149675
244475	0.002442305372
244476	0.002384807054
244477	0.002326064525
244478	0.001173135804
244479	0.001985133133
244480	0.0002321685777
244481	0.004229274696
244482	0.001537245367
244483	0.002227249512
244484	0.0004103469676
244485	0.006429186249
244486	0.003233477046
244487	0.0002857499754
244488	0.001342941663
244489	0.0007755998846
244490	6.956958899e-05
244491	0.0003628619528
244492	0.001238509397
244493	0.001137891316
244494	0.001581831285
244495	0.001548774538
244496	0.001412665699
244497	0.001060457322
244498	0.0008352895644
244499	0.0007488889895
244500	0.0009624843153
244501	0.000850859998
244502	0.0006361655144
244503	0.0009333384259
244504	0.001828122476
244505	0.0004065464783
244506	0.0003282612136
244507	0.0002259601163
244508	0.0005907435443
244509	0.0003667350457
244510	0.0003712368491
244511	0.0008848018858
244512	0.0006506874136
244513	0.0001831907566
244514	0.000781756304
244515	0.001087845513
244516	0.001301008639
244517	0.0004753894581
244518	0.0003338539259
244519	0.0008118425402
244520	0.0003885006752
244521	0.000498732401
244522	0.001288752426
244523	0.001007921535
244524	0.001206014047
244525	0.0008804911806
244526	0.001098925531
244527	0.0009335607496
244528	0.0002670699651
244529	0.0008710688024
244530	0.004811209814
244531	0.0008139455751
244532	0.001241274166
244533	0.0006470562142
244534	0.001313620183
244535	0.000121501546
244536	0.0007894654208
244537	0.0004430597827
244538	0.0003623970565
244539	0.0009087871127
244540	0.0007175219004
244541	0.0001760313183
244542	0.0004954001217
244543	0
244544	0.0007480440163
244545	0.0006381368851
244546	0.001198977455
244547	0.003961199251
244548	0.001358216805
244549	0.0006023804536
244550	0.002848745148
244551	0.001398742461
244552	0.0022849079
244553	0.0005437132621
244554	0.00349614434
244555	0.0008508461657
244556	0.00240140473
244557	0.0110702799
244558	5.638557296e-05
244559	0.004463336614
244560	0.002509232962
244561	0.0001642711557
244562	0.006792774941
244563	0.003374994451
244564	0.002767448245
244565	0.001655441236
244566	7.47886533e-05
244567	0.001096776184
244568	0.002050872928
244569	0.0006426311927
244570	0.0003457321988
244571	0.001175306186
244572	0.003494759763
244573	0.00390608603
244574	0.004008278144
244575	0.001704158491
244576	0.003984617424
244577	0.0002608472507
244578	0.001257336648
244579	0.001696364022
244580	0.002046723014
244581	0.004437377504
244582	0.001314713792
244583	0.0003581931316
244584	0.0009682949097
244585	0.000242021985
244586	0.0003276777957
244587	0.003415656454
244588	0.001496428211
244589	0.001086012465
244590	0.002519962675
244591	0.001041607444
244592	0.0003069531101
244593	0.002815553561
244594	0.0005677759194
244595	0.001025720864
244596	0.0006633218675
244597	0.0007848347252
244598	0.001947335471
244599	0.001582625532
244600	0.00190352409
244601	0.002660524195
244602	0.002766272699
244603	0.003138387076
244604	0.0002656194272
244605	0.003352584604
244606	0.000225437801
244607	0.001539545489
244608	0.0008005491304
244609	0.001482069589
244610	0.002608746633
244611	0.00159751317
244612	0.001519849359
244613	0.001366010917
244614	0.0007921055495
244615	0.0004066468859
244616	0.002860336309
244617	0.004162640808
244618	0.003211220441
244619	0.004158563219
244620	0.0001142176252
244621	0.003709139339
244622	7.117133533e-05
244623	0.002981027112
244624	0.003059225356
244625	0.002712995934
244626	0.001123625471
244627	0.001286489874
244628	0.0005353475498
244629	0.0004926763198
244630	0.002414748639
244631	0.0008484101002
244632	0.0005466316369
244633	0.002079275136
244634	0.002526835864
244635	0.004583786643
244636	0.001587682949
244637	0.0007395543236
244638	0.002554683624
244639	0.0001034748904
244640	0.005017192377
244641	0.005290490283
244642	0.004983809798
244643	0.006726970584
244644	0.001588819231
244645	0.003139273411
244646	0.002549983448
244647	0.003039077955
244648	7.110222074e-05
244649	0.0005040383157
244650	0.002971139326
244651	0.002411761194
244652	0.001754541869
244653	0.001108337525
244654	0.000246080805
244655	0.0001910054098
244656	0.0001462094822
244657	0.002153960884
244658	0.001590611207
244659	0.003007226206
244660	0.0001347556392
244661	0.0004537334815
244662	7.587677402e-05
244663	0.0003780534852
244664	0.002716048732
244665	0.003179132874
244666	0.003720831411
244667	0.001842762235
244668	0.00540378999
244669	0.003055957031
244670	0.0004013648028
244671	0.0005839990986
244672	0.0002577442441
244673	0.002204141834
244674	0.008775618588
244675	0.007261846003
244676	0.003267433928
244677	0.009547786459
244678	0.004629294711
244679	0.001838254919
244680	0.00751036864
244681	0.005782007326
244682	0.0005743402993
244683	0.0003253043561
244684	0.002712886655
244685	0.00190279433
244686	0.001439055078
244687	0.001505223757
244688	9.409643861e-05
244689	0.0002250023531
244690	0.001526827887
244691	0.003018051799
244692	0.0017658508
244693	0.0001239817966
244694	0.0008655344215
244695	0.00178756465
244696	0.001030272968
244697	0.002019344314
244698	0.001709810791
244699	0.003173403688
244700	0.002712914339
244701	0.002894849132
244702	0.004492937924
244703	0.001102816262
244704	0.00229065456
244705	0.0005892081618
244706	0.004692969247
244707	0.00167492672
244708	1.133895123e-05
244709	0.004106114404
244710	0.002573107237
244711	0.006785716162
244712	0.0009359012911
244713	0.004384090658
244714	0.006291980988
244715	0.001472040502
244716	0.0003615996503
244717	0.003826049812
244718	0.00273064607
244719	0.002731077071
244720	0.001132285028
244721	0.002800287116
244722	0.0004401079982
244723	8.150745414e-05
244724	0.001090584569
244725	0.002331746543
244726	0.0001470442543
244727	0.003913315905
244728	0.004143698514
244729	0.0008323689748
244730	0.004225684597
244731	0.0002839445342
244732	0.0002396252779
244733	0.0001272975777
244734	0.0006909051152
244735	0.001282173736
244736	0.0009381614355
244737	0.001733691793
244738	0.001060324895
244739	0.0002899591103
244740	0.001613689883
244741	0.001380606947
244742	0.001913924496
244743	0.0005292515747
244744	0.0002288629643
244745	0.001722266175
244746	1.146459002e-05
244747	0.003110294065
244748	0.004765150503
244749	0.0007689410725
244750	0.001933389733
244751	0.003465424573
244752	0.003236891485
244753	0.001338280639
244754	0.0008288108299
244755	0.001825583047
244756	1.682478022e-05
244757	6.257856611e-05
244758	0.0002888070113
244759	0.001585986599
244760	0.001894987373
244761	0.0003755744844
244762	0.002804921972
244763	0.002456225657
244764	0.0005184519376
244765	5.891641557e-05
244766	0.0005350544535
244767	0.006428613967
244768	0.003203727443
244769	0.002510065826
244770	0.002071354169
244771	0.0001834105813
244772	0.0008062218239
244773	0.0039516204
244774	0.002606290261
244775	0.001243748673
244776	0.002085917053
244777	0.0005506126178
244778	0.0006576595535
244779	0.001714096543
244780	0.003340215379
244781	0.002366913524
244782	0.0047832669
244783	0.002975956859
244784	0.003423416571
244785	0.002913177661
244786	0.00184253002
244787	0.0006369974977
244788	0.007321739627
244789	0.0002866876085
244790	0.002425033107
244791	0.000881477096
244792	0.002060467801
244793	0.0009719141145
244794	0.0006685204308
244795	0.001697511685
244796	0.001227408836
244797	0.0024353133
244798	0.0004091416071
244799	0.003183626455
244800	0.002736880101
244801	0.001363374302
244802	0.001505767781
244803	0.003032988562
244804	0.004382024245
244805	0.000430515225
244806	0.0004143885736
244807	0.003584345012
244808	0.002421536163
244809	0.001155577857
244810	0.004910554387
244811	0.0002383337289
244812	0.0009067553458
244813	0.001903094576
244814	1.205507986e-05
244815	0.0005419300872
244816	0.003893248257
244817	0.001677531147
244818	0.004810517021
244819	0.003315797394
244820	0.003561430014
244821	0.0005203906131
244822	0.0007053004688
244823	0.003462540555
244824	0.004641274461
244825	0.003310757086
244826	0.005234954746
244827	0.005093997964
244828	0.003776923611
244829	0.002306890875
244830	0.002968483607
244831	1.712149079e-05
244832	0.002196862183
244833	0.00499543835
244834	0.00293604512
244835	0.003345186553
244836	0.000116530217
244837	0.003664486687
244838	0.001709247176
244839	0.0003648093583
244840	0.000529490633
244841	0.00090493137
244842	0.007368390163
244843	0.001739112701
244844	0.003146101495
244845	7.725677451e-05
244846	0.0002544769772
244847	0.005184047908
244848	0.000292528063
244849	0.000536817872
244850	0.002607002907
244851	0.003530133246
244852	0.0007903218205
244853	0.001388988683
244854	0.0004018135541
244855	0.0005248482737
244856	0.0004801788515
244857	0.0004084716421
244858	0.005585225564
244859	0.001331296897
244860	0.0002375060018
244861	0.001340485332
244862	0.000405469359
244863	0.0005498648606
244864	0.0004143415774
244865	0.0003218938739
244866	0.0001849293724
244867	0.0008554590313
244868	0.0008768762004
244869	0.00126066793
244870	7.1240742e-05
244871	0.0001705320274
244872	0.0008220920505
244873	0.0009281104881
244874	0.0007737916839
244875	0.0006727198255
244876	0.0006918432584
244877	0.001992357016
244878	0.000920518577
244879	7.937167626e-05
244880	0.0005455803375
244881	0.0001850400764
244882	0.0003118178361
244883	0.0004607438542
244884	6.499266156e-05
244885	0.0007415390571
244886	4.870219207e-05
244887	0.0008451966465
244888	0.0002688516235
244889	0.0007132048038
244890	0.0006830203761
244891	0.0005620250248
244892	0.0001978075104
244893	0.0008267086379
244894	0.00014502005
244895	0.0004194845939
244896	0.0006243375778
244897	0.0008441444205
244898	0.0002146904007
244899	0.0003922308237
244900	0.0006135416782
244901	0.0007308981095
244902	4.042204309e-06
244903	0.0003434594642
244904	0.001150621456
244905	0.0006139325407
244906	0.0005634725584
244907	0.0002849045779
244908	0.0006324492988
244909	0.0006104734383
244910	0.0004880691636
244911	0.0004237104489
244912	0.0004420651582
244913	0.0006068708269
244914	0.0002693876362
244915	0.000397647342
244916	0.0006026258644
244917	0.0006157831068
244918	0.0005996464708
244919	0.0003858647044
244920	0.0006845452402
244921	0.0009763789641
244922	0.0003545630038
244923	0.0002772852945
244924	0.0003449591058
244925	0.0007709045363
244926	0.000250149625
244927	0.0001120497214
244928	0.0004554996236
244929	0.0002967660843
244930	0.0003137581033
244931	0.0003563725535
244932	0.0011004081
244933	2.463712466e-05
244934	0.001440021456
244935	0.0004748096213
244936	5.022889967e-05
244937	0.0003121345056
244938	0.00334141148
244939	0.0008109021798
244940	0.0008568426948
244941	0.0006370199095
244942	0.0002658868875
244943	0.002064555014
244944	0.0003198503621
244945	0.0001130434547
244946	0.0006849335365
244947	0.0007078875966
244948	0.0005270718379
244949	0.0007870994737
244950	0.0007182124784
244951	0.0009812386227
244952	1.36700309e-05
244953	0.0004937369195
244954	0.0003599533499
244955	0.000423061066
244956	0.0004285411776
244957	0.0003353288749
244958	0.001146587184
244959	0.0001562316733
244960	0.0003868902357
244961	0.0009812184022
244962	0.0002181843458
244963	8.681859685e-05
244964	0.0002388168352
244965	0.0007649137935
244966	0.0003005907725
244967	0.000265766107
244968	7.754834275e-05
244969	0.000510238771
244970	0.0002066892665
244971	0.0001436145643
244972	0.0007272392539
244973	0.0005148671078
244974	6.612104729e-05
244975	0.0005097687249
244976	0.0006109378895
244977	0.0005722242879
244978	0.0005948499629
244979	0.0006263475854
244980	0.0007292873895
244981	0.0006942371032
244982	0.0006666553824
244983	0.0005338999849
244984	0.0002258108315
244985	0.0001564689832
244986	0.000380921643
244987	0.0004826677773
244988	0.001023908006
244989	0.0006075440679
244990	0.0007115338022
244991	0.001103771787
244992	0.004034229408
244993	0.0001269061291
244994	0.0003368681817
244995	0.000560000085
244996	0.003822662757
244997	0.0001341860968
244998	0.0006254277467
244999	0.0004616947678
245000	0.0008477832259
245001	0.0009658524078
245002	0.0003428953818
245003	0.0007181296423
245004	9.535233106e-05
245005	0.001246233885
245006	0.0001198799149
245007	0.0009123305092
245008	9.756782258e-05
245009	0.0001954125182
245010	0.0002726388953
245011	0.0007580025372
245012	0.000462719022
245013	0.0008221532441
245014	0.0007405179904
245015	0.0008795739514
245016	0.000363134317
245017	0.0009412856159
245018	0.0002674938053
245019	0.001138309655
245020	2.01542404e-05
245021	0.0002540650047
245022	0.0004963579694
245023	0.0003858087862
245024	0.0006319850706
245025	0.000380834436
245026	0.0002811269704
245027	0.00294765681
245028	0.001615382269
245029	0.0006081653702
245030	0.001728036749
245031	0.002650492972
245032	0.0002880665105
245033	0.0001913235884
245034	4.575679176e-05
245035	0.001354784728
245036	2.448173702e-05
245037	0.00251631196
245038	0.001620867148
245039	0.001070476733
245040	0.000406492686
245041	0.0006774832912
245042	5.880950097e-05
245043	0.0006809868949
245044	0.0008392927486
245045	0.003181873112
245046	0.001048973465
245047	0.003205959252
245048	0.0004465661525
245049	0.001990716488
245050	0.003105623726
245051	0.0001563325692
245052	0.009480118523
245053	0.0003114237275
245054	0.001739592797
245055	0.001729276345
245056	0.000158679601
245057	0.001143071743
245058	0.004184138724
245059	0.006446198142
245060	0.001651319273
245061	0.004000553627
245062	0.005048229477
245063	0.003759956533
245064	5.312422014e-05
245065	0.000982191236
245066	0.001273627993
245067	0.006069876765
245068	0.0002989672236
245069	0.002759284168
245070	0.002834276535
245071	0.005626827694
245072	0.004330926608
245073	0.006052765507
245074	0.002459815341
245075	0.001759777917
245076	0.002481839683
245077	0.0009501186312
245078	0.005895886152
245079	0.002123076167
245080	0.0007841441715
245081	0.002032333634
245082	0.005023146875
245083	0.002908480011
245084	0.001964348633
245085	0.001352903222
245086	0.002702467326
245087	0.002665915312
245088	0.00285328833
245089	0.0001016947649
245090	0.001649454285
245091	0.002318899139
245092	0.001891105515
245093	0.003259421315
245094	0.003681904246
245095	0.00373729144
245096	0.005594661145
245097	0.002066937927
245098	0.003952717571
245099	0.0001049199552
245100	0.0002135639981
245101	0.007815132392
245102	0.0001169124683
245103	0.0009088567818
245104	0.004596259728
245105	0.0005145228729
245106	0.004351337555
245107	0.00103341417
245108	0.0002131334626
245109	0.001821548749
245110	0.001471302935
245111	0.0004390403282
245112	0.0006939182755
245113	0.0001888865984
245114	0.0004203003619
245115	0.004921057434
245116	0.003258751041
245117	0.004571124146
245118	0.002670993848
245119	0.003267228198
245120	0.005157211146
245121	0.002502749774
245122	0.003768236807
245123	0.0004687894923
245124	0.005399378525
245125	3.365072244e-05
245126	0.002241382509
245127	0.001348103507
245128	0.00258483033
245129	0.002758233554
245130	0.006962364078
245131	0.004009358778
245132	0.002708635269
245133	0.003567231108
245134	0.0005316340364
245135	0.001253993803
245136	0.001240180272
245137	0.001117173403
245138	0.002545499059
245139	0.0008700794822
245140	1.495050531e-06
245141	0.00100820783
245142	0.0008943110328
245143	0.0003946896344
245144	0.0007953410557
245145	0.0003424314121
245146	0.0002382432113
245147	0.0003492627101
245148	0.0008219359297
245149	0.001223364975
245150	0.0006339994739
245151	8.373590927e-05
245152	0.0005208725375
245153	0.0003120738841
245154	0.0008193669136
245155	0.0004084110897
245156	0.0006538335258
245157	0.000338439462
245158	0.0007296561555
245159	0.0002506987408
245160	0.0009834835495
245161	0.0002924427854
245162	0.0007396864867
245163	0.0003659196194
245164	0.0005326557697
245165	0.0001717578498
245166	0.0003744203359
245167	0.0006917301598
245168	0.001217850098
245169	0.0002710095687
245170	6.838024837e-05
245171	0.0008753876894
245172	0.0003191546592
245173	0.0006571060936
245174	3.378226441e-05
245175	0.0002146325265
245176	0.001179767666
245177	0.0005692536578
245178	0.0007814838934
245179	0.0002455748139
245180	0.001774620863
245181	0.0006838412258
245182	0.001044392665
245183	0.0004896158838
245184	0.0002373919142
245185	0.001492215031
245186	0.0001414693272
245187	0.0003197959699
245188	0.0003424875129
245189	0.000129424585
245190	0.0009492906561
245191	0.0007361058969
245192	0.0006453907993
245193	0.0007765549239
245194	0.0008681716466
245195	7.65503653e-05
245196	0.0002366441467
245197	0.001119209594
245198	0.0004419129231
245199	0.0003362887927
245200	9.4926662e-05
245201	0.003075722667
245202	0.0003533702579
245203	0.0006033242171
245204	0.001266256351
245205	0.0008022577207
245206	0.0004661399367
245207	0.0001656231665
245208	0.0005077820279
245209	0.001469314909
245210	0.001342063775
245211	0.0004271245401
245212	0.001099105351
245213	0.0003340493412
245214	0.0006024302042
245215	0.000830161175
245216	0.0003121826795
245217	0.0005835766187
245218	0.0006002388896
245219	0.0005054655505
245220	0.0004298159101
245221	0.0008486571043
245222	0.0003287540359
245223	0.0001737464054
245224	0.001959000049
245225	0.0005643556625
245226	0.0003901585596
245227	0.00261222858
245228	0.001880873771
245229	0.0007091854283
245230	0.001874379931
245231	0.0007052949339
245232	0.001440443921
245233	0.0005440428981
245234	0.000868767817
245235	0.0007208311437
245236	0.0007842717245
245237	0.0006864818651
245238	0.0003042089054
245239	0.001667235368
245240	0.0006531864238
245241	0.0005658840031
245242	0.000180915653
245243	0.0007068941553
245244	0.0002219013884
245245	0.0006494875546
245246	0.0002382592516
245247	0.0003794846333
245248	0.0007854420551
245249	0.001650041549
245250	0.0004201280354
245251	0.0004230656598
245252	1.884206707e-05
245253	0.0004765190919
245254	0.00065522368
245255	0.0004994623778
245256	0.002687379885
245257	0.0005694216462
245258	0.0005874122235
245259	0.0003989357826
245260	0.0001042688768
245261	0.0002546417678
245262	0.0002486265269
245263	0.0006454973331
245264	0.000467146833
245265	0.0008236667888
245266	0.0001075680074
245267	0.0002184471221
245268	1.887042397e-06
245269	0.0007894579493
245270	0.002697308642
245271	0.0004556108983
245272	7.641674109e-05
245273	0.0002826647815
245274	0.0006698861996
245275	8.829561237e-05
245276	0.0006781305928
245277	0.0005366904346
245278	5.537619368e-05
245279	2.585141584e-05
245280	0.000520134247
245281	0.0005465220825
245282	0.0003959742943
245283	0.0003246931887
245284	0.0002288111795
245285	0.0002140021103
245286	0.001696985234
245287	0.0008397728814
245288	0.0001956138242
245289	0.0007377476263
245290	0.0006325623511
245291	0.0003165956285
245292	0.0002625351582
245293	0.000274059055
245294	0.0004617971646
245295	0.0003912850619
245296	0.001134759344
245297	0.0006760086852
245298	0.0001564709849
245299	0.0007360295714
245300	0.00217852642
245301	4.400896879e-05
245302	0.0006991974845
245303	0.001461394137
245304	0.0004770874151
245305	0.0006604764556
245306	0.0007878893688
245307	0.001524694062
245308	0.000778304909
245309	0.001733365676
245310	0.002219568267
245311	0.0002440791073
245312	0.0006303998638
245313	0.001411985536
245314	5.09286711e-05
245315	0.0005189082045
245316	0.0004513442112
245317	0.001119568352
245318	0.0007161114304
245319	1.534271994e-05
245320	0.0009644826709
245321	0.0006174777128
245322	0.0006890578795
245323	0.0006977709339
245324	0.0004093767363
245325	0.0004938572349
245326	0.0001875729691
245327	0.0005743156998
245328	0.0003219286153
245329	0.0006882253106
245330	0.0003432616832
245331	0.001152912352
245332	0.001159517556
245333	0.0005428965764
245334	0.001949347364
245335	0.0006063540408
245336	0.002380768453
245337	0.0006601383435
245338	0.001135407948
245339	0.0005059654651
245340	0.0001728118591
245341	0.0004384727117
245342	0.00131468926
245343	3.341800331e-05
245344	0.0008367263801
245345	0.0008710703072
245346	0.001003187926
245347	0.001110402468
245348	0.0006007032172
245349	0.001058481931
245350	0.0003018310993
245351	0.002505439594
245352	0.0003206630691
245353	0.0001491837528
245354	0.0009990752779
245355	0.0002411355704
245356	0.0006593237153
245357	0.0008943201053
245358	0.003295707095
245359	0.0006457960827
245360	0.0002666620718
245361	0.0006002253149
245362	0.0002274521325
245363	0.0009556564379
245364	0.0007044738041
245365	0.0001842814341
245366	0.0005196819418
245367	0.001416026338
245368	0.0008928944276
245369	8.331904842e-06
245370	0.000723743585
245371	0.0004629160815
245372	0.00105835545
245373	0.002702195401
245374	0.001075116209
245375	0.0001771869151
245376	0.0008743108614
245377	0.0001065020894
245378	8.410512231e-05
245379	0.0004789203176
245380	0.0007439949787
245381	0.0002358905529
245382	0.0002561106159
245383	0.0004758904627
245384	0.0009791759308
245385	0.001073201055
245386	0.001010345474
245387	2.113435581e-05
245388	0.0002566345593
245389	0.0006599450604
245390	0.0001911240338
245391	0.0009009348671
245392	0.000602946594
245393	0.0008857927115
245394	0.0006129588863
245395	0.0005889601629
245396	0.0005242395616
245397	0.0008101172686
245398	0.0001141591858
245399	0.000624618383
245400	0.0004961865107
245401	0.0003968078231
245402	0.0003806848602
245403	0.0009070022521
245404	0.0009222453346
245405	0.0006937016579
245406	0.0005547035997
245407	0.001237553162
245408	0.0002276267124
245409	0.0002715812099
245410	0.001008525828
245411	0.0004164952151
245412	0.001123365162
245413	0.0009617252127
245414	0.0006162449749
245415	0.0004146408236
245416	0.003303234623
245417	0.0005968477353
245418	0.0005431136524
245419	0.0004454286843
245420	0.0006792812997
245421	0.0004217170116
245422	0.0008058480413
245423	0.0005065852217
245424	0.0002874998658
245425	0.0005440182993
245426	0.0005779311733
245427	0.0006661579677
245428	0.0003070372812
245429	0.0006172404181
245430	0.000831886832
245431	8.134637768e-05
245432	0.0002290156329
245433	0.0001697853272
245434	0.0004027213803
245435	0.0008666067728
245436	0.0006341479306
245437	0.0005326516162
245438	0.000263630502
245439	0.0006379865606
245440	0.0003157637847
245441	2.021633409e-05
245442	9.855982458e-05
245443	0.0003428876487
245444	0.002334420951
245445	0.0002272215187
245446	0.0005168146556
245447	0.0003198248495
245448	0.0008323644319
245449	0.0003312775373
245450	9.308648111e-05
245451	0.0008178352105
245452	0.001592529902
245453	0.001012206256
245454	0.0004035637768
245455	0.0008768028661
245456	0.0004692535353
245457	0.0007604550696
245458	0.0003325504931
245459	0.0008466837232
245460	0.0005330319408
245461	0.000711292387
245462	0.0008684856185
245463	0.0004477978815
245464	0.0005167184285
245465	0.0001162451499
245466	0.0003836501332
245467	0.002068600444
245468	0.001491326686
245469	0.0004242886254
245470	0.0009778826261
245471	0.0001510352189
245472	0.0002401733655
245473	0.0009179175423
245474	0.0003625464347
245475	0.0006768105459
245476	0.001084649401
245477	0.000619043038
245478	0.0004222887333
245479	3.566007739e-05
245480	0.0006101210673
245481	0.001353078901
245482	0.0005640721167
245483	0.000336105422
245484	0.0004066855066
245485	7.09054212e-06
245486	0.0005256073392
245487	0.0001067296807
245488	0.000265931296
245489	0.0008011624467
245490	0.0004121686351
245491	0.0001237498211
245492	5.008481881e-05
245493	0.0003781731579
245494	0.0008646198577
245495	0.0002130437942
245496	0.0006510839208
245497	0.0001344746299
245498	0.000119824741
245499	6.06697589e-05
245500	0.0009102394275
245501	0.0005284787229
245502	0.0002852728978
245503	0.000403877478
245504	0.0005623343311
245505	0.0007576087354
245506	0.0006478019368
245507	0.0004670510718
245508	3.676213765e-05
245509	0.001072548664
245510	0.0009578040057
245511	0.0006234624162
245512	0.0004697919991
245513	0.00101513164
245514	0.0004010408286
245515	0.0001822235723
245516	0.0006206629056
245517	0.001169326878
245518	1.386426132e-05
245519	0.0004460961711
245520	0.0007814156901
245521	0.0006903898313
245522	5.811367106e-05
245523	4.715482154e-06
245524	0.0001444826006
245525	0.0005415442309
245526	0.0006873674214
245527	0.001771692079
245528	0.001118665715
245529	0.0006980105203
245530	0.0002263145952
245531	0.0005329277346
245532	0.0002629968837
245533	0.00111329599
245534	0.0004505583192
245535	0.0003351494225
245536	0.0003593714482
245537	0.0008680338145
245538	0.0005399154975
245539	0.001325851213
245540	0.000618320527
245541	0.001946004721
245542	8.723633793e-05
245543	0.0003972311246
245544	0.0005753915127
245545	0.0005639142638
245546	0.0007298371944
245547	0.001876801448
245548	1.55326699e-05
245549	0.000568607305
245550	0.0001086647772
245551	0.0006738072141
245552	0.0009903529402
245553	0.001309383194
245554	6.520435585e-05
245555	0.00374369694
245556	0.0008898028739
245557	9.871120455e-05
245558	0.0001885199405
245559	0.0003661372303
245560	9.552057387e-05
245561	0.001049780888
245562	7.06798463e-05
245563	3.027626575e-05
245564	0.000216730455
245565	0.001380271224
245566	0.0004700980822
245567	0.0009266416618
245568	0.0003932239526
245569	0.0009047971809
245570	0.002184187525
245571	0.0002401627456
245572	0.0009703451688
245573	0.001790772519
245574	0.0003905826479
245575	0.0003217662847
245576	0.0004886455301
245577	8.944024106e-05
245578	0.0001415140167
245579	0.0001434235284
245580	0.0007507835052
245581	0.000284459239
245582	0.001369066655
245583	0.004059131997
245584	0.00349717353
245585	2.457017215e-05
245586	0.0006874833303
245587	0.0007700581221
245588	0.0002606335142
245589	0.0001393307995
245590	0.001205654292
245591	0.0008907270682
245592	0.0007062711986
245593	0.0004793969774
245594	0.0006189092769
245595	0.0004905400556
245596	0.00117037251
245597	8.951309018e-05
245598	0.0003007581125
245599	0.0007695947448
245600	0.0003970634487
245601	0.001089323665
245602	0.0004441970908
245603	0.0009664332559
245604	0.0007618349035
245605	0.0003788797
245606	0.0002024831986
245607	0.000249626984
245608	0.002256569999
245609	0.001456117253
245610	5.040645452e-05
245611	0.0001390897981
245612	0.0001172758129
245613	0.001463058166
245614	0.001144153211
245615	0.0006601502733
245616	0.000431655607
245617	0.001150205702
245618	0.0007255412562
245619	0.001181525669
245620	0.0002476871431
245621	0.0002808398083
245622	0.0003247228941
245623	0.0006105677426
245624	0.0006447782801
245625	0.0002981248775
245626	0.0004221391829
245627	0.001145176065
245628	0.0009168599028
245629	0.0004310846517
245630	0.0002177366524
245631	0.0007394000643
245632	1.235494045e-05
245633	0.0005193655412
245634	0.0007521050396
245635	0.0003231979838
245636	0.0003738341145
245637	0.0006687702779
245638	0.0007668904413
245639	0.0007469577262
245640	0.0009069502946
245641	0.001373389109
245642	2.382238778e-05
245643	0.0003765980779
245644	0.0009757311869
245645	0.0009717505105
245646	0.00078286988
245647	0.0008970916305
245648	0.0005805989097
245649	0.0009409484777
245650	0.00196975668
245651	0.0001141460843
245652	0.000552007641
245653	5.873087115e-05
245654	0.0005165576879
245655	0.0005950244911
245656	0.0006841036247
245657	0.0002932348873
245658	0.0003263835373
245659	0.0001297397734
245660	0.000665660208
245661	0.0004300277195
245662	0.0004912142333
245663	0.000618885379
245664	0.001103236104
245665	0.000653240779
245666	0.0002217813977
245667	0.0006027624127
245668	0.0007640904776
245669	0.0005275874294
245670	0.0005803959126
245671	0.0003078249644
245672	0.0005180014392
245673	0.0005960474802
245674	0.000622648982
245675	0.0007829238802
245676	0.0003032316852
245677	0.0006670204201
245678	0.0001517705582
245679	0.0008740724799
245680	0.0008822692078
245681	0.001277060149
245682	9.924936159e-05
245683	0.0002793533953
245684	0.0005475549353
245685	0.001826030212
245686	0.0001108220769
245687	0.0006922081547
245688	0.0009672442959
245689	0.0005054076136
245690	0.0008085087045
245691	0.0008319635489
245692	0.0009300139976
245693	0.0003797936178
245694	0.0001108364978
245695	0.0006429086251
245696	0.000472135625
245697	0.0007188519383
245698	0.0005506348757
245699	0.0002850685892
245700	0.0005976405543
245701	0.0006776616414
245702	0.0007822438529
245703	0.001272963522
245704	0.004351923189
245705	0.0009164132157
245706	0.0001496939177
245707	0.00138493182
245708	0.0007437740098
245709	0.0005435580187
245710	0.001502223198
245711	0.0005553604011
245712	0.0003467159675
245713	0.0001063509789
245714	0.002938769455
245715	0.001595665651
245716	0.001959632887
245717	0.0004994724846
245718	0.0009788992891
245719	0.0001060957572
245720	0.0004122878172
245721	0.0002938120994
245722	0.0002924521452
245723	0.0008751591082
245724	0.001489140629
245725	0.0006128697399
245726	0.001034302675
245727	0.001137450792
245728	0.0008655554876
245729	1.367518025e-05
245730	0.001189496572
245731	0.0004996745867
245732	0.0003320443566
245733	4.167873079e-05
245734	0.0004084415986
245735	0.001298926865
245736	0.0005804139044
245737	0.0001271775113
245738	0.0005576672855
245739	0.0003048433955
245740	0.0002443951831
245741	0.0009270015492
245742	0.000947402996
245743	0.0004040492191
245744	0.0004035456519
245745	0.0004672052339
245746	0.0001436315726
245747	0.001460727488
245748	0.0001146577184
245749	0.0007943224594
245750	0.0008123010647
245751	0.0006751831697
245752	0.002181010428
245753	0.0004318669709
245754	0.0007242412665
245755	0.0006848029494
245756	0.0007447798257
245757	0.0003963429741
245758	0.003637232118
245759	0.001489876794
245760	0.0003262608702
245761	0.0003646315052
245762	0.0004276070605
245763	0.0002723662345
245764	0.0005866862444
245765	0.00140195533
245766	0.0002022160561
245767	0.0009325363118
245768	0.0007135446277
245769	0.001252431071
245770	0.0003079013216
245771	0.0009138233263
245772	0.00101301365
245773	0.0008856375198
245774	8.742743162e-05
245775	0.0005669766416
245776	0.0007231653322
245777	0.0005059445491
245778	0.0005827497927
245779	0.0003935916759
245780	0.001049378552
245781	0.0002954524533
245782	0.002879161837
245783	0.001323797434
245784	0.0001583365344
245785	0.0005239664771
245786	0.0007207715527
245787	0.001106818899
245788	0.0019051315
245789	0.00050254624
245790	0.001629604948
245791	0.0008272073513
245792	0.0001464690837
245793	0.0007774412625
245794	0.0006771483468
245795	0.002139446562
245796	0.0005298260746
245797	1.710636802e-05
245798	0.0009573398078
245799	2.712489181e-05
245800	0.0003222846236
245801	2.433289642e-05
245802	2.92557849e-05
245803	0.000989504987
245804	9.189133793e-05
245805	0.001379535794
245806	0.0001898015956
245807	0.0003088523598
245808	0.0003648005625
245809	0.0003025090846
245810	0.002524464366
245811	8.21319351e-05
245812	0.0001603354446
245813	0.0004492602214
245814	0.0002905704612
245815	0.0004037696448
245816	0.0008512766883
245817	0.0001787203057
245818	0.001009342251
245819	0.0005092224803
245820	0.0008594435092
245821	0.0001099289161
245822	0.002591980482
245823	0.0006469706006
245824	0.0004896670794
245825	7.364689806e-06
245826	0.0002341719701
245827	0.0006025751702
245828	0.0007487914763
245829	0.004523786121
245830	0.005237253647
245831	0.002468620266
245832	0.001392395656
245833	0.0004707589447
245834	0.002741720253
245835	0.001776685983
245836	0.0004610428211
245837	0.0004692395911
245838	0.003556277369
245839	0.002652327021
245840	0.004656942558
245841	0.001314633164
245842	0.002659299416
245843	0.001370427996
245844	0.001033084144
245845	0.003460557926
245846	0.007602382408
245847	0.003227507581
245848	2.209730361e-05
245849	0.006702744983
245850	0.001675931996
245851	0.0004472752131
245852	0.00278374881
245853	0.002837973126
245854	0.003546275094
245855	0.00405606301
245856	0.001530027216
245857	0.005861549822
245858	0.002903725993
245859	0.004970763854
245860	0.006093488497
245861	0.0003077275544
245862	0.002646315563
245863	0.002103200428
245864	0.0006235673323
245865	0.002872973753
245866	0.002635391199
245867	0.002846357359
245868	0.0005662252489
245869	0.00155162527
245870	0.0007034632948
245871	0.001243498906
245872	0.001086753939
245873	0.001595867047
245874	0.003155851231
245875	0.001966309992
245876	0.001446060516
245877	0.002878987204
245878	0.0002916091547
245879	0.0001393600192
245880	0.0009236524391
245881	0.003578330783
245882	0.003261620071
245883	0.003395113643
245884	0.0005994590962
245885	0.002051337908
245886	0.0002903815406
245887	0.003496357799
245888	0.002000882449
245889	0.0001224920905
245890	0.0007981135859
245891	0.003365515339
245892	0.001919404812
245893	0.003520226922
245894	0.002294897561
245895	0.003103978077
245896	0.0009571134515
245897	0.004625298914
245898	0.0021804847
245899	0.001369111364
245900	0.002251060183
245901	0.001032968058
245902	0.0004734714616
245903	0.001259492389
245904	0.0006797832375
245905	0.0001062750535
245906	0.002744568892
245907	0.002872206328
245908	0.002400202768
245909	0.0005359833714
245910	0.001411933778
245911	0.003763292192
245912	0.0005937671012
245913	0.00332174161
245914	0.006491755429
245915	0.003417907685
245916	0.003939559615
245917	0.002086613028
245918	0.002473985406
245919	0.0003822369828
245920	0.000958337497
245921	0.001180346184
245922	0.0007838144735
245923	0.005282898625
245924	0.002074841309
245925	0.002409047558
245926	0.0006027659132
245927	0.005573873496
245928	0.001191088276
245929	0.001395296184
245930	0.0004439932687
245931	0.003726587561
245932	0.003126693481
245933	0.002752508975
245934	0.001345388917
245935	0.0001014623855
245936	0.003365599259
245937	0.001610172069
245938	0.0005877348047
245939	0.0001672805112
245940	0.005518201887
245941	0.002763022424
245942	9.258222903e-05
245943	0.0002161791017
245944	0.004879303938
245945	0.001336796112
245946	0.001183482204
245947	0.005331185604
245948	2.457622824e-05
245949	0.00362580851
245950	0.003962415819
245951	0.0002841681424
245952	0.0009528850009
245953	0.003134898976
245954	0.00152748217
245955	0.0001099548559
245956	0.002432024193
245957	0.0005346839772
245958	0.001869419771
245959	0.001624635074
245960	0.002950350931
245961	0.0001096998746
245962	0.001260605241
245963	0.004213586482
245964	0.001028617173
245965	0.001202292614
245966	0.005459988841
245967	0.003207256187
245968	0.003312228561
245969	0.001330475275
245970	0.001369465776
245971	0.001854349178
245972	0.001121893085
245973	0.008689846152
245974	0.003736128421
245975	0.002617173774
245976	0.001138344795
245977	0.0001271695635
245978	0.0008524252835
245979	0.0004736759812
245980	0.001199792768
245981	0.0009954975647
245982	0.001351760941
245983	0.003670663262
245984	0.001812950681
245985	0.001435530457
245986	0.002617561065
245987	0.002687216844
245988	0.003597454469
245989	0.002746781659
245990	0.002201401604
245991	0.0003717261921
245992	0.002016787695
245993	0.002653432186
245994	0.0001140178675
245995	0.001399319751
245996	0.001735556909
245997	0.002027206275
245998	0.004033135879
245999	0.002042527959
246000	0.00208802344
246001	0.00186627696
246002	0.002165147888
246003	0.002321146091
246004	0.002221612388
246005	0.002013630525
246006	0.002319848807
246007	0.002068784865
246008	0.002718108648
246009	0.00260931653
246010	0.001835727536
246011	0.002244873017
246012	0.001884901409
246013	0.002220962128
246014	0.002281769906
246015	0.002608599649
246016	0.001761155645
246017	0.001903815325
246018	0.001829165336
246019	0.001791777665
246020	0.002640746017
246021	0.000526811867
246022	0.003172572553
246023	0.006108970174
246024	0.002198263983
246025	0.004008001921
246026	0.00395889725
246027	0.001612217325
246028	0.001306570091
246029	0.0004453089282
246030	0.0005692046556
246031	0.003726621759
246032	0.002055320116
246033	0.006165514908
246034	0.0008535279391
246035	0.00266778494
246036	0.002698511332
246037	2.364979483e-05
246038	0.002048614578
246039	0.0035802396
246040	0.008941069319
246041	0.0008582745426
246042	0.001373835405
246043	0.004195074244
246044	0.003851058466
246045	0.003611657037
246046	0.002780320443
246047	0.0003070981864
246048	0.001999682986
246049	0.002282610498
246050	0.00323019326
246051	0.002957996952
246052	0.002521829773
246053	0.0009779153044
246054	0.0003584067564
246055	0.001958685299
246056	0.001713281541
246057	0.003915502684
246058	0.002212349469
246059	0.002152285448
246060	0.004318076113
246061	0.000848107532
246062	0.00377218503
246063	0.006090218238
246064	0.001681370801
246065	0.0002025325859
246066	0.00131667777
246067	0.0009806035177
246068	0.005703332075
246069	0.005184115298
246070	0.002376921393
246071	0.003778018245
246072	0.006035422304
246073	0.004481569489
246074	4.794744378e-05
246075	0.005577243796
246076	0.002237587036
246077	0.002055782163
246078	0.004953647262
246079	0.002972177231
246080	0.0008714648567
246081	0.0001732820239
246082	0.0005360368487
246083	0.00150822824
246084	0.003994939301
246085	0.0003804717732
246086	0.0006513741982
246087	0.0002040166989
246088	0.00149595642
246089	0.00162470842
246090	6.950081028e-05
246091	0.0007621437561
246092	0.0003083708997
246093	0.0013486887
246094	0.002460397223
246095	0.005405672188
246096	0.001399795263
246097	0.001737553971
246098	0.002584402024
246099	0.001502726467
246100	0.001080173313
246101	0.001133138776
246102	0.006503563106
246103	0.002820710084
246104	0.002643352691
246105	0.001576245574
246106	0.000349290817
246107	9.160677674e-05
246108	0.002656621345
246109	0.001864875189
246110	0.005623520829
246111	0.00312653818
246112	0.003399981376
246113	0.004195992733
246114	0.001173327419
246115	0.0003590400519
246116	0.002631225303
246117	0.0003996972404
246118	0.002689586503
246119	8.803294357e-05
246120	0.001960524889
246121	0.001401655443
246122	0.003435451435
246123	0.002035310917
246124	0.001235656068
246125	0.001049544848
246126	0.005771676281
246127	0.003306750926
246128	5.075416178e-05
246129	0.001015640953
246130	0.002267002899
246131	0.0008588964765
246132	0.003203396446
246133	0.001969436797
246134	0.002270680291
246135	0.001673078583
246136	0.002509646185
246137	0.002205680499
246138	0.002115608521
246139	0.00478465028
246140	0.001481854205
246141	0.00123361294
246142	0.001264400169
246143	0.002150028856
246144	0.001515182609
246145	0.0008466912807
246146	0.001563694433
246147	0.002229699256
246148	0.003073578265
246149	0.004814883521
246150	0.000195854588
246151	0.0001215806949
246152	0.002111338506
246153	0.001099290383
246154	0.004147249479
246155	0.002330750399
246156	0.001925046476
246157	0.0002867297341
246158	0.006020436365
246159	0.0009966549563
246160	0.0005581209728
246161	0.001595677393
246162	0.003921978469
246163	0.003140894996
246164	0.004184179078
246165	0.001139222866
246166	0.002998672033
246167	0.00658826881
246168	0.000551607574
246169	4.376585541e-05
246170	0.0005889728995
246171	0.0002140148826
246172	0.002187416208
246173	0.003172925841
246174	0.002816277306
246175	0.001721979197
246176	0.001024480617
246177	0.001533574002
246178	0.0004686107268
246179	0.0003765538453
246180	0.0001211768811
246181	0.0003351704843
246182	0.0001523399352
246183	0.0005141253491
246184	0.0002077959904
246185	0.000344891257
246186	0.0003235347491
246187	0.0001379032638
246188	0.0003900828232
246189	3.747822271e-05
246190	0.001361006676
246191	6.685547185e-05
246192	0.0005964373198
246193	0.0003946768666
246194	0.000337197533
246195	0.0006668774108
246196	0.0001172103265
246197	0.0006137759586
246198	3.854013482e-05
246199	1.655390184e-05
246200	6.12725543e-05
246201	0.0003865290513
246202	0.0004863114183
246203	0.0008708944099
246204	0.0003221232127
246205	0.0001652353542
246206	0.0002972676088
246207	0.00128942276
246208	0.0003649326288
246209	0.001795253984
246210	0.00238401366
246211	0.002633296572
246212	0.002049725155
246213	0.002425643312
246214	0.0005495879788
246215	0.001193069369
246216	0.002338448878
246217	0.00221549787
246218	0.0002676584908
246219	0.002327085968
246220	0.002086950259
246221	0.002436817611
246222	0.002362087927
246223	0.002429755307
246224	0.004766346283
246225	0.002154836865
246226	0.002165738208
246227	0.00213859198
246228	0.001706745906
246229	0.001992881567
246230	0.002222479022
246231	0.00101926786
246232	0.002441085113
246233	0.002167528643
246234	0.002212049593
246235	0.002461799544
246236	0.002207928191
246237	0.00223984253
246238	0.002566750579
246239	0.00192955727
246240	0.002194668896
246241	0.002194231321
246242	0.002075376282
246243	0.002338680404
246244	0.001961210161
246245	0.002275414635
246246	0.001768621551
246247	0.002129924402
246248	0.002079848298
246249	0.002048387944
246250	0.002493748967
246251	0.0023424401
246252	0.00193394573
246253	0.001709415969
246254	0.002086236472
246255	0.00240262382
246256	0.002568823763
246257	0.002142168288
246258	0.00179484248
246259	0.002502914161
246260	0.002235712909
246261	0.00165320595
246262	0.001912235618
246263	0.001823484177
246264	0.002114040795
246265	0.002317087165
246266	0.001879177499
246267	0.002426886018
246268	0.00183146212
246269	0.002259085735
246270	0.001893763125
246271	0.002144157505
246272	0.003835256454
246273	0.002132980967
246274	0.001605696386
246275	0.001996164564
246276	0.002302272142
246277	0.002516917647
246278	0.002013215858
246279	0.001846871487
246280	0.00227865021
246281	0.00153301354
246282	0.001460214623
246283	0.002022797443
246284	0.001986300354
246285	0.002496542087
246286	0.002419570632
246287	0.002408756709
246288	0.003047670406
246289	0.001821950571
246290	0.002500063041
246291	0.002173067976
246292	0.002443268392
246293	0.001806222143
246294	0.002186277586
246295	0.001738268708
246296	0.002338750556
246297	0.00173521986
246298	0.002503688784
246299	0.002162423848
246300	0.002704957666
246301	0.001841123279
246302	0.002387744161
246303	0.002386329343
246304	0.001972826808
246305	0.002345927942
246306	0.002908583329
246307	0.002354824925
246308	0.002110437242
246309	0.00441753951
246310	0.00233634674
246311	0.002023928455
246312	0.003194019121
246313	0.00216319966
246314	0.001940989708
246315	0.002036225637
246316	0.002341722496
246317	0.002308602373
246318	0.002467694581
246319	0.002281974015
246320	0.001730302422
246321	0.002511507258
246322	0.002181104815
246323	0.001967038079
246324	0.001490224528
246325	0.001966582074
246326	0.002804341054
246327	0.002356426165
246328	0.001949996771
246329	0.002512637607
246330	0.002311380453
246331	0.001845397397
246332	0.002479509363
246333	0.002134006625
246334	0.002104102224
246335	0.002239648123
246336	0.002170840852
246337	0.002731823295
246338	0.00171022355
246339	0.002122924591
246340	0.00207377709
246341	0.001889391794
246342	0.002237639576
246343	0.00234645108
246344	0.001419155543
246345	0.002286454878
246346	0.002623891133
246347	0.001834248116
246348	0.002110433006
246349	0.002431032886
246350	0.001565099612
246351	0.002362124819
246352	0.002217639952
246353	0.002173925043
246354	0.001944009379
246355	0.002371685744
246356	0.002451355636
246357	0.002063742168
246358	0.002314244932
246359	0.002310434875
246360	0.002128801021
246361	0.001851695219
246362	0.002087336115
246363	0.002448868324
246364	0.003669256649
246365	0.002101202501
246366	0.001745807554
246367	0.002143982708
246368	0.003088406319
246369	0.002498231602
246370	0.002195196623
246371	0.002138561393
246372	0.002460021549
246373	0.001766748104
246374	0.00240049582
246375	0.001854727476
246376	0.001777271826
246377	0.002549975101
246378	0.002268481177
246379	0.001762468167
246380	0.001975678203
246381	0.002138863273
246382	0.001921603603
246383	0.001083321925
246384	0.002107356905
246385	0.002528692963
246386	0.001719419317
246387	0.002290612253
246388	0.002217124091
246389	0.002089250593
246390	0.003532752763
246391	0.002047424709
246392	0.002104503168
246393	0.001878877406
246394	0.00262070935
246395	0.002267435993
246396	0.002147466704
246397	0.002538072616
246398	0.002062369824
246399	0.002409684514
246400	0.002320473775
246401	0.002372757261
246402	0.002064154329
246403	0.002084926476
246404	0.002950174274
246405	0.00141340596
246406	0.001803145463
246407	0.002508060386
246408	0.001773973866
246409	0.001802587015
246410	0.002045371817
246411	0.001994687428
246412	0.002328108944
246413	0.001547922304
246414	0.002174988308
246415	0.002020840299
246416	0.001992032849
246417	0.001941418719
246418	0.001728044104
246419	0.00204972398
246420	0.002103460408
246421	0.001984650341
246422	0.002261069965
246423	0.002226434384
246424	0.0002017396019
246425	0.001678173862
246426	0.002917696587
246427	0.002280278622
246428	0.002513366797
246429	0.002246004152
246430	0.00201405314
246431	0.001861104558
246432	0.001799582917
246433	0.003074148865
246434	0.002596248823
246435	0.001788579817
246436	0.002313392753
246437	0.002490132948
246438	0.002173248437
246439	0.001758819924
246440	0.002096103923
246441	0.001852411478
246442	0.002296196549
246443	0.002203185645
246444	0.002359967906
246445	0.002247119181
246446	0.002403141425
246447	0.001915230911
246448	0.002311937856
246449	0.002237793338
246450	0.002213154439
246451	0.001674334943
246452	0.002345897564
246453	0.003029995798
246454	0.0007501891101
246455	0.002008864031
246456	0.002176145316
246457	0.002837528213
246458	0.002444254648
246459	0.001936675598
246460	0.002040548721
246461	0.002009350908
246462	0.002167088811
246463	0.001945245842
246464	0.002255630003
246465	0.002021093019
246466	0.00205336764
246467	0.002242781262
246468	0.002176314515
246469	0.002089535296
246470	0.002223183994
246471	0.002023017185
246472	0.002426041366
246473	0.001928514732
246474	0.00164615149
246475	0.001953792897
246476	0.002559404465
246477	0.002163044468
246478	0.002391159905
246479	0.002171065491
246480	0.001563116809
246481	0.00215631563
246482	0.002240773135
246483	0.001855807155
246484	0.002589288169
246485	0.002256357021
246486	0.002468911229
246487	0.001661499192
246488	0.002231892479
246489	0.002604367711
246490	0.002517072761
246491	0.002534391008
246492	0.003070169302
246493	0.002260969353
246494	0.001486605615
246495	0.001771503891
246496	0.002647940095
246497	0.00133393461
246498	0.002675611603
246499	0.00271287413
246500	0.002398028678
246501	0.002153561566
246502	0.002515068554
246503	0.002321648462
246504	0.002013582585
246505	0.001868538361
246506	0.002502501354
246507	0.002107802856
246508	0.002256486123
246509	0.002433072952
246510	0.003863231167
246511	0.0001217472164
246512	0.002489940798
246513	0.002565690072
246514	0.002189169113
246515	0.001728509181
246516	0.003701331553
246517	0.004728107574
246518	0.002743201362
246519	0.002285752281
246520	0.002627275039
246521	0.002030258276
246522	0.002243138908
246523	0.002788665407
246524	0.001976552862
246525	0.002276731876
246526	0.002482749588
246527	0.00172475293
246528	0.001681848104
246529	0.002624348653
246530	0.002000325998
246531	0.002356427978
246532	0.002038356652
246533	1.80240164e-05
246534	0.00135882147
246535	0.001815371736
246536	0.002210081701
246537	0.002677076416
246538	0.001177357758
246539	0.0003364474836
246540	0.002235096489
246541	0.002349348525
246542	0.002199907078
246543	0.002460347348
246544	0.002041954928
246545	0.003088658502
246546	0.002447862721
246547	0.002169046653
246548	0.001968313888
246549	0.001986701044
246550	0.002115179866
246551	0.0002958104605
246552	0.001761862604
246553	0.002635148881
246554	0.002095149482
246555	0.00283326159
246556	0.001242812841
246557	0.001631816224
246558	0.002203772548
246559	7.450012802e-06
246560	0.002286599783
246561	0.002241451641
246562	0.002684279484
246563	0.0004731757469
246564	0.001964038376
246565	0.002762982179
246566	0.001735956328
246567	0.002321314274
246568	0.001892809414
246569	0.004087344382
246570	0.0008237690063
246571	0.002511390904
246572	0.002737997846
246573	0.002509206483
246574	0.001157720595
246575	0.0006004949768
246576	0.002025226301
246577	0.003212700411
246578	0.002071528993
246579	0.001013323438
246580	0.0008189360049
246581	0.004586583018
246582	0.001844392193
246583	0.001708782435
246584	0.002023861374
246585	0.002231570075
246586	0.00261154392
246587	0.0007307502607
246588	0.001891815478
246589	0.001816520468
246590	0.001684887957
246591	0.002043959038
246592	0.00153871659
246593	0.002503891422
246594	0.00274495874
246595	0.002663858767
246596	0.002182822025
246597	0.002913610439
246598	0.002206784235
246599	0.002487198071
246600	0.002509786222
246601	0.002308083641
246602	0.002100388539
246603	0.003123331397
246604	0.00203700385
246605	0.002128163626
246606	0.001886136642
246607	0.001611769501
246608	0.00206550848
246609	0.002278248715
246610	0.00276843118
246611	0.001960064325
246612	0.002492634094
246613	0.002267182424
246614	0.001713144411
246615	0.002080046661
246616	0.002101697699
246617	0.003528644558
246618	0.001961853382
246619	0.00219974756
246620	0.002254816128
246621	0.002010352919
246622	0.002234500901
246623	0.002129197083
246624	0.00204819617
246625	0.002212982178
246626	0.001595791435
246627	0.001830615226
246628	0.002186338879
246629	0.002368897399
246630	0.002441000078
246631	0.003081680798
246632	0.0001214167386
246633	0.005490601233
246634	0.001821301996
246635	0.001692370121
246636	0.00218075665
246637	0.003322719656
246638	0.0003560076612
246639	0.00185871534
246640	0.0004675830599
246641	0.000660840519
246642	0.001180367848
246643	0.001915703582
246644	0.0007092479816
246645	0.004198126907
246646	0.001265169603
246647	0.001561320643
246648	0.000745521222
246649	0.003417895457
246650	0.002348946532
246651	0.0006439910177
246652	0.004138233463
246653	0.0003895821189
246654	0.0007251988624
246655	0.00283311471
246656	0.001389653724
246657	0.001529075028
246658	0.002994158605
246659	0.002101064733
246660	0.001252906372
246661	0.00123612381
246662	0.0027022692
246663	7.473141431e-05
246664	0.001026825127
246665	0.001837806037
246666	0.000296736714
246667	0.00156704076
246668	0.001554944369
246669	0.0006295415657
246670	0.002849073958
246671	0.0004930297757
246672	0.003629731259
246673	0.0003916437804
246674	0.0007775903918
246675	0.001549159085
246676	0.004434262083
246677	0.001024453483
246678	0.001929681277
246679	0.001248726264
246680	0.000793132168
246681	0.001120531677
246682	0.001915797297
246683	0.002539687752
246684	0.001141676219
246685	0.0004436774265
246686	0.0009541697547
246687	0.00237675141
246688	0.002534580757
246689	0.002985619844
246690	0.001112463462
246691	0.0008323140829
246692	0.002570616412
246693	0.002275169851
246694	0.001338633916
246695	0.00139648903
246696	0.001755391693
246697	0.001948502929
246698	0.0009739096117
246699	0.001362630063
246700	0.004146375582
246701	0.0005329578051
246702	0.0001627044036
246703	0.002141670491
246704	0.001150287174
246705	0.001134655021
246706	0.002396637255
246707	0.002350690412
246708	0.003436159663
246709	0.0004801678894
246710	0.002986407204
246711	0.007535303533
246712	0.001092864834
246713	0.001720459046
246714	0.001799253317
246715	0.003317081757
246716	0.001636147012
246717	0.0002593722199
246718	0.003350151246
246719	0.0005227650084
246720	0.001118402047
246721	0.002835442972
246722	0.001336140441
246723	0.0005515890861
246724	0.0007886416466
246725	0.002479158424
246726	0.002208991657
246727	0.001274942469
246728	0.007859358083
246729	0.002661793636
246730	0.001333131957
246731	0.001716451153
246732	0.0004620134671
246733	0.0001289030364
246734	0.002428126617
246735	0.003443254349
246736	0.004368195782
246737	0.00291322616
246738	0.004340175134
246739	0.0008548119826
246740	0.00175667031
246741	0.00209160621
246742	0.001538720785
246743	0.001829976226
246744	0.0008936533176
246745	0.002055226004
246746	0.001456777752
246747	0.0009269897056
246748	0.001922717285
246749	0.00699443074
246750	0.002075798883
246751	0.0001289013925
246752	0.0006220619547
246753	0.003590754235
246754	0.003302200325
246755	0.002440980485
246756	0.001810807872
246757	0.0002791983503
246758	0.001788182619
246759	0.004473276528
246760	0.002127185337
246761	0.001502345057
246762	0.002221255539
246763	0.001963373617
246764	0.002324108855
246765	0.002092301536
246766	0.00144314262
246767	8.39263149e-05
246768	0.0005519584134
246769	0.0009690921155
246770	0.001525026881
246771	0.005138649454
246772	0.001835271864
246773	0.003287470432
246774	0.003341464451
246775	0.002076019429
246776	0.002867686271
246777	0.002534222755
246778	0.002746154282
246779	0.00371255163
246780	0.0009634466785
246781	0.001123727558
246782	0.001202764328
246783	0.001859221694
246784	0.001015335222
246785	0.001696112059
246786	0.002094292593
246787	0.003509036629
246788	0.003794985107
246789	0.001749315498
246790	0.001355993962
246791	0.001042672308
246792	0.002203789327
246793	0.004852816104
246794	0.005636024754
246795	0.002100646965
246796	0.0009415634808
246797	0.001849908356
246798	0.0007461683369
246799	9.174923508e-06
246800	0.005733241692
246801	0.003002589182
246802	0.001507532531
246803	0.002185380482
246804	0.002277708432
246805	0.002149644474
246806	0.0003082184379
246807	0.004731246585
246808	0.001783244805
246809	0.002318270695
246810	0.002452830479
246811	0.002319292066
246812	0.002230367237
246813	0.002396351196
246814	0.002308262546
246815	0.001869866783
246816	0.002226162826
246817	0.002615083046
246818	0.001956278316
246819	0.002242549052
246820	0.00273785869
246821	0.002057075183
246822	0.002560320354
246823	0.002869369811
246824	0.002738878099
246825	0.002183230921
246826	0.002419462997
246827	0.002342957768
246828	0.001811893071
246829	0.001140949875
246830	0.002388864621
246831	0.001654462634
246832	0.001983508481
246833	0.002673007969
246834	0.001864031437
246835	0.001810072529
246836	0.002270160408
246837	0.002099277648
246838	0.00135537112
246839	0.001985004466
246840	0.002415493366
246841	0.002142257479
246842	0.002171478789
246843	0.002426139905
246844	0.002098612826
246845	0.002288629159
246846	0.002544474971
246847	0.002363513531
246848	0.002541095294
246849	0.002199238197
246850	0.002038349876
246851	0.002078824864
246852	0.001668216544
246853	0.002051520532
246854	0.002267853914
246855	0.002178378752
246856	0.002564081824
246857	0.00209232078
246858	0.002067711486
246859	0.001659462681
246860	0.001901032636
246861	0.002322171472
246862	0.002135345394
246863	0.0016604543
246864	0.002460114599
246865	0.001808012516
246866	0.002141427579
246867	0.003095939822
246868	0.001563294219
246869	0.002494221044
246870	0.001785149646
246871	0.003166057734
246872	0.002297205926
246873	0.002066170747
246874	0.002688947079
246875	0.002607092652
246876	0.001779361262
246877	0.002234543416
246878	0.002101852049
246879	0.002588255684
246880	0.002411362345
246881	0.002110691737
246882	0.002514007332
246883	0.002308073116
246884	0.002181647772
246885	0.002421662758
246886	0.002267848647
246887	0.002122582575
246888	0.001992399678
246889	0.002143684342
246890	0.002520865128
246891	0.001667103038
246892	0.001825798077
246893	0.002558970024
246894	0.003159472153
246895	0.002082799583
246896	0.002609467468
246897	0.002122061568
246898	0.002030054427
246899	0.001420408602
246900	0.001822324985
246901	0.001557777944
246902	0.002125391095
246903	0.002154105367
246904	0.002246667941
246905	0.001647671873
246906	0.002170803193
246907	0.001846395671
246908	0.001897936466
246909	0.002412703716
246910	0.002425245085
246911	0.002552319979
246912	0.0006725178228
246913	0.0002439439533
246914	0.00369678142
246915	0.0006178765254
246916	0.001989060872
246917	0.002678735313
246918	0.002671988533
246919	0.002148664499
246920	0.003567889463
246921	0.001127458339
246922	0.002711272765
246923	0.001922863013
246924	0.00330358703
246925	0.002027358248
246926	0.003930550184
246927	0.00112106531
246928	0.0008967103096
246929	0.002098480053
246930	0.002356852565
246931	0.00286252046
246932	0.002376267708
246933	0.002166503728
246934	0.003033872643
246935	0.001908672733
246936	0.001681795113
246937	0.00309856062
246938	0.001223465296
246939	0.001610251542
246940	0.0007004329499
246941	0.002610519609
246942	0.002609524588
246943	0.003706769922
246944	0.001623525774
246945	0.001095205983
246946	0.004728832187
246947	0.001546761246
246948	0.00157759241
246949	0.002300255014
246950	0.002384468464
246951	0.003153231303
246952	0.002281997777
246953	0.007285315427
246954	0.00500594581
246955	0.001660463113
246956	0.002206884481
246957	0.002520276938
246958	0.002137706362
246959	0.00222316789
246960	0.001861386805
246961	0.002142969631
246962	0.002136740564
246963	0.002144617285
246964	0.00205622686
246965	0.001872032719
246966	0.002058865576
246967	0.001825454376
246968	0.001806889071
246969	0.00246773319
246970	0.002169688441
246971	0.001987385705
246972	0.002320103269
246973	0.002542463651
246974	0.00248198993
246975	0.002316969664
246976	0.002454378287
246977	0.002190038729
246978	0.001788835046
246979	0.002156217407
246980	0.002229466523
246981	0.00196157917
246982	0.002505181688
246983	0.00281206057
246984	0.001641812106
246985	0.0023781542
246986	0.001773672088
246987	0.002326486958
246988	0.002333313108
246989	0.002235294888
246990	0.002810084423
246991	0.001845263148
246992	0.002060351453
246993	0.001898922111
246994	0.001802376273
246995	0.002119086819
246996	0.001954830001
246997	0.002301650826
246998	0.00268045704
246999	0.001363777775
247000	0.0021625025
247001	0.002068160992
247002	0.002123534041
247003	6.140092347e-09
247004	0.0007920406438
247005	0.0007078430304
247006	0.002244169504
247007	0.00368701556
247008	0.0009064497502
247009	0.00300945236
247010	0.00259743555
247011	0.003809123377
247012	0.002162551621
247013	0.0004935670303
247014	0.00266000284
247015	0.001200231342
247016	0.00144122632
247017	0.001683370834
247018	4.556479524e-05
247019	0.0006699399468
247020	0.0008535574405
247021	0.0001297441746
247022	0.002682241277
247023	0.001703078153
247024	0.0002214712163
247025	0.001978340976
247026	0.0004863076101
247027	0.001829825286
247028	0.004885617781
247029	0.001347143873
247030	0.00381990427
247031	0.001484582657
247032	9.661672488e-05
247033	0.00275061142
247034	0.001245786972
247035	0.004461973049
247036	0.004782453138
247037	0.007641730748
247038	0.0008563802986
247039	0.003134391647
247040	0.000444185366
247041	0.0001898994059
247042	0.001189688544
247043	0.00221599488
247044	0.0009497607066
247045	0.001722572214
247046	0.001528377314
247047	0.002202051321
247048	0.002459065165
247049	0.0002209741357
247050	0.00117320604
247051	0.001980751667
247052	0.001759852092
247053	0.0006425783514
247054	0.001357737064
247055	0.0004185289893
247056	0.007959137005
247057	0.004897167807
247058	0.0008264073293
247059	0.002896217054
247060	0.002020161388
247061	4.129714061e-05
247062	0.0006343579156
247063	0.0008438325497
247064	0.001984073854
247065	0.0002583305427
247066	0.003555471028
247067	0.0003304585722
247068	0.000443020616
247069	0.002637767171
247070	0.0001693116512
247071	0.00196003569
247072	0.0006113376797
247073	0.002206815183
247074	0.001639352121
247075	0.0004431610287
247076	0.0003641117755
247077	0.00102158224
247078	0.00188907489
247079	0.001449258666
247080	0.001015783453
247081	0.001404617106
247082	0.002727601866
247083	0.002306630684
247084	0.001583044715
247085	0.0007435811808
247086	0.002453128597
247087	0.00279024623
247088	0.00234529272
247089	0.001795177043
247090	0.001249240366
247091	0.002722430684
247092	0.002140950077
247093	0.002592851686
247094	0.001568855729
247095	0.002814114108
247096	0.003931305685
247097	0.001461931523
247098	0.00101561518
247099	0.004837642399
247100	0.0009857525011
247101	0.003100229189
247102	0.001070829318
247103	0.0002028813843
247104	9.40994887e-05
247105	0.004992100033
247106	0.001193650413
247107	0.002306938715
247108	0.005449931087
247109	0.001036472869
247110	0.001207514866
247111	0.005458094768
247112	0.0003773232986
247113	0.001711826702
247114	3.336504468e-05
247115	0.003432106467
247116	0.001642481772
247117	0.001185986397
247118	0.001789755416
247119	0.002020855948
247120	0.002208692209
247121	0.0002947088691
247122	0.001387764057
247123	0.002595941978
247124	0.001042292466
247125	0.000870495734
247126	0.0003517141514
247127	0.0006921260995
247128	0.00131978607
247129	0.001751927126
247130	0.004413777837
247131	0.0001854373696
247132	0.002807387161
247133	0.0009121060929
247134	0.001482801387
247135	0.0005490080177
247136	0.0002284712002
247137	0.002270503868
247138	0.0006580833449
247139	0.007298098118
247140	0.003434748686
247141	0.003204877488
247142	0.002144834836
247143	0.002606546316
247144	0.0009162442085
247145	0.002470179551
247146	0.001658235898
247147	0.0003902413345
247148	0.0004356139593
247149	0.001930887958
247150	0.003443940565
247151	0.001155254794
247152	0.0006755960264
247153	0.0002307142878
247154	0.001357311071
247155	0.0005699578731
247156	0.0003075698142
247157	0.0006392296671
247158	0.001373114593
247159	0.0009420618426
247160	0.004713688325
247161	0.00159005254
247162	5.495113415e-05
247163	0.0001259805228
247164	0.001885102962
247165	0.0009975611714
247166	0.001598973333
247167	0.00146828541
247168	0.002037123183
247169	0.0001951858045
247170	0.0001415267351
247171	0.001773529823
247172	0.00149219768
247173	0.0002354213584
247174	0.0005931829514
247175	9.731248807e-05
247176	0.002246263504
247177	0.002010536493
247178	0.005801170139
247179	0.0004401647189
247180	0.002628277383
247181	0.002363723309
247182	0.0006865119233
247183	0.001671552218
247184	0.002875441118
247185	0.0009970816323
247186	0.003283591026
247187	0.002109088063
247188	3.006069252e-07
247189	0.003193970895
247190	0.002177869873
247191	0.001055098512
247192	0.00176618552
247193	0.001049629878
247194	0.004796566811
247195	0.001613645007
247196	0.0008526825313
247197	0.0006748026478
247198	0.001124207487
247199	0.002657358389
247200	0.001145384904
247201	0.002563135748
247202	0.002085135887
247203	0.0008025982719
247204	0.003691249803
247205	0.001602316858
247206	0.0004058844878
247207	1.547734225e-05
247208	0.006219868441
247209	0.004079097852
247210	0.00249167839
247211	0.004960075647
247212	0.0005607102207
247213	0.000699183523
247214	0.0001263839539
247215	0.0009456981417
247216	0.003242654866
247217	7.589147899e-05
247218	0.0005598206863
247219	0.001223480154
247220	0.0003833189929
247221	0.004604186073
247222	0.002667298962
247223	0.00330240196
247224	0.001278521344
247225	0.006596094497
247226	0.006089064138
247227	0.004664108838
247228	0.004817442658
247229	0.004473799704
247230	0.00214793891
247231	0.001109326084
247232	0.001357042633
247233	0.0005287365438
247234	0.0009934648605
247235	0.001348648305
247236	0.005070968501
247237	0.001751072847
247238	0.001975717101
247239	0.00662263363
247240	0.001569770506
247241	0.002212665264
247242	0.0004152852339
247243	0.004195706007
247244	0.0001858061929
247245	0.001214478137
247246	0.0003441352782
247247	0.001061808264
247248	0.0003728470598
247249	0.001618455578
247250	0.001148036189
247251	0.002566263525
247252	0.00281637087
247253	0.004587960487
247254	0.0009016965765
247255	0.004803984334
247256	0.00143341165
247257	9.520362602e-05
247258	0.0005711168228
247259	0.004784977585
247260	0.008353551316
247261	0.004552411907
247262	0.005584550877
247263	0.006705527465
247264	0.007053201682
247265	0.006973407015
247266	0.006032681244
247267	0.007835637659
247268	0.001654342842
247269	0.0008347644175
247270	0.001522535994
247271	0.002999115116
247272	0.00245064658
247273	0.0002331638264
247274	0.0004004836322
247275	0.0001232767399
247276	0.003563936433
247277	0.0002876218555
247278	0.005925871198
247279	0.002012667228
247280	0.005037033546
247281	0.002948050252
247282	0.0007633624231
247283	0.002902198265
247284	0.0009556052872
247285	0.0001509210523
247286	0.0007578689289
247287	0.001547784457
247288	0.00319612197
247289	0.0004256807285
247290	0.001423290213
247291	0.001824396475
247292	0.005976740244
247293	0.003269024524
247294	0.003933476163
247295	0.0026135442
247296	0.002761963186
247297	0.00242851458
247298	0.002344674669
247299	6.102794167e-06
247300	0.002405609972
247301	0.0002505186303
247302	0.001434777972
247303	0.0008384032307
247304	0.001164122391
247305	5.735128124e-05
247306	0.001841559585
247307	0.001407051101
247308	0.000560789078
247309	0.002422494046
247310	0.002884145026
247311	0.002117983342
247312	0.0004614529539
247313	0.004861933142
247314	0.001367328939
247315	4.264306035e-06
247316	0.0001413836549
247317	4.296532315e-05
247318	2.638012991e-06
247319	0.001544521203
247320	0.001799134131
247321	0.0005436663729
247322	0.001378473215
247323	0.002468682346
247324	0.0002238403785
247325	0.01002615247
247326	0.0007394168553
247327	0.0007092971545
247328	1.107613104e-05
247329	0.002658744926
247330	0.001295050246
247331	0.0003741647504
247332	0.001295949899
247333	0.0006454470264
247334	0.005347343013
247335	0.004993237507
247336	0.007322417513
247337	0.001340925829
247338	0.002148532714
247339	0.001967280213
247340	0.003755170645
247341	0.002176628119
247342	0.002019175205
247343	0.0007629036686
247344	0.002164647389
247345	0.0004539021189
247346	0.002155413167
247347	0.0003788127147
247348	0.0004067620056
247349	0.003072998263
247350	0.00773084216
247351	0.001456064146
247352	0.002073362537
247353	0.001050847909
247354	0.001260771314
247355	1.21569393e-05
247356	0.000390969891
247357	0.001912167523
247358	0.00287261182
247359	0.002115867352
247360	0.002847461661
247361	0.005648397235
247362	0.00164986769
247363	0.002700376677
247364	0.0003735549894
247365	0.0007516943323
247366	0.004431031733
247367	0.002975204969
247368	0.0001405647438
247369	0.0003997632502
247370	0.001697260205
247371	0.00125258771
247372	0.0004587904211
247373	0.002654436161
247374	0.003877750251
247375	0.0009687035022
247376	0.0009297669135
247377	0.001428068591
247378	0.0007561369795
247379	0.0004442498272
247380	0.001475733264
247381	0.001670636361
247382	0.0005588624861
247383	0.001062824684
247384	0.003361008455
247385	0.001697038163
247386	0.002548699423
247387	0.001242205298
247388	0.002663506894
247389	0.001736948167
247390	0.001508719752
247391	0.001517300335
247392	0.001825012692
247393	0.002048733026
247394	0.004176432062
247395	0.001085129654
247396	0.0005548580611
247397	0.0007148510733
247398	0.0005014164501
247399	0.0007873821559
247400	0.004456690571
247401	0.002812085098
247402	0.0027140452
247403	0.0009770333779
247404	0.0007860449119
247405	0.0002830727547
247406	0.003350207302
247407	0.002166188398
247408	0.0005056073491
247409	0.004287246187
247410	0.0002424774107
247411	0.0009051916141
247412	0.003054535643
247413	0.003317618636
247414	8.101732529e-05
247415	0.002734802506
247416	0.002589353076
247417	0.0003780628988
247418	0.000146537148
247419	0.0002825336641
247420	0.001590183852
247421	0.001592909295
247422	0.001492316155
247423	0.001481910142
247424	0.0002021387576
247425	0.006307074912
247426	0.000456640979
247427	0.001390872315
247428	0.001029548384
247429	0.0002530127173
247430	0.0005324382727
247431	0.0004185062033
247432	0.00213850886
247433	0.005990272886
247434	0.0002021670628
247435	0.003776092316
247436	0.001542023323
247437	0.0005278130008
247438	0.001229920714
247439	7.337516303e-05
247440	0.0003225966555
247441	6.391475123e-05
247442	0.001028959603
247443	0.001308697325
247444	0.001293388741
247445	0.001478822952
247446	0.002107518138
247447	0.004072460892
247448	0.002698233463
247449	0.0003069349132
247450	0.00117507612
247451	0.00546042579
247452	0.003370950355
247453	0.005386095599
247454	0.002803769131
247455	0.0006257756399
247456	0.003354283646
247457	0.0001531915511
247458	0.0003054771959
247459	0.001552624636
247460	0.001463747496
247461	0.002969372489
247462	0.001826426724
247463	0.0003700543098
247464	0.005483471016
247465	0.00242251583
247466	0.002175196776
247467	0.001520722382
247468	0.004296428465
247469	0.0002982584471
247470	3.73151086e-05
247471	0.002391190549
247472	0.004663034613
247473	0.006098999715
247474	0.003194338627
247475	0.004456961323
247476	0.002937639848
247477	0.0009284658086
247478	0
247479	0.003213712079
247480	0.006258878317
247481	0.00170740257
247482	0.005238611755
247483	0.00139739588
247484	0.005874101094
247485	0.001210072041
247486	0.008830556915
247487	0.001869466641
247488	0.01039163542
247489	0.001366699034
247490	0.0007306329675
247491	0.0002144110151
247492	0.0060241181
247493	0.003299229924
247494	0.002670927131
247495	0.006417771247
247496	0.003379191222
247497	0.00208468026
247498	0.0009370012868
247499	0.004501645407
247500	0.006271291216
247501	0.004786307356
247502	0.009088091182
247503	0.001959950508
247504	0.00244808038
247505	0.0009623515791
247506	0.004448214009
247507	1.827800449e-05
247508	0.003278318402
247509	0.002337271093
247510	0.001064605785
247511	0.003424455863
247512	0.007058416396
247513	0.002622774663
247514	0.001846218878
247515	0.006866603448
247516	0.001067067911
247517	0.002635181446
247518	0.008881943259
247519	0.001016800472
247520	0.005243518203
247521	0.004172687599
247522	4.563573711e-05
247523	0.001453808822
247524	0.001618705321
247525	0.003334991693
247526	0.001161108466
247527	0.006236528628
247528	0.001558459312
247529	0.002143696489
247530	0.01353828004
247531	0.0004300404915
247532	0.001823348644
247533	0.002631505335
247534	0.001610622751
247535	0.003093362246
247536	0.0005975387524
247537	0.005995518221
247538	0.0006813804943
247539	0.0001315692207
247540	5.364371428e-05
247541	0.0001023272148
247542	1.130156492e-05
247543	0.0006009641952
247544	0.0004352168976
247545	0.000500860824
247546	0.0004563136282
247547	0.0003908465677
247548	0.0001786664561
247549	0.0004871227481
247550	8.521977414e-05
247551	0.0001640009807
247552	0.001195654235
247553	0.000514455138
247554	0.0003381418024
247555	0.0005112836629
247556	0.001246293214
247557	0.0005262281835
247558	0.0001769232287
247559	0.000423589554
247560	0.0008077469224
247561	0.0003301201891
247562	0.000420046152
247563	3.36356866e-05
247564	0.0002034841543
247565	0.0001010532107
247566	6.498861918e-06
247567	0.0003235406823
247568	0.0002039751132
247569	0.0002025507907
247570	0.0002496693348
247571	0.0004200298448
247572	0.0006882519653
247573	2.571407821e-05
247574	0.0007237627802
247575	2.666087483e-05
247576	0.0008704122018
247577	0.0009849840999
247578	0.0001254261493
247579	0.0008144507463
247580	0.0003919611933
247581	0.0006116485862
247582	0.001229033264
247583	0.0001532170097
247584	0.000725856397
247585	0.0007568172989
247586	0.0003888442371
247587	0.0008074876592
247588	0.0004113298581
247589	0.000167415812
247590	0.0001288850839
247591	0.0003156415795
247592	0.0001445734645
247593	0.001188622171
247594	0.0009067668532
247595	8.202610444e-05
247596	0.0006963239342
247597	0.0007001711447
247598	0.0003528653867
247599	0.0002935211463
247600	0.0004275558978
247601	0.001085755291
247602	0.001329515832
247603	0.001521519555
247604	0.0001384945875
247605	0.001187426998
247606	0.000939556703
247607	0.0004483803655
247608	0.0008304376993
247609	0.0008684040866
247610	0.0005344243476
247611	0.001762929952
247612	8.545891732e-05
247613	8.04954278e-05
247614	6.208023385e-05
247615	0.0002701039674
247616	0.0002166961096
247617	0.0003990415462
247618	0.00073953329
247619	0.0004087311218
247620	0.0002621347699
247621	0.0002663309512
247622	7.203161527e-05
247623	0.0002201874233
247624	0.0009842998932
247625	0.0004090117048
247626	0.0005110034032
247627	0.0007292238049
247628	0.0005865788472
247629	2.944678561e-05
247630	0.0004143813271
247631	0.001548191919
247632	0.001186372399
247633	0.0004451364791
247634	0.0005725746789
247635	0.0007180701495
247636	0.0001460488451
247637	0.0006664652439
247638	0.0002672675163
247639	0.0001318148865
247640	0.0007462583579
247641	0.001205620406
247642	0.0003782920608
247643	0.0002127880535
247644	0.0001342399818
247645	0.0004772766044
247646	0.001407652032
247647	0.001677773347
247648	0.000710456544
247649	4.064636955e-06
247650	0.0001930064821
247651	0.0002342884663
247652	0.0007260656186
247653	0.0002742987025
247654	0.0005974809865
247655	0.0004814799746
247656	0.0001042620739
247657	4.46090872e-05
247658	0.0002156648697
247659	0.0002941872612
247660	0.0003130455597
247661	0.0003564758932
247662	0.000114921665
247663	0.0007441036921
247664	0.000158232946
247665	0.0002036138854
247666	0.001210387553
247667	0.001021024797
247668	0.0002875400429
247669	0.0006001962543
247670	0.000306788991
247671	0.0001766761005
247672	0.0002091725288
247673	7.58681955e-05
247674	0.0001349134189
247675	0.0004914135358
247676	0.0008244686513
247677	0.0007871341485
247678	8.391834296e-05
247679	0.0002183881169
247680	0.0003933659115
247681	7.943972951e-05
247682	0.0006644636825
247683	0.0001310182001
247684	0.000460038357
247685	0.0004452179569
247686	0.0002072252463
247687	0.0007754829881
247688	0.001389294533
247689	0.00049233219
247690	0.0001296654278
247691	0.001085078141
247692	0.001795088584
247693	0.0003875268007
247694	0.001822293883
247695	0.0001173014188
247696	7.059261886e-05
247697	7.976357243e-05
247698	0.0002013931741
247699	0.002826655811
247700	0.0004435554392
247701	0.0004352057776
247702	0.00238671837
247703	0.0007692400015
247704	0.0001250019696
247705	8.183486776e-05
247706	0.0006386791117
247707	0.0002085562748
247708	0.0001656135107
247709	0.0007201003195
247710	0.004172595309
247711	0.0008269953309
247712	0.001617289818
247713	0.0002677678502
247714	0.0002432293122
247715	0.0001129875324
247716	0.0001420646163
247717	0.0005764238772
247718	0.0005505138442
247719	0.001794425106
247720	0.0001739892373
247721	0.0001247109546
247722	0.0004803967329
247723	0.002869893452
247724	0.0004632603169
247725	0.001108117256
247726	0.001013947583
247727	0.0001265296961
247728	0.0009169518393
247729	0.003295422009
247730	0.0001308501894
247731	2.732189527e-05
247732	0.0004301943074
247733	0.000296075719
247734	0.0001507546001
247735	0.0009484279934
247736	0.000775581865
247737	0.00228732277
247738	0.0008000058022
247739	0.0003475273685
247740	0.0007477801606
247741	0.0003419811802
247742	0.0002156669909
247743	0.001371792849
247744	0.0002617261179
247745	0.001037608717
247746	4.721041333e-05
247747	0.0005862021745
247748	0.0003127722974
247749	0.0008587505073
247750	0.002609684156
247751	0.0003836050897
247752	0.002741445369
247753	0.000651754177
247754	0.0001249742246
247755	0.0002159466138
247756	0.0001722053236
247757	0.0001787326108
247758	9.270828343e-05
247759	0.0002983467591
247760	0.0004763300047
247761	0.0002319033138
247762	0.001109678762
247763	6.055241983e-05
247764	0.0003785096163
247765	0.0005323272428
247766	0.0001575944402
247767	0.0006585855615
247768	0.0001232972815
247769	0.0003720065641
247770	0.000736930525
247771	0.001662179657
247772	0.0002551555317
247773	0.0001775716131
247774	0.0001847041195
247775	2.176943908e-05
247776	0.0003472417949
247777	0.0002920783124
247778	0.0001648897338
247779	1.52759222e-05
247780	0.0001112062481
247781	0.0008880392245
247782	0.0004261639276
247783	0.0002469996067
247784	0.0005093304506
247785	0.0005793236495
247786	0.0002623783695
247787	0.000134743056
247788	7.919607655e-05
247789	0.0001690925231
247790	0.0002261723204
247791	0.0002265196145
247792	0.0002692743996
247793	2.357760284e-05
247794	0.0003463766209
247795	0.002163171839
247796	0.0003799102751
247797	0.0008707829029
247798	0.0004129812764
247799	0.0004285822871
247800	0.0005994629146
247801	0.0008811514555
247802	0.000141667319
247803	0.0001105496845
247804	0.001668821999
247805	9.024392412e-05
247806	0.0002848732897
247807	0.001991766837
247808	0.0007736441605
247809	0.0004940882822
247810	8.683676833e-05
247811	0.0002250861311
247812	0.0008897720554
247813	0.0006503118506
247814	0.0006795414163
247815	0.0002528156947
247816	0.0002145853767
247817	9.785600575e-06
247818	4.145620904e-05
247819	0.0004565102315
247820	0.0003743711598
247821	0.0002433161933
247822	0.0002632222926
247823	1.840679182e-05
247824	0.0004477599985
247825	0.002447872737
247826	0.0001555420929
247827	0.0002570940898
247828	0.0001324238379
247829	1.525759714e-05
247830	0.0005882444681
247831	0.0001715660036
247832	5.920086503e-05
247833	0.0007798483313
247834	0.0005418367637
247835	0.0006490263596
247836	0.0004051849054
247837	0.0003900694137
247838	0.000352799166
247839	0.0007289511847
247840	0.0001503942233
247841	0.0001908014998
247842	1.013178679e-05
247843	9.756351948e-06
247844	0.000415300593
247845	6.614323988e-06
247846	8.968686732e-05
247847	0.0003842861269
247848	0.0008193272884
247849	0.0004011698712
247850	0.001192223007
247851	3.245869393e-05
247852	3.094722577e-05
247853	0.0006269095412
247854	0.0005149593186
247855	0.001099656787
247856	0.0006940460769
247857	0.0005090752633
247858	0.000210654447
247859	0.0008793938728
247860	0.0005338920584
247861	0.0002560333488
247862	0.0004481653484
247863	0.001449696791
247864	2.503730333e-05
247865	0.001084344913
247866	0.0001759158238
247867	0.0002853320772
247868	0.0002422556601
247869	0.000264827186
247870	0.0003010966881
247871	0.0003281952829
247872	0.0001222436737
247873	0.0005287524527
247874	8.301324307e-05
247875	8.00004339e-06
247876	0.0002618220026
247877	0.0002071419372
247878	6.742796677e-05
247879	0.0001426908296
247880	0.0005310198051
247881	0.0001512030673
247882	0.0001824330759
247883	0.0001020360947
247884	0.0003223728895
247885	0.0003593642067
247886	0.0001572846473
247887	0.002235174752
247888	3.906164725e-05
247889	0.004471864875
247890	0.0002137186067
247891	0.000422622498
247892	5.703602962e-05
247893	0.002555704989
247894	0.0002691031299
247895	0.0004714553683
247896	0.0004689549442
247897	0.0003428021462
247898	0.0005829263002
247899	0.001133154969
247900	0.0001008801959
247901	0.0003208754598
247902	8.830709554e-06
247903	0.0005682909071
247904	0.0005581476801
247905	0.0003699787876
247906	0.0007358140286
247907	0.0009100663285
247908	8.515005125e-05
247909	0.0004359715455
247910	0.0001491229809
247911	0.0001118329789
247912	0.0001254117467
247913	0.00177679505
247914	0.0003849008499
247915	0.0001175295139
247916	0.0006802372816
247917	0.0003621134664
247918	4.284653613e-05
247919	0.001525823721
247920	0.0006995121482
247921	0.0001537085992
247922	0.0002599218696
247923	0.002561047572
247924	0.0011750415
247925	6.593067152e-05
247926	0.001434790311
247927	0.0002253903526
247928	0.0001886539623
247929	5.94046624e-06
247930	5.933978904e-05
247931	0.0001632775697
247932	4.779579743e-05
247933	0.0003035809589
247934	0.0002720492362
247935	0.0003410743149
247936	4.941992028e-05
247937	0.0004767986434
247938	0.0001590304062
247939	0.0001396730751
247940	0.0002129195099
247941	7.161683052e-05
247942	0.0005165574903
247943	0.0009744185111
247944	0.0003965574154
247945	0.0001122977588
247946	0.0002641125043
247947	0.0005080384077
247948	0.0004567497123
247949	0.0008987129432
247950	0.0006820184738
247951	0.0002792157373
247952	0.003780901066
247953	0.0002759802073
247954	0.0005821102317
247955	0.001999697302
247956	0.001817449845
247957	0.0005433670982
247958	0.001437732198
247959	4.906972557e-05
247960	0.0001398247421
247961	0.0008092485099
247962	0.0002311902873
247963	0.001021981592
247964	0.0001384408055
247965	0.0002495509028
247966	1.142247401e-05
247967	0.001800249494
247968	1.234560038e-05
247969	0.0002195625962
247970	0.000108359608
247971	0.0003884431062
247972	7.341083696e-05
247973	0.0005918533737
247974	0.0004416181621
247975	0.0003034116726
247976	0.001221630798
247977	0.0002210485354
247978	0.0008708940468
247979	0.001663276247
247980	0.00130744217
247981	0.002120450452
247982	0.0002493888947
247983	0.000205269091
247984	0.0008471072039
247985	0.001527457162
247986	0.0003218219795
247987	0.0005744195972
247988	0.0002231806265
247989	3.684551297e-05
247990	0.0002445385617
247991	0.0002498531659
247992	0.0004558828744
247993	0.0009661677404
247994	0.0002929738702
247995	0.000238705614
247996	0.0006683462247
247997	0.0001159936775
247998	0.00048619094
247999	0.000540184712
248000	0.0001843817667
248001	0.0001881949864
248002	0.0001365099277
248003	8.936953496e-06
248004	0.00150272662
248005	0.0004592546451
248006	0.001111999367
248007	0.0001023332141
248008	0.0001100965605
248009	0.001767553103
248010	0.000342022325
248011	0.003151675214
248012	0.000310392662
248013	0.0007192065131
248014	0.002525068611
248015	0.0005532365708
248016	0.001475864482
248017	0.0001431814785
248018	7.553625343e-05
248019	0.000127776691
248020	0.0001688835956
248021	5.850297488e-05
248022	0.0003760135634
248023	0.0004551394457
248024	0.001063071837
248025	0.0005137817311
248026	0.000456398411
248027	0.0005574980556
248028	0.001324596607
248029	0.0002846361487
248030	0.0002544113249
248031	0.0002878447385
248032	0.0001944892288
248033	0.0001142203182
248034	0.0003689680129
248035	0.0005259133829
248036	0.0005297540484
248037	0.002186273562
248038	0.0004343668308
248039	0.0002975150778
248040	0.0001688983839
248041	0.0002882026268
248042	0.0002373300468
248043	0.0001373432766
248044	0.0006650090999
248045	0.0007553650489
248046	0.001286760727
248047	0.000653995962
248048	4.544637023e-05
248049	0.0005902414052
248050	5.953865745e-05
248051	0.0004028780269
248052	0.0002808231111
248053	0.001225187571
248054	0.000270287297
248055	0.0009910070494
248056	0.0004790035301
248057	2.766392147e-05
248058	0.0001620862747
248059	0.000761679963
248060	0.0006682754654
248061	0.0003556723905
248062	0.0004286081252
248063	0.0001622295112
248064	0.0001069320955
248065	0.0003497629537
248066	0.0006302922195
248067	5.283215419e-06
248068	0.000412293072
248069	0.0006126153471
248070	0.0007601904077
248071	0.0001459929194
248072	0.0003604677954
248073	0.0005506485032
248074	1.524500807e-05
248075	0.0007456374264
248076	0.0001101937874
248077	0.0002539913467
248078	0.001307884737
248079	0.0002842874651
248080	0.0001359775534
248081	4.064539056e-05
248082	0.0002618319248
248083	0.001233457701
248084	0.0003185061999
248085	0.0001024115819
248086	0.002717017383
248087	0.0003443009987
248088	0.001180698485
248089	0.001522232213
248090	0.0002841466777
248091	0.000880712082
248092	8.355969615e-05
248093	7.853541788e-05
248094	0.0006070889353
248095	0.001173727932
248096	0.0003830294763
248097	0.0005024400797
248098	0.0001460268591
248099	0.0002726850743
248100	0.0004063369497
248101	0.0008728626225
248102	0.0004822061496
248103	0.0002287768287
248104	0.0005256707759
248105	0.003647990904
248106	0.0006065263402
248107	0.000351912517
248108	0.0007895384048
248109	0.0001432189324
248110	0.0001693893323
248111	3.897190257e-05
248112	0.0008298627609
248113	0.0002706992677
248114	0.0001789022145
248115	0.001103952413
248116	0.000133309379
248117	5.069878717e-05
248118	0.002290659538
248119	0.0002023195983
248120	0.0005088311243
248121	2.888246259e-05
248122	0.0008679192054
248123	0.0001215565863
248124	0.0003034775675
248125	7.431743439e-05
248126	0.0001877622788
248127	0.000301066736
248128	6.49752643e-05
248129	0.0007874890889
248130	0.0006166987181
248131	0.001476293285
248132	0.0009280894634
248133	0.000157606814
248134	0.000619799904
248135	5.101327233e-05
248136	7.191229052e-06
248137	0.0002352462146
248138	0.002092084966
248139	0.0001481235442
248140	0.0001853074649
248141	0.000292949486
248142	0.0004399576436
248143	0.000209128205
248144	0.0003603901411
248145	3.380918577e-05
248146	0.0002784566355
248147	0.0006185951535
248148	0.0005349402659
248149	0.0007905695701
248150	0.0008163118456
248151	0.0008210596294
248152	0.0007061126282
248153	0.002364174307
248154	0.0001900811699
248155	9.50949516e-05
248156	0.001003824554
248157	0.001037349928
248158	0.0003206860151
248159	0.002013304051
248160	0.0006609562161
248161	0.000454238676
248162	7.042782422e-05
248163	0.0004300212904
248164	0.0005606983014
248165	0.0003170672429
248166	0.0002994589091
248167	0.0001862207421
248168	0.0003788425825
248169	0.0003294648212
248170	0.0001657958466
248171	0.000221762962
248172	0.00028509573
248173	0.0001614281539
248174	9.83379815e-05
248175	4.698396063e-05
248176	0.0002719823153
248177	0.001266348018
248178	0.0005083611265
248179	4.738510334e-05
248180	0.0004375402955
248181	0.000199907515
248182	0.0001038015594
248183	0.0004698131657
248184	0.0003718486791
248185	0.0005177910958
248186	0.0001570309618
248187	0.0001878909487
248188	0.0001679207292
248189	0.00033233473
248190	1.094732635e-05
248191	0.0005369177009
248192	8.348944483e-05
248193	0.0002521278054
248194	0.0004366490508
248195	0.0003268227676
248196	0.0001450835456
248197	0.0006265703921
248198	5.648567132e-05
248199	4.575987177e-06
248200	0.0002276023589
248201	6.66323557e-05
248202	9.237427944e-05
248203	1.024366807e-05
248204	0.0007871154704
248205	2.410256788e-05
248206	0.0002107019331
248207	0.0007676993507
248208	0.001537358061
248209	2.756615858e-05
248210	0.0004716541917
248211	0.0001868427434
248212	0.0002762553098
248213	0.0009527190783
248214	0.0006383717665
248215	0.00106042422
248216	0.0004177203834
248217	0.0004216155609
248218	0.001334669432
248219	0.0006625486617
248220	0.002329314036
248221	1.089287443e-05
248222	0.0009434098513
248223	0.0003613849581
248224	0.003960582293
248225	0.0002460795803
248226	0.0003721117591
248227	0.002526075645
248228	0.0003264233717
248229	0.00383105775
248230	0.000340629388
248231	0.0005883121212
248232	0.0001138550988
248233	0.002445520358
248234	0.001350629309
248235	0.001823924694
248236	0.0004557713399
248237	0.0003797072353
248238	0.000613489517
248239	0.002116753087
248240	0.001268944556
248241	0.0005342510288
248242	0.0003703077765
248243	2.917824506e-05
248244	0.0005784807845
248245	4.879941151e-05
248246	0.0005670354013
248247	0.000557361522
248248	0.001795304997
248249	0.000594044403
248250	0.0002894329562
248251	0.0008854467412
248252	0.0006536096045
248253	0.0003094981745
248254	0.001683103406
248255	0.0007421363766
248256	0.0005267199813
248257	0.0003301381979
248258	0.0006162990717
248259	0.0001134939942
248260	0.001910351661
248261	0.002386431805
248262	0.001248433945
248263	0.0004695456048
248264	0.0008001114521
248265	0.0002164790299
248266	0.002185365616
248267	0.0001905242837
248268	0.0008136720385
248269	0.0004189390208
248270	0.0006573088282
248271	0.002512278691
248272	0.000317275865
248273	0.0006482626483
248274	0.001272699868
248275	0.0004842345056
248276	0.000161664433
248277	0.0002299284277
248278	0.001965504548
248279	1.295559485e-06
248280	0.0005877454386
248281	0.0002642536724
248282	5.857551142e-05
248283	0.0004422729749
248284	0.0004396630809
248285	0.0006959416289
248286	0.002573161659
248287	0.002042239678
248288	0.0008500376887
248289	0.0002029647746
248290	0.0006848581499
248291	0.0003097456272
248292	0.0003411136361
248293	0.0001232731175
248294	0.0001293778515
248295	0.0001094904035
248296	0.0002140956996
248297	0.0009676423994
248298	0.0008382344001
248299	0.0004188099294
248300	0.002499753498
248301	0.001773026899
248302	0.003532677024
248303	0.001231254473
248304	0.0003249138954
248305	0.001478264344
248306	0.0004017669107
248307	0.001074486564
248308	0.001341803381
248309	0.001937919757
248310	0.0008328081391
248311	0.001958666117
248312	0.0006937034478
248313	0.0006094247898
248314	0.0001803593299
248315	0.0006647887812
248316	0.002117842864
248317	0.0001929232726
248318	0.001388018995
248319	0.001537970167
248320	0.001135835449
248321	0.0004373322847
248322	1.468368971e-05
248323	0.0008103779195
248324	0.001943731901
248325	0.001772321862
248326	0.0002533603801
248327	0.0001745601056
248328	0.002490552067
248329	0.0003538103556
248330	0.0005088032339
248331	0.001003892816
248332	0.001233054258
248333	0.001202127121
248334	0.001994433356
248335	7.676755606e-05
248336	0.002001838234
248337	0.002058411977
248338	0.0001964372143
248339	0.0009732551793
248340	9.882326605e-05
248341	0.002052608388
248342	0.0006983109528
248343	0.001122965259
248344	0.002977342803
248345	0.0002417890401
248346	0.001087684702
248347	0.0003466728659
248348	0.0004013916217
248349	0.000743006481
248350	0.0005904802144
248351	9.997707631e-06
248352	0.0001065920088
248353	0.0003274888901
248354	0.0004428746185
248355	0.0006002891752
248356	0.002246688519
248357	4.386298927e-05
248358	0.0004863779435
248359	0.001004641522
248360	0.0009150883147
248361	4.820534712e-05
248362	0.001029479922
248363	0.001044158277
248364	0.0006490264488
248365	0.003014127785
248366	0.0004814349106
248367	0.001025957178
248368	0.0007747862769
248369	0.001130162151
248370	0.0007070118734
248371	0.001888292389
248372	0.000283479022
248373	0.0008060874528
248374	0.001844412647
248375	0.0007427996708
248376	0.001390371202
248377	0.0006313663252
248378	0.0002482899316
248379	0.0005686140315
248380	0.001965699833
248381	0.001519965605
248382	0.0009664645993
248383	0.002306841252
248384	0.0002883742217
248385	0.0002799539052
248386	0.001131177838
248387	0.0008785764628
248388	0.0006687249094
248389	0.0009002077259
248390	0.001298672872
248391	0.0005214118605
248392	0.0004941872287
248393	0.0004119556697
248394	0.0004808730037
248395	0.0006996365975
248396	0.0008379303622
248397	0.0001245152318
248398	0.0009107134546
248399	0.00285706925
248400	0.004560587511
248401	0.0006576219445
248402	0.00281418382
248403	1.293394647e-05
248404	0.002382543954
248405	0.001391763491
248406	0.0003446164014
248407	0.001013867057
248408	0.00013549114
248409	0.001325110071
248410	0.0001994983468
248411	0.003025896202
248412	0.0002298711599
248413	0.001105911196
248414	0.0003824928906
248415	0.0009869485777
248416	0.004069825914
248417	0.002497341104
248418	0.000292807545
248419	0.0005910382066
248420	9.96778028e-05
248421	0.0002859155505
248422	0.002446937563
248423	0.000437851863
248424	0.0003702953157
248425	0.0002464618962
248426	0.000910207386
248427	0.000798238199
248428	0.004967970681
248429	0.0001771852666
248430	0.002200075088
248431	0.0007888833183
248432	0.0004533885857
248433	0.0002966514539
248434	0.0004141268334
248435	0.0003108523982
248436	0.0001199027843
248437	0.002406768842
248438	0.0002674868519
248439	0.001970619262
248440	0.001940697601
248441	0.0001736215732
248442	0.002030766249
248443	0.0001708390242
248444	0.001887562653
248445	0.0001317761053
248446	0.001316966796
248447	0.00014344434
248448	0.001289874415
248449	0.0004855745445
248450	0.001122098044
248451	0.0004297694003
248452	0.001878136409
248453	4.443936628e-05
248454	0.0004590831952
248455	0.001286091868
248456	0.00109509982
248457	0.0009260818445
248458	0.0006767595716
248459	0.001948042156
248460	0.001758888731
248461	0.0006410004657
248462	0.0002198584298
248463	0.00133419524
248464	0.002594934982
248465	0.001164626267
248466	0.0002389973054
248467	0.0005666782626
248468	0.003506956114
248469	0.002196304647
248470	0.000308334535
248471	0.0007813168854
248472	0.002577399897
248473	0.001703940847
248474	0.001530374013
248475	0.0003115288898
248476	0.0006983365192
248477	0.0008166350571
248478	0.0007555749517
248479	1.497159184e-06
248480	0.001759639207
248481	0.002559519125
248482	0.001636610926
248483	0.0001886469935
248484	0.003510685905
248485	0.0003733217281
248486	0.0006688183554
248487	0.001447760924
248488	0.001034531976
248489	0.001228903925
248490	0.00169411102
248491	0.0002074375276
248492	0.001234182246
248493	0.001882118932
248494	0.000513438328
248495	0.0008343423439
248496	0.002001962508
248497	0.001276124027
248498	0.0007375077206
248499	0.0005817635014
248500	0.0003168448518
248501	0.001676381185
248502	0.0004754376809
248503	0.002882577954
248504	0.0008898393539
248505	0.001048426707
248506	0.002624354983
248507	0.0001102132904
248508	0.0004493260508
248509	0.001944566838
248510	0.000160686888
248511	0.0001710064049
248512	0.0007573701164
248513	0.0001162741381
248514	6.140092121e-09
248515	0.0003754947481
248516	0.0001164092202
248517	0.0004913820604
248518	2.149032324e-07
248519	0.0003753136154
248520	0.0008783125732
248521	4.671633087e-05
248522	0.002851139801
248523	0.0002742219566
248524	0.002092569563
248525	0.002958251116
248526	0.0003664701823
248527	0.0002709300566
248528	0.0008300883839
248529	0.0009936692413
248530	0.001327177285
248531	0.0006746433424
248532	0.0001020330842
248533	0.0005732738652
248534	0.0006607282789
248535	0.0003384637747
248536	0.000401305923
248537	0.0003303729968
248538	0.0006020689472
248539	1.974117441e-05
248540	0.0005329167382
248541	0.0009521318909
248542	0.000787410766
248543	0.0008164232926
248544	8.117132049e-05
248545	0.0007067735217
248546	0.001337710166
248547	0.0003978233382
248548	0.0008139243236
248549	0.005376323501
248550	0.0002801370794
248551	0.0005261685762
248552	0.006674599617
248553	0.00293425232
248554	0.003073533172
248555	0.001166794344
248556	0.001599649459
248557	0.000555866611
248558	0.000605842364
248559	0.001236952612
248560	0.001275081205
248561	0.0008417891986
248562	0.0006037275548
248563	0.000676769158
248564	0.0009649690272
248565	0.001650233786
248566	0.001795349329
248567	0.003101114574
248568	0.002636883093
248569	0.0009492152434
248570	0.003539404272
248571	0.0004683895988
248572	0.001219165219
248573	0.004716219504
248574	0.0003550402759
248575	0.003213939699
248576	0.0006404165616
248577	0.001453884504
248578	0.0005080709993
248579	0.003653748356
248580	0.0005207493152
248581	3.555769034e-05
248582	0.0002062435201
248583	0.0003479134084
248584	0.0003854189514
248585	0.00163529755
248586	0.000951490251
248587	0.003086462985
248588	0.0007901798534
248589	0.0004317846213
248590	0.001790946615
248591	0.001448486243
248592	0.002355278731
248593	0.0008092441756
248594	0.001583586087
248595	0.00162079835
248596	0.003198485706
248597	0.001625424592
248598	0.003314018983
248599	0.005014143583
248600	0.00321008487
248601	0.001595036834
248602	0.006295927372
248603	0.0009111473857
248604	0.002294774626
248605	0.0008829968641
248606	0.000591983815
248607	0.0004558555847
248608	0.0006039277767
248609	0.00292669582
248610	0.002042438857
248611	0.002405181653
248612	0.0001607199704
248613	0.000565275336
248614	0.003856580901
248615	0.0005233400786
248616	0.001584505032
248617	0.0009186855763
248618	0.003179747931
248619	0.00141265148
248620	0.0009790309851
248621	0.0007382992814
248622	0.004477366886
248623	0.002272927746
248624	0.002392967015
248625	0.00218910447
248626	6.376048561e-06
248627	0.003712730084
248628	0.001437679392
248629	0.00138025551
248630	0.001873575492
248631	0.0009032277391
248632	0.006288208796
248633	0.003437726868
248634	0.001185343392
248635	0.003320919098
248636	0.0002856105617
248637	0.001406384936
248638	0.0003760127603
248639	0.001034589373
248640	0.003192551154
248641	0.002689607973
248642	0.005111933952
248643	0.001339439294
248644	0.0001302799456
248645	0.0003023941781
248646	0.007074129778
248647	0.003769368625
248648	0.001073474433
248649	0.003326781993
248650	0.0009031391678
248651	0.004462873428
248652	0.001917897106
248653	0.002509029373
248654	0.002706249305
248655	0.002187195284
248656	0.0004642575506
248657	0.0004447170425
248658	0.000268472049
248659	0.0004904945154
248660	0.001638647545
248661	0.003580278064
248662	0.0006934515828
248663	0.001348314467
248664	0.001080982223
248665	0.0002591186408
248666	0.000448642886
248667	0.0009482186739
248668	0.005371541876
248669	0.001633374704
248670	0.001501095691
248671	0.0004594629009
248672	0.000116873443
248673	0.0006721738327
248674	0.003757758737
248675	0.0004859827668
248676	0.0005678142207
248677	0.001883555106
248678	0.002849473354
248679	0.0003446033354
248680	0.00184634103
248681	0.002292883165
248682	0.002897873931
248683	7.844138861e-05
248684	0.000843623357
248685	0.002075757339
248686	0.005206511299
248687	0.001098553337
248688	0.003124547997
248689	0.001865217132
248690	0.0001468567554
248691	0.00010461045
248692	0.000201748235
248693	0.0002130880547
248694	0.0003782342996
248695	0.0002239965664
248696	6.536012318e-05
248697	1.969660412e-05
248698	0.0004062781138
248699	0.0003707564212
248700	0.0009856020344
248701	0.0001028859101
248702	8.635348618e-05
248703	0.001000870519
248704	0.0008963197126
248705	3.202002478e-05
248706	0.0001822722724
248707	0.001111785415
248708	0.0001975457845
248709	0.0003619996189
248710	0.0003376474164
248711	0.0004051386919
248712	0.0003770376773
248713	0.0002011275232
248714	5.051134802e-05
248715	0.0006435161378
248716	0.0005411108011
248717	0.0002159489301
248718	0.0005071175511
248719	0.0001163769596
248720	0.0001619939346
248721	0.0002107035081
248722	3.315951559e-05
248723	5.816114456e-05
248724	0.000225968379
248725	0.000536796373
248726	0.0006658869144
248727	0.0005412929645
248728	9.582414177e-05
248729	0.0002812081534
248730	0.0002167090468
248731	0.0005226370614
248732	0.0006126918566
248733	0.0002364253261
248734	0.0002096038887
248735	0.0002465493367
248736	0.0005540913297
248737	0.0002838501789
248738	0.0005034956825
248739	0.0004769215653
248740	0.000206010196
248741	0.000532670291
248742	0.0002101503485
248743	0.0004161678765
248744	0.0001857475409
248745	0.0007107311857
248746	0.0004328210455
248747	0.0004479739753
248748	0.0003211063442
248749	0.0004328098864
248750	7.342282348e-05
248751	0.0008045406609
248752	9.258249582e-05
248753	9.593836987e-05
248754	0.000484790475
248755	0.0007136078317
248756	0.001906575994
248757	4.370825228e-05
248758	9.035655344e-05
248759	0.0003481716903
248760	0.000170753657
248761	0.0002684000938
248762	0.0008424471406
248763	0.0001254354017
248764	0.0005444425173
248765	0.000540613285
248766	0.0002397473455
248767	0.0002295607867
248768	0.0001970162701
248769	0.0002463747589
248770	0.001193677921
248771	0.0005219598256
248772	0.0005791046299
248773	0.0003249655586
248774	0.0002069967573
248775	0.0004729240041
248776	0.000282548309
248777	0.0002989292342
248778	0.0002215969759
248779	0.0008231876867
248780	0.0001675893271
248781	0.0007651570234
248782	0.0002157517251
248783	0.0001283116337
248784	0.0002414355139
248785	0.0008210898904
248786	0.0006370602739
248787	0.001139831452
248788	0.0006537064428
248789	0.0001166881753
248790	0.0003242098093
248791	0.0003341380824
248792	0.001100020539
248793	0.000131494257
248794	7.36499764e-05
248795	0.0002873285297
248796	0.0003582072612
248797	5.92058919e-05
248798	0.00022561002
248799	0.0002654940266
248800	0.0001149409969
248801	0.0001746715826
248802	0.0002393807118
248803	7.725852252e-05
248804	6.68979445e-05
248805	1.891912908e-05
248806	0.0002464146669
248807	0.0001854497816
248808	0.0004394923458
248809	0.0005021192511
248810	0.0005139517183
248811	0.0006006585809
248812	0.0009405587522
248813	0.0005908658114
248814	0.0004948348898
248815	0.0007228891937
248816	0.000456222339
248817	0.0003295098653
248818	4.69689851e-05
248819	0.0008776077395
248820	0.002271647322
248821	0.0001230865874
248822	0.0004899726045
248823	0.0003049694692
248824	0.0004316485794
248825	0.0003192906036
248826	0.0002230717076
248827	0.0003497419878
248828	0.001076205168
248829	0.0005163284198
248830	0.0003290754875
248831	0.0003101887649
248832	0.0003113985696
248833	0.002065684913
248834	0.0004277156887
248835	0.0001635534734
248836	0.000167909606
248837	0.0004597297264
248838	0.0002287433398
248839	8.324261787e-05
248840	0.001530939484
248841	0.000336483977
248842	0.0002367799706
248843	0.0008345547263
248844	0.0005379809917
248845	6.947329226e-05
248846	0.0003147231812
248847	7.129261996e-06
248848	0.0003481092274
248849	0.0005957976756
248850	4.566605707e-05
248851	0.000371942046
248852	0.000139931816
248853	0.0008652706094
248854	0.003961028636
248855	0.003039104385
248856	0.002164053959
248857	0.000182590035
248858	0.001786288017
248859	0.001756843989
248860	0.0006366820329
248861	0.0007482706145
248862	4.219086872e-05
248863	0.000468208239
248864	0.002258973261
248865	0.002682031098
248866	0.002066288355
248867	0.002399346343
248868	0.001029903846
248869	0.002086954445
248870	0.0003057164258
248871	0.002305782223
248872	0.0009381859552
248873	0.005289730362
248874	0.0003121116787
248875	7.067490224e-05
248876	0.0001221779527
248877	0.0002087240683
248878	0.003685133726
248879	0.001903471313
248880	0.003182136465
248881	1.555339873e-05
248882	0.001137724377
248883	0.003693455676
248884	0.001273000644
248885	0.005577642477
248886	0.0009717716741
248887	0.00613702908
248888	0.002667929973
248889	0.001405698367
248890	0.0001093182221
248891	0.0001211663664
248892	0.002773058477
248893	0.004503609884
248894	0.0007628299995
248895	0.001898738868
248896	0.00210839915
248897	0.001087969313
248898	0.0006681620348
248899	0.007372167126
248900	0.00213851037
248901	0.003626616809
248902	0.004093705525
248903	0.003532079558
248904	0.0001947442701
248905	0.0001494774223
248906	0.0003585832536
248907	0.001965831492
248908	0.004509266056
248909	0.007298262174
248910	0.00309028103
248911	0.002263507299
248912	0.003772408812
248913	0.004527240662
248914	0.005871578444
248915	0.002317779986
248916	0.002257248391
248917	0.0007572365178
248918	8.735412871e-05
248919	0.0004709664822
248920	0.004000211453
248921	0.002023368189
248922	0.003669738902
248923	0.00105008841
248924	0.0009746667827
248925	0.0005013472483
248926	0.005763350763
248927	0.00348372206
248928	0.01149033478
248929	0.004002345405
248930	0.003267208038
248931	0.0002018513866
248932	0.003629554852
248933	0.00479625047
248934	0.002001722791
248935	0.005585944943
248936	0.0007933429651
248937	0.00135098638
248938	0.0003423414115
248939	0.0004635445945
248940	0.0001677426617
248941	0.004679468634
248942	0.0001281856925
248943	0.002391657093
248944	0.003355549322
248945	0.0003718195043
248946	0.00465407351
248947	0.0003382681331
248948	0.0005379574323
248949	0.001723269197
248950	0.005469097591
248951	0.001496843155
248952	0.0003470876628
248953	0.001722169086
248954	0.00110821559
248955	0.002116781563
248956	0.001660820521
248957	0.00209441001
248958	0.0002560760138
248959	0.001513854272
248960	0.002526742259
248961	0.004009690834
248962	0.0005381540636
248963	0.001424919621
248964	0.002136399619
248965	0.0002617352563
248966	0.002010185196
248967	0.002416449794
248968	0.003566608753
248969	0.006187751864
248970	0.005691409937
248971	0.006669711666
248972	0.0010590446
248973	0.0002534538055
248974	0.009446639021
248975	0.001229162088
248976	0.006068336178
248977	0.01018477148
248978	0.001624115536
248979	0.0004031698194
248980	0.0008053112376
248981	0.0009472410512
248982	0.0002358410408
248983	0.001046624883
248984	0.001264548036
248985	0.002176745758
248986	0.0002264976368
248987	0.0006728066839
248988	0.002079652958
248989	0.003438328726
248990	0.0005049106907
248991	0.0006615894217
248992	0.002871063793
248993	0.0007494686478
248994	0.001213629037
248995	4.068698354e-05
248996	0.004432582302
248997	0.00387563439
248998	0.0006835622618
248999	0.0006351019118
249000	0.001545613683
249001	0.003092559828
249002	0.001345528524
249003	0.003333756853
249004	0.001232866252
249005	0.005513467663
249006	0.001050795995
249007	0.005619460843
249008	0.001296046421
249009	0.005480568946
249010	0.00458338418
249011	0.0003005827961
249012	4.853260531e-05
249013	0.0004185531857
249014	0.005925196922
249015	0.00223696892
249016	0.0007315303818
249017	0.001416965743
249018	0.0009109889652
249019	0.005268070136
249020	0.0004536327578
249021	0.001528345182
249022	7.74813667e-05
249023	0.002168282396
249024	0.001704348672
249025	0.001185077159
249026	0.002206843601
249027	0.000447210128
249028	0.003646489316
249029	0.004412679341
249030	0.005400616977
249031	0.0001461894949
249032	0.001344163511
249033	0.002915575606
249034	0.002056906608
249035	0.0006821799609
249036	0.0008347334795
249037	0.0003074646741
249038	0.001028845246
249039	0.0005264388629
249040	0.0002465468024
249041	0.001954981204
249042	0.002092189645
249043	0.002129848944
249044	0.0004649323781
249045	0.0001546845229
249046	0.0001317157736
249047	0.0003561075743
249048	0.002938875797
249049	0.0003754574641
249050	0.0004742408723
249051	0.0005534252374
249052	0.00105714854
249053	0.001765828898
249054	0.001379936299
249055	0.001307911511
249056	0.0007397138577
249057	0.003680821151
249058	0.0002339132502
249059	0.001835901852
249060	0.001851098584
249061	0.0007615203954
249062	0.0006319944317
249063	0.000562903042
249064	0.001042850556
249065	7.221928388e-05
249066	0.0005305376637
249067	0.0003060209306
249068	0.001496145781
249069	0.0006529459497
249070	0.002192170073
249071	6.421908109e-05
249072	0.0001902596845
249073	0.0003622979139
249074	0.000396314744
249075	0.0001008189111
249076	2.694505999e-06
249077	0.0001031563836
249078	0.0008671474392
249079	0.001571246428
249080	0.0007108596016
249081	0.0001466515515
249082	0.001385915294
249083	0.001856861824
249084	0.0002630390932
249085	0.00252817188
249086	0.0002777513568
249087	0.001602620817
249088	0.000484517354
249089	7.163441075e-09
249090	0.0008249364455
249091	0.0001219878112
249092	0.002194594891
249093	0.001422667896
249094	0.00122188574
249095	0.001723104905
249096	0.0004614911129
249097	0.0007160609095
249098	0.002803133184
249099	0.0001187362691
249100	0.003535015898
249101	0.002909776408
249102	0.005073443628
249103	0.003770794381
249104	0.001226077505
249105	0.001322231796
249106	0.002064979274
249107	0.002921690693
249108	0.001201879602
249109	0.002083312612
249110	0.0001889628018
249111	0.0004853528415
249112	6.702934177e-07
249113	1.848528496e-05
249114	0.0006021988461
249115	0.0004172341543
249116	0.002079917111
249117	0.005507213423
249118	0.0009709886176
249119	0.0009859044431
249120	0.0001313034829
249121	0.001435758998
249122	0.0007970148233
249123	0.0003097309012
249124	0.0001754187476
249125	0.00255926264
249126	0.000301711079
249127	0.0003267263433
249128	6.183678712e-05
249129	0.004109489788
249130	0.001530273092
249131	0.0005517244746
249132	0.001965054706
249133	0.0006597739311
249134	0.000438365514
249135	0.001335666058
249136	0.003362153398
249137	4.95331146e-05
249138	0.002822147338
249139	0.002055026874
249140	0.004441824107
249141	0.000264801829
249142	0.007095253125
249143	0.006334112013
249144	0.003727265594
249145	0.002264664413
249146	0.0007319233031
249147	0.003903045017
249148	0.00286524004
249149	0.00290516224
249150	0.0003903882405
249151	0.0008452354007
249152	0.001691260967
249153	0.001274289451
249154	0.002177073085
249155	0.001544296674
249156	0.001559301781
249157	0.001141589441
249158	0.003152334987
249159	0.0006778571269
249160	0.0005948829722
249161	0.0005337663978
249162	0.002998016638
249163	0.002109809643
249164	3.97001682e-05
249165	0.003870926037
249166	0.003134166601
249167	0.001511687793
249168	0.001564891455
249169	0.005247134112
249170	1.096375413e-05
249171	0.001515182847
249172	0.003097270725
249173	0.001545870912
249174	0.002650238932
249175	0.002204362852
249176	0.0004239796245
249177	0.002916233286
249178	0.00248797521
249179	0.004225237799
249180	0.001032954687
249181	4.805218435e-05
249182	0.002638593014
249183	0.003410111359
249184	0.004188540406
249185	0.00373136632
249186	0.0007880845257
249187	0.002218663851
249188	0.0009903075363
249189	0.00395684366
249190	0.001942591789
249191	0.0004488818229
249192	0.002214459507
249193	0.0007596058767
249194	0.0009477602781
249195	0.0004711848685
249196	0.0004040588857
249197	0.002613287518
249198	0.001004258679
249199	0.002909164486
249200	0.0006839958674
249201	0.0007822763723
249202	0.001214789681
249203	0.001463136594
249204	0.0009701512353
249205	0.0005453325094
249206	0.0003351109432
249207	0.001739545912
249208	0.001322725917
249209	0.001532743894
249210	0.002757351371
249211	0.002263008198
249212	0.001694987324
249213	0.0001434101838
249214	0.0003916325501
249215	0.002112280989
249216	0.0007858127992
249217	0.00186803218
249218	0.0002903498936
249219	0.001941386173
249220	0.001632512944
249221	0.0001691720086
249222	0.0008153645965
249223	0.002678591633
249224	0.001375975232
249225	0.002034806415
249226	0.002998959522
249227	0.0007606514319
249228	0.0015347053
249229	0.001415276144
249230	0.001738286673
249231	1.109760272e-05
249232	0.00242016767
249233	0.0001395005796
249234	0.0001906430188
249235	0.002446450795
249236	0.005179750332
249237	0.001831719047
249238	1.316997179e-05
249239	0.0006104659084
249240	0.002781384005
249241	0.0003129130425
249242	0.0006318422765
249243	0.001812835635
249244	0.0002223625773
249245	0.001870785116
249246	5.850829984e-05
249247	0.00143508996
249248	5.021652371e-05
249249	9.736259797e-05
249250	0.001335194981
249251	0.0001134447184
249252	0.0002943554834
249253	4.574062326e-05
249254	0.001016972001
249255	0.0006963769931
249256	0.001821382339
249257	0.00240602748
249258	0.0007978501717
249259	0.000632582109
249260	0.0005049984495
249261	0.0001806662948
249262	9.551013677e-05
249263	0.0003696589895
249264	0.001093908177
249265	0.001422217946
249266	0.0005396474817
249267	0.0004390716354
249268	0.002263170189
249269	0.0005509221779
249270	0.004989966559
249271	0.0001116492439
249272	0.001379749928
249273	0.003482748564
249274	0.0018717958
249275	0.0002821394754
249276	0.0005092857055
249277	0.0005217245706
249278	0.0008721771074
249279	0.0009775876015
249280	0.0005827824695
249281	0.0009538501328
249282	0.001742551697
249283	0.00187251988
249284	0.002500461862
249285	0.0007220322102
249286	0.004313583283
249287	0.0004168424976
249288	0.001274425107
249289	0.002860849951
249290	0.001390512376
249291	0.001602591765
249292	0.003762662122
249293	0.000234822953
249294	0.0005927345921
249295	0.0002892793656
249296	0.0009274613375
249297	0.0006541743994
249298	0.002803001839
249299	0.001159530511
249300	0.003179482823
249301	0.002176461552
249302	0.004856810381
249303	0.006601877077
249304	0.00396841794
249305	0.0008624096342
249306	0.003782337353
249307	0.001884718274
249308	0.00189007888
249309	0.001491302091
249310	0.0001595857653
249311	0.002403461306
249312	0.005659588346
249313	0.0002448707657
249314	0.004103101749
249315	0.001068992958
249316	0.0001969555899
249317	0.001232065942
249318	0.001894992623
249319	0.0005879821539
249320	0.001651409008
249321	0.0001905571787
249322	0.003733074702
249323	0.0003126504848
249324	0.0003207935542
249325	0.001616656355
249326	0.001419733833
249327	0.001211760512
249328	0.0002653461769
249329	0.0001341166337
249330	0.0007858813202
249331	0.001392728695
249332	0.002469656273
249333	0.002195707406
249334	0.001077094954
249335	0.0006562814885
249336	0.001647485165
249337	0.005526965068
249338	0.0003618902255
249339	0.001665301666
249340	0.00374332286
249341	0.0006272639247
249342	0.003444789711
249343	0.002467558454
249344	0.004103534434
249345	0.001993617885
249346	0.006295614345
249347	0.003274329492
249348	0.003112785813
249349	0.003224888127
249350	0.001013290917
249351	0.001539887119
249352	0.003624521788
249353	0.0002891331571
249354	0.002808083672
249355	0.002105420729
249356	0.0007651311517
249357	0.007475081497
249358	0.0004561212746
249359	0.001144525695
249360	0.0003333498252
249361	0.003071994186
249362	0.0001343864239
249363	0.00150810768
249364	0.001686620854
249365	0.001610763314
249366	0.004015725163
249367	0.001972683663
249368	0.003500774492
249369	0.001576071081
249370	0.001419880416
249371	0.002144107424
249372	0.0005711148071
249373	0.004844236428
249374	0.002157703258
249375	0.001563372748
249376	0.005529902582
249377	0.001995032298
249378	0.004669241283
249379	0.001213520416
249380	0.002633949908
249381	0.001029171524
249382	0.0001693689091
249383	0.001719435369
249384	0.001027607376
249385	0.0005589502701
249386	1.556266964e-05
249387	0.00184252131
249388	0.001785975599
249389	0.004639928896
249390	0.0002629516833
249391	0.001289049577
249392	0.001869546815
249393	0.001275599989
249394	0.005831033551
249395	0.001974511223
249396	0.0008485177132
249397	0.002100372403
249398	1.222650703e-05
249399	0.001232194394
249400	0.003124091516
249401	0.003750137638
249402	0.002267378586
249403	0.003084859491
249404	0.0001372435154
249405	0.00175955377
249406	8.807806587e-05
249407	0.003632416013
249408	0.005005029179
249409	4.570357309e-05
249410	0.001360389491
249411	0.003463769822
249412	0.001264086307
249413	0.0006809916279
249414	0.006127310531
249415	0.001972809994
249416	0.001363823382
249417	0.003771302876
249418	0.001177648788
249419	0.002275423459
249420	0.002612137962
249421	0.0009675788851
249422	0.001429112634
249423	0.0002734512478
249424	0.0006450113982
249425	0.002151676048
249426	0.00202737432
249427	0.001856239018
249428	0.003221375612
249429	0.002540504035
249430	0.0007287907748
249431	0.0008176430781
249432	0.001519625667
249433	0.0008817270391
249434	0.003875677557
249435	0.004601242626
249436	0.001118792099
249437	0.002295627547
249438	0.001130502184
249439	0.002818890356
249440	0.0005645449644
249441	0.0002197861461
249442	0.002020366585
249443	0.003232647655
249444	7.894014493e-05
249445	0.006719926412
249446	0.001870711645
249447	0.001534723403
249448	0.001163455498
249449	0.001268083726
249450	0.004567100741
249451	0.004652090002
249452	0.002304219738
249453	3.920886385e-05
249454	0.001892273166
249455	0.0002341416699
249456	0.0008617823445
249457	0.0001549221127
249458	0.002835898542
249459	0.0005482166826
249460	0.004459227067
249461	0.0003368877969
249462	0.0002119367025
249463	0.0004833753817
249464	0.001827307886
249465	0.001671181392
249466	0.00479364608
249467	0.002012281946
249468	0.005574273877
249469	1.881922192e-05
249470	0.0003763001024
249471	0.0003588602013
249472	0.00195094025
249473	3.581720498e-08
249474	0.0003791284149
249475	7.879483225e-05
249476	4.527134392e-05
249477	0.001181297929
249478	0.0006255334227
249479	0.0006537689298
249480	0.0002506026958
249481	0.0004126147733
249482	0.000272637457
249483	0.001330865691
249484	0.0005556466822
249485	0.0009994085143
249486	9.270421345e-05
249487	0.0003157730392
249488	0.0004314689893
249489	0.0006254285307
249490	0.0004181008995
249491	0.0002915926053
249492	0.0003012312937
249493	0.0004969738096
249494	0.0001055022388
249495	0.001658438779
249496	0.000246078507
249497	8.468833364e-05
249498	0.002023976333
249499	0.0005445379434
249500	0.0001775401643
249501	0.0008202418163
249502	0.001654708543
249503	0.000893934221
249504	0.001103246978
249505	0.0035658221
249506	0.0009108537962
249507	0.001683393485
249508	0.0004224835424
249509	0.001973087854
249510	3.837507187e-05
249511	0.0007133349501
249512	0.0003481184204
249513	0.002762702742
249514	0.002617728681
249515	0.0007478859938
249516	0.006722946782
249517	0.003298468763
249518	0.002794969435
249519	0.0005200142711
249520	0.0003955353676
249521	0.004469768969
249522	0.003935708913
249523	0.001561716887
249524	0.001643146303
249525	0.003009868322
249526	0.004403569654
249527	0.003593629789
249528	0.0006892322265
249529	0.0006378393978
249530	0.001094766282
249531	0.002701702299
249532	0.001042668713
249533	2.380799211e-05
249534	0.002635020734
249535	0.003979232748
249536	0.006931194628
249537	0.0001194316929
249538	0.002367983015
249539	0.004423220082
249540	0.004839658964
249541	0.001597891266
249542	0.0007157223196
249543	0.002652048346
249544	0.007903426591
249545	0.0002980219199
249546	0.004402739331
249547	0.003297342978
249548	0.002056363079
249549	0.0001333583127
249550	0.00295203987
249551	0.002520910012
249552	0.001093677919
249553	3.170661715e-05
249554	0.001625433657
249555	0.0001362353221
249556	0.001721951915
249557	1.228018473e-08
249558	0.0007270655649
249559	0.007361271099
249560	0.001742000667
249561	0.001069222162
249562	0.0003753980018
249563	0.002554754632
249564	0.003127329423
249565	0.0006803916231
249566	0.001261035426
249567	0.001557282089
249568	0.00106600064
249569	0.001477996299
249570	0.0003741863165
249571	0.0007464163824
249572	0.0002514295481
249573	0.002753016245
249574	0.004706735047
249575	0.0009718623191
249576	0.0007981417383
249577	0.0002722123048
249578	0.002392508088
249579	0.0009836994817
249580	0.0003658430775
249581	0.0005170640049
249582	0.0005850981019
249583	0.001419232899
249584	0.0005960199569
249585	0.00246837987
249586	0.001109668765
249587	1.425876901e-05
249588	0.0006435511658
249589	0.001108297796
249590	1.438259416e-05
249591	0.0002316693685
249592	0.002677512208
249593	0.0002548132893
249594	0.0004974054508
249595	0.0003518268169
249596	0.006155396484
249597	0.0008747843731
249598	0.002344717763
249599	0.002247116057
249600	0.001664772008
249601	0.0003820104975
249602	0.001148592516
249603	0.001163502077
249604	0.0009710719416
249605	0.0008841791209
249606	0.001563422752
249607	0.002893748966
249608	2.187042324e-05
249609	0.00130158456
249610	0.001582927882
249611	4.707404134e-08
249612	0.0003346874912
249613	0.0007707650204
249614	0.001111146505
249615	0.0005522319879
249616	0.0003225099513
249617	0.00010573061
249618	4.121415163e-08
249619	0.002178448879
249620	1.12568358e-08
249621	0.000224101984
249622	0.001362611025
249623	0.001390701789
249624	0.0001758317874
249625	0.0006540199436
249626	0.001218195093
249627	0.001903440129
249628	0.002170092841
249629	0.002625560996
249630	0.004096531096
249631	4.991731069e-05
249632	0.003116872568
249633	0.0008867103366
249634	6.784043317e-05
249635	0.0006861527241
249636	0.001950046353
249637	0.0002773272926
249638	3.093215323e-05
249639	0.0006566205625
249640	0.0007782950929
249641	0.0001804982826
249642	0.001778541637
249643	0.002597748432
249644	9.173819898e-05
249645	0.00227435722
249646	0.001997861581
249647	0.0002733100936
249648	0.003241256309
249649	0.001177401364
249650	0.0004385387716
249651	0.002295730784
249652	0.0006276051474
249653	0.002227827369
249654	0.002128385491
249655	0.002297840073
249656	0.0009621752859
249657	0.001472446239
249658	0.002355235777
249659	0.0004116881473
249660	0.001041552969
249661	0.002286031359
249662	0.0003531746609
249663	0.000147467861
249664	0.0008662596679
249665	0.003783681034
249666	0.001193118221
249667	0.0002479989498
249668	0.0002274998202
249669	0.0002535151194
249670	0.0001007400308
249671	0.0006549956722
249672	0.0008981924186
249673	0.0006637455377
249674	0.0009771305572
249675	0.002941354825
249676	5.833087729e-08
249677	0.0001805034654
249678	0.0003288474257
249679	9.734271375e-05
249680	0.0003686576353
249681	0.0003877195907
249682	5.219078492e-08
249683	0.002469120521
249684	0.003820675527
249685	0.0001188105611
249686	0.003418807572
249687	0.002321014711
249688	0.002287410708
249689	0.0008854319408
249690	0.003883831725
249691	0.001102008864
249692	0.002536848939
249693	0.00305636744
249694	0.00111910967
249695	0.003530069786
249696	0.0001212825229
249697	0.0002019634341
249698	0.001794244523
249699	0.00219685687
249700	0.0004216105291
249701	0.001227915515
249702	0.0005949604823
249703	0.002015461862
249704	0.0008108542407
249705	0.001174754098
249706	0.003492955426
249707	0.001696193642
249708	5.825117699e-05
249709	0.003135374889
249710	0.002056725811
249711	0.0007246532258
249712	0.003805532572
249713	0.0009753012812
249714	0.0002302374305
249715	0.003970877163
249716	0.001417629201
249717	0.002184073734
249718	0.0008187587236
249719	0.001206270627
249720	0.0005511579272
249721	0.0001300526458
249722	0.0004099482205
249723	0.000365494561
249724	0.0001982897066
249725	0.0005112699852
249726	0.0004556592839
249727	7.329818197e-05
249728	9.466347227e-05
249729	0.001994076405
249730	0.0002682528165
249731	0.001789285177
249732	0.002756006518
249733	0.002632206993
249734	0.003706809776
249735	0.0008299275592
249736	0.001754116088
249737	0.0003480898715
249738	0.001637049995
249739	0.002749127563
249740	0.002560482441
249741	0.002253697401
249742	0.003576990551
249743	0.001573386911
249744	0.0003509273699
249745	0.002048269085
249746	0.0007537784057
249747	0.001255337837
249748	0.001031743758
249749	0.001051724238
249750	0.001419515909
249751	0.00170821432
249752	0.0001574801966
249753	0.005045377672
249754	0.0002624655587
249755	0.004066723829
249756	0.0008666365664
249757	0.0008192721824
249758	0.0004499772962
249759	0.0008410245482
249760	0.002324739246
249761	0.004634728186
249762	0.0004828925884
249763	8.713449329e-05
249764	0.001155214571
249765	0.0008658571198
249766	0.002900230055
249767	0.001998514345
249768	1.643713826e-05
249769	0.004196933198
249770	0.002857377515
249771	0.004075218983
249772	0.001324619956
249773	0.00134582411
249774	0.001109781218
249775	0.001183855928
249776	0.004422933096
249777	0.002974185473
249778	0.0003399936978
249779	0.002258048335
249780	0.0001398191259
249781	0.0006577821798
249782	0.002392032396
249783	0.001877402836
249784	0.003216673991
249785	0.002181310992
249786	0.000678517509
249787	0.00377010141
249788	0.001858556959
249789	0.001545328004
249790	0.001334500495
249791	0.0005511457202
249792	0.004587792248
249793	0.00200145441
249794	0.002889924017
249795	0.000153209585
249796	0.002057037707
249797	0.004193951638
249798	0.006952097142
249799	0.001048277251
249800	0.002311291721
249801	0.003647330696
249802	0.0001957099633
249803	0.0003707718686
249804	0.001502899548
249805	0.00473148879
249806	0.0004791361408
249807	0.000647924458
249808	0.002765961528
249809	0.003358431076
249810	0.0001821830068
249811	0.0004097382785
249812	0.003299995878
249813	0.002885029038
249814	0.0007124917051
249815	0.004064844841
249816	0.004136219125
249817	0.004851909885
249818	0.00156842977
249819	6.532966139e-05
249820	0.0008718436357
249821	0.0003396463018
249822	0.005976394496
249823	0.001270639445
249824	2.446512377e-05
249825	0.002735920765
249826	0.003866753303
249827	0.003616826888
249828	0.00012496667
249829	0.003088625033
249830	0.0002092544524
249831	0.0006762171583
249832	0.002339908334
249833	0.004053749385
249834	0.003742952717
249835	0.001208486307
249836	0.001349086569
249837	0.0004316871982
249838	0.000728223187
249839	0.002522037127
249840	0.002824576964
249841	0.0002698736377
249842	0.001894188806
249843	0.0001798518709
249844	0.002965027915
249845	8.739711415e-05
249846	0.00019412988
249847	0.000626974916
249848	0.000732493373
249849	0.002431065363
249850	0.0001054244646
249851	0.0001085079144
249852	0.0008387394997
249853	0.00964531056
249854	0.001172499771
249855	0.006935107105
249856	0.001752437546
249857	0.001236917859
249858	0.0007326600036
249859	7.127365613e-05
249860	0.0003203972371
249861	0.002079506037
249862	0.0008844494811
249863	0.005098273532
249864	0.00231372278
249865	0.006063200599
249866	0.002385748894
249867	0.0008643367911
249868	0.002271510863
249869	0.001186114841
249870	0.001301089713
249871	0.001275707531
249872	0.001697076501
249873	0.0007284413456
249874	0.002810146816
249875	0.002896298389
249876	4.73437935e-05
249877	0.002069986249
249878	0.001479209038
249879	0.001630206661
249880	0.002845438346
249881	0.0009912239161
249882	0.003535021451
249883	8.253060528e-06
249884	0.0006865500134
249885	0.0002328120774
249886	0.0006775716536
249887	0.002115108803
249888	0.00129641881
249889	4.563893212e-05
249890	0.001960438545
249891	0.001562869179
249892	0.002056970996
249893	0.007437780597
249894	0.0004949056701
249895	6.724595456e-05
249896	8.413323369e-05
249897	0.001140240872
249898	0.001580269577
249899	0.007317593228
249900	0.0006518613527
249901	0.001261255494
249902	0.006656725643
249903	0.005899303941
249904	0.00132137269
249905	0.001221344387
249906	0.0006490612077
249907	0.001123136791
249908	0.001340622069
249909	0.0003745784712
249910	0.0008810771483
249911	0.001848335538
249912	0.003054801656
249913	0.0004016402351
249914	0.001040089608
249915	0.001899951695
249916	0.002441201313
249917	0.001218525227
249918	0.003538829237
249919	0.002605964623
249920	0.001829185481
249921	0.001141625817
249922	0.001718887196
249923	0.00221944249
249924	0.001170767333
249925	0.0003066716929
249926	0.0004954089438
249927	0.000396213194
249928	0.0007216689214
249929	0.000131219635
249930	0.0001358730691
249931	0.0004380407543
249932	0.000932492378
249933	0.0001472694238
249934	0.0002380066027
249935	0.0004843482689
249936	0.0004533481752
249937	0.002871223183
249938	0.0009024953171
249939	0.0005893564681
249940	0.001053871949
249941	0.0009635022292
249942	0.002785613536
249943	0.0005633729654
249944	0.005545359587
249945	0.002999738859
249946	0.000558032021
249947	8.807786942e-05
249948	0.002169549262
249949	0.0001089356295
249950	0.001373685184
249951	0.002431208274
249952	0.001801507257
249953	0.001689681101
249954	0.002959786802
249955	0.0005769922569
249956	0.001132924443
249957	0.0001768465065
249958	0.0002495343417
249959	0.005470085066
249960	0.0002121795353
249961	0.002855051376
249962	0.001950073601
249963	0.002835117543
249964	0.002500066181
249965	0.006071462854
249966	0.00107209032
249967	0.002255417816
249968	0.0005517802707
249969	8.963751969e-05
249970	0.0005389339161
249971	8.192762907e-05
249972	0.001663023346
249973	0.001293532902
249974	0.001302349028
249975	0.000715482867
249976	0.002989211567
249977	0.00356975043
249978	7.402640568e-05
249979	0.002795823924
249980	0.005023060341
249981	0.002458547744
249982	5.883514419e-05
249983	0.004223246545
249984	0.001612227633
249985	0.002177533283
249986	0.003661868984
249987	0.0004181314596
249988	0.002772695762
249989	0.0007106155715
249990	0.0008036321759
249991	0.0008511030888
249992	0.0006504017434
249993	0.001061467433
249994	0.0006099679169
249995	0.002475708534
249996	0.001790997534
249997	0.002431562541
249998	0.001988190074
249999	0.002130119658
250000	0.001262171824
250001	0.004032339347
250002	0.003018879526
250003	0.00284127035
250004	0.0006130479472
250005	0.0008951969913
250006	0.002800118992
250007	0.003997516249
250008	0.004480940255
250009	0.000701509695
250010	0.00410885126
250011	0.001839664887
250012	0.002247088541
250013	1.074930958e-05
250014	0.002046912455
250015	0.002395208946
250016	0.003452167133
250017	0.001858829534
250018	0.00166810996
250019	0.0001515310561
250020	0.001770630799
250021	0.0001590594248
250022	0.001790918595
250023	0.000748914754
250024	3.383258803e-05
250025	0.003109218674
250026	0.00311889108
250027	0.0003779531365
250028	7.632171606e-06
250029	0.003612776177
250030	0.001939948218
250031	0.002853713295
250032	0.004817281764
250033	0.001536301772
250034	0.001639935941
250035	0.004733306949
250036	0.001206050766
250037	0.006661623989
250038	0.0008874903726
250039	0.00061882812
250040	0.004388260315
250041	0.002208596853
250042	0.001935698256
250043	0.001980751143
250044	0.001757744946
250045	0.003052336827
250046	0.001817975109
250047	0.002318119488
250048	0.001523249449
250049	0.003031257041
250050	0.0008520224244
250051	0.001506555053
250052	0.002800509401
250053	0.0003997433192
250054	0.001111766852
250055	0.002594879227
250056	0.001602035508
250057	0.001156193924
250058	0.0004240509679
250059	0.001216729693
250060	0.004309236878
250061	0.004819326151
250062	0.001969814586
250063	0.0005829948852
250064	0.003271270331
250065	0.00181536911
250066	0.007714509178
250067	0.004176643754
250068	0.00324431445
250069	1.831684902e-05
250070	0.004103360225
250071	0.0005098522648
250072	0.0001393414641
250073	0.001427224669
250074	0.0009340067552
250075	0.00115810746
250076	0.001385728123
250077	0.003442325495
250078	0.00573227602
250079	0.001526854634
250080	1.171559024e-05
250081	0.001328618737
250082	0.004869006345
250083	0.0001349947939
250084	0.0008484828638
250085	0.0006892448048
250086	0.004020282947
250087	0.0008802806674
250088	0.001086414371
250089	0.002103921921
250090	0.003650681476
250091	0.001057479081
250092	0.001746438854
250093	0.003345748497
250094	0.0005342925198
250095	0.0008241758073
250096	0.004131023415
250097	0.005379511373
250098	0.005282512794
250099	0.004438609688
250100	0.003405340622
250101	0.001035354316
250102	0.0002105226044
250103	0.002243670713
250104	0.0016281216
250105	0.0007721240087
250106	0.001930074114
250107	0.004085356282
250108	0.0004172708817
250109	0.0002810074427
250110	0.002678737108
250111	0.003893882769
250112	0.000892915832
250113	0.0008789848026
250114	0.001265739469
250115	0.002420439368
250116	0.0007725431558
250117	0.002514927469
250118	0.003676395669
250119	0.005405950991
250120	0.004621726666
250121	0.0002292196863
250122	0.0004556877726
250123	0.0003584960993
250124	0.002693063642
250125	0.000211832382
250126	0.001733456981
250127	0.004928360949
250128	0.003449688042
250129	0.0001582358004
250130	0.002319705171
250131	6.714684018e-05
250132	0.001289511484
250133	0.0005750093004
250134	0.001061473608
250135	0.0006332815562
250136	0.002534762457
250137	0.0003411252865
250138	0.001270312379
250139	0.0001236057413
250140	0.002347416837
250141	2.496422487e-05
250142	0.002663936628
250143	0.001733532133
250144	8.88971654e-05
250145	0.000926762506
250146	0.001838989445
250147	0.001277801579
250148	0.0006386325308
250149	0.001051520832
250150	0.0007522233194
250151	0.000265048951
250152	0.004897070003
250153	0.002538086147
250154	0.001212392005
250155	0.0009076615227
250156	0.0009708310952
250157	0.0001046056176
250158	0.000745106734
250159	8.778260242e-05
250160	8.618120333e-05
250161	0.0001605579414
250162	0.0007474480766
250163	0.002807051712
250164	0.000395951878
250165	0.001844926286
250166	0.002396717489
250167	0.0001201459992
250168	0.004090399819
250169	0.00340100437
250170	0.003445172739
250171	0.002130413685
250172	7.407216812e-05
250173	0.002744247737
250174	0.007364725005
250175	0.002983479205
250176	0.00315115349
250177	0.0009070511987
250178	0.0001989581669
250179	8.996241505e-05
250180	0.001309584997
250181	0.0004544831873
250182	0.001215817116
250183	0.0004875117398
250184	0.00261974205
250185	0.0003192239275
250186	0.0007917195026
250187	0.0003686299358
250188	0.0007099557076
250189	0.002446898193
250190	0.0004212463458
250191	0.000596838238
250192	1.588159089e-05
250193	0.001362613144
250194	0.0005713909849
250195	0.001017659218
250196	0.0002920170648
250197	0.001635212843
250198	0.001978294691
250199	0.001124998701
250200	0.0001701970982
250201	0.0008337461607
250202	0.001341813956
250203	0.001595891782
250204	0.002441549524
250205	0.0008946654219
250206	0.0003536950785
250207	0.0008963727428
250208	0.0007471092977
250209	0.004478538845
250210	0.002817475805
250211	0.003906254724
250212	0.0001927170655
250213	0.0003666610405
250214	0.002231173589
250215	0.0001849449398
250216	0.000471436419
250217	0.0002090622646
250218	4.567383351e-05
250219	0.001373148116
250220	0.001085530723
250221	0.00511507658
250222	0.001657752872
250223	0.0002190639556
250224	0.001048373437
250225	0.0008538219311
250226	0.001216261276
250227	0.0008024770438
250228	0.002289736662
250229	0.001716461544
250230	0.003943901253
250231	0.00178214065
250232	0.0003466512313
250233	0.001804111404
250234	0.0007074650753
250235	0.002945864497
250236	0.001042470655
250237	0.0002738684406
250238	0.0002970055301
250239	0.0008105856202
250240	8.596732169e-05
250241	0.001981787441
250242	0.0002559550443
250243	0.0002283622045
250244	0.0008872347634
250245	0.0003573949736
250246	0.001852567739
250247	0.0009983782961
250248	0.001989093758
250249	0.0002368529048
250250	6.290469929e-05
250251	0.002675573413
250252	0.0001992318897
250253	0.0001618339997
250254	0.001049824018
250255	0.0002772108131
250256	6.168455017e-07
250257	0.0005068511909
250258	0.0003692656618
250259	0.0005818873816
250260	0.0007256680463
250261	0.0002618270494
250262	0.0004118550934
250263	0.0006760493294
250264	0.0008917239745
250265	1.261803299e-06
250266	0.0001368419631
250267	0.003871691542
250268	0.002963735934
250269	0.001898167061
250270	0.001896266586
250271	0.002921045255
250272	0.002447681728
250273	0.002321411042
250274	0.005352666282
250275	0.002557742864
250276	0.001093823024
250277	0.0002268735128
250278	0.0005628621327
250279	0.00254775752
250280	0.0001613313558
250281	0.002999614059
250282	0.002327710295
250283	0.000198442835
250284	0.001107267672
250285	0.00129425163
250286	0.002046266352
250287	6.797041784e-05
250288	0.0009180811489
250289	0.001266394263
250290	0.000996224208
250291	0.00268141006
250292	0.002919282066
250293	0.001136255748
250294	0.002639265842
250295	0.001476673596
250296	0.0002860797236
250297	0.002234103686
250298	0.002546804613
250299	0.002352406496
250300	0.0004180375391
250301	0.0009433816989
250302	0.001372592048
250303	0.0011575019
250304	0.004377687947
250305	0.001939352024
250306	0.0007366748183
250307	0.0003156971245
250308	0.002528127268
250309	0.0001258338145
250310	0.001035175174
250311	0.001274752336
250312	0.004736034808
250313	0.0002105437192
250314	0.001567635047
250315	0.002432927945
250316	0.001866227038
250317	8.054291329e-05
250318	0.000637996441
250319	0.002351482586
250320	0.000729033353
250321	0.0007579726481
250322	0.002259830071
250323	0.000101909626
250324	0.005868183702
250325	0.001738664128
250326	0.001862121329
250327	0.006200342026
250328	0.003557114681
250329	0.001410765986
250330	0
250331	0.0003646703283
250332	0.0009442282519
250333	0.0006084938748
250334	0.004571431206
250335	0.002527829133
250336	0.0007528684111
250337	0.005063570884
250338	0.0008198929279
250339	0.001493891024
250340	0.001267112658
250341	0.0007452480108
250342	0.007776162377
250343	0.001016008452
250344	0.001159924523
250345	0.0003037404528
250346	0.001920562885
250347	0.003808442133
250348	0.001162914925
250349	0.00090933354
250350	0.003091793258
250351	0.0009283533838
250352	0.00297752141
250353	0.0002790985068
250354	0.0005879518872
250355	0.0008537677067
250356	0.002650040493
250357	0.003181910712
250358	0.001831472423
250359	0.001366175942
250360	0.0005296199581
250361	0.0005476798114
250362	0.01053804559
250363	0.00556858269
250364	0.0004818948657
250365	0.005806501616
250366	0.0002077559355
250367	0.001108190006
250368	0.001149491621
250369	0.0001947054632
250370	0.001731828657
250371	0.005328656343
250372	0.007723489627
250373	0.006499928959
250374	0.001477533489
250375	0.002510792188
250376	0.002415427771
250377	0.0001755018704
250378	0.0007649971581
250379	0.0001166098076
250380	0.001873738643
250381	0.002280103721
250382	0.005393340621
250383	0.00363972686
250384	0.001346363286
250385	0.002901331455
250386	0.0004877698969
250387	0.001256660133
250388	0.002971706995
250389	0.0003416744404
250390	0.0007665491646
250391	0.0001474793601
250392	0.0005667231577
250393	0.004309814047
250394	0.002022018428
250395	0.001850928347
250396	0.007956913981
250397	0.003895405114
250398	0.001954508737
250399	0.001154940442
250400	0.002974291983
250401	0.003230546735
250402	0.000455352243
250403	0.002716745269
250404	0.00274613477
250405	0.002714158527
250406	0.00265695296
250407	0.002918052574
250408	0.003129621275
250409	0.002767498479
250410	0.002495395207
250411	0.002806152309
250412	0.002559272586
250413	0.002678889089
250414	0.002027486616
250415	0.002704219137
250416	1.786031822e-06
250417	1.550373321e-07
250418	0.0005691813999
250419	0.0007785529266
250420	0.0003581225228
250421	0.0002097190576
250422	0.0005691315629
250423	0.0002422630992
250424	0.0007430115432
250425	0.0005688173943
250426	0.0001037713775
250427	0.0001687368746
250428	0.0002197586276
250429	0.0001491635915
250430	0.0003252771555
250431	0.0003225401701
250432	0.0007724012728
250433	4.188339463e-06
250434	1.442921701e-07
250435	0.001554638851
250436	0.002081331491
250437	0.0001531355786
250438	0.001590219193
250439	0.002951237171
250440	0.002203044944
250441	0.001278390164
250442	0.002273633471
250443	0.0005584095998
250444	0.0005797777502
250445	0.001059742992
250446	0.0006030962583
250447	0.0019960141
250448	0.002954974383
250449	0.0009741820021
250450	0.0005947346757
250451	0.002890588495
250452	0.001387880993
250453	0.003800450612
250454	0.0005353059124
250455	2.046697449e-07
250456	0.0002946235855
250457	0.0008322893384
250458	0.0009501275104
250459	0.001703147611
250460	0.0001255579396
250461	0.0006873763579
250462	0.0001356759792
250463	0.0005161439637
250464	0.001256014045
250465	0.0023681448
250466	0.001696053582
250467	0.003175247134
250468	0.002161275925
250469	0.0001396755668
250470	0.00233731283
250471	0.000229241451
250472	0.0005956749721
250473	0.001919409848
250474	0.00165849229
250475	0.00234343185
250476	0.002277326531
250477	0.001502761518
250478	0.001102407905
250479	0.0003176530097
250480	0.001007216666
250481	0.003092906377
250482	8.251381148e-05
250483	0.001717780666
250484	0.003640408783
250485	0.0003999880235
250486	0.00180882522
250487	0.0008792341359
250488	0.002173966092
250489	0.003755747314
250490	0.000751722326
250491	0.003581791688
250492	0.002240568322
250493	2.506857341e-05
250494	0.0001762344833
250495	0.001558369374
250496	0.0006134439306
250497	0.0002537845999
250498	5.47158803e-05
250499	0.001390986435
250500	0.001192631823
250501	0.001956694472
250502	0.001955900365
250503	0.0005586386586
250504	0.0006135854145
250505	0.001211219692
250506	3.852479171e-05
250507	0.002008144591
250508	0.001718116002
250509	0.0009261840728
250510	9.693217024e-05
250511	0.003105419113
250512	0.0020941524
250513	0.0008509053497
250514	0.001241886369
250515	0.002038872268
250516	0.001051239329
250517	0.0002365390361
250518	0.001303035575
250519	0.0004790880394
250520	0.002035594853
250521	0.00142755661
250522	0.003585120245
250523	0.001242514938
250524	8.446092112e-05
250525	0.001680276491
250526	0.001088817121
250527	0.001672002413
250528	0.001096104323
250529	7.680379717e-05
250530	0.002910860945
250531	0.001605399812
250532	4.676009568e-05
250533	0.0002141229857
250534	0.002108290612
250535	0.002177164614
250536	0.001380038919
250537	0.002942312108
250538	0.0004203122844
250539	0.001377129316
250540	0.003217213543
250541	0.0002716105051
250542	0.0004047865778
250543	0.002790641335
250544	0.0004209271389
250545	0.0005353708616
250546	0.002133172227
250547	0.002592549507
250548	0.001742579331
250549	0.002150076634
250550	0.001985848082
250551	0.002676544836
250552	0.00266849675
250553	0.002172217848
250554	0.0002234250194
250555	0.002401794484
250556	0.001034922097
250557	2.212093003e-05
250558	0.0009077814128
250559	0.003800402215
250560	0.002937153041
250561	0.001869512225
250562	0.000913658711
250563	0.001820746379
250564	0.0001159143016
250565	2.802260529e-05
250566	0.001899478527
250567	0.002719328205
250568	0.002149362151
250569	0.00136856783
250570	0.002457619994
250571	0.0008588966633
250572	0.002071669355
250573	0.002710265568
250574	6.956445589e-05
250575	0.001848183312
250576	0.00158069407
250577	0.0007106827128
250578	9.492977891e-05
250579	9.119463558e-05
250580	1.47894275e-07
250581	0.0002713750303
250582	0.0009039749147
250583	0.0009776205153
250584	0.0007118601313
250585	0.0009164940663
250586	0.004806048153
250587	7.217263327e-05
250588	0.002306491931
250589	0.003086550047
250590	0.001860284852
250591	0.002687510711
250592	0.0008065351502
250593	0.0026442937
250594	0.001765744134
250595	0.002894178453
250596	0.0005189482628
250597	0.001137644174
250598	0.0003169525576
250599	0.001354866671
250600	0.0005591615378
250601	0.0008620739228
250602	0.001761721561
250603	0.0008809890162
250604	0.0007612889806
250605	0.0007004922948
250606	0.0005337468403
250607	0.001904609455
250608	0.0005277248813
250609	0.001709859347
250610	0.00186840442
250611	0.00267980288
250612	0.0005409609465
250613	0.003530697796
250614	0.003236520268
250615	0.003491537736
250616	9.823542978e-05
250617	0.001150589648
250618	0.00157063016
250619	0.001699400341
250620	0.001620915725
250621	0.0003042073713
250622	0.0003336211307
250623	0.0007169815417
250624	0.0003929975782
250625	0.00115304005
250626	0.0001955576738
250627	1.461277434e-05
250628	0.0001955918548
250629	0.0003572440283
250630	0.002963121103
250631	0.001001102009
250632	0.001351168693
250633	0.001472411354
250634	0.0005848583112
250635	0.001669518132
250636	0.0006564463758
250637	0.0001214845934
250638	8.219317887e-05
250639	0.003499738844
250640	0.005033125387
250641	0.005295879916
250642	0.002372987549
250643	0.001211903903
250644	0.0007043344072
250645	0.003185640986
250646	0.000407405735
250647	0.0003953112007
250648	0.002017373326
250649	0.003262277512
250650	0.003248386642
250651	0.0003212983577
250652	5.80347277e-06
250653	0.0005617653421
250654	0.003039934532
250655	0.001269707595
250656	0.0008361358392
250657	0.001151941769
250658	0.00119444952
250659	0.001078748394
250660	0.0001117864341
250661	0.0002897280611
250662	0.001089779776
250663	0.0008140059908
250664	0.001732630457
250665	0.0009961339472
250666	0.0006037546333
250667	0.001947739992
250668	0.002576163567
250669	0.0008721629685
250670	0.001460700221
250671	0.001078014554
250672	0.001128005443
250673	0.001501101251
250674	0.0009303630392
250675	0.0009740987224
250676	0.005897264962
250677	0.0003786771594
250678	0.0001411889079
250679	0.000154900462
250680	0.002589981445
250681	0.0005529895663
250682	0.0002461077535
250683	0.002497046275
250684	0.007566307955
250685	0.00399749194
250686	0.002456950795
250687	0.002744274245
250688	0.007770523752
250689	0.004092940072
250690	0.001779082515
250691	0.004779900361
250692	0.00368934113
250693	0.003698218198
250694	0.005456920352
250695	0.001786922961
250696	0.007973591183
250697	0.001842950543
250698	0.001365897886
250699	0.0004403980054
250700	0.0007716235752
250701	0.0009823619397
250702	0.003145426107
250703	0.001190694908
250704	0.0009717678327
250705	0.002842758929
250706	0.00152844745
250707	0.001585947993
250708	0.001157171738
250709	0.0008997044544
250710	0.0006125721183
250711	0.004705165934
250712	0.0005044041252
250713	0.002456011969
250714	0.0005042927526
250715	0.003062460632
250716	0.002636618105
250717	0.0005049146812
250718	0.004626502101
250719	0.0003161127165
250720	0.007341232075
250721	0.004719340774
250722	5.021601275e-05
250723	0.003158037493
250724	0.0002405728875
250725	5.076004651e-05
250726	0.0009900620422
250727	2.413568739e-06
250728	0.003157487023
250729	0.00116522044
250730	0.001701490148
250731	0.0006473478641
250732	0.0004203939419
250733	0.001062449898
250734	0.002468724183
250735	0.006520797478
250736	0.00490045927
250737	0.004424804095
250738	0.0008178100762
250739	9.952722996e-05
250740	0.005525097932
250741	0.0001009655409
250742	0.0005946342346
250743	0.0003680690531
250744	6.012875353e-05
250745	0.0006672748126
250746	0.002182343805
250747	0.00362233551
250748	8.326006288e-06
250749	0.004946685157
250750	0.0004536892116
250751	0.0002469211784
250752	0.00365844622
250753	0.0009781541926
250754	0.0007435282367
250755	0.003108763121
250756	0.0006389351571
250757	0.002806750367
250758	0.0004912559874
250759	0.000426120202
250760	0.003507517564
250761	0.002864662938
250762	0.001646835289
250763	0.003220770635
250764	2.499657441e-05
250765	0.003380587127
250766	0.0005408191162
250767	0.00234115613
250768	0.0007057669074
250769	0.002370075459
250770	0.003725469619
250771	0.003571313951
250772	1.688878529e-05
250773	0.0003951903026
250774	0.0005374521877
250775	0.002761377313
250776	0.0002950643727
250777	0.001099089402
250778	0.001826116937
250779	0.00220136066
250780	1.192467306e-07
250781	0.002349413914
250782	0.001853458643
250783	0.001140198826
250784	0.002639891589
250785	0.00276672244
250786	0.004352023016
250787	0.001454039859
250788	6.683133123e-05
250789	0.0003379086708
250790	0.003932380306
250791	0.002425425944
250792	0.002626627538
250793	0.0012419298
250794	7.997065855e-05
250795	0.001719455043
250796	0.00124169512
250797	0.002276354117
250798	0.001355661481
250799	0.001591868349
250800	0.001213240937
250801	0.002341228158
250802	0.001714724667
250803	0.001059788408
250804	0.002841725321
250805	0.003828992783
250806	0.001372218626
250807	0.003345365669
250808	7.950906541e-05
250809	0.0002377012357
250810	0.003988617019
250811	0.0009167467826
250812	0.004976824942
250813	0.0005976305407
250814	0.003462842929
250815	7.106273562e-05
250816	2.196228721e-05
250817	8.066364553e-05
250818	4.857761492e-05
250819	0.0001256310113
250820	9.682261054e-05
250821	0.002613523549
250822	0.001153071113
250823	0.0004786145666
250824	0.0008370899455
250825	0.0007930410296
250826	0.002960959839
250827	7.508466416e-05
250828	0.002243279901
250829	0.002400218513
250830	0.0005116794905
250831	0.0009221941128
250832	0.0003977094947
250833	0.001965589228
250834	0.0001882989163
250835	0.0003806700823
250836	0.0004937547701
250837	0.002647750666
250838	0.001626641634
250839	0.001410709356
250840	0.002594706014
250841	0.001470918069
250842	0.002535745415
250843	0.00203843583
250844	0.002951754279
250845	0.00434972354
250846	0.0004112072836
250847	0.002007697135
250848	0.0005904670706
250849	0.0003431709162
250850	0.001735707131
250851	0.0003041877494
250852	0.000617164737
250853	0.0006845681207
250854	0.000355786857
250855	0.002517122995
250856	0.00186893354
250857	0.00146726391
250858	0.00230846749
250859	0.0009918170735
250860	0.001861418157
250861	6.833268605e-05
250862	0.0002241992309
250863	0.002736539401
250864	0.001249071522
250865	0.001369990422
250866	0.0008496926691
250867	0.0004957962032
250868	0.0009921104097
250869	0.001938486329
250870	0.0001492918785
250871	0.0005508103628
250872	0.0003221123898
250873	0.0003745125863
250874	0.000514961888
250875	0.0009498984322
250876	0.002313667016
250877	0.001226505255
250878	0.0006466071235
250879	0.0008126101957
250880	0.0002409843016
250881	9.496825845e-05
250882	0.0008993856522
250883	0.0002962897096
250884	0.0004344426817
250885	4.61420713e-05
250886	4.504677236e-05
250887	0.0007332007994
250888	0.001831461734
250889	0.0007306884397
250890	0.0006189658979
250891	0.001328733702
250892	0.0001969172696
250893	0.0006037851279
250894	0.001673517113
250895	0.0002934723939
250896	0.0002970951222
250897	0.0001833476842
250898	0.0006750242813
250899	8.431217748e-06
250900	0.0004612682286
250901	0.002075316478
250902	0.002091995866
250903	0.001406228405
250904	0.0001541706969
250905	0.003364418012
250906	0.001149363781
250907	0.0001093364437
250908	0.001619461881
250909	0.00100961415
250910	0.0009977937079
250911	0.001850706258
250912	0.001165843949
250913	0.001717411388
250914	5.140555546e-05
250915	0.002309772734
250916	0.001595486088
250917	0.001548830468
250918	0.002722989547
250919	0.001110953413
250920	0.001754874897
250921	0.001311437795
250922	0.0008582223678
250923	0.0003372791453
250924	0.001499714868
250925	0.00261671952
250926	0.001085867866
250927	0.001210223039
250928	0.001742645631
250929	0.001071599537
250930	0.0007362750676
250931	0.002902847255
250932	0.0005846675382
250933	0.0003690218092
250934	0.001396472118
250935	0.00247587273
250936	0.002217398554
250937	0.002363884588
250938	0.0008885903659
250939	0.0004688531819
250940	0.003061438349
250941	0.00285153575
250942	0.0004566395004
250943	0.002454927368
250944	0.0005515891734
250945	0.0005349124765
250946	0.0006273520553
250947	0.0006451995226
250948	6.60312456e-06
250949	0.001489269973
250950	0.001304118042
250951	0.0003847437697
250952	0.0002978206144
250953	0.001313874305
250954	0.001184022757
250955	0.0004820582128
250956	0.001475425738
250957	0.0003693247002
250958	0.0006069616642
250959	7.239629839e-06
250960	0.0002166315987
250961	0.001713209401
250962	0.0006017636113
250963	0.000325010308
250964	0.000288501358
250965	0.0007837258557
250966	2.256119479e-05
250967	0.001433757663
250968	0.002824487902
250969	0.003011094646
250970	0.0006176883636
250971	0.0003166558896
250972	0.0001262331177
250973	0.002270056602
250974	0.0009887965181
250975	0.000318475492
250976	0.002023730607
250977	0.0006001731937
250978	0.002808427036
250979	0.001051185723
250980	0.000387829942
250981	0.0003075615139
250982	0.001265193207
250983	0.0007772143122
250984	0.0001609332746
250985	0.0008260904332
250986	0.0007487760548
250987	0.001913868971
250988	0.0001897567137
250989	0.001979150929
250990	0.003776116934
250991	0.001503945817
250992	0.001900984048
250993	0.000277643031
250994	0.0009989436352
250995	0.0005973364102
250996	0.001846300609
250997	0.001069888817
250998	0.000662348093
250999	0.0009797746934
251000	0.0007306004811
251001	0.0005818073243
251002	0.001002249511
251003	0.001567320938
251004	0.0009343743908
251005	0.0009037565599
251006	0.0001860619281
251007	4.60506926e-08
251008	0.0002455554632
251009	0.0005603927165
251010	0.000191262439
251011	3.219884325e-05
251012	0.001798550534
251013	0.0008353908259
251014	0.00315330401
251015	0.003642946482
251016	0.0009446607824
251017	0.000529739338
251018	0.002655769578
251019	0.002637632069
251020	0.0003581582391
251021	0.00259841603
251022	0.0008036910365
251023	0.001067223993
251024	0.003454411872
251025	0.001678661431
251026	0.0003536380466
251027	0.003402184949
251028	0.00378214909
251029	0.0003135197804
251030	0.003754385703
251031	0.002841982317
251032	0.003553290401
251033	0.0005042982654
251034	0.002358470497
251035	0.003179802027
251036	0.003517358439
251037	0.002527246139
251038	0.0007786758871
251039	8.159150012e-05
251040	0.002325931324
251041	0.0006823795348
251042	0.00244540207
251043	0.0006205672515
251044	0.002614350812
251045	0.0005316917807
251046	0.0005108613217
251047	0.001061359486
251048	2.783732287e-05
251049	9.951817336e-07
251050	0.002792370927
251051	0.001437900335
251052	0.00107928201
251053	0.004657188174
251054	0.003973163526
251055	0.001172616581
251056	0.0003987935115
251057	0.004641596751
251058	0.004155710346
251059	0.001174683509
251060	0.004031975715
251061	0.002285631491
251062	0.002044202712
251063	0.001978112325
251064	0.002868032261
251065	0.002930325529
251066	0.002292466984
251067	0.0009266350714
251068	0.002181161242
251069	0.002604437308
251070	0.002122949121
251071	9.449994384e-05
251072	0.001858609554
251073	0.002310283691
251074	0.00171729109
251075	0.00291068256
251076	0.0003064402003
251077	0.002264506242
251078	0.002530475123
251079	0.000482304384
251080	0.002458708445
251081	0.0008686332456
251082	0.004147103996
251083	0.002486387438
251084	0.003490130166
251085	0.002145842283
251086	0.001866102141
251087	0.002025597977
251088	0.000405531496
251089	0.0006032999717
251090	0.0001540790803
251091	0.002832250517
251092	0.0004551499574
251093	0.001927427463
251094	0.003358317864
251095	0.0005106059546
251096	0.001372234439
251097	0.002911062609
251098	0.001070268954
251099	0.001148311746
251100	0.004746248763
251101	0.001744619316
251102	0.002801773434
251103	0.001128663704
251104	0.00037194354
251105	0.003944424613
251106	0.001250227945
251107	0.001284989937
251108	0.003533013002
251109	0.004563673756
251110	0.002488291287
251111	0.00344251911
251112	0.0004356384615
251113	0.003013017156
251114	0.003109683089
251115	0.001981456307
251116	0.001070605298
251117	0.0008842338199
251118	0.001762910794
251119	0.003914635576
251120	0.0002281996109
251121	0.0001773655156
251122	0.001304178322
251123	0.003621696616
251124	0.001425730707
251125	0.0004733927156
251126	0.001487311487
251127	0.001490006229
251128	0.002080179661
251129	0.001116692219
251130	0.003174928581
251131	0.0004254023788
251132	0.001536967389
251133	0.001892887595
251134	0.002551626447
251135	0.0009327454234
251136	0.00341303639
251137	1.034215095e-05
251138	0.002590697369
251139	0.002699293958
251140	3.478248595e-05
251141	0.0002943884805
251142	0.002693648769
251143	0.00127894621
251144	0.0001950734572
251145	0.0001539205075
251146	0.002193124085
251147	0.002367438488
251148	0.00207270812
251149	4.458315318e-05
251150	0.003747138389
251151	0.003851443212
251152	0.002642730323
251153	0.0036433774
251154	0.001537340529
251155	0.002096401525
251156	0.002471898136
251157	0.001181965837
251158	0.0007518848329
251159	0.0005255309286
251160	0.002787121402
251161	0
251162	0.0002538188349
251163	0.0004894895515
251164	0.002671474727
251165	0.0001814497029
251166	0.001580734162
251167	0.0003407959917
251168	0.002435287848
251169	0.003723851227
251170	0.0006784476053
251171	0.002435631895
251172	0.001354376778
251173	0.002309056961
251174	0.0005835237533
251175	0.0001447644674
251176	0.002602888323
251177	0.0003132919252
251178	0.002381961755
251179	0.0001994183669
251180	0.00272909035
251181	0.002771344493
251182	0.002686109642
251183	0.004147513547
251184	5.386128257e-05
251185	0.004662485562
251186	0.001635065208
251187	0.002698770188
251188	0.003455337897
251189	0.0007250380096
251190	0.002755819978
251191	0.00106999105
251192	0.001778108339
251193	2.837986244e-05
251194	0.0008967055333
251195	0.00217013656
251196	0.002132113666
251197	0.0002026060143
251198	0.0006826096528
251199	0.002879375884
251200	0.004236209371
251201	4.054599304e-05
251202	0.002304381031
251203	0.003196620678
251204	0.001278987968
251205	0.0005963570618
251206	0.001477180174
251207	0.002877929457
251208	0.0009839434934
251209	0.003549542277
251210	0.002017576996
251211	0.002878746097
251212	0.001511292649
251213	5.839137356e-05
251214	0.002239568422
251215	0.002505164561
251216	0.003717244925
251217	0.002817411567
251218	0.0002613400781
251219	0.00156027894
251220	0.004255066386
251221	0.002487607876
251222	0.001257458288
251223	0.004134750516
251224	0.001642094502
251225	0.0004067563116
251226	0.0002740770276
251227	0.00255184265
251228	0.002224714769
251229	0.002941278553
251230	0.0002881867055
251231	0.002274327233
251232	0.004095336062
251233	0.004910625334
251234	7.747868084e-05
251235	3.46381973e-05
251236	0.0004671276866
251237	0.0009005252274
251238	0.00378474475
251239	0.0004251865918
251240	0.002399730622
251241	0.0002301488661
251242	0.0006211090501
251243	4.102346808e-05
251244	0.000668090252
251245	0.0005586157028
251246	0.0008601810154
251247	0.0007848082291
251248	0.00194707897
251249	0.001343349563
251250	0.001721412561
251251	0.002993802629
251252	0.0005994034498
251253	0.003863517882
251254	0.002292964917
251255	0.001894304707
251256	0.0001682908999
251257	0.003809519862
251258	0.001000420169
251259	0.004690972404
251260	0.002831909455
251261	0.0003231867458
251262	0.00359986605
251263	0.001230239828
251264	0.0021127734
251265	0.002953221045
251266	0.0007812790155
251267	0.001591170412
251268	0.002162546352
251269	0.003466103482
251270	0.003282427086
251271	0.0009593211615
251272	0.0009375358708
251273	0.0008166241768
251274	0.003291730619
251275	0.0009074657237
251276	0.0002536442832
251277	0.003492328392
251278	0.002017278818
251279	0.0009532203231
251280	0.002392193096
251281	0.0008066522164
251282	0.002038251038
251283	0.002472859168
251284	0.001095968082
251285	0.0002753794903
251286	0.001997540874
251287	0.0002843710143
251288	0.001589387559
251289	0.001580274591
251290	0.002989774479
251291	0.00495334072
251292	0.002320645003
251293	0.003706538914
251294	0.001100278697
251295	0.0007509590371
251296	0.001627200959
251297	0.003479321487
251298	0.0006104632289
251299	0.0008038853099
251300	0.002449424532
251301	0.002348224299
251302	9.12619968e-06
251303	0.003294587617
251304	0.002540383053
251305	0.001259595957
251306	0.003494180123
251307	0.001928089797
251308	0.0002491989809
251309	0.001726120318
251310	0.003135547755
251311	0.0007646281889
251312	0.002039273785
251313	0.002203856669
251314	0.0005060217611
251315	0.001789294855
251316	0.0003338419595
251317	0.002549401089
251318	0.0009353139916
251319	0.0009893882121
251320	0.001602867553
251321	0.00279204823
251322	0.001392576831
251323	0.0011027407
251324	0.00201761647
251325	0.001307868074
251326	0.001477036767
251327	0.002058679463
251328	0.0003980106318
251329	0.002148182789
251330	0.0002962351357
251331	0.002020087183
251332	0.0003613346694
251333	0.0005903308291
251334	0.0007398700887
251335	0.0001555997831
251336	7.035713132e-05
251337	0.003895287281
251338	0.001535432726
251339	0.0005349385495
251340	0.001225086504
251341	0.001274200006
251342	0.0002253496311
251343	0.003351674695
251344	0.001794254097
251345	0.0008686032642
251346	0.001146656554
251347	0.000250271227
251348	0.0004746826721
251349	0.001362651673
251350	0.0002104910585
251351	0.004165248021
251352	0.0002123116371
251353	0.0006850325499
251354	0.0007143716227
251355	0.003005140687
251356	0.001570886013
251357	0.004480707616
251358	0.0006275100649
251359	0.001092146131
251360	0.001092845848
251361	9.066093886e-05
251362	0.004035791432
251363	0.0007474308495
251364	0.004695210888
251365	0.004949044893
251366	0.001850135288
251367	0.00262007662
251368	0.002630051944
251369	0.002197278501
251370	0.002815341398
251371	0.0002289746096
251372	0.001390820122
251373	0.001748913622
251374	0.001344366339
251375	0.002778379153
251376	0.002840539724
251377	0.0001664267747
251378	1.535023087e-06
251379	0.002484555199
251380	0.004692856307
251381	0.001412685205
251382	0.003864517824
251383	0.002407114479
251384	0.001020400464
251385	0.00109406272
251386	0.0004554836802
251387	0.00102974944
251388	0.003967824863
251389	0.002470549787
251390	0.002941095251
251391	0.002429858916
251392	0.002245752595
251393	0.00125601254
251394	0.002412877855
251395	0.0004068905456
251396	0.003026503293
251397	0.001725453375
251398	0.001343457589
251399	0.0003245801105
251400	0.001543738431
251401	0.000194164873
251402	0.001014666472
251403	0.00262369972
251404	0.002878746097
251405	0.003833168637
251406	0.0005594471735
251407	0.0002694326646
251408	0.0007129120778
251409	0.003101943974
251410	0.003102145442
251411	0.002641551202
251412	0.0004077582364
251413	0.001622315624
251414	0.00303899081
251415	0.002411800401
251416	0.0002008210461
251417	0.001958414796
251418	0.001382331742
251419	0.002406705111
251420	0.0009527586943
251421	5.043263435e-05
251422	0.0008719765861
251423	0.0001820092271
251424	0.001753906524
251425	0.001227080585
251426	0.000332552354
251427	0.001419845686
251428	0.001086145396
251429	0.00488555133
251430	0.002758736565
251431	0.001936849339
251432	0.0003985617585
251433	0.001307289408
251434	0.002783108183
251435	0.0008371902526
251436	0.003267427694
251437	0.002415257829
251438	0.001330301672
251439	0.004259122126
251440	0.001412104029
251441	0.00348528504
251442	0.001980502797
251443	0.0004365084816
251444	0.001413930849
251445	0.003611069041
251446	0.0009055543626
251447	0.003166353281
251448	0.0004214929983
251449	0.004628503259
251450	0.0006076199015
251451	0.001507210904
251452	0.002881057835
251453	0.0001140415189
251454	0.001073501757
251455	0.0007103724993
251456	0.004029309164
251457	0.001775296448
251458	0.001915353254
251459	0.0004540823729
251460	0.001326193791
251461	0.0028401682
251462	0.002822103102
251463	0.001204727093
251464	0.001277861201
251465	0.001558615704
251466	0.0006518890002
251467	0.003369433245
251468	0.0001285667072
251469	0.001262389548
251470	0.002562856638
251471	0.001280276182
251472	0.0005005293615
251473	0.00043892791
251474	0.001549606247
251475	0.0004658627249
251476	0.001325076754
251477	0.001026021039
251478	0.003893907987
251479	0.001746229056
251480	0.004295787805
251481	0.003342751953
251482	2.717931989e-06
251483	0.001436112134
251484	0.001668340732
251485	0.0001011883793
251486	0.0002737616557
251487	0.002906307874
251488	0.002596449433
251489	0.002258973157
251490	0.0008329395709
251491	0.006513263577
251492	0.001376508854
251493	0.005131987599
251494	0.003591397993
251495	0.005161143044
251496	0.0008029682981
251497	0.002581588721
251498	0.006219164069
251499	0.0004619444415
251500	0.0004238014208
251501	7.470976981e-05
251502	0.004271585171
251503	0.002608942372
251504	0.004443919319
251505	0.000213239543
251506	0.005322128412
251507	0.002122138853
251508	0.00343273126
251509	0.003517436237
251510	0.0007436762225
251511	0.001318326147
251512	0.001740823779
251513	0.0006718371199
251514	0.005281441485
251515	0.001544188595
251516	0.002827794569
251517	0.003184417627
251518	0.002584490563
251519	0.001364722041
251520	0.001809760237
251521	0.002080763413
251522	0.002858738295
251523	0.00100405317
251524	5.069816193e-05
251525	0.002759376827
251526	0.002174343253
251527	0.001888646691
251528	0.0002447869122
251529	0.001442429484
251530	0.002778645113
251531	0.0006428824809
251532	0.0003829317347
251533	0.002193594809
251534	0.0001994239427
251535	0.0007499383021
251536	0.002034349097
251537	0.0006105175089
251538	0.001338860125
251539	0.002966418873
251540	0.002570260909
251541	0.0009959881561
251542	0.002367192801
251543	2.163172238e-06
251544	0.0004349887416
251545	0.00238065379
251546	0.0006132162573
251547	0.0005481446507
251548	0.0002903089454
251549	0.001515973371
251550	9.383074339e-06
251551	0.002875264322
251552	0.001808196584
251553	0.0003100600095
251554	0.0007496256112
251555	0.001581759219
251556	0.0005001986313
251557	0.00246953182
251558	0.001577709047
251559	0.000440178996
251560	0.002269081271
251561	0.001940200726
251562	0.00178733625
251563	0.002032090687
251564	0.0003802902224
251565	0.001678184304
251566	0.0001505271753
251567	0.002169321516
251568	0.002535238307
251569	0.003058896485
251570	0.001373404066
251571	0.001076447598
251572	0.001107286922
251573	0.0008026315901
251574	0.002543128567
251575	0.0004733473704
251576	0.001543332275
251577	0.000736730762
251578	0.001262222432
251579	0.001138012231
251580	0.0009239880101
251581	0.0001058956826
251582	0.002139217713
251583	0.001328988817
251584	0.0003733285013
251585	0.001690077429
251586	0.0005982056595
251587	0.0002853439854
251588	0.002784457369
251589	0.0008615725613
251590	0.0005219216401
251591	0.0002120379005
251592	0.0007773202114
251593	0.002134807312
251594	0.0006968035252
251595	0.0003840962279
251596	0.001525959978
251597	0.0003914853911
251598	0.0009588386132
251599	0.0007166004159
251600	0.00021579802
251601	0.0001058810041
251602	0.0004722572894
251603	0.004550781027
251604	0.0005606654761
251605	0.0007646661265
251606	0.003104751986
251607	0.001003467331
251608	0.0002398760067
251609	0.00204578164
251610	0.005633506169
251611	0.001423787296
251612	0.0004728725246
251613	0.001871879585
251614	0.0007974444392
251615	0.0006362645294
251616	0.002513233373
251617	0.001945740305
251618	0.001657952019
251619	0.002016529263
251620	0.001105162235
251621	0.001258107062
251622	0.0009222472658
251623	0.0002059326773
251624	0.002339955367
251625	0.001551463704
251626	0.001458362477
251627	0.0008713304915
251628	0.002080043607
251629	0.001420233569
251630	0.003560204203
251631	0.001122735674
251632	0.0003901786435
251633	0.0003027188215
251634	0.001420070656
251635	0.001036794034
251636	0.0006153007564
251637	0.001974038501
251638	0.002290945686
251639	0.00102843164
251640	0.004021204368
251641	0.002006391789
251642	0.0004060929339
251643	0.001025922219
251644	0.00144371706
251645	3.350162362e-07
251646	0.003368099349
251647	0.000964801269
251648	0.001342575816
251649	0.001310127125
251650	0.001001924891
251651	0.0009336942532
251652	0.000592700803
251653	0.003699139001
251654	0.0004632868577
251655	0.001139589897
251656	0.001083589773
251657	0.001621125888
251658	0.002477853881
251659	7.5524308e-06
251660	0.0001173625157
251661	5.920781225e-06
251662	0.0005700824584
251663	0.0002603297097
251664	0.001269245442
251665	0.0001490558209
251666	0.003211345206
251667	0.0004758511292
251668	0.001306224651
251669	0.0007919684937
251670	0.0002109075981
251671	0.000837685679
251672	0.002390646773
251673	0.0009367935732
251674	0.002034700678
251675	0.002772834341
251676	0.003007275516
251677	6.428869502e-05
251678	0.004674071127
251679	0.0002604251323
251680	0.0004274915523
251681	0.0001446079869
251682	0.0007791671374
251683	0.001946558028
251684	0.0005152503459
251685	0.0002194101703
251686	0.003753177386
251687	0.0003175573026
251688	0.00164963922
251689	0.001842936029
251690	0.0001355924699
251691	0.0001249577522
251692	0.001159235254
251693	0.004458382621
251694	0.0006149266765
251695	4.543563517e-05
251696	0.0008611417469
251697	0.004667220165
251698	0.0003426692285
251699	7.341985499e-05
251700	0.0007194121942
251701	0.0003038767926
251702	0.00362223445
251703	0.000630343491
251704	1.190396571e-05
251705	0.0001217366562
251706	0.001686702359
251707	0.000501272372
251708	0.002471134157
251709	0.001140763224
251710	0.0001511156679
251711	0.002005514578
251712	0.00162434194
251713	0.001917478137
251714	0.001805567323
251715	0.000512708162
251716	0.00514802017
251717	0.0002518848697
251718	0.001332572955
251719	0.001572104957
251720	0.004820795807
251721	0.001723663528
251722	0.0005454201397
251723	0.002057664216
251724	0.001113403336
251725	0.0004916950797
251726	0.0001026788123
251727	0.0002460292492
251728	0.0003499018816
251729	0.002008600468
251730	0.0007286243261
251731	0.0009157893767
251732	0.0001542437664
251733	9.358575684e-05
251734	0.001900136103
251735	0.0004734310989
251736	0.002996867544
251737	0.0007347006815
251738	0.002786722422
251739	0.0002920035737
251740	0.0001393913523
251741	0.001921650664
251742	3.285664454e-05
251743	0.001223036856
251744	0.0005554605178
251745	0.002556049006
251746	0.004115914458
251747	0.001218910625
251748	0.0005645973713
251749	0.0006510006514
251750	0.0007364288117
251751	0.0002939528757
251752	0.00172456858
251753	0.005708689339
251754	0.0007097270686
251755	0.0002100920625
251756	0.0007344785109
251757	0.0001655995305
251758	0.0007835403019
251759	0.0005085188064
251760	0.001274878947
251761	0.001410210406
251762	0.002438411561
251763	0.002352818489
251764	0.003924827528
251765	0.001049704917
251766	0.0009100486841
251767	0.002064446317
251768	0.004323152035
251769	0.003429327373
251770	0.00161917196
251771	0.004226665529
251772	0.004544803911
251773	0.001309813329
251774	0.002798794844
251775	0.001230838203
251776	0.001325182024
251777	0.004191176713
251778	0.00355717371
251779	0.0005502810663
251780	0.001505260553
251781	0.001830662151
251782	0.0009035207795
251783	0.004189294769
251784	0.0002256248459
251785	0.002830756938
251786	0.0003281150277
251787	0
251788	0.0006890842947
251789	0.0009611985399
251790	0.000129413582
251791	0.000442730096
251792	0.0007115953315
251793	0.005084868187
251794	0.005772849466
251795	0.00431130144
251796	0.0005614535657
251797	0.001071704286
251798	0.002782875791
251799	0.0005140917297
251800	4.705866607e-06
251801	0.001314774992
251802	0.0005543758914
251803	0.004403867884
251804	0.006179124903
251805	0.0002208938725
251806	0.001262174261
251807	0.000327796519
251808	0.0003464008974
251809	6.7289495e-05
251810	0.0004780383483
251811	3.880437388e-05
251812	6.007474086e-05
251813	0.0007418612799
251814	0.0007528998219
251815	0.001413629962
251816	0.001164478795
251817	0.0007324241981
251818	0.002248015058
251819	0.001621469159
251820	0.0008862380093
251821	0.001094283479
251822	0.00080103226
251823	0.001102739476
251824	0.001877087376
251825	0.0009142557773
251826	0.0004431210996
251827	8.26818913e-06
251828	0.000393307201
251829	0.0009762011436
251830	0.00147114262
251831	0.002999694534
251832	0.001848716778
251833	0.003608269655
251834	0.0004869117733
251835	0.000702887292
251836	0.001013955959
251837	0.0008168073604
251838	0.001090522402
251839	0.0006214686222
251840	0.0012631961
251841	0.0002158487944
251842	0.0007828572435
251843	0.0030539803
251844	0.0005645954354
251845	1.18176109e-05
251846	0.001682491405
251847	0.0009571429405
251848	0.0007446768822
251849	0.0003512314359
251850	0.003991832856
251851	0.0005118722913
251852	0.0001428465898
251853	0.000566536287
251854	0.004607713051
251855	0.003281555931
251856	0.0006365845899
251857	0.0006836784729
251858	0.0002390907692
251859	8.838026921e-05
251860	5.19905897e-05
251861	0.001247004378
251862	0.001537659888
251863	0.0004797005212
251864	0.004133111031
251865	0.0009804952422
251866	3.215750567e-05
251867	0.001874168375
251868	0.001308554561
251869	0.004312951846
251870	0.0003911842014
251871	0.0001373802513
251872	1.071119266e-05
251873	8.365088993e-05
251874	0.0008170765891
251875	0.000282192995
251876	0.000602556139
251877	0.001654995768
251878	0.001832151792
251879	0.003312169823
251880	0.003288726377
251881	0.00119449431
251882	0.00106714013
251883	0.001101977556
251884	0.0003987707006
251885	1.702190845e-05
251886	0.0004626802997
251887	0.003335091331
251888	0.002074802033
251889	0.001423659137
251890	0.001017059777
251891	0.000761265453
251892	0.0003883251858
251893	0.00502840808
251894	0.001079258347
251895	0.0003409854726
251896	0.001331477987
251897	0.0002128046606
251898	0.002205494911
251899	0.0007019663468
251900	0.001628698475
251901	0.001211709494
251902	0.002511607867
251903	0.00294304001
251904	0.00027100747
251905	0.0003659543153
251906	0.002146859746
251907	0.002991016056
251908	0.0003780074887
251909	0.000115216225
251910	0.001739363269
251911	0.0003872831318
251912	0.003664409635
251913	0.0004926305649
251914	0.003161149213
251915	0.0005132815269
251916	0.001096291141
251917	0.001755885168
251918	0.003188654772
251919	0.003517456995
251920	0.0002952500563
251921	0.0009789990908
251922	0.000370878016
251923	8.272963747e-05
251924	0.003844619396
251925	0.0005516015594
251926	0.001259278487
251927	1.69352224e-06
251928	0.003002604193
251929	0.00377121962
251930	0.00238372258
251931	0.002676569008
251932	6.616620423e-05
251933	0.001675170198
251934	0.001097579223
251935	0.0007637061239
251936	0.003973322252
251937	0.0004655523999
251938	0.001889984321
251939	0.0005483844763
251940	0.001319119437
251941	0.0009399294294
251942	0.001860712836
251943	0.002314028345
251944	0.001357704892
251945	0.001308263411
251946	0.0002433846318
251947	0.002839979225
251948	0.0001592522432
251949	0.001365102037
251950	0.0002506459382
251951	0.002534298921
251952	0.0007462677234
251953	0.000327288911
251954	0.00314136402
251955	0.004020124443
251956	0.0003280127539
251957	0.003859759598
251958	0.0004048708811
251959	0.0005576992678
251960	0.001853228452
251961	0.0007976341316
251962	0.001842192956
251963	0.002945053092
251964	0.0005783893615
251965	0.002051218526
251966	0.0002733618072
251967	0.0004546971245
251968	0.0009246143444
251969	0.00109238303
251970	0.0007768383077
251971	0.001417136667
251972	0.0006851409073
251973	0.001414525747
251974	0.000706636187
251975	0.0002688150817
251976	0.001693552566
251977	0.002666278212
251978	0.0006173583349
251979	0.0006252365908
251980	0.0002808420127
251981	0.0006149055075
251982	0.001050072296
251983	0.00369595739
251984	0.00297829702
251985	0.0003949151961
251986	0.0003102934374
251987	0.0005671477363
251988	0.001681198226
251989	2.679162246e-05
251990	0.0004839803194
251991	0.0004204400317
251992	0.001310625777
251993	0.004824479071
251994	0.002325866953
251995	0.0001639507417
251996	0.004572528461
251997	0.004955479718
251998	0.0009317316758
251999	0.002557293961
252000	0.001550079573
252001	0.002486161272
252002	0.0007139320854
252003	0.0005578962026
252004	0.0003058190167
252005	0.003510318685
252006	0.002520162299
252007	0.001113214012
252008	0.000442060133
252009	0.003447927852
252010	0.0007309136858
252011	0.0004802510533
252012	0.001217837047
252013	0.0007107186032
252014	0.003777693464
252015	0.0005803841833
252016	0.001233574514
252017	0.002763127108
252018	0.0009166718484
252019	0.001675514782
252020	0.003948499246
252021	4.989349955e-05
252022	0.001503238934
252023	0.0006767315662
252024	0.0001026108419
252025	0.001088966291
252026	0.00169781895
252027	0.0003285896957
252028	0.0004744184915
252029	0.001664339481
252030	0.0007013327436
252031	0.0001667836366
252032	0.000948576827
252033	0.001321371011
252034	0.001109057318
252035	0.0005957109929
252036	0.001980553298
252037	0.003210167335
252038	0.002375053378
252039	0.001162597395
252040	0.0007767150006
252041	0.00146238277
252042	0.001079055408
252043	0.0009453081836
252044	0.003018262229
252045	0.0001141930395
252046	0.0009983031715
252047	0.000398714886
252048	0.0009862699908
252049	0.003588906089
252050	0.001108021157
252051	0.001903926653
252052	0.0001803647443
252053	0.001383056707
252054	0.002702587473
252055	0.001093869636
252056	8.634845702e-05
252057	0.0003478787584
252058	0.0007397783229
252059	0.000118312324
252060	0.003775028522
252061	0.0006764246835
252062	0.0006578205783
252063	2.929168452e-05
252064	0.0008014767654
252065	0.0008809336503
252066	0.001084990707
252067	4.702312311e-05
252068	0.001084862604
252069	0.003308679362
252070	0.002641762803
252071	0.001025668126
252072	0.001085714028
252073	0.0001977992611
252074	0.001241369289
252075	0.001503389028
252076	0.0009933026433
252077	0.002338618341
252078	0.0001128531638
252079	2.864268859e-05
252080	0.002655608216
252081	0.000468613255
252082	0.003683657033
252083	7.891443645e-05
252084	0.00126579517
252085	0.001961889182
252086	0.0006628316431
252087	2.464212642e-05
252088	0.0006993693952
252089	0.0008817450642
252090	3.524386446e-05
252091	0.003153745796
252092	0.0001162296923
252093	0.002580764984
252094	4.130555278e-05
252095	0.002057123129
252096	0.0001548855738
252097	0.001534880217
252098	0.001168561076
252099	0.00101686237
252100	0.0003020931246
252101	6.295454066e-05
252102	0.0003378404764
252103	0.002275559167
252104	0.0002091301117
252105	0.003235370015
252106	0.001958592103
252107	0.0003551041423
252108	0.0006386744303
252109	0.002797058873
252110	0.001293468614
252111	0.003173859739
252112	0.0005408601351
252113	0.001249050921
252114	0.0025520377
252115	0.002531545055
252116	0.001267604465
252117	0.001859443015
252118	0.003030576345
252119	0.001234871339
252120	0.001037147466
252121	0.0008169033692
252122	0.001647735618
252123	0.0001913691273
252124	0.004522426002
252125	0.0008391688626
252126	0.0008229981742
252127	0.002263764174
252128	0.000966762305
252129	0.0009940455048
252130	0.001963042976
252131	0.001267845154
252132	0.0008505206395
252133	5.718403282e-05
252134	0.0004263245455
252135	0.001310664456
252136	0.0007455974695
252137	0.004643232104
252138	0.000503272474
252139	0.0007097971938
252140	0.0007610705449
252141	0.0001741505518
252142	0.0008044665113
252143	0.0005371645349
252144	0.001498394954
252145	1.194078284e-05
252146	0.001531986154
252147	0.002189520108
252148	0.001774928082
252149	0.002645274889
252150	0.0006987343863
252151	0.0004302411996
252152	0.0005581280057
252153	0.002326234612
252154	0.0009319934289
252155	0.001732335877
252156	0.004043849683
252157	0.001169963133
252158	0.003358571955
252159	0.0002622545889
252160	0.002310430474
252161	0.006003284719
252162	0.003733926204
252163	0.001325814222
252164	0.0005000366312
252165	0.001378275365
252166	0.001634380553
252167	0.0001912967848
252168	0.0006918137415
252169	0.001443400702
252170	0.0007494963599
252171	0.001507410778
252172	4.967739287e-05
252173	0.002790880304
252174	0.001274983455
252175	0.0003304279071
252176	0.003874630243
252177	0.0009952712048
252178	8.94808865e-05
252179	0.0005845005601
252180	0.004022513541
252181	0.002843307221
252182	0.003867708383
252183	0.0003071946389
252184	0.004916391056
252185	0.000706457055
252186	0.002320042634
252187	0.004092895405
252188	0.001964116725
252189	0.0004504727071
252190	0.0001128450769
252191	0.0004053034741
252192	0.0003690005288
252193	0.0009289536702
252194	0.001348366789
252195	0.000826851228
252196	0.0001448837764
252197	0.002788158315
252198	0.002780010107
252199	0.001781928631
252200	0.0005122308891
252201	0.000547279693
252202	0.003723751583
252203	0.0008710461205
252204	0.00197057411
252205	0.0005762316841
252206	0.001239058166
252207	0.002371344348
252208	0.001344735566
252209	0.0002479353401
252210	0.003668274253
252211	0.001706707396
252212	0.003363691566
252213	0.0006341460824
252214	0.00112038341
252215	0.004172484187
252216	0.001015136661
252217	0.000577330042
252218	0.002090974599
252219	6.453185512e-05
252220	0.006369323463
252221	0.0002166194678
252222	0.0003591312282
252223	0.00192465861
252224	0.001818720559
252225	0.001219103969
252226	0.004155547334
252227	0.0006109870414
252228	0.001477341968
252229	0.003104858069
252230	0.002370170738
252231	0.003160272815
252232	0.00222574332
252233	0.002344148933
252234	0.0002673319163
252235	0.001667723507
252236	0.001057645013
252237	0.0006294145465
252238	0.0009730232537
252239	0.0008469537731
252240	0.0008450173681
252241	0.001177218601
252242	0.005746663536
252243	0.001726916457
252244	0.0003078960696
252245	1.602754762e-05
252246	0.0006578160324
252247	0.001870116581
252248	0.001582240719
252249	0.001362334026
252250	0.0003415132254
252251	0.00409063667
252252	0.0009921627854
252253	0.002606529389
252254	0.001069951629
252255	0.0007287256624
252256	0.004953862943
252257	0.001754183783
252258	0.001173566585
252259	0.002413068247
252260	0.002833921249
252261	0.002972652038
252262	0.0007837734798
252263	0.0006542951964
252264	0.000576991235
252265	0.001251695841
252266	0.0007900714687
252267	0.0002847072665
252268	0.001451502241
252269	0.0007492673422
252270	0.001478169123
252271	0.0009898784206
252272	0.001170125141
252273	0.001533513312
252274	0.001596483725
252275	0.00508271618
252276	0.002500232879
252277	0.002193517902
252278	0.002144657048
252279	0.002960929333
252280	0.002227413251
252281	0.003397232714
252282	0.0004258158309
252283	0.002099466093
252284	0.0002673661081
252285	0.0003921375116
252286	0.002185369815
252287	0.001386339231
252288	0.0006792874076
252289	0.003225840204
252290	0.007022554358
252291	0.001931263179
252292	0.0009488638755
252293	0.002117526622
252294	0.0004341730765
252295	0.0002305038458
252296	0.002545387544
252297	0.0008370168227
252298	0.001135716908
252299	0.000794612035
252300	0.002648575516
252301	0.0001605029092
252302	0.0004683079242
252303	0.003989031507
252304	0.0007449687821
252305	0.002071098533
252306	0.0008229187447
252307	0.0009405835838
252308	9.643450532e-05
252309	0.001837125645
252310	0.002788709626
252311	0.0004983053631
252312	0.0003463665496
252313	0.002344599332
252314	0.0001557946162
252315	0.0004323815077
252316	0.002544590616
252317	0.0003866410102
252318	0.0002336603187
252319	4.781517156e-05
252320	0.002037448412
252321	0.0003724290902
252322	0.001440748657
252323	0.001035371404
252324	0.003727392513
252325	0.002153642964
252326	0.0002329892589
252327	0.001626708262
252328	0.0003552275311
252329	0.003409733002
252330	0.0007435680455
252331	0.001730026573
252332	0.004381958496
252333	0.0002435293451
252334	0.000185483158
252335	0.0003106737992
252336	0.0005645283028
252337	0.0007645898229
252338	0.0008944766287
252339	0.0007917692754
252340	0.001252726003
252341	0.0002016862104
252342	0.001500668119
252343	0.000822534137
252344	0.002231688722
252345	1.535118093e-05
252346	0.0006153658047
252347	0.0005809156301
252348	8.197370625e-05
252349	0.001275066081
252350	0.00221193441
252351	0.000354177821
252352	0.0008078636619
252353	0.004218416785
252354	0.0006316638086
252355	0.001555080654
252356	0.00201193438
252357	0.001618285592
252358	0.0006241698071
252359	0.0003006538176
252360	0.002455793302
252361	0.0007381836215
252362	0.002958841414
252363	1.309504594e-05
252364	0.0008586522707
252365	0.001892500578
252366	0.0002236691739
252367	0.0001815875426
252368	0.000920865816
252369	0.0004197430472
252370	3.809495449e-05
252371	0.0006898088394
252372	0.0001077697197
252373	4.840232364e-05
252374	0.001860176767
252375	0.0004740706897
252376	0.002101149342
252377	0.004523109558
252378	0.001515984753
252379	0.000446051281
252380	0.003112120555
252381	0.0006374315548
252382	0.003398374924
252383	0.003410214431
252384	0.003239203443
252385	0.001240430522
252386	0.0004635598109
252387	0.002164073266
252388	0.0007918502438
252389	0.0007925069544
252390	0.0008808720224
252391	0.0003722538601
252392	0.002571486313
252393	0.006164062138
252394	0.0005231887729
252395	0.0005892546369
252396	0.003155354432
252397	0.0004300123733
252398	0.002000151179
252399	0.0002045945719
252400	0.002373666574
252401	0.002903158137
252402	0.001675360517
252403	0.001843930917
252404	0.000726225014
252405	0.0009378820813
252406	0.001710227357
252407	0.001620949818
252408	0.0009994792196
252409	0.0002841305431
252410	0.001598884935
252411	0.001894343079
252412	0.001993710275
252413	0.001829630068
252414	0.001157639401
252415	0.0005084521129
252416	0.001384621399
252417	0.001011723199
252418	0.003994706596
252419	0.0006161053288
252420	0.0007888714622
252421	0.000845366926
252422	0.0004571478454
252423	0.003426694997
252424	9.283141801e-05
252425	0.0001115619773
252426	0.00172907917
252427	0.002975397356
252428	0.003199451883
252429	0.0002458166864
252430	0.005270422129
252431	0.005946309525
252432	3.182928414e-05
252433	0.001676288121
252434	0.0001981193183
252435	0.002416579578
252436	0.002114890519
252437	0.001812537128
252438	0.0004390098154
252439	0.003658507171
252440	0.0007942860398
252441	0.001403876558
252442	0.0006539547279
252443	0.0007580364779
252444	0.0005664400479
252445	0.0009847369676
252446	0.0009213874497
252447	0.001757772149
252448	0.0008835416778
252449	0.0003292097742
252450	6.754101582e-08
252451	0.00193685556
252452	0.001089119163
252453	0.0005800167489
252454	0.0006180356119
252455	0.000423624561
252456	0.001118882707
252457	0.0001664632132
252458	0.000622402316
252459	6.075601638e-05
252460	0.001300324608
252461	0.001080580482
252462	0.0006765941436
252463	0.0003057568012
252464	0.0005541895222
252465	0.002833243926
252466	0.003768220725
252467	0.003541786984
252468	0.001172972015
252469	0.001540704204
252470	0.001854733955
252471	0.002123834676
252472	0.003295971837
252473	0.001858320477
252474	0.0003231054732
252475	0.0001908947405
252476	0.003092116048
252477	0.002463959007
252478	0.0007825143655
252479	0.000371016174
252480	0.001776180957
252481	0.00133236121
252482	0.0002221664871
252483	0.001350627161
252484	0.0009991842568
252485	0.004250167428
252486	0.0004368427851
252487	0.002466497706
252488	0.0006852681535
252489	0.0006536239485
252490	0.001176552611
252491	0.0008222948114
252492	0.003519879496
252493	0.001449416473
252494	0.0007111780634
252495	0.0006643504094
252496	0.0004518674294
252497	0.001428322762
252498	0.00281220251
252499	0.0006946711155
252500	0.001375203159
252501	0.0006025984909
252502	0.001156622295
252503	0.004314875634
252504	0.001127780634
252505	0.0005448244203
252506	0.000112159038
252507	0.001141869587
252508	0.0007839482695
252509	0.0002286939776
252510	0.001565225152
252511	0.0005694606953
252512	0.001049995736
252513	0.001746181831
252514	0.00168311864
252515	0.003701159165
252516	0.004372530685
252517	0.0004749125976
252518	0.001156008749
252519	8.708544726e-05
252520	0.0003869891626
252521	0.003057738211
252522	0.001004244267
252523	0.002528834
252524	0.001543941568
252525	0.001577395559
252526	0.001455640453
252527	0.001366379762
252528	0.000359750706
252529	0.003079020113
252530	0.001354852217
252531	0.001659656604
252532	0.0009723861146
252533	0.002143143727
252534	0.001933833686
252535	0.0005068833177
252536	0.0008236299029
252537	0.003229285732
252538	0.001337225729
252539	0.001020621518
252540	0.001398127109
252541	0.002110418556
252542	0.0005635728728
252543	0.0005444647366
252544	0.0006974810689
252545	0.0005777749165
252546	0.0002710539337
252547	0.006399286
252548	0.0006159906651
252549	0.002576360054
252550	0.00343292133
252551	0.0006321848535
252552	0.001147518372
252553	0.002397638547
252554	0.0005948887822
252555	0.0002831037322
252556	0.0002495122511
252557	0.00184384755
252558	0.002342504656
252559	0.001605975735
252560	0.001370524435
252561	0.002569249775
252562	0.000683416583
252563	0.002342671927
252564	0.0002502282457
252565	0.0003925729189
252566	0.002595751321
252567	0.002053722645
252568	0.001861973973
252569	0.002903789762
252570	0.002544371777
252571	0.0005498667265
252572	0.002568905257
252573	0.001188694423
252574	0.0008822270997
252575	0
252576	0.003154098628
252577	0.001012034599
252578	0.001597037921
252579	0.003996145697
252580	0.002686077034
252581	0.0009632131012
252582	0.001383110376
252583	0.001149995211
252584	0.002069069273
252585	0.0007675057626
252586	0.001791876199
252587	0.001145676122
252588	0.0009437813459
252589	0.001142243485
252590	0.00113314382
252591	0.002204173259
252592	4.00194611e-06
252593	0.003724433188
252594	0.001563810647
252595	0.002688212079
252596	0.002680150508
252597	0.0004643489785
252598	0.001388632715
252599	0.003120559066
252600	0.002130938212
252601	0.0006130047951
252602	0.0006398130353
252603	0.004739076621
252604	0.001172711744
252605	0.0005419142618
252606	0.004142222177
252607	0.001819703426
252608	0.001864262369
252609	0.002922628678
252610	0.001220465542
252611	0.001582280602
252612	0.005494511545
252613	0.002102964723
252614	0.003780774779
252615	0.002339115383
252616	0.002327520967
252617	0.002284237255
252618	0.001790810115
252619	0.0007273316949
252620	0.0007153313537
252621	0.000208242947
252622	4.029255321e-05
252623	0.003061855909
252624	0.004039327522
252625	0.002418523955
252626	0.002351570636
252627	0.001993782329
252628	0.002080303928
252629	0.0009662958827
252630	0.003780114803
252631	0.002485403528
252632	0.002218296972
252633	0.0002224079438
252634	0.001457826679
252635	0.002650439068
252636	0.0001455825322
252637	0.0004526903947
252638	0.0001336664264
252639	0.004191867836
252640	0.004035369273
252641	0.0005442892136
252642	0.001261663292
252643	0.001587653497
252644	4.352911763e-05
252645	0.0006489653627
252646	0.004610360608
252647	0.002859603073
252648	0.002415600455
252649	0.003763910929
252650	0.001455891251
252651	0.0005072337079
252652	0.00107982919
252653	4.0573737e-05
252654	0.001430662107
252655	0.001449042948
252656	0.004592837434
252657	0
252658	0.002635412878
252659	0.0009532109526
252660	0.00160480563
252661	0.002681388441
252662	0.003392134427
252663	0.0008675391715
252664	0.0008686871627
252665	0.003147138169
252666	0.001877399537
252667	0.003147748184
252668	0.0004136290182
252669	0.0005677982449
252670	0.001763930177
252671	0.00148104087
252672	0.001838900114
252673	0.0005338557946
252674	0.0004055352248
252675	0.001654684901
252676	0.001462788511
252677	0.0001024049285
252678	0.0009257793477
252679	0.003234242078
252680	0.0003947763375
252681	0.002187752511
252682	0.0001135747371
252683	0.003203590649
252684	0.0004712637156
252685	0.001001097484
252686	0.003896748092
252687	0.004713490257
252688	0.0008743921652
252689	0.002094749125
252690	0.001289510328
252691	0.003340669112
252692	0.0009030366073
252693	0.003309321246
252694	0.0002860895673
252695	0.001237934436
252696	0.001505240282
252697	0.002376088009
252698	0.001684729159
252699	0.004655266134
252700	0.0007410853755
252701	0.002152117864
252702	9.667546115e-05
252703	0.001435516013
252704	0.0002409811904
252705	0.0008571378651
252706	0.0008847292445
252707	0.002710507802
252708	0.001529615252
252709	0.0008458885808
252710	0.001777189914
252711	0.0008799886232
252712	0.001035563056
252713	0.0009771725819
252714	0.0005648901751
252715	0.001538323056
252716	0.001117519427
252717	0.001336293982
252718	0.000946843669
252719	0.001825561899
252720	0.001150944016
252721	0.00143993976
252722	0.001117766313
252723	0.001115708314
252724	0.0004417015136
252725	0.0007367211377
252726	0.001065563553
252727	0.001827448677
252728	0.0007888294495
252729	0.001001781962
252730	0.0008560692546
252731	0.002093708663
252732	0.0003994191228
252733	0.002132442728
252734	0.001056694244
252735	0.0007434897724
252736	0.00107989461
252737	0.001129447723
252738	0.002979510479
252739	0.002541759682
252740	0.001256071709
252741	0.001258691766
252742	0.0007707190946
252743	0.00132150572
252744	0.002231995923
252745	0.002135166535
252746	0.001398810604
252747	0.0008335471681
252748	0.0008434018881
252749	0.0006412766981
252750	0.000925466911
252751	0.001292483249
252752	0.001107995726
252753	0.0007655855759
252754	0.0008756131111
252755	0.0002756399168
252756	0.0003145218681
252757	0.0005456773937
252758	0.0008500027493
252759	0.000988598348
252760	0.0002489864219
252761	0.0004645545964
252762	0.005767748579
252763	0.001054043058
252764	0.0005340564511
252765	0.0009419972766
252766	0.00182484227
252767	0.000911421533
252768	0.0009138807777
252769	0.0001160441789
252770	0.000609229888
252771	0.0005687804999
252772	0.0008570373707
252773	0.0008759345113
252774	0.0004047666276
252775	0.0007729952457
252776	0.0004401973682
252777	0.0005864781342
252778	0.0002621184328
252779	0.0004453178885
252780	0.0006570861161
252781	0.0004341184095
252782	0.0004057397031
252783	0.0003761687912
252784	0.000628587161
252785	0.0002281893552
252786	0.0007170401439
252787	0.0002657528776
252788	0.0003775689502
252789	0.0004884387867
252790	0.0005573122093
252791	0.0004454221956
252792	0.0004609850421
252793	0.0005067581483
252794	0.0005320085147
252795	0.0005121891253
252796	0.0009732948944
252797	0.0005286930399
252798	0.0008390111187
252799	0.001292913597
252800	0.0006252860964
252801	0.0007292345768
252802	0.0006601222466
252803	0.0004696568846
252804	0.000593329141
252805	0.0003960335719
252806	0.0005833116253
252807	0.0007125511786
252808	0.0007556202357
252809	0.000487051157
252810	0.0006053937554
252811	0.0005730108463
252812	0.0004287529345
252813	0.00060670791
252814	0.0005330932032
252815	0.0008880969683
252816	0.0004853680025
252817	0.0004806613686
252818	0.0005121597036
252819	0.0004213977969
252820	0.0003958673848
252821	0.0006023228773
252822	0.0002206629577
252823	0.0003257784871
252824	0.0009198365566
252825	0.0005233497654
252826	0.0005325174432
252827	0.0007598341213
252828	0.0006756644187
252829	0.000620197095
252830	0.0004190650257
252831	0.000577342065
252832	0.0006415858418
252833	0.000446481472
252834	0.0007457325089
252835	0.000595976724
252836	0.0007298846516
252837	0.0001043453078
252838	0.0003419485641
252839	9.241265949e-05
252840	0.0003297846505
252841	0.0005984640171
252842	0.0005097486467
252843	0.0004999639114
252844	0.0005424255987
252845	0.0005084061465
252846	0.0006052532957
252847	0.0004711866805
252848	0.0005212838425
252849	0.0004158820961
252850	0.0006557148627
252851	0.0005495849197
252852	0.0004897399451
252853	0.0007302356022
252854	0.0007099084011
252855	0.0002206846985
252856	0.0007694248154
252857	0.0002667394917
252858	0.0005060450624
252859	0.0006830728097
252860	0.0004027192777
252861	0.0005387413982
252862	0.0004405999784
252863	0.0006631769108
252864	0.0005430663688
252865	0.0001784220637
252866	0.0006155737248
252867	0.0006466644526
252868	0.0004183576951
252869	0.0006266375916
252870	0.0006158696541
252871	0.0004909020731
252872	0.0006550095193
252873	0.0003519629323
252874	0.0004881656605
252875	0.0005620332014
252876	0.0004489960628
252877	0.000428327213
252878	0.0006256218645
252879	0.0005224743976
252880	0.0005749806566
252881	0.0002050753121
252882	0.001141246261
252883	0.0003718074032
252884	0.0005237344846
252885	0.001350989657
252886	0.0001595370338
252887	0.0008271106419
252888	0.0004926815754
252889	0.001093044602
252890	0.001166602825
252891	0.00109979486
252892	0.0008045591474
252893	0.0004433577655
252894	0.001190795443
252895	0.0008385329392
252896	0.0002725838
252897	0.001907199466
252898	0.001179794851
252899	0.001461453272
252900	0.001129332786
252901	0.001477470441
252902	0.0009370948784
252903	0.0001431413841
252904	0.001870366696
252905	0.00150485845
252906	0.001803109356
252907	0.0022833267
252908	0.001221612427
252909	0.001040303213
252910	0.001162785241
252911	0.001351649453
252912	0.001393289322
252913	0.001065007337
252914	0.000278697468
252915	0.002898417362
252916	0.0009972180907
252917	0.0043701026
252918	0.00192351794
252919	0.001503185034
252920	0.001424193731
252921	0.002165980178
252922	0.0007946696816
252923	0.0006774131558
252924	0.0005423990224
252925	0.0003912431969
252926	0.0002897839477
252927	0.0002368102308
252928	0.002516789203
252929	0.001044028887
252930	0.004643317276
252931	0.002194988047
252932	0.0004134667086
252933	0.0003412728898
252934	0.001875006341
252935	0.003255463271
252936	0.002960786956
252937	0.003058430648
252938	0.001325303552
252939	0.0007802870034
252940	0.0005123259139
252941	0.0002963474815
252942	0.001216905552
252943	0.0001119929404
252944	0.0004578019168
252945	0.002938505395
252946	0.002180922014
252947	0.001755433652
252948	0.002625190912
252949	0.0004182994055
252950	0.0003418289225
252951	0.0007300931408
252952	0.0004753490179
252953	0.001076045956
252954	0.003546085697
252955	0.004779714142
252956	0.005995934253
252957	0.004172184376
252958	0.0009996828669
252959	0.0002353264192
252960	0.0004528128125
252961	5.60776518e-05
252962	0.001230511273
252963	0.002482811209
252964	5.891012528e-05
252965	0.0003050566458
252966	0.0002185495164
252967	0.0005259765038
252968	0.002172534568
252969	0.0008994154831
252970	0.001119826694
252971	0.001459963994
252972	0.0002496450774
252973	0.0004053318974
252974	0.0030134717
252975	8.223940796e-05
252976	0.0003192049709
252977	0.00097192857
252978	0.003029493775
252979	0.0005418359803
252980	0.0005932240435
252981	0.0001218144933
252982	0.0009792484553
252983	0.0001511823093
252984	0.0003178564311
252985	0.001040575668
252986	9.713971019e-05
252987	0.0001050998735
252988	0.0004337167656
252989	0.0006253174048
252990	0.003296013645
252991	0.00055037059
252992	3.082077608e-06
252993	0.003453568528
252994	0.001734995547
252995	0.0005320440289
252996	0.0006490990053
252997	5.794181473e-05
252998	0.002580681945
252999	0.003444249019
253000	0.0008088018573
253001	0.0007118740844
253002	6.073517492e-05
253003	0.001846004561
253004	0.003403758885
253005	0.007443533305
253006	0.002669155476
253007	0.002237990599
253008	0.004197178951
253009	0.001700642504
253010	0.0003270076962
253011	0.0005178699105
253012	0.0012807562
253013	0.00139473442
253014	0.001328969266
253015	0.000531323499
253016	0.0005317718202
253017	0.002956793432
253018	0.000867929426
253019	0.0004903910751
253020	9.975067494e-05
253021	0.0002695073553
253022	0.002208295098
253023	5.826818491e-05
253024	0.006136971754
253025	8.302897091e-05
253026	0.002532987555
253027	0.002807244686
253028	0.002527970592
253029	0.002911436091
253030	0.0003127463729
253031	0.0003663932664
253032	0.0005100177583
253033	0.0003574913015
253034	0.0008321971565
253035	0.0002959078891
253036	0.003900873858
253037	0.001266053078
253038	0.006158614071
253039	0.002303746754
253040	0.003968005913
253041	0.002915629025
253042	0.004002652824
253043	0.0006989538662
253044	0.0005358153869
253045	0.002485463484
253046	0.002273713262
253047	0.0006957286541
253048	0.0005152582895
253049	3.167635587e-05
253050	0.002497300906
253051	0.004800902143
253052	0.001352469874
253053	0.0006575910827
253054	0.004143198962
253055	0.0004691479498
253056	0.0005254091095
253057	0.002536617636
253058	0.0009944207404
253059	0.0001837280802
253060	0.004867451155
253061	0.002346647064
253062	0.006423631531
253063	0.002825632148
253064	0.0005051655804
253065	0.001441111599
253066	0.001398413986
253067	0.001428044587
253068	0.002430980538
253069	0.0001840055846
253070	0.001437948025
253071	0.0004414196013
253072	0.005335078412
253073	0.00343854287
253074	0.001785781585
253075	0.0001685485241
253076	0.0001110502583
253077	0.0001223923774
253078	6.553084673e-05
253079	0.0008338878691
253080	0.0001409980188
253081	0.0001921536998
253082	0.0001161588406
253083	0.0007899517419
253084	0.0003403764864
253085	0.0003235725904
253086	2.91370399e-05
253087	0.003307375992
253088	0.00026439594
253089	7.025064044e-05
253090	0.0006814920819
253091	5.213158343e-06
253092	0.000901522397
253093	6.846973262e-05
253094	0.0003351987652
253095	0.0009395351658
253096	0.0004638367404
253097	0.004396395433
253098	0.001082416593
253099	0.000363732536
253100	0.0003343387826
253101	0.0002114370163
253102	6.575765599e-05
253103	0.0001475837689
253104	0.0001196546064
253105	0.001097755377
253106	0.001693866297
253107	0.0001714031263
253108	0.003531572839
253109	0.001289109831
253110	0.0003905352465
253111	0.0002459713865
253112	0.002595843494
253113	0.002466965618
253114	0.001938151534
253115	0.001237040694
253116	0.0007973624087
253117	0.001665710734
253118	0.006490464855
253119	0.003373385684
253120	0.0007351616725
253121	0.0004085848778
253122	0.0006967556484
253123	0.0008035123627
253124	0.002347414699
253125	0.004121012715
253126	0.0002640555491
253127	0.003233091639
253128	0.0001335632371
253129	0.0009622321962
253130	0.0003023384976
253131	0.0004072089686
253132	0.00226806327
253133	0.0001054666391
253134	0.0004403901568
253135	0.002022367936
253136	0.001134769765
253137	0.001731755574
253138	0.00153878729
253139	0.003899755574
253140	0.001543701674
253141	0.001002609608
253142	0.001053323768
253143	0.0002274508839
253144	0.003912577676
253145	0.004668275766
253146	1.01909748e-05
253147	0.005538535779
253148	0.0007360389971
253149	0.001165160794
253150	0.0007517486029
253151	0.005978115507
253152	0.002823030692
253153	0.001142048385
253154	0.00435542302
253155	0.005160867585
253156	0.004757676332
253157	1.415801611e-05
253158	0.0063853937
253159	0.004265506544
253160	0.001971275492
253161	0.003619892349
253162	0.006686400734
253163	0.0001040232675
253164	0.00183006408
253165	0.002233321102
253166	0.001619188188
253167	0.003500636926
253168	0.001369096186
253169	0.002295247381
253170	0.000150715825
253171	0.001042589804
253172	0.001234425681
253173	0.000353449698
253174	0.00282104068
253175	0.0001703770093
253176	0.001308156012
253177	3.838351119e-06
253178	0.002994126565
253179	0.0003735579015
253180	0.000894348191
253181	0.0004179354117
253182	0.0008815390666
253183	0.002685885033
253184	0.002642464128
253185	0.002268577875
253186	0.004598710413
253187	0.004371192918
253188	0.001943275686
253189	0.001179471615
253190	0.001901635026
253191	0.001232347772
253192	0.002975166844
253193	0.001575462735
253194	0.0009722446315
253195	0.00453452217
253196	7.398572299e-05
253197	0.001791573312
253198	0.0008815502871
253199	0.001447797463
253200	0.0005342904152
253201	0.001726439633
253202	0.001412623522
253203	0.002388571917
253204	0.003766312205
253205	0.0009637139547
253206	0.004241729179
253207	0.001321888749
253208	0.003881947865
253209	0.0003364173861
253210	0.004347298777
253211	0.0007044363415
253212	0.005256578974
253213	0.0004003622194
253214	0.0003558801921
253215	0.0002112521469
253216	0.001115370873
253217	0.0002111562052
253218	0.00570997406
253219	0.004176023414
253220	0.00396137663
253221	0.001004686732
253222	0.002937123553
253223	0.0001609699766
253224	0.001052741392
253225	0.001495807325
253226	0.001092515724
253227	0.004169585543
253228	0.002097519913
253229	0.003080371347
253230	0.003603440731
253231	0.002651371438
253232	0.004293103725
253233	0.002747555154
253234	0.0008849321644
253235	0.001049047852
253236	0.001448138975
253237	0.004072016928
253238	0.0002699690911
253239	0.001827338314
253240	0.003534546292
253241	0.004074670445
253242	0.0003114247158
253243	0.001674263436
253244	0.000294394624
253245	0.002634537854
253246	0.004487357866
253247	0.003741297607
253248	0.0006133358176
253249	0.003248122698
253250	0.0005942017881
253251	0.0002385227664
253252	0.00234683093
253253	0.001138184209
253254	0.001985024427
253255	0.003056856029
253256	0.0001400883846
253257	0.003721836063
253258	0.002378786685
253259	0.003519877456
253260	0.00318942954
253261	0.004746678308
253262	0.0001677996768
253263	0.004293907246
253264	0.002602365146
253265	0.003300562435
253266	0.001452769942
253267	0.00202022558
253268	0.0008806435605
253269	0.000652651683
253270	0.0008675276106
253271	0.0005129117424
253272	0.001378936942
253273	0.002231226589
253274	0.0001904349101
253275	0.0004429748114
253276	0.001299709269
253277	0.002799710183
253278	0.0002970235306
253279	0.00178223892
253280	0.001935465173
253281	8.014935708e-05
253282	0.003835531862
253283	0.001568152241
253284	0.004122261208
253285	9.046037768e-05
253286	0.0002677920683
253287	0.001056520697
253288	0.005808200019
253289	0.004710341257
253290	0.003885061441
253291	0.0006344125663
253292	0.002281241687
253293	0.001272821209
253294	0.00248549972
253295	0.001463758806
253296	0.005594475747
253297	0.001029262851
253298	0.001080780891
253299	0.0006694379305
253300	0.0002671616283
253301	0.0006133685418
253302	0.005415056753
253303	9.106992209e-05
253304	0.003290600407
253305	4.113449312e-05
253306	0.0001867904674
253307	0.0009298761514
253308	0.001802094089
253309	0.001834834351
253310	0.001744384859
253311	0.001233405564
253312	0.002408735031
253313	0.0004861020019
253314	0.0002798593429
253315	0.00106754295
253316	0.003349112197
253317	0.001475010933
253318	0.006280086471
253319	0.002737281194
253320	0.001682348043
253321	0.003884481846
253322	0.004637193014
253323	0.00148146938
253324	0.000444201647
253325	0.002060365594
253326	0.002688519959
253327	0.000661490621
253328	0.001685943074
253329	0.003542341573
253330	0.0008085172427
253331	0.002060059183
253332	0.0003409724099
253333	0.002751216508
253334	0.002597695884
253335	0.0001888687723
253336	0.007688915287
253337	0.00186498896
253338	0.0002269378958
253339	0.003461023643
253340	0.003112650842
253341	0.001461444153
253342	0.0001644922707
253343	0.002440819005
253344	0.002734441624
253345	0.0008922663976
253346	0.0004654482165
253347	0.002255495231
253348	0.0003642328667
253349	0.0008560814939
253350	0.000747730349
253351	0.001025663955
253352	0.002637116896
253353	5.507444271e-05
253354	0.002312620162
253355	0.004468459076
253356	0.000608969681
253357	0.002823283694
253358	0.00154968059
253359	0.001015293668
253360	0.001388387997
253361	0.001435773518
253362	0.004833209148
253363	0.002174803912
253364	0.004074818473
253365	0.002524695865
253366	0.002232114474
253367	0.000283059846
253368	0.001515275171
253369	0.0002581615169
253370	0.002062443508
253371	0.001995199073
253372	0.0007681332143
253373	0.003683037629
253374	0.0005913155199
253375	0.001408887835
253376	0.002079496996
253377	0.002047090639
253378	0.00321065855
253379	0.01022458762
253380	0.0001649425694
253381	0.003781256984
253382	0.001934033042
253383	0.003258812167
253384	0.003197024509
253385	0.001611948566
253386	0.002049014141
253387	0.001280327811
253388	0.001556803044
253389	0.0003889563317
253390	0.0003746617074
253391	0.0003403734979
253392	0.0009455154413
253393	0.0008706659096
253394	0.0002292068431
253395	0.0008990382269
253396	0.002765085174
253397	0.00420487427
253398	0.0001060822995
253399	0.0005538207811
253400	0.004848378359
253401	0.004871964649
253402	0.004545574688
253403	0.004832195482
253404	0.001691426222
253405	0.00119005391
253406	0.0009681761894
253407	0.005207709574
253408	0.0003868638048
253409	0.001032017931
253410	0.001536069038
253411	0.004041374929
253412	0.003790775624
253413	0.004746418717
253414	0.0004483840036
253415	0.00481876258
253416	0.001213713456
253417	0.002651049902
253418	9.306846229e-05
253419	6.341276389e-05
253420	0.0004454869473
253421	0.003206017334
253422	0.001771303625
253423	0.003084142849
253424	0.002546092078
253425	0.001431295117
253426	0.0002693605427
253427	0.004113483339
253428	0.005858165284
253429	0.000663146721
253430	0.001391519535
253431	0.005545983043
253432	0.003103608685
253433	0.006080606831
253434	0.003008581222
253435	0.00411240181
253436	0.001939009272
253437	0.001656230742
253438	0.00528163254
253439	0.006623212158
253440	0.002135813312
253441	0.002806729967
253442	0.002296493618
253443	0.004694016337
253444	0.002214631351
253445	0.001178571915
253446	0.002570110054
253447	0.001435531339
253448	0.0001689545737
253449	0.0008590536474
253450	0.0004184091318
253451	0.0004100968576
253452	7.49624436e-05
253453	0.003352890142
253454	0.001727125759
253455	0.001802032678
253456	0.0003880131902
253457	0.001150937607
253458	0.0001657738298
253459	0.0002258170884
253460	0.001010017195
253461	0.002056556245
253462	0.0006722131853
253463	0.001465149396
253464	0.0008292962786
253465	0.003202243396
253466	0.003052952931
253467	0.004819249556
253468	0.003980099882
253469	0.0007663955753
253470	0.0003166354652
253471	0.004223661669
253472	0.003328057208
253473	0.004224818661
253474	0.0003320524563
253475	0.0007278821672
253476	0.0001910676891
253477	0.0005077415181
253478	0.000157830174
253479	0.002414812966
253480	0.0002395620915
253481	0.0004174267337
253482	0.005458180224
253483	0.0006615661135
253484	0.004277970117
253485	0.0007918894552
253486	0.00174134229
253487	0.003074160867
253488	0.0002392387218
253489	0.0004773602676
253490	0.003410905989
253491	0.001565706007
253492	0.001995906212
253493	0.001620931571
253494	0.001962209148
253495	0.00084580955
253496	0.0007713640634
253497	0.002873652799
253498	0.0004415622199
253499	0.003089258908
253500	0.000431838003
253501	0.003203456236
253502	0.001306412287
253503	0.0001176817833
253504	0.0004408446836
253505	0.002168015626
253506	0.00152105676
253507	0.002135781127
253508	0.001499265845
253509	0.001664422757
253510	0.005328646269
253511	0.000353021735
253512	0.001980923912
253513	0.001913091959
253514	0.007323293399
253515	0.001318738426
253516	0.001094990158
253517	0.0003799739478
253518	0.001429418787
253519	0.0009418065423
253520	0.002688846971
253521	0.003425821608
253522	0.0001020769432
253523	0.0009465303321
253524	0.0009809061206
253525	0.001418389839
253526	0.000565543848
253527	0.002200894225
253528	3.723506816e-05
253529	0.001465541125
253530	0.002744302685
253531	2.338498603e-05
253532	0.004875888515
253533	0.001668005862
253534	0.0006881881721
253535	0.000878664178
253536	0.001712086786
253537	0.005101621183
253538	0.0003231707235
253539	0.0023393251
253540	0.001751769377
253541	0.0009000219177
253542	0.00476658425
253543	0.001151879525
253544	0.001498919543
253545	0.0008405641078
253546	0.002275980096
253547	0.001317336264
253548	0.001323920504
253549	0.002232843954
253550	0.001557086999
253551	0.002856503607
253552	0.0001170779391
253553	0.00582453077
253554	0.00143189235
253555	0.001941785609
253556	0.0004511468916
253557	0.0004833853695
253558	0.001249137267
253559	0.000673183785
253560	0.0001383739976
253561	0.0002469292343
253562	0.004777188952
253563	0.001470272033
253564	1.421550485e-05
253565	0.0006358380882
253566	0.001818931565
253567	0.002628079944
253568	0.002195990288
253569	0.001915972812
253570	0.005449525095
253571	0.002174544541
253572	0.002575435881
253573	0.00200231851
253574	0.001060991777
253575	0.0009429419663
253576	0.001054644298
253577	0.0003151667195
253578	0.0009119230848
253579	0.0002987484789
253580	0.0007359738328
253581	0.001155587865
253582	0.005925500034
253583	0.001807645963
253584	0.0002109080085
253585	0.003996977515
253586	0.007118417743
253587	0.0003340867266
253588	0.003715381005
253589	0.0001387073518
253590	0.002760929327
253591	0.003654106285
253592	0.0005595842496
253593	0.002729384034
253594	0.002872753441
253595	0.002943660237
253596	0.0005673184855
253597	0.002980917782
253598	0.003704457124
253599	0.004283286071
253600	0.006453794781
253601	4.553220375e-05
253602	0.001996602951
253603	0.0001927508202
253604	0.001391561725
253605	0.003658387725
253606	0.001409408477
253607	0.002894739961
253608	0.003534094199
253609	0.0006784152998
253610	0.004714958345
253611	0.003288591685
253612	0.002824080011
253613	0.0008937394901
253614	0.0003420667478
253615	0.00113166483
253616	0.00143885176
253617	0.0004958826889
253618	0.0005110444906
253619	0.000522150639
253620	0.001907311655
253621	0.0002292202793
253622	0.0003937415967
253623	0.003772169498
253624	0.0007330937575
253625	0.0006340234657
253626	0.0008960952144
253627	0.001244564823
253628	0.0007697225795
253629	0.0006404565653
253630	0.000774065624
253631	0.0002237037012
253632	7.151581892e-05
253633	7.246688497e-05
253634	0.001100097957
253635	0.0004172927423
253636	0.0002808778033
253637	0.0002745929291
253638	5.840996617e-05
253639	9.615984346e-05
253640	0.001600783261
253641	0.0005910539841
253642	1.208148077e-05
253643	0.0004297543389
253644	0.0001933758718
253645	0.0003559780441
253646	0.002880898125
253647	0.002049388652
253648	0.002851549649
253649	5.306924429e-05
253650	0.001572494636
253651	0.0004259968556
253652	0.0005811543801
253653	0.0006163809366
253654	0.0003431121482
253655	0.000644240554
253656	0.0004230276166
253657	0.0005601109119
253658	0.0002118914746
253659	0.0001680459448
253660	0.000296906934
253661	0.0001581015045
253662	0.0004687098465
253663	0.0008634852329
253664	6.358018385e-05
253665	0.0002775554481
253666	0.0003745602779
253667	0.0005297619832
253668	0.0003040050805
253669	3.266378992e-05
253670	0.0002520279963
253671	0.001140521794
253672	0.003137338075
253673	0.00263481395
253674	0.005316687492
253675	0.003733503018
253676	0.0013931744
253677	0.0009566908107
253678	0.002443174423
253679	0.002520896664
253680	0.000653821746
253681	1.146150574e-07
253682	0.003372426964
253683	0.000820551515
253684	0.0009133213405
253685	0.0007150119488
253686	0.001526393769
253687	0.0001578635062
253688	2.515829743e-07
253689	0.0008015535688
253690	0.0006562364133
253691	8.63666336e-05
253692	0.002316909274
253693	0.0001324204268
253694	0.001292755934
253695	4.352641472e-05
253696	0.001971826079
253697	0.0004817707153
253698	0.001857140436
253699	0.0007349755925
253700	0.003884060455
253701	4.805825333e-05
253702	0.002045335993
253703	0.0001705568213
253704	0.007040830225
253705	0.000482892417
253706	0.0005204990425
253707	0.0002817482083
253708	0.0001207180726
253709	0.000718338705
253710	0.002593744583
253711	0.0015065796
253712	0.0003347002511
253713	0.0001707704352
253714	0.001055172076
253715	0.0008139541887
253716	0.0004160534668
253717	0.00135091114
253718	0.003041105595
253719	0.005364017505
253720	0.0004701585704
253721	0.001042306819
253722	0.0008730150014
253723	0.001140342991
253724	0.0008062641439
253725	0.0005922326147
253726	0.0009105811953
253727	0.00308770964
253728	0.002774804164
253729	1.99348067e-05
253730	0.0009612563986
253731	0.001527863054
253732	0.0004734825585
253733	0.0008607694512
253734	4.65456287e-05
253735	0.0009578751994
253736	0.000894238909
253737	0.0008911887645
253738	0.0002942991518
253739	0.0007827908045
253740	0.000196800098
253741	0.001223845557
253742	0.002597481901
253743	0.0005210715427
253744	0.0003688978479
253745	0.002035698781
253746	0.0002376698277
253747	0.0008504540448
253748	0.0008381924722
253749	0.001559381799
253750	0.0009257898431
253751	0.001054588792
253752	0.001817363967
253753	0.0001172294211
253754	9.792095267e-05
253755	0.0021760636
253756	0.0004191072218
253757	0.001602557456
253758	0.0002491536307
253759	0.0003534190955
253760	0.002384197044
253761	0.0004617919143
253762	0.0009242358785
253763	0.001606153838
253764	0.0009557557064
253765	0.0008008331618
253766	0.001028121784
253767	0.001229514093
253768	0.0005042011248
253769	0.0001164358433
253770	0.002144317758
253771	0.001208155655
253772	0.0004808336048
253773	0.0002113653603
253774	0.000741219884
253775	0.0007882292379
253776	0.0005077913219
253777	0.002338777842
253778	0.003471891838
253779	5.605987425e-05
253780	0.0001439378711
253781	0.0005998573388
253782	0.0002686321782
253783	0.0006115437086
253784	0.0005658234004
253785	0.0008161108141
253786	0.002016144254
253787	0.000809032418
253788	0.0003940352268
253789	0.0007077431628
253790	0.0009845666238
253791	0.002273785493
253792	0.00105536112
253793	0.006069478207
253794	9.552691534e-05
253795	0.000885137312
253796	0.002504819624
253797	0.0006411031929
253798	0.0008610279069
253799	0.003112116116
253800	0.0008884271998
253801	0.0005886026651
253802	0.0004898987947
253803	0.0001847853274
253804	0.001490594755
253805	0.001027302189
253806	0.001466665396
253807	0.0005488301316
253808	0.001205996521
253809	0.001140653108
253810	0.000971571806
253811	0.001302467462
253812	0.0002306124552
253813	0.0005865369386
253814	0.000532106033
253815	0.0006067987175
253816	0.002004595404
253817	0.005242329241
253818	0.0002268552517
253819	0.003507716205
253820	0.0001653970617
253821	5.36094244e-05
253822	0.0007848106266
253823	0.0007322428967
253824	0.0007946290854
253825	0.0002736488696
253826	0.002893568433
253827	0.0006242649052
253828	0.000191669562
253829	0.0002570976896
253830	0.0004778976091
253831	0.000522857763
253832	0.001082493561
253833	0.0010980301
253834	0.0008272912865
253835	0.0007418584336
253836	0.0001840297981
253837	0.0003634076825
253838	0.0002038688913
253839	0.0003744693031
253840	0.0007756397908
253841	0.00368942054
253842	0.001120919462
253843	5.165434367e-05
253844	0.0002373474339
253845	0.0007025588693
253846	0.0008375649708
253847	0.001492792054
253848	0.0004991414449
253849	0.0008852150402
253850	0.0004755280608
253851	0.0004303055455
253852	0.0008673605939
253853	0.0006931063059
253854	0.0003831781192
253855	0.0003336080817
253856	6.58852139e-05
253857	0.0004261922745
253858	0.0002018965258
253859	0.001315747797
253860	8.885923983e-05
253861	0.000726886347
253862	0.0005179350939
253863	0.0003488371752
253864	0.0007333476232
253865	0.0005328907788
253866	0.001712225983
253867	0.0003913337332
253868	0.0009430917134
253869	0.001141191754
253870	0.0006436822661
253871	0.0003641520643
253872	5.593771417e-05
253873	4.193271289e-05
253874	0.0005838192771
253875	0.0006160320664
253876	0.000450409104
253877	0.0008324488158
253878	0.0002155395732
253879	0.0005330410434
253880	0.0005297180407
253881	0.0006655513652
253882	0.002295307937
253883	0.0009510714019
253884	0.0007496788571
253885	1.39941336e-05
253886	0.001665717913
253887	0.0006434893645
253888	0.0001131273979
253889	7.420499582e-05
253890	0.0007166279896
253891	0.001134494012
253892	0.001095616215
253893	0.0009268270431
253894	0.000472301999
253895	0.0005163931158
253896	0.0003574180367
253897	0.000666388532
253898	0.0004442622811
253899	0.001200910568
253900	0.0003004989891
253901	0.000327336188
253902	0.0006404057686
253903	0.0004990011194
253904	0.001307798839
253905	0.001402473803
253906	0.00131059132
253907	0.001435071544
253908	0.0007635011486
253909	0.0007080061756
253910	0.0001351869143
253911	0.0003254377672
253912	0.0006834061136
253913	0.0009288858197
253914	0.0004397362951
253915	0.0002093085289
253916	0.0001935416037
253917	0.001032503496
253918	0.0005495312073
253919	0.0007311849385
253920	0.0004876815763
253921	0.001348527582
253922	0.0009921084019
253923	0.001072741938
253924	4.049582256e-05
253925	0.001374924132
253926	0.0007019911193
253927	0.0008107910295
253928	0.0007813853724
253929	0.001074202824
253930	0.001157754772
253931	0.001125880282
253932	0.0004482726485
253933	0.0002430036833
253934	0.001179274511
253935	0.001200896096
253936	0.0004459030516
253937	0.0004925065207
253938	1.411066193e-06
253939	7.445605241e-05
253940	0.0005881912221
253941	2.648220513e-05
253942	0.000475075925
253943	0.0004447432926
253944	0.003450148464
253945	0.0005201553214
253946	0.0002590967808
253947	0.0019563142
253948	0.0005304557179
253949	7.870143627e-05
253950	0.00073337017
253951	0.0004663252787
253952	0.001516021263
253953	0.0007018007556
253954	0.0003428216846
253955	0.0002058102036
253956	2.42963339e-05
253957	0.0003101403636
253958	0.000969865746
253959	6.011704435e-05
253960	0.001368877512
253961	0.0004819516648
253962	0.001073902213
253963	0.0004287075656
253964	0.0004211461202
253965	0.0007990634462
253966	0.0003368176396
253967	0.0005929047023
253968	0.0005870813183
253969	0.0001951953181
253970	0.001067731591
253971	0.001466572011
253972	0.0011508614
253973	0.0005764732414
253974	0.0009736568949
253975	2.728185611e-05
253976	0.0003689698279
253977	0.000557611489
253978	6.901725363e-05
253979	0.0009624773698
253980	0.000205648515
253981	0.0002003129693
253982	0.000594661777
253983	0.0002627235384
253984	0.00137930878
253985	8.867026593e-05
253986	0.001168029229
253987	0.0007698946739
253988	0.0006076592378
253989	0.000410384735
253990	0.0001482995202
253991	2.914787852e-06
253992	0.0007018294837
253993	0.0002894698587
253994	0.001038867541
253995	5.245310034e-05
253996	0.001264305721
253997	0.001361274014
253998	0.0001236139577
253999	0.001021564084
254000	9.462648321e-06
254001	0.0004284327152
254002	0.001253238314
254003	0.001143090543
254004	0.0002076363205
254005	0.0003521793626
254006	0.0002815434991
254007	0.0001406633286
254008	0.001047218336
254009	0.0002567164351
254010	0.0001383364605
254011	0.0003939433916
254012	0.0004131302501
254013	0.0005008332503
254014	0.001029250192
254015	0.0004199707741
254016	0.003311076601
254017	0.0008422295401
254018	0.001172935026
254019	0.0004383937764
254020	0.0001976343456
254021	0.0003910104094
254022	0.0001900353586
254023	0.001425512771
254024	0.000924461665
254025	0.0001876175128
254026	0.0003948184153
254027	0.0005003134245
254028	0.001731426388
254029	0.0003325130786
254030	0.0001241891291
254031	0.0009735155535
254032	0.0005101066199
254033	0.0007563461857
254034	0.001551804263
254035	0.0005656345179
254036	0.0004554567852
254037	0.0004479025484
254038	0.000468951499
254039	0.001516258341
254040	0.0002615722327
254041	9.432577193e-05
254042	0.0007334462394
254043	0.0006467288605
254044	0.002638178298
254045	0.001723691305
254046	0.0001856317346
254047	0.0006623287646
254048	0.0001958379019
254049	5.120762572e-05
254050	0.0004038608058
254051	0.0002874346246
254052	0.0007967298362
254053	0.0006626107216
254054	0.0002673511698
254055	0.0008557445071
254056	0.002148634407
254057	0.0008449133923
254058	0.002270087583
254059	0.0005220706759
254060	0.0005677085888
254061	0.001338961193
254062	0.0003287845411
254063	8.122364222e-05
254064	0.0003685912724
254065	0.001052785031
254066	0.0004576787523
254067	0.0003856793674
254068	0.0003487166847
254069	0.001283189294
254070	0.000450770112
254071	0.000314946318
254072	5.020101787e-05
254073	0.0007477465205
254074	0.0005887378651
254075	0.003787345779
254076	0.0005426873287
254077	0.000324744778
254078	0.00111951368
254079	0.0004496942941
254080	0.0005581798986
254081	0.001546630697
254082	0.0006978174255
254083	0.0005728137108
254084	0.0002234182458
254085	0.0006637326239
254086	0.0006933553755
254087	0.0008025340168
254088	1.321993108e-05
254089	0.0002005376709
254090	0.0009690676932
254091	0.0007414334061
254092	0.001112003105
254093	0.0008097125972
254094	0.0009208378166
254095	4.432683594e-05
254096	0.0004540644963
254097	0.00135827744
254098	7.378481841e-05
254099	0.0004858384519
254100	0.0008590930289
254101	0.0005502267519
254102	0.0005818782045
254103	0.0005014431863
254104	0.0008531804244
254105	0.001409471581
254106	0.001115943624
254107	0.001484293494
254108	0.004247501827
254109	5.599448259e-05
254110	0.000329848296
254111	0.0004112625446
254112	0.001699823233
254113	0.0009904206786
254114	0.001328655574
254115	0.002027154178
254116	0.0003578476642
254117	0.0009964140548
254118	0.001594780174
254119	0.0009256804276
254120	0.0002837052388
254121	0.0001970215082
254122	0.00111976361
254123	0.000291247948
254124	0.0008469905554
254125	0.0006945823253
254126	0.002055225322
254127	0.0002096328472
254128	0.004571313645
254129	0.0006817343179
254130	0.0005030257577
254131	0.0008808628349
254132	0.0008140972528
254133	0.000912352701
254134	0.00103752243
254135	0.001160853355
254136	0.002526028424
254137	0.002951238343
254138	0.0002881967409
254139	0.0009164290323
254140	0.0007869392117
254141	0.000968514739
254142	0.0008005095777
254143	4.168029502e-05
254144	0.0003143885061
254145	0.001511497958
254146	0.0004521693709
254147	0.0008208547483
254148	0.0003002342
254149	0.0008275050347
254150	0.0004470732869
254151	0.000366336757
254152	0.0007598611659
254153	0.0004256339316
254154	0.000697154827
254155	0.0013052081
254156	0.0009477239119
254157	0.003820979249
254158	0.0009783317793
254159	0.0008878200213
254160	0.0005461664026
254161	0.000908763357
254162	0.002615528699
254163	0.001479300014
254164	0.002915728432
254165	0.002379982908
254166	3.765482163e-05
254167	0.0005032068424
254168	8.062927156e-05
254169	0.002009454078
254170	0.0001735070881
254171	0.0007028612462
254172	0.0004888272037
254173	0.001367607216
254174	0.000985429069
254175	0.0006169443753
254176	9.110574833e-05
254177	0.0003788430269
254178	0.0007335270219
254179	0.002011897063
254180	0.0003929715286
254181	0.001219109532
254182	0.003540724269
254183	0.000960302949
254184	0.000765418448
254185	0.0001629616076
254186	4.285726701e-05
254187	0.0005883439049
254188	0.001075996481
254189	0.000309139673
254190	0.001575993886
254191	0.0002133054147
254192	0.001164342333
254193	0.00040634278
254194	0.0001528849445
254195	0.0004561227444
254196	0.001339189542
254197	0.001095867022
254198	0.0009079443216
254199	0.0007244146011
254200	0.000341934837
254201	0.0005031381799
254202	0.00068070617
254203	0.0006359662838
254204	0.001693224057
254205	0.003817728483
254206	0.006025709399
254207	0.001917200006
254208	0.000704029087
254209	0.003096201182
254210	0.003465195043
254211	0.0003716842569
254212	0.0003677400598
254213	0.000295486342
254214	0.0001616342103
254215	0.0001805882606
254216	0.0004081449379
254217	0.003789719646
254218	0.00668524059
254219	0.0002159364776
254220	0.0005270438543
254221	0.0006328616237
254222	0.0006125927728
254223	0.001094242383
254224	0.0004999440388
254225	0.0002743527617
254226	0.0009158322127
254227	0.0008889738478
254228	0.001139746184
254229	0.0003331852362
254230	0.001183409124
254231	0.00172200063
254232	0.0003497516878
254233	5.668624754e-05
254234	0.001011882007
254235	0.0002144123877
254236	0.00267793565
254237	0.0005942894731
254238	0.0009507507217
254239	0.0008428466092
254240	0.001158032627
254241	0.001178642709
254242	0.0003107036877
254243	0.0007377203019
254244	0.001287135215
254245	0.003516818512
254246	0.002034819817
254247	0.0009253162596
254248	0.003376634924
254249	0.0005601305146
254250	0.0008063112307
254251	0.0007389144221
254252	0.001336034339
254253	0.001222599038
254254	0.001016019969
254255	0.0004885775362
254256	0.0009150297779
254257	0.0003937019021
254258	0.001773327068
254259	0.001322484551
254260	0.0009302362108
254261	0.0002893869292
254262	0.002398968448
254263	0.0006650170229
254264	0.001574708331
254265	0.001135083337
254266	0.0006962202479
254267	0.0005405382592
254268	0.001054487115
254269	0.000579338118
254270	0.0005120120336
254271	5.405770922e-05
254272	0.0003766338578
254273	0.000468228688
254274	0.0008508473663
254275	0.0014413806
254276	0.0004581938985
254277	0.0002313176673
254278	0.00119686421
254279	0.001199365102
254280	0.0008676418444
254281	0.001209697602
254282	0.000717336331
254283	0.0008940033924
254284	0.001289773164
254285	0.001044338467
254286	5.658356765e-05
254287	0.001678269091
254288	0.002016002544
254289	0.0009045237812
254290	0.004304339055
254291	0.0007233418435
254292	0.002453247546
254293	0.0005677955923
254294	0.0007286651084
254295	0.0004261042201
254296	0.001627831415
254297	0.0004531679147
254298	0.0002325523008
254299	0.003612128825
254300	0.0004810029806
254301	0.0002188937239
254302	0.0007336804006
254303	7.212729624e-05
254304	0.0005289519871
254305	0.0006841534458
254306	0.0001780725701
254307	4.850300492e-05
254308	0.000112935203
254309	0.00061077244
254310	0.0006956979139
254311	0.002158043574
254312	0.0001847378711
254313	0.001285155152
254314	0.0006687466622
254315	0.002232175377
254316	0.0004719565449
254317	0.0004668411798
254318	0.0004237659988
254319	0.000469884422
254320	0.000441419996
254321	0.003218052872
254322	0.0004720668575
254323	0.0003469829932
254324	0.0008382453475
254325	0.0004717145965
254326	0.0002521644415
254327	0.0004193769488
254328	0.000474418568
254329	0.0005872267176
254330	0.0004929846227
254331	0.0004744412735
254332	0.0006159051699
254333	0.0005106273435
254334	0.0004465470831
254335	0.0002666549315
254336	0.000648790476
254337	0.00086676151
254338	0.0004557838367
254339	0.006993371155
254340	0.0002955647388
254341	0.0003359466975
254342	8.508952056e-05
254343	0.0006992444635
254344	0.0005042576871
254345	0.0005879414383
254346	0.001691515989
254347	0.002178578008
254348	0.005916725025
254349	0.001357839512
254350	0.0007775120857
254351	0.001417763761
254352	0.0006829562095
254353	0.0007474793145
254354	0.0006446167789
254355	0.001314876697
254356	0.001466009708
254357	0.0002649634023
254358	0.0005000066782
254359	0.0002758643071
254360	0.000361107619
254361	0.0004515400921
254362	0.0004553743461
254363	0.002628930548
254364	7.16216545e-05
254365	0.003753961379
254366	0.0001368902936
254367	0.002008305743
254368	0.0005108839886
254369	0.002032591947
254370	0.0004695216423
254371	0.0004723029034
254372	0.002011705141
254373	0.0004292023715
254374	0.002726725144
254375	0.005718491792
254376	0.0001628658247
254377	0.001342708505
254378	0.002984025037
254379	0.0005911285909
254380	0.004132541572
254381	0.000624241353
254382	0.001240688122
254383	0.002064160456
254384	0.001345717821
254385	0.003198310983
254386	0.0007527285333
254387	0.001957673332
254388	0.00619718514
254389	2.651497905e-05
254390	0.001545417613
254391	0.001344421765
254392	0.002408634748
254393	0.004728817122
254394	0.001436527851
254395	0.000707978705
254396	0.0001220453491
254397	0.001992458358
254398	0.0007954098
254399	0.0008586522486
254400	0.004011240233
254401	0.0008006156841
254402	0.0002466839498
254403	0.0007913544306
254404	0.001020283391
254405	0.003000744855
254406	0.001785385916
254407	0.002853477279
254408	0.002596465028
254409	0.001305820026
254410	0.00029194721
254411	0.003518722277
254412	0.0009895222209
254413	0.0003628606899
254414	0.003553564238
254415	0.0007676403792
254416	0.0007975586415
254417	0.0002326868741
254418	0.001025502276
254419	0.0001613505349
254420	0.0006875622953
254421	0.002419154044
254422	0.002716971678
254423	0.0002168228436
254424	0.002975438016
254425	0.0008055199834
254426	0.0002294896255
254427	3.668713412e-05
254428	0.002884278977
254429	0.0004037292987
254430	0.0003743296866
254431	0.006742953428
254432	0.0009229035658
254433	0.004225643358
254434	0.002206208303
254435	0.004521995992
254436	0.000833222678
254437	0.002228284429
254438	0.003457108732
254439	0.0006253844097
254440	0.001809141133
254441	0.002077962923
254442	0.001161465106
254443	0.003273932447
254444	0.002088409382
254445	0.002799883946
254446	0.0013620443
254447	0.003040636622
254448	0.0008733860064
254449	0.001824205292
254450	0.008740405679
254451	0.002309241212
254452	0.002043346515
254453	4.09788532e-05
254454	0.002029558055
254455	0.001497119936
254456	0.002581895894
254457	0.0009385582699
254458	0.002259707516
254459	0.002628166417
254460	0.0002252348223
254461	0.0003907921616
254462	0.002330048313
254463	0.001653364155
254464	6.469129335e-05
254465	0.003004667596
254466	0.003836073377
254467	0.001930360178
254468	0.0008288577183
254469	0.0009836839367
254470	0.001820536889
254471	0.001325818798
254472	0.000286837545
254473	0.0008410857747
254474	0.001561438623
254475	0.002992113178
254476	0.001234986678
254477	0.001512790622
254478	0.001826035585
254479	0.0007402491527
254480	0.001093775899
254481	0.002346982383
254482	0.007862459429
254483	0.004323536863
254484	0.004197293581
254485	0.003838912954
254486	0.002131653072
254487	0.0009678592693
254488	0.003421884836
254489	0.001835684896
254490	0.001426511128
254491	0.002577952186
254492	0.003229998938
254493	0.003950191261
254494	0.004872013675
254495	0.001290807382
254496	0.001003889113
254497	0.004265837609
254498	0.0003626606381
254499	0.001316312769
254500	0.0001306082826
254501	0.002115653669
254502	0.004107687286
254503	0.003692155797
254504	0.0007482214388
254505	5.699364841e-06
254506	0.002160778687
254507	0.002506346354
254508	0.004088454402
254509	0.003168517173
254510	0.003575088985
254511	0.000994031238
254512	0.002243813443
254513	0.0004720516729
254514	0.004561060057
254515	0.001737553779
254516	0.001818399884
254517	0.003326011446
254518	0.004769655986
254519	4.476801301e-05
254520	0.001160156919
254521	0.001218117382
254522	0.001667076735
254523	0.000361833658
254524	0.0001654430718
254525	0.002078717576
254526	0.004489550441
254527	0.0001172140307
254528	0.000817095249
254529	0.000704534163
254530	0.0005792847107
254531	0.0004449090573
254532	0.0001013033166
254533	0.0008418461618
254534	0.002423837745
254535	0.0006306269437
254536	0.0004716638788
254537	0.0002831235476
254538	8.217275491e-05
254539	1.639394469e-05
254540	0.0004146536112
254541	0.001407264816
254542	0.0004752237439
254543	0.0001076102889
254544	3.478371886e-05
254545	0.0009011684446
254546	0.0007652100907
254547	0.001424160673
254548	0.002322710701
254549	0.0005173568214
254550	0.001294242775
254551	0.0005017475528
254552	0.005151816048
254553	0.0003282095802
254554	0.0009395727395
254555	0.000746524613
254556	4.333237249e-05
254557	0.000279871401
254558	0.000139521954
254559	0.0001793691209
254560	0.003928351194
254561	0.0007569361944
254562	0.0008999850323
254563	0.002195833754
254564	0.002686587311
254565	0.0008114771253
254566	0.0009895619571
254567	0.0001379867256
254568	0.000856686368
254569	0.0006462961859
254570	0.0005431212783
254571	0.0007599246472
254572	0.000534338814
254573	0.0004004960441
254574	0.0006526879719
254575	0.001274133059
254576	0.0002696897996
254577	0.0009930096722
254578	2.999624094e-05
254579	0.0008431533233
254580	0.0009561257453
254581	0.0002556328526
254582	0.001203778145
254583	0.0004868762151
254584	0.0007908979364
254585	0.0008352644264
254586	0.0003955667509
254587	0.0006115706078
254588	0.0006733876828
254589	0.0007891819659
254590	0.0006010018699
254591	0.00133290204
254592	0.001369595758
254593	0.0003623988616
254594	0.0007692419308
254595	0.0005195033618
254596	0.000616954761
254597	0.0009836599452
254598	0.001231623034
254599	0.0007725958808
254600	0.0006743449866
254601	0.0004570663828
254602	0.0006765789324
254603	0.0007754498909
254604	0.0009532790494
254605	0.0003054122126
254606	0.000421257192
254607	0.0001134338118
254608	0.0007879976013
254609	3.284461273e-05
254610	0.0004937891677
254611	0.0009324186575
254612	0.0001473293196
254613	0.0002783713989
254614	0.0009791480801
254615	0.0002500578765
254616	0.0005080029166
254617	0.001281228675
254618	0.0004682159985
254619	0.00160346772
254620	0.0003021475714
254621	0.0006255608579
254622	0.0005389547194
254623	0.0007281723683
254624	0.0006600963109
254625	0.0006268944066
254626	0.0006855065629
254627	0.000754524433
254628	6.175340028e-07
254629	0.0003824224778
254630	0.002449971427
254631	0.0003130570405
254632	0.003406418545
254633	0.0002430690439
254634	0.0006890453606
254635	0.0002271800556
254636	0.001438340342
254637	0.001720299618
254638	0.0006802675258
254639	0.0009541302161
254640	0.0001694266598
254641	0.0002516245866
254642	0.0007708494321
254643	0.0005449004716
254644	0.0002154475995
254645	0.001407641162
254646	0.001330326141
254647	0.001113769617
254648	0.0003862799713
254649	0.0006908863599
254650	0.000909302228
254651	0.001349463508
254652	0.0001233818754
254653	0.0009801737094
254654	0.0004743351557
254655	0.0002604621947
254656	0.000810388665
254657	0.0007680123927
254658	0.0003027455162
254659	0.0009935634871
254660	0.00144563623
254661	0.0003249641022
254662	0.0008240682915
254663	0.0005538421372
254664	0.0001249962784
254665	1.801774262e-05
254666	0.0006045478692
254667	0.00147175578
254668	0.001025962335
254669	0.001824783616
254670	0.0008296344608
254671	0.0003698759983
254672	0.0008150922394
254673	0.0007642757022
254674	0.001214236293
254675	0.0001631561609
254676	0.0005779914146
254677	0.0008793792905
254678	0.0007461939155
254679	0.0004656421514
254680	0.000715135755
254681	1.550128756e-05
254682	0.0005844761423
254683	0.001015272001
254684	0.0007286702549
254685	0.001412629763
254686	0.0009666126388
254687	3.700942705e-05
254688	0.0005622159458
254689	8.180807228e-06
254690	0.001250084078
254691	0.0003659867586
254692	0.0004566896633
254693	0.0001562126082
254694	0.0003456658169
254695	0.001167920683
254696	0.0004442248241
254697	0.0009567100313
254698	0.0009665730176
254699	0.001092169749
254700	0.0004280980869
254701	0.000426521844
254702	0.0004295163278
254703	0.001433985828
254704	5.310260488e-05
254705	7.044325618e-05
254706	0.000219505518
254707	0.0003721362253
254708	0.0003706140869
254709	0.001040600027
254710	0.00121435729
254711	0.0006357441034
254712	0.0003915005184
254713	0.000141105971
254714	0.0001134878417
254715	0.0005038508887
254716	0.0006265123213
254717	0.0005757104875
254718	0.0004172334711
254719	0.001991971395
254720	0.0003478179239
254721	0.0007249390634
254722	0.0006285560067
254723	0.0004867779824
254724	0.001655338543
254725	0.001001145869
254726	0.0009920743085
254727	0.0007175001021
254728	0.001459193654
254729	0.0001066102721
254730	2.071442566e-05
254731	0.001197004251
254732	0.0002969777805
254733	0.0004043340174
254734	0.0009853034651
254735	0.0001590169736
254736	0.001256155262
254737	0.0007253378296
254738	0.0007747364056
254739	0.000639779576
254740	0.0004097514248
254741	0.0007100751427
254742	0.0001539388891
254743	0.0006170670525
254744	0.0007822394211
254745	0.0005964929626
254746	0.002848060321
254747	0.001264854333
254748	0.001110382224
254749	0.0001903530376
254750	0.0004430326694
254751	0.0001966742376
254752	0.0004097317219
254753	0.001442043121
254754	0.001753856478
254755	0.0002346456608
254756	0.0009816785469
254757	0.0001590889185
254758	0.001296359084
254759	0.000989504694
254760	0.001082916698
254761	0.0004320651842
254762	0.0001927697045
254763	0.0008334607619
254764	0.000881366398
254765	0.0004061182212
254766	0.0007012047793
254767	0.0006547339887
254768	0.0005068474218
254769	0.0004852233505
254770	0.001012247083
254771	0.0004247317715
254772	0.001005235377
254773	0.000708036141
254774	0.001006474276
254775	0.0005171905303
254776	0.0004810566863
254777	0.000949904478
254778	1.092227588e-05
254779	0.0009914970462
254780	0.004049072586
254781	0.001020205378
254782	0.0005199960587
254783	0.0003075224078
254784	0.0003349504443
254785	0.000868545108
254786	0.0009700809832
254787	0.0003985368031
254788	0.0001961927796
254789	0.000305692536
254790	0.0006244778697
254791	0.0007613512308
254792	6.264433365e-05
254793	0.0007113205104
254794	0.000540836769
254795	0.0006912579847
254796	0.001241686521
254797	0.000568499014
254798	0.0005452002151
254799	0.0002255524101
254800	0.002486862063
254801	9.777863167e-05
254802	0.0005984610945
254803	0.0004039733252
254804	0.0005152343043
254805	8.320706073e-05
254806	0.0001926933086
254807	0.0009897269908
254808	0.001550375127
254809	0.001786062575
254810	0.0008775722871
254811	0.0001309332047
254812	0.0008781682485
254813	0.0007176610094
254814	0.001043984597
254815	0.001485063512
254816	0.0002236609915
254817	0.0002985262067
254818	0.001195109804
254819	0.0003610006581
254820	0.0007970186815
254821	0.0004071897011
254822	0.001102609058
254823	4.865466218e-05
254824	0.0006998468968
254825	0.0007106628585
254826	0.000754696998
254827	0.000668853482
254828	0.0004637981338
254829	0.000934647711
254830	0.0006413243367
254831	0.0008669668794
254832	0.0004776219788
254833	0.0007109902587
254834	0.001913830584
254835	0.002135855814
254836	0.0004404662878
254837	0.001286429298
254838	0.0001958910303
254839	0.0002385957584
254840	0.000421353122
254841	0.0001640928076
254842	0.0003197021224
254843	0.0004056478001
254844	0.0001540852829
254845	0.0008751608487
254846	0.0006383044441
254847	0.001346990533
254848	0.0003551625659
254849	0.0002038747598
254850	0.0002781811325
254851	7.63778016e-05
254852	0.0001133821684
254853	0.0003588356129
254854	0.0008498698221
254855	1.820942428e-06
254856	0.0003893041101
254857	0.001066539243
254858	0.0003984641677
254859	0.001212626826
254860	8.75936367e-05
254861	0.001293805426
254862	0.0002509402103
254863	0.000455269904
254864	0.0008373810173
254865	0.003160245916
254866	0.0005505970766
254867	0.0001346670053
254868	0.0002530608929
254869	0.0005408415473
254870	0.0001680134242
254871	0.001203692046
254872	0.005443178378
254873	0.0003142669365
254874	0.005326604403
254875	0.0006947343424
254876	0.0001599206163
254877	0.0004731846347
254878	0.0002586760634
254879	0.0004789469251
254880	0.0007983099296
254881	0.001378998826
254882	0.0006909134714
254883	0.002447967748
254884	0.001082137238
254885	0.0004494747909
254886	0.0007909528085
254887	0.000423074863
254888	0.0001444845092
254889	0.0005410905403
254890	0.0003043643055
254891	0.001035292371
254892	0.0004199938067
254893	0.00194698524
254894	0.0006978423899
254895	0.0009373120368
254896	7.597297623e-06
254897	0.0004079005084
254898	0.0005682448575
254899	0.0006186418315
254900	0.0005128611484
254901	0.0008816857605
254902	4.066218338e-05
254903	0.0004671225207
254904	0.0008725623306
254905	0.000886325541
254906	0.0005682704219
254907	0.0008865620007
254908	0.000477933773
254909	0.001065019267
254910	0.001261661375
254911	0.001059175832
254912	7.58982608e-05
254913	0.0002658938337
254914	0.000678830171
254915	0.0006770778525
254916	0.0009961989736
254917	0.0008567302498
254918	0.00137977114
254919	0.0003286733879
254920	0.0002506394802
254921	0.003227343832
254922	2.033293313e-05
254923	0.001063723099
254924	0.0003991368431
254925	0.0002423864278
254926	0.000699358795
254927	0.0004567700193
254928	0.0003028047164
254929	0.0001312413482
254930	0.002011469142
254931	0.006450796053
254932	0.001311645798
254933	0.000706507576
254934	0.001745415691
254935	0.000361279702
254936	0.00121523053
254937	0.0007268463844
254938	0.003955628345
254939	0.002861239105
254940	0.0009046439002
254941	0.0008103586841
254942	0.0002650365725
254943	0.0003921850715
254944	0.0006789130984
254945	0.001083018447
254946	0.0005917755079
254947	0.003471122915
254948	0.0009222314194
254949	0.0008816287074
254950	0.0003734605757
254951	0.001283427858
254952	0.0007337412482
254953	0.0001082551721
254954	0.0004401059989
254955	6.093169721e-05
254956	3.206213985e-05
254957	0.00136865685
254958	0.0001634286909
254959	0.0007640242054
254960	0.0009681669263
254961	0.0004134589901
254962	0.0008808109784
254963	0.002757607316
254964	0.0001132627717
254965	0.001691777173
254966	0.0003827902895
254967	0.0003249662415
254968	0.0001256755607
254969	0.0005982021243
254970	0.0009481916106
254971	0.0001297208434
254972	0.001005716008
254973	0.0006728913691
254974	0.001888275792
254975	0.0003352246721
254976	0.0001526171027
254977	0.0006104526502
254978	0.00166531042
254979	0.001124572674
254980	0.001453684136
254981	0.0002236536214
254982	0.0003154274707
254983	0.00142568579
254984	0.001886476843
254985	0.0005482672919
254986	0.0001029092731
254987	0.0001502096141
254988	0.0009319458893
254989	2.243855034e-05
254990	8.510776658e-05
254991	0.001699248166
254992	0.001011432964
254993	0.0006499815895
254994	0.0001820056413
254995	0.00117444121
254996	0.0004772589161
254997	0.001205320906
254998	0.0009293642391
254999	0.0007236121156
255000	5.758928129e-05
255001	0.0008330834289
255002	0.0002375023971
255003	4.764607807e-05
255004	0.0003946498908
255005	0.001831043469
255006	0.001953673236
255007	0.001296674895
255008	0.001277658825
255009	0.0004306213024
255010	4.072462197e-05
255011	0.0002663102046
255012	0.0009115297047
255013	0.000248526562
255014	0.001355771689
255015	0.001195176837
255016	0.0009666867234
255017	0.0006270398759
255018	0.0002128295666
255019	0.0001543262769
255020	0.0002752681787
255021	0.001254004308
255022	0.0006909030556
255023	0.0003485175049
255024	0.0001944268141
255025	0.0003989722264
255026	0.0005095402507
255027	0.000735622772
255028	0.0006499595383
255029	0.0009292757085
255030	0.0007281118958
255031	0.001044254089
255032	0.0006858022572
255033	0.0009964481938
255034	0.0003015297034
255035	0.0004230366157
255036	0.0008463110442
255037	0.0004434889515
255038	0.0008498867553
255039	0.001101924621
255040	0.001349415382
255041	0.000991757322
255042	0.0007297303045
255043	0.0007703454506
255044	0.000551217987
255045	0.0005850265138
255046	0.0006007155246
255047	0.0009542690671
255048	0.0009264898285
255049	0.000111186728
255050	0.001028010497
255051	6.460557727e-05
255052	0.000393081933
255053	0.0009109375482
255054	0.001501511561
255055	0.0007253458875
255056	0.0007969840043
255057	0.002102691418
255058	0.002719490846
255059	0.002376456583
255060	0.0002880850549
255061	0.0004527648432
255062	0.0006795292858
255063	0.0007872614535
255064	0.0009330461811
255065	0.0001010358633
255066	4.299838707e-05
255067	0.002578938903
255068	0.0004824242677
255069	0.0004128467444
255070	0.0008179730518
255071	0.001657632523
255072	0.0007274713836
255073	0.0007443744607
255074	0.0003754922959
255075	0.001161953238
255076	0.0003751344574
255077	0.000747293536
255078	0.002682840515
255079	0.001552689554
255080	0.0005517792836
255081	0.0005172340751
255082	0.000226142309
255083	0.002126755739
255084	0.0009942270919
255085	0.000313507721
255086	0.0002118519188
255087	0.001283619691
255088	0.001497455266
255089	0.002287211805
255090	0.0009817176877
255091	0.002302904494
255092	0.0001172001379
255093	0.001136216048
255094	0.0007812813999
255095	0.0009153447434
255096	0.0004449091492
255097	0.001432443554
255098	0.0006842480322
255099	0.0006015697529
255100	0.000680683581
255101	0.0007569198174
255102	5.061127359e-05
255103	0.0004574081799
255104	0.001252201233
255105	0.001899008077
255106	7.069345047e-05
255107	0.0004604629274
255108	0.0002816482301
255109	0.000753075535
255110	0.0004529894101
255111	0.0009477923092
255112	0.0006959795828
255113	0.001013318074
255114	0.0008305692608
255115	0.0004009669645
255116	0.0006680349092
255117	0.0004000059024
255118	0.0002499821856
255119	0.0001927476317
255120	0.0005064380852
255121	0.0006906146215
255122	1.195563347e-05
255123	0.0007780820703
255124	0.001144724058
255125	0.001952013697
255126	0.0006639535883
255127	0.001179305753
255128	0.00394165415
255129	0.000687846467
255130	0.0007399187778
255131	0.000563108138
255132	0.002914478619
255133	0.0008654396942
255134	0.001337417281
255135	0.0002898595377
255136	0.0007564941657
255137	4.547205085e-06
255138	0.001161327999
255139	0.0009787065996
255140	0.001028101455
255141	0.001170278832
255142	0.002265063343
255143	0.0001104753708
255144	0.0008087881505
255145	0.0008290101268
255146	5.347776552e-05
255147	0.001142338903
255148	0.001010577989
255149	0.002461582838
255150	0.002152372721
255151	0.0005531916564
255152	2.433317752e-06
255153	0.0004369646555
255154	0.0007133597634
255155	0.0002303420958
255156	0.0009437339202
255157	0.000317743649
255158	0.0004953925822
255159	0.0011833813
255160	0.0005926945841
255161	0.0005494307766
255162	0.0008486700789
255163	0.001299324056
255164	0.0004164682683
255165	3.806464338e-05
255166	0.0005669647732
255167	0.001794961182
255168	0.0007569038093
255169	0.0003623738047
255170	0.0005946661111
255171	0.001330955786
255172	0.0003695753437
255173	0.004148946541
255174	0.001883977619
255175	0.0006004942782
255176	0.0005663591258
255177	0.001535043167
255178	0.002006750021
255179	0.000546828128
255180	0.001361611468
255181	0.0001980480187
255182	0.0007210382889
255183	0.0001994431153
255184	0.00816377968
255185	0.0003993179883
255186	0.0001721599812
255187	0.0005584279988
255188	0.0001550888086
255189	0.001581482923
255190	0.0005049156417
255191	0.0006918971367
255192	0.0002300904458
255193	0.0004625429696
255194	0.0002946905215
255195	0.0005179346594
255196	0.0008622026186
255197	0.0001076549703
255198	0.0009086474664
255199	0.0004357597604
255200	0.0005718056223
255201	0.0004791414712
255202	0.0006167800818
255203	0.0004258719973
255204	8.707240602e-05
255205	0.002412584083
255206	0.0006871780649
255207	0.0007994550251
255208	0.0003933482241
255209	0.001192849578
255210	0.0003795893808
255211	0.0001892993931
255212	0.00101828291
255213	0.0004958930321
255214	0.001045589842
255215	0.001284286709
255216	0.0003039068217
255217	0.0008244583034
255218	0.0005438810595
255219	0.001373025459
255220	0.001100095638
255221	0.002381547441
255222	0.002149782543
255223	0.0004708033672
255224	0.0001652917396
255225	0.0006624286195
255226	0.001253263799
255227	0.001293188046
255228	0.0007338467776
255229	0.0002664614912
255230	0.001395542256
255231	0.0006583176615
255232	0.001229359148
255233	0.0006794935549
255234	0.0005719763879
255235	6.100101516e-05
255236	0.002329071236
255237	0.0008118220168
255238	0.0003087687246
255239	0.0001527792058
255240	0.0007169789716
255241	0.0004875113282
255242	0.0005184905286
255243	0.001165198359
255244	0.0009959102068
255245	7.145312577e-05
255246	0.0003596276029
255247	0.001003711407
255248	0.002130860369
255249	0.0007819370048
255250	0.0009974183534
255251	0.003905368519
255252	0.0004534659031
255253	0.0008275831484
255254	0.0003396307621
255255	4.312891873e-05
255256	0.0002561386211
255257	0.002230069078
255258	0.0008380307569
255259	0.0004731914867
255260	0.0006164394104
255261	6.266603531e-05
255262	0.001943504701
255263	0.0002860686406
255264	0.000333428634
255265	0.0003484741116
255266	0.0004745222449
255267	0.0002938491135
255268	0.00119260973
255269	0.0001851031432
255270	0.0006071837157
255271	0.000998183733
255272	0.003123636533
255273	0.0005642892967
255274	0.0008177821095
255275	0.0001440570891
255276	0.0001970186556
255277	0.0003750233068
255278	0.0005085732149
255279	0.000243834579
255280	4.507276402e-05
255281	0.002014368372
255282	0.0008749129215
255283	0.002305969856
255284	0.000431780304
255285	0.001103309894
255286	0.0001958998019
255287	0.0003589452322
255288	0.001089561849
255289	0.0008058574442
255290	0.0004271962052
255291	7.491296241e-05
255292	0.0004379444108
255293	0.001244800225
255294	0.000526943971
255295	0.001219361572
255296	0.001280603269
255297	0.001032892512
255298	0.002262845685
255299	0.001228326218
255300	0.00179589471
255301	7.393013776e-05
255302	0.0005928345295
255303	0.000721107776
255304	0.0006791563021
255305	0.001670918343
255306	8.657268661e-05
255307	0.0007557975421
255308	0.0008719713779
255309	9.377815766e-05
255310	0.002031469485
255311	0.0001733455261
255312	0.0003394026514
255313	0.003708544087
255314	0.0005243190191
255315	0.0008357179227
255316	0.0001366049724
255317	0.0006163881006
255318	0.0006195206602
255319	0.0003331707534
255320	0.0004440939528
255321	0.0011250743
255322	0.0009729125153
255323	6.593545358e-05
255324	0.0002376486593
255325	0.0004128358813
255326	0.0006363940146
255327	0.0005381600283
255328	0.0006319612357
255329	0.001788085512
255330	0.0001364937699
255331	0.001316576374
255332	0.0003483022909
255333	0.0005494924054
255334	0.000460240431
255335	0.0003160893019
255336	0.0004038840409
255337	0.0006039410529
255338	0.001460279027
255339	0.001585918365
255340	0.0006004378062
255341	1.499099377e-06
255342	1.755941382e-05
255343	0.0009136093603
255344	0.0006698057659
255345	0.0005390862802
255346	0.0001162278305
255347	5.645462837e-05
255348	0.0004747500751
255349	0.0006744968977
255350	0.0002418032932
255351	0.001290401411
255352	0.0006186540115
255353	0.0006371643713
255354	6.666276447e-05
255355	0.0001206052143
255356	0.0001632897923
255357	0.0005392467587
255358	0.001501736121
255359	0.0007136733057
255360	0.001669626476
255361	0.0007129158881
255362	0.0001635353925
255363	0.000403715116
255364	0.0004888318602
255365	0.001264002565
255366	0.0001972816972
255367	0.0009055576151
255368	0.002599445491
255369	0.0006584302827
255370	0.0005838719339
255371	0.0009464245377
255372	0.0001386906109
255373	0.0003409764953
255374	0.0005301386984
255375	0.0001464547314
255376	0.0001819760994
255377	0.0006667872481
255378	0.0009303414839
255379	0.0004267707668
255380	0.0004825726677
255381	0.0005679064398
255382	0.000861511879
255383	0.0001857494891
255384	0.0002310317404
255385	0.00149820581
255386	0.0005574688029
255387	0.0002540508029
255388	0.0003182198307
255389	0.0002625196954
255390	0.0006323430102
255391	0.0006599672634
255392	9.284546805e-05
255393	0.001598753675
255394	0.0007984413663
255395	0.0008231223004
255396	0.002673731544
255397	0.0001050646548
255398	0.0009265984165
255399	0.0003653267606
255400	0.000658740817
255401	0.000810522792
255402	0.001386928177
255403	0.001678075344
255404	0.0006957556313
255405	0.0003495730659
255406	0.0006177354078
255407	0.001060060424
255408	0.0001809614611
255409	0.001223335451
255410	0.001314616437
255411	0.0002838248375
255412	0.000543555976
255413	0.0007322005073
255414	0.0009893344208
255415	0.0006324655574
255416	3.171527987e-05
255417	0.0001850731238
255418	0.0003623825803
255419	0.001520472759
255420	0.001143879669
255421	8.23887517e-05
255422	0.0006397478656
255423	0.0008751259194
255424	0.0003296416427
255425	0.0002533032887
255426	0.0009990397827
255427	0.000381378929
255428	0.0006398280047
255429	0.001066536369
255430	0.0005729065567
255431	0.002487295349
255432	0.0004808106602
255433	0.0008272950863
255434	0.0001494120287
255435	0.0001913460037
255436	0.0006167755047
255437	0.0005379168581
255438	0.000958012703
255439	0.001401674742
255440	0.0008487876676
255441	0.0004745750555
255442	0.002073608025
255443	0.0009559554367
255444	0.0005304473864
255445	0.0001141825652
255446	0.0002936054163
255447	0.00038600061
255448	0.0004477978139
255449	0.001075758151
255450	0.0002462542013
255451	0.003309235897
255452	0.000431556732
255453	0.00075084165
255454	0.0008564870828
255455	0.001085790991
255456	0.0009322114533
255457	2.062632142e-05
255458	0.0006641510448
255459	0.001160388555
255460	0.0008392122021
255461	0.0005787106007
255462	0.0002942133877
255463	0.003946716026
255464	0.0007777803312
255465	0.0006796395843
255466	5.548357379e-05
255467	0.001569749178
255468	7.954166074e-06
255469	0.0009339644402
255470	0.0001544865529
255471	0.001735739101
255472	0.0002824436196
255473	0.003390691469
255474	0.0002314276675
255475	0.0008743647085
255476	0.0004507885208
255477	0.000914598702
255478	9.092284644e-05
255479	0.004602674634
255480	0.0007593829109
255481	0.0002241896913
255482	0.0006166031217
255483	0.0006023950135
255484	0.003623039731
255485	0.0009374666759
255486	0.0008446859424
255487	0.0001955940436
255488	0.001194553889
255489	8.900391508e-05
255490	0.0003616371211
255491	0.0005025111747
255492	0.001083991518
255493	4.781299311e-05
255494	0.000107938758
255495	0.0006433576277
255496	0.001925144727
255497	0.0005093035487
255498	0.0005172329085
255499	0.0009569447684
255500	0.000258179121
255501	0.0007368782398
255502	0.0008355227818
255503	0.0009769091358
255504	0.0004949525177
255505	0.0004755305532
255506	3.780692506e-05
255507	0.000721414496
255508	0.0001079614997
255509	0.0007642713332
255510	0.0006737076998
255511	0.0001307033801
255512	0.0009972678658
255513	0.000974994189
255514	0.0008356680868
255515	0.0005005204535
255516	0.0009607765019
255517	0.001358430224
255518	0.0003724442051
255519	0.0002324591207
255520	0.0005273033865
255521	0.000825569651
255522	0.0005839774071
255523	0.001054508472
255524	0.0003427486628
255525	0.00100359573
255526	4.723101877e-05
255527	0.0006830788231
255528	0.0005739805152
255529	0.00258905896
255530	0.0009024491222
255531	0.003931404504
255532	0.0001336436722
255533	0.0005541468299
255534	0.0001541540083
255535	0.0006040696463
255536	0.0008510829017
255537	0.0002183120562
255538	0.0009514473649
255539	0.0001650716057
255540	0.0001737332635
255541	0.0004182175537
255542	0.0004545961566
255543	0.0004612580128
255544	0.0003165433244
255545	0.002901856583
255546	0.001559471492
255547	0.00146118431
255548	0.0002037698137
255549	0.0002742503726
255550	0.000545775964
255551	0.001053898194
255552	0.0004760324929
255553	2.463396128e-05
255554	6.085813629e-05
255555	0.0002452347392
255556	0.0004173634852
255557	0.0004413395902
255558	0.0008236621209
255559	0.0009974689162
255560	0.003152338635
255561	0.0004918069986
255562	0.0006584551936
255563	0.0004731012451
255564	0.0009487423783
255565	0.0006001787768
255566	0.0006533926693
255567	0.001135985825
255568	0.001438234053
255569	0.0005775946086
255570	0.0003888434204
255571	0.001567518997
255572	0.0007777293598
255573	0.001771447651
255574	0.0004692099087
255575	0.0007774676458
255576	0.0008224145239
255577	0.0004403647454
255578	0.0007731291957
255579	0.0004168319205
255580	0.0003158779097
255581	0.0005993339858
255582	0.0003709791792
255583	0.0001415747159
255584	0.000188019811
255585	0.00164215047
255586	0.003606327881
255587	0.0005212130003
255588	4.782532714e-05
255589	0.0006745405918
255590	2.963054549e-05
255591	0.0002270957138
255592	0.0006440141574
255593	3.639650059e-05
255594	0.0006306126898
255595	0.0007161295758
255596	0.0004492398906
255597	6.088713277e-05
255598	0.0007697207624
255599	0.0001196645114
255600	0.000463509045
255601	0.0008864431974
255602	0.0001792651783
255603	0.0001590030774
255604	0.0004159868977
255605	3.635687861e-05
255606	0.0009808728198
255607	0.0003328161934
255608	0.001481427895
255609	0.0004652207794
255610	0.001218756854
255611	0.0001069123651
255612	0.003180728185
255613	0.00128652934
255614	0.0006748206161
255615	6.271079004e-06
255616	0.000838977539
255617	0.0009586991277
255618	0.0001774194253
255619	0.0003812844135
255620	0.0007445706768
255621	0.0002938536102
255622	0.0008521085251
255623	0.0009485946513
255624	0.0002040589365
255625	0.0002112730524
255626	0.0002761024529
255627	0.001002563072
255628	0.000897353799
255629	0.0004974039755
255630	0.0006941793305
255631	0.0009969559337
255632	0.0003640621419
255633	0.0001522206538
255634	0.0002116605343
255635	0.000934264878
255636	0.004792577337
255637	0.0009846184605
255638	0.001656239216
255639	0.0006825596111
255640	0.0005214747725
255641	0.0005229204039
255642	0.0002639286621
255643	0.0008074619468
255644	0.0007778459297
255645	0.0007522329012
255646	0.00080732461
255647	0.0004623351587
255648	0.0007496432342
255649	0.001615549995
255650	0.0001889631249
255651	0.0002864787187
255652	0.0007430046189
255653	0.0005306800272
255654	0.0004976743751
255655	0.0007980958951
255656	0.0003195886908
255657	0.00102761565
255658	0.001657521703
255659	0.0007353349954
255660	0.001525823876
255661	0.00043401688
255662	0.0004243554214
255663	0.0005256300988
255664	0.0009523020114
255665	0.0008477291778
255666	0.0004133042287
255667	0.0001363251263
255668	0.000438415276
255669	8.240802439e-05
255670	0.0007486013906
255671	0.0001648263059
255672	0.0009151198234
255673	0.0001118228899
255674	0.00128484461
255675	0.001671529643
255676	0.001441847056
255677	0.0005741257788
255678	0.0005619506921
255679	0.0005972012426
255680	0.0002164747354
255681	0.001120851675
255682	0.0003947086908
255683	0.001446171497
255684	0.0008158131436
255685	1.465943144e-05
255686	9.73018852e-05
255687	0.0003860925371
255688	0.000587161847
255689	0.0001380172709
255690	0.001145570186
255691	0.0004772899621
255692	2.168052902e-05
255693	0.001298612182
255694	0.0004704611293
255695	0.0003427984158
255696	0.0007057493882
255697	0.001183585769
255698	0.0006256492274
255699	0.000180540733
255700	0.0005823239173
255701	0.0003444860158
255702	3.978202245e-05
255703	0.0003337697327
255704	0.0006584733128
255705	0.001515905368
255706	9.41747433e-05
255707	0.002259842626
255708	0.001534840082
255709	0.001399951102
255710	0.0002099517882
255711	0.000665637977
255712	0.001199210528
255713	0.0004372774244
255714	0.0004714613994
255715	0.0006420739727
255716	0.002737664273
255717	0.0009037814637
255718	0.001652998767
255719	0.0002008281646
255720	0.0001788365714
255721	0.0006244016161
255722	0.002302154949
255723	0.000690957066
255724	0.0005626997732
255725	0.0001092717884
255726	0.0001731280457
255727	0.000203270722
255728	0.0007622477753
255729	0.00103532579
255730	0.0008827591175
255731	0.001124340023
255732	0.001093992685
255733	0.001259911566
255734	0.0004740738176
255735	0.0002986282746
255736	0.0004086754225
255737	0.001185287514
255738	8.076304036e-06
255739	0.001118224214
255740	0.000329973007
255741	0.0001845445512
255742	6.557699485e-05
255743	0.0006283582506
255744	0.00123573411
255745	9.522176772e-05
255746	0.0007937465152
255747	0.0008319144036
255748	0.000316790333
255749	0.0005294438429
255750	0.0008372368733
255751	0.001040425292
255752	0.0005632492305
255753	0.000221320692
255754	0.0003380361175
255755	0.001323610458
255756	0.000580478739
255757	0.001399599402
255758	0.000939650301
255759	0.0006867757433
255760	0.001080298468
255761	0.0002269035826
255762	0.0005621163028
255763	0.001376352803
255764	0.0008966490961
255765	0.0005311569878
255766	0.0004022085151
255767	0.0002439339586
255768	0.0006611609222
255769	0.00039635009
255770	0.000501555209
255771	0.001214180659
255772	0.0015855735
255773	0.0006902862675
255774	0.0002362775167
255775	0.0005865009015
255776	0.002668554712
255777	0.0009029103864
255778	0.001994371691
255779	0.0006937311124
255780	0.0002107120657
255781	0.000330310683
255782	0.0006744617329
255783	0.0008959093143
255784	0.0005139048988
255785	0.0009914717013
255786	0.0005449882774
255787	0.0008887599997
255788	0.0009043548126
255789	0.001515342944
255790	0.0004012118694
255791	0.0006446025154
255792	0.0008184774582
255793	9.809091167e-05
255794	0.0002872590372
255795	0.0002310681172
255796	0.002206245694
255797	0.0001108547073
255798	0.001052123805
255799	0.0008506130769
255800	0.001276272731
255801	0.0008200482547
255802	0.0006932719169
255803	0.000710403671
255804	0.0002684193145
255805	0.0001264951586
255806	0.0006581810937
255807	0.0001988031731
255808	0.0003417560526
255809	0.0005739941162
255810	0.0006192548931
255811	0.0001677849466
255812	0.0004219411948
255813	0.0004100876189
255814	0.0005227872964
255815	0.0003103752187
255816	0.0007485619153
255817	0.0001722716803
255818	0.0001786289598
255819	0.0005484807706
255820	0.0006189768656
255821	4.402528025e-05
255822	0.0002997489754
255823	0.0003023862661
255824	0.001053557216
255825	0.0001965236969
255826	0.0007073973886
255827	0.001171235387
255828	0.001258008057
255829	0.0003780248554
255830	0.0006074096244
255831	0.001341463676
255832	0.001141797694
255833	0.001652175308
255834	0.000566252787
255835	0.0003531685544
255836	0.0004887946299
255837	0.0006710341123
255838	0.000488110107
255839	0.0004531496306
255840	0.0007495971033
255841	0.0003460241115
255842	0.0003818764162
255843	0.001280086376
255844	0.0006367941239
255845	0.001117177814
255846	0.001475974121
255847	0.001094872487
255848	0.0005843485369
255849	0.003100539354
255850	0.0002532183247
255851	0.0009780721954
255852	0.001164488669
255853	0.001072698681
255854	0.0004795534404
255855	0.0006714648487
255856	0.0003695480459
255857	0.001699507584
255858	0.0002330416809
255859	0.001216408013
255860	0.0005127379314
255861	0.001504251948
255862	0.002571588229
255863	0.001049230127
255864	0.0004741139815
255865	0.0003962418319
255866	0.001478403128
255867	0.0001518875127
255868	0.0007090533306
255869	0.0004976466338
255870	0.0002035946779
255871	0.001044908677
255872	0.000809283491
255873	0.0008542376209
255874	0.0002658360158
255875	0.0006471220701
255876	0.000476632253
255877	0.0009314230419
255878	0.0003227349497
255879	0.0001016311837
255880	0.000334834898
255881	0.0006089844107
255882	0.0006804506045
255883	0.0002687636147
255884	5.775270972e-07
255885	0.0005348816561
255886	0.0007043163628
255887	0.0008380980871
255888	0.001094553857
255889	0.0001525468411
255890	0.0005275301631
255891	2.058052117e-06
255892	0.001288078984
255893	0.0003258573781
255894	0.0004728350684
255895	0.0001121041421
255896	0.0008783720486
255897	0.0007264518498
255898	0.0006054974089
255899	0.0003010955132
255900	0.0008286201973
255901	0.001312788009
255902	5.677439263e-05
255903	0.001098432985
255904	0.000607894816
255905	0.00130095986
255906	0.0001065833185
255907	0.002024814167
255908	0.001450679555
255909	0.0001716500477
255910	0.0003684081208
255911	0.0009686038348
255912	0.001593371812
255913	0.0003208040682
255914	0.0009419825574
255915	0.001414743156
255916	0.0004541629448
255917	0.0007666954322
255918	0.000536414997
255919	0.002319610677
255920	0.0002391429517
255921	0.001040488847
255922	0.0002257139348
255923	0.0004608380558
255924	0.0001116867457
255925	0.0002745341695
255926	0.0002902456388
255927	0.0007414580704
255928	6.110786254e-05
255929	0.0006396652834
255930	0.0007394537674
255931	0.001717030336
255932	0.0004248367261
255933	0.0007465580321
255934	0.0009731671484
255935	0.0006843318383
255936	0.001230972928
255937	0.0007365177258
255938	0.0002476632109
255939	0.0003164089887
255940	0.000188004366
255941	0.0005149786015
255942	0.0001937101993
255943	0.0007656839835
255944	0.001021637305
255945	0.001032017291
255946	0.0004228015433
255947	0.0007468032234
255948	0.0006720019901
255949	0.0002879061037
255950	0.0004420777915
255951	0.00032766259
255952	0.0006948224237
255953	0.001409693048
255954	0.000433059033
255955	0.001112608962
255956	0.0001195835284
255957	0.0002085248615
255958	0.0007300924801
255959	0.0004476518499
255960	0.0009519009135
255961	0.0009184236651
255962	0.0009655893289
255963	0.001023894671
255964	0.0006204190121
255965	0.001491412338
255966	0.000854018104
255967	0.0002669121057
255968	0.001134995709
255969	0.0007125587688
255970	0.001122390143
255971	0.000323265461
255972	0.000254367801
255973	0.001200156911
255974	0.001042067903
255975	0.0009185619125
255976	0.000163404209
255977	0.0001254788
255978	0.0009512248495
255979	0.0009191171377
255980	0.0002839488207
255981	0.0005263097624
255982	0.0004674557889
255983	0.002429199942
255984	0.003792750885
255985	0.0003732100673
255986	0.001818487628
255987	0.0007805061253
255988	0.0007275134372
255989	0.001124999728
255990	0.001357251707
255991	0.001373996986
255992	0.005347592123
255993	0.0003421342475
255994	0.001909657085
255995	0.0008336084409
255996	0.0008958707712
255997	0.001220594863
255998	0.000373030202
255999	0.000972056037
256000	6.456857492e-05
256001	0.0006150738348
256002	3.010282299e-05
256003	0.0004661396971
256004	0.0007286604299
256005	0.001704063145
256006	0.0003862476367
256007	0.0004101747528
256008	0.0008590618361
256009	1.943609071e-05
256010	0.0001694547715
256011	0.0002629095582
256012	0.0003019149026
256013	0.001356379848
256014	0.0004317054555
256015	0.001022637136
256016	2.951662591e-05
256017	0.0004741144526
256018	0.001012417618
256019	0.0001119032119
256020	0.0005390397769
256021	0.0003035810125
256022	0.001630926948
256023	0.0004954508785
256024	0.001140834656
256025	0.0005975363253
256026	0.0002993685075
256027	7.307647449e-05
256028	0.00133675822
256029	0.0008415244372
256030	0.001349789629
256031	0.0007802248373
256032	0.000533887822
256033	0.0009690909999
256034	0.001053327285
256035	0.0002221652104
256036	0.0005816220658
256037	0.0005219170451
256038	0.0003912753646
256039	0.0001683667906
256040	0.0003053693304
256041	0.0007393448196
256042	0.00419678579
256043	0.0003661611288
256044	0.0006845420338
256045	0.001212182058
256046	0.0006536028851
256047	0.0008516198294
256048	0.0007408227457
256049	0.001062618143
256050	0.0003329629409
256051	0.0007220526986
256052	0.001010681371
256053	0.001028072963
256054	0.00108450795
256055	0.001000312038
256056	0.0001968582421
256057	0.003116074639
256058	0.0006821329595
256059	0.0005281818474
256060	4.163522678e-05
256061	0.002172900405
256062	0.0009804722617
256063	0.0007266268385
256064	0.0008231350898
256065	0.0006315113028
256066	0.0009712389412
256067	0.002618079768
256068	0.0003511057853
256069	0.0004259486703
256070	0.0003834657103
256071	0.0006475866922
256072	0.001183980207
256073	0.000697164611
256074	0.0006000664371
256075	0.0003457711356
256076	0.001361729392
256077	0.0008382345318
256078	0.0009438353816
256079	0.0004941722469
256080	0.001138604615
256081	0.0008842433155
256082	0.0001199963296
256083	0.001087004632
256084	0.0004358888491
256085	0.0001450812104
256086	0.001544175699
256087	0.0007854619242
256088	0.007253348747
256089	0.001018394151
256090	9.419472678e-05
256091	1.068321183e-05
256092	0.001106002927
256093	0.001319800123
256094	0.001496993503
256095	0.0006671305381
256096	0.0007996544585
256097	0.001603965547
256098	0.0006481301419
256099	7.646915337e-05
256100	0.0001262052893
256101	0.0004486053048
256102	0.00107254058
256103	0.001397180773
256104	0.0002621657897
256105	0.0006074211153
256106	0.0002907493272
256107	7.450987472e-05
256108	0.0008974542008
256109	0.000501378401
256110	0.0004495951996
256111	0.001723024876
256112	0.0002766697253
256113	6.975982994e-05
256114	0.001119527513
256115	0.000751716886
256116	0.001024533169
256117	0.002612601953
256118	0.004016702133
256119	0.001674180621
256120	0.0005171896116
256121	0.000321049457
256122	9.097722969e-05
256123	0.001692352225
256124	0.0008299161917
256125	0.001745765765
256126	0.001306681021
256127	0.0003647862998
256128	0.0008948313781
256129	0.0008673991235
256130	8.181018448e-05
256131	0.001367990564
256132	0.0003624071805
256133	0.001359591145
256134	0.001181115907
256135	0.001363938708
256136	7.483888546e-05
256137	0.0006198790159
256138	1.854791482e-05
256139	0.0007117999329
256140	0.000507706387
256141	0.0007480955969
256142	0.0002995663121
256143	2.26587198e-05
256144	5.87647522e-06
256145	0.0002256107928
256146	0.0008808963475
256147	0.0003274321944
256148	0.0004807987219
256149	0.00015599223
256150	0.0001533682749
256151	0.0008789933916
256152	0.0007019182545
256153	0.000835557264
256154	0.0007650884983
256155	0.000518142733
256156	0.000625198162
256157	0.001409451191
256158	1.850449719e-05
256159	0.001424172609
256160	0.001602498458
256161	0.0009199424123
256162	0.001530864137
256163	0.001119476244
256164	0.0005439502131
256165	0.0007572419804
256166	0.0007383089735
256167	9.730889028e-06
256168	0.002414331099
256169	0.000150279815
256170	2.007494977e-05
256171	0.001311054065
256172	2.003180508e-05
256173	0.0004230341996
256174	0.0003353904481
256175	0.0006826156199
256176	0.0004137502707
256177	0.001146819561
256178	0.0002748685759
256179	0.00185715986
256180	0.0007582503172
256181	0.0005078075016
256182	0.00171086957
256183	0.002409109202
256184	0.001241567708
256185	0.001130937546
256186	5.822561906e-07
256187	2.000292373e-07
256188	2.369440377e-06
256189	4.760470299e-06
256190	1.795559255e-06
256191	4.129907187e-06
256192	8.662924717e-06
256193	1.704666839e-06
256194	3.365626945e-06
256195	9.919886251e-07
256196	7.414665213e-06
256197	3.143785758e-06
256198	8.274066822e-07
256199	7.638274884e-07
256200	2.139814212e-06
256201	8.529403405e-07
256202	1.743201501e-07
256203	8.929287771e-06
256204	1.165696533e-06
256205	3.639385126e-06
256206	1.701169293e-06
256207	3.707738617e-06
256208	1.883145056e-06
256209	6.855522083e-06
256210	3.563686566e-06
256211	2.499092454e-06
256212	2.221792416e-06
256213	1.189335888e-06
256214	2.616783736e-06
256215	2.068152331e-06
256216	1.633038669e-06
256217	2.564294388e-06
256218	1.017208637e-07
256219	4.285485428e-06
256220	6.416091275e-06
256221	1.183421285e-06
256222	1.638819889e-06
256223	2.369440377e-06
256224	3.095527557e-06
256225	4.24843223e-06
256226	2.920001981e-06
256227	3.048263465e-07
256228	1.65873797e-06
256229	5.147765704e-06
256230	4.356272367e-06
256231	5.925189133e-08
256232	9.422246329e-07
256233	1.072446429e-06
256234	2.382451963e-06
256235	2.600022107e-06
256236	2.259561962e-06
256237	2.747561522e-06
256238	1.229730693e-06
256239	5.919700197e-07
256240	8.716102965e-06
256241	1.93063816e-07
256242	2.53454241e-06
256243	1.839198215e-06
256244	1.11855604e-05
256245	7.154961899e-06
256246	2.312394221e-06
256247	3.64256349e-06
256248	3.545157743e-06
256249	1.358372272e-06
256250	1.39578121e-06
256251	2.588232334e-06
256252	1.483300117e-06
256253	2.962904709e-07
256254	1.711938818e-06
256255	4.573996667e-06
256256	5.508443863e-06
256257	7.094960928e-07
256258	9.370511842e-07
256259	1.745371312e-06
256260	3.820709672e-06
256261	1.690506975e-06
256262	3.320643011e-06
256263	1.334344402e-06
256264	2.432332905e-06
256265	1.49877528e-06
256266	7.972312293e-06
256267	6.562495259e-06
256268	2.671524941e-06
256269	2.099984683e-06
256270	8.610163797e-07
256271	9.851485736e-07
256272	0.0006932075632
256273	0.003795489492
256274	0.0008708793975
256275	0.00013425201
256276	0.003236736936
256277	0.007901135425
256278	0.002657493399
256279	0.0007835034345
256280	0.0002920806694
256281	0.0001992613359
256282	0.0008290496953
256283	0.0004966063275
256284	0.0001450145978
256285	0.0009351223551
256286	0.001298249264
256287	0.0005678160581
256288	0.0012692696
256289	0.0006526989271
256290	0.002683795387
256291	0.002261714989
256292	0.002351416245
256293	0.0005187235282
256294	0.002324343413
256295	0.001942543664
256296	0.002622147592
256297	0.002212335746
256298	0.001698696527
256299	0.003887165037
256300	0.00195496795
256301	0.000233406552
256302	0.0006253480027
256303	0.0004678991747
256304	0.003068795708
256305	0.001619911777
256306	0.0003546964116
256307	0.0006798267963
256308	0.00263955886
256309	0.000453447312
256310	0.0003562014974
256311	0.00344062111
256312	0.006320928478
256313	0.003293023981
256314	0.003142121331
256315	0.001905646914
256316	0.0006229759952
256317	0.0001633794511
256318	0.0003175356826
256319	0.0002874923705
256320	0.001016670235
256321	0.0004265259696
256322	2.471534707e-05
256323	0.005774272259
256324	5.903761871e-05
256325	0.0002676441943
256326	0.001499071379
256327	0.0005138865187
256328	0.002818988424
256329	0.002822644793
256330	0.001639123628
256331	0.004113166833
256332	0.001184899826
256333	0.0009654355755
256334	0.001987407663
256335	0.001610906068
256336	0.001134912469
256337	0.007776183628
256338	0.0005991178234
256339	0.004342474451
256340	0.001106423452
256341	0.0007733241151
256342	0.0003329312516
256343	0.0004739580701
256344	7.189150141e-05
256345	0.0001028646179
256346	0.004560590215
256347	0.0006304335017
256348	0.001428693455
256349	0.0006601222734
256350	0.0009854520562
256351	0.002379277836
256352	0.004953949575
256353	0.001588929158
256354	0.0003647794084
256355	0.001567544743
256356	0.002041202621
256357	0.004096067742
256358	0.005178903994
256359	2.456036937e-08
256360	0.004667111817
256361	0.001409272151
256362	0.001002670276
256363	0.001702334596
256364	0.0009675286871
256365	0.0004412918423
256366	0.0005862250141
256367	0.0004027137226
256368	0.0005551091528
256369	0.0003333250681
256370	0.0001171127371
256371	0.0001207142438
256372	0.0005874631187
256373	0.0001258651427
256374	5.463607265e-05
256375	9.679251317e-06
256376	0.0003825319317
256377	0.000183589121
256378	0.0005452657767
256379	0.0007265931593
256380	0.0001467427815
256381	6.137720674e-05
256382	0.0003511545624
256383	0.0002030949071
256384	0.0003064669607
256385	5.438657934e-05
256386	0.000596078417
256387	0.0001565756934
256388	0.0004706519577
256389	0.0004854793393
256390	0.0006466459808
256391	5.785195885e-05
256392	0.0004246401855
256393	0.0005326500071
256394	0.0001762711398
256395	0.0009246306307
256396	0.0003873818343
256397	0.001127974932
256398	0.0007127767518
256399	5.033574547e-05
256400	5.53957035e-05
256401	0.00016095586
256402	0.001216619661
256403	0.0003809180852
256404	0.0001225125399
256405	0.00103468788
256406	0.001584931575
256407	2.200505764e-05
256408	0.0005009019389
256409	0.002346098866
256410	0.002439841392
256411	0.001082337357
256412	0.0005577196632
256413	0.0008887376457
256414	0.002752317064
256415	0.0005180045726
256416	0.0001294920838
256417	0.001891100989
256418	0.001163689424
256419	0.000707364961
256420	0.000805875198
256421	0.00136091426
256422	0.00332558233
256423	0.00371267212
256424	0.001366228606
256425	0.00129099961
256426	0.001924615086
256427	0.001037479017
256428	0.0009592466178
256429	0.0005460802311
256430	0.0006283967612
256431	0.005608432615
256432	0.005028436603
256433	0.003924621601
256434	0.003537023499
256435	0.005725798596
256436	0.003569961978
256437	0.001799116969
256438	0.001482846071
256439	0.004800067992
256440	0.002575877175
256441	0.004598846305
256442	0.004512869207
256443	0.004258602513
256444	0.003659465106
256445	0.00648965847
256446	0.003270313702
256447	0.003408261437
256448	0.004355698318
256449	0.002399605477
256450	0.004546457991
256451	0.002513563243
256452	0.001502185751
256453	0.002494885776
256454	0.002196870265
256455	0.004085895349
256456	0.0008907553428
256457	0.002230224331
256458	0.006069007459
256459	0.008279687841
256460	0.001166237225
256461	0.006620134719
256462	0.001960301229
256463	0.005410495716
256464	0.005013087838
256465	0.00537727397
256466	0.00571799656
256467	0.002401690174
256468	0.001357516518
256469	0.00368034381
256470	0.004649225323
256471	0.004724960627
256472	0.00146332472
256473	0.007669313201
256474	0.003594826897
256475	0.0001873241753
256476	0.003395523063
256477	0.01070437697
256478	0.003490221127
256479	0.004347105211
256480	0.003509776136
256481	0.004251848932
256482	0.005297346076
256483	0.004952022559
256484	0.003384027528
256485	0.007585592763
256486	0.007170580682
256487	0.005194864672
256488	0.00177539964
256489	0.001695393762
256490	0.003371567559
256491	0.004690667003
256492	0.0005243347791
256493	0.004311909397
256494	0.0006251721822
256495	0.0006568532895
256496	0.001559269986
256497	0.004814115325
256498	0.003889887124
256499	0.00314923982
256500	0.004015793706
256501	0.0004788878
256502	0.0005360125578
256503	0.0003814795339
256504	0.00102753027
256505	0.0005159091319
256506	0.0005581610597
256507	0.000324328507
256508	0.0003291345772
256509	0.0005767335998
256510	0.0006061378409
256511	0.0008548450398
256512	5.12446594e-05
256513	0.008500048339
256514	0.005421266796
256515	0.007908631053
256516	0.005700616522
256517	0.002888979247
256518	0.001214416244
256519	0.001370833037
256520	0.001622758559
256521	0.004873190068
256522	0.004123222522
256523	0.005367240965
256524	0.0005714397379
256525	0.002423933336
256526	0.002900064088
256527	0.002103735241
256528	0.003250464788
256529	0.001795679808
256530	0.0002930618721
256531	0.00306827273
256532	0.0006687221041
256533	8.940854464e-05
256534	9.454679912e-05
256535	0.004512223545
256536	0.006027078404
256537	0.0007162593308
256538	0.005090713317
256539	0.002319552667
256540	0.004417760924
256541	0.00034839055
256542	8.846464228e-05
256543	0.004955683047
256544	0.001464443188
256545	0.007544613981
256546	0.004509309831
256547	0.005604513255
256548	0.0008035323861
256549	0.001600574394
256550	0.003387269887
256551	0.003619518606
256552	0.002890711397
256553	0.00595762356
256554	0.006794980097
256555	0.001268385696
256556	0.0004652436551
256557	0.0003319358111
256558	0.0004986154394
256559	0.001631710816
256560	0.00144876561
256561	0.0007306749382
256562	0.003476717505
256563	0.0008980150844
256564	0.0002384967148
256565	0.004497852126
256566	0.003482235796
256567	0.0005980049997
256568	0.004812760228
256569	0.00108605953
256570	0.002262921888
256571	0.002308238652
256572	0.0006218287905
256573	0.002316273534
256574	0.003720539871
256575	0.0002650775171
256576	0.00276640262
256577	0.0002453092514
256578	3.202303617e-05
256579	0.001825672292
256580	8.974791002e-06
256581	0.001947776672
256582	0.001061003575
256583	0.001693892555
256584	0.001625593252
256585	0.0005408016738
256586	0.001585660296
256587	0.004301243208
256588	0.0015400095
256589	0.001944799349
256590	0.001537658307
256591	0.005193414169
256592	0.0001561908107
256593	0.002550477689
256594	0.001543304287
256595	0.001392027413
256596	0.003213487107
256597	0.006825383951
256598	0.0008122945476
256599	0.006023759698
256600	1.908178132e-06
256601	0.003711830469
256602	0.00701651376
256603	0.001985829394
256604	0.0004473326438
256605	0.005312286052
256606	0.0004033913375
256607	0.001510748516
256608	0.0004891283399
256609	4.60450544e-05
256610	0.00118156299
256611	0.0006625225937
256612	0.003167987589
256613	0.001309641801
256614	0.0008137335904
256615	0.003239668042
256616	0.0009063340871
256617	0.0004572600431
256618	6.120449504e-05
256619	0.0003375471307
256620	0.0004630876427
256621	0.0001098130137
256622	0.000306062327
256623	0.0001507458628
256624	0.001842781019
256625	6.522705919e-05
256626	0.0006300514456
256627	1.293606678e-05
256628	0.001458467717
256629	0.0002134429601
256630	0.0004043450501
256631	0.001199328955
256632	0.0007879706143
256633	0.0004211279316
256634	0.002155763271
256635	3.30715488e-05
256636	0.001750957638
256637	0.0001734888173
256638	0.001613000066
256639	0.000153088003
256640	0.000172772788
256641	0.001666561024
256642	0.0009936841158
256643	0.0002024722621
256644	0.001187156145
256645	0.00261332516
256646	0.0005269406853
256647	0.002380973824
256648	0.003406188605
256649	0.0003015487861
256650	0.001702037497
256651	0.002501671582
256652	0.001318102791
256653	0.002359384475
256654	0.0006674133629
256655	0.001427556778
256656	0.0001033673913
256657	0.0009434686681
256658	0.000604839355
256659	0.0009812588809
256660	0.001522467067
256661	4.84995169e-05
256662	0.0002259561632
256663	0.004746606514
256664	0.001164948399
256665	0.0004742979667
256666	0.003688984927
256667	0.0004071457943
256668	0.003603960543
256669	0.003313408642
256670	0.001499728916
256671	0.0001058028395
256672	0.0003892898066
256673	0.0002527737427
256674	0.002957414534
256675	7.768193132e-05
256676	0.001548460516
256677	0.001005499768
256678	0.002737432298
256679	0.001616480063
256680	0.001560684418
256681	0.0001305878693
256682	0.005249123925
256683	0.0005589396998
256684	0.001589295001
256685	0.0001337691328
256686	0.004838418737
256687	0.001209834365
256688	0.000604645981
256689	0.0004738002966
256690	0.0003421196575
256691	4.192536004e-05
256692	1.311218337e-07
256693	0.0006755863127
256694	8.021334559e-05
256695	0.002034882388
256696	0.005883915915
256697	0.005183841791
256698	0.005983718238
256699	0.008202160821
256700	0.005574112542
256701	0.003753092858
256702	0.0006972970164
256703	0.003922455054
256704	0.0004309267156
256705	0.00383305769
256706	0.003745239035
256707	0.0001809931635
256708	0.0008217312749
256709	0.0008977340656
256710	0.0003918077838
256711	0.0007136770718
256712	0.0005480311442
256713	0.0007462893621
256714	0.002835079864
256715	0.001105333505
256716	0.0004789825835
256717	0.002540989157
256718	0.001777981768
256719	0.001428951034
256720	0.0002547189135
256721	0.001974273851
256722	0.001682277478
256723	0.0001828542373
256724	0.00312986448
256725	0.008639694937
256726	0.0001133950631
256727	0.004403247139
256728	0.00157403244
256729	0.0006589892998
256730	0.0001634263918
256731	0.0003087428862
256732	0.0003835179829
256733	0.001215576202
256734	0.0004939931289
256735	0.000239711675
256736	0.0003244881556
256737	0.002519407849
256738	0.001925718329
256739	0.002900211472
256740	0.0006796252029
256741	0.003643885651
256742	0.0009876876067
256743	0.0006500762467
256744	0.0004657542722
256745	0.005857519809
256746	0.0004777664311
256747	3.50264126e-05
256748	0.0003234961682
256749	0.003369273233
256750	0.001026968662
256751	0.00301700131
256752	0.0007420394028
256753	0.0009252160265
256754	0.0008462173595
256755	0.00149568599
256756	0.001603259546
256757	3.570107833e-05
256758	0.0003864751212
256759	0.0006094874487
256760	0.0002165855573
256761	0.000531305024
256762	0.001411301801
256763	0.0005837347181
256764	0.0008038066638
256765	5.889748287e-05
256766	0.0007369559746
256767	0.001740150822
256768	0.0005140923504
256769	0.000335097359
256770	0.0004006638928
256771	0.0003290667621
256772	0.0004875510074
256773	0.0001248815478
256774	0.0001761994925
256775	0.002429333891
256776	0.0005948860956
256777	0.006599664777
256778	0.0006946815259
256779	0.0002533750916
256780	0.009782906176
256781	0.007176046695
256782	0.004101903807
256783	0.001103393912
256784	0.009525451952
256785	0.0003101972708
256786	0.002371764786
256787	0.00179113134
256788	0.001685227719
256789	0.003695195294
256790	0.0003772065588
256791	0.0003988054713
256792	4.191951705e-05
256793	0.004603181287
256794	0.0005819930157
256795	1.559426153e-05
256796	0.001118397757
256797	0.0003126545228
256798	0.001580240059
256799	0.0002833018591
256800	0.001743928182
256801	0.001174460661
256802	0.0008487328294
256803	0.003832805203
256804	0.005042400181
256805	0.0001577542461
256806	0.004074202922
256807	0.0001348724662
256808	0.001317107137
256809	0.005084830315
256810	0.0007553826909
256811	0.001811170642
256812	0.002642822714
256813	0.001840412003
256814	0.0007625993172
256815	0.001362506291
256816	0.0002978812018
256817	0.002669406003
256818	0.0008361593335
256819	0.0003537933396
256820	0.0001895383431
256821	8.61877613e-05
256822	0.0005570946819
256823	0.001960680153
256824	0.006446366433
256825	0.0004763325477
256826	0.0007596225716
256827	0.003001684966
256828	0.000688690155
256829	0.00307298859
256830	0.0006454309001
256831	0.001755038904
256832	0.002206669116
256833	0.005888553005
256834	0.0008002647147
256835	0.0004572967358
256836	0.005426179086
256837	0.001634646638
256838	0.002285776059
256839	0.001457361252
256840	0.005731505375
256841	0.0008988902724
256842	0
256843	0.001233064939
256844	0.0005421048659
256845	0.002507080139
256846	0.0008276853598
256847	0.003520499659
256848	0.003259329287
256849	0.003141781801
256850	0.001209617511
256851	0.001041094057
256852	0.0004072488042
256853	0.0001335967
256854	0.0005667283222
256855	0.0003767783834
256856	0.0004580794823
256857	6.497187812e-05
256858	0.0007404545618
256859	8.442626979e-08
256860	0.0004705695451
256861	9.796014471e-05
256862	0.0007493047721
256863	0.0006049993069
256864	0.0002746968773
256865	0.0004443411682
256866	1.151267315e-07
256867	6.140092313e-09
256868	8.903133916e-08
256869	3.714755872e-07
256870	1.596424014e-07
256871	6.140092374e-09
256872	4.912073882e-08
256873	9.824147759e-08
256874	0.001574355788
256875	0.006246829201
256876	0.0004665114426
256877	0.002157700112
256878	0.001327250495
256879	0.000952518633
256880	0.0004251597658
256881	0.001852449443
256882	0.0007881200171
256883	0.0004285914704
256884	0.001362219608
256885	0.001521178889
256886	0.0006320287637
256887	0.001431863506
256888	0.0003417864174
256889	0.0003346754275
256890	0.001615525471
256891	0.0006355215132
256892	0.003574230232
256893	0.00162949027
256894	0.0001273716907
256895	0.001470737767
256896	0.001897182787
256897	0.0008847644947
256898	0.0005794855682
256899	0.001614734009
256900	0.003371482684
256901	0.0006507620086
256902	0.001203054456
256903	0.0008655135241
256904	0.001376106238
256905	0.001650590244
256906	0.0009458428267
256907	0.0008058150081
256908	0.0006744253576
256909	0.0005089987663
256910	0.00156243343
256911	0.0007599960287
256912	0.0008344531674
256913	0.0002237895064
256914	0.0007639564423
256915	0.0003606407262
256916	0.0007382654953
256917	0.00042792498
256918	2.893396666e-05
256919	0.001303948003
256920	0.001527996271
256921	0.003488488666
256922	0.002921591316
256923	0.001410550801
256924	0.00246223479
256925	0.003056464953
256926	0.002385004
256927	0.0001053668404
256928	0.001573678039
256929	0.00159882995
256930	0.001686078349
256931	0.002998196892
256932	0.001094010645
256933	0.001237854433
256934	0.001202874674
256935	0.004015442925
256936	0.002635298814
256937	0.002085819926
256938	0.002631717225
256939	0.0002161908111
256940	0.001732400905
256941	0.001170732122
256942	0.0001719323363
256943	0.004036956468
256944	0.001319974152
256945	0.001767279644
256946	0.001289178927
256947	0.002305236577
256948	0.001387653092
256949	0.001527341283
256950	0.002312488615
256951	0.00189995601
256952	0.001667179315
256953	0.001984835616
256954	3.615966971e-05
256955	0.001428841609
256956	0.002085417679
256957	0.001979361772
256958	0.001670118332
256959	0.001908880015
256960	0.001243636441
256961	0.0001787200321
256962	0.001201271738
256963	0.000811966115
256964	0.001832161016
256965	0.002138730335
256966	0.001247445158
256967	0.001510465144
256968	0.001737834608
256969	0.0009734257889
256970	0.0009483034133
256971	0.001953077204
256972	0.000660699605
256973	0.001019200936
256974	0.000148883579
256975	0.0009518341708
256976	0.00106891132
256977	0.001086062099
256978	0.001365663729
256979	0.0007440770698
256980	0.001172826627
256981	0.0007016306488
256982	0.001683255744
256983	0.0004948138749
256984	0.001891843417
256985	0.001724075371
256986	0.001724227257
256987	0.0022582909
256988	0.001350669099
256989	0.001591645205
256990	0.002441559619
256991	0.002076099596
256992	0.001755312208
256993	0.001006294845
256994	0.001846516859
256995	0.001711536598
256996	0.0003756820388
256997	0.005093783228
256998	0.0004831720875
256999	0.0007774440795
257000	0.001366342647
257001	0.001859391531
257002	0.001043387165
257003	0.001479828198
257004	0.000776897317
257005	0.001185855689
257006	0.00153722895
257007	0.001630640087
257008	0.001363702116
257009	0.001032620804
257010	0.001260903395
257011	0.001060507924
257012	0.001367147059
257013	0.0009398678819
257014	0.001892897406
257015	0.001641039248
257016	0.0008025836178
257017	0.001188635583
257018	0.001886908435
257019	0.0008811491814
257020	0.0006470266149
257021	0.0001072569908
257022	0.0006369659769
257023	0.0001973569974
257024	0.001894213835
257025	0.0005448457285
257026	0.001158418464
257027	0.001006200673
257028	0.0006217955695
257029	0.001107144154
257030	0.001161783561
257031	0.0005449846568
257032	0.0001835732493
257033	0.0009337431839
257034	0.000699602033
257035	0.0007241335284
257036	0.001978432274
257037	0.002082689249
257038	0.002543264324
257039	0.002094406547
257040	0.001415745441
257041	0.001406928656
257042	0.001089733709
257043	0.001646887578
257044	0.001835875495
257045	0.00191129552
257046	0.0004011747175
257047	0.001188944861
257048	0.001887192561
257049	0.002163235959
257050	0.0007444538712
257051	0.001245845153
257052	0.001648635745
257053	0.002827119121
257054	0.002427047726
257055	0.001028143318
257056	0.0004887347484
257057	0.001747099966
257058	0.001525259625
257059	0.001757365724
257060	0.001776828372
257061	0.001654612753
257062	0.0004141443829
257063	0.0007251380129
257064	0.001052621396
257065	0.001340611484
257066	0.0004257569256
257067	0.0030786341
257068	0.001425813124
257069	0.00282477711
257070	0.001282759085
257071	0.001237233963
257072	0.001824698463
257073	0.001582445492
257074	0.001581492003
257075	0.001940080377
257076	0.001380340134
257077	0.001021634327
257078	0.0007554580035
257079	0.001529045113
257080	0.0003796420485
257081	0.001687688872
257082	0.0005923006939
257083	0.0005012169054
257084	0.000319232311
257085	0.0005830925859
257086	0.0008510411256
257087	0.001242011669
257088	0.000630394854
257089	0.001121397558
257090	0.0003566481391
257091	9.795678091e-05
257092	0.0003077993908
257093	0.0002626639035
257094	0.000673545055
257095	0.0006845949459
257096	6.89573579e-05
257097	0.0005636885061
257098	0.0008428089366
257099	0.0002673155415
257100	2.536791434e-07
257101	0.0001350741804
257102	0.0007809485143
257103	0.0004593675364
257104	0.0008911736574
257105	0.0005375777519
257106	0.0005156433906
257107	0.0004562646189
257108	0.0004513464883
257109	0.001072443106
257110	0.0006857629886
257111	0.0009044023768
257112	0.0007908840726
257113	0.0006791686795
257114	0.0004887878745
257115	0.0004726481724
257116	0.0007303773738
257117	0.001158514753
257118	4.667118493e-05
257119	0.0003357789376
257120	0.001249212855
257121	0.0005829936412
257122	0.0004846954902
257123	0.0008830810375
257124	0.0007595702213
257125	0.0008580245645
257126	0.0005266172665
257127	0.0002163317571
257128	0.000421506773
257129	0.0008840314512
257130	0.001896811272
257131	0.0003727839918
257132	6.282518231e-05
257133	0.001341687535
257134	0.0007833176922
257135	0.0004808560032
257136	0.0004133555553
257137	0.0003442335433
257138	0.001530091396
257139	0.0001629532256
257140	0.0009737416619
257141	0.0006011626707
257142	0.00093069448
257143	0.0001696600595
257144	0.0003420928165
257145	0.0004093550085
257146	0.0003384817716
257147	0.0006791313495
257148	8.079289916e-05
257149	6.509865591e-05
257150	1.171205768e-05
257151	4.216883186e-05
257152	0.0004564169844
257153	0.0001062417784
257154	1.615014291e-05
257155	0.0001042651827
257156	5.900623039e-05
257157	0.0001421752361
257158	0.0001947031141
257159	8.084277639e-05
257160	0.00010486333
257161	6.086748555e-05
257162	2.802642488e-05
257163	0.0001041417887
257164	0.0001031096271
257165	7.783957643e-05
257166	0.0001324317632
257167	7.811148027e-05
257168	0.0001417813483
257169	0.000137672375
257170	0.0001374900192
257171	0.0001190911683
257172	0.0001036141112
257173	8.189748957e-05
257174	0.0001043517945
257175	0.0001256544703
257176	0.0001046477372
257177	0.0001470091213
257178	3.187846727e-05
257179	0.0001058817959
257180	4.832378387e-05
257181	0.0001441169786
257182	0.0001104069846
257183	7.673286136e-05
257184	0.0001581923825
257185	0.0001155731636
257186	0.0001044118213
257187	8.105987375e-05
257188	8.855890118e-05
257189	0.0001047298561
257190	6.699928188e-05
257191	9.426079227e-05
257192	0.0001246343498
257193	2.764935629e-05
257194	4.481669526e-05
257195	7.86877328e-05
257196	0.0001270665845
257197	0.0001369376472
257198	4.271428891e-05
257199	4.25789462e-05
257200	0.0001041884974
257201	0.0001209814421
257202	0.0001830300245
257203	0.0001449657527
257204	0.000172415805
257205	0.00019224468
257206	3.995258502e-05
257207	6.068710573e-05
257208	6.503763009e-05
257209	0.0001207743056
257210	0.0006788029578
257211	0.00031891018
257212	0.0008279459886
257213	0.001149309631
257214	5.967917906e-05
257215	0.0001634209277
257216	0.0001459062641
257217	0.0003191718309
257218	0.0004920326661
257219	0.000645570346
257220	0.0002942878984
257221	0.0003155997979
257222	0.0007266332112
257223	2.975777656e-05
257224	0.0002743295351
257225	4.560494333e-05
257226	0.0002594822261
257227	0.0001155786872
257228	9.696914793e-05
257229	0.001569848057
257230	0.0009322580057
257231	0.0001073784788
257232	0.001243794493
257233	0.0001595919035
257234	0.0005288894502
257235	0.0002849443362
257236	7.089014022e-05
257237	3.229413523e-05
257238	0.0002629722333
257239	5.003291504e-05
257240	0.002349629426
257241	0.0001462886052
257242	8.831777982e-05
257243	1.61087231e-05
257244	0.0002444927618
257245	5.772465875e-05
257246	0.0008872725293
257247	6.230023433e-05
257248	0.0003443616162
257249	6.8809892e-05
257250	0.0006613915096
257251	0.0002786833624
257252	2.678109022e-05
257253	0.0001612349208
257254	0.0001422325933
257255	0.0003104518194
257256	1.07316651e-05
257257	2.297355177e-06
257258	0.0001062243943
257259	0.0001085437699
257260	9.142369737e-05
257261	0.001096574635
257262	0.0001433401045
257263	9.561885253e-05
257264	0.0005883909024
257265	3.603466129e-05
257266	0.0001022521236
257267	9.482506924e-05
257268	0.001462798357
257269	0.0001366363994
257270	0.00170876658
257271	7.669774752e-05
257272	0.001010905348
257273	0.0004108527691
257274	0.0005011422117
257275	0.0002442137878
257276	0.003889198198
257277	0.006358724648
257278	0.002761491483
257279	8.449426542e-05
257280	0.00285053243
257281	0.0004472630343
257282	0.003039585645
257283	0.002086740065
257284	0.0036482259
257285	0.002458083203
257286	0.004795609431
257287	0.0003004714878
257288	0.0007557405905
257289	0.002282955692
257290	0.0008970892053
257291	0.0005373085937
257292	0.0008094502772
257293	0.002817140709
257294	0.0006226339018
257295	0.000908718808
257296	0.0008680623306
257297	5.625435225e-05
257298	0.001164183682
257299	0.001590057151
257300	0.006057743561
257301	0.003290339082
257302	0.002445970236
257303	0.0006702759745
257304	0.001628349308
257305	0.0008009993595
257306	0.0004545039818
257307	0.002137631304
257308	0.002118014835
257309	0.004476442931
257310	9.537748294e-05
257311	0.002991503981
257312	0.003599567989
257313	0.001792888574
257314	0.0006416738375
257315	0.0006753919745
257316	2.660706681e-07
257317	9.2101385e-08
257318	2.568605302e-07
257319	1.555490057e-07
257320	1.187084521e-07
257321	1.586190523e-08
257322	1.17173429e-07
257323	0.0008139598601
257324	0.005632689577
257325	2.083375843e-05
257326	9.07023436e-05
257327	0.002150499904
257328	0.0005693758003
257329	1.93412909e-07
257330	0.002662416214
257331	0.0002513095196
257332	0.001287841582
257333	0.001297268484
257334	0.005124336024
257335	0.002042543701
257336	0.002535958559
257337	0.0001405362932
257338	4.34779526e-05
257339	0.000176121166
257340	0.0003793525057
257341	0.001212643576
257342	0.0006363313684
257343	0.0005805139059
257344	0.002453823432
257345	0.003971450728
257346	0.0006327553779
257347	0.003040552429
257348	0.003091113188
257349	0.0001236137126
257350	0.0009234089245
257351	0.0006523248317
257352	0.0003833510868
257353	0.001845941832
257354	0.0006310906445
257355	0.000340773726
257356	0.002213721288
257357	0.000240177654
257358	0.001340250438
257359	0.001811111114
257360	0.002654751371
257361	0.001946472648
257362	0.0009872767911
257363	0.002261286472
257364	0.0003061133348
257365	0.000421343802
257366	0.004358896308
257367	0.001538348256
257368	0.004443794464
257369	2.363058396e-07
257370	8.189567459e-07
257371	9.621232345e-07
257372	1.688963976e-07
257373	3.907437819e-07
257374	5.69098845e-07
257375	1.817467335e-07
257376	1.465216084e-06
257377	6.101936062e-07
257378	5.445969531e-07
257379	0.000635639962
257380	0.0002412831402
257381	0.002529838772
257382	0.0001014081063
257383	0.0003303180516
257384	5.628417955e-08
257385	0.0004886525443
257386	0.0007716627724
257387	0.0007937891579
257388	0.0003033391505
257389	0.0002808219121
257390	0.0003947991673
257391	9.418046988e-05
257392	0.0009404700544
257393	0.0001036688732
257394	1.563460052e-05
257395	0.0004098997591
257396	4.681461717e-05
257397	0.001763901865
257398	0.003120239332
257399	0.000496335334
257400	0.001858165796
257401	0.002084795314
257402	0.001466412593
257403	0.001838216815
257404	0.0007975450682
257405	7.957221768e-05
257406	0.002160975988
257407	0.001944335724
257408	0.0004712430568
257409	3.83116827e-05
257410	0.001333311058
257411	0.003167001694
257412	0.001053419536
257413	0.00332487042
257414	0.002979553499
257415	0.002713823045
257416	0.0006739271731
257417	0.001058698867
257418	0.003630446334
257419	0.0003096981503
257420	0.0002522576908
257421	0.0006379118744
257422	6.99392975e-06
257423	0.000808932491
257424	0.0004389883591
257425	0.0006530454359
257426	0.0006841618036
257427	0.0004478732583
257428	0.0005064893711
257429	0.0002623599002
257430	6.773596214e-05
257431	0.0004193304576
257432	0.0001445517074
257433	7.452437026e-05
257434	0.0006654402086
257435	0.000239726024
257436	0.0001888669069
257437	0.0002926678993
257438	0.0002926220105
257439	0.0004108834067
257440	0.0003314379594
257441	0.0003920463459
257442	0.0005578087731
257443	0.001151114494
257444	5.060034281e-05
257445	0.0006404813782
257446	0.000215770892
257447	2.762699483e-05
257448	0.0004566129491
257449	0.0001855141573
257450	0.0002073109745
257451	0.0003464508464
257452	0.0003853129398
257453	0.0004980650229
257454	8.388243662e-05
257455	0.0003210723537
257456	0.0001582404926
257457	0.0002613232374
257458	0.0005598858303
257459	0.0002933902893
257460	0.0002119385396
257461	0.000563254061
257462	0.0001799092388
257463	0.000783818243
257464	0.0004451475894
257465	0.0003352588156
257466	0.0003780378766
257467	0.000805245167
257468	0.0001545921623
257469	0.0006982310582
257470	9.000195055e-05
257471	0.000233084242
257472	0.0006347616994
257473	0.0004217168839
257474	0.0002260854412
257475	0.0004098667545
257476	0.0005030469136
257477	0.000922726801
257478	0.0001541823517
257479	0.000129050646
257480	0.0003318062356
257481	0.0004219844926
257482	4.983472473e-05
257483	0.0004359128466
257484	0.0003086498616
257485	0.0004286504088
257486	0.0001901738712
257487	0.0008735817367
257488	0.0001156433039
257489	0.0001575893093
257490	0.00022113953
257491	0.0005870177061
257492	0.000545971773
257493	0.0003616770444
257494	7.412294808e-05
257495	0.0005077220146
257496	0.0002431305861
257497	0.0006723389088
257498	0.0001661312415
257499	0.0004909080869
257500	0.0002110621881
257501	0.0003326056169
257502	8.362224265e-06
257503	0.0002655031462
257504	0.0001556729358
257505	0.0002583920381
257506	6.768731466e-05
257507	0.0007574657841
257508	0.0002364170185
257509	0.0007331980402
257510	0.000122650396
257511	0.0004689016031
257512	4.490387238e-05
257513	0.0002364256906
257514	0.0004096716871
257515	2.076224544e-05
257516	0.0003744057055
257517	0.0007035040714
257518	0.0002513498828
257519	7.336919578e-05
257520	0.0002522975635
257521	8.913258547e-05
257522	0.0005064789127
257523	0.0007961936807
257524	0.0001209169583
257525	0.0001328937785
257526	0.0008299562379
257527	0.0004395081049
257528	0.0008496159201
257529	0.0007671882331
257530	7.594501287e-05
257531	9.47437183e-05
257532	4.413680243e-05
257533	5.880316898e-05
257534	3.077364087e-05
257535	0.000408119026
257536	0.001042723684
257537	0.000184861321
257538	0.000277637154
257539	0.0008536827952
257540	6.700836889e-05
257541	0.000309129961
257542	0.0004433853868
257543	0.0001887363517
257544	0.0001288945465
257545	0.0007175314159
257546	0.0006606365936
257547	0.0001565254218
257548	0.0003395536212
257549	0.0007458304931
257550	0.0002646295586
257551	7.655622158e-05
257552	0.0007200112408
257553	0.0005812312877
257554	0.0003762930755
257555	0.0001579491745
257556	0.0002207813923
257557	0.0006250078717
257558	8.886605279e-05
257559	8.412673163e-05
257560	0.0008180315341
257561	0.001127206081
257562	0.001075344347
257563	0.0002202138814
257564	0.0001963521131
257565	0.0007587404389
257566	0.0005100289686
257567	0.000549214991
257568	0.0001754840766
257569	0.0001057650961
257570	0.0001310696704
257571	4.016452475e-05
257572	0.0001113454065
257573	0.0003716962277
257574	0.0001022250687
257575	0.0004076339113
257576	0.0004747746698
257577	0.000181991066
257578	7.291002165e-05
257579	3.549536509e-05
257580	0.0004184421563
257581	0.000302090191
257582	0.0001505150347
257583	0.0006530326681
257584	0.0009100320166
257585	2.115185048e-05
257586	8.532423932e-05
257587	0.0001105609208
257588	0.0002079845802
257589	8.716300508e-05
257590	0.0004000043213
257591	0.0007384082623
257592	3.098231142e-05
257593	0.000346208686
257594	0.0005397578255
257595	0.0003562953585
257596	0.0001638495313
257597	0.0003276715975
257598	0.000233757262
257599	0.0006117658727
257600	0.0003113441224
257601	0.0005143596535
257602	0.0008646080289
257603	0.000675750593
257604	5.292850303e-05
257605	7.140576191e-05
257606	0.0002141846662
257607	0.0003550320223
257608	1.844287921e-05
257609	0.0001658052806
257610	0.0002886002648
257611	0.000143355832
257612	0.0002223187292
257613	0.0002563325288
257614	0.0002433070224
257615	0.0005574973049
257616	0.0002442439306
257617	0.000218640335
257618	4.738429242e-05
257619	0.0001555184014
257620	0.0003940138352
257621	4.368889489e-05
257622	0.0005421360035
257623	0.0003474657298
257624	0.0001777693622
257625	0.0002143788023
257626	0.0001648346662
257627	2.669773781e-05
257628	0.000146458917
257629	0.000491297048
257630	0.0002552402109
257631	0.0001050917448
257632	0.0009929771641
257633	0.001093422533
257634	0.0003161468146
257635	0.0001180318003
257636	0.001049684643
257637	0.0001341049374
257638	0.0007028430521
257639	0.0005807478327
257640	0.0007885506005
257641	8.176247894e-05
257642	8.598648886e-05
257643	0.0001412103407
257644	9.390161993e-05
257645	0.0001189781452
257646	7.410621586e-05
257647	0.0003094093994
257648	0.000132047459
257649	0.0005877030764
257650	0.0004213563254
257651	0.0003084854067
257652	0.0001363622079
257653	0.0004413255691
257654	0.0002041683217
257655	0.0003639461202
257656	0.0001471632029
257657	0.0007086502289
257658	0.0006803218121
257659	0.0002384399426
257660	0.0007680541727
257661	2.215961779e-05
257662	0.0003411962806
257663	0.0007212629225
257664	0.0002322500799
257665	0.000130512914
257666	7.253190871e-06
257667	0.001339250916
257668	0.001133676746
257669	0.0002559871478
257670	0.0004147583852
257671	0.0001415336843
257672	0.0005718865575
257673	7.857107938e-05
257674	0.0001712823449
257675	1.951734924e-05
257676	0.00087982727
257677	0.0002320394119
257678	6.204206612e-05
257679	0.0001482654125
257680	0.0007289955742
257681	0.0003606245794
257682	6.532029879e-05
257683	0.0004514265543
257684	0.0002441035423
257685	0.0002961656637
257686	0.0003992246644
257687	0.0001649188191
257688	5.544026853e-05
257689	0.0005742665566
257690	5.806424556e-06
257691	0.0002025363517
257692	0.0002013911974
257693	0.0001557907224
257694	0.0007060580238
257695	1.070893386e-05
257696	6.560985249e-05
257697	0.0003699131934
257698	0.0003169556577
257699	0.0003568164181
257700	5.879234734e-05
257701	0.0001997010565
257702	0.0002674458338
257703	0.001207769665
257704	0.0001858434707
257705	0.0005852955299
257706	0.0007400374195
257707	0.0004154636944
257708	0.0005201656075
257709	5.21616358e-05
257710	6.40290148e-05
257711	0.000308535394
257712	0.0002879559178
257713	0.0003463305926
257714	0.0001054555258
257715	0.0001068052208
257716	0.0007174839326
257717	0.001780575953
257718	0.0001884801203
257719	0.000164905982
257720	0.000949490706
257721	0.0003074497494
257722	0.0001948041173
257723	0.0002342904026
257724	0.0009001378425
257725	0.0001634219626
257726	0.0002308313295
257727	0.0004627704084
257728	0.0001795622326
257729	0.0001884749154
257730	4.295275899e-05
257731	1.055864243e-05
257732	6.999414126e-06
257733	0.000391770758
257734	0.0003446629132
257735	0.000230055732
257736	0.0006260825464
257737	5.767616032e-05
257738	0.0001860279759
257739	3.215030926e-05
257740	4.378500406e-06
257741	0.0007358930978
257742	0.001199129736
257743	0.0003977335888
257744	0.0003698235805
257745	0.0005664129284
257746	0.0007372327476
257747	5.579908612e-05
257748	0.0001851954678
257749	5.837782937e-05
257750	0.0001449308974
257751	0.00050849385
257752	0.001365783799
257753	0.000172742917
257754	0.0004614166106
257755	0.000146548916
257756	0.0007711370556
257757	8.71834024e-05
257758	4.856772054e-05
257759	7.831735952e-06
257760	0.000283962199
257761	0.0002986557092
257762	0.0001397259469
257763	0.0004699679316
257764	0.0003834126235
257765	0.0001043850551
257766	9.039518077e-05
257767	0.0002809233651
257768	0.0002879152454
257769	4.157373591e-05
257770	0.00108194288
257771	0.0004755003279
257772	0.0001011246767
257773	0.0006228760347
257774	0.0004638202925
257775	0.0009588330928
257776	0.001081862973
257777	0.0004442268306
257778	0.0001622082725
257779	0.0001424379861
257780	0.0004407343915
257781	4.729826016e-05
257782	0.0003007607553
257783	0.0001555671366
257784	0.0004476560848
257785	0.0005318168405
257786	0.0001581483209
257787	5.073243711e-05
257788	0.0004449992531
257789	0.0001011850464
257790	0.0004040327751
257791	0.0004419965503
257792	0.0003212344094
257793	5.407079504e-05
257794	0.0003062868872
257795	0.0007246931564
257796	0.0002068810933
257797	0.0005644899615
257798	0.0007178278175
257799	0.0007305773227
257800	0.0001850176611
257801	0.001155321012
257802	3.674166102e-05
257803	5.708557719e-05
257804	0.0002295683055
257805	0.0002065964477
257806	0.0007279895131
257807	0.0005073406223
257808	0.0005809527712
257809	0.000498403737
257810	0.0009923835918
257811	0.0003487224333
257812	0.0004650484351
257813	0.0004765438818
257814	0.001320980339
257815	0.0005797106281
257816	3.502233794e-05
257817	0.0008147992965
257818	9.866300347e-05
257819	5.193009297e-05
257820	0.0002579247694
257821	2.648977207e-05
257822	2.970424599e-05
257823	0.0001407506987
257824	0.001217013106
257825	0.0008984057066
257826	0.0001024239134
257827	0.0005893146221
257828	0.000977450276
257829	0.0005533411431
257830	0.0001592299528
257831	0.0007477807281
257832	0.0004894867851
257833	0.0009562505784
257834	0.0006636619388
257835	0.000188329759
257836	0.000392166359
257837	0.0001416553155
257838	9.688762623e-05
257839	0.0002534895644
257840	0.0002300876979
257841	9.959124733e-05
257842	6.94924698e-06
257843	0.000903093438
257844	0.0001334373965
257845	0.000978405676
257846	3.907063557e-05
257847	0.0003868004683
257848	0.0003450950783
257849	0.0002790714192
257850	5.485967299e-05
257851	0.000546083823
257852	0.0006276066672
257853	7.902046874e-05
257854	0.0006422773065
257855	2.869667469e-05
257856	0.000815982285
257857	0.0006094437533
257858	0.000129875354
257859	3.442755265e-05
257860	0.0002239132124
257861	5.797545208e-05
257862	0.0006887520159
257863	6.597225116e-05
257864	0.0005353288891
257865	0.0006507322147
257866	0.0002735880006
257867	0.000267889273
257868	0.0007508998052
257869	0.0007676592852
257870	0.0001380655353
257871	0.0002938128875
257872	0.0004446953445
257873	0.001295406502
257874	0.0002086573222
257875	0.0006411763898
257876	0.0002941387642
257877	0.0003396748706
257878	0.0003962120429
257879	0.0002019903629
257880	0.0004587310794
257881	0.0004203868098
257882	0.0006945338015
257883	0.00130284502
257884	0.0001256299908
257885	0.0002544154742
257886	5.883214822e-05
257887	0.001302040905
257888	0.0001727969608
257889	0.001818987518
257890	0.0007268470722
257891	0.0007425842833
257892	4.892811398e-05
257893	1.506594895e-05
257894	7.11169449e-05
257895	0.0003634718681
257896	0.0002640777931
257897	0.0002273284353
257898	0.0006737770873
257899	2.758660529e-05
257900	9.871462849e-07
257901	4.729373243e-06
257902	0.0004928027852
257903	0.0001110714961
257904	0.0001497753832
257905	4.085089101e-05
257906	0.0001761170407
257907	0.0004986294425
257908	3.890539423e-06
257909	8.223154861e-05
257910	0.000680281335
257911	7.491389329e-05
257912	0.001145462798
257913	5.190871294e-05
257914	0.0003425854065
257915	0.0006858714347
257916	0.0002119569801
257917	0.0002297341604
257918	0.0006181953673
257919	1.084149555e-05
257920	0.0007667565906
257921	0.000106426921
257922	0.0005974435469
257923	0.0001787804747
257924	0.0008929932356
257925	0.0001664479474
257926	0.0002864533699
257927	2.973412494e-05
257928	0.0004467834322
257929	0.0002823413979
257930	0.0005170259065
257931	0.0001618115664
257932	0.0002146520754
257933	0.000191918952
257934	0.0006643395536
257935	0.0002085938381
257936	0.0005294143351
257937	0.0004649183381
257938	0.000584690679
257939	0.0001220007096
257940	0.0003753463168
257941	0.0004420191376
257942	0.0004388787738
257943	0.001193168167
257944	0.0004360452998
257945	0.0001227069477
257946	3.604876927e-05
257947	0.0005088933879
257948	0.0003199104854
257949	0.0002356661775
257950	0.001016035328
257951	0.001003737284
257952	9.763275676e-05
257953	0.0004281344668
257954	0.001029251075
257955	9.37945435e-05
257956	0.001086636282
257957	5.76179132e-05
257958	0.0002065306678
257959	1.641795562e-05
257960	0.0001838553488
257961	0.0006991368281
257962	0.0002680429941
257963	0.0001503297207
257964	0.0002929117285
257965	0.0003156510086
257966	0.0003787751622
257967	7.249576041e-05
257968	0.0004607763344
257969	6.808687884e-05
257970	0.0006385522637
257971	0.0001650599022
257972	0.0003684047699
257973	0.0001307999464
257974	0.0002461977846
257975	0.0002371886004
257976	0.0003168014028
257977	0.0002118810178
257978	0.0002202627189
257979	0.0006724196304
257980	0.0001339106725
257981	0.000549959874
257982	0.0005312729413
257983	0.000230629003
257984	0.0005242736116
257985	0.001282371096
257986	0.0002691025571
257987	0.0001838701613
257988	6.617750906e-05
257989	0.000105351067
257990	0.0003657018898
257991	0.0002641175545
257992	0.0007093703811
257993	7.322958497e-05
257994	7.790485301e-05
257995	0.0003170566752
257996	0.0001188174633
257997	0.000262896303
257998	0.0005497860294
257999	0.0001971928533
258000	0.001187573783
258001	0.0006399309466
258002	6.335566247e-05
258003	0.0005897317563
258004	9.544466423e-05
258005	0.0001765779181
258006	8.549947134e-06
258007	0.0007776642864
258008	0.0009719540978
258009	3.121367067e-05
258010	0.0003429535624
258011	0.0002767979286
258012	0.0004073014509
258013	0.0002639924267
258014	0.0004206908873
258015	2.352547611e-05
258016	0.0002344958417
258017	7.486744432e-05
258018	0.0002564585872
258019	0.0001170347413
258020	0.0002068002024
258021	0.0003851569041
258022	0.0007192465804
258023	0.0001195056502
258024	3.286330112e-05
258025	0.0005800102918
258026	5.731417486e-05
258027	0.0004711389082
258028	0.0003138010218
258029	1.5660969e-05
258030	0.0001144803614
258031	0.0004782658245
258032	0.0002103929752
258033	6.535920253e-05
258034	0.000207886742
258035	0.0001113931949
258036	0.0002169357125
258037	0.0004665035593
258038	0.0003272185147
258039	0.0005215708548
258040	0.0007289982055
258041	9.269298526e-05
258042	0.0002586887826
258043	0.0004558379761
258044	0.0003695495334
258045	0.0001736991913
258046	6.245448348e-06
258047	0.0001238998561
258048	0.001117522041
258049	0.0006334188651
258050	9.444624639e-05
258051	0.0003716895656
258052	2.282242241e-05
258053	0.0001390754069
258054	0.0002963420827
258055	0.0001504490381
258056	0.0002092217481
258057	0.0003511550769
258058	0.000167909615
258059	0.0002294332083
258060	0.0002229120905
258061	0.0002345497624
258062	5.358327154e-05
258063	0.0003715270326
258064	1.954552093e-05
258065	0.0005414514819
258066	0.0002958969646
258067	0.000589323366
258068	0.0002591762167
258069	0.0002658986265
258070	3.447564214e-05
258071	0.0001881185303
258072	0.0006053007536
258073	9.154328428e-05
258074	0.0006301117871
258075	0.0002169780105
258076	8.866761988e-05
258077	7.014015258e-05
258078	0.000193864413
258079	1.838410166e-05
258080	1.525636289e-05
258081	0.000139298561
258082	8.053287968e-05
258083	0.0003852433553
258084	0.0007405903213
258085	0.0002431929363
258086	0.001073193702
258087	0.0008707596539
258088	0.0001352620634
258089	0.0005625004312
258090	0.0004449849496
258091	0.0004979952421
258092	0.0009417534135
258093	0.0004112025822
258094	0.0002207935317
258095	0.0004298322249
258096	0.0002398817388
258097	0.0007307380573
258098	0.0005495994394
258099	0.0004725531221
258100	0.001008615362
258101	0.0008877404774
258102	0.0002913047595
258103	0.0004272194981
258104	0.0002572765286
258105	0.0003355042915
258106	0.0003703995038
258107	5.175953772e-05
258108	0.0008911006842
258109	0.00054149327
258110	3.421083904e-05
258111	9.467524826e-05
258112	0.0001312204112
258113	0.0004367151424
258114	0.0004900797361
258115	0.0003294035348
258116	5.706617195e-05
258117	0.0003378181311
258118	0.0001041936076
258119	0.0003991421569
258120	0.0003533469691
258121	0.0003022134455
258122	9.160321889e-05
258123	9.1688659e-06
258124	0.0005346168558
258125	9.602017724e-05
258126	0.0005059725359
258127	0.0004684894079
258128	0.0002252420432
258129	0.0005592437586
258130	1.419508557e-05
258131	0.0008062349536
258132	0.0002521149397
258133	5.443023716e-05
258134	0.0005061643383
258135	0.0001957602151
258136	0.0009525844632
258137	0.0001531179273
258138	0.0001162283305
258139	0.0005832230081
258140	0.0003687166931
258141	0.0001563199949
258142	0.0008956950203
258143	5.781043388e-05
258144	0.0002015077314
258145	0.000656382685
258146	9.996916876e-05
258147	0.000478648726
258148	0.001818690434
258149	0.0001721873208
258150	0.0007360450615
258151	0.0007477586801
258152	1.80450256e-05
258153	0.0002182118122
258154	1.896040176e-05
258155	0.001143644247
258156	0.0001941214998
258157	0.0001377755519
258158	0.0003208570081
258159	5.464250838e-05
258160	0.0006146407657
258161	0.0008366013344
258162	7.182113108e-05
258163	0.0006158606961
258164	5.59235841e-05
258165	0.0004540872772
258166	3.418076831e-05
258167	7.781211377e-05
258168	0.000798421215
258169	6.03630579e-05
258170	0.0005843133729
258171	0.0005505543955
258172	5.335713015e-05
258173	0.0003982550219
258174	0.0002148083668
258175	0.0007549919416
258176	0.0005980015159
258177	2.134278798e-06
258178	0.0001960183209
258179	0.0003658930469
258180	0.0002620373688
258181	0.0003105156194
258182	4.443060173e-05
258183	0.0005542459327
258184	0.0001255398568
258185	9.372013257e-06
258186	0.001034765488
258187	0.0001295323933
258188	2.29183621e-06
258189	3.411645207e-05
258190	0.0004758344806
258191	0.0006458330553
258192	0.0001929065472
258193	0.0001648153113
258194	0.000258587541
258195	7.492175515e-05
258196	0.000238716645
258197	0.0003723867072
258198	6.550866902e-05
258199	0.0001953794725
258200	0.0001854951076
258201	0.0007200499164
258202	0.0005328224015
258203	1.811588399e-05
258204	0.0002319655124
258205	7.343902596e-05
258206	0.0001259428442
258207	8.184974946e-05
258208	0.0005891855163
258209	0.0003100760457
258210	0.0003676465365
258211	0.0002662008423
258212	0.0001041220944
258213	7.504626982e-05
258214	2.197264814e-05
258215	0.0007633024282
258216	0.0001250219179
258217	8.258992022e-05
258218	0.0004778929567
258219	0.0006401377294
258220	3.352194191e-05
258221	0.0002445992997
258222	0.0005966548623
258223	0.0003310609688
258224	0.0001283448531
258225	0.0003010776621
258226	0.0001830496876
258227	0.0003555328833
258228	0.0007491338591
258229	0.0004359608268
258230	0.0005199810407
258231	0.0001420114369
258232	3.972025596e-05
258233	0.0002165871977
258234	0.0002792819944
258235	2.672587293e-05
258236	0.0003362716881
258237	0.0003239197071
258238	0.0003211868824
258239	0.000818298934
258240	0.0002430363998
258241	0.0002667924489
258242	0.0001088294064
258243	5.854206498e-05
258244	0.0006619575769
258245	5.083880252e-05
258246	0.0001386141429
258247	3.195992285e-05
258248	0.000221339245
258249	0.001554944529
258250	0.0003260193159
258251	0.00107280786
258252	0.0001666382452
258253	0.0004071898334
258254	0.0002018192974
258255	0.0003913834101
258256	0.0002787940218
258257	0.0004915810226
258258	0.0002195331432
258259	4.283268229e-05
258260	0.0008317451532
258261	0.0004202160364
258262	0.0004003887072
258263	1.923556967e-05
258264	0.0004661920917
258265	0.0001009576133
258266	0.0002309972116
258267	0.0007121969408
258268	0.000821116952
258269	0.0003706207902
258270	0.0002127755731
258271	0.0001787595402
258272	0.0004103165946
258273	0.0002114064978
258274	7.344787552e-05
258275	0.0001153716759
258276	0.0005192838631
258277	4.911619725e-06
258278	8.54478491e-05
258279	0.0003623783324
258280	8.080493064e-05
258281	0.000319034226
258282	0.0004992584447
258283	0.0006501226744
258284	6.14212034e-05
258285	0.0002909322767
258286	0.0002541589695
258287	0.000381621147
258288	0.0003859566538
258289	0.0001751357402
258290	0.001227275119
258291	0.0001854451627
258292	0.0002758236941
258293	0.0004176483836
258294	3.136406497e-05
258295	2.942679502e-05
258296	0.0002895606557
258297	0.0001796939368
258298	0.0005900793059
258299	0.0006001758648
258300	0.001412972484
258301	0.000136524939
258302	0.000187876468
258303	0.0003607189801
258304	0.0002284179032
258305	0.0001377234854
258306	0.0003066017768
258307	0.000142065227
258308	3.32532273e-05
258309	0.0003703778676
258310	0.0001814944372
258311	0.000604947395
258312	0.0003373447167
258313	0.0003452832049
258314	0.0002404343076
258315	0.000126904148
258316	0.0003114709618
258317	0.0004946998317
258318	0.0003788072706
258319	5.498908371e-05
258320	0.0001984123182
258321	0.0001671486915
258322	0.0002274295526
258323	0.0003971976083
258324	0.0004456169917
258325	0.0002842817931
258326	0.0003954739695
258327	0.0004172356294
258328	0.0001129351493
258329	0.0009752476416
258330	0.0003093824497
258331	5.649059958e-06
258332	1.066886297e-05
258333	0.0001439931815
258334	9.181879931e-06
258335	0.0001173913198
258336	0.0003732105694
258337	0.000699794047
258338	0.0005457298635
258339	0.0003663461606
258340	0.000105435788
258341	0.0004611263455
258342	0.0008851818138
258343	9.978181502e-05
258344	0.00056054991
258345	0.0002731917342
258346	0.0004689504602
258347	0.000326293323
258348	0.0002213667116
258349	0.0002810691578
258350	0.0002426447979
258351	8.642217759e-05
258352	0.0004480971469
258353	0.0001783816638
258354	0.0002727088272
258355	0.0002452898906
258356	0.0002211725865
258357	0.0007247982165
258358	0.0005016528
258359	5.182726688e-06
258360	0.000355438029
258361	0.0003254293126
258362	0.0001423003964
258363	5.974476135e-05
258364	0.0002529076927
258365	0.0003528265642
258366	0.0002161895759
258367	0.0003235031262
258368	0.0008007118633
258369	0.0004321226465
258370	0.00040897735
258371	0.0002933303473
258372	0.0002043676452
258373	0.0006967425868
258374	0.0006150140144
258375	0.0001803105871
258376	4.328109072e-05
258377	0.0003431463324
258378	0.0004976759191
258379	3.025480236e-05
258380	0.00024451864
258381	0.0007675598566
258382	0.0004997770111
258383	0.0007890189747
258384	0.0004833694158
258385	0.0007503479969
258386	0.0004649909913
258387	0.0005346135828
258388	0.0004706924158
258389	0.0007891108172
258390	0.0003545913618
258391	0.001223986641
258392	0.0003731672347
258393	0.0007755428557
258394	0.0003325678484
258395	0.0002156264938
258396	0.0006138675182
258397	4.423054789e-05
258398	0.0005494705113
258399	0.0003963504451
258400	0.001061602349
258401	8.45379142e-05
258402	0.0003383501696
258403	4.194144105e-05
258404	2.440092583e-05
258405	0.0002044805786
258406	0.0007132783398
258407	0.0001316067022
258408	0.0007078265505
258409	0.0003519254366
258410	8.046050172e-05
258411	0.0008308073473
258412	0.0006072336687
258413	3.659659394e-05
258414	9.637205342e-05
258415	0.0002183221848
258416	0.0001971388599
258417	0.001088327978
258418	0.0007677827265
258419	0.0004208018377
258420	0.0003386120482
258421	0.0004654217068
258422	0.001028140284
258423	0.0005060056006
258424	0.001064933689
258425	0.0004310619502
258426	0.0004901557415
258427	0.0001432241718
258428	0.0001467608838
258429	8.878857091e-05
258430	0.0002657930649
258431	0.0001236678094
258432	0.0001435033452
258433	0.0004338565979
258434	0.0001996735535
258435	5.068654106e-05
258436	0.0003230565224
258437	0.0008444402977
258438	0.0003808867658
258439	0.0007253913195
258440	0.0001916536533
258441	0.0005714243037
258442	0.0006064565183
258443	0.0002377489944
258444	0.0006584065118
258445	0.0004065582122
258446	0.001158723584
258447	0.0004488525776
258448	0.0004710619285
258449	0.0006847785036
258450	1.278521072e-05
258451	0.000476432939
258452	0.0004072899619
258453	0.0004871080905
258454	7.819898077e-05
258455	0.0002979541458
258456	0.0002311732984
258457	0.0007158047072
258458	0.0001089127553
258459	0.0001682929563
258460	0.000307751363
258461	0.0007738120741
258462	0.0002446398241
258463	0.0002424946989
258464	0.0002424242771
258465	0.0003560852878
258466	0.0002222583496
258467	8.74106711e-06
258468	6.934063086e-06
258469	4.242856447e-05
258470	0.0004179835097
258471	0.000238420404
258472	0.0001380215844
258473	0.0002572003468
258474	0.00102521799
258475	0.0006734208442
258476	0.0001708870443
258477	0.0003146061092
258478	2.491493646e-05
258479	0.0002836995767
258480	0.0004331920156
258481	0.0001962700316
258482	7.738991734e-05
258483	0.0001303199417
258484	0.0001708395352
258485	0.0003162013813
258486	0.0004873251762
258487	0.0003615434861
258488	0.0004872866008
258489	0.0001908815649
258490	0.0001951886793
258491	0.0002925082008
258492	0.0002797398925
258493	7.830118658e-05
258494	9.179991041e-05
258495	0.0003197719721
258496	0.0009062465237
258497	0.000166193439
258498	5.637807797e-05
258499	0.0002421953945
258500	0.0004019809323
258501	0.0003499832441
258502	0.0004675370428
258503	0.0008512588344
258504	0.0007133502299
258505	0.0003417176565
258506	0.0002710885045
258507	0.0006189151418
258508	0.001425027943
258509	0.0002219184105
258510	3.185423597e-05
258511	0.0001948413185
258512	0.0007180203739
258513	0.0002397376398
258514	0.0001266035939
258515	0.0004357869069
258516	4.718046247e-05
258517	0.0006904258771
258518	0.0002442473537
258519	0.0001263867024
258520	0.0005406070772
258521	0.0001657592324
258522	0.0002136529814
258523	9.301806912e-06
258524	0.0008358072138
258525	0.0006949431294
258526	1.98762846e-05
258527	5.58437888e-07
258528	1.636783216e-05
258529	0.0009256597395
258530	0.0007035270351
258531	0.0004271463759
258532	1.78249526e-05
258533	0.0003984904973
258534	0.0003006870231
258535	0.0005897416499
258536	0.000669113693
258537	0.0002804791156
258538	0.0001290915666
258539	8.423615915e-06
258540	0.0005862047412
258541	0.0006618582582
258542	0.0007392802645
258543	0.0001977174401
258544	0.001105815375
258545	0.0001167436837
258546	6.210794018e-05
258547	0.0007792152368
258548	0.0001502781014
258549	1.068183138e-05
258550	0.0005253637315
258551	0.0004683019222
258552	5.237754847e-05
258553	0.0006570490427
258554	0.0002569855834
258555	0.0008226771836
258556	0.0003147830655
258557	0.0007897499
258558	0.0001277457596
258559	0.0003061597376
258560	0.001185386397
258561	0.0004602026832
258562	0.0002186053122
258563	0.0003148586921
258564	3.778499831e-05
258565	0.0001306437
258566	5.473405294e-05
258567	0.0004045133244
258568	0.000166441599
258569	0.0008909701074
258570	0.0004115813496
258571	0.0001195734466
258572	0.0009344355192
258573	6.520263785e-05
258574	0.0002630922778
258575	1.498788438e-06
258576	0.0005580383569
258577	0.0006759205435
258578	0.0001850729981
258579	0.0006500367405
258580	0.000698288302
258581	0.0001183204502
258582	0.0003833889104
258583	8.638783194e-05
258584	0.0001945548161
258585	0.0001832187396
258586	0.0003518411157
258587	0.0001270776349
258588	0.0005913557753
258589	0.0004361667322
258590	5.64421775e-05
258591	0.0005189640937
258592	9.248526376e-05
258593	0.0004184823763
258594	0.0007614526235
258595	0.0002221332862
258596	0.0003410559708
258597	0.0002508993071
258598	0.0003985675034
258599	0.0001145140142
258600	0.0001962257852
258601	0.0003954662851
258602	0.0001274091589
258603	0.0001850007299
258604	0.0001907239125
258605	5.701105764e-05
258606	0.0007856390121
258607	0.0001790357262
258608	7.454884848e-05
258609	4.760222335e-05
258610	0.0002085812518
258611	0.0001285774949
258612	0.0002982048016
258613	0.000192920262
258614	0.0008691218832
258615	0.0004620184744
258616	0.0003994187611
258617	0.001148042162
258618	0.000714325672
258619	0.0001026042804
258620	0.0008607911351
258621	0.001022600654
258622	0.0003486387797
258623	0.000268301161
258624	0.0001585809661
258625	0.0003856860969
258626	0.0001391004035
258627	0.0006228355274
258628	0.0001008676565
258629	0.0003064598257
258630	9.437247902e-05
258631	9.053742684e-05
258632	0.0004518922447
258633	0.0004142383816
258634	0.0002266675633
258635	0.0002388627857
258636	0.000410348381
258637	0.000300935218
258638	0.001143974409
258639	0.000597224278
258640	0.0002277725783
258641	0.001099854104
258642	0.0003484966965
258643	0.0005530793437
258644	0.0007085715427
258645	0.0003173416247
258646	0.0001786134356
258647	0.001208919946
258648	0.000364560209
258649	0.0004055876191
258650	0.0001298144603
258651	0.0001372013518
258652	0.0002160013895
258653	0.0003945151298
258654	0.0002330962025
258655	0.0004214093429
258656	0.0007834710566
258657	0.0003433111648
258658	0.0007254544644
258659	5.230460039e-05
258660	0.0004318395259
258661	0.0001967530461
258662	0.0003503529636
258663	0.000456192469
258664	0.0003218337198
258665	0.00037585917
258666	0.0002073344768
258667	0.000412284286
258668	0.0002716473451
258669	5.779398951e-05
258670	0.0001093889504
258671	3.621675631e-05
258672	0.000420223366
258673	0.0003378059948
258674	0.0003758394118
258675	0.0002102979064
258676	7.918197165e-05
258677	1.530377775e-05
258678	0.0004498651946
258679	0.0005933236472
258680	0.0002428483234
258681	0.0004993758491
258682	5.632387172e-05
258683	2.549017524e-07
258684	0.0001380641289
258685	0.000950371761
258686	0.00017945922
258687	0.0001802157228
258688	0.0004677799729
258689	0.0003777967122
258690	0.0009842565441
258691	0.0004252294127
258692	0.0007913630256
258693	0.001282106324
258694	0.0007778656732
258695	0.001146088207
258696	0.0002722040689
258697	0.0002647406474
258698	0.0003087346217
258699	0.0002883567792
258700	5.398389374e-05
258701	0.0001061158045
258702	7.922635939e-05
258703	0.0007045952201
258704	0.00049334072
258705	0.0001782829604
258706	8.621357296e-05
258707	0.000140486938
258708	0.0001738735719
258709	0.0001964063755
258710	0.0002565618778
258711	0.0002362437713
258712	0.0008736117293
258713	0.0005972064395
258714	0.0001900347319
258715	0.0002224509847
258716	9.626432163e-05
258717	0.0005564499356
258718	9.566223153e-05
258719	0.0008945179362
258720	4.498805364e-05
258721	0.0009896508357
258722	0.001278040452
258723	5.116951532e-05
258724	0.0005436158889
258725	8.190131128e-05
258726	0.0005057249932
258727	2.113886148e-06
258728	0.0003736426726
258729	0.0002089795882
258730	9.721067046e-06
258731	0.0007539493428
258732	0.0001877097702
258733	0.0004676100252
258734	0.0001542894295
258735	0.0007734976526
258736	7.638952241e-05
258737	0.0005786407937
258738	8.222051753e-05
258739	0.0002433020017
258740	0.0003484234791
258741	0.0001123531833
258742	0.000133174231
258743	0.0001211055926
258744	0.000492900872
258745	0.0001549046769
258746	0.0001326860301
258747	0.0001258576083
258748	0.0004091307162
258749	6.76865954e-05
258750	0.001235729765
258751	0.000197562769
258752	2.270625289e-05
258753	0.00023050261
258754	3.282939868e-05
258755	0.001754844362
258756	0.001477307519
258757	0.0002456607854
258758	0.0008254494278
258759	0.0003818482909
258760	5.952731076e-05
258761	0.0006136257013
258762	0.0001819965299
258763	0.0006883882446
258764	0.0006087631188
258765	0.0006656549827
258766	0.0002254025048
258767	0.0004795088165
258768	0.0003059028559
258769	0.0002221741263
258770	0.0004279189121
258771	0.0009480657455
258772	0.0006857037045
258773	0.0005521686788
258774	0.0002642769296
258775	0.000635362172
258776	0.0005702500682
258777	0.0001633251396
258778	0.0002055926762
258779	0.000705227985
258780	0.000617026429
258781	0.0005451195683
258782	0.000628735545
258783	0.0007877830326
258784	0.001055621438
258785	0.0003462006473
258786	0.000154579656
258787	0.0008374298374
258788	0.0002429264424
258789	0.0008305384529
258790	5.363202141e-05
258791	0.0003463652723
258792	1.842229827e-05
258793	0.0009135028237
258794	0.000676216081
258795	0.0002156165945
258796	0.0002765959338
258797	0.0006095720596
258798	0.000234217832
258799	5.985978478e-05
258800	0.0002409494253
258801	0.0009760330486
258802	0.0005820369235
258803	0.0002110393923
258804	0.0005050961845
258805	0.0003657833123
258806	0.0008239605441
258807	0.000557349229
258808	0.0005110344208
258809	0.0006037367253
258810	3.659486695e-07
258811	0.0001898678684
258812	0.0006485141469
258813	0.0007893163977
258814	0.0005016605408
258815	0.000786515265
258816	0.0001237132374
258817	0.0002832565789
258818	0.0004286204308
258819	5.686243295e-05
258820	0.0002221131951
258821	0.0004650053058
258822	0.0002008366548
258823	0.0002884442853
258824	0.0001925141293
258825	0.0002939244253
258826	0.0002581674993
258827	0.0007325231612
258828	0.0004486835697
258829	0.0002885709289
258830	0.0002728434284
258831	0.0001458440805
258832	0.000177014809
258833	0.0002617820308
258834	0.0004529703757
258835	0.0002860172441
258836	0.0007129606874
258837	3.306674939e-05
258838	0.0002214761363
258839	0.0008927434656
258840	0.000266481517
258841	0.0002418943951
258842	1.362241723e-05
258843	0.0002391189204
258844	0.0004307785705
258845	0.0001870181132
258846	0.0002391600667
258847	4.661993855e-05
258848	1.458962065e-05
258849	4.093345364e-05
258850	0.0003424214761
258851	5.255051311e-05
258852	0.000929692171
258853	1.825302749e-05
258854	1.506838946e-05
258855	0.0001161633858
258856	0.001061426588
258857	0.0001901529895
258858	0.0007013223529
258859	9.897750427e-06
258860	6.494025087e-06
258861	0.00021522646
258862	0.0003162335525
258863	0.0004985706702
258864	0.0006384384847
258865	0.0003388700252
258866	0.0008433929776
258867	0.00046020489
258868	0.000529747473
258869	7.367687519e-05
258870	0.0002452462259
258871	0.001220895745
258872	1.437284418e-05
258873	0.0002103545059
258874	0.0003846490125
258875	0.0002764759567
258876	2.638978319e-05
258877	0.0002495951472
258878	0.0003097583792
258879	5.684705001e-05
258880	0.001279819565
258881	8.718107807e-05
258882	0.0005809909413
258883	5.859518445e-06
258884	0.0002293912792
258885	0.0001167986283
258886	0.001412822336
258887	5.220720994e-05
258888	0.0005997508228
258889	0.0002124588906
258890	0.0005355393184
258891	0.0007176753301
258892	0.0001931440838
258893	0.0003180336293
258894	0.0001881112662
258895	0.0002477469446
258896	0.0008461143399
258897	0.0001063274062
258898	8.574295269e-05
258899	0.0001052773913
258900	0.0008921139024
258901	2.464535518e-06
258902	3.171597812e-05
258903	0.0002978019163
258904	0.0001060644692
258905	0.0004137866551
258906	0.0005230200285
258907	0.0002200615543
258908	0.0004454823427
258909	0.0002293456986
258910	0.000787176114
258911	0.0002648009356
258912	0.0002359533209
258913	0.000554050788
258914	3.361040796e-05
258915	0.0001559213969
258916	0.0009629583481
258917	0.0007249180523
258918	3.133312373e-05
258919	0.0005332629832
258920	7.581901546e-05
258921	0.0004449217706
258922	1.932846783e-05
258923	7.416425372e-05
258924	0.0004298286495
258925	2.124172437e-05
258926	7.365455378e-05
258927	0.0003164530581
258928	0.0001242824425
258929	0.000580980698
258930	4.612040006e-07
258931	0.0005950452304
258932	0.0008925307117
258933	5.291598339e-05
258934	0.0001476015291
258935	0.0005057761399
258936	7.870143807e-05
258937	0.0002286031602
258938	6.636232994e-05
258939	0.0001856592366
258940	0.0004997469992
258941	0.001030567911
258942	0.0001500377536
258943	3.786690949e-05
258944	0.000348980652
258945	2.980065598e-05
258946	0.000226369825
258947	0.0002971504581
258948	0.0001615100048
258949	0.0007325101718
258950	0.0008667954049
258951	0.0009306196852
258952	0.0002325961715
258953	0.0001613685283
258954	0.0003767026757
258955	1.209788082e-05
258956	0.0003201501284
258957	0.0003952310137
258958	0.0004849931745
258959	0.001085380434
258960	0.0007771723422
258961	0.0005254537805
258962	0.0007954713825
258963	0.0002077547603
258964	9.467425474e-05
258965	0.0001602083777
258966	8.499473843e-05
258967	1.774318824e-06
258968	0.0008222426514
258969	0.0008592048468
258970	0.001254595924
258971	4.243826031e-05
258972	0.0009177282055
258973	0.0002084363951
258974	9.931376331e-05
258975	0.0001260134868
258976	0.0001478685492
258977	0.0001493777133
258978	0.0005025770415
258979	0.0004573004784
258980	0.0006733128024
258981	0.0001413143184
258982	0.0005972734541
258983	0.0003778952063
258984	0.0006978039816
258985	0.0009517371316
258986	0.0001841564555
258987	0.0002917737262
258988	5.707839779e-05
258989	2.990392285e-05
258990	2.956290374e-05
258991	0.0004596348163
258992	7.445536194e-05
258993	0.0002769257287
258994	0.0001239265822
258995	0.0001015594195
258996	0.0003026609459
258997	0.000359962885
258998	0.0007915457605
258999	0.0001114860397
259000	0.0001435816873
259001	0.0005461177982
259002	3.081479039e-05
259003	7.385194035e-05
259004	4.621001986e-05
259005	0.0003796268243
259006	0.0001891749552
259007	0.0001290701203
259008	0.0009112869385
259009	0.000294147258
259010	0.0002273344273
259011	0.0003163483495
259012	0.0009929094657
259013	0.0004353459407
259014	0.002052090592
259015	0.0002711359512
259016	0.0001346489045
259017	8.474590632e-05
259018	0.0002913796598
259019	0.0006840468617
259020	0.0002113746613
259021	8.853855507e-05
259022	0.0004580791342
259023	0.0001734912032
259024	0.0001558785135
259025	0.0004187643922
259026	0.0003037608894
259027	0.0003141355873
259028	0.001621603511
259029	0.0001198124133
259030	9.548838075e-05
259031	0.0001089114231
259032	1.37822696e-05
259033	0.0004953783071
259034	7.916265244e-05
259035	0.0005747872091
259036	0.0006439050638
259037	4.875418591e-05
259038	0.0002308294206
259039	0.001392455713
259040	0.000351757247
259041	0.0009048561956
259042	0.0001348145724
259043	0.0002540108527
259044	0.000202126716
259045	4.065546666e-06
259046	0.000131300526
259047	7.657964653e-07
259048	0.0002570438995
259049	4.535661764e-05
259050	0.000177480823
259051	0.0002365882716
259052	0.0003767628713
259053	0.0001024996033
259054	0.0008323174065
259055	3.013805747e-05
259056	6.373839536e-05
259057	0.000330165006
259058	0.0003838952873
259059	0.0001692876604
259060	0.0004249056981
259061	0.000648480099
259062	0.0002791483671
259063	0.0004884724595
259064	0.0002142403308
259065	0.0003566473929
259066	0.000643367083
259067	0.0002026617549
259068	0.0004188895179
259069	0.0002701394387
259070	0.0003293165828
259071	0.0002941853519
259072	0.0002124635937
259073	3.554279803e-05
259074	0.0002094837508
259075	4.279889958e-05
259076	0.0008350641654
259077	0.0003467618805
259078	0.0005934840602
259079	7.453877389e-05
259080	5.733983603e-05
259081	0.0002154904164
259082	0.0002718121096
259083	0.0007507652254
259084	0.0004205026243
259085	0.0003768060408
259086	0.001232100966
259087	0.0006470777591
259088	0.0001239196204
259089	2.106578237e-05
259090	0.0001730414714
259091	0.0003695767917
259092	0.0003117886195
259093	7.532047103e-05
259094	0.0009564003308
259095	0.0003638573817
259096	0.0003802779622
259097	0.0002938115296
259098	0.0003180676301
259099	0.0001219099317
259100	0.0003740482823
259101	0.0002905235484
259102	0.0003609233706
259103	0.0004916283132
259104	0.0001543241652
259105	6.044598284e-05
259106	9.711182871e-05
259107	0.0005142037287
259108	8.529040424e-05
259109	0.0006214644281
259110	2.7712972e-05
259111	0.0001543711038
259112	0.0003347882074
259113	0.0001580738742
259114	0.0003876520446
259115	0.0003476247562
259116	9.813300178e-05
259117	0.0002883755291
259118	0.0001368760671
259119	0.0003590351677
259120	0.0001738473144
259121	0.0004365565732
259122	4.560963331e-05
259123	7.694618626e-05
259124	0.0003153191816
259125	7.655929019e-05
259126	0.0002187857575
259127	0.0003319487142
259128	0.0005193403673
259129	0.000913242753
259130	0.0008130063636
259131	0.000802214889
259132	0.0005574959156
259133	0.0001081009333
259134	1.547770587e-05
259135	0.0003363037248
259136	0.0003514072862
259137	3.969013063e-05
259138	0.0003066377304
259139	0.0003342246086
259140	0.000256040625
259141	0.0006444354947
259142	0.0007954127669
259143	0.0001951193725
259144	0.0005051301448
259145	0.0003092058223
259146	0.000556834136
259147	0.000295899567
259148	0.0001892833252
259149	0.0002453108089
259150	0.0006266825392
259151	0.0002356053963
259152	0.0006694496963
259153	0.0002944173825
259154	0.0005059191964
259155	0.00103911156
259156	4.815043049e-05
259157	4.581244178e-05
259158	0.0001131613831
259159	0.0003225349298
259160	0.001128575431
259161	0.0004018202275
259162	0.0004815872874
259163	0.0002364032012
259164	0.000160280749
259165	3.605660616e-05
259166	6.832531122e-05
259167	0.0001742154915
259168	0.0003229981142
259169	0.0004602677504
259170	0.0001319815794
259171	0.0002617558572
259172	2.053821011e-05
259173	0.000420306673
259174	0.0004244962605
259175	0.0003605665115
259176	5.784690463e-05
259177	0.0001392219024
259178	0.0002535025203
259179	0.0003266458333
259180	0.001416733256
259181	0.000164053616
259182	0.0004018319184
259183	0.0001141833053
259184	0.0002894158594
259185	0.0001994627097
259186	0.0003850963074
259187	0.001009081089
259188	7.909282021e-05
259189	0.0004616792311
259190	0.0001952530439
259191	6.252405537e-05
259192	1.119591844e-05
259193	0.0004463636125
259194	9.432278361e-05
259195	0.0001809724227
259196	0.0001783219669
259197	1.676359241e-05
259198	0.000180015974
259199	0.0006275438065
259200	7.19148563e-05
259201	0.0006767639274
259202	0.0004467376595
259203	6.627800493e-05
259204	0.0001275207493
259205	7.010774736e-05
259206	6.383073173e-05
259207	0.0005527919374
259208	0.0002348808392
259209	0.0006326335272
259210	3.279547158e-05
259211	0.0008356058668
259212	0.0001264463219
259213	0.0006222913483
259214	0.0001966664692
259215	4.925633444e-05
259216	0.0008114647163
259217	0.0002302353257
259218	7.86087306e-05
259219	0.001199857107
259220	0.0003375601643
259221	0.001239614942
259222	0.0005830236855
259223	1.015103814e-05
259224	5.514722979e-05
259225	0.0003887426201
259226	0.0002693710037
259227	0.0002742873534
259228	0.0005015912057
259229	0.0001784129344
259230	0.0001804383605
259231	0.0006620260635
259232	1.115409849e-05
259233	0.0001538105685
259234	8.298952331e-05
259235	0.0005346617785
259236	0.0007049582595
259237	0.0001310623726
259238	0.0004829765117
259239	3.877913194e-05
259240	0.0001440080914
259241	0.0001134442466
259242	0.0004103947981
259243	0.0005721066117
259244	0.0004724862771
259245	5.446724813e-05
259246	0.0003119388865
259247	0.0004915912862
259248	0.0002582138138
259249	0.0001588764387
259250	0.0001081467245
259251	0.0002426613572
259252	7.419937885e-05
259253	0.000429571482
259254	0.0003448810261
259255	1.471372586e-05
259256	6.770050395e-05
259257	0.0008147386392
259258	0.0003986027083
259259	6.249566546e-06
259260	0.0002083079598
259261	6.284077447e-05
259262	0.0002397123422
259263	0.000509115906
259264	0.0002544189076
259265	0.000162881093
259266	3.573527372e-05
259267	0.0004885881302
259268	0.0008516928151
259269	0.0002459309611
259270	0.0006527802014
259271	0.0002238469169
259272	0.0006599247076
259273	0.0002786691752
259274	0.0004055018264
259275	0.0003521905453
259276	0.0002236120479
259277	2.176593177e-05
259278	0.0004577103253
259279	0.0007570535084
259280	0.0008634885525
259281	0.000206684423
259282	0.0004736820057
259283	0.0005256863037
259284	0.000111911374
259285	0.0004181755042
259286	1.60387926e-05
259287	0.0006072402814
259288	3.63413623e-05
259289	0.000292687102
259290	8.162941145e-05
259291	8.278210234e-05
259292	0.00026381921
259293	0.0005302684511
259294	0.0002987128722
259295	0.0005008902664
259296	0.0001081268945
259297	0.0004545813548
259298	0.0008777324252
259299	0.0002839602068
259300	0.0002346309478
259301	0.0002056995849
259302	0.0008568667444
259303	0.0003614172404
259304	0.0005104811347
259305	0.0004730283577
259306	0.000459596432
259307	0.0003243606158
259308	0.0001167497238
259309	0.0005951328623
259310	0.0002825767499
259311	7.294732537e-05
259312	0.0009573932154
259313	0.0005650795251
259314	9.7561184e-05
259315	3.869142632e-06
259316	0.001199438497
259317	0.0005882447728
259318	0.0002915413649
259319	0.0006004425526
259320	0.001230165121
259321	0.0003394404647
259322	0.0002437771539
259323	0.001063275331
259324	0.0002514427328
259325	0.0002971262154
259326	0.0004633691218
259327	0.0002717417431
259328	8.001651056e-05
259329	0.0003004273399
259330	0.0003197681747
259331	1.194752945e-05
259332	0.0006817957205
259333	0.0001405938824
259334	0.0003501012809
259335	0.0006008993226
259336	0.0006464984154
259337	0.0001927058343
259338	0.0002363877484
259339	0.001635176765
259340	0.000226781518
259341	0.0002716466138
259342	0.0007607100353
259343	0.0003492253844
259344	0.000688980228
259345	0.0005877040693
259346	0.000751711578
259347	0.0001054172059
259348	0.0006086762896
259349	0.0001784209794
259350	8.24431669e-05
259351	0.0007975753532
259352	0.001043163721
259353	0.0001424784881
259354	0.0007937398587
259355	0.0005106938241
259356	0.0001552703822
259357	0.0003853010559
259358	2.289717712e-05
259359	1.881823322e-05
259360	0.0008065803501
259361	0.000475166281
259362	0.0001691118273
259363	3.827512305e-05
259364	0.0002655068085
259365	0.0004816054971
259366	5.736607337e-05
259367	1.681110441e-05
259368	0.0004504115517
259369	5.900045864e-05
259370	0.0001818595131
259371	0.0005907957154
259372	0.0002460127471
259373	0.0004228481526
259374	0.0007585854288
259375	0.0003463209393
259376	0.0003637860964
259377	0.0003061576644
259378	1.237658645e-05
259379	3.445762249e-05
259380	0.0007987228484
259381	0.00118171067
259382	0.0002462332242
259383	0.0002638827245
259384	0.000210984133
259385	0.0003099605344
259386	0.0001861442313
259387	0.0001094235946
259388	5.227085911e-05
259389	5.785385395e-05
259390	7.3172982e-05
259391	0.0003949703025
259392	0.0004347110022
259393	0.0002229413353
259394	0.0003092709276
259395	0.0003710614356
259396	0.0003586718007
259397	4.29965212e-05
259398	0.0006832985054
259399	0.0002229349557
259400	0.0004390409836
259401	0.0001060433221
259402	0.0003453871923
259403	0.001066852777
259404	0.0002592860617
259405	0.0001071090647
259406	0.0001737095359
259407	0.0003250630672
259408	0.0007838810035
259409	0.0003577811065
259410	0.0005399770246
259411	3.0185735e-05
259412	0.0005655655544
259413	0.0001495195736
259414	2.481380893e-05
259415	0.0004232021214
259416	0.0009120731664
259417	7.235320368e-05
259418	0.0002981596684
259419	0.000100809232
259420	0.001390737861
259421	0.0005458898875
259422	0.0003113047292
259423	0.0005311030194
259424	0.0002185123421
259425	0.0004037411678
259426	3.592950888e-05
259427	0.0003240352582
259428	0.0005608029879
259429	0.0006595492421
259430	1.710278396e-05
259431	5.161317032e-05
259432	0.0005769236319
259433	0.0002577042795
259434	0.0006429399929
259435	0.0005022469599
259436	0.00041300972
259437	0.000143050096
259438	0.0003792174869
259439	0.0003486555386
259440	0.0005212633742
259441	0.000464553323
259442	0.000307529829
259443	4.914532871e-05
259444	0.0001018940112
259445	0.0002769413302
259446	0.0009067411896
259447	0.0001589298053
259448	0.0001146286495
259449	0.000148777388
259450	0.001575778958
259451	0.0001263919281
259452	4.927704843e-05
259453	0.0002759531186
259454	8.466732073e-06
259455	0.0001748450318
259456	0.0004830283848
259457	0.0002234772898
259458	0.001478092187
259459	0.0006570010509
259460	4.912680517e-05
259461	0.0005104110999
259462	0.0001140664503
259463	0.0004530439444
259464	0.0003139607776
259465	0.0003293742985
259466	0.0001310031092
259467	0.0004350223889
259468	0.0005175787151
259469	0.0001582143559
259470	0.0005661199871
259471	1.926903607e-05
259472	0.0001895697961
259473	0.0007003220294
259474	0.0009526121167
259475	0.0004715519137
259476	0.0008931348707
259477	0.0002227401327
259478	0.001037487546
259479	0.0001266302486
259480	0.0004671094795
259481	0.0003961712794
259482	0.0002127464401
259483	0.0004396082869
259484	0.0006278441498
259485	0.0001660472971
259486	0.000287935333
259487	0.0001004481266
259488	4.927496863e-05
259489	0.0006863121878
259490	0.0001228178983
259491	4.730795788e-05
259492	0.0004798059734
259493	0.0007685042372
259494	2.112274063e-05
259495	6.063566675e-05
259496	0.0004298228486
259497	0.0001241139924
259498	0.0005946706584
259499	0.0001444082897
259500	3.482792938e-05
259501	0.0004608688371
259502	0.0002042383252
259503	0.0008158388317
259504	3.725119058e-05
259505	8.313500341e-05
259506	0.0002288509611
259507	0.0004102248512
259508	0.000210697845
259509	0.0009626413537
259510	0.0002696666908
259511	0.0003176307291
259512	0.0001767905351
259513	0.0006738898822
259514	3.813363359e-05
259515	0.0001019493354
259516	9.437268571e-05
259517	7.821186681e-05
259518	0.0003868754801
259519	0.0002800918257
259520	0.0003892327229
259521	1.331508867e-05
259522	0.0002966005684
259523	0.0001319935664
259524	0.0001096371523
259525	0.0002812490241
259526	0.0001725272902
259527	0.0003894950609
259528	9.137158469e-05
259529	0.0005593783432
259530	0.0001207882344
259531	2.119492797e-05
259532	0.001081218462
259533	0.00052043069
259534	0.0008043775028
259535	0.000887336397
259536	5.073691646e-05
259537	0.0003366380092
259538	0.0004751075766
259539	0.0002287913574
259540	6.084093901e-05
259541	0.0009181345047
259542	0.0004750168555
259543	0.0004344263468
259544	7.326286335e-05
259545	0.0004803297781
259546	0.0002481656098
259547	0.0003587359036
259548	0.0005723123356
259549	0.0001340530298
259550	0.0001681648798
259551	0.0003112077046
259552	0.0007682999578
259553	0.0005284961488
259554	0.0009883001457
259555	0.0004836610535
259556	6.298535891e-06
259557	0.0005713319523
259558	0.0003408060974
259559	0.000503964042
259560	5.176128027e-05
259561	0.0004878868387
259562	4.125259245e-05
259563	0.0002514966979
259564	6.269030508e-05
259565	3.62904456e-05
259566	0.0005769448167
259567	0.0006789695893
259568	0.0003251160607
259569	0.0001172940076
259570	0.000386137116
259571	0.0002112922905
259572	0.0002379593475
259573	0.000146119362
259574	0.0005075859387
259575	0.0001123249286
259576	0.0004295487742
259577	0.0002490999005
259578	3.587037308e-05
259579	0.000110666606
259580	0.0005389810092
259581	0.0001440464317
259582	0.000581637332
259583	0.0002846483658
259584	0.0001124052693
259585	0.0002519925825
259586	0.0008048184307
259587	0.0004546745345
259588	0.0001488650362
259589	0.0005395090929
259590	0.0007586618623
259591	0.0001740010936
259592	0.0002147135407
259593	0.0002327969757
259594	0.0002397094436
259595	0.0007861299366
259596	0.00033914257
259597	0.0005735667874
259598	0.0008382348993
259599	0.0005618125299
259600	7.103240305e-05
259601	0.0008310346188
259602	0.0007252398082
259603	0.0005320613314
259604	0.0006701825445
259605	4.125763895e-05
259606	0.00102437522
259607	0.000149388772
259608	0.0009989656141
259609	0.0006759673817
259610	3.591163908e-05
259611	0.000482863331
259612	0.0001216769664
259613	8.99863201e-05
259614	0.000391976405
259615	0.000129334962
259616	0.0001334285473
259617	2.317915912e-05
259618	0.001133768871
259619	9.707954341e-05
259620	2.849279507e-05
259621	0.0001129110992
259622	0.0001623866963
259623	8.860744297e-05
259624	0.0001947542424
259625	6.117467445e-05
259626	0.0003656389771
259627	1.752723706e-06
259628	0.0005210598509
259629	0.0006544473519
259630	0.0004728162585
259631	0.0001236682478
259632	0.000258832991
259633	0.000491393325
259634	0.0002967184726
259635	0.0002962913785
259636	0.0002710112853
259637	0.0007476520469
259638	7.555161792e-05
259639	0.0004817170948
259640	0.000218611162
259641	0.0006540916116
259642	0.0003330975473
259643	0.0007064036684
259644	0.0005699984066
259645	4.072946828e-05
259646	0.0001581613522
259647	0.000214129185
259648	0.0002389405974
259649	0.0009385523869
259650	0.0007579589831
259651	0.0001968755618
259652	7.67985257e-05
259653	0.0003893242747
259654	8.63703064e-05
259655	5.018653757e-05
259656	3.506784952e-05
259657	9.140785763e-05
259658	0.0006432084145
259659	1.024035767e-05
259660	0.0007527519428
259661	0.0005810347017
259662	0.0002995157724
259663	0.000301319846
259664	0.0002044417843
259665	0.0004426529506
259666	0.0003455073664
259667	0.0004478720164
259668	0.0004816575899
259669	5.119365022e-05
259670	0.0004823151794
259671	0.000398437071
259672	0.0003229899288
259673	0.0003065466836
259674	0.0004603908236
259675	0.0001734908566
259676	0.0001838331916
259677	3.941906189e-05
259678	0.0001206041875
259679	5.079332814e-05
259680	0.0005477795868
259681	0.0003844828987
259682	0.0001154902424
259683	0.0001762948372
259684	0.0003904391325
259685	0.0008597540692
259686	0.0004526664615
259687	0.000514318026
259688	5.091740582e-05
259689	0.0001027970068
259690	0.0002456264126
259691	0.0001695496856
259692	0.0002743280846
259693	0.0003689812127
259694	0.0005281953032
259695	0.0004166361798
259696	0.0002128732301
259697	0.0006807247408
259698	0.0001150063473
259699	6.675741824e-06
259700	0.0005963672357
259701	0.0005001058568
259702	0.0002939964888
259703	0.0002130432549
259704	0.0001299394987
259705	7.637252005e-05
259706	0.0001494292581
259707	0.0006277791623
259708	0.001035012886
259709	0.0001608505003
259710	0.0001577901075
259711	0.0008836282894
259712	0.0003537678817
259713	0.0002344210326
259714	1.663826791e-05
259715	5.738598157e-05
259716	0.0006238546187
259717	6.015557652e-05
259718	0.0004158670864
259719	0.001051569001
259720	0.0004237127723
259721	0.000299615083
259722	2.093792273e-05
259723	0.0001997832694
259724	0.0002727138918
259725	0.0001297203724
259726	0.000369502764
259727	0.000650701231
259728	0.0002083234945
259729	0.0006229282474
259730	0.0001398774345
259731	0.000177287907
259732	0.0003327971943
259733	7.85452169e-05
259734	0.0004243505676
259735	2.124782468e-05
259736	0.0001058623982
259737	0.00047719321
259738	5.830349866e-05
259739	0.0001213161794
259740	0.0002009474642
259741	0.0002555712951
259742	0.0002035329828
259743	0.0004547355
259744	0.0001653800955
259745	0.0005460177226
259746	0.0004194490157
259747	0.0002906681374
259748	0.001225050986
259749	8.640937299e-05
259750	0.0003023049846
259751	0.0003788744891
259752	1.739498811e-05
259753	0.000171224882
259754	0.0003818747369
259755	0.0001575260226
259756	0.000423886525
259757	0.0003732217106
259758	8.64859144e-05
259759	0.0004097931958
259760	0.0002017944538
259761	0.0001285438436
259762	0.0001041081994
259763	6.709384999e-05
259764	0.0009057151326
259765	0.0007953675044
259766	0.0002805252892
259767	0.0002466485409
259768	0.0009139727229
259769	0.00180611247
259770	0.0002907662333
259771	0.000125785294
259772	0.0008977143946
259773	0.0005755908585
259774	0.0007309999112
259775	0.0008005695121
259776	0.0004531239018
259777	0.0001882378503
259778	3.18991524e-05
259779	6.635808955e-05
259780	6.122853568e-05
259781	4.808630141e-05
259782	0.0006827556752
259783	8.505253402e-05
259784	0.0001760209351
259785	0.0002517918553
259786	0.0001850038848
259787	0.0009369765035
259788	0.0002551930595
259789	0.0004203249558
259790	0.0005464060975
259791	0.0001898094859
259792	0.0005798934926
259793	0.0003370783371
259794	0.0001487964391
259795	9.859984593e-05
259796	0.0009353148334
259797	0.0004121315976
259798	0.0001963913106
259799	0.0003119902165
259800	0.0001546182183
259801	0.0001208762143
259802	0.000173036059
259803	0.000422630742
259804	6.755170312e-05
259805	0.000210507452
259806	0.0005417584338
259807	0.0005498545776
259808	0.0004649495189
259809	7.703585565e-05
259810	0.000181114717
259811	1.793667511e-05
259812	0.001069368494
259813	0.000243946326
259814	0.0002533048275
259815	0.0002109102328
259816	0.0003543024502
259817	0.0002649439889
259818	0.0001857259136
259819	0.000270321618
259820	3.565659192e-05
259821	0.0005154489018
259822	0.0002305625274
259823	0.0004142025463
259824	0.0002129439706
259825	0.0002448199661
259826	0.0004038588564
259827	5.476988897e-05
259828	0.000726555491
259829	0.0004273292786
259830	0.0002046270729
259831	0.0003987033608
259832	0.0003113721527
259833	0.0003097901599
259834	0.0005052159189
259835	0.0001261301583
259836	7.71290456e-05
259837	0.0004403427982
259838	0.0003614741987
259839	0.0003713583727
259840	0.0004480496787
259841	0.0002486941437
259842	0.0002794280888
259843	0.0004872352325
259844	0.0006045910759
259845	0.0001241039109
259846	2.686679796e-05
259847	0.000287300618
259848	0.0005279400679
259849	0.0008439695807
259850	0.0006705868782
259851	0.0003288595626
259852	0.0002775548982
259853	0.0003785302014
259854	0.0004366747807
259855	0.0002389881629
259856	0.0005679843191
259857	0.0001510542434
259858	0.0006774151433
259859	0.0001577388353
259860	0.001089625817
259861	0.0009317493713
259862	0.0007937184105
259863	0.0001643703513
259864	0.0002605564553
259865	0.0001897164409
259866	0.0007041217987
259867	0.0003079788208
259868	0.0008156657559
259869	0.000117459908
259870	0.0005636431486
259871	8.165780346e-05
259872	0.0003328558996
259873	0.0002878840173
259874	0.000101166612
259875	8.745106725e-05
259876	8.054998905e-05
259877	0.000732190309
259878	0.000276630718
259879	5.366368812e-05
259880	9.524361366e-05
259881	0.0007088550559
259882	0.0001916811713
259883	0.0002745180516
259884	0.0004201750308
259885	0.0002569669825
259886	0.0006770771034
259887	4.521210356e-05
259888	0.0005364983172
259889	0.0008970235345
259890	0.0002127577506
259891	0.0001012202716
259892	0.0001726913228
259893	7.910409245e-05
259894	0.000181208088
259895	0.0005727328297
259896	0.0004963812591
259897	8.491325809e-05
259898	0.0001601652185
259899	0.0003337981378
259900	0.0003322766743
259901	8.596870032e-05
259902	7.955065931e-05
259903	0.0006561495399
259904	4.211323003e-05
259905	1.043691046e-05
259906	0.000559430031
259907	3.733663657e-05
259908	0.0003209027023
259909	8.947336833e-05
259910	0.0001422510283
259911	7.15507341e-05
259912	0.0003211288779
259913	0.0004080849301
259914	0.0007324810949
259915	0.000282993811
259916	0.0009272985008
259917	0.0001429101208
259918	0.0006580696661
259919	0.0004489419742
259920	0.0001942713762
259921	0.0005047229665
259922	0.0006659174586
259923	0.0001709281162
259924	0.0008503560477
259925	0.0001745251308
259926	8.833661355e-05
259927	1.832239729e-05
259928	0.0001452580111
259929	0.0004123192272
259930	0.0003241372039
259931	9.067791608e-05
259932	0.0001538814203
259933	0.0005155915778
259934	0.0009859187683
259935	1.462672625e-05
259936	0.0002207714016
259937	2.967727102e-05
259938	0.000338945828
259939	0.0001121302882
259940	0.0002360918287
259941	5.258850501e-05
259942	0.0002753986527
259943	0.0005826790387
259944	0.0007063663233
259945	6.059156332e-05
259946	0.000297747577
259947	8.841045471e-05
259948	0.0008281909583
259949	0.0006652655522
259950	1.228440731e-05
259951	0.000516839321
259952	0.0003012361772
259953	0.0002686569638
259954	1.254893822e-05
259955	0.001006482166
259956	0.0005102957088
259957	9.505016653e-05
259958	0.0002821919809
259959	0.0005900235489
259960	0.0003767693611
259961	0.0009318067933
259962	0.0003674122534
259963	0.0006890362971
259964	2.166512216e-06
259965	0.0003573092783
259966	0.0006001422365
259967	6.783360804e-05
259968	0.0008103139965
259969	0.0001954110487
259970	1.620679517e-05
259971	0.0004501548392
259972	0.0004845763244
259973	0.0001004843825
259974	0.0003314476107
259975	0.0002644702881
259976	0.0002090056941
259977	3.97791529e-05
259978	0.0004744686743
259979	0.0005783977867
259980	0.0003849119953
259981	8.531523095e-05
259982	0.000875946599
259983	0.000705059488
259984	0.000640042289
259985	2.466106222e-06
259986	0.0004559593063
259987	0.0002766254999
259988	0.0008628111429
259989	0.0002426701937
259990	0.0006149785454
259991	0.0001998248923
259992	0.0003087282645
259993	7.667982459e-05
259994	0.0004824387513
259995	0.000684631471
259996	0.0001653429479
259997	3.558057279e-05
259998	0.0003108815888
259999	0.0003771418855
260000	0.0001668419434
260001	0.001284114081
260002	0.0003363278905
260003	0.001029831599
260004	0.0006333413594
260005	0.0001515000423
260006	0.0004918638394
260007	5.837655658e-05
260008	4.604224233e-05
260009	4.005558929e-05
260010	0.0002415197099
260011	0.00030644857
260012	0.0004633408285
260013	0.0003780340413
260014	0.0004560922273
260015	0.0006617791094
260016	0.0001905260217
260017	0.0008381559005
260018	0.0003221477249
260019	6.669935783e-05
260020	6.43497094e-05
260021	0.0005131533344
260022	0.0002263663598
260023	0.00132015076
260024	9.461164619e-05
260025	0.0003924235148
260026	0.0001209432891
260027	0.0001749924656
260028	0.0001948277386
260029	6.586604891e-05
260030	0.0002923972125
260031	0.0007005591792
260032	0.0002311923094
260033	0.0003732177161
260034	0.000124898659
260035	0.0001411359094
260036	0.0004145847916
260037	8.045501751e-05
260038	0.0005030537468
260039	0.0006951608607
260040	0.0004692129345
260041	0.0002143687028
260042	0.001016166767
260043	8.919446684e-05
260044	0.0001165632815
260045	6.67913571e-05
260046	0.0004670458876
260047	0.0001040984019
260048	0.0003906643208
260049	1.739607744e-05
260050	0.000233970678
260051	6.641959251e-05
260052	0.0004641903464
260053	5.622478074e-05
260054	0.001039351031
260055	4.078927671e-05
260056	0.0001948187628
260057	4.249859095e-06
260058	0.0001654019017
260059	0.0002340286436
260060	0.0001872800667
260061	0.0001621574038
260062	7.61526966e-05
260063	5.644394788e-05
260064	3.980316189e-05
260065	0.0004747392133
260066	0.0003623580173
260067	0.000468063061
260068	0.0001449248302
260069	0.0007488720655
260070	0.0002351633522
260071	0.0004047225248
260072	7.155634917e-05
260073	0.0004194337254
260074	0.000240853246
260075	0.0009073195547
260076	0.0002364603908
260077	0.0002539206575
260078	0.0001254445944
260079	0.0002381399108
260080	0.0004544866628
260081	0.0001171922338
260082	0.001101363087
260083	0.0001194192517
260084	5.975675336e-05
260085	0.0002607589376
260086	0.0002654571393
260087	0.00107347255
260088	7.637499014e-05
260089	9.421530851e-05
260090	0.0005552108401
260091	9.596436181e-05
260092	1.174814691e-05
260093	0.0003513150627
260094	0.0005102358769
260095	0.000100300919
260096	0.0008120685156
260097	8.485216052e-06
260098	0.000539023003
260099	0.0003333554062
260100	0.0004400818491
260101	0.0001851490997
260102	0.0001094624565
260103	0.001787561656
260104	3.508675049e-05
260105	0.0002311261329
260106	0.0004422484566
260107	4.345850449e-05
260108	0.0007606833559
260109	0.0002383440467
260110	0.0002369728244
260111	0.0003429778666
260112	2.678878989e-05
260113	0.0004290965041
260114	0.0001479238394
260115	0.0001976738722
260116	8.900289805e-05
260117	0.0002271573955
260118	0.0002009585907
260119	0.0006616643979
260120	0.0002155229918
260121	0.0005698316416
260122	0.0006814882363
260123	0.0005406041101
260124	0.0003335909098
260125	0.0004367373036
260126	0.0003266568561
260127	8.768509634e-05
260128	0.0004931497461
260129	0.0001389332708
260130	0.0003937295996
260131	0.0002767630371
260132	0.0001817677231
260133	0.0002534501725
260134	2.487425032e-05
260135	0.0007247467296
260136	0.001842074719
260137	0.001026531795
260138	0.0002259781553
260139	0.0002947596448
260140	0.0001228712901
260141	0.0002498871993
260142	0.0001943047163
260143	2.996089722e-05
260144	0.000103562242
260145	0.0002935453331
260146	7.320845108e-05
260147	0.0001889633225
260148	0.0005458775031
260149	0.0002594425399
260150	0.0001011607203
260151	0.0001362668284
260152	0.0005823682709
260153	0.001058767209
260154	2.973627768e-05
260155	0.0009412138501
260156	3.870468111e-05
260157	0.0001493207466
260158	9.953679006e-05
260159	0.0004792644447
260160	0.0001227120233
260161	0.0002368394331
260162	0.0001554360309
260163	0.0001499497757
260164	0.0004043493444
260165	7.220653459e-05
260166	0.0002289900012
260167	0.0005312690844
260168	0.0001653014878
260169	5.650680185e-05
260170	0.001012374648
260171	3.603158914e-05
260172	0.0005706199909
260173	0.0004195961989
260174	0.0001984221965
260175	6.317979693e-05
260176	0.0002053327313
260177	0.00101916882
260178	0.0004186925547
260179	0.0002023513059
260180	0.0006222947761
260181	0.0006696364308
260182	0.0001331493669
260183	0.0003417899592
260184	0.000429138451
260185	0.0002359749623
260186	0.0005006703014
260187	0.0006221063518
260188	0.0004788166941
260189	7.36044209e-05
260190	0.0003901620967
260191	0.0009509632187
260192	0.0003325342394
260193	0.0002604380944
260194	8.335640375e-06
260195	3.879127511e-05
260196	0.0001539911493
260197	0.0004231703247
260198	0.0001192105793
260199	0.0002087547341
260200	0.0002666267654
260201	0.0001749430562
260202	0.0001631419508
260203	8.709505218e-05
260204	0.0001108380466
260205	0.0001232793379
260206	7.965028725e-05
260207	0.0004522019533
260208	9.60897009e-05
260209	0.0006685771264
260210	0.0005880127186
260211	0.0001713525502
260212	0.0001783966909
260213	0.0002421909764
260214	0.0006035544333
260215	0.001019309882
260216	0.0002641858443
260217	0.0006671551144
260218	0.0001654842304
260219	0.0001657964288
260220	0.0002876432971
260221	0.0003313442525
260222	0.0001793001987
260223	0.0004147214394
260224	0.0001203877264
260225	0.0001800836602
260226	6.567023571e-05
260227	0.0001399572361
260228	0.0003594087309
260229	0.0002148284614
260230	0.0003525826165
260231	0.0002627428281
260232	2.545117204e-05
260233	0.0004387430606
260234	0.000487706739
260235	0.000195985954
260236	0.0003748596389
260237	0.0007709211829
260238	0.0006668634021
260239	0.0004360342942
260240	6.43046934e-05
260241	0.0002357976165
260242	0.0001487784252
260243	0.0003354146695
260244	9.234188611e-05
260245	0.0007270308643
260246	0.0007140050518
260247	0.0002155201388
260248	0.0002091012889
260249	0.0002588216571
260250	5.096917184e-05
260251	0.0004214632099
260252	8.494580632e-05
260253	0.0005818141651
260254	0.0003234809637
260255	0.0009954422987
260256	0.0001888101323
260257	0.0004098464391
260258	0.0002371793721
260259	0.0001433198153
260260	0.0004704517775
260261	0.0005679356773
260262	0.0001676595715
260263	0.0004259032113
260264	0.0003888801657
260265	0.0002347907198
260266	0.0005716310273
260267	0.0008226452925
260268	6.499426356e-05
260269	0.0002657445295
260270	0.0001775065388
260271	0.0002858187487
260272	0.000502197528
260273	0.001011666427
260274	9.989667687e-05
260275	0.0002465062415
260276	0.0001370416808
260277	0.0002280583648
260278	1.612561233e-05
260279	0.0006105577044
260280	0.0002277812409
260281	0.0001781089677
260282	0.0003157594914
260283	0.0002002489273
260284	0.000100168435
260285	0.0002094493027
260286	0.0003007342362
260287	5.268178561e-05
260288	0.0003018035074
260289	0.0005778866599
260290	0.0003244368195
260291	0.001025130475
260292	0.0008577399929
260293	0.0005678857735
260294	0.0004319168734
260295	0.000176724455
260296	2.537861633e-05
260297	3.918295761e-05
260298	2.42951409e-05
260299	0.0005165881419
260300	0.0003491481723
260301	8.220948823e-05
260302	0.0004701934201
260303	0.0005105437311
260304	0.0001506516615
260305	0.0001265032284
260306	8.861904687e-05
260307	0.0001954837956
260308	8.421145939e-05
260309	0.0002920209419
260310	0.0004039938036
260311	9.915583905e-05
260312	0.0006674572658
260313	0.0001920418825
260314	0.0001292244506
260315	3.176727683e-05
260316	0.0005134143955
260317	0.001031651116
260318	0.0001682624945
260319	0.0004231316792
260320	0.000142713574
260321	0.0006079274769
260322	0.0005744596094
260323	3.104752448e-05
260324	8.380803276e-05
260325	0.0002080421208
260326	0.0004880094899
260327	0.0001854210712
260328	0.0005954391793
260329	9.106428341e-05
260330	0.0002156397529
260331	0.0001876543809
260332	5.36640712e-05
260333	0.0003024303955
260334	0.0004052483775
260335	1.981898861e-05
260336	0.0003322333449
260337	0.0006681543667
260338	0.0003348633019
260339	0.0001223467967
260340	0.0005250685891
260341	0.000404437047
260342	0.0001928139432
260343	0.0002983185873
260344	0.0001782096674
260345	0.0003487154963
260346	1.0949525e-05
260347	0.0003638344464
260348	0.0006585303333
260349	0.0002018891795
260350	0.0002084434909
260351	0.0004389733054
260352	0.0004122667239
260353	0.0003101229329
260354	0.0002716795352
260355	0.0002059738572
260356	0.0007140603396
260357	0.0003199795788
260358	0.0001016898764
260359	0.0001716725786
260360	0.0003371344892
260361	0.0001339781469
260362	0.0009054488024
260363	0.0002056549088
260364	0.0002829246036
260365	0.0003883987526
260366	0.0003615525369
260367	0.0002464805234
260368	0.0004400761834
260369	0.0004166488184
260370	0.0008425892477
260371	0.0003769777431
260372	0.0002869696001
260373	0.0001512252505
260374	0.0001388953953
260375	0.0002453337321
260376	0.0003032719141
260377	0.0001679009215
260378	0.0005939242554
260379	5.099860185e-05
260380	0.0001522010933
260381	0.000266524183
260382	7.535546595e-05
260383	0.0002985813795
260384	3.090196926e-05
260385	0.0005708674737
260386	0.0002304708983
260387	0.0005520635944
260388	0.0002859847064
260389	8.939523087e-05
260390	0.0003488095402
260391	0.0008505127076
260392	0.0003007663
260393	0.000282294974
260394	7.663562714e-05
260395	0.0001939193538
260396	0.0008030464526
260397	0.000198581921
260398	0.0003864808138
260399	0.0003540990672
260400	0.0008462081119
260401	0.0001110701871
260402	0.0003371934705
260403	0.0004040870113
260404	0.0001361469326
260405	0.000562273523
260406	0.0001609890724
260407	0.0001362683747
260408	7.010675171e-05
260409	0.0003636224919
260410	0.0003282746825
260411	2.432285298e-05
260412	0.0002267553046
260413	0.0003103603714
260414	0.0001643524363
260415	0.0001528914663
260416	0.0001103346052
260417	5.335764202e-05
260418	0.0002336543073
260419	0.0005311222907
260420	0.0001466314056
260421	0.0004205540865
260422	0.0004777245701
260423	0.0002662436214
260424	0.0003650911638
260425	0.0001097277313
260426	0.0001948347099
260427	0.0002062461976
260428	0.0008423581742
260429	0.0001563534898
260430	0.0005859685583
260431	2.340368563e-05
260432	0.0002652895451
260433	0.0003621128007
260434	0.0007509450132
260435	2.370318179e-05
260436	0.0001000478335
260437	0.0001854362926
260438	8.591375931e-05
260439	7.49723548e-05
260440	0.0004955269152
260441	0.0004811846395
260442	0.0004933787629
260443	3.719900546e-05
260444	0.0001392591199
260445	0.0005608291522
260446	0.0001091796263
260447	0.0006743920687
260448	0.0006243922627
260449	0.0002395040014
260450	0.0008101214842
260451	5.386884807e-06
260452	8.029259904e-05
260453	0.0003986668194
260454	0.0008382993424
260455	0.0002740353401
260456	0.0002082110131
260457	9.169400268e-05
260458	0.0004049824174
260459	0.0006097618334
260460	7.390446068e-05
260461	0.0006194356485
260462	0.0002200255728
260463	0.0005109520396
260464	0.0008515337085
260465	0.0002084863747
260466	5.326194882e-05
260467	0.001054879564
260468	0.0001000062891
260469	5.668797067e-05
260470	0.0006971258474
260471	2.539763434e-05
260472	0.0001769074439
260473	0.0003008810873
260474	0.001064484409
260475	4.077975625e-05
260476	0.0002702647597
260477	5.631480328e-05
260478	2.046697552e-05
260479	0.0001137477694
260480	0.0001042176581
260481	3.072920727e-05
260482	0.0001349015517
260483	0.0001313095285
260484	3.407989513e-05
260485	0.0004759204781
260486	9.746955484e-06
260487	0.0004703442106
260488	0.0003458090565
260489	5.783749621e-06
260490	0.0001604919115
260491	0.0004003917173
260492	0.0003066708559
260493	0.0006089830022
260494	0.0001901202819
260495	0.0001428643766
260496	7.064795173e-05
260497	0.0003244701439
260498	0.0006316283798
260499	0.001708125822
260500	0.0004223471034
260501	5.625400697e-05
260502	4.662160591e-05
260503	0.0002056540092
260504	0.0004593685574
260505	5.492859002e-05
260506	0.0003483721948
260507	0.0009901330808
260508	0.0001776411685
260509	0.0003719066501
260510	6.424895519e-05
260511	0.0003922071942
260512	6.338815762e-05
260513	0.0001832853853
260514	0.0005661748481
260515	8.747355822e-05
260516	0.0002260274116
260517	0.000444595153
260518	0.0005101415261
260519	0.001033122655
260520	0.0002606324342
260521	0.0005107770481
260522	0.0003916192855
260523	6.628880574e-05
260524	0.0004887292211
260525	0.0003914865297
260526	0.0004010183494
260527	0.000571084664
260528	0.0002747960148
260529	0.0003309439353
260530	0.0005162942684
260531	0.0004286828968
260532	0.0002012588637
260533	0.0001549470316
260534	9.074694833e-05
260535	0.0002517933228
260536	0.0004095881209
260537	0.0006586109021
260538	0.0002642760285
260539	0.0003464125559
260540	0.0009706009234
260541	7.218986175e-05
260542	3.330058843e-05
260543	0.0001863395664
260544	4.246282507e-05
260545	0.001046877036
260546	0.0003757117209
260547	0.0003249022027
260548	7.499447326e-05
260549	0.0001258832435
260550	0.0005959899071
260551	0.0002358977327
260552	0.0002481592144
260553	0.0008911202132
260554	2.309455444e-05
260555	0.0001039379309
260556	1.703096534e-05
260557	0.000809183401
260558	0.0002279967021
260559	0.0008124982953
260560	0.0004475524049
260561	3.134674391e-06
260562	5.351153906e-05
260563	4.67837469e-05
260564	0.0001470404678
260565	0.0003158437012
260566	0.0001721849389
260567	6.938743928e-05
260568	0.0001130006552
260569	0.0001871092949
260570	5.737938736e-05
260571	0.0002658078966
260572	0.0002285805114
260573	9.337914484e-05
260574	0.0002387757771
260575	3.973776195e-06
260576	0.0003479855298
260577	0.0008094071172
260578	0.0004756077191
260579	5.414854893e-06
260580	9.528307354e-05
260581	0.0001319200076
260582	0.0005547492596
260583	0.0001781640326
260584	0.0004905373816
260585	0.0002067544661
260586	9.145888097e-05
260587	0.0002279432716
260588	7.108067222e-05
260589	0.0003364013929
260590	0.0002408013419
260591	0.001081081537
260592	0.0001974330461
260593	0.0002844827244
260594	0.0003860099073
260595	0.0002009127037
260596	0.0002804809763
260597	0.0004403073618
260598	0.0001754070913
260599	0.0002485888907
260600	7.79661757e-05
260601	7.586619667e-05
260602	0.0003419564949
260603	0.0002082933397
260604	0.0003417072554
260605	0.0002828246671
260606	1.476141042e-05
260607	5.204571827e-05
260608	0.000203269471
260609	0.0001056248239
260610	0.0004952880347
260611	0.0001327699254
260612	0.0005282941722
260613	0.0004524524198
260614	0.0001524458951
260615	0.0004486617628
260616	0.0001478596191
260617	0.0004944230892
260618	0.0007047820076
260619	0.0003793137492
260620	0.0002055279369
260621	4.800990121e-05
260622	2.155978578e-05
260623	0.0005209496768
260624	5.294320693e-05
260625	9.775900761e-05
260626	0.000986217751
260627	0.0001823668792
260628	0.0004519416073
260629	0.0004892361669
260630	0.001188094009
260631	0.0001621977065
260632	0.0008858345508
260633	0.0007946120045
260634	0.0001118000297
260635	7.994491101e-05
260636	8.965716322e-06
260637	9.243971007e-05
260638	0.0007805179729
260639	0.0004256000396
260640	5.802876624e-05
260641	7.513929804e-05
260642	0.0007115871403
260643	7.385489909e-05
260644	0.0005119266078
260645	0.0005320299192
260646	4.894882893e-05
260647	0.001083231277
260648	7.073344992e-05
260649	0.0005411157675
260650	0.000264697428
260651	0.000313848237
260652	0.0006170712409
260653	7.889589074e-05
260654	0.0005027361472
260655	3.510932363e-05
260656	0.0003130353078
260657	5.693065161e-05
260658	8.239504567e-06
260659	0.0003739034444
260660	0.0007395441857
260661	7.847367758e-05
260662	0.0003904845115
260663	0.0006908658225
260664	0.001065604573
260665	8.46800627e-05
260666	0.0001814826073
260667	0.0003353014601
260668	0.0005620503978
260669	0.0001608006435
260670	0.0001855284708
260671	0.0001713015178
260672	0.0003206516077
260673	0.0009967800083
260674	0.0004484089084
260675	9.752281629e-05
260676	0.0007932809763
260677	0.000618950451
260678	0.0003622084753
260679	3.927647961e-06
260680	4.653877533e-06
260681	0.0001894609839
260682	0.0008411364006
260683	0.0001730554488
260684	1.786605613e-05
260685	0.0002933265883
260686	0.0005556737517
260687	6.201114691e-05
260688	0.0005098448417
260689	0.0001301263044
260690	0.0006762268208
260691	0.0002555014137
260692	0.0002112715204
260693	0.0006358265773
260694	0.0002518672573
260695	0.0002112521824
260696	0.000191197023
260697	0.0006148395202
260698	0.000487202048
260699	0.0001733559158
260700	1.325118305e-05
260701	6.2377873e-05
260702	0.001363566552
260703	0.0004528688966
260704	0.0004677134854
260705	2.589046233e-06
260706	0.0006490412085
260707	4.121702195e-05
260708	0.0004119982815
260709	0.0003950362161
260710	0.0006013475782
260711	0.000816867003
260712	0.001202436164
260713	8.403434143e-05
260714	0.000448418088
260715	0.0007148062368
260716	0.0001570178744
260717	0.0005120149493
260718	4.801186023e-05
260719	0.0001359333091
260720	6.572065559e-05
260721	0.0006767429613
260722	0.0005253043225
260723	0.0004027573049
260724	0.0001454852435
260725	0.0001286081614
260726	3.14556579e-05
260727	0.0006124579999
260728	0.000244174407
260729	0.000145747048
260730	0.0007622589875
260731	0.001013024554
260732	0.0001240152424
260733	0.0001805980182
260734	6.590213637e-05
260735	0.0002312999981
260736	5.766270609e-05
260737	0.0001050359008
260738	0.0004805032776
260739	9.437133738e-05
260740	0.0001150340856
260741	0.0005708753791
260742	0.0002731554115
260743	0.0002746350579
260744	0.0002096590489
260745	0.001105724543
260746	0.0001264020832
260747	0.0006712818668
260748	0.0004848771856
260749	0.0001394145295
260750	0.0001095865886
260751	5.202378778e-05
260752	0.0005691448905
260753	0.0004431573922
260754	0.0001556333086
260755	0.0007362403551
260756	0.0002589592252
260757	0.0006410865444
260758	0.0006202505302
260759	0.0001103003343
260760	0.0004391808764
260761	0.0001904683803
260762	0.000294015941
260763	0.0001420826225
260764	0.000114291044
260765	8.993855647e-05
260766	0.0002291671889
260767	0.0005431595082
260768	0.0007590370337
260769	0.0004605830041
260770	0.0001325098012
260771	0.0002239429442
260772	0.000399595238
260773	0.0001806687304
260774	0.0005223488991
260775	0.0005226619987
260776	0.0001288614275
260777	0.0005945220911
260778	0.0005768466259
260779	0.0008719435547
260780	0.0002461201991
260781	0.00017401261
260782	0.000988124916
260783	7.398774334e-05
260784	0.0007816203952
260785	0.0005855478075
260786	2.846159961e-05
260787	0.0001975138142
260788	0.0007795589038
260789	0.0003199258629
260790	0.0005292179548
260791	0.0002296565519
260792	0.0002181638415
260793	0.0001571175498
260794	0.0002314313575
260795	0.002472554148
260796	0.001109842588
260797	0.0009149804211
260798	0.0003197769792
260799	0.0001456367682
260800	0.0006090145456
260801	0.0002411722917
260802	0.0002143270139
260803	0.0003424381269
260804	0.0001170694759
260805	3.860099388e-05
260806	0.0006872992203
260807	0.0002935606474
260808	0.0007337932756
260809	3.988070666e-05
260810	5.132968316e-05
260811	0.0001447453736
260812	5.671248939e-05
260813	0.0004296936577
260814	0.0002596272616
260815	0.0003640654017
260816	0.0005183491897
260817	0.001438103831
260818	0.0001150754887
260819	0.0002496819186
260820	0.001827680687
260821	0.001052512357
260822	0.003704578446
260823	0.000811270125
260824	0.001393701289
260825	0.003139113859
260826	0.0005241269593
260827	0.001414964003
260828	0.002102282511
260829	0.00204005457
260830	0.001540306085
260831	0.003359455018
260832	0.0001069807688
260833	0.0006520603397
260834	0.0001976536433
260835	4.601238076e-05
260836	0.0001555937271
260837	0.0003586337974
260838	4.914028163e-05
260839	7.792171193e-07
260840	6.385544291e-05
260841	0.0002334278133
260842	1.734930269e-05
260843	4.380765383e-05
260844	0.0001358426819
260845	3.45508651e-05
260846	0.0003550131302
260847	0.0001263187823
260848	6.052421292e-05
260849	0.0002824754928
260850	0.0006361426834
260851	5.225217434e-05
260852	6.604091337e-05
260853	9.077394268e-05
260854	0.0007238885662
260855	7.880713829e-05
260856	0.000206284475
260857	9.794970075e-05
260858	3.496932925e-05
260859	0.0009503650319
260860	0.0001372633376
260861	0.0001567631512
260862	0.0004518819106
260863	0.0001316022414
260864	0.0008162293858
260865	0.0001753262185
260866	3.008594881e-05
260867	0.0004483000025
260868	0.0001000772281
260869	6.38598448e-05
260870	5.899301451e-06
260871	0.0002796929594
260872	0.0001541259669
260873	8.138975464e-05
260874	0.0007429955587
260875	0.0006350421263
260876	0.0007069409737
260877	0.000669953532
260878	0.0003840199982
260879	0.0001417025624
260880	0.000620305298
260881	9.321952549e-05
260882	0.0008882878936
260883	0.001058471971
260884	0.0007003895074
260885	0.0001794502535
260886	0.0001744924052
260887	0.0004207766616
260888	0.00212525871
260889	0.0001701459909
260890	0.000155408778
260891	0.0003008548435
260892	0.0009060016896
260893	0.0001364845289
260894	0.0003987396032
260895	0.000574416048
260896	4.352344342e-05
260897	0.000520007785
260898	0.0002322372796
260899	3.73626488e-06
260900	0.0009788600989
260901	6.208922822e-05
260902	0.0007615852651
260903	0.0002558804248
260904	0.0001618749738
260905	0.001226392174
260906	0.0001763249544
260907	0.0001509538058
260908	1.104955551e-05
260909	0.0003406250602
260910	0.0001154203619
260911	0.0001347694272
260912	0.001803734605
260913	0.0003575817819
260914	3.521131033e-05
260915	0.001308899703
260916	0.0009385264323
260917	0.0001946585613
260918	0.0005694608596
260919	0.0002032940583
260920	6.0285481e-05
260921	0.001225916171
260922	0.0006868597808
260923	0.001411398895
260924	0.0001372291426
260925	0.0002031670112
260926	0.0004102145006
260927	0.0005176155038
260928	0.001843543883
260929	0.0002750389621
260930	0.000702586297
260931	0.00118365466
260932	0.0005127242497
260933	0.001179156497
260934	0.004062338088
260935	0.0009099986054
260936	0.0005933300144
260937	0.008148908712
260938	0.004389084367
260939	0.003546053925
260940	0.002750269808
260941	0.0004629239569
260942	0.008562253427
260943	0.0005977231103
260944	0.001914975559
260945	0.002707754385
260946	0.006813437743
260947	0.002052689269
260948	0.0005009666689
260949	0.008541235191
260950	0.004675836924
260951	0.002758339265
260952	0.002949183595
260953	0.003944651709
260954	0.004077838144
260955	0.005141748917
260956	0.0002565511886
260957	0.006185117231
260958	0.002487732501
260959	0.005205136104
260960	0.008046588293
260961	0.002763178822
260962	0.003897371963
260963	0.002751611101
260964	0.003995480608
260965	0.002078130728
260966	0.002450209999
260967	0.003822960486
260968	0.003282189565
260969	0.001170547058
260970	0.002337313709
260971	0.000860934612
260972	0.001267161783
260973	0.006124936842
260974	0.0004067462277
260975	0.001386886014
260976	1.505549145e-05
260977	8.992206581e-05
260978	0.0002144091901
260979	0.001575162748
260980	0.0004946049276
260981	0.0002208907146
260982	0.0002016634689
260983	6.029633277e-05
260984	7.913522681e-05
260985	7.418884009e-05
260986	0.0004722706427
260987	0.0002341865463
260988	0.001174145625
260989	0.001662884839
260990	0.004625683896
260991	0.0004687061341
260992	0.0006938754857
260993	0.001129970229
260994	0.0009632427976
260995	0.003616379412
260996	0.001569344665
260997	0.001542879934
260998	0.0003430377255
260999	0.002068787386
261000	0.0001382840225
261001	0.002176056781
261002	0.0007158217227
261003	0.0003069668129
261004	0.002382119604
261005	0.0002366406768
261006	0.004418961127
261007	0.000218599379
261008	0.00313026729
261009	0.001306176508
261010	0.002520938785
261011	0.0006051134672
261012	0.0001881026074
261013	0.001950395867
261014	0.003342162972
261015	0.006403500466
261016	0.001060633266
261017	0.00259634877
261018	0.003406566286
261019	0.001462286203
261020	0.00386629673
261021	0.00294994021
261022	0.002828321774
261023	0.0009030257527
261024	0.002911966951
261025	0.003499124927
261026	0.004147259943
261027	9.032419708e-05
261028	0.002449894661
261029	0.001162279669
261030	0.004155635474
261031	0.005662803867
261032	4.49406164e-05
261033	0.002743552501
261034	0.003863514403
261035	0.002205094624
261036	0.004766431595
261037	1.067579672e-05
261038	0.002880368041
261039	0.002738261137
261040	9.190528543e-05
261041	0.002560697334
261042	0.0002786301576
261043	0.0008465419378
261044	0.001693413852
261045	5.093540122e-05
261046	0.001978582613
261047	0.00392021203
261048	0.001432091973
261049	0.0001021814801
261050	0.003987151456
261051	0.001765383237
261052	0.003775358447
261053	0.002752764367
261054	0.003908750295
261055	0.001084176002
261056	0.0006353825603
261057	9.294071645e-05
261058	0.001012403535
261059	0.0003784741286
261060	0.004291954515
261061	0.0007004691924
261062	0.002839358735
261063	0.002619537861
261064	0.0004209218245
261065	0.003807599734
261066	0
261067	0.001555325679
261068	0.002832094152
261069	0.002970367638
261070	0.002487180159
261071	0.002720696053
261072	0.0004014991026
261073	0.003238082305
261074	0.002097744788
261075	0.001369273289
261076	0.0001071191059
261077	0.0007305472371
261078	0.001183736321
261079	0.0002208067769
261080	0.0009566086076
261081	0.003054607932
261082	0.002982906838
261083	0.001450683099
261084	9.40324205e-08
261085	0.002139103433
261086	0.001154765017
261087	0.001535156214
261088	0.001047519504
261089	0.0003535036182
261090	0.0002338549065
261091	0.004962095192
261092	0.000415129779
261093	0.000430440869
261094	0.0002939785014
261095	0.001754781565
261096	0.002011271716
261097	0.0003166337118
261098	0.0007633478428
261099	0.0005598101525
261100	0.0003838073439
261101	0.000512071289
261102	0.0009029052202
261103	0.003038306401
261104	0.0008852358926
261105	0.001058608689
261106	0.0002862248565
261107	0.0009475341272
261108	0.0004852170629
261109	0.000731240789
261110	0.0002435560298
261111	0.000459280926
261112	0.002746082312
261113	0.001461291825
261114	0.001452412233
261115	0.0006613075417
261116	0.002794201182
261117	0.002219415195
261118	0.003937549827
261119	0.0009119161434
261120	0.0006306209104
261121	0.0009970382506
261122	0.0007429169023
261123	0.0007138825524
261124	0.00351619736
261125	0.0007331598026
261126	0.0002605879112
261127	0.0002372990808
261128	0.0004246386979
261129	0.0003592252502
261130	0.001597898572
261131	0.0006940234678
261132	0.0004200369055
261133	0.002051279724
261134	0.0006980785814
261135	0.001205940184
261136	0.0007500487544
261137	0.002773436963
261138	0.0003639973993
261139	0.0003768601811
261140	0.0007159165056
261141	4.59605811e-06
261142	0.002564204709
261143	0.001087020686
261144	0.004041615178
261145	0.001257078773
261146	0.0008900433101
261147	0.0001179012796
261148	0.002197610283
261149	0.0002191881785
261150	0.0009897914728
261151	0.0006429421676
261152	0.001826383811
261153	0.0005100162984
261154	0.000222238123
261155	0.002110629974
261156	0.001285448723
261157	0.001632688681
261158	0.0002493128391
261159	0.002104809091
261160	0.002495789514
261161	0.001196447101
261162	0.0007140591692
261163	0.0001659628007
261164	0.0005750877771
261165	0.0004652357708
261166	0.0008395855522
261167	0.0001670323679
261168	0.0001662193928
261169	0.001141195677
261170	0.002351457332
261171	0.0002105614441
261172	0.0005216163727
261173	0.001864981224
261174	0.001633761027
261175	0.00097668046
261176	0.001373072187
261177	0.002522925008
261178	0.000850582278
261179	0.002096051921
261180	0.002053195566
261181	0.001342920919
261182	0.0009717551397
261183	9.21013852e-09
261184	0.000236439152
261185	0.0006956839448
261186	0.0005286006827
261187	0.002834995969
261188	0.0006277098163
261189	0.003172473643
261190	0.00212578145
261191	0.001880814637
261192	0.0003336381082
261193	0.004209745651
261194	3.970855917e-05
261195	0.003667607318
261196	0.001138897773
261197	0.002095088362
261198	0.002046489843
261199	0.005094719006
261200	0.002096908692
261201	0.003411564909
261202	0.001787235222
261203	0.001618269503
261204	0.00178201295
261205	0.00299281897
261206	0.000122256464
261207	0.000353194999
261208	0.001860088018
261209	0.003627244305
261210	0.003006376916
261211	0.001250491572
261212	7.864893677e-05
261213	0.0001064371923
261214	0.0003782324691
261215	0.002922434019
261216	0
261217	0.003411751782
261218	0.002237252759
261219	0.0001090567217
261220	0.0003435387862
261221	0.002385407256
261222	0.000621436256
261223	0.001330839716
261224	0.002223698411
261225	0.0001073737926
261226	0.001548989354
261227	0.003899366004
261228	0.00278787464
261229	0.002630115388
261230	0.002522093101
261231	0.0005200049424
261232	0.004279756533
261233	0.0002100588932
261234	0.001061680964
261235	0.001304784416
261236	0.001826621998
261237	0.0006744433485
261238	0.00119253192
261239	0.001663438947
261240	0.001301768801
261241	0.001033773458
261242	0.00124712521
261243	0.0009278691212
261244	0.003062309473
261245	0.001832853437
261246	0.003463373675
261247	0.001793936117
261248	0.004216299006
261249	0.0003796811372
261250	0.000150468126
261251	0.0008046929577
261252	0.001985495818
261253	0.00117752155
261254	0.001704313347
261255	0.000330561993
261256	0.0006857125855
261257	0.001069929308
261258	0.0003886774008
261259	0.00194138307
261260	0.002018414629
261261	0.001495230612
261262	0.002860784271
261263	0.0002858988757
261264	0.0017485314
261265	0.003866750043
261266	0.003378882791
261267	0.003962168507
261268	0.005597653047
261269	0.003329057341
261270	0.001566988258
261271	0.002512680037
261272	0.002628362484
261273	0.0009355642754
261274	0.002221520177
261275	0.000395069747
261276	0.004023007741
261277	0.001267329048
261278	0.00249779
261279	0.002902353173
261280	0.001298564054
261281	0.003294541709
261282	0.001286622793
261283	0.003280392513
261284	0.001081032043
261285	0.00168199181
261286	0.003054603543
261287	0.001449586306
261288	0.003176786595
261289	0.00288838084
261290	0.00169332698
261291	0.000974637921
261292	0.003911206142
261293	0.002525009165
261294	0.002968682999
261295	0.003567925011
261296	0.001241887683
261297	0.001503817179
261298	0.001980762217
261299	0.001909602649
261300	0.0002335408127
261301	0.0003908940271
261302	0.0008587854811
261303	1.749926319e-07
261304	0.003432332741
261305	0.001875327564
261306	0.004823965979
261307	3.55632252e-06
261308	0.0002700860111
261309	0.003761427709
261310	0.004355638792
261311	0.0001814509062
261312	0.000809853138
261313	0.0003334287311
261314	0.0007240637411
261315	0.003703205791
261316	0.0002558589349
261317	0.0006338259277
261318	1.784679052e-05
261319	0.0005261813288
261320	0.002958058949
261321	0.001498030287
261322	0.0001745974887
261323	0.004016730557
261324	0.0002434625353
261325	0.001387901551
261326	0.002337534913
261327	0.004736586995
261328	0.0009448427274
261329	0.003844641939
261330	0.001778785973
261331	0.0007378086679
261332	0.002798851103
261333	0.002449183963
261334	0.002170630167
261335	0.000295530159
261336	0.002245151318
261337	0.001309394867
261338	0.0004465145416
261339	0.001816801606
261340	0.0003302172492
261341	0.004020552855
261342	0.001020241548
261343	0.0005789248809
261344	0.0006471046733
261345	0.005080056173
261346	0.001430756208
261347	0.001379463631
261348	0.0009538644861
261349	0.0002369243578
261350	0.0008601806765
261351	5.915957611e-05
261352	0.001553261281
261353	0.001555697185
261354	0.0005627750063
261355	0.001387035153
261356	0.0003804564718
261357	0.001242152325
261358	0.00118636325
261359	0.001214270599
261360	0.0007439707168
261361	0.000758870689
261362	0.001289833279
261363	0.0003946325616
261364	0.0009403741409
261365	0
261366	0.001014982852
261367	0.0004766651871
261368	0.0004363077216
261369	0.0004652794906
261370	0.0009663223267
261371	0.0007547281598
261372	0.001177820419
261373	0.0002818416091
261374	0.0001528000237
261375	2.212166328e-05
261376	0.001253227697
261377	0.001019661519
261378	9.23254395e-05
261379	0.001459868985
261380	1.023348724e-07
261381	0.002110389072
261382	0.0003552606532
261383	0.0007434023762
261384	0.0004874638895
261385	0.002101617962
261386	0.0007369852124
261387	2.437419905e-06
261388	0.000128559553
261389	0.001121723565
261390	0.002124897098
261391	0.0008521170896
261392	0.001374494609
261393	0.0001028546213
261394	0.0002780527504
261395	0.001829137189
261396	0.0003025772802
261397	0.005207372687
261398	0.002156454074
261399	0.002224580066
261400	0.004180439395
261401	0.002455456267
261402	0.002929370338
261403	0.001299466597
261404	0.001055806262
261405	0.001707914611
261406	0.003078601062
261407	0.004773371691
261408	0.001833712352
261409	0.003097252154
261410	0.004943301397
261411	0.0008857137627
261412	0.000889120733
261413	0.001197449632
261414	0.00372794204
261415	0.004598463405
261416	0.0005250976751
261417	0.0003674938095
261418	0.0005383747586
261419	0.0003756861649
261420	4.019163548e-05
261421	4.615565652e-05
261422	0.001397577989
261423	0.001418079202
261424	0.005703872779
261425	0.002510826817
261426	0.0009981244058
261427	0.002186839516
261428	0.004990207193
261429	0.0006467199001
261430	0.0002176318832
261431	0.001516080615
261432	0.0003891269142
261433	0.005058372489
261434	0.00544195746
261435	0.002023996496
261436	0.001347599021
261437	0.002488785887
261438	0.0017816455
261439	0.00043799114
261440	0.0002815461422
261441	0.002567951193
261442	0.001744786885
261443	3.64076244e-05
261444	0.001051499145
261445	0.001604669614
261446	0.001575722127
261447	0.00386078926
261448	0.001451976333
261449	0.001374932553
261450	0.002465690848
261451	0.0007389173038
261452	0.001850574534
261453	0.001417888137
261454	0.00206961447
261455	0.001262976017
261456	0.001166978388
261457	0.001214457022
261458	0.0009127100792
261459	0.0006511014693
261460	0.001632862901
261461	0.0007485974639
261462	0.001317008241
261463	0.002055761135
261464	0.0008470788791
261465	0.001962065935
261466	0.001475662979
261467	0.0004394080432
261468	0.002862701046
261469	0.003483325028
261470	0.0009714431952
261471	1.495622041e-05
261472	0.001342964736
261473	0.001512833738
261474	0.005370635997
261475	0.007184395106
261476	0.005407219467
261477	0.007757991426
261478	0.0007892597042
261479	0.003361168468
261480	0.002471459571
261481	3.876694169e-05
261482	0.000219176441
261483	0.001470614411
261484	0.0001186740634
261485	0.0006167901189
261486	0.001900256384
261487	0.0008207754334
261488	0.0003100863681
261489	0.0001867884963
261490	0.0001237678132
261491	0.001194305487
261492	0.001710434796
261493	0.0001704038886
261494	0.0007440398827
261495	0.003263530368
261496	0.00284055487
261497	0.001572069224
261498	0.0001018029698
261499	6.767697799e-05
261500	0.0005047859356
261501	0.0001903226881
261502	0.0005219315986
261503	0.0001422171265
261504	0.0001321937907
261505	0.0009197138055
261506	0.00106060082
261507	0.0002252812925
261508	0.001837325505
261509	0.0005965831096
261510	0.0004545335545
261511	0.000257503204
261512	0.0001874887509
261513	3.488388357e-05
261514	0.00102383534
261515	0.0002650183986
261516	0.000263048634
261517	0.001157664742
261518	0.0009292245854
261519	0.003625098304
261520	0.0009409836131
261521	0.0002546940453
261522	0.0009232728171
261523	0.0006407926712
261524	0.0007567051577
261525	0.0005374495957
261526	0.0007219389638
261527	0.001114138185
261528	0.0002880724506
261529	0.0003075378865
261530	0.004678066373
261531	0.0005870085689
261532	0.0008053797994
261533	0.002564106283
261534	0.0003879680082
261535	0.0004590340672
261536	0.0008390744381
261537	0.001205041041
261538	0.002732545202
261539	0.0008733266271
261540	9.449489069e-05
261541	3.571859942e-05
261542	0.001050409131
261543	0.003337318474
261544	0.000615266428
261545	0.0002565869041
261546	0.0003647706245
261547	0.0002148888293
261548	0.003634583824
261549	0.003191418829
261550	0.005785297229
261551	0.002403849356
261552	0.001193491656
261553	0.004524838762
261554	0.001353448764
261555	0.001769609019
261556	0.00218542282
261557	0.001284604754
261558	0.001618609943
261559	0.002182267472
261560	0.001505520322
261561	0.003396049938
261562	0.002611456353
261563	0
261564	0.003327613443
261565	0.000890639824
261566	0.0002407311509
261567	0.004633176362
261568	0.0001726701995
261569	0.001898710133
261570	0.002129294171
261571	0.003070006801
261572	0.001239400963
261573	0.0003391573537
261574	0.002544171253
261575	0.003340292066
261576	0.0005855682297
261577	1.665277192e-05
261578	0.0004734607175
261579	0.002744304257
261580	0.0009797236408
261581	0.003465994422
261582	0.003630968924
261583	0.002377619492
261584	0.003826847718
261585	0.0008322485133
261586	0.002075504336
261587	0.001075260429
261588	0.002636204688
261589	0.002555051239
261590	0.003439020133
261591	0.002060382614
261592	0.002623537081
261593	0.001664602587
261594	0.001145622588
261595	0.001508186041
261596	0.002208580544
261597	0.002188119498
261598	0.004050829134
261599	0.003666894644
261600	0.004205262243
261601	0.004600385968
261602	0.004511185502
261603	0.004599205
261604	0.003689027229
261605	0.002425714928
261606	0.003330301434
261607	0.003430796107
261608	0.003825096268
261609	0.003733778175
261610	0.003970043541
261611	0.001127650486
261612	0.0006701910705
261613	0.001263737063
261614	0.001133478434
261615	0.001791932311
261616	0.00187694803
261617	0.0009234382165
261618	0.002013365318
261619	0.0007373807177
261620	0.002081749892
261621	0.001333363532
261622	0.0003872097702
261623	0.001909528962
261624	0.001348819773
261625	0.000600424285
261626	0.001567796569
261627	0.001557263197
261628	0.001172614334
261629	0.0004112892895
261630	0.001228093164
261631	0.001361968388
261632	0.001429571607
261633	0.0009687208636
261634	0.000280310935
261635	0.0001974233122
261636	0.0014066604
261637	0.0002702893965
261638	0.001395202529
261639	0.001124369007
261640	0.001226299503
261641	0.0001305304659
261642	0.001448260438
261643	0.001078355717
261644	0.0002081802922
261645	0.0004869421335
261646	0.000865730462
261647	4.26405442e-05
261648	0.0009779244251
261649	0.0003050985196
261650	0.00152007073
261651	0.0008789406378
261652	0.001541136412
261653	0.001017910344
261654	0.001812271611
261655	0.00113221178
261656	0.0008918760135
261657	6.354995579e-07
261658	8.381226053e-07
261659	1.130800343e-07
261660	1.381520779e-07
261661	2.701640636e-07
261662	7.311826597e-07
261663	7.982120047e-07
261664	1.056095884e-06
261665	1.403011103e-06
261666	2.793742021e-07
261667	4.727871106e-07
261668	1.929012308e-07
261669	2.548138326e-07
261670	6.636416475e-07
261671	1.806210459e-07
261672	1.571863636e-06
261673	6.59548253e-07
261674	9.875315602e-08
261675	1.317049808e-06
261676	7.644414972e-07
261677	4.64088647e-07
261678	3.837557709e-07
261679	3.622654489e-07
261680	5.029759019e-07
261681	1.077586207e-06
261682	3.187731235e-07
261683	1.62712447e-07
261684	8.539845086e-07
261685	1.982738155e-06
261686	8.197023287e-07
261687	1.503810952e-06
261688	8.631946481e-07
261689	9.941832892e-07
261690	7.368110436e-08
261691	1.101634905e-06
261692	1.01669696e-06
261693	6.680601922e-05
261694	0.001059217541
261695	0.004089955723
261696	0.006061917735
261697	0.004351975466
261698	0.002065570127
261699	0.002362266202
261700	0.0008578219207
261701	0.0004358035137
261702	0.0005902999476
261703	0.001596318137
261704	0.00186234911
261705	0.004496574477
261706	0.0001538986545
261707	0.005753268477
261708	0.001561371172
261709	0.002536116393
261710	0.0005275751789
261711	0.001406856581
261712	0.000489699205
261713	0.0005410310116
261714	0.002666701138
261715	0.0009996771288
261716	0.001131697533
261717	0.002904985259
261718	0.0009735303374
261719	0.0002764842174
261720	0.004331589399
261721	0.0006364338783
261722	0.002990350832
261723	0.0002477662955
261724	0.00073172683
261725	0.001650902477
261726	0.001352079884
261727	0.003577995822
261728	0.002188829577
261729	0.0007271436899
261730	0.003131566337
261731	0.0003478424926
261732	0.0001155842697
261733	0.000118410376
261734	0.0004735673636
261735	0.0009456864984
261736	0.0004828878299
261737	0.0001387039397
261738	0.0004830105268
261739	4.159766376e-07
261740	0.0002526945676
261741	1.096006484e-07
261742	0.0001025902157
261743	8.116909699e-07
261744	2.769620227e-07
261745	2.040849778e-08
261746	0.002353184796
261747	0.0008576398333
261748	0.001627567998
261749	0.0004598494326
261750	0.002837848702
261751	0.00247974565
261752	0.001631974896
261753	0.0008719568785
261754	0.0002693101245
261755	4.267364181e-07
261756	0.000903394717
261757	0.001118198651
261758	0.0005932012786
261759	0.001141367437
261760	6.447096967e-08
261761	5.117670221e-05
261762	0.0007568061814
261763	0.0001767669194
261764	6.946491142e-07
261765	0.001598685144
261766	5.794764761e-05
261767	0.0001331254868
261768	0.001307560694
261769	0.0001568203874
261770	0.0001726593913
261771	0.0006844736309
261772	0.0008210689201
261773	0.0002069694392
261774	0.0008673331097
261775	0.0001925455071
261776	0.0006064611205
261777	1.749926319e-07
261778	2.394636016e-07
261779	0.0005243180671
261780	0.0004347537328
261781	0.005360924194
261782	0.002544961708
261783	0.0002276163927
261784	0.00179030355
261785	0.001594928008
261786	0.003880283824
261787	0.001924625744
261788	0.002366546597
261789	0.001513270211
261790	0.002064161958
261791	0.0003029643392
261792	0.00132312885
261793	0.005139923926
261794	0.0009186265631
261795	0.000347869528
261796	0.001088705826
261797	0.0004352808015
261798	0.00103047498
261799	0.001876471769
261800	0.00427405823
261801	0.000931725536
261802	0.0004062250828
261803	0.001067012342
261804	0.001090170987
261805	0.001055739168
261806	0.001161996146
261807	0.0001439732298
261808	5.171092018e-05
261809	0.0007703145138
261810	0.001275033691
261811	0.0001367152983
261812	0.001061403011
261813	0.0003527601916
261814	0.002326537671
261815	0.002160318983
261816	0.0004638530143
261817	0.001053962834
261818	0.0005224923256
261819	0.0009853033151
261820	0.002842527534
261821	0.006150100461
261822	0.002575005365
261823	0.0005362789161
261824	0.0008105238206
261825	0.0007704250713
261826	0.001816110158
261827	0.001188757263
261828	0.0008585414483
261829	0.001437121892
261830	0.002262191884
261831	0.002911256118
261832	0.001606867735
261833	0.004663231999
261834	0.002989843595
261835	0.002174490438
261836	0.003450070305
261837	6.003609157e-05
261838	3.95333993e-05
261839	1.673657165e-05
261840	0.004973078524
261841	0.0002803236282
261842	0.004569546146
261843	0.0006669208673
261844	0.0003645110335
261845	0.002545139422
261846	0.003091402142
261847	0.0002240760929
261848	0.0005384969842
261849	0.000677119189
261850	0.002135175886
261851	0.002328305243
261852	0.002033961739
261853	0.0008691491353
261854	0.003200005535
261855	0.0008537811288
261856	3.083540719e-05
261857	0.0016145387
261858	0.0005035821395
261859	0.0003397895166
261860	0.002710123056
261861	0.002333568142
261862	0.002367132828
261863	0.0008961557275
261864	0.001166356381
261865	0.0001487446615
261866	0.003243009606
261867	0.001843601219
261868	0.002099097185
261869	0.0004496676929
261870	0.005974230266
261871	0.001110708378
261872	0.003099339415
261873	0.002788374327
261874	0.0001734589918
261875	0.00196704176
261876	0.0007106647894
261877	0.002336420983
261878	0.003107129618
261879	0.003069180818
261880	0.00616369151
261881	0.0003170620909
261882	0.0005766624379
261883	0.001033834015
261884	0.00355562901
261885	0.003605292934
261886	0.000200462773
261887	0.0008208584156
261888	0.00132119033
261889	0.0008917306188
261890	0.003109148727
261891	0.003106702569
261892	2.836040613e-05
261893	0.0029935305
261894	0.002123836799
261895	0.001263055702
261896	0.0001832622852
261897	0.000822520066
261898	0.001248641473
261899	0.001398509242
261900	0.001070043377
261901	0.0004189833978
261902	0.001341622421
261903	0.0005457244972
261904	0.003258002982
261905	0.002708860448
261906	0.002039467108
261907	0.0002072781497
261908	0.00112956899
261909	0.0009438653914
261910	0.0001536515041
261911	0.002132329922
261912	0.0004701811839
261913	0.0004841086475
261914	0.000207578358
261915	0.0008546198302
261916	0.0003539778256
261917	0.0006202506412
261918	0.001143190915
261919	0.0008730582102
261920	0.0009081650822
261921	0.001939924186
261922	0.001370421717
261923	0.001508734973
261924	0.0006090124873
261925	0.0004100014823
261926	0.0008321213106
261927	8.328798606e-05
261928	0.0006057878006
261929	0.00152405489
261930	0.0004698642259
261931	0.002948154018
261932	0.0001095614825
261933	0.001733387836
261934	0.0007324328359
261935	0.0005992925868
261936	0.002451898575
261937	0.002880932911
261938	0.0002978778247
261939	0.001291817802
261940	0.0009965273835
261941	0.001088963034
261942	0.0007316304589
261943	0.0006547676019
261944	0.0003497884447
261945	0.002245476929
261946	0.002769266198
261947	0.0006100655253
261948	0.001898530137
261949	0.001944660295
261950	0.001891665722
261951	0.0006530455967
261952	0.00135345931
261953	3.609101943e-05
261954	0.0008101851716
261955	0.0003353327993
261956	0.001392396386
261957	0.003969367124
261958	0.002373162453
261959	0.0001920201251
261960	0.001624884146
261961	0.002470953952
261962	0.001002384393
261963	0.0008502869338
261964	0.001968600153
261965	0.003022428717
261966	0.00140612881
261967	0.0008044562655
261968	0.001847646603
261969	0.003347916716
261970	0.001194539865
261971	2.409282636e-05
261972	0.001230932164
261973	0.0004552133212
261974	0.002036223457
261975	0.004706115565
261976	0.004921529116
261977	0.001340293548
261978	0.0002912756013
261979	0.001218330174
261980	0.003717739102
261981	0.0003868980164
261982	0.002358624362
261983	0.004053414443
261984	0.001395217135
261985	0.001452103349
261986	0.003827736629
261987	0.001697885565
261988	0.0008625425499
261989	0.0002425543084
261990	0.001273537127
261991	0.001781699032
261992	0.0009248786788
261993	0.003048992112
261994	0.000656748323
261995	0.001402051484
261996	0.001872823607
261997	0.001152150115
261998	0.003339938801
261999	0.002742274203
262000	0.0006468248891
262001	0.001560373947
262002	0.0004975789143
262003	0.0004164040082
262004	0.00149176752
262005	0.00180844252
262006	0.0008935646596
262007	6.650483266e-05
262008	0.006243908913
262009	0.002167716183
262010	0.001745170623
262011	0.00272748291
262012	0.003694475956
262013	0.00539473006
262014	1.007560026e-05
262015	0.002765227799
262016	0.0002075691979
262017	0.0006113652353
262018	2.932277052e-05
262019	0.0001713330253
262020	0.0005543472409
262021	0.0003486856723
262022	0.003202170293
262023	0.00467745028
262024	0.0002145534603
262025	0.001443970897
262026	0.0006728573909
262027	0.001281271641
262028	0.0001393308287
262029	0.001458806039
262030	0.0001015806784
262031	0.0001695549406
262032	0.000156687205
262033	0.0004981539358
262034	0.001554485726
262035	0.001479027867
262036	0.0008641512799
262037	0.0005888657539
262038	0.0006442737602
262039	0.001300302072
262040	0.0003903045322
262041	0.001831955748
262042	8.10934604e-05
262043	0.001533498933
262044	0.000280562336
262045	0.0007909688527
262046	0.0003248434352
262047	0.0008493653541
262048	0.0004490464527
262049	0.00127765689
262050	0.0001703306921
262051	0.002248990829
262052	0.0008195718958
262053	0.0004100323003
262054	0.0005940395753
262055	0.000562619771
262056	7.699486551e-05
262057	0.001241770669
262058	0.001599808092
262059	3.093094946e-05
262060	7.701873016e-05
262061	0.0006949872994
262062	0.0007534507767
262063	0.0006048656772
262064	0.0003976466346
262065	0.0006086098322
262066	0.0001002714123
262067	0.0005184133064
262068	0.0003964750167
262069	0.0002817156151
262070	0.000698723908
262071	0.001136427623
262072	0.0003280634732
262073	0.002036455757
262074	0.0002777419839
262075	5.886799206e-05
262076	0.002934040787
262077	0.0004932855386
262078	0.0006206861813
262079	0.0009490757872
262080	0.0008886201589
262081	0.0004706861962
262082	0.0002449713885
262083	0.0002225280198
262084	0.0008299065109
262085	0.001010149787
262086	0.002074587854
262087	0.0001974925081
262088	0.0001533262705
262089	0.001367549829
262090	0.00137053732
262091	0.003236163626
262092	9.831139172e-05
262093	0.0002556019574
262094	0.0002916535201
262095	0.001644473799
262096	0.002558454702
262097	0.008890499164
262098	0.0001991396035
262099	0.002551480592
262100	0.001456073418
262101	0.003039221958
262102	0.0009367808592
262103	0.001969603832
262104	7.548803206e-05
262105	0.0009240268134
262106	0.002452163375
262107	0.004259888847
262108	0.0009072394968
262109	8.007276525e-05
262110	0.001301713704
262111	0.0004807365625
262112	0.0005925376814
262113	0.0005060167047
262114	0.0005814736384
262115	0.000848583289
262116	0.0008542187056
262117	0.002455007379
262118	0.00271418693
262119	0.0001646434018
262120	0.000244238022
262121	0.0003761043773
262122	0.003739492987
262123	7.554343726e-05
262124	0.0002093803637
262125	0.0001656582122
262126	0.0008473869457
262127	7.639693341e-05
262128	0.001029933625
262129	0.00332031574
262130	0.0009867122197
262131	0.0002957897064
262132	0.0006029238309
262133	7.921442829e-05
262134	0.0003905957881
262135	0.001431810446
262136	0.0008161512467
262137	5.248485654e-05
262138	0.0006224728805
262139	0.001248215664
262140	0.0006048118289
262141	3.421532597e-06
262142	0.0005889862242
262143	1.255838836e-05
262144	0.003698977087
262145	0.001025486585
262146	0.00020652349
262147	0.000235975906
262148	0.003905644042
262149	2.939083456e-05
262150	0.0009315460016
262151	0.0001479770651
262152	0.0001785060166
262153	0.000429609657
262154	0.0004204792766
262155	0.0001168133381
262156	0.00258868413
262157	0.0002045205291
262158	0.0009449924649
262159	0.001260007592
262160	9.09211856e-05
262161	0.0006901185289
262162	0.0005029106836
262163	0.0001321104355
262164	0.00084475372
262165	0.0005737622331
262166	0.0003664299058
262167	0.001294192331
262168	2.99703683e-05
262169	0.0001756872987
262170	0.0001411664655
262171	0.001128820881
262172	0.0001958283042
262173	0.0004375762713
262174	5.213410775e-06
262175	0.0002672966729
262176	0.0006742208919
262177	0.0003457608876
262178	0.0006449401024
262179	0.0009025222188
262180	0.0002930117087
262181	6.466765525e-05
262182	0.0001973345633
262183	0.002968892364
262184	0.004399825765
262185	0.0001455224854
262186	0.0001510069698
262187	0.0006416543334
262188	0.0002619984674
262189	0.0003779997568
262190	0.0003878432292
262191	0.001237508162
262192	0.0003221606025
262193	0.0005482569067
262194	0.0002222825106
262195	0.0003748550391
262196	0.001558703976
262197	0.0001939526506
262198	7.206617365e-05
262199	0.0002716818289
262200	0.0001385110055
262201	0.0003688017127
262202	0.0008837816362
262203	7.646395785e-05
262204	0.0001514085789
262205	0.0002342217532
262206	0.0006135284742
262207	0.004410432505
262208	0.001016241868
262209	0.002036130597
262210	0.002425386867
262211	0.001871306994
262212	0.0005905315336
262213	0.0005690123644
262214	0.0007723296463
262215	0.0008612214927
262216	0.001152541336
262217	0.002308861991
262218	0.0005447089983
262219	9.346535803e-05
262220	0.0008198307348
262221	0.0006087965091
262222	0.0003806692967
262223	0.0004810624945
262224	0.0002918677078
262225	0.000372074257
262226	0.001513999539
262227	0.0007386897882
262228	0.0001577633514
262229	0.000542895098
262230	0.0004077466721
262231	0.0005126806532
262232	0.000400773342
262233	0.001050691832
262234	0.00126326739
262235	0.0002237893505
262236	0.00209185978
262237	0.0008295252044
262238	0.0004020860712
262239	0.00245599876
262240	5.399677073e-05
262241	0.0003610413106
262242	0.0009107332683
262243	0.000620956304
262244	0.001952445226
262245	0.003596678298
262246	0.0003252641868
262247	9.610175191e-05
262248	0.0005141140708
262249	0.0003345099503
262250	0.0005647007553
262251	0.003025339222
262252	0.0003194043327
262253	0.0006066417743
262254	0.0006072421519
262255	0.0003126842251
262256	0.0003703458868
262257	0.001130449288
262258	0.0001885171487
262259	0.0002160660081
262260	0.001906806029
262261	0.0009949852125
262262	0.0001463506503
262263	0.0002925001765
262264	0.0004016747101
262265	0.001581720308
262266	0.0002565339033
262267	0.0006422330943
262268	0.0003327512513
262269	0.0004909959349
262270	0.0001327353375
262271	0.0001406715108
262272	0.0001875695874
262273	0.0003250788466
262274	0.001289104886
262275	0.0004933973887
262276	0.0003220881796
262277	0.001631679416
262278	0.003653508623
262279	0.0002201246061
262280	0.0004888072712
262281	0.001216634007
262282	0.0003724717299
262283	0.0006120712402
262284	0.0007300737604
262285	0.0007575755581
262286	8.206910385e-05
262287	0.0003007380777
262288	0.002647863524
262289	0.0008929026997
262290	0.000922856351
262291	0.0009843291143
262292	0.0006688026309
262293	0.003075770052
262294	0.001290048862
262295	0.0004013176483
262296	0.0001080185292
262297	0.0003020579265
262298	0.0001461640796
262299	0.000135526958
262300	0.0006179351427
262301	0.003659923791
262302	5.293386985e-05
262303	0.0005448332102
262304	0.000137852874
262305	0.0006697193973
262306	0.0007898150117
262307	0.002133741439
262308	0.0007254339357
262309	9.004010262e-05
262310	0.0002932882402
262311	3.928595646e-06
262312	5.029002071e-05
262313	0.002659578287
262314	0.001264163187
262315	0.001747484929
262316	0.0009796088705
262317	0.0003295496851
262318	0.0007024652271
262319	0.0003846981406
262320	0.0001950661414
262321	0.002229818726
262322	0.0004908350847
262323	0.000218292897
262324	0.002365659981
262325	0.0005128915609
262326	0.001844227541
262327	1.939261022e-05
262328	0.001717477198
262329	0.003843439727
262330	0.004862843341
262331	0.0008947656697
262332	0.0002053937687
262333	0.004462633755
262334	0.0007484273397
262335	0.0004953652185
262336	0.0002756341982
262337	0.001394935171
262338	0.0005862580697
262339	0.0001543839837
262340	0.001438039297
262341	0.002536192869
262342	0.0004842734202
262343	0.0004723983466
262344	3.266067892e-05
262345	0.0009786214925
262346	0.0002456443756
262347	0.0002348049139
262348	0.002451002374
262349	0.0002452221466
262350	0.0002510310462
262351	0.001281405752
262352	0.002384266766
262353	0.0007891849035
262354	0.0003934509352
262355	0.0001988651129
262356	0.0003653567605
262357	0.0009425203833
262358	0.001047382139
262359	0.0001779254579
262360	6.052906094e-05
262361	0.00117724665
262362	3.101307065e-05
262363	0.0006369293039
262364	0.0005784670808
262365	0.0008623619898
262366	0.003052957242
262367	0.001630446725
262368	5.850178032e-05
262369	0.002698339708
262370	0.0009049015122
262371	0.0006133024853
262372	0.004708371845
262373	0.0009989907369
262374	0.001394827044
262375	0.0007125952503
262376	0.0006443987624
262377	0.0006180150024
262378	0.002129570227
262379	0.0003375133552
262380	8.486088758e-05
262381	0.0002680226503
262382	0.0002526413255
262383	0.0005667218987
262384	0.0007270739328
262385	0.0008774067903
262386	0.002348284346
262387	0.002214536941
262388	0.001948682594
262389	0.003002489829
262390	0.001304045967
262391	0.001729213007
262392	9.600760043e-05
262393	4.126551141e-05
262394	0.000880379194
262395	0.0003263617752
262396	2.716802214e-05
262397	8.984428179e-05
262398	0.0003301999846
262399	0.0007140856121
262400	0.001384446082
262401	1.63735796e-07
262402	1.985296526e-07
262403	0.0005943329568
262404	0.0003427548817
262405	0.00314942338
262406	0.001221631787
262407	0.001162867883
262408	0.0003335627489
262409	0.001256403634
262410	0.001243225847
262411	0.001430078394
262412	0.000134613664
262413	0.001046684502
262414	0.0001330263228
262415	0.0004135847736
262416	0.001281456239
262417	0.001350263614
262418	0.001482859659
262419	0.005550119211
262420	0.003333638309
262421	0.0002304318963
262422	0.0002101472593
262423	0.0005937619667
262424	0.002671351902
262425	0.001587242298
262426	0.001230302706
262427	0.001370663752
262428	0.0001357914842
262429	0.002714072836
262430	0.006522822371
262431	0.0004002250519
262432	0.004924561932
262433	0.0006992550136
262434	0.0003202651608
262435	0.00272568002
262436	0.00162726914
262437	0.0004235866048
262438	0.00278465336
262439	0.0004412418372
262440	8.953296647e-05
262441	0.001733868813
262442	8.037938515e-05
262443	0.00139205089
262444	0.0003477203235
262445	0.005214720095
262446	0.004229975184
262447	0.0005687871056
262448	0.004733280336
262449	0.0004928318694
262450	0.004257535772
262451	0.003094642624
262452	0.001043050623
262453	0.002782930255
262454	0.003526052314
262455	0.0001019955333
262456	0.0006412377347
262457	0.005155268483
262458	0.0008690874333
262459	0.002048640221
262460	0.003483095053
262461	0
262462	0.001924522219
262463	0.0004988277518
262464	0.0003069974503
262465	0.0004287838477
262466	0.0008359756717
262467	0.0007367965031
262468	0.0001156305788
262469	0.000853325128
262470	0.004338658213
262471	0.0008322008234
262472	0.0001591731189
262473	0.0007974234942
262474	0.000159239637
262475	0.001512296005
262476	0.002146628268
262477	0.0002983471067
262478	0.001040062019
262479	0.001437663415
262480	0.002641235525
262481	0.00201294369
262482	0.002240693027
262483	0.001918155389
262484	0.0001278450871
262485	0.005163000342
262486	0.001254170086
262487	0.0002719410584
262488	0.005868864288
262489	0.008135250548
262490	0.005087565735
262491	0.002200442542
262492	0.002077669278
262493	0.002759992629
262494	0.002675130966
262495	0.0003697605147
262496	0.0004415507303
262497	0.0009548134955
262498	0.005164152952
262499	0.001223665312
262500	0.0008695223205
262501	0.001305354486
262502	0.004730692873
262503	0.002277765888
262504	0.002016824968
262505	0.006601647321
262506	0.003699285677
262507	0.002562773793
262508	0.004145275151
262509	0.001103133137
262510	0.003532048404
262511	0.002843080094
262512	0.001058742472
262513	0.003035714189
262514	0.001768988562
262515	0.000562069406
262516	0.002939684686
262517	0.0004233376036
262518	0.003316962568
262519	0.000253438964
262520	0.005304218703
262521	0.004471350649
262522	0.002545923076
262523	0.002096321583
262524	0.005752381121
262525	0.0009565044055
262526	0.0003180862208
262527	0.002684531154
262528	0.002282221673
262529	0.0009752508465
262530	0.002205309537
262531	0.0006974073113
262532	0.003153221227
262533	0.005385728654
262534	0.001885190727
262535	0.001922624117
262536	0.003096822571
262537	0.004316631875
262538	0.00196208359
262539	0.001312736064
262540	0.002415661721
262541	0.003764664029
262542	0.001174154103
262543	0.002044728647
262544	0.003003467498
262545	0.002661406131
262546	0.002556959583
262547	0.007146489421
262548	0.006039231242
262549	0.007930602433
262550	0.003386848481
262551	0.005930136013
262552	0.0004179381811
262553	0.003182605347
262554	0.005811011717
262555	0.004006840855
262556	0.002823935382
262557	0.001458397536
262558	0.001605249782
262559	0.002135716216
262560	0.0007868574565
262561	0.000768773162
262562	0.003680092578
262563	0.001095271506
262564	0.003316936363
262565	0.007713961851
262566	0.001579970369
262567	6.756066789e-05
262568	0.002399755462
262569	0.006196302695
262570	0.006787427114
262571	0.001804555349
262572	0.000932268101
262573	0.002431842044
262574	0.0004888121473
262575	0.0001249552382
262576	0.001105988869
262577	0.001055138427
262578	0.00112385519
262579	0.0007509231951
262580	0.0006012525854
262581	0.0006727933166
262582	0.001461150011
262583	4.410559304e-05
262584	0.001160129103
262585	0.00143268988
262586	0.002098546772
262587	0.001211440136
262588	0.001960336528
262589	0.0002835476159
262590	0.000226175412
262591	0.0005946578842
262592	0.000828406782
262593	0.0004506662299
262594	0.0004491756584
262595	0.0005759958178
262596	9.778843798e-05
262597	0.0006680806074
262598	0.0004314768744
262599	0.0007875480686
262600	0.0001611620449
262601	0.0003626960197
262602	0.001270640223
262603	0.0006197111478
262604	0.0002793313417
262605	0.001353361239
262606	0.001388772694
262607	9.258042336e-05
262608	0.004998465637
262609	0.0007564963176
262610	8.114418145e-05
262611	0.0004281048112
262612	0.006379990448
262613	0.00126085373
262614	0.001072337363
262615	0.003059140148
262616	0.003142456249
262617	0.001718481079
262618	0.001517128469
262619	0.008392793048
262620	0.001982016925
262621	0.002000356448
262622	0.0002612914386
262623	1.897892914e-05
262624	0.002904478546
262625	0.002037235096
262626	0.001243186264
262627	0.0004172822849
262628	0.005661120871
262629	0.002543895056
262630	0.0007477219897
262631	0.001013434042
262632	0.003247386753
262633	6.584453262e-05
262634	0.003645381501
262635	3.319086898e-05
262636	0.0001324514565
262637	0.001232198447
262638	0.000526629604
262639	0.001254696493
262640	1.284610036e-05
262641	0.001289030861
262642	0.0006090284886
262643	0.002705656518
262644	0.0007435193177
262645	0.001965910301
262646	0.002076736923
262647	0.002477707444
262648	0.003515162245
262649	0.003619519968
262650	0.0009710966419
262651	0.001205068279
262652	0.0005274274376
262653	0.0009346694564
262654	0.004354742101
262655	0.002240205236
262656	0.0007226893529
262657	0.000312329982
262658	0.003565231147
262659	0.001593615641
262660	0.002268336435
262661	0.001837924134
262662	0.0006526893897
262663	0.0003960019371
262664	0.001037998896
262665	0.001349618517
262666	0.0008502951487
262667	0.0004046530006
262668	0.00221069037
262669	0.004077716781
262670	0.0008196029454
262671	0.0004345745967
262672	0.003142356665
262673	0.0005211943802
262674	0.00101001959
262675	0.00154591172
262676	0.0002654873275
262677	0.002891318694
262678	0.0003621452522
262679	0.00414324097
262680	0.0006036827896
262681	0.004305609041
262682	0.003541949519
262683	0.0002472233776
262684	0.0001349836989
262685	0.0009508149255
262686	0.0008993537412
262687	0.003955524736
262688	0.001733660463
262689	0.00190134272
262690	0.0004943153639
262691	0.00109906107
262692	0.001052403777
262693	0.002690569555
262694	0.0002743906466
262695	0.0002065945967
262696	0.001915055339
262697	0.000397213339
262698	0.0005074282955
262699	0.0001338923181
262700	0.001274376317
262701	0.0002747042293
262702	0.002661426875
262703	0.0003137489417
262704	0.00019434396
262705	0.004564447138
262706	0.0003460449902
262707	7.314943268e-05
262708	0.004920372959
262709	0.001470113276
262710	0.003375119247
262711	0.005590842534
262712	0.002055813134
262713	0.00253613221
262714	0.002649123437
262715	0.001034540611
262716	0.001773532342
262717	0.00101573818
262718	0.003004354316
262719	0.001342944567
262720	0.0001205300062
262721	0.007658513222
262722	0.001918261234
262723	0.0001578852032
262724	0.005280988742
262725	0.001364680986
262726	5.944671445e-05
262727	0.0001727850299
262728	3.137886544e-05
262729	0.0001372475919
262730	0.0001718103381
262731	6.550910868e-05
262732	0.001677106499
262733	0.0001355986752
262734	5.282667281e-05
262735	0.0006049925014
262736	0.0002952663166
262737	0.0001241651019
262738	0.002355713912
262739	0.007168143883
262740	0.001442288939
262741	0.001507937983
262742	0.002234816494
262743	0.001517360406
262744	0.004126900771
262745	7.299738758e-05
262746	0.00199113626
262747	0.005196597641
262748	0.000859216623
262749	0.002765553124
262750	0.002414572773
262751	0.001177352707
262752	0.002271941367
262753	0.004383671163
262754	5.198583774e-05
262755	0.0006959105423
262756	0.004325407685
262757	0.0008090654797
262758	0.0007476616642
262759	0.005415894749
262760	0.006344859186
262761	0.007600462268
262762	0.005477678652
262763	0.001444160521
262764	0.00194040904
262765	0.004628521621
262766	0.00401136538
262767	0.002493968624
262768	0.002237920361
262769	0.002369388175
262770	0.0008521581379
262771	0.0003264831982
262772	2.207730186e-05
262773	0.0005093157521
262774	0.001673193338
262775	0.004486962181
262776	0.004984882391
262777	0.0003271317071
262778	0.003894668465
262779	0.00081340326
262780	0.0003063815571
262781	0.001127656388
262782	0.0001086652814
262783	0.0007240982763
262784	0.002292454471
262785	0.0008916432249
262786	0.0004661156983
262787	5.119267242e-05
262788	0.0002754799437
262789	0.002896783081
262790	0.0009574188373
262791	0.0006987309839
262792	0.0005029951113
262793	0.002237100085
262794	0.000521306009
262795	0.002458338541
262796	0.0004006096604
262797	0.0001647068232
262798	8.448773135e-05
262799	0.001211038199
262800	0.002969943325
262801	0.001454478026
262802	0.0002266938991
262803	0.0006002745238
262804	0.0002061190097
262805	0.00298380339
262806	0.002365472168
262807	0.0002969789168
262808	0.001330635862
262809	0.0006521565866
262810	0.001622572681
262811	0.0005633417979
262812	0.0003593568319
262813	0.001146546909
262814	0.001439228032
262815	0.001036299863
262816	0.002713673829
262817	0.003159130464
262818	8.299099704e-05
262819	0.003190403404
262820	0.0002826346615
262821	0.0001461400243
262822	0.0001845353932
262823	0.001801569932
262824	0.00703073504
262825	0.002498093778
262826	0.002896947165
262827	0.001107206868
262828	0.005517980565
262829	0.0008594120265
262830	0.003027230357
262831	0.002671064272
262832	0.0008027590556
262833	0.003832372268
262834	0.001634012481
262835	0.0008425303774
262836	0.003139007338
262837	0.006453434474
262838	0.001983377157
262839	0.007023872479
262840	0.001683607784
262841	2.007656129e-05
262842	0.000529175021
262843	0.0001800250087
262844	0.0003940902398
262845	0.0001316637087
262846	5.87662479e-07
262847	9.72895699e-05
262848	0.0004751932057
262849	0.0002547121219
262850	6.104666635e-05
262851	5.173635872e-05
262852	0.000519172481
262853	3.842191609e-05
262854	0.0001153658302
262855	0.0002569152003
262856	0.0001202516157
262857	0.0002092590008
262858	0.002765731692
262859	0.001470986569
262860	0.0002779775061
262861	0.001590292524
262862	0.0004299862928
262863	0.005753899252
262864	0.0002340718668
262865	0.004456875094
262866	0.001024503144
262867	0.0002754816317
262868	0.0002191884022
262869	1.419498438e-05
262870	1.064052459e-05
262871	6.06874209e-05
262872	4.652383491e-05
262873	8.667693904e-05
262874	0.0001623184346
262875	0.0001657241993
262876	0.0002715155978
262877	6.196017488e-05
262878	0.0001706695787
262879	0.0003670787743
262880	0.0005384186215
262881	0.0007858440511
262882	0.0004040323009
262883	0.002633460527
262884	0.0005970453157
262885	0.0006701310371
262886	0.002503912777
262887	0.002957056173
262888	0.00291535023
262889	0.001650120929
262890	0.001232352842
262891	9.011533252e-05
262892	0.0015328249
262893	0.002370311121
262894	0.001022737264
262895	0.0006040164849
262896	0.002854091151
262897	0.001300240789
262898	0.00191222549
262899	0.001484512921
262900	0.004326123657
262901	0.0006865332656
262902	0.001310756926
262903	0.003520530634
262904	0.005788438103
262905	0.002197751258
262906	0.003209003752
262907	0.0003257248405
262908	0.0007254018577
262909	0.0008646807521
262910	0.001906987403
262911	0.0009252828448
262912	0.0006319900313
262913	0.002776465896
262914	0.001057523471
262915	0.0001252272547
262916	0.0020252344
262917	0.0007248519938
262918	0.003142338488
262919	0.0006649926533
262920	0.001384297104
262921	0.00181989739
262922	0.001659862501
262923	0.0001289615751
262924	0.0001478510161
262925	0.0002444741011
262926	0.0002289813302
262927	0.0009978554186
262928	0.001419995779
262929	0.0008169659885
262930	0.002733664774
262931	0.001659460965
262932	0.001476246221
262933	0.003255482135
262934	0.001524902353
262935	0.004828587264
262936	0.003564871934
262937	0.001922283541
262938	0.002838766262
262939	3.614244536e-05
262940	0.002910603784
262941	0.0007723185631
262942	0.006599029553
262943	0.001909258908
262944	0.0004453856371
262945	0.006958305075
262946	0.003846399795
262947	0.00161617271
262948	0.001026556533
262949	0.000634174678
262950	0.001623623259
262951	0.001337634696
262952	0.007585988022
262953	0.000135277445
262954	0.0004750787636
262955	0.0003062525002
262956	0.002347404152
262957	0.00130984754
262958	0.003407729282
262959	0.0005252494478
262960	0.002125251323
262961	0.001552307229
262962	5.996967308e-05
262963	0.0001562922472
262964	0.0005361495604
262965	0.001341611721
262966	0.001320269256
262967	0.001201657999
262968	1.166617546e-07
262969	0.001388702611
262970	0.001276901073
262971	0.0005905604636
262972	0.0005807060114
262973	0.0004696242818
262974	0.0008998670894
262975	6.771759184e-05
262976	0.001252457917
262977	0.001114747887
262978	9.266019001e-05
262979	0.00382776244
262980	0.004815469704
262981	0.001402737043
262982	0.002252679825
262983	0.001890148889
262984	0.0002392239996
262985	0.0006084032656
262986	0.0003076649121
262987	0.002185903556
262988	0.0005856008604
262989	0.0003317103317
262990	0.0006655070635
262991	0.002188668348
262992	0.0003122363448
262993	0.0005789037696
262994	0.0003214608012
262995	0.0005404908148
262996	0.0001798016257
262997	2.302672475e-05
262998	0.001905980801
262999	0.0001921430536
263000	0.002512185014
263001	0.00105253046
263002	0.001624272236
263003	0.003311479305
263004	0.0005205634143
263005	0.002944202283
263006	0.000867250536
263007	0.001292435184
263008	0.002561125928
263009	0.001332176008
263010	0.001549615547
263011	0.0005858981052
263012	0.001776394516
263013	0.000850317915
263014	0.001129398272
263015	0.0007875675153
263016	0.000249775695
263017	0.001680877937
263018	0.001042536158
263019	0.001073546564
263020	0.0007217405235
263021	8.610887797e-05
263022	0.00244235398
263023	0.0001012266751
263024	0.001708496047
263025	0.003066442558
263026	0.00405811295
263027	0.001317144444
263028	0.001585732213
263029	0.001742769479
263030	0.000949590104
263031	0.002410008819
263032	0.0001217990358
263033	0.0002914784428
263034	0.003581983677
263035	0.0004985450747
263036	8.432349558e-05
263037	0.002748874253
263038	0.0002631000129
263039	0.001999679694
263040	0.0007012479692
263041	0.00362475221
263042	0.001184705005
263043	0.001306263563
263044	0.0008718258568
263045	0.001193930551
263046	0.004359928607
263047	0.001495475907
263048	0.001037026684
263049	0.00171586157
263050	0.00341654109
263051	0.0002435288978
263052	0.0006191420921
263053	0.0007022951677
263054	0.001319562763
263055	0.002655019494
263056	0.0005150718054
263057	0.007150116715
263058	5.583582462e-05
263059	0.003704296668
263060	0.001534960431
263061	0.005392631664
263062	0.0001484726853
263063	0.0002148534374
263064	0.0007979397048
263065	0.00101109444
263066	2.09088348e-05
263067	0.006361080009
263068	0.002368536285
263069	0.001216294668
263070	0.0002041588871
263071	0.002966537094
263072	0.002761209683
263073	0.001192503934
263074	0.0001464567154
263075	0.002883680268
263076	0.001550677345
263077	0.001308093045
263078	0.0009732660637
263079	0.0008131125441
263080	0.003170385906
263081	0.003638728691
263082	0.0004766706369
263083	0.002284379899
263084	2.992312728e-05
263085	0.0002700391094
263086	0.002806392149
263087	0.0009764470608
263088	0.0009866165467
263089	0.001212778446
263090	0.001261756178
263091	0.001565010616
263092	0.004230335533
263093	0.0001709723005
263094	0.001663910663
263095	0.001487096796
263096	0.005109749191
263097	0.001721781236
263098	0.001973125056
263099	0.002370315573
263100	0.007355745428
263101	0.006955589736
263102	0.001202547347
263103	0.0002261375072
263104	0.001960914611
263105	0.001842316614
263106	0.002533625217
263107	0.004419615309
263108	0.001572789188
263109	0.000550929122
263110	0.0005149124989
263111	0.0004023912551
263112	0.0003259539466
263113	0.001622226307
263114	0.001339224099
263115	0.000621430505
263116	0.0001287573234
263117	0.0009811095365
263118	0.001183527744
263119	0.001051274387
263120	0.003793807679
263121	0.001751061244
263122	0.00204972213
263123	0.005375485307
263124	0.0009694266234
263125	0.0006713003319
263126	0.000682717293
263127	0.001925215979
263128	0.0009627257392
263129	0.0002657433419
263130	0.0009982070803
263131	0.002273590696
263132	0.00178278561
263133	0.00123274572
263134	0.001085490095
263135	0.000139978354
263136	0.0002756005996
263137	0.0009033271248
263138	0.004170763903
263139	0.005024984881
263140	0.0003217052027
263141	0.00306422327
263142	0.001660837374
263143	0.001217048836
263144	0.002624786686
263145	0.001404916028
263146	0.001987641258
263147	0.0005055286595
263148	0.001389496764
263149	0.002747585653
263150	0.0018053711
263151	0.001308111682
263152	0.002367939214
263153	0.002559624848
263154	0.000435809536
263155	0.001322118984
263156	3.833503325e-06
263157	0.0009051075696
263158	0.000982910736
263159	0.0001624565098
263160	0.005091573226
263161	0.002444092215
263162	0.004429286914
263163	0.005364310626
263164	0.001407440163
263165	0.003409576044
263166	0.001260813149
263167	8.616722e-05
263168	0.001437276034
263169	0.000371622862
263170	0.002138358281
263171	0.00182019002
263172	0.0003890583836
263173	0.001604601136
263174	0.002789819887
263175	0.003804345973
263176	0.0007347939657
263177	0.0003310831445
263178	0.0003739183561
263179	0.001553359837
263180	0.003230836729
263181	0.0006916959767
263182	0.0008877659394
263183	0.001610297889
263184	0.0001153043979
263185	3.206956759e-05
263186	0.003822587972
263187	0.0008926160324
263188	0.0033017494
263189	0.001475961345
263190	0.0009194079587
263191	0.00165684138
263192	0.0003293129923
263193	0.005390532304
263194	0.003276717538
263195	0.003675938656
263196	0.001907200267
263197	0.002421795712
263198	0.002563159666
263199	0.002854998228
263200	0.002844221429
263201	0.00229403235
263202	0.002253381085
263203	0.0005560918896
263204	0.0008780909098
263205	0.002480403757
263206	5.707919658e-05
263207	0.0017997092
263208	0.003287776201
263209	0.001071037411
263210	0.002352923811
263211	0.001486174574
263212	0.002528137611
263213	0.003052270792
263214	0.0002400134215
263215	0.003874271902
263216	0.001636910372
263217	0.0004331055222
263218	0.0004978110819
263219	0.001212133157
263220	0.0003562862631
263221	0.001249153481
263222	0.0005827847104
263223	0.001610361508
263224	0.001292597898
263225	0.005515605288
263226	0.002317977286
263227	0.0007339105274
263228	4.159592831e-05
263229	0.002303617218
263230	0.003669058829
263231	0.001795675675
263232	0.007336522942
263233	0.001487106196
263234	6.417920997e-05
263235	0.001433720328
263236	0.004356345792
263237	0.003949015695
263238	0.001627039566
263239	0.001352248196
263240	0.002070609829
263241	0.00414518259
263242	0.0002950352249
263243	0.001189315386
263244	0.002211627194
263245	0.00132666959
263246	0.001059879426
263247	0.002390592179
263248	0.001571800562
263249	0.005541512707
263250	0.000552644723
263251	0.0006559893487
263252	0.002918559383
263253	5.853871047e-05
263254	0.0006599982568
263255	0.001344368632
263256	0.00210177008
263257	0.002534770724
263258	0.001142136653
263259	0.00577709671
263260	0.00109772497
263261	0.001456911095
263262	0.00303214318
263263	0.0009106139235
263264	0.00342119802
263265	0.004484257411
263266	0.0001313559715
263267	0.003953006959
263268	0.0003224946908
263269	0.001390427282
263270	0.0003668263386
263271	0.001068191417
263272	0.0002675359361
263273	0.0013819702
263274	0.002008691626
263275	0.003062479964
263276	0.0004305225214
263277	0.001486353879
263278	0.001314878066
263279	0.002518408168
263280	0.00104018667
263281	0.004259812817
263282	0.001118600486
263283	0.002295182573
263284	0.002793720466
263285	0.001380682935
263286	0.003061161623
263287	0.002092295709
263288	0.002741532927
263289	0.003229444991
263290	1.30055854e-05
263291	0.004368400657
263292	0.001357420888
263293	0.004277087408
263294	0.0004852615095
263295	0.001070927906
263296	0.001327981152
263297	0.001811518816
263298	0.002836723269
263299	0.01217380777
263300	0.003235397689
263301	0.0007402699706
263302	0.002913128419
263303	0.004435150344
263304	0.005160210987
263305	0.0001944435589
263306	0.0003650297875
263307	0.001218853124
263308	0.002117266752
263309	0.001191509507
263310	0.002572446454
263311	0.001228596282
263312	0.002922342502
263313	0.0001374820492
263314	0.003246732155
263315	0.0002505094278
263316	0.0004039499459
263317	0.001408623653
263318	0.004823481759
263319	0.001274658204
263320	0.002761803917
263321	0.000588947903
263322	0.0002600436389
263323	0.001150324269
263324	0.0005840068477
263325	0.002321499726
263326	0.003673628814
263327	0.002023152824
263328	0.0007838959292
263329	0.0006196966631
263330	0.002900247471
263331	0.001315248673
263332	0.0002098033032
263333	0.003046188795
263334	0.001909690656
263335	0.0008991854078
263336	0.003624906285
263337	0.00060529148
263338	0.004483287745
263339	0.001013135504
263340	0.0001158566543
263341	0.0006542780413
263342	0.004230455313
263343	0.002915004069
263344	0.0003757367064
263345	0.0004208039986
263346	0.0009595181439
263347	0.0004784606271
263348	0.0008188787151
263349	0.0003221376646
263350	0.001857504856
263351	0.0005115754109
263352	0.0005347509572
263353	0.0008386670832
263354	0.00142990419
263355	0.0009544899568
263356	0.004317255815
263357	0.003202331792
263358	0.0007586500377
263359	0.0001282166779
263360	0.0002692631342
263361	0.00521063883
263362	0.0005444324071
263363	0.001342524047
263364	0.0006243547596
263365	0.002142544974
263366	0.0004161611775
263367	0.003309629325
263368	0.001589980725
263369	0.0003480190319
263370	0.000279437104
263371	0.003296699934
263372	0.003855419997
263373	0.001239110048
263374	0.0003442023878
263375	4.191728179e-05
263376	0.0009989920969
263377	0.0009826517884
263378	0.001078607647
263379	0.003602433968
263380	0.002852603745
263381	0.001131694493
263382	7.658595696e-05
263383	0.004663988921
263384	0.002578898959
263385	0.0008749701793
263386	0.001231348856
263387	0.00379607379
263388	0.003448455823
263389	0.001154931543
263390	0.001264694004
263391	0.0004039729798
263392	0.0001513342247
263393	0.0005543414283
263394	0.0009842206318
263395	0.001036746926
263396	0.0002656090922
263397	0.0003884401102
263398	0.0001572591567
263399	0.00103905623
263400	0.0002195410205
263401	0.0006132159536
263402	0.001879812708
263403	0.0001382525401
263404	6.912720634e-07
263405	0.0002640605346
263406	0.0004008511662
263407	0.0008353683729
263408	0.0006323427042
263409	0.0005520583633
263410	0.0004889565948
263411	0.0002978258689
263412	0.0006805117829
263413	0.002070847948
263414	0.0002237215608
263415	0.0002668743071
263416	0.0009040338016
263417	0.00052361383
263418	0.0009195200265
263419	0.0001994889544
263420	0.0008594918127
263421	0.0001469346113
263422	0.000220014284
263423	0.0001995022407
263424	0.0003508411663
263425	9.586690062e-05
263426	0.0007917895147
263427	0.0008360886584
263428	0.0004007443263
263429	0.001337205873
263430	0.0008310803894
263431	0.0003452518443
263432	5.903838764e-05
263433	0.000547234391
263434	0.001867854302
263435	0.0004845914892
263436	7.32314963e-05
263437	0.00103497078
263438	0.0002508366535
263439	0.0001349494634
263440	0.0006819571734
263441	0.001291930585
263442	0.001342836556
263443	0.0004519275917
263444	9.136626509e-05
263445	0.0009903413655
263446	0.0007452849692
263447	0.0001294366764
263448	0.001178209147
263449	0.0002418846033
263450	1.488972394e-06
263451	0.000307088361
263452	0.00105643886
263453	0.0003528667452
263454	0.001402494005
263455	0.0006740766453
263456	0.001891884274
263457	0.001124623498
263458	0.0006935598854
263459	0.0002750606417
263460	0.0003066104217
263461	0.001337098216
263462	0.0001689121368
263463	7.516003105e-05
263464	0.0006977671864
263465	0.0003347400283
263466	2.880016386e-05
263467	0.0004301498753
263468	5.750711453e-05
263469	0.0001544028665
263470	0.001055762097
263471	0.001135495363
263472	0.0013050725
263473	0.001011513256
263474	0.0006963219038
263475	0.0005510585164
263476	0.001662818439
263477	0.0006987858624
263478	0.0002792296847
263479	0.001195085195
263480	0.0001272758443
263481	2.27406342e-05
263482	1.341610178e-06
263483	0.0007651064693
263484	0.001213967532
263485	0.001216256453
263486	0.001245708601
263487	0.0004333501004
263488	0.001842934094
263489	0.001230146247
263490	0.0003933085143
263491	0.0001278852039
263492	0.001073782275
263493	0.0004219689683
263494	0.001106200714
263495	0.001980745377
263496	0.0001903123575
263497	0.0006945978398
263498	0.000136929952
263499	0.000526356816
263500	0.002036303342
263501	0.000155104851
263502	0.0002171461473
263503	0.0004953642322
263504	0.0004465486887
263505	0.0006597044025
263506	0.0009102189839
263507	0.0003511665005
263508	0.0007085079033
263509	6.637228886e-05
263510	4.880400503e-05
263511	0.0005362781459
263512	0.001210853489
263513	4.211079997e-07
263514	0.0002068338076
263515	9.468630985e-05
263516	0.0002780711631
263517	0.0005623043681
263518	1.36176432e-06
263519	0.0005612812622
263520	0.0002754971474
263521	0.001759181052
263522	0.0006781574351
263523	0.0009867525411
263524	0.0006933979421
263525	0.001377575252
263526	0.0003458915335
263527	0.0005456276916
263528	0.001816444827
263529	0.001592408205
263530	0.0004932970673
263531	0.0001382251498
263532	0.0005391065007
263533	1.281714259e-05
263534	0.001327626716
263535	0.001113866597
263536	0.0006371525409
263537	0.0004975008206
263538	0.0003071484445
263539	0.001171722682
263540	2.618851725e-06
263541	7.444861971e-07
263542	0.0006501015476
263543	0.0006354365711
263544	0.0002253450431
263545	0.0007394309991
263546	0.0008855785192
263547	0.0005829645725
263548	0.0003743034769
263549	0.0008199488795
263550	0.0005244207175
263551	0.0009541059308
263552	0.0003315953042
263553	0.0007470007471
263554	2.200973436e-05
263555	0.001025018067
263556	0.0007089159923
263557	8.554097963e-05
263558	0.0003757732865
263559	0.0004951070318
263560	0.001894500549
263561	0.0006576074177
263562	0.0002563604875
263563	0.00119102589
263564	0.0005749342739
263565	0.001068544044
263566	7.53240705e-07
263567	0.001952324494
263568	2.977944793e-07
263569	0.000302208453
263570	0.001165439356
263571	0.0004702811838
263572	1.033582212e-06
263573	0.001263362975
263574	0.0005186724496
263575	0.001570037711
263576	0.00102409296
263577	0.00102369897
263578	0.0003240421373
263579	2.741636755e-05
263580	0.0001793387363
263581	0.001161653738
263582	0.0007601213535
263583	0.001608567628
263584	0.000772288411
263585	0.001122688509
263586	0.0001454843062
263587	0.001376078101
263588	0.00195866726
263589	0.0003274256326
263590	0.001285505993
263591	0.0003705685192
263592	8.296813589e-05
263593	0.0001756684688
263594	0.0001566338076
263595	0.0005032309393
263596	0.000507855213
263597	0.001661429573
263598	0.0001962957138
263599	0.0005570124488
263600	0.0009082686163
263601	0.0008919611844
263602	1.552549472e-05
263603	0.0007286291797
263604	0.001427258769
263605	0.0003978369926
263606	0.0001474467095
263607	0.00115179447
263608	0.0007675670861
263609	0.000363851175
263610	2.786172373e-05
263611	0.001157538279
263612	0.0003967523271
263613	0.0009882651804
263614	0.0006349182045
263615	0.0003649715924
263616	0.001332850033
263617	0.001507762358
263618	0.000524123863
263619	0.0005782074379
263620	0.001020180755
263621	0.001232591517
263622	9.812058206e-05
263623	0.0005025320161
263624	0.001006076273
263625	0.0004394494973
263626	0.0003785516783
263627	0.0005008922922
263628	0.0001248614153
263629	0.001429739953
263630	0.001161740614
263631	0.001389790437
263632	0.0007825213003
263633	0.0002255885793
263634	0.001451218535
263635	0.0008757491468
263636	0.00128814565
263637	0.002331708406
263638	0.0003133343917
263639	0.0001367768589
263640	0.001126968059
263641	0.0009207068158
263642	0.002000433379
263643	5.954763799e-05
263644	0.001415006607
263645	0.0003155795517
263646	0.0008354436251
263647	7.032208229e-05
263648	0.0007866851806
263649	0.0006786954933
263650	0.0003370884598
263651	0.001759833445
263652	0.0005879982307
263653	0.0009279043949
263654	2.832898699e-05
263655	0.001828897811
263656	0.001027971452
263657	0.001677297418
263658	2.000030953e-05
263659	0.000380825258
263660	0.0009687318957
263661	0.0003010583536
263662	0.0002589335989
263663	0.0008958354598
263664	0.0006694704408
263665	0.0001079693454
263666	0.001240811563
263667	0.0001563077955
263668	0.001324018932
263669	0.0009203928859
263670	0.0005049312572
263671	0.0008747591743
263672	0.001599074006
263673	0.0001342194985
263674	0.0007846850368
263675	0.001618604216
263676	0.0003523075178
263677	3.032012075e-05
263678	0.0007861577495
263679	0.0005119135513
263680	0.0004025815704
263681	0.0006841446032
263682	0.0006592590284
263683	0.0002921232173
263684	0.001289549933
263685	0.001456439582
263686	0.0007383289573
263687	0.001244448294
263688	0.0003954467661
263689	0.0004202384
263690	0.0004063682644
263691	0.0008356154767
263692	0.0003530459253
263693	8.724656175e-05
263694	0.0003836942504
263695	0.001179389681
263696	0.002498158632
263697	0.0001549790953
263698	0.0003016232878
263699	0.0008948899742
263700	0.000268736943
263701	0.0003506953363
263702	0.0004735716591
263703	0.002031834313
263704	0.001520177253
263705	0.0001053020666
263706	0.0009406017173
263707	0.001238454486
263708	0.0002264655686
263709	0.0002962228954
263710	0.00077424192
263711	0.0005461739846
263712	0.001298578105
263713	0.00101976122
263714	0.0004039063213
263715	0.000311388253
263716	0.0002419335386
263717	0.0003696267508
263718	0.0009170151428
263719	0.0001744212627
263720	0.001287162871
263721	0.0003625259742
263722	0.001026731153
263723	0.002209523717
263724	0.0001861559911
263725	0.0002721233855
263726	0.001049894997
263727	0.001410657401
263728	0.002169899356
263729	0.0004180930384
263730	0.002033843914
263731	0.002121210996
263732	0.001102606922
263733	0.001645128199
263734	0.006120984391
263735	0.002726303585
263736	0.00561372276
263737	0.003528400101
263738	0.007182769881
263739	0.0001525161161
263740	0.001323893629
263741	0.001162354775
263742	9.169178787e-05
263743	0.00151528311
263744	0.003916844486
263745	0.006258085032
263746	0.004599356882
263747	0.001417148781
263748	0.003272938081
263749	0.001269473133
263750	0.0007312904325
263751	0.00357083053
263752	0.0002418475652
263753	0.0004771595127
263754	0.001332446994
263755	0.0006091354215
263756	0.0003447202305
263757	0.0007839856536
263758	0.0005161752322
263759	0.0007240084648
263760	0.002107579291
263761	0.003272848179
263762	0.0002017707091
263763	0.000301053958
263764	0.003350458259
263765	0.002334176721
263766	0.002794130496
263767	0.002813229616
263768	0.0007646671273
263769	6.072505545e-05
263770	0.002112658194
263771	0.0002833418483
263772	0.004681694648
263773	0.002790302765
263774	0.001269355744
263775	0.001415929649
263776	0.0002907806041
263777	5.106510136e-07
263778	0.0004786727225
263779	9.517143129e-08
263780	0.0001234415415
263781	0.0004056943884
263782	0.0005351684007
263783	0.0005773348194
263784	0.0002130491837
263785	0.0002180785025
263786	0.0002949496098
263787	0.0004441507855
263788	0.0003537444005
263789	4.016614407e-05
263790	0.0002623844664
263791	0.0002421834943
263792	0.0001445196614
263793	0.0009326227306
263794	0.0005840765604
263795	0.0001216759659
263796	8.270276164e-05
263797	1.22801847e-08
263798	0.001565800292
263799	1.353354629e-05
263800	7.77674689e-05
263801	0.002464899321
263802	7.453440845e-05
263803	0.003512327692
263804	0.0001729030048
263805	0.002220783881
263806	9.211871492e-05
263807	0.002700486994
263808	0.000119518015
263809	0.001067196512
263810	1.37895586e-05
263811	0.001731622171
263812	0.001192010206
263813	0.00123571331
263814	0.0005201200262
263815	0.001687312213
263816	0.007311987608
263817	0.00388260516
263818	0.001020044579
263819	0.0004966028971
263820	0.001615894637
263821	0.001937585535
263822	0.0004593093964
263823	0.001209230466
263824	0.001844402761
263825	0.0006246704244
263826	0.0009487936503
263827	0.003879801472
263828	0.00147937284
263829	0.002301607097
263830	0.003793329584
263831	0.002819658913
263832	0.002053970789
263833	0.0004229009138
263834	0.002455799658
263835	0.0004043543514
263836	0.003044383688
263837	0.0005213418979
263838	0.001252398611
263839	0.005145040631
263840	0.0005067218069
263841	0.001653894784
263842	0.002486546581
263843	0.0002006383116
263844	0.005684482121
263845	0.0017125786
263846	0.0027480144
263847	0.001390616277
263848	0.0007684502479
263849	0.001550596427
263850	0.003030594506
263851	0.00238938998
263852	0.005474865134
263853	0.002947864961
263854	0.004315720874
263855	0.001174893715
263856	0.00204233913
263857	0.003048089953
263858	0.002371664372
263859	0.006286867949
263860	0.0004342151029
263861	0.001531195009
263862	0.0001222729249
263863	0.001479761939
263864	0.0005274379315
263865	0.0001301386578
263866	8.66137466e-05
263867	0.000127393473
263868	0.0008438749523
263869	0.001595094759
263870	0.001359407584
263871	0.00340787455
263872	0.003252878024
263873	0.003328092048
263874	0.001793504859
263875	0.002935365937
263876	0.0001417204085
263877	0.004767327671
263878	0.003219166198
263879	0.004820242241
263880	0.004010250393
263881	0.0007215284916
263882	0.002312455346
263883	0.0002631839399
263884	0.00353056645
263885	0.004923099993
263886	0.004356333459
263887	0.004517741296
263888	0.004936484653
263889	0.003974974034
263890	0.00223185756
263891	0.0005641976587
263892	0.0007486160564
263893	0.003253984771
263894	0.0003364049515
263895	0.002779727728
263896	0.005938664333
263897	0.003596038938
263898	0.002852890716
263899	0.003428758236
263900	0.001537268385
263901	0.000268094444
263902	0.001602675485
263903	0.004004975885
263904	0.00458153414
263905	0.003293655952
263906	0.000607707791
263907	0.001127928571
263908	0.008161906414
263909	0.0002598584011
263910	0.0004528374489
263911	0.005385752117
263912	0.001927448131
263913	0.004975186445
263914	8.077494199e-06
263915	0.00327074557
263916	0.001401701531
263917	0.004631946009
263918	0.001993755955
263919	0.0008267373019
263920	0.004828397839
263921	0.001281375116
263922	0.001508344509
263923	0.0007431508481
263924	0.0008489846828
263925	0.004328376788
263926	0.002398168598
263927	0.00145279146
263928	0.002260107796
263929	0.002240460554
263930	0.00045010484
263931	0.001380136766
263932	6.078691424e-07
263933	0.006322102691
263934	0.0007569068451
263935	0.002180771026
263936	0.0003600530225
263937	0.003727220525
263938	0.002518231281
263939	0.001714509329
263940	0.0007589117359
263941	0.00519795319
263942	0.001815458223
263943	0.003258338475
263944	0.001363983554
263945	0.001891349784
263946	0.004497654905
263947	0.005219575722
263948	0.004054428826
263949	0.007712812258
263950	0.0004874949164
263951	0.004357932471
263952	0.003016896712
263953	0.002019441371
263954	0.005960567344
263955	0.007251624959
263956	0.004129804884
263957	0.003100336418
263958	0.004282986724
263959	0.001186354562
263960	0.002381630192
263961	0.003746217313
263962	0.002686682969
263963	0.0002535053365
263964	0.001522460099
263965	0.004183768268
263966	0.005038756966
263967	3.363311691e-05
263968	0.002820841528
263969	0.004535774241
263970	0.005380428301
263971	0.004030887879
263972	0.0006455475351
263973	0.002587139806
263974	0.004213365733
263975	0.001193513582
263976	0.002136866276
263977	0.00415848225
263978	0.001963719384
263979	0.002554212459
263980	0.003246192479
263981	0.004366590013
263982	0.0003131111265
263983	0.002836006115
263984	0.0001961229008
263985	0.004178970375
263986	0.004035272418
263987	0.0003025852974
263988	0.0003944311087
263989	0.001980162074
263990	0.002121175131
263991	0.004256699561
263992	0.0005861675994
263993	0.003245903212
263994	0.006421963931
263995	0.0005750712048
263996	0.0002544796897
263997	0.000917975409
263998	0.003236622569
263999	0.003459826167
264000	0.002655376452
264001	0.008236611221
264002	0.0003162255259
264003	0.0008088101348
264004	0.003340272251
264005	0.001152585966
264006	0.0004431432012
264007	0.003623882927
264008	0.007323479279
264009	0.00451458895
264010	0.0007141456452
264011	0.0001628978484
264012	0.0008857270715
264013	0.004047737294
264014	0.0009544211515
264015	0.004613907502
264016	0.0007829031826
264017	0.0002772286299
264018	0.001210127396
264019	0.001062774423
264020	0.002510948702
264021	0.002854773235
264022	0.0005995962761
264023	0.002853144487
264024	0.005142493951
264025	0.0008430046594
264026	0.006026353334
264027	0.003540630964
264028	0.001167361826
264029	0.002541199632
264030	0.002667794204
264031	0.00159653779
264032	0.0009460829848
264033	0.0010453598
264034	0.0003118614239
264035	0.001984406353
264036	0.006518431785
264037	0.002749201028
264038	0.001367875679
264039	0.004337014744
264040	0.003739124851
264041	0.0009178911311
264042	0.0002636094615
264043	0.001828214369
264044	0.0002940950554
264045	0.0001068939788
264046	0.0007433752202
264047	7.144147469e-05
264048	0.003296477709
264049	0.002267498189
264050	0.003902135127
264051	0.004142521409
264052	0.002717026562
264053	0.004347538413
264054	0.004463340643
264055	0.003604190905
264056	0.001586578264
264057	0.0002679021045
264058	0.0003400966491
264059	0.001005486801
264060	0.0008662021558
264061	0.001097099508
264062	0.002469425235
264063	0.002993856944
264064	0.006168275167
264065	0.00521852794
264066	0.003802276743
264067	0.004789838468
264068	0.004505135198
264069	0.004189369503
264070	0.004067276921
264071	0.001425155484
264072	0.004642385264
264073	0.002443349233
264074	0.0041920732
264075	0.003850724103
264076	0.00462385668
264077	0.0002877536065
264078	1.425493898e-05
264079	1.218808331e-06
264080	0.004669992457
264081	0.006823034595
264082	0.001148122981
264083	9.465817543e-05
264084	0.0005853017591
264085	0.001415002906
264086	0.0008831162179
264087	0.006185557096
264088	0.0007654238031
264089	0.00283766943
264090	0.004488468392
264091	0.001002369025
264092	0.003320529563
264093	0.0009407688609
264094	0.000863646527
264095	0.006070750886
264096	0.004317448515
264097	0.003798033323
264098	0.006243778952
264099	0.002514965498
264100	0.004243454299
264101	0.0001493142611
264102	0.002646075329
264103	0.001638655215
264104	0.0001379843225
264105	0.003095069252
264106	0.005430777497
264107	0.0001589726067
264108	0.004167684424
264109	0.002925167598
264110	0.00417264246
264111	0.0008619338893
264112	0.0007477195611
264113	0.002702107616
264114	0.00270716334
264115	0.005503926366
264116	0.001673726341
264117	0.007152495638
264118	0.003335840406
264119	0.00388886691
264120	0.0004634708082
264121	0.008146440268
264122	0.000923906795
264123	0.0054181382
264124	0.002466095107
264125	0.002172152807
264126	0.004708306951
264127	0.0002073781507
264128	0.003827235898
264129	0.005375564047
264130	0.001331060714
264131	0.0009174662066
264132	0.0025537704
264133	0.002288639302
264134	0.005643540523
264135	0.006511516623
264136	0.005466521816
264137	5.676363217e-05
264138	0.0003453077871
264139	7.786355098e-05
264140	0.001100919618
264141	0.002103024798
264142	0.0001124835892
264143	0.005528249019
264144	0.003089177173
264145	0.001298071519
264146	0.003796804219
264147	0.002820969244
264148	0.0001013365227
264149	0.001922779256
264150	0.004656228822
264151	0.004781564273
264152	0.002292562963
264153	0.005750731218
264154	0.006219072487
264155	0.001822694215
264156	0.0004661574423
264157	0.0002079159312
264158	0.000759454378
264159	0.003359362415
264160	0.0002167840641
264161	0.004993799001
264162	0.0008443827155
264163	0.0005934157953
264164	0.002526504242
264165	0.003847777338
264166	0.00225100942
264167	0.001094670147
264168	0.006586305471
264169	0.006418589373
264170	0.004689841203
264171	0.00146263949
264172	2.513151049e-05
264173	0.001177157124
264174	0.0009344962686
264175	0.002284147044
264176	0.00375772095
264177	0.003425653609
264178	0.005175192397
264179	0.002302697299
264180	0.001028001994
264181	0.002452283347
264182	0.003212746443
264183	0.0008503290102
264184	0.003648906452
264185	0.001049793154
264186	0.004069607021
264187	0.005475760243
264188	0.0005636054424
264189	0.004421293447
264190	0.006316933622
264191	0.004841434166
264192	0.0003247352446
264193	0.001064067764
264194	0.00217837711
264195	0.002383800227
264196	0.001969576924
264197	0.004790358312
264198	0.001041448789
264199	0.0003136925314
264200	0.0003169496741
264201	0.00298824881
264202	0.005324873512
264203	0.005384836158
264204	0.002963522183
264205	0.004046942657
264206	0.004369556887
264207	0.006362374794
264208	0.001862978601
264209	0.0006111315289
264210	0.006460190507
264211	0.003922627359
264212	0.006716483205
264213	0.004422952887
264214	0.0003020102889
264215	0.000725933116
264216	0.006749052131
264217	0.001597507459
264218	0.0004589965735
264219	0.001484657606
264220	0.002209255514
264221	0.003459254236
264222	0.004349712984
264223	0.001094421115
264224	0.0008827679256
264225	0.001089329519
264226	0.003062219262
264227	0.0002752525234
264228	0.004874477959
264229	0.003384117193
264230	0.002497393321
264231	6.7460409e-06
264232	0.001676165033
264233	0.008037175162
264234	0.002025591362
264235	0.001344929975
264236	0.004783592444
264237	0.001379119644
264238	0.001637300982
264239	0.001099064878
264240	0.003191859407
264241	0.0001363036119
264242	0.0001697686805
264243	0.003075053194
264244	0.001942463101
264245	0.002176140765
264246	0.003394940827
264247	0.001261726894
264248	0.005259111515
264249	0.004027072663
264250	0.001931054026
264251	0.0002857576953
264252	0.005971342125
264253	0.001205745862
264254	0.003129080819
264255	0.0005936865528
264256	0.004386816853
264257	0.001740798945
264258	0.00160723975
264259	0.002228479299
264260	0.004826891896
264261	0.001821129017
264262	0.004317668851
264263	0.004436941868
264264	0.0005991437134
264265	0.004754863462
264266	0.002032650194
264267	0.002744501326
264268	0.002220914404
264269	0.004603043434
264270	0.003541401112
264271	0.001385184974
264272	0.0050882842
264273	0.000863217389
264274	0.002733182586
264275	0.003918352269
264276	0.0006547003379
264277	0.001459870554
264278	0.0001812006412
264279	2.258631607e-05
264280	0.0006949477604
264281	0.0001505700948
264282	0.0002437688077
264283	0.0002574069546
264284	0.0001219769076
264285	0.0003871105048
264286	3.282864021e-05
264287	0.0001825486606
264288	0.0001813452883
264289	0.0006549879636
264290	0.0003378005559
264291	3.589480248e-05
264292	0.001809095332
264293	0.0004626852745
264294	0.0003465580661
264295	0.0001865984941
264296	0.0001616756628
264297	0.0001327465638
264298	1.623959367e-05
264299	5.658215013e-05
264300	0.0002884802951
264301	0.0002367569863
264302	0.0005469876247
264303	0.0004982016126
264304	0.0002504665802
264305	0.0001287614669
264306	0.0002854350481
264307	0.001909077299
264308	0.0001045116493
264309	0.001260632543
264310	0.0002136141537
264311	0.001619135683
264312	0.001666602783
264313	0.0002248773846
264314	0.0005409480494
264315	0.003459566494
264316	0.002913906077
264317	0.003598354478
264318	0.001128127648
264319	0.0007085943338
264320	0.001025865999
264321	0.001515328818
264322	0.0001211697529
264323	0.001468028445
264324	0.001230351092
264325	0.0006127702498
264326	0.0009951512369
264327	0.0008977156038
264328	0.001942131191
264329	0.01040091977
264330	0.00245732359
264331	0.0001168782222
264332	0.0003918706755
264333	0.0003812026048
264334	1.89125293e-05
264335	0.0005337112178
264336	8.569324969e-05
264337	0.0002827242394
264338	0.001069324434
264339	7.190792192e-05
264340	0.0001078020107
264341	5.099968808e-05
264342	0.0004440832282
264343	4.975482639e-05
264344	0.0002319450547
264345	1.383746353e-05
264346	0.0009592571049
264347	0.0004565917797
264348	5.054830367e-05
264349	0.0003511760802
264350	0.001182215464
264351	0.0005444745566
264352	0.0003356700439
264353	0.0003746517287
264354	0.0006179101844
264355	0.0004345135445
264356	0.0001843607993
264357	0.0001618500962
264358	0.001230692362
264359	0.001163819111
264360	0.0001245844076
264361	0.0002027268442
264362	2.018875709e-05
264363	8.590968995e-05
264364	9.076776593e-05
264365	0.0002311601512
264366	0.001196792455
264367	0.0006638871945
264368	6.153069879e-05
264369	0.0001790167639
264370	2.261827012e-06
264371	2.782254579e-05
264372	3.486489801e-05
264373	0.0003513280513
264374	0.001419382943
264375	1.38636571e-05
264376	6.319618202e-06
264377	0.0002969752933
264378	0.0008097384964
264379	7.462028078e-05
264380	0.0003527162922
264381	0.0003748274583
264382	0.0003575062527
264383	8.642844517e-05
264384	7.6142483e-05
264385	0.0003860268005
264386	0.000844881978
264387	2.504484306e-05
264388	0.0002519225125
264389	0.0001235733574
264390	9.503608994e-07
264391	4.13085516e-05
264392	4.920819682e-05
264393	0.0002141772123
264394	0.0003581616305
264395	7.144711448e-05
264396	0.0006450676069
264397	0.0004482046016
264398	0.0001818037176
264399	0.0001441410225
264400	0.0003746131637
264401	0.001443355785
264402	0.001548105868
264403	9.45918165e-05
264404	0.0007891415031
264405	0.0002188917661
264406	0.0003293786793
264407	0.0002552798968
264408	0.0001136911299
264409	8.888887125e-05
264410	0.0002859103397
264411	0.001257224819
264412	0.0001454786097
264413	0.0004225169967
264414	0.0006835303605
264415	0.0007381137976
264416	0.0002226895679
264417	0.0003231779876
264418	0.0002750103049
264419	0.0002871626452
264420	5.814225042e-05
264421	3.244837867e-05
264422	0.0006868923101
264423	0.0006872253215
264424	8.547941241e-05
264425	0.0003858649799
264426	0.0019773082
264427	0.0006468895065
264428	6.38507742e-05
264429	0.0005041190494
264430	0.0005012332416
264431	0.0003186995352
264432	0.0001163253012
264433	4.510160446e-06
264434	0.0001032807403
264435	6.495788303e-05
264436	0.0001756188073
264437	0.0003969043048
264438	0.000872819971
264439	2.685728741e-05
264440	0.0001133403789
264441	0.000383004968
264442	0.001132727106
264443	8.727650466e-06
264444	0.0005553913181
264445	5.410081474e-05
264446	0.0001220786392
264447	0.0001908399451
264448	8.538926046e-05
264449	0.0005858175182
264450	0.001566183819
264451	0.0001692898499
264452	4.637947895e-05
264453	0.0002154891463
264454	6.713299223e-05
264455	0.0005025960083
264456	0.0001102243536
264457	0.0003888442102
264458	0.0003269084946
264459	6.546826355e-05
264460	0.0004846419988
264461	4.974996227e-05
264462	0.0001044099406
264463	0.0007179028717
264464	0.000435933863
264465	0.0002139139481
264466	0.002426402556
264467	0.0001487831256
264468	0.0002478483116
264469	7.117004538e-05
264470	0.0003144206304
264471	0.0002939559116
264472	8.420022809e-05
264473	0.000610841961
264474	0.0001900935879
264475	5.74789547e-05
264476	0.0002952768852
264477	0.0004013591107
264478	0.0003405916857
264479	0.0001332544429
264480	0.0001676746958
264481	6.97100803e-05
264482	0.0003763531948
264483	0.0006212170369
264484	0.0001008055675
264485	0.0001676372731
264486	0.000954006372
264487	0.0004737416224
264488	0.0002871686278
264489	0.0001782004423
264490	0.0004454148549
264491	0.0006019084294
264492	0.0003970275305
264493	9.491848315e-05
264494	0.0002021245269
264495	8.242422741e-05
264496	0.0005744853269
264497	0.0001604106439
264498	0.0009833499269
264499	0.0001903120479
264500	6.957475307e-05
264501	0.0006619181407
264502	0.002757350571
264503	0.00038760917
264504	0.0005316548631
264505	0.0001395821138
264506	0.0003912522719
264507	0.0004244013881
264508	0.0006509253388
264509	4.745275734e-05
264510	0.00103347516
264511	0.0001009734419
264512	0.0006413012189
264513	0.0001686149396
264514	0.001428508128
264515	7.385570496e-05
264516	0.0001507594049
264517	0.0006832218127
264518	0.0002145110737
264519	0.001289737663
264520	0.0001424081517
264521	8.904998547e-06
264522	8.232598406e-05
264523	0.0004329275312
264524	0.0004067660807
264525	0.0001354878992
264526	0.0005292495556
264527	0.0005862095889
264528	0.0004147093445
264529	0.000315852665
264530	0.000499929746
264531	0.0001245936344
264532	0.0001799778814
264533	0.0001556203245
264534	0.0001680675417
264535	5.544427192e-05
264536	9.09000262e-06
264537	2.097181058e-05
264538	0.0005400966621
264539	4.300520934e-05
264540	4.715414866e-05
264541	0.0002417575504
264542	4.527384641e-05
264543	9.713547112e-06
264544	0.0001038537786
264545	0.0003060936034
264546	0.000521162285
264547	0.0001065106853
264548	2.281744781e-05
264549	5.928787626e-05
264550	4.586004634e-05
264551	0.0006043063792
264552	3.504747673e-05
264553	0.0001433584177
264554	2.954855352e-05
264555	2.777668171e-05
264556	0.0002827961286
264557	1.765327064e-05
264558	0.0002087435315
264559	0.0001109337985
264560	0.0003040698991
264561	7.02139046e-05
264562	1.716463736e-05
264563	0.0001361134712
264564	0.0001008176048
264565	0.0003119050714
264566	0.000250133894
264567	0.0004577673286
264568	0.0001951088731
264569	2.479885005e-05
264570	5.149017746e-06
264571	9.842606189e-05
264572	0.0002295911078
264573	0.0003229629714
264574	8.490192476e-05
264575	0.0001762201659
264576	0.0004691783223
264577	5.931753452e-05
264578	0.000116820545
264579	0.0003098765822
264580	0.0008878391069
264581	8.954478012e-06
264582	0.0001040345627
264583	0.0004266035271
264584	0.0005086417198
264585	5.466032234e-05
264586	1.106245858e-05
264587	0.0007899761406
264588	5.50110289e-05
264589	0.0002156149541
264590	0.0004465552789
264591	0.0001528535428
264592	0.0008049437298
264593	0.000111308703
264594	0.0002269887721
264595	1.926730228e-05
264596	0.0001036859378
264597	0.0003529818849
264598	0.0004027412749
264599	0.0001713426868
264600	0.0001679924009
264601	0.0008221557118
264602	0.0001775800877
264603	2.588844416e-05
264604	0.0001483032034
264605	4.861826264e-05
264606	0.0001809932477
264607	7.20746529e-05
264608	0.0004391154446
264609	0.000299744833
264610	5.438434019e-05
264611	2.265070766e-05
264612	0.0002635497668
264613	0.0002993739305
264614	7.09812984e-05
264615	0.0005877991784
264616	0.0002200274537
264617	0.0002976481809
264618	0.0003535878636
264619	7.578011493e-05
264620	0.0002663386961
264621	0.0001957994423
264622	0.0002056449223
264623	2.236755566e-05
264624	0.0002226647112
264625	0.0006243930486
264626	0.0003440207149
264627	0.000705488481
264628	0.0008684663924
264629	8.437161895e-05
264630	0.0004462546708
264631	2.028145988e-05
264632	2.798842145e-06
264633	4.533038187e-05
264634	0.0001708912961
264635	0.0002319529929
264636	0.0001764849949
264637	0.0003908780421
264638	0.0005290819095
264639	5.523752904e-05
264640	0.0001961782284
264641	0.0003594506141
264642	4.238992813e-05
264643	0.0001823794668
264644	6.085586836e-05
264645	0.0001442010324
264646	0.0002711051423
264647	0.0002277313328
264648	0.0009975866044
264649	0.0001171554293
264650	0.0003132497915
264651	0.000690509097
264652	0.0003440350518
264653	0.0003245647437
264654	8.688073065e-06
264655	0.0003864976205
264656	0.001218116548
264657	0.0001337261647
264658	7.47637693e-05
264659	0.0001022493108
264660	0.0001621610236
264661	0.0004424376189
264662	0.000338289167
264663	0.0002105667933
264664	8.863504806e-05
264665	8.05345775e-05
264666	0.0001399243303
264667	0.0002187643142
264668	0.0002905625106
264669	6.79512456e-05
264670	8.196870968e-05
264671	1.341207761e-05
264672	0.0006197553945
264673	4.514160101e-05
264674	0.000145245966
264675	0.0003495955643
264676	0.000275550817
264677	0.0001673029395
264678	0.0002416399946
264679	0.0004453285131
264680	4.011073315e-05
264681	0.0002568021624
264682	5.724580447e-05
264683	0.0002974795575
264684	0.0003328071642
264685	0.0002644488607
264686	0.0003803353183
264687	0.003716212789
264688	0.0009999368839
264689	0.002926429542
264690	0.005965325922
264691	0.00102880661
264692	4.157694165e-05
264693	0.0003424481927
264694	0.0007907658766
264695	0.001161541759
264696	0.00069603045
264697	0.003305101342
264698	0.002862916533
264699	0.002522167871
264700	0.005159299419
264701	0.004022285647
264702	0.002007430976
264703	0.0009567040057
264704	0.003923679487
264705	0.0009628950731
264706	0.0003009697129
264707	0.002236481887
264708	0.0005630624315
264709	9.55541184e-05
264710	3.175599623e-05
264711	0.002683821141
264712	0.001188829011
264713	0.0004995570239
264714	0.001848596096
264715	0.001658604182
264716	6.191186735e-05
264717	0.0003029273198
264718	0.001146320122
264719	0.0001222664127
264720	1.763172224e-05
264721	0.000255607759
264722	0.0002421242226
264723	0.0004970545827
264724	0.0005808501577
264725	6.458950188e-05
264726	0.001837683416
264727	0.0001526820624
264728	0.000437848361
264729	0.001777571716
264730	2.356303899e-05
264731	0.0002602262427
264732	0.0009986953123
264733	0.0009128386492
264734	0.00155825665
264735	0.000897100873
264736	0.0005332900721
264737	0.001569631939
264738	0.002754334997
264739	0.001281364368
264740	0.0008392612282
264741	0.002272665532
264742	0.001706531701
264743	0.0001853853429
264744	0.006224722035
264745	0.005736955411
264746	0.001036480283
264747	0.0003055974856
264748	0.0009748169165
264749	0.0001007721932
264750	0.002092887598
264751	0.0006002727444
264752	0.00247914052
264753	2.91737612e-05
264754	0.006260818658
264755	0.001129582964
264756	0.001763857257
264757	0.0006860327448
264758	7.687854308e-05
264759	0.0002421343962
264760	0.001712459446
264761	0.003604511764
264762	0.002458110742
264763	0.001809552913
264764	0.001798137908
264765	0.001081081067
264766	0.001039558237
264767	0.001880184051
264768	0.0001621357852
264769	0.002677535646
264770	0.0007988634413
264771	0.0001425912382
264772	0.00116576387
264773	0.0004306227015
264774	0.001825838884
264775	0.0007539726378
264776	0.003084755246
264777	0.0002416145355
264778	0.0003223433881
264779	0.0001283332784
264780	0.002522477343
264781	0.0004566697381
264782	2.05266106e-05
264783	0.0008207233978
264784	0.000377522749
264785	0.000504156154
264786	0.0001681977238
264787	0.0003921574603
264788	0.0002419978434
264789	0.001407401386
264790	0.0004117888956
264791	0.001582951531
264792	0.004202877372
264793	0.0001055914096
264794	0.0003949587401
264795	0.002267665606
264796	0.001832326689
264797	0.00525894276
264798	0.003330440368
264799	0.000856636414
264800	0.002542723718
264801	0.00106589057
264802	0.0001977251244
264803	0.003333491647
264804	0.00339487528
264805	0.002411787239
264806	0.002102900741
264807	0.001395197573
264808	0.001259446213
264809	0.001126392676
264810	0.001128824806
264811	0.001922366704
264812	0.0002055594101
264813	0.001908567993
264814	0.0005861977549
264815	0.001951241138
264816	0.001792672732
264817	0.001718032634
264818	0.003272534558
264819	0.002437166864
264820	0.005804073639
264821	0.001024671548
264822	0.0009406603445
264823	0.002319411669
264824	0.0002644777813
264825	0.002161238001
264826	0.0002585898012
264827	0.002231039848
264828	0.00136187791
264829	0.0005147211848
264830	0.0003219716009
264831	0.003215296721
264832	0.0003864159274
264833	0.002734219902
264834	0.002694407446
264835	0.0001254436801
264836	0.00218951034
264837	0.0005743955078
264838	0.0009183043994
264839	0.000614276195
264840	0.001253006348
264841	0.0007535375481
264842	5.254475605e-05
264843	8.150280882e-05
264844	0.001792895918
264845	0.001394385447
264846	0.001781586406
264847	0.001801742788
264848	0.001874908791
264849	0.002065492028
264850	0.002171240138
264851	0.002126097554
264852	0.001847285758
264853	0.001359671119
264854	0.001968613609
264855	0.002269761058
264856	0.001632988907
264857	0.001203847288
264858	0.001229763575
264859	0.002023213946
264860	0.002335523289
264861	0.001527116775
264862	0.001533918049
264863	0.001782890546
264864	0.001356758521
264865	0.001848147058
264866	0.002662603376
264867	0.001273478585
264868	0.0008848677906
264869	0.0007165306914
264870	0.0009257858972
264871	0.0003616868316
264872	0.002883016601
264873	0.0009511166369
264874	0.001105922601
264875	0.004573857134
264876	0.0003117067669
264877	0.001631611412
264878	0.002324769843
264879	0.006070372934
264880	0.000188851477
264881	0.006436025275
264882	0.0007570784599
264883	0.003439990571
264884	0.005085116541
264885	0.002935920461
264886	0.0008968017157
264887	0.0007268468986
264888	0.0009486775639
264889	0.001797477577
264890	0.001544888
264891	0.0007877387931
264892	0.002678354345
264893	0.001651653167
264894	0.0004754125346
264895	0.002544895679
264896	0.001312602498
264897	0.002353780443
264898	0.00574669977
264899	0.002237465185
264900	0.0001237307651
264901	0.001483760084
264902	0.002803103983
264903	0.003283092921
264904	0.003337748161
264905	0.001037346194
264906	0.00164044333
264907	0.001079670613
264908	0.001236134404
264909	0.001000156106
264910	0.0004779492049
264911	0.0003843674176
264912	0.004586508688
264913	6.339189025e-05
264914	0.002076028541
264915	0.002957025017
264916	0.0009376126708
264917	0.001313389171
264918	0.001962824751
264919	0.002368398566
264920	0.0004678508319
264921	0.001153973741
264922	0.00308401861
264923	0.001939738745
264924	0.000787852355
264925	0.003228481066
264926	0.001183390133
264927	0.001844134612
264928	0.0003062664285
264929	0.004442253739
264930	0.003250016253
264931	3.070046175e-09
264932	0.005840087049
264933	0.00406463776
264934	0.001889735181
264935	0.004609768656
264936	0.0006260080057
264937	0.003881311014
264938	0.001657981246
264939	0.0009323613463
264940	0.001908250359
264941	0.004945238239
264942	0.0002280920248
264943	0.0004482822889
264944	0.001387540955
264945	0.006246273379
264946	0.003113562035
264947	0.002114311942
264948	0.002504547192
264949	0.002535619967
264950	0.001521714525
264951	0.0001909453211
264952	1.426685828e-05
264953	0.002376806314
264954	0.001429421455
264955	0.001531355068
264956	0.001978349
264957	0.0005049181983
264958	0.004795803012
264959	0.0007135251885
264960	0.0001166909241
264961	0.001557487685
264962	0.001983270039
264963	0.0002732744638
264964	0.002718382005
264965	0.003171174032
264966	0.002647682301
264967	0.001788390974
264968	0.003636291157
264969	0.00536823336
264970	0.001462954768
264971	0.0001093136664
264972	0.001294521305
264973	0.0007944665471
264974	0.001106912563
264975	0.0006201265662
264976	0.002913357589
264977	0.001030109825
264978	0.00116026072
264979	0.0004437316869
264980	0.0006587026254
264981	0.0002396218692
264982	0.002934914537
264983	0.001187865502
264984	0.0006816521895
264985	0.002437577003
264986	0.005430712748
264987	0.002231193694
264988	0.00267531492
264989	0.001118151114
264990	0.003151244499
264991	0.00330455457
264992	0.0009180442238
264993	0.001774406191
264994	0.0003239539591
264995	0.0003554931901
264996	0.002563867078
264997	7.723009945e-05
264998	0.001328171231
264999	0.005186532891
265000	0.0002031243323
265001	0.003610891137
265002	0.001702771757
265003	0.001470680593
265004	0.0004247918927
265005	0.00264866533
265006	0.00647292548
265007	0.002926710277
265008	0.001431285723
265009	0.001894741798
265010	0.001076957485
265011	0.001518301114
265012	0.003643251614
265013	0.000111946628
265014	0.001620574904
265015	0.001667528125
265016	0.001111355966
265017	0.002073628299
265018	0.001827177288
265019	0.001464614149
265020	0.001722849623
265021	0.002009303902
265022	0.001092027148
265023	0.004035886639
265024	0.002232383605
265025	0.002241901123
265026	0.001670415818
265027	0.002384583001
265028	0.0007877347237
265029	0.002909824917
265030	0.0007746131241
265031	0.001315631123
265032	0.001768430165
265033	0.001895826644
265034	0.002300750968
265035	0.002241297244
265036	0.001937348293
265037	0.001907825491
265038	0.001937895178
265039	0.001663084495
265040	0.00184881891
265041	0.001932660201
265042	0.002941043686
265043	0.001946121776
265044	0.001585271598
265045	0.002306529458
265046	0.001253687571
265047	0.00296418406
265048	0.001914852813
265049	0.001960180417
265050	0.002206906812
265051	0.00194187599
265052	0.00144490333
265053	0.001443011903
265054	0.001868624866
265055	0.001814484971
265056	0.001966453525
265057	0.001883809992
265058	0.001858619687
265059	0.001550767578
265060	0.001618793217
265061	0.001428601489
265062	0.001465371741
265063	0.001716885057
265064	0.001417296895
265065	0.001796359008
265066	0.001451790995
265067	0.00201534223
265068	0.001501679088
265069	0.00147783144
265070	0.001663805884
265071	0.002123992991
265072	0.001502879339
265073	0.00206615989
265074	0.002242830642
265075	0.00144824146
265076	0.001316750434
265077	0.001716679919
265078	0.002049854048
265079	0.001609919668
265080	0.001807759435
265081	0.001652824876
265082	0.00148799881
265083	0.001792914845
265084	0.002556218025
265085	0.001734707769
265086	0.00243246046
265087	0.001632596901
265088	0.001344424011
265089	0.001435231422
265090	0.001688446765
265091	0.002091799217
265092	0.001998957905
265093	0.001829512876
265094	0.002057446968
265095	0.001705254487
265096	0.00158679517
265097	0.002122134172
265098	0.001732592775
265099	0.001820730169
265100	0.001947078347
265101	0.0006173303081
265102	0.001418228592
265103	0.0007910834842
265104	0.002093976173
265105	0.0004006956733
265106	0.001926499908
265107	0.001866167533
265108	0.00244033927
265109	4.340228075e-05
265110	0.001266886934
265111	0.001181105825
265112	0.001439677618
265113	0.001946717871
265114	0.001778929411
265115	0.001880103746
265116	0.001920415285
265117	0.00204363379
265118	0.001617904766
265119	0.002137240903
265120	0.001708218233
265121	0.001831977155
265122	0.001910375403
265123	0.002297133197
265124	0.002167637664
265125	0.001689145487
265126	0.002248923069
265127	0.001837258308
265128	0.00206072869
265129	0.001096976462
265130	0.001007634808
265131	0.001904457631
265132	0.001669819742
265133	0.001003696723
265134	0.001939973845
265135	0.002235939444
265136	0.001332669037
265137	0.002059118409
265138	0.001893433632
265139	0.001889773076
265140	0.001910288662
265141	0.002782332994
265142	0.001165120842
265143	0.001795302348
265144	0.001544453722
265145	0.00212969969
265146	0.001576658096
265147	0.001907201116
265148	0.001951781812
265149	0.002200634902
265150	0.001670239429
265151	0.002347266949
265152	0.00162077185
265153	0.002908311745
265154	0.0001442650487
265155	0.003095790807
265156	0.003552691045
265157	0.001285659834
265158	0.00405344751
265159	0.00292498627
265160	0.001825930819
265161	0.002016749948
265162	0.001584759971
265163	0.001121251363
265164	0.001110675275
265165	0.001511330977
265166	0.002041160928
265167	0.001265611283
265168	0.002145962831
265169	0.001736642
265170	0.002089200786
265171	0.001151998562
265172	0.001906581394
265173	0.002017062738
265174	0.002287538748
265175	0.001775056516
265176	0.002028802268
265177	0.001618852678
265178	0.001821028999
265179	0.001418581031
265180	0.001322435436
265181	0.001649554333
265182	0.001916343655
265183	0.001971755059
265184	0.002390982385
265185	0.001367716138
265186	0.002089141835
265187	0.00255319007
265188	0.002355768614
265189	0.001565803547
265190	0.001703227283
265191	0.002126353009
265192	0.001993694651
265193	0.001301409413
265194	0.001332633313
265195	0.002212862843
265196	0.001756093749
265197	0.001920203926
265198	0.001584267385
265199	0.001732803294
265200	0.00229979629
265201	0.001022007114
265202	0.001935169436
265203	0.001442555855
265204	0.002219173328
265205	0.001879302147
265206	0.002048997977
265207	0.001985456739
265208	0.001886738711
265209	0.002236944326
265210	0.001863996867
265211	0.001772980195
265212	0.002082803352
265213	0.001770309619
265214	0.001791785661
265215	0.001673410762
265216	0.002393725577
265217	0.0003466490055
265218	0.001809846086
265219	0.00209808622
265220	0.00253947411
265221	0.001668886396
265222	0.002838921502
265223	0.001921597731
265224	0.002355222229
265225	0.001744541092
265226	0.001731046247
265227	0.001652672376
265228	0.001693372651
265229	0.001628890987
265230	0.001192790336
265231	0.001015775635
265232	0.002202176458
265233	0.00165669305
265234	0.001631838497
265235	0.001803706178
265236	0.00158390724
265237	0.001230289515
265238	0.002508373029
265239	0.002015126446
265240	0.001937289367
265241	0.002348021943
265242	0.002450530206
265243	0.001782917993
265244	0.002652484143
265245	0.001662247678
265246	0.001778763506
265247	0.001991915824
265248	0.000639382734
265249	0.001786753922
265250	0.002023981504
265251	0.001460096856
265252	0.002754492754
265253	0.002027038957
265254	0.001397305752
265255	0.002140074501
265256	0.001463090694
265257	0.002004556032
265258	0.001989100998
265259	0.002053828065
265260	0.001832445464
265261	0.001617679226
265262	0.00159980274
265263	0.002226302758
265264	0.001153597811
265265	0.002606144476
265266	0.001565277017
265267	0.001807010721
265268	0.002473501913
265269	0.001768458371
265270	0.001863414715
265271	0.001352701636
265272	0.002047743535
265273	0.001996756503
265274	0.001700366561
265275	0.001949016001
265276	0.002321615002
265277	0.00225060026
265278	0.002226274653
265279	0.001350480514
265280	0.002284745031
265281	0.001413650498
265282	0.001731683692
265283	0.001742588069
265284	0.001432013839
265285	0.0007475234014
265286	0.001583752811
265287	0.002195927979
265288	0.002361155574
265289	0.002266593569
265290	0.002184389546
265291	0.001842515673
265292	0.001985566887
265293	0.002185815178
265294	0.001919972962
265295	0.002155177634
265296	0.003102740734
265297	0.001865333011
265298	0.002422465087
265299	0.002052995359
265300	0.001703734854
265301	0.001757766173
265302	0.001986773984
265303	0.002555339647
265304	0.002476544648
265305	0.002064362483
265306	0.002099679266
265307	0.002295972786
265308	0.002203020013
265309	0.001298139392
265310	0.001919896487
265311	0.002044360031
265312	0.001380989174
265313	0.001394280594
265314	0.001475096468
265315	0.002989668537
265316	0.001855060682
265317	0.0014127593
265318	0.001389563816
265319	0.001859510778
265320	0.00170799047
265321	0.001790730279
265322	0.002334708993
265323	0.001776039382
265324	0.0003395428299
265325	0.002128196771
265326	0.001331645812
265327	0.001852588607
265328	0.001553583773
265329	0.002054110704
265330	0.002147146418
265331	0.001387063802
265332	0.0009208705331
265333	0.001720493515
265334	0.001309489139
265335	0.002164550076
265336	0.001488314829
265337	0.00208724393
265338	0.002200503241
265339	0.001922646252
265340	0.001271818924
265341	0.002557047427
265342	0.001753222336
265343	0.001920513403
265344	0.001993400953
265345	0.002285934926
265346	0.001791956909
265347	0.002118385963
265348	0.00173712696
265349	0.004782059595
265350	0.001809079816
265351	0.0013096917
265352	0.001814062491
265353	0.002768732292
265354	0.001835574066
265355	0.003456592595
265356	0.000651236371
265357	0.0001986496301
265358	0.002533545618
265359	0.002165936043
265360	0.001597005901
265361	0.001967903588
265362	0.0017047124
265363	0.002276452133
265364	0.002379376047
265365	0.001671962055
265366	0.002888209144
265367	0.001764359173
265368	0.001621187606
265369	0.002106050324
265370	0.001726809256
265371	0.001819846964
265372	0.001220898257
265373	0.0001377349857
265374	0.002184856146
265375	0.002631189872
265376	0.001769762265
265377	0.001600945727
265378	0.001486089783
265379	0.001973345996
265380	0.001657425513
265381	0.002325833299
265382	0.001902882192
265383	0.003329713356
265384	0.002971606067
265385	0.002715192995
265386	0.002084041307
265387	0.0003631410559
265388	0.00183688067
265389	0.001946751107
265390	0.001663133532
265391	0.002037813034
265392	0.00151126277
265393	0.001903959222
265394	0.002168249365
265395	0.002352114626
265396	0.0001481897409
265397	0.001720247908
265398	0.002134809324
265399	0.001770150873
265400	0.001934968177
265401	0.00140597895
265402	0.002082989517
265403	0.001463913922
265404	0.001631748263
265405	0.001502604413
265406	0.001422070985
265407	0.001319137757
265408	0.001344513986
265409	0.00212977599
265410	0.001423527421
265411	0.001528815893
265412	0.002222639899
265413	0.001499633197
265414	0.001887413317
265415	0.002364742803
265416	0.002072432246
265417	0.002102778042
265418	0.001170421303
265419	0.001718070743
265420	0.001225674911
265421	0.001509265251
265422	0.002057472493
265423	0.001730702585
265424	0.002380823803
265425	0.00232612164
265426	0.001923239689
265427	0.002183665908
265428	0.002301971252
265429	0.007022500058
265430	0.0006232710131
265431	0.0005571651868
265432	0.002159552461
265433	0.001882756784
265434	0.00437016904
265435	0.003378483099
265436	4.926546126e-05
265437	0.00306725889
265438	0.001625311175
265439	0.003769247122
265440	8.940126586e-05
265441	0.001821109095
265442	0.004034252392
265443	0.002634721515
265444	0.002169650112
265445	0.003415559799
265446	0.004171200898
265447	0.001191024691
265448	0.001634460465
265449	0.001903895197
265450	0.001493572625
265451	0.001864624861
265452	0.0005570770853
265453	0.003967086592
265454	0.0005142528306
265455	0.001351086374
265456	0.000407383833
265457	0.0009130588789
265458	0.003321796594
265459	0.0004412338658
265460	0.0005277968354
265461	0.0002966347918
265462	0.001907273195
265463	0.003997757232
265464	0.0008117428667
265465	0.002062685355
265466	0.003520409258
265467	0.002739737865
265468	0.002888843972
265469	0.001715605507
265470	0.002405546275
265471	0.0001325317756
265472	0.004110729031
265473	0.0003887377746
265474	0.002265458751
265475	0.003769792469
265476	0.002929188068
265477	0.0007388078967
265478	0.001009502795
265479	0.0002906516825
265480	0.004023025476
265481	0.000791441931
265482	0.0009582112203
265483	0.002030033411
265484	0.0008901312672
265485	0.002310213564
265486	0.002882361228
265487	0.002677739483
265488	0.001661023818
265489	0.001942551194
265490	0.005429824645
265491	1.343378674e-05
265492	0.0005021341958
265493	0.002295270707
265494	0.002106074733
265495	0.001491386375
265496	0.001163440545
265497	0.00158192062
265498	0.002343161804
265499	0.0005525396258
265500	0.00123338017
265501	0.003193673849
265502	0.002028254606
265503	0.001187838695
265504	0.00291430294
265505	6.544860944e-05
265506	0.001429672772
265507	0.001686532205
265508	0.000378584148
265509	0.003707110164
265510	0.001731325857
265511	0.001634526114
265512	0.001839260416
265513	0.003033473876
265514	0.002342344758
265515	0.002274815477
265516	0.0003493549746
265517	0.0008451393812
265518	0.001837822188
265519	0.001112729558
265520	0.006586762649
265521	0.0007728438254
265522	0.001641243072
265523	0.001269726003
265524	0.002164396424
265525	0.002292699612
265526	0.004275428468
265527	0.002603387558
265528	0.002906516158
265529	0.001617095523
265530	0.002312588508
265531	0.0002513052188
265532	0.000262096274
265533	0.0007164470064
265534	0.003384405331
265535	0.001168470294
265536	0.002153564997
265537	0.0008504251875
265538	0.001659218263
265539	0.000249100382
265540	0.003317255974
265541	0.0002782091194
265542	0.0007924202949
265543	0.000461319686
265544	0.002036962409
265545	0.002881440025
265546	0.003554293619
265547	0.0008207216571
265548	0.001053370943
265549	0.003819734748
265550	0.001541780678
265551	0.002268041367
265552	0.003391908424
265553	0.005053245443
265554	0.0008885897052
265555	0.001703667572
265556	0.0001950824988
265557	0.0003998953803
265558	0.002284352558
265559	0.0006736542236
265560	0.002143904234
265561	0.001414535112
265562	0.002027452129
265563	0.000174335528
265564	0.001954987848
265565	0.004645297304
265566	0.001533525069
265567	0.003297239493
265568	0.0004788387786
265569	0.0004667099633
265570	0.0008219031518
265571	0.001355487328
265572	0.0005628616655
265573	0.003321271968
265574	0.001148367394
265575	0.002229241041
265576	0.0002971142797
265577	0.0003516467138
265578	0.0006779801747
265579	0.0002437080186
265580	0.001928791786
265581	0.0009443131169
265582	0.0007508197298
265583	0.001634214687
265584	0.0005758966861
265585	0.0001170427918
265586	0.001325317056
265587	0.001429336687
265588	0.00263369289
265589	0.001462453705
265590	0.001579376619
265591	0.003105925946
265592	0.0004857877292
265593	0.001894399204
265594	0.002215949487
265595	0.000354333882
265596	0.0005159783571
265597	4.652362344e-05
265598	0.0006847102948
265599	0.001778925278
265600	0.002226501211
265601	3.817965447e-05
265602	0.002446959723
265603	0.001765488158
265604	0.0007695814611
265605	0.001585431722
265606	0.002187048415
265607	0.002030460676
265608	0.001945702454
265609	0.001279939371
265610	0.00111454321
265611	0.002570837024
265612	0.002219374491
265613	0.002002666694
265614	0.001751173156
265615	0.002384128875
265616	0.001660951203
265617	0.001289667183
265618	0.001958803452
265619	0.002032859977
265620	0.0009432532641
265621	0.00119764015
265622	0.002525519364
265623	0.002015266999
265624	0.001358849714
265625	0.001832079502
265626	0.002085566866
265627	0.003088925025
265628	0.002119445531
265629	0.001956519667
265630	0.001911883127
265631	0.001558369197
265632	0.001851110295
265633	0.001716817684
265634	0.001715540319
265635	0.001483646541
265636	0.001684728636
265637	0.001063430134
265638	0.001352538669
265639	0.002343316857
265640	0.0001345333439
265641	0.002076092857
265642	0.002417242313
265643	0.002766669787
265644	0.001519931028
265645	0.001851807108
265646	0.002559082545
265647	0.001595299821
265648	0.001716018757
265649	0.002472300745
265650	0.002095490382
265651	0.001314845089
265652	0.001357388756
265653	0.001884954308
265654	0.001700551992
265655	0.001880351469
265656	0.001641726436
265657	0.002073006509
265658	0.002113018972
265659	0.002332071824
265660	0.001489656483
265661	0.00154386464
265662	0.0006262849493
265663	0.001675220287
265664	0.001340165121
265665	0.0007498935906
265666	0.001330203387
265667	0.002173728882
265668	0.0009632289122
265669	0.002270778058
265670	0.003008289501
265671	0.0007402643655
265672	0.0004072680367
265673	0.0008159002909
265674	0.00106818448
265675	0.001586052309
265676	0.001205432323
265677	0.002046542883
265678	0.002907363317
265679	0.001229644905
265680	0.001925093512
265681	0.001985223047
265682	0.001535978963
265683	0.002074176574
265684	0.00192560558
265685	0.001784252651
265686	0.003359653851
265687	0.001481412266
265688	0.002045684853
265689	0.001111499791
265690	0.001844059571
265691	0.002236368815
265692	0.002142390229
265693	0.001394893354
265694	0.001251514167
265695	0.001444570233
265696	0.001783911102
265697	0.001489563103
265698	0.001595334907
265699	0.001699537206
265700	0.002030461697
265701	0.002184173668
265702	0.001178490849
265703	0.002368846163
265704	0.001832806405
265705	0.001606416713
265706	0.001466175997
265707	0.001202715217
265708	0.001988924723
265709	0.003448186974
265710	0.001530566573
265711	0.001105701552
265712	0.001101722662
265713	0.003987518635
265714	0.00206910374
265715	0.001635257135
265716	0.001231073184
265717	0.004018008774
265718	0.001802567914
265719	0.002544281329
265720	0.00392335816
265721	0.0009759152893
265722	0.002302208724
265723	0.001259835682
265724	0.003379145412
265725	0.001229123759
265726	0.0003796429025
265727	0.001773956615
265728	0.001251519075
265729	0.0009745089328
265730	0.003037384866
265731	0.003075001
265732	0.0005803900807
265733	0.0005236868683
265734	0.001150281852
265735	0.000408434216
265736	0.001675188542
265737	0.001259416248
265738	0.002233700883
265739	0.003229760822
265740	0.002971800486
265741	0.004716081939
265742	0.002181426471
265743	0.001861415251
265744	0.0003431440709
265745	0.001838436707
265746	0.001616352923
265747	0.002502781524
265748	0.0001140844764
265749	0.0008051339275
265750	0.0004040658866
265751	0.001463390777
265752	0.001997868725
265753	0.004657752781
265754	0.001053992877
265755	0.0008609871408
265756	0.0008073149118
265757	0.001600950624
265758	0.001716356263
265759	0.002153529624
265760	0.001605543976
265761	0.002592270942
265762	0.001486528463
265763	0.001837956727
265764	0.001400824314
265765	0.0003162708425
265766	0.001751041509
265767	0.001856063353
265768	0.002729339278
265769	0.00189769142
265770	0.001648743688
265771	0.002682452552
265772	0.001840211842
265773	0.001840201749
265774	0.002261029676
265775	0.00118875692
265776	0.001822680219
265777	0.00148761688
265778	0.00158042677
265779	0.001371304075
265780	0.001879842736
265781	0.001790926827
265782	0.002109554029
265783	0.001628095977
265784	0.001881684555
265785	0.00120949433
265786	0.001564132191
265787	0.002199388199
265788	0.001920723653
265789	0.00177227014
265790	0.001975087549
265791	0.002045202894
265792	0.002499710936
265793	0.00216754763
265794	0.001106626722
265795	0.0005502323268
265796	0.001238678558
265797	0.002050434041
265798	0.001544857761
265799	0.001503430172
265800	0.001900542103
265801	0.001767744029
265802	0.0002605566313
265803	0.001101621508
265804	0.001348359627
265805	0.003212733028
265806	0.0005015876232
265807	0.0004994173734
265808	0.0003051122972
265809	0.0006163026362
265810	0.001094900542
265811	0.001977247899
265812	0.0005960549246
265813	0.002577502547
265814	0.0004097580609
265815	0.00566807197
265816	0.001011841795
265817	0.002909675446
265818	0.00159425131
265819	0.002852388449
265820	0.002918622535
265821	0.0007056636331
265822	0.001543272167
265823	0.001970706528
265824	0.00122861256
265825	0.007032893034
265826	0.001700146228
265827	0.001612836126
265828	0.001181030737
265829	0.002437163315
265830	0.00204285277
265831	0.0003663598063
265832	0.001982277778
265833	0.001107893525
265834	0.007301329831
265835	0.001340088276
265836	0.003930457431
265837	0.002248017223
265838	0.00142884915
265839	0.001269457133
265840	0.001010638953
265841	0.001590369295
265842	0.001730944184
265843	0.0003082501734
265844	0.001604508508
265845	0.000841142689
265846	0.0008737748111
265847	0.0008573089092
265848	0.002418286989
265849	0.001264944441
265850	0.0007314929357
265851	0.002753958287
265852	0.001343675327
265853	0.001180082072
265854	0.001650701988
265855	0.00464484538
265856	0.0004579049533
265857	0.004240878615
265858	0.0008958212574
265859	0.003004491451
265860	0.003330121336
265861	0.0009166164698
265862	0.002067851065
265863	2.234069523e-05
265864	0.002411526009
265865	0.003020762641
265866	0.0006698100251
265867	0.003423623492
265868	0.001850196816
265869	0.001245170183
265870	0.001020256017
265871	0.0003488618633
265872	0.0001052755119
265873	0.0003264876775
265874	0.0002223967568
265875	0.001299203183
265876	0.003559671467
265877	0.002995273827
265878	0.002908877753
265879	0.0009689535006
265880	0.0002355787993
265881	0.0009752839907
265882	0.002368794835
265883	0.0004666099541
265884	0.0001246962539
265885	0.002298700334
265886	0.001821822108
265887	7.141617146e-05
265888	0.001605504155
265889	8.572978218e-05
265890	0.003287557514
265891	0.0005861311826
265892	0.001655009081
265893	0.003101982986
265894	0.001986701616
265895	0.004361418444
265896	0.003433945375
265897	0.002701758896
265898	0.002715712978
265899	0.000533655176
265900	0.000552415963
265901	0.0004032163756
265902	0.004277466179
265903	0.004334716287
265904	0.0007646875794
265905	0.000500934178
265906	0.00309238312
265907	0.002612518774
265908	6.4853314e-05
265909	0.001726386366
265910	0.0008519225668
265911	0.001218775229
265912	0.001713348459
265913	0.003410540625
265914	0.002838055654
265915	0.003207479969
265916	0.0005497405635
265917	0.0002471260525
265918	0.0005455670412
265919	0.0005786422965
265920	0.003787798517
265921	0.0006113916632
265922	0.002129507104
265923	0.002726838606
265924	0.0003356490644
265925	0.001064537981
265926	0.001484693581
265927	0.0008888563406
265928	0.002389022106
265929	0.001247834348
265930	0.002842751061
265931	0.000604660658
265932	0.001655896423
265933	0.0006380294511
265934	0.000533335601
265935	0.002982811038
265936	0.002654418328
265937	0.001185491244
265938	9.241546377e-05
265939	0.0001355399529
265940	0.001282460515
265941	0.00101376018
265942	0.003201845155
265943	0.003695367668
265944	0.005139804623
265945	0.0003217694513
265946	0.0009477284842
265947	0.001552727293
265948	0.001760137747
265949	0.00190322367
265950	0.001931588752
265951	0.002433186789
265952	0.004104762329
265953	0.002428325299
265954	0.001508299874
265955	0.001510747534
265956	0.003087217664
265957	0.001422474081
265958	0.00500665244
265959	0.002654827457
265960	0.0006388407705
265961	0.002722894916
265962	0.002081583198
265963	0.001447875831
265964	0.003882630711
265965	0.001206849526
265966	0.001293390225
265967	0.001645623201
265968	0.0003574973174
265969	0.004076178109
265970	0.0008345388151
265971	0
265972	0.00312249902
265973	0.004686295965
265974	0.001226508106
265975	0.0007730000652
265976	0.0007549120975
265977	0.001321987378
265978	0.00437558043
265979	0.003012156978
265980	0.001129864564
265981	0.0007926908911
265982	0.002107755926
265983	0.001869262611
265984	0.0005193644229
265985	0.001632916359
265986	0.0003389737095
265987	0.002222202816
265988	0.001962029148
265989	0.002098393469
265990	0.002239745229
265991	0.004086621293
265992	0.0008125593837
265993	0.001580657969
265994	0.0008355135372
265995	2.267909904e-05
265996	0.0005524954349
265997	0.006048459221
265998	1.611017996e-05
265999	0.00321937155
266000	0.0008655825507
266001	0.002423064869
266002	0.00109375197
266003	0.0006653595667
266004	0.001820757197
266005	0.0005159309466
266006	0.001766981832
266007	0.001194468729
266008	7.22785371e-05
266009	0.0005784270281
266010	0.0008251566878
266011	0.004555042517
266012	0.001458573878
266013	0.004557232295
266014	0.005319467308
266015	0.0005053370847
266016	0.003351774887
266017	0.0006103943847
266018	0.002966300017
266019	0.003136147691
266020	0.002110768595
266021	0.002952016295
266022	0.002563364658
266023	0.0009891901386
266024	0.00089723718
266025	0.001453335253
266026	0.001432226697
266027	0.001197387062
266028	0.001520220157
266029	0.001089540512
266030	0.00169116766
266031	0.001551022232
266032	0.001282293248
266033	0.002468699975
266034	0.0005644208636
266035	0.001652504878
266036	0.0005299982006
266037	0.0003534922528
266038	0.002000677661
266039	0.00106445112
266040	0.0008425550958
266041	0.001697497923
266042	0.0003891006613
266043	0.0001109043774
266044	0.0005237325736
266045	0.0001831966303
266046	0.002124691385
266047	0.00118628128
266048	0.003674907678
266049	0.004279158895
266050	0.0024451896
266051	0.001951889406
266052	0.006892798549
266053	0.002435245616
266054	0.001760462522
266055	0.001121673992
266056	0.0008723073381
266057	0.003046420435
266058	0.001441255235
266059	0.00118153333
266060	0.0004236875257
266061	0.00147274825
266062	0.00162844079
266063	0.003783099924
266064	0.0009247621236
266065	0.003180638725
266066	0.003365684735
266067	0.001806531821
266068	0.003365714324
266069	0.006227984397
266070	0.006045524028
266071	0.003070338278
266072	0.001634732363
266073	0.00134004668
266074	0.001574813273
266075	0.003755869053
266076	0.0005033898906
266077	0.00121938788
266078	0.001526452193
266079	0.0001652398586
266080	0.001528960415
266081	0.0007134671834
266082	0.0003114613298
266083	0.002358961001
266084	0.001069357122
266085	0.0004885327293
266086	0.00128194028
266087	0.0008422577311
266088	5.275845795e-05
266089	0.0008734888573
266090	0.001639497476
266091	0.001180576092
266092	0.002898253287
266093	0.000461433395
266094	0.0004738074076
266095	0.0005150505349
266096	0.001098663493
266097	2.394980572e-05
266098	0.002410283512
266099	0.001088565882
266100	0.0008075075128
266101	0.0002053642689
266102	2.355208625e-05
266103	0.003154585833
266104	0.0009854570889
266105	0.001398146539
266106	0.001773361198
266107	0.001936868445
266108	0.002510196497
266109	0.004574711895
266110	0.001716802732
266111	0.003542446767
266112	0.00239929171
266113	0.0006622082732
266114	0.004168869553
266115	4.100654979e-05
266116	0.002068650445
266117	0.0005529922391
266118	0.0001492299484
266119	1.890851388e-05
266120	0.0005579806564
266121	0.0004064454679
266122	0.0009798706619
266123	0.0002671836604
266124	0.0005819397759
266125	0.0004973843725
266126	0.0009351711142
266127	0.0005965539375
266128	0.002126640971
266129	0.001201622113
266130	0.001880575992
266131	0.001230528135
266132	0.006474758379
266133	0.0009529376254
266134	0.0006359782123
266135	0.0006417238909
266136	0.0001603919058
266137	0.001477509137
266138	0.003457207609
266139	0.0002103358516
266140	0.0006183887677
266141	0.0008243750836
266142	0.000343491847
266143	0.005504944221
266144	0.002602001295
266145	0.001761309455
266146	0.002123006423
266147	0.00185361154
266148	0.0004115096054
266149	0.002491842588
266150	0.001209494877
266151	0.002914399021
266152	0.0003403094183
266153	0.001996729365
266154	0.002855999853
266155	0.00023556098
266156	0.002348098368
266157	7.968390273e-05
266158	0.0005451458075
266159	0.002421848407
266160	0.0001177562854
266161	0.001258571812
266162	0.0004839867795
266163	0.0001865666497
266164	0.001092665166
266165	0.001663564458
266166	0.002231863178
266167	0.003390686824
266168	0.006636310927
266169	0.000925917364
266170	0.0006326353243
266171	0.002642217735
266172	0.0006081935117
266173	0.0002470571718
266174	0.0001805363781
266175	0.0002026209515
266176	0.0001097257084
266177	1.844970898e-05
266178	0.0002497226594
266179	0.0006738201774
266180	0.0001961839647
266181	0.0001243125936
266182	0.000968486611
266183	0.0003911089892
266184	4.253910042e-05
266185	0.0003653562908
266186	0.000222816432
266187	0.0004866883282
266188	0.0005521659185
266189	0.0006276102538
266190	0.0001968803415
266191	0.0003726174463
266192	0.001320310572
266193	0.0001463966756
266194	0.0007181672766
266195	0.0002929646544
266196	0.0003962637205
266197	0.0001568382855
266198	0.0002116294443
266199	0.0005242428134
266200	9.016804096e-06
266201	9.68956703e-05
266202	0.000193776815
266203	3.719111071e-05
266204	0.0002596304401
266205	7.761701831e-05
266206	0.000216117945
266207	0.0002095890045
266208	0.0001902276417
266209	9.55342688e-05
266210	0.0001734162339
266211	0.0002880799236
266212	4.497296316e-05
266213	8.822172396e-05
266214	6.741149143e-05
266215	2.821259932e-05
266216	0.0004214856989
266217	0.0006292035384
266218	0.0001175318541
266219	2.982930576e-06
266220	0.0003229575446
266221	0.0002301252466
266222	0.0001559121381
266223	0.0003059543646
266224	7.308882385e-05
266225	0.0002090335746
266226	0.0002429577843
266227	0.0006951625249
266228	9.539159097e-05
266229	0.0006603156829
266230	0.0003455183651
266231	0.0002474207908
266232	0.0006206609654
266233	5.89960495e-06
266234	0.0002885042656
266235	0.000221852434
266236	5.624695546e-05
266237	0.0006717029229
266238	0.0001026993831
266239	0.0004572801546
266240	7.096668565e-05
266241	2.317251401e-05
266242	0.0003215422182
266243	0.0003399178082
266244	0.000379387694
266245	0.0001802794127
266246	0.0006690544567
266247	0.0001961569622
266248	0.0008261004239
266249	0.0001539416831
266250	0.0001161754622
266251	4.636885909e-05
266252	0.0003073271317
266253	1.10979989e-05
266254	7.797047685e-05
266255	0.0004023767539
266256	0.0002965072191
266257	0.0002807804604
266258	0.0001331923181
266259	0.0004517144103
266260	0.0003075614263
266261	0.0004562561604
266262	8.742644914e-05
266263	9.498497873e-05
266264	8.545439937e-05
266265	9.929567896e-05
266266	4.381696173e-05
266267	1.738126665e-05
266268	0.0003596202003
266269	0.000907645292
266270	4.918784947e-05
266271	0.0005268662657
266272	0.0001452190614
266273	0.0003395000054
266274	0.0006195679713
266275	0.000263013084
266276	0.0004488162083
266277	0.0003202931538
266278	0.0003793056588
266279	0.0001429776912
266280	0.0001566656379
266281	0.0001166700188
266282	0.0001996415635
266283	0.0002591738669
266284	0.0005121785455
266285	0.0001928990723
266286	5.670423959e-05
266287	0.0004650371177
266288	2.60969777e-05
266289	2.740222415e-05
266290	3.826016215e-05
266291	4.055844574e-05
266292	0.0001480708941
266293	0.000346706061
266294	5.492761453e-06
266295	0.0004662851448
266296	0.0002974383569
266297	0.0001992803196
266298	0.0003693409191
266299	0.0004873603038
266300	0.0002514648336
266301	9.58506178e-06
266302	7.167475101e-05
266303	0.000711750694
266304	0.0001732593834
266305	0.0008127113132
266306	2.834830189e-05
266307	0.0004299998784
266308	0.0001299346783
266309	5.701716914e-05
266310	0.0001690003113
266311	0.0002403786102
266312	0.000101298999
266313	0.0001059060461
266314	0.0003397304752
266315	7.24889441e-05
266316	0.0003784415273
266317	4.145170375e-05
266318	0.0004731477633
266319	0.0002149655666
266320	0.0002329706528
266321	0.0009234022879
266322	0.0004078427327
266323	7.244082621e-05
266324	0.0004859667671
266325	8.680018681e-05
266326	0.0002127222457
266327	0.0006556060076
266328	0.0002346588864
266329	0.0003315336285
266330	0.0001804094208
266331	0.0001818193485
266332	0.0003603082145
266333	8.620966111e-05
266334	1.438291513e-06
266335	1.50381496e-07
266336	0.0003778306893
266337	0.0008200413771
266338	0.0006172696697
266339	0.0004829103729
266340	0.001540545346
266341	6.401951688e-05
266342	7.426676141e-06
266343	0.0001446883005
266344	0.00108376579
266345	0.00148342418
266346	0.0003194994283
266347	0.002077624048
266348	0.005423841695
266349	0.0009332524048
266350	3.230081223e-05
266351	0.003160995655
266352	0.001822267531
266353	0.001604887357
266354	0.0001563365999
266355	0.0006766859705
266356	0.001235626327
266357	0.001963798972
266358	0.0005099587272
266359	0.004385411337
266360	0.0009218251525
266361	0.0007486300234
266362	0.003809185782
266363	0.002811252456
266364	0.00486453221
266365	0.002297735517
266366	0.0003091448597
266367	0.0009832446796
266368	0.00362530352
266369	0.004706313881
266370	0.002399942108
266371	0.004557275283
266372	0.00172181552
266373	0.0006121105107
266374	0.002419050043
266375	0.0004407461682
266376	0.001158785602
266377	0.0006486517658
266378	0.007263241212
266379	0.004147409387
266380	0.002872946764
266381	0.0002313483607
266382	0.009401027302
266383	0.001144382721
266384	0.002504091498
266385	0.002386239055
266386	0.001606079068
266387	0.00338556653
266388	0.00210972808
266389	0.001282829371
266390	0.002259693505
266391	0.002884485125
266392	0.002643808295
266393	0.001298305965
266394	0.0006929566617
266395	0.002302262829
266396	0.004205630776
266397	0.0008364558859
266398	0.0002805848817
266399	0.00211674643
266400	0.0009159747185
266401	0.00355223791
266402	0.002196366946
266403	0.004386191238
266404	0.003804640624
266405	0.003451400531
266406	0.002960796897
266407	0.0009621494625
266408	0.004017580159
266409	0.002770323047
266410	0.0002022516975
266411	0.003588798574
266412	0.004772502143
266413	0.0005711818092
266414	0.002073141711
266415	0.002390501975
266416	0.001098141375
266417	0.00158538422
266418	0.0005127235209
266419	0.001151694832
266420	0.001867032613
266421	7.245041289e-05
266422	0.002089382268
266423	0.0004691732033
266424	0.003070192971
266425	0.0006503785405
266426	0.0001797145441
266427	0.002562886382
266428	0.0004828403652
266429	6.426062419e-05
266430	0.001616139258
266431	0.001511159238
266432	0.00054119335
266433	0.0008824324863
266434	0.001411857362
266435	7.054307995e-05
266436	0.008822829516
266437	0.005517390756
266438	0.002239216652
266439	0.003105008623
266440	0.001473553271
266441	0.0007216460313
266442	0.005383836837
266443	0.002423228238
266444	0.001084921502
266445	0.003165527895
266446	0.001200165088
266447	0.005858440952
266448	0.001137241495
266449	0.0009073068245
266450	0.000524274285
266451	0.003283979207
266452	0.002884154849
266453	0.00055288892
266454	0.002519064232
266455	0.0003857975445
266456	0.002047412528
266457	0.0003146405409
266458	0.006272677098
266459	0.002064801606
266460	0.003828176883
266461	0.0003856173656
266462	0.004417367227
266463	0.005517431789
266464	0.000398383131
266465	0.003747175271
266466	0.002662065557
266467	0.007261894322
266468	0.0005258516362
266469	0.004320198365
266470	0.0004759999946
266471	0.001230951319
266472	0.0007741260732
266473	0.005107789325
266474	0.001319477452
266475	0.0006728707159
266476	0.0007553304775
266477	0.001421122113
266478	0.001731543457
266479	0.002442156119
266480	0.004228950519
266481	0.0006527501389
266482	0.002002583383
266483	0.001804962227
266484	0.001209949211
266485	0.003165896446
266486	0.003132861137
266487	0.001033227183
266488	0.004546601692
266489	0.0048378139
266490	0.001197020106
266491	0.0004872522063
266492	0.0002445468827
266493	0.0003543707653
266494	0.0004831701511
266495	0.007891349177
266496	0.001636204464
266497	0.002316153757
266498	0.004867801503
266499	0.0004782462068
266500	0.0007546768592
266501	0.002522233904
266502	0.0008603317832
266503	0.002745140508
266504	0.0004747601613
266505	0.0001115478761
266506	0.000253071448
266507	0.0006800749273
266508	0.001247307408
266509	0.0007680259594
266510	0.0001276464048
266511	0.0009635647979
266512	1.822547651e-05
266513	0.000322541733
266514	0.001989707989
266515	0.0001823601467
266516	0.0003746226532
266517	0.001711656027
266518	6.728314422e-06
266519	0.0003631953674
266520	4.712913477e-05
266521	0.0001420089953
266522	9.663369405e-05
266523	7.286368112e-05
266524	0.0003245703172
266525	0.0004599150129
266526	0.0002940171789
266527	0.0006367436695
266528	0.0002515177831
266529	0.0002745835301
266530	0.0004010951191
266531	9.845168014e-05
266532	0.0002869019836
266533	0.0002967312252
266534	0.0001869414537
266535	0.0003057053538
266536	5.48215603e-05
266537	0.001323067423
266538	0.001376271903
266539	0.0004178401915
266540	0.0003067563735
266541	5.762256138e-05
266542	0.001049253703
266543	0.0003027236351
266544	0.0002026062165
266545	0.0007178813271
266546	0.000272903536
266547	0.0004323961223
266548	7.534845213e-05
266549	0.000792515679
266550	0.001049318331
266551	0.0004955693134
266552	0.0001258035263
266553	2.797246278e-05
266554	2.713950216e-06
266555	0.0003858388804
266556	2.195848947e-05
266557	0.0007952656786
266558	0.0005288571312
266559	0.0006356091544
266560	2.236966529e-05
266561	0.002011114788
266562	7.441229962e-05
266563	4.481270747e-05
266564	7.327767229e-05
266565	0.0003276662609
266566	0.001354717531
266567	0.0005629964641
266568	0.0003873509641
266569	0.0002516236876
266570	0.0001374687492
266571	0.000772578512
266572	0.002691402829
266573	0.0002262503467
266574	0.001511518569
266575	0.001325141255
266576	0.0006476213249
266577	0.0004260347274
266578	0.0001513849056
266579	0.0005561290005
266580	0.000398794664
266581	4.798552838e-05
266582	0.0002244048659
266583	0.000100518842
266584	3.83719927e-05
266585	0.0007117702965
266586	0.0001153311904
266587	0.0001175754371
266588	0.0004547127461
266589	0.0008733818057
266590	0.001078923303
266591	0.0001153173989
266592	5.525233163e-05
266593	0.0003390375446
266594	3.053463204e-05
266595	0.000155052685
266596	0.001065356942
266597	0.000551767426
266598	4.084066386e-05
266599	0.000833110857
266600	0.0006634555841
266601	0.0001577317294
266602	0.0003251276076
266603	7.969403865e-05
266604	1.951952078e-05
266605	0.0004130717524
266606	9.288650076e-05
266607	0.0002302757871
266608	0.0006624177182
266609	0.0008304433891
266610	6.265853352e-05
266611	4.271279588e-05
266612	0.0002602329262
266613	0.0001137429343
266614	0.001070426129
266615	9.523385322e-05
266616	0.0002820028465
266617	0.001303805953
266618	0.00183486244
266619	0.0003148460503
266620	0.0004111247836
266621	0.0005736215721
266622	0.0006026357642
266623	4.210536915e-05
266624	0.0003930072245
266625	0.0003015210123
266626	0.001462387401
266627	0.001478320868
266628	0.001008293392
266629	6.674220269e-05
266630	0.0001822449635
266631	0.002774640616
266632	0.00030029092
266633	0.0001053347762
266634	0.0003232573439
266635	0.001386135375
266636	0.0001199829001
266637	0.0002133962812
266638	0.0001392646914
266639	0.0009479050753
266640	0.000129183657
266641	0.0007814821983
266642	0.0003215345526
266643	0.0003316066745
266644	0.0004126060529
266645	0.0004208968221
266646	3.586925549e-05
266647	5.614324385e-05
266648	0.0002029886495
266649	7.038148963e-05
266650	0.0001131361665
266651	0.0009735897912
266652	0.0004632158749
266653	0.000139092251
266654	0.001503464235
266655	0.0005854615265
266656	0.0006967074135
266657	0.000101600216
266658	0.0003386255024
266659	0.0006398135118
266660	0.0001826893949
266661	0.0009639830891
266662	0.0008444313999
266663	0.0006466054721
266664	0.0002949386426
266665	0.0003029412719
266666	0.002480189
266667	0.002144655232
266668	0.0005166102179
266669	0.0005038007589
266670	0.0002867994005
266671	0.0002135681784
266672	0.003484088095
266673	0.0001621219581
266674	0.000278100185
266675	0.00286070308
266676	0.0008953299187
266677	0.0009601876332
266678	9.899931126e-05
266679	0.001106691248
266680	0.0001346052807
266681	0.0004177667758
266682	0.0004539391104
266683	0.0002274679069
266684	0.0002068972539
266685	2.794770328e-05
266686	0.0003289846325
266687	0.0006901885951
266688	0.0004709419515
266689	0.0004452807323
266690	0.00084793987
266691	0.003834672886
266692	0.0001061698023
266693	0.0001000249163
266694	0.001619585027
266695	6.954997896e-05
266696	0.0008213229328
266697	0.001118354886
266698	0.001504227592
266699	0.0004855030335
266700	6.374742942e-06
266701	3.778103246e-05
266702	0.0003845456617
266703	0.0004088955058
266704	0.001812145175
266705	0.0002681629439
266706	0.0001488108954
266707	0.002315954981
266708	0.00426733848
266709	1.066609403e-05
266710	0.0001147694272
266711	0.0001310516314
266712	0.001054532795
266713	0.0005726863662
266714	0.0009596503783
266715	0.0007772029441
266716	0.001844917389
266717	0.002823289813
266718	5.254007441e-05
266719	0.00128676633
266720	0.0002804826351
266721	0.0009114615828
266722	0.0006946498789
266723	0.0004044761119
266724	2.779254301e-05
266725	0.000402956552
266726	8.386704848e-05
266727	0.0002058553767
266728	9.019472458e-05
266729	0.0005722074135
266730	0.0003441852813
266731	7.345833682e-05
266732	0.000386737462
266733	0.0003616846347
266734	0.0003536656442
266735	0.0001501159899
266736	0.0009117265172
266737	0.0007240458443
266738	0.000103592079
266739	0.0001142452164
266740	0.0007929211803
266741	7.270919747e-06
266742	0.0007996044375
266743	7.326887267e-05
266744	0.0006729237799
266745	0.0002736917939
266746	0.001844365755
266747	4.412385597e-06
266748	0.0002949913561
266749	0.0002067548207
266750	0.0001168766295
266751	0.0004134143666
266752	0.0004799800008
266753	0.0002453928861
266754	0.0004840041328
266755	1.755801132e-07
266756	0.0004972682729
266757	3.751317892e-05
266758	0.0002651194418
266759	0.0001661351776
266760	0.0006857974967
266761	0.000543857803
266762	0.0002144306761
266763	0.0002469610285
266764	0.0002912999511
266765	0.0003183067632
266766	0.0002125580195
266767	0.00050012021
266768	0.0004990413258
266769	7.575103649e-05
266770	0.0004009012666
266771	0.0001815643546
266772	0.0001086700943
266773	0.0003930126893
266774	0.00363557684
266775	0.0001789186136
266776	0.0003761221974
266777	0.0002136325139
266778	0.000561518662
266779	0.0003582336294
266780	0.0004428339126
266781	8.587225416e-06
266782	0.0001856766535
266783	1.746816777e-05
266784	0.0001011013272
266785	1.901198336e-05
266786	0.0001461677154
266787	0.0001226473397
266788	0.0007765389512
266789	8.808862924e-05
266790	0.0005978413732
266791	0.00039601642
266792	0.0002163798122
266793	0.0001903286292
266794	1.257103719e-05
266795	0.0001832279777
266796	4.441630019e-05
266797	0.0008552495258
266798	0.0001592216833
266799	0.002679015177
266800	0.000576488205
266801	0.0002323500942
266802	0.0002118048048
266803	0.0003892737697
266804	0.0002181989453
266805	0.000733928015
266806	0.002005476651
266807	0.0001241756914
266808	1.091036247e-05
266809	0.0001617009968
266810	0.0001754551606
266811	0.0005890783751
266812	0.0001600349019
266813	0.001554698025
266814	2.466520189e-05
266815	0.0005580132705
266816	0.002567089842
266817	0.0005987361456
266818	0.0004772698458
266819	4.025263005e-05
266820	0.0004044337608
266821	0.0005264988936
266822	0.0004120458252
266823	0.0007103945751
266824	7.198588066e-06
266825	1.057649045e-05
266826	0.0008417370019
266827	0.0004591583626
266828	0.0002395362471
266829	0.0001290724482
266830	0.0002522787537
266831	0.0001108811112
266832	0.0006934834572
266833	0.000209537839
266834	4.215543947e-05
266835	0.0001775551079
266836	6.715488074e-05
266837	8.636477314e-05
266838	0.0006229156966
266839	0.0001539630101
266840	0.001162877678
266841	0.0003134461763
266842	0.0009210485012
266843	0.0001992669279
266844	0.0003690350135
266845	0.0006332316684
266846	0.000497468329
266847	0.0003599793959
266848	0.0007005690685
266849	0.0002061364644
266850	3.174283561e-05
266851	0.0001096729083
266852	3.391701767e-06
266853	0.0008931314475
266854	0.001571477168
266855	0.0003850226068
266856	4.799424503e-05
266857	0.0001548217108
266858	0.001823044081
266859	0.001101713529
266860	0.002099810111
266861	1.673799139e-05
266862	2.901499653e-05
266863	1.152137922e-05
266864	0.001598839664
266865	2.537023939e-05
266866	0.000242568407
266867	7.26682414e-05
266868	0.0004232669673
266869	7.872908516e-05
266870	0.0002681301728
266871	0.0001946327744
266872	0.001569196662
266873	8.824037602e-05
266874	0.0001645479827
266875	9.381484104e-05
266876	7.494419139e-05
266877	5.603258079e-05
266878	0.0002163612576
266879	0.0005059818841
266880	0.0004846168477
266881	0.0008424500673
266882	0.0005562102963
266883	0.0002058537107
266884	0.0003608231813
266885	0.0007133973636
266886	0.001617042434
266887	0.0002951833023
266888	0.001822582385
266889	0.0002692427336
266890	0.0001394804829
266891	0.0004070883044
266892	0.0001545058239
266893	0.0002775995567
266894	0.0002490300167
266895	0.0007898113868
266896	0.004164713308
266897	5.701857053e-05
266898	0.0002319636373
266899	7.996242336e-05
266900	2.805414896e-06
266901	0.0003955255575
266902	0.0001103908298
266903	0.002729893648
266904	8.542442398e-05
266905	0.000678536966
266906	0.000392049627
266907	0.0009229020674
266908	0.0007210618749
266909	0.0007369100364
266910	0.0004695797778
266911	0.0004658383052
266912	0.0003766776022
266913	0.002374125226
266914	0.0003107288322
266915	0.0005972393936
266916	0.001938386636
266917	0.0004798176587
266918	0.0001376841369
266919	0.0001589023165
266920	0.000400674811
266921	0.0005855914941
266922	0.0005107104113
266923	0.0005288582265
266924	3.610460704e-05
266925	0.0009597422937
266926	0.0002924437281
266927	6.047122218e-05
266928	0.0004237846916
266929	7.176210132e-06
266930	0.003162130827
266931	0.0002340976188
266932	0.0001459803939
266933	0.0008786940574
266934	8.480105843e-05
266935	2.375174982e-05
266936	0.0001721690343
266937	5.772494944e-05
266938	0.0001262630626
266939	0.0004906015143
266940	0.0001088648951
266941	0.0002969857623
266942	7.167485134e-05
266943	0.0001990340603
266944	0.0002024254183
266945	8.812148338e-05
266946	0.0001824736887
266947	0.0002209094631
266948	0.001611711548
266949	5.757243448e-05
266950	0.0003670044368
266951	0.0003201106863
266952	0.0001165681117
266953	8.725938568e-05
266954	0.0003297681737
266955	0.0005492985905
266956	0.0004544570217
266957	0.0002322280092
266958	0.0008012155749
266959	0.0004402232356
266960	0.0002520496452
266961	0.001979451408
266962	0.00072703556
266963	0.0002598087065
266964	0.0009406770521
266965	0.0005591351175
266966	0.0001583351996
266967	0.001612228378
266968	0.0001736751342
266969	0.0007924787866
266970	0.0001393619484
266971	4.291823291e-05
266972	0.0001091730435
266973	2.444283333e-05
266974	7.082061957e-05
266975	0.001363271954
266976	0.0005762440381
266977	1.381882315e-05
266978	0.0005571288784
266979	0.0001762366163
266980	0.0002118202622
266981	0.003979846663
266982	0.0001555083599
266983	4.55750777e-05
266984	0.0004969582338
266985	7.947811615e-05
266986	0.0003866849996
266987	9.681002907e-05
266988	0.0005062922208
266989	0.0001255765518
266990	0.0003221942285
266991	1.05693514e-05
266992	0.0007634778859
266993	2.172911546e-05
266994	7.66493634e-05
266995	0.0001248434857
266996	0.0002992109907
266997	8.687780958e-05
266998	0.0004147269694
266999	0.001266568188
267000	0.002174371385
267001	4.277971664e-05
267002	0.0006180018547
267003	0.001273524712
267004	0.0001161136832
267005	0.0002607389433
267006	0.0006186491624
267007	0.001582248037
267008	6.692405956e-05
267009	0.0008602750255
267010	0.002085575036
267011	0.001017080329
267012	2.15436624e-05
267013	0.0004117220554
267014	0.0002058378444
267015	0.0005767854665
267016	0.0001304108452
267017	0.0005364974981
267018	0.0008405495515
267019	0.0003930813962
267020	0.0004926177673
267021	0.0003118974216
267022	0.0002898338738
267023	9.565832719e-06
267024	0.0002146690713
267025	0.0001280876265
267026	0.000407219386
267027	0.0003183321757
267028	0.000329675609
267029	0.0006175850395
267030	0.0009596288148
267031	0.001362870531
267032	0.0001198817773
267033	4.060368593e-05
267034	0.000226108776
267035	0.0004395619528
267036	0.0005676851581
267037	0.001301192309
267038	4.727165164e-05
267039	0.0005533523008
267040	0.001140676655
267041	0.0006719551754
267042	0.0001479135804
267043	0.00078235082
267044	0.0003169498658
267045	0.00010987654
267046	0.0008862616015
267047	0.0001086449145
267048	2.180864942e-05
267049	0.0002413127303
267050	0.0002065737169
267051	0.0001578487455
267052	0.0008476850435
267053	0.0001243913782
267054	2.774000585e-05
267055	0.0001479183724
267056	0.001006733875
267057	0.0001222872234
267058	4.664444245e-05
267059	9.918300927e-05
267060	0.0002644822994
267061	0.0004762185989
267062	0.0005884189614
267063	0.0006404417513
267064	0.0002043639856
267065	0.002532537075
267066	0.003734040961
267067	7.262391902e-05
267068	0.0005059607946
267069	0.0005604736713
267070	0.0001080309101
267071	0.0006586285569
267072	0.0001928779701
267073	0.000512767374
267074	0.0004344489981
267075	0.000228288628
267076	0.0005742770102
267077	0.001318352567
267078	0.001144862835
267079	0.0005094220719
267080	0.0001108368473
267081	0.0001051324176
267082	0.0008661311265
267083	0.002318987317
267084	0.003450076488
267085	0.0008731020222
267086	0.002276745125
267087	0.0004930819122
267088	0.0003824040284
267089	9.286311893e-05
267090	1.59223852e-05
267091	0.0001410861134
267092	0.0009147084556
267093	0.0001887026617
267094	0.0003748546638
267095	0.0008589950868
267096	0.0001454166993
267097	0.0009223762956
267098	2.115440014e-05
267099	0.0006802970881
267100	0.0003023830288
267101	0.0006791378278
267102	0.0004651450141
267103	9.713424188e-05
267104	1.136094639e-05
267105	0.0002330679135
267106	0.0007481287588
267107	0.0003290045965
267108	0.0008005463642
267109	0.0001565640913
267110	0.0001390406082
267111	0.0004170355278
267112	0.0001223562493
267113	0.0006632909012
267114	0.0005364533983
267115	0.0003128460473
267116	0.001760399634
267117	0.000768179753
267118	0.0004219567576
267119	0.0003698720238
267120	0.0005872927117
267121	0.002081843956
267122	0.0001627014135
267123	0.002479024352
267124	0.0003974044887
267125	0.0002850074692
267126	0.0003482347136
267127	1.544574033e-05
267128	1.578176367e-05
267129	0.0002883384407
267130	0.0005634900051
267131	0.002045901864
267132	0.0004339257175
267133	0.0005974154797
267134	7.82394363e-05
267135	0.000277674823
267136	0.0001569131373
267137	6.905711e-05
267138	0.0001611882571
267139	1.665474947e-06
267140	0.0002012472657
267141	5.175001265e-06
267142	0.0001429404477
267143	2.247715711e-06
267144	0.0001271036479
267145	0.0005451423891
267146	0.0007804579306
267147	0.0001597538723
267148	0.0005979358703
267149	0.001209381602
267150	0.0004073356757
267151	0.0007415938857
267152	3.161712964e-05
267153	0.0004336876873
267154	3.075053177e-05
267155	0.0004068769296
267156	7.973335346e-05
267157	0.000254546774
267158	7.379155759e-05
267159	0.0004052308105
267160	0.001689404967
267161	0.0006997075303
267162	0.001484093642
267163	0.0002871603827
267164	9.369842424e-05
267165	0.0004053260327
267166	0.0003062698147
267167	0.001128250257
267168	0.0001437808125
267169	3.108111013e-05
267170	0.0004880211277
267171	0.0002011362874
267172	0.000515460959
267173	0.000643150797
267174	0.0001529487052
267175	4.508130178e-05
267176	0.0002258272563
267177	0.002284841848
267178	0.00067577518
267179	0.0001288751201
267180	0.0003406120316
267181	0.000823322755
267182	0.0003260868093
267183	0.001058453854
267184	0.0002341273884
267185	0.001123451477
267186	4.303392742e-05
267187	0.002479755811
267188	0.00183567654
267189	0.001691848309
267190	0.001086698128
267191	0.001029930041
267192	0.0004596620883
267193	0.001381301626
267194	0.0003546235643
267195	0.001488070203
267196	0.0003631020947
267197	0.000205300194
267198	0.0008991084121
267199	0.0006857872557
267200	0.0002635258246
267201	0.0004451092196
267202	0.000664238584
267203	0.0002001186317
267204	0.001132251737
267205	0.0003083030502
267206	0.0004497114154
267207	0.000313186438
267208	1.228018469e-07
267209	0.001486040189
267210	0.001131263812
267211	0.0009120653123
267212	0.001123735935
267213	1.294458835e-05
267214	0.0004583601648
267215	0.0006885928981
267216	0.0003228268892
267217	0.0002103820383
267218	0.001291132041
267219	0.001619335758
267220	0.001247018036
267221	0.0007989050167
267222	0.0011215402
267223	0.0001170444603
267224	0.0001201733408
267225	0.0003249956007
267226	0.001483691825
267227	0.0001153139011
267228	0.001117777346
267229	0.001137531133
267230	0.0002188370574
267231	0.001245292674
267232	0.0002728608666
267233	0.0009061586445
267234	0.0003147138231
267235	0.001275761392
267236	0.0008072266835
267237	0.0003543986573
267238	0.001265310746
267239	0.0003576503887
267240	0.001623007808
267241	0.0005487823649
267242	0.001156852387
267243	0.0004740198152
267244	0.0005314859505
267245	0.0005871501563
267246	0.0002247445176
267247	0.000230308146
267248	0.0008813647473
267249	0.0006522295131
267250	0.0007700120153
267251	1.842027707e-08
267252	0.001120494337
267253	0.0001185953008
267254	0.0003474588316
267255	0.0007578299737
267256	0.0001940869256
267257	0.001399548652
267258	5.863788189e-07
267259	0.0005909654411
267260	0.0002229777873
267261	0.00113749361
267262	6.737094719e-05
267263	0.00112975742
267264	0.0001168853812
267265	0.0006819981466
267266	0.0002003769336
267267	0.0008916220747
267268	0.000244592751
267269	0.0007854697136
267270	0.0002240929207
267271	0.0003479023036
267272	0.0005366995213
267273	2.128742474e-05
267274	0.000171787835
267275	0.0004684614345
267276	0.001141458386
267277	0.0008166752396
267278	5.311179876e-07
267279	0.0009302594931
267280	0.0005165559036
267281	0.001701885097
267282	0.0005361790253
267283	0.0003720085445
267284	0.0008922862367
267285	1.773692516e-05
267286	0.0007778739835
267287	0.0007095890249
267288	0.0006068165925
267289	0.0005587752507
267290	0.000410293435
267291	8.007734209e-05
267292	0.0004145933268
267293	0.0005155639659
267294	0.0004849881733
267295	0.0007748842698
267296	0.0004120250794
267297	8.264803953e-05
267298	0.000776920734
267299	0.0001285807073
267300	0.0009885189123
267301	4.743728505e-05
267302	0.0001194849997
267303	0.0003414782061
267304	0.0004915200437
267305	0.001845430572
267306	0.000975949371
267307	0.0003580429001
267308	0.0002419737982
267309	0.000504544514
267310	0.0004358000225
267311	0.0003479868546
267312	0.0001250205513
267313	0.0001257014508
267314	0.0004942766026
267315	0.000112198328
267316	0.0008930270442
267317	0.0004839579341
267318	0.0004066506962
267319	0.00099771764
267320	0.0003664308801
267321	0.0003898375045
267322	0.0009954641396
267323	0.000417433988
267324	0.0003591698807
267325	9.548579264e-05
267326	0.000361784136
267327	0.00112553657
267328	0.001012168651
267329	0.0004186699065
267330	0.0007242592317
267331	0.0004724208245
267332	0.0001284873679
267333	0.000649311439
267334	5.391001081e-06
267335	0.0009533037856
267336	0.0004143502685
267337	0.0008904425261
267338	0.000284044588
267339	0.001179071133
267340	0.0004194417968
267341	0.0009654957531
267342	0.001358190375
267343	0.0002262922946
267344	0.000521093168
267345	0.0001192535422
267346	4.920874701e-05
267347	0.0008413104496
267348	0.0007756062425
267349	0.0005288273974
267350	3.781273543e-07
267351	0.0001417152912
267352	0.001074057543
267353	0.001010396162
267354	0.0007768925053
267355	0.0005929061708
267356	8.802805622e-06
267357	0.001716813027
267358	0.0002420233804
267359	0.0009977781546
267360	0.0006259487523
267361	0.0005675118123
267362	0.0006829592301
267363	0.0003209957342
267364	0.0002706101053
267365	2.867905761e-05
267366	0.001222027688
267367	0.001130993038
267368	0.0002926769159
267369	0.0008419998982
267370	0.0002853731397
267371	0.0001472575806
267372	0.0005671784157
267373	0.000983282426
267374	0.0001145949588
267375	0.0003746208905
267376	0.0002303667707
267377	0.0004378834038
267378	0.0007639183114
267379	0.0002557880259
267380	0.0001144179714
267381	0.001124686201
267382	0.0004068840271
267383	0.00180797609
267384	0.001222828595
267385	6.029680592e-05
267386	1.57186364e-06
267387	0.001011343943
267388	0.0005783053607
267389	9.264086371e-05
267390	0.0004429881728
267391	0.000639820959
267392	7.302226655e-06
267393	0.0007700395492
267394	0.001451521187
267395	0.0002295231798
267396	0.0005893053524
267397	0.001550265407
267398	0.0003487182503
267399	0.0009267068401
267400	0.0001017630353
267401	0.0004787647279
267402	0.001134069007
267403	0.001834386629
267404	0.0005413647276
267405	0.0006706495153
267406	0.0001130690818
267407	0.0007792775062
267408	0.0002531114702
267409	0.0004424558821
267410	0.0009927412166
267411	0.0001259778952
267412	0.001006771396
267413	0.0007434794035
267414	0.001100840102
267415	0.0006956711127
267416	0.0004207907484
267417	1.572375315e-06
267418	0.001023615989
267419	0.0002402969552
267420	0.0004547778595
267421	0.0008977258155
267422	0.0009034367506
267423	0.00109461461
267424	0.0007054736897
267425	0.0002867380413
267426	0.001216776363
267427	0.0007751262924
267428	0.0003909709551
267429	9.55360286e-05
267430	0.0001148520958
267431	0.0009900265793
267432	0.0001578845066
267433	0.0009795694164
267434	0.0002632141626
267435	0.0005265657129
267436	0.0002417241791
267437	7.354689045e-05
267438	0.0003382849235
267439	1.599140582e-05
267440	0.000153677341
267441	0.001442416584
267442	0.001087525446
267443	0.0005626280462
267444	0.0006230702124
267445	0.00137135098
267446	0.0002359502923
267447	0.0004453553288
267448	0.0003617253103
267449	0.0001217808976
267450	0
267451	0.0005902449342
267452	0.0001268705417
267453	1.176851022e-08
267454	0.0003125806782
267455	0.0003653302175
267456	0.0008547080082
267457	0.0009825854769
267458	0.0003846347996
267459	0.0005274120083
267460	0.0002313894233
267461	0.0005306579041
267462	0.0006125425711
267463	5.105428977e-05
267464	0.0002858166144
267465	0.0004325919364
267466	0.0001293020739
267467	2.322672629e-05
267468	0.001414399503
267469	0.0003167646955
267470	0.0008914556411
267471	0.0007743620663
267472	0.0003421208296
267473	0.0008467169824
267474	0.0007977226936
267475	0.001003072444
267476	8.647137629e-05
267477	0.0004080845708
267478	0.0002302956598
267479	0.001621581359
267480	0.0001273250163
267481	5.472433843e-05
267482	0.004066212878
267483	0.0001818933755
267484	0.0006975078333
267485	0.0007965256093
267486	0.00298012365
267487	0.004149389953
267488	0.003181430975
267489	0.002059797526
267490	0.00418167731
267491	0.001603816385
267492	0.001436459596
267493	0.007963423261
267494	0.001813325184
267495	0.0003927765166
267496	0.0003318213992
267497	0.009717616098
267498	0.005526236562
267499	0.003338594297
267500	0.001991703142
267501	0.001929278707
267502	0.001060629229
267503	0.005909207834
267504	0.003048051845
267505	0.001249416667
267506	0.001736717265
267507	0.001331867254
267508	0.001731127679
267509	0.002829143848
267510	0.002686191595
267511	0.0004974080027
267512	0.002020064171
267513	0.002371617594
267514	0.0009322325808
267515	0.0008398376924
267516	0.006308593756
267517	0.002131043253
267518	0.00346403515
267519	0.0009489859121
267520	0.001087868932
267521	0.00860705489
267522	0.005660006467
267523	0.005991151172
267524	0.001353271399
267525	0.004396339649
267526	0.007660637766
267527	0.001569961897
267528	0.002718303332
267529	0.0003652024555
267530	0.004876132261
267531	0.001578614652
267532	0.006020572158
267533	0.002828963758
267534	0.001177418138
267535	0.002531679621
267536	0.004207553705
267537	0.001101403639
267538	0.004584676809
267539	0.0003450717506
267540	0.003416619836
267541	0.0004339091078
267542	0.0002171474984
267543	0.0002884120983
267544	0.000412746319
267545	0.002417176029
267546	0.0008629828627
267547	0.002039147284
267548	0.003028993843
267549	0.002714581186
267550	0.001046952277
267551	0.001308978789
267552	0.002117911952
267553	0.004598471134
267554	0.005556821435
267555	0.0006120337607
267556	0.002627704095
267557	9.703839544e-05
267558	0.001489771587
267559	0.0001657140861
267560	0.0003269689485
267561	0.004138183351
267562	0.0009849565484
267563	0.001816532926
267564	0.002838963209
267565	0.001114920449
267566	0.001208208507
267567	0.003754564481
267568	0.0002834189936
267569	0.004531168727
267570	0.005186875522
267571	0.002057563522
267572	0.0006257751956
267573	0.003119622455
267574	0.0008752252797
267575	0.00190182619
267576	0.0006878124026
267577	0.00161658607
267578	0.0004944048499
267579	0.001687074888
267580	0.001583883933
267581	0.0001958432696
267582	0.0006468844065
267583	0.0001157484458
267584	4.369845997e-05
267585	0.006425256507
267586	0.000101639457
267587	0.0007380095512
267588	0.001022420584
267589	0.002731449663
267590	0.002720970927
267591	0.0003603943595
267592	0.001352139042
267593	0.003196731239
267594	5.566782784e-06
267595	0.002688910302
267596	0.0007247559652
267597	0.0002817860938
267598	0.001583785339
267599	0.0006413857072
267600	0.000161504202
267601	0.001164535805
267602	0.004919761792
267603	0.0006889133474
267604	0.0001497744421
267605	0.004796710922
267606	0.0003957675783
267607	0.001417329686
267608	6.405105988e-05
267609	0.001428493179
267610	0.001334455397
267611	0.003420757201
267612	0.0006646259904
267613	0.001014413831
267614	0.0004078465293
267615	0.002501656565
267616	0.003659465112
267617	0.007724622635
267618	0.001354355563
267619	0.003320204054
267620	0.0003965446301
267621	0.002208287389
267622	0.0004335366936
267623	0.0005148608956
267624	0.001415441738
267625	0.0007682051921
267626	0.0007346620565
267627	0.0005784833761
267628	0.0008365072697
267629	0.0006439756944
267630	0.00417077051
267631	0.001427223248
267632	0.0007453591529
267633	0.0002145464455
267634	0.0001398055669
267635	0.0003364497437
267636	0.0002469680416
267637	0.0002624740024
267638	8.348491595e-05
267639	7.570188412e-05
267640	0.0003089575048
267641	0.0003116372533
267642	9.959575979e-06
267643	0.0002680988883
267644	0.0004922538737
267645	0.0001386470537
267646	0.0005053756719
267647	0.0002619817553
267648	0.000568030461
267649	0.0001250890285
267650	0.0004495054132
267651	0.0004354621149
267652	8.817047313e-05
267653	0.001752157969
267654	0.001956778063
267655	0.004548817213
267656	0.004964838549
267657	0.002436023395
267658	0.001225432567
267659	0.0001717029204
267660	0.0006895944114
267661	0.002628881396
267662	0.0006585150605
267663	0.002732096103
267664	0.0007660399232
267665	0.002618775882
267666	0.001573429452
267667	0.003588489523
267668	0.001361589303
267669	0.006966919886
267670	0.001431250735
267671	0.0009254526905
267672	6.765810098e-05
267673	0.002228484335
267674	0.004653931509
267675	0.0004397034762
267676	0.002277654601
267677	0.001264637561
267678	0.004504821234
267679	0.005159415471
267680	0.001300146907
267681	0.0049869337
267682	0.00147453274
267683	0.003559307902
267684	0.002148646956
267685	0.001438953021
267686	0.002549967966
267687	0.003197075823
267688	0.001735019402
267689	0.002981510842
267690	0.001891501891
267691	0.0017775211
267692	0.002078184964
267693	0.0005077241842
267694	0.003179651054
267695	0.002393277096
267696	0.001163388016
267697	0.001667320809
267698	0.005349972671
267699	0.0001105495832
267700	0.001042472537
267701	0.004475417092
267702	0.002004700766
267703	0.001846513488
267704	0.002106162304
267705	0.002414799084
267706	0.003143049453
267707	0.002359627096
267708	0.008154323894
267709	0.0001893333854
267710	0.0008373654474
267711	0.001820524981
267712	0.000962952622
267713	0.001722834816
267714	0.001007271702
267715	0.002305114353
267716	0.002126216634
267717	0.002977303896
267718	0.0002148846972
267719	0.003430608978
267720	0.002672175292
267721	0.001638510803
267722	0.001852424906
267723	0.0001697403062
267724	0.005423575206
267725	0.002139108197
267726	0.00402554706
267727	0.003308873321
267728	0.002088456464
267729	0.0002634458082
267730	0.001819530414
267731	0.002515634416
267732	0.002539026208
267733	0.004802300272
267734	0.004476497856
267735	0.004016697291
267736	0.00125427893
267737	0.001728252597
267738	0.003207381221
267739	0.002318182651
267740	0.0003333764508
267741	0.003606613072
267742	0.001711058613
267743	0.003188306015
267744	0.0002112315662
267745	0.00124597693
267746	0.003644345504
267747	0.0005967595275
267748	0.005111816522
267749	0.001174038437
267750	0.001959708206
267751	0.000595328782
267752	0.001717505746
267753	0.0009238451841
267754	0.002327754065
267755	0.0009761936264
267756	0.00039311262
267757	0.002648475814
267758	0.003090363931
267759	0.001999649808
267760	0.0001083209969
267761	0.0008242077772
267762	0.0001552741917
267763	0.0007385612073
267764	0.001131753484
267765	0.002226861281
267766	0.0002011160482
267767	0.001831489904
267768	0.004563536821
267769	0.004416197233
267770	0.0003356346663
267771	0.000747220606
267772	0.0005375182426
267773	0.002115323588
267774	0.001187894042
267775	0.0009315191569
267776	0.0008855701094
267777	0.002596387787
267778	0.0005375611486
267779	0.001464780292
267780	0.00633769741
267781	0.006088267752
267782	0.001991438481
267783	0.003728142397
267784	0.0008954354015
267785	0.001599744777
267786	0.001189011647
267787	0.001516721383
267788	0.003237318901
267789	0.001384698456
267790	0.002379434104
267791	0.003924855265
267792	0.0004412523897
267793	0.001109697756
267794	0.002221839827
267795	0.0009682163492
267796	0.002812851815
267797	0.001938965057
267798	0.001525443105
267799	0.0004526146559
267800	0.00492698437
267801	0.0001592631692
267802	0.001624671425
267803	0.002554335067
267804	0.0001753289049
267805	6.694117144e-05
267806	0.0005581162193
267807	2.913494695e-05
267808	0.0005105722518
267809	0.0007591444838
267810	0.0002746554061
267811	0.0002715215775
267812	0.0003598048917
267813	0.0001386852918
267814	0.0002345041115
267815	0.0003654958208
267816	0.0004613633644
267817	0.0006899934443
267818	0.0008959343682
267819	3.044428362e-05
267820	0.0001138147219
267821	0.0003574636245
267822	0.0002508607779
267823	0.0003716258254
267824	0.0004248832951
267825	0.0005776941389
267826	8.789283586e-05
267827	0.0007565595188
267828	0.0002400271538
267829	0.0001825754164
267830	0.0001456459353
267831	0.0002032304136
267832	0.0001182255918
267833	0.0006037732321
267834	1.489137567e-05
267835	9.020483018e-06
267836	0.0004907184876
267837	0.0003645011787
267838	0.001509911031
267839	0.002357743586
267840	0.001506417102
267841	0.003485198413
267842	0.0001122576712
267843	0.0002944816277
267844	0.0007393124602
267845	3.084799665e-05
267846	1.807687391e-05
267847	0.0001827976135
267848	0.0001722128023
267849	0.0003114317683
267850	0.00394095287
267851	0.001636009047
267852	0.001402311956
267853	0.0002395743904
267854	0.0004430647604
267855	0.0004459450571
267856	0.0002277235055
267857	6.300341713e-05
267858	0.0005072245296
267859	4.060029477e-05
267860	0.0007080838525
267861	0.001073768386
267862	0.000514017175
267863	0.0004061509575
267864	0.000629968432
267865	0.0007999508692
267866	0.0005380511653
267867	0.0001934338522
267868	0.0003570801208
267869	0.0005077677586
267870	0.0004595907241
267871	0.0007265569579
267872	7.465035249e-05
267873	0.000208295498
267874	0.0003134309113
267875	0.0001514288863
267876	0.000929523997
267877	0.001577185049
267878	0.0001739936909
267879	0.0005448101248
267880	0.0003230952714
267881	0.0001980859781
267882	8.763672664e-05
267883	0.0002708723732
267884	2.061610621e-06
267885	4.749783689e-05
267886	0.0002142442787
267887	0.0009462949299
267888	0.0003292919264
267889	4.885779898e-05
267890	9.791311847e-05
267891	6.606324393e-05
267892	0.001724811047
267893	0.001866075478
267894	0.0006379374125
267895	0.000415700736
267896	0.0001578410602
267897	0.0001068374965
267898	0.0001325318865
267899	0.0002627052767
267900	0.0001366234555
267901	0.0001408030336
267902	2.216435013e-06
267903	0.0001971106175
267904	0.0008521655576
267905	0.0006773787045
267906	0.0004405762985
267907	0.0005626507173
267908	4.96135094e-05
267909	0.001355585976
267910	0.0001038852669
267911	0.000935844495
267912	0.001444580359
267913	0.0002967460357
267914	0.0006632165822
267915	0.000894033475
267916	0.0002001434059
267917	0.000144049005
267918	0.0009747728722
267919	0.0001697245826
267920	0.0002341126851
267921	0.0001857318008
267922	0.0003960262063
267923	0.0003260222122
267924	6.375768542e-05
267925	0.0001189632036
267926	1.905700093e-05
267927	2.103967824e-05
267928	6.361038395e-05
267929	0.001743291365
267930	0.0001624203887
267931	0.0001928465965
267932	0.0002020294494
267933	2.121368787e-05
267934	0.001090757648
267935	6.52485869e-05
267936	0.0001255171985
267937	0.0009105859913
267938	0.0001960032473
267939	0.0008594757172
267940	0.0001239906808
267941	0.0002832673838
267942	0.000226588847
267943	0.0004648664256
267944	0.0001685579111
267945	0.0001917617042
267946	0.001246983307
267947	0.0001998340834
267948	0.0005062666962
267949	0.0002740136531
267950	0.0002028888929
267951	8.458396214e-05
267952	0.000124094275
267953	0.000264447081
267954	0.0004629671724
267955	0.0003674833463
267956	5.9652177e-05
267957	0.0002050821329
267958	0.0004801968147
267959	0.001142843126
267960	0.000100746104
267961	0.0005109448956
267962	0.0003083187
267963	0.0001893792989
267964	0.0005960143379
267965	0.0005395330246
267966	0.001018822706
267967	0.0001249847683
267968	0.001009767395
267969	9.927536041e-05
267970	6.691587539e-05
267971	0.001281753088
267972	0.0003371058447
267973	0.001571626737
267974	6.716273956e-05
267975	0.0005131061763
267976	0.0002281520048
267977	0.0001379232983
267978	0.0005610130774
267979	8.759824219e-05
267980	0.0006452275124
267981	0.001019703218
267982	0.001137605885
267983	0.001071689085
267984	0.0007735955492
267985	0.0002513580707
267986	0.0003177563383
267987	0.000465138359
267988	0.0004167086262
267989	0.001123727734
267990	0.0005552538743
267991	0.001408464389
267992	0.0005693517248
267993	0.0003486642139
267994	0.0003860269511
267995	0.0002413901338
267996	0.0002910522202
267997	0.0008662091282
267998	0.0008974924929
267999	0.0005580315036
268000	0.0001292006215
268001	7.139358269e-05
268002	0.0001478159117
268003	0.0008161780047
268004	0.0005297341698
268005	0.0004276433495
268006	6.255059742e-05
268007	3.035884323e-05
268008	0.0005134617455
268009	0.003129823956
268010	0.0002341121853
268011	0.001167613447
268012	0.000379413016
268013	0.0005630627668
268014	0.0002037138499
268015	5.852743947e-05
268016	0.0004945580728
268017	0.0003405502451
268018	0.0002778182927
268019	0.0007104996507
268020	0.0004127211539
268021	0.001314481847
268022	0.000290169772
268023	0.0003441987045
268024	0.002384522406
268025	0.0006121526212
268026	0.00025926499
268027	0.0005392078106
268028	0.000423425218
268029	7.120618738e-05
268030	0.0002869433974
268031	0.0006341809938
268032	0.001083187907
268033	0.0005974040604
268034	0.0003189328214
268035	0.0001767603942
268036	0.0005206549194
268037	0.001000764989
268038	0.0002041952536
268039	6.967189774e-05
268040	0.0002192172678
268041	0.0001286459787
268042	0.000320279374
268043	0.0004413634384
268044	0.0001209390193
268045	0.001076024247
268046	1.434490788e-05
268047	0.0008042565187
268048	0.0001354909178
268049	0.001060280253
268050	0.0001450220523
268051	0.0006193933683
268052	4.337814005e-05
268053	0.0002724656058
268054	0.0001301847557
268055	0.0001571922791
268056	0.0001800637867
268057	0.000488617474
268058	0.0001874283306
268059	0.0002863015625
268060	0.0007583650368
268061	0.0004666592526
268062	0.0002068913812
268063	0.0007179037193
268064	0.0002302207161
268065	0.0001277104876
268066	0.0003487264474
268067	0.0002996286491
268068	0.0005020641283
268069	0.0003272859915
268070	5.088707176e-05
268071	0.0001336067895
268072	0.0002004436539
268073	0.001268648594
268074	0.0004137425085
268075	0.0009648855956
268076	0.0004266964403
268077	8.808605288e-05
268078	0.0001064096773
268079	0.0002381201132
268080	0.0006846544251
268081	0.0002276299244
268082	0.0001845262393
268083	0.0003485877336
268084	0.0006021066203
268085	4.626980339e-06
268086	0.0002337498399
268087	3.83781217e-05
268088	0.0003329122374
268089	0.0002462679324
268090	2.059864001e-05
268091	0.0003510691797
268092	0.001151880616
268093	0.0004822173125
268094	0.0005603889709
268095	0.0003472291472
268096	0.0001289467207
268097	0.0004033877907
268098	0.0007788452148
268099	1.829696754e-05
268100	6.219487946e-05
268101	7.115900052e-05
268102	0.0002187760177
268103	0.0005949373884
268104	5.378651008e-05
268105	2.057019296e-05
268106	0.001678719085
268107	0.001128194398
268108	0.0003343746752
268109	0.0007388180844
268110	0.0002068254098
268111	0.001085004249
268112	0.0001050486465
268113	0.0001595319239
268114	0.0003819791294
268115	0.0008224962981
268116	0.000277913226
268117	0.0006983348452
268118	0.0005981467967
268119	0.0001739127365
268120	0.0007599882328
268121	0.0003424831063
268122	0.0002757308635
268123	5.614492101e-05
268124	9.72767098e-05
268125	0.0006825474241
268126	0.0005522222808
268127	0.0006626701236
268128	0.0005282475101
268129	0.0001295344284
268130	6.83415895e-05
268131	0.000602129616
268132	3.731901527e-05
268133	0.0001384294467
268134	1.00851349e-05
268135	0.0002564482345
268136	0.0004551835485
268137	0.0005684112602
268138	0.0007930524954
268139	0.0007490343514
268140	0.0003185300706
268141	0.001127920506
268142	0.001342799997
268143	0.001957444338
268144	0.0005567055642
268145	9.480037135e-05
268146	0.0006433753625
268147	0.0006804542549
268148	0.0005455274286
268149	0.0002340679048
268150	0.0004987874904
268151	0.0004912224534
268152	0.0003237736328
268153	0.0003631447528
268154	0.0001954011117
268155	0.0007219130323
268156	0.0005326772139
268157	0.0009878992396
268158	0.001456163686
268159	0.0005738722639
268160	0.0009774564496
268161	0.0003604143612
268162	0.0002445735641
268163	6.347891672e-05
268164	1.726640818e-05
268165	0.001542087197
268166	0.0003459726077
268167	0.0006220561486
268168	0.0001036264375
268169	3.530380371e-05
268170	0.0004353372089
268171	0.0006732964156
268172	0.0004098298784
268173	0.001052961429
268174	0.0004775918847
268175	0.000310210869
268176	0.0005124726595
268177	0.0006546162658
268178	0.001289251694
268179	0.0007232329548
268180	0.0002021406388
268181	0.00204541234
268182	0.001054198419
268183	0.0004630178442
268184	0.0006326693707
268185	0.001054763621
268186	0.001837066892
268187	2.741564915e-05
268188	0.0001719311572
268189	0.0001796932119
268190	0.0008644331951
268191	0.0006161626878
268192	0.001179209808
268193	1.981985896e-05
268194	0.001728068817
268195	0.002317727159
268196	0.001895928704
268197	0.001160666099
268198	0.00103149237
268199	0.0002995193603
268200	0.0002175673428
268201	0.0003046773946
268202	0.0002054670477
268203	0.0004005887048
268204	0.0005400335824
268205	0.002060333759
268206	7.131656113e-05
268207	9.680703629e-05
268208	0.0008987236771
268209	0.009045130675
268210	0.001098786367
268211	0.0004961255203
268212	0.0005841357123
268213	0.0008051884188
268214	0.0002175145118
268215	0.0001524882748
268216	0.001909860829
268217	0.0004689517013
268218	0.0002216871288
268219	0.0004631698046
268220	0.0001530905476
268221	0.0001748034417
268222	0.0004288197488
268223	0.0003122672212
268224	0.0001899824075
268225	6.384910534e-06
268226	0.0004327286898
268227	0.0002882408806
268228	0.0006003456355
268229	0.0002507365462
268230	0.0006484484915
268231	0.000768974364
268232	0.0005938654442
268233	0.0007388910006
268234	0.0001755801647
268235	0.0003254169349
268236	0.0005268837356
268237	0.001306228266
268238	0.000115315943
268239	0.0004053968831
268240	0.0004729882873
268241	0.0001213954272
268242	0.0003876863653
268243	0.0003000682296
268244	0.0004182270984
268245	0.0001652108496
268246	0.0002571174203
268247	0.0004108040594
268248	7.160109004e-05
268249	0.0003826993552
268250	0.0007411290161
268251	0.0001047318164
268252	0.0007979205631
268253	0.001280228217
268254	0.0001572869738
268255	0.0005616605939
268256	0.004136801352
268257	0.003206752974
268258	0.001982331779
268259	0.00190338468
268260	0.001633503971
268261	0.0006430889592
268262	0.002751599292
268263	0.001816557704
268264	0.0003309662962
268265	0.0003992972138
268266	0.001371760567
268267	0.002217267299
268268	0.003522615301
268269	0.001085660519
268270	0.001639309339
268271	0.003990570673
268272	0.00170763597
268273	0.003561228555
268274	0.001281535625
268275	0.0007196948996
268276	0.0009585949524
268277	0.0009011817562
268278	0.001507444206
268279	0.00120453856
268280	0.002083047074
268281	0.003176140642
268282	0.001577980584
268283	0.0003511920971
268284	0.0004294054112
268285	0.0004090972709
268286	0.0006398276443
268287	0.001088110025
268288	0.00127800293
268289	0.001571676675
268290	0.002010382786
268291	0.0006354064266
268292	0.001292159746
268293	0.0003726185172
268294	0.004949241916
268295	0.002336943969
268296	0.0011227562
268297	0.0003366880537
268298	0.002570966178
268299	0.004851120978
268300	0.003814852007
268301	0.003024396411
268302	0.001167618621
268303	0.0002606906156
268304	0.002242243312
268305	4.030054943e-05
268306	0.002294488155
268307	0.0008144457959
268308	0.0001795633918
268309	0.002100225086
268310	0.001232621895
268311	0.003266328788
268312	0.002643701605
268313	0.003093475626
268314	0.0002715885526
268315	0.0004015030976
268316	0.000607719769
268317	1.376050743e-06
268318	0.001049684086
268319	2.097335385e-06
268320	0.000390441808
268321	0.005435471709
268322	0.001824837367
268323	0.0002343500743
268324	0.001326143788
268325	0.00200758215
268326	5.008043413e-05
268327	0.003190924683
268328	0.003163191
268329	0.0002907476659
268330	0.002307533563
268331	1.51628057e-07
268332	0.0009530630905
268333	0.002412932611
268334	0.0001559954396
268335	0.002254844717
268336	0.0005731228587
268337	0.001778652807
268338	0.004622242963
268339	0.001526327092
268340	0.002072710985
268341	0.0007704177778
268342	0.0007132001873
268343	0.005304670446
268344	0.002899179892
268345	0.002330414999
268346	0.000688704319
268347	0.006963092884
268348	0.001155943724
268349	0.0007310705518
268350	0.002277852792
268351	0.001597083387
268352	0.000320300786
268353	0.004640817219
268354	0.0003911320552
268355	0.003977462332
268356	0.0007837150877
268357	0.0007822132411
268358	3.305276679e-05
268359	0.0004132953936
268360	0.0003529163962
268361	0.0002750086306
268362	0.002381840748
268363	0.0002106155782
268364	0.0008062159379
268365	0.002049881192
268366	0.002802521388
268367	0.002566098639
268368	0.0002067769531
268369	0.0006913806687
268370	0.00156002774
268371	0.0003174991119
268372	0.001729545298
268373	0.001108339613
268374	0.002193377735
268375	0.000476415999
268376	0.002114912711
268377	0.001792002463
268378	0.000797382191
268379	1.370810441e-05
268380	0.0004646991027
268381	0.0008349445005
268382	0.0006363036235
268383	0.0008917533846
268384	0.003614247151
268385	0.0007311130957
268386	0.006356007342
268387	0.000783261915
268388	0.002845853108
268389	0.000498769336
268390	0.0009778882516
268391	0.003152334954
268392	0.003105384754
268393	0.0005536663996
268394	0.0009658431827
268395	0.0009492532134
268396	0.00228720581
268397	0.00298910548
268398	0.001456498503
268399	0.001740076224
268400	0.00157410832
268401	0.001884770205
268402	0.0007632222788
268403	0.005543436368
268404	0.002290972503
268405	0.003682948777
268406	0.002710775196
268407	0.0009251337173
268408	0.000585939635
268409	0.00185970026
268410	0.0004450914276
268411	0.001103927235
268412	4.087590479e-05
268413	0.001399130698
268414	0.00461533802
268415	0.0003482695237
268416	0.0001053606551
268417	0.0003248349528
268418	0.000922538687
268419	0.0002152653965
268420	0.002126410839
268421	0.0005716050254
268422	0.001872545884
268423	0.0007974397673
268424	0.002301205464
268425	9.643829041e-05
268426	0.0009023063636
268427	0.002648351304
268428	0.0004110676028
268429	0.0005333016452
268430	0.0006814211604
268431	0.003996127712
268432	0.002013823677
268433	0.001850700865
268434	0.002355910594
268435	0.0002470495698
268436	3.84172909e-05
268437	0.0002193936428
268438	0.0004051024727
268439	0.0003947093689
268440	0.0003492335558
268441	5.507665031e-05
268442	0.0001211533444
268443	4.167692178e-05
268444	0.000292832244
268445	0.0001684876535
268446	0.0006882489317
268447	0.0004068562538
268448	5.927903933e-05
268449	0.0002036111946
268450	0.0002966914789
268451	0.0004765252825
268452	0.001417848923
268453	8.423982566e-05
268454	0.0002511530222
268455	0.000687436587
268456	0.0007952375194
268457	0.0002214453593
268458	0.0001944451351
268459	0.0001581936776
268460	9.473423222e-05
268461	0.0001449387937
268462	0.0004561489341
268463	0.0004334754133
268464	0.0001008846927
268465	0.0002305539452
268466	0.0005891443265
268467	0.001423597724
268468	0.0004228526763
268469	0.000305766124
268470	0.0005031064853
268471	0.0003262615372
268472	0.0002209939189
268473	0.0004858910806
268474	0.001153218809
268475	6.378099154e-05
268476	0.0001249190286
268477	0.001789286333
268478	4.147054123e-05
268479	0.0002276612938
268480	0.0004436591109
268481	0.0003213005292
268482	0.0001923589619
268483	1.573092439e-05
268484	0.0004288119936
268485	0.0001357724409
268486	0.0003298161422
268487	0.001824632933
268488	4.37502667e-05
268489	2.143040407e-05
268490	0.0001356263244
268491	8.023653025e-05
268492	3.857088229e-05
268493	0.001297406749
268494	0.0008073508075
268495	0.0005481404202
268496	0.0004296044752
268497	0.0007768597862
268498	7.546616177e-05
268499	0.0007194674473
268500	0.0001224098593
268501	0.0006020521599
268502	0.001055801036
268503	0.0002302481085
268504	0.0002294260097
268505	0.001335712369
268506	0.0004069757002
268507	0.0004055560812
268508	0.0001737721499
268509	0.0002494714366
268510	0.0001637849952
268511	0.000859391171
268512	0.0007032859932
268513	0.0006268719501
268514	0.00022248798
268515	0.000213012267
268516	0.0002333211523
268517	9.777107778e-05
268518	0.0002580053477
268519	0.0002521575214
268520	0.0001692208151
268521	1.184505904e-06
268522	1.536251968e-05
268523	0.001650196889
268524	0.000558879639
268525	0.0001206119153
268526	0.0003935454763
268527	0.0006688621435
268528	0.0007098291728
268529	0.001172636983
268530	0.0005818647588
268531	0.0004255882697
268532	0.0002211506157
268533	7.511547011e-05
268534	6.580310139e-05
268535	0.0003395727035
268536	0.002488388789
268537	0.0002280685687
268538	0.001425536544
268539	0.0002852830377
268540	1.153341991e-06
268541	0.0003195989807
268542	0.001617993172
268543	0.003744417673
268544	0.0001778449427
268545	0.0002559318716
268546	0.0008309927569
268547	0.001574367373
268548	0.002546853925
268549	0.003175247151
268550	0.003173303797
268551	0.0009796787688
268552	0.0006270708008
268553	7.926158942e-05
268554	0.001188790325
268555	0.006355686551
268556	0.0008603372288
268557	0.001948157642
268558	0.0003996375678
268559	0.0001649253669
268560	0.002142289267
268561	0.006821921619
268562	0.002399832024
268563	0.0006970990692
268564	0.001116327634
268565	0.0004718576954
268566	0.0003912661166
268567	4.608408625e-05
268568	0.001523350017
268569	0.005055856622
268570	0.0003325925118
268571	0.0007937881605
268572	0.002963813673
268573	0.0003407001798
268574	2.686610033e-05
268575	0.000244228005
268576	0.003786702734
268577	0.0005534521826
268578	0.0025389336
268579	0.00119878945
268580	0.0007263317899
268581	0.001098139178
268582	0.001297230366
268583	0.0003445668102
268584	0.0001235359187
268585	9.939593151e-05
268586	0.0002741529451
268587	0.0005147109962
268588	0.0002172871101
268589	0.0007366742443
268590	0.0001811964382
268591	0.001089947431
268592	0.0001311375638
268593	0.0005932005857
268594	0.0002874114214
268595	0.0006964499058
268596	0.001097411307
268597	0.0005206240912
268598	0.001611231321
268599	2.119079046e-06
268600	0.0008302941687
268601	0.0003624703126
268602	0.0006206786464
268603	0.0002989472063
268604	0.0005249564358
268605	0.001697387997
268606	0.0008471201087
268607	0.0008133533587
268608	0.000401452276
268609	4.47894055e-05
268610	0.000661897874
268611	0.0003150465144
268612	0.0002783540721
268613	0.0001586236846
268614	0.0004955340134
268615	4.375343168e-05
268616	0.0006403055594
268617	3.645933631e-05
268618	0.0005305497888
268619	0.0002688290629
268620	4.185034669e-05
268621	0.00064413915
268622	0.0007798386096
268623	0.00037506839
268624	0.0002416320219
268625	0.0005226113508
268626	0.0004705729657
268627	0.0001290316984
268628	3.806490179e-05
268629	0.000480850293
268630	0.0003108594313
268631	0.00196609158
268632	0.0001390445235
268633	0.001174036998
268634	0.001022254231
268635	0.0005757798861
268636	0.0005389688626
268637	0.0005377852601
268638	0.000867401096
268639	0.001098292163
268640	0.001655667172
268641	0.0004042811332
268642	0.003823079397
268643	5.856725174e-05
268644	0.0006723229806
268645	0.000269959533
268646	0.002032415645
268647	0.0007419275742
268648	0.001416739473
268649	0.001484452852
268650	0.0009657604398
268651	0.00173092358
268652	0.003017663969
268653	0.003422519083
268654	2.940822035e-05
268655	0.002208867173
268656	0.001796983651
268657	0.001676212085
268658	0.0004322884571
268659	0.00104956825
268660	0.0003590559444
268661	0.00110063872
268662	0.004343808639
268663	0.0003838244877
268664	0.001116140921
268665	0.003653807285
268666	0.002342714154
268667	0.002812023812
268668	0.002046164489
268669	0.001388304442
268670	0.003256645226
268671	0.001454994153
268672	0.002258009534
268673	0.004048160235
268674	0.002116062962
268675	0.0003827503667
268676	0.001873192221
268677	0.000437541914
268678	0.005671871433
268679	0.001689354813
268680	0.001118159522
268681	0.000163109054
268682	0.0009319862755
268683	0.0002902262347
268684	7.899711964e-05
268685	0.0001346860511
268686	0.0004661409873
268687	0.001681861137
268688	0.001328009162
268689	0.001204076847
268690	0.0009072808119
268691	0.003085792875
268692	0.0005704717465
268693	0.001162502938
268694	0.0006472839348
268695	0.0002248641568
268696	0.001683743445
268697	0.002129614725
268698	0.001500254026
268699	0.0002433259071
268700	0.001538411499
268701	0.000463126837
268702	0.004393213421
268703	0.0019516123
268704	0.0007092642478
268705	0.0001229599288
268706	0.00181206536
268707	0.0009269632106
268708	0.00293183683
268709	0.001240543122
268710	0.003627857598
268711	0.002349622774
268712	0.004266139236
268713	0.001702368775
268714	0.001462162446
268715	0.002162898214
268716	0.0003521031455
268717	0.007679359058
268718	0.002882288217
268719	0.00128108903
268720	0.0006495632775
268721	0.002901923021
268722	0.0009294285534
268723	0.003810207763
268724	0.0007051089107
268725	0.001482581483
268726	0.0006645394007
268727	0.000451086449
268728	0.001353875543
268729	0.0002168015345
268730	0.002156835681
268731	0.001885324365
268732	0.002429770142
268733	0.0003598709459
268734	0.004230348885
268735	0.001855893609
268736	0.001597990869
268737	0.001104166614
268738	0.001315557007
268739	0.001898202861
268740	0.003193143415
268741	0.001009783548
268742	0.001177466163
268743	0.001340758361
268744	0.0008388850705
268745	0.001276001612
268746	0.0004287572683
268747	0.002915237005
268748	0.00150632308
268749	0.003778380798
268750	0.00180434922
268751	0.002108775204
268752	0.003601135914
268753	0.001173132288
268754	0.00332793039
268755	0.007194867796
268756	0.001925025203
268757	0.0006216439482
268758	0.002929758181
268759	0.001661928845
268760	0.002019011788
268761	0.0003568752109
268762	0.0004232795813
268763	0.0009028063592
268764	0.0007164266877
268765	0.0005839369552
268766	0.001783729991
268767	0.0003086182116
268768	0.00301788357
268769	0.001991495836
268770	0.001329847871
268771	0.0002621438901
268772	0.001718984642
268773	0.000741649677
268774	0.004355397267
268775	0.001261412555
268776	0.002673232122
268777	0.001019241244
268778	0.0003086092834
268779	2.850804816e-06
268780	0.0004005621553
268781	0.0007723845392
268782	0.003578799235
268783	0.001277757727
268784	0.00211030028
268785	0.000614351922
268786	0.0001187870104
268787	0.001538440912
268788	0.0004317334135
268789	0.0009083941015
268790	0.0001365513376
268791	0.002100546567
268792	0.003799875067
268793	0.001067543669
268794	0.003365132749
268795	0.00685439991
268796	0.006835495838
268797	0.0003707797849
268798	0.003638453244
268799	0.0007064389688
268800	0.005058346521
268801	0.002948813479
268802	0.003874846965
268803	0.002103668502
268804	0.002285491108
268805	0.002230332463
268806	0.001617205467
268807	0.002509870802
268808	0.001725640356
268809	0.002858374787
268810	0.001883997821
268811	0.003466912511
268812	0.0007626182338
268813	0.001465981502
268814	0.00202302702
268815	0.002221528502
268816	0.003856802227
268817	0.0002276325235
268818	0.0006818670637
268819	0.001092853385
268820	0.0005036205866
268821	0.000236379054
268822	0.001661486377
268823	0.002891605227
268824	0.00158132732
268825	0.00392946378
268826	0.002812350127
268827	0.001188248222
268828	0.001254515131
268829	0.0002129258882
268830	0.003155354481
268831	0.001283998312
268832	0.001220345363
268833	0.0006768308224
268834	0.002521837681
268835	0.002628985297
268836	0.004174300626
268837	0.002188734788
268838	0.006022008081
268839	0.000267781172
268840	0.002479419746
268841	0.003387432307
268842	0.002353663444
268843	0.001019185117
268844	0.004057939148
268845	0.001260924434
268846	0.001299024313
268847	0.0002609969612
268848	0.0001204606451
268849	0.00697807376
268850	4.653408654e-05
268851	0.0001523732066
268852	0.001495103168
268853	0.0007798748178
268854	0.003840983411
268855	0.003009004589
268856	0.002035161384
268857	0.0003681115183
268858	0.003263828782
268859	5.774661734e-06
268860	0.0007494270369
268861	0.001751931353
268862	0.001421049175
268863	0.002092830445
268864	0.002924679633
268865	0.0004544726702
268866	0.001542579215
268867	0.0003359845701
268868	0.0001365021725
268869	0.0005914241335
268870	0.001695208495
268871	0.003333809767
268872	0.002488329453
268873	0.002730887017
268874	0.002336953549
268875	0.001959875671
268876	0.001705618762
268877	0.004759746409
268878	0.002157190692
268879	0.00620619633
268880	0.0003434665881
268881	0.0005299176538
268882	0.001608700591
268883	0.0004211953376
268884	0.0007687818958
268885	0.002482944517
268886	0.000130622063
268887	0.001032054971
268888	0.004034088208
268889	0.0001089908564
268890	0.001868296364
268891	0.001875694688
268892	0.001677769875
268893	0.003522307056
268894	0.00180683498
268895	0.002691998289
268896	0.005561373464
268897	0.002528468451
268898	0.001696182659
268899	0.004459619009
268900	0.005157104574
268901	0.001070523564
268902	0.0016947005
268903	0.001631814546
268904	0.00627508062
268905	0.004763740933
268906	0.0007752063492
268907	0.004213470512
268908	0.002873652421
268909	0.003708153161
268910	0.003798290172
268911	0.002855863915
268912	0.001038212474
268913	0.001610256971
268914	0.002237588751
268915	0.002490950198
268916	0.001327129573
268917	0.002028202503
268918	0.0001244397407
268919	0.001135245755
268920	0.00108452421
268921	0.0002654368231
268922	0.0004309122648
268923	5.20848929e-05
268924	0.001152035228
268925	0.001710181266
268926	0.0005806800392
268927	1.335470085e-07
268928	0.0004382507556
268929	0.004217441119
268930	0.0002643484427
268931	0.003405168398
268932	0.0008767301598
268933	0.0002828971551
268934	0.0002195161252
268935	5.225154872e-05
268936	1.769021367e-05
268937	0.002532987426
268938	0.005323714897
268939	7.026088221e-05
268940	0.001864865199
268941	0.002143097288
268942	0.002859387379
268943	0.003791992248
268944	0.001988136708
268945	0.0005376600498
268946	0.0005841144756
268947	0.00108344531
268948	0.000217580166
268949	0.002015997136
268950	0.0001598483774
268951	0.0006471207301
268952	0.0001998549822
268953	0.000403397062
268954	0.0004187752563
268955	0.0001399006498
268956	0.0008685209675
268957	0.0004276609082
268958	0.0001177319511
268959	8.176669189e-05
268960	8.919136686e-05
268961	0.0008174941169
268962	0.0009444604869
268963	0.0003043420715
268964	0.00035657063
268965	0.000391135946
268966	0.0002013772248
268967	0.0005964440562
268968	0.00098922758
268969	0.0005906211528
268970	0.0004359766728
268971	8.835705813e-05
268972	0.0002959234475
268973	0.0001037412358
268974	0.0001662906278
268975	0.0008081881627
268976	2.260152673e-05
268977	2.353786907e-05
268978	0.0003218350447
268979	0.0006423427608
268980	0.0001430446129
268981	0.000910968848
268982	0.000389214312
268983	0.0002450903668
268984	0.0002533666208
268985	0.0002710345081
268986	0.0003098546587
268987	0.0003216315071
268988	0.0005771450809
268989	0.0003256732386
268990	0.0002291659982
268991	0.0001121405478
268992	1.877241212e-06
268993	0.0002998560985
268994	8.479177236e-05
268995	0.0001932076402
268996	0.0006183502914
268997	0.0004514521077
268998	0.0003421818503
268999	0.0001056921894
269000	0.0007373333586
269001	8.26423476e-05
269002	0.0005826680685
269003	0.0004033983558
269004	0.0005190061648
269005	0.0003753635102
269006	1.094298116e-06
269007	3.251440732e-05
269008	0.0001176078872
269009	5.258135735e-05
269010	0.0004721034069
269011	0.0003929125465
269012	0.0004589256383
269013	0.000457531403
269014	0.0001363508548
269015	0.0005453179514
269016	0.0008849131466
269017	0.0003422577509
269018	0.0004091284848
269019	0.0001638123585
269020	0.0004148633851
269021	0.0006692374167
269022	0.002361871494
269023	0.0004032860105
269024	0.0003916149761
269025	0.002856121976
269026	0.0001522444844
269027	0.0002210957958
269028	0.0001434911768
269029	0.000409285148
269030	0.0009251853613
269031	1.499462946e-05
269032	0.0002787995978
269033	0.0007072507201
269034	0.0006964734163
269035	0.0001205267161
269036	0.000229788044
269037	0.0005146132964
269038	5.888558333e-05
269039	0.000442990483
269040	0.0004366351235
269041	8.030620071e-05
269042	0.0004563193217
269043	0.0003239402135
269044	0.0005025615696
269045	0.0001098944007
269046	0.000305076438
269047	0.0002855132782
269048	0.0001958405556
269049	0.0002426787403
269050	0.0006860321481
269051	0.0004911143042
269052	0.0003475858183
269053	0.000251294826
269054	0.0004254351424
269055	1.830581842e-05
269056	0.0002633075182
269057	0.000371848793
269058	0.0004470121244
269059	0.0003835153171
269060	4.625782125e-05
269061	0.0004461336745
269062	2.567497361e-05
269063	0.0005909022956
269064	0.000199042638
269065	9.444007287e-05
269066	0.0001789964662
269067	6.137672449e-05
269068	0.0004389155237
269069	0.0008983325092
269070	0.0003231967263
269071	4.897114174e-05
269072	9.864895727e-06
269073	0.0003929823934
269074	5.763613546e-05
269075	0.0004102386111
269076	0.0001332405528
269077	0.0001977582766
269078	0.0005496554489
269079	0.0004876608551
269080	0.0008605020716
269081	0.0001885026354
269082	0.0001456989376
269083	4.637926728e-05
269084	0.0005202242099
269085	2.375044965e-06
269086	0.0004101025801
269087	0.0009090148229
269088	0.0007880236833
269089	0.0002812143287
269090	0.0001468534507
269091	2.682043434e-05
269092	0.0004300035916
269093	0.001265746432
269094	0.0006049425742
269095	4.39160292e-05
269096	0.0002413588273
269097	0.0001314502681
269098	4.893339813e-05
269099	0.0001947918278
269100	0.0001329005881
269101	0.0003113221547
269102	0.0004543484718
269103	9.809768393e-05
269104	0.0005092281438
269105	0.0003716130125
269106	0.0003014609513
269107	0.0002736641121
269108	0.0004083887858
269109	0.0002126242096
269110	9.86029405e-05
269111	0.0002179834947
269112	0.0004160356151
269113	0.0004149837681
269114	0.00131703722
269115	0.001307145279
269116	0.0002144956228
269117	0.004566460632
269118	0.001713642577
269119	0.0005400207442
269120	0.0002387984212
269121	0.002236796419
269122	0.0009975261994
269123	2.324565857e-05
269124	0.003217802537
269125	0.005278524844
269126	0.001116669966
269127	0.005789093583
269128	0.0003072088229
269129	4.972311407e-05
269130	0.001492138862
269131	0.0005794302923
269132	0.001342652001
269133	0.0005449188493
269134	0.0003509611343
269135	0.001603122452
269136	0.004700380425
269137	0.004176580078
269138	0.001637767938
269139	0.0003126228678
269140	0.003726763645
269141	0.006118406969
269142	0.009514139556
269143	0.0004278441054
269144	0.0007319897396
269145	0.002739317007
269146	0.000946036534
269147	0.0004440808438
269148	0.004950154809
269149	1.854278715e-05
269150	0.002639091512
269151	2.108874945e-05
269152	0.0008072772367
269153	0.001583422216
269154	0.007646282719
269155	0.006720360827
269156	0.001272588002
269157	0.007277276751
269158	0.0009971412359
269159	0.002953654424
269160	0.0004960329309
269161	0.001631803165
269162	0.002884522972
269163	0.002156753837
269164	0.001412607844
269165	0.00978507364
269166	0.001486831075
269167	0.001784260034
269168	0.00158439639
269169	0.003313866483
269170	0.006597215733
269171	0.0004914400707
269172	0.0003516561544
269173	0.001608999394
269174	0.00322508226
269175	0.001155255429
269176	0.007674566368
269177	0.001072978297
269178	0.003605592981
269179	0.001932416823
269180	0.003819451181
269181	0.0008702273661
269182	0.001117966638
269183	0.006305519972
269184	0.002619053988
269185	0.001469101352
269186	0.003800781199
269187	0.00590482665
269188	0.001017743864
269189	0.002739690033
269190	0.002116070546
269191	0.004095412379
269192	0.00131374096
269193	0.001546266959
269194	0.001612297879
269195	0.001347686925
269196	0.005111407949
269197	0.002761700076
269198	0.002569811596
269199	0.0006165120931
269200	0.002992246096
269201	0.003367090605
269202	0.008647166418
269203	0.0004239880506
269204	0.007101087415
269205	0.004942356529
269206	0.002342306037
269207	0.0002698997583
269208	0.001194531919
269209	0.003828712741
269210	0.0002901652974
269211	0.001623510512
269212	0.002629504628
269213	0.007932797682
269214	0.00202236289
269215	0.002258819673
269216	0.001906095177
269217	0.002355507913
269218	0.002686967042
269219	0.002317828024
269220	0.001844781835
269221	0.005086259688
269222	0.0007851922449
269223	2.16674305e-06
269224	0.0002424187864
269225	0.001151871758
269226	0.001499455155
269227	0.0002945309932
269228	0.0004109859487
269229	0.0006028474745
269230	0.0001531684463
269231	0.0003724987041
269232	0.001626891719
269233	0.001092657144
269234	0.000368787476
269235	0.0002146779981
269236	0.0005774686071
269237	0.0004123155814
269238	0.0002554718021
269239	0.0007838557343
269240	0.000443162857
269241	0.0006248992394
269242	0.000347816122
269243	0.0005972412603
269244	0.0001893515821
269245	0.00041780495
269246	0.0001361153546
269247	0.0007685934821
269248	0.0002598428838
269249	0.000512475758
269250	0.0001434352267
269251	0.001028068046
269252	0.0004427184216
269253	0.001254578061
269254	0.0005410452023
269255	0.0006696073769
269256	0.000850289448
269257	6.459023659e-05
269258	0.0001042818771
269259	0.0002142909534
269260	0.0006940602819
269261	0.0007678904648
269262	0.0008472355968
269263	0.0004463198624
269264	0.0004111995179
269265	0.0001098625121
269266	0.001007392966
269267	0.002470928997
269268	0.0005939863676
269269	0.0002034147125
269270	0.0001727955894
269271	0.0006358269118
269272	9.88982455e-05
269273	0.000227895079
269274	0.0003477685645
269275	0.0005458001457
269276	0.00366630493
269277	0.001380860872
269278	0.0001995514391
269279	0.001770649571
269280	0.0002763955164
269281	0.002666445894
269282	0.0006286459209
269283	0.0007590529542
269284	0.00017991484
269285	0.0004574796845
269286	0.0003009266582
269287	6.823885935e-05
269288	5.336273276e-05
269289	0.0002766546108
269290	0.000201665897
269291	0.0003776526721
269292	0.0002753911249
269293	0.0003319957075
269294	0.0002828534058
269295	0.0004201839894
269296	0.003120331538
269297	0.001504448063
269298	0.0007788611182
269299	0.0004936002318
269300	0.0007799993794
269301	0.0005726795711
269302	0.0005739480628
269303	1.982003719e-05
269304	0.001085876248
269305	0.0001726454573
269306	7.280623757e-05
269307	0.0001258714085
269308	0.0006907181325
269309	0.0001937022512
269310	0.0001363728974
269311	0.0002501463457
269312	7.337468252e-05
269313	0.0002891228182
269314	0.001775055126
269315	8.949492811e-05
269316	0.0004191943908
269317	0.0004143685935
269318	0.000100922037
269319	0.0002228686418
269320	0.001073995322
269321	0.001354220507
269322	0.0001805061499
269323	5.680106974e-05
269324	0.0003857911637
269325	0.0008122246249
269326	7.11494366e-05
269327	0.0008170602095
269328	7.795653402e-05
269329	0.0002338469759
269330	5.856146982e-05
269331	0.0007477548869
269332	0.001733091158
269333	0.0003468626307
269334	0.0002178688182
269335	0.0006601389137
269336	0.0001328116473
269337	0.001970001683
269338	0.0001065250238
269339	0.0002232317921
269340	8.098506219e-05
269341	0.0006562690241
269342	3.980220355e-05
269343	0.0008162136919
269344	0.0002354356936
269345	0.007231209199
269346	0.00203461894
269347	0.0003418913179
269348	0.0006315968329
269349	0.0004197976147
269350	5.133244716e-05
269351	0.0002630659923
269352	4.977282975e-05
269353	0.0004675613838
269354	0.00093405862
269355	0.001623565819
269356	0.001640295621
269357	0.00108281584
269358	1.287464969e-05
269359	0.0002160424513
269360	4.682129136e-05
269361	0.0005659980855
269362	0.001180332726
269363	0.0002219443615
269364	5.764780032e-05
269365	4.128537538e-06
269366	6.009669521e-05
269367	0.0006124541404
269368	0.0001418928059
269369	0.001143834586
269370	0.000387091075
269371	0.0006667446977
269372	2.921740827e-05
269373	0.0003090454122
269374	0.0002687187214
269375	0.0009008135264
269376	2.201542153e-05
269377	0.0001175595068
269378	3.06522659e-05
269379	0.001523506788
269380	0.0019836586
269381	2.044231284e-05
269382	0.0003540244262
269383	0.0002896485019
269384	0.0002935041141
269385	0.0004095365267
269386	0.0001807194521
269387	0.0007320189398
269388	0.0005535067462
269389	0.001374935314
269390	0.0009135817406
269391	0.0003790867211
269392	9.956963296e-06
269393	0.001263000729
269394	0.0008393372916
269395	0.0004984511882
269396	0.0001263058509
269397	0.0001309863714
269398	0.0002342548616
269399	0.00119908601
269400	0.002245194508
269401	0.000179343729
269402	0.0007337988261
269403	0.0002332016058
269404	0.0005927889041
269405	0.0003944226789
269406	0.0004558924324
269407	0.0001808337491
269408	0.0002070097136
269409	0.0002436035052
269410	0.0001036665183
269411	0.000312175746
269412	0.0009876932096
269413	0.0001912890151
269414	0.0002339151461
269415	5.29130741e-06
269416	0.0003840546117
269417	0.001686576391
269418	0.001296960092
269419	0.002559035309
269420	0.003174305862
269421	0.0003054629623
269422	0.001016080219
269423	0.001092927692
269424	0.0001356812483
269425	0.0001606443491
269426	0.0002301902494
269427	0.0003147177475
269428	0.0001050485227
269429	0.0007993468505
269430	0.0002316261015
269431	0.0002656167508
269432	0.002675871509
269433	0.0006467276585
269434	0.002524966073
269435	0.0007346638453
269436	0.0003790319629
269437	0.0002401361867
269438	0.0003396195478
269439	0.001144161256
269440	0.0005834777493
269441	0.0001842475001
269442	0.00204008902
269443	0.0003418987344
269444	6.388369922e-05
269445	0.0003012540758
269446	0.001480394029
269447	7.88101368e-05
269448	0.001132108827
269449	3.018317404e-05
269450	2.596400616e-05
269451	0.0001358929871
269452	0.001396693991
269453	3.766478744e-05
269454	0.0006017466404
269455	5.364664734e-05
269456	9.802900925e-05
269457	0.0001899157111
269458	0.0002271634674
269459	0.0002241628268
269460	0.0005578768453
269461	0.001360254483
269462	0.0002854001971
269463	0.0003215978746
269464	0.0004321214241
269465	0.0002139648742
269466	0.0004615152225
269467	0.0005952044159
269468	0.002135090654
269469	0.0006084991861
269470	0.0004266004997
269471	0.00165650727
269472	0.001256581336
269473	0.003589714435
269474	0.0009521762468
269475	0.0003909111221
269476	0.0004996268038
269477	0.0001612711497
269478	0.0002204687553
269479	0.0002864841025
269480	0.002071417128
269481	0.0006287148452
269482	0.0001842120474
269483	0.000228524547
269484	0.0002453880625
269485	0.0004761236769
269486	0.000581142953
269487	0.0004081134977
269488	0.001605603527
269489	0.0005560674599
269490	9.177804887e-05
269491	6.595100305e-05
269492	0.0002277078841
269493	0.0006426061906
269494	0.001750598787
269495	0.000565988833
269496	0.001373212562
269497	6.531543736e-05
269498	0.004117987234
269499	0.002716474824
269500	0.0002251288119
269501	0.0003461656454
269502	0.001827888256
269503	0.0009897564758
269504	0.0004299834744
269505	0.0001913237081
269506	0.0009844118022
269507	0.0001126270228
269508	0.0005816838347
269509	0.0005785839351
269510	0.0006883644985
269511	0.0001618624667
269512	0.0009034506484
269513	0.0003612602198
269514	0.0001364011784
269515	0.00065334868
269516	0.0001625517112
269517	0.0004394565739
269518	0.0001858622738
269519	0.0008172838571
269520	0.0005694520606
269521	0.000201005401
269522	0.0001250532751
269523	0.0001186844957
269524	0.000778788678
269525	9.997520318e-05
269526	0.0004199076088
269527	0.0005110068957
269528	0.000351707383
269529	0.0004632709092
269530	0.001722063988
269531	0.0008213775577
269532	7.654857945e-05
269533	0.0006481851073
269534	0.0001164032764
269535	0.0001598918489
269536	2.651827474e-05
269537	0.0001284171238
269538	0.0006043946038
269539	0.0006002666259
269540	0.0005587861593
269541	0.001624653428
269542	0.0006428900515
269543	0.0002717860606
269544	0.001290767638
269545	0.0001505058624
269546	0.0002030130668
269547	8.732385925e-06
269548	0.0001333684982
269549	0.001318580504
269550	0.0005352272254
269551	0.0007176013381
269552	0.0002055919153
269553	9.409740122e-05
269554	0.0002450595697
269555	0.000302060127
269556	0.0004037609094
269557	0.0004670115318
269558	0.0001528369629
269559	8.254201118e-05
269560	0.0006399619771
269561	0.0001753098242
269562	0.0008568815339
269563	0.003804729271
269564	0.0009863284218
269565	0.0005002664192
269566	0.0002235265455
269567	0.0008741033345
269568	0.0003185722902
269569	0.000153039624
269570	8.23877848e-05
269571	0.0007422538061
269572	0.000485656311
269573	5.698707762e-05
269574	0.0002514585312
269575	0.0002003938113
269576	4.421573746e-06
269577	0.0005371201557
269578	0.0005578012193
269579	0.0001838524087
269580	0.0003384547873
269581	0.0003561113225
269582	0.0006752890892
269583	0.001358269532
269584	0.0003221420719
269585	0.000199769234
269586	0.0004108249024
269587	0.0001102556631
269588	0.0009729171672
269589	0.0008177471951
269590	5.990361038e-05
269591	9.037560919e-05
269592	0.000699657392
269593	0.0007322401632
269594	0.0001614991899
269595	8.7333402e-05
269596	3.397909362e-05
269597	0.0005756375125
269598	0.000405197827
269599	0.001128661381
269600	0.0004096026524
269601	0.0002667679143
269602	0.0002417075836
269603	0.0002943411923
269604	2.084978532e-05
269605	0.0005212776663
269606	0.0007289787702
269607	0.0007357788171
269608	0.000171121836
269609	0.0003426290567
269610	0.0006496592318
269611	0.001380241195
269612	0.0007596983505
269613	0.001544929556
269614	2.917429871e-05
269615	0.0004753676358
269616	0.0004347088244
269617	0.001106446839
269618	5.192017825e-05
269619	1.040638648e-05
269620	0.0003621438049
269621	0.0002474594243
269622	0.0004015346664
269623	0.0002490216903
269624	0.0003047406967
269625	0.0001618750009
269626	0.0001831652728
269627	0.0008244684329
269628	0.004665120678
269629	0.0001606549577
269630	0.0002878430135
269631	0.0009394136777
269632	0.0002821566878
269633	2.746742197e-05
269634	0.0003256787144
269635	0.0003917767527
269636	0.0003407436144
269637	0.0002824145363
269638	0.00169141662
269639	0.0004682979753
269640	0.00180703326
269641	0.001690888719
269642	0.001000090998
269643	0.0002952560688
269644	0.0003820970033
269645	0.0009623526248
269646	0.001207918968
269647	0.00016149588
269648	3.02982499e-05
269649	8.566155643e-05
269650	0.0007617651956
269651	8.275858622e-06
269652	0.0001103952746
269653	0.0003344639988
269654	0.000393019301
269655	0.0008369661983
269656	0.0003565048902
269657	0.000168933776
269658	0.0004346608357
269659	0.000550280874
269660	0.0001061460074
269661	0.001056917353
269662	0.0005589318977
269663	0.0003514899167
269664	0.0002017876522
269665	0.0007883315637
269666	0.001186253619
269667	0.0003266580932
269668	9.283325836e-05
269669	0.002698844362
269670	0.0001014873797
269671	0.000492973227
269672	4.891239775e-05
269673	0.0007883271964
269674	0.0004657407562
269675	0.001211039027
269676	2.351513712e-05
269677	0.000457572591
269678	0.0001783585113
269679	0.0005823583663
269680	9.069190079e-05
269681	0.0004587285573
269682	0.0001911914578
269683	3.513269074e-05
269684	0.0006520407637
269685	0.0009549394769
269686	0.0002707216971
269687	0.0001338189003
269688	0.000684902826
269689	0.0003441726133
269690	0.0004001332137
269691	9.358362752e-05
269692	0.0005064198705
269693	2.127763577e-05
269694	0.001285392167
269695	0.0001983076528
269696	0.0002352328358
269697	8.193177131e-06
269698	0.001567693773
269699	0.0008242900411
269700	8.166341756e-05
269701	0.0005258096322
269702	0.0003234111035
269703	0.004526542428
269704	0.0004428229407
269705	0.000441676242
269706	0.0004127424029
269707	0.0006420885336
269708	0.0003681921551
269709	0.000211922009
269710	0.0001623669267
269711	0.0002186487033
269712	5.172465359e-07
269713	0.0002559029126
269714	0.0001823435095
269715	0.0001777290981
269716	0.0004578740575
269717	3.255471211e-05
269718	0.000422215791
269719	8.81630792e-05
269720	0.0006853927205
269721	0.0001876992428
269722	0.0007216072794
269723	0.0001815206781
269724	0.0007529151032
269725	0.0002286388505
269726	9.071679054e-05
269727	0.0005247609023
269728	0.0002328391832
269729	1.092820569e-05
269730	0.000196688749
269731	0.0002284194463
269732	6.534303494e-06
269733	3.451826954e-05
269734	0.001014044978
269735	0.0007003855453
269736	0.0002311070013
269737	0.0006984377717
269738	8.70299955e-05
269739	0.0006071620804
269740	0.0006460018845
269741	9.246747897e-05
269742	0.0006623463005
269743	0.0009438119161
269744	2.227133336e-05
269745	0.00169537528
269746	0.000187785871
269747	0.0005399508576
269748	0.0005445439683
269749	0.0004613902339
269750	0.0005494713101
269751	6.599731931e-05
269752	0.001280922653
269753	0.000693540106
269754	0.0002576672484
269755	0.0003117140457
269756	0.0001398338242
269757	0.0004909517307
269758	0.0005940217524
269759	0.0009270493817
269760	0.0007802503829
269761	8.248622114e-06
269762	0.0006232584502
269763	0.000991587162
269764	0.0004558677772
269765	0.001852619218
269766	0.0001289947981
269767	0.0003429670287
269768	0.0008009603881
269769	8.573147278e-05
269770	0.0002689899458
269771	0.0009884187854
269772	0.0003078524674
269773	0.001131973656
269774	0.003306579474
269775	0.0001956661134
269776	0.002144141933
269777	0.0006589579027
269778	0.0003236932792
269779	0.0004150568523
269780	0.0007368970169
269781	0.0003082323921
269782	0.000212382383
269783	0.0001414496319
269784	0.0004299311818
269785	0.0003200975582
269786	0.0001007842372
269787	0.000458539779
269788	1.527327998e-05
269789	0.0007372378181
269790	0.0008846637147
269791	0.0001748247019
269792	0.0001473217156
269793	0.0005332634265
269794	0.000597927261
269795	0.0002748470236
269796	9.877417834e-05
269797	0.0009507741764
269798	0.0001622127346
269799	0.0005663619406
269800	0.0009898636064
269801	0.0004879832066
269802	0.0008513545721
269803	0.0004491674982
269804	0.0002124998842
269805	2.945232762e-05
269806	5.709185951e-05
269807	0.000690327922
269808	0.0003236737252
269809	0.0002382783528
269810	0.0008972251487
269811	0.0005571266189
269812	0.0001858003357
269813	0.0005083448321
269814	0.0001431357011
269815	8.956524348e-05
269816	0.0002516606667
269817	0.000136640749
269818	0.0003045451849
269819	0.0007311664974
269820	0.0004173082493
269821	0.0002368680311
269822	0.001365017181
269823	0.0002678399588
269824	0.0006045589243
269825	0.0004168863803
269826	0.003447090363
269827	0.0003856943621
269828	0.0004626518117
269829	0.0003529837042
269830	0.0001625835387
269831	0.0003582316098
269832	0.0001279087011
269833	0.001753251324
269834	0.000106180589
269835	0.0001884144454
269836	1.269857683e-05
269837	0.001052015519
269838	0.0008900187201
269839	0.000121214918
269840	0.001465129952
269841	0.0009998467427
269842	0.0009131047798
269843	0.0001639979589
269844	2.575156119e-05
269845	0.0003754326974
269846	0.0003149733961
269847	0.0005448549326
269848	0.00210924811
269849	0.0009053096753
269850	0.0003190124459
269851	3.732873019e-06
269852	0.0004962826874
269853	0.0008803520217
269854	0.0004137470305
269855	0.001398130686
269856	0.0006656565556
269857	0.0005928569708
269858	7.064036062e-06
269859	0.0001736904059
269860	0.0003466018726
269861	0.0006412610941
269862	8.559356066e-05
269863	0.0004905246676
269864	0.0005819442875
269865	0.002645985692
269866	0.0003230702451
269867	0.001010796314
269868	0.0005376047411
269869	0.0003157225867
269870	0.0002103419505
269871	0.0001661184035
269872	0.0002317280206
269873	0.0005500966307
269874	0.0004428434174
269875	0.0003945604899
269876	9.169265777e-05
269877	7.089508579e-05
269878	0.0001996898174
269879	4.51199044e-05
269880	4.906159951e-05
269881	5.079931879e-05
269882	0.0002702282163
269883	8.947887408e-05
269884	0.0004522608675
269885	0.0004280784071
269886	0.0003482791766
269887	0.0001871131277
269888	0.0001370835464
269889	0.0003719535598
269890	0.001487190373
269891	0.0001595722393
269892	0.0001476196273
269893	0.0001716135338
269894	1.320396445e-06
269895	6.385313353e-05
269896	0.0002667967383
269897	0.0003513457384
269898	4.9531762e-05
269899	0.0007120944773
269900	0.0004250007902
269901	0.0002197238094
269902	0.001750769587
269903	0.0004003181941
269904	0.001322174316
269905	0.001309412993
269906	0.003997582216
269907	9.091279783e-05
269908	0.0003792313357
269909	0.0001569889606
269910	0.0006698693617
269911	0.0001609952983
269912	0.001291603685
269913	0.00232280071
269914	0.0007674205898
269915	0.001528132575
269916	0.00158870621
269917	0.0008300118654
269918	0.003024841924
269919	0.003224838727
269920	0.0005571954057
269921	0.0001092736607
269922	0.0007475331047
269923	0.001106975776
269924	0.0008984102675
269925	0.0006302272441
269926	0.0005994650487
269927	0.0008606516096
269928	0.0007578095661
269929	2.452309395e-05
269930	0.0006606968542
269931	0.003479810026
269932	0.001043020506
269933	0.0006464990354
269934	0.0007931337581
269935	0.0009830696998
269936	2.607144504e-05
269937	0.00080744768
269938	0.001221522472
269939	0.0005290067501
269940	0.0006532946265
269941	0.001437237753
269942	0.001377242479
269943	0.0008218025535
269944	0.0008061086867
269945	0.000353660298
269946	0.001321001439
269947	4.077195452e-05
269948	0.0009113774797
269949	0.000297648463
269950	0.0005098911944
269951	0.001759530469
269952	0.0006971038295
269953	0.0005813598332
269954	0.0009198495474
269955	0.0009309617544
269956	6.343325668e-05
269957	0.0009016477135
269958	0.000245716378
269959	0.0008386745178
269960	0.0012017147
269961	0.0009946570436
269962	0.0002520581893
269963	0.0008393093093
269964	0.0005825614581
269965	0.001182565812
269966	0.0003172076372
269967	0.0005886927351
269968	0.000195118457
269969	0.0009947926075
269970	0.0006966261473
269971	0.001883558313
269972	1.507717621e-05
269973	0.0002939207045
269974	0.0003383921563
269975	0.001146394658
269976	0.0001357411835
269977	0.001793695256
269978	0.0006880201353
269979	0.0006933621778
269980	0.0003300503587
269981	0.0001958428715
269982	0.0008005592177
269983	0.0006684354523
269984	0.0008411069778
269985	0.0008487745091
269986	0.0005690175476
269987	0.001279957823
269988	0.0001317832813
269989	0.001044100459
269990	0.0009490230226
269991	0.0007018862781
269992	4.075984816e-05
269993	0.0008601304498
269994	0.0003799895281
269995	0.001051205487
269996	0.0003172930941
269997	0.0009688426693
269998	0.001332940943
269999	0.0003970171103
270000	0.0004653797994
270001	0.000798081489
270002	0.000652805934
270003	9.637058984e-05
270004	0.0008285646997
270005	0.0005339205092
270006	0.001104495407
270007	0.0003313625703
270008	0.0005892912408
270009	0.0005871778344
270010	9.68086276e-05
270011	0.001213035654
270012	0.000557653717
270013	0.0008416394552
270014	0.000390858111
270015	0.001458358283
270016	0.0001192202
270017	0.000227011982
270018	0.0007382613673
270019	0.001433057733
270020	0.0005031586397
270021	0.000235372511
270022	0.001039739684
270023	0.0006632685554
270024	8.940384054e-05
270025	0.0007860566624
270026	0.000940927548
270027	0.0006435932817
270028	0.0008142575238
270029	0.001015160252
270030	0.0006427536495
270031	0.0005513643099
270032	0.000417736973
270033	0.0008456448205
270034	0.0008749935245
270035	0.0007354716289
270036	0.0011645514
270037	0.0003904849775
270038	0.0002718467988
270039	0.0009265190435
270040	0.0002173667757
270041	0.001040001716
270042	0.000607209708
270043	0.00181820591
270044	2.31838356e-05
270045	0.0003774278705
270046	0.0008405301196
270047	0.0006279848663
270048	0.000787015727
270049	0.000861200228
270050	0.0002369346843
270051	0.0004716793314
270052	4.739529291e-05
270053	0.0009060389061
270054	0.0004853696783
270055	0.000456031545
270056	0.0002126939292
270057	0.001200438811
270058	0.0004874607073
270059	0.001424528183
270060	0.001589333994
270061	0.001636859
270062	0.0001259091212
270063	0.0006461886777
270064	0.001166730546
270065	0.002144503257
270066	0.0005773448971
270067	0.0005255464492
270068	0.0004724645532
270069	0.004041370064
270070	0.0005932200399
270071	0.001006220267
270072	4.941853789e-05
270073	0.0011019925
270074	0.001043997544
270075	0.00143257644
270076	0.0005210096808
270077	0.0003243943116
270078	0.0008208334561
270079	0.0004190397114
270080	0.0007180016847
270081	0.0008133049102
270082	0.001296676039
270083	0.0009133966034
270084	0.004642740229
270085	0.001516169794
270086	0.00096544678
270087	0.0008791702061
270088	0.0009463559846
270089	0.0008371081903
270090	0.0006239924617
270091	0.000756621736
270092	0.000276393576
270093	0.0003149006798
270094	0.0002477771021
270095	0.0007634026926
270096	0.0008708818352
270097	0.0006552486671
270098	0.001095209211
270099	0.001101208977
270100	0.0004558463657
270101	0.0008526106933
270102	0.0003712600479
270103	0.001332312446
270104	0.0004770052947
270105	0.0007025043628
270106	0.000885001706
270107	0.0007379012502
270108	0.0006884322784
270109	0.0002055653973
270110	0.0008637783505
270111	0.0005718151041
270112	0.0008906770391
270113	0.00078353048
270114	0.0007415982973
270115	0.0003347063408
270116	0.001300710484
270117	0.0007882294817
270118	0.0009338799596
270119	0.0002411333978
270120	0.001221666437
270121	0.0008395348194
270122	0.0006281673532
270123	0.000733524801
270124	0.0003997665805
270125	0.0004730410058
270126	0.001240607949
270127	0.0006159603319
270128	0.0005943529672
270129	8.951635022e-05
270130	0.002087762003
270131	0.0008141861574
270132	0.001219953703
270133	0.0005011492136
270134	0.0006439667095
270135	0.0006614024836
270136	0.0004743575573
270137	0.003299262621
270138	0.0004178858727
270139	0.001119136311
270140	0.0001618580072
270141	0.0001294563831
270142	0.0007928456021
270143	2.02848969e-05
270144	0.001724710591
270145	0.0009571640088
270146	0.0009367954112
270147	0.001050901156
270148	0.0007538933692
270149	0.0005006002111
270150	0.001150131139
270151	4.742582752e-05
270152	0.001297598215
270153	0.0003043829194
270154	0.0006323952613
270155	0.0006168599075
270156	0.0002156794774
270157	0.0009856712395
270158	0.0004921278428
270159	0.0005286768837
270160	0.0005361148326
270161	0.0008510613196
270162	0.001065747945
270163	0.0001428548713
270164	0.001071428605
270165	0.001096821279
270166	0.0003274615328
270167	0.001465529763
270168	0.0005554003228
270169	0.0002049180011
270170	0.0003821899055
270171	0.0002854983171
270172	0.0002833889399
270173	0.0007963471863
270174	0.000540607574
270175	0.0004281173827
270176	0.0005614597135
270177	0.000468190989
270178	0.0008459012068
270179	0.0004248602749
270180	0.0007330110422
270181	0.0006785079356
270182	0.0005603212631
270183	0.0006892241461
270184	0.00116133043
270185	0.00135699975
270186	0.0009942398912
270187	0.001017798591
270188	0.001051456629
270189	0.0006966849484
270190	0.001262353965
270191	0.0009304992714
270192	0.0001521820386
270193	0.0008592718878
270194	0.001558048992
270195	0.0002862125115
270196	0.0003618503336
270197	0.0008974077343
270198	0.0006985780904
270199	6.074163956e-05
270200	0.0004366763616
270201	0.0002203594194
270202	9.382874179e-05
270203	0.0001977077235
270204	0.001097047204
270205	0.001027363751
270206	0.0006195336849
270207	0.0003363657748
270208	0.0009608853862
270209	0.0003098779559
270210	0.001419090488
270211	0.001413086026
270212	0.0001792763879
270213	5.423228489e-05
270214	8.3814094e-05
270215	9.529318594e-05
270216	7.333198223e-05
270217	0.002017388625
270218	0.0004731260279
270219	0.0007354859831
270220	0.0007720676749
270221	0.000120428833
270222	0.000862442936
270223	0.001106610414
270224	0.0009599170394
270225	0.001125250846
270226	0.0006857741532
270227	0.001270577522
270228	0.0007516457617
270229	0.0005558876239
270230	0.0007828196124
270231	0.001209421138
270232	0.0009865267945
270233	0.001004119144
270234	0.000773463128
270235	0.0009704714861
270236	0.001642749019
270237	0.001076169677
270238	0.001075582511
270239	0.00227215267
270240	0.0009056172638
270241	0.0006891528035
270242	0.0007824528276
270243	0.0007046328781
270244	0.004119355097
270245	0.0005074679735
270246	0.000668474088
270247	0.0008696734153
270248	0.0006748187465
270249	0.0008228232649
270250	5.051837581e-05
270251	0.001139375795
270252	0.0002135681799
270253	0.001025532642
270254	0.0006492576067
270255	0.001559144077
270256	0.0006651197385
270257	0.0007651156559
270258	0.001456854985
270259	0.00043105118
270260	0.00144888707
270261	6.96980628e-05
270262	0.003262221533
270263	0.0007908360776
270264	0.0005887623789
270265	0.000691646236
270266	0.0004569618768
270267	0.0007223159387
270268	0.003952114399
270269	0.003203209386
270270	0.001146211642
270271	0.0006567375344
270272	0.0003545024427
270273	0.00145245232
270274	0.002271486411
270275	0.0004707445224
270276	0.0007678805021
270277	0.00159833701
270278	0.0005786766097
270279	0.001273336126
270280	0.00275602056
270281	0.003126797861
270282	0.0008320872081
270283	5.603148252e-05
270284	0.003732622699
270285	0.002888521234
270286	0.00192322575
270287	0.001198152203
270288	0.001241495906
270289	0.002720465587
270290	0.0009523587262
270291	0.003107061437
270292	0.0009035179085
270293	0.001202269662
270294	0.0003552869949
270295	0.0003721255324
270296	0.0008291184149
270297	0.0006639673453
270298	0.0008417748039
270299	0.0007314929035
270300	0.0005374779902
270301	0.0004172450235
270302	0.0002167971542
270303	6.59573029e-05
270304	0.0008856602076
270305	0.0006816915231
270306	0.001622346662
270307	0.0004982568578
270308	0.0002582575137
270309	0.0005524584229
270310	0.0004706993796
270311	0.0007869736716
270312	0.001570076972
270313	0.0009729961878
270314	0.000972504225
270315	0.001294872938
270316	0.0002893249119
270317	0.001507134143
270318	0.000338334212
270319	0.0008464878321
270320	0.0009665695426
270321	0.0004838298995
270322	0.000462735074
270323	0.001019771658
270324	0.001171012098
270325	0.0004517516094
270326	0.001154738725
270327	0.0008441612173
270328	0.0003735966468
270329	0.00124902639
270330	0.000642928767
270331	0.0002723465324
270332	0.0004071025426
270333	0.0007446074102
270334	0.0005726427641
270335	0.0002057286009
270336	0.001080682572
270337	0.000269496074
270338	0.00197457953
270339	4.786257709e-06
270340	0.002062098285
270341	0.0009375484465
270342	3.587670543e-05
270343	6.054803798e-05
270344	1.253867441e-05
270345	0.0001963340854
270346	0.001296719898
270347	0.003269666329
270348	0.002117579567
270349	0.0003766639902
270350	0.003384171246
270351	0.0008405396528
270352	0.001881550521
270353	0.0004632791266
270354	0.002067606987
270355	0.0001320531592
270356	0.001076045061
270357	0.001435065206
270358	0.0007653661196
270359	0.0006031580604
270360	0.0009108736358
270361	0.0004512109852
270362	0.0003480057341
270363	0.0003528222576
270364	0.0002488321268
270365	0.001640959889
270366	0.0009376578765
270367	0.001840803912
270368	0.003310695728
270369	0.00173743105
270370	0.0007857543113
270371	0.0003259350668
270372	0.001346707477
270373	3.599878154e-06
270374	0.0002244919732
270375	0.002065810228
270376	0.002974125354
270377	0.001245954356
270378	0.001417864234
270379	0.004511160228
270380	0.002397665234
270381	0.0008650455393
270382	0.0003497529295
270383	0.001161840137
270384	0.0004976762628
270385	0.001645836376
270386	0.001174958399
270387	0.003410129428
270388	0.001192243795
270389	0.0004517156513
270390	0.001168033117
270391	0.001728341533
270392	0.001448008756
270393	0.002987395795
270394	7.069400056e-05
270395	0.000535917512
270396	0.00106291683
270397	0.00168855803
270398	0.0002861203396
270399	0.002338819096
270400	0.0006410633517
270401	6.112509194e-05
270402	0.0006614239135
270403	0.002320740587
270404	0.001131655838
270405	0.004959416297
270406	0.0003296123978
270407	0.0004341984456
270408	0.004343533372
270409	0.0006635878187
270410	0.0005742081082
270411	0.001037029942
270412	0.002193953281
270413	0.0007533972549
270414	0.002837857047
270415	0.0004483999159
270416	0.00123013687
270417	0.0009482916257
270418	0.0009440993017
270419	0.005536453695
270420	0.00254659248
270421	0.000829314585
270422	0.003637648364
270423	0.001373654413
270424	0.0004091680135
270425	0.0007406126614
270426	0.002341899599
270427	0.001059377972
270428	0.002505688443
270429	0.002540689631
270430	0.001494578582
270431	0.0002877290814
270432	0.0002625650473
270433	0.002036565281
270434	0.0004961860104
270435	0.00257090826
270436	0.0009707304039
270437	0.002205350792
270438	0.002409698388
270439	0.002154529182
270440	0.001349261407
270441	0.0006534569402
270442	0.00296089869
270443	0.0003390464019
270444	0.004229449639
270445	0.001027943643
270446	0.004399673485
270447	0.000688819587
270448	0.002491832075
270449	0.001143656577
270450	0.004187330138
270451	0.0005266974308
270452	0.002940170646
270453	0.003613200243
270454	0.00168443629
270455	0.003443692324
270456	0.0003206514203
270457	0.004864484907
270458	0.0003744166287
270459	0.001071632559
270460	0.001189063199
270461	0.0001193656078
270462	0.004270378036
270463	0.0004944251829
270464	0.003397585935
270465	0.0002868857528
270466	0.0008135114868
270467	0.001350122332
270468	0.00126388136
270469	0.0004960813343
270470	0.0006068068881
270471	2.206951307e-05
270472	0.002493108996
270473	0.000600549158
270474	0.0004713337434
270475	0.0007104124947
270476	0.001164189645
270477	0.003789480601
270478	0.006706755759
270479	0.0007166926823
270480	0.001472793207
270481	0.003120738911
270482	0.001777278207
270483	0.003990541971
270484	0.004382203817
270485	0.002771717526
270486	0.0007235436094
270487	0.004484351029
270488	0.0005330936032
270489	0.0004870365613
270490	0.001536476472
270491	0.0008270972962
270492	0.001190260843
270493	0.0007753191511
270494	0.00176059534
270495	0.003351616719
270496	0.0009097054025
270497	0.002503011161
270498	0.001068039091
270499	0.0004849867903
270500	0.001060453377
270501	0.000401441847
270502	0.0001613085304
270503	0.003380140566
270504	0.001587633111
270505	0.0001652363443
270506	0.000806327991
270507	0.002283855323
270508	0.0005101950039
270509	0.0002570913464
270510	0.0006086202257
270511	0.0005624634523
270512	0.0007105740664
270513	0.001544562281
270514	0.0008275709891
270515	4.074307497e-06
270516	0.0008262635748
270517	0.0006611287664
270518	0.0002651031312
270519	0.0005733938055
270520	0.0001492698189
270521	0.0007932783369
270522	0.0006011165111
270523	0.0005657356176
270524	0.0006077563017
270525	0.000917767543
270526	0.0007241837304
270527	0.00119100058
270528	0.0002695248239
270529	0.001210360619
270530	0.0002866027261
270531	0.0009167085095
270532	0.001223295884
270533	0.0009006484601
270534	0.002504728295
270535	0.001238390714
270536	0.0003837192895
270537	0.001321833028
270538	0.0006427702206
270539	0.0009364448729
270540	0.0002094182065
270541	0.0004336761815
270542	0.001095213499
270543	0.0007487820325
270544	0.0009088193595
270545	0.0004489640701
270546	0.0002306112794
270547	0.0005811377746
270548	0.001343498606
270549	0.0003468328352
270550	0.001007135973
270551	0.0001440339482
270552	0.002214977254
270553	0.0001017906369
270554	0.0002777648552
270555	0.001240676485
270556	0.001437813162
270557	0.001537665382
270558	0.0008708172564
270559	0.0003924444783
270560	0.0008602840675
270561	0.0004934443703
270562	0.001209208497
270563	0.000330238317
270564	0.0006309904667
270565	0.0002717003704
270566	0.0005093969528
270567	0.000849300553
270568	0.0004778645969
270569	0.001187715194
270570	0.0006504835497
270571	0.0008676963064
270572	0.00112646345
270573	0.00131196247
270574	0.0001116157757
270575	0.0006114754709
270576	0.001036564366
270577	0.0002737711384
270578	0.0007198780932
270579	0.001031248722
270580	0.001273472093
270581	0.0003324087637
270582	0.001813123074
270583	0.0008299007838
270584	0.0004481188138
270585	0.0007349135955
270586	0.0002720933085
270587	0.0008505233016
270588	0.000643706907
270589	0.0005242042342
270590	0.000715278445
270591	0.0003393851119
270592	0.0005198783846
270593	0.0008116562644
270594	0.0004017800677
270595	0.001023437576
270596	2.946120572e-06
270597	0.0005631445505
270598	0.0002508171963
270599	0.0001284817771
270600	0.0006913816611
270601	0.00111753828
270602	0.000838792335
270603	0.0007670544565
270604	0.0001396475514
270605	0.0003631189925
270606	0.0002599766152
270607	0.000717720408
270608	0.0006192929468
270609	0.001719720102
270610	0.0001322754597
270611	0.0002403833697
270612	0.0004976036813
270613	0.0007291709842
270614	0.0004983677892
270615	0.001297528692
270616	0.001500658884
270617	0.002966392674
270618	0.003199203527
270619	0.001125240311
270620	0.001527558339
270621	0.0006662433854
270622	0.0004326191458
270623	6.704724377e-05
270624	0.006737922854
270625	0.001817555837
270626	0.002736711637
270627	0.00130015643
270628	0.002100159223
270629	0.003611747377
270630	0.001677609085
270631	0.000916651912
270632	8.032278384e-05
270633	0.0005844863888
270634	0.002206691855
270635	0.0002239670339
270636	0.0008134161742
270637	0.001937174224
270638	0.001869752339
270639	9.31963113e-06
270640	0.0005814480318
270641	0.001873343249
270642	0.001041976721
270643	0.00242007824
270644	0.0001208929034
270645	0.003411279222
270646	0.003114020589
270647	0.0004002520011
270648	0.0004630075664
270649	0.001467874367
270650	0.002246510722
270651	0.001677854448
270652	0.005331289315
270653	0.001389010256
270654	0.00085978492
270655	0.0008985806665
270656	0.001753454257
270657	0.001066172796
270658	0.0003500749
270659	0.001485858843
270660	0.004837812056
270661	0.0002727759067
270662	0.000341750705
270663	0.001501459331
270664	0.0005669151916
270665	0.001148697575
270666	0.000856361596
270667	0.0006239625718
270668	0.001174413155
270669	0.00123256695
270670	0.0002101619471
270671	0.0005332389081
270672	0.0009030499343
270673	0.00103760204
270674	0.0008350916959
270675	0.0005336525243
270676	0.001593881669
270677	0.002927151248
270678	0.0003430259321
270679	0.0001661214468
270680	0.0006820599619
270681	0.0004603065598
270682	0.0003728464401
270683	0.0003784765433
270684	0.0008118456127
270685	0.0006407384386
270686	0.001032241002
270687	0.00131831812
270688	0.001322579982
270689	0.0002497379255
270690	0.001148309117
270691	0.000841771717
270692	0.0003340681527
270693	0.0005470940523
270694	0.0002903972767
270695	0.001080771205
270696	0.0006779942416
270697	0.0008400217086
270698	0.0006580895679
270699	0.0009155798333
270700	0.0008264393174
270701	0.000463220385
270702	0.0005769373121
270703	0.0004583951034
270704	0.0006881689458
270705	0.0009139289691
270706	0.0004744894734
270707	0.001942292657
270708	0.002646439661
270709	0.002501385988
270710	0.002647841777
270711	0.003843407233
270712	0.001447527448
270713	0.0009308811515
270714	0.00179839372
270715	0.0005318289035
270716	0.0005501103977
270717	0.004965091866
270718	0.0001161864292
270719	0.002117255186
270720	0.001587877554
270721	0.0002466221404
270722	0.0006638177606
270723	0.00126372764
270724	0.001708426517
270725	0.00327962653
270726	0.003833448888
270727	0.001065914401
270728	0.0001691000687
270729	0.0006281193924
270730	0.004302360859
270731	0.000983538044
270732	0.003743286733
270733	0.001356413631
270734	0.001564222979
270735	9.473608269e-05
270736	0.0003141910966
270737	0.002580765429
270738	0.002254730037
270739	0.005989239231
270740	0.0006542781424
270741	0.002844895341
270742	0.001438808395
270743	0.004977110194
270744	0.0006034145831
270745	0.002695028088
270746	0.001583519611
270747	0.001194326279
270748	0.001400914379
270749	0.001672955465
270750	0.001789402232
270751	0.0006856261352
270752	0.001892545786
270753	0.0007875598475
270754	0.00327023939
270755	0.004094431358
270756	0.001059739537
270757	0.001418740048
270758	0.001483266929
270759	0.0005707632085
270760	0.0004449885547
270761	0.003723325622
270762	0.00013995994
270763	5.568940474e-05
270764	0.004182562613
270765	0.0002456122245
270766	0.001637527195
270767	0.002764231026
270768	0.001649002057
270769	0.002569171287
270770	0.002773771163
270771	0.00106241381
270772	0.002721800431
270773	0.001461676197
270774	0.001252971906
270775	0.002825250317
270776	0.0007658561339
270777	0.004056587471
270778	0.002666114135
270779	0.00243555326
270780	0.0006855364995
270781	0.004282477267
270782	0.0005158517208
270783	0.0008658280515
270784	0.004717980347
270785	0.001824913506
270786	0.003801377481
270787	0.003062690095
270788	0.0008739520006
270789	0.003150710163
270790	0.002191516204
270791	0.001208507193
270792	0.003098250198
270793	0.005396368477
270794	0.000313284251
270795	0.001156834543
270796	0.001282108116
270797	0.000917009847
270798	0.0005538827501
270799	0.0003941635721
270800	0.002796259069
270801	0.001672079999
270802	0.003030353817
270803	0.0004036647906
270804	0.005954778048
270805	0.0001600933303
270806	0.00243920879
270807	0.001067881371
270808	0.0003359947592
270809	9.361188376e-06
270810	0.001481306267
270811	0.002667445312
270812	0.000249823635
270813	0.001435564299
270814	0.001436837969
270815	0.0001072404739
270816	0.003256347881
270817	0.0001788947721
270818	0.0005155108648
270819	0.0008824396945
270820	8.179984941e-05
270821	0.001894379898
270822	0.0001318616854
270823	0.0004249002303
270824	5.904422167e-05
270825	0.002101392458
270826	0.001410470916
270827	0.0003609816689
270828	0.001499880828
270829	0.0009283379048
270830	0.0002473406923
270831	0.001140361347
270832	0.002193638347
270833	0.001231726335
270834	0.0002894741904
270835	0.0009554848684
270836	0.001841098752
270837	0.002058560625
270838	0.006383570596
270839	0.002435728268
270840	0.001619678096
270841	0.0008515943511
270842	0.0005123470662
270843	0.002712325907
270844	0.0003510852811
270845	0.001047929853
270846	0.00188853477
270847	0.001647292803
270848	0.001702502952
270849	6.616318872e-05
270850	0.0001313956376
270851	0.003486237102
270852	0.004176304873
270853	0.0005570106286
270854	0.001134104282
270855	0.002869712576
270856	2.729596212e-05
270857	0.0008343055767
270858	0.003916789451
270859	0.0001532660737
270860	0.0005640298981
270861	0.002209141909
270862	0.0003263692093
270863	7.419989389e-05
270864	0.001966890121
270865	0.002020606195
270866	1.367930349e-05
270867	0.0005069962357
270868	0.0004473138621
270869	0.001727722985
270870	0.004615644112
270871	0.00232181844
270872	6.506146478e-05
270873	0.0005154473449
270874	0.001349937422
270875	0.0007089680809
270876	0.0008075323557
270877	0.003445179701
270878	0.0008323860331
270879	0.0004472519338
270880	0.001651734045
270881	0.0008432101124
270882	0.001994016062
270883	0.001513547124
270884	0.0002577402179
270885	0.001046634926
270886	0.002511725505
270887	0.002353572575
270888	0.0007390083968
270889	0.001703439056
270890	0.0009983417811
270891	0.0001719120437
270892	0.002187587548
270893	0.002033726553
270894	0.003667497359
270895	0.001563882034
270896	0.0008936841809
270897	0.002191390546
270898	0.0001782077527
270899	0.002278874445
270900	0.0005888496631
270901	0.0002377119155
270902	0.002043838183
270903	0.0008047569912
270904	0.0001128637375
270905	0.001366208592
270906	0.00334144156
270907	0.00238954111
270908	0.000464580917
270909	0.003838448527
270910	0.005761400764
270911	0.006112321364
270912	0.004081846798
270913	0.004307426956
270914	0.002116801153
270915	0.002674929371
270916	0.003697621438
270917	0.0007538872567
270918	0.0005664922272
270919	0.001253147678
270920	0.002604376502
270921	0.001075320181
270922	0.0005225612413
270923	0.0006835368019
270924	0.001333353182
270925	0.001317175063
270926	0.0006189789744
270927	0.0003275811147
270928	0.0002845187545
270929	0.001144380672
270930	0.0002007989748
270931	0.001383236923
270932	0.0006751381112
270933	0.001406136056
270934	0.002515142543
270935	0.000658705117
270936	0.001764754223
270937	0.00105570124
270938	0.0007056604711
270939	0.0004443733057
270940	0.001101785922
270941	0.001265089188
270942	0.003870126804
270943	0.004609881731
270944	0.002169557235
270945	0.000102964309
270946	0.001608994884
270947	0.0001103546921
270948	0.0004895561628
270949	0.00023190497
270950	0.001635155715
270951	0.001064965444
270952	0.0005908482452
270953	0.001213459426
270954	0.0002383605046
270955	0.001782995917
270956	0.00244125811
270957	0.0007503966298
270958	2.35562329e-05
270959	0.0001749071927
270960	9.174472922e-05
270961	0.001938275322
270962	0.002432072181
270963	0.00244451851
270964	0.001609301484
270965	0.001533826656
270966	0.003632808085
270967	2.312302398e-05
270968	0.001477920969
270969	0.0006390336006
270970	0.002448172247
270971	0.001061321887
270972	0.001874700415
270973	0.0003650229778
270974	0.0002616597807
270975	0.004185922339
270976	2.857657487e-05
270977	0.001225912606
270978	0.001906362264
270979	0.002221264867
270980	0.001386685504
270981	0.0005121836111
270982	0.001095483325
270983	0.003261938469
270984	0.001375394994
270985	0.00131953886
270986	0.002006626604
270987	0.002591296879
270988	0.001627335389
270989	0.002990352814
270990	0.002518642872
270991	0.002875042071
270992	0.000571243023
270993	0.001030469339
270994	0.001481964148
270995	0.00222803657
270996	0.0005310652444
270997	0.001477172413
270998	0.003093571844
270999	0.001528134361
271000	0.002273820455
271001	0.001127497915
271002	0.001136335622
271003	0.001437137569
271004	0.001891359696
271005	0.004719635239
271006	0.004659780271
271007	0.001714722353
271008	0.002634789831
271009	0.002582853888
271010	0.001614641428
271011	0.0005902784237
271012	0.001780810085
271013	0.0001106342183
271014	0.003277455672
271015	0.0003959668821
271016	0.0005305446444
271017	0.003418766908
271018	0.003166645626
271019	0.001057581448
271020	0.0006659581161
271021	0.002395279124
271022	0.002324856565
271023	4.353922573e-05
271024	0.002420866334
271025	0.001507551519
271026	0.003764798246
271027	0.001052575182
271028	0.0003434860738
271029	0.000368252438
271030	0.0008880444882
271031	0.001371457218
271032	0.0009324636006
271033	0.001842372729
271034	0.0006818797548
271035	0.001202254971
271036	0.00255579417
271037	0.005108446739
271038	0.001697652211
271039	0.0002380371073
271040	0.00282345072
271041	0.001648796375
271042	0.0003119703125
271043	0.0002399614336
271044	0.002806443169
271045	0.003837617304
271046	0.002019082723
271047	0.0002384740292
271048	0.000175423569
271049	0.002721232821
271050	0.003156118077
271051	0.001902844514
271052	0.002427217043
271053	0.001054354569
271054	0.001494484393
271055	0.0009184979477
271056	0.0005181403494
271057	0.0008352000804
271058	0.003396036552
271059	0.0002148208001
271060	0.003228234008
271061	0.00332363359
271062	0.0001056768778
271063	0.001014021206
271064	0.000130680071
271065	0.0003708477616
271066	0.000716930559
271067	0.0001222004615
271068	0.0006156207448
271069	0.000327322199
271070	0.003407122774
271071	0.0001170094878
271072	0.000581803995
271073	4.761553717e-05
271074	0.0003268848633
271075	0.000470776229
271076	3.625933482e-05
271077	0.0003765155999
271078	0.0004037662456
271079	7.728146507e-05
271080	0.001339710222
271081	0.00155583869
271082	7.581309924e-05
271083	0.001009781024
271084	0.0002925871591
271085	8.734512438e-05
271086	0.00161872629
271087	9.091944139e-05
271088	9.359524883e-05
271089	0.0002168487911
271090	0.0002855587338
271091	0.001366697677
271092	0.0004649390831
271093	0.0001388413225
271094	0.0004635961482
271095	0.0003922301272
271096	0.0005052526556
271097	0.0008602568505
271098	0.0004474972132
271099	0.001433265026
271100	0.0007088149634
271101	0.0005229330803
271102	5.769113918e-05
271103	0.0004705860964
271104	0.0007862736256
271105	0.0006213195158
271106	0.0001919546687
271107	0.0009864448497
271108	0.0003520647513
271109	0.001410208829
271110	0.001086841959
271111	0.0001375225693
271112	0.0002336048031
271113	0.0003170156455
271114	0.0006570057676
271115	0.0004642144934
271116	0.0005681539108
271117	0.0001662307783
271118	0.0004351002597
271119	0.0002738448949
271120	0.004258440798
271121	0.0004456053635
271122	0.001539510023
271123	0.0005688434384
271124	0.0007305426595
271125	1.32811431e-05
271126	0.00105505733
271127	0.0008234005561
271128	0.0001092862559
271129	0.0006718768466
271130	0.003442178813
271131	0.002620100237
271132	0.00034381973
271133	0.0003835053886
271134	0.0004419291433
271135	0.001121101342
271136	0.0002884719397
271137	0.001158528569
271138	0.000145328745
271139	0.001622160278
271140	0.001222518358
271141	0.0003499978161
271142	0.001311722295
271143	0.0003935898335
271144	0.000735739549
271145	0.0003893014893
271146	0.0003418073695
271147	0.0006673955181
271148	0.000464361415
271149	0.0003211035292
271150	0.0009422853281
271151	1.866457449e-05
271152	5.168296177e-05
271153	0.001100237334
271154	0.001689117926
271155	9.278130556e-05
271156	7.108536326e-05
271157	0.001770329961
271158	7.405836418e-05
271159	0.0007421667657
271160	0.0007400898714
271161	0.0004134957746
271162	0.001755040167
271163	0.0003393651621
271164	0.000163783787
271165	4.130816661e-05
271166	0.0002381588993
271167	0.0004329083879
271168	6.735078491e-05
271169	0.0007606364845
271170	0.0002025811462
271171	0.0005497831654
271172	0.0001446577889
271173	0.0002644547055
271174	0.0005636940945
271175	0.001013623628
271176	0.0001095416106
271177	0.0002856058024
271178	9.498557649e-05
271179	0.002268384473
271180	0.0004232700365
271181	0.001057134412
271182	0.0004405288869
271183	0.0001657557694
271184	0.0003829862175
271185	0.001013767784
271186	0.000524529501
271187	0.0006768227843
271188	0.001171556586
271189	0.0003310067014
271190	0.0002777692361
271191	0.000201026432
271192	0.001148756487
271193	0.0003361126926
271194	0.001071983228
271195	0.0007339494117
271196	0.002811357029
271197	0.0002422472193
271198	0.0001172097558
271199	0.000569479455
271200	0.0004760603006
271201	0.0002538599556
271202	7.017361968e-08
271203	0.0002901128406
271204	0.0002173318651
271205	2.720134285e-05
271206	0.0007546877212
271207	0.001402763916
271208	2.704888726e-06
271209	0.000270608731
271210	0.0003791894515
271211	0.0002241429509
271212	3.582565331e-05
271213	0.0004160541056
271214	0.0004359298775
271215	0.0003571005485
271216	0.0002425168673
271217	0.0002059919568
271218	0.0002283046488
271219	0.0001372523409
271220	0.0002273651777
271221	0.0009830800947
271222	0.0004127698607
271223	0.0002082017235
271224	0.000367513332
271225	0.0007105169152
271226	0.0002462270882
271227	0.0003047911564
271228	0.0002696129813
271229	0.0003476430652
271230	0.0009680940863
271231	0.002391417305
271232	0.0001533053278
271233	0.0001247972521
271234	0.0002393327225
271235	0.002261124283
271236	1.360063358e-05
271237	0.001264096089
271238	0.0001428185828
271239	0.0006235769061
271240	0.001588902634
271241	0.0008458830463
271242	5.373702999e-05
271243	0.0001109048765
271244	0.0001094453494
271245	0.0002359150333
271246	0.000102171499
271247	0.003489642166
271248	0.001128232532
271249	0.001820377271
271250	6.012199451e-06
271251	0.001392330404
271252	4.004267624e-05
271253	0.001103947957
271254	0.001690593759
271255	0.0004659476123
271256	0.0009960101302
271257	0.0004307660395
271258	0.002202709189
271259	0.0006557917424
271260	6.05191185e-05
271261	0.000736128595
271262	0.0002547213646
271263	0.000320182886
271264	0.001668609915
271265	0.0002426040946
271266	2.98419731e-05
271267	0.0001577743286
271268	0.0001567524248
271269	0.0002874346052
271270	0.0005231959429
271271	0.0002272243659
271272	0.0008675562849
271273	0.0001995868418
271274	0.00037064945
271275	0.000123219084
271276	0.0004061594954
271277	0.002113522482
271278	0.0006672968537
271279	0.001386802527
271280	0.0005014027003
271281	0.001637092297
271282	0.0004054236174
271283	0.000113060689
271284	0.0001646251778
271285	0.0006399389984
271286	0.0005636533233
271287	0.001657243463
271288	0.0004221513763
271289	0.001446930337
271290	0.0007017896909
271291	0.0002935947538
271292	0.0003641911692
271293	0.000553059696
271294	0.0004925314451
271295	0.0004712947362
271296	0.0002915302709
271297	5.136722861e-05
271298	0.0007975930201
271299	3.757623859e-05
271300	0.000138174336
271301	0.00020988367
271302	0.0006043503884
271303	0.001556221306
271304	0.0008233353165
271305	0.0009200789815
271306	0.0002167953185
271307	0.0008277639857
271308	0.0009145773109
271309	0.0004056740479
271310	1.458494245e-05
271311	0.001067208847
271312	0.0008820592029
271313	0.0004366267134
271314	0.0003478827372
271315	0.0005441410091
271316	0.0004067113208
271317	0.0001969175914
271318	0.0005840497533
271319	0.001053234826
271320	0.0007996009686
271321	0.0003263364759
271322	1.913074096e-05
271323	0.001613917695
271324	0.0008437741769
271325	0.0003275781641
271326	0.0003838397112
271327	0.001138132868
271328	0.0001744317019
271329	0.0003119048793
271330	9.889501253e-05
271331	0.0009776886093
271332	0.0001693942621
271333	0.0004216590077
271334	0.0006540434361
271335	0.0001718871891
271336	0.001298864926
271337	3.753204293e-06
271338	0.0002400118498
271339	0.0002891735566
271340	0.0002678468901
271341	0.001223532823
271342	0.0001087675598
271343	0.002446913514
271344	0.001138545328
271345	4.461543769e-05
271346	0.0003475997936
271347	0.0007254764147
271348	0.0002777684714
271349	0.0002754621504
271350	0.00019389782
271351	0.000657113699
271352	0.0004426589458
271353	0.001742261064
271354	0.0003000633879
271355	4.405924463e-06
271356	0.0002814027867
271357	0.0004413237944
271358	0.001187001741
271359	0.0004765358765
271360	0.0001010877132
271361	6.364156482e-06
271362	0.001234542559
271363	0.0001904273528
271364	0.0003244873656
271365	0.002555199704
271366	0.0002317821238
271367	6.82818478e-06
271368	0.0002021155952
271369	0.0004573220931
271370	0.0004348540475
271371	0.0002151801706
271372	0.000337230188
271373	0.000570863757
271374	0.001568979583
271375	0.0003283009021
271376	0.001266186573
271377	0.0004310504829
271378	0.0001121767203
271379	0.00123211618
271380	2.09644935e-05
271381	0.001924849364
271382	8.110499282e-06
271383	0.0009580425824
271384	0.001106593312
271385	0.00172605335
271386	7.699380954e-05
271387	0.0003976780784
271388	0.0008415612875
271389	3.438962475e-05
271390	0.0004618780011
271391	0.0001076070023
271392	0.0006210768617
271393	6.527865939e-05
271394	0.0003678074732
271395	0.0006909567656
271396	0.002637871657
271397	0.0002677996062
271398	0.0002841143658
271399	0.0004545520032
271400	0.0007462705422
271401	0.000256332234
271402	0.0006394019158
271403	2.940569307e-05
271404	6.2893347e-05
271405	0.0001508606139
271406	0.0009148706309
271407	0.0003321870356
271408	0.0002137025791
271409	0.0001629661023
271410	0.001035882608
271411	0.0002641185109
271412	0.0001815462227
271413	0.0005916593299
271414	0.0004600026038
271415	0.0003574474147
271416	0.0007123859785
271417	0.00116403113
271418	0.0008095657091
271419	0.0003457183368
271420	0.0002841571381
271421	0.000356423482
271422	0.0001093098437
271423	0.0006768135917
271424	0.0001253279434
271425	0.0008867455171
271426	0.0005138338716
271427	0.0001247244316
271428	0.0001423064159
271429	0.0004758332104
271430	0.0004208685839
271431	0.0004798972871
271432	0.00145570346
271433	0.0001322666618
271434	0.0003678308087
271435	0.0004202787817
271436	0.0001484422076
271437	0.0008913531915
271438	0.0004334972571
271439	0.001017842404
271440	0.0001619378596
271441	0.0003695662226
271442	0.0001310072624
271443	0.0001577654767
271444	0.0007482977443
271445	0.0001891157561
271446	0.000246641945
271447	0.0006669260222
271448	0.0004534164916
271449	0.0004323987545
271450	0.0005204844475
271451	0.0003701206777
271452	0.0001552956446
271453	0.001023450077
271454	1.036224146e-05
271455	0.0001448300566
271456	0.0002534970172
271457	3.697345046e-05
271458	0.0004266486496
271459	0.001045649607
271460	0.0002530086773
271461	0.0007039073583
271462	5.197763686e-05
271463	0.0004083989786
271464	0.0006534324771
271465	6.916205751e-05
271466	0.0002164601409
271467	0.0003839067135
271468	0.0002809402922
271469	0.0004603710269
271470	0.001427290044
271471	0.0007671570981
271472	0.0001462585399
271473	0.0004609381504
271474	0.002149435984
271475	0.0009984209415
271476	0.0007655741266
271477	9.488625692e-06
271478	4.940940582e-05
271479	0.0007233482559
271480	0.0009799898133
271481	0.00196685841
271482	0.0003174726569
271483	0.002186749536
271484	0.0004169066946
271485	4.588403404e-05
271486	0.0008738434438
271487	0.000429168837
271488	0.0001099191252
271489	0.0003712396726
271490	0.0001266947635
271491	0.0008486543473
271492	0.001525408397
271493	0.006192652124
271494	0.0008309042087
271495	0.0006218472457
271496	0.0002385710546
271497	0.0015466573
271498	0.002671380728
271499	0.0007956752349
271500	0.0008394858475
271501	0.0009410762112
271502	0.0005523022099
271503	0.0005748068708
271504	0.000722343302
271505	4.571713547e-05
271506	5.806605629e-05
271507	0.0007669934294
271508	0.0002097544792
271509	0.0002939158309
271510	7.55058734e-05
271511	0.0009523573447
271512	0.0004591091649
271513	0.0003636049801
271514	0.0002192339911
271515	0.0002040305256
271516	0.0001656687653
271517	0.001327470128
271518	0.0001823597854
271519	0.001110146392
271520	0.0001360406819
271521	0.0003555119088
271522	0.0017086747
271523	0.0007210526209
271524	0.0002381065221
271525	2.564626241e-05
271526	0.00140604109
271527	0.0003577701667
271528	0.0004285023276
271529	0.0002256479847
271530	4.284513352e-05
271531	0.0001028201649
271532	0.0001708286788
271533	0.0005160449886
271534	0.0001972324838
271535	0.0009027010283
271536	0.0006556524241
271537	0.001537944053
271538	0.0007994200801
271539	0.00035090909
271540	0.0001214017907
271541	2.221952146e-05
271542	0.0006142194916
271543	0.0009176570863
271544	0.001250971566
271545	0.000277294713
271546	0.0003919287884
271547	0.0002204141342
271548	0.003264408206
271549	0.001145494456
271550	0.0005129544111
271551	0.0003502472689
271552	0.005085936135
271553	0.0001824015505
271554	0.0004983112115
271555	0.0002540082906
271556	0.0004365827931
271557	0.0006598057718
271558	0.0006829103802
271559	0.0008757460272
271560	0.0001393109969
271561	0.0002126232162
271562	0.002131523841
271563	0.0001889524194
271564	0.0006953823367
271565	0.0003522688546
271566	0.0008776896449
271567	0.0006361599495
271568	0.0001050898237
271569	0.0002677467023
271570	0.0006037249405
271571	0.0006007730476
271572	0.0004788293844
271573	0.0004490086988
271574	3.494380029e-06
271575	0.0003150999869
271576	0.0002470270663
271577	2.944712443e-05
271578	0.0004920886951
271579	0.001556701214
271580	0.001050331439
271581	0.0001602292876
271582	4.999593315e-05
271583	0.0007545078031
271584	4.822817534e-05
271585	0.0004390381435
271586	0.0002927230249
271587	0.0004215102672
271588	0.00177380712
271589	9.784962189e-05
271590	7.867322865e-05
271591	0.0001891115608
271592	6.510741527e-05
271593	0.0007130218718
271594	0.0002136281988
271595	0.0001685434807
271596	7.693973734e-05
271597	0.0008723926824
271598	0.0006655517966
271599	7.727138196e-05
271600	0.000693849938
271601	0.000215223308
271602	5.31986977e-05
271603	7.621693131e-06
271604	8.618532484e-05
271605	0.0005454944325
271606	3.925392497e-05
271607	0.0005527252361
271608	0.000636831635
271609	5.386278026e-05
271610	0.0007101362048
271611	0.0003032487653
271612	0.0002410275302
271613	0.0002764662862
271614	0.0001051093561
271615	2.216199847e-05
271616	0.0009806757044
271617	0.001414601376
271618	0.0006216835694
271619	0.0004651437086
271620	0.0008075345786
271621	0.0008095693427
271622	0.0005805276089
271623	0.0003979081806
271624	0.00161196499
271625	0.0002845489672
271626	0.0002344744165
271627	0.0001009807745
271628	0.0002044994017
271629	0.0003227299505
271630	0.0009506089365
271631	0.00035509958
271632	0.002853258506
271633	0.0006521574151
271634	0.00353384143
271635	6.731914416e-05
271636	9.358836777e-05
271637	0.001488716751
271638	0.0007704637496
271639	7.947906207e-05
271640	0.00176955607
271641	9.89854093e-05
271642	0.0006381225351
271643	0.0003516677949
271644	0.000185614774
271645	0.0008156343862
271646	0.001429933311
271647	2.624703614e-06
271648	0.0005075286961
271649	0.0003295327421
271650	0.0007484940326
271651	0.0001222216337
271652	0.0005790162076
271653	0.0001086376975
271654	0.001839337261
271655	0.0003855574757
271656	0.0003870425333
271657	0.0008539406845
271658	0.0004559642786
271659	0.0004285167356
271660	0.005082477631
271661	0.000766929594
271662	0.001995420627
271663	0.000129995651
271664	0.001310228484
271665	0.000362417534
271666	0.0004245212636
271667	0.0001764228766
271668	0.0003441379198
271669	0.0004622767732
271670	8.620185464e-05
271671	0.0002439905282
271672	0.001493253057
271673	0.003148188995
271674	0.0001608128782
271675	0.000293364481
271676	0.0003217622703
271677	0.0004351726826
271678	0.0003544192079
271679	0.0003189361431
271680	0.0002942076603
271681	0.0005145050626
271682	0.00109233382
271683	0.00141130557
271684	0.0002083240549
271685	0.000479733892
271686	0.0008197637682
271687	0.0004492358982
271688	0.0002954730378
271689	0.001675448665
271690	9.016676407e-05
271691	2.192986444e-05
271692	0.000162294784
271693	0.002919205714
271694	0.003009839201
271695	0.0008371710059
271696	0.0004724611193
271697	0.001115017635
271698	0.0005384269425
271699	0.0007699988281
271700	0.0002283256612
271701	0.000262430522
271702	0.00108930664
271703	0.0005941156162
271704	0.001076269629
271705	0.0002682735088
271706	9.173306984e-06
271707	0.0003251162083
271708	0.0002056298436
271709	0.0005280318222
271710	9.000014209e-05
271711	0.0007273569327
271712	0.002000626925
271713	0.0001836291305
271714	0.0002570302042
271715	0.0001498912722
271716	2.489368123e-05
271717	0.0005900168316
271718	0.0003832943547
271719	2.834050945e-05
271720	2.304707674e-05
271721	0.0005953720167
271722	0.0006487460196
271723	0.0006494752441
271724	0.0003110056032
271725	0.0005364537422
271726	0.000520858019
271727	0.001845136956
271728	0.0003180679949
271729	0.002468052437
271730	0.0001210572351
271731	0.0003431848769
271732	0.0006650990825
271733	0.0002648929856
271734	0.0001643785762
271735	0.0006284529577
271736	0.0004029434959
271737	6.60073043e-05
271738	0.0005764643929
271739	0.0004851061296
271740	0.0005066988207
271741	0.000224404659
271742	0.0008866389609
271743	0.0003021292767
271744	0.001146633528
271745	0.0005250354639
271746	0.0002115473026
271747	0.002359045968
271748	0.0002039437541
271749	0.001592169697
271750	0.0008149652223
271751	0.0001766646559
271752	6.129782176e-05
271753	0.000136077389
271754	0.003520726163
271755	0.0002113578693
271756	0.0003281392413
271757	0.002096621988
271758	0.0006814798407
271759	0.0006899395962
271760	0.0005378481534
271761	0.002182788283
271762	0.0005276139353
271763	0.0008165992063
271764	0.0005271063083
271765	0.0002344175816
271766	0.001140678841
271767	0.00287835873
271768	0.002055310195
271769	0.001845366216
271770	0.001630321899
271771	0.002361049649
271772	0.001597414356
271773	0.00211548412
271774	0.002735462284
271775	0.001165135382
271776	0.001216553019
271777	0.0001294975561
271778	0.0001467419053
271779	0.002827942778
271780	0.0003308939263
271781	0.001738165348
271782	0.0008931626014
271783	0.001978037229
271784	0.0001887760657
271785	0.000809363665
271786	0.002419581135
271787	0.001086865408
271788	0.001039625012
271789	0.0008841992968
271790	0.002834726163
271791	0.001537181138
271792	0.002014123755
271793	1.217273308e-06
271794	0.0002215436388
271795	0.002595280992
271796	4.937617071e-05
271797	0.002454419207
271798	0.001208196922
271799	0.002998747613
271800	0.000230838449
271801	0.002012544114
271802	0.002822187064
271803	0.002219780131
271804	0.0008959235881
271805	0.002684867163
271806	0.001414344558
271807	0.0008127607953
271808	0.0002809169296
271809	0.002035908874
271810	0.000874629461
271811	0.0004967438726
271812	6.733634606e-07
271813	0.001977763461
271814	0.001095679699
271815	0.003358688363
271816	0.0005397532343
271817	0.0006598910457
271818	0.0004133505241
271819	0.0001173856593
271820	0.002361630351
271821	0.002552410707
271822	0.001096866439
271823	0.001282214545
271824	0.001028535831
271825	0.0007116232801
271826	0.002595228369
271827	0.002316004376
271828	0.001936747721
271829	0.0003526164801
271830	0.001393270585
271831	0.001343645913
271832	0.002035716761
271833	0.0002872165465
271834	1.062235976e-06
271835	0.003078742314
271836	0.003639050661
271837	0.000273943968
271838	0.00014409701
271839	0.003434722576
271840	0.00246524983
271841	0.002399207745
271842	0.002588928114
271843	0.003097823428
271844	0.00198691323
271845	0.001234614092
271846	0.002314571467
271847	0.001777050611
271848	0.0007070812048
271849	0.0004809568829
271850	0.0002282712573
271851	0.0009771835412
271852	7.462237345e-06
271853	0.001764600821
271854	0.0002244311862
271855	0.0001120802373
271856	0.0003341654265
271857	0.001235818916
271858	0.001261355485
271859	0.001424648932
271860	0.000599487442
271861	4.812659417e-05
271862	0.0007480288784
271863	0.001301457465
271864	0.000481003017
271865	0.0006984625006
271866	0.0003945609748
271867	0.001643231554
271868	0.0001552029843
271869	0.0001475470719
271870	4.5906158e-05
271871	0.001463382692
271872	0.0001705958153
271873	0.0002710418737
271874	0.0001171127523
271875	0.0006318020371
271876	0.001411771499
271877	0.0001461557468
271878	0.0005555894291
271879	0.001538163468
271880	0.001366309743
271881	0.0007725374897
271882	0.0002651086685
271883	0.0005963920632
271884	0.0008765792449
271885	0.0002327228207
271886	0.0006697025604
271887	0.0002105672571
271888	0.0008404978117
271889	0.0006332572611
271890	0.0006890920549
271891	0.0006018741533
271892	5.155897975e-05
271893	2.847226933e-05
271894	0.0003291883143
271895	0.0006697943214
271896	0.000652592762
271897	0.0004335684521
271898	0.0002086412347
271899	0.0002527415178
271900	0.0006484304366
271901	3.751735656e-05
271902	0.001192306444
271903	0.0001689615905
271904	0.0005169964751
271905	0.0003486613533
271906	0.001501715316
271907	0.0002973098721
271908	0.001141175453
271909	0.000125358051
271910	0.0006563354549
271911	0.0002760173179
271912	0.0003209443726
271913	0.000226043329
271914	0.0008185532083
271915	0.001108658969
271916	0.0008377224367
271917	0.0019339952
271918	0.0007554207974
271919	0.0002536743683
271920	0.0002908779122
271921	0.0009016761984
271922	0.001012845507
271923	0.0006843713168
271924	0.001006173744
271925	0.0002825176807
271926	0.0003199294619
271927	0.0005005436385
271928	0.0004356456831
271929	0.0005752593046
271930	1.310037474e-05
271931	0.0003240139709
271932	0.001574776655
271933	0.0007336155536
271934	0.002255854838
271935	0.0005460635477
271936	0.0001008804022
271937	0.0002851584978
271938	0.001050188998
271939	0.001242107018
271940	0.0006114998006
271941	0.0001337059398
271942	0.0002287335641
271943	0.0001721126208
271944	0.0007102920209
271945	0.001757001942
271946	0.0008690252595
271947	2.604296932e-05
271948	0.0002450210808
271949	0.0001329025645
271950	0.001265750339
271951	0.001249135204
271952	0.0009400441104
271953	0.0005163251581
271954	0.001217595944
271955	1.080422876e-05
271956	0.001159659971
271957	0.0001937003236
271958	0.001002098694
271959	0.0005370413702
271960	0.0008809805945
271961	6.410769232e-05
271962	0.00204183699
271963	0.001046393825
271964	0.0004729090729
271965	0.0003673510231
271966	0.0004859786004
271967	0.0002848517713
271968	0.0004207048711
271969	2.16597986e-05
271970	6.20384763e-05
271971	0.001621437449
271972	5.638069193e-05
271973	0.0008387926054
271974	0.001756577706
271975	4.553901822e-07
271976	0.0001394467762
271977	0.000201448584
271978	0.0003679327579
271979	9.905846e-05
271980	0.0002133747311
271981	0.0006541674832
271982	0.000259988354
271983	0.001321028099
271984	2.203630882e-05
271985	0.0002020444744
271986	0.00084847467
271987	0.0006574981977
271988	0.0005089177817
271989	0.0009372947684
271990	0.0006634528123
271991	0.001038520718
271992	0.001671740983
271993	0.000546509829
271994	0.0008800316941
271995	0.0005177629633
271996	0.0005074559974
271997	0.0007190472831
271998	0.001191019189
271999	0.0002306341071
272000	0.000281714737
272001	0.001242945938
272002	0.001535656438
272003	0.0006190030425
272004	0.0006645127607
272005	0.0002332109556
272006	0.0003472810229
272007	0.0001290693203
272008	0.000812015532
272009	0.0003993701174
272010	0.0008454361673
272011	0.0004035756223
272012	0.001236430919
272013	2.593010041e-05
272014	0.0005616059615
272015	0.000398383432
272016	0.0002790077606
272017	0.00115139683
272018	0.001176869965
272019	0.0009401141209
272020	0.0009683079852
272021	0.0003369315521
272022	0.0005981951946
272023	0.0004149953916
272024	0.0004450323904
272025	0.00102285323
272026	0.001159971757
272027	0.0004726026002
272028	0.0009375993325
272029	0.0007423288157
272030	0.001173563745
272031	0.000482911104
272032	0.001305851355
272033	0.001034495709
272034	0.0005509501049
272035	0.0005313278683
272036	0.0002199881011
272037	0.0003169904274
272038	0.0005167467262
272039	0.0004906085212
272040	0.001864484173
272041	4.021972319e-05
272042	0.0009918906105
272043	0.0006388780639
272044	0.001301248303
272045	0.0002410028711
272046	0.005419826105
272047	0.007448216927
272048	0.003927252159
272049	0.005030327262
272050	0.005565927941
272051	0.003743592324
272052	0.001171556159
272053	0.004717921643
272054	0.007343761857
272055	0.005648160461
272056	0.001604082235
272057	0.0007556347197
272058	0.0002860708682
272059	0.003506575809
272060	0.001269489241
272061	6.745027707e-05
272062	0.0006785971288
272063	0.002576595684
272064	0.003999502866
272065	0.0008388172342
272066	0.0001324468616
272067	0.00241250429
272068	0.001231369169
272069	0.001515534386
272070	0.0002021881208
272071	0.000799595752
272072	0.0001995009281
272073	0.003085034474
272074	0.002830827718
272075	6.326840383e-05
272076	0.002352578213
272077	0.0003153460865
272078	0.001829711276
272079	0.0004509608393
272080	0.002241070385
272081	0.0003838838793
272082	0.00608214593
272083	0.000717150747
272084	0.003071545628
272085	0.0005119506036
272086	0.001321630505
272087	0.0004839863437
272088	0.0007407149227
272089	0.001116704929
272090	0.002722694732
272091	0.0001990525154
272092	0.003321600569
272093	0.0005854183012
272094	0.0005464877329
272095	0.0001608141738
272096	0.0003623936887
272097	0.0001704452969
272098	0.0003624620485
272099	0.0002666716705
272100	8.927694269e-07
272101	1.173576313e-06
272102	4.268387533e-07
272103	7.873645118e-07
272104	2.314098467e-06
272105	2.858212962e-07
272106	8.623759701e-07
272107	6.580132298e-07
272108	1.279185926e-07
272109	6.993565209e-07
272110	1.297913187e-06
272111	6.846202971e-07
272112	1.59591234e-06
272113	1.97403969e-07
272114	1.624054425e-06
272115	3.883608378e-07
272116	4.247920551e-07
272117	3.875421617e-07
272118	4.646003623e-08
272119	2.660706723e-09
272120	1.456839244e-06
272121	2.020090385e-07
272122	0.0001188447818
272123	0.0007048792563
272124	0.0002355385741
272125	0.0009119568187
272126	0.0008572703381
272127	0.0001377884624
272128	0.001228004259
272129	0.0002506826085
272130	0.0002607569417
272131	0.0003511007908
272132	0.0005478974542
272133	0.0001391888233
272134	0.0002840541999
272135	0.001971371431
272136	0.001735990212
272137	0.001296231745
272138	0.001757224156
272139	0.00120145588
272140	0.003603913463
272141	0.002198872344
272142	0.002085002008
272143	0.002788803807
272144	0.005387161974
272145	0.000921038803
272146	0.0005298809845
272147	0.0009078249033
272148	0.0005998724002
272149	0.001941222772
272150	0.00115429475
272151	4.516260547e-05
272152	0.003373825176
272153	0.00034471051
272154	0.002430000638
272155	0.001519462262
272156	0.00241572048
272157	0.00308128534
272158	0.0006874070314
272159	0.006078251669
272160	0.0006268288404
272161	0.0009378485014
272162	0.002299202547
272163	0.002124054962
272164	0.001387002659
272165	0.0007825894353
272166	0.005250975475
272167	0.0002583654358
272168	4.911634899e-05
272169	0.001767570329
272170	0.0007451454439
272171	0.001734725249
272172	0.002726847272
272173	0.0007077266802
272174	0.001808194973
272175	0.0020259976
272176	0.0008206209998
272177	0.0004598668544
272178	0.0003205290031
272179	0.0009933281672
272180	0.0006858319278
272181	3.598052326e-05
272182	0.003954066958
272183	0.002725404972
272184	0.001658494688
272185	0.002822455393
272186	0.001155289345
272187	7.929014967e-05
272188	0.0002669342202
272189	0.0001083076323
272190	0.001363604725
272191	0.001174059301
272192	0.0005701567466
272193	0.003123889548
272194	0.0004701780949
272195	0.0002851872061
272196	0.0003352888469
272197	0.0004438686559
272198	1.308096107e-05
272199	3.02399548e-07
272200	0.0002918655886
272201	6.41730606e-05
272202	2.271834168e-07
272203	0.0008815712891
272204	0.0009971567192
272205	4.653186185e-05
272206	0.001240221745
272207	6.107246967e-06
272208	0.001346373864
272209	0.000890933153
272210	0.001783255545
272211	0.002397899603
272212	0.0001389700779
272213	0.001496575733
272214	0.003101372498
272215	0.0007486069428
272216	0.001618183469
272217	0.001449257506
272218	0.001219787897
272219	0.0003101684982
272220	0.0004494031554
272221	0.0003571540682
272222	0.001265325048
272223	0.0002324188093
272224	0.0003616088396
272225	0.0006958960244
272226	0.0001962848438
272227	0.001329339691
272228	0.004472605597
272229	0.00312841845
272230	0.001313029153
272231	0.0005924152275
272232	0.0004591743332
272233	0.0003923015883
272234	0.003488598813
272235	0.0006022507685
272236	0.0004668415457
272237	0.00037622896
272238	0
272239	0.001038180298
272240	0.001253946925
272241	0.000484900612
272242	0.004432626027
272243	0.002790604981
272244	0.005674404399
272245	0.0001177830276
272246	0.003396789066
272247	0.0004350909036
272248	0.0006258445204
272249	5.432955033e-05
272250	0.00206046063
272251	0.002330676016
272252	0.0009992632145
272253	0.007085547579
272254	0.0009252266395
272255	0.0002600106197
272256	0.001514086841
272257	7.994206325e-05
272258	0.0009461410172
272259	0.0007163181025
272260	0.002414951048
272261	0.003709518047
272262	0.0005822993312
272263	0.001535791406
272264	0.002063745815
272265	3.54247124e-05
272266	0.003361877046
272267	0.0009618963069
272268	0.003335731156
272269	0.001138149943
272270	0.0003613131503
272271	0.001505039168
272272	0.0001123421463
272273	0.0006583267331
272274	0.0012780572
272275	0.0003453021458
272276	0.0002042918492
272277	0.002287124641
272278	0.001959569414
272279	0.002112572015
272280	0.003673555414
272281	0.001868192413
272282	0.004678569718
272283	0.001471024159
272284	0.004119921795
272285	0.00116193373
272286	0.002053080962
272287	0.000940051604
272288	0.0003192874844
272289	0.0008448721384
272290	0.0001981085911
272291	0.004872106764
272292	6.653130356e-05
272293	0.0007437209047
272294	0.00184029399
272295	0.001582891079
272296	0.003723418299
272297	0.001827117322
272298	0.0003840245195
272299	0.0002299861603
272300	7.847952085e-05
272301	0.0008196525251
272302	0.002028491938
272303	0.0001351294152
272304	0.001942826308
272305	0.002997644236
272306	0.0004816929091
272307	0.0005107982388
272308	2.879030246e-05
272309	0.0001295448646
272310	0.0006599733088
272311	7.91025329e-05
272312	5.317797187e-05
272313	0.0009096847632
272314	0.002283738424
272315	0.002053890667
272316	0.003806026431
272317	0.000617056024
272318	0.00349176901
272319	0.0001429451403
272320	0.0009702161555
272321	0.004430438444
272322	0.001393156837
272323	0.002753080412
272324	3.946762821e-05
272325	0.00055171866
272326	0.0006677540142
272327	0.0006849825969
272328	1.781548913e-05
272329	0.0002020934374
272330	9.836349786e-05
272331	0.0005810017951
272332	0.000403388851
272333	0.0001513987215
272334	0.0003535436017
272335	5.463567421e-06
272336	0.0043917437
272337	0.001307871644
272338	0.003597591801
272339	0.001252762236
272340	0.001947846054
272341	0.002330258454
272342	0.01112701638
272343	0.002308779626
272344	0.002097416909
272345	0.0003031187797
272346	0.003074186699
272347	2.226518864e-05
272348	0.004625788843
272349	0.0003057228013
272350	0.004255996751
272351	0.0003867997762
272352	0.007707113622
272353	0.001895224238
272354	0.008344112346
272355	5.367722234e-05
272356	0.001763056123
272357	0.003479286361
272358	0.01056593145
272359	0.005070339619
272360	0.002756844214
272361	0.002567142606
272362	0.001472325748
272363	0.0003408871968
272364	0.0005435426385
272365	6.298701076e-05
272366	0.006213392602
272367	0.002957081811
272368	0.0004265346895
272369	0.0001417932212
272370	0.003101338466
272371	4.577631044e-05
272372	0.0003951200003
272373	1.275903349e-05
272374	0.006084825686
272375	0.001785578634
272376	0.001935821971
272377	0.001834372084
272378	0.0005993248575
272379	0.001761525433
272380	0.001678289355
272381	0.002583419594
272382	0.002566305971
272383	0.000590728894
272384	7.175419875e-05
272385	0.005648768192
272386	0.006879309646
272387	0.000145161667
272388	0.001166890384
272389	0.0008094533219
272390	6.862780267e-05
272391	0.0004872320974
272392	0.0003021887245
272393	0.0009425234394
272394	0.00826449632
272395	0.0003847122636
272396	0.0004814716959
272397	0.0008668053021
272398	0.0002457457901
272399	0.0005911647817
272400	0.002656570755
272401	0.001191007231
272402	0.0001030399714
272403	0.0005237614158
272404	0.01005263463
272405	0.003573561738
272406	0.00374720999
272407	0.005028084631
272408	0.0003672626308
272409	0.001552777816
272410	0.002217316591
272411	0.0004776320436
272412	0.001232113129
272413	0.003535427479
272414	0.002445218049
272415	0.000335273711
272416	0.005024943237
272417	0.0006671782526
272418	0.004517029568
272419	0.00311189796
272420	0.002987804268
272421	0.0006095139411
272422	0.003510215114
272423	0.001214360698
272424	0.0009145719131
272425	0.002458522634
272426	0.0005925247688
272427	0.0005286264938
272428	0.004030442825
272429	0.001929034516
272430	0.003045823251
272431	3.765627596e-05
272432	0.001885423934
272433	0.0004817770978
272434	0.005080539393
272435	0.004086448201
272436	0.001610032345
272437	0.000656467084
272438	0.002544069905
272439	0.003348972595
272440	0.002335480726
272441	0.0001006292092
272442	9.355799014e-05
272443	0.001786887455
272444	0.004569427027
272445	0.002819799751
272446	0.0006565091076
272447	0.00228349073
272448	0.002215412321
272449	0.001383754831
272450	0.003328122284
272451	0.0009635688339
272452	0.001608364742
272453	0.0008125078563
272454	0.002619520255
272455	0.002534477631
272456	0.003892820318
272457	0.003864009659
272458	0.003957952242
272459	0.001927990193
272460	0.003248859832
272461	0.003285200693
272462	0.001799448707
272463	0.001931773533
272464	0.002079636701
272465	0.001791784489
272466	0.002452439024
272467	0.001372138049
272468	0.0008911713906
272469	0.00164325605
272470	0.002921667389
272471	0.002208927926
272472	0.004450960156
272473	0.00220982779
272474	0.0005696168148
272475	0.002043964114
272476	0.004922706418
272477	8.303529493e-05
272478	0.001574648849
272479	0.003094275407
272480	0.0004934784823
272481	0.0005995512934
272482	0.00247429004
272483	0.002296859861
272484	9.111650226e-05
272485	0.002416932532
272486	0.000344113701
272487	0.00235624635
272488	0.001828623151
272489	0.004956958304
272490	0.002696893125
272491	0.005769203932
272492	0.00233507172
272493	0.0005696999857
272494	0.001468339923
272495	0.001141312319
272496	0.002747191013
272497	0.00676191009
272498	0.001359915036
272499	0.0002161956598
272500	0.001863747513
272501	0.00164866678
272502	0.002544763764
272503	0.002533736094
272504	0.00405671239
272505	0.002439044535
272506	0.0002256245249
272507	0.0007508718031
272508	0.004271657693
272509	0.0001585095998
272510	0.001948542489
272511	0.0004060054038
272512	0.003277826169
272513	0.001214314429
272514	0.002412021226
272515	0.0009537997414
272516	0.002396943301
272517	0.0003956405775
272518	0.003964537396
272519	0.002561151958
272520	0.003533499744
272521	0.001780282266
272522	0.003390164994
272523	0.0004789794113
272524	0.004509834606
272525	0.0002805372416
272526	0.004703455951
272527	0.005595032881
272528	0.0006712186853
272529	0.002397641382
272530	0.0001406626558
272531	0.001331548397
272532	0.001394557881
272533	0.001052595907
272534	0.001589550919
272535	0.001743029228
272536	0.0004854345687
272537	0.002293878105
272538	0.003802518152
272539	0.001609755357
272540	0.0006811558987
272541	0.000617464532
272542	0.005321830607
272543	0.003052094846
272544	0.001642615932
272545	0.004950234197
272546	0.006652855422
272547	0.001288113602
272548	0.003089547707
272549	0.001715211526
272550	0.003791890292
272551	0.001092738619
272552	0.003831734457
272553	0.002121308538
272554	0.003341337805
272555	0.004532788187
272556	0.00628463381
272557	2.249941538e-05
272558	0.003928187448
272559	0.002465019134
272560	0.0005887170748
272561	0.0006108097412
272562	0.002432740022
272563	0.0006888528015
272564	0.0005390176262
272565	0.0005554343733
272566	0.0005289751109
272567	0.002495647162
272568	0.0005111633291
272569	0.0005130618439
272570	0.005042068998
272571	0.002020204907
272572	0.0006288690073
272573	0.0005892088164
272574	0.002271007222
272575	0.0005390671241
272576	0.000406850045
272577	0.000642927982
272578	3.717786771e-05
272579	0.005494516109
272580	0.001872730482
272581	0.001282184279
272582	0.001734596636
272583	0.0003036403068
272584	0.0009310610868
272585	0.002941396793
272586	0.0003816517977
272587	0.0002405669053
272588	0.0009383978126
272589	0.0005221834177
272590	6.727652992e-06
272591	0.003775473279
272592	0.003692639065
272593	0.0008123669853
272594	0.006852383899
272595	0.004038579043
272596	0.00248983778
272597	0.0002843183238
272598	0.001792178233
272599	0.002987893275
272600	0.00174710704
272601	0.0001208207296
272602	0.005934348293
272603	0.001124505384
272604	0.003203770869
272605	0.0007680987252
272606	0.001073991371
272607	0.0006440796475
272608	0.0008070239298
272609	0.003618304351
272610	0.001506381379
272611	0.001946221991
272612	0.00369480251
272613	0.00257719216
272614	0.0002127932357
272615	0.00161871464
272616	0.0002878105148
272617	0.001895072797
272618	0.000586379867
272619	0.002849150652
272620	0.0009543436713
272621	0.0008711403163
272622	0.00338151312
272623	0.005091025402
272624	0.002063498426
272625	0.002270781789
272626	0.003707069102
272627	0.001887910176
272628	0.001663827369
272629	0.001734416837
272630	0.001884270465
272631	0.002081713579
272632	0.002399603325
272633	0.002188646897
272634	0.002319885208
272635	0.0008335472324
272636	0.0007750494176
272637	0.001101693998
272638	5.037151045e-05
272639	0.000678071595
272640	0.0001217504532
272641	0.000208873241
272642	9.19189736e-05
272643	0.001931530292
272644	9.306652378e-05
272645	0.0002846322868
272646	8.61316602e-06
272647	8.816593028e-05
272648	0.0002832978178
272649	7.214667087e-05
272650	1.617146001e-05
272651	6.14009235e-09
272652	0.002477326065
272653	0.0006235993678
272654	0.0003790917004
272655	0.001174388851
272656	0.0003019171711
272657	0.0009022546264
272658	6.140092301e-10
272659	0.0006603130114
272660	0.0005722587038
272661	0.001156960508
272662	0.0007925956972
272663	0.0002567346875
272664	0.002231493841
272665	0.0007619897956
272666	0.001369637572
272667	0.0005687166078
272668	0.0008425566812
272669	0.001932590773
272670	0.003502609629
272671	0.001021468918
272672	0.000302819088
272673	0.0004241136926
272674	0.001739902981
272675	0.0003293660278
272676	7.293445634e-05
272677	0.000142226315
272678	0.000868349717
272679	0.001020684688
272680	0.001472623884
272681	0.00318124822
272682	0.001756102695
272683	0.001544444706
272684	0.002786533716
272685	0.002820990295
272686	0.0001587166025
272687	7.250374361e-05
272688	0.0005908607004
272689	0.0007709076659
272690	0.004083106638
272691	0.001860234318
272692	0.0003950083523
272693	0.0004001979616
272694	0.001767535752
272695	0.0002191727893
272696	0.0004525330309
272697	0.001668525733
272698	0.003947848344
272699	0.004508376968
272700	0.002347549439
272701	0.00126153736
272702	0.003135606224
272703	0.003118848375
272704	0.001034288686
272705	0.0008240269191
272706	0.0007981844586
272707	0.001032389135
272708	0.001089473591
272709	0.0007609681511
272710	0.0002351529629
272711	0.001407497044
272712	0.001013512297
272713	0.0009932218554
272714	0.002163268525
272715	0.002317189285
272716	0.0001768662724
272717	0.003709773785
272718	0.002221146187
272719	0.0005925810318
272720	0.0006708067786
272721	0.000232102593
272722	0.0005345856826
272723	0.0009227256787
272724	0.0007532496511
272725	0.0002022465339
272726	0.0001752914483
272727	0.001027501165
272728	0.001387786449
272729	0.0001942243672
272730	0.0004363129398
272731	0.000542841518
272732	0.0008423606661
272733	0.0002232150643
272734	0.001088009105
272735	0.001920281599
272736	1.501973717e-05
272737	0.0001013551873
272738	0.0001045831455
272739	0.0006894707665
272740	0.000457872446
272741	0.000367065225
272742	9.203270189e-05
272743	0.0005669262208
272744	0.0001931126259
272745	8.943041098e-05
272746	0.0001015301082
272747	0.0007313214842
272748	0.0002872573375
272749	0.0005519810033
272750	2.410192922e-05
272751	0.0005506369884
272752	0.0004787315498
272753	0.0007597001949
272754	0.0001215056295
272755	0.001213443382
272756	0.0006545514936
272757	0.0007483216372
272758	1.266227016e-05
272759	0.0006493620457
272760	1.817195837e-06
272761	0.0003823842524
272762	0.0004731737949
272763	0.000941069895
272764	0.0003668736537
272765	7.009406616e-06
272766	0.0003799686112
272767	9.744649904e-06
272768	0.0001901807162
272769	0.0001825796871
272770	0.0001722164741
272771	0.0005466890349
272772	0.0007548506381
272773	0.0001869864077
272774	9.777390003e-05
272775	0.0005429479362
272776	0.0006807027049
272777	8.896415495e-05
272778	9.217101165e-05
272779	0.0005890332845
272780	0.0001907423098
272781	0.000180246576
272782	0.000560240703
272783	1.473622159e-07
272784	0.0001105205664
272785	0.0003981933159
272786	0.000559482376
272787	0.0007548711872
272788	9.870043278e-05
272789	0.0007578321951
272790	0.0002828369601
272791	0.0003671634663
272792	0.0003550505774
272793	0.0003717205254
272794	0.0002679622285
272795	0.0007582608041
272796	0.0002811055617
272797	0.0001900086723
272798	0.0003807962555
272799	0.0005588757842
272800	0.0001960787206
272801	0.0002726685915
272802	3.655129995e-06
272803	0.0001868001412
272804	0.0003541171265
272805	1.600806535e-05
272806	0.000193758545
272807	9.087336674e-07
272808	1.18728919e-06
272809	0.001138312802
272810	0.0002649627202
272811	0.001645979216
272812	0.0006118790911
272813	0.002121152102
272814	0.0005350419388
272815	0.0001029929324
272816	0.0014314304
272817	0.0008490614344
272818	0.002057261022
272819	0.001041307223
272820	0.0006959038059
272821	0.0001897212835
272822	0.0009579324631
272823	0.0009715775558
272824	1.36945849e-05
272825	0.001436605113
272826	0.0002702014886
272827	0.001538211441
272828	0.001627491052
272829	0.002872187238
272830	0.001543181935
272831	0.001731294901
272832	7.494383325e-06
272833	0.0006213692679
272834	0.0010459009
272835	0.000407929884
272836	0.001721671862
272837	0.0005309427496
272838	0.001051614932
272839	0.000371923769
272840	0.001983557096
272841	0.002674317108
272842	0.0002598913791
272843	0.00139309188
272844	0.000152636256
272845	0.001569715257
272846	0.001664604495
272847	0.0004487520121
272848	0.0007275460467
272849	0.001552823995
272850	0.003355252457
272851	0.001644091378
272852	0.0001543312368
272853	0.001442285353
272854	0.000403385947
272855	0.001820130472
272856	0.0007603930786
272857	0.002433156599
272858	0.000847705512
272859	0.002639496926
272860	0.001798157092
272861	0.001790676979
272862	0.0004488868835
272863	0.001620177943
272864	7.362197592e-05
272865	0.002061175584
272866	0.0029933788
272867	0.002368860495
272868	6.361633443e-05
272869	0.0006464042593
272870	0.002843530906
272871	0.0001760030467
272872	0.001474473352
272873	0.000507093242
272874	0.001148105623
272875	0.001834100952
272876	0.0001271655569
272877	0.0006833005679
272878	0.0006860118028
272879	0.0008619295522
272880	0.002588634209
272881	0.0002176384095
272882	0.0006326920768
272883	0.0001903567912
272884	0.0006022183894
272885	0.0003709964337
272886	7.382969548e-05
272887	0.0001621468394
272888	0.0003171158998
272889	0.0003743169073
272890	3.925838958e-05
272891	0.000763568032
272892	9.948128418e-05
272893	0.0008031227802
272894	0.0003287326544
272895	0.0006823280127
272896	0.0001810643053
272897	0.0006587389358
272898	8.109914689e-05
272899	0.0001808916659
272900	1.003724247e-06
272901	0.0004499133128
272902	0.0001048214846
272903	7.249612448e-05
272904	0.0001151302858
272905	2.352859147e-05
272906	5.900192821e-05
272907	0.0001782569219
272908	0.000511115844
272909	0.0006022808435
272910	0.0008142487997
272911	0.0004216477569
272912	0.0006660463593
272913	0.0003590455091
272914	0.0007466007273
272915	0.0001238776652
272916	2.563066484e-05
272917	0.0002983611485
272918	0.000305079594
272919	7.496417577e-05
272920	0.0001250089721
272921	0.0006654686511
272922	0.0001852178474
272923	0.0003059055124
272924	9.479650492e-05
272925	0.0005738182475
272926	0.0007076857493
272927	0.0001979197132
272928	6.46346351e-06
272929	0.0003778226861
272930	0.0001724850149
272931	0.0002266071707
272932	0.0007614989735
272933	0.001174513581
272934	0.0007835503953
272935	0.000561560694
272936	8.075384776e-05
272937	0.000363974944
272938	0.0004082554491
272939	0.0002721846985
272940	1.47190545e-05
272941	0.000777816937
272942	0.0007623237284
272943	0.0002728884627
272944	0.0002124170272
272945	3.663742679e-05
272946	0.0003809142795
272947	6.539198354e-07
272948	0.0001736301421
272949	0.0002345828808
272950	5.612973797e-05
272951	6.390812784e-07
272952	8.537725615e-05
272953	0.0001926844971
272954	0.0003694344875
272955	0.0002761201812
272956	0.0002869790099
272957	0.001821601247
272958	0.0007522891175
272959	0.0008046854338
272960	5.039611129e-05
272961	0.0002993388712
272962	0.002101664382
272963	0.0002591407398
272964	0.0023688587
272965	0.002287252462
272966	0.00131694442
272967	3.750073803e-05
272968	0.0005056030862
272969	0.0005356577809
272970	0.001633850749
272971	0.0012800711
272972	5.544281746e-05
272973	0.001581254054
272974	0.000414756371
272975	0.0007307888809
272976	0.001021064841
272977	0.0004339731498
272978	0.001380194193
272979	0.0009850981391
272980	0.001105563678
272981	0.0007653010704
272982	0.002520384907
272983	0.002793179677
272984	7.209936942e-05
272985	0.00107909116
272986	0.002281071682
272987	0.001213714597
272988	0.0004233124748
272989	0.0006600216284
272990	0.00308960368
272991	0.006961472455
272992	7.643615025e-05
272993	0.0007493215359
272994	0.001424106292
272995	0.001221291884
272996	0.0008367448329
272997	0.0004669550719
272998	0.003060628229
272999	0.0008497557087
273000	0.002847634118
273001	0.001862016431
273002	0.0001112928138
273003	0.0004051990048
273004	0.0008335181775
273005	0.0005071631043
273006	0.000163980102
273007	0.001427680598
273008	0.0005494019646
273009	8.27912145e-06
273010	0.0001280753998
273011	2.860630492e-06
273012	9.3424379e-05
273013	0.0002137972599
273014	0.001072514343
273015	0.000151015533
273016	0.000360235644
273017	0.0007225119819
273018	0.0009335428535
273019	0.001017777136
273020	0.0008417474596
273021	0.000616373209
273022	0.0006389990668
273023	0.0008458291674
273024	0.0004711810564
273025	0.0004389888812
273026	0.0008220803078
273027	0.0002724073708
273028	0.001121275647
273029	0.0004835769186
273030	0.001565628317
273031	0.0002038755081
273032	0.0003009669016
273033	0.0005990230389
273034	0.0005372069048
273035	0.001412952977
273036	0.0002827871395
273037	0.001156987397
273038	0.003212747749
273039	0.0001423119274
273040	6.074773933e-05
273041	8.414459601e-05
273042	0.0008994304447
273043	0.001917325473
273044	0.0006734046196
273045	0.001953049763
273046	0.002924008296
273047	0.0001674291274
273048	9.651606403e-05
273049	0.001688570228
273050	0.00137201897
273051	0.0002113832005
273052	0.0002011005577
273053	0.001505649142
273054	0.00142305799
273055	0.000109681249
273056	0.0008061237565
273057	0.001023371699
273058	0.001487720556
273059	0.002503462701
273060	0.002117319933
273061	0.0009461765285
273062	0.002263300085
273063	0.00201436902
273064	0.0002962043074
273065	0.001791849827
273066	0.0008020514954
273067	0.0009727716832
273068	0.0008937432703
273069	0.002237489368
273070	0.001187336113
273071	0.0008770781105
273072	0.000475178732
273073	0.003473751873
273074	0.0005813245811
273075	0.002056932429
273076	0.0006685383474
273077	0.001948539213
273078	0.001899112839
273079	0.001849564581
273080	0.0009393747458
273081	0.000356307716
273082	0.003658396584
273083	0.0008814743199
273084	0.0019817397
273085	0.0002592604053
273086	0.00130329631
273087	0.0008742303299
273088	0.000625679441
273089	0.0007010965792
273090	0.0005555799296
273091	0.0002849819469
273092	0.003105938597
273093	0.000800258706
273094	0.0005604320988
273095	0.003176785538
273096	0.0007340213336
273097	0.001283832975
273098	0.0002954318273
273099	0.0005926753221
273100	0.002427919609
273101	0.0005506761535
273102	0.002204260693
273103	0.003866121878
273104	0.0009835662731
273105	0.003480068371
273106	0.002783601045
273107	0.001700770113
273108	0.002701234003
273109	0.0003127856754
273110	0.002515583721
273111	0.001481672715
273112	0.0003710359941
273113	0.002561439141
273114	0.0009830214735
273115	0.0007377459927
273116	0.001054461712
273117	0.0009190377792
273118	0.001178222144
273119	0.0008053686857
273120	0.001422346873
273121	0.001122928555
273122	0.0007769571501
273123	0.001736119178
273124	1.937616178e-05
273125	0.0009387503796
273126	0.004393256582
273127	0.002339775007
273128	0.0004580887052
273129	0.001722637275
273130	0.001759467115
273131	0.002050277848
273132	0.001199757701
273133	0.001868576159
273134	0.0005230963753
273135	0.001524185718
273136	0.0008807901488
273137	0.003124605258
273138	0.0007252409421
273139	0.0009964039692
273140	2.281273666e-06
273141	0.0002957820716
273142	0.0009032130425
273143	0.00354555385
273144	0.002487342009
273145	0.001543074311
273146	0.0009557702802
273147	0.001133343993
273148	0.002301841415
273149	0.0007499028446
273150	6.331259913e-05
273151	0.0007403263903
273152	0.002557793162
273153	0.0008081841774
273154	0.0007186816844
273155	0.0008081135667
273156	0.0006256011014
273157	0.0007195703327
273158	9.688778708e-05
273159	0.0007398620656
273160	0.0001751391571
273161	0.0007182019163
273162	6.360482944e-05
273163	0.0005428129504
273164	0.0001207918152
273165	0.001392207316
273166	0.0008036390377
273167	0.0006422511336
273168	0.00225390349
273169	0.0004152465344
273170	2.189882728e-07
273171	0.000472380344
273172	0.0006241204999
273173	0.0001687854348
273174	0.002595514233
273175	0.001108481945
273176	0.00236322541
273177	0.004172381984
273178	0.001376013692
273179	0.001449188055
273180	0.002217279047
273181	0.004427386791
273182	0.001514437384
273183	0.001215007128
273184	0.0006474809695
273185	0.001744188963
273186	0.0004944159133
273187	0.001410850575
273188	0.0001164827391
273189	0.001448005982
273190	0.0006333465199
273191	0.001105700291
273192	0.004056466688
273193	0.001995407742
273194	0.0007909786667
273195	0.00494667523
273196	0.0001032288681
273197	0.001648078838
273198	0.0001057179486
273199	0.001417239455
273200	0.003746607152
273201	0.0005290055252
273202	0.003092429388
273203	0.0004906347998
273204	0.0001928610784
273205	0.001698050315
273206	0.00167804952
273207	0.0005915724162
273208	0.001412321989
273209	0.0008471699381
273210	0.001268476459
273211	0.0003754121035
273212	0.00132261578
273213	0.001792272789
273214	0.001355353611
273215	0.0005471750591
273216	0.0006295688693
273217	0.0001525071249
273218	0.0008269521322
273219	0.0005898301022
273220	0.003787892517
273221	0.002216111386
273222	0.00075392629
273223	0.001971998782
273224	0.0004560635342
273225	0.001595409265
273226	0.0002538461534
273227	0.001348020596
273228	0.0009626675777
273229	0.0003481345589
273230	0.002624792016
273231	0.003243537241
273232	0.001501350668
273233	0.001008901191
273234	0.001501243113
273235	0.001708588732
273236	0.0003165775921
273237	0.002816955319
273238	0.0003957036491
273239	0.0001133830087
273240	0.000522735106
273241	0.001222635469
273242	0.0008241223234
273243	0.001042057417
273244	0.001028288232
273245	0.000829299941
273246	0.0004121410993
273247	0.001608737341
273248	9.692459991e-05
273249	0.0001216052772
273250	0.00406957055
273251	0.0006179884844
273252	0.0006457244478
273253	0.0001997899569
273254	0.0007543239767
273255	0.000529611571
273256	0.0003808897192
273257	0.001058037778
273258	0.0001528605399
273259	0.0007861506023
273260	0.001447636671
273261	0.0008598598502
273262	0.0007572557232
273263	0.002311293677
273264	0.0008707469201
273265	0.0003242018673
273266	0.003883318913
273267	0.003586041228
273268	0.0007082182726
273269	0.0004126108823
273270	0.0005480988384
273271	0.0004573444394
273272	0.001452530787
273273	0.0002200498843
273274	0.0005930807714
273275	0.0006694198254
273276	0.0008104133365
273277	0.001407493556
273278	0.0002346612328
273279	0.0003951880823
273280	0.0006914278935
273281	0.002140623591
273282	0.002669743559
273283	0.002164065304
273284	0.001531899199
273285	0.000963185768
273286	0.003236885324
273287	0.002333700713
273288	0.0008687532696
273289	0.0005343100937
273290	0.0003976816125
273291	0.0008730441262
273292	0.003282655936
273293	0.001215063065
273294	0.0008762351365
273295	0.001216744978
273296	0.001145362677
273297	0.001286517264
273298	6.194730656e-05
273299	0.003032759622
273300	0.0003001826053
273301	0.0004498657652
273302	0.0008899655756
273303	3.779124621e-05
273304	0.001482517239
273305	0.0007901853932
273306	0.002579822688
273307	0.0008431447321
273308	0.001719606106
273309	0.0008139370317
273310	0.001601313859
273311	0.0008420723907
273312	0.0008856225061
273313	0.0004811127376
273314	0.0005184526211
273315	0.003405323291
273316	0.001797462048
273317	0.0005567654054
273318	0.0008418784928
273319	2.066511595e-05
273320	0.0008314901198
273321	0.001051070811
273322	9.336421833e-06
273323	0.00383787234
273324	0.0001213209234
273325	0.0006152944972
273326	0.002623698234
273327	0.0007455660952
273328	0.002691493095
273329	0.001704135244
273330	0.001578821293
273331	0.00180129528
273332	0.001646833528
273333	0.004023952082
273334	0.00475947719
273335	0.003670757831
273336	0.001065565496
273337	0.0006632304529
273338	0.002638448485
273339	0.0009731510662
273340	0.0005415526956
273341	0.001566543145
273342	0.000156626979
273343	0.002536343879
273344	0.0008508473892
273345	0.0001257183686
273346	0.0001911014446
273347	0.001914884758
273348	0.003513718836
273349	0.001672499238
273350	0.0003242928845
273351	7.129480784e-05
273352	1.994780073e-06
273353	9.616521128e-05
273354	0.002084545508
273355	0.002115220224
273356	0.0003009701806
273357	7.823771203e-05
273358	0.001486597469
273359	0.0008100196794
273360	0.003403405823
273361	0.002313010406
273362	0.001741602851
273363	0.0004305273382
273364	0.001893177312
273365	0.001049950222
273366	0.0003359246736
273367	0.00412835786
273368	0.001483360883
273369	0.0003837915152
273370	0.00226436724
273371	0.001318860719
273372	0.0001742591757
273373	0.002744682568
273374	0.001367328302
273375	0.001781675586
273376	0.001449354873
273377	0.0007364872848
273378	0.004168428439
273379	0.0004027739309
273380	0.001000879411
273381	0.0006588457736
273382	0.004088092122
273383	0.0002161424638
273384	0.0003609553166
273385	0.002413437992
273386	0.0004772286004
273387	0.0005408531236
273388	0.001957445201
273389	8.217374373e-05
273390	0.001014558254
273391	0.0004312068246
273392	0.0004129142092
273393	0.0002138841048
273394	7.47205589e-05
273395	0.00104924157
273396	0.001626207444
273397	0.003340471168
273398	0.004232307793
273399	0.002663899873
273400	0.001764039861
273401	0.003185218716
273402	0.001248348894
273403	0.0001136948924
273404	0.0003206368756
273405	0.0015809479
273406	0.0004948244053
273407	0.002665644931
273408	0.001616255357
273409	0.003593955865
273410	0.001491044411
273411	0.002037479257
273412	0.001007180467
273413	0.0004242627493
273414	0.002635913829
273415	0.001258448739
273416	0.004012145447
273417	0.0001912736029
273418	0.002684311899
273419	0.0004995171419
273420	0.0007288477929
273421	0.001548065634
273422	0.002518895099
273423	0.0003677052116
273424	5.027853879e-05
273425	0.001749169758
273426	0.001435880913
273427	0.001817080619
273428	0.0001992715394
273429	0.002355960191
273430	0.000936795844
273431	0.001599836582
273432	0.0009869664818
273433	0.003013659677
273434	0.002105456416
273435	0.0005654043683
273436	0.0003670003079
273437	0.001130638538
273438	0.00118947037
273439	0.001210614858
273440	3.374102232e-05
273441	0.0001407956247
273442	0.0001392025394
273443	7.572471372e-05
273444	0.0003966842394
273445	0.002385616864
273446	0.001970350306
273447	0.004318761297
273448	0.001063648665
273449	0.0009962089589
273450	0.004323381947
273451	0.0004602628659
273452	0.001107134024
273453	0.001331575254
273454	0.002373845132
273455	0.001719331701
273456	0.0008959205782
273457	0.0005969442222
273458	0.004057552359
273459	0.001664329294
273460	0.004186713991
273461	0.003680284589
273462	0.0001274682722
273463	0.001305853296
273464	0.003135353338
273465	0.0003271365098
273466	0.001100920306
273467	0.0008553024072
273468	0.004219332188
273469	0.002010261595
273470	0.0004421332619
273471	0.003350219094
273472	0.0002006142202
273473	0.001065473486
273474	0.001638443128
273475	0.000277377816
273476	0.0004443078211
273477	6.957073409e-05
273478	0.001632228035
273479	0.002545661788
273480	0.00129951412
273481	0.002709318508
273482	0.001809327572
273483	0.0001771680476
273484	0.0009150114195
273485	4.132562759e-05
273486	0.0008021566865
273487	0.001514240512
273488	0.001064251713
273489	4.284271021e-06
273490	0.0003044632035
273491	0.0001777139312
273492	0.0008709462747
273493	0.003878647267
273494	0.001998230525
273495	0.0007427329749
273496	0.0009937858815
273497	0.001180827195
273498	0.003393567605
273499	0.001753998227
273500	0.0006554519489
273501	0.0008915752838
273502	0.003624703556
273503	0.001215856983
273504	0.001352961556
273505	0.002091912583
273506	0.000154894329
273507	0.0006721230317
273508	0.003008025531
273509	0.0007706051575
273510	0.0005977194835
273511	6.46653155e-05
273512	0.001671303059
273513	0.0007072161607
273514	0.001064579608
273515	0.0003152945294
273516	0.002593230154
273517	0.004340581956
273518	0.001345850057
273519	0.003005484972
273520	0.0007323634996
273521	0.00182770602
273522	2.927859997e-05
273523	0.0007313515594
273524	0.003323812749
273525	0.001018311387
273526	0.0006124380649
273527	0.001828146092
273528	0.0008491165972
273529	0.0001367485998
273530	0.0006189051759
273531	0.001945075972
273532	0.0003411208493
273533	0.002206093954
273534	0.0008116811183
273535	0.0001256649698
273536	0.0001180414358
273537	0.001845451504
273538	0.0004013206191
273539	0.002926110894
273540	6.565714894e-05
273541	0.001750090596
273542	0.001763358218
273543	0.0002577738856
273544	0.005422378596
273545	0.002347134801
273546	0.002072267696
273547	0.001534876098
273548	0.0009658337559
273549	0.001480837877
273550	0.004095207083
273551	0.0004697950446
273552	0.002204146475
273553	0.001782914467
273554	0.002335187899
273555	0.002722301386
273556	0.003772598985
273557	0.0005853600352
273558	0.001607289226
273559	0.001963367476
273560	0.0003502033329
273561	0.001122215749
273562	0.0003169305344
273563	0.002686455282
273564	0.001148011394
273565	0.003166810348
273566	0.0008014520488
273567	0.0007706715801
273568	0.00214222741
273569	0.000605456707
273570	0.0004155301619
273571	0.001839023056
273572	0.002384573419
273573	0.002152247019
273574	0.003585004607
273575	0.001219140367
273576	0.001026242407
273577	0.0001550290266
273578	0.0009128846795
273579	0.002106585527
273580	0.000587364395
273581	8.731747849e-05
273582	0.001031908719
273583	0.001817016051
273584	0.0006248395566
273585	0.0009022123331
273586	0.006227340401
273587	0.00216968415
273588	0.001033308332
273589	0.001149161433
273590	0.0005601207329
273591	0.001590112209
273592	0.003812405096
273593	0.001143470332
273594	0.002282146273
273595	0.0002290357222
273596	0.0003354918425
273597	0.001876323054
273598	0.003256828247
273599	0.0001595060809
273600	0.003574559969
273601	0.0002041451432
273602	0.002487460696
273603	0.001701312296
273604	0.002082577564
273605	3.623831567e-05
273606	0.0008967050487
273607	0.003760873664
273608	0.004280366857
273609	0.001315730364
273610	0.0005477441288
273611	0.005296461385
273612	0.001218734348
273613	0.000747509136
273614	0.002579535695
273615	0.002107732131
273616	0.002551205339
273617	9.457903529e-05
273618	0.003822394259
273619	0.002262293831
273620	0.002214483749
273621	0.0002127836865
273622	0.002539805919
273623	0.003231347954
273624	0.0003510631102
273625	0.0002034158459
273626	0.0009952894441
273627	0.001230819835
273628	0.001233703382
273629	0.00059446446
273630	0.000695366767
273631	0.005974785969
273632	0.0026866585
273633	0.0006317356966
273634	0.005159892068
273635	0.0005749291165
273636	0.0008102027423
273637	0.002744311222
273638	0.0001521528275
273639	0.001213164985
273640	0.00113750856
273641	0.0009987267287
273642	0.0004688051147
273643	0.001232308875
273644	0.003322950766
273645	0.001233846205
273646	0.003629193894
273647	0.000856185489
273648	0.002514401586
273649	0.001898810174
273650	0.001790527144
273651	0.0007370925328
273652	0.002347848388
273653	0.0004905607965
273654	0.001347228274
273655	0.000861019872
273656	0.0006060832239
273657	0.003769626282
273658	0.0001661582174
273659	0.002887302677
273660	0.001625637658
273661	0.0038517509
273662	0.001896325856
273663	0.001343121397
273664	0.0008411499956
273665	0.003355666633
273666	0.0006867160302
273667	0.0004321850007
273668	6.992910538e-05
273669	0.002666789153
273670	0.002191306051
273671	0.0008675124265
273672	0.001101377019
273673	0.001362958777
273674	0.002168974339
273675	0.002033405111
273676	0.001682071628
273677	0.0007419230701
273678	0.000571049914
273679	0.001210754694
273680	0.001476093002
273681	0.001010367376
273682	0.001884916867
273683	0.000665301042
273684	0.0001739874782
273685	0.000291803521
273686	0.0004453287996
273687	0.000538700351
273688	9.596552058e-05
273689	0.001001006075
273690	0.002207734499
273691	0.003355711399
273692	0.0001424087362
273693	0.0002612458325
273694	0.001112243682
273695	0.002666134581
273696	0.003220411929
273697	0.003856301193
273698	0.003860479903
273699	0.00207578979
273700	0.002413767133
273701	0.001278550299
273702	0.0002216442302
273703	0.004346369578
273704	0.0002377101992
273705	0.0006695905336
273706	0.001228079409
273707	0.0006436303754
273708	0.004257491769
273709	0.004162230439
273710	0.003102319677
273711	0.001968695778
273712	0.001479337038
273713	0.00285548487
273714	0.001302550801
273715	0.0002992681572
273716	0.001273194835
273717	0.001772965462
273718	0.0006248897432
273719	0.0002134924956
273720	1.013115237e-07
273721	0.0005042944799
273722	0.0003536350678
273723	0.0003115067233
273724	0.001368525884
273725	0.001310671066
273726	0.0006533094717
273727	0.0001238874403
273728	0.0002479247479
273729	0.002212838894
273730	0.002649659001
273731	0.002507314973
273732	0.0004460634876
273733	0.0025156843
273734	0.001535383973
273735	0.002049927665
273736	0.002866274965
273737	0.0003821303926
273738	0.0001167302121
273739	0.006045078
273740	0.003776351214
273741	0.0009661597147
273742	0.001273920473
273743	0.0008507325065
273744	0.0008187775744
273745	0.0007194586437
273746	0.001031925258
273747	0.0008693992655
273748	0.0009725364006
273749	4.064664405e-05
273750	0.003653030161
273751	0.001966635618
273752	0.004047571582
273753	0.003054472318
273754	0.002304531087
273755	0.0009694029538
273756	0.0030366632
273757	0.0002104645374
273758	0.000866475579
273759	0.0001873282931
273760	0.0005567509989
273761	0.0006220757686
273762	0.0003737057307
273763	0.001054222323
273764	0.0007121646662
273765	0.0001152838255
273766	0.0008543400882
273767	0.001018388034
273768	0.001373728211
273769	7.349515778e-05
273770	0.0003202575048
273771	0.0006015711165
273772	6.414716593e-05
273773	0.001100712241
273774	0.0007825868881
273775	0.0006148869941
273776	7.785400691e-05
273777	0.0002080169243
273778	0.0003643343954
273779	0.001040704913
273780	0.0001320868962
273781	0.000704572805
273782	0.002954342338
273783	0.00178926174
273784	0.001136842368
273785	0.000569992194
273786	0.0007418690183
273787	0.002762186027
273788	0.00371788073
273789	0.0003655285887
273790	0.001279888544
273791	0.002760157875
273792	0.002831636569
273793	0.0007810401364
273794	0.000268618266
273795	0.00112933716
273796	0.0004679102454
273797	0.0008793120656
273798	0.002066176258
273799	0.0002712927777
273800	0.002111652991
273801	0.001197281489
273802	0.001474185765
273803	0.002108929514
273804	0.001169724092
273805	0.002444153588
273806	0.001595209237
273807	0.001111964282
273808	0.003433167104
273809	0.001517733627
273810	3.56177747e-05
273811	0.001473902128
273812	0.002508241731
273813	0.001774049468
273814	0.0002144105167
273815	0.0006479890121
273816	0.0004377842378
273817	0.001141138455
273818	0.001264625283
273819	0.0009874634869
273820	3.634476941e-05
273821	0.0001777163156
273822	0.0002368478818
273823	0.00200791533
273824	0.00146074182
273825	0.002869391258
273826	0.000768211002
273827	6.292520245e-05
273828	0.0002933686831
273829	0.002048218222
273830	0.00024979349
273831	0.001812930101
273832	0.001079166562
273833	0.003093808723
273834	0.00167685701
273835	0.001372662638
273836	0.0011476799
273837	9.66148086e-05
273838	0.0003934318541
273839	0.0001148318613
273840	0.002677777362
273841	0.003206740429
273842	0.0003571224289
273843	0.002063658536
273844	0.0006349580891
273845	0.0005297104229
273846	0.003385762487
273847	0.002427954278
273848	0.00139710971
273849	0.0001267292482
273850	0.001457317184
273851	0.002434981876
273852	0.001539941825
273853	0.001098222962
273854	0.00378563911
273855	0.001383162287
273856	0.001926019599
273857	0.002883375608
273858	0.0004112051795
273859	0.0006133520214
273860	0.0008281508182
273861	0.0001791796395
273862	0.002045364964
273863	0.00189170559
273864	0.001738674303
273865	0.0001035084802
273866	0.00167554146
273867	0.001082326437
273868	0.004502385083
273869	0.00192338768
273870	0.0008183642739
273871	0.0001023835461
273872	0.0002341917564
273873	1.981108682e-05
273874	0.001082021441
273875	8.761933061e-05
273876	0.0002498546862
273877	0.0006555129182
273878	0.0003075064771
273879	0.00236594347
273880	0.0005043496055
273881	0.002988211014
273882	0.0005971406522
273883	0.003496170878
273884	0.0001338408627
273885	0.0009469578405
273886	0.0002088022464
273887	0.001572615465
273888	0.003530467817
273889	0
273890	0.001053520517
273891	0.0003423069263
273892	0.0002754499821
273893	0.002601389115
273894	0.001599356689
273895	0.002137380336
273896	0.002593586142
273897	0.000411648692
273898	0.003709594433
273899	0.002031479141
273900	0.00147135112
273901	0.0001789488169
273902	0.00169170317
273903	0.003368250239
273904	0.004595719254
273905	0.0003079612498
273906	0.001492935402
273907	0.0007194783532
273908	0.0006102449757
273909	0.000983774936
273910	0.001035870064
273911	2.428002621e-05
273912	0.002538221425
273913	0.001787472511
273914	0.0003920817205
273915	0.001020657337
273916	0.001823047725
273917	0.003082237737
273918	0.002221563037
273919	0.0006978045853
273920	0.0001358052288
273921	0.003879342515
273922	0.001146074375
273923	0.000145816795
273924	0.0008225091267
273925	0.001137907107
273926	0.0002795160887
273927	0.002065528295
273928	0.0004063517397
273929	0.0009582811927
273930	0.003852252875
273931	0.0004324726891
273932	0.000714512038
273933	0.00329200784
273934	0.0007341347054
273935	8.416727417e-05
273936	0.0003540642024
273937	0.0007294171777
273938	0.001467220111
273939	0.0004381177609
273940	0.002194332699
273941	0.0008730306155
273942	0.002077079583
273943	0.0002072290111
273944	0.001548891922
273945	0.002945089837
273946	0.001240628614
273947	2.943221181e-05
273948	0.0009132212563
273949	0.002654686873
273950	9.668131577e-05
273951	0.0006374250069
273952	0.003554227358
273953	0.001312258645
273954	0.0006184267887
273955	0.000339454419
273956	0.000356853348
273957	0.003759692825
273958	0.0008756304139
273959	0.0005589296136
273960	0.0003005098864
273961	0.0006534588663
273962	0.003050696225
273963	0.002728716331
273964	0.003597384566
273965	0.001785521053
273966	0.00315247712
273967	0.001242175912
273968	0.001918517798
273969	0.001296907062
273970	0.0003313032035
273971	0.0004316769757
273972	0.0001365487294
273973	0.001324575967
273974	0.002157696389
273975	0.0003023328618
273976	0.000444419046
273977	0.001795760148
273978	0.0002439747532
273979	0.00221327349
273980	0.001375556061
273981	0.001272177904
273982	0.001702117675
273983	0.0003893492765
273984	0.001039959432
273985	0.001636826723
273986	0.004804013678
273987	0.002819090484
273988	0.003690312219
273989	0.001427665163
273990	0.0004432205593
273991	0.002762920084
273992	0.004072384801
273993	0.002192791801
273994	0.004010965605
273995	0.0005397319563
273996	0.0003092984447
273997	0.0005615179407
273998	0.001544958482
273999	0.001447610816
274000	0.0009761107182
274001	0.0003840914294
274002	0.0008664390458
274003	0.001807108874
274004	0.0009724641252
274005	0.0007687589451
274006	0.0007754664845
274007	0.001190603977
274008	0.004545824409
274009	0.0002760385636
274010	0.0009070954887
274011	0.0002985849919
274012	0.000471618059
274013	3.43679782e-05
274014	0.0015284956
274015	0.0001056323971
274016	0.0001022889863
274017	0.0001540684133
274018	7.12252139e-05
274019	0.0004589271767
274020	0.001628704984
274021	0.0007921806496
274022	0.0025643457
274023	0.001107228584
274024	0.0006875628258
274025	0.00118464571
274026	0.002524828262
274027	0.002668264618
274028	0.001035040142
274029	0.0009371759466
274030	0.003372441011
274031	0.001196724019
274032	0.002236117374
274033	0.000855525458
274034	0.001514699186
274035	0.005116817532
274036	0.005153931561
274037	0.0007849999717
274038	0.002321650644
274039	0.002404267223
274040	0.0002954446234
274041	0.0003176794909
274042	0.00163894284
274043	8.963637005e-05
274044	0.0004312043912
274045	0.001827795804
274046	0.0003933792466
274047	0.0006135390435
274048	0.002786612428
274049	0.0003908061027
274050	0.0005983682634
274051	0.00100181418
274052	0.0003271272133
274053	0.0002775901858
274054	0.001220462098
274055	0.0004831567135
274056	0.0008093998866
274057	0.001061099946
274058	0.00135812566
274059	0.0004720455347
274060	0.0007677672556
274061	0.0008270424425
274062	0.0002849042922
274063	0.001622214465
274064	0.004452985811
274065	0.0006833534729
274066	0.0003156553378
274067	0.003329114576
274068	2.516937517e-05
274069	0.005195307586
274070	0.001569157529
274071	0.0002973726555
274072	0.003080219544
274073	0.002975865102
274074	0.006619789778
274075	0.002592440047
274076	0.000422825243
274077	0.00236729309
274078	0.001436591467
274079	6.108095616e-05
274080	0.000781393379
274081	0.0002061280017
274082	6.264786668e-05
274083	0.001308336327
274084	0.0001477186786
274085	6.487997191e-05
274086	1.565723549e-07
274087	0.0003780126053
274088	0.0002070555513
274089	0.003088102796
274090	0.003661206519
274091	0.0003189874702
274092	0.0007749171776
274093	0.000200853005
274094	0.004047009027
274095	0.006433127004
274096	0.001025248134
274097	6.881043187e-05
274098	0.001827577262
274099	0.002215849222
274100	0.00476551343
274101	0.001557027185
274102	0.0001309074894
274103	0.001396199784
274104	0.003221347164
274105	0.00343159844
274106	0.0002986481198
274107	0.000586634371
274108	0.000280964328
274109	0.001958941649
274110	0.001177679049
274111	0.002741796685
274112	0.002564963815
274113	0.00202817943
274114	0.001228993874
274115	5.566863992e-05
274116	0.0009552066029
274117	0.0004490611965
274118	0.0001605889193
274119	0.0002798997641
274120	0.002822013616
274121	0.0008568509986
274122	0.001241766384
274123	2.648119478e-05
274124	0.0003694032826
274125	0.001263208276
274126	0.0008443022987
274127	0.000844278215
274128	0.0001164645804
274129	0.002250347074
274130	0.002126413098
274131	0.0009666726577
274132	0.000456225373
274133	0.002227214534
274134	0.002632170938
274135	5.867457758e-05
274136	0.001616344272
274137	0.00192310327
274138	0.0002341197847
274139	0.0005538036552
274140	0.001941421019
274141	0.002247129081
274142	0.001535088391
274143	0.0003440186967
274144	0.002856008775
274145	0.0002362632976
274146	0.002621679471
274147	0.003658081343
274148	0.002839715417
274149	0.001011474053
274150	0.001187410251
274151	0.001709811156
274152	0.002214970769
274153	1.17705929e-05
274154	0.001928026761
274155	0.001415204253
274156	0.003914121345
274157	0.002163214144
274158	0.003629304695
274159	0.002413510826
274160	5.526083112e-08
274161	0.0003547403266
274162	0.001902465537
274163	0.0009197249322
274164	0.001472971854
274165	0.001648242655
274166	0.0008600890845
274167	0.00175597964
274168	0.002127611695
274169	0.001399652416
274170	0.0007035368927
274171	0.002111332603
274172	0.002573070184
274173	0.00169650827
274174	0.0002178532746
274175	1.842027704e-08
274176	0.0002474728025
274177	0.001329105069
274178	8.129115046e-05
274179	0.0008842031576
274180	0.0007003767236
274181	0.001175490484
274182	0.0008747436391
274183	0.001686862181
274184	0.001599401238
274185	0.006223997332
274186	0.002408817233
274187	0.001111588642
274188	0.00282316917
274189	0.001487745612
274190	0.003408528468
274191	0.002811268161
274192	0.0004881128681
274193	0.001795953782
274194	0.003811025511
274195	0.0003103755345
274196	0.0005020259072
274197	0.001368714096
274198	0.0005437286773
274199	0.003820483695
274200	0.0007504739318
274201	0.0004052916365
274202	0.0001924558866
274203	0.001838976232
274204	0.001106727427
274205	0.001288601387
274206	0.0006550390988
274207	0.0005543532404
274208	0.001493385806
274209	0.0003867616226
274210	0.001331628849
274211	0.002282239447
274212	0.0008955115896
274213	0.0001155446593
274214	5.226711923e-05
274215	0.002961898037
274216	0.001566703802
274217	0.0006051257039
274218	0.0007858350839
274219	0.001194752798
274220	9.312461717e-05
274221	0.004685145658
274222	0.001852660977
274223	0.00113631752
274224	0.002236375705
274225	0.002562864676
274226	0.001904197046
274227	0.000305349128
274228	0.002972345978
274229	0.001946621155
274230	0.005031950992
274231	0.002955166765
274232	0.001329058385
274233	0.0002611519628
274234	0.001794814533
274235	0.0004198690307
274236	0.001578406584
274237	0.001635877175
274238	0.0007715260666
274239	0.001981175504
274240	0.001511382051
274241	0.002163342645
274242	0.0005137623963
274243	0.00120037211
274244	0.004006348243
274245	0.002109973785
274246	0.00119963318
274247	0.0009935483793
274248	0.0001750441658
274249	0.0001045782498
274250	0.001728310034
274251	0.001193218141
274252	8.562692538e-05
274253	0.001898898348
274254	0.001442808172
274255	0.001431751048
274256	0.004180744133
274257	0.002243539953
274258	0.001206960934
274259	0.001316420675
274260	0.001111125961
274261	0.004211464873
274262	0.00366377065
274263	0.003235570237
274264	0.004438012625
274265	0.002842246809
274266	0.003934220904
274267	0.00076207747
274268	0.002113617156
274269	0.002313945969
274270	0.002957607318
274271	7.368110816e-08
274272	0.001145380348
274273	0.001706518414
274274	0.0001272678089
274275	0.002198991165
274276	0.002311763556
274277	0.001539630015
274278	0.0009217155853
274279	0.001953096485
274280	1.396529872e-05
274281	0.002409340514
274282	0.0002396237912
274283	0.001263042688
274284	0.001316360046
274285	0.0008894245714
274286	9.017719833e-05
274287	0.001190443996
274288	0.001686593892
274289	0.001203416056
274290	0.00107322983
274291	0.001992678986
274292	0.002332196213
274293	0.001275632066
274294	0.001027072924
274295	0.0009532239261
274296	0.0007071842532
274297	0.0009949066694
274298	0.002902460918
274299	0.0006173151521
274300	0.002374946407
274301	0.001652717972
274302	0.001384345099
274303	0.001620048723
274304	0.0003691883179
274305	0.0005844470703
274306	0.002088369549
274307	6.213806828e-05
274308	0.001963903218
274309	9.572542039e-05
274310	0.001447900213
274311	0.001190944112
274312	0.001944118383
274313	0.002714786986
274314	0.0006460562685
274315	0.0003051483208
274316	0.00240693514
274317	0.001182643258
274318	0.001448948229
274319	0.001204212829
274320	0.0005555539087
274321	0.0006615112182
274322	0.001126510979
274323	0.002487480223
274324	0.0002938055041
274325	0.0002566356567
274326	0.0002585282451
274327	0.001152144693
274328	0.002151343093
274329	0.0005727244447
274330	0.003308082664
274331	0.001852091224
274332	0.0001245335914
274333	0.0006195263003
274334	0.0001041205722
274335	0.0004778751527
274336	0.0007709262738
274337	0.001647223413
274338	0.0001833438903
274339	0.000222286018
274340	0.001029147951
274341	0.0008147064082
274342	0.002267483249
274343	0.001249558308
274344	0.0004447159728
274345	0.001302166168
274346	0.0003624089888
274347	0.0007433472446
274348	8.314573316e-06
274349	0.001434446615
274350	0.0008556311619
274351	0.0004590731306
274352	0.001353850237
274353	0.0005036583131
274354	0.0007024176894
274355	0.0007428294513
274356	0.003293865573
274357	0.00070628318
274358	0.0005302659626
274359	0.0002497847987
274360	0.002978676724
274361	0.0004091333616
274362	0.001404252286
274363	0.0008147951247
274364	0.001633903611
274365	0.0007369347518
274366	0.00061182841
274367	0.00215514756
274368	8.551554789e-05
274369	0.001999703378
274370	0.001922173347
274371	0.002061195984
274372	0.002079088015
274373	0.0001791052172
274374	5.574274964e-05
274375	0.002468602104
274376	5.313969538e-05
274377	0.001357748378
274378	0.002153331648
274379	0.001517702886
274380	0.00070818474
274381	0.001234950121
274382	0.001279914558
274383	0.001464864509
274384	0.001099753735
274385	0.0005769660636
274386	0.00259466693
274387	0.001440263033
274388	0.001280516162
274389	0.001952155296
274390	0.002441714892
274391	0.001890151329
274392	0.0002997402726
274393	0.0006112301576
274394	0.003210860829
274395	0.00184307521
274396	0.002249959779
274397	0.0002159222843
274398	0.002323670841
274399	0.0007675028704
274400	0.0004185555393
274401	0.0008260556482
274402	8.800993622e-05
274403	5.7104132e-05
274404	9.323975494e-05
274405	0.0001009745886
274406	0.0004077165014
274407	3.535310852e-05
274408	0.0002807976094
274409	0.0004220170626
274410	0.0007561400844
274411	0.002612596096
274412	0.003318837233
274413	0.0006963567345
274414	0.002087120804
274415	0.000598296279
274416	0.0009368564568
274417	0.002654248884
274418	0.003546433095
274419	0.001260310281
274420	0.001053887788
274421	0.002128220994
274422	0.001002774274
274423	0.00287885538
274424	0.001235538123
274425	0.003195980786
274426	0.003681855417
274427	0.003801870359
274428	0.004514858488
274429	0.00173021409
274430	0.001027969154
274431	0.005077762591
274432	0.001277821453
274433	0.001288909042
274434	0.002918152572
274435	0.002644580315
274436	0.001232415556
274437	0.001454014973
274438	0.003027206575
274439	0.0009503212477
274440	0.0004099618447
274441	0.0009386725909
274442	0.001256605189
274443	0.0006404154632
274444	0.0005735210664
274445	0.002694929039
274446	0.0003348599785
274447	1.791749516e-05
274448	0.004747892379
274449	0.001978461621
274450	1.511461095e-05
274451	0.003928288907
274452	0.001032089018
274453	0.001499801623
274454	0.0004267996792
274455	0.003271686744
274456	0.0004700062195
274457	0.001482682684
274458	3.262738969e-05
274459	0.0004415295566
274460	0.001264803585
274461	0.0005194852704
274462	0.001101131772
274463	0.0001834333045
274464	0.004341008074
274465	0.001388820567
274466	0.00318864162
274467	0.002298740711
274468	0.0007237224536
274469	0.001861868733
274470	0.0001793091251
274471	0.00177183274
274472	0.001367035901
274473	0.0009543081074
274474	0.001740471227
274475	0.002116850316
274476	0.001995756319
274477	0.0005083652682
274478	0.002213611603
274479	0.00417692176
274480	0.0001423143167
274481	0.001501608598
274482	0.0001229614287
274483	0.001643948368
274484	0.002131157402
274485	0.002328915134
274486	0.0002119353871
274487	0.002343128193
274488	0.001752819516
274489	0.001878692303
274490	0.003505611449
274491	0.002967791763
274492	0.001009919936
274493	0.003330567635
274494	0.0005573620838
274495	0.004758430827
274496	0.002858316642
274497	0.0001010526098
274498	0.005751099383
274499	0.0008033413582
274500	0.004488530962
274501	0.0005133658202
274502	0.0005531028029
274503	0.0002228961999
274504	0.0007494856238
274505	0.001518409004
274506	0.002954588728
274507	0.0008612849398
274508	0.0003426243594
274509	0.0002373080993
274510	0.0008783311676
274511	0.001037291029
274512	0.0006764112737
274513	0.001658697319
274514	0.0003293272109
274515	0.0007007487973
274516	0.001723175488
274517	0.0006201766526
274518	0.0003872157282
274519	0.0008893984233
274520	0.0004120391708
274521	0.001369454451
274522	0.002900841203
274523	0.0005246081054
274524	0.001454725656
274525	0.001069407512
274526	0.0005139374433
274527	0.0001650230687
274528	0.001038561597
274529	0.0004861165688
274530	0.0004493575704
274531	0.004406023906
274532	0.000814774492
274533	0.001169847073
274534	0.001595110489
274535	8.350921968e-05
274536	0.001022454218
274537	0.002514897413
274538	0.0009303327641
274539	0.000235464104
274540	0.0008249807171
274541	0.003391672939
274542	0.001681063376
274543	0.002362083865
274544	0.0001145011018
274545	0.0009459694525
274546	0.0004584114095
274547	0.001493765256
274548	0.0002331039661
274549	0.003141245162
274550	0.00312215552
274551	0.002780671779
274552	0.0001638014918
274553	0.001768106885
274554	0.003443989495
274555	0.004819756754
274556	0.001863319807
274557	0.006378762393
274558	0.004055083146
274559	0.002380091806
274560	0.0003712066522
274561	0.003887262443
274562	0.002413471914
274563	0.002329150679
274564	0.004647350366
274565	0.004636631153
274566	0.004299019914
274567	0.005487337983
274568	0.001237652007
274569	0.0005114124614
274570	0.001800929713
274571	0.002513630873
274572	0.001602315856
274573	0.0001675074576
274574	0.001592330061
274575	0.000895476983
274576	0.0002886830002
274577	0.0001009270132
274578	8.915167897e-05
274579	0.0001813973141
274580	0.0002658750719
274581	0.001639164867
274582	0.001073681242
274583	0.004030325567
274584	0.0006819958252
274585	0.004139920421
274586	0.001765086041
274587	0.003304415371
274588	0.0009719618588
274589	0.0003506038307
274590	0.0006263222624
274591	0.003128697858
274592	0.001393819593
274593	0.0008319999666
274594	0.001403488247
274595	0.001462412763
274596	0.002570846087
274597	0.001737202245
274598	0.001538042233
274599	0.001988888959
274600	0.0001102487068
274601	0.0005751616847
274602	0.0006104707104
274603	0.001743278259
274604	0.0006446907342
274605	0.001353116214
274606	0.0006703021025
274607	0.0025785725
274608	0.0001809823165
274609	0.0007468682643
274610	0.0008134770604
274611	0.0003952498606
274612	0.002878246901
274613	0.002223177364
274614	0.0008142684628
274615	0.0008096773543
274616	0.003635643336
274617	0.0013111161
274618	0.0005887094675
274619	0.0007840187117
274620	0.00121592102
274621	0.001751065694
274622	0.002743637436
274623	0.001972036021
274624	0.00064460591
274625	0.002683408206
274626	0.0006139540707
274627	0.0009270618222
274628	0.001884830514
274629	7.436341344e-05
274630	0.001922028151
274631	0.001149602838
274632	0.0007071477558
274633	0.0006014601765
274634	0.0006907280829
274635	0.000373170711
274636	0.003187656274
274637	0.002660074183
274638	0.0008076584811
274639	0.003024615981
274640	4.569843229e-05
274641	0.0005683710648
274642	0.001669766329
274643	0.001667847304
274644	0.00425763825
274645	0.001390451267
274646	0.003465444146
274647	0.003645669624
274648	0.002439229314
274649	0.004157862513
274650	0.003227390854
274651	0.000419524986
274652	0.002955136037
274653	0.002331232359
274654	0.001595630758
274655	0.003837078899
274656	0.0007085054456
274657	0.003286524785
274658	0.003475878015
274659	7.762909912e-05
274660	0.003535263419
274661	0.00052749346
274662	0.000470380191
274663	0.0008697156297
274664	0.002145226585
274665	0.0001832432983
274666	0.005174766432
274667	0.003897179823
274668	0.0005444301563
274669	0.005078880171
274670	0.0006764654454
274671	0.0005836731035
274672	0.0009685195568
274673	0.000316549122
274674	0.001891314301
274675	0.003825770599
274676	0.0003735765997
274677	0.0007353892073
274678	0.0005832874614
274679	0.002515849359
274680	0.0009520429277
274681	0.0001953029233
274682	0.001151872136
274683	0.002687693907
274684	0.002279560947
274685	0.0005546630557
274686	0.0003627918699
274687	0.001242656548
274688	0.00103657612
274689	0.0004155293613
274690	0.001776450678
274691	2.548791035e-05
274692	0.0004770397074
274693	0.0006494183579
274694	0.002403253338
274695	0.0004063548818
274696	0.00377702199
274697	0.0003804215424
274698	0.0003787661593
274699	0.0007147350395
274700	1.226261199e-05
274701	3.441477702e-05
274702	0.0004541712753
274703	0.0009210193124
274704	0.000828213782
274705	0.00161135671
274706	0.0003692370415
274707	0.002771258609
274708	0.0004600925501
274709	0.002194065715
274710	0.001065130641
274711	0.0002008033033
274712	0.0007962602824
274713	0.002326886416
274714	0.0001860717088
274715	0.001210206184
274716	0.0001583650482
274717	0.003106079114
274718	0.001829562541
274719	0.004576866085
274720	0.0001134932138
274721	0.003821063787
274722	0.0002664825046
274723	0.001255278438
274724	0.00305626432
274725	0.0002727385759
274726	0.002010261251
274727	0.004776107862
274728	0.002046862615
274729	0.0006769379265
274730	0.000873032351
274731	3.985102056e-05
274732	0.001281483952
274733	0.001413326587
274734	0.001089524525
274735	0.0008796708049
274736	0.004475749139
274737	0.001389786383
274738	0.001137624188
274739	0.001466485997
274740	0.002491141116
274741	0.0008019004921
274742	0.0008088017086
274743	0.001331829309
274744	0.002735748154
274745	0.00166640628
274746	0.00072936655
274747	0.0002956114162
274748	0.0006812252849
274749	0.002098895752
274750	0.000669563986
274751	0.00120018215
274752	0.004198699888
274753	0.0005429726863
274754	0.0004050831088
274755	0.00111010463
274756	0.000107004457
274757	0.002016937402
274758	0.0007220031586
274759	0.00284799339
274760	0.00190993011
274761	0.0001220258987
274762	0.004166935458
274763	0.001523049005
274764	0.00133709914
274765	0.002789899831
274766	0.0001669664624
274767	0.0005201937639
274768	0.001697831542
274769	0.0001130342889
274770	0.0003885323119
274771	0.0001849393876
274772	0.004544658887
274773	0.0004975232599
274774	0.0004912825832
274775	0.00573450478
274776	0.001264876298
274777	0.002039854289
274778	0.0002379207948
274779	0.001374535637
274780	0.001503969422
274781	0.001286695954
274782	0.001309302291
274783	0.0001783882304
274784	0.00333862472
274785	0.0009685799224
274786	4.246167344e-05
274787	0.002744061588
274788	6.45812988e-05
274789	0.0001421571545
274790	0.001028104431
274791	0.003760275074
274792	0.0002071538775
274793	0.001662882951
274794	0.002068643484
274795	0.0002601474248
274796	0.001491341744
274797	0.0002418326803
274798	0.001867127826
274799	0.001879340123
274800	0.0004206237304
274801	0.001689001775
274802	0.0001674184802
274803	0.004850880876
274804	0.001136741073
274805	0.001263983009
274806	0.002656363251
274807	0.0006040750955
274808	0.000187623823
274809	0.0003665856884
274810	0.004978822861
274811	0.000107719517
274812	7.708246655e-05
274813	0.002948453195
274814	0.0009495794643
274815	0.001786994155
274816	0.0004484164167
274817	0.0008148833319
274818	0.0002308246629
274819	0.0004145635103
274820	0.0007705214267
274821	0.002099010316
274822	0.0005713543101
274823	0.0008607051661
274824	0.001398620793
274825	0.0001998778712
274826	0.001855494508
274827	0.0006390271128
274828	0.002265420649
274829	0.0004768469929
274830	0.0001171173747
274831	0.001663384143
274832	0.0006978983165
274833	0.001843273362
274834	0.0003148617596
274835	0.001140594834
274836	0.0008647682336
274837	0.001945092782
274838	0.0008071259349
274839	0.0008821589913
274840	0.002509521119
274841	0
274842	0.004443083689
274843	0.001837306583
274844	0.001548934096
274845	0.00178175419
274846	0.001309426441
274847	0.001857495149
274848	0.00104504979
274849	0.001764959331
274850	0.001093680792
274851	0.0001919772067
274852	0.001351442234
274853	0.001161611089
274854	0.001039598509
274855	0.0005183825608
274856	0.0008650606917
274857	0.001429897232
274858	0.001811827819
274859	0.0005076312467
274860	0.0004581946493
274861	0.0004470014927
274862	3.890254485e-05
274863	0.001646924525
274864	0.001141544316
274865	0.0002134465706
274866	0.001216955801
274867	0.001033846999
274868	0.0008941542393
274869	0.0003099353125
274870	0.001535765189
274871	0.001907525215
274872	0.0004434267608
274873	0.0004412690078
274874	0.0008148360199
274875	3.343783725e-06
274876	0.003213443138
274877	0.001503145582
274878	0.0009874910055
274879	0.001509290866
274880	0.000198178893
274881	0.0005501711441
274882	0.0001765831328
274883	0.001710305525
274884	0.0005172676008
274885	0.0006337985771
274886	0.002873899217
274887	0.0001595216492
274888	0.0009154292241
274889	0.0004203524949
274890	4.196970705e-05
274891	0.001578962791
274892	0.001229815977
274893	0.001180432983
274894	0.002136764045
274895	0.000315715594
274896	0.002780908816
274897	0.000680387887
274898	0.0003923820163
274899	0.001000840648
274900	0.002163306407
274901	0.0003251424594
274902	0.001263762818
274903	0.00166601824
274904	0.0004197453284
274905	0.0005571292647
274906	0.0007913122917
274907	0.0005972833945
274908	3.894109313e-05
274909	0.0009494375877
274910	0.0001771020343
274911	0.0005454355387
274912	0.0005482968861
274913	0.002382861369
274914	0.0003554958841
274915	0.0009075868591
274916	0.001992115954
274917	0.004813761916
274918	0.001915650328
274919	0.001273720043
274920	0.0004087775741
274921	0.002127296621
274922	0.003084218559
274923	0.001954103247
274924	0.002415591985
274925	0.001286604126
274926	0.001605676003
274927	0.001444810091
274928	0.002475742109
274929	0.0002650286748
274930	0.0005512407147
274931	0.000801117715
274932	0.000691917805
274933	0.001632026526
274934	0.001980267515
274935	0.005450738033
274936	0.002894223478
274937	0.004786142389
274938	0.001337017048
274939	0.0003654167211
274940	0.0007446530172
274941	0.001568110466
274942	0.002229994821
274943	0.002745259567
274944	0.0001778106278
274945	0.0007281691123
274946	0.001411053033
274947	0.0008721399568
274948	0.00141741218
274949	0.0001738379725
274950	0.00254889032
274951	0.002509270976
274952	0.0004154193485
274953	0.001812866687
274954	0.00187055062
274955	0.001721630088
274956	0.000869398757
274957	0.001081892727
274958	0.003364442991
274959	0.0003802019066
274960	0.0004671833794
274961	0.0002818338012
274962	0.0006428212352
274963	0.0002655508924
274964	8.979985542e-05
274965	0.0006493848998
274966	9.393410221e-05
274967	7.982120078e-08
274968	0.001605277297
274969	0.0014006901
274970	0.003916823076
274971	0.00108896341
274972	0.0006208087685
274973	0.0007954385609
274974	0.002316220684
274975	0.001904245079
274976	0.001119269699
274977	0.002272038042
274978	0.0003926372891
274979	0.0002132726812
274980	4.194151047e-05
274981	0.001835010021
274982	0.0008563831638
274983	0.0008547464446
274984	0.0003905170926
274985	0.002599515443
274986	0.0004720423059
274987	0.0006786189572
274988	0.001151729079
274989	0.0004463376248
274990	0.001170254025
274991	0.001882477918
274992	6.317903685e-05
274993	0.0008100697827
274994	0.001383747879
274995	0.003916193629
274996	0.0006608685699
274997	9.257121924e-06
274998	0.00198984086
274999	0.001412273861
275000	0.000873708547
275001	0.000339560922
275002	0.0007771161072
275003	0.0008365060209
275004	0.0005695101247
275005	0.002347124667
275006	0.00153281613
275007	0.00231109132
275008	0.001084699647
275009	0.000549558931
275010	0.0001212096041
275011	0.0003168375124
275012	0.0004889522354
275013	0.002336004425
275014	0.0005685176763
275015	0.0002044763835
275016	0.0001486848994
275017	0.0009694791192
275018	0.0004286974305
275019	1.861716329e-05
275020	0.000980430733
275021	0.000239817892
275022	0.0004176376568
275023	0.0006691873426
275024	0.0001895253022
275025	0.0004755072234
275026	6.680144925e-05
275027	0.002308631198
275028	0.002581543629
275029	0.0001525853224
275030	0.0002916291262
275031	0.001467474845
275032	0.0008561342197
275033	6.235099417e-05
275034	0.001882675287
275035	0.0002427053769
275036	0.0002587762138
275037	0.0005477912884
275038	0.001863097394
275039	0.001322828363
275040	0.003998382106
275041	0.0007194848225
275042	0.002929793038
275043	0.001386520437
275044	0.001089488071
275045	0.00318659564
275046	0.002122831241
275047	0.001140880939
275048	0.0002769724444
275049	0.0006825741451
275050	0.002508936386
275051	0.002148731713
275052	0.0006321442713
275053	0.0004450813937
275054	0.0005785018951
275055	0.0006624852103
275056	0.001245236972
275057	0.0001146520084
275058	0.0005866103788
275059	0.001966820069
275060	0.0001464364196
275061	0.0003310033984
275062	0.002757450146
275063	0.0005860588698
275064	0.000556820606
275065	0.001639739176
275066	0.0005205640988
275067	0.0004694149273
275068	0.001131650434
275069	0.0004344760807
275070	0.001239232767
275071	0.0001063578644
275072	0.001041312341
275073	0.000191868068
275074	0.000758508458
275075	8.647215191e-05
275076	0.000270429411
275077	0.0006950446461
275078	0.0005379268267
275079	0.0007051659563
275080	0.0009560215619
275081	0.0009223112389
275082	0.002832862703
275083	0.000209672435
275084	0.0005678289913
275085	0.001640521163
275086	7.225885689e-05
275087	0.002093275848
275088	0.0003854072505
275089	0.00223944507
275090	0.000163923071
275091	0.002348452909
275092	0.0002078390882
275093	0.002518105653
275094	0.0008166593249
275095	0.0007478759726
275096	0.0002562136767
275097	0.00358847589
275098	8.76351879e-05
275099	0.001447928642
275100	0.001028314821
275101	0.0006463056176
275102	4.933479499e-05
275103	0.002712784537
275104	0.0002292055115
275105	0.0009878093328
275106	0.001161126081
275107	0.001552675762
275108	0.001719136656
275109	0.001355975402
275110	0.001314054237
275111	0.001779135232
275112	0.002693204313
275113	0.001034191472
275114	0.001056630436
275115	0.003780064748
275116	0.001273897739
275117	0.0005529974738
275118	0.004205516244
275119	0.001232465518
275120	0.00153944111
275121	0.002433830323
275122	0.000934324242
275123	0.001116689203
275124	0.00166275462
275125	0.0003791698977
275126	0.002088628517
275127	9.170031771e-06
275128	0.003299619643
275129	0.0001083941319
275130	0.002494751021
275131	0.00346346555
275132	0.004125701345
275133	0.003178342021
275134	0.002016938993
275135	0.004077499718
275136	0.002902374833
275137	0.002174758484
275138	0.002265084766
275139	0.000205927519
275140	0.001026747331
275141	0.0004489712642
275142	0.0002435287468
275143	0.001467159838
275144	0.0003686145451
275145	3.93679087e-05
275146	0.0001269947288
275147	0.0008619918341
275148	0.0009129387037
275149	0.0009182505367
275150	0.0005545999946
275151	0.0002512525461
275152	0.003079081539
275153	0.001261536548
275154	0.0002486332631
275155	0.0001770771832
275156	0.0005159542648
275157	2.191504937e-05
275158	0.0005278116746
275159	0.001107574478
275160	0.0008787155217
275161	0.001429932589
275162	8.979051982e-05
275163	0.0002085491119
275164	7.368110816e-08
275165	0.0005833945377
275166	0.0007981525463
275167	0.005059445236
275168	0.002905145434
275169	0.001400154787
275170	0.001454819554
275171	0.000929500011
275172	0.003146532842
275173	0.003695833737
275174	0.001202925642
275175	0.0004167185915
275176	0.001151404788
275177	0.0001598894062
275178	3.334687247e-05
275179	0.0002870202619
275180	0.003157722285
275181	0.0004337057873
275182	0.0005467173669
275183	0.0004994350896
275184	0.0003536906802
275185	0.0002653470954
275186	0.0002934006239
275187	0.000520967175
275188	0.000855358713
275189	0.0005040613478
275190	0.0002129377459
275191	0.0008083131934
275192	0.0003112896441
275193	0.0005129895363
275194	0.0005951706931
275195	0.0004145967094
275196	0.000848104059
275197	0.003168435145
275198	0.001564896732
275199	0.0004792966174
275200	1.275471826e-05
275201	0.00081775175
275202	0.0001671429111
275203	3.842755883e-05
275204	0.002868886546
275205	0.0004577595625
275206	0.0001311021954
275207	0.0025240304
275208	0.0006637090513
275209	0.0004641953058
275210	0.0003126511843
275211	0.0005805905364
275212	0.0004313311127
275213	0.00144634781
275214	2.841874579e-05
275215	0.0007224390689
275216	0.002259328938
275217	0.002123638196
275218	0.000135800571
275219	0.0002848710579
275220	0.0002127012886
275221	0.0005468687839
275222	0.0001020602369
275223	4.403037555e-05
275224	0.0006634741621
275225	0.002800416243
275226	0.0003972424846
275227	0.0001004793608
275228	0.00325524349
275229	0.0009146799536
275230	0.0009933309839
275231	0.001176942953
275232	0.001182233613
275233	0.002245520941
275234	0.001715269193
275235	0.000150114776
275236	0.0004454426268
275237	0.001347231945
275238	0.0009293873382
275239	0.002574125039
275240	0.004601385552
275241	0.001923733417
275242	0.0004720081196
275243	0.0002733452344
275244	0.002847514439
275245	0.007080045443
275246	0.002285999609
275247	0.0003529088545
275248	0.0005672780696
275249	0.003235745024
275250	0.0001800207025
275251	0.0003779126611
275252	0.002913510419
275253	0.001663368001
275254	0.001699091913
275255	0.002370718087
275256	0.001279664325
275257	0.000415705324
275258	0.0003028590765
275259	0.002331587537
275260	0.001737302694
275261	0.00370387384
275262	0.0005808042032
275263	0.0006053660564
275264	0.001552728733
275265	0.002077854147
275266	0.003553752756
275267	0.0002315550955
275268	0.001251787013
275269	0.0009426307935
275270	0.002480717159
275271	0.002364288079
275272	0.0007016242351
275273	0.0007002830351
275274	0.001872690521
275275	0.0007888114557
275276	0.002561782755
275277	0.003724925934
275278	0.0006220369644
275279	0.002686928666
275280	0.000408962879
275281	0.0008398197887
275282	0.0009448208851
275283	0.001691732837
275284	0.0006496992941
275285	0.003115180046
275286	0.000112535325
275287	0.0009096375977
275288	0.000154076008
275289	0.0009844492968
275290	0.003432812951
275291	0.003858299392
275292	0.003328877253
275293	0.001322378885
275294	0.003858032822
275295	4.653932075e-05
275296	0.0006639035046
275297	0.003989094399
275298	0.003350138127
275299	0.003589989245
275300	0.003307445835
275301	0.0001464923492
275302	0.001781625633
275303	0.0006620837076
275304	0.003156291969
275305	0.001223415877
275306	0.000125217213
275307	0.001495672567
275308	0.001528535566
275309	0.0009834209095
275310	0.0004148522708
275311	0.002399234856
275312	0.0009304355808
275313	0.002154773883
275314	4.947207166e-05
275315	0.0002968238003
275316	0.0005850467316
275317	0.002508903867
275318	0.000359466729
275319	0.0002488403287
275320	0.002366965407
275321	0.002991378741
275322	0.002392598101
275323	0.0001922775615
275324	0.001828410181
275325	0.0001445048253
275326	0.0003792451491
275327	0.001758105575
275328	0.003579333618
275329	0.0001253687559
275330	0.001007100275
275331	0.001330518751
275332	0.0003511543731
275333	0.001927709501
275334	0.002051736903
275335	1.984611792e-05
275336	0.003307327327
275337	0.000138472013
275338	0.002320712364
275339	0.001441664343
275340	0.001200243941
275341	0.003055873308
275342	0.001034072204
275343	0.002451043503
275344	0.001418822535
275345	0.000731714495
275346	1.43671585e-05
275347	6.109294271e-05
275348	0.001027130538
275349	0.0008181252821
275350	5.300959232e-05
275351	0.001568310407
275352	0.002107581231
275353	0.001565722354
275354	0.001282662873
275355	0.003449602048
275356	0.0002138353207
275357	0.003008137956
275358	0.001780915238
275359	0.0004306078146
275360	0.0007220673052
275361	0.001609667527
275362	0.001472980039
275363	0.001285926308
275364	6.062754434e-06
275365	4.130400521e-05
275366	0.001049658613
275367	0.0009178830874
275368	0.002117877599
275369	0.001471923788
275370	0.001588216739
275371	0.0004484540501
275372	8.530750289e-05
275373	0.0002403653344
275374	0.0008446747021
275375	0.002013278832
275376	3.652053722e-05
275377	0.001732104845
275378	0.0006038428019
275379	0.000467895788
275380	0.001897152669
275381	0.00113462631
275382	0.002692952509
275383	0.001039174721
275384	0.0008861139024
275385	0.00412112051
275386	0.000843757849
275387	0.003413648648
275388	0.0004117606318
275389	0.001994179278
275390	0.003090294061
275391	0.0015887425
275392	0.001224058811
275393	0.001525931616
275394	0.002555939466
275395	0.001568819873
275396	0.0009640508039
275397	0.001262033719
275398	0.000297151837
275399	0.000411273411
275400	0.002136844457
275401	0.0006060291871
275402	0.001053794395
275403	0.001282321477
275404	0.0001844432578
275405	0.00192218238
275406	0.001306703759
275407	0.0008220834433
275408	0.0009857690601
275409	0.002390106584
275410	0.001967886462
275411	0.000177573747
275412	0.004868891376
275413	0.002861745252
275414	2.316820339e-06
275415	0.002033913717
275416	0.0004842588178
275417	0.0003615651462
275418	0.001779125647
275419	0.002505768327
275420	0.0008967679407
275421	0.00019292855
275422	0.001081597103
275423	0.001351155285
275424	0.0001415398507
275425	0.0001926900956
275426	0.001261680195
275427	0.0005534986521
275428	0.00220724489
275429	0.0007368958415
275430	0.001457094395
275431	0.001669761772
275432	0.001425484439
275433	0.0006107470307
275434	0.0006198586095
275435	0.001636227511
275436	0.001374659784
275437	0.001090854013
275438	0.002637426771
275439	0.001359476592
275440	0.0003019708701
275441	0.0007631829155
275442	0.0006060724342
275443	0.000575045595
275444	0.001298240311
275445	0.003326748108
275446	0.004628241926
275447	5.46408289e-05
275448	0.0002427901884
275449	0.002805212294
275450	0.002189309106
275451	0.0002815003138
275452	0.001907616074
275453	0.005933578057
275454	0.001197531915
275455	0.002911284324
275456	0.0009032816963
275457	0.004427969312
275458	0.002411390937
275459	0.003105272692
275460	7.223299897e-05
275461	7.404150465e-05
275462	0.0005942791921
275463	0.0006303409758
275464	0.001482131932
275465	0.002991948889
275466	0.0003534354709
275467	0.003057420053
275468	0.001419091339
275469	0.0009416982309
275470	0.001112884366
275471	0.0006944644852
275472	0.003748509085
275473	0.0006152467604
275474	0.00180984799
275475	0.000161384346
275476	0.00366835159
275477	9.877175258e-05
275478	8.762377322e-05
275479	0.001255763803
275480	0.0002309349121
275481	0.002466580139
275482	0.002169703861
275483	0.000953265469
275484	0.000401772729
275485	0.0005507808962
275486	0.0006037116567
275487	0.0007337363746
275488	0.0006917795747
275489	0.0003542196721
275490	0
275491	0.000169674351
275492	0.001876297623
275493	0.0005638198984
275494	0.0008078858979
275495	0.0008742098038
275496	0.001040012375
275497	0.002067242342
275498	0.0006052385293
275499	0.0005491129474
275500	0.002021865448
275501	0.001259742969
275502	0.002458137542
275503	0.002659075585
275504	0.002810184872
275505	0.001379853828
275506	0.003036251426
275507	0.0009776783841
275508	0.001185644203
275509	0.0004376299646
275510	0.0002623707697
275511	0.0006868164441
275512	0.004200260184
275513	0.0005731894783
275514	0.0001388874887
275515	9.694942899e-05
275516	0.003108727272
275517	0.000807313515
275518	0.0001528062401
275519	0.002238750628
275520	0.001486588338
275521	0.0006843896839
275522	0.0007943820171
275523	0.00258083806
275524	0.001160764253
275525	0.004331875058
275526	0.0001891411728
275527	0.003519163775
275528	0.0009379369202
275529	0.002465225858
275530	0.00561137621
275531	0.0009802071098
275532	0.0005070729376
275533	0.001008397571
275534	0.001167750269
275535	0.003678880882
275536	0.001255329414
275537	0.0008368175718
275538	0.0002922639066
275539	0.003128434613
275540	0.001126922844
275541	0.0005701424172
275542	0.001096719251
275543	0.001399348896
275544	0.001141095037
275545	0.001374075688
275546	0.0002937319624
275547	0.0003151865859
275548	0.00100759801
275549	0.0001961878824
275550	0.001787295465
275551	0.0006460196029
275552	0.002115604342
275553	0.002287408455
275554	3.081133992e-05
275555	0.0003938145825
275556	0.001291035709
275557	0.0005527191378
275558	6.637029301e-05
275559	0.0016041089
275560	0.003449250219
275561	0.002081411374
275562	0.001167082404
275563	0.001404476917
275564	0.0001359537221
275565	0.002286165479
275566	0.004562356533
275567	0.003101130747
275568	0.0004061437805
275569	0.001054415128
275570	0.002325839581
275571	0.0009027216061
275572	0.0003721059552
275573	0.0005705887177
275574	0.003798526925
275575	0.001633229248
275576	0.001165574824
275577	0.0009291576635
275578	0.001955698321
275579	0.001906640672
275580	0.0008698714923
275581	0.0004608413087
275582	0.0003387261143
275583	0.001625745176
275584	0.0008276457105
275585	0.001362843398
275586	0.0006620343997
275587	0.00134753479
275588	0.0006258856746
275589	6.583054588e-05
275590	0.0006291019021
275591	0.00240897516
275592	0.0006996022089
275593	0.001065119586
275594	0.00282753494
275595	0.003181814246
275596	0.000360756136
275597	0.002706354925
275598	0.003895001128
275599	0.002757230737
275600	0.0001925625042
275601	0.001534243094
275602	0.00189735041
275603	0.0005168257159
275604	0.0004730527872
275605	0.004916338764
275606	0.001464690558
275607	0.0001171168547
275608	0.001597566747
275609	0.001971469485
275610	0.0007622562911
275611	0.000996447202
275612	0.0002028206278
275613	0.0001722044668
275614	0.0009450636418
275615	0.0002847993888
275616	0.0003336544914
275617	0.001740098859
275618	0.0005327325829
275619	0.001585772214
275620	0.0003256185891
275621	0.001514396763
275622	0.0009617843045
275623	0.0005286604258
275624	0.0004497889276
275625	0.002497911345
275626	0.002837882973
275627	0.0008049780504
275628	8.909511676e-05
275629	0.0005284267719
275630	0.00113719696
275631	0.000688809171
275632	0.002640853245
275633	0.001084792938
275634	0.0002740627192
275635	3.350442221e-05
275636	0.001007897387
275637	0.002891664022
275638	0.0002496926515
275639	0.0004103695629
275640	0.002054064888
275641	0.001477234916
275642	0.001596317989
275643	0.0004471244453
275644	0.001172164863
275645	0.0001796826781
275646	1.411798695e-05
275647	0.0006369739043
275648	0.001984534986
275649	0.00226821081
275650	0.00210361934
275651	0.0007732988993
275652	0.00158926205
275653	0.001593590916
275654	0.001088970241
275655	0.0006018795749
275656	0.0005069186704
275657	0.0006454654845
275658	0.000644474771
275659	0.0007192830586
275660	0.0001305883856
275661	3.895603126e-05
275662	0.002388794809
275663	0.003250448454
275664	0.001521173349
275665	0.004097497897
275666	0.00209863493
275667	0.0001370123441
275668	0.0008364360417
275669	0.002448036449
275670	0.002090760493
275671	0.0009231134702
275672	0.0003455859469
275673	0.001807136398
275674	0.0008103228774
275675	0.00112122929
275676	4.748254033e-05
275677	0.00218313963
275678	0.0004405389374
275679	0.001919863648
275680	0.0009501538913
275681	0.0001994199253
275682	0.0001117852908
275683	0.0004948484771
275684	0.001994155847
275685	0.001287567148
275686	0.002103630056
275687	0.00020132519
275688	0.004320331574
275689	0.0003619418884
275690	0.000723131534
275691	0.002447441092
275692	0.0002272836154
275693	0.004633746822
275694	0.002464743493
275695	0.002348078554
275696	0.001376659579
275697	0.0005406865037
275698	0.0006347864636
275699	0.003983461697
275700	0.001243378304
275701	0.003799276187
275702	0.0007396775927
275703	0.003426800203
275704	0.001718975999
275705	0.0004108707465
275706	0.00032658403
275707	0.0007077561956
275708	0.0006170349979
275709	0.001849832922
275710	0.0009682728149
275711	0.001210571777
275712	0.0002116131786
275713	0.001349266305
275714	0.0007443864219
275715	0.003849416589
275716	0.0002859898208
275717	0.0005261972037
275718	0.003724998026
275719	0.000421564683
275720	0.002230047194
275721	0.001508371211
275722	0.0008408856439
275723	0.0009722821392
275724	0.003731724039
275725	0.0006644932719
275726	0.000389828357
275727	0.001164637175
275728	0.003142297283
275729	0.0003604407967
275730	0.0004209474465
275731	0.001832261033
275732	0.0007032115084
275733	0.00344887363
275734	0.002578947982
275735	0.002579339409
275736	0.0002719227206
275737	0.001243877204
275738	0.002109647134
275739	0.001744490566
275740	0.0004000214861
275741	0.00158245324
275742	0.000809187537
275743	0.001796647115
275744	0.003492253303
275745	0.0002227360469
275746	0.001238320404
275747	0.0009125815177
275748	0.0001906434902
275749	0.001056652428
275750	0.0004578447058
275751	0.002823111481
275752	0.001202878781
275753	0.002487482327
275754	0.002545020477
275755	0.0006463912175
275756	0.002105721001
275757	0.0003199046108
275758	0.0002263795349
275759	0.001645111581
275760	0.0002065227282
275761	0.0004989904412
275762	0.001588185319
275763	0.0008208925078
275764	8.116752755e-05
275765	0.001513203103
275766	0.0008489790104
275767	0.0001444181214
275768	0.0013136859
275769	6.021090005e-05
275770	7.596168449e-05
275771	0.0008099221773
275772	0.0003222261696
275773	0.002535126226
275774	0.0008881321893
275775	0.0008708884397
275776	0.001472139319
275777	0.0008190637791
275778	0.002491280415
275779	0.002784802412
275780	0.0009818158766
275781	0.001375059985
275782	0.001300169749
275783	0.0008658480871
275784	0.002332115655
275785	0.001920421272
275786	0.0003926946261
275787	0.0007337232692
275788	0.0004882280318
275789	0.003920132384
275790	0.002234501201
275791	0.003272100881
275792	0.0005649680163
275793	0.002275928275
275794	0.003166224384
275795	0.001413176092
275796	0.0001070620036
275797	0.001480659086
275798	0.002837229922
275799	0.003333635195
275800	5.734858301e-06
275801	0.0009022960907
275802	0.0003274765917
275803	0.003581014395
275804	0.0003775861104
275805	0.00142899525
275806	0.002206142461
275807	0.001794989544
275808	0.002432029698
275809	0.002672109254
275810	0.002162027571
275811	0.001217062812
275812	0.003293107978
275813	0.0007429192447
275814	0.000552008659
275815	0.0005101771076
275816	0.001046274259
275817	0.002929383759
275818	0.0003361398572
275819	0.0004553758318
275820	0.0004385046523
275821	0.003291359795
275822	0.001538871729
275823	0.001430146381
275824	0.0008841534952
275825	0.001104740626
275826	0.0008426887041
275827	0.000235260567
275828	0.0003240054939
275829	0.0001612612972
275830	0.0006396153867
275831	0.0008476195566
275832	0.0001046225811
275833	0.002330218253
275834	0.0009814875758
275835	0.002631890956
275836	0.001428089169
275837	0.0005741636978
275838	5.110975524e-05
275839	0.001744022385
275840	0.0006144600687
275841	0.0004911412
275842	0.001109165678
275843	0.0005211437953
275844	0.001716366827
275845	0.002059257573
275846	0.00118561798
275847	0.001858810765
275848	0.000780159878
275849	0.0004845826544
275850	0.0006558002778
275851	0.00103014105
275852	0.001015823705
275853	0.0004371067523
275854	0.001074051877
275855	9.016390088e-05
275856	0.0001279154046
275857	0.002584206427
275858	0.004172281821
275859	0.0004684000485
275860	0.0009253070724
275861	0.0005157376389
275862	0.003180998099
275863	0.002486432396
275864	0.003085710895
275865	0.001325332443
275866	0.0005146174619
275867	0.002748889052
275868	0.002339605714
275869	0.002890079127
275870	0.002652597563
275871	0.005386077705
275872	0.003191624641
275873	0.000499141255
275874	0
275875	0.001507783133
275876	0.001091641104
275877	0.0004135764996
275878	0.001263663772
275879	0.0004054251433
275880	0.00040094368
275881	0.003397310498
275882	0.002446348931
275883	0.0005104790105
275884	0.0005522413077
275885	0.0008187791627
275886	0.0009469692108
275887	0.001099557415
275888	0.002309844653
275889	8.617833646e-05
275890	7.456860551e-06
275891	0.001735591026
275892	0.001229956333
275893	0.000391022533
275894	0.004934597898
275895	0.0003413480062
275896	0.0007521812262
275897	0.0005482987624
275898	0.0003943609487
275899	0.001026408468
275900	0.003920198129
275901	0.0003605414743
275902	0.001804414114
275903	0.000136448278
275904	0.0006771200417
275905	0.001204324101
275906	4.266365092e-06
275907	0.002725492764
275908	0.001137954622
275909	9.134499243e-05
275910	0.0005870620253
275911	0.0006813688476
275912	0.0001338397168
275913	0.001364607016
275914	0.003210489667
275915	0.0009766620144
275916	0.0009708716826
275917	0.003635089058
275918	0.001716353981
275919	0.00254420066
275920	0.002799248121
275921	0.001767574504
275922	0.002842925518
275923	0.001974837784
275924	0.001473909039
275925	0.0007864156311
275926	0.00114510928
275927	0.005285297272
275928	0.002124148369
275929	0.001093071975
275930	0.0004803241004
275931	0.003294926463
275932	0.0008801687364
275933	0.001823940661
275934	0.002346927101
275935	0.004522112195
275936	0.004054385155
275937	0.002476707571
275938	0.0002609628621
275939	0.001779990841
275940	0.001102418163
275941	0.0009079108706
275942	0.0006371021326
275943	0.00160386609
275944	0.001575177715
275945	0.001298579235
275946	0.00172607788
275947	0.0006904925789
275948	0.0003560164138
275949	0.002297410161
275950	0.002010948737
275951	0.001055859561
275952	2.550207587e-05
275953	0.0007005365257
275954	0.0006329895429
275955	0.001694267692
275956	0.001139872962
275957	0.001307832662
275958	0.001644848086
275959	0.002421022128
275960	0.0009308503036
275961	0.0002405534713
275962	0.003428468448
275963	0.0008294602294
275964	0.0001185216978
275965	0.003869736024
275966	0.001990972948
275967	0.0005255628551
275968	0.00108223801
275969	0.0004737754741
275970	0.003520377878
275971	0.002271612385
275972	0.0007737177984
275973	0.002747386742
275974	0.0004251006318
275975	3.784852245e-05
275976	0.004243217318
275977	0.001834058465
275978	0.0008776993647
275979	0.0009390870389
275980	0.001021043853
275981	0.0008175511136
275982	0.000890989865
275983	0.002994818771
275984	0.001675176284
275985	0.001798470972
275986	0.000444747549
275987	0.001871724473
275988	0.0011838291
275989	0.00463203265
275990	0.0004721167706
275991	0.0001863458914
275992	0.001707672218
275993	0.002664202537
275994	0.0007670589743
275995	0.0005619101528
275996	0.004264559938
275997	0.002254877207
275998	0.002006761575
275999	0.0001870732619
276000	0.0002989016358
276001	0.0008538424374
276002	0.001364140378
276003	0.0001067086939
276004	0.0003470433731
276005	0.0004588964984
276006	0.002298845144
276007	0.0002018792688
276008	0.0009201373633
276009	0.0001809058028
276010	0.006409732782
276011	0.002104735636
276012	0.0007191980797
276013	0.0004195286246
276014	0.0009662256132
276015	0.004014320056
276016	0.0021934967
276017	0.001828932203
276018	0.001977377988
276019	0.001803654551
276020	0.0007229196947
276021	0.002086648436
276022	0.0007415586138
276023	0.0008508429913
276024	0.001358252706
276025	0.001364922344
276026	0.0002559760011
276027	0.0005913397935
276028	0.003584916628
276029	0.000842532561
276030	0.00611331645
276031	5.395856218e-05
276032	0.001139112355
276033	0.0009240192309
276034	0.003600467505
276035	0.001996677918
276036	0.0003994630736
276037	0.005957502516
276038	0.00366316617
276039	0.00234151
276040	0.0003300948091
276041	0.001598582471
276042	0.001335701453
276043	0.0007004647712
276044	0.003447502539
276045	0.002962411774
276046	0.0008377487141
276047	2.665101441e-06
276048	0.001083494056
276049	0.0005203501227
276050	0.0004601124126
276051	0.0004179388097
276052	9.257081891e-05
276053	0.0005149218529
276054	7.458538771e-06
276055	0.001441928139
276056	0.0004864737468
276057	0.0001112130834
276058	6.859636067e-05
276059	0.0005259247551
276060	9.88673985e-05
276061	0.0009684022966
276062	0.001932174231
276063	8.904838685e-05
276064	0.0003722238958
276065	0.0002504217257
276066	0.003465132254
276067	0.003440683681
276068	0.002927395799
276069	0.001484472848
276070	0.00112755118
276071	4.881656591e-06
276072	0.001227446063
276073	0.001614977719
276074	0.001244837962
276075	0.001684728028
276076	0.002952970483
276077	0.0002539793713
276078	0.0002274071192
276079	0.001101393784
276080	0.0002598714955
276081	0.001078027189
276082	0.0001811290284
276083	0.0001316437618
276084	0.0003490194129
276085	0.001877218194
276086	0.0007224391171
276087	0.001141758557
276088	0.0003681330645
276089	0.0008630140954
276090	0.001523765914
276091	0.002866691121
276092	0.0001649161451
276093	0.002089606952
276094	0.0005753841958
276095	7.601138173e-05
276096	0.001663730565
276097	0.002165012198
276098	0.001176616184
276099	0.001401582196
276100	0.0006414994504
276101	0.000457402716
276102	0.001982425261
276103	0.0006079633251
276104	0.001081176821
276105	0.003013597936
276106	0.0007208929233
276107	0.002398043787
276108	0.002041343807
276109	0.0005661663175
276110	0.0006372159301
276111	0.003154319366
276112	0.00298353585
276113	0.001892123564
276114	0.00108818849
276115	0.001598690796
276116	0.003786292829
276117	0.0006794620518
276118	0.001811461846
276119	0.001420949365
276120	0.001459675382
276121	0.002103465044
276122	9.718214659e-05
276123	0.001537690591
276124	0.0002699648638
276125	0.0004760913831
276126	0.002550945453
276127	0.001355013518
276128	0.000185769624
276129	2.967903215e-05
276130	0.0004065180982
276131	0.0001093801466
276132	0.0005587477472
276133	0.0004808917876
276134	0.0004346196646
276135	0.0004962581796
276136	0.0005624209704
276137	0.0005494886878
276138	0.000884639162
276139	0.001310993335
276140	0.0006936203187
276141	0.001441595124
276142	0.0001850884337
276143	0.001090974806
276144	0.0001645480599
276145	8.403643785e-05
276146	0.003523371466
276147	0.001596614288
276148	0.0004701986977
276149	0.003218582462
276150	0.0002845598394
276151	0.003483767234
276152	0.0004003719728
276153	0.003278559402
276154	0.0001251028599
276155	0.001206851013
276156	7.592470961e-05
276157	0.0008811384908
276158	0.0001522568517
276159	0.003633211382
276160	0.00362467455
276161	0.0005540320767
276162	0.003342465092
276163	0.004497048121
276164	0.004290705017
276165	0.00231448929
276166	0.002597394468
276167	0.002151316708
276168	0.0002156328883
276169	0.00100899875
276170	0.0005274005896
276171	0.0002763528947
276172	0.001063367317
276173	0.0009741197474
276174	0.001360909119
276175	0.0001989323906
276176	0.0003474593609
276177	0.001633224166
276178	0.001878780131
276179	0.0004136358451
276180	0.0001168240215
276181	0.002929301623
276182	0.0003845196142
276183	0.0006376578099
276184	0.0006610708376
276185	0.0003526192204
276186	0.0007708208878
276187	0.003284562661
276188	0.0006368739015
276189	1.109516318e-05
276190	0.0007942565569
276191	0.001083876402
276192	0.00124617774
276193	0.0003806880835
276194	0.001037838596
276195	0.001766907753
276196	0.000986373087
276197	0.000457278171
276198	0.001610978028
276199	0.001535732726
276200	0.001558652502
276201	0.001753893323
276202	0.001847433993
276203	0.0005114627713
276204	0.00221274283
276205	0.004260244338
276206	0.002548559527
276207	0.005303518272
276208	0.0003749021332
276209	0.001616075813
276210	0.002987111689
276211	0.0003617672804
276212	0.003610691164
276213	0.0007524278018
276214	0.001559849928
276215	0.002038018943
276216	0.001353947009
276217	0.0003509157712
276218	0.0004848627191
276219	0.001057604025
276220	0.0003242871199
276221	0.00156061724
276222	0.0009136084599
276223	0.000311956072
276224	0.000496965077
276225	0.002264299941
276226	0.001082529319
276227	0.0002578093298
276228	0.0006514342833
276229	0.0003733178769
276230	0.0009284845226
276231	0.000858984954
276232	0.001502497953
276233	0.0003052334536
276234	0.00186767019
276235	0.001290587353
276236	0.0005624347022
276237	0.001326525754
276238	0.0003847691938
276239	0.00111463151
276240	0.0008962781985
276241	0.00149444833
276242	8.909143106e-05
276243	0.002056388737
276244	1.01850751e-05
276245	0.002780982069
276246	0.001409057359
276247	0.003236112863
276248	0.002768346991
276249	0.0008013468761
276250	0.000359380598
276251	0.003966594869
276252	0.0007236543265
276253	0.001568607945
276254	0.001872027577
276255	0.0009155246785
276256	0.0006390211762
276257	0.0009152706193
276258	0.0002470124004
276259	0.001757709549
276260	0.003061730922
276261	0.003472990666
276262	0.003344170622
276263	0.003411931339
276264	0.001029562976
276265	0.003421869362
276266	0.000184699759
276267	0.002627400414
276268	0.001044860992
276269	0.001752680441
276270	0.0005233671684
276271	0.001810282029
276272	0.0004116777498
276273	0.0005319583394
276274	0.001294044055
276275	0.004563071961
276276	0.004344638888
276277	0.003500459062
276278	0.003726691481
276279	0.003579849024
276280	0.001807097941
276281	0.0009525750521
276282	0.000904220073
276283	0.0006831321428
276284	0.0007044805294
276285	0.001249269526
276286	0.001208267917
276287	0.0008435100481
276288	0.00140288477
276289	0.002570188871
276290	0.00141889236
276291	0.0002907491492
276292	0.001718715988
276293	0.0007183723042
276294	0.00231662871
276295	0.002269907217
276296	0.0028048723
276297	0.0001045732732
276298	0.002367638263
276299	0.000352148596
276300	0.00305155853
276301	0.0002129860014
276302	0.0002669906144
276303	0.0002677673158
276304	0.0005325765636
276305	0.0002880269894
276306	0.001953687564
276307	0.0004088807488
276308	0.002789850616
276309	0.002420741234
276310	0.0004898522073
276311	0.0020224213
276312	0.003338667923
276313	0.001017674723
276314	0.0008950243504
276315	0.0009259997198
276316	0.002742616709
276317	0.002360541352
276318	5.701354549e-05
276319	0.001053092634
276320	0.002981312437
276321	0.000786453394
276322	0.001346407808
276323	0.0006583698159
276324	0.002481784777
276325	0.0009092054262
276326	0.0003919072633
276327	0.0002992035803
276328	0.002721977709
276329	0.002742327768
276330	0.001337471931
276331	0.00203541414
276332	0.001624436061
276333	0.0005408301847
276334	0.0009577886209
276335	0.001782885374
276336	0.0009624271551
276337	0
276338	0.0005175983704
276339	0.001054878535
276340	0.001008868807
276341	0.0007283856763
276342	0.001210192554
276343	0.003150541067
276344	0.0009925889543
276345	0.0003597308245
276346	0.00349924465
276347	0.001349702755
276348	0.001988490651
276349	0.001117967927
276350	0.004868898867
276351	0.002923349677
276352	0.0001864093268
276353	0.001800351697
276354	0.000682207848
276355	0.0007637359509
276356	0.0002158315651
276357	0.000840760236
276358	0.0006885243105
276359	0.001879541314
276360	0.002385989401
276361	0.003764724775
276362	0.001385954331
276363	0.0008662047211
276364	0.001280100322
276365	0.001790666008
276366	0.002129266674
276367	0.00452683708
276368	0.004111177693
276369	0.001850715926
276370	0.001681705415
276371	0.003159726755
276372	0.002373931219
276373	0.002350788832
276374	0.002203079
276375	0.0001253239603
276376	0.0002154300946
276377	0.0009807462399
276378	0.001991803943
276379	0.001669313111
276380	0.0006320729277
276381	0.002082561538
276382	0.001740060499
276383	0.004580712823
276384	0.00147371199
276385	0.002148027914
276386	0.001067241076
276387	3.805505271e-05
276388	0.0006796127406
276389	0.0001877823232
276390	5.595254128e-05
276391	0.001472578485
276392	0.0001879298742
276393	0.0001713862974
276394	0.0009572051532
276395	0.005538090557
276396	0.0003726496876
276397	2.054696559e-05
276398	0.001321051179
276399	0.003899501106
276400	0.0005128306933
276401	0.001574461053
276402	0.001684444521
276403	0.0009504560679
276404	0.003026234568
276405	0.0005984122112
276406	0.0004376718653
276407	0.001093910793
276408	0.0006455830441
276409	0.001299776994
276410	0.0003718195115
276411	0.000853929742
276412	0.0005909537428
276413	0.0002068843623
276414	6.512654612e-08
276415	0.001124832029
276416	0.000585755467
276417	0.001186898224
276418	0.001059540635
276419	0.000516781422
276420	0.0003958679941
276421	0.0005750280894
276422	0.000107588253
276423	0.002537495791
276424	0.0004838305362
276425	0.0003197887524
276426	0.0005810239729
276427	0.0005287385764
276428	1.323579045e-05
276429	0.0009124134707
276430	0.0009030662607
276431	0.0004689640621
276432	0.0008957017514
276433	0.0009055760482
276434	0.0006935829633
276435	0.0004760419791
276436	0.000287515065
276437	0.002575474166
276438	0.001550427488
276439	0.002670627617
276440	0.0005614867705
276441	0.0002386940298
276442	0.0005559928454
276443	0.0007182149287
276444	0.0005033337794
276445	0.0001030179336
276446	0.001101294185
276447	0.001345363759
276448	0.0007828318551
276449	0.002219657922
276450	0.004067805168
276451	0.0002469180786
276452	0.00266523716
276453	0.004486610077
276454	0.0003660528108
276455	0.000685572564
276456	0.000280897561
276457	0.0008094775769
276458	0.001533910694
276459	0.001904039582
276460	0.0006294535269
276461	0.0004300752157
276462	0.0004522579036
276463	0.000402381485
276464	0.0008283349148
276465	0.002665148171
276466	0.001516463857
276467	0.00182949108
276468	9.789245996e-05
276469	0.0004088374831
276470	0.0008910545946
276471	0.001049891101
276472	0.000929357068
276473	0.001566597716
276474	0.001849320394
276475	0.0008597244257
276476	0.0001489300167
276477	0.002715044182
276478	7.984203235e-05
276479	1.353706408e-06
276480	0.0002694958297
276481	0.0001003466399
276482	0.0004471551985
276483	0.001378693267
276484	0.001751654085
276485	0.001647811322
276486	0.0005780136964
276487	0.001956099976
276488	0.0008981290421
276489	4.912073878e-08
276490	0.001573714945
276491	0.0004095521599
276492	0.002995011305
276493	0.000480025701
276494	0.0008536059358
276495	0.0006918950641
276496	0.0003881031787
276497	0.002762242063
276498	0.002464818012
276499	0.002774860236
276500	0.002562602334
276501	0.001132715508
276502	0.0001957855522
276503	0.0001026132649
276504	0.000616268948
276505	0.0007392091315
276506	0.0001545262692
276507	9.41583141e-05
276508	0.0005784366213
276509	0.0001736276851
276510	0.001480747971
276511	0.002302778121
276512	0.0004911149061
276513	0.0007353753303
276514	0.001253947502
276515	0.0008402171715
276516	0.004087062187
276517	0.002554475572
276518	0.0004299278093
276519	0.001952676837
276520	0.001051352395
276521	0.00159821482
276522	0.0002530535168
276523	0.0001613636531
276524	0.001956900689
276525	0.001111450108
276526	0.0008145489518
276527	9.384857033e-05
276528	0.0002248664856
276529	0.001090678818
276530	0.0006778458887
276531	0.003135365481
276532	0.0008065356525
276533	0.001213627463
276534	0.0009010963421
276535	0.0005977366075
276536	0.0007455333653
276537	0.001427804366
276538	0.0007710030517
276539	0.001140458305
276540	0.0006943380026
276541	0.0003604465046
276542	0.001112176657
276543	0.00062724238
276544	0.0007552263181
276545	0.001424443913
276546	0.002313043768
276547	0.001862946392
276548	0.002848428068
276549	0.002532591471
276550	0.002785385008
276551	0.00179600685
276552	0.003473464404
276553	0.001658106389
276554	0.0006778724468
276555	0.003861761223
276556	0.005089435967
276557	0.0009230026875
276558	0.0003602515295
276559	0.001065133937
276560	0.0009236698779
276561	0.001895024421
276562	0.0003771936297
276563	0.001817083246
276564	0.000813989186
276565	0.002026268567
276566	0.001666387001
276567	0.002423864401
276568	0.002318129414
276569	0.0004263479955
276570	0.004456773
276571	8.575000974e-05
276572	0.004725988471
276573	0.001930190378
276574	0.001813331837
276575	0.0032155381
276576	0
276577	0.000601297671
276578	0.0009578956353
276579	0.001050066603
276580	0.0005703166262
276581	0.001699164618
276582	0.003419035885
276583	0.0007813715561
276584	0.0008784882396
276585	0.001608026547
276586	6.519133954e-05
276587	0.003724395967
276588	0.0005411433733
276589	0.0007618804272
276590	0.001010904376
276591	0.0003180325798
276592	0.001027919653
276593	0.001367801171
276594	0.000492480338
276595	0.001830820024
276596	0.002739380873
276597	0.0006973644647
276598	0.001723847297
276599	0.001761714009
276600	0.0007106668079
276601	0.0005037672812
276602	5.56450024e-05
276603	0.0006023254085
276604	0.0002785241379
276605	0.0004568064437
276606	6.655720493e-05
276607	0.0006223409727
276608	0.001072913385
276609	0.001716911311
276610	0.002578958433
276611	0.0009561667833
276612	0.001468802169
276613	0.0006826737658
276614	5.122500778e-05
276615	0.0002684258484
276616	0.0004078364119
276617	4.144379639e-05
276618	0.0009653551699
276619	0.001907809315
276620	0.0003866509046
276621	0.003858112446
276622	0.0008097190781
276623	0.0008824897348
276624	0.001356257392
276625	0.0003090886196
276626	0.001623378504
276627	0.001693203933
276628	0.001492684125
276629	0.0003024533158
276630	0.0002839295906
276631	0.0007083534743
276632	0.001744147761
276633	0.0006119779005
276634	0.001900552543
276635	0.002070644214
276636	0.001045680809
276637	0.002760402861
276638	0.0001311973554
276639	0.000955591896
276640	0.0007282570945
276641	0.001417871401
276642	0.001387099518
276643	0.00179835895
276644	0.001771770815
276645	0.003827317466
276646	0.004067241262
276647	0.0001807658009
276648	0.003863930448
276649	0.002349797492
276650	0.0009751626774
276651	0.0008040117261
276652	0.002027492868
276653	0.003961325384
276654	0.0007691828511
276655	0.001160981047
276656	0.001106541884
276657	0.00216241796
276658	0.004134722201
276659	0.003754596435
276660	0.0007912849891
276661	0.001047592036
276662	0.003489812913
276663	0.001576071294
276664	0.0001657813735
276665	0.00204963841
276666	0.0001816896088
276667	0.001192267301
276668	0.00200479471
276669	0.001658331027
276670	0.002414896697
276671	0.003964922515
276672	0.002206228729
276673	0.002140018244
276674	0.003968884744
276675	0.003744918281
276676	0.002343268698
276677	0.002071597258
276678	0.004323825279
276679	0.004351252785
276680	0.004223785314
276681	0.001964286165
276682	0.003314210572
276683	0.001457165255
276684	0.001210965676
276685	0.002887868275
276686	0.0005437147296
276687	0.0007136455384
276688	0.002047584738
276689	0.003719386505
276690	0.002397812877
276691	0.0002340669779
276692	0.003985348396
276693	0.002013709403
276694	0.002193046403
276695	0.00166752457
276696	0.0009619668932
276697	0.0005484909306
276698	0.00286630823
276699	0.002025171537
276700	0.002141475767
276701	0.001707616492
276702	0.0001358639328
276703	0.0009749873883
276704	0.0003971184796
276705	0.0001935983207
276706	4.524522004e-06
276707	0.000684185207
276708	0.001806256356
276709	0.001024853451
276710	0.0007389594329
276711	0.001121361229
276712	0.0006993194004
276713	0.001170557401
276714	0.001187748949
276715	0.003079588246
276716	0.0003255659279
276717	0.001331380183
276718	8.465352579e-05
276719	0.001299259968
276720	0.0009421279483
276721	0.0008388392506
276722	0.000502642461
276723	0.0005268935964
276724	0.002252467096
276725	0.0007148061495
276726	0.0002480572173
276727	0.0004244552121
276728	0.001024264834
276729	0.0004950104859
276730	2.631852595e-05
276731	0.001269630191
276732	0.001581770766
276733	2.512455461e-05
276734	0.0001113948313
276735	0.001372593461
276736	0.001868978365
276737	0.001418055637
276738	0.001898302717
276739	4.482296401e-05
276740	0.0003673334149
276741	0.002207681075
276742	0.001045324449
276743	0.0004560294509
276744	0.0003018541416
276745	0.002524149387
276746	0.0005813570864
276747	0.0005394502979
276748	3.38822207e-05
276749	1.166617546e-07
276750	9.94125298e-05
276751	0.0003660835779
276752	0.0006010739742
276753	0
276754	0.002736465891
276755	0.001466091979
276756	0.004791566732
276757	0.0002427299096
276758	0.00203176687
276759	0.001490076709
276760	0.003201517032
276761	0.001056538289
276762	0.001569149469
276763	0.0002449418903
276764	0.002921583985
276765	0.000913822549
276766	0.002134232022
276767	0.001197470581
276768	0.0002485958983
276769	0.002201978642
276770	0.0004475057426
276771	0.001410835135
276772	0.002968364093
276773	0.002766195889
276774	0.002407930215
276775	0.003330288037
276776	0.000994663992
276777	0.000924648349
276778	0.002281358838
276779	0.0007434029542
276780	0.004605920322
276781	0.001597802289
276782	0.001061157071
276783	0.003041218931
276784	0.004306435039
276785	0.001843953363
276786	0.000461168703
276787	0.003143703305
276788	0.0001838544031
276789	0.002261590147
276790	0.003678551037
276791	0.002087963448
276792	0.0009718705355
276793	5.829018359e-05
276794	0.0001165537758
276795	0.000309829991
276796	0.001910354555
276797	0.001838821376
276798	0.0007039871639
276799	0.0005694244925
276800	0.001879327948
276801	0.001267318765
276802	3.253220256e-05
276803	0.0004396950563
276804	0.002592798933
276805	6.877312595e-05
276806	0.001913562433
276807	0.004412646871
276808	0.00317279964
276809	0.0002455777853
276810	0.0004833081291
276811	0.0001822383077
276812	0.005603405972
276813	0.002795825032
276814	0.0007005082714
276815	0.001019933452
276816	0.0007895058862
276817	0.002973575495
276818	0.0005424665677
276819	0.0001306232171
276820	0.002067347498
276821	0.00322488969
276822	0.0008910498466
276823	0.001852492758
276824	0.002421148383
276825	0.0006466799423
276826	0.0008238420463
276827	5.631333524e-06
276828	0.0009980662988
276829	0.0008465170638
276830	0.0006402537387
276831	0.0007824561354
276832	0.0003850651839
276833	0.0007480861913
276834	3.343275144e-05
276835	0.001834348717
276836	0.00109085584
276837	0.002123904397
276838	0.001654853643
276839	0.0005927606874
276840	0.001695221745
276841	0.000596043623
276842	0.0002522153495
276843	0.0006341575269
276844	0.001203700519
276845	0.001577158805
276846	0.0007342653032
276847	0.0001709367206
276848	0.004996115063
276849	0.001407133235
276850	0.002826361797
276851	0.002007511575
276852	0.003006355907
276853	0.002439269305
276854	0.002256817085
276855	0.001574503766
276856	0.000447068321
276857	0.0001257985483
276858	0.001971902176
276859	0.0003244031793
276860	0.0009851779495
276861	0.0005791522744
276862	0.000418518792
276863	0.000891673833
276864	0.0004860763103
276865	0.0008356589382
276866	0.0001978127225
276867	0.001526998637
276868	0.00138397302
276869	0.0005851123162
276870	0.001644743177
276871	2.872507288e-05
276872	0.0005009642038
276873	0.0004123317706
276874	0.001296433587
276875	0.0004667465008
276876	0.002345870988
276877	0.0007073815296
276878	0.0008814126189
276879	0.001027003952
276880	0.002813221978
276881	0.001028727626
276882	0.001466421388
276883	0.00123538895
276884	0.00130619266
276885	0.0006979095727
276886	0.002552182309
276887	0.003291908244
276888	0.002912266402
276889	0.002875581588
276890	0.0007228347208
276891	0.00175645869
276892	0.00198738753
276893	0.001452750797
276894	0.0007687901866
276895	0.0007637866378
276896	0.0005296231209
276897	0.002299820001
276898	0.00460750296
276899	0.002312543802
276900	0.00264671762
276901	0.001053719263
276902	0.003129734647
276903	0.001600989417
276904	0.002040340887
276905	0.0006426525783
276906	0.002006552926
276907	0.001131285788
276908	0.0009437845627
276909	0.00218413609
276910	0.0003149626555
276911	0.001796770521
276912	0.002727727437
276913	0.001470491125
276914	9.549495284e-05
276915	0.003143560953
276916	0.0004650792379
276917	0.0003599546764
276918	0.0009287571175
276919	0.0008063005288
276920	0.003203154969
276921	0.001893553278
276922	0.001480797516
276923	0.003323609084
276924	0.001309120981
276925	0.0009186179008
276926	0.001198245077
276927	0.001473732828
276928	1.950061217e-05
276929	0.000973299071
276930	0.0008309514744
276931	0.0009617601453
276932	0.0002982071843
276933	0.00265003217
276934	0.0002733685104
276935	0.0008587121013
276936	0.001188124606
276937	0.0009519181157
276938	0.0006168665865
276939	0.001765951891
276940	0.0007726869424
276941	0.001532694167
276942	0.0005116207383
276943	0.0004186809643
276944	0.001684759763
276945	0.001257711976
276946	0.0004092578792
276947	0.0005886844514
276948	0.0004949348935
276949	0.002067155861
276950	0.000939996493
276951	0.002363980985
276952	0.001782921492
276953	0.0003086378969
276954	0.0009811951889
276955	0.001620732163
276956	0.005000997486
276957	0.0005206137421
276958	0.003308613582
276959	0.000653392933
276960	0.0002444842946
276961	0.001115739055
276962	0.0005461912512
276963	0.0008189415124
276964	0.000753176361
276965	0.0007277561857
276966	0.002646839975
276967	0.001696616111
276968	0.0005017409536
276969	0.0005594524195
276970	0.001800801218
276971	0.002048083962
276972	0.001408486455
276973	2.583799805e-05
276974	0.002656003067
276975	0.001187493011
276976	0.0009412383151
276977	0.0005337625922
276978	0.00113085615
276979	0.0007449969169
276980	6.140092347e-08
276981	4.191787347e-05
276982	0.0008743046059
276983	0.0004805502739
276984	0.0003355851223
276985	0.001475767715
276986	0.0002835736298
276987	0.002389959962
276988	0.002789920496
276989	0.0005317432523
276990	0.0005421979225
276991	0.0005327228537
276992	0.001995693256
276993	0.001205015862
276994	0.0005839124342
276995	0.00213240624
276996	0.00125664018
276997	3.548534515e-05
276998	0.001982791212
276999	0.0006496656758
277000	0.001014671646
277001	7.268723732e-05
277002	2.392986336e-05
277003	0.002030078808
277004	0.0004344433096
277005	0.0004818377011
277006	0.0002558910631
277007	0.0006773005938
277008	0.005675782706
277009	0.001451387403
277010	0.0009502721998
277011	0.003031209351
277012	0.001835679013
277013	0.002216411985
277014	3.285752447e-05
277015	0.002726588596
277016	0.0004011928233
277017	6.842765591e-05
277018	6.015850776e-05
277019	0.0007726280447
277020	0.002699095242
277021	0.001524723348
277022	0.002064995573
277023	0.001326560598
277024	0.00034527245
277025	0.00370498876
277026	0.001275402322
277027	0.002601991949
277028	0.0001801472899
277029	0.000390258106
277030	0.002278203061
277031	0.002580472677
277032	0.00301103699
277033	0.003616282074
277034	0.002622472641
277035	0.0007933959622
277036	0.00026133381
277037	0.001609411103
277038	0.001867959189
277039	0.002867266475
277040	0.002333001985
277041	0.0002654769525
277042	0.000715070812
277043	0.0008310753386
277044	0.001659544221
277045	6.154443358e-05
277046	0.003490808444
277047	0.0008803061658
277048	0.001380222514
277049	0.001671686798
277050	0.002782058571
277051	0.004493938124
277052	0.0005388268031
277053	0.000377937015
277054	0.006560172476
277055	0.002717606161
277056	0.001852531345
277057	0.0008972072723
277058	0.002603498427
277059	0.002536774538
277060	0.004062980095
277061	0.0009968988564
277062	0.002435172113
277063	0.0003229171906
277064	0.004773910415
277065	0.001731296197
277066	0.002269978904
277067	0.0004185547435
277068	0.0002102771595
277069	0.003084103673
277070	0.001816145284
277071	0.0002748549544
277072	9.896808249e-05
277073	0.0003509341141
277074	0.000946873039
277075	0.002044456987
277076	0.001566627652
277077	0.0003603806115
277078	0.0001113483911
277079	0.001895866408
277080	0.001137639363
277081	8.434899168e-05
277082	0.001642101542
277083	0.0002424925543
277084	0.001112745802
277085	0.002364680083
277086	0.0009143159005
277087	0.001763165813
277088	5.069019256e-05
277089	0.0007636152101
277090	0.0008177672992
277091	0.001117303221
277092	0.001949039826
277093	0.0007568002026
277094	0.001781022225
277095	0.0002463761093
277096	0.0008960720423
277097	0.001710218568
277098	0.003345228452
277099	0.002642564337
277100	0.0001262758682
277101	0.0007544138139
277102	0.00045054801
277103	0.0009609744819
277104	0.001056092628
277105	0.0001319386042
277106	0.0001518906355
277107	0.000968837138
277108	0.0009500999298
277109	0.0009960165208
277110	0.0003451123703
277111	8.848018746e-05
277112	0.0002087226197
277113	0.0004946234612
277114	0.0005978177846
277115	0.00122493678
277116	0.002182797326
277117	1.370057149e-05
277118	0.002070813971
277119	0.002641332822
277120	6.5282305e-05
277121	0.001525447933
277122	0.0007901554965
277123	0.001424523528
277124	0.0006765292643
277125	6.013489688e-05
277126	0.0007543641501
277127	0.001556528531
277128	0.0005991747775
277129	0.0001418431332
277130	0.0004336275238
277131	0.002266688845
277132	9.834233096e-05
277133	9.610507151e-06
277134	0.0001653522714
277135	0.002471518754
277136	0.002092689252
277137	0.002076631609
277138	0.002297744854
277139	0.001335097744
277140	0.001025257715
277141	0.0005252013162
277142	7.562286776e-05
277143	0.002885801282
277144	0.002594901662
277145	0.001713657028
277146	0.0005398599383
277147	0.0003914200694
277148	0.0009350467842
277149	0.001359118363
277150	0.002923978481
277151	0.0008991650042
277152	0.0005426400514
277153	0.001943589196
277154	2.500366535e-05
277155	0.001565058927
277156	0.002738799185
277157	0.0006950105213
277158	0.003700589621
277159	0
277160	0.003370352952
277161	0.0009313728221
277162	0.001856427666
277163	0.001006336742
277164	0.0006252331429
277165	0.0007162550818
277166	0.0001083218259
277167	0.000896083305
277168	0.002064034837
277169	0.003633189045
277170	0.002372257178
277171	0.003249992763
277172	0.0001274588858
277173	0.000178717334
277174	0.0006864901855
277175	0.004070260431
277176	0.0007145955814
277177	0.00201182312
277178	0.002424215074
277179	0.0002955879265
277180	0.0009566000325
277181	0.00288017301
277182	0.00274030717
277183	0.0005968102049
277184	0.003066776646
277185	0.002532706288
277186	0.002778503157
277187	0.002683728282
277188	0.002157868291
277189	0.0008871091523
277190	0.0004478124473
277191	0.0006506977413
277192	0.0006338612607
277193	0.001472289095
277194	0.0004734950341
277195	0.001248663016
277196	0.002248959906
277197	0.0003627579077
277198	0.001060837004
277199	0.001234571155
277200	0.001645699122
277201	0.0008767146219
277202	0.0006456647618
277203	1.95206073e-05
277204	1.869412454e-05
277205	0.0002032861329
277206	0.001136220353
277207	0.001392989271
277208	0.0001746861077
277209	0.0002008403825
277210	0.003756329272
277211	0.002900237676
277212	0.0003024154631
277213	0.0006277886897
277214	0.0008792938791
277215	9.40147105e-05
277216	0.002992788435
277217	0.000461755681
277218	0.0001794371167
277219	0.004506720397
277220	0.001112847487
277221	0.001717932141
277222	0.002242767353
277223	0.0004233343683
277224	0.0004468809527
277225	0.001169194177
277226	0.001086449278
277227	0.002778355766
277228	0.001894533276
277229	0.002098618809
277230	0.001763878909
277231	0.001429765777
277232	0.0006306098309
277233	0.001078110369
277234	0.001362243806
277235	0.0005304560457
277236	0.0004135956502
277237	0.00101629507
277238	0.0002629859312
277239	0.002682752871
277240	0.003564801848
277241	0.002161973488
277242	0.001582092323
277243	0.003673589782
277244	0.002384125101
277245	0.0007273947046
277246	0.003665499109
277247	0.001066512872
277248	0.000805575155
277249	0.001227256094
277250	0.002269986672
277251	5.158320856e-05
277252	0.00240536235
277253	0.002967155565
277254	0.0001435836413
277255	0.001571484281
277256	0.0006873610506
277257	0.001092254352
277258	0.001382836454
277259	0.0008303982565
277260	0.000415569562
277261	0.0006619514503
277262	0.000896522263
277263	0.002620413517
277264	0.0001027748265
277265	0.000434755337
277266	8.813919571e-05
277267	0.001989288729
277268	0.001222797525
277269	0.0009489575485
277270	0.0006584468987
277271	2.456036939e-08
277272	0.001143486049
277273	0.0007017766515
277274	0.000171581956
277275	0.0008486225819
277276	0.0004585502357
277277	0.001976361275
277278	0.002682903103
277279	0.0002973078936
277280	0.001808669599
277281	0.003298219332
277282	0.001660358256
277283	0.0006898308402
277284	0.003960719792
277285	8.374351612e-05
277286	0.0006811137934
277287	0.001764458902
277288	0.0001106620592
277289	0.002132322308
277290	0.0001032374879
277291	0.00377321338
277292	0.0007970557734
277293	0.0003743140954
277294	0.003331380968
277295	0.00127569495
277296	0.001542113933
277297	0.0008495758753
277298	0.002775559031
277299	0.0003398574413
277300	0.002298465659
277301	8.273738902e-05
277302	0.003028707517
277303	5.181955027e-05
277304	0.001773903428
277305	0.002440577279
277306	0.004408668637
277307	0.0002213052048
277308	0.0006745526519
277309	0.001503602229
277310	0.0009851186727
277311	0.001638410709
277312	0.0002155284769
277313	0.0003043009329
277314	0.001273289136
277315	0.0001259398535
277316	0.001389767545
277317	0.0009366466879
277318	0.0004580594181
277319	0.0008073635452
277320	0.001301667199
277321	5.045087355e-06
277322	0.003392308606
277323	0.002252778421
277324	0.001067680784
277325	0.0003010753507
277326	0.001754260175
277327	0.0003706138346
277328	0.001450745862
277329	0.0004349502472
277330	0.001971653925
277331	0.001063104185
277332	0.003593301882
277333	0.0006852836582
277334	0.0001738438626
277335	0.0002982218403
277336	1.124067968e-05
277337	0.002197153202
277338	0.001449868899
277339	0.0009263188546
277340	0.004005815387
277341	0.003634498081
277342	0.001377826055
277343	0.000858413445
277344	0.003303633038
277345	0.0001720100482
277346	0.002749412973
277347	0.001189745522
277348	0.000678006254
277349	1.885985764e-05
277350	0.0004106389619
277351	0.0004446829676
277352	0.001046115012
277353	0.00216818609
277354	0.001388726534
277355	0.0002706684336
277356	0.0001987823051
277357	0.001273357572
277358	0.001790239427
277359	0.0004711562868
277360	0.0006511870855
277361	0.001169635679
277362	0.0006181277397
277363	0.0003589256311
277364	0.003369315554
277365	0.002429547404
277366	0.0007494768917
277367	0.001159771579
277368	0.000445039331
277369	0.002756399533
277370	0.00061969095
277371	0.001724014922
277372	0.002811098922
277373	0.0006205752355
277374	0.001850766372
277375	0.00117492137
277376	0.001960002228
277377	0.002441742745
277378	0.003656576802
277379	0.000615090832
277380	0.001322034733
277381	0.0001787559225
277382	0.0009853295683
277383	0.001462286965
277384	0.0007244672879
277385	0.001137010841
277386	0.0001825083967
277387	9.250660049e-05
277388	5.778432608e-05
277389	1.874905148e-05
277390	0.000807001572
277391	0.001390082801
277392	0.001503378823
277393	0.0009625421916
277394	0.001036601283
277395	0.002606336979
277396	0.003027033224
277397	0.0006407111819
277398	0.0009733231808
277399	0.001080390011
277400	0.003043673755
277401	0.00088422144
277402	0.00326773534
277403	0.0005725148738
277404	0.0008290949067
277405	0.001133469008
277406	0.0001940339939
277407	0.00378313965
277408	0.0008970072199
277409	0.0001665414106
277410	0.001583446284
277411	0.001560529107
277412	1.85790592e-06
277413	0.0001066369022
277414	0.001081963662
277415	2.035193226e-05
277416	0.0004808499644
277417	0.001601115728
277418	0.001786967535
277419	0.001461937558
277420	1.52127696e-05
277421	0.0001455640267
277422	0.0002038554318
277423	0.001593807779
277424	0.001209665241
277425	0.003264861943
277426	0.001161538126
277427	0.0002751094696
277428	0.002542564888
277429	0.000130541963
277430	0.0004125881166
277431	0.0002331057631
277432	0.0005851442891
277433	8.635054725e-05
277434	0.001376553639
277435	0.0005603984489
277436	0.00124915415
277437	0.0001519910958
277438	0.002924535336
277439	6.510996988e-05
277440	0.0001735089644
277441	0.0009464306616
277442	0.003371207067
277443	0.0001543665498
277444	0.0006676578816
277445	0.004178261214
277446	0.0001410179061
277447	0.003231694001
277448	0.003799034905
277449	0.001224162105
277450	0.002633977345
277451	0.0003192080036
277452	0.002032003491
277453	0.0006234036558
277454	2.763041556e-08
277455	0.003527324098
277456	0.002327943905
277457	0.001183740642
277458	9.578639066e-05
277459	0.0003335510627
277460	4.364024293e-05
277461	0.002527893954
277462	0.0006087223102
277463	0.003532719045
277464	0.0005795165244
277465	0.0005918778973
277466	0.0003367593586
277467	0.0006292710214
277468	0.002226192765
277469	3.398053873e-06
277470	0.0006399264293
277471	0.001480811374
277472	0.0003321736379
277473	0.001397285252
277474	0.0003413816314
277475	0.0002371331682
277476	0.001581504305
277477	0.0001738258042
277478	0.001533656515
277479	0.001326654827
277480	0.0005569473025
277481	0.0007719228651
277482	0.001842645646
277483	0.00250550654
277484	0.002117594669
277485	0.0007951111903
277486	0.001598371836
277487	0.001032093629
277488	0.001232835904
277489	0.001736092613
277490	0.001766959448
277491	0.0006218375982
277492	0.0002168418256
277493	0.0001211762586
277494	0.001846023725
277495	0.0007330757251
277496	0.0005691778853
277497	0.001079690318
277498	0.001423706787
277499	0.002345649417
277500	0.001001772096
277501	0.001282803957
277502	2.261865852e-05
277503	0.0008108766859
277504	0.0002744533859
277505	0.001610527433
277506	0.0008354662073
277507	0.00128230242
277508	0.001219567237
277509	0.002048459538
277510	0.0004588131422
277511	0.001317793561
277512	0.0008279259045
277513	0.0005439554119
277514	0.001088682648
277515	0.0005664495201
277516	0.003275589298
277517	0.001198008031
277518	0.001242968288
277519	0.002759968427
277520	0.001078410911
277521	0.002223354141
277522	1.706945674e-06
277523	6.077348005e-05
277524	0.0002405867077
277525	0.001384613406
277526	0.005030006487
277527	0.002511376272
277528	0.001196413514
277529	0.0001361232213
277530	0.001000800424
277531	0.00223634998
277532	0.000625850506
277533	0.002538249288
277534	0.003470847782
277535	1.728041951e-05
277536	0.0005129715568
277537	0.002134316685
277538	0.002182877816
277539	0.003607056208
277540	0.0006323045007
277541	0.0007137444943
277542	0.0004463250342
277543	0.001153899441
277544	0.002173992442
277545	0.0002734411901
277546	0.0004111032155
277547	0.002529692921
277548	0.0007696918939
277549	0.003845898006
277550	0.0006906556926
277551	0.002155741617
277552	2.481812714e-05
277553	0.0004356318873
277554	3.292513934e-05
277555	0.0003569925357
277556	0.003747971824
277557	0.0001488343389
277558	0.0006883756706
277559	0.0007341230021
277560	0.0003722003535
277561	0.000380714223
277562	0.0005500680968
277563	0.001449971841
277564	0.0005403878978
277565	0.001092852051
277566	1.291715263e-05
277567	0.0002417907829
277568	0.001241042562
277569	0.000692851916
277570	0.00117021455
277571	0.0007477611818
277572	0.002832516834
277573	0.0004279611749
277574	0.0004763422194
277575	9.167878942e-05
277576	0.0003538421514
277577	0.001082850655
277578	0.000145998324
277579	0.002050760334
277580	0.0006601201729
277581	0.0008729212779
277582	0.003650788604
277583	0.001797394313
277584	0.002518498797
277585	0.001516860942
277586	0.00109244967
277587	4.130082844e-05
277588	0.0001784788381
277589	0.001793435089
277590	0.0004390321977
277591	0.0001588607611
277592	0.00145935982
277593	0.002039086365
277594	0.0004285621969
277595	0.0002371410307
277596	0.006198602977
277597	0.002508989846
277598	0.001543996505
277599	0.003477693305
277600	0.0009530774069
277601	0.0008283784058
277602	0.001109970165
277603	0.001217786051
277604	0.003335066807
277605	0.0004091508184
277606	0.003099581344
277607	0.001214467255
277608	0.0003372410746
277609	0.0005447545719
277610	0.001830199281
277611	0.0001449511522
277612	0.001874622233
277613	0.0005877266551
277614	0.001806259886
277615	0.0002032582199
277616	0.0005450585533
277617	0.001523372945
277618	0.0004801362741
277619	0.00103921673
277620	0.001969616945
277621	0.004007221946
277622	0.001648510308
277623	0.0004728884997
277624	0.001353067903
277625	0.001071525244
277626	0.004413577414
277627	0.001447865175
277628	0.001930130506
277629	5.31978501e-05
277630	0.002614190951
277631	0.0003732045714
277632	0.001617823467
277633	0.0008010760775
277634	0.0005403977348
277635	0.0009367127576
277636	0.0003153838656
277637	0.0006031613846
277638	0.001104372591
277639	0.0005568116514
277640	0.0008690679701
277641	0.001294380151
277642	0.003298638991
277643	0.001936973974
277644	0.002850311418
277645	0.002304002304
277646	0.001566511965
277647	0.0007626223705
277648	0.004711960457
277649	0.0003864009794
277650	0.0002378498487
277651	0.0003938340729
277652	0.0002115883824
277653	0.001798000294
277654	9.057443011e-05
277655	0.003050146858
277656	0.0005802905826
277657	0.0004988872075
277658	0.0009569494837
277659	0.002107283316
277660	0.002674539922
277661	0.001473705525
277662	0.0008019618348
277663	0.001503283585
277664	0.001156807192
277665	0.002633467655
277666	0.0006733053741
277667	0.001824550479
277668	0.0005818414241
277669	0.002708903668
277670	0.001643978643
277671	0.0008925895699
277672	0.001456592204
277673	0.001013285684
277674	0.0007873773004
277675	0.0001222471488
277676	0.0009267698501
277677	0.0007941265804
277678	0.001608740883
277679	0.001892809985
277680	0.001960548347
277681	5.200197104e-05
277682	0.001183582387
277683	0.0003071879942
277684	0.002502938212
277685	0.001212861158
277686	0.001399568621
277687	0.0005909663038
277688	9.488257508e-06
277689	0.0002692978929
277690	0.002448950917
277691	0.0004158333516
277692	0.0004373436434
277693	0.001141740068
277694	0.001520860156
277695	0.0029981897
277696	0.000640592478
277697	0.000859865342
277698	0.00218861299
277699	0.004969191728
277700	0.0009876182446
277701	0.002346445617
277702	0.0009175702668
277703	0.0011478223
277704	0.0007657256002
277705	0.0003956860925
277706	0.001773235479
277707	0.0003886272051
277708	0.0003154898215
277709	0.0007600637739
277710	0.002893473386
277711	0.002724812268
277712	0.003166390541
277713	0.0004446641322
277714	0.003202520954
277715	0.0009380921235
277716	0.0002928646562
277717	0.001592711259
277718	0.002341540775
277719	0.0007642247684
277720	0.0004508284113
277721	0.0002781873673
277722	0.001855496594
277723	0.003612918479
277724	0.003242111627
277725	9.790039872e-06
277726	0.004795713438
277727	0.001557414376
277728	0.001146334624
277729	0.001743984121
277730	0.0008254902706
277731	0.003440920937
277732	9.890448366e-05
277733	0.00107256879
277734	0.002904885234
277735	0.002284296048
277736	0.0006183504407
277737	0.001682691704
277738	0.0001382319819
277739	0.0006436330493
277740	0.001452127814
277741	0.002852327376
277742	0.00149082474
277743	0.0006976288013
277744	0.0009339368662
277745	0.0005399448728
277746	0.0002048156813
277747	6.950799428e-05
277748	0.0004614169379
277749	0.0008724090951
277750	0.0005130419718
277751	0.0003603826962
277752	0.0001554856841
277753	0.0007709039227
277754	0.0008307845054
277755	0.001363768936
277756	0.001799869562
277757	0.002951914754
277758	0.0002912842631
277759	4.903468176e-05
277760	0.0001483508021
277761	0.0009207962056
277762	0.0003105484326
277763	0.002223562544
277764	0.001970266552
277765	0.003837826472
277766	0.002139820343
277767	0.0008114097394
277768	0.0007034920538
277769	0.0003774508688
277770	0.005129275665
277771	0.001747744119
277772	0.004386609031
277773	0.003223660707
277774	0.00109132322
277775	0.003930954916
277776	0.0007527808499
277777	0.000866429699
277778	0.0002684556307
277779	0.0009076925295
277780	0.004514034571
277781	0.0011951898
277782	0.001445617337
277783	0.000444919321
277784	0.0004878173288
277785	0.001077514073
277786	0.0003596517375
277787	0.0001653568884
277788	0.002375643033
277789	0.001895211398
277790	0.00374630432
277791	0.001740586471
277792	0.0001655253492
277793	0.001981319825
277794	0.0008317682652
277795	0.003585387297
277796	0.002478162797
277797	0.0003486870936
277798	0.0001935668508
277799	0.005274649601
277800	0.0007694186126
277801	0.002003578053
277802	0.0001847216288
277803	0.001276664668
277804	0.00084222991
277805	0
277806	0.001323891128
277807	0.002595466906
277808	0.0006195374257
277809	0.000113123121
277810	0.0005497088526
277811	0.0002196182198
277812	0.00297533175
277813	0.001188842672
277814	0.000279473131
277815	0.0009302428295
277816	0.0001565579053
277817	0.001254930942
277818	0.001330064878
277819	0.00312739923
277820	0.0008209889178
277821	0.003903051706
277822	0.004230324799
277823	0.002490210362
277824	0.0007020197785
277825	0.0008071936163
277826	0.0001707418539
277827	0.003928707907
277828	0.0002430283406
277829	0.003484151478
277830	0.003733131486
277831	0.0002453102053
277832	0.002380294335
277833	0.001734941689
277834	0.00203818976
277835	0.00241428907
277836	0.001866742443
277837	0.001220477998
277838	0.0001135214714
277839	0.001160171725
277840	0.001167899907
277841	0.0004443909921
277842	0.0022945638
277843	0.001275267546
277844	0.0006109204614
277845	0.003246083412
277846	0.002064944137
277847	0.0001991362949
277848	0.003727945294
277849	0.001464803747
277850	0.0001509392782
277851	0.0003721440794
277852	0.00227471571
277853	0.002889212946
277854	0.0002742652113
277855	0.002302196252
277856	0.0003275194997
277857	0.003332821532
277858	0.0008077617666
277859	0.001623908952
277860	9.004335872e-05
277861	0.001109347773
277862	0.0005849606362
277863	0.00427184896
277864	0.0004746952585
277865	0.002099527676
277866	0.002439113209
277867	0.00185755682
277868	0.003766461646
277869	0.0005545711335
277870	0.000894109711
277871	0.0008378449532
277872	5.5285995e-05
277873	0.0004482194229
277874	0.003443186781
277875	0.002535940204
277876	0.0006381698094
277877	0.001873276468
277878	0.001359180467
277879	0.001379368946
277880	0.0002939343199
277881	0.001101285339
277882	0.0001541579606
277883	0.001244754367
277884	0.0005336356912
277885	0.001150755636
277886	0.0009618929949
277887	0.001850822501
277888	0.001635247227
277889	0.003064032436
277890	0.001549484344
277891	0.001127907341
277892	0.002231713944
277893	0.002415189069
277894	5.572424283e-05
277895	0.00284399442
277896	0.004698937075
277897	0.0004910291388
277898	0.001236090487
277899	0.0002529123555
277900	0.002241186616
277901	0.000311908969
277902	0.0008285977313
277903	0.001314816881
277904	0.002363434545
277905	0.001725300064
277906	0.00249183283
277907	0.0004729697219
277908	0.004464825881
277909	0.001123125834
277910	0.0005349507659
277911	0.002504212925
277912	0.000103992195
277913	0.001321241084
277914	0.001355847841
277915	0.0009392445134
277916	0.005030729011
277917	0.002836199539
277918	0.001412497639
277919	0.002379826363
277920	0.001147770306
277921	0.001568919424
277922	0.0001537033313
277923	0.002014861959
277924	0.0005631569555
277925	0.001585230042
277926	0.0008186843677
277927	0.001257508493
277928	0.001893088002
277929	0.0009656304491
277930	0.001133296769
277931	0.0003258564883
277932	0.000528711822
277933	0.001998923963
277934	0.002678670362
277935	0.001565490594
277936	0.0006297266133
277937	0.0002515809074
277938	0.000928796556
277939	0.001746032386
277940	0.001691119012
277941	0.001939289866
277942	0.0003981887398
277943	0.003720047315
277944	0.0007189389607
277945	0.001638270918
277946	0.001401830772
277947	4.129003803e-05
277948	0.002130104996
277949	0.0009541142362
277950	0.0002146134621
277951	0.00207566265
277952	0.001842686373
277953	0.001368046216
277954	0.0008832738497
277955	0.0004625048035
277956	0.0009626976087
277957	0.0004413535266
277958	0.001237108214
277959	0.0005546381545
277960	0.001099196802
277961	0.0005136928753
277962	0.0005469598132
277963	0.0003380323494
277964	0.0005700375404
277965	0.0003544828535
277966	0.0004973991455
277967	0.0004187016275
277968	0.002784930266
277969	0.0007235753682
277970	2.45106971e-05
277971	6.902241533e-05
277972	0.000429692048
277973	0
277974	0.00176076895
277975	0.0001902236552
277976	0.001455099618
277977	0.0002666270142
277978	0.0007906317075
277979	4.06436176e-05
277980	0.002013095155
277981	0.001080838262
277982	0.002682034519
277983	0.0007968213951
277984	0.001417984161
277985	0.0007204951761
277986	0.0007933150948
277987	0.0003190964552
277988	0.001128198242
277989	0.002591399615
277990	0.001782850786
277991	0.002358840444
277992	0.000563346088
277993	0.001582714343
277994	0.0007531602278
277995	0.004129916286
277996	0.0005474439432
277997	0.002328216272
277998	0.004118665924
277999	0.002122361601
278000	0.001121644614
278001	0.001130811729
278002	0.002957257662
278003	0.001989677085
278004	0.0002040829243
278005	0.001355514516
278006	0.001350171229
278007	0.001327935125
278008	0.0008676150214
278009	0.0006244797866
278010	9.483932201e-05
278011	0.001105974105
278012	0.0006051935795
278013	0.002766560183
278014	0.001980810668
278015	0.001441696305
278016	0.001765340211
278017	0.00179967718
278018	0.003618747978
278019	0.001920085708
278020	0.0003586523883
278021	0.00189440416
278022	0.0005317974861
278023	0.0005851775512
278024	0.0005463521267
278025	0.001017345181
278026	0.0004863832429
278027	3.755636281e-05
278028	0.000702868292
278029	0.001666882014
278030	0.001689109283
278031	0.001683839272
278032	0.002223940158
278033	0.0001830574323
278034	0.001889274934
278035	0.0006450914417
278036	0.003138814218
278037	0.000156710271
278038	0.0002160647029
278039	0.001739945207
278040	0.001383949887
278041	0.001370126905
278042	0.001067496198
278043	0.001856986465
278044	0.002919905251
278045	0.002506299615
278046	0.0008552754208
278047	0.0002406618472
278048	0.003003198597
278049	0.003536843794
278050	0.0007838817003
278051	0.001493765164
278052	0.00100928912
278053	0.0005233948744
278054	0.0005949685861
278055	0.001194723005
278056	0.002098555366
278057	0.0004427046245
278058	0.0004923171143
278059	0.001387134981
278060	0.00081312211
278061	0.0006523777079
278062	0.0002335348026
278063	0.003023518038
278064	0.0002742612866
278065	0.0004993204855
278066	0.002060811525
278067	0.0007156860842
278068	0.0004349479705
278069	0.001343434451
278070	0.0003074676324
278071	0.0006246498354
278072	0.002633608672
278073	0.0002564506492
278074	0.001088732884
278075	0.002768892712
278076	0.0002127118539
278077	0.0004495520238
278078	0.0009804487815
278079	0.0002347523004
278080	0.0003259364261
278081	0.001167149248
278082	0.00260626379
278083	0.0002816996987
278084	0.002134752135
278085	0.001457125567
278086	0.00107170462
278087	0.001579125388
278088	0.001835266594
278089	0.0007927151337
278090	0.001777184446
278091	0.0001063988487
278092	0.001673371259
278093	0.0008194466803
278094	0.001232734481
278095	0.0006014949982
278096	0.002576250552
278097	0.0005746080702
278098	0.001579884577
278099	0.0007546340089
278100	0.00163868239
278101	0.0004195671177
278102	0.001405212436
278103	0.0005185515933
278104	0.001546326256
278105	0.0002334523716
278106	0.001603124752
278107	0.002112388828
278108	0.001362483126
278109	0.001179320246
278110	0.001016011449
278111	0.00173033335
278112	0.0008610266789
278113	0.0005828875519
278114	0.0002350282292
278115	0.002741214892
278116	0.003990552177
278117	0.00070160866
278118	0.00137114968
278119	0.004110552058
278120	0.001892625152
278121	0.002720226244
278122	0.0004254574451
278123	0.0003931281313
278124	0.002924909402
278125	0.0003251385449
278126	0.002901652863
278127	0.001006699893
278128	0.001053225028
278129	0.001639596261
278130	0.0003616512086
278131	0.0002718745332
278132	0.002170034766
278133	0.004123724319
278134	0.0008791876667
278135	0.0005948548028
278136	0.0005828579628
278137	0.0008960378889
278138	0.0004235964109
278139	0.001652178779
278140	0.001375258156
278141	0.001413382074
278142	0.001760222722
278143	0.0001585010953
278144	0.0002523979819
278145	0.001898600795
278146	0.0008623360416
278147	9.44769659e-05
278148	0.001344207271
278149	0.001166345815
278150	0.002790812697
278151	0.0007029391489
278152	0.0008688929437
278153	0.006469293397
278154	0.003617366089
278155	0.0007225321516
278156	0.0005117375791
278157	0.000323889783
278158	0.0003582175151
278159	3.075761359e-05
278160	0.0005666021204
278161	0.000652485892
278162	0.000816669212
278163	0.0009654917202
278164	0.002141358056
278165	0.0001861695399
278166	0.0004998861514
278167	0.0003620498089
278168	7.439547102e-06
278169	0.0001850359066
278170	0.00224544909
278171	0.001814711789
278172	0.00360765559
278173	0.001513577824
278174	0.0006347617581
278175	0.00526945661
278176	0.001579518704
278177	0.00402144893
278178	0.0005949050344
278179	0.002343802016
278180	0.0005716063095
278181	0.001088643838
278182	0.002103151517
278183	0.0001352931059
278184	0.0002603573972
278185	0.0006989946381
278186	0.0005319198619
278187	0.0004223124104
278188	0.0004818729918
278189	0.000685624664
278190	0.001614469608
278191	0.0006229085422
278192	0.001219594839
278193	0.000414708848
278194	0.001202644096
278195	0.0004011144722
278196	0.0002964544553
278197	0.003158203383
278198	0.001474780691
278199	0.0003286376296
278200	0.0007031174587
278201	0.0001907621732
278202	0.0003177852269
278203	0.0009289639091
278204	0.0008770013239
278205	0.003551125001
278206	0.001030347119
278207	0.000152642399
278208	0.001385561188
278209	0.001878621205
278210	0.0005188021627
278211	0.002453138643
278212	0.0006881877006
278213	0.001715110174
278214	0.003139261291
278215	0.0004592641988
278216	0.0006645459322
278217	0.00296314254
278218	0.001108940601
278219	0.000482490758
278220	0.0009618370703
278221	0.002360409261
278222	0.0007921932683
278223	0.001926042719
278224	0.0009023436878
278225	0.000915020221
278226	0.0009132804564
278227	0.0001129154035
278228	0.0003125728488
278229	0.001598838681
278230	0.001790808292
278231	0.0009780127524
278232	5.552792238e-05
278233	0.0004880811065
278234	0.0004758741029
278235	8.514830622e-05
278236	0.001600322721
278237	0.0007722944218
278238	0.0005693227663
278239	0.001021288009
278240	0.0007358784251
278241	0.0002113709371
278242	0.000187990278
278243	0.001507662511
278244	0.0004818349459
278245	0.002521083969
278246	0.0005435935882
278247	0.002177725366
278248	0.001824867043
278249	0.0002995571167
278250	0.0001162939271
278251	0.002298065952
278252	0.0002016548756
278253	0.001805739442
278254	0.00268888939
278255	0.002006143345
278256	0.0004509113197
278257	0.001406662873
278258	0.0002564205732
278259	0.00386065585
278260	0.0003036360345
278261	0.002849356954
278262	0.0008130886097
278263	0.002074423374
278264	0.002786898109
278265	0.002247202899
278266	0.001616164439
278267	0.002240341991
278268	0.002237428256
278269	0.0003572155806
278270	0.002149047975
278271	0.0004616789131
278272	0.002177214581
278273	0.0007506308488
278274	0.00142041463
278275	0.0009801043812
278276	8.931183795e-05
278277	0.002483987326
278278	0.001564125708
278279	0.00219456012
278280	0.0002397657126
278281	0.0002345970503
278282	0.0004938539773
278283	0.001016823638
278284	0.00158891148
278285	0.001403383839
278286	0.000919229935
278287	0.001481923354
278288	0.002045366293
278289	0.000671916139
278290	0.001549378043
278291	0.001864165135
278292	0.002627802667
278293	0.00267987084
278294	0.002416842103
278295	0.0002535488698
278296	0.004977336291
278297	0.001651274493
278298	0.001645489392
278299	0.0007599544139
278300	9.762350922e-05
278301	0.001182111786
278302	0.001268349508
278303	0.001250131868
278304	0.0001863238915
278305	0.0007033700398
278306	0.0001720763779
278307	0.002093959764
278308	0.0008357205315
278309	0.0006857254739
278310	0.000767492516
278311	0.002191356796
278312	0.002795529824
278313	0.001860087508
278314	0.002501944784
278315	2.12329937e-05
278316	0.002373632752
278317	0.00394907578
278318	0.005177951866
278319	0.002129275706
278320	0.001038177898
278321	0.002038719194
278322	0.002603450495
278323	0.0004776391465
278324	0.002033724309
278325	0.001231351256
278326	0.001536144507
278327	0.001000096096
278328	0.001034357683
278329	0.000790652215
278330	0.0007311778253
278331	0.001683897683
278332	0.0002509236742
278333	0.004893393107
278334	0.001665482257
278335	0.002623529957
278336	0.0009566295047
278337	0.002412784633
278338	0.0002399770164
278339	0.00181183689
278340	0.002616932287
278341	0.0007427417109
278342	0.004514826814
278343	0.002097009263
278344	0.0009317580043
278345	0.0004080681919
278346	0.001637479251
278347	0.002389955505
278348	0.001026756049
278349	0.003180952189
278350	0.0004096485522
278351	0.003196405951
278352	0.003564689509
278353	0.003462293385
278354	0.003052016952
278355	0.001323327678
278356	0.001517978946
278357	0.0008349914712
278358	0.0006754015747
278359	0.0009134386504
278360	0.001870936047
278361	0.001162953357
278362	0.0009618474059
278363	0.0004145074097
278364	6.372218645e-06
278365	0.0003494217608
278366	0.0004131089565
278367	0.0009519397561
278368	0.0004093834358
278369	9.956073581e-05
278370	0.002424005497
278371	0.002032713611
278372	0.003201830243
278373	0.002146229876
278374	0.001052969376
278375	0.0001121352336
278376	0.004659274665
278377	0.0003864152168
278378	0.0007956032598
278379	0.000303860928
278380	0.0005614079806
278381	0.0007261085762
278382	0.0007145256117
278383	0.0002368732594
278384	6.369296941e-05
278385	0.0009848669425
278386	0.0001693714546
278387	0.0007368974385
278388	0.0002809125134
278389	0.0001940997875
278390	0.0006839226
278391	0.0002118597873
278392	0.0003522731515
278393	0.0004450019188
278394	0.0001429406329
278395	8.721764038e-05
278396	0.0003667881964
278397	0.0002680392272
278398	2.128714033e-05
278399	2.271834168e-07
278400	9.781880844e-05
278401	0.0002276802045
278402	0.0001718729715
278403	0.0006435053289
278404	0.005657827816
278405	0.000485576691
278406	0.002630049818
278407	0.0005703756111
278408	0.004558847049
278409	0.004515072381
278410	0.003630505496
278411	0.005039778389
278412	0.005788009945
278413	0.005171662395
278414	0.0004898652878
278415	0.0006098876987
278416	0.002687184717
278417	0.0002142341027
278418	0.0004350090532
278419	0.002904716113
278420	0.001859555273
278421	6.293611852e-05
278422	0.003146444734
278423	0.0004518929775
278424	0.003048676538
278425	0.001086784797
278426	0.0002968449102
278427	0.001382586926
278428	0.001962670506
278429	1.900147348e-05
278430	0.0007420718739
278431	4.403332811e-05
278432	0.001657363855
278433	0.0003370764935
278434	0.0009450168583
278435	0.000295389593
278436	0.003704871611
278437	0.0004080311033
278438	8.045199793e-05
278439	0.001553930981
278440	0.000750310665
278441	0.003117167715
278442	0.0002819654784
278443	0.0002094654403
278444	0.0008330302844
278445	0.001827910589
278446	0.002607021902
278447	0.0002870003768
278448	0.002694804994
278449	0.002172753819
278450	0.001176143568
278451	0.002217926405
278452	6.579182514e-05
278453	0.001491692157
278454	0.0001514100824
278455	0.0005524377907
278456	0.0005358433506
278457	0.0001627384953
278458	0.0001425835893
278459	0.001346257938
278460	0.00189006848
278461	0.002076790679
278462	2.492754304e-05
278463	0.001487856237
278464	0.000488303065
278465	0.0005771754361
278466	0.00028690764
278467	0.001401299005
278468	0.0007978328757
278469	0.0001732240349
278470	0.0002902047056
278471	0.0002529411395
278472	0.000560866729
278473	0.0007360716591
278474	0.001010955014
278475	0.001367097693
278476	0.001215629337
278477	0.0007431908916
278478	0.0003736898654
278479	0.001342393075
278480	0.0002239451585
278481	0.001914601115
278482	0.0006012981864
278483	0.002281875532
278484	0.001158512149
278485	0.001558413945
278486	0.0008888636386
278487	0.0004887377891
278488	0.0006531940973
278489	0.0004675622004
278490	0.000390983064
278491	0.002738759279
278492	0.002376679942
278493	0.001932135623
278494	0.0006883644581
278495	0.002241758133
278496	0.004828422808
278497	0.000729789174
278498	0.004885258895
278499	0.0003425461016
278500	0.003878868704
278501	0.003263158414
278502	0.00105332723
278503	0.0002979998828
278504	0.001914401844
278505	0.0002543752186
278506	0.0003020006942
278507	3.004480564e-05
278508	0.001609917189
278509	0.0005898246703
278510	0.001400642334
278511	0.0001749627731
278512	0.0004102345655
278513	0.001795214383
278514	0.0003983111507
278515	0.002741702912
278516	0.00175398898
278517	0.003123637556
278518	6.979169162e-05
278519	0.0002325790597
278520	0.00311482959
278521	0.001128537615
278522	0.001844649205
278523	0.002968488286
278524	0.001591694209
278525	0.003755415564
278526	0.0005511847754
278527	0.00407599471
278528	0.001634419689
278529	0.00334489377
278530	0.00274609306
278531	0.0003472691963
278532	7.398322945e-06
278533	0.002093718211
278534	0.0003292238245
278535	0.0003878886823
278536	0.00221320305
278537	0.0008542883837
278538	0.0009775523681
278539	0.001565364244
278540	0.0008332901977
278541	0.0009058238994
278542	0.002151508507
278543	0.000192545745
278544	1.827698631e-05
278545	0.00146530702
278546	0.002628092546
278547	0.0005263750449
278548	0.001746361111
278549	0.0003990206226
278550	0.001587469854
278551	0.001186220001
278552	0.002516235522
278553	0.001002673538
278554	0.0009112987398
278555	2.934578637e-05
278556	0.0004297584266
278557	0.001630621298
278558	0.002443283181
278559	0.002800521069
278560	0.001783327404
278561	0.001079121168
278562	0.0007237260396
278563	0.004441329264
278564	0.001565815697
278565	0.003251073451
278566	0.0005300946579
278567	0.004871005497
278568	0.002662133435
278569	0.001651053236
278570	0.00109342846
278571	0.002877010387
278572	0.0009814588421
278573	0.0005843454176
278574	0.001226198994
278575	0.0006049302905
278576	0.002990743554
278577	0.0008118642446
278578	0.001761770027
278579	0.002024008833
278580	0.002034769383
278581	0.002214576295
278582	0.0005345765795
278583	0.0005417484076
278584	6.543320472e-05
278585	0.002472849882
278586	0.001782576969
278587	0.003172037032
278588	0.0002146461343
278589	0.0002863739515
278590	0.003610451168
278591	0.003137995693
278592	0.001177006136
278593	0.001909430801
278594	0.0001208493133
278595	0.002429353097
278596	0.0004837118696
278597	0.001185264149
278598	0.0003579594109
278599	0.001744103364
278600	0.0001758707124
278601	0.0007731647062
278602	0.0003520010506
278603	0.0001321960317
278604	0.002715971082
278605	0.00258840303
278606	0.004610484644
278607	0.003121812057
278608	0.001521844034
278609	0.000215383824
278610	2.736814618e-05
278611	0.001823694159
278612	0.002791259308
278613	0.0007115388521
278614	0.000953721785
278615	0.00113954135
278616	0.0005298898904
278617	0.001698627588
278618	0.0009060245799
278619	0.001063071567
278620	0.001107750104
278621	0.001579529383
278622	0.003096835449
278623	0.001671300547
278624	0.000712359077
278625	0.0015134409
278626	0.0004082702407
278627	0.0004616920777
278628	0.001382731317
278629	0.003262723772
278630	0.002403943495
278631	0.000219850181
278632	0.0006706090277
278633	0.0001671198165
278634	0.002581893799
278635	0.002088613965
278636	6.627670804e-05
278637	0.0004756253198
278638	0.003527753786
278639	0.003753993026
278640	4.619729561e-05
278641	0.0004443589969
278642	0.001660222925
278643	0.001793325308
278644	0.001472608716
278645	0.0007007057961
278646	0.0007371914041
278647	0.0009245597539
278648	0.001745540285
278649	0.001102987313
278650	0.003112240689
278651	0.002941264436
278652	0.002150927561
278653	0.0002912011294
278654	0.001912072091
278655	0.001420491638
278656	4.259678365e-05
278657	0.0009190413758
278658	0.000226250161
278659	0.002041898039
278660	0.001282124405
278661	0.00288700288
278662	0.001654124792
278663	0.001555241469
278664	0.002742351936
278665	0.0006557948261
278666	0.00176000021
278667	0.001091460333
278668	9.079316701e-05
278669	0.001025410341
278670	0.0002024641205
278671	4.172893802e-05
278672	0.0003463924908
278673	0.001913617515
278674	0.0004274792461
278675	0.0002629015585
278676	0.0002497378256
278677	0.001385825788
278678	0.0007857533637
278679	0.0004301180591
278680	0.0007168984155
278681	0.0001118991351
278682	0.001063734079
278683	0.001035576882
278684	0.002089461567
278685	0.002191688774
278686	0.001574130309
278687	0.004377830583
278688	0.0007623491902
278689	0.00115598001
278690	0.0007398564277
278691	0.0005280371782
278692	0.001064131297
278693	0.0004729601592
278694	0.001237489138
278695	0.001970296812
278696	0.0006425693012
278697	0.0005479484765
278698	0.0006198285959
278699	5.06457926e-05
278700	0.001093395839
278701	0.001312263093
278702	0.0002686093859
278703	0.0003334147464
278704	0.0004877277129
278705	8.023318421e-05
278706	0.001578213668
278707	0.0002503050118
278708	0.0002718926001
278709	0.001333000486
278710	0.0007675601569
278711	0.001876617199
278712	0.0006479254443
278713	0.0007222444029
278714	0.002617229434
278715	1.457793152e-05
278716	0.0002992881725
278717	4.60293183e-05
278718	0.00143183964
278719	0.001747792993
278720	0.001704332982
278721	0.002118456766
278722	0.001038699368
278723	0.003303175793
278724	0.001805135441
278725	0.002264234985
278726	0.002878767426
278727	0.003411767133
278728	0.0004330645723
278729	0.001218432465
278730	0.0008326775982
278731	0.002831712086
278732	0.00147968546
278733	0.001078021317
278734	0.002103222401
278735	0.0008659831412
278736	0.001075787384
278737	0.001587210202
278738	0.001129516844
278739	0.002277370671
278740	0.0002846694261
278741	0.001419065277
278742	0.0008285537276
278743	0.0007043240392
278744	0.0006738621353
278745	0.002251335356
278746	0.00242454825
278747	0.001292413236
278748	0.001610766188
278749	0.002797522912
278750	0.001540395614
278751	0.002744492529
278752	0.002976256947
278753	0.0001724349457
278754	0.0001852380792
278755	0.001887930329
278756	0.001211828358
278757	0.0006319258835
278758	0.001765687356
278759	0.003303314382
278760	0.002132915926
278761	0.00155710493
278762	0.0008625526823
278763	0.001182148463
278764	0.002217187458
278765	0.0004754829216
278766	0.0005671786465
278767	0.00143655448
278768	0.00314263138
278769	0.0009535916998
278770	0.001691564231
278771	0.0002371198135
278772	0.000306334567
278773	0.0002546044778
278774	0.002323716693
278775	0.003433565292
278776	0.0008427303126
278777	0.001385516811
278778	0.001203797779
278779	0.0001719550739
278780	0.001067999251
278781	0.0002830284452
278782	0.001892798398
278783	0.0003890706885
278784	0.0001370854837
278785	8.201896406e-05
278786	0.004357051588
278787	0.001017450271
278788	0.001195851318
278789	5.987497803e-05
278790	0.002720096137
278791	0.001515966305
278792	0.001145064313
278793	0.0008833028586
278794	0.001080091799
278795	0.00193255977
278796	0.001698376838
278797	7.10671934e-07
278798	0.0005842043221
278799	0.002499751366
278800	0.0008455666468
278801	0.0003790642297
278802	0.002654106727
278803	0.001951808963
278804	0.001427248784
278805	0.005057290064
278806	5.784916014e-05
278807	0.001484648826
278808	0.0004337021689
278809	0.001973591214
278810	0.00196096388
278811	0.001930269709
278812	0.002004015029
278813	0.0007274556307
278814	0.001304390166
278815	8.403512391e-05
278816	0.003738701987
278817	0.0003787431961
278818	0.001561405494
278819	0.002434767002
278820	0.001435090191
278821	0.001459574838
278822	0.001429572037
278823	0.001390005369
278824	0.0004302911336
278825	0.0002306603807
278826	0.0004759232612
278827	0.001177734124
278828	0.0007199072845
278829	0.0009113105697
278830	0.0007452482356
278831	0.001055767202
278832	0.001959501611
278833	0.004026478826
278834	9.264553517e-05
278835	0.005268605671
278836	0.002398342652
278837	0.002911589001
278838	0.0003423472484
278839	0.0005722771088
278840	0.002437179437
278841	0.0002990907695
278842	0.0001251186742
278843	0.004269794362
278844	0.001526200267
278845	0.001092232852
278846	0.001076838535
278847	0.0006509340591
278848	0.002389621578
278849	0.0003429390164
278850	0.0008615109179
278851	0.0004688319676
278852	0.001433416765
278853	0.002906561791
278854	0.003246493733
278855	0.0009774994145
278856	0.001890372067
278857	4.511668129e-05
278858	0.002128826787
278859	0.0004985612276
278860	0.001492992492
278861	0.0008473782909
278862	0.001376163805
278863	0.002188775042
278864	0.002050417436
278865	0.001306461373
278866	0.0001355366399
278867	0.0005691421305
278868	0.0007142861447
278869	0.0003424243388
278870	0.00249669317
278871	0.002249899105
278872	0.001830310298
278873	0.003297921424
278874	0.001751308691
278875	0.002705900779
278876	0.001156039072
278877	0.002509913977
278878	0.0001570890507
278879	0.001112358443
278880	0.005086327251
278881	0.00163766699
278882	0.004928996227
278883	0.0005884686995
278884	0.0002408793886
278885	0.002070335199
278886	0.000625042617
278887	0.001973213738
278888	0.001547107681
278889	6.540231481e-05
278890	0.00172544942
278891	0.0003162272875
278892	4.592686981e-05
278893	0.0003666318419
278894	0.001436019835
278895	0.001532761644
278896	0.0007495718644
278897	0.001361391209
278898	0.0001657202969
278899	0.0009858026703
278900	0.001397998106
278901	0.001362230378
278902	0.000483585912
278903	0.001809340797
278904	0.0007066238383
278905	0.002576797828
278906	0.0005756717328
278907	0.001413114111
278908	0.0001981812102
278909	0.002006132538
278910	0.004913044529
278911	0.001076878418
278912	0.001358518843
278913	0.001179545509
278914	0.000617985531
278915	0.001966741095
278916	0.003968815114
278917	0.0002361233518
278918	0.0008198504504
278919	0.001744042651
278920	0.000769046743
278921	0.004699532206
278922	0.00185790284
278923	0.003238379855
278924	0.002055209378
278925	0.003252377321
278926	0.002674485447
278927	0.004620450092
278928	0.002236470567
278929	0.0008594877341
278930	0.001805032549
278931	0.0006827222977
278932	0.0005097337801
278933	0.00164178424
278934	0.001395871033
278935	0.002262686827
278936	0.001638028466
278937	0.0007482753485
278938	0.004320401672
278939	0.002108987932
278940	0.003599458472
278941	0.002953290353
278942	0.001919344343
278943	0.001306068429
278944	0.0009259472415
278945	0.001665959601
278946	0.0003374976957
278947	0.0001346301672
278948	0.0006172750019
278949	0.0006421779156
278950	0.002317412952
278951	0.000360452646
278952	0.003456524558
278953	0.002268349126
278954	0.0002673754427
278955	0.0004809201951
278956	0.0004248361595
278957	0.0004094322761
278958	0.001050430274
278959	0.0005915174721
278960	0.0008748904027
278961	0.0009645021701
278962	0.0001125088597
278963	0.004712758996
278964	0.001905467136
278965	0.002312213587
278966	0.001428697506
278967	0.005242312639
278968	0.004963632943
278969	0.006454354442
278970	0.004340469584
278971	0.0004139700353
278972	0.003348565194
278973	0.002940410995
278974	0.002726886343
278975	0.002014276845
278976	0.00186173362
278977	0.001210227226
278978	0.0009880500014
278979	0.001398247007
278980	2.528827545e-05
278981	0.0004383129238
278982	0.00262449402
278983	0.001678339857
278984	9.525194214e-05
278985	0.0009806624058
278986	0.002315547639
278987	0.0004736846093
278988	0.0004171031243
278989	0.0004629767885
278990	0.001488174637
278991	0.000149376969
278992	0.002683765097
278993	0.0002146933447
278994	0.001625959137
278995	0.0009425851689
278996	0.001556323006
278997	0.0004526960773
278998	0.000603029664
278999	0.002960740627
279000	0.002947863675
279001	0.002329936503
279002	0.0005044862295
279003	0.0008973753701
279004	0.0003788560419
279005	0.0001053590042
279006	0.001935733487
279007	0.001500813899
279008	0.00214937917
279009	0.0008647936717
279010	0.0003531298998
279011	0.0006162396778
279012	0.001034470781
279013	0.003717382594
279014	0
279015	0.00109069668
279016	0.001270435381
279017	7.029405486e-05
279018	0.002769255022
279019	0.0006177056022
279020	0.000178825033
279021	0.0009171312753
279022	0.00458351361
279023	0.0007464882631
279024	0.001782494448
279025	0.004348593076
279026	0.000562261684
279027	0.001141835747
279028	0.0004423805769
279029	0.0003466067468
279030	0.00137794952
279031	0.001054612419
279032	0.001161508499
279033	4.677668874e-05
279034	0.0001789374419
279035	0.0007315199211
279036	0.0003059260629
279037	0.0002837800052
279038	0.0001926073178
279039	0.0008569046988
279040	0.001173974345
279041	0.0003476834361
279042	0.0005625477871
279043	0.0002853062877
279044	0.0008849898123
279045	0.0003983557057
279046	0.001387594123
279047	0.0009286589266
279048	0.002233320729
279049	0.003350347401
279050	0.0001640099549
279051	0.003547068491
279052	0.0003662653626
279053	0.001265273964
279054	0.0009186319612
279055	0.001175437535
279056	0.001647295786
279057	0.0001730500964
279058	0.001518820283
279059	0.001378273405
279060	0.002551265504
279061	0.002165867637
279062	0.0007397723948
279063	0.000738106673
279064	0.002583943653
279065	0.002665300183
279066	0.001955806735
279067	0.001813430231
279068	8.055705306e-06
279069	0.002137026734
279070	0.001580870148
279071	1.152756863e-06
279072	0.001798085986
279073	0.0002829777771
279074	0.001655590714
279075	0.0006125707036
279076	0.001748084216
279077	0.001390050134
279078	0.001924039376
279079	0.001651075146
279080	0.003008734728
279081	0.0006813397079
279082	0.002423307034
279083	0.0003544292417
279084	0.001103159257
279085	0.002568656126
279086	0.001668106695
279087	0.0005202348153
279088	0.001587065007
279089	0.0005523353609
279090	0.001979556735
279091	4.970209195e-05
279092	0.001817553195
279093	0.0006217358062
279094	0.0004959985035
279095	0.004543960451
279096	0.0004956245409
279097	0.0003689647028
279098	0.001613593665
279099	0.00254980248
279100	0.00242257854
279101	0.002048739722
279102	8.982106167e-05
279103	0.0009515256545
279104	0.001352308581
279105	0.001428164527
279106	0.001651396559
279107	9.234432269e-05
279108	0.004699516871
279109	0.0003628395384
279110	0.001262703835
279111	0.001301658981
279112	0.00163239914
279113	3.762275207e-05
279114	0.001247215419
279115	0.0008695562752
279116	0.0008000300567
279117	0.0003253414206
279118	0.000733296949
279119	0.003081008468
279120	0.0005107296219
279121	0.002978084278
279122	0.0003272279333
279123	0.0007440424241
279124	0.001078597963
279125	0.0008327312529
279126	0.0006338632482
279127	0.0007610471191
279128	0.0009004418152
279129	0.002283787085
279130	0.002097357432
279131	0.001857041812
279132	0.001419192788
279133	0.001154147101
279134	0.001250972855
279135	0.0009154387983
279136	9.876681241e-05
279137	0.001839607432
279138	0.001510523919
279139	0.0009929949505
279140	0.0007982087459
279141	0.001212561866
279142	0.001466164507
279143	0.002439967051
279144	0.002737510798
279145	0.0008530713979
279146	0.001223933284
279147	0.0001710418337
279148	0.002044464048
279149	0.002027986153
279150	0.001193196329
279151	0.001184546416
279152	0.001911395549
279153	0.0001668833849
279154	0.0006412400759
279155	0.001249257366
279156	0.001473750323
279157	0.001461421867
279158	0.0001493656976
279159	0.004105764207
279160	4.624052044e-05
279161	0.001890687417
279162	0.001037169612
279163	0.003167625851
279164	0.002118307513
279165	0.001530185745
279166	0.001219088346
279167	0.003102245334
279168	0.003331754231
279169	0.003153948775
279170	0.004423490474
279171	0.004070234941
279172	0.0009155243208
279173	0.001685585213
279174	0.0003400084832
279175	0.0009107083237
279176	0.001445960032
279177	0.0006122640389
279178	0.00309004036
279179	0.002640595404
279180	0.000839092663
279181	5.525441013e-05
279182	0.000385513094
279183	0.001267760164
279184	0.0004254757539
279185	0.0006027363919
279186	0.0003928193423
279187	0.001374860515
279188	0.0007440277944
279189	0.0001096841664
279190	0.0007186332783
279191	0.0001328065587
279192	0.002225069198
279193	0.0009821927847
279194	0.001233525319
279195	0.0002555976614
279196	0.002788311039
279197	0.001718968894
279198	0.0001619927332
279199	0.001414821538
279200	0.003063679005
279201	0.004214761097
279202	0.0004441207686
279203	0.003378057034
279204	0.0003943394251
279205	0.001886051052
279206	0.001164972097
279207	0.0007122377262
279208	0.001721123212
279209	0.00186123237
279210	0.0006184097524
279211	0.0002623419776
279212	4.480048962e-05
279213	0.0001810787228
279214	0.003911248421
279215	0.002398485345
279216	0.001000355083
279217	3.938096385e-05
279218	0.002247966361
279219	0.0008063211764
279220	0.0002811771128
279221	0.001816504605
279222	0.0005450333207
279223	0.003213167083
279224	0.0004020725097
279225	0.004872624171
279226	0.0005986973576
279227	0.001099256602
279228	2.271834172e-07
279229	0.0002219655921
279230	0.0006231651806
279231	0.0005254735789
279232	0.0009628324578
279233	8.138795801e-05
279234	0.0001207188671
279235	7.801399523e-05
279236	0.0001063403731
279237	0.0007369264382
279238	0.0005250130719
279239	7.728025426e-05
279240	0.001079694286
279241	0.000812572851
279242	0.005684470283
279243	0.0006142988647
279244	0.000353959863
279245	0.001568200321
279246	0.0008649867742
279247	0.001269414825
279248	0.0003223179454
279249	0.000703244466
279250	0.0004996838489
279251	0.001887011266
279252	0.001990605952
279253	0.001449368261
279254	0.001693192321
279255	0.0006245861462
279256	0.002216485867
279257	0.0004317522492
279258	0.0005070665178
279259	0.00116065465
279260	0.0007482169904
279261	0.001961650768
279262	0.0002563058649
279263	0.0009648727132
279264	0.0004024968167
279265	0.001990217997
279266	0.001500053582
279267	0.001127603763
279268	8.410657949e-05
279269	0.0002774083715
279270	0.0005092814693
279271	0.001974384649
279272	0.0008434724406
279273	0.0008876842755
279274	0.002533466327
279275	0.001677240508
279276	0.001904245049
279277	3.500399329e-06
279278	0.002227209231
279279	0.001036170337
279280	0.000418542396
279281	0.001384980423
279282	0.0008320070582
279283	0.001120704723
279284	0.0008009178459
279285	0.002512088439
279286	0.0002701664765
279287	0.001819863035
279288	0.001991416657
279289	3.696295001e-05
279290	0.0004728908647
279291	0.003428129222
279292	0.002191815898
279293	0.002406344769
279294	0.00229000902
279295	0.0007613912372
279296	7.265488764e-05
279297	0.0008423899586
279298	0.00306643978
279299	0.002538129318
279300	0.0009721274139
279301	0.001160628334
279302	0.0002601468046
279303	0.002278593532
279304	3.223745717e-05
279305	0.000163101915
279306	0.000842862483
279307	0.000173569783
279308	0.001334467813
279309	0.002757581941
279310	0.001317347015
279311	0.002870994724
279312	0.001381815433
279313	0.0006662613629
279314	0.002616568493
279315	0.00226849645
279316	0.004316621646
279317	0.00463109639
279318	0.0003740765445
279319	0.002725485075
279320	0.0002476114105
279321	0.00279511125
279322	2.509389768e-05
279323	0.002180686789
279324	0.0008207112178
279325	0.003845243997
279326	0.003605315893
279327	0.003028774297
279328	0.0009091341253
279329	0.003409551001
279330	0.001138036251
279331	0.0007176056355
279332	0.002125821638
279333	0.00327908988
279334	0.001193438697
279335	0.003363273926
279336	0.0002292886293
279337	0.001228619236
279338	0.0007918272968
279339	0.00481548128
279340	0.0005966335274
279341	2.742054651e-05
279342	0.0004858511063
279343	0.001237315115
279344	0.0009279329976
279345	0.001569340181
279346	0.00397283292
279347	1.888488583e-05
279348	3.224857215e-05
279349	0.001245145998
279350	0.001990920112
279351	0.001294867717
279352	0.005128773813
279353	0.0006271197208
279354	0.0008532310901
279355	0.0002188283754
279356	0.0007031530622
279357	0.0009778119523
279358	0.000962435451
279359	0.001485038149
279360	0.005208885067
279361	0.001191029153
279362	0.000485500899
279363	0.00205617513
279364	0.003281921788
279365	0.006209753678
279366	0.006556004563
279367	0.002267215628
279368	0.0001260767456
279369	0.006325671816
279370	0.002619436371
279371	0.003155773586
279372	0.003548178785
279373	0.00126548466
279374	0.001184709368
279375	0.0007421895363
279376	0.001180453262
279377	0.001917315898
279378	0.003854117758
279379	0.0009832867458
279380	0.0004188752731
279381	0.003267457772
279382	0.001741127449
279383	0.0003034864873
279384	0.003298830728
279385	0.002136179543
279386	0.00134663803
279387	0.001398546679
279388	0.002480923647
279389	0.002613703051
279390	0.004828052573
279391	0.001260840052
279392	0.007062642796
279393	0.001506505336
279394	0.002071177939
279395	0.000461942764
279396	0.00393162402
279397	0.0001857516245
279398	0.001972954484
279399	0.005389718627
279400	0.001019582149
279401	0.001099395304
279402	0.001374099091
279403	0.0009352924815
279404	0.002014888512
279405	0.002475347174
279406	0.002402412308
279407	0.001300983165
279408	0.003314423783
279409	0.003749247447
279410	0.0007522295282
279411	0.001886056706
279412	0.0006617677847
279413	0.0009521552124
279414	0.002067036192
279415	0.0008439441337
279416	0.0008753540125
279417	0.001300382367
279418	0.0007766788269
279419	0.001181546235
279420	0.001398065103
279421	0.0008248460721
279422	0.00249786693
279423	0.002089125058
279424	0.0001635253642
279425	0.002886064492
279426	0.0009292609741
279427	0.003197992054
279428	0.000555580097
279429	0.003318888156
279430	0.003027716374
279431	0.001581123539
279432	0.0016240111
279433	0.0004560315523
279434	0.0006055889453
279435	0.003994459979
279436	0.002701210647
279437	0.003148060717
279438	0.001139855664
279439	0.007087696102
279440	0.001859427537
279441	0.001766727429
279442	0.007513740515
279443	0.00510851729
279444	0.0006267502251
279445	0.002549348667
279446	0.002373911644
279447	0.003322727865
279448	0.00526171492
279449	1.023766326e-05
279450	0.001191134039
279451	0.003376082382
279452	0.001317109059
279453	0.001532443915
279454	0.001697949628
279455	5.965196779e-05
279456	0.002595474018
279457	0.004331893236
279458	0.001127656917
279459	0.0003064826323
279460	0.001482129234
279461	0.002983989282
279462	0.00288769881
279463	0.001641755916
279464	0.0008542336688
279465	0.004192730824
279466	0.007301595324
279467	0.005044937506
279468	0.004532730448
279469	0.004451537994
279470	1.509208576e-05
279471	0.0008418552643
279472	0.0004343175026
279473	1.114242197e-05
279474	0.002118159208
279475	0.001080870616
279476	0.00398138996
279477	0.001950672612
279478	0.0007397995991
279479	2.748886486e-05
279480	0.002897085626
279481	0.00190673129
279482	0.002335055876
279483	0.0002306663472
279484	0.0004745532362
279485	0.0009400489531
279486	0.001227460012
279487	0.001307514354
279488	0.00123364025
279489	0.001483103156
279490	0.0001527651539
279491	0.0005484666196
279492	0.005530699833
279493	0.0004373049133
279494	0.0002594748338
279495	0.002267747691
279496	0.001181859419
279497	0.002919382782
279498	0.002575839069
279499	0.0008116753918
279500	0.002793054283
279501	0.002903977565
279502	0.002117958541
279503	0.0002710320827
279504	0.001515052462
279505	0.002611483245
279506	0.0007519401593
279507	0.002569618658
279508	0.0009283212273
279509	0.002501674468
279510	0.0009828891782
279511	0.0003178138826
279512	0.0006563191315
279513	0.0008473691824
279514	0.00128760187
279515	0.000328832716
279516	0.003318192163
279517	0.0001081901612
279518	0.001545139297
279519	0.0007960274234
279520	0.001190326654
279521	0.001310933629
279522	0.0009713450436
279523	9.343191996e-05
279524	0.001412373359
279525	0.0006598668736
279526	0.0003517961153
279527	0.001130453351
279528	0.001538605839
279529	0.001970741187
279530	0.000888753988
279531	3.51020957e-05
279532	0.0009249846897
279533	0.0001603895008
279534	0.001716604384
279535	0.002346017735
279536	0.0004253360822
279537	0.0008912798124
279538	0.002421344015
279539	0.0003495182397
279540	0.001143685034
279541	0.0004359667863
279542	0.0007538412799
279543	0.0002616380798
279544	0.0002096119603
279545	0.001136744728
279546	0.000841403533
279547	0.002795711997
279548	0.000781407384
279549	0.0007835998306
279550	0.001331838303
279551	0.001806488404
279552	0.002173254893
279553	0.000428224682
279554	0.0003017903057
279555	0.0003268159693
279556	0.0027352713
279557	0.003055123457
279558	0.002715175049
279559	0.0009226789352
279560	0.0001333682977
279561	0.0001329593124
279562	0.004448988149
279563	0.00227074026
279564	0.00414323855
279565	0.0004526376702
279566	0.0001299696748
279567	0.0003817292337
279568	0.001148963853
279569	4.256307988e-05
279570	0.001252003
279571	0.002419807563
279572	0.0005961990695
279573	0.001346512468
279574	1.089539484e-05
279575	0.001849620964
279576	1.266536291e-05
279577	0.0007572779244
279578	0.0005886708208
279579	0.002326368585
279580	0.001218212197
279581	0.004172664275
279582	0.000884898722
279583	7.398675656e-05
279584	0.0009204755819
279585	0.0008977314813
279586	0.003713156707
279587	5.935422602e-08
279588	0.00119655904
279589	0.0001829800794
279590	3.989112543e-05
279591	0.004414712634
279592	0.0001398622529
279593	0.004248256446
279594	0.001359041427
279595	0.004172726017
279596	0.001847639058
279597	0.001810338233
279598	0.0001054522319
279599	0.001625227611
279600	0.001015804394
279601	0.001156736331
279602	0.002139374762
279603	0.001627962267
279604	0.001919008477
279605	0.001428124798
279606	0.0001594741457
279607	0.0004024981096
279608	0.0004786931997
279609	0.0001715754447
279610	0.002193575511
279611	0.001438241309
279612	3.898068324e-05
279613	0.002116900616
279614	0.001483978752
279615	0.002643499048
279616	0.0002021843314
279617	0.002663900063
279618	0.0001081605182
279619	0.003589794251
279620	0.0006521554355
279621	0.001170288377
279622	0.003108924824
279623	0.002383736856
279624	0.003116024377
279625	0.001012612652
279626	0.003281327309
279627	0.001566983614
279628	0.000547647786
279629	0.006418630273
279630	0.004008653204
279631	0.007106796438
279632	0.003136147562
279633	0.002063000494
279634	4.65558648e-05
279635	0.0008908622652
279636	0.002383762046
279637	0.0002775127759
279638	0.003575840484
279639	0.002685935246
279640	0.003332188484
279641	0.00579459846
279642	0.001039677688
279643	0.001802962102
279644	0.0001304028368
279645	0.0009830745544
279646	0.002446061843
279647	0.008763030008
279648	0.0005667947756
279649	0.0008839316912
279650	0.001028042685
279651	0.0004341426248
279652	0.002423837469
279653	0.0009524600317
279654	0.002189052756
279655	2.438033054e-06
279656	0.006243724787
279657	0.0003451725459
279658	0.004261751975
279659	0.0006438778298
279660	1.836772891e-05
279661	0.001230684477
279662	6.765354923e-05
279663	0.0005112928451
279664	0.0004302080246
279665	0.0003645802341
279666	0.0005494859728
279667	0.0002818838255
279668	0.0005651608078
279669	0.004832376654
279670	0.001817296392
279671	2.166801715e-05
279672	0.001002935648
279673	0.0007675020646
279674	0.0002159206066
279675	2.121911698e-05
279676	0.0001253009006
279677	0.0004815619855
279678	0.00274489206
279679	0.0006916689967
279680	0.004172094019
279681	5.537503084e-05
279682	0.0008026180874
279683	0.001427317242
279684	0.0009893329997
279685	0.0009965371681
279686	0.001801717268
279687	0.001745212604
279688	0.0008533794132
279689	0.003809073219
279690	0.001201746448
279691	0.002452211446
279692	0.001000204275
279693	0.0005832655433
279694	0.003236502401
279695	0.00191367723
279696	0.002026920363
279697	0.0002392879276
279698	0.006987980165
279699	0.001585460542
279700	0.00161415137
279701	0.001629519787
279702	0.0004975288666
279703	0.0009494028607
279704	0.0005002754702
279705	0.0005300530627
279706	0.0003002833873
279707	0.005029777489
279708	0.003448280183
279709	0.001626503229
279710	0.0008933640145
279711	0.003584839429
279712	0.004639056886
279713	0.004174151726
279714	0.0006629784805
279715	0.002720666155
279716	0.00437737699
279717	0.002883822352
279718	0.0009304067739
279719	0.001832667785
279720	0.004207635047
279721	0.00405996547
279722	0.006762208358
279723	0.001170363807
279724	0.000244694449
279725	0.006548146944
279726	0.0003314378651
279727	0.002906864161
279728	0.0008767949479
279729	0.001344313087
279730	0.0008088721008
279731	0.00525605663
279732	0.001403118616
279733	0.0008074178182
279734	0.002504602995
279735	0.003548340035
279736	3.060179145e-05
279737	0.0004100983333
279738	0.0007112675763
279739	0.003929794644
279740	0.002076012763
279741	5.897072476e-05
279742	0.0008599029114
279743	0.001002367715
279744	0.000802549382
279745	0.002786041584
279746	0.0001441472003
279747	0.004102921821
279748	0.00168895213
279749	0.004614086866
279750	0.0008763592285
279751	0.001949760172
279752	0.001212452558
279753	0.0009776752597
279754	0.00036321139
279755	9.472584e-05
279756	0.003534479464
279757	0.0007466054365
279758	7.887080234e-05
279759	0.001111394231
279760	7.241604317e-05
279761	0.005005219875
279762	0.0008185096157
279763	0.002455365835
279764	0.001291666757
279765	0.001916391346
279766	0.004312207559
279767	0.0009469032689
279768	0.00219144928
279769	0.002166443984
279770	0.002499735043
279771	0.0005060153737
279772	0.004639421723
279773	0.008391946426
279774	0.001204893518
279775	0.004677345015
279776	0.0004765865405
279777	0.001974103375
279778	0.000381487119
279779	0.007378445133
279780	0.005074568816
279781	0.000780343863
279782	0.0005048170766
279783	0.00287932123
279784	0.002868975518
279785	0.001042398788
279786	0.001641956506
279787	0.002205843029
279788	7.022119574e-05
279789	0.001729784428
279790	0.002909421564
279791	0.001084575269
279792	0.003432127318
279793	0.0003674860319
279794	0.004319952563
279795	0.001046108016
279796	0.00107262757
279797	0.005898600809
279798	0.00123650358
279799	0.004200397662
279800	0.002063924799
279801	0.002301417006
279802	0.002579076531
279803	0.005496615381
279804	0.0007556725154
279805	0.0007707710283
279806	0.0008514777866
279807	0.001457942083
279808	0.003947604493
279809	0.004062756452
279810	0.0007480629808
279811	0.003531354336
279812	0.001992554042
279813	0.006059347598
279814	0.0007538354396
279815	0.00501887381
279816	0.0003901413018
279817	0.0008673424085
279818	0.003259363019
279819	0.001486236582
279820	0.003044234976
279821	0.002981961868
279822	0.0005875654141
279823	0.004769660869
279824	0.003767070666
279825	0.002311712497
279826	0.003660813328
279827	0.003354493329
279828	0.0009637430223
279829	5.2524661e-05
279830	0.003237855971
279831	0.005303622144
279832	0.0004222687467
279833	0.004479378493
279834	0.0006618888426
279835	0.0007631706373
279836	0.001608202341
279837	0.001878935126
279838	0.00671485934
279839	0.0006129248663
279840	0.001557592482
279841	0.001154423541
279842	0.003812783228
279843	0.0004704461789
279844	0.0007276171075
279845	0.000755034845
279846	0.002263355034
279847	0.005020772183
279848	0.001677849053
279849	0.001521834313
279850	0
279851	0.001425724448
279852	0.003444407214
279853	0.004657038803
279854	0.000446153822
279855	0.001642399772
279856	0.0005374600623
279857	0.002431121446
279858	0.001410439887
279859	0.001769387555
279860	0.001410301492
279861	0.0009287042902
279862	0.0005931411274
279863	0.0005242766457
279864	0.002001800885
279865	0.000448857023
279866	0.000373905407
279867	0.0005209286874
279868	0.00279687442
279869	0.006466537723
279870	0.001605453438
279871	0.0006033898441
279872	0.004721915241
279873	0.0002849073759
279874	0.0001453969268
279875	0.001871850946
279876	0.001481314293
279877	0.006284589479
279878	0.0009724479252
279879	0.003611251648
279880	0.004840207139
279881	0.0007687314108
279882	0.001720309781
279883	0.0005174142249
279884	0.002583567504
279885	0.00181742724
279886	0.0009842269446
279887	0.00185106282
279888	0.003229548669
279889	0.0004664077208
279890	0.004948011791
279891	0.002340964896
279892	0.002426627035
279893	0.001204890829
279894	0.0001081716192
279895	0.0003580239377
279896	0.002429903646
279897	0.0005850972852
279898	0.0007693556141
279899	0.004140207452
279900	0.003800722282
279901	0.001815119766
279902	0.001602740905
279903	4.836143079e-05
279904	0.001643308094
279905	0.00114990799
279906	0.002803887158
279907	0.001777338071
279908	0.001930600239
279909	0.00398770212
279910	0.002967727095
279911	0.002456174518
279912	0.0008452114439
279913	0.004772469319
279914	0.002750906712
279915	0.002263474128
279916	0.001741409081
279917	0.0003524485952
279918	7.419639662e-05
279919	0.0002017716734
279920	0.0004215552834
279921	0.000697029591
279922	0.0001359045851
279923	0.0006028676283
279924	2.115575368e-05
279925	0.0001415742456
279926	0.0002648885909
279927	0.001738934337
279928	0.002514591524
279929	0.001716503204
279930	0.003346367394
279931	0.0004066805171
279932	0.000424013894
279933	0.0003525124378
279934	0.0001811426597
279935	0.0005423259313
279936	0.002584176053
279937	0.0008556720274
279938	0.004782842243
279939	0.0003662858979
279940	0.0005571567496
279941	0.001359313471
279942	0.002049674952
279943	1.565723551e-07
279944	0.001853814809
279945	0.0007031294388
279946	0.0003993552217
279947	0.0004714162245
279948	0.0004117259993
279949	0.000288312547
279950	2.083976578e-07
279951	0.0008892520949
279952	0.0004967401235
279953	0.0009740166981
279954	0.002616529268
279955	0.001002224529
279956	0.0008196490063
279957	0.002232466421
279958	0.001622655653
279959	0.002051636403
279960	0.004427865729
279961	0.0002674776619
279962	0.0004695687963
279963	0.003232444068
279964	0.002676847976
279965	0.001986770465
279966	0.001928182116
279967	0.002366152232
279968	0.003393807577
279969	0.002928330643
279970	0.0003897144998
279971	0.004625184636
279972	0.001129048693
279973	0.0003568874455
279974	0.0007768907651
279975	0.005042747859
279976	0.001042539638
279977	0.002825105871
279978	0.002512650201
279979	0.003804872216
279980	0.0006827276997
279981	0.001214865694
279982	0.003693441151
279983	0.002043326646
279984	0.0003706334229
279985	0.001176249253
279986	0.002480244566
279987	0.001740801969
279988	0.002182187978
279989	0.00218990463
279990	0.005399304486
279991	0.003032502681
279992	0.003953528268
279993	0.001672012605
279994	0.001154662124
279995	0.004486216933
279996	0.000340173738
279997	0.000614974637
279998	6.541924373e-06
279999	0.004700721324
280000	0.005226359399
280001	0.002641731687
280002	0.003067329855
280003	0.0005191767039
280004	0.002005936913
280005	0.004862450251
280006	0.002627456497
280007	0.0008147901723
280008	0.001132135514
280009	0.0009127051019
280010	0.005463886906
280011	0.002360512143
280012	0.0053152048
280013	0.001199385157
280014	0.005253494237
280015	0.001288251534
280016	0.003323290955
280017	0.001298633114
280018	0.002343092529
280019	0.001922601141
280020	0.0002579392061
280021	0.001357288442
280022	0.0009697581676
280023	0.007726458844
280024	0.0001350722046
280025	0.005999945048
280026	0.00326968938
280027	0.0009903727221
280028	0.0006026410379
280029	0.001994596411
280030	0.001420978321
280031	0.0009974221962
280032	0.003519683071
280033	0.003095797123
280034	0.003808725724
280035	0.005534648592
280036	0.001511927519
280037	0.001320911694
280038	0.004062362673
280039	0.002394664696
280040	0.001768572152
280041	0.00224771911
280042	0.0006755718458
280043	0.00166363696
280044	0.008739375544
280045	0.0009263955113
280046	0.001966398412
280047	0.008921197823
280048	0.001308790675
280049	0.0006684809886
280050	0.0005130674712
280051	0.0003218556348
280052	0.002245756462
280053	0.00111422828
280054	0.001444153791
280055	0.003593892255
280056	0.004581649403
280057	0.005476596573
280058	0.0002668465461
280059	0.0003621894589
280060	0.005802769433
280061	0.002226167363
280062	0.002449346932
280063	0.0008487773274
280064	9.118985208e-05
280065	0.0005250419428
280066	0.0006690437571
280067	0.0009769823684
280068	0.001517175152
280069	0.001371428649
280070	0.003209890124
280071	0.000917380289
280072	0.0001083617725
280073	0.001468927204
280074	0.003130011018
280075	0.0008287449358
280076	0.0004490647374
280077	0.001806945574
280078	0.005082745283
280079	0.0007900303146
280080	0.002888741435
280081	0.003307040343
280082	0.001157739865
280083	0.003633169182
280084	0.00177087338
280085	0.003665053083
280086	0.006221063703
280087	0.001197382995
280088	0.0002362713395
280089	0.0002545870132
280090	0.001993173619
280091	0.002211581843
280092	0.003928458177
280093	0.003236872209
280094	5.691546524e-05
280095	0.0005132365765
280096	0.005209302691
280097	0.001358272732
280098	0.002702275957
280099	0.006962950796
280100	0.0002635188736
280101	0.0006732683432
280102	0.003938997807
280103	0.002458960333
280104	0.0006362750678
280105	0.006322890317
280106	0.000568145203
280107	0.0002678529876
280108	0.001660246534
280109	0.006143475518
280110	0.002703880879
280111	0.006562699053
280112	0.002267948977
280113	0.002367230089
280114	0.004024465145
280115	0.000475474845
280116	0.002919265943
280117	0.0007277203606
280118	0.002055804935
280119	0.003158962839
280120	0.0009256177456
280121	0.0004007490825
280122	0.003618943841
280123	0.0007517283419
280124	0.001857136887
280125	0.003438984574
280126	3.305542568e-05
280127	0.001461757258
280128	0.001043421564
280129	0.006868114829
280130	0.0003555008727
280131	0.004685301419
280132	0.0001646691748
280133	0.001830614943
280134	0.0006628568994
280135	0.003502832699
280136	0.002728854628
280137	0.002393287202
280138	0.003353529061
280139	0.005212356653
280140	0.0001895818071
280141	0.001402242485
280142	0.00236974662
280143	1.751991233e-05
280144	0.002911339718
280145	0.006280734897
280146	0.001143882875
280147	0.004933265441
280148	0.00197672236
280149	0.002393155981
280150	0.002615459088
280151	0.00125352804
280152	0.001049330537
280153	0.002720944044
280154	0.000764058049
280155	0.005274723508
280156	0.004086123251
280157	0.0007240902393
280158	0.0003591343051
280159	0.002693815966
280160	0.003693077782
280161	0.0006549783908
280162	0.001158177162
280163	0.005976742919
280164	0.0004109538611
280165	0.004915315456
280166	0.000410657105
280167	0.001348810245
280168	0.002434873206
280169	0.00382342928
280170	0.001613040467
280171	0.007433661969
280172	0.0015505994
280173	0.0009792757566
280174	0.001590788069
280175	0.0008195092738
280176	0.001911627886
280177	0.0005773200952
280178	0.008624855083
280179	0.001207215839
280180	0.002797879338
280181	0.001591042549
280182	0.004623045148
280183	0.003592196032
280184	0.002935630647
280185	0.0001445184734
280186	0.005248170029
280187	0.004337133049
280188	0.002660216186
280189	0.0002795974543
280190	0.001769215051
280191	0.0009597424373
280192	0.002933857616
280193	0.004772716855
280194	0.00170614546
280195	0.003975912138
280196	0.001894724909
280197	0.00109543341
280198	0.000239567116
280199	0.002593675198
280200	1.591345583e-05
280201	0.00190663645
280202	0.0006682639095
280203	0.001249971971
280204	0.002513743401
280205	0.0004711262084
280206	0.001228580327
280207	0.0009995643255
280208	0.00071224475
280209	0.003895753059
280210	0.0008301780796
280211	0.0004274895812
280212	0.0001727332908
280213	0.002153727748
280214	5.595998335e-05
280215	0.0001759372739
280216	0.002149929653
280217	0.003034863484
280218	0.002843820258
280219	0.00307324199
280220	0.003036993713
280221	0.005086270306
280222	0.003631997116
280223	0.006117498583
280224	0.0006508130225
280225	0.001408543958
280226	0.006015537849
280227	0.001246000047
280228	0.0007363533215
280229	0.008493766558
280230	0.000110436746
280231	0.004112216513
280232	0.003413455698
280233	0.002380406463
280234	0.003553040649
280235	0.002212032
280236	0.002517809717
280237	0.0007857204513
280238	0.0006041921266
280239	0.003326380102
280240	0.001403515883
280241	0.004381073157
280242	0.0007084031315
280243	0.002099892075
280244	4.931719701e-06
280245	0.002551859585
280246	0.004890351534
280247	0.0007127301215
280248	0.0001419797133
280249	0.0009217357655
280250	0.0007031842752
280251	0.002076628639
280252	0.001835408768
280253	0.001620385511
280254	0.004632612315
280255	0.0009414692465
280256	2.886185457e-05
280257	0.0015859587
280258	0.0004616449951
280259	9.609311765e-05
280260	0.001987157147
280261	0.001236829094
280262	0.003053492444
280263	0.001606743627
280264	0.004613264069
280265	0.004973552381
280266	3.823994937e-06
280267	0.0009827653345
280268	0.001312246813
280269	0.0003459181983
280270	0.0001193562776
280271	0.001603979594
280272	0.005834847384
280273	0.005345600851
280274	0.001512068896
280275	0.005428205324
280276	0.0001691839981
280277	0.0004962591169
280278	0.0009391562599
280279	0.003951807357
280280	0.003999418655
280281	0.0001785594768
280282	0.005368556526
280283	0.0003677230755
280284	0.0008201581957
280285	0.0008915256405
280286	0.003479319328
280287	0.001133201205
280288	0.003312369917
280289	0.005717618511
280290	0.005324897755
280291	0.001119106604
280292	0.001220742884
280293	0.004649512524
280294	0.004529956217
280295	0.002369963958
280296	0.000151150374
280297	0.002443050345
280298	0.002301738869
280299	0.002023256764
280300	8.365909045e-05
280301	0.00130786647
280302	0.004304038402
280303	0.006061667287
280304	0.0001610965324
280305	0.005236518703
280306	0.0005278853939
280307	6.339466083e-05
280308	0.001323759341
280309	0.00291170267
280310	0.003144002162
280311	0.0007212876341
280312	0.003047212014
280313	0.001237813957
280314	0.002611415929
280315	0.001463355507
280316	0.005590022826
280317	0.004883767936
280318	0.0009011022499
280319	0.001502037959
280320	0.002122420935
280321	0.008879907938
280322	0.003412956462
280323	0.002674202725
280324	0.0005228863117
280325	0.002606420796
280326	0.001638285046
280327	3.991869095e-05
280328	0.0005098849604
280329	0.0002865641369
280330	0.004308233307
280331	0.0009898609892
280332	0.001525883762
280333	0.002093211216
280334	0.002008064222
280335	0.000956330325
280336	0.00126086037
280337	1.82376964e-05
280338	0.001438378033
280339	0.0005649916001
280340	0.001388556194
280341	0.002090599722
280342	0.00331150375
280343	0.001527593906
280344	0.001595815483
280345	0.00321783602
280346	0.0009587711042
280347	0.001197922984
280348	0.002058667349
280349	0.0004423965503
280350	0.0008859429757
280351	0.0004609868063
280352	0.002128490685
280353	0.0006861109123
280354	0.003208089999
280355	0.00338139677
280356	0.003645619069
280357	0.003838539907
280358	0.001743268973
280359	0.004466938215
280360	0.001630259427
280361	0.002489054202
280362	0.003491906021
280363	0.0008943703661
280364	0.006777690121
280365	0.0002673437587
280366	0.003716207065
280367	0.004390335565
280368	0.0006162154829
280369	0.0003422124902
280370	0.0007186392059
280371	0.001680224427
280372	0.0008997948306
280373	0.005110203957
280374	0.001618756581
280375	0.0001499883139
280376	0.002222026072
280377	0.001400886559
280378	0.001678842598
280379	0.002661410699
280380	0.001197520746
280381	0.004440172971
280382	0.002227351001
280383	0.004104876839
280384	0.002937184575
280385	0.001454992718
280386	0.000544363846
280387	0.002983572496
280388	0.0006718218997
280389	0.004311104908
280390	0.001691026543
280391	0.004614352743
280392	0.001320855624
280393	0.000474986034
280394	0.006183782251
280395	0.000495376571
280396	0.000886585263
280397	0.002264659988
280398	0.005014809844
280399	0.002188466805
280400	0.001426515644
280401	0.002818260044
280402	0.00338045728
280403	0.0002632395707
280404	0.002320769921
280405	0.005180503759
280406	0.0005933381458
280407	0.001387763803
280408	0.004309041545
280409	2.511649655e-05
280410	0.002849341642
280411	0.001147291725
280412	0.003049527547
280413	0.0004319877191
280414	0.002074503588
280415	0.005057572324
280416	0.0005130537634
280417	0.0002516410947
280418	0.001462063359
280419	0.00149634783
280420	0.0005503922631
280421	0.004669535204
280422	0.001329352986
280423	0.0003007452017
280424	0.001206970649
280425	0.0007254851295
280426	0.001026942369
280427	0.003503841662
280428	5.796212916e-05
280429	0.0008756018138
280430	0.0002641776927
280431	5.412192937e-05
280432	0.001630526743
280433	0.001050279911
280434	0.002119150815
280435	0.001146587316
280436	0.004375184958
280437	0.003350945846
280438	0.0003169563388
280439	0.004879861468
280440	0.0008295835256
280441	0.0003387270397
280442	0.0002157738507
280443	0.002500533
280444	0.004783763573
280445	0.002500263389
280446	0.001786281617
280447	0.002754752789
280448	0.00775189263
280449	0.0009156895635
280450	0.003041743005
280451	0.002125340813
280452	0.001113047139
280453	0.0009413393424
280454	1.998111387e-05
280455	0.00215337645
280456	0.005386478882
280457	0.004469649344
280458	0.001574700954
280459	0.005328626044
280460	0.007250486195
280461	0.005012571704
280462	0.005809129378
280463	0.004137334226
280464	0.001430382867
280465	0.0002040281493
280466	0.003506288236
280467	0.001842396581
280468	0.001098422348
280469	0.002250196754
280470	0.004908202502
280471	0.002362661687
280472	0.0007060857503
280473	0.002090844201
280474	0.001336222472
280475	0.002972129731
280476	0.000587001053
280477	0.001387521729
280478	0.0002678556542
280479	0.002336160678
280480	2.901969076e-05
280481	0.003238635214
280482	0.008517424682
280483	0.002191415935
280484	0.002484809514
280485	0.0009613706858
280486	0.001273449408
280487	0.002253806795
280488	0.001891194561
280489	0.0004155484713
280490	0.002542881218
280491	0.0007177166871
280492	0.00268773493
280493	0.003536856384
280494	0.0001654747772
280495	0.001555655108
280496	0.004746234824
280497	0.001662269201
280498	0.0003857785548
280499	0.002800176005
280500	0.000813833456
280501	0.001818183988
280502	0.0008906154148
280503	0.0001563816828
280504	0.0001222812464
280505	0.003300353249
280506	0.001512464027
280507	0.001045656115
280508	0.00325283522
280509	0.0005915662525
280510	0.003239087809
280511	0.003297218137
280512	0.00102596967
280513	0.002149928927
280514	0.001850022816
280515	0.001895413251
280516	0.002759308364
280517	0.002124078764
280518	0.005172145994
280519	0.001751165613
280520	0.00238698674
280521	1.929212113e-05
280522	0.002589558139
280523	0.001116379123
280524	0.0002887531557
280525	0.0007973285441
280526	0.0009502843329
280527	0.000640255831
280528	0.00104422028
280529	0.0007040509317
280530	0.0004932840183
280531	0.0004703094131
280532	0.00177478373
280533	0.0008640600157
280534	0.0008118041588
280535	0.0002827964295
280536	0.0002847651911
280537	0.0002060735568
280538	0.0007001163523
280539	0.001691232498
280540	0.0005457496233
280541	0.001380295802
280542	0.001196787894
280543	0.0004823981056
280544	0.001637543616
280545	0.0003691138601
280546	0.0005025744708
280547	0.001969727368
280548	0.0001151035816
280549	0.0002329497
280550	0.0008528280838
280551	0.001608577585
280552	0.0004337465552
280553	0.0007437283751
280554	0.0003285431019
280555	0.001190858231
280556	0.0005481118578
280557	0.000629563662
280558	6.124548335e-05
280559	0.000404044084
280560	0.0009302586356
280561	8.929148333e-05
280562	0.002696911074
280563	0.0006722780791
280564	0.0002997719691
280565	0.0008723149334
280566	0.0002795099264
280567	0.0007046210049
280568	0.001000625955
280569	0.0005450547999
280570	0.001194051421
280571	0.0006390329104
280572	0.0002569777783
280573	0.001641151996
280574	0.000694413965
280575	3.711338921e-05
280576	0.001015881277
280577	0.0002148842777
280578	0.0008249881557
280579	0.0004612944842
280580	0.0009744948447
280581	0.0008331395847
280582	0.0006586985316
280583	2.940871714e-05
280584	0.00115022726
280585	0.0006781008528
280586	0.0005515469529
280587	0.0001950060013
280588	0.0008204123778
280589	0.0005345757074
280590	0.0007286817305
280591	0.001050648056
280592	0.001055383197
280593	0.00074771901
280594	0.001771804085
280595	0.0009700287126
280596	0.0001473956523
280597	0.001967060003
280598	0.0003386320708
280599	0.0007856648704
280600	0.0004022570845
280601	0.00105034867
280602	0.0001037584324
280603	0.002009238854
280604	0.0007687328383
280605	0.0003413424731
280606	0.001032551001
280607	0.0007465463254
280608	0.0004154887341
280609	0.0001805355709
280610	0.000526311242
280611	0.0004732999342
280612	0.0003409282396
280613	0.00037284857
280614	0.001114980187
280615	0.0007327436756
280616	0.0009457957973
280617	0.0001434887369
280618	0.0001951042662
280619	0.0009860440515
280620	0.000381009451
280621	4.221396457e-05
280622	6.825680398e-05
280623	0.001063364053
280624	0.001275231889
280625	0.001073968091
280626	0.0001413728688
280627	0.0004022382538
280628	0.0007417937883
280629	0.0007711426186
280630	7.116546589e-05
280631	0.000852751687
280632	0.001323366919
280633	0.001777470876
280634	0.0005026246762
280635	0.001240049488
280636	0.0002225614404
280637	0.0009193849595
280638	0.0001625733846
280639	0.0002133138058
280640	0.001055334496
280641	0.0009013223
280642	0.0004963217965
280643	0.0004292431739
280644	0.0004816032102
280645	0.0003267814225
280646	0.001619873216
280647	0.001985420129
280648	0.0008148420477
280649	0.0009120764993
280650	0.0008584027264
280651	0.000191548256
280652	0.0004389626622
280653	0.001828359799
280654	0.001593464751
280655	4.842027766e-05
280656	0.0005305020892
280657	7.646776888e-05
280658	0.001931922299
280659	0.0003247554166
280660	0.001979172222
280661	0.0003669001779
280662	0.0003332354568
280663	0.0007418415314
280664	0.001155599294
280665	0.000746884915
280666	8.836010629e-05
280667	5.733840611e-05
280668	0.0007358737225
280669	0.000446459842
280670	0.001178964304
280671	0.001117904419
280672	0.0005402488244
280673	2.286099154e-05
280674	0.0005265970763
280675	0.00231572825
280676	0.001067876242
280677	0.0008039637999
280678	0.0005500963402
280679	0.000406032068
280680	0.001325795432
280681	0.000640308383
280682	0.0006059062615
280683	0.0006648954568
280684	0.0001651266071
280685	0.0007016932054
280686	0.0002959941108
280687	0.0006976181092
280688	0.0008385596807
280689	0.0002314311165
280690	0.0006351648345
280691	0.0006660494753
280692	0.001086993261
280693	0.0007689483182
280694	0.0003523905894
280695	0.0006079820169
280696	4.122279071e-05
280697	0.0007483414368
280698	0.0003557694072
280699	0.0006091354665
280700	0.0006870267735
280701	0.0001540356804
280702	0.001021538211
280703	0.0005064704946
280704	4.458649756e-05
280705	0.0007283157683
280706	0.001233771593
280707	0.0006008941738
280708	0.0001493785735
280709	0.001470894735
280710	0.001155327842
280711	0.001884462463
280712	0.0003700637889
280713	0.002059398607
280714	0.0002501768944
280715	0.001204260991
280716	0.0003547394575
280717	0.0007982658605
280718	0.0001781796349
280719	0.001289566485
280720	0.0002883978905
280721	0.0004214467402
280722	0.0003667860751
280723	0.0001207605312
280724	0.0013366081
280725	0.0006140913913
280726	0.0005123377441
280727	0.0001967829796
280728	0.0001556368763
280729	0.001118889675
280730	0.0008577540599
280731	0.0001922702937
280732	0.0007900292902
280733	0.000676332822
280734	0.0004086384734
280735	0.0002191455433
280736	0.0009142366337
280737	0.0008007714326
280738	0.000803558065
280739	0.0009660088462
280740	7.675892213e-05
280741	0.000593220218
280742	0.0004000185267
280743	0.0003215425361
280744	3.741286678e-05
280745	0.0003859734688
280746	0.00134794821
280747	0.0008208378714
280748	0.0003543602573
280749	0.001037057661
280750	2.771914409e-05
280751	0.001308129506
280752	0.0004067884873
280753	0.001218232305
280754	0.000761664248
280755	0.001154607145
280756	0.0006777452113
280757	0.0009089945243
280758	0.001909236188
280759	0.0005362908905
280760	0.0009804931813
280761	0.0007182778898
280762	0.0002426190911
280763	9.476814942e-05
280764	0.000446044277
280765	0.0004728580786
280766	0.001196747103
280767	0.0008152999827
280768	0.0005435694428
280769	0.001171068722
280770	0.0004379693718
280771	0.0002587117905
280772	0.000957425048
280773	0.0009249467119
280774	0.001223498992
280775	1.781174097e-05
280776	0.0005894486595
280777	0.0005075126973
280778	0.0004148922168
280779	0.001074466945
280780	0.0009214266031
280781	6.811726545e-05
280782	0.0004789792443
280783	0.0004443865955
280784	0.0008167442491
280785	0.0001710627883
280786	0.00113079266
280787	0.0002968292768
280788	0.0005459752453
280789	0.0003654768822
280790	0.0003149126108
280791	0.0009463484761
280792	3.713067495e-05
280793	0.0002303115314
280794	0.0008560922278
280795	0.0007818002349
280796	0.001362290862
280797	0.000752166972
280798	0.0001632985238
280799	0.0001166549787
280800	0.000851763809
280801	0.000893805357
280802	0.0009877012504
280803	0.000267793085
280804	0.0005871166455
280805	0.000406207793
280806	0.001578329034
280807	0.0007090264888
280808	0.0005245133843
280809	0.0005642967589
280810	0.002060630419
280811	0.0009605884057
280812	0.0002409204519
280813	0.001168008732
280814	0.000282201851
280815	0.0006487101698
280816	0.0004468879152
280817	0.001444255113
280818	5.257965228e-05
280819	4.185368341e-05
280820	0.0003941962487
280821	0.0005945151957
280822	0.0003456249295
280823	0.00123134834
280824	0.0003386481751
280825	0.0004705151987
280826	0.0006202210468
280827	0.0006120157201
280828	0.0004982348084
280829	8.747275928e-05
280830	0.001265519499
280831	0.0005820672651
280832	0.001447607987
280833	0.0003609968778
280834	0.0002848724548
280835	0.0009496673719
280836	0.0004955794237
280837	3.782628756e-05
280838	0.0003449334417
280839	0.0001799715761
280840	0.0006213737833
280841	0.000196976203
280842	0.0003079264049
280843	0.0004677747158
280844	0.0001828677754
280845	0.0008429583422
280846	0.0009219617662
280847	0.0001373352342
280848	0.0008515641876
280849	0.000775991095
280850	0.0006663350014
280851	0.0005527823796
280852	0.0004943324513
280853	0.0006817128854
280854	0.000686337961
280855	0.0005838890587
280856	0.001419664612
280857	5.636652969e-05
280858	0.005330097447
280859	0.0001016534896
280860	0.0008187449734
280861	0.0005228608523
280862	0.0006950386778
280863	0.0007159164885
280864	0.0007381279878
280865	0.0003550111156
280866	0.0002049651572
280867	0.00168721886
280868	0.001119854509
280869	0.001856501957
280870	0.0007993842915
280871	0.001331052816
280872	0.0004039540325
280873	0.001164856237
280874	0.00165935878
280875	0.0006520939889
280876	0.0003069801791
280877	3.267331486e-05
280878	0.0006434066906
280879	0.0001047826169
280880	0.0005568784623
280881	3.556754519e-05
280882	0.0005316727657
280883	0.00221603023
280884	0.00737848371
280885	0.001838711824
280886	0.008441280043
280887	0.0004220433973
280888	0.003187104712
280889	0.0007282660631
280890	0.001625840323
280891	0.0006056124059
280892	0.002538599445
280893	0.0004894414082
280894	0.001528321365
280895	0.0005750406773
280896	0.001081820333
280897	0.001461021469
280898	0.004661750385
280899	0.003786803806
280900	0.0002082791808
280901	0.000828488775
280902	0.003270883123
280903	0.004804859118
280904	0.004385186564
280905	0.001151344342
280906	0.0002474303619
280907	0.002605780987
280908	0.003065390016
280909	0.0001157243548
280910	5.231524888e-05
280911	0.005181306818
280912	0.004982411494
280913	0.0007943805307
280914	7.553373945e-05
280915	0.003091951388
280916	0.0002698425887
280917	0.0002144287243
280918	0.002510779703
280919	0.0007643006322
280920	0.002152003053
280921	0.002208934567
280922	0.002939336303
280923	0.002709666442
280924	0.0006497449249
280925	0.002251985076
280926	0.0007459448063
280927	0.004428828397
280928	0.0006172420716
280929	0.0006388798872
280930	0.0001112681079
280931	0.003652185851
280932	0.002236135766
280933	0.002143121114
280934	0.002370441958
280935	0.001165107857
280936	0.000928937085
280937	6.017362934e-06
280938	0.001804260135
280939	0.002778673926
280940	0.0007592698449
280941	0.004234554208
280942	0.0003116950736
280943	0.002601515541
280944	0.001099979398
280945	0.001201423724
280946	0.0003876895256
280947	0.001210720947
280948	0.0008356703354
280949	0.002436171763
280950	0.00552486782
280951	0.002404137401
280952	0.001293542187
280953	0.00165301827
280954	0.0001217754457
280955	0.0005171797247
280956	0.0007716056978
280957	0.001646410083
280958	0.000492097883
280959	0.002279671005
280960	0.001498111772
280961	4.353598802e-05
280962	0.004237563006
280963	0.001182178298
280964	0.007131866467
280965	0.0003820581664
280966	0.0006652931154
280967	0.001447358002
280968	0.002661325772
280969	0.0008672618225
280970	0.0001584703936
280971	0.00188154199
280972	0.001626341297
280973	0.00315099988
280974	0.0002862141165
280975	9.08853356e-05
280976	0.002351734807
280977	0.004079022343
280978	0.001209948375
280979	0.00203935376
280980	0.00439716298
280981	0.005119100223
280982	0.001088983132
280983	0.003463238585
280984	0.001529271663
280985	0.005918278202
280986	0.0021413869
280987	0.000673270666
280988	0.006736367023
280989	0.006709079509
280990	0.001645200479
280991	0.002457515751
280992	0.003377862865
280993	0.000497662253
280994	0.00437723055
280995	0.003948673254
280996	0.004520068109
280997	0.0006949464786
280998	0.002758003878
280999	0.0002603927527
281000	0.001240416564
281001	0.001182667471
281002	0.002153116551
281003	0.001653967866
281004	0.005504469602
281005	0.0006367148466
281006	0.001949250463
281007	0.006322863456
281008	0.000805845641
281009	0.002600739262
281010	0.003011093464
281011	0.0002942260356
281012	0.0001607282424
281013	0.0001052523616
281014	0.0006334068639
281015	0.004459677364
281016	0.0001980067558
281017	0.002034491663
281018	0.000558644439
281019	0.0009545384762
281020	0.001696766911
281021	0.002845151436
281022	0.00212666321
281023	0.0004730502198
281024	0.005031826475
281025	0.0005969799967
281026	0.002603218173
281027	0.003556180957
281028	0.0005642492673
281029	0.0008388064524
281030	0.002703869728
281031	0.001264910111
281032	0.000494112063
281033	0.002768453805
281034	0.00317585908
281035	0.006453328557
281036	0.0003649939509
281037	0.001209462241
281038	0.0008846490659
281039	0.001073818151
281040	0.001120181415
281041	0.004237415278
281042	0.0006702161574
281043	0.0008266202937
281044	2.528402876e-05
281045	0.0007064864064
281046	0.0009450306768
281047	0.0005805975863
281048	0.0006245199595
281049	0.0005737883817
281050	0.00199814119
281051	0.001414741745
281052	0.001816819257
281053	0.001815704873
281054	0.0003801319621
281055	0.001222791547
281056	0.0006051580926
281057	0.0005374165254
281058	0.0001371036368
281059	0.001627432532
281060	0.001407180451
281061	0.0006186673042
281062	0.0003799600734
281063	0.0005562382851
281064	0.0005568002832
281065	0.000546641139
281066	3.464889559e-05
281067	0.001263545954
281068	6.701947378e-05
281069	0.0008256196598
281070	0.0004318037969
281071	0.0006859720825
281072	0.003042627689
281073	0.005601870082
281074	0.001239500318
281075	0.0003397735757
281076	0.001796837292
281077	0.0004218867354
281078	6.13381545e-05
281079	0.0003415091253
281080	0.0005262549625
281081	0.0008156194335
281082	0.0003913127906
281083	0.0007171431082
281084	0.00079066896
281085	0.0007601251838
281086	0.0008921049878
281087	0.001032232779
281088	0.00307311626
281089	0.0007448078278
281090	0.000119802789
281091	0.0009634785755
281092	0.0009631430469
281093	0.0009563654593
281094	0.0003884144333
281095	0.002973132182
281096	0.0003870051166
281097	0.0001719824555
281098	0.001117161584
281099	0.0007700126162
281100	6.510813331e-07
281101	0.0003676063191
281102	0.0004583178207
281103	0.000180141766
281104	0.0004214465017
281105	0.0001273708864
281106	0.0008996696246
281107	0.001332225376
281108	0.0005870086436
281109	0.0005926738679
281110	0.0002342252972
281111	1.459894947e-05
281112	0.001614981883
281113	0.002323536357
281114	0.000595469846
281115	0.003119841634
281116	0.001113363741
281117	0.0001439568526
281118	0.0005852506926
281119	0.0004411097861
281120	0.0006204698186
281121	0.0002215650012
281122	0.0009132927254
281123	0.000223828365
281124	0.0006709679603
281125	0.0007243783236
281126	0.001942344372
281127	0.0004054807637
281128	0.0006518041315
281129	0.002378515933
281130	0.001556852886
281131	0.001025050266
281132	0.0009803940033
281133	0.00219489977
281134	0.0006915692018
281135	0.005647163928
281136	0.0002259992107
281137	0.0007013361031
281138	0.001249378844
281139	0.001076260223
281140	0.00264071475
281141	0.0003654507568
281142	0.001516916956
281143	0.00134118673
281144	0.0008365773345
281145	0.000392176921
281146	0.002099093715
281147	0.001008505287
281148	0.001871560817
281149	0.001518830073
281150	0.0003834359429
281151	0.0008681579577
281152	0.0007986160467
281153	4.495513338e-05
281154	0.0008554559745
281155	0.0002376276777
281156	0.0007726682091
281157	0.001946049948
281158	0.002561739775
281159	0.0001104555105
281160	0.000488230732
281161	0.0008843282399
281162	0.0001740303903
281163	0.0001285735977
281164	0.0004608877487
281165	0.001380036335
281166	0.000407397463
281167	6.769862099e-05
281168	0.003030918275
281169	0.0007052253971
281170	0.0006786123701
281171	0.001146733688
281172	0.0001824280327
281173	0.0007571713866
281174	0.0009235925164
281175	0.0005806245414
281176	0.0008564782709
281177	0.0006126638522
281178	0.001236526334
281179	0.0008794051239
281180	0.001338011143
281181	0.0002723343454
281182	0.0002014984659
281183	0.0005153532692
281184	0.0002817023328
281185	0.0005174643955
281186	0.001774854035
281187	0.001427672813
281188	0.0002126871081
281189	0.0002866497329
281190	0.0003467019715
281191	6.089495902e-05
281192	0.0005009910119
281193	0.0005264502306
281194	0.0005889111921
281195	0.0007596991848
281196	0.000678944333
281197	0.001577033388
281198	0.001680975457
281199	0.0001170955515
281200	0.0002447382214
281201	0.0001015237792
281202	0.002267689065
281203	0.002270751055
281204	0.001411761871
281205	0.002174592669
281206	0.004799784202
281207	0.0007328665022
281208	0.0005206638891
281209	0.003445856411
281210	0.001178066334
281211	0.000729555028
281212	0.0005289531248
281213	0.001266803307
281214	0.005237314961
281215	0.002294801339
281216	0.001261730491
281217	0.003454624216
281218	0.0003859876033
281219	0.001673933548
281220	0.000651048867
281221	0.000490466046
281222	0.0008446661295
281223	0.0005484663983
281224	0.0007632569349
281225	0.003460955289
281226	0.003382899526
281227	0.0007925898133
281228	0.0001131503233
281229	0.0003360932633
281230	0.004172561931
281231	0.0009711572472
281232	0.00189388892
281233	0.0003619294601
281234	0.004932059219
281235	0.003826630803
281236	0.0004722902619
281237	0.000336634374
281238	0.001272503716
281239	0.0002358625533
281240	0.007331219756
281241	0.001518399616
281242	0.006902802504
281243	0.0005108907017
281244	0.0009785688308
281245	0.00370126191
281246	0.001891464827
281247	0.0007288147507
281248	0.001488637705
281249	0.0004408216813
281250	0.0008981010345
281251	0.002794496928
281252	2.712057031e-05
281253	0.00271334854
281254	0.001323946387
281255	0.003753445898
281256	0.001106154054
281257	0.005118684561
281258	0.001286837632
281259	0.002029098358
281260	0.002485612581
281261	0.00221939698
281262	0.0003692285792
281263	0.000801812836
281264	0.002042425546
281265	0.006078445794
281266	0.000696397098
281267	0.002855553285
281268	0.0011737826
281269	0.002439612396
281270	0.001334188311
281271	0.0002677447494
281272	1.776635721e-06
281273	4.7082569e-07
281274	2.810013261e-06
281275	3.877923953e-06
281276	1.630140911e-06
281277	9.799270595e-07
281278	3.57095832e-06
281279	9.809187413e-07
281280	1.798518331e-06
281281	1.665034671e-06
281282	1.874433541e-08
281283	1.020077176e-05
281284	1.406064088e-06
281285	1.355118383e-06
281286	1.096108819e-06
281287	2.464223713e-07
281288	3.420416416e-06
281289	2.271320062e-06
281290	2.530583022e-06
281291	7.018888186e-06
281292	2.029607567e-06
281293	2.827960848e-06
281294	1.130476276e-06
281295	1.231624553e-06
281296	2.448483666e-07
281297	0.0001926236398
281298	0.003263796834
281299	6.114990763e-05
281300	0.002335038879
281301	0.0004657998778
281302	0.001926462015
281303	0.003748963421
281304	0.001886131851
281305	0.004189284365
281306	0.00164516715
281307	0.004691615581
281308	0.002316932056
281309	0.00205417132
281310	0.003185671441
281311	0.001095573388
281312	0.0001162185759
281313	0.003391133535
281314	0.0003270394498
281315	0.001557153007
281316	0.005783846243
281317	0.0004981240158
281318	0.00196925598
281319	0.002482533607
281320	0.0014580486
281321	0.0004746799755
281322	0.0011564656
281323	0.001131508526
281324	0.002700790192
281325	0.002171964397
281326	0.0009976087511
281327	0.003889510367
281328	0.0005329229181
281329	0.0004209478664
281330	8.154104196e-06
281331	0.002204222896
281332	0.002092435422
281333	0.002669916783
281334	0.001516324698
281335	0.002814388041
281336	0.002661100101
281337	0.0009845481339
281338	0.006446243191
281339	0.001108907098
281340	0.0006503744537
281341	2.296416204e-05
281342	0.002286479522
281343	0.004025772895
281344	0.0006115567725
281345	0.0006149983186
281346	0
281347	0.001106308137
281348	0.001929918714
281349	0.001094788888
281350	0.001670106268
281351	0.0005248315982
281352	0.0002058634667
281353	0.001631036051
281354	0.002108285874
281355	0.003519479123
281356	0.00191130541
281357	0.001199105968
281358	0.001010974337
281359	0.0005016919285
281360	9.397115605e-05
281361	0.001082153047
281362	0.005282612755
281363	0.0001484329791
281364	0.0005243767158
281365	0.002727034689
281366	0.002680608408
281367	0.0008063055691
281368	0.0001014349286
281369	0.001399275135
281370	0.002837729486
281371	0.002707365421
281372	0.001955524831
281373	0.0002037800801
281374	1.651475547e-05
281375	0.0042790885
281376	0.000218715861
281377	0.001873314842
281378	0.0008567731587
281379	0.0001090357506
281380	0.002330296797
281381	0.001866072077
281382	0.0001243540188
281383	0.002236038674
281384	4.341906995e-05
281385	0.001501234424
281386	0.0008548871165
281387	0.0005687828228
281388	0.001179700134
281389	0.001468165471
281390	0.005340160753
281391	0.0003143752322
281392	0.004401019471
281393	0.0004775927749
281394	0.0003610095731
281395	8.009580074e-05
281396	0.0005750047977
281397	0.0004936555216
281398	0.001105743444
281399	0.004358077814
281400	0.002213091665
281401	0.0009368568671
281402	0.001775670664
281403	0.002420812429
281404	0.004689310426
281405	0.0008072517178
281406	0.003372129215
281407	0.000995651359
281408	0.000299796667
281409	0.002362052598
281410	0.004927759945
281411	0.002208041088
281412	0.00233432471
281413	0.0001606506323
281414	0.001274705424
281415	0.003667070642
281416	0.00114733215
281417	0.004678785578
281418	0.005848286537
281419	0.002407978277
281420	0.001656996769
281421	0.003281833185
281422	0.00196353001
281423	0.003644937623
281424	0.0005718954669
281425	0.002649098684
281426	0.0008007402143
281427	0.002196358825
281428	0.002350789335
281429	0.004261937225
281430	0.005464764211
281431	0.004015216743
281432	0.0001598290318
281433	0.001213464002
281434	0.001373239737
281435	0.003724642484
281436	0.00335835266
281437	0.001040386427
281438	0.003346408317
281439	0.002527682506
281440	0.009273511939
281441	0.002013034328
281442	0.0001816844432
281443	0.0001653210173
281444	0.003008339495
281445	0.0003536667767
281446	7.751208572e-05
281447	0.006082334379
281448	0.0006414206706
281449	0.003168289378
281450	0.00487201276
281451	0.0005177459621
281452	0.0002352395775
281453	0.002846905154
281454	0.0008734303225
281455	0.0001775907372
281456	0.001883022977
281457	0.004523596738
281458	0.002375730779
281459	0.001698997348
281460	0.004513210938
281461	0.001537866487
281462	0.0003577745311
281463	0.00110746252
281464	0.002307320276
281465	0.0003119460343
281466	4.12817725e-05
281467	0.004976114474
281468	0.003265766522
281469	0.00200816113
281470	0.000338860639
281471	0.00136624872
281472	0.005419140937
281473	0.0008579406882
281474	0.005218330626
281475	0.001986246257
281476	0.003174651008
281477	0.002947894088
281478	0.0001116945536
281479	0.002522086724
281480	0.004828080307
281481	0.0006359949242
281482	0.003738250707
281483	0.002158150769
281484	0.002850536148
281485	0.002132061432
281486	0.002832522838
281487	0.004119189226
281488	0.001352224628
281489	0.002089646059
281490	0.002583787436
281491	0.002008546463
281492	0.00164805656
281493	0.0008223530681
281494	0.004677172878
281495	0.0002620000693
281496	0.001706939032
281497	0.008257357364
281498	0.002376615446
281499	0.007324360666
281500	0.002542141857
281501	0.0003497296407
281502	0.0004863134205
281503	0.001488220464
281504	0.003347938637
281505	0.0002506528031
281506	0.0005179834491
281507	0.0008934010504
281508	0.001194111046
281509	0.001796496413
281510	0.001036400552
281511	0.002096481846
281512	1.947123391e-05
281513	0.002818936214
281514	0.002060867187
281515	0.002673177989
281516	0.0006796491216
281517	0.002252527215
281518	0.0001460637581
281519	0.0036188218
281520	0.001750259275
281521	1.040299661e-05
281522	0.004982264816
281523	0.001314506038
281524	0.002740336766
281525	0.0004983685718
281526	0.008744175325
281527	0.0007307062892
281528	0.001103943989
281529	0.002182158009
281530	0.003059954143
281531	0.005567029135
281532	0.001204599055
281533	0.003071222469
281534	0.001034068155
281535	0.002450639099
281536	0.002108525194
281537	0.003754425743
281538	0.002029509463
281539	0.002638743669
281540	0.001076425704
281541	0.0009370489401
281542	0.00316524424
281543	0.0008081115084
281544	0.001794408745
281545	0.002248531247
281546	0.0001073968692
281547	8.910092369e-05
281548	0.003584680118
281549	0.001476347995
281550	0.0004555391274
281551	0.001426862658
281552	0.003657653565
281553	0.0007453647308
281554	0.0003042938574
281555	0.001067007973
281556	0.0002273679543
281557	0.0005919054949
281558	0.0008685650168
281559	0.000804338961
281560	0.003182826271
281561	0.0001029965116
281562	0.001921103621
281563	0.00163387976
281564	0.003763860285
281565	0.002744768256
281566	0.002592476692
281567	0.0009158022968
281568	0.004957778761
281569	0.0003573264373
281570	0.002577124775
281571	0.000377424286
281572	0.003557584115
281573	0.001191985902
281574	0.0003943956924
281575	0.0003543667655
281576	0.004155661287
281577	0.005322599782
281578	0.003164310757
281579	0.001268894479
281580	0.0001455917105
281581	0.0005753830875
281582	0.005286023899
281583	0.00190001111
281584	0.000786980141
281585	0.002165541538
281586	0.004920830741
281587	0.0007573463766
281588	0.0002363260067
281589	0.0006550335674
281590	0.005741011387
281591	0.0003598581417
281592	0.0009992124247
281593	0.0005360729444
281594	0.009054819424
281595	0.003258699603
281596	0.001851389552
281597	0.001264037127
281598	0.001112714899
281599	0.0005152360667
281600	0.0008340439349
281601	0.003016846756
281602	0.0005105897111
281603	0.003483597253
281604	0.001399787497
281605	0.0009360552127
281606	0.0007273490264
281607	0.0006567804039
281608	0.004456404939
281609	0.004387237256
281610	0.005923100951
281611	0.002106497151
281612	0.001660455773
281613	0.0001308335598
281614	0.002140716271
281615	0.001601853355
281616	0.002081205339
281617	0.001246992788
281618	0.002514918478
281619	0.001061041044
281620	7.064745591e-05
281621	0.0005173921145
281622	0.005313927581
281623	0.001502888632
281624	0.001148171103
281625	0.001291869152
281626	0.000372000327
281627	0.0002226216938
281628	0.00227923121
281629	0.001609462815
281630	0.00392128874
281631	0.0007620008676
281632	0.003107664312
281633	0.002264479697
281634	0.00208105353
281635	0.0006610810204
281636	0.002353918003
281637	0.004717196348
281638	0.004086281973
281639	0.0004444125066
281640	0.00119232059
281641	0.0001313823562
281642	0.003419770988
281643	0.001216744796
281644	0.005048323204
281645	0.01046873502
281646	0.003158768765
281647	0.0007760769901
281648	0.0002922778693
281649	0.005452671226
281650	0.001105135588
281651	0.0041382213
281652	8.403779102e-05
281653	0.002804039481
281654	0.002904940322
281655	0.004323734774
281656	0.003246903735
281657	0.0002400055783
281658	0.002152978482
281659	0.007027323712
281660	9.648168669e-05
281661	0.002057650359
281662	0.003227379605
281663	0.0005592038642
281664	0.003094438948
281665	0.001190880088
281666	0.003142318584
281667	0.001236938948
281668	0.002415098797
281669	3.717749674e-05
281670	0.000616662812
281671	0.004330750655
281672	0.005460318204
281673	0.00100124018
281674	0.0004336512707
281675	0.0008625567988
281676	0.0006610351086
281677	0.0006832064493
281678	0.0003995017729
281679	0.001017559973
281680	0.0007776852803
281681	0.0009810391468
281682	0.0002065858517
281683	0.0007916182568
281684	0.0009816365006
281685	0.0007971181948
281686	0.0005444272969
281687	0.001001567856
281688	0.0001236810806
281689	0.0007657669139
281690	0.0003635117462
281691	0.0003910991064
281692	0.0002613812577
281693	0.0002612518041
281694	1.228018469e-07
281695	1.316026462e-07
281696	1.089866392e-07
281697	0.0002608271621
281698	0.0001183743206
281699	2.399241085e-06
281700	1.514556112e-07
281701	0.0005289459489
281702	0.0005297162234
281703	0.0002703575643
281704	0.0005280624919
281705	0.0002728433807
281706	7.674092087e-07
281707	0.0003914926752
281708	5.759899975e-06
281709	0.0001185659938
281710	0.0003857212542
281711	0.0005304279625
281712	0.0002748113826
281713	0.00038009265
281714	1.452131838e-07
281715	0.0002478013863
281716	4.323648364e-07
281717	1.984273177e-07
281718	0.0006465028186
281719	0.0007799435074
281720	0.0007821501047
281721	0.0005289275285
281722	0.0007798090922
281723	0.0005301197298
281724	0.0005318183864
281725	0.0002730743505
281726	0.0005302384383
281727	8.526420897e-06
281728	0.0005302688317
281729	0.0003860661228
281730	0.0002746344457
281731	0.0005300974209
281732	0.0006603093422
281733	6.140093855e-10
281734	1.094573796e-06
281735	0.0002462827704
281736	0.0003605692123
281737	0.0003612281465
281738	2.297417886e-07
281739	2.907333725e-07
281740	3.141680587e-07
281741	0.000116091015
281742	0.0002470391881
281743	9.465975669e-08
281744	0.0001302835081
281745	4.006410256e-07
281746	0.0003615690241
281747	0.0002293772775
281748	0.000245190755
281749	0.0002303247961
281750	0.0003601184272
281751	1.381623113e-06
281752	0.0002303285825
281753	0.000361083445
281754	0.0009484059424
281755	0.001107077418
281756	0.009248433185
281757	0.008357513738
281758	0.006872950098
281759	0.006994914856
281760	0.001390604586
281761	0.0006833961759
281762	0.001410712832
281763	0.001357181707
281764	0.001445011936
281765	0.00136146964
281766	0.001055851208
281767	0.001156178036
281768	0.001373058808
281769	0.0006820371563
281770	0.0008431804023
281771	0.0004651584826
281772	0.000997780839
281773	0.0007566531075
281774	0.0007466893318
281775	0.001044527025
281776	0.001584596526
281777	0.001358889062
281778	0.001403269716
281779	0.001526774936
281780	0.001486906232
281781	0.001401050999
281782	0.001417198607
281783	0.000908475607
281784	0.00147991297
281785	0.001596382474
281786	0.001494813347
281787	0.00100297983
281788	0.001252123302
281789	0.001591108156
281790	0.004843455376
281791	0.001821222286
281792	0.0008741375132
281793	0.00197170721
281794	0.0001281454112
281795	0.0001459813303
281796	0.0001833466018
281797	0.001130315693
281798	0.003335015008
281799	0.002297320348
281800	0.004262377622
281801	0.002837788718
281802	0.004229553117
281803	0.002894646416
281804	0.001487452492
281805	2.292301139e-08
281806	8.878734668e-05
281807	0.0004885250786
281808	0.0002920871523
281809	0.001972550824
281810	0.0004899605507
281811	0.001688451323
281812	0.0004367524386
281813	0.003726445353
281814	0.002500488155
281815	0.0008648890716
281816	0.001845374728
281817	0.003929392331
281818	0.003376631054
281819	0.000948487372
281820	0.000260171129
281821	1.373582944e-05
281822	0.002517891904
281823	0.00108867
281824	0.001636973684
281825	0.0007864045301
281826	0.0001328505235
281827	0.001698454533
281828	0.001029788972
281829	5.405432804e-07
281830	0.0004902530664
281831	0.0006579510079
281832	0.0002719177525
281833	0.001313726236
281834	0.001165060691
281835	0.0003389475499
281836	0.00081755069
281837	0.001468454068
281838	1.720962307e-05
281839	0.0009645581722
281840	7.135792744e-05
281841	0.001057693338
281842	0.001182274392
281843	0.0006191726963
281844	0.001996169041
281845	0.001193770528
281846	0.0003612420258
281847	0.0004719575567
281848	0.001217564616
281849	0.001924532213
281850	0.0002332204036
281851	0.001421799314
281852	0.000336860674
281853	0.0001000041313
281854	9.614079878e-05
281855	0.001880229635
281856	0.007114471724
281857	0.0007249392406
281858	0.001953162013
281859	0.001629279919
281860	0.004757739034
281861	0.0002889082587
281862	0.004217104757
281863	0.0001196743216
281864	0.001380463167
281865	0.0008764722508
281866	0.0003422550118
281867	0.0001067455461
281868	0.0004115512397
281869	0.004044175678
281870	0.005123471864
281871	0.004059108332
281872	0.001238953842
281873	0.0001021632216
281874	0.0007820067862
281875	0.0004148907344
281876	0.0004941182504
281877	0.001179641463
281878	6.952265805e-06
281879	0.0001351110553
281880	0.003096074985
281881	0.003634058373
281882	0.003422162001
281883	0.002156636103
281884	0.001130826052
281885	0.00531543997
281886	0.005399658332
281887	0.00046575547
281888	0.003770454242
281889	0.002449073419
281890	0.004951768625
281891	0.000144219358
281892	0.003478047259
281893	0.0009724639097
281894	0.0006882921107
281895	0.0008309487186
281896	0.003273768407
281897	0.00085556042
281898	0.0007558217188
281899	0.000479837389
281900	0.0006167831956
281901	0.0004968726987
281902	0.00162120454
281903	0.0006382466111
281904	0.0004233497031
281905	0.0001850348344
281906	0.001316187306
281907	0.001333400333
281908	0.0002292474848
281909	0.0004123615545
281910	0.007520970834
281911	0.0001563458408
281912	0.0004874821307
281913	0.0006068854532
281914	0.0004048572399
281915	0.005048739553
281916	0.0003676212083
281917	0.00480542044
281918	0.001119734452
281919	0.0005707997932
281920	0.001616364975
281921	0.0001251361839
281922	0.001367920603
281923	9.397194129e-05
281924	0.001095108911
281925	0.0009542205517
281926	4.477349007e-06
281927	0.0009364213086
281928	0.002266401626
281929	0.001935506908
281930	7.148584968e-06
281931	0.0001323657971
281932	0.0008257533562
281933	0.0002798661717
281934	0.0001489593589
281935	0.0001116830534
281936	0.000680586222
281937	0.000106144681
281938	0.0004085142832
281939	0.0001782597432
281940	0.0003814533265
281941	0.002309896021
281942	0.001478901127
281943	0.001040885154
281944	0.0005667423715
281945	0.0002397752792
281946	0.001764006283
281947	0.000134685594
281948	0.0003269497687
281949	0.0001041712283
281950	0.0005753817776
281951	0.0004391366306
281952	0.0001644192252
281953	0.0006478984541
281954	0.001017519503
281955	0.001291212237
281956	0.000334235753
281957	0.0002274289549
281958	9.926313437e-05
281959	0.0006772331792
281960	6.461317605e-05
281961	0.001480115476
281962	0.0005589585907
281963	0.0004897795831
281964	0.0001303738771
281965	0.0008375149771
281966	0.0005657626188
281967	0.00156669724
281968	0.0005807861657
281969	0.0003412682301
281970	0.0006120230472
281971	0.002597835707
281972	0.000132440618
281973	0.003078383089
281974	0.0002018125244
281975	0.002174185252
281976	0.005697453546
281977	0.003584416489
281978	0.001441699236
281979	0.001082040476
281980	0.0001881449713
281981	0.002632526081
281982	3.97376688e-05
281983	0.000124115234
281984	0.0024730446
281985	0.0001356185674
281986	0.003387777157
281987	0.0001183729009
281988	0.0003021917558
281989	3.221960351e-05
281990	0.001430523533
281991	0.0007850281339
281992	0.0003091063444
281993	0.00434170032
281994	0.0008498183098
281995	0.0003350845366
281996	0.0003518622639
281997	0.001031676133
281998	0.000572310335
281999	0.0004129962683
282000	0.0003480160018
282001	0.0005918955247
282002	0.0005695383665
282003	0.0009587814397
282004	0.0008886927979
282005	0.003383565589
282006	0.0007857655585
282007	0.0004682704667
282008	0.001409425153
282009	0.001166185575
282010	0.001325308776
282011	0.000515689909
282012	0.00120476851
282013	0.002831988542
282014	0.00055391078
282015	0.003179082495
282016	0.004362076237
282017	0.002307255692
282018	0.002052716828
282019	0.001394412643
282020	0.0001685758531
282021	0.0003788319884
282022	0.0009607554519
282023	0.0008199641551
282024	0.0003861529133
282025	0.0004338916959
282026	6.063372623e-05
282027	0.001257220343
282028	0.001541018715
282029	0.0006965888968
282030	0.0003507661954
282031	0.0004286517802
282032	0.0007880587487
282033	0.0008341102412
282034	0.0006665258525
282035	0.001228448991
282036	0.0006731629265
282037	1.174072202e-05
282038	0.0001120878366
282039	0.0001096467594
282040	0.000759988842
282041	0.0003359988517
282042	0.0005119175091
282043	0.0001949196104
282044	0.0007155637106
282045	0.002115856244
282046	0.0006550292557
282047	0.002728174269
282048	0.001127745567
282049	0.0007367550465
282050	0.001578233884
282051	0.0008616617815
282052	0.0007476899645
282053	0.0007874335596
282054	0.0004539462317
282055	0.003792826499
282056	0.0009930028945
282057	0.001106758328
282058	6.861035343e-06
282059	0.001963820296
282060	0.0001946746237
282061	0.002302257681
282062	5.496870929e-05
282063	0.0002884037234
282064	0.001373082291
282065	0.0005305325532
282066	0.0007153001316
282067	0.003094814346
282068	0.0003407096588
282069	1.799319739e-05
282070	4.476629037e-05
282071	0.0003791916825
282072	0.005888121414
282073	0.0009329171891
282074	0.002400500607
282075	0.003296672673
282076	0.002699696906
282077	0.001510645637
282078	0.002821566032
282079	0.0005958494002
282080	0.0009646621224
282081	0.0004761333612
282082	0.0009902055477
282083	0.0002678761404
282084	0.0002771924637
282085	0.000370636472
282086	3.435124994e-05
282087	0.0004260540821
282088	0.001179331147
282089	0.000417642795
282090	0.0003567957815
282091	0.0003107405791
282092	0.001291702911
282093	0.0001979766617
282094	0.0002501727945
282095	0.0004814783752
282096	0.001408049485
282097	0.001003516497
282098	0.0004348408324
282099	0.0004952934777
282100	0.001808024608
282101	0.0008052786447
282102	0.0005791455245
282103	0.0006956108042
282104	0.0003984609773
282105	0.002378560101
282106	0.0003086365695
282107	0.005817214622
282108	0.0003589457347
282109	0.001189389206
282110	0.0004066405165
282111	0.0006026395179
282112	0.0003716183153
282113	0.004808515938
282114	0.001196195866
282115	7.575357828e-05
282116	0.0002809675763
282117	0.007204998275
282118	0.0001016427208
282119	5.884787744e-05
282120	0.0008246759294
282121	0.00638916177
282122	0.0004731994886
282123	0.00132464104
282124	0.0009016725456
282125	0.00544056989
282126	0.0006402179181
282127	0.0001515011075
282128	0.0008416655281
282129	0.00140946854
282130	0.0001119743732
282131	0.0003938744061
282132	0.00153482258
282133	0.0002387799513
282134	0.00139768431
282135	0.002221411764
282136	0.003143269156
282137	0.004763474112
282138	0.00124871151
282139	0.001079239087
282140	0.0008544198989
282141	0.0002319563498
282142	0.0005520354817
282143	9.567052996e-05
282144	0.0003763634247
282145	0.000604462373
282146	0.000794106749
282147	0.0006436830871
282148	0.0007940131703
282149	0.000383545349
282150	0.0008012239421
282151	0.002208125618
282152	0.0002704758312
282153	0.0004015052766
282154	2.597379606e-06
282155	0.002227947893
282156	0.001007891922
282157	0.0003721948642
282158	0.001207222638
282159	0.001666419461
282160	0.0007752477557
282161	0.0001497452331
282162	0.0004149783329
282163	0.005322490809
282164	0.0005164442826
282165	0.0007255052002
282166	0.000618521591
282167	0.0002565641976
282168	0.001801427188
282169	0.00277422197
282170	0.001318694465
282171	0.001411137823
282172	0.0005714825727
282173	0.001116842105
282174	0.0003870289357
282175	0.001262690651
282176	0.001143207815
282177	0.004610690919
282178	0.00253205285
282179	0.001223733969
282180	0.0004637533322
282181	0.002967494006
282182	0.002432951637
282183	0.00165412317
282184	0.001437831683
282185	0.001095174332
282186	0.00261358173
282187	0.001965678409
282188	0.001057943465
282189	0.001327514403
282190	0.002156353139
282191	0.0009291609098
282192	0.002519119676
282193	0.0005992290666
282194	0.0008050425332
282195	0.0009886445073
282196	0.00160255511
282197	0.0008229006312
282198	0.0007018494721
282199	0.0009341762776
282200	0.001484315956
282201	0.0007566912146
282202	0.000829005428
282203	0.001660764361
282204	0.002947269387
282205	0.003220126949
282206	0.003596060221
282207	0.002115534473
282208	0.00252242421
282209	0.001168619567
282210	3.80476698e-05
282211	0.00310474282
282212	0.003140845248
282213	0.0006371844157
282214	0.0005921060415
282215	0.003922795014
282216	0.0001739228089
282217	0.0004227439421
282218	0.001352475998
282219	0.003350335284
282220	0.003978112834
282221	0.002775043985
282222	0.0007885290475
282223	0.0009469555875
282224	0.002332810771
282225	0.00182091788
282226	0.0009949260534
282227	0.002275547751
282228	0.000573046327
282229	0.0004117110707
282230	0.001382440773
282231	0.002176960065
282232	0.00120610747
282233	0.003128352467
282234	0.0006196584421
282235	0.001433393597
282236	0.001638585683
282237	0.00145345544
282238	0.001382900496
282239	0.00141945621
282240	0.001952356191
282241	8.804237115e-05
282242	0.0008438420351
282243	0.001377219457
282244	0.001308099967
282245	0.001005738349
282246	0.0004995653315
282247	0.0008086728806
282248	0.0004753365378
282249	0.0006449982717
282250	7.243730267e-05
282251	2.108198235e-05
282252	0.001568964604
282253	0.0004410039684
282254	0.001390827361
282255	0.001704343062
282256	0.0009079334322
282257	0.0005950035592
282258	0.001377954993
282259	0.002946920809
282260	0.001129167448
282261	0.001812963711
282262	0.001964697408
282263	0.0004263869117
282264	0.0006734224652
282265	0.0001139307
282266	0.001941359333
282267	0.001508731211
282268	0.001431603508
282269	0.0009158984383
282270	0.001344952408
282271	0.001467253361
282272	0.0002300254202
282273	0.0009648366216
282274	0.005669551691
282275	0.005158581938
282276	0.002234159823
282277	0.0003930106722
282278	0.001000353698
282279	0.0003335725188
282280	0.003458182828
282281	0.001236520734
282282	0.001550373168
282283	0.001410711494
282284	0.002047589063
282285	0.002162385378
282286	0.001145332145
282287	0.004383677993
282288	0.004851181619
282289	0.002976738334
282290	0.001182865965
282291	0.001496425187
282292	0.0002439792226
282293	0.001184994458
282294	0.0001251233022
282295	0.0006135162866
282296	0.001139946046
282297	0.0001221839108
282298	0.0007125766661
282299	0.001477197098
282300	0.0003880582538
282301	0.0007386976167
282302	0.0009958730907
282303	0.001234723278
282304	0.000545392609
282305	0.001719049851
282306	0.0005447569839
282307	3.819565861e-05
282308	0.0007082576801
282309	0.0006047334886
282310	0.002300519618
282311	0.001286790005
282312	0.001954644853
282313	0.0006738873648
282314	0.00104617174
282315	0.002489625297
282316	0.0001627966831
282317	0.0007439867975
282318	0.001107634292
282319	0.000796707946
282320	0.0009975898511
282321	8.98767205e-05
282322	0.0005706874777
282323	0.0006819761085
282324	0.003109223992
282325	0.001733594076
282326	0.00245261966
282327	0.001327158612
282328	0.0001429938739
282329	0.003519084008
282330	0.0007705341333
282331	0.001163403277
282332	0.0004629133508
282333	0.0009371775006
282334	0.004597567045
282335	0.001695729046
282336	0.00166727248
282337	0.001185107852
282338	0.0008264856347
282339	0.001211485099
282340	0.002041173871
282341	0.0009730606115
282342	0.00282677715
282343	0.001101106231
282344	0.00135034302
282345	0.001032308767
282346	1.378865959e-05
282347	0.001212348078
282348	0.00285761506
282349	0.004602675953
282350	0.001081991705
282351	0.0008572704415
282352	0.0008135159769
282353	8.173857283e-06
282354	0.00183775223
282355	0.003742797323
282356	0.001294182047
282357	0.003172093148
282358	0.001103997073
282359	0.0007869503624
282360	0.0001071073761
282361	0.000731365354
282362	0.001001562558
282363	0.0007167958565
282364	0.003727541743
282365	0.001168992067
282366	0.001815487588
282367	0.00211474427
282368	0.0008929329734
282369	0.0002459710437
282370	0.001281560749
282371	0.0006825823206
282372	0.001432129197
282373	0.002068404059
282374	0.0004956024545
282375	0.0008271547884
282376	0.0001040385818
282377	0.0006124194059
282378	0.002747329476
282379	0.0001387059646
282380	0.0001482035753
282381	8.934394282e-05
282382	0.0007199297932
282383	0.0001383765476
282384	0.001294212764
282385	0.0007761625946
282386	0.0004108879461
282387	0.000572489266
282388	0.000569807563
282389	0.0001090762802
282390	0.0002249490702
282391	0.001760592891
282392	0.0002085097125
282393	0.0009695125691
282394	0.0005690816257
282395	0.0002167759238
282396	0.000264013473
282397	0.0004480200017
282398	0.0003113373757
282399	0.0002116872145
282400	0.000224988587
282401	0.0002621724957
282402	0.001100188504
282403	0.000713874079
282404	0.001464726063
282405	3.069180628e-05
282406	0.0005200826188
282407	0.0009448764106
282408	0.0004236224977
282409	0.0005726668544
282410	0.0005929610862
282411	0.0009004147378
282412	0.0002168745675
282413	0.0005146234147
282414	0.0006184824989
282415	9.939991271e-05
282416	0.0007756776973
282417	0.0007470884721
282418	0.0007483686936
282419	0.0005084675845
282420	0.0005502593267
282421	0.000543271338
282422	0.0002275252273
282423	0.0003271990293
282424	0.000309743525
282425	0.001628964767
282426	0.0006055772649
282427	0.0003964697956
282428	0.001065936096
282429	0.000948792754
282430	0.001687591019
282431	0.0003494532491
282432	0.0008103652927
282433	0.001196458768
282434	0.0009645226198
282435	0.0008733701207
282436	0.0005058714606
282437	0.001819923412
282438	0.0001836404757
282439	0.0002337202149
282440	0.001166551591
282441	0.0006485614757
282442	0.0004025680746
282443	0.0006598845345
282444	0.001235436408
282445	0.001031658637
282446	6.413560358e-05
282447	0.0002803292685
282448	0.0003154055124
282449	0.0001602780549
282450	0.0002967526239
282451	0.0002559422583
282452	5.217590236e-05
282453	2.230600586e-05
282454	8.649346165e-05
282455	0.0001131211617
282456	3.261020327e-05
282457	9.33917086e-05
282458	0.0002239008432
282459	0.0002426452665
282460	0.00025531804
282461	3.797034353e-07
282462	0.0001339849748
282463	6.592364621e-05
282464	0.0002805181778
282465	0.0003373361584
282466	0.0001605048575
282467	0.0001099484023
282468	0.0001849882086
282469	0.0002351489061
282470	0.0002189689485
282471	6.380706835e-05
282472	5.069769443e-05
282473	3.835066767e-05
282474	4.932982466e-05
282475	0.0001133526448
282476	5.547161509e-05
282477	9.081286082e-05
282478	5.372435261e-05
282479	0.0002462883502
282480	9.037068822e-05
282481	7.941301563e-05
282482	0.0001509567917
282483	0.000122320547
282484	8.038764816e-05
282485	0.0001655301834
282486	3.505455409e-05
282487	0.0001308680623
282488	9.489597572e-05
282489	9.286196162e-05
282490	0.0003722794197
282491	3.640163717e-05
282492	2.73362627e-05
282493	0.0004465332115
282494	0.0001119892734
282495	0.0002408468579
282496	0.0004388470206
282497	3.282075909e-05
282498	8.111072201e-05
282499	0.0001644165922
282500	8.087889564e-05
282501	7.676307368e-05
282502	0.0001339419052
282503	8.934874291e-05
282504	0.0003106065428
282505	0.0004766035637
282506	8.592747306e-05
282507	0.0002540116703
282508	0.0008190277036
282509	0.001110254889
282510	0.0006893453764
282511	0.0001219193992
282512	0.000117560891
282513	0.0004778599219
282514	5.951314318e-05
282515	0.002177294031
282516	0.0006349771145
282517	0.002056874912
282518	0.001067838334
282519	0.0005304635888
282520	7.809445749e-05
282521	0.0006252043719
282522	0.0004742519911
282523	0.0003055276603
282524	0.0003800446938
282525	0.0009608098168
282526	0.001965961004
282527	0.0001558917344
282528	0.0001679091118
282529	0.0001049952444
282530	0.003683811017
282531	0.004030897645
282532	0.000531815534
282533	0.0005984097915
282534	0.0006093898573
282535	0.0004471771602
282536	0.0006329565347
282537	0.000732488422
282538	0.001052168369
282539	0.0009546274069
282540	0.0003569153241
282541	0.0002000121228
282542	0.0005435845049
282543	0.0003308494148
282544	0.000280482122
282545	0.0005511852598
282546	0.0004989309454
282547	0.0002292035279
282548	0.0005995072086
282549	0.0002695435013
282550	0.0005561414269
282551	0.001810746448
282552	7.667994951e-06
282553	0.0004319713519
282554	0.0001032077053
282555	0.0002530850951
282556	3.145832499e-05
282557	0.0004039077539
282558	0.0002812502352
282559	0.0003045837712
282560	0.0004729220444
282561	0.001060079736
282562	0.001295988722
282563	0.0008169004884
282564	0.0001960922827
282565	0.00148350406
282566	0.0001247439429
282567	0.001538939321
282568	0.001561710215
282569	0.003435451327
282570	0.0008729639905
282571	0.001538394663
282572	0.0003900404328
282573	0.003224931602
282574	0.000156108432
282575	0.001819294813
282576	0.000260276335
282577	0.0007387286282
282578	0.0008969262468
282579	0.003182144272
282580	0.00131213791
282581	0.0004153620537
282582	5.900499367e-05
282583	0.0003652753198
282584	0.0007627716999
282585	0.0009104751157
282586	0.0004887732603
282587	1.67726856e-07
282588	0.000289571935
282589	1.923895599e-07
282590	0.0005021525789
282591	0.001341649995
282592	0.004449662223
282593	0.0006776789217
282594	0.001297948155
282595	0.001560062061
282596	0.0002950916098
282597	0.000861724832
282598	0.003154347795
282599	0.003877507732
282600	0.007350650212
282601	0.00152082908
282602	0.0003818883833
282603	0.0004417802907
282604	0.0001514572639
282605	0.00015331821
282606	5.647069781e-05
282607	0.001073615713
282608	0.0003146896765
282609	0.0001552244266
282610	0.0004917872235
282611	0.0004158844879
282612	9.450645514e-05
282613	0.0005522194344
282614	0.0004566582109
282615	0.0002800258243
282616	0.000640378176
282617	0.0006398624082
282618	3.960359562e-07
282619	0.0004529304813
282620	0.0007317169416
282621	0.0005493581987
282622	4.165029305e-07
282623	8.809283115e-05
282624	0.0004594826941
282625	6.140092085e-09
282626	2.732341094e-07
282627	0.0005490451343
282628	0.0006414352951
282629	0.0006400732181
282630	0.0007327454071
282631	0.0001827945145
282632	0.0001867324642
282633	0.00249519152
282634	0.002110367488
282635	0.001798632454
282636	0.000608256524
282637	8.257319094e-05
282638	0.0003177780824
282639	0.001341026734
282640	0.0002679544861
282641	8.522776384e-05
282642	0.0001944550643
282643	4.7310892e-05
282644	0.0003135310231
282645	0.0009167818014
282646	0.001109694429
282647	0.0003315174873
282648	0.001557000033
282649	6.79365049e-05
282650	0.0001244972948
282651	7.929859928e-05
282652	0.0001372565653
282653	0.0001653630799
282654	0.0002200705559
282655	0.0002492213031
282656	0.0006653047773
282657	4.170358885e-05
282658	0.0002202372025
282659	0.0001509851906
282660	0.0007235204039
282661	0.0001752076914
282662	9.056013649e-05
282663	0.0002045305287
282664	0.0003026967607
282665	0.0001087214236
282666	0.0002144210531
282667	3.368749174e-05
282668	0.0002753876476
282669	0.0002285275486
282670	0.0003110952298
282671	0.0001648412021
282672	5.941648658e-05
282673	5.587380453e-05
282674	0.0001300735713
282675	4.970740761e-05
282676	0.0002900266855
282677	0.0001841549932
282678	0.0004126461325
282679	6.518165535e-06
282680	0.0002952538944
282681	0.001190723591
282682	0.0006613173557
282683	0.0001216405949
282684	0.0001361894137
282685	0.0002187625881
282686	0.0001718922048
282687	1.65227846e-05
282688	0.0001298645466
282689	2.562205667e-07
282690	0.0002596613501
282691	7.562505233e-06
282692	8.366603518e-05
282693	0.0003509754104
282694	0.000123324291
282695	0.000584979397
282696	8.55171434e-05
282697	2.946022794e-05
282698	2.021411785e-05
282699	0.0006811438138
282700	0.0002769209711
282701	5.183072512e-05
282702	0.0002903744086
282703	6.394145609e-05
282704	0.0001605299393
282705	0.0003781922726
282706	0.0003000673212
282707	0.0004673320646
282708	9.449300323e-05
282709	0.0001088456985
282710	0.0001642678742
282711	0.0005321509725
282712	0.000147751004
282713	0.001640995127
282714	0.0002071027949
282715	8.347229732e-05
282716	8.05515754e-05
282717	0.0003341597602
282718	3.658143124e-05
282719	9.545478864e-06
282720	3.037350562e-05
282721	0.0002268778444
282722	8.449333814e-05
282723	8.797283839e-05
282724	0.001444092207
282725	9.234887388e-05
282726	0.0001554689155
282727	2.151607761e-05
282728	0.0004179365283
282729	0.0001872150632
282730	0.0001119230403
282731	0.001278995668
282732	4.234559176e-06
282733	6.939474755e-05
282734	0.0001032277216
282735	0.0001675360022
282736	0.0001019796118
282737	8.772826783e-05
282738	0.0006415025546
282739	0.0004574951424
282740	3.297498402e-05
282741	0.0008073571451
282742	0.000213429285
282743	0.000455942584
282744	0.0004896021148
282745	5.732062739e-05
282746	8.420011969e-05
282747	1.51642353e-05
282748	2.29563802e-05
282749	0.0004701698813
282750	7.672986585e-05
282751	6.566153567e-05
282752	0.0002308078273
282753	0.0003196129838
282754	0.0003924073604
282755	0.0002666340911
282756	0.0001140709499
282757	0.0002289972622
282758	0.000109771498
282759	0.0003017660982
282760	6.220320775e-05
282761	0.0004295342344
282762	0.0002597394516
282763	0.0001787786833
282764	9.750063547e-05
282765	0.0003054746407
282766	0.0001365212238
282767	0.0003679768597
282768	0.001998844211
282769	0.000157823954
282770	0.0004026798476
282771	0.0001167052977
282772	0.0003408524896
282773	0.0001475069513
282774	8.613003505e-06
282775	0.0003430404345
282776	0.001223879096
282777	0.002480188322
282778	0.0008712101022
282779	0.0002413575783
282780	0.002140338918
282781	0.0001606620082
282782	0.002174782649
282783	0.0001478207853
282784	0.0004868911685
282785	0.0007714727115
282786	0.0009185688222
282787	0.0002619986806
282788	0.0001574961231
282789	0.0001635454109
282790	0.0001467960608
282791	0.0001289265669
282792	1.477776799e-05
282793	2.288374331e-05
282794	0.0004558619993
282795	0.0001751172407
282796	0.0002055795036
282797	0.0001660254123
282798	0.002150196993
282799	0.0002465808207
282800	0.0005977806765
282801	0.0001160422313
282802	0.000799174004
282803	0.0001467081041
282804	0.0002669804647
282805	0.0004186245214
282806	0.0004585953394
282807	0.0001798361454
282808	3.309407072e-05
282809	0.001700252619
282810	0.0004666329001
282811	9.433187075e-05
282812	0.0001825181038
282813	0.0002246628223
282814	0.0006017872395
282815	0.0001034051907
282816	0.000125848026
282817	0.0001752230427
282818	0.0001377165917
282819	0.0002572087143
282820	7.558758574e-05
282821	2.964186089e-05
282822	8.790084897e-05
282823	0.0004143369754
282824	0.0001076245514
282825	9.231550156e-05
282826	4.202969857e-05
282827	0.0006251205091
282828	0.0001144816932
282829	0.0002710542095
282830	0.0001320876804
282831	0.0003537032951
282832	0.0004826639886
282833	0.000214421137
282834	9.053578387e-05
282835	0.0005852225158
282836	0.0005430445872
282837	0.0003368037334
282838	0.0001186055237
282839	0.0001101069497
282840	0.000204649498
282841	0.0008346885222
282842	0.0001322323365
282843	0.0003488054394
282844	7.888482602e-05
282845	0.0002894762295
282846	0.000338905136
282847	0.0002724170341
282848	0.0008237638316
282849	0.001013289616
282850	1.328156379e-05
282851	0.0001034280631
282852	0.000149363646
282853	0.001600143718
282854	0.0004974590839
282855	0.0001695015475
282856	6.000144302e-05
282857	0.0004039393652
282858	0.0001025382208
282859	0.0004314660262
282860	1.968144216e-05
282861	3.281400261e-05
282862	0.0002210123194
282863	0.002225626061
282864	0.0007644057807
282865	0.0002229492011
282866	0.0007989681471
282867	0.005029258533
282868	0.003064569008
282869	0.002611588979
282870	0.001404101719
282871	7.948819549e-05
282872	0.001581590993
282873	0.002602952852
282874	0.0005820069495
282875	0.003797964569
282876	0.002818573527
282877	0.00117301583
282878	0.0005820808907
282879	0.001169690456
282880	0.0005096603526
282881	0.0003097621878
282882	0.0001836495139
282883	0.0002885703259
282884	0.001930052274
282885	0.001122115748
282886	0.004930606
282887	0.00400314578
282888	0.0055378491
282889	0.001962718116
282890	0.0001112681772
282891	0.000632061702
282892	0.001480841496
282893	0.001662027166
282894	0.003818275696
282895	0.002720543234
282896	0.000892678299
282897	0.0018609187
282898	0.001178469813
282899	0.0001176441607
282900	0.0003329968775
282901	0.005143628113
282902	0.003126321192
282903	0.002005584348
282904	0.004796296434
282905	0.005704671204
282906	0.0005121708916
282907	0.0001506248295
282908	0.0002986742259
282909	0.001298995455
282910	0.0009138913677
282911	0.0007056101948
282912	0.001820417908
282913	0.0009065236927
282914	0.00468193967
282915	0.001563308815
282916	0.000328563377
282917	0.002337693667
282918	0.002384303748
282919	0.0004153592284
282920	0.0003404544724
282921	0.002072481477
282922	6.031678545e-05
282923	0.0001098253613
282924	0.001535792291
282925	0.00349078849
282926	0.003150294667
282927	0.0004656294411
282928	0.001292232827
282929	0.001819987467
282930	0.002161529911
282931	0.0007287914646
282932	0.001327514879
282933	0.002732248695
282934	0.0004731218383
282935	5.242839551e-05
282936	0.0005154068722
282937	0.002191091888
282938	0.004200370924
282939	0.0005111206931
282940	0.002458673247
282941	0.003624736433
282942	0.002441150774
282943	0.003323551283
282944	0.00346377741
282945	0.002102705391
282946	0.001210159041
282947	0.0006880462786
282948	0.002097463235
282949	0.003525152405
282950	0.005298566697
282951	0.001209732694
282952	0.002242740933
282953	0.0002933330033
282954	0.001313047738
282955	0.001182022279
282956	0.00059437003
282957	0.0008477664121
282958	0.0008355568038
282959	0.00238902041
282960	0.002694463803
282961	0.004908944533
282962	0.00377524428
282963	3.722538513e-05
282964	0.002043975998
282965	0.0009384134048
282966	0.002756650898
282967	0.0001898042387
282968	0.0005252788298
282969	0.002902083648
282970	0.003475848765
282971	0.001648404094
282972	0.001567961208
282973	0.003148781456
282974	0.00140490842
282975	0.002752112085
282976	0.0001657430385
282977	0.001724954378
282978	0.0008951998643
282979	0.001085617273
282980	0.001086378711
282981	0.0005441627182
282982	0.0003648699914
282983	0.001259119472
282984	0.0002528641965
282985	0.002733630881
282986	0.0006658616517
282987	0.0009745081995
282988	0.001065905542
282989	0.000816563163
282990	0.002581708718
282991	0.0005367607238
282992	0.0006626220288
282993	0.0002872021846
282994	0.0001754515951
282995	0.0001894741
282996	0.0004394572908
282997	0.001634919688
282998	0.002622799387
282999	0.0004479133774
283000	0.0002429978545
283001	0.0001258390159
283002	0.0001098782716
283003	0.001358438676
283004	0.000266784179
283005	0.0003842596942
283006	0.0006087625683
283007	0.0007225463487
283008	0.001910726082
283009	0.0005617130669
283010	0.0008891695276
283011	0.001059434041
283012	0.0005184435138
283013	0.001070871197
283014	0.0008139572503
283015	0.0002893114091
283016	0.002881078101
283017	0.000346600759
283018	0.005994882888
283019	0.003507475284
283020	0.004876763763
283021	0.0008535725806
283022	0.00266367903
283023	0.0004928282153
283024	0.004576647547
283025	0.003345178441
283026	0.005869407256
283027	0.002606903297
283028	0.00390756424
283029	0.0007978249755
283030	0.0001636909646
283031	0.00137300581
283032	0.001994870977
283033	0.0004667230335
283034	0.0006989252267
283035	0.002374130394
283036	0.004207056403
283037	0.004394397069
283038	9.763536137e-05
283039	0.001725092591
283040	0.004893315867
283041	0.00500867069
283042	0.00629393478
283043	0.001877416659
283044	0.004960419481
283045	0.001071308611
283046	0.0004737147096
283047	0.0002860880511
283048	0.001291051687
283049	0.001008252186
283050	0.0010629429
283051	0.000423035052
283052	0.0002072609871
283053	0.002172564142
283054	0.0008259422356
283055	0.0001096573658
283056	0.0006003207719
283057	0.001702067466
283058	0
283059	0.001741887249
283060	0.0006351719935
283061	2.283897456e-05
283062	0.0008178992879
283063	0.002510214755
283064	0.0005593994284
283065	0.0005666297791
283066	0.001569990669
283067	0.0022925439
283068	0.0007134112523
283069	0.0003268577384
283070	0.003090162355
283071	0.0009999640907
283072	0.001559005384
283073	0.00108169857
283074	0.001732446252
283075	0.0002957051361
283076	0.003052154181
283077	2.360370264e-05
283078	0.0001605755631
283079	0.0008519437315
283080	0.001441247417
283081	0.001042295498
283082	0.004047673199
283083	0.002024922112
283084	0.001127260627
283085	0.002187121777
283086	0.003985543729
283087	0.002509049326
283088	0.000539973772
283089	0.0006083995947
283090	0.001752258217
283091	0.001114445207
283092	0.001131553085
283093	0.0004484330347
283094	0.003093545273
283095	0.001001489193
283096	0.001088268335
283097	0.003796414865
283098	0.003199735176
283099	0.003034072734
283100	0.0004874883931
283101	0.001266372828
283102	0.0001783612623
283103	0.002163613111
283104	0.001750921964
283105	0.0001145912882
283106	0.003557984771
283107	0.003492553167
283108	0.002701166291
283109	0.001845482588
283110	0.001527669701
283111	9.13328011e-05
283112	0.00113110144
283113	0.002045303848
283114	0.0008201632382
283115	0.0003931129393
283116	0.004173345728
283117	0.0002608232703
283118	0.00192439132
283119	0.002134802925
283120	2.088510785e-05
283121	0.001824569032
283122	0.003020013522
283123	0.00546769794
283124	0.002713120726
283125	0.0002425852778
283126	0.004365803855
283127	0.002203120285
283128	0.002301184052
283129	0.0002467604952
283130	0.0005177878865
283131	0.002453743409
283132	0.0005313654878
283133	0.001669169953
283134	8.451976034e-05
283135	0.0003487041218
283136	0.0006510211671
283137	0.003063778941
283138	0.001454035424
283139	0.001026080987
283140	9.293973527e-05
283141	0.003074131274
283142	0.001093972431
283143	0.0003036696971
283144	0.00111221729
283145	0.0002945831966
283146	0.0003253867613
283147	0.0008418814775
283148	0.0008742859206
283149	0.0001573211734
283150	0.001501880461
283151	0.0004275599552
283152	0.0001784104497
283153	0.001778379178
283154	0.001653977946
283155	0.0005412409492
283156	0.001454579114
283157	0.0006591855041
283158	0.000892704591
283159	0.001249062828
283160	0.001901911191
283161	0.002877791893
283162	0.002774520327
283163	0.0003107637896
283164	0.0003987561287
283165	8.036218506e-06
283166	0.001134687936
283167	0.0001639717526
283168	0.000123581238
283169	0.001058082388
283170	0.002012004422
283171	0.001842095802
283172	0.003482300697
283173	0.0007096365293
283174	0.0007295931702
283175	0.0001293710662
283176	0.0001509151848
283177	0.002867500954
283178	0.001250179183
283179	0.002217618071
283180	0.002061690442
283181	0.0007698403447
283182	0.0005229112735
283183	0.002026005941
283184	0.0001272136438
283185	0.0001471950797
283186	0.0008443417053
283187	0.0005080437883
283188	0.002929387117
283189	0.0002608555855
283190	0.002242112316
283191	0.001611145928
283192	0.0003561234329
283193	0.0001478261001
283194	0.0009064605539
283195	0.001587083275
283196	0.003177588947
283197	0.002013843402
283198	0.0001838331302
283199	0.0001634572338
283200	0.003128460818
283201	0.0006171847329
283202	3.721845482e-06
283203	0.0001157833514
283204	0.0005430290039
283205	0.0005767580917
283206	0.003593308613
283207	0.0002517770633
283208	0.0009525240763
283209	0.000475116388
283210	0.0002789198396
283211	0.002726290946
283212	0.000940661228
283213	0.0001060157882
283214	0.001202223532
283215	0.002631949753
283216	0.0004056953887
283217	0.0006923033399
283218	1.741143406e-05
283219	0.0006367481465
283220	0.0006414137538
283221	0.0002784343838
283222	0.0003788507191
283223	0.00168503553
283224	0.0001694007283
283225	0.0008835452491
283226	0.0005783122473
283227	0.001167648496
283228	0.001211044864
283229	0.0003954099018
283230	0.0001657154368
283231	0.001564641577
283232	0.00127167889
283233	0.001602028344
283234	0.0004907797759
283235	0.000395549699
283236	0.0005641273712
283237	0.001284115731
283238	0.0005687821401
283239	0.0005965789515
283240	0.001334531458
283241	0.003386866314
283242	0.0006931830644
283243	0.002454153052
283244	0.00235050802
283245	0.001087374423
283246	0.00111342778
283247	0.0002703254801
283248	0.00183811368
283249	0.0009902460885
283250	6.007881603e-05
283251	0.001518650135
283252	0.0008168009432
283253	0.0007014206573
283254	0.0003168328411
283255	0.0048526996
283256	0.001889905562
283257	0.000533139056
283258	0.00167001934
283259	0.0005793141476
283260	0.0007391561946
283261	0.0003442746668
283262	0.0005572298179
283263	0.0003403306397
283264	0.001408151589
283265	0.001177649787
283266	0.0004565073832
283267	5.163601221e-05
283268	0.001133368732
283269	0.0005764521951
283270	0.0002345598824
283271	0.0009700258506
283272	0.001274921932
283273	0.004940373822
283274	0.0001500503766
283275	0.001578313241
283276	0.0004263336713
283277	0.0007805931453
283278	0.0005379240091
283279	0.002817691341
283280	0.0004603569205
283281	0.001122668369
283282	0.00271369238
283283	0.0004695658092
283284	0.002263600083
283285	0.0002873054294
283286	0.001794914595
283287	0.002201604817
283288	0.0001937887581
283289	0.001766204921
283290	0.001246557612
283291	0.0006106499571
283292	0.0006999459615
283293	0.000754985926
283294	0.0007976788734
283295	0.0008572400936
283296	0.001766885986
283297	0.0004173799308
283298	0.00145922151
283299	4.965819789e-05
283300	0.001094258809
283301	0.0005648150612
283302	0.001295458599
283303	0.0004811664348
283304	0.000780096094
283305	6.814582109e-05
283306	0.0005767648977
283307	0.0009346234155
283308	0.00278596406
283309	0.001362935555
283310	0.002388128897
283311	0.0004204126273
283312	1.890823389e-05
283313	0.0004136817693
283314	0.001371501669
283315	0.0009468540422
283316	0.001878224081
283317	2.528028364e-05
283318	0.002186835561
283319	0.0003231879394
283320	0.0001278425883
283321	0.001114238083
283322	0.001061393664
283323	0
283324	0.0002456478729
283325	0.0001876365735
283326	0.0009237182496
283327	0.0007078445017
283328	4.281239299e-05
283329	0.0005648150612
283330	0.001839283879
283331	0.0004113158286
283332	0.002992877654
283333	0.0004355405507
283334	0.0002375263978
283335	0.002096443374
283336	0.002110949865
283337	0.0002671231442
283338	0.001444866652
283339	6.633317185e-06
283340	0.003007466068
283341	0.002503891027
283342	0.001753357604
283343	0.00277832541
283344	0.0009727653497
283345	0.0007156318057
283346	0.001587701547
283347	0.001395675208
283348	0.001147017352
283349	0.001551562183
283350	0.0003017281487
283351	0.0008675221988
283352	0.0005537739949
283353	0.001235721216
283354	0.0003859096311
283355	0.0005592833481
283356	0.000104154256
283357	7.57028316e-05
283358	0.001353547424
283359	0.005229109265
283360	0.002706447649
283361	0.001879384051
283362	0.002298906696
283363	0.003859697327
283364	0.0003294363499
283365	0.0007532399605
283366	0.003829192335
283367	0.004045612261
283368	0.003402910845
283369	0.00178359455
283370	0.0001320222827
283371	0.0006787376887
283372	0.003590664175
283373	0.002667063568
283374	0.004140793003
283375	0.004017122864
283376	0.004787389076
283377	0.004361404699
283378	0.001114841237
283379	0.004487255651
283380	0.0021649899
283381	0.001674145388
283382	0.0009248265323
283383	0.002455475631
283384	0.003269218067
283385	0.0003094649746
283386	0.002328560742
283387	0.002599917137
283388	0.002966311512
283389	0.0004641454881
283390	0.002248258369
283391	0.003033522356
283392	0.0005790855322
283393	0.0009551481235
283394	0.0005328884667
283395	0.001280257326
283396	0.003962644559
283397	0.003874646652
283398	0.0009199206111
283399	0.001833857049
283400	0.002212186818
283401	0.000239024598
283402	0.001857376926
283403	0.0003449759157
283404	0.002472956532
283405	0.00298426275
283406	0.002452942399
283407	0.001169441377
283408	0.002441721057
283409	0.0005982684487
283410	0.002921277789
283411	0.0007617977401
283412	0.0005725552767
283413	0.0003939574782
283414	0.001163009286
283415	0.001170047092
283416	0.001114489318
283417	0.00164145032
283418	0.0001430068205
283419	0.001866323091
283420	0.001217860495
283421	0.0007631578335
283422	0.0003034817072
283423	0.001900878317
283424	0.002328321089
283425	0.002228296418
283426	0.001902922445
283427	0.0003955977905
283428	6.631299733e-07
283429	0.00105668208
283430	0.0002535292789
283431	0.002476095102
283432	0.001711820712
283433	0.001632240022
283434	0.002202700175
283435	0.0009530302811
283436	6.290501338e-05
283437	0.0003276773021
283438	0.002212586869
283439	0.0008993778654
283440	0.0008197193668
283441	0.001118500636
283442	0.00158750459
283443	0.00422375373
283444	4.216804542e-05
283445	0.0003058591455
283446	0.000857851778
283447	0.001549773415
283448	0.0030324829
283449	0.0008189660445
283450	0.001036277514
283451	0.002423003645
283452	0.002599764137
283453	0.002566776159
283454	0.000101272255
283455	0.0005156657
283456	0.002237136306
283457	0.002689563001
283458	0.0006615014935
283459	0.002100444097
283460	0.000793549272
283461	0.0006900824063
283462	0.002391450253
283463	0.001782227532
283464	0.0002597173095
283465	0.002409884724
283466	0.0002238505925
283467	0.003933237728
283468	0.0001373464501
283469	0.0002649568361
283470	0.0002919573468
283471	0.002299184358
283472	0.001090078782
283473	0.0002213494531
283474	0.0008359019051
283475	0.00273626446
283476	0.003468333977
283477	0.0006202811987
283478	0.0006723937661
283479	0.001236785079
283480	0.001910805992
283481	0.001316970428
283482	0.0006768421239
283483	0.0009358044225
283484	0.002596395997
283485	0.001868279428
283486	0.0006282722525
283487	0.0006829554686
283488	0.000230490229
283489	0.0001122645763
283490	0.0002595434394
283491	0.002883132402
283492	0.0002176264119
283493	0.0002062356959
283494	0.0001849543339
283495	0.0004227158903
283496	0.0002909843465
283497	0.0002718652714
283498	0.0004029345762
283499	0.001808537337
283500	0.003878704602
283501	0.006261610191
283502	0.005050518622
283503	0.0003861029107
283504	0.002506910625
283505	0.001795826671
283506	3.340818916e-05
283507	0.001093740274
283508	0.004543907669
283509	0.000437494223
283510	0.002051936447
283511	0.001361078155
283512	0.00350306496
283513	0.0002138885402
283514	0.006428188769
283515	0.001175992589
283516	0.0004179268961
283517	2.969221582e-06
283518	2.30253463e-07
283519	0.001383398798
283520	0.001612170442
283521	0.0003799839394
283522	0.001659295889
283523	0.002428389424
283524	0.003756397997
283525	0.0008099080487
283526	0.001342204559
283527	0.004153625017
283528	0.003909227295
283529	0.004156540202
283530	0.004025316954
283531	0.003211504204
283532	0.003344835522
283533	0.001632714469
283534	0.001058870125
283535	0.0005242921076
283536	0.003106707864
283537	0.000530470241
283538	0.0002953212522
283539	0.001233729124
283540	7.817418241e-05
283541	0.002396791337
283542	0.0004826119834
283543	0.002403739564
283544	0.001665587784
283545	0.0005234170984
283546	0.001479616448
283547	0.00245693999
283548	0.0006358351045
283549	0.00126301915
283550	0.001710564421
283551	0.002028781983
283552	0.0002731048944
283553	0.001507270049
283554	0.0008568828097
283555	0.001285534377
283556	0.0003153537988
283557	0.0007263534999
283558	0.0003951343437
283559	0.002099798906
283560	3.763698007e-05
283561	0.0002222379417
283562	0.0006570235606
283563	0.001062930128
283564	0.002285731188
283565	0.0009391767726
283566	0.003675417524
283567	0.001371513823
283568	0.0001137395747
283569	8.712799191e-05
283570	0.001137372632
283571	0.0006994933024
283572	0.002336675573
283573	0.0004931478573
283574	0.0008840499564
283575	0.0001773460998
283576	0.001249670829
283577	0.001033770047
283578	0.0002657162023
283579	0.002211875918
283580	0.001213388687
283581	0.0002877873264
283582	0.001847608757
283583	0.003399833065
283584	0.001443196927
283585	0.001427632937
283586	0.002436753296
283587	0.0007423078449
283588	0.0005055558234
283589	8.3510371e-05
283590	0.0008855144138
283591	0.00117622862
283592	0.00153533794
283593	0.0006805536865
283594	0.000388869225
283595	0.0008249045493
283596	4.920006542e-05
283597	0.0003456029102
283598	8.214405324e-05
283599	0.0007361316384
283600	1.470020014e-05
283601	0.0006098929136
283602	0.000514388174
283603	0.0009768592467
283604	0.0001547994632
283605	3.434649567e-05
283606	3.60722036e-05
283607	0.0002958474374
283608	0.0002951652011
283609	0.0001924795239
283610	0.0007420923136
283611	0.001712937391
283612	0.001443585806
283613	0.0003067455585
283614	0.0005393066487
283615	0.0004169522633
283616	0.00150045356
283617	0.001251746765
283618	0.0002868232889
283619	0.0004023543315
283620	0.0007405274203
283621	0.0004795946519
283622	0.0004462352631
283623	0.0002204353415
283624	0.000332059017
283625	0.00034219543
283626	0.0004543577321
283627	1.350820315e-07
283628	0.00287711567
283629	0.0001005662425
283630	0.002569998392
283631	0.001095693634
283632	0.0009625075173
283633	0.002448424132
283634	0.001790290628
283635	0.0002334324696
283636	0.0002132299191
283637	0.001489550604
283638	0.003284754778
283639	0.001705026633
283640	0.0006354779813
283641	0.001962874929
283642	0.002873449846
283643	0.001320780588
283644	0.000810366959
283645	0.000352091527
283646	0.001072559134
283647	0.001045385932
283648	0.0002265820127
283649	0.0002263375272
283650	0.001650626084
283651	0.001544815707
283652	0.0007191024903
283653	0.002471116949
283654	0.0001179095025
283655	0.000325170493
283656	0.0002145655125
283657	0.001333937386
283658	0.001203157816
283659	0.0005242328005
283660	0.001556827818
283661	0.000207437292
283662	0.001960902376
283663	0.0006609241352
283664	0.00218121913
283665	0.003030383853
283666	0.0001361951158
283667	0.001466337141
283668	1.812201257e-05
283669	1.195187432e-06
283670	0.001952307957
283671	0.0002372897728
283672	0.001594409996
283673	0.001672188415
283674	0.0001119713329
283675	0.001643150227
283676	5.276605617e-05
283677	0.00236556285
283678	0.001955314388
283679	0.0004615242411
283680	0.001074314676
283681	0.0005243447299
283682	0.00045713443
283683	0.001050371236
283684	0.001672691487
283685	0.001795885392
283686	0.001088113449
283687	0.0001505455821
283688	0.003469708447
283689	5.833087728e-08
283690	0.00112729412
283691	0.0007646493908
283692	0.002323611889
283693	0.0009662341503
283694	0.001339974781
283695	0.0001852626995
283696	0.001354391904
283697	0.0003914331592
283698	0.0003478570406
283699	0.002621946261
283700	0.00383493585
283701	0.0008839947974
283702	0.0002076555238
283703	0.0007973532239
283704	0.001424959883
283705	0.006783141353
283706	0.003411034508
283707	0.002277894658
283708	0.0002308916634
283709	0.000212306502
283710	0.0003349859876
283711	0.0004630895098
283712	0.001004050348
283713	0.0002056768461
283714	0.0008337081503
283715	0.0004104667171
283716	5.723247122e-05
283717	4.776691656e-05
283718	0.0004192093946
283719	0.0001908489475
283720	0.000241687717
283721	0.002027688923
283722	0.004977326625
283723	0.002121336827
283724	0.001286823333
283725	0.001994910632
283726	0.003513758921
283727	0.001301315788
283728	0.0006040297015
283729	0.001298061293
283730	0.002196187056
283731	0.001301897854
283732	0.001033124657
283733	0.0006650447253
283734	0.003530166973
283735	0.0001089737733
283736	0.0007031738064
283737	0.001913037635
283738	0.0001557338886
283739	0.0004440735412
283740	0.0001775361258
283741	0.0004481575493
283742	0.0006945385939
283743	0.0006736266497
283744	0.00177045015
283745	0.002234149744
283746	0.001112577525
283747	0.0003999221891
283748	0.0005866350319
283749	0.0004533982428
283750	0.0006624243518
283751	0.002058337717
283752	0.004883193214
283753	1.135462662e-05
283754	0.003033106297
283755	0.002162878752
283756	0.0003921904178
283757	0.0007559141314
283758	0.0006375201187
283759	0.0004514072881
283760	5.781803615e-05
283761	0.000466651321
283762	0.0002090346352
283763	0.00034068075
283764	9.663785021e-05
283765	0.0001553394471
283766	0.0005836137537
283767	6.107057629e-05
283768	0.0001603930161
283769	0.0001718350716
283770	0.0001458705886
283771	0.000150840934
283772	0.0005882364353
283773	0.002307020734
283774	0.0002620787922
283775	0.0001207022216
283776	0.000451929538
283777	3.738728913e-05
283778	0.00242225981
283779	0.000394615317
283780	0.002803909621
283781	0.0002252723556
283782	8.443095966e-05
283783	7.882001851e-06
283784	0.002728095576
283785	0.0001251186024
283786	0.00166896024
283787	0.004124934485
283788	0.0003688485464
283789	0.0004161144221
283790	0.0002349455145
283791	0.002774871021
283792	0.0002007456956
283793	0.002093693405
283794	0.0006861928949
283795	0.002166863932
283796	0.0007535857293
283797	0.004285632056
283798	0.001676852474
283799	0.002248938954
283800	0.002535390879
283801	0.0005031353041
283802	0.0007735406167
283803	0.0004346796601
283804	0.0009755859447
283805	0.0007149581417
283806	6.803393475e-05
283807	0.0007704725561
283808	0.0009235719099
283809	0.0003951664989
283810	0.0007613438916
283811	0.0005516997492
283812	0.001362949907
283813	0.001285543285
283814	0.0007561215022
283815	0.000114031288
283816	0.001062834539
283817	0.0008234400144
283818	0.001301132838
283819	0.00339920076
283820	2.888649894e-05
283821	0.001574681113
283822	0.001633604508
283823	0.001385270395
283824	0.001095325279
283825	9.511436861e-05
283826	0.001348580393
283827	0.0001661749325
283828	0.0002204543131
283829	0.0003138740427
283830	0.0002946187879
283831	0.0006367400108
283832	0.004634849134
283833	0.0006044661724
283834	0.003436635671
283835	0.0001752570579
283836	0.00126570333
283837	0.001926339982
283838	0.0001600420144
283839	0.0001777572411
283840	6.83467938e-05
283841	0.0008492889518
283842	0.001832379717
283843	0.0004035480247
283844	0.0006170225525
283845	0.001497139768
283846	0.0007275590502
283847	0.0006447479572
283848	0.0006776211212
283849	0.001494216876
283850	0.0002821951555
283851	0.0001884686648
283852	0.0002598230916
283853	0.0001820034021
283854	0.0002356061697
283855	2.91579401e-05
283856	0.0007339862729
283857	8.248804915e-05
283858	0.000483374494
283859	0.0001532540249
283860	0.0007566355377
283861	0.001053736153
283862	0.0003995873848
283863	0.001955986276
283864	0.0004718625028
283865	0.0003526932601
283866	0.0003770029498
283867	0.0004362972396
283868	0.0001116602035
283869	0.002182273198
283870	0.0006777579938
283871	0.0005692177063
283872	9.29813904e-05
283873	2.497864113e-05
283874	0.001660911518
283875	0.0001077016946
283876	0.0003957636883
283877	0.0003187244729
283878	0.0001579547457
283879	0.00134100455
283880	0.0001524016757
283881	0.003227502462
283882	4.55734948e-05
283883	0.0002886598837
283884	0.0008014942707
283885	3.761228828e-05
283886	0.001038885361
283887	6.553020986e-05
283888	0.000637127684
283889	0.0003470177765
283890	0.0005225497767
283891	2.621768798e-05
283892	0.0009928409031
283893	0.001745127186
283894	0.0008115216171
283895	0.0001456030983
283896	0.001014532483
283897	0.0003854162988
283898	0.002399267808
283899	6.618716194e-05
283900	0.0008943067439
283901	0.0001957563844
283902	0.0009764991266
283903	0.003097425348
283904	0.002561354201
283905	0.003384763952
283906	0.0006116388848
283907	0.0009807714624
283908	0.001123190846
283909	0.0003067494776
283910	0.001243721667
283911	0.0007199737423
283912	0.000248197713
283913	0.001409618955
283914	5.868377905e-05
283915	0.000397918522
283916	0.0007244246346
283917	0.0003138013929
283918	0.001516833885
283919	0.00127414842
283920	0.001312215569
283921	0.000189290276
283922	0.0003110909762
283923	0.0007090789344
283924	0.0007990002127
283925	0.0007952847984
283926	0.001081249448
283927	0.0008554220503
283928	5.3423527e-05
283929	0.00176528627
283930	0.00523450342
283931	0.00399107277
283932	0.0004255787477
283933	0.002275044371
283934	0.0004956067685
283935	0.001111775315
283936	0.0008969182265
283937	0.00262033933
283938	0.005189292354
283939	0.0009354337077
283940	0.0005421911285
283941	0.0001670543535
283942	0.004322500451
283943	0.0009125038994
283944	0.004564079781
283945	0.004176251174
283946	0.0001476616444
283947	0.0004268725715
283948	0.002493036193
283949	0.004537692681
283950	0.001444560117
283951	0.006086776863
283952	0.004134024033
283953	0.001108382063
283954	0.005565667109
283955	0.00149308782
283956	0.0007601507381
283957	0.002961491009
283958	0.004837154621
283959	0.00253482842
283960	0.003235457136
283961	0.004651662974
283962	0.0002042926898
283963	0.001646059227
283964	0.002137543071
283965	0.002592404166
283966	1.620100354e-06
283967	0.001708876413
283968	0.003197439409
283969	0.001301931693
283970	0.002874320783
283971	1.517404044e-05
283972	0.004245330688
283973	0.0002338493284
283974	0.001810581005
283975	0.003072072486
283976	0.004180077159
283977	0.0009903189218
283978	0.004339015631
283979	0.0002415059403
283980	0.003440611666
283981	0.0001506608414
283982	0.001475831997
283983	0.0005246314846
283984	0.001887821911
283985	0.001322306228
283986	0.00331911763
283987	0.001166344793
283988	0.003681945443
283989	0.003943119752
283990	0.0008016457484
283991	0.0003462166723
283992	5.900737345e-05
283993	0.002494397308
283994	0.003019792914
283995	0.0004627126425
283996	0.005526145238
283997	0.008872366484
283998	0.0007753755363
283999	0.001977345428
284000	0.000175922932
284001	0.002087337886
284002	0.001263255941
284003	0.002216297355
284004	0.001318958301
284005	0.004339988626
284006	0.0007442196108
284007	0.0003300057912
284008	0.000471994837
284009	0.000715885954
284010	0.0003074648757
284011	0.0008346527698
284012	0.001061050784
284013	0.001080626296
284014	0.001033467012
284015	0.002863364345
284016	0.001586779411
284017	0.001587195141
284018	0.001448652804
284019	0.004425165554
284020	0.00338032256
284021	0.001763888587
284022	0.003249370727
284023	0.0009172535537
284024	0.001926443566
284025	0.001858749324
284026	0.001073951367
284027	0.002605637719
284028	0.0007369477389
284029	0.002118200618
284030	0.002829461206
284031	0.002763750874
284032	0.00170490498
284033	0.0009284377533
284034	0.0007229324205
284035	0.0001270585034
284036	0.001173772596
284037	0.001911300986
284038	0.0002470531359
284039	0.001297098952
284040	0.0007074096919
284041	0.000186877662
284042	0.001221443135
284043	0.001173901952
284044	0.0008260400934
284045	0.004611960429
284046	0.0004811310348
284047	0.0009849712022
284048	0.002927709392
284049	0.0006510379614
284050	0.004684575684
284051	0.002318880056
284052	0.000478457743
284053	0.00555844901
284054	0.0001605111923
284055	0.0006790113535
284056	0.002805282697
284057	0.002718672304
284058	0.002583249988
284059	0.002482879368
284060	0.004239877524
284061	0.003555885363
284062	0.0006251945684
284063	0.0008605097262
284064	0.00046559332
284065	0.002837169929
284066	0.001845029945
284067	0.001967031911
284068	0.0001535750416
284069	0.0004569117441
284070	0.0008824718186
284071	0.00159924568
284072	0.0003391380674
284073	0.0002615445425
284074	0.0005251475775
284075	0.002582444909
284076	0.0002519740031
284077	0.00185645459
284078	0.003374070875
284079	0.005482531223
284080	0.002964770366
284081	0.003858145809
284082	0.0001949812929
284083	0.0005600049844
284084	6.917465058e-05
284085	5.307188803e-05
284086	0.0004282602143
284087	0.0006356510901
284088	0.0009704404998
284089	0.0007487109334
284090	0.0009158876818
284091	9.987462713e-05
284092	0.0004837181438
284093	9.513991892e-05
284094	0.0007079232031
284095	9.723317416e-05
284096	0.0006116867132
284097	0.0003451478828
284098	0.0001591643943
284099	0.0005695618488
284100	8.764844133e-05
284101	0.0006489785955
284102	0.000151430332
284103	0.0008649519397
284104	0.002751179256
284105	0.0004708697911
284106	0.0001987100969
284107	0.003277793214
284108	0.0009539355658
284109	0.0004704199595
284110	0.0002638873457
284111	0.00138420209
284112	0.0002322753698
284113	0.001686978311
284114	0.004182510679
284115	0.000409336465
284116	0.0009378775881
284117	0.006727340528
284118	0.0009972875457
284119	0.005982685459
284120	0.001459225254
284121	0.001915508309
284122	0.003375878528
284123	0.005341161888
284124	0.004106374826
284125	0.005427768216
284126	0.0007158353298
284127	0.001865430674
284128	0.0012351011
284129	0.002348042532
284130	0.0005060062953
284131	0.004085750963
284132	0.001217197304
284133	0.0009334076428
284134	0.0004155090392
284135	0.002400325544
284136	0.001820805333
284137	0.003144881065
284138	0.001203097506
284139	7.250024835e-06
284140	0.0006357724767
284141	0.0006257494994
284142	0.0006042505187
284143	0.0005578154961
284144	9.880504214e-05
284145	0.000495023662
284146	0.0009618025787
284147	0.002174018465
284148	0.001018863277
284149	0.001553464789
284150	0.0007867672224
284151	0.0005708013218
284152	0.0008246320198
284153	0.002235169199
284154	0.001323666692
284155	0.0008808297597
284156	0.0001100197085
284157	0.001266376232
284158	0.0006727547264
284159	0.0008599296749
284160	0.0001155344621
284161	0.001558500533
284162	0.00308657478
284163	5.462501465e-05
284164	1.694232392e-05
284165	0.00220222806
284166	0.0004370483785
284167	0.0001405290016
284168	0.0006629760752
284169	0.0009440367418
284170	0.001255389262
284171	0.0005710824335
284172	0.0001508406616
284173	0.001411719316
284174	0.0007896363151
284175	0.001352847947
284176	0.001238222654
284177	0.0009004971233
284178	0.0003532751923
284179	0.0002487339653
284180	0.000232238943
284181	0.0007832790009
284182	0.0009165957608
284183	0.001995425343
284184	0.002543662413
284185	0.001500112428
284186	0.001347548143
284187	0.0008341348156
284188	0.000395057144
284189	0.0009735451754
284190	0.0007845410924
284191	0.001215701595
284192	0.0009987904322
284193	1.684094416e-05
284194	0.0001447823931
284195	0.001195195109
284196	0.00136188329
284197	0.003256335507
284198	0.001021902674
284199	0.000449119332
284200	0.001001198868
284201	0.001026362287
284202	0.0007571419449
284203	0.0001750771443
284204	0.0001754479201
284205	0.0009775399663
284206	0.0006708164289
284207	0.0001119301068
284208	0.0003919826036
284209	0.001720742311
284210	0.0003538021022
284211	6.827512131e-06
284212	0.001204881045
284213	0.001229106097
284214	0.001426193617
284215	0.0004498421177
284216	0.001078928663
284217	0.0003684400844
284218	0.0008445963351
284219	0.001168063236
284220	0.001514284546
284221	0.001049807388
284222	0.0004450833062
284223	0.001635098197
284224	0.001905987161
284225	0.0005865883281
284226	0.001877933037
284227	0.001392749242
284228	0.0004797860569
284229	0.001777540608
284230	3.337279401e-05
284231	0.001208881786
284232	0.00136789662
284233	0.001930222357
284234	0.002276548474
284235	0.001805837958
284236	0.002094669885
284237	0.001660264573
284238	0.001765601007
284239	0.004160423311
284240	0.0002386647552
284241	0.002304680132
284242	0.0008790383137
284243	0.0005892612758
284244	0.0008687300952
284245	1.526874688e-05
284246	0.0005849771976
284247	0.001515407326
284248	0.002090022824
284249	0.0005382947751
284250	0.0005291291003
284251	0.0005628917616
284252	0.000188032606
284253	0.0009403757282
284254	0.00168027674
284255	0.001467480946
284256	0.0001985220667
284257	6.697720555e-05
284258	0.003103161521
284259	7.728886157e-05
284260	0.0003583717531
284261	0.0009015735794
284262	0.001225577017
284263	0.002072802978
284264	0.001175843943
284265	0.002363360758
284266	0.003396356129
284267	0.001353001191
284268	0.0005442365075
284269	0.002465435377
284270	0.0001629641007
284271	0.0001411335037
284272	0.001335170666
284273	0.003437307381
284274	0.001519225919
284275	0.0001762194875
284276	0.002989764137
284277	0.006189902449
284278	0.001480131947
284279	0.0001617094442
284280	0.002130486409
284281	0.0005612417768
284282	0.0007113136747
284283	0.0014723045
284284	0.0009856839672
284285	0.00185135991
284286	0.003591130673
284287	0.002925470198
284288	0.002711694792
284289	0.0001214487321
284290	0.009365042151
284291	0.00190899837
284292	8.827958277e-05
284293	0.0001992914496
284294	0.001658952802
284295	0.001461139059
284296	0.000969352481
284297	0.001747460961
284298	0.002376673592
284299	0.003748835935
284300	0.001229501328
284301	0.0004396132718
284302	0.002509944118
284303	0.001200896123
284304	0.001457574633
284305	0.003891562312
284306	0.0007863516199
284307	0.002187182222
284308	0.003565738688
284309	0.001063464951
284310	0.002412814983
284311	3.453795285e-05
284312	0.00268741741
284313	0.003851703088
284314	0.003102468197
284315	0.0009952234136
284316	0.004848073086
284317	0.0005852971436
284318	0.0006673331736
284319	0.0020885267
284320	0.003684357019
284321	0.000974737082
284322	0.0008691590917
284323	0.001102246821
284324	0.001646126808
284325	0.004532145768
284326	0.0004327558801
284327	0.001222565676
284328	0.0003136316123
284329	0.00090047168
284330	0.002196543607
284331	0.0008640786827
284332	0.001894402255
284333	0.0006033667142
284334	0.0003831686236
284335	0.001598267338
284336	0.002184540172
284337	0.00117342272
284338	0.001018114254
284339	0.001962487085
284340	0.001638406518
284341	0.002470626241
284342	0.002265538867
284343	0.001259785027
284344	0.002522901885
284345	0.000591022944
284346	0.0005922182271
284347	7.13821273e-05
284348	2.543795281e-05
284349	0.003669853456
284350	0.001658538807
284351	0.004399953019
284352	0.000687219175
284353	0.002815926138
284354	0.004710052076
284355	0.00713908535
284356	0.001615104124
284357	0.001655269862
284358	0.0003417540149
284359	0.0008022982152
284360	0.0002781700175
284361	0.000377866263
284362	0.00103555309
284363	0.00178231434
284364	0.003074796223
284365	0.003372753017
284366	0.002670693937
284367	7.327163034e-05
284368	0.000827843846
284369	0.0008814843961
284370	0.0005165545986
284371	0.00070153193
284372	0.001437201479
284373	0.0009503380907
284374	0.0004054639847
284375	9.757925588e-05
284376	0.001107089572
284377	0.004145313114
284378	0.002846790026
284379	0.0005688701091
284380	2.789439687e-05
284381	0.003738443783
284382	0.0009937146419
284383	0.005353481215
284384	0.0008226312857
284385	0.0001118947002
284386	0.00687272841
284387	0.00184145322
284388	0.001769879311
284389	0.002677790476
284390	7.492910021e-06
284391	0.00101166959
284392	0.003353165869
284393	0.0008845409867
284394	0.0002396803122
284395	1.997924163e-05
284396	6.543606009e-05
284397	7.621546034e-05
284398	0.0001319507086
284399	0.001934966942
284400	0.0001140124078
284401	0.0001161013471
284402	0.001104333987
284403	0.0001766009474
284404	0.001140488183
284405	0.0002540564939
284406	9.287459451e-05
284407	1.034567469e-06
284408	0.0001027223919
284409	0.0003251832304
284410	0.002018121001
284411	0.001020813257
284412	0.0002274503801
284413	0.0009260652558
284414	0.005637319061
284415	0.001016764824
284416	6.0044717e-05
284417	0.0002829957296
284418	0.001509673536
284419	0.001265149539
284420	0.000335552608
284421	0.003489562172
284422	0.002955413603
284423	0.0004350694683
284424	2.79321376e-05
284425	0.002510360112
284426	0.0001780113386
284427	0.000344340149
284428	5.921482071e-05
284429	0.0001126074424
284430	7.101443261e-05
284431	0.000608833524
284432	0.0002885122309
284433	0.0002737201031
284434	0.002649591775
284435	5.7872959e-05
284436	0.000562042131
284437	0.001012935314
284438	0.0001090131446
284439	0.0001258405996
284440	0.005139251376
284441	0.0001212280372
284442	0.0002027788832
284443	6.543881579e-05
284444	5.320505195e-06
284445	0.0005253377217
284446	0.0001239136641
284447	3.901160196e-05
284448	0.0005899190567
284449	0.0001340962089
284450	0.0001224877519
284451	0.0001933095289
284452	0.0005179632224
284453	0.001679340007
284454	0.0005834388504
284455	0.001447508562
284456	0.0001245979227
284457	8.729195546e-05
284458	0.0002450508188
284459	0.001431731078
284460	0.003040497773
284461	0.004121547803
284462	0.0026864597
284463	0.001826379183
284464	0.0005990167666
284465	0.0005934594958
284466	0.001883397911
284467	0.0004313224066
284468	0.001173598276
284469	0.0002315522629
284470	0.002663961606
284471	0.003008800817
284472	0.006089112583
284473	0.001820341486
284474	0.003380320988
284475	0.0007487701043
284476	0.0001994540854
284477	0.0004040897681
284478	0.0009106003388
284479	0.002327827966
284480	0.002206767565
284481	0.001754421811
284482	0.0009077695052
284483	0.001011660823
284484	0.00130499889
284485	0.002422169967
284486	0.002515977438
284487	0.003376359013
284488	0.0007832096788
284489	0.0003837255973
284490	0.003200748525
284491	0.001306530019
284492	0.001535659335
284493	0.001582718727
284494	0.003175468085
284495	0.003237622553
284496	0.0008210949844
284497	0.001550101692
284498	0.002948315105
284499	0.002569603879
284500	0.0005244187524
284501	0.0001969769899
284502	0.003038415946
284503	0.001409223375
284504	0.0007865467837
284505	0.0003487789513
284506	0.004501982342
284507	0.0002312695138
284508	0.0006488302968
284509	0.001582251799
284510	0.000276535921
284511	0.0006391569268
284512	0.0004197590285
284513	1.277245855e-05
284514	0.001735954986
284515	0.0003100796122
284516	0.0003909495297
284517	0.001062799214
284518	0.003514167449
284519	0.001746974269
284520	0.0005620063752
284521	0.0007685080114
284522	0.001220145248
284523	0.002174037023
284524	0.003787711233
284525	0.000147628129
284526	0.00015073116
284527	9.032796804e-05
284528	0.0003728401847
284529	0.001434515527
284530	0.0002047369061
284531	0.002533665962
284532	0.0002597833074
284533	0.0006012452667
284534	0.002824710279
284535	0.0008109643908
284536	0.001616193026
284537	0.0006154848871
284538	0.0009835861958
284539	0.0005316361391
284540	1.936017218e-05
284541	0.006131465971
284542	0.0003603717813
284543	0.001253156838
284544	0.0007478919244
284545	0.0006985770471
284546	0.0008794032485
284547	0.0006380862861
284548	0.0008769772286
284549	0.0005476687182
284550	0.002353336159
284551	0.0004889561526
284552	0.001284711456
284553	0.004667680497
284554	0.0006043758407
284555	2.603980727e-05
284556	0.0001920861323
284557	0.00611855443
284558	8.443656672e-05
284559	0.0006020689755
284560	0.0007277312814
284561	0.002087533539
284562	0.0001779517149
284563	0.00218355355
284564	0.007899089027
284565	0.002314961433
284566	0.001474290906
284567	0.001845542652
284568	0.004393419022
284569	0.001155618147
284570	0.00245235029
284571	0.002751561106
284572	0.0003710929126
284573	0.0008193947227
284574	0.001850046309
284575	0.002998150891
284576	0.0006520214657
284577	0.0003232002688
284578	0.001662771362
284579	0.0005722692305
284580	0.0004915306877
284581	0.001108344856
284582	0.0001539805277
284583	0.001060334041
284584	0.0005391204729
284585	0.0008605527686
284586	0.001633994288
284587	0.0006702580328
284588	0.003551908578
284589	0.0008421738639
284590	1.331220649e-06
284591	0.0004041706844
284592	0.001046916632
284593	0.000716738687
284594	0.0002488170218
284595	9.077958379e-05
284596	0.003058005092
284597	0.0007654803043
284598	0.0005180450939
284599	0.001829060363
284600	0.001290444266
284601	0.0008240708776
284602	0.0007854259528
284603	0.0001850661644
284604	0.001722901446
284605	0.000754566155
284606	0.004203668789
284607	0.000905700545
284608	0.0001650004354
284609	0.0004583754985
284610	0.002897962262
284611	0.0005471953318
284612	0.002282790499
284613	0.0005136245028
284614	0.001631548818
284615	0.0001691211276
284616	0.003555444834
284617	0.0005122707808
284618	0.005450593841
284619	0.003257447904
284620	0.000169552453
284621	0.0005701629144
284622	0.001009887532
284623	0.002083972103
284624	0.002866741595
284625	0.002359953895
284626	0.001522099771
284627	0.001503863398
284628	0.001336202433
284629	0.000357319129
284630	0.0001089984842
284631	0.002849084636
284632	0.002944366428
284633	0.002029204774
284634	0.001365812241
284635	0.00402537583
284636	0.0007150491488
284637	0.0008939311127
284638	0.001785436338
284639	0.000442624953
284640	0.0004453570288
284641	0.003282840967
284642	8.595331584e-06
284643	0.002584586428
284644	0.0003800928733
284645	0.005695487474
284646	0.000140896149
284647	0.000231876152
284648	0.0007597925561
284649	0.0004108924149
284650	0.0007964628437
284651	0.0006155527963
284652	0.0008173892241
284653	0.0009745200495
284654	0.0002964154992
284655	0.0006572508166
284656	8.709305499e-06
284657	2.465216092e-05
284658	0.0002367882548
284659	0.0009989916592
284660	0.0001388405771
284661	2.461639245e-05
284662	0.0004229559442
284663	0.0005930389773
284664	0.0001328379187
284665	2.834908464e-05
284666	0.0001222061746
284667	0.001876876404
284668	0.0003706280296
284669	0.0001753447816
284670	0.0001453615948
284671	0.001202084421
284672	3.795448316e-06
284673	0.000112013603
284674	0.0002832510518
284675	0.0009442091595
284676	0.0001026388742
284677	0.0001684012834
284678	1.015055e-05
284679	0.0001358657596
284680	0.0001110422013
284681	1.151982719e-05
284682	0.0004786767738
284683	0.0006123079698
284684	3.92962696e-05
284685	4.58615664e-05
284686	0.0003696679721
284687	8.819101018e-05
284688	0.0004026438935
284689	0.0003498698969
284690	9.304389974e-05
284691	0.001323218704
284692	0.00040886184
284693	0.0003763204137
284694	0.0001476323877
284695	0.0004817289683
284696	5.074982876e-05
284697	0.000125202746
284698	0.001211553254
284699	0.0006207866105
284700	0.0001469851501
284701	0.0001020580506
284702	5.424442989e-05
284703	0.0009442937496
284704	0.0001070590244
284705	0.0001121581724
284706	0.000256704701
284707	0.001201321538
284708	0.0001943012861
284709	0.0002403052693
284710	9.733975436e-05
284711	0.0007724906231
284712	0.0001310982322
284713	0.000260885454
284714	0.0001519313119
284715	0.001237097222
284716	0.001087075102
284717	0.0007844481102
284718	0.0004204507447
284719	0.0002347682235
284720	0.0001043415245
284721	0.0002985018832
284722	0.0004144581155
284723	0.0005482570165
284724	0.001084570936
284725	3.595659417e-05
284726	0.0003926547292
284727	0.0003141822212
284728	0.0002078837844
284729	0.0002108135612
284730	9.397441438e-05
284731	0.0009876379399
284732	0.0001679313488
284733	0.0004681343886
284734	0.0001977977996
284735	0.0003566878048
284736	0.000796350296
284737	0.0004089419525
284738	9.808625847e-05
284739	5.700387714e-05
284740	0.0008609908894
284741	0.0001593914353
284742	0.0006491948638
284743	0.0004351578374
284744	0.0007416918443
284745	0.0002893595869
284746	0.0003288339614
284747	1.397714064e-06
284748	0.0001580606266
284749	7.019334805e-05
284750	0.0005525993975
284751	0.0001139009267
284752	0.0001272617835
284753	9.435844791e-06
284754	0.0009410447993
284755	0.0005936173739
284756	0.0003185357863
284757	0.0005671762762
284758	0.0008509853017
284759	0.0001995963078
284760	0.0002379729383
284761	0.0002070994129
284762	0.0002961424993
284763	0.0003043526505
284764	3.571655037e-05
284765	7.184743182e-05
284766	0.0007301686128
284767	0.0004945357038
284768	6.981125721e-05
284769	0.0004267885423
284770	9.681655985e-06
284771	6.902757581e-05
284772	1.755825012e-05
284773	0.0003675930293
284774	0.0007866541941
284775	0.0001536796346
284776	0.0006672167115
284777	0.0004692852621
284778	0.0003962307481
284779	0.0001320379769
284780	0.0001943302814
284781	0.001081311479
284782	1.051294168e-05
284783	1.389692795e-05
284784	5.724295639e-05
284785	2.677867962e-05
284786	1.76359762e-05
284787	0.000653705842
284788	0.0004022947032
284789	0.0003285452248
284790	0.0001173758112
284791	0.0004106717052
284792	0.0008314271527
284793	0.0003964364032
284794	0.001030664484
284795	1.247019744e-05
284796	0.0004096677635
284797	6.261007904e-05
284798	1.68063396e-05
284799	0.0001367406956
284800	0.0001077556682
284801	0.0001048310901
284802	0.000164698537
284803	0.0006640547455
284804	0.0003257585238
284805	0.0005665172102
284806	7.140150669e-06
284807	0.0003213687236
284808	5.252277367e-05
284809	0.0002206108262
284810	0.0001306875061
284811	0.0001112960991
284812	0.0009686506526
284813	0.001174828824
284814	1.562167065e-05
284815	5.757990362e-05
284816	0.0009170070062
284817	0.0005654979599
284818	2.716535546e-05
284819	4.914446382e-05
284820	0.0001591724789
284821	0.000435766505
284822	0.0006935040712
284823	0.0002293348752
284824	0.0003348316024
284825	0.0004581552977
284826	0.0003826916017
284827	0.0001485500573
284828	0.0001803691266
284829	0.0003950453143
284830	0.0007635865075
284831	4.227614918e-05
284832	0.0001701490477
284833	4.532317097e-05
284834	0.0004957346598
284835	1.192924933e-05
284836	3.548879266e-05
284837	0.0007800419626
284838	0.0001018482238
284839	8.973201019e-05
284840	0.0001503623958
284841	0.0002657698372
284842	0.001486444665
284843	0.0003378600337
284844	0.0001807859512
284845	0.001928607078
284846	0.000585783011
284847	0.000621880427
284848	0.0001108903288
284849	0.0001021033795
284850	2.357301015e-05
284851	3.996044294e-05
284852	0.0002663751094
284853	0.003583371478
284854	0.0002247228495
284855	1.780859033e-05
284856	0.0001061014799
284857	0.000163923794
284858	0.0004053994743
284859	3.670525117e-05
284860	0.000207644084
284861	0.001511195422
284862	6.625715986e-05
284863	0.0001806684734
284864	0.0004285473701
284865	0.00078829521
284866	5.120191414e-05
284867	0.0001293413914
284868	0.0003875051919
284869	0.0001005133945
284870	0.0001201603735
284871	8.172365433e-05
284872	0.0001852641175
284873	0.0002905408333
284874	0.0001557151662
284875	9.180560281e-05
284876	0.0001101343134
284877	0.001514214682
284878	0.0005858591321
284879	0.0002445856771
284880	0.0001321622394
284881	0.0003197901975
284882	3.830236461e-05
284883	0.0003662084007
284884	0.0002161644357
284885	0.0002685388762
284886	0.0001618066309
284887	0.0003644399998
284888	0.0004101563204
284889	9.007972208e-05
284890	0.0001224235306
284891	0.0001690595983
284892	0.000508379149
284893	0.001665386656
284894	0.0005741021149
284895	0.000236738101
284896	1.575909e-06
284897	0.0003267918499
284898	0.0001990930574
284899	0.0001540574856
284900	0.0001482944337
284901	0.001511452672
284902	0.0001958388696
284903	0.0001817578455
284904	0.0003347346246
284905	8.850105124e-05
284906	0.0003217968966
284907	0.0004342868743
284908	0.0001250586872
284909	0.001138520859
284910	0.0005096095671
284911	0.0002562649812
284912	0.0003631938767
284913	9.203352438e-05
284914	7.247354404e-05
284915	0.0002050031407
284916	0.0002273513892
284917	0.0007092967956
284918	2.13653881e-06
284919	0.0001518056047
284920	0.0001219904001
284921	0.0004545157421
284922	6.940829896e-05
284923	0.0006578552499
284924	0.0003350489852
284925	9.654165657e-05
284926	0.0004863251566
284927	5.082426881e-05
284928	0.0005878781716
284929	0.001394499998
284930	0.0009537459489
284931	0.0006849024048
284932	1.073174139e-05
284933	0.0007265366611
284934	0.000473732044
284935	1.56224509e-05
284936	0.001285839842
284937	0.0001015459859
284938	0.0004293147243
284939	0.0001804562839
284940	0.0003390965486
284941	0.000364123702
284942	0.0002017438852
284943	0.0001761420015
284944	4.895005467e-05
284945	0.0002204604068
284946	5.002328708e-07
284947	1.223254869e-05
284948	1.093431149e-05
284949	4.776555959e-05
284950	0.0001340488366
284951	0.0005124441943
284952	0.0002757090342
284953	0.0008868177531
284954	0.000145344811
284955	0.0002397831855
284956	0.0002869570538
284957	0.000263858357
284958	0.0004210342996
284959	0.0005960966466
284960	0.0002083177477
284961	6.503835346e-05
284962	1.533162632e-05
284963	0.0001311941317
284964	0.0004056329507
284965	1.678045734e-05
284966	0.0003209548475
284967	0.0004517195147
284968	0.001127202874
284969	0.001123302122
284970	5.434911546e-05
284971	1.688457743e-05
284972	0.0003167757594
284973	0.002918911026
284974	0.0001291520124
284975	0.0001853968593
284976	0.0005551809454
284977	9.460752155e-05
284978	0.0003517619365
284979	0.0001502641751
284980	0.0002620324242
284981	0.0005057858293
284982	0.0005858995582
284983	0.0001534128271
284984	0.0003959274874
284985	0.0001032344064
284986	0.0002312267437
284987	0.0006956167263
284988	0.0001589978768
284989	0.0004656933708
284990	0.0001086329652
284991	6.135783169e-05
284992	0.0002535372071
284993	7.684247664e-05
284994	0.0002885427096
284995	0.0001010005998
284996	0.0006685348903
284997	0.0001644968259
284998	0.000137789101
284999	0.0002543180097
285000	0.0001032461057
285001	0.0001201193082
285002	0.0007561965677
285003	0.0002626524843
285004	0.0005421790331
285005	0.0002645735252
285006	0.0006761479686
285007	0.0004079496444
285008	0.0003493654163
285009	7.497766801e-05
285010	1.156300434e-06
285011	0.0002534934923
285012	0.0004553602283
285013	9.929115807e-05
285014	0.0002249673082
285015	0.0007936887018
285016	0.0004483968685
285017	0.0008353909879
285018	0.0001401750543
285019	7.373508969e-06
285020	0.0001078382449
285021	8.495111861e-05
285022	0.0001994948638
285023	1.565055054e-05
285024	0.0003682002273
285025	0.001097929334
285026	8.629472197e-05
285027	0.0005586249318
285028	0.0001459782766
285029	0.001600251395
285030	0.0008128096937
285031	0.0004524101712
285032	0.0005265702648
285033	0.0008048521379
285034	0.0006647262494
285035	8.541654655e-05
285036	0.0003087507925
285037	9.30913862e-05
285038	8.733163683e-05
285039	0.0001782534558
285040	7.323528128e-05
285041	4.468261162e-05
285042	0.0005029815354
285043	0.0001927152739
285044	0.0001620602902
285045	0.0004680323138
285046	0.0003018653383
285047	0.0001239504791
285048	0.0001748910759
285049	5.712749011e-05
285050	9.196458637e-05
285051	0.0001271209213
285052	0.0006406244469
285053	4.995677167e-05
285054	8.954076949e-05
285055	0.0002388908934
285056	0.0005393939573
285057	0.0001816195337
285058	0.0002633829467
285059	0.0001420396601
285060	1.609918736e-05
285061	0.0001659878913
285062	0.0001728187141
285063	0.0002735092723
285064	7.892007565e-05
285065	0.002435759304
285066	9.989084358e-05
285067	0.0002010431098
285068	0.0002510120747
285069	0.0007485116672
285070	0.0003758858122
285071	0.001015834059
285072	0.0001370555708
285073	0.002628773622
285074	0.0003719275492
285075	0.0003069530998
285076	0.000517639811
285077	0.001025659857
285078	4.834161489e-05
285079	1.612823464e-05
285080	0.0002211118731
285081	1.277594183e-05
285082	0.0004352706483
285083	0.0009158702135
285084	0.001118507795
285085	0.002945234845
285086	4.647415973e-05
285087	0.002116348189
285088	0.003794208012
285089	0.003076603342
285090	0.002027614245
285091	0.00142872871
285092	0.0001412910488
285093	0.001367248143
285094	0.001093891608
285095	0.0003033310456
285096	0.0001017315397
285097	0.0003068860126
285098	2.051687963e-05
285099	6.078390693e-06
285100	0.0009267119653
285101	5.900481149e-05
285102	0.0003569017852
285103	0.0003411988064
285104	0.0005982702581
285105	0.0002776293046
285106	0.0003434796877
285107	0.0001385417726
285108	0.0006807336387
285109	0.0001011013185
285110	0.001954607933
285111	0.0004656529959
285112	0.000566550138
285113	0.001278291539
285114	0.001522449844
285115	0.001312363152
285116	0.002374837329
285117	0.000137817438
285118	0.002871342321
285119	0.0005475734102
285120	0.002047576621
285121	0.001533450082
285122	0.00448533161
285123	0.003579612668
285124	0.002223887402
285125	0.0001438774694
285126	0.00342376329
285127	0.002096513039
285128	0.001025853024
285129	0.003138742253
285130	0.001916986395
285131	0.001993666009
285132	0.0009441944421
285133	0.0007965363345
285134	0.002978019839
285135	0.000114039778
285136	4.250181723e-05
285137	0.002057409281
285138	0.001255534725
285139	0.0001417905455
285140	0.002702049272
285141	0.001627615073
285142	0.0007866424397
285143	0.003875310007
285144	0.001113780419
285145	0.001076196149
285146	0.004774998569
285147	5.617980214e-05
285148	0.001261042896
285149	4.277550624e-05
285150	0.00120107962
285151	0.0005003098853
285152	0.001005049475
285153	0.0006785086866
285154	0.002094855392
285155	0.0009783727856
285156	0.0001249266457
285157	0.001768418251
285158	0.0008342635828
285159	0.000997116313
285160	0.000577731926
285161	0.001231217052
285162	0.0003734774299
285163	0.0009991040704
285164	0.0009704451874
285165	1.53289065e-06
285166	7.22105871e-05
285167	0.0005257231845
285168	0.0002987776676
285169	0.0002112698098
285170	0.001711717682
285171	0.002507636529
285172	0.0009783544571
285173	0.001980572923
285174	0.0003299747669
285175	0.001337458053
285176	0.001706622408
285177	0.001576529757
285178	0.001074858149
285179	0.00198374556
285180	0.0008202620662
285181	0.0006673851557
285182	0.0009391713155
285183	0.0002332297413
285184	8.450912861e-05
285185	0.0003378577408
285186	0.0007787463884
285187	0.0003704334659
285188	0.0008949838678
285189	0.0001516481937
285190	0.001182608318
285191	0.0007962249334
285192	0.002124082593
285193	0.00186392095
285194	0.001209029783
285195	8.452798019e-05
285196	0.00083369387
285197	0.00103483443
285198	0.0002341432972
285199	0.001498735761
285200	0.001252800017
285201	0.000616685159
285202	0.001254122682
285203	0.0007236787146
285204	0.0007463775111
285205	0.0004294212695
285206	0.0002975311747
285207	0.0002135758981
285208	0.00074602048
285209	0.0009380593919
285210	0.002963330641
285211	0.0007694580587
285212	0.0002368349832
285213	0.001432620459
285214	0.001456140673
285215	0.0008513382446
285216	0.001451181678
285217	3.036148808e-07
285218	1.249345918e-06
285219	8.59758379e-05
285220	0.001680444618
285221	0.00142573962
285222	0.001721120573
285223	0.0003745333569
285224	0.0002975086296
285225	0.002128810143
285226	0.0003298240134
285227	0.0005593929761
285228	0.0007843051316
285229	0.001486337283
285230	0.000795662769
285231	0.0006991152312
285232	0.0007196714636
285233	0.0004640632126
285234	0.001277879449
285235	0.001915958179
285236	0.0005625587284
285237	0.0005784569556
285238	0.00157278297
285239	9.587455827e-05
285240	0.0003757969701
285241	0.0003173246817
285242	0.0003922637159
285243	0.0009608321707
285244	0.001450858766
285245	0.0005983852999
285246	0.001306786853
285247	0.001642680156
285248	0.001370103554
285249	8.800018108e-05
285250	0.0006197877769
285251	0.000936263247
285252	0.001151774423
285253	0.001295397952
285254	0.0009666685183
285255	0.0001374016391
285256	0.001690574137
285257	0.002364869654
285258	0.002456585211
285259	0.0006827598553
285260	3.771170052e-05
285261	0.002438745595
285262	0.0007177791506
285263	0.0007070518647
285264	0.0008923977154
285265	0.000578852964
285266	0.0006050937135
285267	3.675001455e-05
285268	5.136473667e-05
285269	0.0001348835855
285270	0.00185773177
285271	0.0006581476768
285272	0.000715566284
285273	0.0001328897234
285274	0.0011911835
285275	0.0009415053443
285276	0.001485710814
285277	0.001224059822
285278	0.0002981101269
285279	0.001208978648
285280	0.0002233521076
285281	0.0007233051702
285282	0.0006037636131
285283	0.001651110008
285284	0.0001233767022
285285	0.0002429957278
285286	0.001259710237
285287	0.0006892621617
285288	0.002239196405
285289	0.002204745181
285290	0.001296788348
285291	0.001878739862
285292	0.000188230307
285293	0.0001549903777
285294	0.0008718259917
285295	0.001014884072
285296	0.001457083049
285297	0.0006858545404
285298	0.0001888596841
285299	0.0004826926863
285300	0.0008532998789
285301	0.0007300603063
285302	0
285303	0.000977491107
285304	0.0005319057686
285305	0.0004302204715
285306	0.0008622547901
285307	0.001476814112
285308	0.0009171898758
285309	0.00109827586
285310	0.001030852413
285311	0.001396675819
285312	0.0001133751815
285313	0.001263818603
285314	0.0005518469688
285315	0.001534117807
285316	0.000329379027
285317	0.0005937288471
285318	0.001576884425
285319	0.0009474728143
285320	0.0004860464367
285321	0.0004939019226
285322	0.0001075212553
285323	0.0003486029568
285324	0.00102836721
285325	0.0002380459839
285326	0.0009037963756
285327	0.000182566514
285328	0.001860103658
285329	0.0004207700205
285330	0.001205651119
285331	0.001118910522
285332	0.001798346493
285333	0.001395221684
285334	0.0008979551258
285335	0.002795040483
285336	0.0004696478053
285337	0.001003448885
285338	0.0007631067689
285339	0.000147161021
285340	0.0007670868096
285341	0.002201130369
285342	0.0004833533435
285343	0.001667621903
285344	2.97541311e-05
285345	0.0003893484445
285346	0.002038749739
285347	0.0003062028671
285348	0.001083611017
285349	0.00071099065
285350	0.0006380325985
285351	0.001067340937
285352	0.004327275684
285353	0.002038907434
285354	6.759723856e-05
285355	0.001076166972
285356	0.002369632924
285357	0.0008647243272
285358	0.0009297598232
285359	0.0009860582591
285360	0.002083434639
285361	0.001413736541
285362	0.001438526138
285363	0.000178072001
285364	0.0008808972712
285365	0.0005637541926
285366	0.0006073307996
285367	0.0001943640883
285368	0.001611248936
285369	0.000529763402
285370	0.000931054138
285371	0.001111165568
285372	2.573160059e-05
285373	0.0009459924252
285374	0
285375	0.002516008771
285376	0.001040573758
285377	0.001831694702
285378	0.0003769348016
285379	0.0004765223977
285380	0.0006531201816
285381	0.0002081167992
285382	0.001651853782
285383	0.001753871032
285384	0.0007923144271
285385	0.001301067259
285386	3.530416975e-05
285387	0.0006731961064
285388	0.001073642582
285389	0.0008964847971
285390	0.0001639967604
285391	0.0004140343865
285392	0.00112531353
285393	0.0003213697992
285394	0.002001459157
285395	0.002122733458
285396	0.001444820555
285397	8.88472258e-06
285398	0.001118791314
285399	0.0008099520141
285400	1.61279759e-06
285401	0.001302216825
285402	0.00160412469
285403	0.002775764334
285404	0.001469982263
285405	0.0009608506573
285406	0.0005589959368
285407	0.001050394066
285408	0.001878427109
285409	0.002927421556
285410	0.004909028355
285411	0.001705322026
285412	0.001358794881
285413	0.002212665562
285414	0.0007343419572
285415	0.001988278135
285416	0.001453174535
285417	0.003738234047
285418	0.0008014555764
285419	0.004231714465
285420	0.002041714573
285421	0.001294441333
285422	0.002461510609
285423	0.003610314537
285424	0.009496498575
285425	0.0005682558344
285426	0.0004489647978
285427	0.0001094684656
285428	0.001128094021
285429	0.003960073603
285430	0.00405065273
285431	0.008066811695
285432	0.004997178932
285433	0.001743028219
285434	0.00423017965
285435	9.733430929e-05
285436	0.01058127411
285437	0.0008570264618
285438	0.003937317474
285439	0.00903962349
285440	0.008386171216
285441	0.003411155621
285442	0.005898284607
285443	0.003726478342
285444	0.00571006148
285445	0.001816115526
285446	0.004419591529
285447	0.003188625555
285448	2.7672989e-06
285449	0.003258026282
285450	0.000976092171
285451	0.000585268687
285452	0.002271720578
285453	0.002416182876
285454	0.000652816117
285455	0.001309646915
285456	0.001364156398
285457	3.991020747e-05
285458	0.004732291357
285459	0.000345890108
285460	0.001761328351
285461	0.00125226977
285462	0.0007730594449
285463	0.003681762865
285464	0.0005918774876
285465	0.0038029982
285466	0.006876904258
285467	0.002132837354
285468	0.0009598542582
285469	0.006060191309
285470	0.001736398542
285471	0.005589782493
285472	0.0001676660453
285473	0.001027293807
285474	9.402090819e-05
285475	0.003128162465
285476	0.005142620702
285477	0.001952787634
285478	0.002034528716
285479	0.005642995865
285480	0.001881776081
285481	0.002468904229
285482	0.000779730079
285483	0.000277766149
285484	0.001178969059
285485	0.002379426431
285486	0.005968615381
285487	0.0008177816629
285488	0.001568084078
285489	0.001860178581
285490	0.003414318459
285491	0.004129027894
285492	0.001875431678
285493	0.0004729458223
285494	0.0002705798826
285495	3.385373167e-06
285496	0.0006086194561
285497	0.001417275311
285498	0.002081324175
285499	0.006686110791
285500	0.00145639011
285501	0.002242195758
285502	2.868900451e-06
285503	0.0008479891422
285504	0.006380483118
285505	0.002095842484
285506	0.002387148201
285507	0.0001634954497
285508	0.0009613057693
285509	0.0008292176601
285510	0.003408263044
285511	4.343294362e-05
285512	0.000141264593
285513	0.001711160769
285514	0.003232771994
285515	0.001006882874
285516	0.002150796068
285517	0.0002349058874
285518	0.002453472404
285519	0.003994706756
285520	0.0001840182941
285521	0.001969659398
285522	0.001169685856
285523	0.0005412229845
285524	0.0007519893017
285525	0.002093565808
285526	0.0003472893127
285527	0.00157911064
285528	0.00138414437
285529	0.0009281568131
285530	0.0006496042789
285531	0.004357461206
285532	0.0009253051336
285533	0.001695392222
285534	0.00290447619
285535	0.0001176781357
285536	0.0004426451529
285537	0.0001563918997
285538	0.005305153016
285539	0.002331231406
285540	0.003037984498
285541	0.004298335865
285542	0.0007160212818
285543	0.006720992613
285544	0.000473739462
285545	0.0027272538
285546	0.000981712364
285547	0.00258206572
285548	0.00478693827
285549	0.001368979177
285550	0.002676884742
285551	0.002179150212
285552	0.004335647067
285553	0.004660621358
285554	0.001821758692
285555	0.002601352527
285556	0.00513991204
285557	0.002854390547
285558	0.0005007434887
285559	0.0006017396583
285560	0.0006127678297
285561	0.001245577992
285562	0.002765001276
285563	0.0003190682271
285564	0.0006682760947
285565	0.002040016675
285566	0.003598621002
285567	0.003502826837
285568	0.001159823877
285569	0.004490402945
285570	0.001066140123
285571	0.001166380904
285572	0.0004502710832
285573	0.000824879116
285574	0.0009848958757
285575	0.002133137748
285576	0.001320025949
285577	0.003806483996
285578	0.001540196611
285579	0.0003829018994
285580	0.0007234642408
285581	0.004203663614
285582	0.002287293359
285583	0.004714653484
285584	0.00574409067
285585	0.0009935599863
285586	0.002325111272
285587	0.003701364718
285588	0.0008533482383
285589	5.175091677e-05
285590	0.00652164332
285591	0.003935236632
285592	0.006551465651
285593	0.0005195885999
285594	0.005887192253
285595	0.003191661337
285596	0.0002266297398
285597	0.004906408616
285598	0.003948663494
285599	0.000838886717
285600	0.002451912665
285601	6.153642393e-05
285602	0.00387557421
285603	0.0007126031596
285604	0.0003655154295
285605	0.004406044387
285606	0.002026636306
285607	0.002178971501
285608	0.002545020845
285609	0.0003238968993
285610	0.0003830888018
285611	0.0005330363634
285612	3.159292984e-05
285613	0.001226365369
285614	1.58192628e-05
285615	0.002997570615
285616	0.001563289175
285617	0.003971164578
285618	0.0004735268064
285619	0.002815423762
285620	0.003693060877
285621	0.003540021146
285622	0.00363169747
285623	0.003421537646
285624	0.0004346500331
285625	9.053266533e-05
285626	0.002575718603
285627	0.0001036919052
285628	0.0007569847027
285629	0.00035534733
285630	0.004892296515
285631	0.003038762347
285632	0.0001019941823
285633	0.0003789276656
285634	0.0002306436478
285635	0.004188685687
285636	0.002366545477
285637	0.0007470686357
285638	0.003338003493
285639	0.001830336909
285640	0.002003692011
285641	0.003050807315
285642	0.002223324403
285643	0.0006297541117
285644	0.002649595893
285645	4.860906446e-08
285646	0.003426446357
285647	0.00406483748
285648	0.00327220188
285649	0.004193842991
285650	0.003943024788
285651	0.002607929624
285652	0.003657835176
285653	0.003160073987
285654	0.004368161421
285655	0.0006386024109
285656	0.003417908209
285657	0.0004224903417
285658	0.002506275347
285659	0.0007361876225
285660	0.004738393543
285661	0.004179262256
285662	0.0004266901899
285663	0.0019469439
285664	0.001074042249
285665	0.003300537089
285666	0.003332156715
285667	0.0008768733578
285668	0.003326484903
285669	0.002677431179
285670	0.0008740139549
285671	0.00323264607
285672	0.001706985974
285673	0.004448216065
285674	0.00150474699
285675	0.003135612941
285676	0.0003486441417
285677	0.001286517358
285678	0.003757081619
285679	0.002507697977
285680	0.003344658337
285681	0.002764498261
285682	0.0004060732438
285683	0.0003217000331
285684	0.0006231439123
285685	0.00044131128
285686	0.003852265314
285687	0.003067640574
285688	0.003519327221
285689	0.001560784972
285690	0.00417770424
285691	9.668646789e-05
285692	0.005152891597
285693	0.003956583637
285694	2.553255068e-07
285695	0.0006573156695
285696	0.00136180487
285697	0.000252427972
285698	0.0004152790443
285699	0.001405578746
285700	0.00230910588
285701	0.0001392297056
285702	0.0001541730359
285703	0.0006509908833
285704	0.001865832263
285705	0.0009515404613
285706	0.0002083860849
285707	0.001531423885
285708	0.00233329237
285709	0.0005068655495
285710	0.0008269844777
285711	1.092936438e-06
285712	0.002206788231
285713	0.0003560878048
285714	0.001176718522
285715	0.002021208835
285716	0.0009804891554
285717	0.001938963948
285718	0.001282665824
285719	0.001445164369
285720	0.001818364363
285721	0.0004568225834
285722	0.0001065685608
285723	0.001541813494
285724	0.001475681819
285725	0.001229052291
285726	0.001671381431
285727	0.001189599482
285728	0.0004221788386
285729	0.0006277353704
285730	0.0005587239232
285731	0.001349178516
285732	0.001651070538
285733	0.001843960337
285734	0.002645399072
285735	0.002057043308
285736	0.0004607424346
285737	0.001222566416
285738	0.0007775357877
285739	0.001305584021
285740	0.0008294384655
285741	0.0009009099942
285742	0.002241435686
285743	0.0005332319727
285744	0.001498959385
285745	0.001111558437
285746	0.001174144434
285747	0.0002564261521
285748	0.0008703280124
285749	0.0003485595129
285750	0.0005742026824
285751	0.001207776978
285752	0.001644584026
285753	0.001274594787
285754	1.520696204e-06
285755	0.0004423651183
285756	6.474504699e-05
285757	0.0005851129545
285758	0.002284356707
285759	0.0006668521921
285760	0.002281910904
285761	0.001815964834
285762	0.0007752004319
285763	0.001862794812
285764	0.0004301520504
285765	2.227830173e-06
285766	0.001613434546
285767	0.0009221234865
285768	0.002650878579
285769	0.00111314685
285770	0.001004988279
285771	0.002459985854
285772	0.0002297644703
285773	0.00162164398
285774	0.001183100627
285775	0.00176154606
285776	0.001118017095
285777	0.00113426616
285778	0.001943967148
285779	0.001948210131
285780	0.001721670694
285781	0.001056958286
285782	0.002280824108
285783	0.002170913446
285784	0.0009635885477
285785	0.001017413093
285786	0.001855028928
285787	0.002220066948
285788	0.0006671893273
285789	0.002174299062
285790	0.0003169029747
285791	0.0009727763609
285792	0.000318761978
285793	0.002297154579
285794	0.001089620313
285795	0.0004649948747
285796	0.0001001974601
285797	0.0007546735096
285798	0.001529214173
285799	0.0006389192845
285800	0.001626212761
285801	0.0002320338579
285802	0.001774763084
285803	0.001372026875
285804	0.001232239718
285805	0.0004244191942
285806	0.002323050052
285807	0.000321832926
285808	0.002283837358
285809	0.001227568219
285810	0.0003361328658
285811	0.0005823080583
285812	0.001597800067
285813	0.0005942939075
285814	0.001192474562
285815	4.377885843e-06
285816	0.001631461533
285817	0.001687187562
285818	0.001540634985
285819	0.000604675232
285820	0.0002168171531
285821	0.001248194214
285822	0.001353308078
285823	0.0006816954133
285824	0.001209882702
285825	0.001732542087
285826	0.0009934772067
285827	0.0001986839322
285828	0.001928452776
285829	0.0003283925983
285830	0.001804009508
285831	0.0008525969666
285832	0.001907583911
285833	2.43115229e-05
285834	0.0001190953406
285835	0.001723556459
285836	0.0005131370393
285837	0.001055398988
285838	0.001836115804
285839	0.001225306018
285840	0.0007360274791
285841	0.001598523318
285842	0.001971965157
285843	0.001712319272
285844	0.0002142316229
285845	0.0003669046837
285846	0.001729684518
285847	0.001808611761
285848	0.001425136814
285849	0.001045521074
285850	0.002044943468
285851	0.002289059507
285852	0.000762964097
285853	0.001520165892
285854	0.0002709447949
285855	0.002080782847
285856	0.001068812058
285857	0.0007100463666
285858	0.002179176976
285859	0.0004513340911
285860	0.0009686987396
285861	1.774486688e-06
285862	0.002172506634
285863	0.001461021064
285864	0.0009044670828
285865	0.001780931079
285866	0.001491808992
285867	0.002106236168
285868	0.001183641254
285869	0.001523873237
285870	0.001285808982
285871	0.0005284834516
285872	0.002165476774
285873	0.001167773548
285874	2.098263553e-05
285875	0.0003402299821
285876	0.002175498165
285877	0.000330966055
285878	0.00185471206
285879	0.0002258641734
285880	0.0005292080337
285881	0.0001224479127
285882	0.001324893694
285883	0.001577410642
285884	0.001461018296
285885	0.0001113588563
285886	0.001096791964
285887	0.001405471651
285888	0.000766896489
285889	1.054560861e-06
285890	0.001131766852
285891	0.0004511781019
285892	0.0007968467944
285893	6.133500107e-05
285894	0.002696572103
285895	0.0009372950859
285896	0.003085886311
285897	0.001347607319
285898	0.0001976512664
285899	0.002415553799
285900	0.0009737305079
285901	0.003465472136
285902	0.004566226984
285903	0.001919007231
285904	0.000925370587
285905	0.0008747092128
285906	0.001280668825
285907	0.0007695096295
285908	0.000940376591
285909	0.0003481657967
285910	0.000933820464
285911	0.001009821136
285912	0.0004757206567
285913	0.0003308824534
285914	0.0003527540962
285915	0.001588543718
285916	0.00169915561
285917	0.0008951725674
285918	0.000924069774
285919	0.0003535164591
285920	0.0008099406907
285921	0.0008079960841
285922	0.0004745806622
285923	0.0008577837619
285924	0.001468834399
285925	0.0004611519488
285926	0.001263186486
285927	0.000942418048
285928	9.530060735e-05
285929	0.0001096249725
285930	0.005086583719
285931	0.00160138654
285932	0.001520057551
285933	0.0002766412496
285934	0.0002341753413
285935	0.001954629086
285936	0.0004711438926
285937	0.002783626615
285938	0.003192058509
285939	0.00315695196
285940	0.0007219698729
285941	0.002176453663
285942	0.001435082919
285943	0.002623639301
285944	0.0004092526943
285945	0.0005603527734
285946	0.0004349532698
285947	0.002404664747
285948	0.001277674546
285949	0.0009510568668
285950	0.0006997758353
285951	0.003809301436
285952	0.0005713621936
285953	0.002347005745
285954	0.003230856991
285955	0.001200428272
285956	0.001043271346
285957	0.002664949636
285958	0.001663030363
285959	0.001845217771
285960	4.561654438e-05
285961	0.0008303674302
285962	0.001972243469
285963	0.003174895461
285964	0.002936254197
285965	0.001196388994
285966	0.0008818875635
285967	0.00204502022
285968	0.001891549954
285969	0.001293082384
285970	0.001553490211
285971	0.0001665178961
285972	0.0003587204259
285973	0.001108032927
285974	0.001517867714
285975	0.003415651954
285976	0.0005471492314
285977	0.001276164497
285978	0.00109100133
285979	0.002598407319
285980	0.006043624744
285981	0.002033760562
285982	0.0008490155349
285983	0.002216982426
285984	0.0003367973302
285985	0.003009912121
285986	0.0006997307171
285987	0.002743117241
285988	0.001373560638
285989	0.003527211316
285990	5.391909197e-05
285991	0.001216616371
285992	0.0009014690015
285993	0.001245554051
285994	0.002629394016
285995	0.0015169915
285996	0.002276957888
285997	0.002694242408
285998	0.0005133683791
285999	0.0008412842883
286000	0.0003025318601
286001	0.0001594831943
286002	0.003242117107
286003	0.003398555686
286004	0.002187716958
286005	0.0005566225225
286006	0.001316900907
286007	0.001385509417
286008	0.0006986947265
286009	0.0006176181294
286010	0.004065270705
286011	0.003360180264
286012	6.123749683e-05
286013	9.212577703e-05
286014	0.003054673563
286015	9.551770773e-05
286016	0.003266430441
286017	6.396090789e-05
286018	0.0066507613
286019	8.186310022e-06
286020	0.003812154933
286021	0.0002247464016
286022	0.001072271861
286023	0.0001573440479
286024	0.002195209487
286025	0.003226409067
286026	0.002400370727
286027	0.000595209823
286028	0.004098566536
286029	0.00169786954
286030	0.005278180499
286031	0.0006006514599
286032	0.002789243402
286033	0.003805020855
286034	0.002517027995
286035	0.009792229509
286036	4.238500151e-06
286037	0.007407257307
286038	0.0007873235367
286039	0.001660990059
286040	0.0004906455521
286041	0.0009558270225
286042	0.0005590478887
286043	0.001430687553
286044	0.001360476805
286045	0.0006252174614
286046	0.005869254489
286047	0.0009149584986
286048	0.001539986777
286049	0.0004787981911
286050	0.0003034649509
286051	0.0005502001907
286052	0.003020913041
286053	0.001244157763
286054	0.0008749008618
286055	0.0003063746544
286056	0.003908856404
286057	1.698394724e-05
286058	6.065247172e-05
286059	0.000722028547
286060	0.001322604967
286061	0.001641660189
286062	0.0007120797277
286063	0.0001238473679
286064	0.003252908748
286065	0.0001572558939
286066	0.001086468321
286067	0.0005197930879
286068	0.002663944319
286069	0.0002025371343
286070	0.003094231771
286071	0.006705646766
286072	0.0007126515841
286073	0.001255852691
286074	0.006184201741
286075	0.0006016785666
286076	0.0007930975769
286077	0.0007370102079
286078	0.002012272329
286079	0.001282299784
286080	0.001323038346
286081	0.0008642812554
286082	0.002125222123
286083	0.0007924248253
286084	0.0008958933532
286085	0.001010491471
286086	0.0006181709638
286087	0.000601220607
286088	0.0006658274218
286089	0.001350188504
286090	0.0008417630067
286091	0.0009581048806
286092	0.000780815323
286093	0.00156392849
286094	0.001070677593
286095	0.001085041413
286096	0.0008405119906
286097	0.0008688460044
286098	0.0007242924627
286099	0.001739825262
286100	0.001036548848
286101	0.0007696589679
286102	0.000489368295
286103	0.0006684892271
286104	0.001304850345
286105	0.0007166033662
286106	0.0001858642874
286107	0.0008489914734
286108	0.0004686653971
286109	0.00105183204
286110	8.515592979e-05
286111	0.0008572669416
286112	0.001896317607
286113	0.0002275324483
286114	0.0002017235673
286115	0.001088047249
286116	0.001329537455
286117	0.001391698507
286118	0.0005244658689
286119	0.0001663620199
286120	0.0007857319315
286121	0.0006998374937
286122	0.0001584814322
286123	0.001516280961
286124	0.000434892964
286125	0.0008129250794
286126	0.0007296619183
286127	0.001840536903
286128	0.0001780832278
286129	0.0009135999679
286130	0.0009135144857
286131	0.0006454511002
286132	0.001193779475
286133	0.0005993825069
286134	0.00102436186
286135	0.000770049575
286136	0.00018658947
286137	0.0008629296392
286138	0.0007005007425
286139	0.0009889357806
286140	0.0004339110543
286141	0.001222373842
286142	0.000160555159
286143	0.0001124040287
286144	0.000979633509
286145	0.001352029925
286146	0.001778187997
286147	0.001558313032
286148	0.002067527753
286149	0.0007405971383
286150	0.0008932455639
286151	0.0006311065014
286152	0.0005158361584
286153	0.0008218465833
286154	0.001138444153
286155	0.001509793354
286156	0.0007720605325
286157	0.002768459084
286158	0.0006803491902
286159	0.002842240129
286160	0.0004079971612
286161	0.0006067640038
286162	0.001264466566
286163	0.0008827894524
286164	0.0004020356971
286165	0.002270020073
286166	0.00124695209
286167	0.0009375480349
286168	0.0007549885408
286169	4.071822833e-05
286170	0.0007804233657
286171	0.0007240393166
286172	0.001525202218
286173	0.001107346339
286174	0.0001665132228
286175	0.00104357634
286176	0.001109781913
286177	0.001354350535
286178	0.0008353144403
286179	0.001187681246
286180	0.000938702853
286181	0.001509734448
286182	0.0009993380943
286183	0.0005915441593
286184	0.0001894107652
286185	0.00106008583
286186	0.0007313272702
286187	0.002084735116
286188	0.0005374093089
286189	0.00127433831
286190	0.00136521366
286191	0.0007446636382
286192	0.001004624695
286193	0.0002699776163
286194	0.001268408134
286195	0.0008805203954
286196	0.0001798649148
286197	0.0005647574622
286198	0.0009752504827
286199	0.0003490334767
286200	0.001376304638
286201	0.0008014089311
286202	0.001651178932
286203	0.000921382914
286204	8.172733722e-05
286205	0.001263300453
286206	0.002113500235
286207	0.0004196435067
286208	0.002334313112
286209	0.0008113717867
286210	0.0007762092188
286211	0.002243476117
286212	0.0009557727826
286213	6.811365682e-05
286214	0.001622530408
286215	0.0004908752358
286216	0.0001631774599
286217	0.0007214057907
286218	0.0002977845988
286219	0.0001271520731
286220	0.004347305337
286221	0.0002315098814
286222	0.0008230665297
286223	0.001901385717
286224	3.732998427e-05
286225	0.0009239427968
286226	0.0003298546848
286227	9.388756309e-05
286228	0.0006552973656
286229	0.001336324426
286230	0.00135932734
286231	0.0008003575228
286232	0.0008609080019
286233	0.000993065817
286234	0.001011803114
286235	0.00111389639
286236	0.0005616572271
286237	0.0008740736803
286238	0.0003115497531
286239	0.00157027901
286240	0.001212607804
286241	0.000982581798
286242	0.0008888770595
286243	0.001174400909
286244	0.0006662683417
286245	0.001587402685
286246	0.0001813098814
286247	0.0005990337891
286248	0.0008155109535
286249	0.0004076604353
286250	0.0005138546803
286251	0.001692913385
286252	0.0006191097695
286253	0.00305644218
286254	0.002103002778
286255	0.0003679699299
286256	0.000136351287
286257	0.0006038870681
286258	0.001043417216
286259	0.000529741616
286260	0.0009554097876
286261	0.001428694995
286262	0.001040435226
286263	0.001077284335
286264	0.001117132425
286265	0.000502949242
286266	0.0009192933999
286267	0.0009439918082
286268	0.0008438455713
286269	0.0004099227619
286270	0.0008515680703
286271	0.0003993113583
286272	0.0008692731322
286273	0.0003815599341
286274	0.001210731886
286275	0.003430824945
286276	0.0007990896959
286277	0.0004844374466
286278	0.0008729471541
286279	0.0001946022944
286280	0.001133560062
286281	0.0004252170169
286282	0.001773970478
286283	0.001180979668
286284	0.000577229523
286285	0.001508456558
286286	0.0007952424212
286287	0.0007227342691
286288	0.001070951275
286289	0.00142996192
286290	0.0007397698975
286291	0.0008156606898
286292	0.0002023086343
286293	0.0005299765107
286294	0.0008939324221
286295	0.0001714721015
286296	0.000272137858
286297	0.0008367928442
286298	0.001054505748
286299	0.0004460917421
286300	0.001048791607
286301	0.00106035626
286302	0.0004301415592
286303	0.001109895729
286304	0.0007713246802
286305	0.0001067598531
286306	0.0008966398439
286307	0.0005133908597
286308	0.001655204935
286309	0.001169803005
286310	0.0002702094163
286311	0.001016646737
286312	0.001025558659
286313	4.474808091e-06
286314	0.001072261244
286315	0.0009639165595
286316	0.0003441472263
286317	0.001177015161
286318	0.002176144647
286319	0.001265450964
286320	5.49482587e-06
286321	0.002151140173
286322	0.0007436183712
286323	0.0009817432873
286324	3.888472753e-05
286325	0.0008147079768
286326	0.0008586642476
286327	0.000642655633
286328	0.0003616947328
286329	0.0002725053312
286330	0.001870017268
286331	0.001193147437
286332	0.0008284644874
286333	0.002001173245
286334	0.0008304371326
286335	0.0006561893146
286336	0.001118862368
286337	0.0009122245341
286338	0.0008223115638
286339	0.0005452765769
286340	0.0007645388654
286341	0.0008087908414
286342	0.002536003428
286343	2.260268456e-07
286344	0.0001888133125
286345	0.000770611501
286346	0.0003748186641
286347	0.0007660618889
286348	0.0006764719912
286349	0.0007763640671
286350	0.001353264656
286351	0.0009938551118
286352	0.0003711579012
286353	0.0007395468012
286354	0.001101320858
286355	0.0004578733861
286356	0.000678019115
286357	0.0008598486276
286358	0.0004726114334
286359	0.001223031267
286360	0.0007037794309
286361	9.217537366e-05
286362	0.0001952290723
286363	0.0005151151165
286364	0.001847755369
286365	0.002263127806
286366	0.0001322611165
286367	0.0005581044389
286368	0.001859150709
286369	0.00039771546
286370	0.0004912015723
286371	0.002771105628
286372	0.002541793273
286373	0.0001194617647
286374	0.000462138457
286375	0.0009395039196
286376	0.003463453174
286377	0.001067804917
286378	0.0007112094195
286379	0.0007452740047
286380	0.001117215779
286381	0.001129870569
286382	0.001071302851
286383	0.0008920225833
286384	0.001498937212
286385	0.0005200705234
286386	0.0003746934735
286387	0.00182484002
286388	0.003082020524
286389	0.0008637552884
286390	0.001530185947
286391	0.001187637249
286392	0.0009620239167
286393	0.0008301333987
286394	0.0001467969782
286395	0.004094149321
286396	0.0003116005183
286397	0.001102583973
286398	0.0007248344266
286399	0.0002090684197
286400	0.001426010683
286401	1.454653893e-05
286402	0.0002387343988
286403	0.001781973253
286404	0.001160144872
286405	0.001043021855
286406	0.001212743802
286407	0.003685294436
286408	0.003281548737
286409	0.001055935826
286410	0.001112877073
286411	0.0003984006228
286412	0.000160861434
286413	0.0002425219053
286414	0.0003937317888
286415	6.446055826e-06
286416	0.0008220687195
286417	0.0002216530848
286418	0.001083819382
286419	0.001371582918
286420	0.001446904516
286421	0.002397023234
286422	0.000667263006
286423	0.0007123053364
286424	0.0005519974796
286425	0.0006117054194
286426	0.0007511978661
286427	0.0004012256413
286428	0.0004846416273
286429	0.0004239757578
286430	0.002775616341
286431	8.036889699e-05
286432	1.96045421e-05
286433	0.001210905564
286434	0.0007070696825
286435	0.0002735864295
286436	0.000766319092
286437	0.001521099035
286438	0.0007489489002
286439	0.0005156276354
286440	0.001050166739
286441	0.002994704479
286442	0.0009834767832
286443	0.0005315131171
286444	0.002060176825
286445	0.000747158944
286446	0.000594082811
286447	0.0006134874481
286448	0.00149667099
286449	0.0005397775447
286450	0.001661636686
286451	0.0007611473799
286452	0.001108095542
286453	0.0009096135937
286454	0.002511971146
286455	0.0006121196156
286456	0.0007352531344
286457	0.001537759667
286458	0.0009354051425
286459	0.0005482242535
286460	0.001062112472
286461	0.001033933084
286462	0.0004697375326
286463	0.002094910206
286464	0.0009918005665
286465	0.0007220845944
286466	0.002180809606
286467	0.001082844037
286468	0.001131840764
286469	0.001023023118
286470	0.001349047778
286471	0.00117017221
286472	0.0008315069848
286473	0.0008805506972
286474	0.0004789328043
286475	0.0009682776215
286476	0.0005774575883
286477	0.0008557739257
286478	0.0005211731513
286479	0.0005237096994
286480	0.0008073823543
286481	0.0006325488473
286482	0.00152261268
286483	0.0004894842444
286484	0.0008732139986
286485	0.0005516153418
286486	0.0001194998446
286487	0.0009861848123
286488	0.0003953311198
286489	0.003987679777
286490	0.001202936799
286491	0.0006330489368
286492	0.003348407682
286493	0.001365673336
286494	0.00399865246
286495	0.00170429171
286496	0.00143196624
286497	0.000527361014
286498	0.003755332332
286499	0.003177024303
286500	0.0007322515664
286501	0.001193992285
286502	0.0008323085592
286503	0.001477089138
286504	0.0009678217025
286505	3.662290983e-05
286506	0.001783952641
286507	0.0006393312827
286508	2.446649313e-05
286509	0.0001032472537
286510	0.002104905071
286511	0.0008843284354
286512	0.0002235366763
286513	0.001664982629
286514	0.003398483528
286515	0.001070734405
286516	0.001227611586
286517	0.001756214743
286518	0.001300924331
286519	0.000398832429
286520	0.00458246727
286521	0.003370852413
286522	0.003584967997
286523	0.001241827869
286524	0.003923848822
286525	0.0008335134193
286526	0.002909116961
286527	0.001846360152
286528	0.004915208409
286529	0.002426508923
286530	0.001905611145
286531	0.0008664625553
286532	0.005266591887
286533	0.006387908191
286534	0.002460176894
286535	0.0006064870039
286536	0.0004760657811
286537	0.00404946046
286538	0.001441082469
286539	0.0004146412705
286540	0.0009010134701
286541	0.003822871631
286542	0.0005645149108
286543	0.0001895709176
286544	0.004107550877
286545	0.001256894095
286546	6.604355444e-05
286547	0.0001250764555
286548	0.0003700691783
286549	0.002142635064
286550	0.0009057268696
286551	8.398883173e-05
286552	0.0006157086237
286553	0.0005830451307
286554	0.002071370125
286555	0.002696452972
286556	0.000527567519
286557	0.002900717583
286558	0.002519925451
286559	0.0002007974843
286560	0.001627880874
286561	0.0001175336455
286562	0.002895966741
286563	0.0003362266756
286564	0.0002906961233
286565	0.00129047475
286566	0.0008261937916
286567	0.002478545349
286568	0.001014367028
286569	0.001079660602
286570	0.0003890790997
286571	0.00173310026
286572	0.004379186769
286573	0.0008908314472
286574	0.0003368859777
286575	0.001097880646
286576	0.0005374735262
286577	0.0006166996591
286578	0.00239452987
286579	0.004483008561
286580	0.001279929338
286581	0.001388807684
286582	0.002332926963
286583	0.001944232203
286584	0.00358400812
286585	0.000479021385
286586	0.0006731918888
286587	0.001477272812
286588	0.0008049942298
286589	0.005629062235
286590	0.0007999801734
286591	0.002129817421
286592	0.003312539658
286593	0.00623507804
286594	0.002702797121
286595	0.0006470800815
286596	0.001233044602
286597	0.00011124153
286598	0.003294445811
286599	0.001879270714
286600	0.001505007904
286601	0.006424025783
286602	0.001935123673
286603	0.001833812918
286604	0.001637183188
286605	5.909802086e-05
286606	0.0005758347313
286607	0.0007538988527
286608	0.004084855663
286609	0.0007797589444
286610	0.0004210203819
286611	0.003198471296
286612	0.00122330607
286613	0.0007176907007
286614	0.0006752734312
286615	0.0004507947073
286616	0.001415207585
286617	0.001648063345
286618	0.004825125578
286619	0.001192302242
286620	0.002843010639
286621	0.0007129168002
286622	0.001709881656
286623	0.000976230694
286624	0.001858406486
286625	0.0006849306586
286626	0.004273872495
286627	0.004521485696
286628	0.002925855543
286629	0.002275189603
286630	0.002925778049
286631	0.0004957220063
286632	0.00130807335
286633	0.0005484044694
286634	0.0003729520132
286635	0.001108434212
286636	0.001396558237
286637	0.005995748309
286638	0.001215686275
286639	1.157573248e-05
286640	0.00205071856
286641	0.0004817555713
286642	0.004736225618
286643	0.002300224969
286644	0.0005565327111
286645	0.0001920560397
286646	0.001485289578
286647	0.003198968687
286648	2.444346262e-05
286649	0.0004258619342
286650	0.003358145538
286651	0.001871433722
286652	0.002665684873
286653	0.0003111207401
286654	0.0004024780381
286655	0.001320696372
286656	0.00334374757
286657	0.002030531119
286658	0.004562994326
286659	0.002701175345
286660	0.007007107082
286661	0.00336871544
286662	0.003147669644
286663	0.001413378366
286664	0.001612229782
286665	0.0002058497891
286666	0.0008465640502
286667	0.000222723331
286668	0.0003806908893
286669	0.0005809786045
286670	0.0006075761174
286671	0.0008262417935
286672	0.0001472730165
286673	0.0008860757559
286674	0.0005127589046
286675	0.0006575415685
286676	0.001967436707
286677	0.001294726363
286678	0.002441156519
286679	0.001331004248
286680	0.001639187394
286681	0.0006738864608
286682	0.0007257452296
286683	0.0005263376568
286684	0.0005457120838
286685	0.0002344639846
286686	0.0002105261706
286687	0.00135739043
286688	0.0002072303327
286689	0.0004781292333
286690	0.0004228087385
286691	6.007970853e-05
286692	0.0008409085917
286693	0.001239978579
286694	0.0003185722726
286695	0.0001221360223
286696	0.0009068428091
286697	0.000253296864
286698	0.0004018188104
286699	0.000571600963
286700	0.0006863579418
286701	0.0006210522757
286702	0.0002301808888
286703	0.00201933894
286704	0.0003896317413
286705	0.0008117856269
286706	0.0009132314707
286707	0.001245270133
286708	0.001278584076
286709	0.001085400896
286710	0.0006625356193
286711	0.0005510497965
286712	0.0004343057315
286713	0.0003080836865
286714	0.0002302151246
286715	0.0008248686141
286716	0.001126364868
286717	4.397173866e-05
286718	0.0005674498806
286719	0.000978225909
286720	0.0007121484471
286721	0.0009594972812
286722	0.00114644653
286723	0.00098943523
286724	0.0009984668924
286725	0.001117962767
286726	0.001606689172
286727	0.0006507971377
286728	0.000243215752
286729	0.001319223025
286730	0.0007814384375
286731	0.0002891669691
286732	0.0007480330964
286733	0.0004680299254
286734	0.0002540073323
286735	0.0007938524956
286736	0.0001420389381
286737	0.0008123196191
286738	0.0005944731295
286739	0.0008777840008
286740	0.0007506339486
286741	0.0008882828931
286742	4.456622085e-05
286743	0.0003685353131
286744	0.0007451640311
286745	0.0006628619482
286746	0.001137021278
286747	0.000514446567
286748	0.0006487321857
286749	0.002215538118
286750	0.0004005316462
286751	0.0001475033502
286752	0.0005921492233
286753	0.001245789392
286754	0.0009923111654
286755	0.00118833296
286756	0.001073818216
286757	0.001020666164
286758	0.001764942035
286759	0.001622704454
286760	0.001435592551
286761	0.0008712236862
286762	0.001047594314
286763	0.001321543864
286764	0.00153437604
286765	0.001011171709
286766	0.001555819643
286767	0.001173201559
286768	0.00102758368
286769	0.001825420266
286770	0.0004424996911
286771	0.0005276555947
286772	0.0004955625828
286773	0.001422762568
286774	0.0001947241042
286775	0.00401246654
286776	5.309097911e-05
286777	0.004939600648
286778	0.001414414222
286779	0.003860352201
286780	0.001442888375
286781	0.0006924589887
286782	0.0006199743885
286783	0.003750232825
286784	0.004727537334
286785	0.0009724465205
286786	0.004633459439
286787	0.001293975579
286788	0.001501357603
286789	0.002960978339
286790	0.0009124761663
286791	0.001945033843
286792	0.0004936834862
286793	0.0009198259173
286794	0.001248650378
286795	0.0007595098731
286796	0.0003748115744
286797	0.0005957253552
286798	0.003430609568
286799	0.0001147170153
286800	0.0005801152403
286801	0.0002988351778
286802	0.002344554157
286803	0.001495343167
286804	0.000462387401
286805	0.0009509535978
286806	0.000412470479
286807	0.005130130713
286808	0.001529307898
286809	0.0005173340041
286810	0.001517178997
286811	0.0005843793994
286812	0.0009040061687
286813	0.0008479622495
286814	0.0009384759081
286815	0.000437682866
286816	0.001283995832
286817	0.0009600630881
286818	0.0007658400069
286819	0.001733433968
286820	0.001402017501
286821	0.001424627263
286822	0.001213211047
286823	0.0002005287787
286824	0.000549701742
286825	0.001171776434
286826	0.0005545423066
286827	0.0003164731541
286828	0.0007934620439
286829	0.0005031185402
286830	0.0001775860251
286831	6.01992005e-05
286832	0.001414027965
286833	0.0004238878926
286834	0.0004401582965
286835	0.0007455637548
286836	0.001505694473
286837	0.001116310623
286838	0.001036985658
286839	0.001210004752
286840	0.001818212071
286841	0.001028889949
286842	0.0005793756897
286843	0.0005037148551
286844	0.0007741467881
286845	0.0009479952856
286846	0.00112512679
286847	0.0007845410994
286848	0.000719102216
286849	0.0006073869126
286850	0.0005165089976
286851	0.00441886618
286852	0.000776973855
286853	0.0004221390086
286854	0.0005891194033
286855	0.0006916065306
286856	0.0009967572492
286857	0.0002436813306
286858	0.0006269908565
286859	0.001971334416
286860	0.0002024254452
286861	0.002581168016
286862	0.005627501399
286863	0.0004538852007
286864	0.004621060038
286865	0.001165559731
286866	0.0007223596188
286867	0.002442289993
286868	0.002870859906
286869	0.003250849721
286870	0.003313905577
286871	0.002938992788
286872	0.0001314840823
286873	0.00027926739
286874	0.00145811523
286875	0.0006968949328
286876	0.004839744737
286877	6.719064944e-05
286878	0.0002065984735
286879	0.002593121662
286880	0.001122881146
286881	0.001477003623
286882	0.002264007576
286883	0.0001286629893
286884	0.001712208292
286885	7.783926493e-05
286886	0.001188503551
286887	0.003221160842
286888	2.944984297e-05
286889	0.0003392545664
286890	0.00103881847
286891	0.002615362797
286892	0.002147428597
286893	0.0007332158171
286894	0.0009755538439
286895	0.002357289392
286896	0.001442656955
286897	8.061109982e-05
286898	0.002970893331
286899	0.0008735602385
286900	0.001482361026
286901	0.005939310218
286902	0.0005629243187
286903	0.003201431285
286904	0.0008580222671
286905	0.001577307188
286906	0.002827951504
286907	0.0008231147147
286908	0.0006051069047
286909	0.0001312228363
286910	0.001292702275
286911	0.002155862572
286912	0.0008460979555
286913	0.002243630402
286914	0.0006258501504
286915	0.002980125758
286916	0.001231287343
286917	0.001542418443
286918	0.001284563952
286919	0.0003579064333
286920	0.001322512426
286921	0.0005529971894
286922	4.06337778e-05
286923	0.003103150416
286924	0.004274233438
286925	0.003222901805
286926	0.001181530518
286927	0.0008418431864
286928	0.001973001533
286929	0.0006884080622
286930	0.001617755555
286931	0.0007682835932
286932	0.0001900393096
286933	8.478766568e-05
286934	0.0022267967
286935	0.001957602357
286936	0.001935802844
286937	0.00114645795
286938	0.0003284333704
286939	0.0001232671456
286940	0.0001722345853
286941	9.968068331e-06
286942	0.0001232463318
286943	0.002257591283
286944	0.001268531223
286945	0.0009270882661
286946	0.001473531004
286947	0.003092123639
286948	0.0009141966832
286949	0.001496376792
286950	0.002077961181
286951	0.0001217809598
286952	7.181698318e-05
286953	0.002317163907
286954	0.002827688112
286955	0.003617846221
286956	0.0004805320909
286957	0.000523955567
286958	0.003188980525
286959	0.003722125529
286960	0.0001228935402
286961	0.00577523881
286962	0.0001825163543
286963	0.0003954806338
286964	0.001567247754
286965	0.005160598492
286966	0.002352395896
286967	0.004058793904
286968	0.004253881954
286969	0.003758685476
286970	0.0004276758331
286971	0.001625907417
286972	0.001023038278
286973	0.00199203613
286974	0.002821685481
286975	0.0001274738178
286976	0.001760337339
286977	0.0002818441604
286978	0.003807641071
286979	0.0007648889709
286980	0.003630104638
286981	0.001691092911
286982	0.001713918048
286983	0.003502134129
286984	0.004310266748
286985	0.00228718693
286986	0.001125000966
286987	0.002746805428
286988	0.003743180259
286989	0.001888633217
286990	0.003263732045
286991	0.0003436206678
286992	0.004028350393
286993	0.003378966414
286994	0.0002996089733
286995	0.001353317263
286996	0.001979896715
286997	0.0007558240693
286998	0.002339065067
286999	0.00148559098
287000	0.002043625467
287001	0.0005604295093
287002	0.001979320543
287003	0.0004987179208
287004	0.0007260995279
287005	0.0002853542909
287006	0.006049703849
287007	0.007419257635
287008	0.00124573023
287009	0.0005106703127
287010	7.767307916e-05
287011	0.001440269542
287012	0.0002611609013
287013	0.001159994861
287014	0.0007003367577
287015	0.001362752863
287016	0.001160092755
287017	0.001963485604
287018	0.001202563561
287019	0.0005839997784
287020	0.003781195165
287021	0.0007780913324
287022	7.042245174e-05
287023	0.003245375562
287024	0.0009291365889
287025	0.001641552976
287026	0.002549035007
287027	0.001280349161
287028	0.0006966958038
287029	0.0003563070556
287030	0.0003109151579
287031	0.002764862198
287032	0.001306307291
287033	0.000277515758
287034	0.003078590395
287035	0.001518058254
287036	0.0003463121999
287037	0.0005538291743
287038	0.001375466387
287039	0.001354490408
287040	0.001257954238
287041	0.001494506458
287042	0.00067966472
287043	0.0001900660978
287044	0.001373284491
287045	0.0006425777468
287046	0.0008448921081
287047	0.00150668886
287048	0.0004170534052
287049	0.005242261258
287050	0.0005292496794
287051	9.471355171e-05
287052	0.0009191278729
287053	0.002690775502
287054	0.00391168091
287055	0.001762896191
287056	0.000683143174
287057	0.001521567974
287058	0.00145161884
287059	0.003109491917
287060	0.003297623048
287061	0.001861748128
287062	0.002130909821
287063	0.005270743067
287064	0.001608977212
287065	0.002173855302
287066	0.002160809582
287067	0.00139298855
287068	0.0002794575254
287069	0.002947247718
287070	0.001801435923
287071	0.005630868399
287072	0.001340344624
287073	0.002908986746
287074	0.0002081628307
287075	0.001510388691
287076	0.0009619787633
287077	0.0007752832092
287078	0.000703882671
287079	0.0008255540443
287080	0.005004330076
287081	0.003592954627
287082	0.002089705375
287083	0.00213696979
287084	0.001269649798
287085	0.003150586521
287086	0.0008803191537
287087	0.003032510797
287088	0.002854165403
287089	7.572636842e-05
287090	0.001867343246
287091	0.0006509731646
287092	0.001350187796
287093	0.001015077922
287094	0.0009889791718
287095	0.001667898998
287096	0.003068461042
287097	0.0003483488619
287098	0.0001208773514
287099	0.001961574071
287100	0.001313167552
287101	0.002057507635
287102	0.002597139102
287103	0.0003681131415
287104	0.001016311982
287105	0.00229894643
287106	0.001041083476
287107	0.0005872280305
287108	0.0007311487164
287109	0.002285813623
287110	0.001498959656
287111	0.0039494679
287112	0.004143304997
287113	0.00259690766
287114	0.0007795595333
287115	0.0006839852908
287116	0.001613747997
287117	0.0005616892732
287118	0.002901393496
287119	0.0008893274282
287120	0.001809059477
287121	0.004471858198
287122	0.001313983109
287123	0.001070859463
287124	9.420735805e-06
287125	0.003548970868
287126	0.002106774539
287127	0.002089561819
287128	0.0001880318889
287129	0.003649367817
287130	0.003240712424
287131	0.003746826295
287132	0.004731663683
287133	0.001784080543
287134	0.002593175979
287135	0.00315336579
287136	0.005529137033
287137	0.0002298781051
287138	0.004957507826
287139	0.003636270505
287140	0.001411455338
287141	0.001892199955
287142	0.001849637772
287143	0.0007303858213
287144	0.001598715575
287145	0.003143688628
287146	0.002125996269
287147	0.0009311478371
287148	0.0009363632303
287149	0.002653970654
287150	0.0004709885453
287151	0.001469242735
287152	0.003604065867
287153	0.001952756493
287154	0.002021187022
287155	0.003887834365
287156	0.001625096361
287157	0.00100627198
287158	8.275612019e-05
287159	0.003634904263
287160	0.0007361900726
287161	0.0002624247575
287162	0.002289632555
287163	0.0007196771848
287164	0.0009716005948
287165	0.002772401987
287166	0.001544802699
287167	4.08883942e-05
287168	8.918371675e-05
287169	0.002012944593
287170	8.570978289e-05
287171	0.002898547789
287172	0.002006194541
287173	0.001177042859
287174	0.001166772717
287175	0.001148832668
287176	0.001554571268
287177	0.00099602169
287178	0.001812383195
287179	0.0002741284494
287180	2.387657632e-07
287181	0.0009900378279
287182	0.0008142931207
287183	0.001924428738
287184	0.0005607910951
287185	0.001452424909
287186	0.0002443643543
287187	0.00118490707
287188	0.001293241211
287189	0.003699088725
287190	0.00368837276
287191	0.0007088815616
287192	0.0008480076356
287193	0.002613810376
287194	0.002370008287
287195	0.0009636089071
287196	0.001756767258
287197	0.004042304683
287198	0.0003722109547
287199	0.0008180150129
287200	0.0007537078462
287201	0.003480956527
287202	0.0001937288599
287203	0.0009529896872
287204	0.000790894234
287205	0.001010522708
287206	0.001691886797
287207	0.002852569218
287208	0.0008520565117
287209	0.00245433287
287210	0.001928355688
287211	9.042697824e-05
287212	0.0001869284912
287213	0.002795078053
287214	0.0003966954247
287215	0.0004449243339
287216	0.0008433870776
287217	0.0008413295589
287218	0.003507782355
287219	0.002045026597
287220	0.0001905712079
287221	0.0002801525634
287222	0.0005163890506
287223	0.001864386651
287224	0.003343372211
287225	0.001514959452
287226	0.0007818540845
287227	0.002139505321
287228	0.001783209024
287229	0.001328940266
287230	0.0001716739688
287231	0.0001769929129
287232	0.0006304210385
287233	0.0002915031575
287234	0.0005893536232
287235	0.0006127963031
287236	4.656655497e-05
287237	0.0007252603205
287238	0.001311373509
287239	0.0004225508438
287240	0.0002579818492
287241	0.000490375219
287242	0.0005337319732
287243	0.0003060665539
287244	0.0001745783748
287245	0.0002696943318
287246	0.0001878553062
287247	6.168161316e-05
287248	0.0001527193711
287249	0.000231273318
287250	0.0001347031441
287251	0.001229067279
287252	0.000460512839
287253	0.0004322037308
287254	0.0005495470379
287255	0.0001376573071
287256	0.001182554965
287257	0.000182196842
287258	0.0003097334781
287259	0.0002426871721
287260	0.0006936713454
287261	0.0007225294429
287262	0.0001599428777
287263	8.413748113e-05
287264	2.920207953e-05
287265	0.0004310073016
287266	0.0003150710687
287267	0.0003802883733
287268	0.0002008817568
287269	0.0005287032358
287270	0.0001890510282
287271	0.0001582129039
287272	0.0003241838291
287273	0.0002640094067
287274	0.0001042174604
287275	0.0005674660071
287276	0.0001154418316
287277	0.000418534925
287278	0.0004293816181
287279	0.0005334202235
287280	0.0003200450613
287281	0.0001654969516
287282	0.0004815476667
287283	0.0001258264568
287284	4.97099769e-05
287285	5.468753045e-05
287286	0.0007052331111
287287	0.0001776605291
287288	0.0004776874258
287289	0.0005558970016
287290	0.0003481530791
287291	0.0005376910411
287292	0.0001504170286
287293	0.0006136376643
287294	0.0001396899883
287295	0.0009630423327
287296	0.0004820332658
287297	0.0008439534707
287298	2.169650689e-05
287299	0.0001281497004
287300	0.0007559361043
287301	0.0002683363288
287302	0.0002510150479
287303	0.0008898538703
287304	0.001445542543
287305	0.0005215104592
287306	1.453671951e-06
287307	0.0003830391372
287308	0.0004501203171
287309	0.0006171434661
287310	0.0001502754902
287311	0.0002914118168
287312	0.0004110952235
287313	1.376488523e-05
287314	0.0002932973126
287315	1.13832374e-05
287316	0.0001533055727
287317	0.0001088509709
287318	5.518717297e-06
287319	0.000395508814
287320	0.0006617356214
287321	0.0004353953676
287322	9.331070113e-05
287323	0.0002451470611
287324	3.34723416e-05
287325	0.0003221056573
287326	0.0002800529386
287327	0.0006588748488
287328	0.00043530596
287329	0.0002496675975
287330	0.0003166466306
287331	0.0002662367258
287332	1.393990465e-05
287333	0.0004278214525
287334	0.0003936283153
287335	0.0002449270797
287336	0.0005303848179
287337	0.0001594305906
287338	2.283501739e-05
287339	0.0005767392819
287340	0.0001560664058
287341	0.000256347786
287342	0.0005543479398
287343	0.0005324182634
287344	0.0004868332791
287345	0.0002629450036
287346	0.001143032569
287347	7.126168895e-05
287348	0.0004800094125
287349	0.0001930501972
287350	0.0006558002111
287351	0.0002062845148
287352	0.0003983296644
287353	0.0006581190511
287354	0.000128106274
287355	0.0004938328952
287356	0.0001661754157
287357	0.0002801955778
287358	0.001551019973
287359	0.0004052882452
287360	0.0002041733319
287361	0.0002629777733
287362	0.0002800545637
287363	0.0007536312019
287364	0.0005754838971
287365	0.000276915114
287366	3.533993351e-05
287367	0.0004958637091
287368	0.0007600539206
287369	0.0005097412719
287370	0.0005847966287
287371	0.0004315267285
287372	2.495403463e-05
287373	0.0004268974445
287374	0.0004416959907
287375	0.0009451576595
287376	0.0007134982852
287377	2.529122048e-05
287378	0.0001347081467
287379	0.0006092627055
287380	0.000210952303
287381	0.0003141626436
287382	0.0003251991289
287383	5.589734902e-05
287384	0.0001922460791
287385	0.001040963682
287386	0.0006758291557
287387	0.0006698084
287388	0.0001235046112
287389	5.874454057e-05
287390	0.0004247084086
287391	0.0002354101245
287392	0.0002776827175
287393	0.0005743565463
287394	0.0004064135491
287395	0.001285865937
287396	0.0009521873047
287397	7.47204534e-05
287398	0.001285519421
287399	0.001576690956
287400	0.001256128471
287401	0.0003607552275
287402	0.0003419134535
287403	0.002225008388
287404	0.0008428174333
287405	0.001338509961
287406	0.004557565961
287407	0.002274950784
287408	0.002001104218
287409	0.0003624085943
287410	0.0002853013706
287411	0.001371277091
287412	0.0006615108864
287413	0.0009667268176
287414	0.00129692688
287415	0.006442354293
287416	0.002250678489
287417	0.0009968239848
287418	0.003679850204
287419	0.003170724955
287420	0.001602482417
287421	0.0009708879821
287422	0.001378368387
287423	0.00186018342
287424	0.002068063036
287425	0.002484132446
287426	0.004613507916
287427	0.001188737881
287428	0.006606172812
287429	0.001823605239
287430	0.0008889017346
287431	0.002608679323
287432	0.0004916525168
287433	0.001144911669
287434	0.001491711223
287435	0.001739352904
287436	0.002499563345
287437	0.003188389193
287438	0.0036301273
287439	0.001157953885
287440	0.001594137802
287441	0.0005474395816
287442	0.0003354512515
287443	8.275877443e-05
287444	0.002034391154
287445	0.002071816949
287446	0.002422115669
287447	0.007034422422
287448	0.0008328491971
287449	0.002832442823
287450	0.0005686332289
287451	0.00225560106
287452	0.005665610945
287453	0.007729585182
287454	0.001116985224
287455	0.006602327013
287456	0.002959252347
287457	0.002331053672
287458	0.002976607033
287459	2.268579753e-05
287460	0.0001727921477
287461	0.0004434615875
287462	0.0003384289628
287463	0.0004080944843
287464	0.0002802854144
287465	0.001884615933
287466	0.0006417499238
287467	0.001304934342
287468	0.003035105524
287469	0.002501496715
287470	0.002546693866
287471	0.005198910894
287472	0.0003003288007
287473	0.002051990796
287474	0.005114919222
287475	0.0006487568094
287476	0.0005501829876
287477	0.0009613516878
287478	0.001705885193
287479	0.0001799389981
287480	0.003351838792
287481	0.004594645644
287482	0.001882160241
287483	0.002010236673
287484	6.865453337e-05
287485	0.002000683687
287486	0.001018974752
287487	0.004054300719
287488	0.004236606931
287489	0.002210157524
287490	0.002755943954
287491	0.008468019314
287492	0.001035305046
287493	0.001943873219
287494	0.002734606768
287495	0.001104313775
287496	0.006385764797
287497	0.002145467865
287498	0.001503439437
287499	8.120004441e-05
287500	0.002250050904
287501	0.001042902918
287502	0.001812654677
287503	0.0001511530169
287504	0.0008897165136
287505	0.0006979108979
287506	0.001071352346
287507	0.0002786002882
287508	0.00518792913
287509	0.0009577763875
287510	0.0002124785148
287511	0.0002693698585
287512	0.0004016408391
287513	0.0003302716243
287514	0.0006269243202
287515	0.0003677382676
287516	0.0003021574548
287517	0.0005264760696
287518	0.0002842866534
287519	0.000681141716
287520	0.001396581113
287521	0.0002306854626
287522	0.000291467309
287523	9.405677372e-05
287524	0.0007265776554
287525	0.0001150865792
287526	0.0001389165679
287527	0.0007311379472
287528	5.491665635e-05
287529	0.000236123773
287530	0.0005059638253
287531	0.0002904691567
287532	0.0004164783006
287533	0.001069695314
287534	2.480567114e-05
287535	0.0007097887679
287536	4.83848199e-05
287537	0.0001795953387
287538	0.0001286551874
287539	5.278394272e-05
287540	7.609807102e-05
287541	0.0004540374372
287542	0.0002115752446
287543	0.0002126049697
287544	0.001099994034
287545	0.0005428007288
287546	0.0006025061527
287547	0.0005245575343
287548	0.0003081278332
287549	0.002152552332
287550	0.0007937594126
287551	0.0005003100337
287552	0.0003632987655
287553	0.0002152258313
287554	0.001389114665
287555	0.0001791611901
287556	0.002552116661
287557	6.252899532e-05
287558	0.002222966821
287559	0.0005467575237
287560	0.0006562058659
287561	0.001154921502
287562	0.002334918199
287563	0.001129256241
287564	8.854021883e-05
287565	0.0009225162354
287566	0.0003933598106
287567	0.000223510599
287568	0.0007417577422
287569	0.0005291562194
287570	4.845465978e-05
287571	0.0001435863002
287572	1.710324514e-05
287573	0.0003272691781
287574	0.002344711385
287575	0.001081944417
287576	0.000374665128
287577	6.678394454e-05
287578	6.02997402e-05
287579	0.0009078279118
287580	0.002797753631
287581	0.0004714165198
287582	0.0009826205858
287583	0.0008076092547
287584	0.0004196612911
287585	0.0006479147047
287586	0.0007273945904
287587	0.0002751806418
287588	0.0004211849346
287589	0.0002022806079
287590	0.0005812477309
287591	0.0006577681406
287592	0.0001563310387
287593	0.0003560045303
287594	0.0001987499258
287595	1.146779789e-05
287596	0.002842139141
287597	5.376321673e-05
287598	0.0002703729246
287599	0.001026454399
287600	0.0006016369595
287601	0.0007549944321
287602	0.0004661063872
287603	8.491318476e-05
287604	0.0008654720446
287605	0.0001931291461
287606	6.530978057e-05
287607	0.002441314574
287608	0.0005105481829
287609	0.0005456909125
287610	0.000391948541
287611	0.0001576545866
287612	9.328091739e-06
287613	0.0005220363471
287614	0.0004718639379
287615	0.0001770641328
287616	0.001242171817
287617	0.0005421087465
287618	0.007629561939
287619	0.0008749592823
287620	0.0008735869553
287621	0.0005340530931
287622	0.0008732453793
287623	0.0001472377462
287624	0.0002419762333
287625	0.000388850842
287626	3.159447135e-05
287627	0.000866225208
287628	0.0001673083175
287629	0.0006506362601
287630	6.138041801e-05
287631	5.481684977e-05
287632	0.0006112134527
287633	4.391960076e-05
287634	0.001437868082
287635	0.0002935526305
287636	0.0007726581905
287637	0.000361822122
287638	0.0002875738928
287639	0.0003469061013
287640	0.001674403074
287641	0.002704270532
287642	0.0005087361311
287643	0.0002773637805
287644	0.002226129543
287645	0.001300269828
287646	0.0003497786742
287647	0.0002434650925
287648	0.001033463558
287649	0.002035401147
287650	0.001098795174
287651	0.000306283095
287652	0.0001014310954
287653	0.0003661694709
287654	6.149371927e-05
287655	1.578490416e-05
287656	0.0005585132791
287657	0.0003344683121
287658	0.0006351694409
287659	0.0001761870523
287660	0.0008727656896
287661	0.0006984477317
287662	0.002006587744
287663	0.0001036950134
287664	0.001120006373
287665	0.0003496021318
287666	0.0006929716781
287667	0.003424628054
287668	0.0002762505841
287669	0.001797138148
287670	0.0001122904996
287671	0.0001110026961
287672	0.0008983723562
287673	0.000279138045
287674	0.0008232948353
287675	0.001465821267
287676	0.0001819227104
287677	5.213178884e-05
287678	0.0003076435075
287679	0.0003248677261
287680	0.0003457258173
287681	0.00321857746
287682	0.0001817929193
287683	0.0003446758412
287684	0.0003817626032
287685	0.0001480232893
287686	0.0003938472086
287687	0.0006254877205
287688	0.0006674526249
287689	0.0007246747357
287690	0.0008742239904
287691	0.001781720982
287692	0.005048316073
287693	0.0005730038622
287694	8.542695598e-05
287695	4.19920238e-05
287696	1.407739859e-05
287697	0.0009531330855
287698	0.0007789812655
287699	0.0001330295667
287700	0.001715317053
287701	0.0005637551994
287702	5.588430371e-05
287703	0.0003762093238
287704	0.000117513507
287705	0.0008981537105
287706	0.0001606100004
287707	0.0006829114764
287708	0.0005502345712
287709	0.0002764418675
287710	0.0001667787229
287711	0.0007255005546
287712	0.0008068184553
287713	0.001075125747
287714	0.002227632069
287715	0.0005672868628
287716	0.0001062955094
287717	0.0003845778162
287718	7.385691229e-05
287719	0.001019126773
287720	0.0002559812971
287721	0.0005901280785
287722	0.0001179897005
287723	9.949352519e-05
287724	0.0009973786707
287725	4.643441908e-05
287726	0.0002123071656
287727	0.0006141068996
287728	0.0003876928703
287729	0.0006254736776
287730	0.0005785676011
287731	0.0003334448495
287732	0.0008286274985
287733	8.355231157e-05
287734	0.0006706707292
287735	0.0004694840448
287736	0.0004560037065
287737	0.0002653648546
287738	0.0007425096906
287739	0.00081421231
287740	0.0002963870951
287741	0.0003173305107
287742	0.001185874311
287743	8.242374317e-05
287744	0.0002269526673
287745	0.001297714042
287746	0.000112333663
287747	0.0002594404292
287748	0.0001856232053
287749	0.0007926027823
287750	0.0009818664492
287751	0.0005724601878
287752	0.0003043036046
287753	0.001588541817
287754	0.000307228115
287755	0.0004191564145
287756	0.001257017121
287757	0.0007985070836
287758	0.0002470431308
287759	0.0005831780593
287760	0.0009763207493
287761	6.189661802e-06
287762	0.0005139670353
287763	0.0002145588928
287764	0.0003969981429
287765	1.37153909e-05
287766	0.0001841987518
287767	3.674027505e-05
287768	0.0001528039155
287769	0.0001080462208
287770	0.0004697306081
287771	0.0003567736794
287772	0.002555282379
287773	0.0004998910809
287774	0.001088801636
287775	0.0008585596764
287776	0.0002763540274
287777	0.001012059724
287778	0.0001999650609
287779	4.568988151e-05
287780	0.0001852805407
287781	6.618010432e-05
287782	0.0008614607519
287783	0.001694771369
287784	2.818535818e-05
287785	0.0002617089613
287786	9.998384497e-05
287787	0.0009064959194
287788	0.0005195821147
287789	0.0004255525848
287790	0.0008095020311
287791	0.001768396988
287792	0.0005790858126
287793	0.0005611993814
287794	8.271528101e-05
287795	0.001439554406
287796	0.003297536846
287797	0.0008010860303
287798	7.99388486e-05
287799	0.000209876288
287800	0.0001441101881
287801	0.0003640603236
287802	0.0001060990198
287803	0.0002844539421
287804	0.000694105059
287805	0.0009881149369
287806	0.0009361061413
287807	0.0003876988465
287808	0.0006304101588
287809	0.0002977323108
287810	0.001131374858
287811	9.242349009e-05
287812	0.000408353297
287813	0.0005781897545
287814	0.0005122070143
287815	0.0007552226997
287816	6.04754342e-05
287817	0.0006564673519
287818	0.0001490607992
287819	0.0007344821381
287820	5.286256221e-05
287821	0.001764380084
287822	0.0005201217424
287823	0.001379181173
287824	3.639334511e-06
287825	0.0006648611758
287826	0.0001075023412
287827	0.001040795112
287828	0.0001294920453
287829	0.0004894786341
287830	0.0007476719071
287831	0.0003413709824
287832	0.001148076462
287833	0.000166060373
287834	0.002546264735
287835	0.004273157372
287836	0.0008126023923
287837	0.0009725705699
287838	0.0004776489135
287839	2.000566406e-05
287840	0.0003085482243
287841	0.0005350719241
287842	4.118155139e-05
287843	0.0001552191148
287844	0.0001008124346
287845	0.0005830929954
287846	0.0002200826203
287847	0.0005314743187
287848	0.0001114113929
287849	0.0005031539502
287850	0.0002823146351
287851	0.0009754557144
287852	0.0001480198422
287853	1.402969333e-05
287854	0.0007423086056
287855	0.0004112243882
287856	0.0004757533648
287857	0.0008713401011
287858	0.0007593036512
287859	0.0008298092776
287860	0.002263926882
287861	0.0002372442211
287862	0.0002370302111
287863	0.0009023871085
287864	0.0004095514404
287865	0.0006535397826
287866	2.434671726e-05
287867	6.953760754e-05
287868	0.001465017473
287869	0.0007929942683
287870	0.0007104956971
287871	0.0004657234677
287872	0.001546144657
287873	0.0002082677882
287874	0.0007782805844
287875	7.116328723e-05
287876	0.0004697093998
287877	0.0002852803209
287878	0.0001681432327
287879	0.000406481404
287880	0.0003556828953
287881	0.000470768436
287882	0.0006696711862
287883	5.167477851e-05
287884	0.0001176489393
287885	0.0003716558954
287886	0.0002835814515
287887	0.00037775595
287888	0.0002262461009
287889	0.0002992611542
287890	0.0007772595928
287891	0.001803479403
287892	0.000663102043
287893	0.0003258420793
287894	0.0005863792359
287895	0.0009364887912
287896	8.329505176e-05
287897	3.688507434e-05
287898	7.852237701e-05
287899	0.00132083031
287900	0.0002317424906
287901	0.0005529245653
287902	0.0004660259829
287903	0.0004220779472
287904	0.002236893499
287905	5.436978175e-05
287906	6.5188218e-05
287907	0.0003627179791
287908	7.068944179e-05
287909	0.001569571526
287910	0.0003613557687
287911	6.189377637e-05
287912	0.0001699754147
287913	0.0005308421042
287914	0.0003908008701
287915	4.380931717e-06
287916	0.000357871896
287917	0.0002469303768
287918	7.625782942e-05
287919	0.0006743248592
287920	0.0007175005976
287921	0.002312709962
287922	0.0002943476109
287923	0.0008972808874
287924	0.0004276172826
287925	0.0006704889106
287926	0.001837184166
287927	0.000766259445
287928	0.000382319444
287929	0.0007035594675
287930	0.0007772114726
287931	0.0002557502563
287932	0.000246349276
287933	0.0001000901576
287934	6.720166767e-05
287935	4.554322908e-05
287936	0.0007562878022
287937	0.0005742343063
287938	9.557384553e-05
287939	0.0008815386238
287940	0.0004984384454
287941	0.0002462847751
287942	5.378192617e-05
287943	0.0001203590212
287944	0.0007140396961
287945	0.0006562804785
287946	0.0001725313244
287947	0.0002510160636
287948	0.0005451522065
287949	0.0002942707524
287950	0.0001052653534
287951	0.000947205571
287952	0.0001386321376
287953	0.000441329936
287954	0.0004610720828
287955	0.0002965229071
287956	0.0001761953693
287957	0.002977456364
287958	0.0001186620819
287959	0.0005388740181
287960	0.00100354949
287961	0.0004712546323
287962	1.649685336e-05
287963	0.000883600626
287964	0.0001603782215
287965	2.158236376e-05
287966	0.0002432523609
287967	0.0005835700089
287968	0.0007144751353
287969	0.000947596424
287970	0.000331709089
287971	0.001427970061
287972	0.0001379826372
287973	1.057324859e-05
287974	0.001439778247
287975	0.001580638468
287976	0.0004798622065
287977	0.001183789511
287978	0.0003035387196
287979	0.0011845479
287980	0.0009555439984
287981	0.0001194395452
287982	0.001391996541
287983	2.118008237e-05
287984	0.0003994199131
287985	0.0004927750357
287986	0.0002446388951
287987	9.041313101e-05
287988	0.0004090054292
287989	0.0003101244351
287990	0.001324685146
287991	0.0005478623425
287992	0.0003650552493
287993	0.0001747086695
287994	0.0001566718518
287995	0.001020084474
287996	6.041076354e-05
287997	0.0006951772491
287998	0.0003120911362
287999	0.0003448873399
288000	0.0009139936109
288001	0.0007283729274
288002	0.0003833583011
288003	9.968679199e-05
288004	0.0006218302264
288005	0.001483423698
288006	0.0009362504642
288007	6.435550508e-05
288008	0.0006316278929
288009	0.0002968991573
288010	0.0009634896142
288011	0.0008662739643
288012	4.163322162e-05
288013	0.00063774496
288014	0.001300781082
288015	0.0003049756246
288016	0.001071726953
288017	0.001846773365
288018	0.0006717848854
288019	0.0009430278512
288020	0.0003592133935
288021	0.0001483898761
288022	0.0004259486816
288023	0.0005542802259
288024	0.0003910029113
288025	0.0008499639788
288026	0.001034444253
288027	0.0004200211232
288028	0.0001949434122
288029	0.001141546424
288030	0.001504389293
288031	0.0002411424976
288032	0.0007297979469
288033	0.0003422421447
288034	0.000178746715
288035	0.0005349248804
288036	0.00150125608
288037	0.0005735652741
288038	0.0005219319802
288039	0.000509072298
288040	0.0004553860586
288041	0.0004531674847
288042	5.046192742e-05
288043	0.001119507831
288044	0.0002984410304
288045	3.996620021e-05
288046	0.0004271386365
288047	5.944629122e-06
288048	0.0001338158421
288049	0.0002766812153
288050	0.0003194414271
288051	0.0004207171943
288052	0.0001086049224
288053	0.0004341684053
288054	0.0001816839811
288055	0.0008724762831
288056	0.0006160765762
288057	0.00317446206
288058	0.0008578992194
288059	0.0005769779614
288060	0.0005124592241
288061	0.0001589826743
288062	0.0005057842495
288063	5.632563362e-05
288064	0.002303905524
288065	0.0001018422421
288066	0.0001421808934
288067	0.0003514494321
288068	0.0005881103524
288069	0.0002990783237
288070	0.000112474535
288071	1.421663396e-06
288072	0.0009050986575
288073	0.0006844756799
288074	0.0009015303614
288075	0.0002633861195
288076	0.0003318356574
288077	0.0006038196928
288078	0.001699609793
288079	0.0001500050913
288080	1.913063397e-05
288081	0.0006184642392
288082	0.00151393946
288083	0.0002605255275
288084	8.674087056e-05
288085	0.0003699306288
288086	0.002028325292
288087	0.0001211463326
288088	0.0007287207464
288089	0.0004490484602
288090	0.00158662842
288091	0.003260948768
288092	0.0004546445724
288093	0.002072550187
288094	0.001275313875
288095	0.0004105365245
288096	0.0001147849917
288097	0.0001836086432
288098	0.0003342997103
288099	0.0002495218936
288100	0.0008970650869
288101	0.0006036073723
288102	0.0005090271408
288103	0.0009914456127
288104	0.000177775144
288105	0.0001973232012
288106	8.241740021e-05
288107	0.0003213600611
288108	0.0003610840291
288109	0.00403528872
288110	4.630894023e-05
288111	0.0005712469457
288112	0.0003038022755
288113	0.0002883178186
288114	0.0009770762572
288115	0.0007901188329
288116	0.0002883458375
288117	0.0003263060928
288118	0.0002969754738
288119	0.0001000377047
288120	1.838751338e-05
288121	0.0001550301106
288122	0.0002264939075
288123	0.0004525185397
288124	0.0005471410153
288125	0.0006510222825
288126	0.002040764767
288127	0.001286556186
288128	0.0004082279805
288129	4.450080804e-06
288130	0.0009742331987
288131	0.0009359782322
288132	0.0005405217939
288133	0.0001688740092
288134	0.00175186539
288135	0.0003230988132
288136	0.0009294315539
288137	0.0004222914672
288138	9.856294618e-05
288139	0.0001066155911
288140	0.001264392272
288141	0.0002419554327
288142	0.0007567980519
288143	0.0002606732544
288144	3.247317413e-05
288145	0.0003790472492
288146	0.001399767229
288147	0.0007724929456
288148	0.0008371758625
288149	0.0001694275091
288150	0.0006500517345
288151	0.0009282601493
288152	7.171521797e-06
288153	0.0005874125357
288154	0.001004190966
288155	0.001988658456
288156	0.0004191193384
288157	0.001017052833
288158	0.0007846169293
288159	0.000643915608
288160	2.02484634e-05
288161	0.000869840072
288162	0.0006610078308
288163	2.695944147e-05
288164	0.0002448384653
288165	0.0002781074469
288166	0.0001844058279
288167	0.0007212851627
288168	0.0003607154424
288169	0.0006457766323
288170	0.001493085639
288171	0.0006078405516
288172	0.0007610646466
288173	0.0009364028065
288174	0.0003933751345
288175	0.001072019292
288176	0.0005075937512
288177	0.0003468381487
288178	0.0004629011192
288179	0.0006678257
288180	0.0007699857717
288181	0.0005929486724
288182	0.001338388331
288183	0.0003303026819
288184	0.0002045064223
288185	0.0002403226139
288186	0.0006155099476
288187	0.0001689701903
288188	0.0001910242729
288189	0.0003632569941
288190	0.001425144278
288191	0.0002397382753
288192	0.0002906514693
288193	0.001665599377
288194	0.00207669202
288195	0.0008176081961
288196	0.001238109288
288197	0.00399444706
288198	0.0006282373143
288199	7.229697179e-05
288200	0.001608642942
288201	0.00110908172
288202	0.0005785773811
288203	0.001873259506
288204	0.002493559125
288205	0.00187141886
288206	0.0003482621547
288207	0.001229048809
288208	6.261023055e-05
288209	0.0006557721929
288210	0.001491235908
288211	0.001318748538
288212	0.002153150213
288213	0.002395689
288214	4.298064643e-07
288215	2.831169937e-05
288216	0.00105076923
288217	0.001035500024
288218	0.0003507705235
288219	0.0001186371355
288220	0.001082453888
288221	0.001599310912
288222	0.0003827033666
288223	0.001102557134
288224	0.0008093350409
288225	0.0008918456005
288226	0.001064429515
288227	0.0002913221869
288228	0.001515035305
288229	0.00128429341
288230	0.0003833768654
288231	0.0009923963668
288232	0.0001718950405
288233	0.002056936383
288234	0.0001297173498
288235	9.8301573e-05
288236	7.732827532e-05
288237	0.004510885757
288238	0.001356095805
288239	0.0002904038924
288240	3.20859278e-05
288241	7.33372114e-05
288242	0.0003493208448
288243	0.002279203678
288244	2.047573416e-05
288245	0.0001087807446
288246	0.0006865838611
288247	0.0002427611357
288248	0.0007947234563
288249	0.0006843461109
288250	0.0006531340233
288251	0.0004258825492
288252	0.002877066207
288253	0.0006699564277
288254	0.001940832447
288255	0.000854555268
288256	0.001679861244
288257	0.0007712605773
288258	0.0006916504463
288259	0.00313897212
288260	0.001039840639
288261	0.001896200087
288262	0.0003135546474
288263	0.0002997658607
288264	0.0005172626944
288265	0.001389025536
288266	0.0008308426974
288267	0.0005886627236
288268	0.0004954674332
288269	0.0006262502677
288270	0.001069233142
288271	0.003346081887
288272	0.001852532933
288273	0.0009649147344
288274	0.002583367595
288275	0.001082873662
288276	0.0001158285404
288277	0.0003167813563
288278	0.0002979658061
288279	0.0004225017856
288280	0.005064789729
288281	0.0002179732464
288282	0.001334019122
288283	0.0007291802948
288284	0.0004643160745
288285	0.0004698522233
288286	0.0004115157658
288287	0.0001465193149
288288	0.0008128507662
288289	0.0008531660663
288290	0.0002205957122
288291	0.0009857003993
288292	0.0004673231845
288293	0.0003931904112
288294	0.0005774435367
288295	0.001494937083
288296	0.0006406872035
288297	0.000142551089
288298	0.000124511696
288299	0.0004741265478
288300	2.478666345e-05
288301	0.001004413612
288302	3.715102832e-05
288303	0.0008764796101
288304	0.001872680918
288305	0.001090857387
288306	0.0009440224465
288307	0.0002994209954
288308	0.0001028355838
288309	0.0002381092321
288310	0.0005893581988
288311	0.0005478637398
288312	0.0006162235774
288313	0.0003734469906
288314	0.0002919045715
288315	0.001279337105
288316	0.0004690412543
288317	0.0006440793067
288318	1.156945343e-05
288319	5.962022455e-05
288320	0.0001992667967
288321	6.106321839e-06
288322	0.001812420658
288323	0.001306578199
288324	0.001021417094
288325	0.001369053036
288326	3.982980599e-05
288327	0.001001191833
288328	0.0004048727457
288329	0.001046031644
288330	0.0003410016034
288331	0.001497195809
288332	0.0002037943908
288333	0.0004160545182
288334	0.0007301612111
288335	0.000445331346
288336	7.370907836e-06
288337	0.0007710317358
288338	0.001402409342
288339	0.0001860884766
288340	0.001343882643
288341	6.485140794e-05
288342	0.0008852468688
288343	0.001035662646
288344	0.0005112779443
288345	0.0001099833037
288346	0.00033978534
288347	0.0007559590391
288348	0.0008477768197
288349	0.0003977826807
288350	0.001340926438
288351	0.001374086313
288352	0.001241566919
288353	0.0003030521529
288354	0.0001147026488
288355	0.00152768056
288356	0.000370362751
288357	0.0005938983806
288358	0.0002546424071
288359	0.001395102197
288360	0.0007923888877
288361	0.001515125908
288362	0.0003078919732
288363	0.0003825086933
288364	0.001032728869
288365	0.001339081339
288366	0.0004302144457
288367	0.0003016278817
288368	0.0002166019044
288369	0.001692404094
288370	3.407751254e-07
288371	0.000266071358
288372	0.0004820472948
288373	0.0007484997475
288374	0.001410669381
288375	0.001342054679
288376	0.000977765443
288377	0.0003449015367
288378	0.0003177698522
288379	0.000727191259
288380	0.001122464822
288381	0.0003677057795
288382	2.927289026e-06
288383	0.0001527215964
288384	0.000292340255
288385	0.001150888755
288386	0.0002841559097
288387	0.001109792328
288388	0.0006857822244
288389	0.000762683069
288390	0.0001328012338
288391	1.436781609e-06
288392	0.0002179771019
288393	0.0005171649303
288394	0.001228453671
288395	0.0012269863
288396	0.0001266964646
288397	0.001078122845
288398	0.00160384898
288399	0.0004888640633
288400	0.0009348230326
288401	0.0008990984604
288402	0.001366021693
288403	0.0006145652888
288404	0.0009191048945
288405	0.001036601396
288406	0.00127722567
288407	0.0004436473405
288408	0.0001835823394
288409	0.001162272555
288410	0.0001470937913
288411	0.0001323820474
288412	0.001765424322
288413	0.001582417567
288414	0.0002635074619
288415	0.001363900099
288416	0.0002358648721
288417	0.001434203007
288418	0.001464770852
288419	0.001072603528
288420	0.0007261569647
288421	0.0003881673843
288422	0.0002476439498
288423	0.0002172268237
288424	0.0004440452174
288425	0.001230193987
288426	0.0008457878351
288427	0.0009868542935
288428	0.001337365183
288429	0.0001085188485
288430	0.0009121666415
288431	0.0003889206144
288432	0.0005696223224
288433	0.0007522228388
288434	0.0009274765002
288435	0.001717808571
288436	0.0004391760172
288437	0.001146309487
288438	0.0003748818926
288439	0.001310085655
288440	0.000308768282
288441	0.0004707181424
288442	0.00120826163
288443	0.001731863396
288444	0.0001073781264
288445	6.948537839e-07
288446	0.00172639216
288447	0.0006228035434
288448	0.0002883173018
288449	0.001220612336
288450	0.001333823886
288451	0.001242820572
288452	0.001146955729
288453	0.0008246794402
288454	0.001388993705
288455	0.0003458139301
288456	0.0009649021844
288457	0.0006942358052
288458	0.001036556905
288459	0.001743511887
288460	0.0002136531039
288461	0.0008592349187
288462	0.001207069102
288463	6.631299732e-07
288464	0.0008889616271
288465	0.002705304139
288466	0.001120312608
288467	0.001212611918
288468	0.00109096604
288469	0.0008470300448
288470	0.001339081339
288471	0.0004888961469
288472	0.0006506972126
288473	0.0002639361898
288474	0.001022655472
288475	0.002094334479
288476	0.0009530432375
288477	0.0001835509656
288478	0.0002573005423
288479	0.0004825935256
288480	0.0003445994498
288481	0.000739770727
288482	0.0008857423196
288483	0.001259699229
288484	0.001118221497
288485	0.0007954891724
288486	9.42899267e-06
288487	0.00251539581
288488	0.002075424286
288489	0.0003394218102
288490	0.0004967102482
288491	0.001173210768
288492	0.0006020552825
288493	0.002573085961
288494	0.002068052514
288495	0.002812849286
288496	0.0009217709102
288497	0.00408987601
288498	0.002954779858
288499	0.001858146048
288500	0.0007134683652
288501	0.0009202828167
288502	0.0008033489801
288503	0.0001220772001
288504	0.003426062852
288505	0.003370050361
288506	0.002307956653
288507	0.0003122329861
288508	0.0007766786084
288509	0.001286921327
288510	0.0001159999937
288511	0.000423110603
288512	1.985258757e-07
288513	8.794160026e-05
288514	0.0002104037621
288515	0.0003098997117
288516	1.07351774e-05
288517	9.722395011e-05
288518	0.0001044639582
288519	0.0001200772411
288520	0.0001160644648
288521	0.0004432402161
288522	0.0003112696262
288523	0.0004268381722
288524	0.000117269969
288525	8.943572703e-06
288526	9.527997995e-05
288527	9.326670231e-05
288528	0.0001945133133
288529	0.000430286519
288530	0.0001225413057
288531	2.570157231e-05
288532	6.80526902e-07
288533	8.626829751e-07
288534	0.0003370840039
288535	9.352255376e-05
288536	0.0001042386775
288537	0.0001251324247
288538	0.0003387285271
288539	0.0001169895723
288540	4.185496283e-07
288541	0.0002035449129
288542	0.0001198938355
288543	1.862494678e-06
288544	1.258718936e-07
288545	0.0005488591676
288546	0.0004344412707
288547	0.0003034656683
288548	0.0004155455937
288549	9.304535155e-06
288550	0.0001082223578
288551	0.0001158690046
288552	0.0003073152973
288553	0.0001191079042
288554	0.0004142568737
288555	0.0002012205267
288556	2.292301143e-07
288557	0.0004231464759
288558	0.0001071052027
288559	0.0001171236303
288560	0.0003112251706
288561	0.0003356130621
288562	0.0003324161014
288563	0.0001212230028
288564	0.0005329513442
288565	0.0003259165243
288566	0.0003320032902
288567	0.0001159580363
288568	0.0003430366028
288569	0.0002281939715
288570	0.0005538019415
288571	0.0002143567342
288572	9.414808267e-08
288573	0.0005351286281
288574	0.0006401496586
288575	0.0001011351993
288576	0.0003312586891
288577	0.0001186185133
288578	2.502880688e-06
288579	0.0003062579406
288580	8.280644163e-05
288581	0.0005520504308
288582	0.002766477631
288583	0.0005619119415
288584	6.852227348e-05
288585	0.0007631048441
288586	0.0009720106927
288587	0.002272001645
288588	0.0002861710771
288589	0.001280128321
288590	0.0013281159
288591	0.0008192558054
288592	0.0006801419612
288593	0.0003504438113
288594	0.0008374613118
288595	0.001159240674
288596	0.001286273518
288597	0.00366688206
288598	1.076058885e-05
288599	0.0004065793489
288600	8.147475493e-05
288601	0.0001591266358
288602	7.714276495e-05
288603	7.827059759e-05
288604	0.0001581285639
288605	3.170334346e-07
288606	7.764952724e-05
288607	0.0001582549475
288608	8.240416024e-05
288609	5.270245979e-08
288610	7.987577254e-05
288611	0.0001587673381
288612	8.105016754e-05
288613	0.0001585331959
288614	0.0001077389362
288615	0.001174243209
288616	0.0002273224166
288617	0.002325885526
288618	0.0003203501042
288619	0.001537552107
288620	0.00191741771
288621	0.004075377788
288622	0.001661494449
288623	0.004235437765
288624	4.738664602e-05
288625	0.0005327589053
288626	0.003749706382
288627	0.001868457227
288628	0.0009675793733
288629	0.0004665609272
288630	0.000244443256
288631	0.0001409485014
288632	0.0006571732999
288633	0.0004032744107
288634	0.0005905645575
288635	0.0003705634974
288636	0.001520575667
288637	2.34261063e-05
288638	0.001018791879
288639	0.0003303788609
288640	0.0009700674263
288641	0.002889303473
288642	0.000627612292
288643	0.0004131835505
288644	0.001425042643
288645	0.001957195048
288646	0.004261676813
288647	0.004043887171
288648	2.03576094e-05
288649	0.0001600953798
288650	0.001309820765
288651	0.0006175321
288652	0.001305377937
288653	0.001041865322
288654	0.002627688551
288655	0.001949631708
288656	0.0004354938297
288657	0.002728978657
288658	0.0002539010758
288659	0.001140669736
288660	0.0003342854937
288661	0.001979023118
288662	0.001577135413
288663	0.00280243326
288664	0.0009838492857
288665	0.002032314428
288666	0.000139881703
288667	0.003089537127
288668	0.002380269035
288669	5.747323678e-06
288670	0.001063701464
288671	7.927242668e-05
288672	0.001317238975
288673	0.004559953326
288674	0.005640203966
288675	0.0002878072922
288676	0.0005618012621
288677	0.001682736389
288678	0.002069099614
288679	0.0006544322399
288680	0.0008225303902
288681	0.002937347161
288682	0.0004028938926
288683	0.002007709441
288684	0.002044439173
288685	0.002385534693
288686	0.001308980746
288687	0.001466405829
288688	0.0001343957513
288689	0.0008937849439
288690	0.0002156301973
288691	0.0009926570086
288692	0.004118055703
288693	0.002195572697
288694	0.002001758827
288695	0.0008337319558
288696	0.001844817336
288697	0.0007600245292
288698	0.0001679140866
288699	0.0009806067327
288700	0.00368682418
288701	0.003950388274
288702	0.000642653975
288703	0.0001419426228
288704	1.99088553e-06
288705	0.0001831380728
288706	9.210138458e-09
288707	0.0001381381217
288708	0.003688356339
288709	1.385807844e-05
288710	0.003392209014
288711	0.002514121128
288712	0.001711838993
288713	0.001926627828
288714	0.001049494122
288715	0.0002501809555
288716	0.001829845011
288717	0.001519897883
288718	0.001224780244
288719	0.0007829168576
288720	0.001663679085
288721	0.0006132615081
288722	8.645512854e-05
288723	0.000194995003
288724	0.0009599885482
288725	0.0004336431725
288726	0.002271965671
288727	0.001220371088
288728	0.0006019706123
288729	0.0003432009839
288730	0.005480769279
288731	0.00149449386
288732	0.0006007679406
288733	0.0003352409491
288734	0.003206569724
288735	0.0002163907293
288736	0.0001108374655
288737	0.001491855704
288738	0.001448508062
288739	0.001631065439
288740	0.0001364934503
288741	0.0007678784883
288742	0.003808894347
288743	0.0006715136203
288744	0.001935056088
288745	0.0004548694191
288746	0.00108066828
288747	0.0002285435227
288748	0.0004502852177
288749	0.001599784172
288750	0.001164757176
288751	0.001934542598
288752	0.001789767517
288753	7.701793352e-05
288754	0.0008165811989
288755	1.802333786e-05
288756	0.0002846739554
288757	0.0005638382207
288758	0.0005915388584
288759	0.002801855888
288760	0.0009908508666
288761	0.001524110235
288762	0.0008175408452
288763	0.0007715980036
288764	0.002722931669
288765	0.0008168722215
288766	0.002188806678
288767	6.512562624e-05
288768	0.0002910319243
288769	0.004645729011
288770	0.001521638066
288771	0.001073651505
288772	0.0004207155746
288773	0.002171239555
288774	0.002348993337
288775	0.0005174330438
288776	0.002462115257
288777	0.0006059349152
288778	0.002361488558
288779	9.242814106e-05
288780	0.0009745634489
288781	0.001327473784
288782	0.0005221277015
288783	0.004366900304
288784	0.005575293525
288785	0.002626784575
288786	0.001220189658
288787	0.0009995716338
288788	0.0005114237451
288789	0.001186157758
288790	0.0009334711849
288791	0.001403551939
288792	0.001127836546
288793	0.000317850011
288794	0.002892396527
288795	0.001755040908
288796	0.0007808280083
288797	0.0006618166613
288798	5.405463934e-05
288799	0.001089153794
288800	0.00048114689
288801	0.003389842961
288802	0.001392473102
288803	3.051561359e-05
288804	0.005101971055
288805	0.00365341555
288806	0.000306797002
288807	2.6978894e-05
288808	0.001520578394
288809	0.001121496326
288810	0.003771452986
288811	0.0001699936659
288812	6.166366647e-05
288813	0.0003326886727
288814	0.003989358952
288815	0.00048612956
288816	0.0002394542175
288817	0.004643479914
288818	0.001909157751
288819	0.002957487889
288820	0.004084301066
288821	0.002301131493
288822	0.0003834288249
288823	0.0007451894336
288824	0.0004663033563
288825	0.0001062668101
288826	0.002340177144
288827	0.002698052675
288828	0.001272327539
288829	0.003813393056
288830	0.000559638657
288831	0.005086053871
288832	0.001973247477
288833	0.002174365135
288834	0.0004274438088
288835	0.004480302577
288836	0.0002730260003
288837	0.001081461034
288838	0.003025068992
288839	0.001086033749
288840	0.00296374927
288841	0.00110918552
288842	9.924480515e-05
288843	0.003612483999
288844	0.005406140965
288845	0.001654881948
288846	0.003370559719
288847	0.0006237207477
288848	0.001048708164
288849	0.0007958556994
288850	0.002169427295
288851	0.00140712068
288852	0.00374557399
288853	0.001381616431
288854	0.0005886408389
288855	0.001591632933
288856	0.0003313458087
288857	0.0009381822081
288858	0.0009915526798
288859	0.001926918196
288860	0.00377183274
288861	0.006550626965
288862	0.001042498311
288863	0.0033683497
288864	7.268109192e-05
288865	0.00082426828
288866	0.003631886464
288867	0.002128104334
288868	0.0008555096952
288869	0.004090651994
288870	0.002084644785
288871	0.0007509878117
288872	0.004863691756
288873	0.0006734065612
288874	0.002221663021
288875	0.002921741889
288876	0.003583439223
288877	0.0001972480367
288878	0.002383157783
288879	0.0001239283776
288880	0.004876246846
288881	0.000221953992
288882	0.001352409626
288883	0.0001057145168
288884	0.0004869969718
288885	0.002885471912
288886	0.003046990407
288887	0.001055844783
288888	0.001130228105
288889	0.003503044968
288890	0.001428587825
288891	0.004522356501
288892	0.001272707374
288893	0.001026083553
288894	0.002364707694
288895	0.00237403049
288896	0.0010776682
288897	0.0001417960732
288898	0.003000894378
288899	0.0001118133953
288900	0.001807649719
288901	3.076145024e-05
288902	0.001762498713
288903	0.0002435395647
288904	0.001078981119
288905	0.003397800045
288906	0.001454936816
288907	0.002792480513
288908	9.303387808e-05
288909	0.004302390032
288910	0.0001844372096
288911	0.001734638908
288912	0.0007313257678
288913	0.0004474249003
288914	0.003640922447
288915	0.001700578275
288916	0.0004081848783
288917	0.0050603063
288918	0.004528154908
288919	0.005521422927
288920	0.00416509138
288921	0.0005193229056
288922	0.001210115007
288923	0.0006883197903
288924	0.003031824632
288925	0.002998844795
288926	0.0003353965768
288927	0.0003280261827
288928	4.85239645e-05
288929	0.0007707108841
288930	0.001836942783
288931	0.004074709056
288932	0.00145991297
288933	0.0009570104238
288934	0.0004817575535
288935	0.0006346197136
288936	0.0006777456131
288937	0.00150671696
288938	0.0003203818797
288939	0.001296583661
288940	8.979229639e-05
288941	0.0002377430593
288942	0.0001561199223
288943	0.0002952541524
288944	0.0004747651988
288945	0.0004844763029
288946	0.0002298631294
288947	0.0004892999502
288948	0.001071673028
288949	0.0004546170582
288950	0.006364078166
288951	0.000614522473
288952	0.002095167174
288953	0.007131683054
288954	0.0004910110403
288955	0.001043350448
288956	0.005018676108
288957	0.002210927307
288958	0.00797186802
288959	0.002533582253
288960	0.0003367355919
288961	0.006055231587
288962	0.000302413459
288963	0.003033862644
288964	0.0004448364422
288965	0.003301601323
288966	0.0007173111396
288967	0.004018898706
288968	0.001387278573
288969	0.000769530145
288970	0.007806626191
288971	0.0007949504304
288972	0.0006766207845
288973	0.002670509037
288974	3.488441857e-05
288975	0.002024319141
288976	0.0004826325177
288977	0.003426650773
288978	0.001100592083
288979	0.004125469708
288980	0.0005029736454
288981	0.002147522452
288982	0.001957843492
288983	0.0007220908118
288984	0.0002005444404
288985	0.00224973479
288986	0.004007021045
288987	0.0007614215593
288988	0.001087637997
288989	0.002608250119
288990	0.0003900380806
288991	0.0012853424
288992	0.0008442181092
288993	0.003569939405
288994	0.003752955441
288995	1.05550105e-05
288996	0.003355433506
288997	0.001200129913
288998	0.00717289695
288999	0.002270972689
289000	0.004041215056
289001	0.001497069385
289002	0.0006902945141
289003	0.003681891737
289004	0.004352190473
289005	0.00462502464
289006	0.0002836397422
289007	0.006967769919
289008	0.00266590776
289009	0.001370730403
289010	0.002035123133
289011	0.0007166161149
289012	0.001492130557
289013	0.000157625925
289014	0.001198404226
289015	0.006028448231
289016	0.0006705395105
289017	0.001755928024
289018	0.0001022435657
289019	0.001573570067
289020	0.004892838973
289021	0.0002017072199
289022	0.001838102853
289023	0.001263987068
289024	0.0009507110507
289025	0.000907361336
289026	0.002963675176
289027	0.002739474206
289028	0.000630700709
289029	0.00243670572
289030	0.003538775597
289031	0.001743861177
289032	0.00289302044
289033	0.001735185552
289034	0.00364243371
289035	0.005852272691
289036	0.0001720744362
289037	0.000714804343
289038	0.005881853752
289039	0.005728686242
289040	0.0003698156315
289041	0.004715068951
289042	0.002664127062
289043	0.0001787844956
289044	0.0001942965539
289045	0.003109793914
289046	0.002879906021
289047	0.000601524168
289048	0.0003848247097
289049	0.001443583933
289050	0.0002600901447
289051	0.004849464964
289052	0.0002894478703
289053	0.0002507387352
289054	0.001912172205
289055	0.004700715149
289056	0.002902514446
289057	0.007702112548
289058	0.0006371305394
289059	0.0004595000915
289060	0.001045314702
289061	0.003917188153
289062	0.0005197260052
289063	1.73588403e-06
289064	0.002263200111
289065	0.00277306443
289066	0.002289522844
289067	0.003715628008
289068	0.005419551955
289069	0.002872478527
289070	0.003221734208
289071	0.0001859732543
289072	0.001766702411
289073	0.0001083963424
289074	0.00189472083
289075	0.001369208189
289076	0.006395464793
289077	0.0009493470806
289078	0.003101629992
289079	0.0009768946851
289080	0.000463142581
289081	2.189132951e-05
289082	0.002853809328
289083	0.0013532191
289084	0.00264825882
289085	0.0002249758325
289086	0.00118088686
289087	0.002084029554
289088	0.001882914518
289089	0.00113053964
289090	0.001343030985
289091	0.003655492948
289092	0.002518865936
289093	0.005669917154
289094	0.001521384406
289095	0.004030520025
289096	0.000423527805
289097	0.002823044627
289098	0.0001024700483
289099	0.0006062275949
289100	0.0009742235785
289101	0.001535662675
289102	0.001405088479
289103	0.003144132788
289104	0.001186678642
289105	0.006173543725
289106	0.0004768674456
289107	0.000642961978
289108	0.0004423053562
289109	0.001261055238
289110	0.001507352631
289111	0.002010401666
289112	0.003360364843
289113	0.0002216720973
289114	1.038698955e-07
289115	0.004173121308
289116	0.004632840986
289117	0.0009809959634
289118	0.001499953122
289119	0.001061816198
289120	0.002591093628
289121	0.0005116079735
289122	0.0006859547749
289123	0.006540479995
289124	0.001050234004
289125	0.0001211937654
289126	0.0003214857128
289127	0.0005047761835
289128	0.003829091195
289129	0.0004108940042
289130	0.001570439602
289131	0.000372363744
289132	0.002193474153
289133	5.293470375e-06
289134	0.00247025337
289135	0.0001355050937
289136	0.0002317334454
289137	0.0009026712327
289138	0.0007872043403
289139	0.0009803478558
289140	0.0008052089608
289141	0.0004776635789
289142	0.0001406151355
289143	0.000102616024
289144	0.0001804443124
289145	0.001287918094
289146	0.0009019435286
289147	0.000977478101
289148	0.000240655177
289149	0.0006186084129
289150	0.0009305718936
289151	0.0005839828242
289152	0.001492696647
289153	0.0009072571061
289154	0.00132022505
289155	0.0005946814227
289156	0.000136953154
289157	0.0008017108112
289158	0.000729520138
289159	0.001129068574
289160	0.0007609373316
289161	0.001066984538
289162	0.0001402449943
289163	0.001180252983
289164	0.001105371764
289165	0.000155878631
289166	0.0006410986946
289167	0.0004475792244
289168	0.0005806523922
289169	0.0005145731437
289170	0.0006893957014
289171	0.001058118032
289172	0.0008630376501
289173	0.0001914436856
289174	0.001188177403
289175	0.0002886896044
289176	0.0005088438046
289177	0.0007449363896
289178	0.0006393824938
289179	4.935231909e-05
289180	0.001308590217
289181	0.001013259558
289182	0.0003724602128
289183	0.0002826845507
289184	0.0001018852586
289185	0.000523367317
289186	0.002543057733
289187	0.002545740792
289188	0.0003556874083
289189	0.000433299943
289190	0.0005666434494
289191	0.0009380116196
289192	0.001359215414
289193	0.0008616871554
289194	0.004465811507
289195	0.0003545277557
289196	0.001639722175
289197	0.003285731847
289198	0.00199346346
289199	0.001106454405
289200	0.002726846592
289201	0.001527819112
289202	0.001540290169
289203	0.00148147042
289204	0.001584312104
289205	0.001724864344
289206	0.00222641504
289207	0.001718595732
289208	0.001641704025
289209	0.001506767951
289210	0.001728712491
289211	0.001809075184
289212	0.001703101634
289213	0.001717507914
289214	0.0005903769334
289215	0.001713058074
289216	0.001770825263
289217	0.001809667621
289218	0.001757344758
289219	0.001758891471
289220	0.0009719111257
289221	0.001649456702
289222	0.002566930221
289223	0.002353525874
289224	0.001655774714
289225	0.001735999698
289226	0.0006523647122
289227	0.001576364278
289228	0.001860802055
289229	0.001498427565
289230	0.0002747625502
289231	0.0005395721803
289232	0.0004582969054
289233	0.001367880483
289234	0.0004069074938
289235	0.001913378141
289236	0.00022621262
289237	0.001313696224
289238	0.0009770219685
289239	0.004453980135
289240	0.003409475856
289241	0.001951487685
289242	0.001863490466
289243	0.002350366742
289244	0.001292243901
289245	0.001008523395
289246	0.0009267201993
289247	0.001260489612
289248	0.001584376085
289249	0.002667438943
289250	0.0005292710688
289251	0.001226063176
289252	0.0003328114717
289253	0.001149005704
289254	0.00159600749
289255	0.008214170266
289256	0.0007672616697
289257	0.0003760437727
289258	0.0001481022914
289259	0.0005036064588
289260	0.000602470448
289261	0.0007177600333
289262	0.0002175433952
289263	0.0002014530569
289264	0.002375983599
289265	0.001066395458
289266	0.00266329404
289267	0.004526563971
289268	0.001853704262
289269	0.002329839911
289270	0.0001278175012
289271	0.002778249655
289272	0.003480774814
289273	0.0004759603941
289274	0.0002782054162
289275	0.0003612757533
289276	0.0007218486881
289277	0.0006013700282
289278	0.002372226167
289279	0.000528816423
289280	0.0009882387213
289281	0.001943262233
289282	0.0002783372048
289283	0.003993531608
289284	0.0005172207281
289285	0.000270243404
289286	0.003460581784
289287	0.0001932554994
289288	0.0008020478045
289289	9.948375654e-05
289290	0.001629864663
289291	0.002610800488
289292	0.001757793359
289293	0.002200145534
289294	0.000455988369
289295	0.002857360979
289296	0.0003955122504
289297	0.001927317306
289298	0.0006572620737
289299	0.003199333833
289300	0.001097515995
289301	0.001481581093
289302	0.001684024538
289303	0.001327735112
289304	0.003248453805
289305	0.0006894319705
289306	0.001394816905
289307	0.003030233997
289308	0.001351228259
289309	0.002285738544
289310	0.002203982225
289311	0.002580559915
289312	0.0006119743409
289313	0.0008739945221
289314	0.001544688157
289315	0.0002848705271
289316	0.003985407704
289317	0.001644272455
289318	0.001137901318
289319	0.001253299957
289320	0.001878122715
289321	0.0002241826297
289322	0.002261527597
289323	0.0002995251465
289324	0.001863901058
289325	0.001016438493
289326	0.0008605305063
289327	0.002122587168
289328	0.002569326284
289329	0.001888854951
289330	0.001295932471
289331	1.523058053e-05
289332	0.001353760468
289333	0.001018895721
289334	0.001236878688
289335	0.001003843339
289336	0.001321331582
289337	0.001746590713
289338	0.0008389855345
289339	0.002762602592
289340	0.0056829759
289341	0.00220907544
289342	0.001033524035
289343	0.001084290506
289344	0.000979587069
289345	0.001158178006
289346	0.0008640283161
289347	0.001086094362
289348	0.002304846083
289349	0.002722758445
289350	0.002534700708
289351	0.001308597151
289352	0.0008455872751
289353	0.001365212917
289354	0.004040655175
289355	0.0005637974295
289356	0.001002875194
289357	0.00198259904
289358	0.0005642073386
289359	9.853568559e-05
289360	0.003027334302
289361	0.00313138487
289362	3.237782071e-05
289363	0.004580788114
289364	0.00164130485
289365	0.007595666264
289366	0.00118830219
289367	0.001434686228
289368	0.002531451766
289369	0.001016505605
289370	0.0008138940105
289371	0.002090807146
289372	0.0003859140682
289373	0.002959854596
289374	0.001436609468
289375	0.0007837759995
289376	0.002588190213
289377	0.0005559204467
289378	0.002650914712
289379	0.0001211221113
289380	0.0004712430315
289381	0.001829494227
289382	0.002151912973
289383	0.0006292068123
289384	0.002911315213
289385	0.003168603359
289386	0.0005080831858
289387	0.00155367662
289388	8.343973524e-05
289389	0.001658298677
289390	0.001916824655
289391	0.0004760417241
289392	0.001912489191
289393	0.0004295716406
289394	0.003081665614
289395	0.002083479338
289396	0.001157512406
289397	0.002540309879
289398	0.000349568132
289399	0.003698728549
289400	0.0008158586354
289401	0.001974294648
289402	0.002275787775
289403	0.001680018674
289404	0.0003695245413
289405	0.0005317951119
289406	0.001369570429
289407	0.003936310074
289408	0.002917508922
289409	0.003407126521
289410	0.002478597383
289411	0.0007507894535
289412	0.0008767488635
289413	0.0006765224596
289414	0.003518059383
289415	0.0003064791272
289416	0.001891409928
289417	0.001245615337
289418	0.001542198918
289419	0.003117140843
289420	0.0003388338397
289421	0.002440838044
289422	0.0007097669492
289423	0.002218397081
289424	0.002342738691
289425	0.0002088701298
289426	0.002535819017
289427	0.0005870492123
289428	0.0002516330116
289429	0.001865802158
289430	0.001150773042
289431	0.0005913708484
289432	0.001251493122
289433	0.001376498774
289434	0.002143120164
289435	0.001375656272
289436	0.0009863568693
289437	0.0007134199584
289438	0.002860986645
289439	0.002111472236
289440	0.001096406494
289441	0.001274651025
289442	0.001374947492
289443	0.002971200686
289444	0.001910228064
289445	0.001940444181
289446	0.0002385461374
289447	0.004734241291
289448	0.001216033785
289449	0.001597679897
289450	0.002525468396
289451	0.001223734922
289452	0.0005051355932
289453	0.001599340638
289454	0.0008655248683
289455	0.005166404038
289456	0.001439094088
289457	0.002415344394
289458	0.00117849378
289459	0.0007323948109
289460	0.000280773162
289461	0.000728015682
289462	0.003843074688
289463	0.0003911580998
289464	0.001802006052
289465	0
289466	0.0006342398883
289467	0.001293385157
289468	0.001378211434
289469	0.001546285126
289470	0.0004954005404
289471	0.004009649366
289472	0.001693457502
289473	0.0001481296617
289474	0.0009524636946
289475	0.001747756069
289476	0.004036686704
289477	0.001436082377
289478	0.003958675451
289479	0.001895602685
289480	0.0008210459325
289481	0.002676065128
289482	0.002207992998
289483	0.004094291719
289484	4.992081845e-05
289485	0.00170686624
289486	0.001095517135
289487	0.0006396981726
289488	0.002721476922
289489	0.001580802287
289490	0.003193575052
289491	0.0005480011838
289492	0.004158643209
289493	0.002288997007
289494	0.001575960236
289495	0.003417244195
289496	0.002083201442
289497	0.004328858197
289498	0.0001817621013
289499	0.001166609463
289500	0.003121913159
289501	0.001594394542
289502	0.0005725027886
289503	0.004342375363
289504	0.0022405243
289505	0.001879317526
289506	0.0003643052657
289507	0.001536749772
289508	0.003401068491
289509	0.0002837029697
289510	0.0008146003474
289511	0.001886551635
289512	0.001715840684
289513	0.0009539959155
289514	0.0006077781469
289515	0.001523673044
289516	0.002275617978
289517	0.001703335206
289518	0.004816907172
289519	0.001223234504
289520	0.00459417956
289521	0.001627712761
289522	0.004050280638
289523	0.0009147395288
289524	0.001237019186
289525	0.004452475834
289526	0.00168560628
289527	0.001427536442
289528	0.003377080245
289529	0.001894208956
289530	1.913020323e-05
289531	3.957500938e-05
289532	0.002271858796
289533	0.001544304256
289534	0.0006552496449
289535	0.0009451288403
289536	0.001331391956
289537	0.001465663604
289538	0.0008131833518
289539	0.00121509653
289540	0.0001365039344
289541	0.00544589263
289542	0.001530045175
289543	0.002383005683
289544	0.001007600859
289545	0.001325494627
289546	0.0005549839308
289547	0.0008117355869
289548	0.0020318557
289549	0.00183486208
289550	0.003356546452
289551	0.00223476798
289552	0.002637454711
289553	0.00131528489
289554	0.003336783412
289555	0.001082593676
289556	0.001576329141
289557	0.002777742276
289558	0.001095543029
289559	0.003789458935
289560	0.001265280012
289561	0.0001711968087
289562	0.0009226535224
289563	0.001922465664
289564	0.005416324251
289565	0.0001182779093
289566	0.002760374039
289567	0.003279848143
289568	0.002303086894
289569	0.003210521975
289570	0.004592545589
289571	0.0004696066684
289572	0.001635526498
289573	0.002657101072
289574	0.001995095573
289575	0.00254163359
289576	0.003156496216
289577	0.0005346369972
289578	0.0002149961085
289579	0.003544443881
289580	0.00150469918
289581	0.003698760457
289582	0.001006429207
289583	0.0009453036069
289584	0.001858555898
289585	0.002266176147
289586	0.001102770721
289587	0.002421095289
289588	0.0001871224324
289589	0.001327587723
289590	0.0006529718954
289591	0.001300834536
289592	0.001847308124
289593	0.002448120602
289594	0.003610273522
289595	0.003984722164
289596	0.002264281464
289597	0.001301358041
289598	0.000859192801
289599	0.002097734051
289600	0.004485143976
289601	0.0001429631824
289602	0.0001497390709
289603	0.001678542878
289604	0.006562605267
289605	0.0003850928533
289606	0.0007030348274
289607	0.000669948145
289608	0.002293471588
289609	0.00240289692
289610	0.002315897408
289611	0.000388018192
289612	0.0002286990118
289613	0.001283075945
289614	0.00291769005
289615	5.471980259e-06
289616	0.001660521926
289617	0.0005459586142
289618	0.001862676131
289619	0.0007373103743
289620	0.0001270320992
289621	0.001654206216
289622	0.0008946818188
289623	0.003625718333
289624	0.00112039165
289625	0.002567555597
289626	0.001344618539
289627	0.006566358759
289628	0.001607179251
289629	0.001237921988
289630	0.000271777625
289631	0.0008916439803
289632	0.001085308555
289633	0.0006160462166
289634	0.002282550886
289635	0.00061656393
289636	0.0004405809216
289637	0.002295127512
289638	0.002018021662
289639	0.001496914256
289640	0.00307814191
289641	0.0001871648214
289642	0.0001014408365
289643	0.005681716601
289644	0.00368937713
289645	0.001776662644
289646	0.001715143442
289647	0.001634476089
289648	0.00103542595
289649	0.002345042602
289650	0.000631945015
289651	0.004233871173
289652	0.00275482008
289653	0.001587368163
289654	0.0009428330336
289655	0.0003049446023
289656	0.0007535754439
289657	0.002421178796
289658	0.002614082948
289659	0.003960598855
289660	0.002484245918
289661	0.001936163019
289662	0.001347464517
289663	0.004455930136
289664	0.0003754550273
289665	0.0007464739739
289666	0.0002363587802
289667	0.000915609694
289668	0.003671915404
289669	0.002681461047
289670	0.00170406303
289671	0.00163995667
289672	0.001690713875
289673	0.001680567151
289674	0.002459481219
289675	0.0001653063075
289676	0.002540675477
289677	0.0004332344493
289678	0.001153490497
289679	0.001411078545
289680	0.001088678044
289681	0.000414229365
289682	0.00184904148
289683	0.001867827849
289684	0.0030685638
289685	0.001149207575
289686	0.002747367999
289687	0.002804894462
289688	0.004692610941
289689	0.001346669327
289690	0.001719926253
289691	0.001985029852
289692	0.002191815701
289693	0.002696839709
289694	0.0005701736825
289695	0.004923763048
289696	0.0009399784372
289697	0.001321553779
289698	0.001733725988
289699	0.001302109657
289700	0.002667237054
289701	0.001042911571
289702	0.001673160463
289703	0.0002865326845
289704	0.0008323731353
289705	0.001286921559
289706	0.001723374586
289707	0.0003765460046
289708	3.013435259e-06
289709	0.002865857696
289710	0.00104276038
289711	0.0009496882836
289712	0.00152356913
289713	9.776044595e-05
289714	0.001343717077
289715	0.003497250274
289716	0.0003976700411
289717	0.001321334049
289718	0.003518350344
289719	0.001493360372
289720	0.000983284317
289721	0.00246620782
289722	0.003825750313
289723	0.0020319532
289724	0.001428807697
289725	0.001476140032
289726	0.001834600262
289727	0.003641985587
289728	0.004335871507
289729	0.0008826444753
289730	0.00139804339
289731	0.001503093023
289732	0.0008644746194
289733	0.002069536743
289734	0.0009240102599
289735	0.001113974674
289736	0.004927483577
289737	0.004627596622
289738	0.003720371587
289739	0.0008473606898
289740	0.0002852929074
289741	0.001811199547
289742	0.003973147423
289743	0.002194698649
289744	0.001091544489
289745	0.002113488669
289746	0.000788433822
289747	0.003035861165
289748	0.001471054181
289749	0.0001458573124
289750	0.004142769538
289751	0.002667124476
289752	0.002168824653
289753	0.0003021262255
289754	0.002391050665
289755	0.002813711141
289756	0.0004475454524
289757	0.002904850828
289758	0.001106451652
289759	0.002008897309
289760	0.0003592226396
289761	0.004336935663
289762	0.001242656027
289763	0.0003538215301
289764	2.845742717e-05
289765	0.002189595503
289766	0.0001019343516
289767	0.001028150477
289768	0.002396793206
289769	0.004767329695
289770	0.002465663214
289771	0.005049912118
289772	0.00567036611
289773	0.002294775703
289774	0.004072508477
289775	0.002189034906
289776	0.002061097202
289777	0.0002322874231
289778	0.002097472923
289779	0.002366730211
289780	0.002217626722
289781	0.002528101078
289782	0.002264534539
289783	0.001721074454
289784	0.0003058976586
289785	0.003300756904
289786	0.0004970575414
289787	0.0005407263892
289788	0.0007865433737
289789	0.003475443631
289790	0.0006449298772
289791	0.000878820798
289792	0.000554547583
289793	0.0005228467452
289794	0.0005938269116
289795	0.0007264414993
289796	0.002276187766
289797	0.00117173775
289798	0.002728759264
289799	0.0006160461991
289800	0.0004288039947
289801	0.001475437214
289802	0.003271539432
289803	0.003294741373
289804	0.001591514353
289805	0.002035089452
289806	0.0004175659965
289807	0.001965681382
289808	0.004203559256
289809	0.0001739271368
289810	0.003399486224
289811	0.004466542111
289812	0.000798425267
289813	0.002939751052
289814	0.001364661692
289815	0.002003460067
289816	0.0006039899227
289817	0.001349554772
289818	0.002117361292
289819	4.163636099e-05
289820	0.003616276579
289821	0.0004157915016
289822	0.002704055752
289823	0.001477281991
289824	0.001755724263
289825	0.00344682399
289826	0.004234353394
289827	0.00554038937
289828	0.001081423568
289829	0.001670324989
289830	0.0001064939712
289831	0.0004088749351
289832	0.0005292562331
289833	0.003024695505
289834	0.0001816246282
289835	0.0003832924782
289836	0.002717226942
289837	0.0002379998633
289838	0.001489618407
289839	0.0001977727041
289840	0.001284794246
289841	0.001104750102
289842	0.002294880732
289843	0.001229646804
289844	7.915603406e-05
289845	0.0008565814284
289846	0.0001294037842
289847	0.0005796136243
289848	2.009144239e-05
289849	6.344762094e-08
289850	7.259712907e-05
289851	0.0007066880877
289852	0.0008353443249
289853	0.0003425909839
289854	0.0009099642111
289855	0.0009576444722
289856	0.000977178231
289857	0.001309537405
289858	0.002073251895
289859	0.00201990534
289860	0.0002082587973
289861	0.0007709901416
289862	0.001567806335
289863	0.001233646884
289864	0.0008650559817
289865	0.001482401685
289866	0.0002635276094
289867	0.0002481692137
289868	5.235677876e-05
289869	0.0005471185282
289870	0.0008151849838
289871	0.0005007024497
289872	0.0001364142941
289873	0.0005908013546
289874	0.0006154129322
289875	0.0006041118574
289876	0.0005105383811
289877	0.0003321663787
289878	0.0002095279889
289879	0.0003724658644
289880	0.0006512680252
289881	0.0002468433448
289882	0.0001935437726
289883	0.001195980959
289884	0.0001550344491
289885	0.001702210957
289886	0.0003065422112
289887	0.0004477349856
289888	8.609025419e-05
289889	0.0007249105304
289890	0.001583278173
289891	0.0003829047384
289892	0.001081325703
289893	0.001744332014
289894	0.00173943173
289895	0.001321465611
289896	0.0005377580252
289897	0.0005983129202
289898	0.001072899094
289899	6.785973569e-05
289900	0.0003130348903
289901	0.002177848579
289902	0.003280207317
289903	0.0004275941095
289904	0.005665195842
289905	0.0005222008124
289906	0.0006410745632
289907	0.0004203256126
289908	0.0002083971016
289909	0.0004273194257
289910	1.819503865e-05
289911	0.001074986686
289912	0.0006471891354
289913	0.004961368899
289914	0.002033036568
289915	0.003564311789
289916	0.001178905405
289917	0.001839321167
289918	0.0003093801712
289919	0.001533864986
289920	0.0005626965532
289921	0.002518177761
289922	0.003645027218
289923	0.0009031225232
289924	0.0009732228887
289925	0.001174770174
289926	0.001477953605
289927	7.636972888e-05
289928	0.0003749243132
289929	0.002461170409
289930	0.003199103926
289931	0.005244992743
289932	0.003345751232
289933	0.005754455801
289934	0.004012752542
289935	8.179506795e-05
289936	0.0006080214028
289937	0.004181707479
289938	0.00127142222
289939	0.003910171388
289940	0.000257616017
289941	0.001450379485
289942	0.0002903992907
289943	0.00191515034
289944	0.0007126740364
289945	0.0003172409026
289946	4.371329525e-05
289947	8.777714722e-07
289948	0.004143413235
289949	0.003939484861
289950	8.007413393e-05
289951	0.0009627879292
289952	0.001744642244
289953	0.0007181112071
289954	0.00208123029
289955	0.002966828259
289956	0.00273868048
289957	0.001097465168
289958	0.0005744786114
289959	0.001045186532
289960	0.0006095272295
289961	0.004094520366
289962	0.003242771134
289963	0.002830420112
289964	0.001891701733
289965	0.001389617669
289966	0.002057115695
289967	0.0009174558869
289968	0.0002702195586
289969	0.001024119871
289970	0.001311361599
289971	0.002274978329
289972	0.002263875037
289973	0.0007035582923
289974	0.001063375834
289975	0.001243495773
289976	0.0005165537966
289977	0.002891343881
289978	5.377709852e-05
289979	0.001074241011
289980	0.003918104461
289981	0.002036261964
289982	0.003619792145
289983	0.001006704464
289984	0.0007150876142
289985	0.0005749666
289986	6.016092957e-05
289987	0.002144867602
289988	0.004245409777
289989	0.0006232208092
289990	0.002104445161
289991	0.001970895329
289992	0.002106665071
289993	0.001333276313
289994	0.0006028929035
289995	0.0002730981302
289996	0.0009828326818
289997	0.001760697849
289998	0.0008235552452
289999	0.0001589288917
290000	7.293188054e-05
290001	0.0002951153169
290002	1.566773671e-05
290003	0.0001023542884
290004	0.0001371499946
290005	0.001304849574
290006	5.20563209e-05
290007	0.000333593344
290008	2.07548573e-05
290009	0.001289059731
290010	0.0002816825104
290011	3.860390889e-06
290012	0.0003980960166
290013	0.0001274369743
290014	0.001060611645
290015	0.0003198444691
290016	0.0007410584171
290017	8.842968415e-07
290018	0.0005463986519
290019	0.0001010122153
290020	0.0004368183193
290021	0.0005949960159
290022	8.435497272e-05
290023	0.0006142386035
290024	0.0002481545474
290025	0.0001100436645
290026	0.0009340862501
290027	0.0004316828359
290028	0.0008535050013
290029	0.0001417595557
290030	0.0007271023537
290031	9.993237656e-05
290032	0.0007889475613
290033	0.0005154344158
290034	0.0007877543994
290035	0.00034851294
290036	0.0003172476797
290037	0.0003624868591
290038	0.0001198910653
290039	0.0007606538206
290040	0.0008710276361
290041	1.827474198e-05
290042	0.001290965261
290043	0.0004729417001
290044	0.001571272142
290045	0.002490744186
290046	0.0016327198
290047	0.000648502449
290048	0.001660498995
290049	0.001705685667
290050	0.0009672372624
290051	0.000666482587
290052	0.000604937638
290053	0.0005671085794
290054	0.001027627236
290055	0.001050277764
290056	0.003074679687
290057	0.000920478199
290058	0.0009367505797
290059	7.563846102e-05
290060	0.001400325628
290061	0.0001490559841
290062	0.0007544912921
290063	0.001293697246
290064	0.0002830318621
290065	0.001437421194
290066	0.0007268311664
290067	0.0002878770585
290068	0.0007113530595
290069	0.002017801056
290070	0.0001143802759
290071	0.0002476513976
290072	0.001440965732
290073	0.0001955215423
290074	0.0001164731262
290075	8.284634833e-05
290076	0.001369649194
290077	0.0004900565295
290078	0.0005753244499
290079	0.0002575697148
290080	9.899647821e-05
290081	0.0008593974848
290082	0.001254188222
290083	0.0004034766506
290084	2.444005993e-05
290085	0.0004435858409
290086	0.0003556716418
290087	0.0001942598685
290088	8.855991543e-05
290089	0.001045177028
290090	0.001886832416
290091	0.000616962142
290092	0.000436959314
290093	2.703223743e-05
290094	0.0001324037771
290095	0.00074901697
290096	0.001215867701
290097	0.000938011236
290098	0.001560000261
290099	0.001453467478
290100	0.0005501888005
290101	0.001027400437
290102	0.002647490221
290103	0.0007924356351
290104	0.0007910538029
290105	1.386637523e-06
290106	2.384402571e-07
290107	0.002805764466
290108	0.0001651317779
290109	0.001099502024
290110	0.0002168324821
290111	0.00100702312
290112	0.001649641056
290113	0.0001392639892
290114	0.001901348072
290115	0.001004220388
290116	0.001194019068
290117	0.0004503152157
290118	2.732956825e-05
290119	0.0007846213665
290120	0.001159910566
290121	0.0006518371659
290122	0.0006713191893
290123	0.0002961279982
290124	0.001177897245
290125	0.001759035541
290126	0.001773381703
290127	0.0008783940128
290128	0.002300833685
290129	0.0008029970259
290130	0.00149081953
290131	9.151750936e-05
290132	0.0001851049902
290133	0.0009556354327
290134	6.24958552e-05
290135	0.0005895631963
290136	0.003191380098
290137	0.001543143534
290138	0.002939153691
290139	0.002718615214
290140	0.0001451965921
290141	0.001841214787
290142	0.003224945682
290143	0.001005817437
290144	0.0002251695316
290145	2.385392623e-05
290146	0.001651132968
290147	0.002628359152
290148	0.001035175144
290149	0.0002171727687
290150	0.002271439772
290151	0.004617746218
290152	0.000445489386
290153	0.003611777466
290154	0.00177478169
290155	0.001591323252
290156	0.001451533544
290157	0.002546051521
290158	0.002667220913
290159	0.0009656034508
290160	0.0003714046274
290161	0.0005267407697
290162	0.002569887188
290163	0.0001204032095
290164	0.0005483086292
290165	0.003816238502
290166	0.002576014067
290167	0.0006338428035
290168	0.003114691465
290169	6.418945641e-05
290170	5.441551712e-05
290171	0.001667198143
290172	0.0001985223116
290173	0.005557090134
290174	0.001486384245
290175	0.002463647847
290176	0.0006083317194
290177	0.0007456838497
290178	0.0008346540464
290179	0.003217583382
290180	0.0002501641784
290181	0.0002680764362
290182	0.003808952696
290183	0.001062130194
290184	0.0002705309887
290185	0.00326847675
290186	0.0003136751896
290187	0.002913728442
290188	0.001511779467
290189	0.002191742459
290190	0.001088678826
290191	4.443691965e-05
290192	0.003162882078
290193	0.0006040898338
290194	0.0001971578743
290195	0.0006246616094
290196	0.000723386589
290197	0.001393721538
290198	0.00335934352
290199	0.004222924068
290200	0.0003776075677
290201	0.001362362315
290202	0.0003215696774
290203	0.001023027591
290204	0.0009711735651
290205	0.001909790715
290206	0.002028735279
290207	0.0002005635664
290208	0.0007984945272
290209	3.392338282e-05
290210	0.0001654089083
290211	0
290212	0.002656292526
290213	0.002454700648
290214	0.000618712939
290215	0.0008265173765
290216	0.001830673079
290217	0.001160797983
290218	0.002701511467
290219	0.001507750643
290220	0.0001105068688
290221	0.00014284668
290222	0.001393138521
290223	0.001640861063
290224	0.00204103544
290225	0.0006620885589
290226	0.002023647463
290227	1.045936944e-05
290228	0.002520421435
290229	0.001432223421
290230	0.002875689219
290231	0.003286469736
290232	0.0002733516159
290233	0.003338131006
290234	0.0006179717302
290235	0.002915969891
290236	0.002275641714
290237	0.002939065725
290238	0.000206919144
290239	0.001769546578
290240	0.00169661755
290241	0.000795392254
290242	0.000866759144
290243	0.0008312765939
290244	0.002528850617
290245	0.001612158411
290246	0.001137014163
290247	0.001002551376
290248	0.001532406875
290249	0.004528505953
290250	0.0004623475303
290251	0.002114203541
290252	0.0009018028425
290253	0.0007951076422
290254	0.002315052244
290255	0.001062169575
290256	0.0001234803382
290257	0.0001455430404
290258	0.0008334169629
290259	0.0004201016514
290260	0.0002363210932
290261	8.289124666e-08
290262	0.0001235148852
290263	0.0002368614213
290264	0.0004218669455
290265	9.36213382e-05
290266	5.771713186e-05
290267	8.158162124e-05
290268	0.0008057572657
290269	0.001485820131
290270	0.001423858549
290271	0.001599948685
290272	0.001222237391
290273	0.0005867696498
290274	6.45255849e-06
290275	0.0008711245097
290276	0.0009677014176
290277	0.0005855717841
290278	0.0001924086014
290279	0.0007369050031
290280	0.001219647229
290281	0.0001764379156
290282	0.001307657079
290283	0.0005866629144
290284	0.0003900324631
290285	0.001836984324
290286	0.0001005501998
290287	0
290288	0.0002877193235
290289	0.002726195589
290290	0.000219171834
290291	0.00257540183
290292	0.0001294980355
290293	0.002517426501
290294	0.001731975627
290295	0.00100327988
290296	0.003268066991
290297	0.0009803275691
290298	0.002227068244
290299	0.002300036847
290300	0.00172016422
290301	0.0004529062922
290302	0.001991012264
290303	0.0001615369759
290304	0.0003674927976
290305	0.0006501061867
290306	0.0003662988024
290307	0.001562109716
290308	0.002297477595
290309	0.0007296860012
290310	0.001532907328
290311	0.001625534776
290312	0.0003448219508
290313	0.0002501807427
290314	0.0001579876035
290315	0.0004944635543
290316	0.0002244919977
290317	0.0005186702063
290318	0.00223286312
290319	0.0003486777629
290320	0.003741077504
290321	0.001433313246
290322	0.0001065177527
290323	0.003076020845
290324	0.000411279428
290325	0.002875751365
290326	0.003746440929
290327	0.002068001617
290328	0.003640122086
290329	0.0004722037501
290330	0.0003402949239
290331	0.001914458091
290332	0.0003550671066
290333	0.0005920311349
290334	0.0002424714607
290335	0.0008465146823
290336	0.001186856645
290337	0.001708642857
290338	0.0001669533216
290339	0.003004437027
290340	0.001828449479
290341	0.0004368981326
290342	0.002176246522
290343	0.0011504179
290344	0.001020336409
290345	0.0006065294087
290346	0.0008020891265
290347	0.000583085086
290348	0.002131639553
290349	0.001295330085
290350	2.900811563e-05
290351	0.0009755265583
290352	0.001381568826
290353	0.001730014525
290354	0.002414099821
290355	6.361861059e-05
290356	0.002318529058
290357	6.961595068e-05
290358	3.588093695e-07
290359	0.003812876605
290360	0.001690572629
290361	0.0007327363875
290362	0.0005108666501
290363	0.001087281954
290364	0.0004197341958
290365	0.0002316291989
290366	8.414180342e-06
290367	0.000261500419
290368	0.0006689514806
290369	0.002606950751
290370	0.001238576583
290371	0.0004568208245
290372	0.001664029949
290373	0.0002882445434
290374	0.001462185997
290375	0.0003254251685
290376	7.10002846e-05
290377	0.000117108162
290378	0.0007940384411
290379	0.0001151964291
290380	0.0004356034411
290381	1.142091594e-05
290382	0.002501074924
290383	0.0001086186585
290384	0.0007433138316
290385	8.664382764e-05
290386	0.002255862311
290387	0.0001522050825
290388	0.001252458596
290389	0.002066736847
290390	0.0002355941874
290391	0.0003428754161
290392	0.00296341908
290393	0.002224320153
290394	0.0006990925913
290395	0.001015631775
290396	0.0005800684598
290397	3.845003869e-05
290398	0.00179196292
290399	0.001577302291
290400	0.0007088240517
290401	0.0008656729631
290402	0.001582473258
290403	0.0007773256948
290404	0.0004585383332
290405	0.002615592976
290406	0.0008210249373
290407	0.0005331709323
290408	0.001516552249
290409	0.0008152771253
290410	0.0004323839244
290411	0.003587630401
290412	0.0001649238273
290413	0.0001098345155
290414	0.0003950345095
290415	0.000597551969
290416	6.749875482e-06
290417	0.000921788315
290418	0.002413123005
290419	0.0003670071233
290420	0.0006201053252
290421	0.0005469181057
290422	0.0004602123155
290423	0.002547144534
290424	0.0006653839758
290425	0.001619490716
290426	0.0003455749089
290427	0.0006858137964
290428	0.0003660636243
290429	0.000192514668
290430	0.0007177883798
290431	0.0006927533844
290432	0.001244739468
290433	0.0008381498373
290434	0.001726217372
290435	0.000112361127
290436	0.000787351715
290437	0.005426180807
290438	0.0009144854114
290439	0.001409768435
290440	0.002463818322
290441	0.00020165988
290442	0.0005704725672
290443	0.00166846471
290444	0.0008592218377
290445	0.001742368624
290446	0.0003474205497
290447	0.002276826235
290448	0.001726966938
290449	0.000139008764
290450	0.00032006494
290451	0.001530960011
290452	4.724154436e-05
290453	0.002578523715
290454	0.005552424119
290455	0.0004118691509
290456	0.0001430554346
290457	0.0004189677957
290458	0.001950960911
290459	0.0042877102
290460	0.0006147070315
290461	0.003131444149
290462	0.0008264183227
290463	0.0008620855015
290464	0.001513733836
290465	0.001405641028
290466	0.002396586202
290467	0.0002679881616
290468	0.003563988363
290469	0.001747462791
290470	0.0009943057016
290471	0.001209408712
290472	0.002074368684
290473	0.0005738516244
290474	4.169907955e-06
290475	0.001575219506
290476	0.002563151993
290477	0.00183751753
290478	0.0002453943116
290479	0.002627114004
290480	0.0003563138253
290481	0.0002286647803
290482	0.000292562483
290483	0.0003915402254
290484	8.708106862e-05
290485	0.003513004169
290486	0.0006797990734
290487	0.0002623713751
290488	0.007884240162
290489	0.002798604125
290490	0.001806796454
290491	0.005857961
290492	0.003028170232
290493	0.003672223584
290494	0.001372285942
290495	0.001800188758
290496	0.001597975769
290497	0.002114582816
290498	0.001341303985
290499	0.002738041392
290500	0.001601563951
290501	0.001173012658
290502	0.0009519828198
290503	0.0003249183589
290504	0.0002526953908
290505	0.002610380398
290506	0.0006417918718
290507	0.0001256589861
290508	0.002887777765
290509	0.0002646463867
290510	0.004488730517
290511	0.003392351409
290512	0.001725811089
290513	0.002281452947
290514	0.002007552913
290515	0.0001701823249
290516	0.001510589753
290517	0.0006221199055
290518	0.002148093282
290519	0.003358783985
290520	9.824147754e-08
290521	0.0006338775473
290522	0.001348876016
290523	0.002767383715
290524	0.000508396462
290525	0.002488642898
290526	0.0009742893839
290527	0.001222568117
290528	0.0008680370046
290529	0.004032735628
290530	0.005202507858
290531	0.005872587554
290532	0.002995526447
290533	0.0007685031124
290534	0.0003873854042
290535	0.002820369229
290536	0.003270003273
290537	0.0009660887932
290538	1.716155807e-07
290539	2.839792712e-07
290540	0.001503752861
290541	0.0001317929187
290542	0.002061852419
290543	0.003843359517
290544	0.001516876824
290545	0.006050728499
290546	0.0009570001924
290547	0.0004508557515
290548	3.312800125e-05
290549	0.0005796058241
290550	0.0001801132788
290551	0.0004706890101
290552	0.004402048901
290553	0.001501773197
290554	0.0002083444214
290555	2.043924665e-06
290556	1.756505318e-08
290557	1.123329895e-06
290558	1.456225235e-06
290559	9.915883616e-07
290560	8.729093963e-06
290561	1.063259328e-07
290562	2.467074491e-06
290563	2.838879002e-06
290564	7.941127623e-06
290565	6.128786406e-07
290566	4.635545562e-06
290567	8.70091776e-06
290568	6.288477912e-07
290569	8.057974555e-06
290570	1.374045457e-06
290571	4.327766125e-06
290572	1.818539858e-07
290573	1.031260672e-05
290574	2.831805755e-06
290575	2.994106393e-06
290576	3.812081227e-06
290577	2.080499632e-06
290578	3.339903234e-06
290579	3.60228494e-06
290580	1.57385917e-06
290581	3.532287889e-06
290582	2.080833443e-06
290583	4.997038626e-06
290584	5.465868788e-06
290585	6.201580982e-06
290586	1.076460519e-06
290587	3.161321565e-06
290588	8.223167387e-07
290589	2.650478065e-06
290590	2.980839403e-06
290591	4.517192846e-06
290592	2.873295196e-06
290593	5.077237485e-06
290594	2.982859303e-06
290595	4.418081519e-06
290596	1.503099462e-06
290597	2.918122765e-06
290598	1.364369945e-06
290599	5.022537064e-06
290600	6.286830812e-06
290601	2.205976826e-06
290602	3.395368735e-06
290603	5.044819266e-06
290604	7.313069671e-07
290605	3.255542748e-06
290606	1.853572069e-06
290607	2.256401052e-06
290608	8.569354095e-06
290609	1.16365714e-06
290610	4.914729726e-06
290611	1.954596061e-07
290612	7.521963988e-06
290613	3.588981407e-06
290614	3.421680974e-06
290615	5.134398822e-06
290616	2.12428191e-06
290617	2.524552569e-06
290618	2.669000683e-06
290619	6.718503664e-06
290620	8.741444821e-07
290621	5.436086906e-06
290622	7.033982583e-06
290623	2.349199332e-06
290624	1.838134117e-06
290625	5.189905749e-06
290626	2.036463961e-08
290627	1.613728351e-06
290628	3.776176286e-06
290629	2.430716363e-06
290630	6.033020833e-06
290631	1.97041168e-06
290632	3.487280052e-07
290633	8.635637854e-06
290634	1.565124158e-06
290635	8.912538925e-07
290636	4.567332058e-06
290637	7.881361618e-06
290638	1.015254525e-06
290639	2.903508381e-07
290640	4.007535936e-06
290641	0.0005363400545
290642	0.003807056682
290643	0.0002685461481
290644	0.00119865897
290645	0.0005884144983
290646	0.001791161189
290647	5.103151351e-05
290648	0.0007220793824
290649	0.000449723338
290650	0.002588292617
290651	0.0004602565693
290652	0.001540088885
290653	0.003509764786
290654	0.0008081401877
290655	0.001164213646
290656	0.001301735213
290657	0.0004022607419
290658	0.002483684105
290659	0.0002748033478
290660	9.850328071e-05
290661	0.002443259623
290662	0.0009868262413
290663	0.003146751046
290664	0.002489304977
290665	0.0046599478
290666	0.0004755803027
290667	0.001042001455
290668	0.0009787251866
290669	0.001715963574
290670	0.004268184325
290671	0.0005094074518
290672	0.001212611772
290673	0.002686303063
290674	0.001871838195
290675	0.0004693753256
290676	0.0003283416998
290677	0.001415784058
290678	0.0003450252701
290679	2.756681642e-05
290680	0.0002539526606
290681	0.0016986183
290682	0.0002605417862
290683	0.001833511327
290684	0.00073837592
290685	0.001190795716
290686	0.0001365249719
290687	0.0008755569722
290688	0.002981164068
290689	0.0007468622311
290690	9.22714848e-05
290691	0.002250767709
290692	0.0001452032878
290693	0.0002492294904
290694	0.0007313285819
290695	8.372196138e-05
290696	0.0002169153422
290697	0.001055768735
290698	6.016808915e-05
290699	0.0001029207872
290700	0.0006238851609
290701	0.0001072290749
290702	0.0002240872775
290703	0.002331610556
290704	0.001363749296
290705	0.0007400361001
290706	0.0001906826536
290707	0.0008522260365
290708	0.002291251568
290709	0.001068385636
290710	0.003538256345
290711	0.002948083805
290712	0.001812990067
290713	0.003723084694
290714	0.00278470574
290715	2.165801929e-05
290716	0.001294569873
290717	0.0003494686221
290718	0.00337805068
290719	0.001857348761
290720	0.002318705382
290721	0.002433185536
290722	0.002196504865
290723	0.002575589063
290724	0.00455258984
290725	0.001223063569
290726	0.001494278567
290727	0.001657082629
290728	0.001178148393
290729	0.003476635668
290730	0.002904000304
290731	0.0007278040778
290732	0.003530667456
290733	0.0001701833172
290734	0.002490094487
290735	0.001411709082
290736	0.003063192333
290737	0.003498607989
290738	0.003311605715
290739	0.004218151667
290740	0.004140047418
290741	0.001497024834
290742	0.0008642086045
290743	2.096208667e-05
290744	0.004084813415
290745	0.002692212838
290746	0.0001727163149
290747	0.001804289102
290748	0.001855901928
290749	0.0001248078026
290750	0.001215354989
290751	0.001106963513
290752	0.001389710476
290753	0.0004026221008
290754	0.000304550446
290755	0.002326782467
290756	0.0007798666046
290757	0.002601667451
290758	0.003821550269
290759	0.0005914936588
290760	0.0007141311468
290761	0.004206870314
290762	0.0006273610706
290763	0.002640946833
290764	0.001415898782
290765	0.002015178141
290766	0.0004623110893
290767	0.0002755695258
290768	0.001656377864
290769	0.002012851368
290770	9.344458743e-05
290771	6.520922157e-05
290772	0.0002278287404
290773	0.00118406936
290774	0.0006395885152
290775	0.001700764566
290776	0.001737469564
290777	0.0001998215875
290778	0.001930971127
290779	0.003400375911
290780	0.0007923202401
290781	0.004348547006
290782	0.001351273773
290783	0.002293445237
290784	0.0001649001285
290785	0.003082512052
290786	0.002125322831
290787	0.0008535413517
290788	0.001560400638
290789	0.003552059657
290790	6.470660188e-05
290791	0.002640814212
290792	0.003044505724
290793	0.0009698811818
290794	0.001024240686
290795	0.001727954694
290796	0.0002831811544
290797	0.0005704890129
290798	0.00068065541
290799	0.0004131073848
290800	0.0007431079634
290801	0.0008115357334
290802	0.001930865046
290803	0.004453235894
290804	0.001920658328
290805	0.004725605017
290806	0.001642515462
290807	0.003313753556
290808	0.0004194181209
290809	0.002011953716
290810	0.004260849966
290811	0.005473162477
290812	0.003256547784
290813	0.0007921731918
290814	0.0008473156005
290815	0.001785108523
290816	0.0009006667606
290817	5.418132225e-05
290818	0.004483623357
290819	0.001260348544
290820	9.463269794e-05
290821	0.003548161702
290822	0.001946049643
290823	0.001995301324
290824	0.00108348004
290825	0.003192048438
290826	0.001061954011
290827	0.003587578959
290828	0.001718771265
290829	0.001192072512
290830	0.000287359098
290831	0.001430518474
290832	0.001343746452
290833	0.001119218413
290834	0.0004268693546
290835	0.00290678929
290836	0.0005563492553
290837	0.002252115524
290838	0.0001535417798
290839	0.0005078864167
290840	0.002029487712
290841	0.0003126402943
290842	0.0004972711222
290843	0.0002964338719
290844	0.00118935544
290845	0.0002348148147
290846	0.0003571833205
290847	0.001860495935
290848	0.001690316068
290849	0.005770810545
290850	0.0003963095132
290851	0.00127141954
290852	0.004167466239
290853	0.002174782236
290854	0.002731323523
290855	0.000265589671
290856	0.003223886213
290857	0.001333513765
290858	0.0003281794528
290859	0.001209127486
290860	8.377317357e-05
290861	0.001646996904
290862	0.0003815228433
290863	0.0008517635431
290864	0.0009376179981
290865	7.324458719e-05
290866	0.0009187999206
290867	0.0001777505155
290868	1.122993622e-05
290869	0.001799091663
290870	0.001911410271
290871	0.0003202488505
290872	0.003384945132
290873	0.001733589337
290874	0.001832799532
290875	0.0009562435104
290876	0.001585037745
290877	0.003894374292
290878	0.0007625409158
290879	0.003284934905
290880	0.002496042293
290881	0.000575450521
290882	0.0004422487359
290883	0.0004991317008
290884	0.003764406751
290885	0.0007727838393
290886	0.001000922733
290887	0.00142000985
290888	0.0004694318488
290889	0.00162951347
290890	0.000137432367
290891	0.001017377237
290892	0.0003758819919
290893	0.0007709879357
290894	0.0007010285715
290895	0.001465910795
290896	0.0007248193936
290897	0.001467101709
290898	0.0001074398017
290899	0.005063766724
290900	0.001901156709
290901	0.002329847699
290902	0.0009843457712
290903	0.001414958455
290904	0.0005899696696
290905	0.0008128691139
290906	0.001619472522
290907	0.001191171032
290908	0.001223512308
290909	0.00403495744
290910	3.556948729e-05
290911	0.0003324982474
290912	0.0001843238952
290913	0.001738080897
290914	0.001855728116
290915	0.002558205039
290916	0.0007514667981
290917	0.001377372966
290918	0.0001794261962
290919	0.0009833389342
290920	0.0004643561389
290921	0.001786174303
290922	0.004070737358
290923	0.002884830627
290924	0.003190692478
290925	0.001759749093
290926	0.001873311603
290927	0.0002309426775
290928	0.0005324806217
290929	0.002825069301
290930	0.001172184581
290931	0.001746302427
290932	0.008468559298
290933	0.0004495942771
290934	0.0003035280426
290935	0.001073710408
290936	0.0006939777349
290937	0.0002118289366
290938	0.0001237764997
290939	0.004036770824
290940	0.001943256656
290941	0.0009079436235
290942	0.0003876601131
290943	0.004439144465
290944	0.002861278034
290945	0.0004908662573
290946	0.0002369812517
290947	0.0005412615614
290948	0.001427930907
290949	0.0006076309613
290950	0.003168935446
290951	0.002812071208
290952	0.002515124371
290953	0.001662062591
290954	6.644879193e-05
290955	0.004344373892
290956	0.0009174024028
290957	0.002189477799
290958	0.001500265524
290959	0.001424968907
290960	0.001737622522
290961	0.005249028575
290962	0.001092721177
290963	8.253200762e-06
290964	0.003240961325
290965	0.001250385765
290966	0.002786428716
290967	0.007719366682
290968	0.0004687160689
290969	0.0002044486047
290970	0.0007636633195
290971	0.0007131328458
290972	0.0003031185481
290973	0.002716602003
290974	0.002549815007
290975	0.006362956359
290976	0.002903871961
290977	0.001590787057
290978	5.806015536e-05
290979	0.001963228504
290980	7.000468722e-06
290981	0.0006657840822
290982	0.001754029418
290983	0.001307187018
290984	0.006455637606
290985	0.008691085046
290986	0.005979538419
290987	0.000700918708
290988	0.001495729805
290989	0.001368721473
290990	0.001107872474
290991	0.001109625757
290992	0.001522051207
290993	0.001196708763
290994	0.001486938988
290995	0.001713837617
290996	0.001423888573
290997	0.001090201329
290998	0.001157934846
290999	0.001109620333
291000	0.0009876047334
291001	0.001495902331
291002	0.001138901353
291003	0.001541176777
291004	0.00145176967
291005	0.00107069567
291006	0.001416568591
291007	0.001410096479
291008	0.001410399526
291009	0.00122250471
291010	0.0006399928522
291011	0.001241351846
291012	0.0003824707236
291013	0.0009906300059
291014	0.0003390478134
291015	0.0004842258455
291016	0.0002498761348
291017	0.002197778302
291018	0.0005264687638
291019	0.00134013212
291020	0.0004435312205
291021	0.001179923999
291022	0.004222790879
291023	0.001244290976
291024	0.001819685155
291025	0.001576779909
291026	0.00195642526
291027	0.002599920896
291028	0.003951123967
291029	0.001015722138
291030	0.001523390084
291031	8.577457968e-05
291032	0.001157821485
291033	0.004454950206
291034	0.005611963722
291035	0.001738605539
291036	0.005069355234
291037	0.01383550562
291038	0.00281187001
291039	0.002052684696
291040	0.002694211576
291041	0.002358748644
291042	0.00739372762
291043	0.002586892841
291044	0.001775646638
291045	0.00679363565
291046	0.007816279385
291047	0.001067339067
291048	0.0005151037174
291049	0.001530584917
291050	0.00383175607
291051	0.0006728175618
291052	0.002268679443
291053	0.003518218684
291054	0.003004153551
291055	0.00100069306
291056	0.001720941672
291057	0.004400379738
291058	0.003021168126
291059	0.0008597071956
291060	0.0008999329701
291061	0.001767235099
291062	0.002105919446
291063	0.0004935640624
291064	0.0004592937895
291065	0.003376880233
291066	0.002894821307
291067	0.003392582054
291068	0.0003259536356
291069	0.0003275586731
291070	0.0003630115365
291071	0.0001441981159
291072	0.0001007751877
291073	0.00111436523
291074	4.954825937e-05
291075	0.001841643609
291076	0.001588247312
291077	0.0004052499814
291078	0.000514471414
291079	0.00231344215
291080	0.002109815429
291081	0.0003589393356
291082	0.001124194418
291083	0.0007221034726
291084	0.004687857693
291085	0.0006273413899
291086	0.001639301691
291087	0.002107630632
291088	0.002871688534
291089	0.003877899728
291090	0.003149879233
291091	0.0008318301744
291092	0.001006922256
291093	0.0006030306022
291094	0.001239023894
291095	0.001280653646
291096	0.003680511646
291097	0.003504002138
291098	0.00347766161
291099	0.001593011013
291100	0.001100148792
291101	0.00088740036
291102	0.0004498514275
291103	0.0007887153837
291104	0.004015803707
291105	0.007848803871
291106	7.827421652e-05
291107	0.004859836184
291108	0.000264879145
291109	0.004298176618
291110	0.001967998624
291111	0.006607951223
291112	0.001006614466
291113	0.000804578293
291114	0.0006964031751
291115	0.0004074657466
291116	0.0007345357936
291117	0.0001666121251
291118	2.562935103e-05
291119	0.0004021512372
291120	0.001055606183
291121	0.003902859305
291122	0.002018687339
291123	0.001327234155
291124	0.00155250206
291125	0.001424302557
291126	5.068153578e-05
291127	0.0001268452591
291128	0.001282098099
291129	0.006436803905
291130	0.0004351539517
291131	0.002755325752
291132	0.004807220185
291133	0.0001610340066
291134	0.0008021035096
291135	0.0001469771818
291136	0.0005247143171
291137	0.003205841449
291138	0.0003777126203
291139	0.001873958978
291140	0.005318267297
291141	0.00477119177
291142	0.0007326794844
291143	0.001651691946
291144	0.0002404975735
291145	0.0006962232834
291146	0.002121754777
291147	2.65541823e-05
291148	0.001207843039
291149	0.0002034423264
291150	0.0002857563387
291151	0.001515042108
291152	0.001249768155
291153	0.008080014943
291154	0.005674040938
291155	0.003764100841
291156	0.0008583514584
291157	3.386538153e-05
291158	0.00052834507
291159	0.0001871738595
291160	0.0002882982798
291161	0.0002558564725
291162	0.0006565175129
291163	0.0004201295527
291164	0.0004736546847
291165	0.0003873833811
291166	0.0001193273068
291167	0.0005219951929
291168	0.0006145932514
291169	4.379091495e-05
291170	0.0001417144627
291171	0.001382897735
291172	0.0003364799599
291173	0.0004734362757
291174	0.0002419052217
291175	0.001008875126
291176	0.000267845012
291177	0.0001082381194
291178	0.000867692331
291179	0.0004732849212
291180	0.000251971028
291181	0.0003764401898
291182	0.0008790211226
291183	0.003723340822
291184	0.002080488551
291185	0.0007477672135
291186	0.001525671327
291187	0.002514061367
291188	0.001573359111
291189	0.0005621513098
291190	0.001090269496
291191	0.0001058359529
291192	0.006017083422
291193	0.0009205002022
291194	0.0001766922439
291195	0.000119954439
291196	0.0005102365972
291197	0.000813998706
291198	0.005145587059
291199	0.0008924889048
291200	0.001634939219
291201	0.001768403459
291202	0.001569495361
291203	0.0001909618733
291204	0.001563328246
291205	0.003283545115
291206	0.001393217586
291207	0.001159833809
291208	0.003271069916
291209	0.0009639176247
291210	0.001643115165
291211	1.648130523e-05
291212	0.001038115384
291213	0.002149482987
291214	0.0002672311776
291215	0.005273178597
291216	6.331807629e-05
291217	0.003527427019
291218	0.00119846409
291219	0.001253659173
291220	0.001143738608
291221	6.102630476e-05
291222	0.0001728773625
291223	0.0004900970646
291224	0.0003478490946
291225	0.0002597030977
291226	0.0008696758127
291227	0.002391023561
291228	0.0006708955068
291229	0.0002159420968
291230	0.0001762972417
291231	0.0002469642798
291232	0.001043861384
291233	4.978161672e-05
291234	0.0008487095797
291235	0.0005046848717
291236	0.0005198902881
291237	0.0007289201976
291238	0.0001757685305
291239	0.0007086483097
291240	0.001348911055
291241	0.0001244435447
291242	6.459047564e-05
291243	0.0002956376886
291244	5.615269531e-05
291245	0.000965880913
291246	0.0001530338097
291247	0.0001935446389
291248	0.0002551740421
291249	0.0002581413284
291250	4.126516508e-05
291251	0.0005402634357
291252	8.023095732e-05
291253	0.0001582111352
291254	0.0008251847542
291255	0.0001390924091
291256	0.0002025526763
291257	0.0001752785647
291258	0.0002445612964
291259	0.0002731726413
291260	0.0001860129164
291261	0.0005411064173
291262	0.0001225028739
291263	0.0009992579847
291264	0.0001945007949
291265	0.0003640065325
291266	0.003403107831
291267	0.0005791574108
291268	0.0001889550432
291269	0.0005901784844
291270	0.0008083335824
291271	0.002156249451
291272	0.0009613487069
291273	0.0001479404937
291274	0.0001402047673
291275	0.0006814520662
291276	0.001747540578
291277	0.0004196140093
291278	0.0004651349509
291279	0.009411468506
291280	0.0005033940068
291281	0.001655060408
291282	0.006772536204
291283	0.005072452139
291284	0.004460666112
291285	0.000385208071
291286	0.0009907100803
291287	0.0003606415515
291288	0.0002045494145
291289	0.0007652093385
291290	0.001804452715
291291	0.0001932509468
291292	0.0008664578426
291293	0.0005557542423
291294	8.299520944e-05
291295	6.563699128e-05
291296	1.808278569e-05
291297	0.0002752363483
291298	0.0006795970734
291299	9.981519346e-05
291300	0.0004159986815
291301	0.0001016539768
291302	0.0004583507514
291303	0.0003367111556
291304	0.0001015247248
291305	0.0002306712594
291306	0.0002131391079
291307	0.0001807988272
291308	0.0007532491003
291309	0.0008047268733
291310	0.0005368526922
291311	7.436892932e-07
291312	0.0002348094011
291313	0.0002234775585
291314	0.0001017341321
291315	0.0004257002534
291316	0.002105583185
291317	0.001341902158
291318	0.0006336682316
291319	0.0004287009659
291320	7.02145084e-05
291321	0.001213564624
291322	0.001909119192
291323	0.008407450465
291324	0.0005918941242
291325	0.0001728595924
291326	0.000181674612
291327	6.032627789e-05
291328	0.0002107275198
291329	0.00736354672
291330	0.0005715308728
291331	0.0008833259791
291332	0.0001334279681
291333	0.001158249153
291334	0.0006247098463
291335	0.001305722307
291336	0.00651626771
291337	0.003808293721
291338	0.001269735637
291339	0.0004309177908
291340	1.869990665e-05
291341	0.0003965235127
291342	0.002021978242
291343	0.00110317108
291344	0.0002851536789
291345	0.004025122979
291346	0.002884599319
291347	0.001402322241
291348	7.150526745e-05
291349	0.0009682553306
291350	0.001925552955
291351	0.0009107149203
291352	0.002533729533
291353	0.002191218197
291354	0.007003970337
291355	0.003002338007
291356	0.002955982842
291357	0.003172678682
291358	0.001162599334
291359	0.0007428939973
291360	0.003334924433
291361	5.939723084e-05
291362	0.000418868061
291363	0.001885107919
291364	0.002524131528
291365	0.005181910953
291366	0.001575332574
291367	0.0008686897751
291368	0.003706645071
291369	0.0006927950751
291370	0.002280479523
291371	0.003108789008
291372	0.0005090485082
291373	0.0001918696457
291374	0.001210538987
291375	3.094897034e-05
291376	0.001105312845
291377	0.00284182551
291378	0.001183291213
291379	0.000127434432
291380	0.002561284913
291381	0.002065183405
291382	0.01120439761
291383	0.0002881439415
291384	0.0014002456
291385	5.934694842e-06
291386	0.005014141731
291387	0.001190707672
291388	0.0008143732825
291389	0.00107803785
291390	0.002037019799
291391	0.0007839179631
291392	0.001120660668
291393	0.001309790028
291394	0.0006583896161
291395	0.001870657891
291396	0.0004637731132
291397	1.404946361e-05
291398	0.001040860918
291399	0.001643623607
291400	0.0008242008349
291401	0.001046060835
291402	0.001321894313
291403	0.002793969597
291404	0.0006232963091
291405	0.0008706280149
291406	0.001275479966
291407	0.005424031035
291408	0.00514031597
291409	0.002205049801
291410	0.005264924357
291411	0.004007982915
291412	0.0009047035624
291413	0.001090290919
291414	0.001959784654
291415	0.001007169899
291416	0.0009523873219
291417	0.002040502241
291418	0.003654987176
291419	0.002939056884
291420	0.001856972898
291421	0.0001740898945
291422	0.0008917761771
291423	0.00284261748
291424	0.001726390426
291425	0.007930653818
291426	0.001253487676
291427	0.004768959871
291428	0.006147200352
291429	0.0003928253816
291430	0.0006496876958
291431	0.000108408769
291432	0.004895919341
291433	0.001321985334
291434	0.01079084472
291435	0.002732761555
291436	0.0005793748406
291437	0.001417089529
291438	0.008251074488
291439	0.003256166512
291440	0.004700299012
291441	0.004730436111
291442	0.001351980107
291443	0.002187173515
291444	0.0006165632661
291445	0.007289967538
291446	0.001056009387
291447	0.006324385179
291448	0.004105272423
291449	0.004041985457
291450	0.00557620994
291451	0.006572649795
291452	0.001323770647
291453	0.0008978734734
291454	0.004671597554
291455	0.00656850946
291456	0.003872936495
291457	0.007184043347
291458	0.002562039069
291459	0.001623038845
291460	0.001524878422
291461	0.007074510785
291462	0.0002454345239
291463	0.003094260776
291464	0.005253199537
291465	0.006425332994
291466	0.001710934198
291467	0.003486402936
291468	0.00131340165
291469	0.00619744991
291470	0.001031224259
291471	0.0005273137495
291472	0.00311239688
291473	0.0007234916007
291474	0.001071209943
291475	0.005002878854
291476	0.0006133486148
291477	0.00479234473
291478	0.0020003882
291479	0.008061724943
291480	0.007431022713
291481	0.00027334052
291482	0.001307688718
291483	0.0018803128
291484	0.002130736896
291485	0.0005089805681
291486	0.0002321451256
291487	0.002215903505
291488	0.001580909797
291489	0.0008063198496
291490	0.0008492167937
291491	1.897250884e-05
291492	0.003576496907
291493	0.005801373498
291494	0.0006168963582
291495	0.00094828351
291496	0.002249515413
291497	0.00605096225
291498	0.0007655212189
291499	0.001997028215
291500	0.009323643055
291501	0.004207527789
291502	0.002147404307
291503	0.002493725242
291504	0.0006064533433
291505	0.002048753036
291506	0.001228077193
291507	0.003213375545
291508	1.230605616e-05
291509	0.001543442956
291510	0.004210194448
291511	0.004277099275
291512	0.004765052833
291513	0.004163054616
291514	0.003850259024
291515	0.0005228456551
291516	7.884647375e-05
291517	0.001379206568
291518	0.0001690820985
291519	0.0009671052152
291520	0.0001260459363
291521	0.005218461771
291522	0.0001794617116
291523	0.0001809576848
291524	0.0002541768495
291525	0.001299314113
291526	0.001052172325
291527	0.001264633502
291528	0.003936145955
291529	0.001744751996
291530	0.0006905543367
291531	0.001655613872
291532	0.001618082186
291533	0.001017244815
291534	0.0003092497835
291535	0.002956896813
291536	0.0002611573878
291537	0.0001991207025
291538	0.00138324129
291539	0.003042680739
291540	0.004336256802
291541	0.002700544673
291542	0.0005060742917
291543	0.003298183066
291544	0.0005870491757
291545	0.005095232139
291546	0.002606395655
291547	0.003831305462
291548	0.002238130067
291549	9.214963298e-05
291550	0.005295119325
291551	0.0004468808939
291552	0.004038783481
291553	3.832693226e-05
291554	0.0008277896811
291555	0.001588529413
291556	0.01216787974
291557	0.005925554313
291558	0.0005774536483
291559	0.003130633087
291560	0.001298783397
291561	0.0003766918176
291562	0.002415974643
291563	0.00118831518
291564	0.00471743617
291565	0.006938543738
291566	2.580471282e-05
291567	0.0006430043007
291568	0.0001355733096
291569	0.001446399859
291570	0.0001452624875
291571	0.001460891114
291572	0.0003618786078
291573	0.0005982506526
291574	0.0005796230445
291575	0.005679893359
291576	0.003147292421
291577	6.150131653e-06
291578	0.004486898823
291579	0.004992874737
291580	9.358184666e-05
291581	0.0002456657197
291582	0.001588778322
291583	0.001230469147
291584	0.002738258931
291585	0.004190236422
291586	0.0007010256992
291587	0.002779451265
291588	0.00124998765
291589	0.002641196336
291590	0.001501984502
291591	0.001823240767
291592	0.0007217912276
291593	0.002521227115
291594	0.0008004755752
291595	0.003806887926
291596	0.002668548233
291597	0.0007940250389
291598	0.001013406257
291599	0.003934897925
291600	0.002085263753
291601	0.0008111559175
291602	0.0004340498921
291603	0.0005630782926
291604	0.0006243839162
291605	0.001751388415
291606	0.0008984890719
291607	0.002193342298
291608	0.0007492211178
291609	0.002107537888
291610	0.00143838885
291611	0.001017882138
291612	0.002233371325
291613	0.001030243953
291614	0.004312341243
291615	0.0007138198564
291616	0.001251618648
291617	0.002882375869
291618	0.0006482319817
291619	0.001786798324
291620	0.001495213585
291621	0.0005976024334
291622	0.000148805233
291623	0.002486334005
291624	0.0001741342761
291625	0.0009402511298
291626	0.001781634422
291627	0.002255613051
291628	0.002231673846
291629	0.0014694722
291630	0.000334765987
291631	0.0007358689593
291632	0.009789015133
291633	0.002003864576
291634	0.0003433237824
291635	0.001993084126
291636	0.0008294127931
291637	0.0005429856843
291638	0.001188195584
291639	0.008924721403
291640	0.0004610540602
291641	0.0008277953282
291642	0.0009749430809
291643	0.002143237593
291644	0.0006715743331
291645	0.0009792222623
291646	0.0004744069103
291647	0.000175005673
291648	0.0005218442795
291649	0.0005323949332
291650	0.00215127992
291651	0.0009069200855
291652	0.002260150167
291653	0.001684369473
291654	1.24507023e-05
291655	7.38306749e-07
291656	0.0002660295412
291657	0.0006887280057
291658	0.001961477967
291659	0.0001611607643
291660	0.0001449632114
291661	0.001676283589
291662	0.004088998701
291663	0.006499086451
291664	0.0005809750354
291665	0.0008578104194
291666	0.0001941460569
291667	0.004899300908
291668	0.005641808789
291669	0.0001307222842
291670	0.0022295179
291671	0.002885734114
291672	0.0003240541119
291673	0.003197177429
291674	0.0006315279511
291675	0.003953462643
291676	0.0003841414094
291677	0.0005631555646
291678	5.101689701e-05
291679	0.0017509124
291680	0.001812504241
291681	0.0005012900311
291682	0.0008407649846
291683	0.0003763902395
291684	0.000845281196
291685	0.002682138501
291686	0.0002984396115
291687	0.0007492347604
291688	0.0006206904405
291689	0.001197210888
291690	0.001785172523
291691	0.003876295185
291692	0.0007853634511
291693	0.001133360569
291694	0.00559569787
291695	0.0004385769453
291696	0.003535720082
291697	0.003393350387
291698	0.0004176612902
291699	0.001790745051
291700	0.0015727054
291701	0.0002702023192
291702	0.001111886115
291703	0.0003412514185
291704	0.0003943412023
291705	0.005092265561
291706	0.002746863758
291707	3.774286492e-05
291708	0.0005371464659
291709	0.0001032423697
291710	0.001975239509
291711	0.004221635857
291712	0.00140866321
291713	0.007951902524
291714	0.005124211598
291715	0.00196812925
291716	0.0001983298636
291717	0.00375635018
291718	0.0006104650553
291719	0.0009599917122
291720	0.002449388704
291721	0.00334940742
291722	0.002299381324
291723	0.0008141024628
291724	0.0009086515443
291725	0.001512409527
291726	0.003778946056
291727	0.0004588580434
291728	0.002055622304
291729	0.0001332086099
291730	0.002625830462
291731	0.0003016486506
291732	0.004972385856
291733	0.0008852625454
291734	0.0009673013283
291735	0.005155193447
291736	0.0008431671642
291737	0.00515029206
291738	0.005309913007
291739	0.001100825253
291740	0.001255894262
291741	0.00249847332
291742	0.001376587426
291743	0.0007396368314
291744	1.32683098e-05
291745	0.001830057387
291746	5.606142823e-06
291747	0.001193046448
291748	0.0006449302881
291749	0.0003492421402
291750	0.001374257231
291751	0.0006094626979
291752	0.0001823351843
291753	0.0004303874152
291754	0.001155353084
291755	0.0003590322858
291756	0.001676097601
291757	0.0002873101374
291758	0.0005560410928
291759	0.0003754299335
291760	0.002461677352
291761	0.0001832418588
291762	5.437219231e-06
291763	0.0003072370275
291764	0.0006335097486
291765	0.002047850224
291766	0.002103743658
291767	0.001791259336
291768	0.0007800029846
291769	0.0004417163594
291770	0.0005209749019
291771	0.0007641591524
291772	0.0003133891085
291773	0.0009650375321
291774	0.0006287859087
291775	0.0005486523746
291776	0.001221463935
291777	0.00134160739
291778	0.00173313397
291779	0.0002376428004
291780	0.0001375057951
291781	0.001550445946
291782	0.0003631318205
291783	0.001909599718
291784	0.00418192383
291785	0.001500017026
291786	0.0006173995872
291787	0.001062327377
291788	0.002995225916
291789	0.000694844885
291790	0.000417345738
291791	0.002123212944
291792	0.001357763406
291793	0.002754697649
291794	0.0001527427106
291795	0.0003741253829
291796	0.0001408365116
291797	0.003014043956
291798	7.362589926e-05
291799	8.406996247e-06
291800	0.0001420478321
291801	0.001742970809
291802	0.0004032920203
291803	0.0006276852244
291804	0.000556655749
291805	0.0001027741765
291806	0.0001354694699
291807	0.004913295643
291808	0.001502485552
291809	0.0006973392976
291810	0.0005627747456
291811	0.003375843754
291812	0.000845013053
291813	0.001164667181
291814	0.0001521171434
291815	0.0005121899885
291816	0.0002951183812
291817	3.244015457e-08
291818	0.0003158865049
291819	2.113215115e-07
291820	0.00185296907
291821	0.001165452565
291822	0.003882966995
291823	0.00132952011
291824	0.003316415236
291825	0.0003088498527
291826	0.002763070005
291827	0.004357548323
291828	0.0009840455293
291829	0.00617654442
291830	0.003691007461
291831	0.002459871475
291832	0.003901519567
291833	0.001137109108
291834	0.0003745657409
291835	0.0007954797378
291836	0.001235027923
291837	8.928433035e-05
291838	0.000722850174
291839	0.0009352486636
291840	0.0004495227215
291841	0.001046679357
291842	9.594662553e-05
291843	0.0005811648843
291844	0.001517179252
291845	0.0003711153014
291846	0.001210884523
291847	0.001925626137
291848	0.0002866829693
291849	0.0004943033048
291850	0.0009063198443
291851	0.0008588197784
291852	0.0007638628995
291853	0.0002854600748
291854	0.002175966979
291855	0.0006192636282
291856	0.0004813355434
291857	0.0002223145098
291858	1.94251699e-05
291859	2.065494448e-05
291860	0.0002993641183
291861	0.0001594255978
291862	0.0008601175572
291863	0.0008375407503
291864	0.0002627440012
291865	0.000120228515
291866	0.0001893378966
291867	8.068056835e-05
291868	0.0004140935017
291869	3.289928312e-05
291870	0.0002832082132
291871	3.537480222e-05
291872	0.0003180042623
291873	0.001391866191
291874	0.0009711400606
291875	0.0002753370351
291876	0.0001532478366
291877	0.001082967348
291878	0.000880810857
291879	0.0002795288233
291880	0.0003466604831
291881	0.000167294116
291882	3.626786475e-05
291883	0.0004279854403
291884	1.105563955e-05
291885	2.993705456e-06
291886	1.258435737e-05
291887	0.0003354667068
291888	0.0002943727909
291889	0.0001944226804
291890	0.0004598298598
291891	0.000108258103
291892	9.453060689e-05
291893	0.0001991742002
291894	0.0001907436436
291895	0.000101575735
291896	8.421237906e-05
291897	0.0001149730107
291898	3.176420538e-06
291899	4.28569405e-05
291900	3.621438865e-05
291901	0.0010974109
291902	9.214152866e-05
291903	0.0004648399537
291904	0.0001565040514
291905	0.000514140371
291906	0.001870476192
291907	4.352306071e-05
291908	3.317272485e-06
291909	4.516857817e-05
291910	0.0004428221424
291911	0.0002028579535
291912	0.0003187798318
291913	0.0002281919749
291914	8.636195163e-05
291915	0.0002660188871
291916	0.0003242734536
291917	0.0003234915642
291918	0.0003750912658
291919	0.0001863800779
291920	0.0003922204317
291921	6.012264223e-05
291922	0.0001285343504
291923	0.001018754795
291924	0.0002151132568
291925	0.0002862764275
291926	5.969526585e-05
291927	0.0002042453445
291928	0.0006585367511
291929	0.0004475383022
291930	0.0001868639799
291931	0.0006544513895
291932	0.0002017817925
291933	0.0003408680763
291934	0.0003735626499
291935	0.0002259187657
291936	2.948608399e-07
291937	0.0001682560534
291938	0.0001717807413
291939	0.000329956752
291940	0.0002595274199
291941	4.682405334e-05
291942	0.0002632403036
291943	0.001804579328
291944	0.0002406777614
291945	0.0004503635375
291946	0.0003399712987
291947	2.00610011e-05
291948	9.655582629e-05
291949	6.7289568e-05
291950	0.002427139063
291951	3.358260155e-05
291952	0.0006696600527
291953	9.274791706e-05
291954	7.868345115e-05
291955	2.349288696e-05
291956	0.0002522013876
291957	0.0004049596849
291958	0.0001002737128
291959	0.000452725214
291960	0.0004185999095
291961	0.0005752183031
291962	8.879014911e-05
291963	0.0001221398612
291964	0.0001854081102
291965	0.0001754911377
291966	0.0001163465497
291967	0.0001542480507
291968	7.416787244e-05
291969	0.0007541764896
291970	0.0003474330338
291971	5.071921324e-06
291972	0.0002870544315
291973	0.0003200466935
291974	0.000124072987
291975	0.0008821034041
291976	0.001128716208
291977	0.000436078601
291978	7.428317926e-05
291979	0.0002892888375
291980	3.883313912e-05
291981	0.0003885401329
291982	3.04840022e-05
291983	0.0001493519874
291984	7.581502357e-05
291985	0.0003069477279
291986	0.0002006180006
291987	7.079764689e-05
291988	0.0002001187356
291989	0.0004219900053
291990	0.0002853038302
291991	0.0002893370417
291992	0.0006635318769
291993	0.0005123839688
291994	0.0001261244091
291995	0.0004061859601
291996	8.326698496e-05
291997	0.002426072743
291998	0.003126673111
291999	0.0009579570451
292000	0.0003557858449
292001	0.003035799345
292002	0.0007922016104
292003	0.0002834468541
292004	0.002077192664
292005	0.0006973195228
292006	0.004506694997
292007	0.0001758625543
292008	0.002772618518
292009	0.000850339783
292010	0.006086472295
292011	0.004825692382
292012	0.004322068887
292013	0.002928447963
292014	0.0002227294588
292015	0.00120158727
292016	8.261857011e-05
292017	0.001256054152
292018	0.002519614733
292019	0.001379550446
292020	0.003449715419
292021	0.002805716294
292022	0.002914612202
292023	0.005240225075
292024	0.0008531698866
292025	0.004876207486
292026	0.005157211921
292027	0.001444119843
292028	0.002697645831
292029	0.001767343169
292030	0.0004721101936
292031	0.0003692649205
292032	0.001674295874
292033	0.003587587484
292034	0.0002978245849
292035	0.002310486121
292036	0.0001165121079
292037	0.001923640864
292038	0.0003056821617
292039	0.0007516690158
292040	0.0006534997943
292041	0.001539876398
292042	0.0006021484856
292043	0.0009990652736
292044	0.001554474049
292045	0.002655669249
292046	5.845133239e-05
292047	0.0018922973
292048	0.002218231882
292049	0.0007870863104
292050	0.0020769
292051	0.0008003758323
292052	0.002271350687
292053	0.0007181972299
292054	0.0005026901059
292055	3.839659582e-05
292056	0.002950586667
292057	0.001728196414
292058	0.0009969420506
292059	0.0006110963589
292060	0.0005988905108
292061	0.0005704329785
292062	0.001412802793
292063	0.0008592527361
292064	0.0001191622965
292065	0.001683935515
292066	0.000122058312
292067	0.002318710417
292068	0.0001926283192
292069	0.002140311633
292070	0.002977987554
292071	0.001623115375
292072	0.000106570407
292073	0.0002217667686
292074	0.0006158664225
292075	0.002334129228
292076	0.000784765406
292077	0.0007636717952
292078	0.0003099170461
292079	0.0003418114258
292080	0.0005647323557
292081	0.00114440095
292082	0.002072464035
292083	0.0009904115601
292084	0.0007856494569
292085	0.002584165478
292086	0.0003325727866
292087	0.0007831272001
292088	0.0001753231827
292089	0.0002794677275
292090	0.0003473792165
292091	0.001243004083
292092	0.003791803675
292093	0.000698091592
292094	0.0007713072346
292095	0.0005902576576
292096	0.004160574237
292097	0.0001973735328
292098	0.0003252139366
292099	0.0002247342189
292100	0.0002883947411
292101	0.0005032834324
292102	0.0003378623252
292103	0.0002917408542
292104	0.001672810369
292105	9.650178495e-08
292106	0.000138560551
292107	0.001260587016
292108	0.002579188127
292109	0.0007538489131
292110	0.0008890465846
292111	0.002171490267
292112	0.001650079408
292113	0.0001144457938
292114	8.4573252e-05
292115	0.0009699529328
292116	4.621831678e-05
292117	0.0005430253194
292118	0.0004079517965
292119	0.003218211353
292120	0.001198104421
292121	6.004799242e-05
292122	0.002855835834
292123	0.0002660116644
292124	0.004490519696
292125	0.001547946549
292126	0.002032970399
292127	0.001394799515
292128	0.001151619014
292129	0.001487461154
292130	0.001021937643
292131	0.0002795352297
292132	0.003338012672
292133	0.00263612161
292134	0.0006942985142
292135	0.0002026632696
292136	0.001790115102
292137	0.002807288624
292138	0.001137760519
292139	6.900916038e-05
292140	0.003931566559
292141	0.002137407709
292142	0.0003093832592
292143	0.0001267031767
292144	0.000423675969
292145	0.000858590684
292146	0.00235792937
292147	0.00286759663
292148	0.001325055452
292149	0.003061982227
292150	0.001520155444
292151	6.880903911e-05
292152	0.001531385539
292153	0.001723852923
292154	0.003658866297
292155	0.001991585444
292156	0.002975379579
292157	3.224101093e-06
292158	0.001844785531
292159	0.002138822261
292160	0.000985091968
292161	0.002685874627
292162	0.001034147968
292163	7.467988054e-05
292164	0.001196334136
292165	0.004511900503
292166	0.002237430899
292167	0.003264530078
292168	0.0002228199469
292169	0.003354367301
292170	0.00291051058
292171	0.0002333400915
292172	0.002371688773
292173	3.887361054e-05
292174	0.002812682713
292175	0.004972631445
292176	0.0008022076737
292177	0.001184460397
292178	0.004816544638
292179	0.004560199916
292180	0.0001656049932
292181	0.0002118198948
292182	0.002241537518
292183	0.001880833246
292184	0.000671225779
292185	0.0005659515988
292186	0.0006791714963
292187	0.001626553101
292188	0.0002310899691
292189	0.0009316652197
292190	0.001863306628
292191	0.002056525469
292192	0.0001290619179
292193	0.0001293635236
292194	1.535027244e-05
292195	0.004576625008
292196	0.002222764924
292197	0.001492454755
292198	0.0008335794076
292199	8.505453768e-05
292200	0.0003779797112
292201	0.001141426022
292202	0.0003035685233
292203	5.952403197e-05
292204	0.002709625353
292205	0.0001509872999
292206	5.398052721e-05
292207	0.001230818266
292208	0.003115073048
292209	0.004363497666
292210	0.004016524549
292211	0.004515663057
292212	0.004233597462
292213	0.004707626867
292214	0.004277485091
292215	0.0001311686539
292216	0.002765470741
292217	0.0004451036989
292218	0.000381012625
292219	0.005739463284
292220	0.0004368813408
292221	0.001515912314
292222	0.00322938103
292223	0.002672852473
292224	0.006796970234
292225	2.798913993e-05
292226	0.002045161655
292227	0.0001488493581
292228	0.001492492878
292229	0.0002134031198
292230	0.0002042177067
292231	3.377050752e-08
292232	1.381520778e-07
292233	0.0002042791075
292234	0.0002044530768
292235	0.002580423018
292236	0.001595918117
292237	0.001166227921
292238	0.0001629363761
292239	0.000161058677
292240	0.001201626478
292241	0.002571220341
292242	0.001366179461
292243	0.001784304302
292244	0.003834554412
292245	0.00434358904
292246	0.001331354719
292247	0.001145003597
292248	0.007015066703
292249	0.0001054053869
292250	0.004287568627
292251	0.001669861714
292252	0.001548712947
292253	0.001596972675
292254	0.0009704961553
292255	7.372661281e-05
292256	0.003939438052
292257	0.002866967303
292258	0.001349084434
292259	0.001319975111
292260	1.743781351e-05
292261	0.001960473
292262	0.0006270716346
292263	0.001094472709
292264	0.0006246596191
292265	0.004442003633
292266	0.00362965388
292267	0.003217440728
292268	7.985842779e-05
292269	0.007725849167
292270	0.000419972035
292271	0.0004233497591
292272	0.002741550809
292273	1.718289989e-05
292274	0.0002291572601
292275	0.0001337665287
292276	0.004080865688
292277	0.0002695613008
292278	0.0004729205971
292279	0.002055545428
292280	0.001582928619
292281	0.0005247119336
292282	0.000349539405
292283	0.000891926367
292284	1.517404023e-05
292285	0.001505598868
292286	0.0003104715427
292287	0.0002722105505
292288	0.0002336237835
292289	0.0001071877202
292290	0.0008435334857
292291	0.000379047423
292292	0.0003530956211
292293	0.0001955560984
292294	0.0006675940521
292295	7.355709846e-05
292296	0.0001613621237
292297	0.000129666934
292298	0.0006231851319
292299	0.0004896053041
292300	0.003734117105
292301	0.0002585686601
292302	0.0001919270974
292303	0.0004127101083
292304	0.0006055651535
292305	0.0003761420204
292306	0.0004931301073
292307	0.0007790649545
292308	0.0006610057826
292309	0.0008262723088
292310	0.0008882791373
292311	0.001218737282
292312	0.0006305670082
292313	0.0007586819181
292314	0.001267611154
292315	0.002378676316
292316	6.913460128e-05
292317	0.0002286225435
292318	0.0003343393609
292319	0.003239979975
292320	0.001259585399
292321	0.0003597728762
292322	1.557419903e-05
292323	0.0005487003735
292324	0.0003796504865
292325	0.0006110521233
292326	0.0004914797443
292327	0.001990549963
292328	0.002999474157
292329	0.001946752008
292330	0.003952965599
292331	0.0006721763076
292332	0.0006741729636
292333	0.0005026467335
292334	0.002324368949
292335	0.0003570458403
292336	0.0004331148947
292337	0.002431528167
292338	0.000437714517
292339	0.0005911139702
292340	0.0002684295594
292341	0.002290185629
292342	0.001431903536
292343	0.0001073460862
292344	0.0008059707145
292345	0.0006757107241
292346	0.001959862511
292347	0.0006513475138
292348	0.0003690237514
292349	9.189174703e-05
292350	1.837672434e-05
292351	0.001053013254
292352	0.0007441944793
292353	5.268837229e-05
292354	0.00050021387
292355	0.0004301514545
292356	0.0006459847545
292357	0.0003790543374
292358	0.0008660223637
292359	0.001015101845
292360	0.0002458404497
292361	0.0001543662145
292362	0.002147618796
292363	3.459051667e-05
292364	0.000934629055
292365	0.001001304953
292366	0.0001316075347
292367	0.002036200182
292368	0.0005582794779
292369	0.001055687996
292370	0.0005749985815
292371	0.001133510387
292372	0.0001184991479
292373	0.0005052305399
292374	0.001449546385
292375	0.00195884546
292376	0.0006245964145
292377	0.001130149527
292378	0.001803198435
292379	9.811782165e-05
292380	0.0001349206753
292381	0.001573150799
292382	0.001092094836
292383	0.0003833756802
292384	0.0005082350213
292385	0.002587952717
292386	0.0003574240294
292387	0.0001540624834
292388	7.538584215e-05
292389	0.001593676769
292390	0.0007641661134
292391	0.0003028970062
292392	0.001833913043
292393	0.001299248597
292394	0.001638937577
292395	0.001941090628
292396	0.0007439373622
292397	0.002071523514
292398	0.0005983652876
292399	0.001437294398
292400	0.003709710312
292401	0.0008806563938
292402	0.0007241349912
292403	0.0001272210678
292404	0.0005732999951
292405	0.0008572677005
292406	0.001308623126
292407	0.001101469534
292408	0.0004183836781
292409	0.0002042978093
292410	5.946629649e-05
292411	0.003899665522
292412	0.0001879808315
292413	0.001081560948
292414	0.0002014149765
292415	0.004602542222
292416	0.0003960663544
292417	0.001646746155
292418	0.0006777759179
292419	0.0002634007656
292420	0.0004002486972
292421	0.001025387676
292422	0.0001195105133
292423	0.006726043372
292424	0.002265073331
292425	0.002126990457
292426	0.002810018796
292427	0.0004231800908
292428	0.0001637671889
292429	0.001132337076
292430	0.0009822948744
292431	4.52328039e-05
292432	5.616076794e-05
292433	0.001096212073
292434	0.0005988305273
292435	0.001089010082
292436	0.00119817777
292437	0.002189651767
292438	0.001439280502
292439	1.450552115e-06
292440	6.856031118e-05
292441	0.0006070240801
292442	0.0001832543821
292443	0.0006420059674
292444	0.001409696099
292445	0.0009296613723
292446	0.0008931850834
292447	0.0003922737825
292448	0.0002179157655
292449	0.000360568553
292450	0.001270931563
292451	0.0007485251466
292452	0.00102188637
292453	3.223690434e-05
292454	0.001246504358
292455	0.0008055332775
292456	6.323725038e-05
292457	0.004792342309
292458	0.001596182498
292459	0.0003111046622
292460	0.000138915303
292461	0.006916460241
292462	0.0004223809736
292463	0.0006420907272
292464	0.001411249998
292465	0.0001086020483
292466	0.0005564973871
292467	0.0007344089899
292468	0.0003949149692
292469	0.001356946266
292470	0.003280092768
292471	1.623802421e-05
292472	0.0004084504936
292473	0.001654000725
292474	0.002271442133
292475	0.0003851066146
292476	0.0001993499656
292477	0.0007064427557
292478	0.0004950342136
292479	0.0001219036739
292480	0.0001595320665
292481	4.437462769e-05
292482	0.00183214533
292483	0.001167522324
292484	0.0003477183529
292485	8.849494947e-05
292486	0.0006408130433
292487	0.001069985895
292488	0.0005324741402
292489	0.001362996248
292490	0.009447470383
292491	0.0009821902795
292492	0.002468284157
292493	0.002681908473
292494	0.003279103527
292495	0.003580058785
292496	0.003687839489
292497	3.846609817e-05
292498	0.002339340314
292499	0.0007225642769
292500	0.002085739527
292501	0.0007597324629
292502	0.0008485287244
292503	0.0008278665583
292504	0.0003333806316
292505	0.000999378885
292506	0.001633012439
292507	0.00035170111
292508	3.879614507e-05
292509	0.0004289435998
292510	0.001609177809
292511	0.0009718982285
292512	0.00151604537
292513	0.00100461703
292514	0.001624681089
292515	0.0008356301244
292516	0.001123280494
292517	0.0001416124825
292518	0.0009081121497
292519	0.00141103804
292520	0.0006230792306
292521	0.0002274850984
292522	0.0007277536611
292523	0.0009322255395
292524	0.0009924926445
292525	0.001101818235
292526	0.0004465722652
292527	0.003652613255
292528	0.001384473752
292529	0.003897765736
292530	0.001600820725
292531	0.001636485546
292532	3.284949405e-07
292533	0.004920794533
292534	0.002721877456
292535	0.004653991579
292536	0.003677796576
292537	0.003579416558
292538	0.003375038095
292539	0.001608829656
292540	0.004709101266
292541	0.001355004179
292542	5.160132179e-05
292543	0.004368626154
292544	0
292545	0.002595315057
292546	0.002542407183
292547	0.000364424475
292548	0.001438604271
292549	0.0004482153133
292550	0.005002048969
292551	0.004706314779
292552	0.005814666233
292553	0.005657379491
292554	0.0002419485354
292555	0.004631481942
292556	0.00436196744
292557	0.001198742201
292558	0.00195763052
292559	0.004960224157
292560	0.0001875672872
292561	0.003379241438
292562	0.003236321576
292563	0.00400468894
292564	0.001847948079
292565	0.004752815575
292566	0.0003373789624
292567	0.004701205804
292568	0.003578205459
292569	0.001448652908
292570	0.002306785466
292571	0.00148033629
292572	0.003011807398
292573	0.006037549162
292574	0.004727883067
292575	0.00350830444
292576	0.004736159665
292577	0.003102548799
292578	0.005398073217
292579	0.002867439782
292580	0.003862648273
292581	0.004518742756
292582	0.003773308953
292583	0.004673807387
292584	0.0008529855777
292585	0.0004878391712
292586	0.0005916268668
292587	0.0026858398
292588	0.001188411992
292589	0.0009283544423
292590	0.0003181619717
292591	0.002855068285
292592	0.001088502507
292593	0.001226610093
292594	9.148027276e-05
292595	0.002832238773
292596	0.001371444443
292597	0.0006186338577
292598	0.002560899032
292599	0.001119769864
292600	0.0001721685961
292601	0.002599475422
292602	3.356177285e-05
292603	0.00154092335
292604	0.0005200358727
292605	0.0003379722963
292606	0.0002024054679
292607	0.002112975883
292608	0.001102219634
292609	0.0005064024943
292610	0.0004175828891
292611	0.0003397258538
292612	0.0003607683297
292613	6.373889578e-05
292614	2.615393068e-05
292615	2.595453389e-05
292616	9.158126917e-05
292617	0.000118183331
292618	5.366837306e-05
292619	0.0004048737755
292620	0.0002644855736
292621	0.0005718503637
292622	0.0002894392494
292623	0.0003111929372
292624	0.0002088738931
292625	1.184956285e-05
292626	0.001052567147
292627	0.001278007208
292628	0.0001151109525
292629	0.002740217988
292630	0.001822496801
292631	0.0002734118114
292632	0.003114282566
292633	0.002707371546
292634	4.858835491e-05
292635	0.0006541847236
292636	0.002730976751
292637	0.005715325765
292638	0.0002849732875
292639	0.004628054589
292640	0.003032116239
292641	0.003377973927
292642	0.0003698434995
292643	0.002286589961
292644	0.001654115459
292645	0.001153242958
292646	0.0004460568944
292647	0.0002952255233
292648	0.0006299336573
292649	0.002545027375
292650	0.001482029075
292651	0.001196210805
292652	0.001954150865
292653	0.00103848386
292654	0.003644625218
292655	0.0004879074333
292656	0.001344680712
292657	0.002766544096
292658	0.00271476078
292659	0.0003277360062
292660	0.001591701038
292661	0.002293725045
292662	0.001583579651
292663	0.001369117434
292664	0.003297846194
292665	0.004671237112
292666	0.005294988446
292667	0.0002537653767
292668	0.001043403123
292669	0.001026104659
292670	0.00361063482
292671	0.001339943133
292672	0.003232937744
292673	0.001956544918
292674	0.0004244646795
292675	0.0005111721962
292676	0.002614467664
292677	9.477525033e-05
292678	6.482074583e-05
292679	0.0007235221529
292680	0.00181531857
292681	0.004655826833
292682	0.0009204047479
292683	0.002294488152
292684	0.003795435103
292685	0.0009374673543
292686	0.002253714201
292687	0.001221042411
292688	0.006365137713
292689	0.006298675437
292690	0.001648545931
292691	0.0002425045272
292692	0.001309555847
292693	0.0003422259552
292694	0.0004426245809
292695	0.000569553792
292696	0.000217171456
292697	0.003963259829
292698	0.001169656267
292699	0.001555849008
292700	0.003251631129
292701	0.0003705805733
292702	0.002482805941
292703	1.045508538e-05
292704	8.180866669e-05
292705	0.0009731689366
292706	0.0003487960347
292707	0.0002088121413
292708	0.0001766955453
292709	1.792711132e-05
292710	0.0009557500101
292711	0.0001245017326
292712	0.0004815386671
292713	3.043835808e-05
292714	0.0002628194342
292715	0.0004673665818
292716	0.0004126617049
292717	0.000326248762
292718	0.0004437239227
292719	0.0008707359893
292720	0.000295758792
292721	9.292603137e-05
292722	0.0001908183073
292723	0.0003126132603
292724	0.0003678037626
292725	0.0004980378493
292726	2.331874631e-05
292727	0.0002692267854
292728	0.0003106591011
292729	0.0002727314829
292730	0.0003072256039
292731	0.0003860449344
292732	0.0002365378476
292733	0.0002806365666
292734	0.00055777347
292735	0.000515679273
292736	0.0004995173959
292737	0.0004024709699
292738	0.002696550162
292739	2.789388404e-05
292740	0.001546091198
292741	0.0001560797749
292742	8.327630373e-05
292743	0.0003437096689
292744	5.546642392e-05
292745	2.873842426e-05
292746	0.000789666956
292747	0.000637310922
292748	0.0001575002496
292749	0.000151808849
292750	0.0005411394781
292751	0.0004710343166
292752	0.0002669826207
292753	0.0003118788023
292754	0.0002894322174
292755	0.0004079363438
292756	0.0002055383636
292757	0.000245433216
292758	0.000990201524
292759	0.0001733380759
292760	0.0002801965662
292761	0.000133866027
292762	0.0003709123941
292763	0.0003493172145
292764	0.0004810146534
292765	0.0007047789481
292766	0.0005082984065
292767	0.0001167576088
292768	0.0005644945661
292769	0.0001234576107
292770	0.0002335467779
292771	0.0001982145176
292772	0.0001802534435
292773	2.465205244e-05
292774	0.0001110965853
292775	0.00128455948
292776	9.771493044e-05
292777	3.12091546e-05
292778	0.001027479197
292779	0.0003451603822
292780	0.0003079796604
292781	6.390287309e-05
292782	0.0001190492017
292783	0.0004832057104
292784	0.000304368352
292785	0.0002443811163
292786	0.0001515996234
292787	0.0006182141576
292788	0.0006305005534
292789	0.0003606659114
292790	0.0005428476951
292791	0.0006888647822
292792	0.0002966239599
292793	0.001644165031
292794	0.0003098607605
292795	6.015710521e-05
292796	0.001720029066
292797	0.00013732631
292798	0.0002319213285
292799	0.002116724411
292800	0.0004697111968
292801	0.0003452987714
292802	0.0001752513428
292803	0.0002101206999
292804	9.680342538e-05
292805	0.001359534328
292806	3.616879265e-05
292807	0.0001277284534
292808	0.0004236959281
292809	0.0001843200604
292810	0.0006515240589
292811	0.000976333011
292812	1.265634292e-05
292813	0.0008201141719
292814	0.0003014567291
292815	0.0004125863152
292816	0.0002428024263
292817	5.858423374e-06
292818	0.0001254336014
292819	0.0006208628394
292820	0.000293486547
292821	5.951320974e-06
292822	0.0003018162885
292823	0.001336959872
292824	0.000260563719
292825	7.562548992e-05
292826	0.0002381700448
292827	0.0002537816341
292828	6.997185585e-05
292829	0.0009774934122
292830	0.0003937295479
292831	0.0002194724078
292832	0.0007663361254
292833	4.093403769e-05
292834	0.0005254088891
292835	0.001102844872
292836	0.0002862075451
292837	6.906079108e-05
292838	5.012393798e-05
292839	0.0001056726147
292840	0.0001368781461
292841	0.0002391864594
292842	0.0001523775634
292843	0.0003038118498
292844	0.0005245986048
292845	0.0003485702416
292846	8.852993549e-05
292847	0.0007284240853
292848	0.0009432952097
292849	0.0002733541141
292850	0.0002632497015
292851	0.0005400405299
292852	0.0003899258056
292853	0.0004813421011
292854	0.0002021201656
292855	0.0009668615468
292856	0.0003795525175
292857	0.0001125032199
292858	0.0003520411411
292859	0.0001298622847
292860	9.169291881e-05
292861	0.0002678943437
292862	0.0002993753238
292863	0.0002998929828
292864	0.0004090902869
292865	0.0004788701509
292866	0.0006212525099
292867	0.0002918463602
292868	1.152417806e-06
292869	0.0002882248184
292870	5.346660761e-05
292871	0.0002764605374
292872	0.0002097857319
292873	0.0001447149828
292874	0.000148537353
292875	0.0001882602969
292876	0.0002505949744
292877	0.0004831859693
292878	0.000247432882
292879	0.0006735113815
292880	0.0004662796923
292881	0.0004306395098
292882	0.0006080839311
292883	0.0001855722207
292884	0.000117794216
292885	0.0006424820874
292886	3.442251199e-05
292887	0.0001747423332
292888	0.0001676648767
292889	0.000228938924
292890	0.0003345700991
292891	0.0002344895911
292892	0.0002608913778
292893	0.0001895087425
292894	0.0004441253867
292895	8.979366762e-05
292896	6.451105384e-05
292897	0.0004764141587
292898	0.0006185333232
292899	0.001785825452
292900	0.0001329983462
292901	0.0009291080124
292902	0.0003810338969
292903	0.0004192999496
292904	3.298331891e-05
292905	0.0004096907957
292906	0.0004579666669
292907	0.0008264521659
292908	0.0003973405021
292909	0.001456267644
292910	0.0004628989995
292911	0.0007715694994
292912	0.0003467711788
292913	0.0001723606295
292914	4.586962797e-05
292915	0.0002693360122
292916	0.0003971401063
292917	0.0005732923843
292918	0.0004245699183
292919	0.0001388095953
292920	0.0001563922564
292921	0.0003677091634
292922	0.000163345374
292923	3.184858175e-05
292924	0.001075095286
292925	0.0001569431293
292926	5.729338799e-05
292927	0.0001080629628
292928	0.0004494584137
292929	0.0007839872275
292930	0.0002447467703
292931	0.0001406404789
292932	0.0002639716152
292933	0.002361614116
292934	0.0003250583043
292935	0.002821471984
292936	0.00317428332
292937	0.0009018255103
292938	0.0006595907903
292939	0.001249816434
292940	0.0002070214959
292941	0.0001071041341
292942	0.001457321488
292943	0.0004354455552
292944	0.0006838911121
292945	0.0007709876258
292946	0.0009543214547
292947	0.001109130238
292948	0.0009048506978
292949	0.0005632490007
292950	3.688310577e-05
292951	0.003326396283
292952	0.0003442927747
292953	0.001293398969
292954	0.001549608532
292955	0.002155409539
292956	0.001892639896
292957	0.002180077999
292958	0.002257132226
292959	0.002442370325
292960	0.002328185745
292961	0.001947847391
292962	0.00290650615
292963	0.002165157482
292964	0.002404141292
292965	0.002368587861
292966	0.002017532015
292967	0.00252190208
292968	0.002082767019
292969	0.001907723978
292970	0.001975187892
292971	0.002156688568
292972	0.002306539094
292973	0.004625181854
292974	0.002045881314
292975	0.001853090666
292976	0.001733189465
292977	1.429043553e-05
292978	0.004068637132
292979	0.002706484931
292980	0.001449496064
292981	0.001100092943
292982	0.00019361323
292983	0.002324933062
292984	0.0008544866387
292985	0.001420644522
292986	0.002614964303
292987	0.004543926039
292988	0.00529546654
292989	0.000937315703
292990	0.0009604002068
292991	0.002918251054
292992	0.001914981085
292993	0.001336221434
292994	0.004620584204
292995	0.003338868447
292996	0.001669439035
292997	0.00366521357
292998	0.001330835472
292999	0.002084634466
293000	0.0001735956138
293001	0.001373897326
293002	0.002134846843
293003	0.003106601067
293004	0.0004178233452
293005	0.002008520238
293006	0.001602205053
293007	0.005893062285
293008	0.0003750406597
293009	0.0003427521968
293010	0.004416499053
293011	0.003167376415
293012	0.001406486742
293013	0.002010473628
293014	0.001750052856
293015	0.001265046293
293016	0.001190246887
293017	0.001016604679
293018	0.00117549799
293019	0.001888284138
293020	0.001156924547
293021	0.002346461012
293022	0.00291694489
293023	0.0005121543906
293024	0.004758822777
293025	0.0005125538795
293026	0.008045909026
293027	0.005322758354
293028	0.002894164103
293029	0.0002486917851
293030	0.0001087395888
293031	0.000847816912
293032	1.6606806e-05
293033	0.002655092426
293034	0.001638429289
293035	0.002756915827
293036	0.005851336742
293037	0.0005169750473
293038	0.003601409563
293039	0.00319709519
293040	0.002289209456
293041	0.0008868098053
293042	0.002218158225
293043	0.0003022044834
293044	0.0003650881352
293045	0.0005964711028
293046	0.002577900441
293047	0.001992787239
293048	0.006777153996
293049	0.00837999154
293050	0.0006313635438
293051	0.001865648034
293052	0.00177153219
293053	0.0002774572133
293054	0.0009194121349
293055	0.0002145241647
293056	0.00149064235
293057	0.003216018325
293058	0.0001446084435
293059	0.001294273008
293060	0.0002921537223
293061	0.0002044001199
293062	0.005133381931
293063	0.0006775175448
293064	0.008035561179
293065	0.0005788124429
293066	0.001493173213
293067	0.00210823967
293068	0.00474690117
293069	0.003410734112
293070	0.001459791389
293071	0.001612682969
293072	0.005078143228
293073	0.0009263056078
293074	0.006696439584
293075	0.003100023411
293076	0.00302603553
293077	0.006790062639
293078	0.004256031146
293079	0.003664489932
293080	2.033794597e-07
293081	0.002658401244
293082	0.004021929368
293083	0.004153122021
293084	0.003303899899
293085	0.002964727095
293086	0.00382219398
293087	0.002819235091
293088	0.001644304696
293089	0.001634307523
293090	0.0008537740688
293091	0.0008159062463
293092	0.0008201988945
293093	0.00137264034
293094	0.0007492475967
293095	0.0040950497
293096	0.004492220555
293097	0.003800765483
293098	0.0009455937962
293099	0.0003168175155
293100	0.001533428524
293101	0.0005564678674
293102	0.001250371738
293103	0.002211473602
293104	0.003240633997
293105	0.0005356277185
293106	0.004201117849
293107	0.004089010181
293108	0.0006433197697
293109	0.00477416201
293110	5.628417982e-08
293111	0.00157313281
293112	0.001296933952
293113	0.0001855167209
293114	0.0006169538162
293115	6.234879289e-05
293116	3.269203195e-05
293117	0.00138984112
293118	0.0009765075327
293119	0.0008964361778
293120	0.0004183430175
293121	0.0005419405095
293122	0.001606770033
293123	0.002406589781
293124	0.002073650361
293125	0.000823346274
293126	0.003080630959
293127	0.001868575608
293128	0.003398207086
293129	0.001948486453
293130	3.991060026e-08
293131	3.110342189e-05
293132	0.0009430127009
293133	0.0009865875986
293134	0.0004691340351
293135	0.0004630409023
293136	0.001256288212
293137	0.0004893611785
293138	0.002177719208
293139	0.002295327431
293140	0.001831497623
293141	0.001501215568
293142	0.00408843605
293143	0.0004637970431
293144	0.0008324847361
293145	0.004732933736
293146	0.002874534309
293147	0.0001238344326
293148	0.002825902594
293149	0.001413391874
293150	0.0003944434094
293151	0.0002461111745
293152	3.251217952e-05
293153	8.859535209e-05
293154	0.0005040318134
293155	3.199932708e-05
293156	0.0002817464559
293157	0.0003238274847
293158	2.234347815e-05
293159	2.482952171e-05
293160	0.0005828536613
293161	0.003811956118
293162	0.00293283588
293163	0.002629094381
293164	0.004360441123
293165	0.003303639644
293166	0.00125651779
293167	0.001220528145
293168	0.001955366659
293169	0.002478883515
293170	0.001081590073
293171	0.001479686131
293172	0.0005779203339
293173	0.001899638854
293174	0.0003349900985
293175	0.003367536889
293176	0.003216138122
293177	0.001423401282
293178	0.0005604224573
293179	0.0009727129166
293180	0.001062698926
293181	0.00324103562
293182	0.0004686219832
293183	0.002407764695
293184	0.0002787611723
293185	0.001366848085
293186	0.002473545193
293187	0.0009254964482
293188	0.001483615034
293189	0.001197330798
293190	0.003474486957
293191	0.002095034946
293192	0.00308193586
293193	0.003135459312
293194	0.002270280718
293195	0.001494090377
293196	0.002382139204
293197	0.0001899520582
293198	0.006385319179
293199	0.001256274354
293200	0.0007976958004
293201	0.001041360257
293202	0.0005795463182
293203	0.001134705365
293204	0.001136066336
293205	0.002513813976
293206	0.003814926608
293207	0.001491803148
293208	0.0004309434562
293209	0.0001274353704
293210	0.0003076421349
293211	0.0001585954108
293212	0.0009966605093
293213	0.002244061623
293214	0.0009568438396
293215	9.437482608e-05
293216	0.0005440502668
293217	9.940130893e-05
293218	0.001217890781
293219	0.0009326167131
293220	0.00132946205
293221	0.0001893453149
293222	0.0008429599692
293223	0.0002550006517
293224	0.001568470492
293225	0.0009852283264
293226	0.000472688039
293227	0.0009011807943
293228	1.728114125e-05
293229	0.0003770743074
293230	0.0004438370674
293231	0.001259905966
293232	0.001301082939
293233	0.0002632800093
293234	0.002314412983
293235	0.003271311583
293236	0.002476037334
293237	0.002947545886
293238	0.0009334471043
293239	0.002776772539
293240	0.0003010820695
293241	0.00199678845
293242	0.001796908911
293243	0.0001395870044
293244	0.001532018233
293245	0.00536173177
293246	0.001638204877
293247	0.0009010354668
293248	0.0003856922013
293249	0.0001897517004
293250	0.0005708404621
293251	0.00110449507
293252	0.002264729798
293253	0.0008425114973
293254	0.002673070877
293255	0.003207063107
293256	0.0008340746809
293257	0.0002386731661
293258	0.000840200167
293259	0.0004218603899
293260	0.0005590464349
293261	0.005136074754
293262	0.0003666684907
293263	0.0008688295826
293264	0.002437477436
293265	0.001399668657
293266	0.0006387863717
293267	0.0002273692703
293268	1.220855028e-06
293269	0.0004401450638
293270	0.001204393353
293271	2.535580272e-05
293272	0.001487536256
293273	0.0005351553732
293274	0.001401333517
293275	0.0007422945246
293276	0.001712217623
293277	0.001676075155
293278	0.0001870395773
293279	0.000509203792
293280	0.001951685643
293281	0.0004495708369
293282	0.003124877974
293283	0.0009496586614
293284	0.001413416294
293285	0.001157217928
293286	0.0005318131934
293287	0.0002405474361
293288	0.0006471871899
293289	0.0006631710439
293290	0.001306489755
293291	0.0001040495795
293292	0.002337405153
293293	0.0007468885541
293294	0.0001759094236
293295	0.001112896318
293296	0.0007138234258
293297	0.001174724493
293298	0.001778076845
293299	0.0001063156031
293300	0.0002933967802
293301	0.001058237679
293302	0.0001901065578
293303	0.001472237185
293304	0.0002526876564
293305	0.00126901589
293306	0.0002042259705
293307	0.002154559165
293308	0.001703742286
293309	0.001123642978
293310	0.001135774589
293311	0.0009031371108
293312	0.001311838279
293313	0.001009061408
293314	0.0006734870295
293315	0.0008087367787
293316	0.002992326701
293317	0.001777542518
293318	0.002048689402
293319	0.0003072146033
293320	0.0005634557495
293321	0.0001235081516
293322	0.0008555205394
293323	0.0009829092019
293324	0.0001281701311
293325	0.0007081581121
293326	0.002313660232
293327	0.001106583029
293328	0.0007596790388
293329	0.0002407146538
293330	0.002250680953
293331	0.0004517352641
293332	0.001796136665
293333	0.00011074597
293334	0.000122970463
293335	0.0005915788131
293336	0.000732013024
293337	0.0009669078665
293338	0.0002299070448
293339	0.0003429803963
293340	0.000498032463
293341	0.0007659859822
293342	0.0008888524785
293343	0.002099181341
293344	0.001179797034
293345	0.0004188768581
293346	0.00261536585
293347	0.001268520958
293348	0.0010331645
293349	0.002767799787
293350	0.0002658669412
293351	0.001187634371
293352	0.0003938677435
293353	0.002727444986
293354	0.0003734902731
293355	0.0003776945099
293356	0.002181546136
293357	0.001223722536
293358	0.001072994223
293359	0.0002652183937
293360	0.001109568029
293361	0.000986619277
293362	0.003025565159
293363	0.002398613846
293364	0.002100983333
293365	0.001060367795
293366	0.001276099604
293367	0.001561675556
293368	0.0006474844744
293369	0.001193587506
293370	0.001403409209
293371	0.001594206017
293372	0.001990398995
293373	0.00112073159
293374	0.001765018482
293375	0.0004419824542
293376	0.0002521856499
293377	0.001861610398
293378	0.0007926951442
293379	0.000224158731
293380	0.001753062476
293381	0.0006216167208
293382	0.0004699518708
293383	0.001060073362
293384	0.00106358817
293385	0.003018077523
293386	0.001112869785
293387	0.0009998827821
293388	0.0007606940405
293389	0.0009968858286
293390	0.002103713022
293391	0.0005198439793
293392	0.001137539888
293393	0.001872932162
293394	0.001467525237
293395	0.0004021396381
293396	0.0003105095181
293397	0.0002999508214
293398	0.001985595928
293399	0.001363148682
293400	0.002242076244
293401	0.004356959471
293402	7.221825788e-05
293403	0.001092232082
293404	0.0006297152882
293405	0.000890363027
293406	2.110635529e-05
293407	0.0003798948058
293408	4.919292712e-05
293409	0.0008045142195
293410	8.180502853e-05
293411	0.001952977449
293412	0.0009775854593
293413	0.0004726634508
293414	0.001313906292
293415	0.0006363941574
293416	0.0006437570655
293417	0.000818371565
293418	0.002290721266
293419	0.00193711004
293420	0.0017045119
293421	0.002308895162
293422	0.001413147315
293423	0.002813093241
293424	0.000594843287
293425	0.001037831694
293426	0.0003189900976
293427	0.001147461471
293428	0.002868787775
293429	0.00112190569
293430	0.0002025561953
293431	0.002008703148
293432	0.002305964908
293433	0.002518720211
293434	0.004580213074
293435	0.001012269634
293436	0.0005853681935
293437	0.001867232093
293438	0.0009996545839
293439	0.001496050787
293440	3.991282507e-05
293441	0.0008385217712
293442	0.001092643473
293443	0.003383188424
293444	0.001465341338
293445	3.97807255e-06
293446	0.002748353759
293447	0.0008622781177
293448	0.00149484422
293449	0.0008775476732
293450	0.002991364509
293451	0.0002024267706
293452	0.0004946231845
293453	0.0001058768462
293454	0.0003169735965
293455	7.690974769e-06
293456	0.0001507072025
293457	0.0001299568105
293458	0.0007860610717
293459	8.27097666e-05
293460	0.0005823054755
293461	0.0006597574168
293462	3.129639845e-05
293463	0.0006410115374
293464	2.88403801e-05
293465	0.000588987103
293466	0.0005913526981
293467	0.0003518292043
293468	0.000998599618
293469	0.001117384132
293470	3.154984118e-06
293471	0.0006256962967
293472	0.0005375408205
293473	0.0004316662399
293474	0.0006094525086
293475	0.0005814611782
293476	0.0003473536106
293477	0.0009965543702
293478	0.0007902827941
293479	0.0008947947507
293480	0.0002850511809
293481	0.0004395898602
293482	0.0003945494904
293483	0.0007889178513
293484	0.0001611469427
293485	0.0004104907704
293486	0.001013063466
293487	5.228289405e-05
293488	0.001076552396
293489	9.9155079e-05
293490	0.001200298803
293491	0.0002210903093
293492	0.0005667009395
293493	1.795244876e-05
293494	0.000454731778
293495	0.0003358029558
293496	0.0002531916713
293497	0.000568981969
293498	0.0008624527544
293499	0.0001969152783
293500	0.0008868460111
293501	5.494729008e-05
293502	0.0001077411232
293503	0.001019850886
293504	0.0001065693889
293505	0.0007885136293
293506	0.0001874272712
293507	0.0003315630264
293508	0.0002480246234
293509	0.000558654405
293510	0.0006137900031
293511	0.0006519238742
293512	0.0007894370988
293513	0.0004501846379
293514	0.0009063036814
293515	0.0003619587305
293516	0.0009010514563
293517	2.469749812e-06
293518	0.0001401994334
293519	0.0004569147855
293520	1.216045285e-06
293521	6.737663314e-05
293522	0.0007377164762
293523	0.0008618029256
293524	0.0001297886933
293525	0.0008885427958
293526	0.0008867379723
293527	0.001091591729
293528	1.156384059e-06
293529	0.0003979596562
293530	0.001010582474
293531	0.0007887914679
293532	9.881792799e-05
293533	0.0005726760812
293534	0.000126441423
293535	0.0004590790752
293536	0.0002601871296
293537	0.0006944667983
293538	0.001550671054
293539	0.0006137568647
293540	0.0009005470234
293541	0.000210953734
293542	0.0001056906315
293543	4.39971462e-05
293544	0.0008699732797
293545	0.0008895137647
293546	0.001371669553
293547	0.0002615043456
293548	0.0001324194171
293549	7.939464209e-05
293550	0.0003772636032
293551	8.007703766e-07
293552	0.0005070425277
293553	0.0008950241625
293554	0.0001240436352
293555	0.0001683143667
293556	0.001498115093
293557	0.0003315724487
293558	0.0001836095644
293559	0.0002033690371
293560	0.0001013316394
293561	0.0001192913679
293562	0.0009202811519
293563	0.0004792200394
293564	0.0003886833105
293565	0.000155232413
293566	0.0007406963847
293567	0.0005909408248
293568	9.235711957e-05
293569	7.375961261e-05
293570	1.176339359e-06
293571	0.0001137768883
293572	0.0005270813339
293573	0.0001863233581
293574	0.000358562383
293575	7.815174738e-05
293576	0.001163534244
293577	0.0005779474168
293578	0.0004990427712
293579	4.237402571e-05
293580	0.0005678203535
293581	3.391379159e-05
293582	0.0008131755131
293583	5.185198365e-05
293584	0.00023978859
293585	4.999254692e-05
293586	0.0007147411862
293587	0.0002359931637
293588	0.0007365977617
293589	0.0008666910615
293590	0.0001258605202
293591	0.0003654647521
293592	0.0001296718897
293593	3.829984932e-06
293594	1.689472254e-05
293595	0.0004700822666
293596	0.0002505957367
293597	0.0008208366246
293598	1.155872384e-06
293599	0.0003569698352
293600	0.000465741935
293601	0.0006152083187
293602	0.0009291904637
293603	0.0003023618588
293604	0.0003685729079
293605	3.979906141e-05
293606	0.0004425009054
293607	0.0004707251218
293608	0.0001165687884
293609	0.0008057090423
293610	0.0005328420499
293611	2.61209762e-06
293612	0.0003400119241
293613	0.0002194500542
293614	0.0001334398802
293615	0.0002402568717
293616	9.374527041e-05
293617	0.0005753539724
293618	0.0001478210515
293619	0.0002714974214
293620	0.0009595580448
293621	0.0009619866309
293622	2.729782723e-06
293623	0.0005700064883
293624	0.0007040942478
293625	6.709840145e-05
293626	0.00010685787
293627	0.0002228695557
293628	3.143934065e-05
293629	0.0004007887116
293630	0.0001522571524
293631	0.001068499826
293632	0.0007167042988
293633	0.0003995364043
293634	0.0005100832211
293635	0.001147650208
293636	0.0005004395531
293637	0.0003584041939
293638	0.0002386516346
293639	3.400076137e-06
293640	4.237789404e-06
293641	0.0002000324194
293642	0.0003679188074
293643	1.098534155e-05
293644	0.0001107677619
293645	0.0002155617216
293646	0.0001361674622
293647	0.0002789716084
293648	3.687480698e-05
293649	0.0001260419652
293650	0.0006002599673
293651	6.255520261e-05
293652	0.00100865858
293653	0.0002502771686
293654	0.0005656710613
293655	0.0004404469777
293656	0.0001173618439
293657	0.0006087791951
293658	0.0005503110047
293659	1.285827893e-05
293660	0.0003875434706
293661	0.0007048968896
293662	3.025018798e-07
293663	0.0004585112549
293664	0.0001216685283
293665	0.0002828404571
293666	0.0001784047638
293667	5.747689436e-05
293668	0.0004138263635
293669	8.910357362e-05
293670	3.832143501e-05
293671	0.0003527047259
293672	0.0005390545447
293673	0.0004511233174
293674	0.000187227049
293675	0.0004505270144
293676	0.0004756503792
293677	0.0001474413823
293678	0.0007185386423
293679	2.486737405e-07
293680	0.0009604469018
293681	0.0003901625367
293682	0.0003108166996
293683	0.0002492433818
293684	0.0006387652585
293685	0.0001859285359
293686	0.0004591762933
293687	0.0007254037274
293688	9.505398625e-05
293689	0.0005098634584
293690	4.282714414e-07
293691	0.00025146836
293692	0.0002728062952
293693	0.0003680283901
293694	0.0004951627962
293695	1.88142663e-06
293696	0.0004635024023
293697	0.0006325219504
293698	0.0009041484074
293699	0.0001109376501
293700	0.0005490279639
293701	0.0009258561869
293702	0.0009437844248
293703	9.757452661e-05
293704	0.000238994812
293705	0.000191588308
293706	0.0003599963093
293707	0.0001521826907
293708	5.606658768e-06
293709	0.0005287100481
293710	0.0004564639215
293711	0.0001090103543
293712	0.0003081996435
293713	0.0001204138262
293714	0.0003701606457
293715	0.0001860352159
293716	0.0005012602185
293717	0.0005295192028
293718	0.0001842160597
293719	0.0002722860201
293720	1.920313882e-06
293721	0.000446132341
293722	0.0005536036968
293723	0.0003570902776
293724	0.0002252870188
293725	0.0002154912133
293726	5.290712906e-07
293727	0.0001540276538
293728	0.0006732036573
293729	0.000482095593
293730	0.0002582356631
293731	0.0003776938734
293732	0.0006618752086
293733	3.14990548e-05
293734	0.000300920244
293735	0.0003395157426
293736	0.000481800864
293737	0.0007945306237
293738	0.0004685123846
293739	0.0006925747002
293740	0.0004815002769
293741	0.0003348949075
293742	0.0004744003285
293743	0.0003938944976
293744	0.0003517992139
293745	1.568793595e-06
293746	0.005970885286
293747	0.0001887701749
293748	0.0009372979402
293749	0.004089241251
293750	0.001602885615
293751	0.004103472916
293752	0.0006816204452
293753	0.00167759739
293754	0.002026993834
293755	0.0001009845762
293756	0.001129966653
293757	0.0002860446682
293758	0.0009211120755
293759	0.0003312276811
293760	0.003658606382
293761	0.00118078153
293762	0.001988125714
293763	0.003863172141
293764	0.000362351328
293765	0.0004143873196
293766	0.0006660853868
293767	0.000676421178
293768	0.0007128650043
293769	4.882037842e-05
293770	0.0003493950968
293771	0.0002024179024
293772	0.0002377885815
293773	0.0007454092823
293774	3.230022659e-05
293775	0.001457196696
293776	0.001416713591
293777	0.000675071581
293778	0.002403933229
293779	0.0006296152182
293780	0.002236311946
293781	0.0009686034913
293782	0.001002070952
293783	0.0006063968908
293784	0.001845757197
293785	0.0006209715649
293786	0.001467853689
293787	0.001543537586
293788	0.001030638005
293789	0.0006374463819
293790	0.002319503443
293791	5.627792107e-05
293792	0.0006995965321
293793	0.0002822632355
293794	0.0001348340936
293795	0.001206034008
293796	0.001722162327
293797	0.0004546171452
293798	0.0001965809496
293799	0.0003405119295
293800	0.0007685810503
293801	0.0002115316019
293802	0.001432156834
293803	0.0002632590057
293804	0.001399878514
293805	0.0004173298298
293806	0.0008506597088
293807	0.0002663739718
293808	6.0385367e-05
293809	0.0001519538233
293810	0.0003796849118
293811	0.0001578382838
293812	0.0001718485596
293813	0.0008603941035
293814	0.0009210102955
293815	0.0007416705629
293816	0.001235072141
293817	0.0001854219708
293818	0.002024736768
293819	0.0007499463222
293820	9.929678189e-05
293821	0.001838315243
293822	0.0005853922282
293823	0.001020765711
293824	0.000676018627
293825	0.0008041958657
293826	0.001202297623
293827	0.004486047122
293828	3.514687119e-05
293829	0.0009308725671
293830	2.599277604e-05
293831	0.0002551822119
293832	0.0007850114139
293833	0.0006940108361
293834	0.0002381661009
293835	0.0001669647524
293836	0.0002067157518
293837	0.0004929991082
293838	0.0005531262106
293839	0.0004530499655
293840	0.0002487350011
293841	0.000379038102
293842	0.00628778791
293843	0.0002449375703
293844	0.001716658427
293845	0.0005793017198
293846	8.351453829e-05
293847	3.945682709e-05
293848	0.000670888725
293849	0.002083568039
293850	0.0001470005909
293851	0.0005133067653
293852	0.001784794243
293853	0.0001870521962
293854	0.0009344869865
293855	0.0002660168313
293856	0.00413461133
293857	0.0001146126477
293858	0.001517406641
293859	0.0009316357314
293860	0.001292057169
293861	0.001395158161
293862	0.003180340673
293863	0.001435316084
293864	0.001506060797
293865	0.001218660062
293866	0.004441535609
293867	0.002480475323
293868	0.001918214752
293869	0.0004801575256
293870	0.0002126609992
293871	0.001638385794
293872	0.000428118391
293873	0.0005582599353
293874	0.001144192307
293875	0.0003357229558
293876	0.004842017802
293877	0.001505681501
293878	0.0001261129876
293879	0.006015561417
293880	0.005145915371
293881	0.001707444066
293882	0.003810871186
293883	0.004433772078
293884	0.001097183697
293885	0.0004479945511
293886	0.0002565883517
293887	0.0003382540394
293888	0.0007877146317
293889	0.001361492141
293890	0.0002711113893
293891	5.727109291e-06
293892	0.00020556633
293893	0.001353678664
293894	0.0002747379599
293895	0.000603272292
293896	0.0004472290817
293897	0.000252940663
293898	0.0002426159138
293899	4.796902229e-05
293900	0.0002866196762
293901	0.001382098016
293902	0.0009224593166
293903	8.14386361e-05
293904	0.0006250254486
293905	0.001728601039
293906	0.001252991625
293907	0.001756077328
293908	0.0004793540466
293909	0.0008615179552
293910	0.0005260529396
293911	0.0005462632174
293912	0.0001728502671
293913	0.0001496072977
293914	3.279143232e-05
293915	0.0001180149218
293916	0.002174232886
293917	0.001131544418
293918	0.003115654148
293919	0.0005063068322
293920	0.0001868502897
293921	0.0004630976569
293922	0.0009160970625
293923	0.000386712183
293924	0.0008084791913
293925	0.0004062441658
293926	0.0007461473059
293927	0.000294626417
293928	0.0006502161315
293929	0.001592945801
293930	0.0001215617185
293931	0.0003167604903
293932	0.001446642887
293933	0.001183378788
293934	0.001293878321
293935	0.00123408007
293936	0.003179615367
293937	0.002945004815
293938	0.003507226701
293939	0.0006444483336
293940	6.524917465e-06
293941	0.0008814523202
293942	7.620406144e-05
293943	0.0002375600297
293944	0.003866950337
293945	0.002933525294
293946	0.004087566726
293947	0.001281619066
293948	0.002503931924
293949	0.001044553388
293950	0.0002065521377
293951	8.700280001e-05
293952	0.0001696988373
293953	0.0003031948221
293954	0.002624337152
293955	0.003777229566
293956	0.001541734205
293957	0.004752248672
293958	0.001113611298
293959	0.001386804058
293960	0.001052673768
293961	0.001029629614
293962	0.0005352933593
293963	0.002992808079
293964	0.00169933434
293965	0.002396642618
293966	0.0004381574154
293967	0.001410810787
293968	0.002282846598
293969	0.004404722989
293970	0.005374318314
293971	0.001359209932
293972	0.005774528267
293973	0.003379420793
293974	0.0008411887586
293975	0.006829789813
293976	0.0002221090718
293977	0.0007438891648
293978	0.004413296663
293979	0.0002015256996
293980	0.002589998559
293981	0.000520557272
293982	0.003421829847
293983	0.003048988403
293984	0.008303381932
293985	0.0007179342899
293986	0.005326359122
293987	0.002505055201
293988	0.0009943544424
293989	0.008301087388
293990	0.002669977677
293991	0.001676174024
293992	0.0022059711
293993	0.0008383126079
293994	0.004394052018
293995	0.0007491484058
293996	0.005368690551
293997	0.001057448451
293998	0.0002387128114
293999	0.0003496994283
294000	0.0001212833441
294001	0.002134295386
294002	0.003999626836
294003	0.004816556609
294004	0.0008810850773
294005	0.00408614621
294006	0.003882215585
294007	0.0001469387817
294008	0.001008643131
294009	0.007083385634
294010	0.003859234681
294011	0.002661574295
294012	0.003192627622
294013	0.002441805801
294014	0.00052126032
294015	0.005479447481
294016	0.001094714115
294017	0.002548847262
294018	0.003561879282
294019	0.001419561901
294020	0.002854894038
294021	0.00223115203
294022	0.003046375269
294023	0.001704763489
294024	0.0006682104131
294025	0.0003288462335
294026	2.036868481e-05
294027	7.882961496e-05
294028	0.0001116324751
294029	0.0001218243546
294030	3.004391047e-05
294031	0.0001906039519
294032	0.0001032792967
294033	0.0007966348963
294034	0.0003171883343
294035	0.0001588209776
294036	0.0002092740891
294037	0.0001975552275
294038	0.0001294814285
294039	0.0005688799531
294040	0.0004646754004
294041	0.0003438387532
294042	0.0005777580863
294043	0.000122621876
294044	0.002672420507
294045	0.003261627636
294046	0.004648882983
294047	0.005829839363
294048	0.004786682216
294049	0.004325205992
294050	0.001108726369
294051	0.005877670956
294052	0.00219465551
294053	0.0008263918339
294054	0.003642788724
294055	0.005233294816
294056	0.004121651105
294057	0.002236538945
294058	0.003468950881
294059	0.0009945862738
294060	0.0004339842538
294061	0.0008662004752
294062	0.001887244399
294063	0.0007145758593
294064	0.001110797987
294065	0.003023617877
294066	0.0008410438484
294067	0.0009151785455
294068	0.001489651091
294069	0.0002471009626
294070	0.00615128656
294071	0.002862295277
294072	0.002096095245
294073	0.001081616319
294074	0.003153642404
294075	0.003198406823
294076	0.002614540296
294077	0.0006495273793
294078	0.0001203664164
294079	0.001332325017
294080	0.002700007883
294081	0.00762749785
294082	0.004920123832
294083	0.001438117201
294084	0.001574659388
294085	0.01078373321
294086	0.003994519117
294087	0.0009591985388
294088	0.0006105728837
294089	0.001539077193
294090	0.001124306655
294091	0.0001248888546
294092	0.006095055156
294093	0.001963650459
294094	0.001110904623
294095	0.001452383203
294096	0.002002179927
294097	0.001991812812
294098	0.0005760412164
294099	0.003865441527
294100	0.0002365014824
294101	0.0009366052538
294102	0.00172736532
294103	0.004243396322
294104	0.0005227759602
294105	0.005362468216
294106	0.00203379218
294107	0.002798101918
294108	0.0003876646852
294109	3.439986265e-05
294110	5.415596498e-06
294111	0.004840331586
294112	0.0007215255417
294113	0.0057033094
294114	0.004951723938
294115	0.001422698946
294116	0.002677485809
294117	0.0005473244183
294118	0.0005749326278
294119	0.001184191177
294120	0.003199101264
294121	0.0004237407686
294122	0.0008893815034
294123	0.0008371921153
294124	0.0009005293442
294125	0.002161769258
294126	0.00044227789
294127	0.002281064529
294128	0.004307947966
294129	0.001392023092
294130	3.970078637e-05
294131	0.002220364897
294132	0.0003872376808
294133	0.001458883065
294134	0.0003832995275
294135	0.004015303351
294136	0.0006700909682
294137	0.001226472325
294138	6.806666005e-05
294139	0.001350895345
294140	0.0005321825059
294141	0.002242110597
294142	0.006912346308
294143	3.689707134e-05
294144	0.0003369856
294145	0.003595998788
294146	0.009532569612
294147	0.0004607055065
294148	0.005646257693
294149	7.815082832e-05
294150	9.45884269e-05
294151	0.002039715823
294152	0.001277301827
294153	0.0003426654455
294154	0.001762984103
294155	0.00229931079
294156	0.0007683901262
294157	0.0005179909036
294158	0.001832552064
294159	0.001371052304
294160	0.002114430295
294161	0.0019160818
294162	0.000214698765
294163	0.0001331942833
294164	0.003498687269
294165	0.001599972896
294166	0.001368357923
294167	0.0009444846815
294168	0.00152769211
294169	0.0005969152774
294170	0.00584686711
294171	0.0005967482221
294172	9.210138473e-08
294173	0.0003513374823
294174	0.0003560130449
294175	0.002860149296
294176	0.001209222083
294177	0.0002156073799
294178	0.001352298391
294179	0.001632656995
294180	0.0006084489905
294181	0.0003264818572
294182	0.0040168742
294183	0.0006041438824
294184	0.003652521505
294185	0.0003652145164
294186	0.001082686258
294187	0.0005449232702
294188	0.001729914512
294189	0.002759918767
294190	0.002021815133
294191	0.001160842952
294192	0.0007914012221
294193	0.0007595394592
294194	0.000370829294
294195	0.001195495099
294196	0.001340618219
294197	0.0001990927225
294198	2.270381401e-05
294199	0.002218573586
294200	0.003725965395
294201	0.001657075474
294202	3.429440601e-05
294203	0.0002420670859
294204	0.001910070385
294205	0.001143636317
294206	0.003392499669
294207	0.001180646554
294208	0.0001932372462
294209	0.0005531681538
294210	0.000464999771
294211	0.001708387994
294212	0.001060692268
294213	0.0008768338855
294214	0.0003060847038
294215	0.0007777432113
294216	0.0004188148234
294217	0.00161680908
294218	0.0009201666101
294219	0.003585179633
294220	0.0008190889974
294221	0.001181132251
294222	0.001838766046
294223	1.603996014e-05
294224	0.0009595970565
294225	0.0003268605751
294226	0.001704805777
294227	0.002919723644
294228	0.0008261942664
294229	0.001142011764
294230	0.001651528096
294231	0.003552444001
294232	0.003728914154
294233	0.001526727169
294234	0.003572148148
294235	0.0005843573046
294236	0.001866837843
294237	0.0003465703902
294238	0.0002292334123
294239	5.686436325e-05
294240	0.000126116171
294241	0.0001828874083
294242	0.002915069949
294243	0.002553953925
294244	0.001012892578
294245	0.0001503975854
294246	0.001612421748
294247	0.001870184643
294248	0.001338318972
294249	0.000429953274
294250	0.0001963655607
294251	0.001166351315
294252	0.001879159823
294253	0.0004387941346
294254	0.001373397095
294255	0.0004583924812
294256	3.003955021e-05
294257	0.0008172895291
294258	0.002031456132
294259	0.0005764481452
294260	0.001068026883
294261	0.000252781701
294262	0.00383961756
294263	0.002449435374
294264	0.000455446223
294265	0.0001202163983
294266	0.0003910019298
294267	0.0001295768154
294268	0.00371093449
294269	0.0008994549144
294270	0.0003575525923
294271	0.0008166152242
294272	0.001630729031
294273	0.00133840893
294274	0.00119489124
294275	0.001403529402
294276	0.001292944004
294277	0.0009350631046
294278	0.0007301154603
294279	0.0005043487745
294280	0.0002642228247
294281	0.001255949208
294282	0.0001624587551
294283	0.0006070700548
294284	0.001326687475
294285	0.002325623294
294286	0.0004096628968
294287	0.000254889127
294288	3.651132074e-05
294289	0.001444296858
294290	0.001000940961
294291	7.488308672e-05
294292	0.001120910875
294293	0.001669843467
294294	0.001871134883
294295	0.0009008488186
294296	0.001535371212
294297	0.0002029947628
294298	0.001959338732
294299	0.0001424655588
294300	0.00128031471
294301	0.0007594834816
294302	0.001140053634
294303	0.0001257022027
294304	0.0002473161847
294305	0.0003624355335
294306	0.0004772881766
294307	0.00022399629
294308	0.002720168115
294309	0.001290480346
294310	8.256092326e-05
294311	0.001183444048
294312	0.002730965428
294313	0.001701576615
294314	0.002547261206
294315	0.001707183343
294316	0.0002539179884
294317	0.000284514032
294318	0.0003497194891
294319	0.001327242648
294320	0.0006793204398
294321	0.003718897229
294322	6.156289905e-06
294323	0.002181384455
294324	0.0009224202316
294325	2.769539802e-05
294326	0.0001019364766
294327	0.0003870415628
294328	0.0001799923645
294329	0.002272349816
294330	0.001345919597
294331	0.001874461811
294332	0.001229701748
294333	0.000129400071
294334	0.0007178708078
294335	0.001038835524
294336	0.001567224469
294337	0.0004804847306
294338	0.0006470887186
294339	0.001024539788
294340	0.001587577051
294341	0.0004719924138
294342	0.0002372673001
294343	0.00126793166
294344	0.0005897687084
294345	0.001826615651
294346	0.000123180432
294347	0.000439684774
294348	0.0006335007104
294349	0.0007481309718
294350	0.000633187111
294351	0.001567885239
294352	0.001061336128
294353	0.002909171776
294354	0.0004090889146
294355	0.0004445211287
294356	0.0016970197
294357	0.002324209835
294358	0.0009924205242
294359	0.001344017524
294360	1.669824452e-05
294361	0.001018584233
294362	0.000902484127
294363	0.0003372282559
294364	0.0008270031144
294365	0.0006441936835
294366	1.111148462e-05
294367	0.0006185963662
294368	0.000407533215
294369	0.001833986381
294370	0.001647865405
294371	0.002186155696
294372	0.0008927004596
294373	0.001575273926
294374	0.000905595941
294375	0.001565669967
294376	0.001490126398
294377	6.850639529e-05
294378	0.0002371528799
294379	0.000105083134
294380	0.0009537044398
294381	0.002878764488
294382	0.001914044874
294383	0.0005879920474
294384	0.00184578955
294385	0.002087519047
294386	0.002905400982
294387	0.001351218819
294388	5.021131907e-05
294389	0.0008246926871
294390	0.001276706696
294391	6.385696041e-07
294392	0.003101320693
294393	0.0034107269
294394	0.0007320537553
294395	0.002367594004
294396	0.001850602909
294397	0.0003583139215
294398	0.00430496239
294399	0.0001808766627
294400	0.0005118704106
294401	0.0009029722734
294402	0.001142478263
294403	0.001497917466
294404	0.002263064168
294405	0.0005143887541
294406	0.00272064022
294407	0.0001304671946
294408	0.0004879720538
294409	0.001750900565
294410	0.0004243386147
294411	0.0005909658198
294412	0.002302407822
294413	0.0003175602878
294414	0.001569886813
294415	0.0009362944081
294416	0.0007724052381
294417	0.002178597672
294418	0.0003969252958
294419	0.001631179522
294420	0.002686644553
294421	0.00047068836
294422	0.0006747419166
294423	0.001644537403
294424	0.001994327272
294425	0.0002021241859
294426	0.004634111979
294427	0.0002806317998
294428	0.001556084375
294429	0.00108209108
294430	0.001821743828
294431	0.0005574774248
294432	0.001448222628
294433	0.001262703283
294434	0.001247356502
294435	0.0001849605311
294436	0.001826847399
294437	0.0001606468729
294438	0.003663090581
294439	0.0005785461389
294440	0.0001767925381
294441	0.0005468595541
294442	0.0004529674965
294443	0.0005028627096
294444	0.002209310893
294445	0.0002334205099
294446	0.001785260223
294447	0.001547069726
294448	0.0008887438387
294449	0.001860660427
294450	0.002152596924
294451	0.001354947111
294452	0.00148187658
294453	0.001150113699
294454	0.0009281639278
294455	0.0005984893669
294456	0.0006936106668
294457	0.001874848809
294458	0.0004068298071
294459	0.002593592129
294460	0.0004039935931
294461	0.0001110381956
294462	0.001317430765
294463	0.0003795580948
294464	0.0008694838226
294465	0.001763277001
294466	0.0006616689143
294467	0.0001180625551
294468	0.0008598394053
294469	0.002845230059
294470	0.00114475021
294471	0.0001235646436
294472	0.002476859128
294473	0.000828746885
294474	0.003645212241
294475	0.0002297127508
294476	0.0005158865165
294477	0.0009965990396
294478	0.001185130014
294479	1.723222987e-05
294480	0.001544591377
294481	3.342420324e-06
294482	0.0002270855577
294483	0.0003010716197
294484	0.001313568932
294485	0.0009479625623
294486	0.0001835511391
294487	0.0002497332107
294488	1.683890962e-05
294489	0.00180328629
294490	0.0005566320446
294491	0.0009780174386
294492	0.001238905323
294493	0.002297845988
294494	0.001732232928
294495	0.0001713115392
294496	0.000427489449
294497	0.0007658586654
294498	0.001727866715
294499	0.0008566288035
294500	0.002271241245
294501	0.001962801327
294502	0.0005210125597
294503	0.0005166547428
294504	0.002394404624
294505	0.0005330846187
294506	0.001606892255
294507	0.001576271068
294508	9.229796107e-05
294509	0.001624797237
294510	0.0001850028695
294511	0.002130076188
294512	0.0007906086112
294513	0.0009016856827
294514	0.0004350989988
294515	0.001174598394
294516	0.002824595344
294517	0.0002643618831
294518	0.0004789175224
294519	0.003516822927
294520	0.0007106852134
294521	0.001591517086
294522	0.0007566343394
294523	0.0008035233691
294524	0.001705486797
294525	0.002241659049
294526	0.001443125093
294527	0.001750017214
294528	6.518141924e-05
294529	0.0003581961237
294530	0.001420150339
294531	0.0004000267392
294532	0.002715157224
294533	0.0007683949529
294534	0.001926918145
294535	0.001333570348
294536	0.0004157167825
294537	0.0003718807593
294538	0.001321356627
294539	0.0002837591847
294540	5.633322426e-05
294541	0.002411633346
294542	0.003500273874
294543	0.0004454684137
294544	0.001349331217
294545	0.0006946151017
294546	0.001359297382
294547	0.001021504105
294548	0.0007660860881
294549	0.0003444890812
294550	0.0006271173325
294551	0.001140026414
294552	0.0001690735406
294553	0.0007869633978
294554	0.002505994473
294555	0.0005504223105
294556	0.0006505609218
294557	0.00189135689
294558	0.0006355125543
294559	4.675379555e-05
294560	0.001455190178
294561	0.0004146644511
294562	0.001559468553
294563	0.001890798827
294564	0.000331545578
294565	0.001500407876
294566	0.001071430416
294567	0.0005206004009
294568	0.0003496708235
294569	0.002523065544
294570	0.000201676968
294571	2.957022211e-07
294572	0.000357265096
294573	0.0001348378498
294574	0.002225396222
294575	7.734567948e-05
294576	0.0001165205954
294577	0.001440122493
294578	0.002262488911
294579	0.002297130195
294580	0.0004062441678
294581	0.0008571792505
294582	0.0006947062769
294583	0.001404525818
294584	0.0008699462539
294585	0.0009192804136
294586	0.001618976446
294587	0.001765103132
294588	0.003128108078
294589	0.0003142489996
294590	0.0004212323196
294591	0.0001476730097
294592	0.0006097190555
294593	4.236215319e-05
294594	0.002975064218
294595	0.0004655672714
294596	0.00155494137
294597	0.001624860977
294598	0.001751576549
294599	0.001688557435
294600	0.0007141620397
294601	3.737903778e-05
294602	0.000166367136
294603	8.933015637e-06
294604	0.001304808543
294605	0.001418964932
294606	0.003171900892
294607	0.00207153225
294608	0.002179130818
294609	0.0001739117482
294610	0.002350761281
294611	0.0002593288881
294612	0.0009378719127
294613	0.00296225045
294614	0.00303449748
294615	0.0005378325058
294616	0.001998949748
294617	0.0006455655686
294618	0.0005727755777
294619	0.001438473401
294620	0.001251517701
294621	0.0007905159992
294622	0.003615584735
294623	1.70412384e-05
294624	0.0002443074562
294625	0.0003423023034
294626	0.002498488933
294627	0.001169430018
294628	0.0009316303615
294629	0.001977463585
294630	0.0006272249783
294631	0.001081534629
294632	0.001182561978
294633	0.001606142137
294634	0.002356870652
294635	0.001127942498
294636	0.0002268605834
294637	0.003045502822
294638	0.000384210405
294639	0.003154842239
294640	0.000484063422
294641	0.0009409550012
294642	0.001400660038
294643	0.006243181131
294644	0.003171696714
294645	0.0005159587848
294646	9.259155976e-05
294647	0.000834627262
294648	0.0003990663134
294649	0.001334687342
294650	0.000242925398
294651	0.0006583076912
294652	0.0001275541812
294653	0.002106731043
294654	0.0006483095506
294655	0.003858753587
294656	0.0001722657587
294657	0.002890543206
294658	0.001925071301
294659	0.0007734991215
294660	0.002086225073
294661	0.00058922014
294662	0.003415540701
294663	0.000184392235
294664	3.388664422e-05
294665	0.003993276552
294666	0.002759702455
294667	0.001897079111
294668	0.004379125682
294669	0.0002585548903
294670	0.0006704039204
294671	0.001678190262
294672	0.001145117818
294673	0.002809155581
294674	0.001898109134
294675	0.002600677604
294676	0.002782232654
294677	0.001609154614
294678	0.002350856155
294679	0.001153336753
294680	0.002502230875
294681	0.002491425437
294682	0.004089143413
294683	0.0008579407473
294684	0.002358255075
294685	0.001826724777
294686	0.0002065547149
294687	0.0005366663787
294688	0.001342177827
294689	0.003817194942
294690	0.002935650736
294691	0.0003884566494
294692	0.000258633616
294693	0.0003030668076
294694	0.003882022555
294695	0.0009029892448
294696	0.001186283166
294697	0.0006250064233
294698	6.299054632e-05
294699	0.001543646423
294700	0.0002718467688
294701	0.000461224107
294702	0.0003787113786
294703	0.001041500997
294704	0.002110121984
294705	0.001633429764
294706	7.710254188e-05
294707	0.001018975057
294708	7.34284746e-05
294709	0.002014537078
294710	0.001201704176
294711	0.0003559696156
294712	0.001544884817
294713	0.0003669478158
294714	0.0004536529746
294715	0.0004601659025
294716	0.000640145838
294717	0.00047424289
294718	0.0005475423574
294719	0.001629908803
294720	0.0006808998594
294721	0.001213796365
294722	0.0007197766869
294723	0.001149225528
294724	0.00105204635
294725	0.001025858619
294726	1.260524147e-05
294727	0.001701844804
294728	0.0005686074858
294729	0.000121608384
294730	3.839378139e-05
294731	0.0002098304126
294732	0.001373761809
294733	0.0002231049537
294734	0.001016798285
294735	0.001574843317
294736	0.001074724683
294737	0.0004712941974
294738	0.003147308553
294739	0.001324080219
294740	0.0001651174029
294741	0.001644470317
294742	0.001328576066
294743	0.0001763214996
294744	0.0001600906978
294745	0.0003852844367
294746	7.029310611e-05
294747	0.0003042896135
294748	0.0002299004897
294749	0.0009715385391
294750	0.0005571311859
294751	0.0003310650967
294752	0.0006946581952
294753	0.002168547404
294754	0.000392020752
294755	0.0001356647651
294756	0.0009060741295
294757	0.0004433838227
294758	0.000329108474
294759	4.126142057e-06
294760	0.0001443854159
294761	0.001208520142
294762	0.0004249278527
294763	0.0001086615158
294764	0.0002747440095
294765	0.0007416059811
294766	0.002231299037
294767	0.001100602596
294768	0.002579568978
294769	0.0007929243859
294770	0.0005776614367
294771	0.0008620519172
294772	0.001380766699
294773	0.0009425768701
294774	0.0003164023862
294775	0.0006329612224
294776	0.001438997928
294777	1.126535769e-05
294778	0.0005185668204
294779	0.001311955036
294780	0.001344710319
294781	0.002851129229
294782	0.001484929577
294783	0.003175917412
294784	0.002220478114
294785	0.00112467594
294786	0.0007508958894
294787	0.0006354207742
294788	0.0005770649528
294789	0.001295269274
294790	0.0008500502421
294791	0.0002625241437
294792	0.0001079278141
294793	0.001650719113
294794	0.0001761626898
294795	0.001964762244
294796	0.0001347202718
294797	0.001116822794
294798	0.001684162287
294799	0.0002636170678
294800	0.0007180468527
294801	0.0009875377643
294802	2.265135612e-05
294803	0.001502699973
294804	0.002686241301
294805	0.0006896668577
294806	0.0006777257635
294807	0.0009712047779
294808	0.001964622239
294809	0.001329623165
294810	0.0003487532557
294811	2.201049015e-05
294812	0.00086249422
294813	0.001032565122
294814	2.201289366e-05
294815	0.0001228543955
294816	0.0002670622036
294817	0.0003545976972
294818	0.0001525040973
294819	9.985232666e-05
294820	0.0008210840753
294821	0.001159589664
294822	0.0002185131285
294823	0.001105286786
294824	0.0002544855131
294825	0.0008241329526
294826	0.0006243374897
294827	0.001811787724
294828	0.000553566207
294829	0.001921639982
294830	0.001096142263
294831	0.001026836351
294832	0.001432533332
294833	0.0006984141774
294834	0.002119876153
294835	0.000174784223
294836	0.0001218666085
294837	0.000636045387
294838	0.001499445494
294839	0.002271927084
294840	0.001365304045
294841	0.0008124784638
294842	2.674701038e-05
294843	0.001500333437
294844	0.0001490271992
294845	0.0007246694063
294846	0.001004275928
294847	0.0004556441382
294848	0.002001502749
294849	0.0008480523831
294850	0.001906779069
294851	0.0005273933777
294852	0.0005495637448
294853	1.609932213e-05
294854	0.0004642207171
294855	0.0002678508822
294856	0.002130141689
294857	0.001541307671
294858	0.0009421026763
294859	0.001114366214
294860	0.003420478606
294861	1.142699307e-06
294862	0.001995511902
294863	0.0003017239729
294864	0.001121251162
294865	0.001117352925
294866	0.000432343275
294867	0.0005888164383
294868	0.0009206182975
294869	0.0005772362576
294870	0.0002277716673
294871	0.001540563301
294872	0.001071507855
294873	0.0007254718685
294874	0.0007954862517
294875	0.0003085057865
294876	0.001323128448
294877	0.001568456679
294878	0.0004828713779
294879	0.0009815098448
294880	0.0003343461738
294881	0.0005219732711
294882	0.002721496166
294883	0.0002103527305
294884	0.002008688167
294885	0.0002625136432
294886	0.001357190936
294887	0.00154285389
294888	8.747829842e-05
294889	0.001834255663
294890	0.0003590842591
294891	0.0003775495591
294892	0.0007730413743
294893	0.003892967184
294894	3.750840962e-05
294895	9.858787029e-05
294896	0.001405635952
294897	0.0001508705609
294898	0.001520583621
294899	0.001488911894
294900	0.001482601306
294901	0.0003339609845
294902	0.0009142996714
294903	0.0003544409769
294904	0.00167278068
294905	0.0002805836825
294906	0.002903838862
294907	0.000917331381
294908	0.001018488151
294909	0.002134308605
294910	0.0009781941711
294911	0.0005721338229
294912	0.0007924877346
294913	0.001889527324
294914	0.001162809117
294915	8.123733653e-05
294916	0.001278165163
294917	0.001269286092
294918	5.034177557e-05
294919	6.909484018e-06
294920	0.0001743735497
294921	0.0009070542065
294922	0.001374574843
294923	0.001513497042
294924	0.001070898539
294925	0.001816333536
294926	0.000646938651
294927	0.001486918155
294928	0.002079285859
294929	0.001119487533
294930	0.000357446879
294931	0.0003584048217
294932	0.0004519527827
294933	0.0003794315681
294934	0.002445468762
294935	0.001736641397
294936	0.0004168037901
294937	0.0001699543316
294938	0.00127354407
294939	0.0005077123017
294940	0.0002901782515
294941	0.0009994997171
294942	0.002484939038
294943	0.001472684515
294944	0.001136119274
294945	0.001668076419
294946	1.912304117e-07
294947	0.0007159536327
294948	0.001973645496
294949	0.0001164400506
294950	0.001117668769
294951	0.0009956493871
294952	9.238241761e-05
294953	0.0013778867
294954	0.001664890793
294955	0.0004075170594
294956	0.0007989636541
294957	0.0005879658864
294958	0.0001449371061
294959	0.0004907973054
294960	0.0001538502717
294961	0.001262590565
294962	5.824347844e-05
294963	0.0002588453514
294964	5.561874898e-05
294965	0.001154381893
294966	0.0002931172402
294967	0.0009328265173
294968	0.0005363119788
294969	0.000322977262
294970	0.001139108461
294971	0.000759007025
294972	0.0001207896646
294973	0.0007686950719
294974	0.001477387252
294975	0.0004606737151
294976	0.0002812483506
294977	0.001190947169
294978	0.000634853549
294979	0.0006398609167
294980	9.106965472e-05
294981	0.001172536521
294982	0.000800352271
294983	0.0002498742447
294984	9.84126067e-05
294985	0.0007748863132
294986	0.0006132230928
294987	0.00105944293
294988	0.0002136098483
294989	0.0002146692507
294990	0.001340616551
294991	0.001692351002
294992	0.0002882016044
294993	0.001402883932
294994	0.0008010040451
294995	0.0006403836852
294996	0.0008618005728
294997	9.187801713e-05
294998	0.000481555469
294999	0.0004401497625
295000	0.0007432542529
295001	0.0002570589572
295002	0.0002522378917
295003	0.001345841468
295004	0.0003048644019
295005	8.085338169e-05
295006	0.001099397276
295007	0.001114738846
295008	0.000768693521
295009	0.0001717982126
295010	0.0004559279915
295011	0.0002870430698
295012	0.0005655384927
295013	0.0004856824513
295014	0.0007993871693
295015	0.0001528648268
295016	0.0009016872088
295017	0.0005423862399
295018	0.002153678058
295019	0.0006169543473
295020	0.0003842319583
295021	0.0002720921297
295022	0.0005266399614
295023	0.001456294571
295024	0.0003858280633
295025	0.001058554031
295026	0.0003649108543
295027	0.000449855902
295028	0.0008251099479
295029	0.0001234663438
295030	0.0002461080332
295031	0.001076075369
295032	0.0006468170765
295033	0.001206508491
295034	0.0002006249991
295035	8.851841225e-05
295036	8.436113709e-05
295037	0.0007840914635
295038	0.0001487825061
295039	0.00194473649
295040	0.000520334854
295041	0.001095687279
295042	0.002237331966
295043	0.0001430035794
295044	0.0003199455271
295045	0.001235627421
295046	0.0006833306989
295047	0.0001087649398
295048	0.001312609029
295049	0.001492567425
295050	0.001194021935
295051	0.0001659019523
295052	0.0006145039907
295053	0.0009387481669
295054	0.001576621601
295055	0.0004030889898
295056	0.0003843615238
295057	0.0005117568409
295058	0.0005029530788
295059	2.383027423e-05
295060	0.0006573101446
295061	0.0001645596267
295062	0.0006402823114
295063	0.0008299233986
295064	0.0005461154439
295065	0.0006011954936
295066	0.0002463249402
295067	5.24298799e-05
295068	0.002310040326
295069	0.001734425633
295070	0.0005636493161
295071	0.002181470124
295072	0.0002289835193
295073	0.001064654992
295074	0.0003007788156
295075	0.001199329597
295076	0.0002298209838
295077	0
295078	0.000380403998
295079	0.0006521504332
295080	0.001918040211
295081	0.001774821892
295082	0.001014848068
295083	0.0002647057721
295084	0.0005613983351
295085	0.000328707182
295086	0.0002015506055
295087	0.0002735876644
295088	0.0001524212166
295089	0.0001089394519
295090	7.553226833e-05
295091	0.0001136752689
295092	0.0001214431628
295093	7.743734566e-05
295094	0.0001538896977
295095	0.0004747699797
295096	0.001259334832
295097	0.0008295168961
295098	0.0008478907666
295099	0.0009409549586
295100	0.0003018887532
295101	0.003030632519
295102	0.001476894138
295103	0.0004049580436
295104	0.0001760644596
295105	0.002012118351
295106	4.144562334e-06
295107	3.842840542e-05
295108	0.0002790986215
295109	0.0009261362652
295110	0.0008347850878
295111	0.0003490137956
295112	0.001095714048
295113	0.0005822411901
295114	0.000338504737
295115	0.0001827840854
295116	0.0003585345905
295117	0.0002547373969
295118	0.0009014875817
295119	0.001577687159
295120	0.000405250298
295121	0.001415145216
295122	0.000389662991
295123	0.0001515032364
295124	0.0005073780668
295125	0.001085885679
295126	0.000657056141
295127	0.0008337632465
295128	0.001533193298
295129	0.0006273759312
295130	0.0007725399334
295131	0.0006059424351
295132	0.0003699585004
295133	0.0006566432888
295134	0.001086151304
295135	0.002395094065
295136	0.0009561818529
295137	0.0004246578451
295138	0.0003208917081
295139	0.0003413301696
295140	0.001017437528
295141	0.0003321392487
295142	0.0001127798443
295143	0.003904418812
295144	0.0008518322105
295145	0.001899065802
295146	0.002277223321
295147	0.001834119337
295148	0.0002696647926
295149	0.00154977119
295150	0.002596749344
295151	0.0003968135788
295152	0.001937748644
295153	0.0006618875568
295154	0.0006499426448
295155	5.506672014e-05
295156	0.0003526218999
295157	0.0008612161593
295158	0.001531336977
295159	0.001254346397
295160	0.0003896983032
295161	0.000190693917
295162	0.0008944508183
295163	0.0006114607501
295164	0.0002221325805
295165	0.0006692508602
295166	0.0008687246254
295167	0.0005360672124
295168	0.0004602150127
295169	0.0009082349433
295170	0.00210158007
295171	0.0007688279267
295172	0.0004534144689
295173	0.0003132413536
295174	0.002470086706
295175	0.0001211494982
295176	0.0009936633863
295177	0.0001593649065
295178	0.002209092915
295179	0.0005846394669
295180	0.0006940637545
295181	0.0003647574619
295182	0.0005127042471
295183	0.0006037176627
295184	0.0004083708343
295185	0.001656820323
295186	0.00101121373
295187	0.0004417289545
295188	0.001258552212
295189	0.0008600304052
295190	0.001809477667
295191	0.00198450181
295192	0.0008454334069
295193	3.840471057e-05
295194	0.0001084843749
295195	0.000207962396
295196	0.0001673605068
295197	0.001005643148
295198	0.0001432478822
295199	0.0004973198037
295200	9.971798981e-05
295201	0.0007538814042
295202	0.0009597885398
295203	0.001192826681
295204	0.002079025035
295205	0.0002245220716
295206	0.0006415324371
295207	0.0001047339671
295208	0.001727401827
295209	7.149008963e-05
295210	0.0004211662355
295211	0.0006008065177
295212	0.0003235468423
295213	0.000625686426
295214	0.0004925692588
295215	0.0002934890529
295216	0.0005787418051
295217	0.0006110506274
295218	0.0002949666278
295219	0.0004590506689
295220	0.003392708102
295221	0.00214595945
295222	0.000141806628
295223	0.0002127868034
295224	0.000691230647
295225	0.0007915731912
295226	0.0006023060304
295227	0.001352780207
295228	0.0002812146702
295229	0.0008103921446
295230	0.001992369426
295231	0.001116571481
295232	0.0005082157414
295233	0.001305965274
295234	0.001455676148
295235	0.000791424287
295236	7.198291291e-05
295237	0.0006921778356
295238	0.0002577172784
295239	1.977780487e-05
295240	0.0003302548548
295241	2.457006216e-05
295242	0.00309539588
295243	0.001238329059
295244	0.0005400259046
295245	1.686944343e-05
295246	0.000708851466
295247	0.0002775021251
295248	0.0004032913564
295249	9.657124924e-05
295250	0.001167094548
295251	0.0009147635161
295252	0.0009495282901
295253	0.001150542923
295254	0.0004179477512
295255	0.0003360101188
295256	0.001095578866
295257	0.0001288475748
295258	0.001025161213
295259	0.0006831871135
295260	0.001386850163
295261	0.002048609087
295262	0.0001823268608
295263	1.252271834e-05
295264	0.0001602986609
295265	0.00191252498
295266	0.001741290292
295267	0.001882443257
295268	0.00176418641
295269	0.0003105141457
295270	0.000607338173
295271	0.001567586854
295272	0.0003013682553
295273	4.219157411e-05
295274	0.0008309478411
295275	0.001158735766
295276	0.0003916592228
295277	0.0003714437021
295278	0.001402124705
295279	0.0003627713677
295280	0.0003534628331
295281	0.0004428902865
295282	0.0001225833732
295283	0.0002930358824
295284	0.0001441443011
295285	0.002523123281
295286	0.0003033931474
295287	0.0005538700495
295288	0.0008204806105
295289	0.001158185199
295290	0.0004864696322
295291	0.0002578393754
295292	5.333981797e-05
295293	0.000260010438
295294	0.001844717493
295295	0.0004999243467
295296	3.07421237e-05
295297	0.0004935140826
295298	7.052844493e-05
295299	0.001318880221
295300	0.001408478512
295301	0.0005122751728
295302	0.000767260028
295303	0.0003382092156
295304	0.001049251611
295305	0.000253380873
295306	0.002676248553
295307	0.002341833063
295308	0.0002917940175
295309	0.001676632858
295310	0.0005013062
295311	0.0003457562847
295312	0.0009250163415
295313	0.001136341791
295314	0.00181459825
295315	0.0009066196364
295316	0.0002407711853
295317	0.001097115743
295318	0.001391472484
295319	0.0008803482012
295320	0.0008095366236
295321	0.001557830993
295322	0.001695125284
295323	0.001185037351
295324	0.0002944599902
295325	0.0007643169904
295326	0.001138102583
295327	5.845365991e-05
295328	0.0005866013303
295329	0.0002041647623
295330	0.0009507603824
295331	0.0008751525523
295332	0.0001904807195
295333	0.0002497685785
295334	5.443514359e-05
295335	0.002728649774
295336	0.0006117536699
295337	6.322745063e-05
295338	0.000240760397
295339	0.0005962052813
295340	1.377226644e-05
295341	0.0005969430007
295342	0.001272013292
295343	4.309119806e-05
295344	0.0009273526594
295345	0.0006787423447
295346	0.001259970745
295347	0.001682255013
295348	0.001582672118
295349	0.0006717821155
295350	0.001349916977
295351	0.0004842521369
295352	0.001144205499
295353	0.0002724452184
295354	0.001711449131
295355	0.001859146334
295356	0.00190046225
295357	0.0002207802877
295358	0.0004583744747
295359	0.001066726503
295360	0.001277589449
295361	0.0001018477247
295362	4.490560239e-05
295363	0.000249759709
295364	0.001610022972
295365	0.0003901278954
295366	0.0001068471654
295367	0.001390345806
295368	0.0001239057461
295369	0.001426263702
295370	0.0004089227524
295371	0.001306847629
295372	0.0002023208194
295373	0.0006027545372
295374	0.0005227471308
295375	0.0008514447146
295376	0.001623490723
295377	0.0003518699355
295378	0.002038593831
295379	0.0001968703478
295380	0.002042723593
295381	0.001588874482
295382	0.0002215530241
295383	0.0007216038596
295384	0.0008932184222
295385	0.0008456088748
295386	0.002093299524
295387	0.001002461206
295388	0.0001363917462
295389	0.0001115072838
295390	0.000230352757
295391	0.002515965863
295392	0.0009495492352
295393	0.0009820639303
295394	0.0003488304126
295395	0.0003525169781
295396	0.001429321191
295397	0.0006458476827
295398	0.003503098522
295399	0.003152949924
295400	0.0003254996304
295401	0.0006948165498
295402	0.0007118420463
295403	0.0004676957849
295404	0.0006793243147
295405	0
295406	0.001211211134
295407	0.001002839761
295408	0.0003826875154
295409	0.0003161683524
295410	0.0009845947297
295411	0.001193550426
295412	0.001840320619
295413	0.0001994097928
295414	0.0002676112789
295415	2.859546121e-05
295416	0.000191900467
295417	0.001469484965
295418	0.0005814201081
295419	0.001392191379
295420	0.00179760147
295421	0
295422	0.0003252820675
295423	0.000617903211
295424	0.001390229307
295425	4.087390918e-06
295426	0.0008020148399
295427	0.0004604636629
295428	0.001013154224
295429	0.001885920693
295430	0.0008441295291
295431	0.002532337515
295432	0.0004798952862
295433	0.0008697993193
295434	0.001277610418
295435	0.001186344529
295436	9.27960701e-05
295437	0.0001635441249
295438	0.000133265955
295439	0.001866956024
295440	0.0001877438345
295441	0.0003307986202
295442	0.0004494150682
295443	0.00156384114
295444	0.0003618096049
295445	0.0006929701772
295446	0.0002164451568
295447	0.0008895074086
295448	0.0005910642913
295449	0.0001857240381
295450	0.000885911372
295451	0.0007127061507
295452	0.001897600886
295453	0.00312840439
295454	0.000922830753
295455	0.002246604599
295456	0.0003342821126
295457	0.0017110225
295458	0.0001209683723
295459	0.0003557973347
295460	1.134741413e-05
295461	0.0007098073028
295462	0.002383593937
295463	0.001402687823
295464	0.0005681855141
295465	0.001475204689
295466	7.945279499e-06
295467	0.0004991653471
295468	0.0003077248091
295469	0.0009095838829
295470	0.0002408728543
295471	0.0001234370869
295472	1.614322874e-05
295473	0.0007609733395
295474	0.001411594485
295475	3.223128058e-05
295476	0.000337159824
295477	0.0001328748593
295478	0.002168324658
295479	1.669694789e-05
295480	0.0002112858455
295481	0.001317920064
295482	0.001613670086
295483	0.0006283493436
295484	0.0004536173658
295485	0.0009328742088
295486	4.358133209e-05
295487	0.0009415851163
295488	0.00111575674
295489	0.0003858006142
295490	0.001957833545
295491	0.0006968709804
295492	0.0005845210183
295493	0.001506012079
295494	1.466640361e-05
295495	3.524044141e-05
295496	0.0003448163832
295497	0.0005252712432
295498	0.0001587820923
295499	0.001318131057
295500	0.0005569747672
295501	0.000217667378
295502	0.003149434639
295503	0.001628256083
295504	0.001784753879
295505	0.001450774608
295506	0.0005176138111
295507	0.0002133764775
295508	0.0006320273482
295509	0.0001827914839
295510	3.875749023e-05
295511	0.0006089488736
295512	0.0004102878909
295513	0.001165990175
295514	0.001200049126
295515	0.0001634595787
295516	0.0002817359102
295517	0.001685350781
295518	0.001032692152
295519	0.0007761423659
295520	0.0001934058964
295521	0.0008388412416
295522	0.0002117529223
295523	0.0003122969736
295524	0.001782964772
295525	0.001119001827
295526	0.0006709673773
295527	5.863088585e-06
295528	0.0007778951565
295529	0.0006124478965
295530	0.001991014612
295531	0.001641086117
295532	0.001023618888
295533	3.623345567e-05
295534	0.00137075849
295535	0.000168327681
295536	0.000609536388
295537	0.0004340550114
295538	0.0001649837082
295539	0.00144048043
295540	0.003038736296
295541	0.0003570499473
295542	0.001198114723
295543	0.001625491791
295544	0.0009872264527
295545	0.0006462549585
295546	0.0004248922008
295547	0.002375600745
295548	0.000482874835
295549	0.001058217743
295550	0.001076296011
295551	0.0008070524666
295552	0.0001633413764
295553	0.0003278586274
295554	0.0001599421002
295555	0.001528113607
295556	0.001109290076
295557	0.00045399774
295558	0.001018886278
295559	0.000393613291
295560	0.0006985737084
295561	0.0005130530455
295562	0.000488549512
295563	1.966904632e-05
295564	0.0008948713781
295565	0.001895115264
295566	0.002362734768
295567	9.994070773e-05
295568	6.342399369e-06
295569	0.0008585466565
295570	0.0008266951737
295571	5.68516584e-05
295572	0.001287317858
295573	0.0008530431816
295574	0.0002660105135
295575	0.0005730499233
295576	0.001774462484
295577	7.645836947e-05
295578	0.0005102592763
295579	0.0005145027151
295580	0.0001268828806
295581	0.0003700893386
295582	0.000675540942
295583	0.002272110589
295584	0.001349993978
295585	0.0004036346959
295586	0.0003043416154
295587	0.0004887694983
295588	0.0007397569417
295589	0.0009887904088
295590	0.002634421074
295591	9.657378709e-05
295592	0.002161059088
295593	0.0005935999498
295594	0.002047731215
295595	0.001434232635
295596	0.0003444176863
295597	0.000553986909
295598	0.000707901385
295599	0.001199894775
295600	0.001139774023
295601	0.0005855088826
295602	0.0007857600697
295603	0.0006197027427
295604	0.0003236107947
295605	0.0007890328667
295606	0.0006429607143
295607	0.001878011406
295608	0.001065743113
295609	0.0002135192905
295610	0.0004897011073
295611	0.0009893611872
295612	0.0003677388169
295613	0.0008661354089
295614	0.0001467586739
295615	0.001183512632
295616	0.0001007490471
295617	4.141492288e-06
295618	3.780565157e-05
295619	0.0003374314347
295620	0.001379522642
295621	0.0008464303003
295622	0.0001443765335
295623	0.001799220398
295624	0.002389740694
295625	0.0007780436169
295626	0.00132164419
295627	6.844766283e-05
295628	0.0001469985759
295629	2.012240713e-05
295630	0.001642543453
295631	0.0002314203951
295632	0.001601845071
295633	0.000124820223
295634	0.001602035563
295635	0.001104782933
295636	0.001354369599
295637	0.0003299609835
295638	0.0008147078202
295639	1.645640169e-06
295640	0.0006200133592
295641	0.001004745935
295642	0.0001375925429
295643	0.001366868511
295644	0.001040504006
295645	0.0001429436291
295646	0.0007890154239
295647	0.001836921091
295648	0.0001673666374
295649	0.0001209878271
295650	0.0005889843308
295651	0.0004691694676
295652	0.001428722301
295653	0.000239875842
295654	0.0009205109058
295655	0.001217805878
295656	0.001477144013
295657	2.77310786e-05
295658	0.002017113066
295659	0.001173356572
295660	0.0009369105703
295661	0.0002987569381
295662	0.0001347074962
295663	0.001581574992
295664	0.001771487888
295665	0.0009599034226
295666	0.0006139536929
295667	0.0002699867832
295668	0.001447469585
295669	0.001100734673
295670	0.0003448104097
295671	0.00103557513
295672	0.0004043050896
295673	0.00052058347
295674	0.001739858045
295675	0.0002439550543
295676	0.0009660705947
295677	0.0006531337959
295678	0.0008726494333
295679	0.0005271387285
295680	0.001364312675
295681	0.000891878279
295682	0.0007962901023
295683	0.0006815333718
295684	0.0002732243859
295685	0.0007665003453
295686	0.0002359938536
295687	0.002118815373
295688	0.0009324065859
295689	0.001956678363
295690	0.00206781236
295691	0.001498069264
295692	0.0004393522221
295693	0.0001024837229
295694	0.0009055403767
295695	0.0003519904985
295696	0.0002459448842
295697	0.0003402356986
295698	0.0007220349703
295699	0.001175371838
295700	0.001158601796
295701	0.0007929193026
295702	0.0008041814413
295703	0.0007499241496
295704	0.0003702167642
295705	0.001002588266
295706	0.0004669939537
295707	0.0005203652668
295708	0.002031398349
295709	0.001389876787
295710	0.0003676836399
295711	0.0004534081879
295712	0.0003843263504
295713	0.001483937135
295714	0.0008371603174
295715	0.0002441983198
295716	0.0004365057902
295717	8.288065747e-05
295718	0.0004052228698
295719	0.0004507144104
295720	2.277517075e-05
295721	0.0005155930054
295722	0.0001718871383
295723	0.0003726410892
295724	0.0007003351045
295725	2.516824452e-05
295726	0.0002124910202
295727	0.0009155851038
295728	0.002430685482
295729	0.002403511846
295730	0.001609444494
295731	0.001551073235
295732	0.0004122279888
295733	0.001106778263
295734	0.0003895066076
295735	0.001592336858
295736	0.001119953994
295737	0.0003070740554
295738	0.001135355308
295739	0.001605629512
295740	0.0001298352768
295741	0.0002615228936
295742	0.001217869086
295743	0.0004056439067
295744	0.001679898209
295745	0.001661118747
295746	0.001169425867
295747	2.309463724e-05
295748	0.0003866610811
295749	0.0008116966573
295750	0.0003831250996
295751	0.0008103756894
295752	0.001068247209
295753	0.0002373072242
295754	0.000231989181
295755	0.0001171645844
295756	0.0005826619427
295757	0.0004207813053
295758	0.0004168414237
295759	0.0003590151295
295760	6.287691064e-05
295761	0.0001173579911
295762	0.0008354252272
295763	0.003142111359
295764	0.0003443108463
295765	0.0001052499644
295766	0.001170638037
295767	0.0003175729334
295768	0.001456000386
295769	0.0002567755701
295770	0.0003706490726
295771	0.001100490089
295772	0.001159977519
295773	0.0005808421098
295774	0.001780294835
295775	0.0003222050316
295776	0.002558033359
295777	0.001107184921
295778	0.0004145762822
295779	0.001021672546
295780	0.00146368076
295781	0.0003996658135
295782	0.0001494529082
295783	0.00234195615
295784	0.001211348055
295785	0.0002342283759
295786	0.0003954357904
295787	1.869020771e-05
295788	6.37323278e-05
295789	0.001721518882
295790	0.003356623746
295791	0.000291781451
295792	0.001284708847
295793	0.000368483855
295794	0.0004921547699
295795	0.0005539170524
295796	0.0003130338278
295797	0.0004599287176
295798	0.001513270249
295799	0.001014788688
295800	0.001627026408
295801	0.0007595736689
295802	0.0009699899058
295803	0.0001396970223
295804	0.0007502288262
295805	0.001398118439
295806	9.73097914e-05
295807	0.0006083628398
295808	0.0006960651456
295809	0.0001007736071
295810	0.000201839616
295811	0.002971216126
295812	0.0009400274767
295813	0.0001356738543
295814	0.0008880548261
295815	0.001731601781
295816	0.002087069775
295817	0.001202406596
295818	0.00171166717
295819	0.0004914591818
295820	0.001248322981
295821	0.001073281639
295822	0.0006622526239
295823	0.0002534982956
295824	0.001067491786
295825	2.902137291e-05
295826	0.00044619937
295827	0.0005516582414
295828	0.0004290566996
295829	0.0004387435635
295830	0.0004794026684
295831	0.001857256219
295832	0.002064721294
295833	0.001136117811
295834	0.001004729791
295835	0.0003173204324
295836	0.0001334274172
295837	0.0004448166998
295838	0.0001088700499
295839	0.0005183390532
295840	0.001491816103
295841	0.0005095555876
295842	0.001171323609
295843	0.0004907248043
295844	0.0004049659051
295845	0.002345790664
295846	0.001493819386
295847	0.001059338386
295848	0.0002365205572
295849	0.001027219027
295850	0.0005543053221
295851	0.0001480710723
295852	0.001851309764
295853	0.001276637586
295854	0.0001472214562
295855	0.00105977741
295856	0.0004415315667
295857	0.000415427503
295858	0.0005789654574
295859	0.0002505717092
295860	0.001377787502
295861	0.001569384634
295862	0.0005848818098
295863	0.001145721861
295864	0.0004345898916
295865	0.0003240355393
295866	2.030631296e-05
295867	0.001063362378
295868	0.0005573740971
295869	0.001050444147
295870	0.0002635892319
295871	4.212103353e-06
295872	0.0004909699578
295873	0.0007437582414
295874	0.00117386706
295875	0.001566375776
295876	0.0003630520718
295877	0.0001851297533
295878	0.0006805232012
295879	9.439180994e-05
295880	4.592268417e-06
295881	0.001017702288
295882	0.00182893413
295883	0.0002596598783
295884	2.210456271e-05
295885	0.001191649462
295886	0.001379185154
295887	0.00125726653
295888	4.184472934e-06
295889	0.00152078019
295890	0.0004510637092
295891	1.344916002e-05
295892	0.0003851994747
295893	0.0002258160675
295894	0.0003450984047
295895	0.0002846936622
295896	0.001492468508
295897	0.0005233815469
295898	0.001339981568
295899	1.442969718e-06
295900	0.0005515129291
295901	0.001177707701
295902	0.001041943414
295903	0.0006327317267
295904	7.411598036e-06
295905	2.887156063e-05
295906	0.0005975601107
295907	0.0008723433658
295908	0.0002102423056
295909	0.001150746332
295910	0.001276565877
295911	0.0009552327393
295912	0.001467733813
295913	0.0006090857738
295914	0.000597086842
295915	0.0005914626803
295916	0.001786580803
295917	0.0003828979551
295918	0.0004387974343
295919	0.001073621629
295920	0.001242638788
295921	9.256430709e-05
295922	0.0007595204113
295923	0.0002445697933
295924	5.782940137e-05
295925	0.00135752765
295926	0.001671397843
295927	0.0006072800472
295928	5.962254381e-05
295929	0.0004785979399
295930	0.0001647063066
295931	0.0009552948366
295932	7.397929719e-05
295933	0.0005733384355
295934	0.0001158611391
295935	0.0001003469634
295936	0.0003678272445
295937	0.000638553863
295938	5.780749338e-05
295939	0.0007632148086
295940	0.001295031267
295941	0.0003943855069
295942	0.0001272303332
295943	0.0003174911046
295944	0.001028856524
295945	9.647498473e-05
295946	0.0003768833134
295947	0.001021042665
295948	0.001437376471
295949	0.0001664502885
295950	0.0008311952038
295951	0.0006182850124
295952	0.003460054996
295953	0.0003006304633
295954	0.002363798775
295955	0.000614657172
295956	0.0002948737477
295957	0.002210513775
295958	9.197728892e-05
295959	0.001920567247
295960	0.001069421904
295961	0.0006166682224
295962	0.001111714751
295963	0.0001746426289
295964	0.001001664011
295965	0.002517192937
295966	0.0003952037906
295967	0.0001259399396
295968	0.001186627518
295969	9.31937235e-05
295970	1.933110167e-05
295971	0.0002012967484
295972	0.0003135335186
295973	0.00100487258
295974	0.000404936819
295975	0.0003212676786
295976	1.506931069e-05
295977	0.00137836591
295978	0.00124796716
295979	0.000427683231
295980	0.0001180527599
295981	0.001558557155
295982	0.0008896368812
295983	0.0005440610173
295984	0.0001318289511
295985	0.0009959206252
295986	5.388432177e-06
295987	0.001045349896
295988	0.0004796832532
295989	0.0006455571882
295990	0.000244211784
295991	9.258272709e-05
295992	0.001850323815
295993	0.0004776377192
295994	0.001112081228
295995	0.0004049377968
295996	9.285987752e-05
295997	0.0008901073379
295998	0.0003497941284
295999	0.002192855208
296000	0.0001848430899
296001	0.0001164707492
296002	0.0008387627904
296003	0.000349375963
296004	0.0006673135529
296005	0.0003875201618
296006	0.001298103443
296007	0.002586414495
296008	0.0005148812675
296009	0.002111886169
296010	0.0006623541145
296011	0.001588900496
296012	0.002545413836
296013	0.0007441899857
296014	0.000106571489
296015	0.002101400608
296016	0.0001204217609
296017	0.001791123612
296018	0.002071890202
296019	0.0003630090868
296020	0.0005313501657
296021	0.0002325034391
296022	0.001745802807
296023	0.0007460055702
296024	0.001334199652
296025	0.0001075109913
296026	0.0005959350939
296027	0.0002912525691
296028	9.277450584e-05
296029	0.0002649312453
296030	0.0007579192552
296031	0.0001366705197
296032	0.0001105214636
296033	0.001309089238
296034	0.0003428816908
296035	0.0005447967116
296036	0.0009348573185
296037	0.001252893692
296038	0.0007980984447
296039	0.002170055935
296040	9.977111013e-05
296041	0.001876848463
296042	0.0009036843552
296043	0.001154251392
296044	0.001611861922
296045	0.0002543438736
296046	0.001569269621
296047	0.0005329542248
296048	0.000105479375
296049	0.0013980189
296050	0.0008512024488
296051	0.0008827025179
296052	0.000412911652
296053	9.393491267e-05
296054	0.0017162733
296055	0.0006924673731
296056	0.000432910566
296057	0.0007726281951
296058	0.0004167422879
296059	0.0006866129134
296060	0.0002446440642
296061	0.001966964335
296062	0.000344760578
296063	0.0008284899545
296064	0.0004596387169
296065	0.0007015893609
296066	0.001313888989
296067	0.001256661607
296068	0.002718833451
296069	0.0003737147265
296070	0.0008014967333
296071	0.002490052816
296072	6.059968171e-06
296073	0.001814449207
296074	1.837958826e-05
296075	0.0008264880137
296076	0.001233813501
296077	0.0002900685825
296078	0.000683705626
296079	0.000845363517
296080	0.0005776598117
296081	0.0004690307839
296082	0.0003080102655
296083	0.0005849014954
296084	0.001710620787
296085	0.0002201786774
296086	0.0006244378661
296087	0.001211856774
296088	0.0008820205082
296089	0.001031588438
296090	0.0006924575927
296091	0.001259072289
296092	0.0002492700343
296093	0.0008653572466
296094	0.0001578792421
296095	0.00182561607
296096	0.001249235848
296097	0.0005505900269
296098	0.0009151035232
296099	0.0006462313143
296100	0.00103674322
296101	0.0006434859636
296102	0.0005686969762
296103	0.0005013992474
296104	0.0006123527839
296105	0.0003574061081
296106	0.0005781845208
296107	0.000670875226
296108	0.001070865753
296109	0.0009942006716
296110	0.001250477878
296111	0.0002789364875
296112	0.000240233111
296113	0.0002638999592
296114	0.0004886227425
296115	0.0009780865299
296116	0.0009728751558
296117	0.0006912638069
296118	0.001064224218
296119	0.0002003101249
296120	0.0004683661975
296121	0.00139666188
296122	0.0003090449758
296123	0.001479795886
296124	0.002344716816
296125	4.374815796e-06
296126	3.327898292e-05
296127	0.001327600257
296128	0.001375187611
296129	0.0001770930813
296130	0.003256182814
296131	0.002506944421
296132	4.429693518e-05
296133	0.0007764752782
296134	0.001281658866
296135	0.0004682058978
296136	0.001325682841
296137	0.003635456063
296138	0.0008517735079
296139	1.772999533e-05
296140	0.001439651986
296141	0.0004877714401
296142	9.493884092e-05
296143	0.0002145031479
296144	1.848493236e-05
296145	0.001444903846
296146	0.000856071433
296147	0.0006835603014
296148	0.001137422049
296149	0.001339471582
296150	0.0005864356695
296151	0.001121788843
296152	0.0006701816989
296153	0.0007675476363
296154	0.0001550133638
296155	0.0002343890451
296156	0.0005904517841
296157	0.0001263967318
296158	0.0004250017454
296159	0.0004355665111
296160	0.0004300330675
296161	0.002112930003
296162	0.0002430911042
296163	0.0006150272671
296164	0.0006442311283
296165	0.0003605914425
296166	0.001111433895
296167	0.00134039383
296168	0.001084758172
296169	0.00186508294
296170	0.001485030275
296171	0.002897539454
296172	0.001796704244
296173	0.0003813660245
296174	0.000174302236
296175	0.0008801249335
296176	0.001330902166
296177	0.000378084536
296178	0.001314744333
296179	2.825056489e-05
296180	0.0009894230857
296181	0.001208563018
296182	0.0002191792409
296183	0.001731428588
296184	0.0005936495522
296185	0.00031644618
296186	0.001932600676
296187	0.001884860231
296188	0.002356368075
296189	0.0005137516238
296190	0.0006752388104
296191	1.341998071e-06
296192	0.0003166303102
296193	0.0005887629425
296194	8.932665912e-05
296195	0.001219555038
296196	0.001192235826
296197	0.0005682422143
296198	7.081646151e-05
296199	0.0007239887083
296200	0.00107769311
296201	0.0006738858971
296202	4.551020153e-05
296203	0.0008628664105
296204	0.0006795916426
296205	0.0005718493034
296206	0.0008822105177
296207	0.001232571845
296208	0.0002819077548
296209	0.00175900077
296210	0.001272875923
296211	0.001217954736
296212	0.0002326851454
296213	0.005097342686
296214	0.0001970830727
296215	0.00101402282
296216	0.0009970454063
296217	0.0003562814951
296218	0.001218291587
296219	0.0004563359309
296220	0.0006369517163
296221	0.0008318033213
296222	0.0007725771394
296223	0.0008114685054
296224	0.0006070998927
296225	0.001608317917
296226	0.0005903916887
296227	0.001046532819
296228	0.001099135527
296229	0.0003471850826
296230	0.0005007124224
296231	0.001619507593
296232	0.001317872367
296233	0.0002208020559
296234	0.0012648256
296235	0.0003726656166
296236	0.0007905141655
296237	3.474910985e-05
296238	0.0008633305086
296239	2.987031915e-05
296240	0.0003970718729
296241	0.001004241968
296242	0.002721616631
296243	0.000280448964
296244	0.0009971559731
296245	0.0009012182365
296246	0.001255044217
296247	0.0006018653052
296248	0.0003919465982
296249	0.0001482714184
296250	0.0002253010255
296251	6.355306257e-05
296252	0.0001504185212
296253	0.0002178189668
296254	0.002599262091
296255	8.925484032e-05
296256	0.0009015256386
296257	0.002443337443
296258	0.001057733443
296259	0.000125401463
296260	0.000962302172
296261	0.0007208809143
296262	0.001713961449
296263	0.0003461593684
296264	0.0009582802406
296265	0.0007055776675
296266	0.001094103702
296267	0.0006082998911
296268	0.000277813715
296269	0.0002914712745
296270	0.0007422741315
296271	8.445630709e-05
296272	0.0001025602352
296273	0.0001137493705
296274	6.526962598e-07
296275	0.0004365450783
296276	0.00115844928
296277	0.0001103836845
296278	0.001285391062
296279	0.0009041146009
296280	0.001169307076
296281	0.0007644298081
296282	0.002220899505
296283	0.0007788728744
296284	0.001124131277
296285	0.0004305958145
296286	0.0005960655495
296287	0.001747900774
296288	0.002050110188
296289	0.0003663227086
296290	0.00127544138
296291	0.001369777941
296292	0.0002203954036
296293	0.002167489763
296294	0.004260106126
296295	0.0002875688259
296296	2.907882819e-06
296297	5.313854341e-05
296298	0.0004077277316
296299	0.001076560302
296300	0.001688989365
296301	0.001624864147
296302	0.0001439381012
296303	0.0006841105936
296304	0.001288983542
296305	0.000259877253
296306	0.001828121408
296307	8.511553884e-05
296308	0.0003307570817
296309	0.0005764309394
296310	0.0007639336579
296311	0.0003231828265
296312	4.325713481e-05
296313	0.0005997235339
296314	0.0007429603242
296315	0.001368683988
296316	0.0007860155612
296317	0.002175233035
296318	0.001109179259
296319	0.0004535840833
296320	0.0004267610527
296321	0.0002150947778
296322	0.001478198126
296323	0.0003254261135
296324	0.0003462511351
296325	0.000958382712
296326	0.0009260077953
296327	0.001077950705
296328	0.000660254642
296329	0.00169781912
296330	0.0003614370485
296331	0.001297103127
296332	0.001223800237
296333	0.001103674972
296334	0.0002473592656
296335	0.001227093396
296336	0.001178980726
296337	0.001503929248
296338	0.001422317484
296339	0.0003275341424
296340	0.0003770481959
296341	0.0004284710925
296342	0.001142285025
296343	0.0007344331182
296344	0.0001355252352
296345	0.0004967701946
296346	0.0001946156384
296347	0.001052805499
296348	0.0003487329171
296349	0.0001465123146
296350	1.918844896e-06
296351	0.000928976856
296352	0.001075869854
296353	0.0008584030529
296354	0.002941398614
296355	0.0008940461536
296356	0.0003638568657
296357	0.001135364863
296358	0.001139463432
296359	0.002183780579
296360	7.691174078e-05
296361	0.0007276464444
296362	0.000722301415
296363	0.000885074261
296364	0.001834465037
296365	0.0008718153418
296366	0.0003084440165
296367	0.001005296521
296368	0.0007103388584
296369	0.0001551365219
296370	0.0007417295809
296371	0.0005152962697
296372	9.782396812e-06
296373	0.0005737109956
296374	0.0004138427003
296375	0.001500767499
296376	0.0001545003422
296377	9.28390874e-05
296378	0.0005433631862
296379	0.000117217964
296380	0.0004569728037
296381	0.0005927182205
296382	0.0009015599188
296383	0.00132178641
296384	0.00117719259
296385	0.001268483025
296386	0.0004252910346
296387	0.0007934553814
296388	0.0002944541429
296389	0.0005283518309
296390	0.0002688239597
296391	0.00106324288
296392	0.001563134943
296393	0.0006666688571
296394	0.0002338135636
296395	0.0009478207608
296396	0.0003899511693
296397	0.0009107075506
296398	0.0004723820942
296399	0.0006888175302
296400	0.00168969783
296401	0.0009617870883
296402	0.001167503178
296403	0.0007016619622
296404	0.0004257021035
296405	0.0005679282118
296406	0.0004034948067
296407	0.000234435698
296408	0.0002532321558
296409	0.0005382936151
296410	0.0004345909699
296411	0.0002862616161
296412	0.0007619129401
296413	0.0008614817496
296414	0.001543387761
296415	0.0002622641013
296416	0.002134142007
296417	0.001967423757
296418	0.0003141478348
296419	0.001144823214
296420	0.0004470965945
296421	0.0001125213563
296422	0.0005033214062
296423	0.001784718031
296424	0.002192809682
296425	0.000625683052
296426	0.0009068153318
296427	0.002257171475
296428	0.0003155995052
296429	0.001325091183
296430	0.0002074033178
296431	2.029223291e-05
296432	0.002072496198
296433	0.0004880795672
296434	2.429634542e-05
296435	6.321277661e-05
296436	7.311038868e-05
296437	5.703017462e-05
296438	0.001473310561
296439	0.001883862965
296440	0.0001512062601
296441	0.001614906231
296442	8.881129569e-06
296443	0.001465627377
296444	0.0009912561066
296445	0.0003059494759
296446	0.001491517467
296447	0.0008323118518
296448	0.0001315649539
296449	0.0009269457562
296450	0.0001256649121
296451	0.001395919567
296452	0.001339371704
296453	0.0004138844976
296454	0.0001946700977
296455	0.001151175168
296456	0.0001116797065
296457	0.000561759902
296458	0.001253318669
296459	0.0019163658
296460	0.0005787094988
296461	0.0005202374213
296462	0.0001910104116
296463	0.0008957684952
296464	0.0009544141922
296465	0.0007523599368
296466	0.002545053097
296467	0.0001662734684
296468	0.0002151667283
296469	0.001134502551
296470	0.0009236759127
296471	0.0001783837527
296472	0.002952995365
296473	0.001912000273
296474	0.0006741757677
296475	1.410313441e-05
296476	0.0003876451035
296477	0.000475094558
296478	0.00183211592
296479	0.0008404994826
296480	0.001106022894
296481	9.639768609e-05
296482	0.0001347908126
296483	0.0004445925793
296484	9.345977852e-06
296485	0.0006983727223
296486	0.001010841314
296487	0.0001048438505
296488	0.001880495596
296489	0.002082794737
296490	0.0001420210164
296491	0.0002293318139
296492	0.001097150154
296493	0.0002230500668
296494	4.75480587e-05
296495	0.0004665894261
296496	0.001155487784
296497	0.0002950371437
296498	0.0006834815915
296499	0.001168825537
296500	0.001322787198
296501	0.001023016294
296502	3.525285542e-05
296503	0.0003865676431
296504	7.27330206e-05
296505	0.002203525359
296506	0.0002223301949
296507	0.0005537915169
296508	9.394411436e-05
296509	0.001093296462
296510	0.001190767786
296511	1.585371844e-05
296512	0.0005343635851
296513	0.002493896105
296514	0.00047008163
296515	0.0002052313454
296516	0.0002426216648
296517	0.001573311887
296518	0.0002831810564
296519	1.348618486e-05
296520	0.0004113492184
296521	1.677473229e-05
296522	0.0001007429071
296523	0.00125901531
296524	0.001566713688
296525	0.0003377686542
296526	0.001081191851
296527	0.002564216218
296528	7.135990143e-05
296529	0.0006412575843
296530	0.001995566302
296531	0.0004277122613
296532	0.0006150074348
296533	8.273348166e-05
296534	0.000382944979
296535	0.000840291986
296536	0.0005216036325
296537	0.0001165421143
296538	0.0005536391354
296539	0.000279218607
296540	0.001832047029
296541	0.000786530056
296542	0.0002136242035
296543	0.0001047339671
296544	0.001190652222
296545	4.95812457e-06
296546	0.0004355463717
296547	8.166189564e-05
296548	0.002495933042
296549	0.0007449064427
296550	0.001411140724
296551	0.0002615726192
296552	4.482267416e-06
296553	0.0008668901383
296554	0.001488127712
296555	0.0004791369506
296556	0.0003478493138
296557	0.001568159911
296558	0.001066518398
296559	0.0002115794502
296560	0.001074662343
296561	0.001608674274
296562	0.001668813336
296563	0.0008498511103
296564	0.001626147265
296565	0.0009832720315
296566	0.002922107344
296567	0.001742612629
296568	0.0002613667955
296569	0.001145181693
296570	3.843597216e-06
296571	0.0006827624989
296572	0.000420399025
296573	0.0006220395286
296574	0.000610464522
296575	5.996945126e-05
296576	0.001202870547
296577	0.00144979465
296578	0.0007226982515
296579	0.001413714662
296580	0.002332438551
296581	0.0005259995129
296582	0.0004814672213
296583	0.000232332032
296584	0.001582597739
296585	0.001285500876
296586	0.001156928248
296587	1.003785964e-05
296588	0.0007997576803
296589	0.0005736464468
296590	2.135649085e-07
296591	0.001112358812
296592	0.0002923009681
296593	0.001966006296
296594	8.803236572e-06
296595	4.001892238e-05
296596	0.00165705531
296597	0.0006460784489
296598	0.0009494433156
296599	0.0001242082294
296600	0.0002132143103
296601	0.0009173972342
296602	0.0005246418167
296603	0.0003597290137
296604	0.0005325908193
296605	0.0002153295676
296606	0.0001975682821
296607	0.0002324967444
296608	0.001433789434
296609	0.0001533715499
296610	0.0002051835375
296611	0.001789520142
296612	0.001089046318
296613	0.0003608021283
296614	0.0003949074182
296615	0.0001688374041
296616	0.0007481654273
296617	0.000276753253
296618	0.0002299591175
296619	0.0003428394355
296620	0.0008264835785
296621	0.0004655551721
296622	0.0027323041
296623	0.002095974854
296624	0.0003610020334
296625	0.0004487095697
296626	0.0005724318227
296627	4.387216676e-05
296628	0.001891329398
296629	0.0008841348924
296630	0.001018860633
296631	0.0006869546667
296632	0.001100418969
296633	1.514006271e-05
296634	0.00118061535
296635	0.0006587653101
296636	0.0003426673938
296637	0.0004379937876
296638	0.0001649616229
296639	0.0011560145
296640	0.0001922342418
296641	0.0002229556869
296642	0.0005963007805
296643	0.001061633419
296644	7.959291232e-05
296645	0.0009922885208
296646	0.0007791489207
296647	0.0001594958904
296648	0.000459652512
296649	0.0009496937312
296650	0.0002775875049
296651	0.0003312038113
296652	0.002068194754
296653	0.0005240211771
296654	0.000120996146
296655	0.000192561723
296656	0.0008786831086
296657	0.00195564702
296658	0.0002760134151
296659	0.0001312705293
296660	0.0002306557011
296661	0.001035422854
296662	0.001735168574
296663	0.000243128761
296664	0.0001656285042
296665	0.0011529034
296666	0.0003009499504
296667	0.0001727588255
296668	0.001900675803
296669	0.002323454911
296670	0.00138003434
296671	0.0004161860495
296672	0.0005106472041
296673	0.0003612104324
296674	0.0008964065788
296675	0.001741498548
296676	0.0001368130415
296677	0.0004537434508
296678	0.0003760692052
296679	0.0008487741922
296680	0.0009811911949
296681	0.0002518936473
296682	1.21395037e-05
296683	0.001054809908
296684	6.783247778e-05
296685	0.002113376934
296686	0.0005770688319
296687	0.001128951593
296688	0.0008925625055
296689	0.0001137937957
296690	0.002830755056
296691	0.0004889153102
296692	0.0009468217155
296693	0.0005297174397
296694	0.0009842386917
296695	0.0001162926921
296696	8.997913432e-05
296697	0.001131164366
296698	0.0009320493088
296699	0.0006123881244
296700	0.001549950378
296701	0.001377351716
296702	0.0002391415693
296703	0.001137137496
296704	0.0007697411584
296705	0.0005220662841
296706	0.0007461740981
296707	0.000195640822
296708	0.000689549622
296709	0.001004355118
296710	7.088580996e-05
296711	0.0004120282884
296712	5.781871629e-05
296713	0.001501796063
296714	0.0004616278912
296715	0.0002154011688
296716	4.849621077e-05
296717	0.0003022410013
296718	0.0003893977218
296719	0.0004516542183
296720	0.00360177558
296721	0.0005030435417
296722	0.00103331553
296723	4.341728416e-05
296724	0.0008228251544
296725	0.0002247390485
296726	0.0007648865521
296727	0.0005125287629
296728	0.00134097029
296729	0.000467704698
296730	0.0004387631822
296731	0.001401205311
296732	0.002056606127
296733	0.002151347406
296734	0.0008410204425
296735	8.738871102e-05
296736	0.002034727858
296737	0.001641061419
296738	8.006939079e-05
296739	0.0007487023054
296740	0.001616147796
296741	2.459448103e-06
296742	0.0006516771349
296743	0.0005859607407
296744	0.0005308805
296745	0.001569054348
296746	0.00146285223
296747	0.0006972324545
296748	0.001162170676
296749	0.0006029666139
296750	0.0002603966949
296751	0.0004598411634
296752	0.002805248356
296753	0.00017254418
296754	0.0003946553299
296755	0.001431199673
296756	0.0004583897609
296757	0.001457917867
296758	2.428172271e-05
296759	0.001017137313
296760	0.002707685749
296761	0.0007047861182
296762	0.0003571920176
296763	0.0005928165995
296764	0.0008775699931
296765	0.001200484974
296766	0.000174257603
296767	0.0001047339671
296768	0.00105209773
296769	0.0006286443297
296770	0.0006017219976
296771	0.001224403804
296772	0.001310868998
296773	0.0003143394316
296774	0.001073369007
296775	0.0001405737345
296776	0.001172848081
296777	0.0007704521121
296778	0.0006505550434
296779	0.001071564007
296780	0.0005426061318
296781	0.002329831783
296782	0.001607557135
296783	0.001226390112
296784	0.00112824926
296785	0.001670482398
296786	0.0004036555366
296787	0.001274156601
296788	0.0001284166313
296789	0.001010670588
296790	0.000361803982
296791	0.0005718811286
296792	0.001970813979
296793	0.0004166211316
296794	0.000133331517
296795	0.0004112580004
296796	0.0002363469851
296797	0.0003211377445
296798	0.0001942777879
296799	0.0005681939047
296800	0.001631424847
296801	0.0005113251447
296802	0.0003435336044
296803	0.0002335715428
296804	0.0006951664574
296805	0.0003518426697
296806	0.001059690231
296807	0.0004735906681
296808	0.002702685455
296809	0.0004345411342
296810	0.0008941521062
296811	0.001005196892
296812	0.0005680036256
296813	2.17835753e-05
296814	0.0009322833179
296815	0.0005227165599
296816	0.001088159537
296817	7.000801009e-05
296818	0.0001920756259
296819	9.424731763e-05
296820	0.0008363559733
296821	0.001670786142
296822	0.002180680281
296823	0.0004331482081
296824	0.0007244724632
296825	0.0003761030437
296826	0.0001667818823
296827	0.001483128703
296828	0.0004565728011
296829	5.854586063e-05
296830	0.001268241816
296831	0.0003568708057
296832	0.002154792863
296833	0.0001119496062
296834	0.0001258862911
296835	0.001063791767
296836	0.00127752599
296837	4.505203618e-05
296838	0.0002309025337
296839	0.002524060822
296840	0.001339366721
296841	0.000575234891
296842	0.0006052734805
296843	0.001032665016
296844	0.0004684651684
296845	0.001975214741
296846	0.001713559002
296847	0.0001333914406
296848	0.001665065825
296849	0.0001023336164
296850	0.0001205876851
296851	0.0009226885304
296852	0.00049295731
296853	0.000296387472
296854	0.001946232068
296855	0.0005421094985
296856	0.0002428957061
296857	0.0002622501997
296858	0.0007935283984
296859	0.0004411551612
296860	0.001227977245
296861	0.0002310424068
296862	0.0002744814413
296863	0.0008925266916
296864	0.0002381473982
296865	0.0002554887359
296866	0.0003744319888
296867	0.001615500121
296868	0.0001182194164
296869	0.0007928232541
296870	0.002565694979
296871	0.0007537170252
296872	0.0008544919998
296873	0.001544487963
296874	0.00166392688
296875	0.0006901961159
296876	0.0005745212878
296877	0.0001527862718
296878	0.0003680192547
296879	0.0004081056285
296880	0.001363973843
296881	0.002006591551
296882	0.0007964569223
296883	0.00218768339
296884	4.021760487e-06
296885	0.000224610336
296886	0.002414775841
296887	0.0005571249732
296888	0.0008656329256
296889	0.0009911935535
296890	0.0005661362134
296891	0.0002374874359
296892	0.0006644251974
296893	0.0003661828796
296894	0.0008605051054
296895	0.0005744845853
296896	0.0009573177509
296897	0.002337579191
296898	0.0002035220665
296899	0.0007689590668
296900	0.0001072695471
296901	0.0004411781676
296902	0.0009237927992
296903	6.359474546e-05
296904	0.0005011425879
296905	0.0003358859395
296906	0.0007374915861
296907	0.0006047996482
296908	0.0007468247585
296909	0.0009473255607
296910	0.001245077235
296911	0.0008799869091
296912	0.0001549343153
296913	0.0001402632067
296914	0.0007587995088
296915	0.0008605617273
296916	0.0007887416366
296917	0.0004596907579
296918	0.001220772998
296919	0.00114822825
296920	0.001213852212
296921	0.0002893434585
296922	0.0002617186101
296923	0.00085605629
296924	0.001818478407
296925	0.0005110327854
296926	0.0003659825611
296927	0.0001089583458
296928	0.0001541030121
296929	0.0002661442443
296930	0.002416771966
296931	0.002724526803
296932	6.188335998e-05
296933	0.000203769189
296934	0.001236904841
296935	0.001728724158
296936	0.0003128102363
296937	0.0004327869086
296938	0.0008827128264
296939	0.0008752035955
296940	0.002834535111
296941	0.000176806307
296942	0.0005051867328
296943	0.0004744942824
296944	0.003315740176
296945	0.0006876611558
296946	5.753504021e-05
296947	0.000414313771
296948	0.0007265362117
296949	0.0009276514612
296950	0.001199465887
296951	9.325516222e-05
296952	4.534694215e-05
296953	0.00184266414
296954	0.0007339416194
296955	0.001442295381
296956	0.001103454691
296957	0.001159481372
296958	0.00178383041
296959	0.0008821674483
296960	0.001576709156
296961	0.0009405380134
296962	0.002189204824
296963	0.0003618506553
296964	9.661676709e-05
296965	0.0008150747875
296966	0.0005554317796
296967	0.0003291764926
296968	0.001973318164
296969	0.0007691081012
296970	0.0004501628228
296971	0.0006475082252
296972	0.000885934228
296973	0.0007505942836
296974	0.0009575912646
296975	0.0002633319379
296976	0.0003799362927
296977	0.0004372077411
296978	0.001303650295
296979	0.0003769078911
296980	0.001770399409
296981	0.0004570119226
296982	0.0009681595097
296983	0.001565523554
296984	0.0005296442251
296985	0.0002477984439
296986	0.001209622322
296987	0.001145169036
296988	0.001025557886
296989	0.0009728131027
296990	0.001275927542
296991	0.001206923879
296992	0.001832001082
296993	0.0002148642653
296994	0.001453747126
296995	0.0008148827673
296996	0.0009565541548
296997	1.944456984e-05
296998	0.0002383298951
296999	0.0005776118183
297000	0.0003778448246
297001	7.736165662e-06
297002	0.0003261237647
297003	0.001222769168
297004	0.001700080963
297005	0.001372446833
297006	0.0006588682491
297007	7.554771879e-05
297008	0.0007411970655
297009	2.018418216e-05
297010	0.0005230345214
297011	0.0005657110088
297012	2.051382291e-05
297013	0.001396593138
297014	0.001282109025
297015	0.001911470056
297016	9.998959262e-05
297017	0.001582096507
297018	0.0004277824897
297019	0.0003122859716
297020	0.001546459674
297021	0.002183586725
297022	0.002043412642
297023	0.0008431200977
297024	0.0007624539847
297025	0.0005295770083
297026	0.001467832739
297027	0.0003835705692
297028	0.0003571824163
297029	0.001552675029
297030	0.0001875491843
297031	5.329891957e-05
297032	0.0008132227838
297033	0.00040620888
297034	0.0002745358433
297035	0.001037605686
297036	0.0005187951965
297037	0.0006710403055
297038	0.0004565601311
297039	0.002175992786
297040	0.0001679963656
297041	0.002095292968
297042	0.0009595530446
297043	7.312214999e-05
297044	0.001829601789
297045	0.001316935797
297046	5.974967424e-05
297047	0.0004745918687
297048	0.0001185233108
297049	0.001762104548
297050	0.000262356368
297051	0.001285522879
297052	0.0001225289116
297053	0.002699291968
297054	0.001969799538
297055	0.0006871389856
297056	0.0001047339671
297057	0.000625927261
297058	0.002800664423
297059	0.001183990945
297060	0.0003761753843
297061	0.0006364769858
297062	0.001012460748
297063	0.0004096483926
297064	0.0008156803059
297065	0.001317891204
297066	0.0003039191121
297067	0.002916028657
297068	0.001695750839
297069	0.0009072163571
297070	0.001625887181
297071	0.001394525152
297072	0.0001744263387
297073	0.0006755091352
297074	6.867799806e-05
297075	0.001941420006
297076	0.00120188397
297077	0.0002100318844
297078	0.0018208456
297079	0.0005418079407
297080	0.0006331690439
297081	0.0005053884289
297082	0.0002637345794
297083	9.693193244e-05
297084	0.00140630624
297085	0.0001133485694
297086	0.001431653401
297087	0.0009895527851
297088	0.0009920498817
297089	0.0002257971193
297090	0.0007478229488
297091	0.001818939514
297092	0.0004584204934
297093	0.001249958285
297094	0.0007929640221
297095	0.001984261352
297096	0.001281855701
297097	0.00179848215
297098	3.753328542e-05
297099	0.0008485445739
297100	0.0008516519656
297101	0.0001083483886
297102	5.240434902e-05
297103	0.005321998267
297104	0.0007045287231
297105	0.0001210956934
297106	0.0003311834813
297107	9.364361319e-06
297108	0.001337673107
297109	0.0007449745785
297110	0.0003240183339
297111	0.0003567160773
297112	0.002004426278
297113	0.001024043846
297114	0.0003539706506
297115	1.924694707e-05
297116	8.716484147e-05
297117	0.002034714538
297118	0.0005950745856
297119	0.0005400200078
297120	0.0005125080829
297121	6.073709331e-05
297122	0.001167557662
297123	0.001062471112
297124	0.0003120077547
297125	0.001165292983
297126	0.0002377165978
297127	0.0005885111764
297128	0.001102215326
297129	0.002240031146
297130	0.0003766494037
297131	0.0007581006382
297132	0.0006028439935
297133	0.000739923758
297134	0.0009448668792
297135	0.0004978112798
297136	0.0001572485458
297137	0.001650993329
297138	0.000497695809
297139	0.00174810666
297140	3.92304216e-05
297141	0.001596262041
297142	0.002117363775
297143	0.0008618239694
297144	0.001167678439
297145	0.0001316870198
297146	0.0001049688961
297147	5.493029257e-05
297148	0.0008055178781
297149	0.000237637748
297150	0.0005579313056
297151	0.0004538381535
297152	0.0003935854396
297153	1.057930469e-05
297154	0.0003670016298
297155	0.001465430145
297156	0.0003219192737
297157	0.004929787047
297158	0.000427401437
297159	3.266037291e-05
297160	0.001980307369
297161	0.001306911976
297162	0.0003704454929
297163	0.0006151523462
297164	0.0003334662602
297165	0.0005605719697
297166	0.001526529724
297167	0.002302025833
297168	0.0001831994302
297169	0.0009154403105
297170	0.001394321858
297171	0.0004521422471
297172	0.0002553790873
297173	0.001163115981
297174	0.00178854949
297175	0.001389258879
297176	0.000130938975
297177	0.0003512981386
297178	0.001808970357
297179	0.0001221625693
297180	0.002031524737
297181	0.0003147393386
297182	0.001531869011
297183	0.001106057899
297184	0.001006976383
297185	0.001048823408
297186	0.0007559987595
297187	0.00103910443
297188	0.0002356839894
297189	9.008245971e-05
297190	0.0005488818963
297191	0.0002145547003
297192	0.001097133887
297193	0.0005328351714
297194	0.0001362291399
297195	0.0004199781926
297196	0.003630546304
297197	0.001006808877
297198	0.001035358154
297199	0.001503736714
297200	0.0007704038566
297201	0.0006113317322
297202	0.0008839965498
297203	0.0002539035262
297204	0.0004888030005
297205	0.0005654359529
297206	0.0008247297302
297207	0.0003312447906
297208	0.002063245534
297209	0.003063712539
297210	0.002576672656
297211	0.0006146376048
297212	0.0001393805147
297213	0.0009931785195
297214	0.001006464492
297215	0.001140004721
297216	0.0001565740142
297217	0.0007876738565
297218	0.0002699183749
297219	0.002568881495
297220	0.0008499059622
297221	0.001155424204
297222	0.0001282153621
297223	0.0004027575978
297224	0.0008458351229
297225	0.0009336485513
297226	0.0008765022476
297227	0.001531372884
297228	0.001143015235
297229	0.0005304367501
297230	0.0001212954313
297231	0.0003255057197
297232	0.0002477638798
297233	0.001485535281
297234	0.001819518583
297235	0.0004665675614
297236	0.001893722682
297237	0.0002444400302
297238	0.001588649733
297239	0.002043148249
297240	0.0009198669503
297241	0.0007357013575
297242	0.0003796820678
297243	0.0008052975623
297244	0.001524747504
297245	0.0007154583192
297246	0.001015863212
297247	3.875931165e-05
297248	0.001234222627
297249	0.0003892176336
297250	0.0007421143075
297251	0.00101674181
297252	0.001724123478
297253	0.001640175722
297254	0.00055107471
297255	0.0008190017065
297256	0.0001523824422
297257	0.001215536536
297258	0.002394038045
297259	0.0001538957018
297260	0.0005011035114
297261	0.0001226956092
297262	0.0001536731476
297263	0.0001536005945
297264	0.00145525023
297265	0.0003618384789
297266	0.0006351377612
297267	0.0006300491851
297268	0.0004258201741
297269	9.364544866e-05
297270	0.001879619622
297271	0.0002445946652
297272	0.0001007786132
297273	0.001352512416
297274	0.0008610608854
297275	0.000658929304
297276	0.002589174866
297277	0.001647668294
297278	0.001278078726
297279	0.0001628419829
297280	0.0004621876502
297281	0.0004325408969
297282	0.001004119042
297283	0.0007482611728
297284	0.0002413393882
297285	0.000254139236
297286	0.001017848299
297287	0.0007290185161
297288	2.436388643e-05
297289	0.0004247010135
297290	0.000578333853
297291	0.0006453806211
297292	0.000120366641
297293	0.0002328797261
297294	0.000926676241
297295	0.001708074009
297296	0.00107019167
297297	0.001387232641
297298	4.144562379e-07
297299	0.001115893441
297300	9.661369709e-05
297301	0.0003122434271
297302	0.0003682434608
297303	4.104639651e-06
297304	0.001019525924
297305	0.002104693159
297306	0.001089533472
297307	0.001819456306
297308	0.002080070698
297309	0.0004593400705
297310	0.0005994820839
297311	0.0001791038838
297312	0.0002232886764
297313	0.001252410666
297314	0.0001672790426
297315	0.001778758002
297316	0.0001685725529
297317	0.0001754243367
297318	0.0006557762859
297319	0.0003820562252
297320	0.001521824548
297321	0.0005637461173
297322	0.0001749631603
297323	9.951531318e-05
297324	0.0009682084075
297325	1.780626789e-07
297326	0.0001401961641
297327	0.001035853781
297328	0.001484165836
297329	0.0002527398948
297330	0.0007557901105
297331	7.289518839e-05
297332	0.001807063175
297333	0.001559889609
297334	9.659220709e-05
297335	0.001092759395
297336	0.0002671338687
297337	0.0002119594704
297338	0.0005539908702
297339	0.0007837962484
297340	0.001065811926
297341	7.478336738e-05
297342	0.0005188785356
297343	0.001514968816
297344	0.0001111507476
297345	0.001488669091
297346	0.0009078387069
297347	0.0002675940523
297348	8.45867652e-05
297349	0.0007721448711
297350	5.050339978e-05
297351	0.0007844833927
297352	0.0002294491845
297353	0.000548028337
297354	0.0004004426452
297355	4.171943244e-05
297356	0.00193102084
297357	0.001471121285
297358	0.001218006471
297359	0.0001575166871
297360	0.0001017296188
297361	0.0005172788957
297362	0.0001858382673
297363	0.002016063252
297364	0.002105129114
297365	0.0005468822904
297366	0.002201544881
297367	0.0001396700529
297368	0.002330190911
297369	0.0009515738877
297370	0.0001175532725
297371	0.003220485857
297372	0.003219236937
297373	6.350867067e-05
297374	0.002212134337
297375	0.001451427935
297376	0.004156093786
297377	0.001699034903
297378	0.002378839689
297379	0.004012896249
297380	0.004499127518
297381	0.00317344316
297382	0.0001419584374
297383	0.0002440048705
297384	0.005527489802
297385	0.005468157692
297386	0.002468176436
297387	0.001291611216
297388	0.001904971771
297389	0.003056188514
297390	0.003047682146
297391	0.005321176509
297392	0.000325010557
297393	0.001093673632
297394	0.007498763101
297395	0.0003779477206
297396	0.002384153191
297397	0.00289962655
297398	0.004755623882
297399	0.002084858396
297400	4.300340209e-05
297401	0.004681860506
297402	0.004311620231
297403	0.003071473746
297404	0.004730976502
297405	0.0006505721544
297406	0.0005928361758
297407	0.002885863866
297408	0.0002391366133
297409	0.004018479173
297410	0.0003229842416
297411	0.001287291456
297412	0.004939589823
297413	0.003207437754
297414	0.0008161117307
297415	0.003766779777
297416	0.00308648508
297417	0.0002992315687
297418	0.003325115579
297419	0.0020560193
297420	0.002966837269
297421	0.00629978927
297422	0.003641075881
297423	0.001809373709
297424	0.004830250476
297425	0.005973987202
297426	0.002587434411
297427	0.0005452043349
297428	0.002969415105
297429	0.002497341318
297430	0.001003840759
297431	0.003292673486
297432	0.001991682558
297433	0.0004145865951
297434	0.002844617477
297435	0.00161021199
297436	0.001374149944
297437	0.0002233714368
297438	0.006150883183
297439	0.003820634976
297440	0.000239325709
297441	0.0002424189629
297442	0.0003058617288
297443	0.0002888610121
297444	0.001442933747
297445	0.00341665008
297446	0.003276939456
297447	0.0002438410909
297448	0.002355379157
297449	0.00245807837
297450	0.001714320132
297451	0.0003924943185
297452	0.001638089223
297453	0.004543687806
297454	0.004909723826
297455	0.002186771895
297456	0.003194317133
297457	0.001470262827
297458	0.001748290299
297459	0.002835899881
297460	3.42722066e-05
297461	0.001468565912
297462	0.00113304695
297463	0.003400403116
297464	0.0006678048056
297465	0.00333583013
297466	0.002282792197
297467	0.003016321307
297468	0.001261177017
297469	0.001600554193
297470	0.003539162499
297471	0.002728060979
297472	0.00290856505
297473	0.0008627869469
297474	0.001879840869
297475	0.0006374144331
297476	0.001114398449
297477	0.0005916406792
297478	0.001659961552
297479	0.0003931476724
297480	0.001767141315
297481	0.0005106031392
297482	0.002008570837
297483	0.0005185705378
297484	0.003167069396
297485	0.00635094575
297486	0.001325435926
297487	0.003659951333
297488	0.0009578748956
297489	8.72077515e-05
297490	0.0008746836387
297491	0.00379681634
297492	0.003400817556
297493	0.002853524016
297494	0.003356985935
297495	0.0006234050507
297496	0.0003825479234
297497	0.0004426442115
297498	0.004118147123
297499	0.004467087551
297500	0.0001673808752
297501	0.008416971057
297502	0.00259031153
297503	0.000306627896
297504	3.161955192e-05
297505	0.001549081907
297506	0.004910302214
297507	0.001281604636
297508	0.003220588346
297509	0.0009466070126
297510	0.002446298398
297511	0.01011910921
297512	0.004410375492
297513	0.004524262881
297514	0.002381741562
297515	0.003137860996
297516	0.004405452511
297517	0.001665434548
297518	0.0004172011126
297519	0.002485843494
297520	0.005203141876
297521	0.001212928546
297522	0.0001524936077
297523	0.003044715076
297524	0.001753064862
297525	0.003653064392
297526	2.98005259e-05
297527	2.233834624e-05
297528	0.002231605857
297529	0.0001435208759
297530	0.001231164125
297531	0.0005160362322
297532	0.004346632681
297533	0.002862934971
297534	0.00279310548
297535	0.0004762196733
297536	0.004307111036
297537	0.00101082763
297538	1.424904252e-05
297539	0.002280529403
297540	0.0002757944765
297541	0.004561305466
297542	0.002803661612
297543	0.001060196918
297544	0.003247735792
297545	0.002375689995
297546	0.001350835903
297547	0.0005214225587
297548	0.001633330886
297549	0.001229188643
297550	0.00397228448
297551	0.001725177871
297552	0.003541826345
297553	0.0009191612778
297554	0.003656201852
297555	0.002681575875
297556	0.00472223074
297557	0.003029791774
297558	0.001563802554
297559	0.002697496016
297560	0.0008923121262
297561	0.00136547644
297562	0.00222354476
297563	0.001031215526
297564	0.003388663161
297565	0.001128682199
297566	0.003236680445
297567	0.007029081471
297568	0.004127852492
297569	0.002773690181
297570	0.003034374439
297571	0.001895572019
297572	0.0004336309912
297573	0.001385973729
297574	0.002810254998
297575	0.002124855334
297576	0.00313635431
297577	0.003055301033
297578	0.0005992456687
297579	0.0003629647437
297580	0.001025686104
297581	0.0001188707337
297582	0.00303928488
297583	0.000130822176
297584	0.001430822254
297585	0.003335270411
297586	0.001560343841
297587	0.005537705623
297588	0.001863670009
297589	0.002822715364
297590	0.001830174142
297591	0.003749527565
297592	0.0006957449159
297593	0.001602579889
297594	0.00105958841
297595	0.001060949103
297596	0.004253596833
297597	0.003175472533
297598	0.002936008048
297599	0.004294331596
297600	0.002714336869
297601	0.001507956786
297602	0.0007208306588
297603	0.002704540008
297604	0.00149528833
297605	0.001173762547
297606	0.002605055691
297607	0.001579122111
297608	0.004507549154
297609	0.001187650882
297610	0.003074384877
297611	0.001866795322
297612	0.0008664006455
297613	0.003159239888
297614	0.001520778789
297615	0.001962949212
297616	0.002868255882
297617	0.003110761427
297618	0.0033565443
297619	0.001931619981
297620	0.002599707868
297621	0.003539017704
297622	0.00118901406
297623	0.005312994633
297624	0.002927101652
297625	0.001968320814
297626	0.002045149522
297627	0.003782662059
297628	0.001969606055
297629	0.00340369936
297630	0.001399629266
297631	0.003293866882
297632	0.004380613172
297633	0.0001956459507
297634	0.000220206314
297635	0.0004335124689
297636	0.00249701702
297637	0.0008901190305
297638	0.006118991419
297639	0.0003182590434
297640	0.001815263998
297641	0.001389421445
297642	0.003288039746
297643	0.003749724363
297644	0.001049478044
297645	0.002988454131
297646	0.00129943001
297647	0.002384048911
297648	0.001080170744
297649	0.001422669424
297650	1.20164145e-05
297651	0.004406507067
297652	0.0004886400418
297653	0.001489028202
297654	0.001343647238
297655	0.001520111333
297656	0.001135406394
297657	0.002289141813
297658	4.070854992e-05
297659	0.002070890708
297660	0.0001330202518
297661	0.0003796626494
297662	0.002435357707
297663	0.0005769747084
297664	0.002386058963
297665	0.0002045036911
297666	0.003021806579
297667	0.000220900423
297668	0.005953352827
297669	0.000126254626
297670	0.003079586896
297671	0.0005929776625
297672	0.004842368905
297673	0.004885672824
297674	0.001019379502
297675	0.001453669323
297676	0.00239854077
297677	0.003880354462
297678	0.001212759751
297679	0.002290835752
297680	0.003252000579
297681	0.0005455557479
297682	0.002387839507
297683	0.002964968422
297684	0.003266815698
297685	0.0009803284773
297686	0.005288188613
297687	0.001215540446
297688	0.003429307741
297689	0.004594745675
297690	0.004284807781
297691	0.001351730754
297692	0.002120264169
297693	0.00172991687
297694	0.0007563560881
297695	0.0008324729342
297696	0.0001172778928
297697	0.005775496921
297698	0.002141426636
297699	0.002430392745
297700	0.002765088362
297701	0.001329324776
297702	0.002159128194
297703	0.00438079896
297704	0.002068406922
297705	0.003794918471
297706	0.004605337208
297707	0.001562127563
297708	0.001762694053
297709	0.0005977806918
297710	0.0002593638939
297711	0.001787114401
297712	0.0001598197573
297713	0.001135154766
297714	0.001192378143
297715	0.002020302814
297716	0.001126925807
297717	0.001623215325
297718	0.006048471803
297719	0.005248747509
297720	0.001694342379
297721	3.569969655e-05
297722	0.001251349931
297723	0.002309941661
297724	0.002581032989
297725	1.317496106e-05
297726	0.003847078599
297727	0.0009317695189
297728	0.008587217113
297729	0.001536557633
297730	0.0004618175331
297731	0.002122239915
297732	0.001310899974
297733	0.002399723158
297734	0.002623220297
297735	0.003645875165
297736	0.0006396064379
297737	9.124370308e-05
297738	0.0003694317704
297739	0.001553341114
297740	0.005852290876
297741	0.0002432239434
297742	2.253113737e-05
297743	0.005261216505
297744	0.002046267349
297745	0.0001099171683
297746	0.001117299376
297747	0.00217730629
297748	0.002720916782
297749	0.002386643251
297750	0.001011987528
297751	0.001454872631
297752	0.001758123093
297753	0.0003614872194
297754	0.002798031242
297755	0.000309117111
297756	0.002687950342
297757	0.005905318268
297758	0.003732225127
297759	0.004770179039
297760	0.0007738856946
297761	0.001602992059
297762	0.003444378483
297763	0.004061422981
297764	0.0009262226126
297765	0.001241081707
297766	0.002028854848
297767	0.0007082323063
297768	0.0005265926207
297769	0.002626035367
297770	0.001487125546
297771	0.006437869503
297772	0.001282842011
297773	0.0006852830184
297774	0.003974990686
297775	0.0006795772191
297776	0.001068382352
297777	0.0006763124654
297778	0.002617862105
297779	0.0008700433505
297780	0.003283249094
297781	0.001398068524
297782	0.002002662272
297783	0.005571551049
297784	0.005346318571
297785	0.0008475969927
297786	0.001038683988
297787	0.001891253251
297788	0.000774212817
297789	0.003379551884
297790	0.002350120438
297791	0.0004596918626
297792	0.001590625023
297793	0.001194757371
297794	0.0008863431246
297795	0.001048078331
297796	0.005883382807
297797	0.0002195427554
297798	0.001685004197
297799	0.0009022503729
297800	0.00142950807
297801	0.003533268752
297802	0.004486753586
297803	0.005183649301
297804	0.0008881360786
297805	0.0008497650155
297806	0.0004732824086
297807	0.003062552905
297808	0.000519384562
297809	0.001267536553
297810	0.0001364817266
297811	0.005262051717
297812	0.002612977468
297813	0.002897293133
297814	0.001352205204
297815	0.002886801026
297816	0.00394713679
297817	0.004642723963
297818	0.001532623572
297819	0.002557873494
297820	0.002558004785
297821	0.003456078485
297822	0.001759496174
297823	0.003970201961
297824	0.003767677416
297825	0.004512002059
297826	0.002387003046
297827	0.002664653717
297828	0.0004695892612
297829	0.0009339120753
297830	0.001515778716
297831	0.002523127926
297832	0.001940563653
297833	0.001745811708
297834	0.005746751384
297835	0.0008264945151
297836	0.0004693446674
297837	0.002255380774
297838	0.0004763155032
297839	0.001535807562
297840	0.001692984639
297841	0.0007883670806
297842	6.621269834e-05
297843	0.0004505149587
297844	0.0005315659938
297845	0.001519833455
297846	0.0042022438
297847	0.005480973161
297848	0.003007875747
297849	0.004692107535
297850	0.005731796663
297851	7.110335211e-05
297852	0.002644969567
297853	0.0004622731172
297854	0.001659292079
297855	0.00295502412
297856	0.002984559814
297857	0.001291782741
297858	0.001285074381
297859	0.003706493356
297860	0.0007490672224
297861	0.001080400286
297862	0.002373771487
297863	0.007582000249
297864	0.001116161302
297865	0.002804264687
297866	0.001745815623
297867	0.001288370301
297868	0.0009272688366
297869	0.002927569345
297870	0.002247196152
297871	0.0002032904601
297872	0.0003405465358
297873	0.002220599107
297874	2.236115736e-06
297875	0.001242066687
297876	0.0002488160976
297877	0.001689751999
297878	0.001762733634
297879	0.0001337010448
297880	0.0009257011932
297881	0.001348776616
297882	0.001001961689
297883	0.00329853316
297884	0.001896805853
297885	0.003617906521
297886	0.002193402838
297887	0.0006285801336
297888	0.0004381222639
297889	0.003947521493
297890	0.001385923101
297891	0.0005533601661
297892	0.00322284937
297893	0.003126362258
297894	0.004243884424
297895	0.003776141803
297896	0.0002997011055
297897	0.005039640985
297898	0.003521373766
297899	0.001190459781
297900	0.0003696609081
297901	0.001165137732
297902	0.000266557803
297903	0.002888451092
297904	0.002848424679
297905	0.003179311169
297906	0.002728910679
297907	7.310361491e-05
297908	0.001025413302
297909	0.0001407496083
297910	0.003902409857
297911	0.002594723932
297912	0.003285284707
297913	0.001463701605
297914	0.001107186847
297915	0.001372644335
297916	0.0006956931679
297917	0.004576817215
297918	0.001567790311
297919	0.002213027805
297920	0.000856874104
297921	0.0003955539916
297922	0.0003386893304
297923	0.0006488138429
297924	0.000466666443
297925	2.687378428e-05
297926	0.003089633745
297927	0.001752345161
297928	0.003089169942
297929	0.0004141308299
297930	0.0004752438495
297931	0.0006116279741
297932	0.002371348416
297933	0.005396502125
297934	0.005711434297
297935	0.001596558301
297936	0.0008159803879
297937	0.002587808585
297938	0.00207269001
297939	0.001179395513
297940	0.002173111497
297941	0.002641966215
297942	0.0004105775771
297943	0.00269192084
297944	0.001420226364
297945	6.675110368e-05
297946	0.004344440208
297947	0.00289901131
297948	0.004892692757
297949	0.001785172505
297950	0.0004749164415
297951	0.001823410206
297952	0.004242253029
297953	0.003266459997
297954	0.001847844654
297955	0.004872641874
297956	0.003792187126
297957	0.001614489521
297958	0.001500172173
297959	0.004546919018
297960	0.002352114178
297961	0.005013215042
297962	0.0001137587859
297963	0.003433918151
297964	0.003949635136
297965	0.0009853650946
297966	0.003903296424
297967	4.929988249e-06
297968	0.004352094144
297969	0.001947027168
297970	0.002133515137
297971	0.006386426822
297972	0.00115719328
297973	0.0003769018401
297974	0.001330121696
297975	0.001964329474
297976	0.004413733975
297977	0.002426830453
297978	0.0006276049724
297979	0.0003507303865
297980	0.001741086244
297981	0.003518653075
297982	0.0006792325691
297983	0.001961088136
297984	0.003376695332
297985	0.001200945931
297986	0.000971426331
297987	0.0005485868809
297988	0.003410013553
297989	0.0002418646424
297990	0.004239667045
297991	0.001682053581
297992	0.001070680204
297993	0.0002521692737
297994	0.002428908557
297995	0.002863002231
297996	0.001843927903
297997	0.00055245697
297998	0.0014371915
297999	0.0009517585262
298000	0
298001	0.0004803993896
298002	0.0009045647833
298003	0.002904813651
298004	0.002603869035
298005	0.003646771211
298006	0.002490114486
298007	0.00332245783
298008	0.002466996105
298009	0.002505595231
298010	7.978109168e-05
298011	0.002917621598
298012	0.0003545436162
298013	0.001710709211
298014	0.002947206399
298015	0.00628848826
298016	0.003177985817
298017	0.001149453114
298018	0.001552332731
298019	0.0002698028383
298020	0.003475870637
298021	0.001245179407
298022	0.00371314589
298023	0.002163912814
298024	0.006177637565
298025	0.0004166269052
298026	0.001414910423
298027	0.003278749761
298028	0.0002850856016
298029	0.002501957312
298030	0.0006285004663
298031	0.005983232275
298032	0.0007885061174
298033	0.000513889127
298034	0.006693540829
298035	0.001134728033
298036	0.001859077247
298037	0.0008979179672
298038	0.005342790546
298039	0.002263713001
298040	0.00393642766
298041	0.004119891681
298042	0.0007502240429
298043	0.006897495805
298044	0.001509283177
298045	0.004345333619
298046	0.0003715039266
298047	0.0007437521936
298048	0.003709550842
298049	0.003216538392
298050	0.0008997661934
298051	0.0003401221203
298052	0.0005676857348
298053	0.001470313674
298054	0.001492601979
298055	0.002160927108
298056	0.005315659065
298057	0.0002876767337
298058	0.0007719111977
298059	0.003451579999
298060	0.002902636178
298061	0.002876504425
298062	0.001613342544
298063	0.005102534445
298064	0.001073466383
298065	0.005485521419
298066	0.0005978090271
298067	0.0006137844447
298068	0.0002379814402
298069	0.003816486688
298070	0.0003887184086
298071	0.002950020881
298072	0.001300275285
298073	0.003091320743
298074	0.001694596529
298075	0.00270842327
298076	0.002312986709
298077	0.000492143473
298078	0.001496027236
298079	0.001869781689
298080	0.001758562884
298081	0.0002299194342
298082	0.001308439831
298083	0.003389248021
298084	0.001618810938
298085	0.005130665152
298086	0.004057996828
298087	0.002417294019
298088	0.0006461063776
298089	0.002894094295
298090	0.002081997267
298091	0.00276602457
298092	0.0004642812155
298093	0.006028889199
298094	0.0008850489738
298095	0.001574540397
298096	0.00220702357
298097	6.862112315e-05
298098	0.004782174674
298099	0.001537281383
298100	0.006883687831
298101	0.0044313552
298102	6.046772023e-05
298103	0.003549259777
298104	0.001978333764
298105	0.0001201632592
298106	0.001741948287
298107	0.001478107647
298108	0.002594587927
298109	0.001340834085
298110	0.001568603411
298111	0.0005220959333
298112	0.002651730823
298113	0.001686750756
298114	0.002210250607
298115	0.001729628199
298116	0.0003178664611
298117	1.269304199e-05
298118	0.0001067609755
298119	0.005505803193
298120	0.002326686199
298121	0.004640081223
298122	0.003594961347
298123	0.004635299316
298124	0.0006534449743
298125	0.005315369805
298126	0.0008457541406
298127	0.00083969651
298128	0.001916988581
298129	0.002458725527
298130	0.002495198803
298131	0.002061906262
298132	0.002779032427
298133	0.0005548005666
298134	0.0005371034726
298135	0.0002384100226
298136	0.0007533743422
298137	0.001647694181
298138	0.003017914314
298139	0.003404787893
298140	0.0007031221612
298141	0.0009637075692
298142	0.004768523524
298143	0.0005650637498
298144	0.001869079596
298145	0.001124011798
298146	0.004319045392
298147	0.0002419467064
298148	0.004659946777
298149	0.001153586098
298150	0.002642909343
298151	0.001103954737
298152	0.002859034871
298153	0.0007562414397
298154	0.001644339933
298155	0.003413266436
298156	0.001752379109
298157	0.001616008752
298158	0.003410230978
298159	0.0001241762321
298160	0.003192850978
298161	0.00173694148
298162	4.021760487e-06
298163	0.004040284545
298164	0.003693087666
298165	0.002897942458
298166	0.001662653144
298167	0.003004217927
298168	0.004977652957
298169	0.004398850672
298170	0.001055478993
298171	0.002923401413
298172	0.003091604589
298173	0.003691647879
298174	0.001999327036
298175	0.002889658113
298176	0.001259854391
298177	0.002500250516
298178	0.003786968955
298179	0.001701054972
298180	0.003908765019
298181	0.005946680483
298182	0.006620513471
298183	0.000775671228
298184	0.002451562535
298185	0.00130707596
298186	0.0001347418685
298187	0.001536395762
298188	0.001138382949
298189	2.580430395e-05
298190	0.00605372133
298191	6.778748792e-05
298192	0.002587509099
298193	0.000231336357
298194	0.001700587697
298195	0.005575955495
298196	0.0008617935014
298197	0.002992760812
298198	0.0005195590546
298199	0.00341015845
298200	0.0001528938094
298201	0.00196782988
298202	0.0006855145447
298203	0.0001993540335
298204	0.001972481216
298205	0.0001359129554
298206	0.0007465125834
298207	0.002339982143
298208	0.00424880876
298209	0.0008458766217
298210	0.0006451621432
298211	0.002877182944
298212	0.001704283096
298213	0.000585557847
298214	0.004965891257
298215	0.001297467838
298216	0.001137739981
298217	0.001869795705
298218	0.002357429255
298219	0.003284013958
298220	0.0009754612777
298221	0.003911544947
298222	0.002952963458
298223	5.404401243e-06
298224	0.001099749749
298225	0.002388787386
298226	0.002929445141
298227	0.003544241224
298228	0.002396182391
298229	0.005304232616
298230	0.0001183780498
298231	0.004686369425
298232	0.001239176101
298233	0.001293309006
298234	0.001084424417
298235	0.003999627054
298236	3.02834094e-05
298237	0.0003543810892
298238	0.002413362481
298239	0.0003691570862
298240	0.00321646569
298241	0.00374385913
298242	0.001140382907
298243	0.001727254346
298244	0.002792028716
298245	0.005362621597
298246	0.0007116893676
298247	0.004416584273
298248	0.002127542328
298249	0.001022768393
298250	0.002627098369
298251	0.0005615878449
298252	0.003850084211
298253	0.004147266022
298254	0.001066658627
298255	0.001748781865
298256	0.003556445908
298257	0.000237966763
298258	0.002529917349
298259	0.001722348634
298260	0.00185212271
298261	0.001420407921
298262	0.004495579442
298263	0.0008567896299
298264	0.006063868493
298265	0.004642335279
298266	0.002302385852
298267	0.001251711138
298268	0.003472744608
298269	0.003336395246
298270	0.0004742482019
298271	0.003301014607
298272	0.005123834679
298273	0.003901346185
298274	0.001362374407
298275	0.004200927223
298276	0.002554292386
298277	0.0007037227593
298278	0
298279	0.0009091694523
298280	0.003132488532
298281	0.002532489414
298282	3.662152111e-05
298283	0.002787839116
298284	0.005326203286
298285	0.000607216732
298286	0.001081445012
298287	0.001553492201
298288	0.002585491642
298289	0.00052024731
298290	0.0002377081049
298291	0.008389821714
298292	0
298293	0.004602368733
298294	0.003293150416
298295	0.001957569112
298296	0.002278894685
298297	0.003775827124
298298	0.0008436144939
298299	0.0009710186589
298300	0.004755059563
298301	0.002077156215
298302	0.0005390666424
298303	0.0002526883479
298304	0.001186002606
298305	0.002059878774
298306	0.0003833585904
298307	0.0001207601351
298308	0.001938200302
298309	0.001238069071
298310	0.002186542806
298311	0.001753783679
298312	0.003851265019
298313	0.004711542365
298314	0.0004990406658
298315	0.002655488947
298316	0.006235792349
298317	0.001635849818
298318	0.002832162335
298319	0.0008428581465
298320	0.002110571692
298321	0.0009648611914
298322	0.003201119954
298323	0.0006531853958
298324	0.00233375795
298325	0.001509384384
298326	0.0005685274155
298327	0.0001868336742
298328	0.001640136703
298329	0.001867797595
298330	0.003553830816
298331	0.001381718137
298332	0.001556823835
298333	0.001704910167
298334	0.003227662533
298335	0.0006954678839
298336	0.001084642289
298337	0.003825571817
298338	0.002232688914
298339	0.001914148389
298340	0.001695986958
298341	0.0009799263414
298342	0.004482313314
298343	0.0002336158409
298344	0.0004533214763
298345	0.005621229292
298346	0.003769215018
298347	0.001834603191
298348	0.004411463478
298349	0.00512463496
298350	0.003979800064
298351	0.000260673679
298352	0.004842457309
298353	0.004900215966
298354	0.004918935726
298355	0.003351532159
298356	0.0006517955246
298357	0.0007418105347
298358	0.004958075065
298359	0.0001328702557
298360	0.002856026273
298361	0.00199112341
298362	0.003160972646
298363	0.004125290471
298364	1.896205034e-05
298365	0.001014543438
298366	0.004780617631
298367	0.0017992973
298368	0.003428943226
298369	0.002678814501
298370	0.002045064242
298371	0.004777219867
298372	0.003350550716
298373	0.003385806091
298374	0.0008786524607
298375	0.003092683543
298376	0.001654447332
298377	0.0004336957644
298378	0.001072342401
298379	0.002836011505
298380	0.001110671153
298381	0.001143788553
298382	0.001328805077
298383	0.002866549823
298384	0.0007169387153
298385	0.001702481235
298386	0.002190598857
298387	0.00062681791
298388	0.0008810978753
298389	0.003412248134
298390	0.003652738803
298391	0
298392	0.001792820661
298393	0.003231434448
298394	0.001042301258
298395	0.003540900207
298396	0.001420998072
298397	0.001106620512
298398	0.0002233140545
298399	0.0001175120751
298400	0.0004285576664
298401	0.002825416755
298402	0.0008272211786
298403	0.0006518276429
298404	0.001758389353
298405	0.002885315192
298406	0.001918868103
298407	0.0008222472464
298408	0.004729072123
298409	0.00385898389
298410	0.002130920575
298411	0.002929545916
298412	0.00063193177
298413	0.00110459349
298414	0.003638534711
298415	0.008212746821
298416	2.598830038e-05
298417	2.350517335e-05
298418	0.004202440899
298419	0.0004946510888
298420	0.0005268666139
298421	0.0004010503189
298422	0.002325236254
298423	0.0008538483821
298424	0.0004273791344
298425	0.002433598683
298426	0.002550162089
298427	6.50648121e-05
298428	0.0007456960471
298429	0.001880701211
298430	0.001120529112
298431	0.0004867287872
298432	0.002096620562
298433	0.0001910887264
298434	0.001201042791
298435	0.0002202807537
298436	0.002970318001
298437	0.0009530160597
298438	0.003507015953
298439	0.002447474126
298440	0.0001628149793
298441	7.7060287e-06
298442	0.0001784898201
298443	0.0007493042637
298444	0.002569327475
298445	0.0001209043833
298446	0.004190444588
298447	0.004597535505
298448	0.00108686408
298449	0.001609045824
298450	0.002935299592
298451	0.000690449211
298452	0.003258924085
298453	0.0006884627618
298454	0.005318252508
298455	0.002995823894
298456	0.003246509581
298457	0.005522109395
298458	0.001351041854
298459	0.004544476087
298460	4.322652982e-05
298461	0.001976387072
298462	0.001142435515
298463	0.000683737913
298464	0.002579027628
298465	0.003171707111
298466	0.002291195046
298467	0.002074917722
298468	0.001354154197
298469	0.003848045464
298470	0.00486309899
298471	3.034749012e-05
298472	0.004242449097
298473	5.172780011e-05
298474	0.002721354669
298475	0.001186541583
298476	0.0003768964182
298477	0.001708763606
298478	0.005157824501
298479	0.0005369602569
298480	0.00458599976
298481	0.0003443811374
298482	0.004241051298
298483	0.001191745532
298484	0.001849424366
298485	0.001951390207
298486	0.004556795814
298487	0.003925948916
298488	0.0007385500412
298489	0.0002711564324
298490	0.002207403066
298491	0.002065255017
298492	0.003601854297
298493	0.005636048443
298494	0.002196177788
298495	0.003521165426
298496	0.004226286249
298497	0.0002436551585
298498	0.001319832368
298499	0.00206793098
298500	0.004615140202
298501	0.0011940621
298502	0.0001586006904
298503	0.0005599988623
298504	0.0001060820963
298505	0.006349211876
298506	0.004015670646
298507	0.00100419447
298508	0.004396421443
298509	0.001565686492
298510	0.004034485478
298511	0.002083906049
298512	0.001049812649
298513	0.001154363275
298514	5.152857069e-05
298515	0.001549509198
298516	0.005161527001
298517	0.0002787755464
298518	0.000880259523
298519	0.003256430412
298520	0.005995096793
298521	0.0009721788877
298522	0.001721834378
298523	0.001485426153
298524	0.0004826785015
298525	0.001547375628
298526	0.0043634774
298527	0.001748430833
298528	0.002211675952
298529	0.002240183551
298530	0.0006015576967
298531	0.002699402606
298532	0.003578897021
298533	0.000618303837
298534	0.003692080881
298535	0.0006685434568
298536	0.0008420673396
298537	0.0005759754848
298538	0.0001853645602
298539	0.001787220529
298540	0.001455931691
298541	0.003596839413
298542	0.001099162839
298543	0.003865891716
298544	0.0006879602202
298545	0.001167658335
298546	0.004907660827
298547	0.000406907158
298548	0.001175009185
298549	0.003411579294
298550	0.004459587252
298551	0.0001594103518
298552	0.003769098816
298553	0.002934619085
298554	0.002254830041
298555	0.004999648595
298556	0.0004478295945
298557	0.001369748808
298558	0.002140085073
298559	0.001662153368
298560	0.0005761355385
298561	0.004988928705
298562	0.001298523369
298563	0.003075699975
298564	0.003321244044
298565	0.004505364103
298566	0.002737331996
298567	0.002266671998
298568	0.002012708852
298569	0.001998354231
298570	0.001562070908
298571	0.003651595629
298572	0.001178037537
298573	0.003432970374
298574	0.006283865037
298575	0.000719621415
298576	0.0007891431123
298577	0.0004689446414
298578	0.0039008927
298579	0.00510100842
298580	0.0003605446319
298581	0.001868393289
298582	0.003799983382
298583	0.002477951054
298584	0.0003315023216
298585	0.003298584031
298586	0.0006499154835
298587	0.004210940079
298588	0.001133133469
298589	0.001718012464
298590	0.001552940025
298591	0.001435106991
298592	0.001016360645
298593	0.0004327130009
298594	0.0003473815984
298595	0.003366096652
298596	0.004584887034
298597	0.005111390657
298598	0.001317574264
298599	0.001793738636
298600	0.002701824741
298601	0.0009073769835
298602	0.003367708539
298603	0.004148941582
298604	0.001401469899
298605	0.001394086235
298606	0.004593482911
298607	0.0001701414354
298608	0.004553472207
298609	0.0008028292331
298610	0.002074835959
298611	0.003620344917
298612	0.0007006822081
298613	0.002856093414
298614	0.004549523423
298615	0.001529243778
298616	0.003402708277
298617	0.002074325626
298618	0.0006395287122
298619	0.002950810285
298620	0.0009300338375
298621	0.003073332716
298622	0.0001196081716
298623	0.0005993211183
298624	0.001539907109
298625	0.0003250342242
298626	0.001782110945
298627	0.004865324847
298628	0.005704197589
298629	0.001180312993
298630	0.0006623875239
298631	0.003903748151
298632	0.0003691149433
298633	0.002334656772
298634	0.0003437451772
298635	0.003351463234
298636	0.003943838022
298637	0.004899309245
298638	0.0033005778
298639	0.002904277656
298640	0.002829829901
298641	0.00294181224
298642	0.003302343395
298643	0.005954936885
298644	0.0003399317686
298645	0.005839987536
298646	0.005235833918
298647	7.891501846e-05
298648	0.001064177852
298649	0.004056803384
298650	0.0004393577838
298651	0.004537482239
298652	0.001052978077
298653	1.81767969e-06
298654	0.0005209357676
298655	0.0004231428325
298656	0.003186783798
298657	0.003002183
298658	0.0006412529535
298659	0.00286621987
298660	0.003285416102
298661	0.004025515408
298662	5.454499827e-05
298663	0.000486049349
298664	3.487518644e-05
298665	0.00230126533
298666	0.00210873024
298667	0.004546786467
298668	0.0009271117215
298669	0.002954612779
298670	0.003252923153
298671	0.003854768872
298672	0.0002878011789
298673	0.002146159057
298674	9.155921839e-06
298675	0.0002104210618
298676	0.001004821652
298677	0.005753976824
298678	0.003509668117
298679	0.002191843785
298680	0.002959714611
298681	0.003365558263
298682	0.0004726424346
298683	0.005553389566
298684	0.001184637241
298685	0.002528840903
298686	0.005364403029
298687	0.0009426391576
298688	0.001004024089
298689	0.003716736705
298690	0.0006934355911
298691	0.003697497711
298692	0.00293721566
298693	0.0004300616597
298694	0.003051859866
298695	0.0005609415298
298696	0.002745425995
298697	0.002978793737
298698	0.006704446303
298699	0.004554484702
298700	0.004166185802
298701	0.004342321455
298702	0.001487751848
298703	0.0005586742631
298704	0.0005642618621
298705	0.0007249040602
298706	0.001665927491
298707	0.002448115491
298708	0.00535334005
298709	0.0008481071351
298710	0.002211746679
298711	0.004644250202
298712	0.003066858404
298713	0.00176930698
298714	0.002191059856
298715	0.0005186116141
298716	0.004347169671
298717	0.005570552625
298718	0.000445218352
298719	0.001184186374
298720	0.003380753263
298721	0.0008344331548
298722	0.002754732186
298723	0.002477610741
298724	5.671179318e-05
298725	0.003037447539
298726	0.001719814886
298727	0.004510606718
298728	0.0009886387373
298729	0.001871460232
298730	0.0005109259418
298731	0.003061050674
298732	0.004491985981
298733	0.002577943009
298734	0.002496327754
298735	0.0004508536753
298736	0.001569737382
298737	0.005496903497
298738	0.005939598359
298739	0.005106534027
298740	0.004372045055
298741	0.00362461348
298742	0.004122319495
298743	0.0007082431342
298744	0.001713638356
298745	0.005501868702
298746	0.0007556251437
298747	0.001659242979
298748	0.00165837092
298749	0.005441483716
298750	0.004356630537
298751	0.001306670429
298752	0.001346088894
298753	0.0009019322222
298754	0.007162105
298755	0.002095803218
298756	0.005866944881
298757	0.001130032534
298758	0.003697414287
298759	0.002819696929
298760	0.004853120123
298761	0.002573221995
298762	0.00050209707
298763	0.0002226256388
298764	0.002526916935
298765	0.004053915795
298766	0.00111123981
298767	0.002765999139
298768	0.0003553928804
298769	0.001518462932
298770	0.004856966959
298771	0.003344094396
298772	0.004171991741
298773	0.001080432969
298774	0.004385089655
298775	1.924471218e-05
298776	0.004325192727
298777	0.004864618717
298778	0.002086369442
298779	0.00106214848
298780	0.0008566432555
298781	0.001657900871
298782	0.002538467106
298783	0.001810421593
298784	0.003703694329
298785	0.003057540052
298786	0.0005676709169
298787	0.001182541086
298788	0.002235561175
298789	0.0001050305331
298790	0.0002820248879
298791	0.00517210065
298792	0.0002381483073
298793	0.002437112564
298794	0.0001494397897
298795	0.002718204487
298796	0.001629979411
298797	0.0001297864083
298798	0.002856935667
298799	0.0005602841843
298800	0.002993193476
298801	0.0002738467306
298802	0.0003656449424
298803	0.002217020403
298804	0.002030783614
298805	0.00194023434
298806	0.0002383026195
298807	0.003366320279
298808	0.000570772875
298809	0.0003176163414
298810	0.0009612842913
298811	0.0009953249374
298812	0.001626460442
298813	0.003816619849
298814	0.0007587939834
298815	0.000732106974
298816	0.002667713044
298817	0.003424634727
298818	0.003293307812
298819	0.0002473487846
298820	0.001235922928
298821	0.001927461214
298822	0.001816391248
298823	0.0004750191895
298824	0.003903331295
298825	0.003433668571
298826	0.003169328136
298827	0.002109602341
298828	0.001959960174
298829	0.001170557206
298830	0.000166527779
298831	0.0005733364224
298832	0.001304755375
298833	0.0004242969001
298834	0.001005749396
298835	0.002053608444
298836	0.0001378369629
298837	0.002833157684
298838	0.003039991091
298839	0.002407267894
298840	0.001125453955
298841	0.000339970382
298842	0.004460614834
298843	0.004493317055
298844	0.0003101022548
298845	0.0008178439892
298846	0.0002382573402
298847	0.002052849889
298848	0.001561493563
298849	0.002151582625
298850	0.004371072714
298851	0.002624180884
298852	0.002189598074
298853	0.004038593281
298854	1.222324601e-05
298855	0.002686867445
298856	0.00069107414
298857	0.0002328052577
298858	9.430871875e-05
298859	0.002642968012
298860	0.002364674043
298861	0.0002338131262
298862	0.003859199809
298863	8.743690042e-05
298864	0.003511156321
298865	0.0009554253476
298866	0.001935016803
298867	0.001407990352
298868	0.0007670452856
298869	0.0006646407138
298870	0.001287528471
298871	0.000353884756
298872	0.003219185339
298873	0.0003192746325
298874	0.004007390141
298875	0.0006503043255
298876	0.001198489029
298877	0.001213951866
298878	0.0006518439288
298879	4.509760769e-06
298880	0.000652326854
298881	0.003055604226
298882	0.001305667929
298883	0.001940119265
298884	0.0001346429817
298885	0.00442390605
298886	0.004440636169
298887	0.003097644015
298888	0.002155810388
298889	0.003071964631
298890	0.005067228247
298891	0.001322716919
298892	0.003532984261
298893	0.00198790372
298894	0.001172372983
298895	0.002526792662
298896	0.002899478493
298897	0.001442179621
298898	0.002181760484
298899	0.002356892847
298900	5.005358058e-05
298901	0.0006656660856
298902	0.001445812657
298903	0.0001173459545
298904	0.004500512295
298905	0.0004144936486
298906	0.002690813045
298907	0.0007727383576
298908	0.00404283936
298909	0.0004532875517
298910	0.002447581762
298911	0.0008347418594
298912	0.0003721954609
298913	0.003547734616
298914	0.001047904705
298915	2.867073315e-05
298916	0.001754483544
298917	0.0007941331699
298918	0.003519782632
298919	0.002792625762
298920	0.001326464634
298921	0.00402262676
298922	0.004210075607
298923	0.002008591778
298924	0.0008025135666
298925	0.003858336868
298926	0.0009186303221
298927	0.004117160233
298928	0.00082163669
298929	0.006225369335
298930	0.002557435376
298931	0.001981680338
298932	0.004934608439
298933	0.0034295753
298934	0.0009600377633
298935	0.001572039502
298936	0.0008533504217
298937	0.002770980908
298938	0.001946621803
298939	0.005124325159
298940	0.0006113467448
298941	0.004212915494
298942	0.0006567198629
298943	5.401655113e-06
298944	0.0004943228192
298945	0.00295144747
298946	0.005053741147
298947	0.003177984502
298948	0.001930092609
298949	0.002540600087
298950	0.0004705086669
298951	0.0001950103916
298952	0.002111316102
298953	0.004255786708
298954	0.003075928662
298955	0.00114062499
298956	0.002118337982
298957	0.0003944411081
298958	0.0007841051296
298959	0.002817502473
298960	1.03807778e-05
298961	0.003503960463
298962	0.003031998318
298963	0.0002714859217
298964	0.001145725989
298965	0.0006370639881
298966	0.002545656733
298967	0.0004474442709
298968	0.002589048462
298969	0.0008499022502
298970	0.004497518938
298971	0.0003919834518
298972	0.0006837913885
298973	0.002456376779
298974	0.0007390593636
298975	0.003179431279
298976	0.0003820398358
298977	0.004049557241
298978	0.0009498615757
298979	0.001901433052
298980	0.002212772268
298981	0.001401057601
298982	0.002345212057
298983	0.001930044959
298984	0.001081130878
298985	0.002579602141
298986	0.0002259011438
298987	0.0007417910855
298988	0.005479576002
298989	0.0006791231394
298990	0.003388839109
298991	0.00413575764
298992	0.005125833164
298993	0.00162305555
298994	0
298995	0.0007433128121
298996	0.0002117346045
298997	0.002039007279
298998	0.004934062681
298999	0.003065025366
299000	0.0004814239013
299001	0.003442782022
299002	0.003798603056
299003	0.001506346533
299004	0.001179277691
299005	0.0007575590725
299006	0.005425511962
299007	0.004182631281
299008	0.0008632659829
299009	0.003200186781
299010	0.0007545834109
299011	0.0002498872737
299012	0.002177012731
299013	0.005624825374
299014	0.0001583690959
299015	0.0006062677556
299016	0.00182653434
299017	0.0005705498046
299018	0.001123086678
299019	0.001573041741
299020	0.004713119709
299021	0.0009399562482
299022	0.003341594647
299023	0.001219283562
299024	0.001184444911
299025	0.003141292261
299026	0.002632465516
299027	0.0005152751178
299028	0.002408944863
299029	0.001872397177
299030	0.0009458124506
299031	0.001161209369
299032	0.0003475949002
299033	0.002150247404
299034	0.003786323257
299035	0.006608271793
299036	0.0001800985731
299037	0.001647959491
299038	0.003071215034
299039	0.001264993826
299040	0.008510388293
299041	0.001874065119
299042	0.002134410194
299043	0.004386181118
299044	0.0006458621033
299045	0.002546172593
299046	0.003227279299
299047	0.001400847738
299048	0.004686332776
299049	0.003033248058
299050	0.001135935439
299051	0.005246218555
299052	0.002520989526
299053	0.004558187139
299054	0.001596788412
299055	0.001664668718
299056	0.004138847944
299057	0.002103643481
299058	0.00385621882
299059	0.003217146545
299060	0.001020608483
299061	0.001151408058
299062	0.003598171712
299063	0.009910963692
299064	6.371654004e-05
299065	0.00162273918
299066	0.00343522831
299067	0.0008103464793
299068	0.002371365166
299069	0.0004889378189
299070	0.002780752514
299071	0.00178017676
299072	0.003478384419
299073	0.002346766817
299074	0.004092330277
299075	0.005546746377
299076	0.0009736805398
299077	0.002117383405
299078	0.003280449129
299079	0.000114275627
299080	0.0006923336897
299081	0.0005683769119
299082	0.003546736683
299083	0.004185104967
299084	0.004279899039
299085	0.001998177516
299086	0.0007473434759
299087	0.00211268498
299088	0.002411399268
299089	0.002129629175
299090	0.001878003917
299091	0.0007066051781
299092	0.001520008295
299093	0.00378578897
299094	0.002247919056
299095	0.002138864828
299096	0.004136040519
299097	0.001428149122
299098	0.004323674724
299099	0.0034365364
299100	0.000265436655
299101	0.005672374727
299102	0.002930259149
299103	0.003133021142
299104	0.00147634309
299105	0.00328467599
299106	0.0003507510342
299107	0.001672571949
299108	0.002698470558
299109	6.122492173e-05
299110	0.0009840098029
299111	0.003180073542
299112	0.003296140556
299113	0.001844267995
299114	0.0001778153076
299115	0.003756621313
299116	0.0009401714102
299117	0.002395863044
299118	0.0003011230636
299119	0.00435428782
299120	0.003085594631
299121	0.0005890718665
299122	0.003532494028
299123	0.004517638376
299124	0.001771197761
299125	0.002950064897
299126	0.003293099136
299127	0.002659978696
299128	0.0004916455809
299129	0.0008739607711
299130	0.002194761343
299131	0.001534248137
299132	0.00445869645
299133	0.004253660531
299134	0.002380599157
299135	0.002538952732
299136	0.004616950002
299137	0.002917526914
299138	0.003768366256
299139	0.001728076826
299140	0.002931985426
299141	0.00400821022
299142	0.00330302229
299143	0.0009631314726
299144	0.003196294169
299145	0.003293083636
299146	0.00362549655
299147	0.00175582691
299148	0.003807389756
299149	0.002222941454
299150	0.004551347875
299151	0.003642413334
299152	0.001917169148
299153	0.003174111486
299154	0.0032123043
299155	0.001884841745
299156	0.0001638880052
299157	0.0001435771603
299158	0.002220166501
299159	0.004529818715
299160	0.001701421507
299161	0.001727211086
299162	0.0007586076103
299163	0.004853531799
299164	0.002167338307
299165	0.00339804696
299166	0.002110059211
299167	0.001765716593
299168	0.0003672934625
299169	8.380544331e-05
299170	0.000120029123
299171	0.003092685911
299172	0.006787871639
299173	0.0005654891238
299174	0.003540735237
299175	0.001588204528
299176	0.003961669481
299177	0.0007241395198
299178	0.001163719259
299179	0.003667650859
299180	0.003157476988
299181	0.001697328279
299182	0.00457830041
299183	0.001296057699
299184	0.002759568901
299185	0.0004160466493
299186	0.00198930804
299187	0.0002043386097
299188	0.001616983583
299189	0.002573509341
299190	0.0003650416508
299191	0.004089124048
299192	0.005029223221
299193	0.0004841699672
299194	0.003452126908
299195	0.001945872246
299196	0.0003204431179
299197	6.121905017e-05
299198	0.001119185064
299199	3.040110971e-05
299200	0.0007730152318
299201	0.001690174215
299202	0.003293479176
299203	0.00228672378
299204	0.001094042846
299205	0.003130620153
299206	0.002926780479
299207	0.003671572224
299208	0.001051559432
299209	0.006140221597
299210	0.001150830978
299211	0.0007383994983
299212	9.612647234e-05
299213	0.001254992859
299214	0.001077276305
299215	0.001474787677
299216	0.0007412756603
299217	0.006615227281
299218	0.002719269795
299219	0.002358718599
299220	0.0003204992636
299221	0.001406032738
299222	0.003915823981
299223	0.004688875406
299224	0.0002932658624
299225	0.0007742604252
299226	0.003062778181
299227	0.00352138776
299228	0.002874270688
299229	0.002074817958
299230	0.00174808712
299231	0.0005936139888
299232	0.003334330242
299233	2.453001842e-05
299234	0.002929766051
299235	0.004914088976
299236	0.002093004251
299237	0.001004945301
299238	0.002589252574
299239	0.006525653755
299240	0.001252324524
299241	0.0001351553457
299242	0.0005300628978
299243	0.004705553752
299244	0.002304395811
299245	0.005380899412
299246	8.615546747e-05
299247	0.002188820807
299248	0.002944216559
299249	0.00364986002
299250	0.003293150497
299251	0.003597716286
299252	0.002236296767
299253	0.005678239623
299254	0.0001804060624
299255	7.39273302e-05
299256	0.003338357894
299257	0.00144605427
299258	0.00164008206
299259	0.001565705648
299260	0.0003162990925
299261	0.003714699255
299262	0.003429359068
299263	0.0006568295707
299264	0.002539986549
299265	6.735828821e-05
299266	0.001156483362
299267	0.00201637431
299268	0.000725256003
299269	0.00155506006
299270	0.004132033994
299271	0.001047826457
299272	0.000494938985
299273	0.002081692716
299274	0.0007177898755
299275	0.003213923015
299276	0.001285207553
299277	0.001272873013
299278	0.001689558999
299279	0.001957355968
299280	0.00097712966
299281	0.006503197581
299282	0.002190184309
299283	0.0006014444727
299284	0.002541920333
299285	0.0007552755809
299286	0.0054982186
299287	0.0004978300983
299288	0.002337381209
299289	0.006794292628
299290	0.0008979494199
299291	0.002708738576
299292	0.002276376458
299293	0.002782338388
299294	0.002684370966
299295	0.004333619607
299296	0.0009434481938
299297	0.002898032162
299298	0.001612744135
299299	0.005137489349
299300	0.003419320823
299301	0.0003923231707
299302	0.004075752194
299303	0.0002182048719
299304	0.0003667151056
299305	0.0002350718691
299306	0.00275052785
299307	0.0005246643063
299308	0.0006776656792
299309	0.006999718909
299310	0.002300647058
299311	0.001328091796
299312	0.003611130822
299313	0.005333783698
299314	0.002925292386
299315	0.001320703798
299316	0.00197643014
299317	0.0001769313907
299318	0.003231500025
299319	0.002442200505
299320	0.0008744517174
299321	0.000419445363
299322	0.002470580329
299323	0.004830392351
299324	0.004947309261
299325	0.003129670782
299326	6.855355861e-05
299327	0.002854485001
299328	0.001923724574
299329	0.0002030385891
299330	0.0007329904317
299331	0.00309906635
299332	0.004368176694
299333	0.002640787276
299334	0.003413266436
299335	0.000445299534
299336	0.002216577072
299337	0.005181418452
299338	0.0003776595269
299339	0.001048626346
299340	0.003746972754
299341	0.0007187984471
299342	0.002175090337
299343	3.082694256e-05
299344	0.002464838931
299345	0.001375147837
299346	0.0004657361642
299347	0.002469088241
299348	0.004833387068
299349	0.0009669144144
299350	0.003639815816
299351	0.003037065728
299352	0.002409300604
299353	0.004685420035
299354	0.001868956578
299355	0.001524954915
299356	0.002492502443
299357	0.002733977922
299358	0.004743520858
299359	0.002954898332
299360	0.003503495551
299361	0.002220333061
299362	0.004213270216
299363	0.0020992779
299364	0.001802794466
299365	0.003065449296
299366	0.003250788196
299367	0.005707297167
299368	0.004098134093
299369	0.001197956478
299370	0.001049223076
299371	0.003545416773
299372	0.00209304942
299373	0.002878031335
299374	0.0006172176763
299375	0.0003098546081
299376	0.004256090441
299377	0.0003578824789
299378	0.003260319344
299379	0.003031808326
299380	0.002684859756
299381	0.003050022631
299382	0.0004224211431
299383	0.004202618839
299384	9.113368773e-05
299385	0.0005974038365
299386	0.002592154704
299387	0.003128890264
299388	0.001199967445
299389	0.001922284305
299390	0.001065132295
299391	0.0007989930796
299392	0.001422909218
299393	0.00211673196
299394	0.001067917011
299395	0.0001391872006
299396	0.0008392672493
299397	0.0005515348811
299398	0.002892222875
299399	0.001709521184
299400	0.0006452763055
299401	0.00298893359
299402	0.003147149749
299403	0.001048485404
299404	0.0009463033132
299405	0.00205691132
299406	0.00155068347
299407	0.001269724638
299408	0.0008780904251
299409	0.002847246603
299410	0.00140107164
299411	0.0001674179623
299412	0.002001322205
299413	0.0005101929198
299414	0.001213822033
299415	0.002800222162
299416	0.002184309204
299417	0.004078335206
299418	0.0004452899046
299419	0.003771420775
299420	0.004672117908
299421	0.002131414977
299422	0.0003076466135
299423	0.002246848927
299424	0.003413223394
299425	0.001864969351
299426	0.0002133140562
299427	9.72611873e-05
299428	0.002128015434
299429	0.001167171397
299430	0.0001693066237
299431	0.004624529938
299432	0.006705911224
299433	0.004331263272
299434	0.002477974422
299435	0.0007271981147
299436	0.005781797774
299437	0.000239295704
299438	0.0009853816554
299439	0.001411133475
299440	0.004024551237
299441	0.0002424191111
299442	0.0003357678939
299443	0.001660703534
299444	0.005216131598
299445	2.324025733e-05
299446	0.001252358728
299447	0.0004341501649
299448	0.001323961295
299449	0.001377771081
299450	0.002683783012
299451	0.0004811201121
299452	0.001862211771
299453	0.001110825574
299454	0.001514283519
299455	0.004127030969
299456	0.004835662322
299457	0.003035089723
299458	0.0003371885389
299459	0.0007763930389
299460	0.00303392912
299461	3.861801053e-05
299462	0.0004324216586
299463	0.000654237026
299464	0.007687781719
299465	0.001218895155
299466	0.0009493623061
299467	0.0005566405395
299468	0.001819526335
299469	0.003541985356
299470	0.0005082316583
299471	0.0003667816545
299472	0.001419227939
299473	0.003684045058
299474	0.005058699342
299475	0.002624770803
299476	0.00152356764
299477	0.002512968727
299478	0.003398117229
299479	0.003166428391
299480	0.0002689082308
299481	0.003029792286
299482	0.0003461532994
299483	0.003770730568
299484	0.0006107585207
299485	0.003729506914
299486	0.001140616093
299487	0.0004479330662
299488	0.002379003201
299489	0.004096448755
299490	0.001032856281
299491	0.0007715035887
299492	0.00199267735
299493	0.0002176636589
299494	0.001935053059
299495	0.003070561452
299496	0.002061422875
299497	0.004973583279
299498	0.0001376215527
299499	0.002432992507
299500	0.001417207544
299501	0.001083749329
299502	0.003010491018
299503	0.001530493249
299504	0.0077379651
299505	0.001466135261
299506	0.0001203953654
299507	0.001467757542
299508	0.0003248502908
299509	0.002624107562
299510	0.003024866977
299511	0.001842319878
299512	0.0007619482152
299513	0.001396649391
299514	0.002079380123
299515	0.004373871972
299516	0.0003021382016
299517	0.0007244500182
299518	0.001864633439
299519	0.00183477762
299520	0.002363444345
299521	0.003774404465
299522	0.0005580259335
299523	0.0005704065041
299524	0.001503686176
299525	0.0001224783093
299526	0.003250200941
299527	0.003145339332
299528	0.0001160252333
299529	0.002432873534
299530	0.002906000878
299531	0.001400293554
299532	0.005241377926
299533	0.002752981565
299534	0.001892956895
299535	0.003158931299
299536	0.003672591632
299537	0.001910978892
299538	0.002007252329
299539	0.003146358011
299540	0.005514090756
299541	0.004515010194
299542	0.003262834408
299543	0.005235784571
299544	0.001965427836
299545	0.002729289431
299546	0.001583879298
299547	0.001520894538
299548	0.001263448774
299549	0.0003032381037
299550	0.0007813861402
299551	0.0001814196951
299552	0.002639089674
299553	0.0014082168
299554	0.001605441906
299555	0.001402246557
299556	0.001687052171
299557	0.002916784592
299558	0.003884025219
299559	0.004423483302
299560	0.00133567031
299561	0.003165319421
299562	0.001138176899
299563	0.004773425981
299564	0.003296326702
299565	0.001126330863
299566	0.003811268797
299567	0.003109106705
299568	0.00579443951
299569	0.001821714793
299570	0.0004968000934
299571	0.003121526952
299572	0.004799203264
299573	0.00217975638
299574	0.0008568575019
299575	0.005603107557
299576	0.0006814427224
299577	0.00100763219
299578	0.002492845431
299579	0.002360839281
299580	0.002088557531
299581	0.001791750397
299582	0.0007262505495
299583	0.006269346411
299584	0.004865439739
299585	0.0005169631711
299586	0.0008204405306
299587	0.002755959852
299588	0.003329327043
299589	5.482965327e-05
299590	0.0007145400325
299591	0.001833505547
299592	0.001874542226
299593	0.002947272176
299594	0.002394678419
299595	0.0007586810616
299596	0.0007061566937
299597	0.0008123318462
299598	0.002448208261
299599	0.0007014843504
299600	0.002882664944
299601	0.0005702110449
299602	0.00111364215
299603	0.001164547471
299604	0.004150433505
299605	0.002996536319
299606	0.001897772472
299607	0.0003568614611
299608	0.001036786747
299609	0.003170273485
299610	0.003152888088
299611	0.0007672832378
299612	0.002143462843
299613	0.002927195008
299614	0.003234972196
299615	0.0004486914726
299616	0.0004707194435
299617	0.004263469615
299618	0.002349564464
299619	0.003051968853
299620	0.003707168626
299621	0.001438146402
299622	0.001381533257
299623	0.001579453804
299624	0.00254856561
299625	0.004735544009
299626	0.005010190955
299627	0.002312074255
299628	0.0003509331281
299629	0.002192778209
299630	0.005288686069
299631	0.004533796482
299632	0.003179669711
299633	0.0007348656901
299634	0.001889224892
299635	0.003244146832
299636	6.048739632e-05
299637	0.002767692785
299638	0.0002859449175
299639	0.005459971442
299640	0.0006929582661
299641	0.0003029388775
299642	0.002003912262
299643	0.00492445281
299644	0.003734072307
299645	0.00288739473
299646	0.000996861683
299647	0.001412895503
299648	0.00473816546
299649	0.001957038452
299650	0.0008420706346
299651	0.002085531392
299652	0.002046584364
299653	0.001890638535
299654	0.004010956916
299655	0.005316396
299656	0.0005031509476
299657	0.003171507515
299658	0.002102966243
299659	0.0009576685314
299660	0.0009017219291
299661	0.004195293033
299662	0.003337737989
299663	0.000865544783
299664	0.0006901667259
299665	0.001993066858
299666	0.004307678424
299667	0.0009507925407
299668	0.004110625161
299669	0.001829915622
299670	0.002601918049
299671	0.0002068250219
299672	0.002696967081
299673	0.004184050344
299674	0.002945392942
299675	0.002388973042
299676	0.001239029056
299677	0.004268265471
299678	0.0003466308633
299679	0.00137622719
299680	0.0004438086075
299681	0.004237583663
299682	0.003434689884
299683	7.326761931e-05
299684	0.00157719554
299685	0.003624573853
299686	0.0007059640399
299687	1.003063392e-05
299688	0.001036647796
299689	0.0003359572086
299690	0.003089100579
299691	0.005205518121
299692	0.000359263622
299693	0.001846636318
299694	0.004277179892
299695	0.001283929718
299696	0.002955078185
299697	0.004365885518
299698	0.004175646882
299699	0.001031817298
299700	0.006249658227
299701	0.0004487950124
299702	0.002907813847
299703	0.002322220646
299704	0.003056637041
299705	0.003226965931
299706	0.002523512291
299707	0.005210384913
299708	0.001234030384
299709	0.001877719195
299710	0.002058622298
299711	0.002346512106
299712	0.002629739898
299713	0.0001232058111
299714	0.00538329122
299715	0.003915213483
299716	0.002483243139
299717	0.001077750681
299718	0.006952935648
299719	0.003311142711
299720	0.001657589268
299721	0.0001503443518
299722	0.00255386739
299723	0.003198534389
299724	0.000387764356
299725	0.0004306206873
299726	0.003409971406
299727	0.0008281716036
299728	0.004169906993
299729	0.005122716581
299730	0.006007001655
299731	0.001750325292
299732	0.004301802984
299733	0.002228144871
299734	0.002599630056
299735	0.0006920615231
299736	0.001754719932
299737	0.0007175637917
299738	0.003897171719
299739	0.003173070596
299740	0.002772980969
299741	0.002614527573
299742	0.001127734999
299743	0.003004843381
299744	0.002861758643
299745	0.0002464814115
299746	0.003640147773
299747	0.002402747489
299748	0.0005750692079
299749	0.0008958071007
299750	0.002758778537
299751	0.005704833122
299752	0.001620761823
299753	0.003818213991
299754	0.0001269099079
299755	0.003782091385
299756	0.001387659307
299757	0.001645656417
299758	0.003914179345
299759	0.0003444953995
299760	0.003828679381
299761	0.004414516814
299762	0.00291013459
299763	0.0001351926327
299764	0.002836579219
299765	0.0001279567425
299766	0.0005256210801
299767	0.001337996711
299768	0.0001085488032
299769	0.002800298703
299770	0.002930569756
299771	0.003363027645
299772	0.0009011204882
299773	0.0001184197222
299774	0.005150556331
299775	0.0009782915557
299776	0.002249950697
299777	0.002926068533
299778	0.002440091804
299779	0.001930355776
299780	0.002676379746
299781	0.0003347562416
299782	0.002166495862
299783	0.000108846292
299784	0
299785	0.001355179807
299786	0.0006190543956
299787	0.001624969179
299788	0.005337095076
299789	0.002401928463
299790	0.0006326843081
299791	0.003586895782
299792	0.003566764871
299793	0.002321246309
299794	0.002303600023
299795	0.0002487418221
299796	0.002025746427
299797	0.001538033133
299798	0.0004771534297
299799	0.0008237915158
299800	0.004391415924
299801	0.001088278785
299802	0.001760707909
299803	0.0008469638549
299804	0.001795081043
299805	0.005740494921
299806	0.002857065232
299807	0.001654156507
299808	0.002530599806
299809	0.002005941839
299810	0.003946352234
299811	0.004832572503
299812	0.000962605379
299813	0.001937798287
299814	0.002623049855
299815	0.002971972124
299816	0.0003540333788
299817	0.005326930985
299818	0.0009043311307
299819	0.001242345949
299820	0.005561172244
299821	0.00371791365
299822	0.0005619431429
299823	0.000239106303
299824	0.002072195582
299825	0.003423370922
299826	0.003340386608
299827	0.0007107893158
299828	0.005957278494
299829	0.003457030986
299830	0.000835682046
299831	0.001553382214
299832	0.0009821912721
299833	0.002672835316
299834	0.0007940534762
299835	0.002994397278
299836	0.0002165692564
299837	0.0008074122125
299838	0.003923437168
299839	0.003054380377
299840	0.005050624469
299841	0.0004850266047
299842	0.0002658967164
299843	0.00607834696
299844	0.004698381697
299845	0.003499674768
299846	0.002171417032
299847	0.0006257734704
299848	0.0003869314459
299849	0.0003974506989
299850	0.004431848648
299851	0.001366654377
299852	0.0008964074596
299853	0.000701631322
299854	0.002735865329
299855	0.001470444755
299856	0.001503393497
299857	0.001353925945
299858	0.0003484563647
299859	0.0002828738046
299860	0.004110510579
299861	0.004836460879
299862	0.001240852412
299863	0.004149089845
299864	0.00187612406
299865	0.003116924963
299866	0.003259664238
299867	0.003684271434
299868	0.001725327384
299869	0.00105809483
299870	0.001715944876
299871	0.002906003565
299872	0.002271485142
299873	3.854894614e-05
299874	0.001190762774
299875	0.005376305794
299876	0.001931935698
299877	0.0005810873744
299878	0.001485737348
299879	0.001622092985
299880	0.00347920815
299881	0.002226954333
299882	0.0002082436875
299883	0.000537822566
299884	0.001440784287
299885	0.00135664682
299886	0.0009076037359
299887	0.001400972435
299888	0.001320217638
299889	0.005836123641
299890	0.002609309002
299891	0.003253470158
299892	0.002951396378
299893	0.0003394763035
299894	0.00249633866
299895	0.002806422138
299896	0.002922629736
299897	0.001915724378
299898	0.002890345386
299899	0.000962433589
299900	0.00482217424
299901	0.001509214705
299902	0.003959312837
299903	0.007010717275
299904	0.001173517269
299905	0.002349046126
299906	0.00432143947
299907	0.0003272837794
299908	0.001066892473
299909	0.001963704492
299910	0.002619600016
299911	0.00022474819
299912	0.001959455827
299913	0.002107909136
299914	0.001297987133
299915	0.0007553628152
299916	0.001662128074
299917	0.0007969433328
299918	0.001443462966
299919	0.003306150423
299920	0.004271980448
299921	0.001389667614
299922	0.004687567442
299923	0.0002163161549
299924	0.003234962839
299925	0.004237247969
299926	0.0004149458616
299927	0.001231892861
299928	0.0003703763365
299929	0.002096995631
299930	0.002187316584
299931	0.001485815797
299932	0.006391214233
299933	0.00328108731
299934	0.001945336109
299935	0.0006869381991
299936	0.001221173155
299937	0.001286417453
299938	0.002684882022
299939	0.00135825602
299940	0.00211771162
299941	0.002632208151
299942	0.001898468684
299943	0.0003903691931
299944	0.001161009405
299945	0.003518746459
299946	0.003527688094
299947	0.001882741062
299948	0.003130301727
299949	0.007829219309
299950	0.002271383153
299951	0.0003635183329
299952	0.002515541628
299953	0.004820321341
299954	0.004266438048
299955	0.002250183812
299956	0.002644845217
299957	0.000625237122
299958	0.001126292353
299959	0.004319674943
299960	0.003167083781
299961	0.0002437808829
299962	0.003366191212
299963	0.001343754394
299964	0.003255539968
299965	0.001045637804
299966	5.465532073e-05
299967	0.002370704147
299968	0.001846110512
299969	0.001928628987
299970	0.001156464437
299971	0.0003032872421
299972	0.0007923909231
299973	0.002537423137
299974	0.0009631935589
299975	0.002331638666
299976	0.003251392658
299977	0.001654037732
299978	0.0008080607649
299979	0.001042194987
299980	0.004363561021
299981	0.003826559196
299982	0.001097279448
299983	0.002057113929
299984	0.002958997676
299985	0.003688958156
299986	0.002874118076
299987	0.001636107876
299988	0.0001956944555
299989	0.001551217667
299990	0.000344967231
299991	0.001130190805
299992	0.003580431083
299993	0.0001850589906
299994	0.001652340394
299995	0.005978669565
299996	0.002407228558
299997	0.0003211328864
299998	0.000355231118
299999	0.0004096585922
300000	0.004517498202
300001	0.0002206092621
300002	0.003563202852
300003	0.000173985521
300004	0.000406378791
300005	0.002590548603
300006	0.001164693902
300007	0.0007474941473
300008	0.0008843735725
300009	0.001991789784
300010	0.004301161991
300011	0.0002286285465
300012	0.00321769629
300013	0.0005172440203
300014	0.0005090460813
300015	0.004719145354
300016	0.005036588233
300017	0.001044651891
300018	0.003599046605
300019	0.0009383774247
300020	0.00216183738
300021	0.002008761433
300022	0.002330668913
300023	0.00270734931
300024	0.0002464671733
300025	0.004865113328
300026	0.001903897845
300027	0.00141528743
300028	0.001292079345
300029	0.001924386217
300030	0.001105425289
300031	0.001284960578
300032	0.0002949900848
300033	0.0005993302529
300034	0.004754044342
300035	0.00164755665
300036	0.00571217849
300037	6.538301792e-05
300038	0.00302564401
300039	0.002963201143
300040	0.001893904186
300041	6.553329977e-05
300042	0.001480479697
300043	0.001953278486
300044	0.001831067432
300045	0.0007425051007
300046	0.0008001946905
300047	0.00138622213
300048	0.002027747986
300049	0.0001482653046
300050	0.0009112077851
300051	0.0009238657217
300052	0.0006020585358
300053	0.0007130816667
300054	0.003730170796
300055	0.001154072107
300056	0.00119031912
300057	0.002452271902
300058	0.0004126364232
300059	0.002912924135
300060	0.002255254754
300061	0.0004522641945
300062	0.0002687765156
300063	0.001715115928
300064	0.0007578578139
300065	0.0008596545563
300066	5.617067267e-05
300067	0.000473715756
300068	0.002807512833
300069	0.004499804948
300070	0.002692783987
300071	0.0008499841801
300072	0.0006563746573
300073	0.0008744950053
300074	0.0006363716649
300075	0.002480730468
300076	0.003221759075
300077	6.368911242e-05
300078	0.001118266554
300079	0.0004869410631
300080	0.0001903815545
300081	0.003553542959
300082	0.002184611792
300083	0.002682439104
300084	0.0002516161302
300085	6.068425092e-05
300086	0.0007410741205
300087	0.00226265899
300088	0.005520815029
300089	0.002009008985
300090	0.002058783605
300091	0.0002272932721
300092	7.102721401e-05
300093	0.001671233697
300094	0.002273203461
300095	0.002173402803
300096	0.001296618752
300097	0.000850968344
300098	0.0008773954128
300099	0.001875860985
300100	0.003339871004
300101	0.0002316344922
300102	0.0004057931096
300103	0.00149345736
300104	0.001241298394
300105	0.001712433067
300106	0.0003891213597
300107	0.0009240552149
300108	0.004705984071
300109	0.001346716572
300110	0.0002695588646
300111	0.005042488741
300112	0.004621497771
300113	0.0002958173769
300114	0.003526025006
300115	0.000450336904
300116	0.005116282113
300117	0.0007831290768
300118	0.001712883236
300119	0.000681132401
300120	3.618268459e-05
300121	0.001411058279
300122	0.001816645816
300123	0.0008821493066
300124	0.0009490224757
300125	0.0009509864211
300126	0.001445900295
300127	0.0003666218867
300128	0.0005637576744
300129	0.003042051843
300130	0.00105389223
300131	0.0001317220599
300132	0.0007317528275
300133	0.001383648908
300134	0.002589436639
300135	0.001285394917
300136	0.001578744761
300137	0.00308883816
300138	0.002477915827
300139	0.003060323903
300140	0.0007277913672
300141	0.001626316144
300142	0.001407252931
300143	0.001276793927
300144	6.376648936e-05
300145	0.001451146458
300146	0.0009011426691
300147	0.003594956211
300148	0.000579201079
300149	0.001003398016
300150	0.0004220467904
300151	2.850744918e-05
300152	0.001400034891
300153	0.003015460325
300154	0.002713587755
300155	0.001057264964
300156	0.000609330848
300157	0.004057153361
300158	0.0006443678939
300159	0.0003876190546
300160	0.003446405651
300161	0.0006351349258
300162	0.0001259399489
300163	0.002600849172
300164	0.003777427026
300165	0.001964834506
300166	0.0006599975048
300167	0.0002764375735
300168	0.0001860841413
300169	0.001565988503
300170	0.002898748813
300171	0.0003022031772
300172	0.0009505406958
300173	0.0005680825838
300174	0.001447811309
300175	0.00183242165
300176	0.0006432260318
300177	0.002051541385
300178	0.0005090073446
300179	0.002196767161
300180	0.0009655023192
300181	0.0007827934235
300182	0.002001987104
300183	0.003436238052
300184	0.001799648304
300185	0.001772905213
300186	0.0002718899226
300187	0.0005727596588
300188	0.003140378327
300189	0.004958686736
300190	2.35221672e-05
300191	0.0002712761637
300192	0.0005645875597
300193	0.0001263201418
300194	0.00272546152
300195	0.00114241948
300196	0.00198476235
300197	0.0007638162221
300198	0.0007515225835
300199	0.0002683553074
300200	0.003306909578
300201	0.001265558121
300202	0.0003492701945
300203	0.0003943657649
300204	0.002159790798
300205	0.001121301565
300206	0.001211795844
300207	0.001046473285
300208	0.0006105620254
300209	0.00166222033
300210	0.001248586409
300211	0.003050851125
300212	0.001174354949
300213	0.001918509437
300214	0.004252319259
300215	0.004174275447
300216	0.003380814176
300217	0.001645220624
300218	0.001417473485
300219	0.001816038395
300220	8.520768324e-05
300221	0.004063158846
300222	0.001968623017
300223	0.004240831485
300224	0.002612627498
300225	0.001098742011
300226	0.0006605552615
300227	0.001543605717
300228	0.001361121776
300229	0.002285580645
300230	0.001086406977
300231	0.004119255325
300232	0.0004277240359
300233	0.006970462962
300234	0.0001118307497
300235	0.0007122195855
300236	0.002429392911
300237	0.001072812174
300238	0.004085705216
300239	0.004688131048
300240	0.0009457732635
300241	0.001174724803
300242	0.002598302609
300243	0.0002437617563
300244	0.001418007755
300245	0.0003957162081
300246	0.0020481897
300247	0.003443296801
300248	0.0009622287323
300249	0.002162569078
300250	0.0003325695381
300251	0.0002241433012
300252	0.004379216199
300253	0.0009181533529
300254	0.002389687988
300255	0.001959124134
300256	0.001245825789
300257	0.0001872267803
300258	0.002510521088
300259	0.005132560526
300260	0.003091978817
300261	0.00116872696
300262	0.003569248111
300263	4.759746469e-05
300264	0.001192759553
300265	8.553801477e-05
300266	1.114797897e-05
300267	0.0003643459513
300268	0.0001596771898
300269	0.001934533839
300270	0.0004056233523
300271	0.001004309982
300272	0.0005206481458
300273	0.002977077066
300274	0.001615566254
300275	0.0005661967905
300276	0.0004295692881
300277	0.001640337791
300278	0.001914845337
300279	0.003752744584
300280	0.001397345425
300281	0.002228487707
300282	0.000497061581
300283	0.001120018979
300284	0.002301216749
300285	0.000737555168
300286	0.001815898719
300287	0.0008235849155
300288	0.0002385634389
300289	0.0005370188765
300290	0.0006219834641
300291	0.000817030573
300292	0.001298526033
300293	0.001223474949
300294	0.002365473169
300295	0.001757093277
300296	0.001368290927
300297	0.0007552569738
300298	0.00182139153
300299	0.0008664128611
300300	0.002394425115
300301	0.001818877675
300302	0.001070957866
300303	0.00326222916
300304	0.004747281513
300305	0.001758920713
300306	0.003600578733
300307	0.003699806683
300308	0.001969996223
300309	0.0008543247458
300310	0.001350295232
300311	0.0005770833319
300312	0.003267659708
300313	0.001744891244
300314	0.002275017347
300315	0.002346407827
300316	0.0008937182073
300317	0.0007304589389
300318	0.002470703646
300319	0.004577066921
300320	0.0007143256828
300321	0.002109972031
300322	0.00288236972
300323	0.0005703093389
300324	0.001246298322
300325	0.0002743589686
300326	0.004412080956
300327	0.0004880980699
300328	6.517974032e-05
300329	0.002100769581
300330	0.0001206467555
300331	0.0008791436761
300332	0.001174159606
300333	0.0006660039787
300334	0.00182470138
300335	0.001569288523
300336	0.0001588622344
300337	0.00107376479
300338	0.00189423235
300339	0.0009716291619
300340	0.001649190036
300341	0.0008504479281
300342	0.00206425487
300343	0.0007788003512
300344	0.0005728127007
300345	0.0001208392353
300346	0.001113376056
300347	0.004193653171
300348	0.00162199701
300349	0.001478081845
300350	0.0003630712252
300351	0.002038606713
300352	0.002525853717
300353	0.002093780254
300354	0.001393583636
300355	0.0008096268941
300356	0.001950240417
300357	0.0002635008809
300358	0.0002316483279
300359	0.000900528695
300360	0.004538088554
300361	9.058830431e-06
300362	1.105436789e-05
300363	0.0005385558409
300364	0.0004976221062
300365	0.004165604415
300366	0.00152529092
300367	0.002950213017
300368	0.0003884917546
300369	0.003461487339
300370	0.0008201179515
300371	0.002831709537
300372	0.002248265394
300373	0.001522149946
300374	0.0005996632929
300375	0.004553922219
300376	0.001115562914
300377	0.0008230813658
300378	0.002941988908
300379	0.001438328746
300380	0.001935051611
300381	0.003885510958
300382	0.002797897104
300383	0.0001685427157
300384	0.004068124255
300385	0.001037760421
300386	0.002274477575
300387	0.0005734649902
300388	0.002226128288
300389	0.0004738086851
300390	0.0005943046237
300391	0.001250193303
300392	0.0004725635209
300393	0.0007705563911
300394	0.001153934094
300395	0.001044054739
300396	0.003765836992
300397	0.0006579610891
300398	0.002224981358
300399	0.0005741276054
300400	0.001607753928
300401	0.00257133252
300402	0.002259910692
300403	0.001366221622
300404	0.004090786942
300405	0.0001136924994
300406	0.0009815669863
300407	0.002120697531
300408	0.002160121068
300409	0.0009942183221
300410	0.002382949749
300411	0.001203435651
300412	0.0001950109354
300413	0.002292063399
300414	0.0005090073446
300415	0.001835234659
300416	0.0001021868299
300417	0.0002338982282
300418	0.0007190820349
300419	0.0007101406419
300420	0.0008910753129
300421	0.002451987292
300422	0.002956189269
300423	0.003733957094
300424	0.0008296019224
300425	0.001496461041
300426	0.001033651213
300427	0.001105548694
300428	0.001140866706
300429	0.002281766777
300430	0.0007249480033
300431	0.001449856626
300432	0.0003674389924
300433	0.003322892722
300434	6.523498487e-05
300435	0.001536873513
300436	0.003882834818
300437	0.002979814183
300438	0.002475672352
300439	1.406528652e-05
300440	7.933531721e-05
300441	0.001442111335
300442	0.0007451885832
300443	0.004171940046
300444	0.002300843903
300445	0.0002689564791
300446	0.0007151315169
300447	0.0008993679559
300448	0.00160440241
300449	0.001193421235
300450	0.0007717053734
300451	0.0002552009596
300452	0.0037246173
300453	0.0004412482261
300454	0.0007338352597
300455	0.001386207073
300456	0.001868756696
300457	0.002025158385
300458	0.002438039845
300459	0.002427939292
300460	0.0005696021052
300461	0.001473355669
300462	0.0003835362163
300463	0.0001518493646
300464	0.001885058218
300465	0.0008912820791
300466	0.001521970619
300467	0.0006651970905
300468	0.001109663055
300469	0.002527261442
300470	0.0004761372011
300471	0.001108037501
300472	3.720074895e-05
300473	0.0003682329131
300474	0.001244396944
300475	0.004079695931
300476	0.0005021271724
300477	0.003954933868
300478	0.003895984155
300479	0.000482185717
300480	0.002780542484
300481	0.001548058189
300482	0.002847536303
300483	0.003132645852
300484	0.004133707254
300485	0.002470689586
300486	0.001243483732
300487	0.0005405177813
300488	0.001094281275
300489	0.00336449127
300490	6.767915426e-05
300491	0.0004230561046
300492	0.0003504167579
300493	0.004669602617
300494	0.001897658857
300495	0.002281659639
300496	0.003391609128
300497	0.0005823952523
300498	0.002031544404
300499	0.001790490882
300500	0.000916529495
300501	0.001042391969
300502	0.002501191721
300503	0.0003650000345
300504	0.002417261749
300505	0.002310287337
300506	0.002271196319
300507	0.0002486138131
300508	0.002750087635
300509	0.0007485466138
300510	0.0007761433877
300511	0.002500695264
300512	0.001700772329
300513	5.200272016e-05
300514	0.000336091891
300515	0.004381801842
300516	0
300517	0.0006861637277
300518	0.001030200491
300519	0
300520	0.004979282142
300521	0.001591324398
300522	0.001031485154
300523	0.0003269683756
300524	0.0004303114576
300525	0.0002415034564
300526	0.001386929834
300527	0.0009230991264
300528	0.0006480711848
300529	0.0002541679598
300530	0.002235153227
300531	0.002961134786
300532	0.003579342464
300533	0.001157623608
300534	0.002087426884
300535	0.003867027467
300536	0.002480245098
300537	0.001876436388
300538	0.002834874724
300539	0.0008633736107
300540	0.000279527296
300541	0.001141319701
300542	0.001037833744
300543	0.002345164032
300544	0.003656800626
300545	0.001167699898
300546	0.000842211963
300547	0.004071120203
300548	0.0001622402907
300549	0.001673889878
300550	0.0004235605736
300551	0.003581207478
300552	0.003084148763
300553	0.0007712447088
300554	0.0007569429863
300555	0.00119045223
300556	0.0007070860277
300557	0.0001440027731
300558	0.003404297004
300559	0.002487417566
300560	0.0009988946612
300561	0.00207129575
300562	0.0005067164789
300563	3.358786507e-05
300564	0.00457165274
300565	0.00293210428
300566	0.003013980028
300567	0.0001850618247
300568	0.00333438589
300569	0.004031957394
300570	0.0009273285141
300571	0.00104660551
300572	0.0001496735143
300573	0.001265650954
300574	0.0002442972393
300575	0.0002831098349
300576	1.348910935e-05
300577	0.001119126726
300578	0.0009193039117
300579	0.001738923157
300580	0.001352690616
300581	0.005924054629
300582	0.001002034168
300583	0.0006409273638
300584	0.001591137395
300585	0.0002702411347
300586	0.0002593692588
300587	0.0005778914482
300588	0.001539288482
300589	0.001823363944
300590	0.003354571754
300591	0.00202542864
300592	0.0006951890115
300593	0.001990179551
300594	0.0004469446585
300595	0.001197184323
300596	0.001015528921
300597	0.006321602936
300598	0.001314716953
300599	0.001461144845
300600	0.00105590263
300601	0.001303500748
300602	0.001530874627
300603	0.001853905739
300604	0.001191693301
300605	0.00557058394
300606	0.001915529907
300607	0.0002622306865
300608	0.005221387101
300609	0.001744605987
300610	0.001472596247
300611	0.0002708511195
300612	0.001134815758
300613	8.022809873e-05
300614	0.002674503041
300615	0.00140371809
300616	0.0009400327415
300617	0.003641990993
300618	0.001547613681
300619	0.001182567023
300620	0.0006600022616
300621	0.0002255299716
300622	0.001372391575
300623	0.002347754889
300624	0.001230616881
300625	0.002496936313
300626	0.001077092577
300627	0.0004873037631
300628	0.002533048498
300629	0.004834403548
300630	0.0006417704328
300631	0.001539827719
300632	0.003271694063
300633	0.0004884930927
300634	0.00198892067
300635	0.001313026279
300636	0.000117603574
300637	0.00232541371
300638	0.002132888315
300639	0.0009398054365
300640	0.003886320267
300641	0.001111532623
300642	0.0003880182059
300643	0.002047736809
300644	0.002298869659
300645	0.002420464661
300646	0.00269863559
300647	0.003022581652
300648	0.000355513635
300649	0.0007207320046
300650	0.0009800188058
300651	0.0008352660958
300652	0.0019100261
300653	0.0007095741021
300654	0.002521940145
300655	0.00125369033
300656	0.001183277744
300657	0.0009181857828
300658	0.003481875817
300659	0.000179809636
300660	0.003547766728
300661	0.001496533999
300662	0.001013156624
300663	0.001851336709
300664	0.0001253309928
300665	0.001217472803
300666	0.00207097459
300667	0.0002419492746
300668	0.002552759738
300669	0.003536843596
300670	0.001031012454
300671	0.0004342875244
300672	0.000946522532
300673	0.000391817595
300674	0.001642479929
300675	0.001638956065
300676	0.0001836999647
300677	0.000553007687
300678	4.186384764e-05
300679	0.002639832813
300680	0.00341925144
300681	0.0007481944531
300682	0.002701754626
300683	0.001676244079
300684	0.0001147494265
300685	0.0006986962858
300686	0.001104093645
300687	0.003913550876
300688	0.0006768518397
300689	0.003106379989
300690	1.191683375e-05
300691	0.002939839288
300692	0.001060082852
300693	0.001731531506
300694	0.00205650092
300695	0.000696650407
300696	0.001634740644
300697	0.000187677986
300698	0.001460725858
300699	0.0002549853104
300700	0.001363213458
300701	6.272681173e-05
300702	0.003106085436
300703	0.001274598621
300704	0.0002478873463
300705	0.002420377796
300706	0.001746903496
300707	0.002755067862
300708	0.0003006023138
300709	0.00308392892
300710	0.004601004633
300711	0.003345039444
300712	0.002442404801
300713	0.0005070684159
300714	0.003483494344
300715	0.001126846398
300716	0.004018364662
300717	0.0002962943244
300718	0.0002379840955
300719	0.0001113394526
300720	0.0008363087701
300721	0.0003143860786
300722	0.002171060846
300723	0.0009931099653
300724	0.0007247128938
300725	0.005333831132
300726	0.00254573536
300727	0.004036641703
300728	0.001009707364
300729	0.001020970695
300730	0.0009273282214
300731	0.001272678798
300732	0.0008002151362
300733	0.0004092963194
300734	0.002168201286
300735	0.0003209732836
300736	0.003720287444
300737	0.0003064468998
300738	0.002474904168
300739	0.006066574403
300740	0.0005478154162
300741	0.001952451686
300742	0.002301578904
300743	0.001861484646
300744	0.001086869623
300745	0.002954813787
300746	0.002350398256
300747	0.0004209864442
300748	0.0004256613372
300749	0.004751915505
300750	0.001681441639
300751	0.0006932848893
300752	0
300753	0.0001291866297
300754	0.0003214505422
300755	0.004875234635
300756	0.0002965962547
300757	0.00194230991
300758	0.001762081511
300759	0.000530638772
300760	0.0002016556234
300761	0.001421126856
300762	0.0005090073446
300763	0.0006361293571
300764	0.003709608709
300765	2.201166071e-06
300766	0.001136778902
300767	0.001549132994
300768	0.002314629871
300769	0.0006600158437
300770	0.0001231208236
300771	0.0001272931425
300772	0.0008418709986
300773	0.0005599528361
300774	0.0005308934756
300775	0.002172325932
300776	0.0002818562504
300777	0.001117803406
300778	0.002543904351
300779	0.003014223803
300780	0.004135709442
300781	0.0004018646524
300782	0.0002229102929
300783	0.0009214419014
300784	0.002010410235
300785	0.00059292067
300786	0.0006214159526
300787	0.003570468591
300788	0.0002373664548
300789	0.004300123502
300790	0.004123547595
300791	0.002524920456
300792	0.0005906994641
300793	0.001969277748
300794	0.0003360638169
300795	0.002418835857
300796	0.001020895783
300797	0.0004119495416
300798	0.0004917897218
300799	0.002252233651
300800	9.627412462e-05
300801	0.003244313117
300802	0.002039127847
300803	0.0007377283816
300804	0.0006685210589
300805	0.006308676675
300806	0.001459451428
300807	0.002147511357
300808	0.002945616706
300809	0.0008932880531
300810	0.004009136502
300811	0.0017033434
300812	0.0006913960683
300813	0.002402544437
300814	0.0019830433
300815	0.0003785386297
300816	0.0006336991081
300817	0.001945629744
300818	0.0003681897713
300819	0.001768924735
300820	0.001961547922
300821	0.001120128592
300822	0.001785166637
300823	0.003339017987
300824	0.0005090073446
300825	0.0003539286175
300826	0.0001692804704
300827	0.0032147706
300828	0.0003176634756
300829	0.0009967560667
300830	0.0002495097435
300831	0.0001154158289
300832	0.0006509327378
300833	0.002227913261
300834	0.002883951619
300835	0.001541732443
300836	0.000969344286
300837	0.0005642474858
300838	0.003456355729
300839	0.002803934075
300840	0.001830906596
300841	0.002286872145
300842	0.005750965677
300843	0.000936073784
300844	0.001535477762
300845	0.0008852398828
300846	0.00273857679
300847	9.194105998e-05
300848	0.003697203245
300849	0.002736726236
300850	0.003351838982
300851	0.0004604538511
300852	0.0002571418114
300853	0.001549116939
300854	0.0006351349213
300855	0.001887425101
300856	0.002625247255
300857	0.0003990408819
300858	0.002162724127
300859	0.001462707365
300860	0.001602806503
300861	0.0005092234722
300862	0.002402727015
300863	0.002704878765
300864	0.0005491636681
300865	0.0001743660417
300866	0.000452231261
300867	0.004784621407
300868	0.002466944933
300869	0.0005787313807
300870	0.0006247415701
300871	0.003081987796
300872	0.001857399761
300873	0.001246736514
300874	0.0002405858606
300875	0.003684219532
300876	0.003634261908
300877	0.0001674955573
300878	0.0006644779886
300879	0.0003957605042
300880	0.001544035713
300881	0.001897071917
300882	0.0008171056872
300883	0.0007025147507
300884	0.000589712359
300885	0.001013627525
300886	0.002465891383
300887	0.0003875713846
300888	0.003240255352
300889	0.0005355387778
300890	0.0003565685315
300891	0.0009359514131
300892	0.005062856021
300893	0.002716310745
300894	0.00121935261
300895	0.0004292248528
300896	0.004394308965
300897	0.0007159525113
300898	0.00032521421
300899	4.843947433e-05
300900	0.002100552724
300901	0.0001387345194
300902	0.0005390292028
300903	0.002917061344
300904	0.001535906101
300905	0.001030987977
300906	0.0005090073446
300907	0.0001828635419
300908	0.002346560698
300909	0.0004120396227
300910	0.001853840168
300911	0.001706689394
300912	0.000129814259
300913	0.002844329819
300914	0.0005722991764
300915	0.002657795995
300916	0.001227034515
300917	0.001970003144
300918	0.002774149511
300919	0.0004031215963
300920	0.0007264208649
300921	0.0003929803787
300922	0.0006361123265
300923	0.001121505359
300924	0.001235404023
300925	0.00164653072
300926	0.001628161831
300927	0.000371566369
300928	0.0007654345985
300929	4.376866951e-05
300930	0.001285597289
300931	0.002723568478
300932	0.001712577513
300933	0.001185563935
300934	0.00199827743
300935	0.004453718411
300936	0.0005968573662
300937	0.001287719846
300938	8.746065174e-05
300939	0.002468024864
300940	0.001957716379
300941	0.002957862088
300942	0.001556654119
300943	0.001501241622
300944	0.0001127042907
300945	0.002838644033
300946	0.0008693429542
300947	0.002035839083
300948	0.002090032389
300949	0.0005208545894
300950	0.001579120045
300951	0.003608848042
300952	0.0001907634439
300953	0.0004697934963
300954	0.0007624976047
300955	0.0002247477246
300956	0.0007927073339
300957	0.0003922882009
300958	0.0001770455834
300959	0.0007503953603
300960	0.0002513001254
300961	0.0008030292182
300962	9.994118768e-05
300963	0.0002952231768
300964	0.0009524161772
300965	2.740827547e-07
300966	0.001918883013
300967	0.001028745348
300968	0.000347487612
300969	0.001173031123
300970	0.000450146339
300971	0.0006668193762
300972	0.0008535280373
300973	0.0002251978727
300974	0.0002193892852
300975	0.0004654326673
300976	0.0002700617201
300977	0.001131566784
300978	0.0001182405538
300979	0.001254043696
300980	0.0004389960934
300981	0.0006668368534
300982	0.0003992898405
300983	0.0001085750331
300984	0.002865479382
300985	0.003582502713
300986	0.001230123941
300987	0.000617753293
300988	0.00174266955
300989	0.002469351126
300990	0.00527092628
300991	0.001127158957
300992	0.002616908108
300993	0.001246443191
300994	0.002630888693
300995	0.0006735345459
300996	0.0002264358491
300997	0.00048090173
300998	9.00745426e-05
300999	0.0002333489006
301000	0.000438969735
301001	0.0005614439622
301002	0.0007064424528
301003	3.407751253e-07
301004	0.0009157332187
301005	0.0009163741068
301006	0.0004799720921
301007	8.852859459e-05
301008	0.0005723257963
301009	0.0004471499933
301010	0.0004349362352
301011	0.000586032204
301012	0.0004781250112
301013	0.0004806447912
301014	0.0003291399796
301015	2.452497532e-05
301016	0.0003203260901
301017	0.0001170167624
301018	1.948106787e-05
301019	0.0008244590332
301020	0.000336313879
301021	0.0003253432065
301022	0.0005723389899
301023	0.0006764100264
301024	0.0002231893232
301025	6.989471787e-07
301026	0.000795575305
301027	0.0006751572836
301028	1.581889443e-05
301029	0.002735542314
301030	0.00483485634
301031	0.0008465003712
301032	0.0008751931096
301033	0.000312870187
301034	0.0001041459452
301035	0.000293294904
301036	0.001332504321
301037	0.0003616671558
301038	8.210121776e-05
301039	0.0008927594319
301040	0.002061662908
301041	0.001229957327
301042	0.001371695034
301043	0.001233035572
301044	0.001984367945
301045	0.0008730503059
301046	0.0002115629444
301047	0.001585936029
301048	0.0002137002598
301049	0.0001225809593
301050	0.0005779531503
301051	0.0003686287598
301052	0.001536696445
301053	0.0002763358992
301054	0.0004806237452
301055	0.0008997090819
301056	3.620073963e-05
301057	0.0006733009993
301058	2.502360765e-05
301059	0.001826593252
301060	9.491953499e-05
301061	0.001571480404
301062	0.0005397396798
301063	0.0001089755748
301064	0.001596376842
301065	0.0006012562276
301066	0.0003501291963
301067	0.0002728851351
301068	0.000555833118
301069	0.0001399320226
301070	0.002168102296
301071	0.0001235505402
301072	0.0003254988647
301073	0.001222899291
301074	0.001108399936
301075	0.0004483778575
301076	0.0001214227251
301077	0.0009263377294
301078	0.0009703064859
301079	0.0002096690863
301080	0.0002997090765
301081	0.001559423465
301082	0.0009435927653
301083	0.001471541926
301084	0.0006938281288
301085	0.001527446174
301086	0.0009581502676
301087	0.001261677266
301088	0.000417339818
301089	0.0005864302473
301090	0.0005990278957
301091	0.0008208235387
301092	0.001723564738
301093	0.00156914545
301094	0.0009048832167
301095	0.001700684051
301096	0.000127116911
301097	0.001498826663
301098	0.0003765153252
301099	0.001679377925
301100	0.001612721339
301101	2.048232472e-05
301102	0.001026274265
301103	0.001340042051
301104	0.001136550098
301105	0.001467766547
301106	0.001226235407
301107	0.001117131371
301108	0.0001022678851
301109	0.0008121362287
301110	0.0004889638026
301111	0.0001267537918
301112	0.0001045838563
301113	0.000365525309
301114	0.002041430189
301115	0.0007376949506
301116	0.0009016964385
301117	0.0005756018052
301118	3.524413007e-06
301119	0.0008957625018
301120	0.0001147975545
301121	0.0004394396244
301122	0.0004684857785
301123	0.0006661781046
301124	4.053548748e-05
301125	0.001463365757
301126	0.00142681864
301127	0.0009178469584
301128	6.19335466e-05
301129	0.0007495480486
301130	0.00134922018
301131	9.97978111e-05
301132	0.0003488651846
301133	0.00149484569
301134	3.665635132e-06
301135	0.0005723729765
301136	0.0003276735689
301137	0.0001171239962
301138	0.0007538744636
301139	0.00111140838
301140	0.000418250109
301141	0.00111847649
301142	0.0008410062602
301143	0.000326097757
301144	0.0001812860962
301145	0.00131247606
301146	0.0002371342221
301147	0.0003487710865
301148	0.0002300682317
301149	0.0013222158
301150	0.0001603361884
301151	0.0003050925083
301152	0.001311391129
301153	0.0002806319269
301154	0.0008652731882
301155	0.0002233626134
301156	3.476315612e-06
301157	0.0001223011174
301158	7.495401869e-05
301159	0.000467206033
301160	0.0003463308198
301161	0.0006198287512
301162	0.0007111240364
301163	0.0003129831608
301164	0.0009292855264
301165	0.001452044638
301166	0.001244250439
301167	0.001345849598
301168	9.250112302e-07
301169	0.0008067309117
301170	0.000788090223
301171	0.0007390280299
301172	1.545305759e-05
301173	2.553832856e-05
301174	0.001217971867
301175	0.0008739479953
301176	0.001515966638
301177	0.0006894506402
301178	0.0003824056841
301179	0.0009018229264
301180	0.001366491928
301181	0.0001250877529
301182	0.001076251321
301183	0.0003190382175
301184	0.0008376014365
301185	0.0006592092058
301186	0.001339289108
301187	0.00137627308
301188	0.001511844986
301189	0.001352342585
301190	0.000755496985
301191	0.0007516733226
301192	0.0006031757014
301193	0.000675384605
301194	0.001113330449
301195	0.0009766661129
301196	0.001317497441
301197	0.0004216352559
301198	0.001585501472
301199	0.0009242663999
301200	0.0007470683295
301201	0.001048167625
301202	0.0007267704147
301203	0.001953082243
301204	0.0005658337137
301205	0.0005922641215
301206	0.001011012155
301207	0.001329260087
301208	0.001228092901
301209	0.001714258129
301210	0.0001417748243
301211	0.0007529122511
301212	0.000221343847
301213	0.0001028637706
301214	0.001683101349
301215	0.0006586916704
301216	0.0005855930927
301217	0.001658866247
301218	0.0005329054705
301219	1.922471797e-07
301220	0.0007246309546
301221	0.001449005
301222	0.0006904611657
301223	0.001240964466
301224	0.0001002895628
301225	0.0008709752357
301226	0.001350707771
301227	0.000128638082
301228	0.0002749516552
301229	0.0008122766198
301230	0.0005234780722
301231	0.0003263599672
301232	0.0009135039557
301233	0.0002633130877
301234	0.0007612019908
301235	0.001718916221
301236	0.001514936448
301237	0.001442674215
301238	0.0004406830542
301239	0.0005669261661
301240	1.64312632e-05
301241	0.001433226513
301242	0.002275742209
301243	1.005437899e-05
301244	0.000239470327
301245	0.0009663959185
301246	0.0002101353749
301247	0.0005747972311
301248	0.0002153723605
301249	0.001711750107
301250	0.0007612904198
301251	0.0002847857172
301252	0.001388128479
301253	0.0006862904276
301254	0.0002726898488
301255	0.0003370650215
301256	6.811400033e-05
301257	0.0007158071027
301258	0.000851838727
301259	7.951926314e-05
301260	0.001675925962
301261	0.001562018253
301262	0.001742750956
301263	8.477581815e-05
301264	0.0003423488253
301265	0.001460417763
301266	8.605059715e-05
301267	9.747760457e-05
301268	0.0007595551678
301269	0.0003692345238
301270	0.001052115033
301271	8.512667998e-05
301272	0.0005519650401
301273	0.0001522844108
301274	0.001352090315
301275	5.46222516e-05
301276	0.0001009138968
301277	5.865739684e-05
301278	0.0006769380512
301279	0.001225590502
301280	0.0009791833444
301281	3.504693549e-06
301282	0.0001393911421
301283	0.0005575634269
301284	0.001321684161
301285	3.528506402e-06
301286	0.001219083223
301287	0.0005876470205
301288	0.001983189686
301289	0.0002906151568
301290	0.001703071367
301291	0.0002405233032
301292	0.001670506525
301293	0.0001101553117
301294	0.000626911732
301295	0.0005165099933
301296	0.0002130241368
301297	0.0008168580491
301298	0.0009447240852
301299	0.0004466264463
301300	0.001093688869
301301	0.0004916283496
301302	5.725291877e-05
301303	0.0006306346036
301304	0.0010795333
301305	0.00167951187
301306	0.0002332313568
301307	0.001195110759
301308	0.00184790544
301309	0.0008581576802
301310	0.0001182908389
301311	0.0005453323339
301312	0.0005777012223
301313	0.0006052906825
301314	4.483033447e-06
301315	0.002516301188
301316	0.0002887645544
301317	0.0002817720395
301318	0.0004741331426
301319	0.001321074334
301320	0.0002457059212
301321	0.001833024504
301322	0.0002210172232
301323	4.481804964e-05
301324	0.001330098908
301325	0.001547422992
301326	0.001347435277
301327	0.0001843828784
301328	0.0007828331303
301329	0.0001060711411
301330	4.723777712e-06
301331	0.0008802884397
301332	0.0007828253675
301333	0.0006015973298
301334	0.0009861392329
301335	0.0002659128817
301336	0.001342052508
301337	0.0004931902766
301338	0.0002408003685
301339	0.001011470405
301340	8.551101939e-06
301341	8.525104505e-05
301342	0.0003323702304
301343	0.002365898804
301344	0.0008417573033
301345	0.0004238318508
301346	0.001086162081
301347	9.397586109e-05
301348	0.001295143769
301349	0.0002500633563
301350	0.0007721998442
301351	0.0004165848468
301352	0.001348636903
301353	0.0003719411196
301354	0.0008958264361
301355	0.0006497701065
301356	0.0003384005993
301357	0.0006776029047
301358	0.001491172576
301359	0.0002513674877
301360	0.001841263039
301361	0.0004571908249
301362	0.00109359755
301363	0.0001257175159
301364	0.00134582094
301365	0.00097534982
301366	0.0002225153384
301367	0.001475016919
301368	0.0001683037342
301369	0.001077951979
301370	0.001571454206
301371	0.0008181541853
301372	0.00135829863
301373	0.001422483249
301374	0.001513311935
301375	4.927698147e-05
301376	0.0001214885423
301377	0.0007811922083
301378	0.0007217729723
301379	0.0002493233934
301380	0.0009559467239
301381	0.0007114841326
301382	0.0002563827292
301383	0.001087262643
301384	0.001191790418
301385	0.001167291176
301386	0.0007387696037
301387	0.0003640984344
301388	0.0004509493468
301389	0.0001011729522
301390	0.001493909039
301391	0.0009045726122
301392	3.558183515e-06
301393	0.0008361944807
301394	0.00161766379
301395	0.0002787958805
301396	0.001040791334
301397	0.0007615500136
301398	0.0007010361568
301399	0.0002651812843
301400	0.0003277943686
301401	0.0007514222805
301402	0.001475792175
301403	0.000994511717
301404	1.809166449e-05
301405	0.0002831833462
301406	0.0004253357061
301407	0.0002190175621
301408	0.0004542805057
301409	0.001183051367
301410	0.000212968063
301411	0.0001411872265
301412	0.0003872351424
301413	0.000599807124
301414	0.0007626100509
301415	0.0004770591869
301416	0.001019238154
301417	4.965035186e-05
301418	0.0005249105599
301419	0.00198273426
301420	0.0007735677895
301421	0.001188840901
301422	0.001843012658
301423	0.0007145989362
301424	0.0008433226304
301425	3.671423717e-05
301426	7.883253336e-05
301427	0.0002622008038
301428	0.002203476746
301429	0.001679113943
301430	0.0003028450049
301431	0.001204789469
301432	0.001396468476
301433	0.0007179927714
301434	0.001692441174
301435	0.0002668892783
301436	0.0006548698875
301437	0.0001995615174
301438	0.0002050034778
301439	0.0007671799228
301440	0.0008899583104
301441	0.001461749364
301442	9.608940713e-05
301443	0.0006344843133
301444	0.001247502469
301445	0.0009217696202
301446	0.0003902567949
301447	1.668365426e-05
301448	2.365922049e-05
301449	0.0008135305853
301450	0.001014881679
301451	0.001191970121
301452	8.968838214e-05
301453	0.001194565302
301454	0.0007326055108
301455	5.137889265e-05
301456	0.0006961874246
301457	0.0006664093307
301458	0.00160940773
301459	0.001746772133
301460	0.001594500334
301461	0.002636947345
301462	0.001233936107
301463	1.688204827e-05
301464	0.0001363908078
301465	0.0002679002489
301466	0.0003491366203
301467	0.000731529445
301468	0.001117339647
301469	5.888529295e-05
301470	0.001207579992
301471	0.002400458168
301472	0.0003472617859
301473	1.330353347e-06
301474	0.0001607463376
301475	0.000877394387
301476	3.612410866e-05
301477	0.0007775887459
301478	0.001634515438
301479	0.0004788902895
301480	0.0002265937792
301481	0.001211228708
301482	7.162796864e-05
301483	0.0002422829151
301484	0.001696720379
301485	0.0001268906868
301486	0.001004650748
301487	0.000219248109
301488	0.0008534459071
301489	0.001355257392
301490	0.0009728822534
301491	0.001337744805
301492	0.001813031852
301493	0.0002814916747
301494	0.001581976115
301495	0.0009604200186
301496	0.001057612232
301497	0.000454924791
301498	0.001454720669
301499	0.00100730429
301500	0.0004292535112
301501	0.001481782689
301502	0.0007751931516
301503	0.0008539622495
301504	0.001957610623
301505	0.001221298774
301506	0.00029320192
301507	0.0009363880183
301508	0.001237123838
301509	0.001486265033
301510	0.0006709554115
301511	0.001094924876
301512	0.001375362392
301513	0.0004359350474
301514	0.001936394916
301515	0.0005827947387
301516	0.0003284857888
301517	0.0006964611713
301518	0.0003901768496
301519	0.001047010687
301520	9.632503433e-05
301521	0.0003944932353
301522	0.001566536174
301523	0.0007749917405
301524	0.000846290598
301525	0.0004083728512
301526	0.0008503416875
301527	6.951926974e-05
301528	0.0003392659998
301529	2.829559222e-06
301530	0.0007990355622
301531	0.0009839616506
301532	0.001283425883
301533	0.001016952674
301534	2.434546616e-06
301535	0.0004545818751
301536	0.001219325757
301537	0.001057993533
301538	0.001443357937
301539	0.001726519376
301540	0.00121689121
301541	0.0001553473407
301542	0.0006384809387
301543	0.0002390621227
301544	0.0003127403194
301545	0.00052422377
301546	0.0009311204216
301547	0.0004668493358
301548	8.195717404e-05
301549	0.000508157188
301550	0.0007892496049
301551	0.0008370150023
301552	0.001449332961
301553	0.000307488801
301554	0.0007401409756
301555	0
301556	0.001292983511
301557	2.341421882e-06
301558	0.00131980169
301559	0.0005829816412
301560	0.001432922089
301561	0.001006060834
301562	0.0001642601667
301563	0.000947152303
301564	0.0003293980736
301565	0.001346409095
301566	0.001513270004
301567	0.001679056532
301568	0.0002777257902
301569	0.002110551484
301570	0.001237400595
301571	0.000552486629
301572	1.221776042e-05
301573	1.160477454e-06
301574	0.001325431851
301575	0.0002506801384
301576	0.0001275831027
301577	0.0007730134892
301578	0.0005842432121
301579	0.0009926742982
301580	0.0007323764533
301581	0.0001259578099
301582	6.073574683e-06
301583	0.001337919698
301584	0.0012312893
301585	0.0003633400484
301586	0.0004904936002
301587	0.001347918471
301588	0.0002252015146
301589	0.001071382997
301590	0.001595445097
301591	0.0003072647975
301592	0.001996515029
301593	0.001137191512
301594	0.000432269361
301595	0.0007266073477
301596	0.0004310928538
301597	0.001719187586
301598	0.001254487807
301599	2.23908701e-06
301600	0.0003499885625
301601	0.001053369534
301602	0.0002322285778
301603	0.0003829341533
301604	0.001451593628
301605	0.001012988676
301606	0.001201775005
301607	0.000152153926
301608	0.0004575353876
301609	0.000850332276
301610	0.0003570819551
301611	0.0001184263205
301612	0.0008813868178
301613	0.000451393869
301614	0.001578267714
301615	0.0002685248703
301616	0.002533690076
301617	1.21543128e-05
301618	0.0007380544669
301619	0.0001831894943
301620	0.0002840538004
301621	0.001222845389
301622	0.001079708846
301623	0.0006055217697
301624	0.000726619476
301625	0.001939471717
301626	0.001331115944
301627	0.001532105723
301628	0.001259802009
301629	0.001345068272
301630	0.001537706441
301631	0.0006781469332
301632	0.0008352915847
301633	0.001029474283
301634	0.0003081576833
301635	0.0003668314117
301636	0.001080818043
301637	0.0003392198357
301638	0.0004186366375
301639	5.142262194e-05
301640	0.0008554270688
301641	0.001219865875
301642	0.0003171998126
301643	0.0004345197049
301644	0.001605001778
301645	0.0008487554965
301646	0.0007819136623
301647	3.010445979e-05
301648	0.0012263797
301649	0.0009184466317
301650	0.001045186431
301651	0.001006411902
301652	0.0002711671414
301653	0.001060749268
301654	0.0008115058535
301655	0.0006803078753
301656	0.0002650672219
301657	0.0005224000805
301658	0.001347442408
301659	0.001351999644
301660	0.0001180775701
301661	0.00169205971
301662	0.0002237779539
301663	0.00101521755
301664	0.0004781673116
301665	0.001255861129
301666	0.000369436167
301667	0.001206168035
301668	0.001621901973
301669	0.0002406138475
301670	1.953525193e-05
301671	0.0003327615005
301672	0.0002456587028
301673	0.0007043925114
301674	0.0002183580834
301675	0.0007179677881
301676	0.0004707514347
301677	0.001473063171
301678	0.0002401833386
301679	0.0002849538052
301680	0.001056547427
301681	0.0009410836229
301682	4.776991846e-06
301683	0.0005356982006
301684	0.000640473028
301685	0.001168297185
301686	0.000731647281
301687	0.0006122072368
301688	0.0003755191167
301689	0.0003801618679
301690	0.001319860344
301691	0.000256115523
301692	0.001134878764
301693	0.001595885883
301694	0.0008839562439
301695	0.0001999969781
301696	0.001228185636
301697	0.0006151859547
301698	0.001077440127
301699	0.0002615181281
301700	5.2009793e-05
301701	0.0007686436857
301702	0.000557788292
301703	0.0002416063136
301704	0.001374840743
301705	0.0006175824276
301706	0.001349506684
301707	0.001091400282
301708	0.00035269285
301709	0.0009113489398
301710	0.001167210132
301711	0.001146882983
301712	0.0003503157825
301713	0.0004286139594
301714	0.0006225646524
301715	0.0007301825776
301716	0.0008787298719
301717	0.0001505193862
301718	0.0005736195734
301719	0.001056652795
301720	0.001117598402
301721	0.0002628919513
301722	0.0006566876337
301723	0.0001116388055
301724	0.000336057738
301725	0.000684009871
301726	0.0003511276474
301727	0.001608700837
301728	0.0003525710664
301729	0.0001086075771
301730	0.0003696096567
301731	0.001086152123
301732	0.001339063611
301733	0.0004456845936
301734	0.001376014016
301735	0.0008054041117
301736	0.001011033673
301737	0.0005392174424
301738	0.0003629171731
301739	0.0001096390273
301740	0.0008246667107
301741	0.000218455734
301742	0.0001312584663
301743	0.00132305428
301744	0.001239359992
301745	0.0007374831153
301746	0.0007345125494
301747	0.000695384018
301748	0.0006036424413
301749	6.787839552e-05
301750	0.0009763298461
301751	0.0004959124422
301752	0.0003798630704
301753	0.0003593995726
301754	0.001512373896
301755	0.0003261686856
301756	0.001258184851
301757	0.001632441731
301758	0.0002924134597
301759	0.002044448639
301760	0.00232019664
301761	0.002092788678
301762	0.001297610805
301763	0.001255799618
301764	0.0004071184042
301765	6.599367415e-05
301766	0.0003106799658
301767	0.001228568643
301768	0.00121912211
301769	0.001561063913
301770	0.001730043589
301771	0.0003353139671
301772	0.0001556079432
301773	0.0003226209941
301774	0.0001228812539
301775	0.001534654928
301776	0.0008883042137
301777	0.0003979190037
301778	7.888351077e-05
301779	0.0006559048937
301780	0.0002196591805
301781	0.001218154023
301782	0.0001187734767
301783	0.001572288135
301784	0.001441672796
301785	0.0002315676411
301786	0.001147415283
301787	0.0007167271999
301788	0.0008492150093
301789	0.00166787377
301790	0.0001523442034
301791	0.0002239922846
301792	0.001770095003
301793	0.001818322257
301794	0.0008400793912
301795	0.0006271208533
301796	0.0007500840337
301797	0
301798	0.0008635249656
301799	0.0004791567286
301800	0.001052423973
301801	0.001586488843
301802	0.0005667123408
301803	0.001681419529
301804	1.202537086e-05
301805	5.76100416e-05
301806	0.0003192188631
301807	0.00068926174
301808	0.001418466465
301809	0.001389749689
301810	0.0006505285018
301811	0.0003677078093
301812	0.0001950615504
301813	0.001716040606
301814	0.0006865235895
301815	8.456800289e-06
301816	0.0002228295875
301817	0.001151882985
301818	0.0003718521185
301819	0.0001357041127
301820	0.0003350074163
301821	7.504588071e-05
301822	0.000117944863
301823	0.0004713213742
301824	0.0005026387837
301825	0.000382812589
301826	1.043815699e-06
301827	0.0004988776159
301828	0.0005649230467
301829	0.0001347098529
301830	0.0005127741317
301831	0.0002617644164
301832	5.857648095e-06
301833	0.0003643756527
301834	0.0001242121111
301835	0.0004944213958
301836	0.0002466536492
301837	0.0001037367304
301838	9.63906503e-06
301839	0.0002479011113
301840	0.0002576215131
301841	8.50709795e-06
301842	0.0002418519848
301843	0.0003729194012
301844	0.0002327199358
301845	0.0001375307051
301846	0.0002535796732
301847	0.0003410008094
301848	0.0001112803369
301849	0.0002352573088
301850	0.0001010474119
301851	0.0003767092538
301852	9.216415443e-05
301853	0.0006093291576
301854	0.0001219241871
301855	0.0004720796464
301856	0.0005980542633
301857	3.840617534e-05
301858	0.0001369622436
301859	0.0006421587049
301860	0.0002530567421
301861	1.2433687e-05
301862	7.183908054e-07
301863	0.0007022245465
301864	0.0004739113823
301865	2.906216786e-05
301866	2.410916005e-05
301867	0.000364964927
301868	0.0002554176078
301869	0.0008288213482
301870	0.000495607486
301871	0.0002294706002
301872	0.0001445309306
301873	0.0003388166964
301874	0.0001197742336
301875	1.085718496e-05
301876	0.0003808534389
301877	0.000127470234
301878	0.0002515450537
301879	8.28912428e-08
301880	0.0005656146381
301881	0.0002429849437
301882	0.000607832909
301883	0.0001132056328
301884	0.0001123645425
301885	0.0004717261559
301886	0.0003808474166
301887	0.0004568108335
301888	6.378532597e-06
301889	0.000947676484
301890	0.0005804054926
301891	8.069104693e-06
301892	0.0002382314888
301893	0.0002375554034
301894	0.0002441770331
301895	1.252836727e-05
301896	0.0002375755226
301897	0.0006925364482
301898	1.157980684e-06
301899	4.216196747e-06
301900	0.0001260723397
301901	7.907415559e-06
301902	1.798748358e-05
301903	0.0005846016822
301904	0.0002383253767
301905	5.925189077e-07
301906	0.0003665727675
301907	0.0001138741549
301908	0.0002236494051
301909	1.976449381e-05
301910	0.0007067085607
301911	0.0002356731175
301912	0.0002076700907
301913	0.0005760819429
301914	0.0003420612158
301915	0.0002401113807
301916	3.842004468e-05
301917	0.0002519568169
301918	0.0002195878779
301919	0.0004715255239
301920	0.0002393776402
301921	0.0003870989365
301922	9.803676098e-05
301923	0.0001199221458
301924	0.0003761649151
301925	0.0003159819798
301926	0.0005083123605
301927	0.000469446947
301928	0.000390140789
301929	0.000138436889
301930	0.0003709801557
301931	0.0002530424156
301932	0.0005019764334
301933	1.799047058e-06
301934	0.0008334780447
301935	0.0002553817903
301936	0.0007218271384
301937	0.0002240605321
301938	6.015243767e-06
301939	0.0001122599414
301940	2.441710059e-06
301941	0.0005770263951
301942	0.0002498997111
301943	0.0001048977549
301944	6.958746649e-06
301945	0.0003560341063
301946	6.001449155e-06
301947	0.0002512254263
301948	2.844909457e-06
301949	0.000359372109
301950	0.0005899423235
301951	0.0002258195805
301952	0.0002260433035
301953	0.0004837122681
301954	0.0003229337652
301955	1.455611226e-05
301956	8.890166427e-05
301957	9.849731468e-06
301958	0.0002411920368
301959	0.0001087398972
301960	0.0002386975912
301961	0.0003816403944
301962	4.410633e-06
301963	0.0004899549829
301964	0.0001256208407
301965	9.872177309e-05
301966	0.0001088937769
301967	0.0003518115503
301968	0.0002462637534
301969	0.0002389539735
301970	0.0003643631976
301971	0.0002215495814
301972	0.0002427383167
301973	0.0002317240146
301974	0.000346409685
301975	0.0001100149337
301976	0.0004996001002
301977	4.512887254e-05
301978	0.0004879832484
301979	0.0002541347335
301980	0.0002635810761
301981	0.0002461266246
301982	0.0002182593116
301983	0.0006216272467
301984	0.0002405805656
301985	0.0005117199996
301986	0.0004674417717
301987	0.0003703256872
301988	0.0002419697825
301989	0.0002462913834
301990	0.0004873286507
301991	4.7299178e-06
301992	3.069283713e-05
301993	0.0003552404201
301994	0.0003389216689
301995	1.125683595e-07
301996	6.82525336e-05
301997	0.0005906830825
301998	3.634051349e-05
301999	0.0002588780691
302000	0.000104657224
302001	0.0007127023139
302002	0.0005879850605
302003	0.0002325298535
302004	0.0001483871939
302005	0.0005010885127
302006	0.0002323018188
302007	0.0001081328342
302008	0.0003530964762
302009	0.0001196181188
302010	0.0001056928529
302011	0.0003486501663
302012	0.0001064374797
302013	0.0002388577785
302014	0.0004731336373
302015	0.0003959273219
302016	0.0001133398184
302017	0.0003699025846
302018	1.858519732e-05
302019	0.000238589661
302020	0.0001200120274
302021	0.0004567671361
302022	0.0001324745853
302023	9.988637222e-05
302024	0.0003637660225
302025	0.0002412810682
302026	0.0001492877557
302027	0.0005948040929
302028	0.0001131072615
302029	0.0001397182314
302030	3.130423749e-06
302031	0.0002262467477
302032	0.0002475572664
302033	0.0002340981839
302034	0.0004611202872
302035	0.0003390315996
302036	0.0002211796891
302037	0.0003363048792
302038	0.0002414526864
302039	0.000802094042
302040	8.600222679e-06
302041	0.0003534954091
302042	0.0002429176626
302043	0.0003576059704
302044	0.0003378550913
302045	0.0001475401492
302046	9.502845285e-05
302047	0.0004711700916
302048	7.583014049e-06
302049	0.0003719743018
302050	2.216498543e-05
302051	0.0002282456522
302052	0.0001956926688
302053	0.0002344645427
302054	2.945197625e-06
302055	0.0007235121146
302056	0.0004797869185
302057	0.0001533524408
302058	0.0004695366539
302059	0.0001072913236
302060	0.0002363696883
302061	0.0001015385922
302062	0.0003559593582
302063	0.0002238444451
302064	0.0006039089586
302065	0.0001455338126
302066	1.225460097e-05
302067	0.0002328913264
302068	1.280700708e-05
302069	0.0001226146637
302070	1.115654779e-05
302071	8.872433441e-07
302072	3.342256938e-06
302073	0.0002172538636
302074	0.0002176351852
302075	0.0002462391934
302076	2.704401208e-05
302077	0.0001444588462
302078	0.0009552195875
302079	3.556662828e-05
302080	0.0002479655824
302081	0.0002609527887
302082	0.0005988884791
302083	0.000207228835
302084	0.0004848244314
302085	0.0001262933978
302086	0.0001718160276
302087	0.0006114996846
302088	1.508109016e-05
302089	0.0001092371888
302090	3.163492246e-05
302091	0.0001190876815
302092	0.0002531181434
302093	0.0002149443685
302094	0.0004708732031
302095	2.621819433e-06
302096	8.398405838e-06
302097	0.0002327664773
302098	0.0004842539069
302099	0.0003683306186
302100	0.0003614159387
302101	0.0002233056875
302102	3.447661853e-06
302103	0.0002437599666
302104	0.0002556355806
302105	0.0001156902645
302106	1.202005191e-05
302107	0.0002407120867
302108	0.0001118589642
302109	0.0002327099778
302110	9.478815702e-06
302111	0.0001355976695
302112	0.0001167588578
302113	0.0002348810452
302114	0.0002372582848
302115	0.0004875711238
302116	0.0003538159038
302117	0.0002482785097
302118	1.676245213e-06
302119	2.640990685e-05
302120	0.0002599259498
302121	9.546700828e-05
302122	1.194247965e-06
302123	0.000363268675
302124	8.842031194e-05
302125	0.0003590194865
302126	1.634390248e-05
302127	3.729082752e-06
302128	0.0002320549331
302129	0.0005945853552
302130	0.0002155178771
302131	0.0004930814857
302132	0.0001155112374
302133	0.0006162410899
302134	0.0004947928713
302135	9.572595658e-05
302136	0.0002537526197
302137	0.0001420884414
302138	0.0006830662619
302139	0.0002321036765
302140	7.212561807e-06
302141	0.0001413035741
302142	0.0002324925203
302143	0.0007162933567
302144	0.000402640519
302145	0.0002704196557
302146	0.0004887240671
302147	0.0005721053829
302148	0.0006581854573
302149	0.0001014014905
302150	0.0002133989086
302151	0.0004525377209
302152	0.0004715024194
302153	0.0002434761516
302154	0.0003444902257
302155	0.0005804992042
302156	1.775510037e-06
302157	0.0004678142706
302158	0.0001124986422
302159	0.0002456313238
302160	0.0003610781922
302161	0.0006928668726
302162	0.0004931572134
302163	0.0005843240345
302164	0.0003827286739
302165	0.0003625455134
302166	1.333423388e-05
302167	0.0002172019317
302168	0.0002449978418
302169	0.0004875137336
302170	0.0002377617719
302171	9.791233256e-05
302172	0.0002273754183
302173	0.0002518133734
302174	0.000473464179
302175	0.0002433400464
302176	2.056930939e-06
302177	5.01952549e-06
302178	0.0004821035643
302179	0.0002393428461
302180	0.0002715558174
302181	0.0003492339956
302182	0.0001021994
302183	0.0002113917341
302184	0.0004716415948
302185	0.0002513629387
302186	0.0005959120325
302187	0.0002448423222
302188	5.702099093e-06
302189	0.0004938485227
302190	0.0002546654463
302191	0.0007207363659
302192	0.0002615403033
302193	0.0003344685168
302194	2.499017553e-06
302195	0.0001506112434
302196	0.0004689348375
302197	0.0002322046007
302198	0.0004981239155
302199	4.25815404e-06
302200	0.0006194823489
302201	1.225971768e-06
302202	0.0002489466735
302203	0.0003520818465
302204	0.0003525807376
302205	1.103194585e-06
302206	0.0004286413025
302207	0.0004691154663
302208	0.000453644767
302209	0.0001288808287
302210	0.000247455955
302211	0.0002659621077
302212	0.0003447986489
302213	0.0001188444276
302214	0.0001387510854
302215	0.0002608033649
302216	0.0005857529495
302217	0.0004715751601
302218	0.0002357655068
302219	2.436593324e-06
302220	0.000242996895
302221	0.0006958271188
302222	0.0001510062314
302223	2.207316847e-05
302224	0.0003646630395
302225	0.0001434489331
302226	0.0002463814379
302227	0.0001230952743
302228	0.0002187578568
302229	8.651675634e-05
302230	0.0008888176738
302231	0.0006971310398
302232	0.0003422270393
302233	0.0002316534031
302234	0.0003038272071
302235	0.0001432350822
302236	5.384787687e-05
302237	0.0003449154788
302238	0.0002436971943
302239	9.557371699e-06
302240	0.0005902514308
302241	2.609350694e-05
302242	0.0004792585988
302243	0.0002462439217
302244	4.963241316e-06
302245	0.0003617912224
302246	0.0002562823372
302247	0.0001204940247
302248	0.0002247004969
302249	0.0002080732901
302250	0.000478786759
302251	0.0001105196178
302252	0.0006306837225
302253	0.0001117028689
302254	0.000468503983
302255	0.0002424950196
302256	0.0003688674443
302257	0.0004731502303
302258	0.000130466614
302259	0.0001348563882
302260	0.0002479266946
302261	0.0001032841222
302262	0.0003764586164
302263	0.0003580413106
302264	8.697682803e-05
302265	0.0001175431198
302266	0.0003300696565
302267	8.271139587e-06
302268	2.125802305e-05
302269	0.0003520536973
302270	4.471517849e-05
302271	0.0002539716162
302272	2.791695323e-06
302273	0.0002500153493
302274	0.0003496614507
302275	0.0001252287689
302276	0.0001035739769
302277	0.0002186654093
302278	0.0004014759476
302279	0.0001106253655
302280	0.0004719107355
302281	0.0001995168539
302282	0.0002061550435
302283	0.0003498911177
302284	0.0002412485517
302285	0.0001327630377
302286	0.0002336489334
302287	2.853615678e-06
302288	0.0003549032189
302289	0.0005163870978
302290	0.0001026959847
302291	1.301556721e-05
302292	0.0002529624819
302293	2.467293775e-06
302294	0.0002452209605
302295	0.0002294679068
302296	0.0002476503907
302297	9.075029174e-05
302298	0.0002558177369
302299	3.739316239e-06
302300	0.0002537116853
302301	0.0004522921171
302302	1.343408924e-05
302303	0.0003648075469
302304	0.0003684775201
302305	9.732954406e-05
302306	0.0002317096873
302307	0.0002212702631
302308	3.934075618e-05
302309	6.296664698e-06
302310	0.0001028967782
302311	0.0001013746393
302312	1.703056948e-05
302313	0.0003577983718
302314	0.0002453918604
302315	0.0002500466864
302316	0.0003324872845
302317	1.388011395e-05
302318	0.0002245134994
302319	0.0002545948351
302320	0.0004946651548
302321	0.0002453918604
302322	0.0002362717765
302323	0.0003369178651
302324	0.0006068934748
302325	1.785286349e-05
302326	0.0003707345113
302327	0.0001377915265
302328	0.0001161792402
302329	0.0001207693055
302330	0.0003604948398
302331	0.0003641201011
302332	0.000225214493
302333	0.0003608386168
302334	0.0006313561187
302335	0.0001192390812
302336	0.0002439775921
302337	0.0001242764947
302338	0.0003401306202
302339	0.0001123942606
302340	0.0002488057515
302341	0.0002387842721
302342	0.0001092363385
302343	0.0001208972652
302344	0.0002679115698
302345	3.295182859e-07
302346	0.0002548697282
302347	0.0004757378986
302348	0.000374097108
302349	1.593573404e-06
302350	0.000245273152
302351	0.0002354316066
302352	0.0002433706343
302353	0.0002319735846
302354	0.0005737415727
302355	0.00020331649
302356	0.0002456159737
302357	0.0005762972073
302358	0.0005022817373
302359	0.0002207955712
302360	0.0002456384872
302361	0.0001071623816
302362	0.0003750765357
302363	0.000608374939
302364	0.0001315393522
302365	0.0001085795297
302366	0.002002164283
302367	0.0006800239018
302368	0.0002498631668
302369	0.0001814680589
302370	0.0003030881379
302371	0.0005548893598
302372	0.0007944498297
302373	0.001867343776
302374	0.0002476527088
302375	0.000287021071
302376	0.0009901653841
302377	0.0001430489716
302378	0.0007478925914
302379	0.0003806363147
302380	0.001067556891
302381	0.001208158291
302382	0.000390199984
302383	0.0003293380715
302384	0.0009868766752
302385	0.001143774296
302386	0.0001198894479
302387	0.001265538049
302388	0.001382407484
302389	0.0007319146227
302390	0.002104451653
302391	0.002374937297
302392	0.0004938760155
302393	0.001194276885
302394	0.0008250232134
302395	0.00143088708
302396	0.0002305736631
302397	0.0001951546337
302398	4.758571569e-07
302399	0.0003685688222
302400	0.001696395175
302401	0.001615935599
302402	0.0006779133436
302403	0.0003154041959
302404	0.0003628660793
302405	0.000233485603
302406	0.000729969147
302407	0.0001878411208
302408	0.0004506914687
302409	0.001199417155
302410	0.0008278013852
302411	0.001997492497
302412	0.0008787748496
302413	0.0001522704969
302414	0.0003390327277
302415	0.0001159707122
302416	0.0001615053661
302417	0.0005151746814
302418	0.0002531502785
302419	0.001056453739
302420	0.0006301483142
302421	7.518394786e-05
302422	0.00107697984
302423	0.001358195229
302424	0.00029645505
302425	6.289195056e-05
302426	7.64279295e-05
302427	0.0002356324489
302428	0.002059966939
302429	0.001079509628
302430	0.001959935118
302431	0.00205599759
302432	0.0001161848014
302433	2.916543865e-07
302434	0.0002440182808
302435	0.0001512373556
302436	0.0003272953486
302437	0.0003493695673
302438	0.0007099206513
302439	1.504322625e-07
302440	0.000898163455
302441	0.0004567197972
302442	0.0003968256629
302443	0.0005433210134
302444	9.014763795e-05
302445	0.0001739616257
302446	0.0001643978384
302447	0.0008673510602
302448	0.0007135998412
302449	0.0001190340198
302450	7.931426415e-05
302451	0.0002048116116
302452	0.0006642220686
302453	0.0004134772077
302454	0.0004731801671
302455	0.00126872802
302456	0.001308611744
302457	0.000584479217
302458	0.0005850084344
302459	0.0004297279276
302460	0.0003362044435
302461	0.0001382662575
302462	0.0006997258743
302463	6.757240746e-05
302464	0.0005088150302
302465	0.0005038382396
302466	0.0009187730984
302467	0.0004682469575
302468	0.001431793381
302469	0.0004020274294
302470	0.00282403537
302471	0.001219780333
302472	0.002991869508
302473	0.001506755285
302474	0.000409331541
302475	0.0005440055829
302476	0.001039641475
302477	0.001785957956
302478	0.0003570873038
302479	8.610403587e-05
302480	0.001149182573
302481	7.540204564e-05
302482	0.002917226034
302483	0.001170425406
302484	0.001275644049
302485	0.001862679449
302486	0.000671010705
302487	0.001501099053
302488	0.006237263019
302489	0.0004878481221
302490	0.005934755665
302491	0.002164032021
302492	0.001968870589
302493	0.0003174100325
302494	0.00071839297
302495	0.001482490441
302496	0.003105485027
302497	0.003443554964
302498	0.0004884673852
302499	0.0009595709213
302500	0.001687111983
302501	0.003063042262
302502	0.002123522982
302503	0.0003976329487
302504	0.001797825082
302505	0.001603558317
302506	0.004399009478
302507	0.0004268901432
302508	0.001238897431
302509	0.002797968173
302510	0.002309763808
302511	0.00246880767
302512	0.000914531604
302513	0.001710170047
302514	0.0004372315284
302515	0.0005011357242
302516	0.001570642375
302517	0.001143987547
302518	0.0004748850349
302519	0.002222939506
302520	0.001141227325
302521	0.0004949320382
302522	0.001174012574
302523	0.0002951613187
302524	0.00284911488
302525	0
302526	0.000605825619
302527	0.001480471107
302528	0.002225641949
302529	0.001123667
302530	0.0001865403782
302531	0.0001355359175
302532	0.0002186790527
302533	0.0004100030541
302534	0.001727104262
302535	0.001330279355
302536	0.0008359072624
302537	0.001199325031
302538	0.001295000379
302539	0.001806520237
302540	0.0008379801593
302541	0.0002704638408
302542	0.0002201514362
302543	0.000278816775
302544	0.0006859238704
302545	0.001818337583
302546	0.001752117612
302547	0.0003992202163
302548	0.0009468056299
302549	0.0001404686476
302550	0.0003330384676
302551	0.001417243306
302552	0.0005890657179
302553	0.001671024695
302554	0.0008572343886
302555	0.0004074733942
302556	0.001759563763
302557	0.001043398349
302558	0.0003570898622
302559	0.0005435811138
302560	0.003886176371
302561	0.0002302336546
302562	6.981284998e-06
302563	0.001013195078
302564	3.729940218e-05
302565	0.0006298383293
302566	0.0008359986852
302567	0.0007107147853
302568	0.0005132349357
302569	4.761548292e-07
302570	0.0004924788245
302571	0.0001645585269
302572	0.001860295934
302573	0.0009376770623
302574	0.001960274556
302575	3.766970351e-05
302576	0.0002437986761
302577	0.001180526596
302578	0.002161096259
302579	0.0004492379818
302580	0.0002246665462
302581	0.002371174212
302582	0.001271282916
302583	0.000131120937
302584	0.000315633511
302585	1.839748379e-05
302586	0.0001931151377
302587	0.001159071574
302588	0.001831701959
302589	0.0005844998468
302590	0.001159962928
302591	0.0001789669707
302592	0.0004550801551
302593	0.0001974851216
302594	0.0002411650502
302595	0.002264092183
302596	0.0007222903581
302597	0.0002631824298
302598	0.0001983969316
302599	0.0007707917926
302600	0.001836953442
302601	0.0002731500404
302602	0.0006050475446
302603	0.0006297837835
302604	0.002160977402
302605	6.397307641e-05
302606	2.379920889e-06
302607	0.001890467029
302608	0.0004083253186
302609	0.0006798728224
302610	0.001042048249
302611	0.001227092923
302612	0.002601127721
302613	6.166506769e-05
302614	0.002042133328
302615	0.001784035022
302616	0.0004821930546
302617	4.446720057e-05
302618	0.0001271914675
302619	0.000485714675
302620	0.0009981438992
302621	8.469130581e-05
302622	0.0005479080162
302623	0.00109940823
302624	0.001004070225
302625	0.001669743271
302626	0.0004362616511
302627	0.001568477205
302628	0.0006796207649
302629	0.0006315172005
302630	0.0006266189493
302631	0.0004020982882
302632	0.001890060068
302633	0.0003578963806
302634	0.0001679827382
302635	0.0002467296662
302636	0.0007592270356
302637	0.0009395195121
302638	0.0001275958504
302639	0.001400736353
302640	0.000678739452
302641	0.001024027273
302642	0.0006662099188
302643	0.0005484146762
302644	7.392702459e-05
302645	0.001529818605
302646	0.0001960483919
302647	0.0008626163506
302648	0.0008315965028
302649	0.000681015594
302650	0.0001232586523
302651	0.0009194648341
302652	0.0002340302012
302653	0.0005799271888
302654	0.0003530499199
302655	0.001275124321
302656	0.0003548620965
302657	0.0003733576727
302658	0.001143093337
302659	0.0002017156462
302660	0.0003686515718
302661	0.0005714201105
302662	0.0006346538673
302663	0.001389175419
302664	0.000211289757
302665	0.003530220727
302666	0.0002602158023
302667	0.0004561963611
302668	0.003458472419
302669	0.0006433316384
302670	0.0002073130128
302671	0.001880769827
302672	0.0007340063337
302673	0.001140211551
302674	0.001580017924
302675	0.0001777154325
302676	3.899972332e-05
302677	9.572642938e-05
302678	0.0002348336153
302679	0.0003481055141
302680	0.0009303860306
302681	7.200109834e-05
302682	0.001342680327
302683	3.001310923e-05
302684	0.0005589317579
302685	0.001754559425
302686	0.0002060720455
302687	0.0009508781913
302688	0.002114541969
302689	0.0007960146822
302690	0.000123731545
302691	4.655425901e-05
302692	0.0008389252742
302693	4.987948786e-05
302694	1.569363578e-06
302695	0.001268095797
302696	0.002240993752
302697	0.001244916456
302698	0.0006288548136
302699	0.0001613159408
302700	0.002685120103
302701	0.0006353142451
302702	0.0001983969316
302703	0.0009133778913
302704	0.001154246222
302705	0.000608525796
302706	9.454018639e-05
302707	0.0009827968583
302708	0.0002469020543
302709	0.001024106531
302710	0.001650398217
302711	0.001152649077
302712	0.0006960117041
302713	0.0001061341158
302714	0.0001983969316
302715	0.001618242576
302716	0.0002549502122
302717	1.054936886e-05
302718	0.000814398413
302719	0.001279465075
302720	0.001884008666
302721	0.001079949779
302722	0.0009080069635
302723	0.000568809274
302724	0.0001993186332
302725	0.0005741169954
302726	0.0001575319263
302727	0.0005037210505
302728	0.0008032084692
302729	0.001382216301
302730	0.0001197200531
302731	0.001020480048
302732	0.0001660237216
302733	0.0003480911214
302734	2.974996197e-05
302735	0.0004677776913
302736	4.535273212e-05
302737	0.0001853912606
302738	0.0007595633097
302739	0.0009463241751
302740	0.0002177254102
302741	0.0006237463685
302742	0.001066794417
302743	0.0009064830364
302744	0.001054494661
302745	0.0008291152986
302746	0.0003592249295
302747	0.0007258445067
302748	6.322740725e-05
302749	0.001313840048
302750	0.0005047407789
302751	0.0004738446557
302752	0.001834667942
302753	0.001072448532
302754	0.0003387971769
302755	0.0009977212011
302756	0.0001559987659
302757	0.001829626803
302758	0.0005178545098
302759	0.0003316445787
302760	0.0005716754407
302761	0.0008461735507
302762	0.0005276568712
302763	0.0003471504833
302764	0.0006346525328
302765	0.002978623958
302766	0.002462175693
302767	0.0003959456203
302768	0.0007324352419
302769	0.0007116990157
302770	0.001140141926
302771	0.0008582561701
302772	0.001648525879
302773	0.0008000028385
302774	0.00012753083
302775	0.0005282792185
302776	0.001102762249
302777	0.0007058771394
302778	0.00213875368
302779	0.0001983969316
302780	0.0001838857703
302781	0.001210658655
302782	0.0001975895016
302783	0.0003627289535
302784	0.001374239522
302785	0.001731687606
302786	0.001704944648
302787	0.001054335412
302788	8.676922698e-05
302789	1.66238481e-05
302790	0.0005458486467
302791	0.002032838801
302792	0.0001396632329
302793	0.0001123187686
302794	4.596074953e-05
302795	0.001594499814
302796	0.00156380811
302797	0.0005106113525
302798	0.0004841088672
302799	0.001718898271
302800	0.0001164608964
302801	0.0005614479932
302802	0.001027153812
302803	0.001823374757
302804	0.0009599284736
302805	0.0004988609848
302806	0.0001604174133
302807	0.0005314287945
302808	0.001196200149
302809	0.001921256147
302810	0.001405081419
302811	0.001362236514
302812	0.001065062613
302813	0.002091303022
302814	0.001128571946
302815	0.00233032889
302816	0.002383387648
302817	0.001440374268
302818	0.002370865446
302819	0.0001013296673
302820	0.0003771164546
302821	0.0009262252804
302822	0.0004815844825
302823	0.001149108742
302824	0.0006739156844
302825	0.0007937603599
302826	0.000394019982
302827	0.000467446691
302828	0.0008218738562
302829	0.0005960122062
302830	0.0009607397637
302831	0.0006952852779
302832	0.0005499934383
302833	0.0009480643409
302834	0.001400009218
302835	0.001699759747
302836	0.000120479221
302837	2.063393868e-05
302838	0.0003794378009
302839	6.498257512e-05
302840	0.001563426236
302841	0.001508679651
302842	0.0005402332812
302843	0.0006867725541
302844	0.0005345899911
302845	0.0004541077877
302846	0.00215801259
302847	0.00162596815
302848	0.0007861715985
302849	0.000633470097
302850	8.102283156e-05
302851	0.0005235327713
302852	0.0003929549485
302853	0.002671128214
302854	0.0002278669668
302855	0.0003177499732
302856	0.001024137786
302857	0.001155358501
302858	0.0003727356273
302859	0.0006180136066
302860	0.0007590113263
302861	0.0007405451642
302862	0.0004023946967
302863	0.0004045807539
302864	0.000274860033
302865	0.0006558672538
302866	0.0009768524153
302867	0.001535227694
302868	0.00156887861
302869	2.014435535e-05
302870	0.000940723233
302871	0.0002638413785
302872	0.0008554076861
302873	0.0005863302892
302874	0.0009163565378
302875	0.0004054898954
302876	0.0002371863339
302877	0.0002007491051
302878	0.0008266136544
302879	0.0003137555896
302880	0.0006298866716
302881	0.00101538941
302882	0.000198627179
302883	0.0002824387725
302884	0.0004938942632
302885	0.002421774652
302886	0.0003741176594
302887	0.0005504615283
302888	0.0001505684178
302889	0.001259272686
302890	0.001074254631
302891	4.560959182e-05
302892	0.001542851401
302893	0.0008710254008
302894	0.00110854761
302895	6.947843346e-05
302896	0.0002394005113
302897	0.00164101144
302898	0.0004456262964
302899	0.001066495576
302900	0.002638848611
302901	0.0005610575343
302902	0.002204456754
302903	9.730149428e-05
302904	0.001866061462
302905	0.0003580829549
302906	0.001426944758
302907	0.0003897331462
302908	0.001156882337
302909	0.001713367868
302910	0.000612582871
302911	0.0005068319043
302912	0.0002640067985
302913	0.001004991724
302914	0.000492921162
302915	0.0004306269492
302916	7.023451828e-05
302917	4.337210102e-05
302918	0.0008822135524
302919	0.0008878496361
302920	0.0008374993714
302921	0.0004203119731
302922	0.0001665894956
302923	0.0001799856337
302924	0.0009657672246
302925	0.0006633966055
302926	0.0003016809488
302927	0.0003748941142
302928	0.000647297803
302929	0.0001799818118
302930	0.0015689912
302931	0.0001546022159
302932	0.0003981887532
302933	0.0007226136513
302934	0.001646867233
302935	0.0007747174945
302936	0.001547618546
302937	0.001396238922
302938	0.0001390087911
302939	0.0002289694832
302940	0.0004767662329
302941	0.001134390066
302942	0.0002566879045
302943	0.0006190235855
302944	0.001823317807
302945	0.0007118061497
302946	0.001497029826
302947	0.0002171156951
302948	9.32531878e-05
302949	0.003140185072
302950	0.002367394291
302951	0.0002689148056
302952	0.0003189149349
302953	0.0004809835402
302954	0.0007786989618
302955	0.0001431385938
302956	0.0006693466934
302957	0.0003989900267
302958	8.398675851e-05
302959	0.001278966321
302960	0.001456895212
302961	0.0001176021636
302962	0.0008703720653
302963	0.0003525662692
302964	0.001017018922
302965	0.0005690780718
302966	0.001543750008
302967	0.0001612143327
302968	0.000256565876
302969	0.0003914677566
302970	7.540472796e-05
302971	4.689991985e-05
302972	0.001922250509
302973	0.0004890067699
302974	0.001101658755
302975	0.001928669671
302976	7.721631445e-05
302977	7.823608941e-06
302978	0.001823444038
302979	0.0002879790903
302980	0.0002820348892
302981	0.0005917607132
302982	0.0009428206385
302983	0.000556934239
302984	3.562249728e-05
302985	8.140916119e-05
302986	0.0007960618528
302987	0.0007836566179
302988	9.199903982e-07
302989	0.0009952930976
302990	0.000152841669
302991	0.0003983114838
302992	0.002082113636
302993	0.001532562135
302994	0.000925388914
302995	0.001085788067
302996	5.892360576e-06
302997	0.002036297433
302998	0.0009993460175
302999	0.0006662254686
303000	0.0001817185626
303001	0.00114963715
303002	0.0008064338532
303003	0.000331309677
303004	0.001038185545
303005	0.0004322673041
303006	0.0005854793324
303007	0.001114471989
303008	0.0009190926764
303009	0.0001944948389
303010	0.0006693111053
303011	0.001467869521
303012	0.001315083817
303013	0.0003880970311
303014	0.0004839158985
303015	0.003048357709
303016	0.0003363398811
303017	0.0003379583023
303018	0.0005908034733
303019	0.0008535019645
303020	0.0006377318096
303021	3.871954968e-05
303022	0.0002391890451
303023	0.001064172815
303024	0.0009340444686
303025	0.001363519152
303026	0.0007354880377
303027	0.0004055811688
303028	0.0008225604939
303029	0.0006219947788
303030	4.30438479e-05
303031	0.0001112457976
303032	0.0001187242209
303033	0.00276585077
303034	0.001464940758
303035	5.373453321e-05
303036	0.0001917104415
303037	0.001913139971
303038	0.0002079520915
303039	0.001036731803
303040	4.76361296e-05
303041	0.001611687171
303042	0.0005809164416
303043	0.0003491211683
303044	7.849060828e-05
303045	0.0002056579937
303046	0.0003928216548
303047	0.0006462397352
303048	0.0002831295166
303049	0.002101102331
303050	0.0002027429311
303051	0.002254579048
303052	0.0005303958016
303053	0.0004751243026
303054	0.0004793072698
303055	2.950293968e-05
303056	0.0005859733753
303057	0.0004629383177
303058	0.0003240004699
303059	0.00167823054
303060	0.001878860847
303061	0.0006218184173
303062	0.000724150601
303063	0.0003363952879
303064	0.0007030467824
303065	0.001588691505
303066	0.0006195321485
303067	0.00047484864
303068	0.0002705398475
303069	4.813962497e-05
303070	0.0006400594338
303071	0.0009049024761
303072	0.000377161228
303073	0.0003683202562
303074	0.001529575995
303075	0.0003760035518
303076	0.0002815346509
303077	0.0005769540382
303078	0.0008519514385
303079	0.0008981399937
303080	0.001724372571
303081	0.0008656981508
303082	0.0008149485775
303083	0.001344413934
303084	0.0004982416111
303085	0.001021964298
303086	0.001129029366
303087	0.004348896685
303088	0.0009243284455
303089	1.989581998e-05
303090	0.004356037949
303091	0.002007778901
303092	0.001498084162
303093	0.000694388002
303094	0.004121438717
303095	0.001234912638
303096	0.0002323670432
303097	0.003189149735
303098	0.002769092811
303099	0.000122074601
303100	0.002416123026
303101	0.002248854101
303102	0.004239689387
303103	0.002146612625
303104	0.0002464161812
303105	0.003140752587
303106	0.003623754677
303107	0.0006171750879
303108	0.001162031007
303109	0.0004847361193
303110	0.002005988961
303111	0.003536519453
303112	0.001728057387
303113	0.0002885869285
303114	0.0009287721571
303115	0.001430536786
303116	0.002433309239
303117	0.002609184617
303118	0.002968646168
303119	0.0009974209038
303120	0
303121	0.0009507326583
303122	0.0007594919965
303123	0.001502829112
303124	0.001054148874
303125	0.002356330474
303126	0.001028019238
303127	0.004362886434
303128	0.003535269366
303129	0.002963406744
303130	0.0002467346589
303131	0.0003546577182
303132	0.002146862141
303133	0.002251927915
303134	0.0004732520891
303135	0.0007915933645
303136	0.0027333765
303137	0.001680944628
303138	0.000115455285
303139	0.0001217449372
303140	0.0003500527108
303141	0.003886756735
303142	0.001019935893
303143	0.001672877916
303144	0.002453995343
303145	0.001653498563
303146	0.0004823408855
303147	0.004004298617
303148	0.003190338907
303149	0.003131102849
303150	0.002899470161
303151	0.001283267862
303152	0.002349947385
303153	0.004373028992
303154	0.003424583639
303155	0.0003331087594
303156	0.002849319813
303157	0.0009098431505
303158	0.001433224001
303159	0.002728436236
303160	0.002267627886
303161	0.0009445073842
303162	0.000229038429
303163	0.0002311170703
303164	0.0005873765712
303165	0.00174144991
303166	0.003079496674
303167	0.004124048398
303168	0.0004540061356
303169	0.003552328775
303170	0.0005807846724
303171	0.004003628324
303172	0.004005110133
303173	0.001769474364
303174	0.002079151555
303175	0.001079754759
303176	0.001332180366
303177	0.004001198403
303178	0.003194456349
303179	0.002291441831
303180	0.0003723933163
303181	0.004256400076
303182	0.00270246098
303183	0.0005590156846
303184	0.004139083967
303185	0.002482421879
303186	0.00152491886
303187	0.001614128028
303188	0.001329841298
303189	0.0006995599649
303190	0.004917663445
303191	0.0004857321703
303192	0.003524105098
303193	0.00150845869
303194	0.0009132859237
303195	0.0002607144971
303196	0.0003725924387
303197	0.0005892509172
303198	0.002330184635
303199	0.004360537749
303200	0.003866357347
303201	0.00222514927
303202	0.0002397163534
303203	0.003660071877
303204	0.0002264490763
303205	0.001073635971
303206	0.0001128149534
303207	3.256295641e-06
303208	0.00292920435
303209	0.0008936207641
303210	0.002048090626
303211	0.0008186935991
303212	0.00400427201
303213	0.002804696156
303214	0.002600525246
303215	0.003297983591
303216	0.00241260472
303217	0.0003596365061
303218	0.0009433012293
303219	0.003182628434
303220	0.00245298561
303221	0.001469776535
303222	0.0004938570694
303223	0.0002384617713
303224	0.002494669883
303225	0.002823160495
303226	0.0007658014488
303227	0.001439695509
303228	0.001923578334
303229	0.001882581372
303230	0.003816442673
303231	0.001654407734
303232	0.002907474019
303233	0.002109733097
303234	0.004125574179
303235	0.003565963107
303236	0.002572533299
303237	2.550185021e-06
303238	0.0008118703127
303239	0.0004366388199
303240	0.003656391426
303241	0.004349826565
303242	0.002176648413
303243	0.001404491436
303244	0.004160199141
303245	0.002564409276
303246	0.0003255997185
303247	0.0004644984811
303248	0.0004801780782
303249	0.0005681521483
303250	0.002032234059
303251	0.0001338111396
303252	0.001172263604
303253	0.002020247735
303254	0.001302074076
303255	0.0001240111074
303256	0.003185934368
303257	0.00186707461
303258	0.002716646197
303259	0.00225997116
303260	0.0001186441542
303261	0.0006089217374
303262	0.003940655788
303263	0.0001026777582
303264	0.003889347246
303265	0.003143045775
303266	0.003120521798
303267	0.001617093099
303268	0.002511700218
303269	0.003408388953
303270	0.0002152072084
303271	0.001844564937
303272	0.004003463565
303273	0.000354589833
303274	0.001896986382
303275	0.002772839065
303276	0.00186577494
303277	0.0001269910913
303278	0.0001181267878
303279	0.002063197237
303280	0.001929987202
303281	0.0002972877748
303282	0.001798453461
303283	0.0003234585022
303284	0.000224574799
303285	0.0003627914665
303286	4.797825654e-05
303287	0.004143135969
303288	0.0003525693873
303289	0.0034933017
303290	8.85879384e-05
303291	0.002335821047
303292	0.002253897005
303293	0.002929732571
303294	0.0009918904944
303295	0.001060020609
303296	0.0009483457451
303297	0.001318182309
303298	4.871300085e-05
303299	0.002360722065
303300	0.004120888848
303301	0.001614150067
303302	0.004435583139
303303	0.003004613176
303304	0.003017614176
303305	0.004713922569
303306	0.003686302994
303307	0.0003703573772
303308	0.003559511318
303309	0.004601837361
303310	0.0002423175022
303311	0.0002302402909
303312	0.001354886162
303313	0.00439665636
303314	0.001412970878
303315	0.0001205519068
303316	0.003562099833
303317	0.000185196075
303318	0.004132905736
303319	0.004005934952
303320	0.00127402916
303321	0.0002361428279
303322	0.0003189264774
303323	0.0003210217982
303324	0.001871583824
303325	0.00408286896
303326	0.001390769448
303327	0.001083807475
303328	0.001416611751
303329	0.0001279273022
303330	0.0005838892946
303331	0.0010840871
303332	0.002843064819
303333	0.001558136432
303334	0.0004634999219
303335	0.0002214808184
303336	0.002004888114
303337	0.0002754520629
303338	0.004368736098
303339	0.002581245881
303340	0.003800833538
303341	0.002276986657
303342	0.0007882407005
303343	0.003017795317
303344	0.0008208639619
303345	0.0005778210529
303346	0.001521036472
303347	0.0009157768918
303348	0.002512251331
303349	0.002456186072
303350	0.0006762410091
303351	0.004633508203
303352	0.003657176464
303353	0.001794081359
303354	0.003270594853
303355	0.00191514756
303356	0.001163721755
303357	0.004241824694
303358	0.0006743529071
303359	0.003655950392
303360	0.0009450725461
303361	0.0001314403103
303362	0.0008951742416
303363	0.003780385968
303364	0.00275170903
303365	0.003903997959
303366	0.001307901376
303367	0.0003811282729
303368	0.002521763062
303369	0.003671752812
303370	0.002291607351
303371	0.001128108857
303372	0.0002237586409
303373	0.005074116682
303374	0.0003665864902
303375	0.002452208699
303376	0.00319739075
303377	0.001676006058
303378	0.0005883907508
303379	0.0002428300559
303380	0.0002277975407
303381	0.001099113533
303382	2.66628887e-06
303383	0.003324938881
303384	0.002582666676
303385	0.00126262358
303386	0.003212195373
303387	0.002028511671
303388	0.0002436700441
303389	0.003360908606
303390	0.00086634032
303391	0.003626617921
303392	0.002182644621
303393	0.001037101247
303394	0.001295322789
303395	0.003781918946
303396	0.00329702438
303397	0.004001697265
303398	0.001859291436
303399	0.002793573884
303400	0.003521873376
303401	0.0008418129341
303402	0.001088391783
303403	0.002562948229
303404	0.0001227464291
303405	0.0008169769192
303406	0.002682200851
303407	0.001707723213
303408	5.091113895e-05
303409	0.002035382274
303410	0.003895039199
303411	0.003646430332
303412	0.001655306425
303413	0.0005287761329
303414	0.001634650609
303415	0.00324045452
303416	0.003537532993
303417	0.00377341514
303418	0.002312412525
303419	0.001267489855
303420	0.000757164675
303421	0.0009551183543
303422	0.004139198524
303423	0.0003267903059
303424	0.001740467117
303425	0.0008101152925
303426	0.004360091548
303427	0.004004276104
303428	0.0002366262758
303429	0.0004493776245
303430	0.004588672675
303431	0.002959977356
303432	0.002938470032
303433	0.00106438334
303434	0.001046748699
303435	0.001055129266
303436	0.0003554214039
303437	0.002837659171
303438	0.002738275281
303439	8.289124619e-08
303440	0.0006208834055
303441	0.004006064917
303442	0.004364722941
303443	0.003197449263
303444	0.002849402453
303445	0.002980643546
303446	0.001979241951
303447	0.003261983317
303448	0.0006524122692
303449	0.003783964684
303450	0.004253432493
303451	0.00213465618
303452	0.003785603732
303453	0.0001702275653
303454	0.00389587276
303455	0.003617275264
303456	0.0001292519309
303457	0.003869577868
303458	0.002060072062
303459	0.002596318115
303460	0.001055236435
303461	0.0001940602186
303462	0.0003583749253
303463	0.004135334341
303464	0.001751722138
303465	0.00370917267
303466	0.003518074685
303467	0.001185527773
303468	0.003529553224
303469	0.0007442542559
303470	0.00424864683
303471	0.001533393417
303472	6.04967668e-06
303473	0.003538547159
303474	0.0005445041341
303475	0.000376236745
303476	0.001807404654
303477	0.0002282062311
303478	0.0003369387957
303479	0.0005708638717
303480	0.004007245486
303481	0.0001146522885
303482	0.00249457552
303483	0.00251376868
303484	0.0004584783414
303485	0.002240286194
303486	0.003270713448
303487	0.001237254656
303488	0.00435829422
303489	0.002044861488
303490	0.004020207648
303491	0.004238043488
303492	0.003876779819
303493	0.0003494924675
303494	0.001266758119
303495	0.0003359773961
303496	0.001652109773
303497	8.585895796e-07
303498	0.003079122294
303499	0.003765342615
303500	0.002843865846
303501	0.002343827862
303502	0.001077326512
303503	0.002228488163
303504	2.047405088e-05
303505	0.003536514336
303506	0.001144760227
303507	0.001693049608
303508	0.0001208114579
303509	0.003756911089
303510	0.002743182156
303511	0.004129608894
303512	6.355062692e-06
303513	0.0007075100024
303514	0.002362969843
303515	0.002163336976
303516	6.068240619e-05
303517	0.0001267433301
303518	0.004502557838
303519	0.003440631451
303520	0.001927214635
303521	0.0005937378452
303522	0.0008732574071
303523	0.001282211573
303524	0.002980553585
303525	0.001283557089
303526	0.003626637331
303527	0.002799821238
303528	0.001428006415
303529	0.002146105985
303530	0.002639151086
303531	0.002084230485
303532	0.002714865663
303533	0.0003030979667
303534	0.002488496073
303535	0.002877489443
303536	0.002651390653
303537	0.0006583366592
303538	0.0004664222104
303539	0.003024490944
303540	0.003661878672
303541	0.003721882463
303542	0.001286564892
303543	0.001029468517
303544	0.003609600767
303545	0.00365044385
303546	0.000832825842
303547	0.0004524129439
303548	0.003124058829
303549	0.001966323815
303550	0.001344800847
303551	0.003537825126
303552	0.002102760692
303553	0.001675979416
303554	0.002627518115
303555	0.0004825952401
303556	0.003783777309
303557	0.0011029998
303558	0.002022561014
303559	0.0001804823954
303560	0.001770859875
303561	0.001341856611
303562	0.003256339634
303563	0.003460036564
303564	0.0001349952149
303565	0.001034236127
303566	0.004003463565
303567	0.004221867889
303568	0.0003588816828
303569	0.004231122258
303570	0.0008468478599
303571	0.001863192554
303572	0.0009204501865
303573	0.002941110593
303574	0.003294749774
303575	0.001059395174
303576	0.004000179085
303577	0.001603265033
303578	4.762242519e-06
303579	0.002684192122
303580	0.002220362739
303581	0.001796944582
303582	0.001938501023
303583	0.004236756716
303584	0.0008676778914
303585	5.745079739e-06
303586	0.003677176418
303587	0.002115076217
303588	0.00339343665
303589	0.003530341387
303590	0.004003463565
303591	0.00267823493
303592	7.531846608e-07
303593	0.0001071696903
303594	0.002533598366
303595	0.002805190235
303596	0.0002502348472
303597	0.001049528256
303598	0.0002189148814
303599	0.0003540223753
303600	0.001650428337
303601	0.00294697799
303602	0.001263652308
303603	0.001007775341
303604	0.002495006158
303605	0.0001219414126
303606	7.522431822e-05
303607	0.003450547172
303608	0.0003306199451
303609	0.0005417502299
303610	0.0006459078683
303611	0.0006992359754
303612	0.000361343099
303613	0.0001226140005
303614	0.002220728819
303615	0.004340207815
303616	0.002719690988
303617	0.003683844834
303618	0.004006023983
303619	0.001842815002
303620	0.0003349890367
303621	0.0002505366373
303622	0.002053472391
303623	0.002322595673
303624	0.001969852167
303625	0.0008775128644
303626	0.005383621472
303627	0.001142856627
303628	0.001031165944
303629	0.0002985044083
303630	0.003380509631
303631	0.005503086045
303632	0.002141683989
303633	0.007361733303
303634	0.007452591911
303635	0.006807079033
303636	0.005811589754
303637	0.007705787391
303638	0.008781661499
303639	0.0002702208662
303640	0.003233946379
303641	0.002048854059
303642	0.005058994527
303643	0.0008087976718
303644	0.004415740913
303645	0.002273331707
303646	0.001247958638
303647	8.873271609e-06
303648	0.002238516364
303649	0.0005477904878
303650	0.003601283182
303651	0.0005033307153
303652	0.003874560297
303653	0.006496013523
303654	0.000805946019
303655	0.005380234936
303656	0.006479275336
303657	0.004413819205
303658	0.006696111238
303659	0.0004690396913
303660	0.005737978571
303661	0.007539253709
303662	0.004153915769
303663	0.005640237
303664	0.001270392075
303665	0.003532258578
303666	0.005011197881
303667	0.0068549785
303668	0.0005659097541
303669	0.0001917241903
303670	0.0004869894435
303671	0.00561038174
303672	0.002472209916
303673	0.003670880791
303674	0.003694524773
303675	0.002111206746
303676	0.007111214467
303677	0.006764380854
303678	0.007315953716
303679	0.007361932853
303680	0.0008552927253
303681	0.005579896357
303682	0.007055444251
303683	0.001614826915
303684	0.005899790095
303685	0.0007201579613
303686	0.00333165918
303687	0.002874331429
303688	0.007469138418
303689	0.006251462715
303690	0.005694012552
303691	0.0001528854557
303692	0.003830236463
303693	0.001296925791
303694	0.001532869952
303695	0.006754517631
303696	0.005596458024
303697	0.004469553005
303698	0.002364530771
303699	0.001320596296
303700	0.006134767275
303701	0.00377827105
303702	0.001674158529
303703	0.003475640497
303704	0.001972075658
303705	0.0020095468
303706	0.001283502388
303707	0.004525105547
303708	0.006117512856
303709	0.0005974193184
303710	0.004695562094
303711	0.004917446305
303712	0.006458211411
303713	0.004835048074
303714	0.001435026326
303715	0.004016023333
303716	0.004693506889
303717	0.003881905002
303718	0.007138589733
303719	0.007363602343
303720	0.0005881947972
303721	0.001200540754
303722	0.004833010427
303723	0.006366247512
303724	0.0006972472554
303725	0.003889647184
303726	0.0007265860536
303727	0.00560245329
303728	0.003949218582
303729	0.006615149449
303730	0.0001919214785
303731	0.001896638006
303732	0.002925018894
303733	0.005347487521
303734	0.0009261129672
303735	0.0002446600098
303736	0.0007526936144
303737	0.006891217173
303738	0.005560971784
303739	0.003494726393
303740	0.00555904291
303741	0.0009031509047
303742	0.005866521296
303743	0.005735611656
303744	0.0008334966356
303745	0.006416649603
303746	0.001758661253
303747	0.007788877283
303748	0.0003487171063
303749	0.004279473281
303750	0.0002437345845
303751	0.003051462162
303752	0.001719145905
303753	0
303754	0.001798935054
303755	0.0001981531051
303756	0.007475260174
303757	0.006488802993
303758	0.001399142061
303759	0.002939931842
303760	0.001442132244
303761	0.0008678843177
303762	0.0005740333141
303763	0.0003265699222
303764	8.033408125e-05
303765	0.0004906814125
303766	0.000324621208
303767	0.0002528980326
303768	0.0003767027979
303769	1.076681341e-05
303770	7.842356804e-05
303771	0.0007205124242
303772	0.0009234089485
303773	0.001162423258
303774	0.00121943105
303775	4.342889061e-06
303776	0.0005744920786
303777	0.0003099687056
303778	0.0005689964845
303779	0.0002212259752
303780	0.0003522084676
303781	0.0004842795952
303782	0.0004038019324
303783	1.413747028e-05
303784	1.946125487e-05
303785	0.0003452856404
303786	0.0003359283993
303787	0.000278721192
303788	0.00028202746
303789	0.0002255705077
303790	0.0001980029158
303791	9.897771586e-05
303792	8.182498767e-05
303793	0.0001279698835
303794	0.0002601929302
303795	0.0004091701331
303796	0.0003452503823
303797	0.0004026426805
303798	0.0003441164092
303799	0.0004384634808
303800	0.001606310656
303801	0.0007247549238
303802	0.001224088176
303803	0.00312458632
303804	0.001491739327
303805	0.001153323921
303806	0.0008854578094
303807	0.0002214839147
303808	0.0006672982201
303809	0.0002796294695
303810	0.001556423789
303811	0.004729846968
303812	0.001625952402
303813	0.001517346919
303814	0.001905877406
303815	0.001316044746
303816	0.002534684328
303817	0.00139422542
303818	0.0008850302315
303819	9.240295845e-05
303820	0.0009210678936
303821	0.0009815131912
303822	0.00201144988
303823	0.001807800581
303824	4.929842224e-05
303825	0.003033403696
303826	0.0007860533337
303827	0.0005230710922
303828	0.0008169156865
303829	0.003117744618
303830	0.001232278114
303831	0.00271100397
303832	0.001002209033
303833	0.001162944225
303834	0.0001802255128
303835	0.001410069465
303836	0.0001001355599
303837	0.002705136355
303838	0.002504510737
303839	0.001551586908
303840	0.0007913408686
303841	0.0002420773224
303842	0.007038425226
303843	0.002514165636
303844	0.003189917823
303845	0.002181598059
303846	0.0001453231891
303847	0.001308446341
303848	0.0003796490365
303849	0.001676310548
303850	0.001359764568
303851	0.0001765190484
303852	0.001702004076
303853	0.005144284946
303854	0.002788323653
303855	0.001651476258
303856	0.00243041445
303857	0.002461691464
303858	0.000113843135
303859	0.001742989086
303860	0.00147047763
303861	0.002060847876
303862	0.001580769927
303863	0.002203256225
303864	0.0009331153316
303865	0.0001691415858
303866	0.001033459854
303867	0.000290615438
303868	0.001386037968
303869	0.001184257372
303870	0.00226710743
303871	0.0008865929739
303872	0.001884834969
303873	0.0006634356649
303874	0.001654654484
303875	0.0009899922105
303876	0.004122409766
303877	0.0007621504594
303878	0.0004284181309
303879	0.0007892601896
303880	0.001147985447
303881	0.002141926852
303882	0.001144708644
303883	0.0009344754401
303884	0.0004758441261
303885	0.00340654219
303886	0.0002513164754
303887	0.0005999810966
303888	0.0019321336
303889	0.00288922005
303890	0.0009957426107
303891	0.001317229328
303892	0.001359130134
303893	0.0004887346113
303894	0.001018503096
303895	0.000470175024
303896	0.001226682
303897	0.0001763450721
303898	0.0020653218
303899	0.001986801737
303900	0.001822388728
303901	0.001943577278
303902	0.001557874595
303903	0.001446084169
303904	0.001490528665
303905	0.0005890793485
303906	0.001084247723
303907	0.001763336077
303908	0.001226150608
303909	0.001181234188
303910	0.00101414861
303911	0.001036192173
303912	0.0008850080689
303913	1.442921702e-07
303914	8.012396194e-05
303915	0.001061151033
303916	0.000317308689
303917	0.00133532933
303918	0.001663657701
303919	0.0007207711478
303920	0.0008161528623
303921	0.00217105925
303922	0.000529124164
303923	0.001685017417
303924	0.00128859554
303925	0.002200281658
303926	0.001099094125
303927	0.001829398679
303928	0.0001275234016
303929	0.0006310825253
303930	0.001799811535
303931	0.002122347294
303932	0.001345856468
303933	0.0003046310807
303934	0.0004333110115
303935	0.002070227945
303936	0.001279306718
303937	2.148378349e-05
303938	0.001040740886
303939	0.001350971781
303940	0.001319005591
303941	0.0006944406922
303942	0.001909039333
303943	0.0002859072433
303944	0.0009808019506
303945	0.001503367782
303946	0.0008597355391
303947	0.001572921357
303948	0.00192325539
303949	8.979784815e-05
303950	0.001132200187
303951	0.001770503093
303952	0.0007604465841
303953	0.001103074233
303954	0.001226257803
303955	0.0009512348091
303956	0.0008231275256
303957	0.000518309654
303958	0.001095317348
303959	0.001364017464
303960	0.0007126252837
303961	4.370830543e-05
303962	0.001736114511
303963	0.0006728169763
303964	0.0004791098097
303965	7.419278253e-08
303966	0.001319705298
303967	0.001207233627
303968	0.002380624845
303969	0.001635859638
303970	0.0002597937328
303971	0.0005876861757
303972	0.002077688545
303973	0.001965672414
303974	0.000104889907
303975	0.002492559539
303976	0.0006839918282
303977	9.880419305e-05
303978	0.0002055596791
303979	0.0005064506138
303980	0.00101273036
303981	0.002047545018
303982	0.001306332407
303983	0.001278680731
303984	0.001816233744
303985	0.001316042644
303986	0.00259392155
303987	2.200246732e-05
303988	0.001430728702
303989	9.394483331e-06
303990	0.001432989834
303991	0.0004314532492
303992	0.0002878163989
303993	0.001222447446
303994	0.001293568871
303995	0.0001186821355
303996	0.0008631790917
303997	3.110980122e-07
303998	0.001057753827
303999	2.893804852e-05
304000	0.001272378785
304001	0.0008670420923
304002	2.164382555e-07
304003	0.001191405
304004	7.383026693e-05
304005	0.0001677909433
304006	0.0009604734067
304007	0.0003835936697
304008	0.000321445478
304009	0.0009835047905
304010	5.894927338e-05
304011	0.0005878106074
304012	1.209331005e-05
304013	0.000259100281
304014	0.0002869249851
304015	0.001376201076
304016	0.001112221466
304017	0.0006537502693
304018	0.0001906536468
304019	0.002322475634
304020	0.001675689507
304021	0.001102805994
304022	0.001056966444
304023	0.002152744587
304024	0.0007458066539
304025	8.31017309e-05
304026	0.0005814762526
304027	0.002292038675
304028	0.004055506419
304029	0.003424075528
304030	0.0007469624994
304031	0.0006258757936
304032	0.00409133519
304033	0.0009984642254
304034	0.0008471932706
304035	0.001030074314
304036	0.0002467423155
304037	0.001788424601
304038	0.0008477385784
304039	0.002824352569
304040	0.001269742317
304041	0.001583284863
304042	0.001008030699
304043	0.00112637627
304044	0.0009675780735
304045	0.001678656987
304046	0.0003963639355
304047	0.0003490002649
304048	0.0001605054741
304049	0.000391860274
304050	0.0003218629497
304051	0.001025734589
304052	0.0005688339816
304053	0.0002459141676
304054	0.0001691731417
304055	0.0009013529386
304056	0.0003725946076
304057	0.0001598733831
304058	0.0002552066758
304059	0.0001593039666
304060	0.000600307248
304061	0.0002593638876
304062	0.001029490161
304063	0.0007812941638
304064	0.0002256411676
304065	0.0009751511905
304066	0.001349510583
304067	0.0006810993953
304068	0.0004758029004
304069	0.0002864339955
304070	0.000213711413
304071	0.0006762960997
304072	0.0001571659545
304073	8.042385842e-05
304074	0.0001716168529
304075	0.0004689389201
304076	0.0003333522056
304077	0.000116427051
304078	0.0005245486506
304079	0.0004052015555
304080	0.0002661558559
304081	0.0001498834205
304082	0.0003056329935
304083	0.0001570597177
304084	0.0002429389023
304085	9.841078831e-05
304086	0.0002549479424
304087	0.0006544568465
304088	0.0007063581841
304089	8.038277828e-05
304090	0.0002196210213
304091	0.0006776011611
304092	0.000426802423
304093	5.287002628e-05
304094	0.0002151120178
304095	0.0001733957747
304096	0.000810128325
304097	0.0004999024094
304098	0.0005244125445
304099	0.0004349717352
304100	0.0005397352236
304101	7.487453553e-05
304102	4.641543517e-05
304103	0.000514002609
304104	1.971451063e-05
304105	0.0005273991917
304106	0.0006376585959
304107	0.0007483272285
304108	0.0005792315394
304109	0.0002370360704
304110	0.000451210707
304111	0.0008427199356
304112	0.0005193205372
304113	0.00029413502
304114	0.0005790790176
304115	0.0001652030474
304116	0.0003158017505
304117	5.789756783e-05
304118	0.001113488009
304119	6.264740624e-05
304120	0.0007116464549
304121	0.001271135536
304122	0.0002948868339
304123	0.0006145310725
304124	8.487099319e-05
304125	0.00172758644
304126	0.000865975279
304127	0.0001588073452
304128	0.00166455596
304129	6.651766725e-08
304130	9.102686949e-07
304131	7.87466844e-07
304132	6.047990967e-07
304133	8.498911155e-07
304134	1.280209259e-06
304135	3.325883354e-08
304136	1.923895577e-07
304137	1.499205879e-07
304138	9.363640808e-07
304139	2.409986245e-07
304140	1.688013721e-06
304141	3.719872576e-07
304142	7.777450336e-07
304143	1.779603432e-06
304144	7.629064744e-07
304145	1.258718932e-07
304146	6.39592953e-07
304147	2.561953535e-06
304148	8.023054011e-07
304149	1.105216625e-06
304150	6.032640744e-07
304151	1.084237973e-06
304152	4.475615648e-06
304153	1.422454726e-06
304154	6.094041653e-07
304155	7.352760606e-07
304156	2.241133706e-07
304157	8.457977211e-07
304158	1.865053052e-06
304159	6.953654539e-07
304160	1.772439994e-06
304161	3.668705176e-07
304162	1.13898713e-06
304163	6.27824445e-07
304164	1.345703524e-07
304165	5.961006368e-07
304166	2.236016964e-06
304167	2.537904832e-07
304168	4.840439467e-07
304169	8.02305396e-07
304170	4.917190611e-07
304171	5.147444087e-07
304172	3.622654484e-07
304173	8.49379448e-08
304174	9.169204538e-07
304175	4.502734341e-07
304176	5.285596161e-07
304177	2.097864924e-07
304178	3.417984726e-07
304179	3.88360836e-07
304180	6.580132278e-07
304181	9.24083898e-07
304182	3.771040052e-07
304183	1.462876999e-06
304184	1.156384097e-07
304185	1.558048429e-06
304186	0.001703850175
304187	0.00258709522
304188	0.001787243572
304189	0.000999067514
304190	0.0001274783436
304191	0.001736672664
304192	0.001091121306
304193	0.002928912069
304194	0.0007949123771
304195	0.0002315029706
304196	0.0006173108231
304197	0.001470117322
304198	0.0008658923993
304199	0.00118616677
304200	0.0006671051499
304201	0.001909303645
304202	0.0009423183947
304203	6.557453329e-05
304204	0.001778199495
304205	0.00234321211
304206	0.0001637041837
304207	4.697170646e-07
304208	0.001607608655
304209	0.0001421282812
304210	0.0005333898185
304211	0.001329503527
304212	0.002691034654
304213	0.001088402951
304214	0.00150232044
304215	0.002116657122
304216	0.002098435014
304217	0.0004346579434
304218	8.138180443e-05
304219	5.387931038e-07
304220	1.013115237e-07
304221	1.627124472e-07
304222	0.0001540406961
304223	0.0001627198604
304224	0.0002372299899
304225	1.016696957e-06
304226	0.0002345204186
304227	9.517143138e-08
304228	4.610186006e-07
304229	0.0003171755244
304230	0.0003172307852
304231	0.0001546721022
304232	0.0002349993459
304233	0.0001642282763
304234	7.797917283e-07
304235	8.606362773e-07
304236	8.014969256e-05
304237	0.0001538181177
304238	0.0002359595025
304239	0.0001540463245
304240	8.139638679e-05
304241	0.000235393079
304242	0.0007057935787
304243	0.001171611721
304244	8.07063324e-05
304245	0.0008597910492
304246	0.00102453035
304247	6.185836704e-05
304248	0.0007783491203
304249	0.000946372973
304250	0.0004056209203
304251	0.0007043659622
304252	0.0009436607938
304253	0.000395606188
304254	0.001025927686
304255	0.0009274745697
304256	0.001025213947
304257	0.0006427632703
304258	0.00094926837
304259	0.0006275221436
304260	0
304261	0.0002409055027
304262	0.0005609463566
304263	0.000624284713
304264	0.0002413516005
304265	0.001023577612
304266	0.0008591064895
304267	0.0005441650969
304268	0.001024592263
304269	0.0008002425369
304270	0.001024604031
304271	0.0003114333242
304272	0.0007875048429
304273	0.0005461269936
304274	0.0004785223239
304275	0.0001496286142
304276	0.0003757534622
304277	0.0002041205437
304278	0.0002049683883
304279	0.0007002591033
304280	0.0001452748868
304281	8.662646951e-07
304282	0.0003123392076
304283	0.0001739016272
304284	7.952408853e-05
304285	0.0001032108778
304286	0.0002814403144
304287	6.111874251e-05
304288	0.0006035861167
304289	3.520591214e-05
304290	4.037086389e-05
304291	7.712971554e-05
304292	6.03775747e-07
304293	0.0004793505901
304294	0.0002937239105
304295	0.0002025042187
304296	0.000435154707
304297	3.699778093e-05
304298	0.0003823981621
304299	0.0001716337309
304300	0.0006675134224
304301	0.0009253705686
304302	0.0003817103342
304303	0.000926826894
304304	0.0002394542896
304305	0.0004859007568
304306	0.0005135279433
304307	0.0006329969199
304308	6.971663041e-05
304309	7.243065e-05
304310	0.0003066239108
304311	0.0001893539861
304312	0.0005333373597
304313	0.0005853286231
304314	0.001727365669
304315	0.0008572228612
304316	0.0009233793617
304317	0.0003460150172
304318	0.000465395041
304319	0.0005223737599
304320	0.0003639980824
304321	0.0001440707683
304322	0.0002570760553
304323	0.0006498559097
304324	0.0009396377094
304325	2.970521844e-05
304326	0.001016237802
304327	0.0006574089921
304328	0.0002566400254
304329	0.0005808016007
304330	0.001030141114
304331	0.0008967089578
304332	0.000326568183
304333	0.0006336389303
304334	4.761383257e-06
304335	0.000847130889
304336	0.00113266862
304337	0.002548236433
304338	0.001458529752
304339	0.000386090492
304340	9.397811082e-05
304341	2.619772735e-07
304342	0.001923946814
304343	0.0009423017523
304344	0.001768433384
304345	0.002049572094
304346	0.001003396649
304347	0.0007736117839
304348	0.0006154391761
304349	0.000877735187
304350	0.001571007417
304351	0.0004916858807
304352	0.0001727992485
304353	0.0016561294
304354	0.001413695061
304355	0.0008133988472
304356	6.103909215e-05
304357	2.097992133e-05
304358	0.001399452084
304359	0.0001579212434
304360	0.0009707614243
304361	0.001021566136
304362	0.0003676593086
304363	0.0002538157621
304364	0.0001470652884
304365	0.0004693464348
304366	0.0005154862575
304367	0.0002226113236
304368	0.0002045644643
304369	0.0002950151244
304370	0.0001666450011
304371	0.0002440782444
304372	0.0003608439403
304373	0.0002675478442
304374	0.0001980468058
304375	0.0001888554541
304376	1.130345367e-05
304377	0.0001736965911
304378	0.0004066586966
304379	0.0001183168268
304380	0.000156906907
304381	0.0002332522189
304382	0.0001268243841
304383	0.0004928870813
304384	0.0001121412376
304385	0.000573913387
304386	0.000363026258
304387	0.0001809208016
304388	0.0003886407615
304389	0.001161291752
304390	0.0003574844009
304391	0.0002628077015
304392	0.0003750204439
304393	0.0002652175215
304394	0.0004736609732
304395	0.0002141147637
304396	0.0001681340612
304397	0.0001544990194
304398	0
304399	0.001793956397
304400	0.0009531741735
304401	0.0003770318619
304402	0.0002301300067
304403	9.836409016e-06
304404	0.0006831269026
304405	3.381654979e-05
304406	0.0001429584773
304407	0.001724636244
304408	0.001334532116
304409	0.001233942292
304410	0.001784308627
304411	0.001908518069
304412	0.0007103155971
304413	0.0005499805874
304414	5.219078499e-08
304415	0.0001728422473
304416	5.556783577e-07
304417	0.0007529470176
304418	2.502126504e-05
304419	0.0007666714719
304420	5.045109214e-07
304421	0.0005225542025
304422	0.001243414488
304423	0.0009258467492
304424	0.0007891883251
304425	0.0007131048645
304426	0.0006750419536
304427	0.0008465536881
304428	0.0003327768065
304429	0.0002744568225
304430	0.0007312880744
304431	0.0004457198162
304432	0.000367342722
304433	8.574376351e-05
304434	0.0004284743014
304435	0.0003221361968
304436	0.0001206858579
304437	5.157677567e-07
304438	0.000412727188
304439	0.0002850120281
304440	0.0004466241535
304441	6.140092347e-08
304442	0.0002645313213
304443	1.893195141e-07
304444	0.0003777319817
304445	0.0003286929593
304446	9.787131455e-05
304447	0.000543352598
304448	0.000289456966
304449	0.0008814437517
304450	0.0004670810149
304451	0.0009847468177
304452	0.001284312935
304453	0.002170054291
304454	4.526305039e-05
304455	0.000963851538
304456	0.0006581435403
304457	0.0008440646769
304458	0.001362241803
304459	0.001656033567
304460	0.001148867731
304461	0.0005507273876
304462	0.002240373949
304463	0.001055694309
304464	0.000374476032
304465	0.0007685627455
304466	0.002193294944
304467	0.0001823978951
304468	0.0001902164762
304469	0.001058111013
304470	0.001093257703
304471	0.001218264011
304472	0.001792976546
304473	0.001417567185
304474	0.0006401240555
304475	0.0007417918295
304476	0.002628622037
304477	0.001442046993
304478	0.001634896603
304479	0.0003871377028
304480	0.001519980948
304481	6.924762519e-05
304482	0.0005214370996
304483	0.001032541079
304484	0.001551281528
304485	0.0006151469795
304486	0.0009519811014
304487	0.0006454596053
304488	0.00082953824
304489	0.0005804453463
304490	0.0007381405178
304491	0.0006032508504
304492	0.001606349174
304493	0.0002792513379
304494	0.0005961633471
304495	0.0004732391813
304496	0.0007719031983
304497	0.000944465484
304498	7.480180611e-05
304499	0.001856708231
304500	0.0005376385117
304501	0.0007157386515
304502	0.0002282587751
304503	0.001068577632
304504	0.0003498484349
304505	0.0002822661907
304506	0.0006580358633
304507	0.0008952294038
304508	0.001966854339
304509	0.0006328869122
304510	0.0009695982444
304511	8.933015524e-05
304512	0.0001134335345
304513	0.0009644192178
304514	0.0004692394049
304515	0.001835272042
304516	0.0003054323165
304517	0.0002773760702
304518	3.352528323e-05
304519	0.0004938771585
304520	7.260595697e-06
304521	0.000771919691
304522	0
304523	1.065090281e-05
304524	0.0004601889772
304525	0.00107529989
304526	0.0009252072335
304527	0.0003627250305
304528	0.0002057149555
304529	0.0003554397781
304530	0.0002681370134
304531	0.0005679982593
304532	0.0001899392781
304533	3.090513148e-07
304534	0.0003322623534
304535	0.0003687874541
304536	0.0002863283462
304537	0.0007304155453
304538	0.0002481651848
304539	0.0002431539636
304540	0.001062006109
304541	1.842027705e-07
304542	0.0004082824461
304543	0.0006095594038
304544	0.0006686820777
304545	0.001089609445
304546	0.0008257422841
304547	0.0003540629331
304548	0.0009044087278
304549	0.0003242189065
304550	0.0001662169177
304551	0.0004863681229
304552	0.0002676930257
304553	0.0004944285491
304554	6.836357863e-06
304555	6.994214924e-05
304556	2.29741182e-05
304557	8.463188007e-05
304558	0.0007882966239
304559	0.0008144733048
304560	0.0007583516135
304561	0.0006733407784
304562	0.00107937793
304563	2.230900219e-07
304564	0.0005686351176
304565	7.261238373e-05
304566	0.0001285127078
304567	0.0005686508637
304568	0.0005813453975
304569	0.0005534141379
304570	0.0001787091094
304571	0.0003312849435
304572	0.0005730298778
304573	0.0007098030127
304574	0.0008090543058
304575	7.534806456e-05
304576	0.0006290652634
304577	0.0003086419265
304578	0.0002622378239
304579	0.0003291282434
304580	0.0006827930334
304581	0.0002626310238
304582	0.000602827876
304583	9.135440057e-05
304584	0.0006875601038
304585	0.000760394582
304586	0.0003964031242
304587	0.0005164296047
304588	0.0006766976478
304589	0.001370662116
304590	0.0006025669224
304591	0.0005400614955
304592	0.0002696571537
304593	0.0009392347548
304594	5.355951231e-05
304595	0.0002377964023
304596	0.0006659337165
304597	0.0006770651632
304598	0.0003279807481
304599	3.987554031e-05
304600	0.0002561373601
304601	0.0005923769646
304602	0.0004958076473
304603	6.91865524e-05
304604	0.000515492796
304605	1.384623716e-05
304606	8.760500202e-05
304607	0.0003584741853
304608	0.001266983033
304609	2.574989972e-05
304610	0.0001438457361
304611	0.0008300369106
304612	6.666245926e-05
304613	0.0007375465717
304614	0.001588452055
304615	0.0006375364682
304616	0.000972618343
304617	2.229965232e-05
304618	0.0008715777441
304619	0.0013115013
304620	0.0005728596435
304621	8.713814394e-07
304622	8.509586859e-05
304623	1.350820316e-07
304624	0.001079759662
304625	8.528396299e-05
304626	0.0004252247848
304627	0.0001187734634
304628	0.0003109649602
304629	0.0001166696072
304630	0.000157129145
304631	0.0003881643481
304632	0.0004663591182
304633	0.0004743292953
304634	0.0002778994237
304635	0.0002005101527
304636	0.0003279840997
304637	0.0003903204423
304638	0.0002777679239
304639	0.0001094015717
304640	0.0001962616355
304641	0.0004000189424
304642	0.0004220144154
304643	6.719769045e-05
304644	0.0002815222847
304645	0.0002049957145
304646	0.0004464618627
304647	0.0001989946674
304648	8.868194219e-05
304649	0.0003206951759
304650	0.0002507244968
304651	0.0005014455356
304652	0.0003477169947
304653	7.79620126e-05
304654	0.0001510442418
304655	5.334886752e-05
304656	0.0003693270704
304657	6.447096964e-08
304658	0.000244196913
304659	0.0004557778749
304660	4.658028117e-05
304661	0.0004342893629
304662	0.001939553767
304663	0.0006228465564
304664	0.000349400001
304665	0.0002445285329
304666	0.00101991293
304667	0.0009605486849
304668	0.001259340296
304669	0.0006327974817
304670	0.0004849351767
304671	0.0001108635513
304672	0.0002871802274
304673	0.0009670203102
304674	0.0002923385753
304675	0.0001873534003
304676	0.0005029581836
304677	0.0001662879797
304678	0.0004428520071
304679	0.001525762748
304680	0.001445246388
304681	0.0002909086352
304682	0.0007450863749
304683	0.0003467648921
304684	0.0006372669528
304685	0.0005709001933
304686	0.0009625983307
304687	0.0008253067915
304688	0.0002398558318
304689	0.0004398380683
304690	0.001199926256
304691	0.0003906568227
304692	0.0004051300056
304693	0.001433934851
304694	0.0005830450436
304695	0.0008213875057
304696	0.0001019331311
304697	4.123198967e-05
304698	0.002081233729
304699	0.0005266613
304700	0.0003317110567
304701	0.0001409388768
304702	0.0001952293497
304703	0.004385574571
304704	0.001150964516
304705	0.0010510186
304706	0.002120232798
304707	0.001942445888
304708	0.001091022927
304709	0.002559018593
304710	9.53364555e-05
304711	0.0007615392539
304712	0.0001452918917
304713	0.005653550364
304714	0.003931540475
304715	0.0004698863287
304716	0.0003126370886
304717	0.001376738859
304718	0.000417861374
304719	0.0003329792132
304720	0.002562392527
304721	0.0005184172941
304722	0.002366515451
304723	0.002764520261
304724	0.0007317143829
304725	0.001487883953
304726	0.0004415796972
304727	0.00320607362
304728	0.001152178889
304729	0.001165072582
304730	0.001809158938
304731	0.003904450914
304732	0.001621626073
304733	0.003037161274
304734	0.002992856086
304735	0.001908907558
304736	0.00153675944
304737	0.0004717983525
304738	0.00313702681
304739	0.001247310007
304740	0.001361231681
304741	0.002757478498
304742	9.707288306e-05
304743	0.0006004016008
304744	0.001487383831
304745	0.0009268087027
304746	0.001929406625
304747	0.0004168185654
304748	0.00403559161
304749	0.0005868824263
304750	0.0004148557965
304751	0.002363617639
304752	0.0007333899589
304753	0.0001723486103
304754	0.001366706453
304755	0.001119617499
304756	0.0004580500019
304757	0.000138533774
304758	0.005419636884
304759	0.002969427916
304760	0.0007791468489
304761	0.0004513684501
304762	0.0007012611693
304763	0.0008167822341
304764	0.001116782545
304765	0.002494885022
304766	0.001947083342
304767	0.002309595578
304768	0.002559908574
304769	0.002176579994
304770	0.001005268758
304771	0.002180121709
304772	0.0006545280285
304773	0.00195647158
304774	0.001841675523
304775	0.0008644820617
304776	0.002450322279
304777	0.001752787524
304778	0.0002563002981
304779	0.001880227177
304780	0.002423056341
304781	0.001803973557
304782	0.006654262737
304783	0.001052956779
304784	0.0009324006971
304785	0.003029611053
304786	0.001936008528
304787	0.002257057964
304788	0.002617036644
304789	8.182563505e-05
304790	4.894510815e-05
304791	0.003512089604
304792	0.002193597377
304793	0.002740673641
304794	0.001108253814
304795	0.001176532801
304796	0.001471881325
304797	0.004643056279
304798	0.004024209166
304799	0.002148662279
304800	0.004327247416
304801	0.002427133299
304802	0.003541807659
304803	0.007294663993
304804	0.0005946354096
304805	0.001709407533
304806	0.001827315578
304807	0.0001899405273
304808	0.002292007495
304809	0.004501113733
304810	0.002165270945
304811	0.001631504067
304812	0.001487781633
304813	0.0006206531091
304814	0.001433524823
304815	0.001747767404
304816	0.000590339053
304817	4.975488626e-05
304818	0.0009219267734
304819	0.002165567317
304820	0.0003022271322
304821	0.0004788059639
304822	0.0007357211968
304823	0.00110987919
304824	0.002615463449
304825	0.002645432414
304826	0.001867900828
304827	0.002744117282
304828	0.003028898451
304829	0.002304331266
304830	0.0003099333254
304831	0.004712877844
304832	0.0004024149314
304833	0.001880336877
304834	0.003423049619
304835	0.001790726829
304836	0.0001592787737
304837	0.001320681483
304838	0.0006232153263
304839	0.001533878578
304840	0.001172656136
304841	0.001236684436
304842	0.00197759049
304843	0.000509734659
304844	0.0004432268659
304845	0.002142743018
304846	0.001593816206
304847	0.001515381603
304848	0.005652666905
304849	0.001194561769
304850	0.0003011799944
304851	0.0009648993361
304852	0.0008859532947
304853	0.002145680478
304854	3.252936221e-05
304855	0.003083369106
304856	0.003877148348
304857	0.001733012033
304858	0.001994397289
304859	0.001924448234
304860	0.0004293725092
304861	0.003687872935
304862	0.0002209970583
304863	0.0004250024258
304864	0.001873835835
304865	0.0002002726939
304866	0.002887149085
304867	0.002337661184
304868	0.001480190191
304869	0.0004251221646
304870	0.003417620615
304871	0.003716056645
304872	0.003547560813
304873	0.001095979699
304874	0.001311576353
304875	0.001896472128
304876	0.000228739386
304877	0.00205069979
304878	0.002150341572
304879	0.001876883202
304880	0.001389924605
304881	0.002037891015
304882	0.001239177469
304883	0.002341858377
304884	0.003292830211
304885	0.00108026766
304886	0.002377318889
304887	0.0003380905282
304888	0.001459076506
304889	0.0002588468814
304890	0.001104866077
304891	0.00354181871
304892	0.0005866462347
304893	0.0006824155904
304894	0.003071670553
304895	0.002759773243
304896	0.001986527848
304897	0.001057829996
304898	0.004932503089
304899	0.003738430495
304900	0.0003490746997
304901	0.00293398197
304902	0.002514280991
304903	0.002048828589
304904	0.00106503936
304905	0.001697378321
304906	0.001773563732
304907	0.00149463555
304908	0.002172178577
304909	0.0001122837869
304910	0.0002303922171
304911	0.000743691737
304912	0.003797277835
304913	0.0001612371187
304914	0.0009178953611
304915	0.0007811882598
304916	0.001308140643
304917	0.0003417469861
304918	0.0005549101617
304919	0.003255542452
304920	0.002199068519
304921	0.003709759042
304922	0.0002382992051
304923	0.003016613938
304924	0.001482064387
304925	0.001070714494
304926	0.001109908345
304927	0.0007700492403
304928	0.0008611348783
304929	0.0004488099142
304930	0.001591131746
304931	0.004133997716
304932	0.00510678753
304933	1.836527735e-05
304934	0.00168670809
304935	8.254966452e-05
304936	0.0001674854549
304937	0.0003088281599
304938	0.0002591872968
304939	0.0009381731522
304940	0.0006129996426
304941	0.0003827100019
304942	0.0005847608349
304943	5.504113528e-05
304944	0.0003756386668
304945	0.001242087232
304946	0.0002815542557
304947	2.607991787e-06
304948	0.000803344105
304949	0.0009222676266
304950	0.0009167907262
304951	2.396366895e-05
304952	0.0002979956579
304953	0.0001838375647
304954	0.0001130426007
304955	0.0001166992297
304956	0.001040744278
304957	0.0001757881608
304958	0.000348776485
304959	0.002257058459
304960	0.001967549072
304961	0.001812060671
304962	0.0006207098644
304963	0.002860906757
304964	0.004480393623
304965	0.004829216776
304966	0.002256425657
304967	0.001797591103
304968	0.003168972134
304969	0.004203187939
304970	0.003294067126
304971	0.003652678389
304972	0.004791485436
304973	0.002022514684
304974	0.002009379963
304975	0.003536369926
304976	0.0005662652731
304977	0.0008975372928
304978	0.001518524906
304979	0.001807639933
304980	0
304981	0.003665114153
304982	0.001245954815
304983	0.003879109885
304984	0.004289016544
304985	4.536154465e-05
304986	0.000814711578
304987	0.002559044369
304988	0.001541189287
304989	0.001131034058
304990	0.0003584911983
304991	0.002773271601
304992	0.001856516516
304993	0.001286641043
304994	0.0004367846424
304995	0.002543204528
304996	0.001086804911
304997	0.0002091515982
304998	0.001728855552
304999	0.000628160466
305000	5.23626994e-05
305001	0.002851046468
305002	0.001678114253
305003	0.002845989373
305004	0.001913859505
305005	0.003104983322
305006	0.002532183939
305007	0.0001921336715
305008	0.0009434262729
305009	0
305010	0.003652670919
305011	0.0004616421134
305012	0.004015299826
305013	0.002385701141
305014	0.002360278502
305015	0.002727814235
305016	0.002350197434
305017	0.001803754586
305018	0.000811464694
305019	0.005425038774
305020	0.002504587096
305021	0.001402699575
305022	0.004068651085
305023	0.004021773635
305024	0.0008094193037
305025	0.005680475629
305026	0.001487701931
305027	0.0004213445623
305028	0.001376684272
305029	0.0008034320446
305030	0.003176397714
305031	0.00346922674
305032	0.0007043196001
305033	6.693108854e-05
305034	0.001520940768
305035	0.0009233500513
305036	0.001195167592
305037	0.004259236021
305038	0.001061630655
305039	0.002785649739
305040	0.00198934412
305041	0.001741193706
305042	0.001425364828
305043	0.001585543499
305044	0.00110858406
305045	0.001942176998
305046	0.0006363117202
305047	0.003711518743
305048	9.112973216e-05
305049	0.002407273185
305050	0.006100215361
305051	0.001266993444
305052	0.001894047868
305053	0.003023152619
305054	0.00150422951
305055	0.00223966682
305056	3.648453003e-05
305057	0.002535963557
305058	0.0001598075763
305059	0.002383757409
305060	0.00510149381
305061	0.003559336729
305062	0.0009738695588
305063	0.001004804874
305064	0.001822348356
305065	0.0006263657945
305066	0.002879157423
305067	0.001030320967
305068	0.001883229113
305069	6.489798377e-05
305070	0.001027338883
305071	0.001401319145
305072	0.001352680259
305073	0.0002659539734
305074	0.005678855259
305075	0.001101166814
305076	0.001309812823
305077	0.001380096415
305078	0.00139980044
305079	0.0004849563644
305080	0.00166921513
305081	0.001009870271
305082	0.0002866237282
305083	0.002681595273
305084	0.002726035515
305085	0.0004050963867
305086	0.005508809568
305087	0.003526725311
305088	0.0003737524443
305089	0.002089010677
305090	0.0002164720467
305091	0.0003892442923
305092	0.0007711408874
305093	0.001762886594
305094	0.0002728891416
305095	0.0009632984124
305096	0.002579590612
305097	0.0005550011284
305098	0.003154795752
305099	0.001559517189
305100	0.002550139838
305101	0.001147760557
305102	0.0008454814991
305103	0.001178029917
305104	0.0002735323387
305105	0.0005596941379
305106	0.0003457587564
305107	0.0007610033258
305108	0.0009842690473
305109	0.001838898218
305110	0.0007022282707
305111	0.001000489561
305112	0.001813992226
305113	0.0006841119894
305114	0.0042013429
305115	0.0004477994331
305116	0.001002996257
305117	0.001061130353
305118	0.0006959408211
305119	0.002216312082
305120	0.0001646566641
305121	0.00542357326
305122	5.639452403e-05
305123	0.00202167582
305124	0.001039580638
305125	0.001047368347
305126	0.0008704573119
305127	0.0003110834867
305128	0.0002308761644
305129	0.0004148122186
305130	0.001125681508
305131	0.0003698841684
305132	0.00269556404
305133	0.004305818229
305134	0.0009595536685
305135	0.001486248196
305136	0.003523181388
305137	0.004025307251
305138	0.001508094833
305139	0.002574940806
305140	0.001729392659
305141	0.0002321250727
305142	0.001556394563
305143	0.002345566255
305144	0.0004592914193
305145	0.0005325352793
305146	0.003131213087
305147	0.002008941938
305148	0.0003192907166
305149	0.002368119331
305150	0.001954200577
305151	0.002154751611
305152	0.0008050169692
305153	0.002751980968
305154	0.001224520053
305155	0.002706104064
305156	0.004101350623
305157	0.005068203801
305158	0.001380437695
305159	0.001716565828
305160	0.003013535055
305161	0.002232999358
305162	0.001599460895
305163	0.0004831478348
305164	0.001503434103
305165	0.0007580687743
305166	0.0006160351926
305167	0.001103418118
305168	0.0001356582593
305169	0.003018738766
305170	0.001325513669
305171	0.001669550427
305172	0.000734670267
305173	0.0004199461489
305174	6.497241056e-07
305175	0.0002137313081
305176	0.0008614855707
305177	0.0009030119131
305178	0.001098663964
305179	0.001954594244
305180	0.0007811588143
305181	0.0009828075804
305182	0.0004269689519
305183	2.860851769e-06
305184	8.64451909e-07
305185	2.568824585e-06
305186	2.740674115e-07
305187	5.047536008e-06
305188	3.949131964e-06
305189	8.797582768e-07
305190	4.186417293e-06
305191	2.766374749e-06
305192	6.58386017e-07
305193	2.902735962e-06
305194	3.401545373e-06
305195	8.058352217e-06
305196	7.449532829e-06
305197	5.683240242e-06
305198	8.877842566e-07
305199	4.167192965e-06
305200	1.425480916e-06
305201	3.105015461e-06
305202	1.457701782e-06
305203	1.337107457e-06
305204	2.215674256e-06
305205	4.027959056e-06
305206	8.637589527e-06
305207	3.75166952e-06
305208	0.00101304709
305209	0.001754618907
305210	0
305211	0.001255037899
305212	0.0003264824149
305213	0.000809185029
305214	0.001434578993
305215	0.0002992503954
305216	0.0003315211917
305217	0.0001292586339
305218	0.0009237295281
305219	0.0007487027225
305220	0.00027102702
305221	0.001456562928
305222	0.001407263952
305223	0.00159968764
305224	0.001395915928
305225	0.00034372714
305226	0.002342145471
305227	0.0003545442384
305228	0.001342954743
305229	0.0002600582821
305230	0.002090631716
305231	0.0009685334818
305232	0
305233	0.0001205194644
305234	0.001373554553
305235	0.0006497735751
305236	0.0003366385076
305237	0.0015673312
305238	0.001130447764
305239	0.001650724409
305240	0.002679473266
305241	0.001716372046
305242	0.001198564611
305243	0.001135814342
305244	0.0008770343563
305245	0.00167441814
305246	0.0009299613613
305247	0.000187884855
305248	0.001159668541
305249	0.001009086606
305250	0.0002578174301
305251	5.103650988e-05
305252	0.0006658224729
305253	0.001051747835
305254	0.0007405408387
305255	0.0002221194685
305256	0.0008954893328
305257	0.00164717392
305258	0.0001798241347
305259	0.0006791308251
305260	0.001826416289
305261	0.0014007986
305262	0.002529499704
305263	0.0005274928489
305264	0.0004127395342
305265	0.001519815379
305266	0.0003090489081
305267	0.0007752448738
305268	7.637254701e-05
305269	0.000623445181
305270	0.0006535105426
305271	0.000779824279
305272	0.001231075183
305273	0.001836869663
305274	0.001823347547
305275	5.233027588e-05
305276	0.0007419556051
305277	0.0002520795771
305278	0.0003476113004
305279	0.002009654907
305280	0.0002595198603
305281	2.815100179e-05
305282	0.0007577864904
305283	1.716743397e-05
305284	7.47650233e-05
305285	0.001829089986
305286	0.0006440717423
305287	0.001830840679
305288	0.0002029706148
305289	0.001155285671
305290	0.0008724558346
305291	6.450263544e-05
305292	0.0009746445139
305293	0.0008302596558
305294	0.001796541695
305295	0.001016120929
305296	0.001783469776
305297	0.0003328858761
305298	0.0001012922566
305299	0.0005571659611
305300	1.278516949e-05
305301	0.004351590875
305302	0.0008825370413
305303	9.941012277e-05
305304	0.003657663894
305305	0.002035993244
305306	0.001635332409
305307	0.003803126835
305308	0.002626957398
305309	0.0007734487216
305310	0.0006336661282
305311	0.002501875023
305312	0.001383906183
305313	0.002492530388
305314	0.002949588113
305315	0.00184826156
305316	0.001650521981
305317	0.0003348268128
305318	0.0001747325987
305319	0.001759500144
305320	0.0002132637991
305321	0.001134592765
305322	0.004161758487
305323	0.0009157403219
305324	0.001581112086
305325	0.001170156909
305326	0.001887780599
305327	0.001247609855
305328	0.004780318456
305329	9.886252791e-05
305330	0.0001491600193
305331	0.0002695760497
305332	1.65263905e-05
305333	0.001762850416
305334	0.001741493543
305335	0.0003804705984
305336	0.001294290299
305337	0.003290364232
305338	0.001823103981
305339	0.001227174812
305340	0.003153059807
305341	0.0008777258669
305342	0.0002913267579
305343	0.002298353645
305344	0.002014910437
305345	0.00039247151
305346	0.0001518049254
305347	0.001942519823
305348	0.0005597317229
305349	0.002621349949
305350	0.003448694606
305351	0.0003527851445
305352	0.001140416838
305353	0.001535130652
305354	0.0001499793433
305355	0.0005423390438
305356	0.0003574786235
305357	0.0005164406542
305358	0.003072131022
305359	0.000748683246
305360	0.0006793957489
305361	5.867873541e-05
305362	0.003576982599
305363	0.0005467866867
305364	0.004933985944
305365	0.0004399512078
305366	0.003300817437
305367	0.001149994265
305368	0.0004318744111
305369	0.005841308573
305370	0.0002263762596
305371	0.0003469525175
305372	0.002789591788
305373	0.0005387446544
305374	0.0003366797546
305375	0.0002709284996
305376	0.001452015879
305377	0.001732132809
305378	0.00346819266
305379	0.002536539361
305380	0.001099644219
305381	0.002966035471
305382	0.003475325973
305383	0.0002197895489
305384	0.001073390237
305385	7.367186121e-05
305386	0.000417084888
305387	0.0007812285128
305388	0.00171767822
305389	0.001075386227
305390	0.002982744859
305391	6.738061143e-05
305392	0.001561474451
305393	0.001801237372
305394	0.0003391606933
305395	0.001050956833
305396	0.0003499254411
305397	0.0009665110785
305398	0.003588917971
305399	0.0001906978962
305400	0.0001266537396
305401	0.0006529953181
305402	0.0007918842469
305403	0.0008522514781
305404	0.0004400085445
305405	0.0004721964553
305406	0.0003042071074
305407	0.001141924641
305408	0.0005000553511
305409	0.0001466252922
305410	0.003478129729
305411	0.00219812438
305412	0.0003518821158
305413	0.0002915624093
305414	0.0009975925527
305415	0.0001265378514
305416	0.001565395214
305417	0.002714508866
305418	0.0008369074736
305419	0.0009649910209
305420	0.003834311644
305421	0.004834151483
305422	0.003912462879
305423	0.004732148913
305424	0.006379728005
305425	0.00302184342
305426	0.004731667786
305427	0.004676853202
305428	0.001715414256
305429	0.0004247739977
305430	0.001249250331
305431	0.0007590020351
305432	0.0009275803683
305433	1.38062753e-05
305434	0.002952597926
305435	0.000742176427
305436	0.00210949209
305437	0.001521419027
305438	0.0006841849008
305439	9.572032873e-05
305440	0.002749607159
305441	0.001702481291
305442	0.0008367679239
305443	0.0002850519711
305444	0.0005243989425
305445	0.003573514213
305446	0.0003591685921
305447	0.0005771766279
305448	0.003654411213
305449	0.002162964522
305450	0.0008049292591
305451	0.002173366511
305452	0.0008483510242
305453	0.001656266296
305454	0.001146094637
305455	0.002685172035
305456	0.00116405716
305457	0.001946992828
305458	0.002800085737
305459	0.0005843396777
305460	0.0003862305104
305461	0.001771778332
305462	0.001138166215
305463	0.001908088986
305464	0.001103128135
305465	0.000410692511
305466	0.004249550871
305467	0.0009189064074
305468	0.001396232674
305469	0.00333690811
305470	0.002842995349
305471	0.001702507273
305472	0.0002302662052
305473	0.0002374724885
305474	0.0004830989672
305475	0.001670181685
305476	0.007882110587
305477	0.003970614429
305478	5.25140504e-06
305479	0.000381090187
305480	0.0009336983824
305481	0.00151147704
305482	0.003717833898
305483	0.0004448259019
305484	0.0002162012104
305485	0.00157201307
305486	0.004587665043
305487	0.0004012085122
305488	0.001094582597
305489	0.0003440847725
305490	3.376919666e-05
305491	0.001045213475
305492	0.0004240065774
305493	0.008730036058
305494	0.000531658325
305495	0.000133334634
305496	0.0007329179805
305497	0.000903013041
305498	0.003906112824
305499	0.0006149778324
305500	0.001379429547
305501	0.0003004445021
305502	0.003328022528
305503	0.0002759507026
305504	0.001974811908
305505	0.002385007122
305506	0.004369699514
305507	0.001427219822
305508	0.00531152477
305509	0.001275323906
305510	0.0007311551451
305511	0.003327149309
305512	0.003982788913
305513	0.002958633304
305514	0.001304593631
305515	0.001257057299
305516	0.0001080226223
305517	0.003005765499
305518	0.002058548901
305519	0.004081581198
305520	0.003161046815
305521	0.00314095361
305522	0.0005488738757
305523	0.00253709012
305524	0.003561863341
305525	0.003324141074
305526	8.628754331e-05
305527	0.007206045045
305528	0.005340455872
305529	0.0007373023877
305530	0.001761916632
305531	0.0008563305794
305532	0.003392928401
305533	0.002865355306
305534	0.00148357731
305535	5.334249219e-05
305536	0.0004303903786
305537	0.001156715275
305538	0.002886632536
305539	0.00217935707
305540	0.0003263006065
305541	0.00599710964
305542	0.001709286456
305543	0.0002819320374
305544	0.005168312862
305545	0.003232143598
305546	0.0003227220795
305547	0.001918486108
305548	0.002711933725
305549	0.0003213143961
305550	0.0009092204683
305551	0.003193654883
305552	0.001088846615
305553	0.002514004633
305554	0.002882135985
305555	0.005219640353
305556	0.0006885665419
305557	0.001487329755
305558	0.0008264893576
305559	0.0001734713121
305560	0.001325953932
305561	0.00140804496
305562	0.002601212961
305563	0.0006095871193
305564	0.003992138038
305565	0.00182866906
305566	0.001654821721
305567	0.002112598441
305568	0.003365690577
305569	0.003098978566
305570	0.0008339718044
305571	0.00219792849
305572	0.005441396615
305573	0.0001485824396
305574	0.0003372253565
305575	0.001034869378
305576	0.0004022669219
305577	0.002804768621
305578	0.001104639125
305579	0.001662307363
305580	0.001492643286
305581	0.0006201845466
305582	0.00365681078
305583	0.001052626102
305584	0.001133871847
305585	0.001066142027
305586	0.001715326195
305587	0.0002328683836
305588	0.004349103561
305589	0.005559136834
305590	0.003051188582
305591	0.002866939729
305592	0.0003678538119
305593	0.001352773806
305594	0.00361852619
305595	0.001089140843
305596	0.0001306425251
305597	0.002653738264
305598	0.001783263935
305599	0.000369872683
305600	0.002010238032
305601	0.0006726989433
305602	0.001410606504
305603	0.005696926428
305604	0.006567152046
305605	0.003754928014
305606	0.00514698028
305607	0.001963171891
305608	0.005847398562
305609	0.00190764922
305610	0.0006460904968
305611	0.0005654510972
305612	0.002684952692
305613	0.0005701731743
305614	0.001164775172
305615	8.905557021e-05
305616	0.001914073075
305617	0.000231385805
305618	0.0003260846275
305619	0.003437206297
305620	0.0051677476
305621	0.00360119107
305622	0.004240944788
305623	0.0001754153376
305624	0.000900684115
305625	0.003222816633
305626	0.001037309603
305627	0.0008069694273
305628	0.0001350506574
305629	0.00218237058
305630	0.001070716146
305631	0.003583575365
305632	0.001304488974
305633	0.001774273473
305634	0.002303342393
305635	0.002412320546
305636	0.0004944808139
305637	0.003659214176
305638	0.008964947842
305639	0.0004764170799
305640	7.862535022e-05
305641	2.013026659e-05
305642	0.004395665683
305643	4.513228385e-05
305644	0.0002948418185
305645	0.001758728963
305646	0.003841499445
305647	0.004061994222
305648	0.00376176917
305649	0.003303967982
305650	0.0006590322517
305651	0.00105715886
305652	0.0004515872203
305653	0.002443631236
305654	0.005531822838
305655	0.000479238072
305656	0.005758396805
305657	0.001141017839
305658	0.002122083821
305659	0.003553921973
305660	0.0009464014566
305661	0.0005738780212
305662	0.00536286663
305663	0.0006387797059
305664	0.0001956774279
305665	0.001348491652
305666	0.002284400879
305667	0.004493166172
305668	0.0005974953366
305669	0.001115851354
305670	0.005060949255
305671	0.004201859356
305672	0.002081025178
305673	0.0008053136264
305674	0.0001274871756
305675	0.0008186944286
305676	4.552851077e-05
305677	0.001354794076
305678	0.002620225639
305679	0.001096322582
305680	0.001007628433
305681	0.0005819818552
305682	2.15025982e-05
305683	0.0001187407193
305684	0.001174599639
305685	0.0004546709221
305686	0.001985489909
305687	0.0003057501312
305688	0.002185368415
305689	0.0001781228958
305690	0.0001849310503
305691	0.0003741815012
305692	0.0002649392242
305693	0.0009135327721
305694	0.002409740277
305695	0.003457317048
305696	9.118105973e-05
305697	0.003697793158
305698	0.002764645781
305699	0.002368988573
305700	0.00186728267
305701	0.003625900225
305702	0.00239179404
305703	3.203241824e-05
305704	0.001399823324
305705	0.00157937884
305706	0.003266139534
305707	0.003236954417
305708	0.004752063584
305709	0.004923852083
305710	0.006261757679
305711	0.004750037965
305712	0.00176026408
305713	0.0007912247639
305714	0.004340750507
305715	0.001182849065
305716	0.001525973488
305717	0.00530772612
305718	0.0004013552207
305719	0.001047019698
305720	0.004634665441
305721	0.000400270718
305722	0.001706504891
305723	0.0004509902227
305724	0.0001927879846
305725	0.002344083093
305726	0.000377118568
305727	0.003095037313
305728	0.001187184109
305729	0.003206962687
305730	0.0002799739296
305731	0.001760792509
305732	0.005113701017
305733	0.0004805913483
305734	0.001384207439
305735	0.00181646422
305736	0.002719487629
305737	0.0009926962902
305738	0.0006554097005
305739	0.001172487874
305740	0.0001719713033
305741	0.001149980013
305742	0.002713780952
305743	0.001058597
305744	0.0006025940417
305745	0.000924887949
305746	0.0005052512688
305747	0.001661830992
305748	0.001139421205
305749	0.0006303088283
305750	0.0004918261699
305751	0.001644090592
305752	0.002593985596
305753	0.001290679313
305754	0.001273263279
305755	0.0005934408792
305756	0.002257467578
305757	0.0009337527417
305758	0.002375252047
305759	0.0004429285765
305760	0.001006305606
305761	0.000266492015
305762	0.003242851469
305763	0.002342147319
305764	0.001830814084
305765	0.001863838805
305766	0.0008689510741
305767	0.0003334704253
305768	0.001366490451
305769	0.0008760055806
305770	0.0005525222209
305771	0.0003274171956
305772	0.0001306983645
305773	0.0003989628088
305774	0.001095311893
305775	0.000681684481
305776	0.0006850904743
305777	0.0001388604972
305778	0.0001715650455
305779	0.0005044953857
305780	0.0002976714892
305781	8.504574432e-05
305782	0.0001412041992
305783	0.0009916806123
305784	0.0002708387879
305785	0.001121325975
305786	0.0005560950996
305787	0.001456546916
305788	0.003371064159
305789	0.001102755221
305790	0.00036215154
305791	0.0009991249881
305792	0.0001967849138
305793	0.0003521932385
305794	0.0005341944893
305795	0.0006030790444
305796	8.007369661e-05
305797	0.0002320987031
305798	0.0004657882127
305799	0.001515477095
305800	0.0001945118746
305801	0.0007547641254
305802	0.0004712151682
305803	0.001825705383
305804	0.001394763479
305805	0.001407818977
305806	0.006332029138
305807	0.003757624949
305808	0.003319199285
305809	0.002969392135
305810	0.001494161344
305811	0.001916258924
305812	0.0007264819694
305813	0.007168344576
305814	0.0008285730174
305815	0.00121249336
305816	0.00313925286
305817	0.0002852295179
305818	0.0005925289242
305819	0.004235828074
305820	0.0004909609215
305821	0.0006984137521
305822	0.004617877063
305823	0.0001675013865
305824	0.0006211532851
305825	0.001958612686
305826	0.001199549183
305827	0.001643427505
305828	0.003099889724
305829	0.001319236849
305830	0.00224773174
305831	0.00412808977
305832	0.0004897893149
305833	0.004352630645
305834	0.0003002638506
305835	0.002408647192
305836	3.919959257e-05
305837	0.0008716018344
305838	0.0009480694451
305839	0.001241383196
305840	0.000271586617
305841	0.0008944674993
305842	0.002611774479
305843	0.0009167184027
305844	0.003442964297
305845	0.0005137639251
305846	0.0007730308976
305847	0.0002614610604
305848	0.003996803262
305849	0.0004942993629
305850	0.003789918086
305851	0.004412288543
305852	0.0008153574812
305853	0.0003287867579
305854	0.001482323084
305855	0.0007389680033
305856	0.00135527499
305857	0.001675483526
305858	0.001890828717
305859	0.004031809034
305860	0.002506533308
305861	0.001042294729
305862	0.0004637945207
305863	0.001301045771
305864	0.004964537484
305865	0.005502361786
305866	0.002200928504
305867	0.005108269232
305868	0.0007161903861
305869	0.004812295336
305870	0.002940078278
305871	0.00443549983
305872	0.0049480431
305873	0.002154888619
305874	0.003310391161
305875	0.003579005143
305876	0.005000889338
305877	0.0007492688453
305878	0.004244722101
305879	0.0006058680412
305880	0.001321865924
305881	0.0002486636323
305882	0.004213845579
305883	0.00458620753
305884	0.002973277133
305885	0.00027400462
305886	0.0005197905047
305887	0.0003688219325
305888	0.0003680338289
305889	0.002991466172
305890	0.002750120393
305891	0.00441667131
305892	0.0005459734716
305893	0.0008467177568
305894	0.0005329791943
305895	0.00146175351
305896	0.006299269532
305897	0.00755154547
305898	0.00348272819
305899	0.001463967279
305900	0.0003500854444
305901	0.005946575785
305902	0.004193339594
305903	0.005757135242
305904	0.001856481607
305905	0.003195402671
305906	0.001512306043
305907	0.001803855585
305908	0.0006370025991
305909	0.0005930390869
305910	0.000884459013
305911	0.0006447201935
305912	0.0003845864802
305913	0.001231059433
305914	0.0001290645557
305915	0.0004726376818
305916	0.001338925638
305917	0.001485563572
305918	0.0001822922364
305919	0.006062717371
305920	0.0008586594756
305921	0.000371841372
305922	0.001414494661
305923	0.002625001949
305924	0.0002199182988
305925	0.0001370460863
305926	0.003698164408
305927	0.001330963382
305928	0.002873385049
305929	0.0003868234615
305930	0.002682080034
305931	0.001158746016
305932	0.0006007267798
305933	0.000472301849
305934	0.00561569868
305935	0.002039312816
305936	0.0002174368244
305937	0.002693233613
305938	0.0001546805576
305939	0.0005018926608
305940	0.002169283709
305941	0.0008084731919
305942	0.0008329444765
305943	0.001463648792
305944	0.0004166451609
305945	0.001083415625
305946	0.001987024752
305947	0.0006510503351
305948	0.005053544147
305949	0.001954557341
305950	0.005442123114
305951	0.001080040343
305952	0.002633255351
305953	0.0007254636151
305954	0.002968329339
305955	0.001039577167
305956	0.004547819837
305957	0.001114684005
305958	0.0006774594523
305959	0.003971009834
305960	0.003331012711
305961	0.001150871299
305962	0.002201892724
305963	0.002694914544
305964	0.004692184747
305965	0.003955822101
305966	0.0007601610919
305967	0.00126938321
305968	0.0009436695594
305969	0.0008967412741
305970	0.0008911880379
305971	0.000690635852
305972	0.0008165841094
305973	0.0006806693651
305974	0.0005568909366
305975	0.0004733931589
305976	0.0007203896161
305977	0.0007574487814
305978	0.0005806585427
305979	0.0005873672477
305980	0.0006770611991
305981	0.000738888524
305982	0.000753610032
305983	0.000843444371
305984	0.0005024667704
305985	0.0009853724885
305986	0.0006696152695
305987	0.0006986356009
305988	0.0005159059023
305989	0.0004804844103
305990	0.0006500368237
305991	0.0006606016915
305992	0.0001680033125
305993	0.0004059485314
305994	0.0009278779583
305995	0.0007733080323
305996	0.0006797005155
305997	0.0004006806291
305998	0.00038706635
305999	0.0007427570357
306000	0.0002827093079
306001	0.0001121307237
306002	0.0007097513668
306003	0.0004386840633
306004	2.432052773e-05
306005	0.0004635150695
306006	0.0007128156347
306007	0.0007178238022
306008	0.0006401485122
306009	0.0007491368445
306010	0.000691249239
306011	0.0007059878094
306012	0.0001416687509
306013	0.0002025043495
306014	0.0008643546845
306015	2.936927636e-05
306016	0.0002654712474
306017	0.000366994518
306018	0.0002724391012
306019	0.0006917375843
306020	3.737151778e-05
306021	0.0001729058277
306022	0.000444717772
306023	0.0002960160702
306024	0.0002737058838
306025	0.0003332243894
306026	0.0003831546207
306027	6.199340637e-05
306028	0.0008718974505
306029	0.0004207755023
306030	0.000217734828
306031	0.0003075956591
306032	0.0001558488056
306033	0.0001747244203
306034	0.0003784298754
306035	0.0003362858791
306036	0.001128970602
306037	0.0004073824882
306038	0.0002356239834
306039	0.0002116136782
306040	0.0008255570119
306041	0.0001809903086
306042	0.0003851678941
306043	0.0004171338793
306044	0.0007549477839
306045	4.40046786e-05
306046	0.000429488741
306047	0.0001998648853
306048	0.000200383987
306049	0.0001590669052
306050	1.52423456e-05
306051	3.109417714e-05
306052	0.0008102165505
306053	0.000432123279
306054	0.0002773669769
306055	0.0003141365544
306056	9.393731925e-05
306057	0.0002491218182
306058	0.0001946360856
306059	0.001420915165
306060	0.0004426422709
306061	0.0001990082568
306062	9.025329162e-06
306063	0.0004083691268
306064	0.0003457146656
306065	0.000241697591
306066	0.0001204728108
306067	0.0002621280744
306068	0.0004011915703
306069	0.0002525436637
306070	0.00105960066
306071	0.001359449013
306072	0.0002733512627
306073	0.0003723895399
306074	0.0005961064142
306075	0.0002417536408
306076	0.0005893221317
306077	0.001684570636
306078	0.0009857348287
306079	0.0007427475365
306080	0.0005334234788
306081	0.0007541960339
306082	0.0007496523505
306083	0.0008555900922
306084	0.0005580857577
306085	0.000698523646
306086	0.0004191919867
306087	0.0005715836521
306088	0.0004710965341
306089	0.0005679395815
306090	0.0005238561425
306091	0.0005621326893
306092	0.0003300068655
306093	0.0003906007666
306094	0.0001325903709
306095	0.001609997305
306096	0.0007527768715
306097	0.0006375657592
306098	0.0008814688962
306099	0.001146250711
306100	0.000475449508
306101	0.0005949528343
306102	0.0006943171548
306103	0.0005927826103
306104	0.0003664344064
306105	0.0009126581276
306106	0.0006758394282
306107	0.0007863098549
306108	0.0006564791725
306109	0.0005512165616
306110	0.0001535838636
306111	0.0007198878552
306112	0.0008132642845
306113	0.001079084068
306114	0.0004513398308
306115	0.0006146877708
306116	0.0005635239561
306117	0.0008481137151
306118	0.0005691048112
306119	0.0006390752006
306120	0.000763179032
306121	0.0007989880087
306122	0.0009006894601
306123	0.0006998986109
306124	0.0003150555146
306125	0.001106705678
306126	0.0005021467737
306127	0.001550768309
306128	0.001591705506
306129	0.001074508206
306130	0.0004542441555
306131	0.0001424027975
306132	0.0009330726392
306133	0.0007306678464
306134	0.0007785810954
306135	0.001418857463
306136	0.0007640063813
306137	0.0007719416994
306138	0.0006580644449
306139	0.0005080912041
306140	0.0008579801075
306141	0.0007740200303
306142	0.0007687705495
306143	0.0008001278068
306144	0.0007051046677
306145	0.000105496575
306146	0.0007920835632
306147	0.0009085837592
306148	0.0008503964192
306149	0.0008266243227
306150	0.0004469334703
306151	0.0005483350919
306152	0.001201240811
306153	0.0008303891791
306154	0.0004694463006
306155	0.0007520562805
306156	0.0002444712096
306157	0.0002530356837
306158	0.0002353835872
306159	0.0002824545267
306160	0.000239800955
306161	0.0002892733438
306162	0.0003204812949
306163	0.0005735126372
306164	7.972546105e-05
306165	0.0003252081849
306166	0.0003834719382
306167	8.749974562e-05
306168	0.0001625327749
306169	0.0001913713866
306170	0.001111192494
306171	0.0001607878892
306172	7.999761036e-05
306173	0.0002551734031
306174	0.0002807339953
306175	2.990586527e-05
306176	7.366426062e-05
306177	0.0002504841331
306178	0.0002189346797
306179	0.0007012509155
306180	0.0009550168554
306181	0.0003774171223
306182	0.0002824311167
306183	0.0001646598473
306184	0.0001195878526
306185	0.0004105575076
306186	0.0002941686229
306187	0.0002355368162
306188	0.000208748766
306189	0.0002289759029
306190	0.0006556455617
306191	0.0003240121499
306192	0.0001794849417
306193	0.0001305519727
306194	0.0001330397217
306195	0.0002081866776
306196	0.0008897127968
306197	3.755252936e-05
306198	0.0007850404342
306199	0.0008035969936
306200	0.0006037635382
306201	0.0009923484617
306202	0.0009952326716
306203	0.0007818350723
306204	0.0007584416671
306205	0.000758504736
306206	0.0007066925363
306207	0.00129743064
306208	0.001113160932
306209	0.0008266341786
306210	0.0007487367278
306211	0.0007129826196
306212	0.0008285953194
306213	0.001041529359
306214	0.0007084313994
306215	0.0002251781364
306216	0.0001293168464
306217	0.0006490259921
306218	0.0009009786924
306219	0.00128994575
306220	0.0008714780739
306221	0.0005940922764
306222	0.0008548690117
306223	0.0005790063129
306224	0.0007119755702
306225	0.0006716839942
306226	0.0008951586301
306227	0.000788826684
306228	0.000173118775
306229	0.0006656407983
306230	0.0007381609654
306231	0.0008209399702
306232	0.0006586197513
306233	0.0008553577173
306234	0.0004052970918
306235	0.001631530591
306236	0.0003831699903
306237	0.0004135248448
306238	0.0004547243525
306239	0.0003572048
306240	0.0003351974351
306241	9.251663903e-05
306242	0.0004068708843
306243	0.0001477510985
306244	4.505148359e-05
306245	0.0004006034551
306246	0.0003419370515
306247	0.0001447515937
306248	0.000473071763
306249	0.0007006086656
306250	0.0001112406445
306251	0.0003728378114
306252	0.0004359057578
306253	0.0005771234536
306254	0.0004882596659
306255	0.0009654166623
306256	0.0004695883144
306257	0.0002367278687
306258	0.0006781351219
306259	0.0005597225847
306260	0.0007772457114
306261	0.0005880454835
306262	0.000736644791
306263	0.0004678303217
306264	0.0003579871695
306265	0.0004602908034
306266	0.0002292318397
306267	0.0003182879113
306268	0.0003615692979
306269	0.00115070321
306270	0.002008876648
306271	0.0004925502573
306272	0.0005767436732
306273	0.001104877129
306274	0.0002877085537
306275	0.000599821905
306276	0.0006062469594
306277	0.001609428308
306278	0.0005513021363
306279	0.002213895872
306280	0.0004601048238
306281	0.0002604049287
306282	0.0006116457965
306283	0.0005500644424
306284	0.0006855234604
306285	0.000323513554
306286	0.0005447915443
306287	0.0008882358373
306288	0.0004056527791
306289	0.0005889670699
306290	0.0005275669804
306291	0.0005489929967
306292	0.0003726124697
306293	0.00059760177
306294	0.0006563550461
306295	0.0005691529395
306296	0.001189088401
306297	0.000662865582
306298	0.0005736365224
306299	0.0007440357215
306300	0.000383349887
306301	0.000308399413
306302	0.00105673384
306303	0.000228803767
306304	0.0005938315396
306305	0.0007785646743
306306	0.0006849826598
306307	0.000764715778
306308	0.0006958123421
306309	0.0004810996773
306310	0.001238896375
306311	0.001262004774
306312	0.001005399475
306313	0.001000126761
306314	0.0005584688395
306315	0.0006865052181
306316	0.0001562590014
306317	0.0005974178633
306318	0.0007212849484
306319	0.0007779324901
306320	0.0004857390597
306321	7.389392844e-05
306322	0.000462486233
306323	0.0006082014915
306324	0.0004407548464
306325	0.0001751736936
306326	0.0005631395538
306327	0.0009941341345
306328	0.001470916501
306329	0.0009334660273
306330	0.0007573663243
306331	0.001079813867
306332	0.0009383424793
306333	0.0007107891917
306334	0.001044057117
306335	0.0006283516589
306336	0.0007157971503
306337	0.0008548428196
306338	0.0005936509587
306339	0.0008101655536
306340	0.001077906773
306341	0.0008753022932
306342	0.0009951378327
306343	0.001063171442
306344	0.0008417422264
306345	0.001051615958
306346	0.001105372998
306347	0.0009422196975
306348	0.001087997494
306349	0.0009883253202
306350	0.001159462175
306351	0.0007715032591
306352	0.0009360646522
306353	0.001246215148
306354	0.0009947034817
306355	0.001015131462
306356	0.001059312487
306357	0.0007614794552
306358	0.0008667392903
306359	0.001201795438
306360	0.0009511723158
306361	0.001340011248
306362	0.001116459987
306363	0.0007611142772
306364	0.001092606893
306365	0.001346260855
306366	0.001121815455
306367	0.001007669327
306368	0.0009743743009
306369	0.00111198753
306370	0.0009435924437
306371	0.001083219024
306372	0.001017903435
306373	0.0009553923827
306374	0.0001125099184
306375	0.0008956471427
306376	0.0009735149385
306377	0.0009622565423
306378	0.0009936865251
306379	0.001142124209
306380	0.001150885404
306381	0.001218283145
306382	0.001260549167
306383	0.001388966789
306384	0.001255418752
306385	0.001249464808
306386	0.001303101248
306387	0.001215519862
306388	0.001267683157
306389	0.001244829352
306390	0.001269935668
306391	0.001275288451
306392	0.001427261334
306393	0.001203233966
306394	0.0003371215068
306395	0.001146281214
306396	0.001212044798
306397	0.001118173352
306398	0.0007116685147
306399	0.0009363758068
306400	0.0005902272223
306401	0.001220845251
306402	0.001267182243
306403	0.001298328273
306404	0.001263139633
306405	0.00119973081
306406	0.000437640307
306407	0.001259754435
306408	0.001251118524
306409	0.001386561124
306410	0.001318739963
306411	0.001111759539
306412	0.001425249688
306413	0.001317816933
306414	0.001228984577
306415	0.001226307992
306416	0.00127178803
306417	0.0009126645596
306418	0.00113177383
306419	0.001162830678
306420	0.001247689209
306421	0.001564622193
306422	0.00186016198
306423	0.001606923015
306424	0.001708091053
306425	0.001675226698
306426	0.001653204891
306427	0.001519393185
306428	0.001577310499
306429	0.001621740628
306430	0.001201746518
306431	0.001369418874
306432	0.00129894032
306433	0.001699338213
306434	0.001655425042
306435	0.001487758172
306436	0.001420075274
306437	2.143624815e-05
306438	0.001494178067
306439	0.001538482437
306440	0.001443529419
306441	0.001700283691
306442	0.0009969571229
306443	0.001555390209
306444	0.001863771075
306445	0.001729211748
306446	0.0008127161056
306447	0.001784625062
306448	0.001672554828
306449	0.001574530049
306450	0.001552043528
306451	0.001568470377
306452	0.001502610448
306453	0.001667409283
306454	0.0023197292
306455	0.001690081706
306456	0.002115928684
306457	0.001522460627
306458	0.001627846919
306459	0.001715608382
306460	0.001450796791
306461	0.002059122271
306462	0.001750110066
306463	0.001698141591
306464	0.00156954729
306465	0.001198082228
306466	0.0001829208143
306467	0.00135726652
306468	0.001082029156
306469	0.00168323491
306470	0.001795073761
306471	0.001696090866
306472	0.001582214701
306473	0.001589213299
306474	0.001539584214
306475	0.00165611557
306476	0.001678926343
306477	0.0001503226528
306478	0.001636161457
306479	0.0001693485381
306480	9.822089552e-05
306481	0.000562489613
306482	0.0003958251858
306483	0.0003291640272
306484	0.0002929207793
306485	1.700166378e-05
306486	7.405016246e-05
306487	8.419752646e-05
306488	0.0001615488932
306489	0.0001634729768
306490	0.0005580755916
306491	0.000414278369
306492	0.0004907967657
306493	0.0003244956181
306494	0.0006581897843
306495	0.0004274264475
306496	0.0002869444942
306497	0.0006797529862
306498	0.0003676016671
306499	0.0004357351466
306500	0.0004433249765
306501	0.0008328333441
306502	0.0003267001245
306503	0.0005089562312
306504	0.000221333084
306505	0.001053916848
306506	0.0008316708777
306507	0.0002364362785
306508	0.0002143955785
306509	0.0003136454891
306510	0.0001863438493
306511	0.0004911851782
306512	0.0002321367491
306513	0.0004458226805
306514	0.0001097383122
306515	9.417970961e-05
306516	0.0007664538557
306517	0.0001027802745
306518	0.0005677479373
306519	0.0001381920414
306520	0.0002320654332
306521	0.0001950024683
306522	0.0004810888813
306523	6.281411521e-05
306524	0.0005181398801
306525	0.002172908344
306526	0.0004997806328
306527	0.000404607992
306528	0.0003938214499
306529	0.0002177999867
306530	8.86392803e-05
306531	0.0003345967567
306532	0.0001970549568
306533	1.238677021e-05
306534	0.0003701339254
306535	0.0003838376818
306536	0.0006377040486
306537	0.0003512778913
306538	0.0001419478033
306539	0.001359892941
306540	1.253619534e-05
306541	0.0003081069878
306542	7.759908579e-05
306543	0.0001779188476
306544	6.432867533e-05
306545	0.0002585686664
306546	0.0001298163863
306547	0.0005365114335
306548	9.285688285e-05
306549	0.0001736460815
306550	0.001505491921
306551	0.002098399664
306552	0.001011147366
306553	0.001629674347
306554	0.001601526681
306555	0.001414677752
306556	0.001590215114
306557	0.002081354974
306558	0.001289528889
306559	0.001538187369
306560	0.001375550095
306561	0.001514949703
306562	0.001414998192
306563	0.00157205454
306564	0.001463202147
306565	0.00163654168
306566	0.001524912771
306567	0.001524405009
306568	0.001536661642
306569	0.001310179089
306570	0.001820081799
306571	0.001096658387
306572	0.001037047346
306573	0.001576791526
306574	0.001429398116
306575	0.001508826137
306576	0.001548765507
306577	0.0019103305
306578	0.001061194761
306579	0.001511988652
306580	0.001684238159
306581	0.001480814355
306582	0.001646250413
306583	0.00135529346
306584	0.001446397356
306585	0.0007706725138
306586	0.0001177834757
306587	0.001485669434
306588	0.001684723814
306589	0.00175050472
306590	0.001479758628
306591	0.00158843769
306592	0.001485319302
306593	0.00150131899
306594	0.0004722414053
306595	0.0001439204119
306596	0.0001620527733
306597	0.0004348686351
306598	0.0001424881147
306599	0.0002435980526
306600	0.0002843063853
306601	6.092722864e-05
306602	0.0005681271841
306603	1.266616424e-05
306604	0.0003370055343
306605	0.0001856593335
306606	0.0003927345249
306607	0.0002829552341
306608	0.000120803351
306609	0.0005136282922
306610	3.236153749e-05
306611	0.0002517897629
306612	0.0003052354763
306613	0.0003061666355
306614	0.0007036265693
306615	0.0001716060535
306616	0.0009396974666
306617	0.0002572732355
306618	0.0004941623875
306619	0.0007115460148
306620	0.0003339542699
306621	0.0002538321867
306622	6.740837137e-05
306623	0.0003807178022
306624	0.0002365887042
306625	0.0003932506693
306626	8.856935089e-05
306627	9.059173372e-05
306628	0.0002167445964
306629	0.0003397445863
306630	9.281737206e-05
306631	0.0005735714781
306632	0.000248428279
306633	0.0001296131543
306634	0.001664860268
306635	0.002032675706
306636	0.001334335798
306637	0.001766108482
306638	0.001816823241
306639	0.001958990392
306640	0.001409351627
306641	0.001569138294
306642	0.00175274632
306643	0.00166443817
306644	0.001753909761
306645	0.001910691509
306646	0.001615525488
306647	0.001120999329
306648	0.001818301651
306649	0.001858470123
306650	0.0007129781865
306651	0.001906968866
306652	0.001846230267
306653	0.001698449884
306654	0.001413338698
306655	0.001668056085
306656	0.001842794334
306657	0.001710329949
306658	0.001669721799
306659	0.001697890606
306660	0.001310661682
306661	0.001739743822
306662	0.001735267204
306663	0.001190757241
306664	0.001827226628
306665	0.001134230803
306666	0.001505824458
306667	0.001729270539
306668	0.001410109114
306669	0.00181624078
306670	0.001884278953
306671	0.00187279163
306672	0.001766709964
306673	0.001723249924
306674	0.001897531186
306675	0.001312799761
306676	0.001740791983
306677	0.001701505103
306678	0.00150660778
306679	0.001396556603
306680	0.001337553477
306681	0.001718426385
306682	0.001817253061
306683	0.001784909885
306684	0.001810771406
306685	0.00177218856
306686	0.001565125369
306687	0.001686114972
306688	0.001825627031
306689	0.001599649772
306690	0.00165807861
306691	0.001756929949
306692	0.00166431185
306693	0.001421986633
306694	0.001797530366
306695	0.003605237416
306696	0.003455508238
306697	0.003673383679
306698	0.003832314081
306699	0.003563438666
306700	0.003672002108
306701	0.003847110126
306702	0.00398401706
306703	0.003778273207
306704	0.003428517199
306705	0.003486043469
306706	0.00391365338
306707	0.003359025635
306708	0.003803711855
306709	0.003743861844
306710	0.003358882001
306711	0.003649010497
306712	0.003559381289
306713	0.003698346854
306714	0.003635683498
306715	0.003293545191
306716	0.003296894708
306717	0.003310075032
306718	0.00348047668
306719	0.003207654215
306720	0.003400991456
306721	0.003961985704
306722	0.003692615345
306723	0.004021807095
306724	0.003683489145
306725	0.003761180634
306726	0.003672602971
306727	0.003789709979
306728	0.003530937482
306729	0.003714538934
306730	0.003445401409
306731	0.003489820092
306732	0.003835047049
306733	0.002886883188
306734	0.003669688472
306735	0.003589150586
306736	0.003464035836
306737	0.003499326504
306738	0.003575927128
306739	0.003637120773
306740	0.001266524219
306741	0.001162574939
306742	0.001353297713
306743	0.0009279441081
306744	0.00130676725
306745	0.001224939776
306746	0.001245254281
306747	0.001095950319
306748	0.001122474624
306749	0.0009096494916
306750	0.001412526476
306751	0.001460314915
306752	0.001282609837
306753	0.001412005132
306754	0.001368951136
306755	0.001611600775
306756	0.001254210409
306757	0.001230024215
306758	0.0012422809
306759	0.001363051745
306760	0.001074532613
306761	0.001378649719
306762	0.001289781217
306763	0.001215698306
306764	0.00124492593
306765	0.00108819021
306766	0.001600581425
306767	0.001412029061
306768	0.001146013169
306769	0.001218095732
306770	0.0009079475754
306771	0.001123546737
306772	0.001163015571
306773	0.00121602982
306774	0.0009409599851
306775	0.001280808113
306776	0.001183886585
306777	0.001194090593
306778	0.001389862441
306779	0.001444231566
306780	0.00134363101
306781	0.001239721799
306782	0.0004652466042
306783	0.003191085101
306784	0.0005112070138
306785	9.593770223e-05
306786	3.404330124e-05
306787	0.0004222477083
306788	0.0004944610578
306789	4.476807992e-05
306790	0.0005394551383
306791	0.0005027218635
306792	0.0003662155962
306793	0.0003863916362
306794	0.0003620375744
306795	0.0003389737906
306796	0.0005013419739
306797	0.0003627512529
306798	0.0005189819017
306799	0.0004785484476
306800	0.0009399414967
306801	0.000493087988
306802	0.002333128812
306803	0.000243396277
306804	0.0002584757095
306805	0.0003464215431
306806	0.0002861192299
306807	0.001332380524
306808	0.0001145245404
306809	0.0002894533082
306810	0.0003153113876
306811	0.0004522154091
306812	0.001204285246
306813	0.0004212228379
306814	0.0009751243435
306815	0.0005032321142
306816	0.000712983272
306817	0.0009195174169
306818	0.0008683496726
306819	0.0009875878624
306820	0.0008703873781
306821	0.000925005073
306822	0.0008045143409
306823	0.001735741365
306824	0.001052863975
306825	0.000987244999
306826	0.0009697470765
306827	0.001932408765
306828	0.001203942824
306829	0.001305749384
306830	2.572592828e-05
306831	0.000654888436
306832	0.0007710191935
306833	0.0006347466285
306834	0.001062671673
306835	0.000224903791
306836	0.0008601463916
306837	0.0007305909987
306838	0.0005882038251
306839	0.0005269368721
306840	0.0007168309112
306841	0.001501569331
306842	0.0006399198669
306843	0.0007525096681
306844	0.001204790627
306845	0.001486861072
306846	0.0008903739959
306847	0.002502471809
306848	0.002575000846
306849	0.002536737607
306850	0.002716998362
306851	0.002206450712
306852	0.002861293359
306853	0.002594141178
306854	0.002567527852
306855	0.002366542773
306856	0.002621038219
306857	0.002769818548
306858	0.001582360318
306859	0.002405305945
306860	0.002385766921
306861	0.002252885967
306862	0.002112267684
306863	0.002655050656
306864	0.002419759451
306865	0.003016224648
306866	0.002949414028
306867	0.001771036395
306868	0.002582017552
306869	0.002095844885
306870	0.002728518586
306871	0.00195780478
306872	0.001974937879
306873	0.002637408574
306874	0.002041867277
306875	0.002449658161
306876	0.003234021274
306877	0.0008690909467
306878	0.002606721967
306879	0.002561143906
306880	0.0006524776316
306881	0.0007521176479
306882	0.0006313277431
306883	0.0006445928932
306884	0.000665212589
306885	0.0009512255524
306886	0.000287560746
306887	0.0005339533106
306888	0.0008205879739
306889	0.001479224198
306890	0.0008016569663
306891	0.0006216686634
306892	0.0003900689166
306893	9.744546936e-05
306894	0.0006302757965
306895	0.0007283639794
306896	0.0002305881083
306897	0.0006846558485
306898	0.000717696161
306899	0.001468876854
306900	0.0002016691326
306901	0.0009086252318
306902	0.0005588537854
306903	0.0001370456515
306904	0.001004936709
306905	0.0004200944319
306906	0.0004686191334
306907	0.0005934883805
306908	0.0006809507683
306909	0.000312654386
306910	0.0006162749906
306911	0.0007646142963
306912	0.0005675612878
306913	0.0002331046767
306914	0.0006052316376
306915	0.0007602895709
306916	0.0008200944848
306917	0.000561023922
306918	8.540136237e-05
306919	0.0006458165897
306920	0.0001535727196
306921	0.0005685459027
306922	0.0007510126364
306923	0.0006316856158
306924	0.0007169266405
306925	0.0008031901343
306926	0.0006505686028
306927	0.0001309662667
306928	0.0004678306431
306929	0.0003162576754
306930	0.0005617422366
306931	0.0004210382611
306932	0.0009986712795
306933	0.0008910945934
306934	0.0005700993608
306935	0.001878076274
306936	0.001712446453
306937	0.0020364277
306938	0.001770045232
306939	0.001970534034
306940	0.001418549623
306941	0.00193520292
306942	0.001833400799
306943	0.001039194831
306944	0.002337250558
306945	0.001741513429
306946	0.00179966861
306947	0.002030621646
306948	0.001942220746
306949	0.001961409428
306950	0.001781285129
306951	0.001286094124
306952	0.001647677909
306953	0.00176425764
306954	0.001821559545
306955	0.00237593489
306956	0.001706528191
306957	0.001987790889
306958	0.00146520981
306959	0.0009847924471
306960	0.001653768976
306961	0.002009529819
306962	0.001891289225
306963	0.002185748468
306964	0.001174015361
306965	0.001769626755
306966	0.002019797633
306967	0.002585358864
306968	0.001860157641
306969	0.001956664795
306970	0.001646238259
306971	0.002024655186
306972	0.002159510322
306973	0.001640523647
306974	0.001750436362
306975	0.001581324226
306976	0.001937568583
306977	0.001936820385
306978	0.001976987084
306979	0.001954114889
306980	0.001905789328
306981	0.001971312418
306982	0.001847365272
306983	0.001994032704
306984	0.0008151277152
306985	0.0009958334842
306986	0.001108580799
306987	0.001628917424
306988	0.001969358802
306989	0.002168954352
306990	0.002033249167
306991	0.001780801299
306992	0.001586907609
306993	0.00192573949
306994	0.00193797512
306995	0.002091055716
306996	0.002186077476
306997	0.002070287858
306998	0.001922046023
306999	0.001962085052
307000	0.001859795476
307001	0.002133451427
307002	0.001852144989
307003	0.00193281758
307004	0.00192332205
307005	0.001916205495
307006	0.002080843005
307007	0.001796684807
307008	0.001579761424
307009	0.001968654483
307010	0.001961420368
307011	0.001950302416
307012	0.001866467361
307013	0.001758093844
307014	0.002193808918
307015	0.002204822813
307016	0.001416892833
307017	0.00187451391
307018	0.00149969614
307019	0.002000155488
307020	0.001816569638
307021	0.001179218235
307022	0.001065697093
307023	0.001187080711
307024	0.001398610783
307025	0.001411059861
307026	0.001379668002
307027	0.001047842867
307028	0.001093876083
307029	0.001189461504
307030	0.00123511719
307031	0.001127654794
307032	0.001146698727
307033	0.001213550306
307034	0.001219779384
307035	0.001233945603
307036	0.001134586111
307037	0.001144654693
307038	0.001324619318
307039	0.001224694882
307040	0.001185005134
307041	0.00129413026
307042	0.001249897523
307043	0.001228907916
307044	0.001087261554
307045	0.001293316276
307046	0.00127781272
307047	0.000616063139
307048	0.001409858411
307049	0.001290801886
307050	0.00120709124
307051	0.001498045751
307052	0.001235769708
307053	0.002354575454
307054	0.001415651807
307055	0.002457114433
307056	0.002477930829
307057	0.002979761571
307058	0.002342945305
307059	0.002396974653
307060	0.002361141526
307061	0.002242872178
307062	0.002633633273
307063	0.002523528453
307064	0.002489868184
307065	0.002012518498
307066	0.002279578223
307067	0.00232147803
307068	0.002099966467
307069	0.002185972442
307070	0.002297527817
307071	0.0008122914026
307072	0.002864187823
307073	0.002147264938
307074	0.002493463066
307075	0.0001510739719
307076	7.795629121e-05
307077	8.559242817e-05
307078	5.09646341e-05
307079	0.0001158854348
307080	0.0001492518421
307081	0.0001546210774
307082	1.21891713e-05
307083	0.0001420686911
307084	0.0001726636297
307085	8.069110791e-05
307086	0.000101430792
307087	0.0001255660752
307088	0.000144984792
307089	0.0005121421495
307090	8.820875758e-05
307091	0.0001697625959
307092	5.978466907e-05
307093	0.000134591147
307094	1.584860066e-05
307095	0.0001599798987
307096	0.000109404627
307097	0.0001346801647
307098	0.0001372127776
307099	0.0001510885799
307100	2.772317736e-06
307101	0.0001701855351
307102	0.0001030262631
307103	0.0001426551239
307104	0.0002005987924
307105	0.0001289910873
307106	0.0001236918095
307107	9.83864526e-05
307108	0.0001181972779
307109	0.0001272389779
307110	0.0004482067591
307111	0.0001116536246
307112	6.941568786e-05
307113	0.0001423563642
307114	0.0001372334188
307115	0.0001406994451
307116	0.000194786662
307117	0.0001089692861
307118	0.0001384618074
307119	0.0001425432344
307120	7.504526835e-05
307121	0.0004806910609
307122	0.000126810736
307123	0.0001432810591
307124	9.42614715e-05
307125	0.0005067473128
307126	0.000116860098
307127	0.0003727818605
307128	0.0001317866065
307129	0.0001136860222
307130	0.000139638057
307131	0.0001450464242
307132	0.0001432505099
307133	0.0002785987567
307134	0.0003856078291
307135	1.104773225e-05
307136	5.899589569e-05
307137	0.000445268368
307138	0.000280499794
307139	0.0001448924985
307140	3.464657726e-06
307141	0.0002999090132
307142	0.0003019290973
307143	0.000324492055
307144	0.0002593812324
307145	1.735007597e-05
307146	0.0002986275357
307147	0.0001835503049
307148	0.0002469657961
307149	0.0003131900665
307150	0.0002576232962
307151	0.0001277812028
307152	0.0003358558185
307153	0.000161438995
307154	0.0003427364162
307155	0.0007294393386
307156	0.0002269925871
307157	0.0008996782489
307158	0.0001875774982
307159	0.0001744248993
307160	3.417343177e-05
307161	0.0001564555927
307162	0.0002566156915
307163	0.0003919971594
307164	0.0001728363652
307165	0.0004130519848
307166	0.000239066827
307167	0.00033834497
307168	0.0001424086455
307169	0.0001726062244
307170	0.000327602671
307171	0.000392668488
307172	0.0004188245626
307173	0.0002128901888
307174	0.0002373417597
307175	0.0003525518315
307176	0.000323222867
307177	0.0003530318561
307178	0.0003712661242
307179	0.0002889206214
307180	0.0003008844284
307181	4.317981356e-05
307182	0.0002973866005
307183	0.0002329424321
307184	0.0006731435337
307185	0.0001816226202
307186	0.0003313659447
307187	0.0002005859893
307188	0.0001358626905
307189	0.0003236793333
307190	0.0003160134881
307191	0.0003061383851
307192	0.0006843617036
307193	0.0004554801491
307194	0.001001479226
307195	0.0003587942983
307196	6.878750236e-05
307197	0.0001315185858
307198	7.039416637e-05
307199	0.0002358842688
307200	0.0002629385434
307201	7.429108012e-05
307202	5.710740083e-05
307203	5.196774544e-06
307204	0.0006186258532
307205	0.0008653646826
307206	2.861779055e-05
307207	4.275492994e-05
307208	3.802394941e-05
307209	0.0004507671911
307210	5.367599833e-05
307211	0.0001180290392
307212	0.0003183892811
307213	0.0002884368505
307214	0.0002124633545
307215	2.835593063e-05
307216	8.298383514e-05
307217	0.0003946292939
307218	0.0007169432934
307219	0.0002228334532
307220	0.0001446481995
307221	0.0006943690147
307222	9.414173279e-05
307223	2.460744459e-05
307224	5.664499056e-05
307225	0.0002062861716
307226	0.0002005325845
307227	0.0001417023589
307228	0.000370230263
307229	0.0006547044578
307230	0.000183433409
307231	0.0003081286041
307232	5.366983647e-05
307233	2.211427406e-05
307234	6.933478024e-05
307235	0.00241866653
307236	0.002612477975
307237	0.002547769749
307238	0.002149045773
307239	0.002182495031
307240	0.002451455886
307241	0.002562711411
307242	0.002415602571
307243	0.002657649843
307244	0.002638986303
307245	0.002548332074
307246	0.002385979899
307247	0.002467192242
307248	0.002411394488
307249	0.001177962172
307250	0.002077300579
307251	0.00280311308
307252	0.001599998146
307253	0.001058133555
307254	0.0008160445246
307255	0.00126502166
307256	0.00219093139
307257	0.002407360117
307258	0.005071274122
307259	0.008113735704
307260	0.0009365110538
307261	0.005368968251
307262	0.0008922368586
307263	0.005760024313
307264	0.0001096953251
307265	0.00132381555
307266	0.0009904973141
307267	0.0009999759303
307268	0.002861529912
307269	0.004271732857
307270	0.004785655694
307271	0.001835991205
307272	0.0003561808709
307273	0.0002136155507
307274	0.00142546886
307275	9.356677307e-06
307276	0.002941801852
307277	0.0006948750795
307278	0.0008674689324
307279	0.0001684065056
307280	0.0004627301205
307281	0.0007007994805
307282	0.0003268275291
307283	0.001128662753
307284	0.0005553829647
307285	0.0009158394809
307286	0.00144020789
307287	0.00078862861
307288	0.00605852638
307289	0.0001585490519
307290	0.0002433672043
307291	0.001983137649
307292	0.0009247846282
307293	0.000258942666
307294	0.0004206167851
307295	0.0005440974016
307296	0.0007378571597
307297	0.0005765356599
307298	0.0001191542808
307299	0.0002748456845
307300	0.0007676171811
307301	2.10066678e-05
307302	0.0003648940051
307303	0.001507253801
307304	0.0002008887371
307305	0.006054143622
307306	1.39702737e-07
307307	0.00104286932
307308	0.001083641069
307309	0.0009520249539
307310	0.007621649707
307311	0.0003437661263
307312	0.000538808145
307313	0.0001982007261
307314	1.08861092e-05
307315	0.001354603324
307316	0.0009338354334
307317	0.0002334975821
307318	0.001331036142
307319	0.0004984575605
307320	0.001033263988
307321	0.001002782737
307322	0.0008557864611
307323	0.0001295745194
307324	0.001095823203
307325	0.001852452136
307326	0.0008854591718
307327	7.993240102e-05
307328	0.0004106004194
307329	0.001051826562
307330	0.0004468677426
307331	0.004769914356
307332	5.461739772e-05
307333	4.368675705e-07
307334	0.0003475300292
307335	0.0008123357222
307336	0.002736598853
307337	0.00267518272
307338	0.006027538329
307339	0.004639001133
307340	0.005973489014
307341	0.001061302473
307342	0.005575006486
307343	0.004211354815
307344	0.002298185589
307345	0.00135210085
307346	0.0004331770533
307347	0.0003127341823
307348	0.0009390373312
307349	0.0008179096812
307350	0.001765030611
307351	0.001909760438
307352	0.0004401162761
307353	0.0006688092398
307354	0.0002193027427
307355	0.0003559129738
307356	0.001820706482
307357	0.002629688286
307358	0.0001908915986
307359	0.0005319523995
307360	0.004125536607
307361	0.0001410478785
307362	0.00166030139
307363	3.458373351e-05
307364	0.001199972519
307365	1.552258157e-05
307366	7.420967745e-06
307367	3.239544318e-05
307368	3.745867289e-05
307369	0.0003243132303
307370	2.891488782e-05
307371	7.852389804e-05
307372	8.444577599e-05
307373	0.0002119636684
307374	0.0001621341613
307375	0.0001354235248
307376	0.003198007767
307377	0.002466381589
307378	0.002746276394
307379	0.001641436624
307380	0.001147668972
307381	0.002387038917
307382	0.0001083846706
307383	0.0003735683132
307384	0.0008076973471
307385	0.0004794606348
307386	0.002427320659
307387	0.0004909554175
307388	0.0001894319581
307389	2.379772715e-05
307390	0.0007696289626
307391	0.001188443259
307392	0.0008367055373
307393	0.0008695273267
307394	0.0008563578905
307395	0.0002371572508
307396	0.0008060107198
307397	0.00113998989
307398	0.0006181467334
307399	0.001367461491
307400	0.0005466088823
307401	0.0009048934996
307402	0.0009292062106
307403	0.0005953686097
307404	0.0004025063623
307405	0.0007117081446
307406	0.001168610719
307407	0.001487097865
307408	0.0005973267082
307409	0.0011865795
307410	0.004987421762
307411	0.005027248524
307412	0.005639396763
307413	0.005455342079
307414	0.005310611767
307415	0.005431638114
307416	0.005050613336
307417	0.005199580437
307418	0.005400887717
307419	0.005040253105
307420	0.005409807044
307421	0.005163467326
307422	0.005548813419
307423	0.005375489466
307424	0.004909624096
307425	0.005665273389
307426	0.005055709336
307427	0.004725640598
307428	0.005429322171
307429	0.005099600752
307430	0.005394986111
307431	0.004954760179
307432	0.00527769017
307433	0.005183872364
307434	0.002495321199
307435	0.005301950785
307436	0.005025226073
307437	0.004915482897
307438	0.004995146299
307439	0.005024547295
307440	0.004932974742
307441	0.005331173704
307442	0.004935574593
307443	0.005454794732
307444	0.005450215094
307445	0.005004909511
307446	0.005015520839
307447	0.005550308103
307448	0.005398998483
307449	0.004819627403
307450	0.005056361571
307451	0.004197791393
307452	0.004586880345
307453	0.005339647222
307454	0.005670832715
307455	0.005405685366
307456	0.005590915121
307457	0.004893709569
307458	0.004843327172
307459	0.005392398784
307460	0.005035505943
307461	0.005071810203
307462	0.00493914998
307463	0.005013257916
307464	0.005093903447
307465	0.004217531263
307466	0.005526114988
307467	0.005129111968
307468	0.005136036574
307469	0.005399980352
307470	0.005261380915
307471	0.005319249327
307472	0.00501983724
307473	0.005511438232
307474	0.004913815367
307475	0.005497644642
307476	0.004999412311
307477	0.0048079074
307478	0.005335821266
307479	0.005486696221
307480	0.005051062714
307481	0.005447035932
307482	0.005370396582
307483	0.005193275798
307484	0.005022864217
307485	0.005559985902
307486	0.005159671847
307487	0.005543704958
307488	0.005402850251
307489	0.005548186808
307490	0.005632939755
307491	0.005543173072
307492	0.005418861468
307493	0.005160135859
307494	0.005416667629
307495	0.005450373084
307496	0.005162882949
307497	0.005157955562
307498	0.005083537382
307499	0.005506266487
307500	0.005544212158
307501	0.00514253704
307502	0.002355774796
307503	0.005141088059
307504	0.005197432313
307505	0.005048361265
307506	0.00521140705
307507	0.005262573518
307508	0.005516230519
307509	0.005158357851
307510	0.005178217884
307511	0.005277455356
307512	0.005467837074
307513	0.005534226987
307514	0.005147614046
307515	0.005301718365
307516	0.005097182575
307517	0.005056091547
307518	0.005458624672
307519	0.005941911351
307520	0.005205857917
307521	0.004963733334
307522	0.005143874925
307523	0.005480881701
307524	0.005150543558
307525	0.00512008341
307526	0.004856418004
307527	0.001029898744
307528	0.004346083081
307529	0.005837802424
307530	0.006034137959
307531	0.004301783954
307532	0.004830168331
307533	0.004857897324
307534	0.00590469927
307535	0.00506376597
307536	0.005481664597
307537	0.004548189459
307538	0.005408417997
307539	0.005369495044
307540	0.005355214472
307541	0.005070306069
307542	0.005313892654
307543	0.005150049762
307544	0.005035095904
307545	0.005864315044
307546	0.005371578173
307547	0.005418075119
307548	0.005386038181
307549	0.005057124714
307550	0.005595039274
307551	0.004981349088
307552	0.005600909495
307553	0.005379069145
307554	0.005438417567
307555	0.004764337534
307556	0.005059981538
307557	0.005722077777
307558	0.005257674993
307559	0.005255161689
307560	0.005081839681
307561	0.005200355077
307562	0.005314538851
307563	0.004843080604
307564	0.00357073001
307565	0.004835544081
307566	0.0051907269
307567	0.005346186051
307568	0.005268738061
307569	0.004852531628
307570	0.005284999906
307571	0.005014779152
307572	0.004188634147
307573	0.005003951833
307574	0.005236053091
307575	0.005069302556
307576	0.0049111515
307577	0.004333153247
307578	0.005449237985
307579	0.006146654949
307580	0.004890818029
307581	0.005274721543
307582	0.004986212647
307583	0.005541038587
307584	0.005073039058
307585	0.005775168266
307586	0.005326438752
307587	0.005078882347
307588	0.004463837835
307589	0.005299605167
307590	0.005093575513
307591	0.003477957384
307592	0.00564678222
307593	0.004835028548
307594	0.005474419843
307595	0.004754262657
307596	0.005137959168
307597	0.005123116514
307598	0.005547653559
307599	0.005285370458
307600	0.005256293077
307601	0.005227022456
307602	0.004708603835
307603	0.004903563115
307604	0.005165317518
307605	0.005088839289
307606	0.004926499879
307607	0.00498311993
307608	0.004847999626
307609	0.004851087056
307610	0.005435059354
307611	0.005001992359
307612	0.005459747771
307613	0.005105791157
307614	0.004997665645
307615	0.005079440484
307616	0.005057203188
307617	0.005063916889
307618	0.005576332854
307619	0.005130511196
307620	0.003165624468
307621	0.004902567416
307622	0.005178393592
307623	0.005397921457
307624	0.005345224332
307625	0.004525671726
307626	0.004873410978
307627	0.005580104973
307628	0.005150107908
307629	0.005289910369
307630	0.005283765956
307631	0.005361577276
307632	0.005096794897
307633	0.005369319768
307634	0.005551352046
307635	0.00474515026
307636	0.005576530745
307637	0.005068865242
307638	0.005401939092
307639	0.00537710503
307640	0.004440867857
307641	0.00541572839
307642	0.005415521976
307643	0.005252396567
307644	0.005707545264
307645	0.005391334158
307646	0.004256652365
307647	0.005383573922
307648	0.003891753696
307649	0.005678772144
307650	0.004975743555
307651	0.005094562696
307652	0.005455799769
307653	0.004884277696
307654	0.0052291029
307655	0.005746663444
307656	0.005334500149
307657	0.005357318582
307658	0.005237378573
307659	0.005257527854
307660	0.005231890842
307661	0.005301315991
307662	0.005001698383
307663	0.005372654873
307664	0.005466385714
307665	0.005135495946
307666	0.005242585948
307667	0.004863724137
307668	0.005448527188
307669	0.005330709054
307670	0.005033412303
307671	0.005387918269
307672	0.005328569575
307673	0.005052592602
307674	0.005367642912
307675	0.004784364736
307676	0.004645556053
307677	0.005501365055
307678	0.005473523036
307679	0.004801867029
307680	0.005128472108
307681	0.005602797103
307682	0.005327926975
307683	0.004934540108
307684	0.005034683445
307685	0.005108014488
307686	0.00493237515
307687	0.0004550088458
307688	0.002328610876
307689	0.00168438955
307690	0.002273449993
307691	0.003352287545
307692	0.003560702759
307693	0.003805956022
307694	0.00483530953
307695	0.003621101311
307696	0.003357223994
307697	0.003810950158
307698	0.003493861836
307699	0.004025459944
307700	0.003769429273
307701	0.002461326345
307702	0.002548353103
307703	0.001609451325
307704	0.001947290298
307705	0.001265891101
307706	0.001796138595
307707	0.00229992692
307708	0.002392719241
307709	0.000193131671
307710	0.0002536150497
307711	0.002211255357
307712	0.001408538418
307713	0.001398180171
307714	0.001319544413
307715	0.001522610336
307716	0.001664438
307717	0.001441483586
307718	0.001639140439
307719	0.001607208594
307720	0.001403447019
307721	0.001562904406
307722	0.001680184528
307723	0.001506959902
307724	0.001323758494
307725	0.001432466024
307726	0.001502723074
307727	0.001614902729
307728	0.001240003091
307729	0.001359675899
307730	0.001454973122
307731	0.0009912195407
307732	0.001598196931
307733	0.001380518212
307734	0.001663126121
307735	0.001580168661
307736	0.001703595801
307737	0.00148478711
307738	0.001575079168
307739	0.00142693779
307740	0.001392761059
307741	0.001429116465
307742	0.001558871005
307743	0.001629012366
307744	0.001481853125
307745	0.00160473001
307746	0.001514430427
307747	0.001935787319
307748	0.001580179544
307749	0.001574478566
307750	0.001253648708
307751	0.001721939933
307752	0.001626071213
307753	0.001464404265
307754	0.001220471557
307755	0.001605814561
307756	0.001556370681
307757	0.001350991266
307758	0.001595037936
307759	0.001317722016
307760	0.001534764651
307761	0.001525274563
307762	0.001786090475
307763	0.001622036436
307764	0.00177463204
307765	0.001158000078
307766	0.001400588933
307767	0.001743941371
307768	0.001476504942
307769	0.001437272849
307770	0.001695289827
307771	0.001209428449
307772	0.001529240023
307773	0.001828632796
307774	0.001124823772
307775	0.0006206508561
307776	0.001648361779
307777	0.001644384913
307778	0.001572676889
307779	0.001205778553
307780	0.002710891864
307781	0.001496494208
307782	0.001395416515
307783	0.001130531607
307784	0.00158872927
307785	0.001581279778
307786	0.001608801416
307787	0.001401130269
307788	0.001692050455
307789	0.001791218201
307790	0.001654971348
307791	0.001330645062
307792	0.001588516082
307793	0.001729261491
307794	0.001522803483
307795	0.001449713524
307796	0.001558368522
307797	0.001548863541
307798	0.001056555202
307799	0.001700998431
307800	0.001479465953
307801	0.001945414717
307802	0.00156008707
307803	0.001757560561
307804	0.001372808708
307805	9.171004365e-05
307806	0.0006777683037
307807	0.001213566541
307808	0.0007002367058
307809	0.001475426638
307810	0.0007992349589
307811	0.001478640337
307812	0.000122573149
307813	0.001046998624
307814	0.0003350902826
307815	0.0003449388342
307816	0.001093487109
307817	0.0003648805056
307818	0.002007529889
307819	0.002479574727
307820	0.002001122332
307821	0.002398292598
307822	0.0004723544548
307823	0.0004564769091
307824	0.000484110323
307825	0.001152838308
307826	0.001274428982
307827	0.0001685991923
307828	0.0001523339758
307829	0.000193146872
307830	0.0001419946023
307831	0.0002667414315
307832	0.000675308175
307833	0.0003917600034
307834	0.0002386785129
307835	0.0002325537884
307836	0.0001539405918
307837	6.979055897e-05
307838	0.0001151868548
307839	0.000107711159
307840	0.0001911156022
307841	0.0002549909888
307842	0.0002932051051
307843	0.0002701966756
307844	0.0002778508611
307845	0.0001909667182
307846	0.0003162657964
307847	0.0001496260227
307848	0.0007191300564
307849	0.0008102026847
307850	0.0006185228165
307851	0.0003018306059
307852	0.002219859143
307853	0.002412212881
307854	0.002319271978
307855	0.00212509493
307856	0.002244177357
307857	0.0009680143083
307858	7.068625292e-05
307859	0.002408116957
307860	0.0007259996589
307861	0.0007581436181
307862	0.0002164322017
307863	0.001315150252
307864	0.001864129487
307865	0.004191674009
307866	1.626944116e-05
307867	4.685533365e-05
307868	0.0001374739553
307869	0.0003990483277
307870	0.001550629013
307871	0.001680881238
307872	0.00356941622
307873	0.001130941048
307874	0.0005431227332
307875	0.0001232435276
307876	0.0003253091675
307877	0.0004687843521
307878	0.0001121476714
307879	0.0002845306307
307880	0.0003480758705
307881	0.0006877840708
307882	0.0002908915189
307883	0.0002682653706
307884	0.0001081803507
307885	0.0007848212473
307886	0.0004220004864
307887	0.0001812990248
307888	0.0005685531008
307889	0.0007185500042
307890	0.0002751817345
307891	0.0007526566438
307892	0.0002482939434
307893	0.0002922451745
307894	0.0002170050242
307895	0.003431812228
307896	0.0006906800462
307897	0.0008934244842
307898	0.0009761539444
307899	0.001481276836
307900	0.001479207522
307901	4.612711179e-05
307902	0.0004918483333
307903	0.0002028061062
307904	0.000288258514
307905	0.0004706870892
307906	0.001124830934
307907	0.001048680641
307908	8.682974781e-05
307909	0.0004434555236
307910	0.0005470113162
307911	0.0005077357914
307912	0.0005247075455
307913	0.0001518989709
307914	0.0004657644429
307915	0.003258850175
307916	0.001664715249
307917	0.004050824694
307918	0.001766344369
307919	0.0007571826876
307920	0.0009912150104
307921	0.003569488444
307922	0.002243692358
307923	0.002479007843
307924	0.00140110258
307925	0.0005583257743
307926	0.001763531912
307927	0.003048242908
307928	3.378013456e-05
307929	0.00470671045
307930	0.0009084365854
307931	0.0003231226517
307932	0.0006933903569
307933	0.001428042352
307934	0.0007962651841
307935	0.005993795735
307936	4.361856429e-05
307937	0.00809305464
307938	0.0004646180563
307939	0.004169120866
307940	0.001790587322
307941	0.002525693403
307942	0.002087244979
307943	0.001179325329
307944	0.004537220228
307945	0.001200430933
307946	0.0006215687094
307947	0.00170762169
307948	0.0008560922566
307949	0.001349275292
307950	0.0004094262355
307951	0.0007148063876
307952	0.005093595297
307953	0.00815116934
307954	0.006895224598
307955	0.001454440631
307956	0.0008188999052
307957	0.001883671076
307958	0.005148894624
307959	0.00196490738
307960	0.004065533913
307961	0.002516267337
307962	0.0004976492412
307963	0.005003173611
307964	0.004820533367
307965	2.759405552e-05
307966	0.002394555854
307967	0.0009515120799
307968	0.0004468348072
307969	0.001011966614
307970	0.0005518918935
307971	0.0002129353265
307972	0.004241027793
307973	0.004483515755
307974	0.007603285132
307975	0.001251878331
307976	0.0005410978999
307977	0.0005603273494
307978	0.003330868632
307979	0.0004339607755
307980	0.0007775419004
307981	0.002089880423
307982	0.001189418633
307983	0.002180222108
307984	6.549431828e-08
307985	0.0007866312294
307986	0.0006585633125
307987	0.003091440011
307988	0.0003326928268
307989	0.0002600539502
307990	0.0007249828555
307991	0.0004579859311
307992	0.00462933219
307993	0.0008338765506
307994	0.0001701711748
307995	0.0003855681729
307996	0.0005062018936
307997	0.00124430401
307998	0.001182518211
307999	0.00066482164
308000	0.003150165716
308001	0.003969131511
308002	0.0003571423876
308003	0.004467477627
308004	0.0001105056118
308005	0.00140285066
308006	0.001711919835
308007	0.0003357333398
308008	0.008563493847
308009	0.0007594229394
308010	0.001786643394
308011	0.002306249919
308012	0.007995455427
308013	0.0005947210648
308014	0.001405379477
308015	0.004394023628
308016	0.0002365018057
308017	0.001521258878
308018	0.002560428349
308019	0.001682531406
308020	0.0001073218664
308021	0.0002110012752
308022	0.002281464344
308023	0.0001144430995
308024	0.001813746892
308025	0.0009169799252
308026	0.0002399121365
308027	0.001138402566
308028	0.0009056795288
308029	0.001323819643
308030	0.002128522605
308031	0.004333464841
308032	0.004002530819
308033	9.727333796e-06
308034	0.0001826847746
308035	0.0006146149484
308036	0.0006794913315
308037	0.0003199433886
308038	0.0005126101875
308039	0.0003515757063
308040	0.000223606445
308041	0.0007291081684
308042	0.0006681143615
308043	0.0001081222815
308044	0.0001966236074
308045	0.0003950643377
308046	0.0005285519808
308047	0.0005048456765
308048	0.000913248639
308049	0.0007839722043
308050	0.0008619009269
308051	0.0004614790641
308052	0.0001917784458
308053	0.0001298735127
308054	0.0001336309673
308055	0.001868284014
308056	0.001914258342
308057	0.002397106321
308058	0.000532769385
308059	0.000131220055
308060	0.0007339785794
308061	0.0006177113668
308062	0.001035547634
308063	0.0002622897372
308064	0.0006302563542
308065	0.0003514629864
308066	0.001208535022
308067	0.000563986813
308068	0.0002827829362
308069	0.002050295818
308070	0.0001004757962
308071	0.000732883121
308072	0.001131509414
308073	0.0001185236297
308074	0.001045993272
308075	0.002218709197
308076	0.001485083248
308077	0.0004663051747
308078	0.00274659674
308079	0.0006814313441
308080	0.001881807602
308081	0.000241940588
308082	7.79807599e-05
308083	7.674361175e-05
308084	0.000195004917
308085	0.0002319416172
308086	0.001606553346
308087	0.002532697074
308088	0.001503770501
308089	0.002205529124
308090	0.0001507763944
308091	0.001697088917
308092	0.002529739837
308093	0.001320298222
308094	0.0009882590884
308095	9.583605902e-05
308096	0.0009554558353
308097	0.0002438294537
308098	0.0001033508848
308099	0.001019960009
308100	0.00080178291
308101	0.0001972866934
308102	0.001144478154
308103	0.0006398999252
308104	0.004600831899
308105	0.001123541447
308106	0.002529718575
308107	0.001003838692
308108	0.0006384437479
308109	1.101162737e-05
308110	0.002214714622
308111	0.0004521896135
308112	0.002470665673
308113	0.004838491908
308114	0.003288477411
308115	0.00411592126
308116	0.001705259776
308117	0.003692936214
308118	0.001250208723
308119	0.005280442641
308120	0.001860950485
308121	0.0004819630245
308122	0.007187409154
308123	0.003711990575
308124	0.0001577694437
308125	0.003363860493
308126	0.002603127129
308127	0.001239457424
308128	0.003394317249
308129	0.005067261547
308130	0.0006588999785
308131	0.0003826916709
308132	0.001597921841
308133	0.002623859384
308134	0.0003209341237
308135	0.002807897787
308136	0.00129552126
308137	0.003640810297
308138	0.006640711145
308139	0.001617759679
308140	0.002594823998
308141	0.005188782926
308142	0.00293890145
308143	0.001561039962
308144	0.001192671592
308145	0.002135613276
308146	0.0003645782289
308147	0.0004323141251
308148	0.001072695835
308149	0.000927764605
308150	0.0001322595697
308151	0.000961342842
308152	0.002378030216
308153	0.00019572875
308154	0.00374148934
308155	0.0004979262771
308156	0.0006890496168
308157	0.002747513496
308158	0.0007280519642
308159	0.001700671185
308160	0.001594123305
308161	0.0003959513938
308162	0.0001505451445
308163	0.00113076546
308164	0.001200953816
308165	0.001800137333
308166	0.000219210958
308167	0.0005613230022
308168	0.004158327554
308169	0.001567068135
308170	0.002067016493
308171	0.001926855593
308172	0.002025034693
308173	0.0007331971517
308174	0.00348833201
308175	0.0008034826768
308176	0.0003943894457
308177	0.001093680875
308178	0.0006710552975
308179	0.005416713722
308180	0.0001364686096
308181	0.007498537245
308182	0.001824497659
308183	0.0008914238405
308184	0.00159882789
308185	0.0001448691279
308186	0.001561792686
308187	0.006454931205
308188	0.003354948892
308189	4.9272662e-05
308190	0.002655726566
308191	0.004444490551
308192	0.001702953615
308193	0.0005278213946
308194	0.001489385426
308195	0.003219348038
308196	0.001687080239
308197	0.00499745102
308198	0.001028622949
308199	0.0009143578557
308200	0.0006671198597
308201	0.002152965641
308202	0.006163905255
308203	0.0004243823879
308204	0.0002374834679
308205	0.0001946562548
308206	0.001413997387
308207	0.0007172386425
308208	0.0001624447012
308209	0.0004196049096
308210	0.0007998516096
308211	0.001209471189
308212	0.0003933643179
308213	0.0001120242564
308214	0.0008668019828
308215	0.001189586397
308216	0.0002481710022
308217	0.0001552264695
308218	0.001020150005
308219	7.366019161e-05
308220	0.0001798752552
308221	7.68996034e-05
308222	0.0001571529342
308223	6.488610199e-05
308224	0.0002096457401
308225	6.622627611e-05
308226	0.0009659907859
308227	3.985121352e-05
308228	0.0002259715095
308229	7.926580222e-06
308230	0.0001504496318
308231	5.513971477e-05
308232	0.000232209264
308233	0.0003669175917
308234	0.0003836908218
308235	4.790208714e-05
308236	0.000229073383
308237	0.0001308840332
308238	0.0001079691851
308239	0.0006783461034
308240	0.0002703567393
308241	0.0002922120278
308242	0.000857782724
308243	0.000333597112
308244	0.0006093455884
308245	1.280441063e-05
308246	0.0008253383432
308247	0.0004813460699
308248	0.0004932053039
308249	1.842027704e-08
308250	0.0001142095322
308251	0.0007467281101
308252	0.0004530571469
308253	0.001529193565
308254	0.0004031293558
308255	0.0008708661477
308256	0.004425915401
308257	0.00186097594
308258	0.001948084359
308259	0.002139066918
308260	0.003222689554
308261	0.00203418589
308262	0.002204852952
308263	0.003497628912
308264	0.001530786942
308265	0.001607804259
308266	0.001779090452
308267	0.001659726369
308268	0.002731908121
308269	0.002880437904
308270	0.002889641005
308271	0.002108421655
308272	0.0013696928
308273	0.002060516495
308274	0.00211473561
308275	0.002247309918
308276	0.002178653475
308277	0.002728646789
308278	0.001681339947
308279	0.000649244137
308280	0.00184129927
308281	0.002563760718
308282	0.001652705009
308283	0.002275268242
308284	0.0006808104289
308285	0.001920034973
308286	0.001914847677
308287	0.001211790934
308288	0.001916190182
308289	0.001707790047
308290	0.001815713025
308291	0.002024126263
308292	0.002329411587
308293	0.001845853698
308294	0.002191193101
308295	0.001429412114
308296	0.002906019677
308297	0.002282667671
308298	0.001718438029
308299	0.001954934472
308300	0.002940104614
308301	0.002572628535
308302	0.002437457328
308303	0.001848680685
308304	0.002299808191
308305	0.001945464688
308306	0.00213711998
308307	0.002003365057
308308	0.002551823219
308309	0.002450190479
308310	0.00244649467
308311	6.977083893e-05
308312	0.000845640322
308313	0.0007268849272
308314	0.001060019946
308315	0.002194881087
308316	0.00247521322
308317	0.00272602683
308318	0.002948069846
308319	0.001736415148
308320	0.002214979355
308321	0.002576416101
308322	0.002564867832
308323	0.002723208701
308324	0.002275423837
308325	0.002319402189
308326	0.002644691981
308327	0.001797444153
308328	0.002118587385
308329	0.001863229065
308330	0.002217623024
308331	0.001507194113
308332	0.002077552282
308333	0.001768484395
308334	0.001389237696
308335	0.001685727457
308336	0.001729016572
308337	0.001346975574
308338	0.002677944377
308339	0.001639052911
308340	0.001900969684
308341	0.002458242434
308342	0.002472069785
308343	0.001963040947
308344	0.002468965085
308345	0.004897585229
308346	0.002221315261
308347	0.002228593044
308348	0.001274520296
308349	0.001189095738
308350	0.002260981269
308351	0.002458490861
308352	0.002570266937
308353	0.005962531523
308354	0.001855073735
308355	0.002307992616
308356	0.002379961062
308357	0.0009083575155
308358	0.001660079516
308359	0.002089472566
308360	0.002017100455
308361	0.002647349897
308362	0.0008861466574
308363	0.005986224431
308364	0.002124307669
308365	0.002652871039
308366	0.001845926781
308367	0.001433573061
308368	0.002124706034
308369	0.002201028133
308370	0.002936185968
308371	0.005364668222
308372	0.001603271539
308373	0.001390026464
308374	0.002534056978
308375	0.002818859228
308376	0.005588328544
308377	0.001692551365
308378	0.00225285059
308379	0.001870690503
308380	0.002075755524
308381	0.004222024791
308382	0.0002232896496
308383	0.001445678805
308384	0.002990549645
308385	0.001436570235
308386	0.0007225637954
308387	0.001033600703
308388	0.000232001283
308389	0.001707416596
308390	0.002972902287
308391	0.002228565371
308392	0.002073753106
308393	0.002312918137
308394	0.002090985752
308395	0.004752741447
308396	0.0027456424
308397	0.001918591087
308398	0.003601564982
308399	0.002684216707
308400	0.002866588657
308401	0.003562705805
308402	0.002567839244
308403	0.003203761602
308404	0.004374160439
308405	0.0007982477991
308406	0.002555969503
308407	4.424275301e-05
308408	0.001967908378
308409	0.001603476774
308410	0.001472979441
308411	0.002961255879
308412	0.0004491934506
308413	0.00560696105
308414	0.0001180576804
308415	0.005056679631
308416	0.001143498147
308417	0.0006839756205
308418	0.002343018174
308419	0.001445029667
308420	0.0005001014198
308421	0.001793235865
308422	0.001871364335
308423	0.003397359638
308424	0.001504402641
308425	0.002883013338
308426	0.002185783199
308427	0.0007496515935
308428	0.0006157821775
308429	0.001277908583
308430	0.003514203869
308431	0.00199966872
308432	0.001580312737
308433	0.0007460449794
308434	0.002429869687
308435	0.001263238679
308436	0.003730184786
308437	0.002462484805
308438	0.001892522326
308439	0.001607978185
308440	0.002559514327
308441	0.0001106241279
308442	0.002698725503
308443	0.001659160215
308444	0.003247400127
308445	0.002610805664
308446	0.003145999805
308447	0.002798539195
308448	0.002635601887
308449	0.002215497837
308450	0.003162620874
308451	0.004013928812
308452	0.0004389390591
308453	0.002227762712
308454	0.002626251872
308455	0.003439073825
308456	0.00205883057
308457	0.003018827003
308458	0.001814773766
308459	0.0003242948715
308460	0.00243926854
308461	0.001753638383
308462	0.002100433298
308463	0.001645921091
308464	0.002291818012
308465	0.001780383816
308466	0.001602125304
308467	0.002341643506
308468	0.002444991823
308469	0.002347360493
308470	0.001604831656
308471	0.00235827815
308472	0.002030368773
308473	0.002684786073
308474	0.001633275747
308475	0.002157170292
308476	0.002005690647
308477	0.0005629558116
308478	0.001087185512
308479	0.001998873674
308480	0.001915626001
308481	0.003311438197
308482	0.002093852324
308483	0.002119722578
308484	0.00194466415
308485	0.001806554426
308486	0.002974984307
308487	0.001246308844
308488	0.00262051786
308489	0.002154844936
308490	0.002114080798
308491	0.002964537474
308492	0.004087761468
308493	3.841613706e-05
308494	0.00268736933
308495	0.002556831397
308496	0.002139348929
308497	0.002653565904
308498	0.002132565003
308499	0.002183261725
308500	0.002972796148
308501	0.002000707987
308502	0.00397824065
308503	0.002812974857
308504	0.001291315717
308505	0.002155933553
308506	0.002926111142
308507	0.001965673738
308508	0.00235764634
308509	0.0005033447267
308510	0.003614038092
308511	0.001547272113
308512	0.001932173999
308513	0.001787408366
308514	0.00187957208
308515	0.001894926275
308516	0.002798803009
308517	0.0008098624186
308518	0.001768861525
308519	0.002550064426
308520	0.002186800912
308521	0.002222312705
308522	0.00236048803
308523	0.002212972777
308524	0.001893512478
308525	0.001958558723
308526	0.001719414611
308527	0.00337489051
308528	0.002423270535
308529	0.001354399311
308530	0.002213441248
308531	0.002238776579
308532	0.002942130648
308533	0.001197481029
308534	0.002515415328
308535	0.002049899757
308536	0.004941098329
308537	0.002201219378
308538	0.002031204158
308539	0.002244944909
308540	0.001599159235
308541	0.003352032239
308542	0.002278834549
308543	0.002242017067
308544	0.001926950014
308545	0.002674982329
308546	0.002043323337
308547	0.00306248233
308548	0.001380736171
308549	0.002543589404
308550	0.002371007621
308551	0.00207899489
308552	0.002639474309
308553	0.001106007482
308554	0.00179758072
308555	0.001993603657
308556	0.001934981213
308557	0.002264934495
308558	0.002723812752
308559	0.002278858586
308560	0.00229527905
308561	0.001702543559
308562	0.002181281622
308563	0.002205546036
308564	0.003348679189
308565	0.002322418731
308566	0.002264214889
308567	0.003617313837
308568	0.002155961953
308569	0.002334998103
308570	0.002307188471
308571	0.002241312779
308572	0.001866674383
308573	0.002080235309
308574	0.001219875167
308575	0.002084706533
308576	0.004763184543
308577	0.002467392379
308578	0.003773909019
308579	0.002429307992
308580	0.002273083402
308581	0.002924457133
308582	0.001559203426
308583	0.002154360144
308584	0.002761946107
308585	0.003883152913
308586	0.00191338312
308587	0.002089385248
308588	0.003278419445
308589	0.001655947763
308590	0.002296597178
308591	0.001619946986
308592	0.00266630884
308593	0.001684130767
308594	0.0003313673021
308595	0.001864029498
308596	0.00218132232
308597	0.001573179949
308598	0.002364023303
308599	0.003135718311
308600	0.002588899902
308601	0.002714104799
308602	0.002878854568
308603	0.00530220689
308604	0.00180470121
308605	0.002092503586
308606	0.001643846576
308607	0.001515512872
308608	0.002282471412
308609	0.001876942341
308610	0.002225688908
308611	0.002333670436
308612	0.002129905782
308613	0.002789820693
308614	0.002462973658
308615	0.001868501551
308616	0.00318625436
308617	0.003132964312
308618	0.002520949982
308619	0.001081412155
308620	0.002610933412
308621	0.002101327122
308622	0.00167433284
308623	0.003391885113
308624	0.001948229751
308625	0.003617781588
308626	0.001924897014
308627	0.00215206002
308628	0.00176714118
308629	0.0008611134677
308630	0.002104564515
308631	0.003084989439
308632	0.003417871873
308633	0.002231009225
308634	0.002643117007
308635	0.004025073539
308636	0.002398046811
308637	0.002038996176
308638	0.003562710464
308639	0.001457498093
308640	0.002054186798
308641	0.00183701785
308642	0.002147218484
308643	0.001809890737
308644	0.00176365097
308645	0.003388804087
308646	0.0004457388715
308647	0.001409575
308648	0.00205409326
308649	0.002246380531
308650	0.003590168239
308651	0.002328332865
308652	0.004016811483
308653	0.001368026499
308654	0.001973781525
308655	0.00236575391
308656	0.00190183423
308657	0.002287975641
308658	0.002402365333
308659	0.002533748736
308660	0.002603397782
308661	0.001994738065
308662	0.002039979587
308663	0.003462022276
308664	0.001552834868
308665	0.000296427137
308666	0.002797459551
308667	0.001812828439
308668	0.002246886652
308669	0.002247888512
308670	0.002765027744
308671	0.001218090571
308672	0.003306996606
308673	0.002380526242
308674	0.002403768855
308675	0.002382966674
308676	0.001772771599
308677	0.00156518795
308678	0.002719577939
308679	0.00239552852
308680	0.00224322634
308681	0.002365972156
308682	0.0006083085627
308683	0.003066183372
308684	0.002304552004
308685	0.001450229782
308686	0.002935433024
308687	0.002481194645
308688	0.002316667124
308689	0.002925598653
308690	0.002427870907
308691	0.002239366152
308692	0.000205867409
308693	0.001796505914
308694	0.002206573911
308695	0.001274197531
308696	0.001350751879
308697	0.001748703683
308698	0.001714882982
308699	0.00246576016
308700	0.001904713793
308701	0.002436320657
308702	0.002052657096
308703	0.002833984769
308704	0.00189404322
308705	0.002106098512
308706	0.002135338388
308707	0.002760946228
308708	0.001636031765
308709	0.002564920072
308710	0.001689104707
308711	0.00280783209
308712	0.003921125325
308713	0.002464271499
308714	0.00183776482
308715	0.002073903151
308716	0.001247893134
308717	0.001081975196
308718	0.002194641217
308719	0.001646705718
308720	0.002287098335
308721	0.002467091455
308722	0.00228940403
308723	0.002424002519
308724	0.003054596327
308725	0.002486657558
308726	0.002268298932
308727	0.002040260514
308728	0.001951910186
308729	0.002442603103
308730	0.001572383181
308731	0.002978112072
308732	0.002592807251
308733	0.003036799898
308734	0.002358206878
308735	0.002785742755
308736	0.00273055903
308737	0.00182161017
308738	0.002939127888
308739	0.003664782196
308740	0.001886169509
308741	0.002825435262
308742	0.002488232349
308743	0.002315327323
308744	0.0009206345523
308745	0.001981432622
308746	0.002766721784
308747	0.001835887
308748	0.001155186521
308749	0.001738226455
308750	0.00215418869
308751	0.001345385301
308752	0.002918160411
308753	0.002021241254
308754	0.0004081024467
308755	0.001101189813
308756	0.002892052157
308757	0.000722047493
308758	0.002755475421
308759	0.002895744065
308760	0.001440235694
308761	0.002994507101
308762	0.001630667065
308763	0.002232131074
308764	0.002602194061
308765	0.00249484547
308766	0.0009933399868
308767	0.002400568864
308768	0.002681156032
308769	0.001897100691
308770	0.002075490812
308771	0.003826966895
308772	0.001821645399
308773	0.002182970323
308774	0.002791304951
308775	0.001444493665
308776	0.002476952522
308777	0.002403038342
308778	0.0007730450032
308779	0.001860917244
308780	0.003033858662
308781	0.0009723243768
308782	0.001943961923
308783	0.001700402604
308784	0.003063165095
308785	0.002609941054
308786	0.00326664932
308787	0.002119883022
308788	0.002112621798
308789	0.00170393585
308790	0.003344753673
308791	0.001927850914
308792	1.474122133e-05
308793	0.001003456958
308794	0.003114999276
308795	0.002713642811
308796	0.002841710427
308797	6.818777076e-05
308798	0.0005748184494
308799	0.001995378534
308800	0.002372898207
308801	0.002074327773
308802	0.001685911057
308803	0.002198551201
308804	0.004848948673
308805	0.00242431134
308806	0.003142147821
308807	0.002106957833
308808	0.002779957668
308809	0.002369478479
308810	0.003433186627
308811	0.002836290388
308812	0.00133388637
308813	0.004227920156
308814	0.003075233708
308815	0.002367952701
308816	0.002604850143
308817	0.001856362134
308818	0.001770203236
308819	0.002344203059
308820	0.002448987521
308821	0.002881700719
308822	0.00139483047
308823	0.002844080329
308824	0.001756492427
308825	0.002084616161
308826	0.003333736809
308827	0.0006727509521
308828	0.002650692386
308829	0.0002343222976
308830	0.0001599764092
308831	0.0019771634
308832	0.003202766528
308833	0.002943408355
308834	0.003914530468
308835	0.003519868978
308836	0.000995678899
308837	0.0002237895948
308838	0.001418576677
308839	8.651266251e-06
308840	0.0009972497014
308841	0.003399970813
308842	0.003049436559
308843	0.002515842622
308844	0.00179578525
308845	0.001785677532
308846	0.004547819342
308847	0.001358337381
308848	0.001650642691
308849	0.002439051978
308850	0.002617053178
308851	0.006295249499
308852	0.003176482687
308853	0.002957968831
308854	0.0002282205581
308855	0.005557597358
308856	0.0002803798973
308857	0.005806802695
308858	0.003220783963
308859	0.002061755751
308860	0.008316150813
308861	0.001119491563
308862	0.001608935963
308863	0.001529682356
308864	0.0007644536809
308865	0.001044395407
308866	0.00249300109
308867	0.002330008846
308868	0.0009234116073
308869	0.0002949065973
308870	0.0006980389996
308871	0.0002565191874
308872	0.001808076176
308873	2.333235092e-07
308874	0.0005869843576
308875	0.000289766149
308876	0.0001401392149
308877	0.000927383784
308878	0.001648117383
308879	0.0005514156617
308880	0.001287651116
308881	0.00070619235
308882	2.149032321e-08
308883	0.000907310781
308884	0.0002452139379
308885	0.001751230749
308886	0.002331557916
308887	0.001940034747
308888	0.0006215421481
308889	0.0005783990247
308890	0.0009493228192
308891	0.0008406589359
308892	5.883157033e-05
308893	0.002341063403
308894	0.0003365593367
308895	2.75170245e-05
308896	0.001378039391
308897	0.002601684612
308898	0.002092623427
308899	0.000199967342
308900	0.001385143565
308901	0.001306542504
308902	0.0001745243696
308903	0.0003360965013
308904	0.001631405227
308905	0.001088688728
308906	0.0001759342578
308907	0.0002382043873
308908	0.002911646654
308909	0.004677849738
308910	0.00010325913
308911	0.001334659294
308912	0.001423375104
308913	0.003245821209
308914	0.000870827523
308915	0.004851956161
308916	0.002314172413
308917	0.0002420880197
308918	0.000211384488
308919	0.003318290058
308920	0.001418921363
308921	0.000158643033
308922	0.001454685343
308923	0.0004397720904
308924	0.001271215583
308925	3.029846783e-05
308926	0.00111730137
308927	0.0004393283735
308928	0.004585411311
308929	0.0004407872749
308930	0.00163997473
308931	0.000566282953
308932	0.0002116923507
308933	0.001416704792
308934	0.001041496546
308935	0.001176855686
308936	0.0004868138386
308937	0.001657714554
308938	1.488812009e-05
308939	0.002039874203
308940	0.0001692068286
308941	0.0005595091475
308942	0.005803231817
308943	0.003831503287
308944	0.0008238282743
308945	0.0009605661775
308946	0.00256748992
308947	0.00312413471
308948	0.0004015974374
308949	0.0005047315263
308950	0.002206469274
308951	0.007031125669
308952	0.001549996116
308953	0.002021762088
308954	0.0006868955122
308955	0.001304439026
308956	0.002848292417
308957	0.0005187675706
308958	0.005209784905
308959	0.002101702593
308960	0.002018463557
308961	0.003420737206
308962	0.003373245554
308963	0.002952013097
308964	0.001569622167
308965	0.002254335365
308966	0.004139187436
308967	0.002009206648
308968	0.0004534855991
308969	0.002907058316
308970	0.001241843946
308971	0.0009796596667
308972	0.001625163568
308973	0.001454040965
308974	0.0009760938385
308975	1.263675226e-05
308976	0.0002860580876
308977	0.0001245606426
308978	0.0005273946166
308979	0.0005800808389
308980	0.003355366644
308981	0.001904782023
308982	0.0013540572
308983	0.0005703611253
308984	0.000539306862
308985	0.003014832418
308986	0.002361357427
308987	0.00267503365
308988	0.002359348243
308989	8.613965962e-05
308990	0.0001769166529
308991	2.948679232e-06
308992	0.001094786765
308993	0.0002771817066
308994	0.002656496259
308995	0.001413054896
308996	0.00143686004
308997	0.0009320883451
308998	2.903865754e-05
308999	0.001420628454
309000	0.006036034654
309001	0.001013056009
309002	0.0004793470088
309003	0.0003616003389
309004	0.0003582878631
309005	0.001326692964
309006	8.661641465e-05
309007	0.0001210588623
309008	0.0006685256009
309009	0.0005942714538
309010	0.0009274092327
309011	0.0005050383385
309012	1.679780739e-05
309013	0.00108565632
309014	9.293843806e-06
309015	0.001850098624
309016	0.001762975129
309017	0.001084529172
309018	0.000334487613
309019	0.002912346735
309020	0.0005676817747
309021	0.0006527246453
309022	0.00058526477
309023	0.003358896753
309024	0.0003499383388
309025	0.0004209486308
309026	0.0002269304149
309027	0.0005645938511
309028	0.0005047329036
309029	0.001115388865
309030	0.0005837306578
309031	0.004124269824
309032	0.001058463178
309033	0.003517645451
309034	0.0006128101993
309035	0.000671408648
309036	0.002681767993
309037	4.393009203e-05
309038	0.00339458676
309039	0.004002856699
309040	0.0007939363289
309041	0.0002667828182
309042	0.004681526344
309043	0.0006764947511
309044	0.002813292283
309045	0.0003093486097
309046	0.002489552615
309047	0.0002906323971
309048	0.001072794082
309049	0.0001091514338
309050	8.116777195e-05
309051	0.002249089188
309052	0.001927525884
309053	0.001053552792
309054	0.001936656711
309055	0.0001793250547
309056	0.002974548374
309057	0.0007159882346
309058	0.002333983672
309059	0.003970363304
309060	0.001158917868
309061	0.0001188391685
309062	0.0006294767787
309063	2.789064319e-05
309064	0.0004249679666
309065	0.001601461591
309066	0.001590361164
309067	0.006902880096
309068	0.001891259712
309069	0.0003113772904
309070	0.002926896385
309071	0.001521428955
309072	0.003569324784
309073	0.004462389142
309074	0.002105145332
309075	0.0009346713305
309076	0.002445822679
309077	0.002757904945
309078	0.001116037269
309079	0.002919301967
309080	0.002109037384
309081	0.0007206857458
309082	0.003581554389
309083	0.002505956368
309084	0.002444456347
309085	0.0007440704385
309086	0.0002045839998
309087	1.18477265e-05
309088	0.000517398587
309089	0.000815916737
309090	0.001261210084
309091	0.001247480199
309092	0.003026288119
309093	0.002605806384
309094	0.005536034005
309095	0.002240543941
309096	0.001506648191
309097	0.003347911492
309098	7.816575917e-05
309099	0.0001155548781
309100	0.0001260949609
309101	0.0007030108
309102	0.001426162286
309103	0.0004033332401
309104	0.0005954480844
309105	0.0006132574764
309106	0.002771931176
309107	0.0005434214805
309108	0.002649478946
309109	0.003973161057
309110	0.0002293239848
309111	7.888256066e-05
309112	0.0003810958949
309113	4.081338758e-05
309114	0.001794051362
309115	0.002864575069
309116	0.001861561607
309117	0.001689137977
309118	0.001334975227
309119	0.0009014362238
309120	0.001026590353
309121	0.001038143485
309122	0.006255653694
309123	0.0007863299419
309124	0.000529063304
309125	0.003271704464
309126	0.000124651573
309127	0.001015450422
309128	0.0003166478589
309129	0.0008777266494
309130	0.0004517629048
309131	0.0007112872714
309132	0.0002416201787
309133	0.001167009056
309134	0.0002399366779
309135	0.001116056644
309136	0.002474317539
309137	0.001251926486
309138	0.002568209576
309139	0.002644344173
309140	0.0005291221491
309141	0.002661414971
309142	0.002478149539
309143	0.0005548769423
309144	0.002104744506
309145	0.001560115788
309146	0.0004028246128
309147	0.00314272845
309148	0.004043522862
309149	0.0006506508173
309150	0.004755347881
309151	0.0002459359642
309152	0.001816977492
309153	0.001948257237
309154	0.000156599195
309155	0.0001230390728
309156	0.0110734521
309157	0.006243996105
309158	2.676346841e-05
309159	7.368790922e-05
309160	0.0002358963285
309161	0.0004172064498
309162	0.003677592432
309163	0.002558619473
309164	0.005999868421
309165	0.007696829771
309166	0.004334973398
309167	0.00117658756
309168	0.0001343606124
309169	0.0001592561892
309170	0.0002099703466
309171	0.0006168325412
309172	0.0003402514954
309173	4.203369203e-05
309174	0.0003469023272
309175	0.0002114763217
309176	0.000128854816
309177	0.0004614738678
309178	0.0003972366578
309179	0.004222145246
309180	0.002694472637
309181	0.00300197263
309182	0.00044068309
309183	0.001922489071
309184	0.006620018731
309185	0.002589583596
309186	0.0001513541326
309187	0.004768413044
309188	0.002062775128
309189	0.001108869256
309190	0.0001241412408
309191	2.865307259e-05
309192	0.002831039806
309193	0.001181962994
309194	0.001133335148
309195	0.002507608729
309196	0.000429623136
309197	0.002082141011
309198	0.003182149171
309199	0.002817138935
309200	0.001778137928
309201	0.00220016051
309202	0.003934087368
309203	0.0007327171397
309204	0.0003864160832
309205	0.002196991648
309206	0.0001048237979
309207	0.002151385982
309208	0.002711773117
309209	0.002125802906
309210	0.0001139813086
309211	0.00124260496
309212	0.003881678768
309213	0.003111010717
309214	0.002051702555
309215	0.002009788805
309216	0.0009135966498
309217	1.71823765e-05
309218	0.001929307443
309219	0.005849090658
309220	0.001345156989
309221	0.004699303498
309222	0.001944471151
309223	0.006449031456
309224	0.001801765695
309225	0.000133551916
309226	0.007056274996
309227	0.003964569014
309228	7.36698286e-05
309229	0.00248970714
309230	0.002677441344
309231	0.004730931077
309232	0.0009644955047
309233	0.005369820183
309234	8.954301357e-08
309235	0.0003840119318
309236	0.0002092446638
309237	0.0004289667528
309238	3.774258521e-05
309239	0.000818876746
309240	0.0001305631008
309241	0.002456920186
309242	0.0005444175776
309243	0.0008015743702
309244	0.001345759205
309245	0.0009668080542
309246	0.0002287533644
309247	0.0004831084291
309248	0.001188635658
309249	0.0008870201261
309250	0.0002510047268
309251	0.0006595415645
309252	0.0004988718668
309253	0.002757309306
309254	0.0006390531528
309255	0.0001027167381
309256	0.00141750002
309257	0.002171248428
309258	0.0003498566281
309259	0.0009901959329
309260	0.0003937667518
309261	0.0002538199366
309262	0.0005546885323
309263	0.0001679185083
309264	0.0002123743797
309265	0.0001092125575
309266	0.0004359643768
309267	0.0004353841382
309268	0.0005595288713
309269	5.585437338e-06
309270	0.0001035562648
309271	1.619961031e-06
309272	0.0003070825436
309273	3.15293742e-06
309274	0.0004295530549
309275	0.0001041652795
309276	0.000315101074
309277	0.0002076151361
309278	0.002183836387
309279	0.0005505941733
309280	0.002739287998
309281	0.002598635372
309282	0.002377519133
309283	0.001541878028
309284	0.0008413133308
309285	0.0008642189247
309286	0.001751694212
309287	2.293686144e-05
309288	0.0003627979737
309289	0.001943915177
309290	0.001127570472
309291	0.0002695321224
309292	0.001077592589
309293	0.0002923062368
309294	0.001168301351
309295	0.0021847941
309296	0.0003850553506
309297	0.0005616749771
309298	0.003093572057
309299	0.00190480799
309300	0.0004754576016
309301	0.001228427581
309302	0.0009477420023
309303	0.002323386715
309304	0.000127888152
309305	0.0008505556975
309306	0.0016387228
309307	0.0008699194998
309308	0.0006644889678
309309	0.0008715025795
309310	0.00200749044
309311	0.00308576542
309312	0.001453362857
309313	0.001229423066
309314	9.717680773e-05
309315	0.002104718194
309316	0.001985446974
309317	0.0005209332949
309318	0.0002944763762
309319	0.001067620721
309320	3.933154012e-06
309321	0.0004785096314
309322	0.0003885074312
309323	0.0006388478407
309324	0.001989086419
309325	0.002430658747
309326	0.0009652398583
309327	0.001901619608
309328	0.0004630407649
309329	0.001048765107
309330	0.001104055844
309331	0.0009095636412
309332	0.0007670767653
309333	0.0004028383783
309334	0.001232371191
309335	9.034785234e-05
309336	0.0006058354739
309337	0.001098019471
309338	0.0003691458392
309339	0.0008694999843
309340	0.001150762939
309341	0.0007282375398
309342	0.001529673589
309343	0.001414081383
309344	0.0004495985135
309345	0.000679038446
309346	0.002666142411
309347	0.0006332211969
309348	0.001448781098
309349	0.001719998554
309350	0.0007995213718
309351	6.425677101e-05
309352	0.0004756831416
309353	0.0005217183999
309354	0.001390200196
309355	0.001427898235
309356	0.0003038951552
309357	0.002403996411
309358	0.0005125938572
309359	0.0002936855755
309360	0.001202055992
309361	0.0007971798923
309362	0.001671244058
309363	0.0002015584553
309364	0.002069713762
309365	0.001518682998
309366	0.001863481076
309367	0.002072936836
309368	0.0005335048154
309369	0.0006378151465
309370	0.0006608076775
309371	0.0007763706107
309372	0.001119941353
309373	0.0005334490219
309374	0.0005172191145
309375	3.070046175e-09
309376	0.001567931236
309377	0.0005830248754
309378	0.0006378884492
309379	0.0002201839847
309380	5.656750358e-05
309381	0.000158283102
309382	0.001408195726
309383	0.003158415072
309384	0.0003404205201
309385	0.0003145221656
309386	0.0009001913466
309387	0.001993751464
309388	7.950494173e-05
309389	4.907659367e-05
309390	0.0004902013978
309391	0.001348490781
309392	0.0005168375561
309393	0.001136639599
309394	0.0001184419154
309395	0.002283951108
309396	0.001717377114
309397	0.0011315978
309398	0.001175509517
309399	0.001062878895
309400	0.0004164055161
309401	0.0001701555977
309402	0.001040181858
309403	0.0002757024988
309404	0.0002030873593
309405	0.0007091550074
309406	0.001280309209
309407	0.001670149575
309408	3.656251482e-05
309409	2.197578172e-05
309410	0.0005221193416
309411	0.0007118709599
309412	0.0003625665121
309413	0.0008830218188
309414	0.00304769983
309415	0.0003845890215
309416	0.000754288882
309417	0.0003265293953
309418	0.0006289279426
309419	0.00202290734
309420	0.0006041822249
309421	0.00128885828
309422	0.0003932825294
309423	0.0007820032059
309424	0.0005345873237
309425	0.002576617867
309426	0.0001921450551
309427	2.448554071e-06
309428	6.140092345e-09
309429	0.0006522293811
309430	0.001272412033
309431	0.001127562625
309432	0.0001038356898
309433	0.002812911031
309434	0.0005708492777
309435	0.001492015611
309436	0.0002216252804
309437	2.708709489e-05
309438	0.0002546101317
309439	0.0009167442341
309440	0.001125163288
309441	0.001334090684
309442	0.001290520893
309443	0.0008431277945
309444	0.001448726781
309445	0.001299053303
309446	0.001008324378
309447	0.00128617311
309448	0.00206569213
309449	0.0006520515886
309450	9.240671658e-05
309451	0.0001688482046
309452	0.0002368913246
309453	0.00325928601
309454	0.004397411109
309455	0.0002224022722
309456	0.002374291748
309457	0.002968251148
309458	0.00110567967
309459	0.001005590162
309460	0.0003264440529
309461	0.0007398587764
309462	0.0002943190928
309463	0.0005922602727
309464	0.0006403240056
309465	0.000449025832
309466	0.0005790254276
309467	0.0004816445611
309468	0.0003125874671
309469	0.0008409593994
309470	0.00082247384
309471	0.0003998811117
309472	0.0009307287109
309473	0.001809170927
309474	0.000102420551
309475	0.001014421535
309476	0.0004074657343
309477	0.0007188576861
309478	0.0007081220833
309479	0.001470870053
309480	0.0005993474039
309481	0.001417715602
309482	0.00121386113
309483	0.001814306149
309484	0.0004163636753
309485	0.0003280053597
309486	0.0003388707156
309487	0.0008021348883
309488	0.0002333427348
309489	0.001349106052
309490	0.0002381803294
309491	0.001592873714
309492	0.0003022752534
309493	0.0009126262491
309494	0.001212300354
309495	0.0005313692006
309496	0.0005363986889
309497	0.0004140201545
309498	0.0009050380366
309499	0.001026583318
309500	0.002351988171
309501	0.0005737755234
309502	5.361251325e-05
309503	0.001319772705
309504	0.0006965514023
309505	0.003387178296
309506	0.002275136312
309507	0.001038289941
309508	0.002091683994
309509	3.052356948e-05
309510	0.0007319487573
309511	0.001454708953
309512	0.0001560272397
309513	0.001686076983
309514	3.670383678e-06
309515	0.0006006867189
309516	0.001790690992
309517	0.0001615551862
309518	0.001006120827
309519	5.01421343e-05
309520	0.0009564403987
309521	0.003155722062
309522	0.00207330604
309523	0.00330992486
309524	0.0008731685015
309525	0.0024825304
309526	0.000161621796
309527	0.001060304772
309528	3.424980398e-05
309529	0.0005701543641
309530	0.001289086392
309531	0.001395464089
309532	0.0001971223773
309533	0.00118374964
309534	0.003110465604
309535	2.248955016e-07
309536	0.003656079267
309537	0.0006222909159
309538	0.0005518677148
309539	0.0003029821415
309540	0.00148647265
309541	0.001314434843
309542	0.00169790897
309543	7.084497485e-08
309544	2.5134468e-06
309545	6.474259564e-06
309546	4.519064112e-06
309547	5.615903896e-06
309548	1.157407403e-06
309549	5.852238973e-07
309550	3.733453913e-06
309551	1.282153618e-06
309552	6.690215376e-07
309553	2.867101499e-06
309554	7.476878128e-07
309555	4.196972409e-06
309556	7.105855776e-06
309557	6.959663099e-06
309558	7.646023077e-07
309559	3.960739667e-06
309560	7.926391407e-06
309561	4.230362813e-06
309562	1.231138221e-05
309563	3.138610502e-07
309564	7.449276992e-06
309565	6.255964665e-06
309566	3.274847491e-06
309567	3.040222871e-07
309568	5.049875096e-06
309569	2.190565662e-06
309570	2.232844579e-06
309571	9.372412397e-07
309572	9.051344038e-06
309573	1.215979503e-05
309574	1.808695766e-07
309575	2.138550307e-06
309576	6.190952779e-06
309577	4.492383951e-06
309578	2.759430597e-06
309579	6.255876923e-07
309580	7.139465475e-06
309581	4.17472188e-06
309582	6.684250722e-06
309583	2.726508009e-06
309584	6.493293859e-07
309585	2.680413454e-06
309586	9.937154689e-07
309587	1.172436016e-06
309588	1.780626822e-08
309589	5.469214198e-07
309590	2.531413881e-06
309591	1.953207233e-06
309592	4.198244282e-06
309593	5.322699864e-06
309594	2.616936601e-06
309595	5.316910631e-06
309596	2.802630537e-06
309597	2.334770115e-06
309598	1.268513843e-06
309599	2.211661264e-06
309600	5.027931573e-06
309601	6.99151849e-07
309602	7.661124799e-06
309603	1.785948198e-06
309604	4.03706686e-06
309605	6.515807486e-07
309606	5.119301998e-06
309607	3.254219707e-06
309608	3.235390078e-07
309609	1.49761238e-06
309610	2.993148823e-06
309611	1.992065248e-06
309612	3.911750501e-06
309613	1.802263303e-07
309614	2.24385289e-06
309615	9.760992517e-07
309616	5.004029085e-07
309617	5.698736648e-07
309618	4.480644674e-06
309619	1.834791168e-06
309620	5.575788621e-06
309621	3.180421668e-07
309622	7.483749225e-07
309623	7.056574207e-07
309624	2.529425616e-07
309625	7.477799179e-06
309626	1.317239856e-06
309627	4.21300975e-06
309628	3.496577922e-06
309629	0.0001207671988
309630	0.0009764566735
309631	0.0007008160686
309632	0.0005047883857
309633	0.001134836313
309634	0.0009762352918
309635	0.0001552386639
309636	7.30318209e-05
309637	0.001101308446
309638	0.000319054521
309639	0.0006428974217
309640	2.048894947e-05
309641	0.0008894264647
309642	0.0004954969457
309643	0.0005315456165
309644	0.0001119831006
309645	0.0006230036331
309646	0.0001134083158
309647	0.0003008084026
309648	0.0004551137011
309649	0.0005098140816
309650	0.0003648964859
309651	0.0001309833122
309652	0.0010007401
309653	0.0001381258327
309654	0.0003495856772
309655	0.001753070684
309656	0.004036814557
309657	0.001162487454
309658	0.002066678328
309659	0.0005742977262
309660	0.0003031369873
309661	0.001144822497
309662	0.0005607349285
309663	0.0002259380973
309664	0.003499127836
309665	0.0007306904552
309666	0.0001972313346
309667	0.001020835641
309668	0.00285128378
309669	0.0004570863691
309670	0.002715735306
309671	0.001113337387
309672	0.002528779422
309673	0.0001431577559
309674	0.0001821330386
309675	5.027318114e-08
309676	0.001341051413
309677	0.0003447222144
309678	0.0009194788962
309679	9.209164163e-05
309680	0.001432822934
309681	0.001014781211
309682	0.0003896363868
309683	0.002634980185
309684	0.002021377539
309685	0.003592217357
309686	0.001058870862
309687	0.0006780836394
309688	0.0003658452547
309689	0.002607983037
309690	0.001074590744
309691	0.001700890033
309692	0.0003902584641
309693	0.003017286071
309694	0.002632573445
309695	0.0002001381917
309696	0.003988049048
309697	0.0002537840848
309698	0.00317224044
309699	0.001665508461
309700	0.0006832888104
309701	0.0002837165142
309702	0.0002822852874
309703	0.0001957446614
309704	0.00275357078
309705	0.0008473354296
309706	0.0006975234134
309707	0.0001762577973
309708	0.00013489926
309709	0.0006108437999
309710	0.004147001566
309711	0.0001387061823
309712	0.002232153807
309713	0.002264222515
309714	0.0009840382812
309715	0.00473469656
309716	0.002914756896
309717	0.002446462756
309718	0.004766961728
309719	0.001307792322
309720	0.002671889456
309721	0.004202393878
309722	0.003314771532
309723	0.001049714841
309724	0.001848732858
309725	0.0002251723587
309726	0.003820963449
309727	0.003966254795
309728	0.001721134687
309729	0.002876107362
309730	0.002580953856
309731	0.001215396226
309732	0.003182275933
309733	0.0004628426341
309734	0.0009056062878
309735	0.0007602691858
309736	0.004279132902
309737	0.001560908016
309738	0.005472079967
309739	0.004950668138
309740	0.0001365612624
309741	0.0001208336776
309742	0.003129814079
309743	0.001626255181
309744	0.003088361973
309745	1.346752813e-05
309746	3.695468646e-05
309747	0.001270662189
309748	0.001057120012
309749	0.002237100602
309750	0.001463931006
309751	0.0003641734635
309752	0.005777733252
309753	0.0004104424041
309754	0.003400380672
309755	0.0005201165877
309756	0.0008397776147
309757	0.001304811919
309758	0.0007079279551
309759	0.005560716686
309760	0.001353493579
309761	0.002204264821
309762	6.571000961e-05
309763	0.001276272642
309764	0.003647980693
309765	0.001591913559
309766	0.001357245104
309767	0.00259318667
309768	0.003928069817
309769	0.007383203811
309770	0.001913599717
309771	0.0002348022325
309772	0.0004894727712
309773	0.001809910306
309774	0.001900953415
309775	0.001241420827
309776	0.0007659785536
309777	0.001146818245
309778	0.01028711077
309779	0.002097719343
309780	8.672832752e-05
309781	0.001096449441
309782	0.001465775502
309783	0.004403707719
309784	0.0002937513625
309785	0.007212181492
309786	0.004586330624
309787	0.00445530966
309788	0.0002523594485
309789	0.002776740723
309790	0.0001206980092
309791	0.00121085199
309792	0.002990333609
309793	0.0004181809267
309794	0.002466121384
309795	6.835323728e-05
309796	0.004339056191
309797	0.0004535063429
309798	0.001319184655
309799	0.000701997403
309800	0.000182965397
309801	0.003986067592
309802	0.006050533365
309803	0.0007936431296
309804	0.001344689458
309805	0.0004218108574
309806	0.0001837896553
309807	0.003321976711
309808	0.00257656229
309809	0.007363480373
309810	0.001971796729
309811	0.0001673877296
309812	0.00154044578
309813	0.003091699702
309814	0.002016706757
309815	0.002815165418
309816	0.002771408084
309817	0.00171155755
309818	0.001544215514
309819	0.002405754829
309820	0.001979086164
309821	0.001679760903
309822	0.005444458389
309823	0.0005376926639
309824	0.001965302754
309825	0.003974281891
309826	0.005425481893
309827	0.005520362764
309828	0.003826129757
309829	0.002311680109
309830	2.037387739e-05
309831	3.198697824e-05
309832	0.004000097462
309833	0.001853538183
309834	9.281361233e-05
309835	0.0009836805227
309836	0.003279576857
309837	0.0009323399099
309838	0.0006019046705
309839	0.0007872333582
309840	0.004453347312
309841	0.00283660338
309842	0.001893611656
309843	0.003367156852
309844	0.00331352722
309845	0.0001786778859
309846	0.003356067355
309847	0.000717984958
309848	0.002742156163
309849	0.002984951499
309850	0.0004799055885
309851	0.001515606657
309852	0.003275093471
309853	0.0008522788333
309854	0.000202041653
309855	0.00780338765
309856	0.002878816847
309857	0.0001663583879
309858	0.001293502927
309859	0.000111319756
309860	0.001417112606
309861	0.002086434256
309862	0.0001366392881
309863	0.001648455001
309864	0.001825009848
309865	0.001240331025
309866	0.001840110603
309867	0.0001529242127
309868	0.002190663067
309869	0.001491496091
309870	0.003472075398
309871	0.001258851401
309872	0.0003021218065
309873	0.0003500995437
309874	0.0009252884824
309875	0.001033958192
309876	0.001742116532
309877	0.004612159147
309878	0.008115571426
309879	2.833200303e-05
309880	0.002272477705
309881	0.001408566499
309882	0.006883221373
309883	0.002465389328
309884	0.0003263444565
309885	0.001621071607
309886	0.001061889693
309887	0.000366531714
309888	0.0003795803518
309889	0.004395673734
309890	0.002961663597
309891	0.002364700626
309892	0.0003810536806
309893	0.0003503249396
309894	0.003186350467
309895	0.00107198263
309896	0.0005647029031
309897	0.001997426622
309898	0.009385967138
309899	0.0001431203991
309900	0.002792722527
309901	0.005405275582
309902	0.001451296628
309903	0.00350932786
309904	0.002917583324
309905	0.003823872883
309906	0.0003243909051
309907	0.0039710132
309908	0.001881306297
309909	0.0008002779322
309910	9.574768404e-05
309911	0.006446497575
309912	0.001168462147
309913	0.007720288783
309914	0.002215477057
309915	0.001988992641
309916	0.001917884104
309917	0.001404343361
309918	0.0001322384892
309919	0.001661318485
309920	0.006179572801
309921	0.001992525484
309922	0.0007930335486
309923	0.003329938582
309924	0.001767367253
309925	0.003715261895
309926	0.001127647803
309927	0.0007118442926
309928	0.002024643036
309929	0.001794796458
309930	0.004431938931
309931	0.002159920577
309932	0.000112468492
309933	0.0008346735504
309934	0.002001170696
309935	0.002236534427
309936	0.004919492691
309937	0.001688237
309938	0.003915184838
309939	0.003349068569
309940	0.001109770701
309941	0.008606213195
309942	0.001743427678
309943	0.001007338733
309944	0.002330354599
309945	0.001079574377
309946	0.0007043990441
309947	0.002214547464
309948	0.003998888013
309949	0.002111392711
309950	0.001477755267
309951	0.00164352564
309952	0.001445353855
309953	0.0008653949172
309954	0.0002320885509
309955	0.003635716396
309956	0.004875749457
309957	0.0007618683795
309958	0.002541358734
309959	0.002843925938
309960	0.00115162397
309961	0.0006084221488
309962	0.0002100049937
309963	7.6944074e-05
309964	0.00086339549
309965	0.001946378992
309966	0.0007354640019
309967	0.000587017981
309968	0.001036806117
309969	0.003582545047
309970	0.0005237237298
309971	0.000944848552
309972	0.002160802515
309973	0.0009974335172
309974	0.0006394475028
309975	0.001346565076
309976	0.0008056250951
309977	0.001290310856
309978	0.003189289824
309979	0.001297091181
309980	0.002312296079
309981	0.0006737867946
309982	0.002159682087
309983	0.001678337156
309984	0.000342964402
309985	0.003344910852
309986	0.0002370980491
309987	0.0007567496829
309988	0.003459075538
309989	0.002016249499
309990	0.001015321001
309991	0.0006165553936
309992	0.001228056448
309993	0.00163885151
309994	0.0004282667203
309995	0.002548702526
309996	0.001892837975
309997	0.002391925264
309998	0.001632148873
309999	0.0001880048529
310000	0.0001735431451
310001	0.0004960259381
310002	0.003215804583
310003	0.001041625206
310004	0.0007898218199
310005	0.001371612391
310006	0.001266101616
310007	0.00420890637
310008	0.0008449578327
310009	0.0007529448346
310010	0.00100161628
310011	0.005983139293
310012	0.005750028024
310013	0.003580362785
310014	0.001380856444
310015	0.0004043767123
310016	0.0001462740611
310017	0.003413758465
310018	0.0008956162787
310019	0.003330196069
310020	0.002540031539
310021	0.0006904547047
310022	0.006873832535
310023	0.002172494798
310024	0.00344577514
310025	0.0006774778723
310026	0.0002374691538
310027	0.003640717141
310028	0.002485614889
310029	0.001153076104
310030	2.636280808e-05
310031	0.000670717654
310032	0.000925494012
310033	0.000102114384
310034	0.0003610462215
310035	0.0001769033221
310036	0.0008303331163
310037	0.0005413097404
310038	0.0008212881066
310039	0.001026580911
310040	0.001817355816
310041	0.0008144149856
310042	0.0003464217707
310043	0.0006217979073
310044	0.0005121824667
310045	0.001164936153
310046	5.914356634e-05
310047	0.0002580708397
310048	0.001408145676
310049	0.006265841983
310050	0.0007674694543
310051	0.004414441917
310052	2.957893661e-05
310053	0.0005120533761
310054	0.0005747943291
310055	0.0003930802029
310056	0.0002551987809
310057	6.79848686e-05
310058	0.00150323898
310059	0.0001895876123
310060	0.004636758872
310061	0.0001826753708
310062	4.316456283e-05
310063	0.0001341494774
310064	1.85703373e-05
310065	0.0002675048134
310066	0.0002563052736
310067	0.0003424442184
310068	0.0003622719495
310069	0.001172844358
310070	0.0005433451316
310071	0.0003462948875
310072	0.0008842040029
310073	0.0001801322405
310074	0.0006696131665
310075	0.000804522421
310076	9.246459602e-05
310077	0.0005974640425
310078	1.030539594e-05
310079	0.0001164653346
310080	0.0002772060863
310081	0.0004796577133
310082	0.0006451003171
310083	0.0003975606875
310084	6.362677589e-05
310085	4.15927448e-06
310086	0.0001091977559
310087	0.003087429892
310088	0.0003574433542
310089	5.329121234e-05
310090	0.0007754709475
310091	0.000941241045
310092	0.0003972825172
310093	2.304174083e-05
310094	0.0006219295383
310095	0.0001671818612
310096	0.0002524352907
310097	0.001006954339
310098	0.0002228432102
310099	4.779551859e-05
310100	0.002553098522
310101	0.001399083886
310102	0.0006894578081
310103	0.0009258816887
310104	0.002265811119
310105	0.001952052041
310106	0.0007472674523
310107	0.0002769954426
310108	0.002103628493
310109	0.001162023971
310110	0.00450709449
310111	0.002521732243
310112	0.005548118183
310113	0.001611448339
310114	0.004603411405
310115	0.002534085186
310116	0.003678584118
310117	0.004031918816
310118	0.001400994322
310119	0.001660100895
310120	0.0006255085843
310121	1.105216622e-07
310122	0.001612100642
310123	0.001876924678
310124	0.0005228178643
310125	0.001435542147
310126	0.003098975817
310127	0.0007102619457
310128	0.000759626764
310129	0.0007024108989
310130	0.0008889348571
310131	0.0008885791837
310132	0.0007460129132
310133	0.0002837331022
310134	0.0001488663837
310135	0.0001476543451
310136	0.0009313623251
310137	4.294090721e-05
310138	0.0007359907668
310139	0.0007722005007
310140	0.00071748741
310141	0.0008248699113
310142	0.0007569458485
310143	0.001000260515
310144	0.0004374027114
310145	0.0008333415468
310146	0.0009014635868
310147	0.0001119627784
310148	0.0005658906451
310149	0.0003681847348
310150	0.0004493693291
310151	0.0007696666849
310152	0.0008216574716
310153	0.0009126535458
310154	0.0004044466354
310155	0.0007695788875
310156	0.001061931824
310157	0.0009548024657
310158	0.0006319917224
310159	0.0005836801717
310160	0.0008207046774
310161	0.000410258469
310162	0.0005190675513
310163	0.0008087644181
310164	8.601520174e-05
310165	0.000320015523
310166	0.0005411771907
310167	0.0006792242866
310168	9.02576633e-05
310169	0.0002530343914
310170	0.0006990683689
310171	0.0008100294657
310172	0.00123875664
310173	0.0001537213823
310174	0.0008897203879
310175	0.0007149836047
310176	0.00045722565
310177	0.0005024367577
310178	0.0003323963145
310179	1.232026274e-05
310180	0.0002048998236
310181	0.0001683089754
310182	0.0002013714612
310183	0.001097276458
310184	0.001013270149
310185	0.0001166536893
310186	0.0001912551195
310187	0.00100877128
310188	0.0002143306602
310189	0.0005667851451
310190	2.623952471e-05
310191	0.0002391235462
310192	0.0002920210809
310193	0.0001815491711
310194	0.0001171508678
310195	0.0007344685815
310196	0.0007985978401
310197	0.0007141101753
310198	0.0002505957636
310199	0.0008498259361
310200	0.0004042434557
310201	0.0005920939257
310202	0.0007458799933
310203	0.0003011530079
310204	0.001411144272
310205	0.001055972693
310206	1.485090621e-05
310207	6.04362326e-05
310208	0.0005180844368
310209	0.0005043776494
310210	0.0004936910841
310211	0.0002626820928
310212	3.592780644e-06
310213	0.0005385777128
310214	0.0007127515114
310215	0.0008333133876
310216	0.0006151230667
310217	0.001136185654
310218	0.0005654733242
310219	0.0008737672101
310220	0.00100557346
310221	0.0001496724223
310222	0.000450254427
310223	0.002080996766
310224	0.0001248416941
310225	0.0003355594479
310226	0.0008702797685
310227	0.0003603263264
310228	0.0001461170005
310229	0.0001976628468
310230	0.0005029131182
310231	0.0005308280657
310232	0.0003793639
310233	0.0002207627616
310234	0.0001552004657
310235	5.721270627e-05
310236	0.0003491089653
310237	0.0006118070016
310238	0.0007216064033
310239	0.0004126991423
310240	5.62484525e-05
310241	0.0003089530835
310242	0.0006843285024
310243	0.0008492506379
310244	0.0005801920606
310245	0.000826888205
310246	0.0005780197677
310247	0.00217088322
310248	0.000172878886
310249	0.0006290821404
310250	0.0002573888306
310251	0.0005215072277
310252	0.0006685371744
310253	0.0004920751296
310254	0.0006160937367
310255	0.001872076628
310256	0.0006883629815
310257	0.000225410372
310258	0.0005896030812
310259	0.000304056972
310260	0.0005766758794
310261	2.974710646e-05
310262	0.0002078712189
310263	0.001133968829
310264	0.0007790527457
310265	0.001507277206
310266	0.0008028699693
310267	0.0007312519346
310268	0.0008066749525
310269	0.0002914064083
310270	0.001133459248
310271	0.000748416943
310272	0.0007810516325
310273	0.0009023618082
310274	0.002307401385
310275	0.001902411424
310276	0.0004769750867
310277	0.0002530773648
310278	0.0007406253813
310279	0.001169347769
310280	0.000793750793
310281	0.0009597415057
310282	0.0002271894566
310283	0.001225422721
310284	0.0002246540247
310285	0.0002073093039
310286	0.0006149796904
310287	0.00139755223
310288	0.001201395654
310289	0.0007539341003
310290	0.0004559557235
310291	0.0005182080002
310292	0.0005320026844
310293	0.0006673231473
310294	0.0005056369799
310295	0.0007617928024
310296	0.0006226302209
310297	0.001170656118
310298	0.0004592137007
310299	0.001312063867
310300	0.001071175173
310301	0.001138832746
310302	0.001093089016
310303	0.001152073888
310304	0.001213874248
310305	0.0006013052338
310306	0.000470682163
310307	0.001159619685
310308	0.0009606572967
310309	0.001008086525
310310	0.0002373239921
310311	0.00138859664
310312	0.0006136079017
310313	0.0009843428574
310314	0.001178309366
310315	0.0008660774272
310316	0.0004161442967
310317	4.052145057e-05
310318	4.761157125e-05
310319	9.802745853e-05
310320	0.0005568438922
310321	0.00214100489
310322	0.0001515796733
310323	0.0005163072268
310324	2.572549193e-05
310325	4.5923808e-05
310326	0.0001724852985
310327	0.0006172595346
310328	4.531428263e-05
310329	0.0009496019846
310330	0.0003042571638
310331	0.0002883967629
310332	0.0002614692714
310333	0.0004391530893
310334	0.0002207839893
310335	0.0002408482057
310336	0.0001061414221
310337	0.000207524826
310338	6.333444537e-05
310339	5.156142027e-06
310340	0.0004356641878
310341	0.0004754005241
310342	0.0001802129949
310343	0.0001616951285
310344	0.001006665762
310345	1.764388579e-06
310346	5.385861261e-05
310347	0.0002761639734
310348	0.0001991568732
310349	0.0001936444519
310350	2.793375254e-06
310351	0.0002247994453
310352	0.0001749393874
310353	0.001716123664
310354	0.0001167938431
310355	0.0002374155538
310356	8.298647724e-05
310357	0.0008632510464
310358	0.001180681645
310359	0.0004972984966
310360	0.0004244270019
310361	0.0005122438749
310362	0.0006750730843
310363	0.0006776294014
310364	0.001365250344
310365	0.0004109320534
310366	0.0009337402113
310367	0.0007789180249
310368	0.001385258768
310369	0.001003856483
310370	0.0001392633216
310371	0.0001066758172
310372	0.0005049913143
310373	0.0008569770434
310374	0.0005729272092
310375	0.0003183489248
310376	0.0008058555973
310377	0.0006931974308
310378	0.0005945125054
310379	0.0007371359518
310380	0.0009482939321
310381	0.0007650250931
310382	0.0002763923242
310383	0.0007502777976
310384	0.0004855770016
310385	0.0008725806563
310386	0.0005975471669
310387	0.0007411501137
310388	0.001065140071
310389	8.42353066e-05
310390	0.0006253785719
310391	0.000427432338
310392	0.0002182538357
310393	0.0002738037825
310394	0.0004316327748
310395	0.0003156898675
310396	0.001916967173
310397	1.386115024e-05
310398	0.0002140139067
310399	0.0007912659684
310400	0.0005233838936
310401	5.76861288e-05
310402	0.001235166892
310403	0.001125488321
310404	4.812885888e-05
310405	8.766958533e-06
310406	0.0004141242948
310407	0.0002771961881
310408	0.0003053201189
310409	0.0002700744404
310410	0.00157025422
310411	0.0003263258539
310412	0.0002283676516
310413	0.000203909392
310414	0.001324289357
310415	0.0001920267759
310416	0.001040003202
310417	0.0008974319808
310418	0.001152557742
310419	0.0002403662431
310420	0.000213396573
310421	0.0006730967401
310422	0.0005797082081
310423	4.461749597e-07
310424	0.0002677992477
310425	0.0005601287962
310426	0.0001085313763
310427	3.227611462e-05
310428	0.0003752868303
310429	0.0001645639788
310430	0.0001543339121
310431	0.0002588327134
310432	0.0006180912792
310433	0.0006198816931
310434	0.0005657870352
310435	0.001107669956
310436	0.0001617015489
310437	0.0008262914421
310438	0.0007440319486
310439	0.0005585218862
310440	0.000623014591
310441	0.00157249639
310442	0.001760294671
310443	0.001002445631
310444	0.0009515391332
310445	0.0006435505489
310446	0.000406383976
310447	0.000563635756
310448	0.001464116376
310449	0.0005297439111
310450	0.0006817741795
310451	0.0005907466196
310452	0.0006444544642
310453	0.0004805384368
310454	0.0007391517482
310455	0.001125090969
310456	0.0007827325965
310457	0.0003537609583
310458	0.0001354800225
310459	0.0005865889122
310460	0.001016448537
310461	0.0007485945587
310462	0.001031369127
310463	0.0005263898608
310464	0.0006874693109
310465	0.0005354341847
310466	0.000316357032
310467	0.000783974629
310468	0.0007663486216
310469	0.0008786430614
310470	0.0009001162219
310471	0.0005108553922
310472	0.0001018595767
310473	0.001206154593
310474	0.0006542889414
310475	0.0008040821798
310476	0.001381865607
310477	0.001287298952
310478	3.911891814e-05
310479	0.0008402943384
310480	0.0008754460727
310481	0.0001612711617
310482	0.000127040749
310483	0.0005800510419
310484	0.0008116492967
310485	0.000592996445
310486	0.0009039062222
310487	0.001212634369
310488	0.0008374141914
310489	0.0008894446877
310490	8.921432207e-05
310491	0.0004047134663
310492	0.001752505194
310493	0.001116260102
310494	0.001008528337
310495	0.0008643961141
310496	0.0006226148803
310497	0.001025704849
310498	0.0008351477396
310499	0.0003325074642
310500	8.927103954e-05
310501	0.002006360889
310502	0.0004203372602
310503	0.0005193890244
310504	0.001274295157
310505	0.001073098924
310506	0.0006310811654
310507	0.001214832797
310508	0.000498819887
310509	0.001867766457
310510	0.0008670817722
310511	0.001016224147
310512	0.0005570503365
310513	0.0005624431046
310514	0.0005670130785
310515	0.0006840568616
310516	0.0006130134532
310517	0.0009229023023
310518	0.001504805039
310519	2.032584919e-05
310520	0.00167843762
310521	0.0001647823939
310522	0.001050513453
310523	0.0007972506436
310524	0.0008618337013
310525	0.0005014438288
310526	0.0007948300994
310527	0.001534491126
310528	5.697645018e-05
310529	0.0007143354756
310530	0.001214208221
310531	0.0007024720234
310532	0.0009417795783
310533	0.0009352526283
310534	0.0009138177911
310535	0.0001311245518
310536	0.0005898918287
310537	0.0006357552204
310538	0.001046104261
310539	0.0003206475481
310540	0.001136486868
310541	0.001479764146
310542	0.00111981488
310543	0.001116136912
310544	0.001139616499
310545	0.001160457105
310546	0.001189848747
310547	0.0008184453178
310548	0.00121231971
310549	0.001121985526
310550	0.001273482149
310551	0.001074404201
310552	0.001595488561
310553	0.0004342729289
310554	0.001073233164
310555	0.001117395401
310556	0.000829287223
310557	0.0008760937171
310558	0.001078861255
310559	5.699818322e-05
310560	0.001155191653
310561	0.001681326165
310562	0.001109573935
310563	0.001784366886
310564	0.001039807781
310565	0.001175161535
310566	0.001301249178
310567	0.001551519546
310568	0.001322938219
310569	0.00118152755
310570	0.001286512009
310571	0.001043141798
310572	0.001094740576
310573	0.001010709404
310574	0.001115567182
310575	0.001090567464
310576	0.001285197287
310577	0.001924827628
310578	0.0002507032633
310579	0.0003297512343
310580	0.0001566623412
310581	0.001243563065
310582	0.00150265922
310583	0.001630044607
310584	0.001326545933
310585	0.001551386465
310586	0.0009886377373
310587	0.001514536959
310588	0.001449279809
310589	0.001523575224
310590	0.0009641082969
310591	0.002176910158
310592	0.001398125723
310593	0.0003323905465
310594	0.001556663844
310595	0.001517747542
310596	0.001467323528
310597	0.001578875807
310598	0.001032479899
310599	0.001685391019
310600	0.001547464565
310601	0.001455928371
310602	0.001101286529
310603	0.0005807696855
310604	0.001051002509
310605	0.001691080518
310606	0.00142303016
310607	0.001555333182
310608	0.002324180607
310609	0.002829876238
310610	0.001054928955
310611	0.001518984118
310612	0.001427979785
310613	0.001286893318
310614	0.001665568237
310615	0.0007162033555
310616	0.001135315979
310617	0.001412506418
310618	0.001524503742
310619	0.001443386234
310620	0.001646050538
310621	0.001533534709
310622	0.001487484711
310623	0.001519026295
310624	0.001491283137
310625	0.001358295077
310626	0.001219545797
310627	0.001074701589
310628	0.001257091998
310629	0.001347611418
310630	0.0005134422745
310631	0.0002620734869
310632	0.0007149230891
310633	0.0009347933577
310634	0.001211762552
310635	0.001321480645
310636	0.001572625006
310637	0.001237008004
310638	0.001741493074
310639	0.001802087463
310640	0.0002523435
310641	0.0007317412104
310642	0.001034342592
310643	0.001369426545
310644	0.0006451001021
310645	0.0005237723448
310646	0.0006478857989
310647	0.0001628055234
310648	0.0003109627517
310649	0.0001679476481
310650	0.0006851930759
310651	0.001896484796
310652	0.001364863555
310653	0.0004981143469
310654	0.0003879375069
310655	0.0003245998109
310656	3.26969882e-05
310657	0.0005673210923
310658	0.001267249425
310659	0.0004531671377
310660	1.816809623e-05
310661	0.0001017920815
310662	0.0004244000368
310663	0.0002106472343
310664	0.0005185386713
310665	0.0004765421982
310666	0.0003746852452
310667	0.00210480387
310668	0.0005033451561
310669	0.0001970787978
310670	0.0003911983489
310671	0.0002670435224
310672	0.0006515378747
310673	0.0007046770098
310674	0.0001387258676
310675	0.0003148485534
310676	9.967786376e-05
310677	0.000537999858
310678	0.0002632067368
310679	6.462683394e-06
310680	0.0001288312044
310681	0.0003421722137
310682	0.0004429032151
310683	0.001102097428
310684	0.002858423995
310685	0.0004239170949
310686	0.0002407797142
310687	0.0008527035707
310688	0.0005885897913
310689	0.0001788260303
310690	0.0008466340648
310691	0.0002152125404
310692	0.0004797566089
310693	0.0001540752791
310694	0.000287691606
310695	0.0008208952258
310696	0.0002046989823
310697	0.0002372283334
310698	0.0005236297338
310699	0.0003593021585
310700	0.0001339833756
310701	0.002190114249
310702	0.0002001494135
310703	0.0004666972192
310704	0.000430461537
310705	0.0002447534686
310706	0.0005200508492
310707	0.0009271219008
310708	0.0007825238074
310709	0.0003572440809
310710	0.0003640250841
310711	0.001475273215
310712	0.001693428891
310713	0.001403755576
310714	0.001024553775
310715	0.0003018622781
310716	0.0008381524966
310717	0.001136301379
310718	0.00180362006
310719	0.00178933919
310720	0.001517794687
310721	0.001023403214
310722	0.001557943161
310723	0.001085439695
310724	0.001676157643
310725	0.001390913663
310726	0.0005261367707
310727	0.001648805377
310728	0.001313833782
310729	0.001479658572
310730	0.001499731271
310731	0.001514210627
310732	0.001164858656
310733	0.0004089470569
310734	0.0004340984359
310735	0.0009736478234
310736	0.0005290629116
310737	0.0007239457319
310738	0.00108980539
310739	0.0005200771429
310740	0.000129712692
310741	0.0009731887775
310742	0.001650626451
310743	0.001673943827
310744	0.001621445464
310745	0.001231496537
310746	0.002343633454
310747	0.001310349848
310748	0.001556958828
310749	0.001541858734
310750	0.001306865753
310751	0.001418387468
310752	0.001390939018
310753	0.001324363979
310754	0.001331760268
310755	0.0002703708389
310756	0.0001206133071
310757	0.000198759965
310758	0.0006785748446
310759	0.0001166915085
310760	0.001018200167
310761	0.0005528331963
310762	0.0009109901543
310763	6.295341185e-05
310764	0.000968450577
310765	0.000694224663
310766	0.0005203395156
310767	0.0005558461078
310768	0.0002085617402
310769	0.0003553392907
310770	0.0005154561073
310771	0.0009889268643
310772	0.001151463267
310773	0.0003237908532
310774	0.001192442491
310775	0.0002267760808
310776	2.658384133e-05
310777	0.0008040785702
310778	5.998656773e-05
310779	0.0001356473226
310780	0.0001441364404
310781	0.0001560592052
310782	0.0004269117702
310783	0.0007066948385
310784	0.0003309258475
310785	0.0001082134687
310786	5.488574952e-05
310787	7.811011515e-05
310788	0.0009214991261
310789	0.0001415876462
310790	0.0001685919903
310791	0.0004919465485
310792	0.0007060948431
310793	0.001589563999
310794	0.0008443871873
310795	0.001607174025
310796	0.001668521241
310797	0.002049506115
310798	0.000434705428
310799	0.001445576317
310800	0.001301565693
310801	0.001584068053
310802	0.00154859313
310803	0.001676619503
310804	0.001759416204
310805	0.001223232502
310806	0.001717346553
310807	0.001136061622
310808	0.001091874564
310809	0.001121316226
310810	0.002408082722
310811	0.002287704228
310812	0.00173438719
310813	0.001847938058
310814	0.001816784229
310815	0.001701378528
310816	0.001405023955
310817	0.001157391593
310818	0.001672440172
310819	0.001129830302
310820	0.000596479189
310821	0.000139172357
310822	0.001451131389
310823	0.0004274303684
310824	0.001085601312
310825	0.002312455072
310826	0.002164109832
310827	0.0005946309932
310828	0.001360022129
310829	0.001304839456
310830	0.001618436068
310831	0.001795040914
310832	0.001050037715
310833	0.00139695171
310834	0.001401082042
310835	0.0002427445083
310836	0.0005838514536
310837	0.002287249353
310838	0.00200061668
310839	0.0006778376177
310840	0.001580565896
310841	0.001670288787
310842	0.001657549127
310843	0.001492997936
310844	0.0006544450717
310845	0.0005559066981
310846	0.002087888894
310847	0.0007654533625
310848	0.001689899188
310849	0.001740621953
310850	0.001526037271
310851	0.001460734762
310852	0.001567504663
310853	0.001679732117
310854	0.002881751571
310855	5.845706373e-05
310856	0.003294886456
310857	0.002753656222
310858	0.003212600827
310859	0.003546673482
310860	0.002922965482
310861	0.003363176169
310862	0.003037871996
310863	0.003112311377
310864	0.002889472819
310865	0.003630215842
310866	0.003299035172
310867	0.003623228697
310868	0.003493573373
310869	0.001967670766
310870	0.00242234698
310871	0.002825067551
310872	0.003301669471
310873	0.003114147514
310874	0.002168895925
310875	0.001646702911
310876	0.002763997638
310877	0.002736928724
310878	0.001601902667
310879	0.002650817253
310880	0.002642669876
310881	0.003016595047
310882	0.003240300175
310883	0.002476851778
310884	0.002016652021
310885	0.003547933015
310886	0.003246678675
310887	0.003460714689
310888	0.003345162759
310889	0.002689891615
310890	0.002678902735
310891	0.003285595778
310892	0.003873281336
310893	0.003850296377
310894	0.003354830421
310895	0.003341086238
310896	0.00292091221
310897	0.003043470102
310898	0.002890661403
310899	0.00187668273
310900	0.004616222739
310901	0.001141719544
310902	0.0009524977758
310903	0.0009003550917
310904	0.001062994414
310905	0.0003266511435
310906	0.001430355755
310907	0.0006570929182
310908	0.0007455730567
310909	0.001252754214
310910	0.0008725518425
310911	0.001451474417
310912	0.001582257254
310913	0.000349789273
310914	0.001546929686
310915	0.0004220368905
310916	0.0001300686301
310917	0.0002555745169
310918	9.965049016e-05
310919	0.0006876161406
310920	0.0007685478539
310921	0.0007828859056
310922	0.00116516605
310923	0.0005502717829
310924	0.001287013387
310925	0.0009774403947
310926	0.001017577558
310927	0.0001433730542
310928	0.001198752693
310929	0.0008822043993
310930	0.001058196336
310931	0.0003437816022
310932	7.878252504e-05
310933	0.0008707345037
310934	0.001999795681
310935	0.001230239363
310936	0.0008508055313
310937	0.0009260207144
310938	0.00122162009
310939	0.000278679016
310940	0.0007729182507
310941	0.001347720476
310942	0.001618787683
310943	0.0006207806402
310944	0.0008178929748
310945	0.0006221532519
310946	0.0002500073393
310947	0.0003675107134
310948	0.0005634474747
310949	0.0005398548884
310950	0.0004117098801
310951	0.0003645098784
310952	0.0008502404531
310953	0.001181546359
310954	3.908461946e-05
310955	1.128478936e-05
310956	0.0007462151581
310957	0.0002703495338
310958	3.608026333e-05
310959	0.000403150466
310960	0.0006104547211
310961	0.0009353105848
310962	0.000887036579
310963	0.0001392071901
310964	0.001119239428
310965	0.001146739446
310966	0.001781369927
310967	8.695806608e-05
310968	0.003220638774
310969	0.000750641377
310970	0.0001488517629
310971	0.0004732729325
310972	0.00020901388
310973	0.0002686014643
310974	0.0007102294076
310975	0.0008399669931
310976	0.001924410174
310977	0.001248712832
310978	0.001656332642
310979	0.0002456997621
310980	0.0005880117146
310981	0.001142959603
310982	0.0001267157062
310983	6.47834691e-05
310984	0.0008504152548
310985	0.0006160279962
310986	0.000712861977
310987	0.000775636878
310988	0.0005565305674
310989	0.0006854740956
310990	0.001112315317
310991	0.0004206067065
310992	0.0001774498427
310993	0.0005989190227
310994	0.0005561962552
310995	0.001054166518
310996	0.001170527404
310997	0.001601049287
310998	0.0005797781948
310999	0.0005216548549
311000	0.0008044438355
311001	0.0004092372061
311002	0.0003158147956
311003	0.000639526748
311004	0.0005679361808
311005	0.001218836622
311006	0.001265166039
311007	0.0005842990173
311008	0.002294134444
311009	0.00211614405
311010	0.002273969301
311011	0.002411240543
311012	0.002403507924
311013	0.001496583942
311014	0.001938063757
311015	0.002069997822
311016	0.00179061933
311017	0.002516374724
311018	0.001045777212
311019	0.002472523817
311020	0.002192185974
311021	0.002095433441
311022	0.002111187643
311023	0.002436230099
311024	0.002951627289
311025	0.002334918583
311026	0.002423849576
311027	0.002190825573
311028	0.002068516066
311029	0.002235456418
311030	0.002408974381
311031	0.002575709508
311032	0.001941558566
311033	0.002610062863
311034	0.002030986038
311035	0.002491089283
311036	0.001960913847
311037	0.002232994551
311038	0.001497039263
311039	0.001906771481
311040	0.003200764437
311041	0.0006353934543
311042	0.0007042027069
311043	0.0001094716242
311044	0.001489726429
311045	0.0001518718647
311046	0.0007305860517
311047	0.0005965306701
311048	0.0005040525906
311049	0.0001621288951
311050	0.0001862844149
311051	0.001081070532
311052	0.0006409795218
311053	0.0004441449508
311054	0.0002909014111
311055	0.0006112407058
311056	0.000844538917
311057	0.0007204943476
311058	0.0009397826843
311059	0.0005120355675
311060	8.337371033e-05
311061	7.105766671e-05
311062	9.979156073e-06
311063	0.0007332575507
311064	0.00110203702
311065	0.0005532874471
311066	0.0005513736136
311067	0.0005496320244
311068	0.0005774146605
311069	0.0001744738936
311070	0.000148081328
311071	0.0005657958635
311072	0.0006084673932
311073	0.0001209909173
311074	0.0002263948383
311075	0.0005875924214
311076	0.0006404860716
311077	0.001356860414
311078	0.001252937427
311079	0.00140423688
311080	0.0004140246067
311081	0.0008474701104
311082	7.584974541e-05
311083	0.0007035466468
311084	0.0005985030004
311085	0.0009597853256
311086	7.489742262e-05
311087	0.001229612276
311088	0.001404417069
311089	0.003122103013
311090	0.0007056774669
311091	0.001406851428
311092	0.000248213594
311093	0.000483782649
311094	0.0004957888094
311095	0.0007698676589
311096	0.00179095178
311097	0.001895008135
311098	0.001845039247
311099	0.001794837086
311100	0.001797493403
311101	0.001251798035
311102	0.001735615348
311103	0.001659651296
311104	0.0009141067011
311105	0.001275583572
311106	0.001718873607
311107	0.001602435459
311108	0.001586270371
311109	0.001022053057
311110	0.001822328221
311111	0.001344032573
311112	0.001269517849
311113	0.001441932284
311114	0.001636092691
311115	0.001245820364
311116	0.001590758923
311117	0.001476745049
311118	0.001582872294
311119	0.001407376949
311120	0.002277660686
311121	0.001685592638
311122	0.002444133771
311123	0.00184073966
311124	0.001896447071
311125	0.001797706105
311126	0.001480766997
311127	0.001820227337
311128	0.001375934041
311129	0.001707693072
311130	0.001664399798
311131	0.001495471388
311132	0.001879767416
311133	0.001392975836
311134	0.001371212357
311135	0.002367828736
311136	0.002484931227
311137	0.001889747229
311138	0.001292266864
311139	0.001673709512
311140	0.002101236113
311141	0.001849013439
311142	0.001693961183
311143	0.001701867028
311144	0.0004563786807
311145	0.001414361937
311146	0.001130574748
311147	0.001300057194
311148	0.001116795273
311149	0.001724810198
311150	0.001178043872
311151	0.001427481191
311152	0.002151929311
311153	0.002202770836
311154	0.001771472409
311155	0.00172417992
311156	0.001211027132
311157	0.002362327791
311158	0.002168541487
311159	0.001981557961
311160	0.0009525444075
311161	0.001156622901
311162	0.001293785075
311163	0.001703679976
311164	0.001910058116
311165	0.001732589395
311166	0.001932013819
311167	0.0001718602448
311168	0.001370419566
311169	0.001786510627
311170	0.002013647752
311171	0.001607526277
311172	0.001754491863
311173	0.00185054949
311174	0.001415889546
311175	0.001882667055
311176	0.001686426419
311177	0.001463455116
311178	0.001836699418
311179	0.001649804852
311180	0.002379353378
311181	0.001710777911
311182	0.001166259397
311183	0.0008986084375
311184	0.001324947433
311185	0.000958996506
311186	0.002251766212
311187	0.001217106042
311188	0.0009366780429
311189	0.000623150293
311190	0.0008771930711
311191	3.458370549e-05
311192	0.0003501821935
311193	0.0003324274878
311194	0.0008904935556
311195	0.001066312539
311196	0.0009653942658
311197	0.0008885717177
311198	0.001792876118
311199	0.0009382926531
311200	0.0009485776417
311201	0.001298813282
311202	0.001284572235
311203	0.001396673412
311204	0.0009718672409
311205	0.001134706699
311206	0.001308635387
311207	0.00155070946
311208	0.00137184784
311209	0.001235814515
311210	0.000253716621
311211	0.001125808149
311212	0.001198876565
311213	0.0002807802146
311214	0.002132975476
311215	0.000933817764
311216	0.001627911465
311217	0.001989412245
311218	0.002142267775
311219	0.0020371927
311220	0.001820226562
311221	0.0004785696954
311222	0.0002763454953
311223	0.001668272929
311224	0.002127638229
311225	0.001923101731
311226	0.001970172928
311227	0.002023597993
311228	0.001839592859
311229	0.00203613169
311230	0.00197256749
311231	0.000941735732
311232	0.00231695387
311233	0.002288276141
311234	0.00153937702
311235	0.002542718685
311236	0.0001188311448
311237	1.995594939e-05
311238	8.755294004e-05
311239	9.391278649e-05
311240	7.037636624e-05
311241	4.603135796e-05
311242	0.0001503427547
311243	7.548300461e-05
311244	0.0003312351953
311245	0.0001875452212
311246	8.056462085e-05
311247	0.0001072725698
311248	0.0001820151642
311249	3.665327961e-05
311250	6.480903225e-05
311251	0.00047399415
311252	0.0001506689337
311253	5.10630169e-05
311254	0.0004733535448
311255	1.432689396e-05
311256	0.0001475457124
311257	8.502356181e-05
311258	0.0005164395479
311259	0.0004848438275
311260	0.0004440686795
311261	7.925833941e-05
311262	1.854407974e-05
311263	7.772527906e-05
311264	0.0001180963163
311265	0.0001659050689
311266	8.62900949e-05
311267	6.739505798e-05
311268	8.762960768e-05
311269	8.017736272e-05
311270	0.0001143808519
311271	0.0001571916251
311272	0.000101975638
311273	0.0001272157307
311274	0.000212178453
311275	0.0002344627623
311276	0.0002224729092
311277	4.13145649e-05
311278	0.0001204710262
311279	0.0001305380565
311280	0.0001061258736
311281	0.0001030959767
311282	0.0001207697559
311283	0.0002276012667
311284	0.0001548641084
311285	5.754897295e-05
311286	0.0001188297034
311287	0.0001298696736
311288	0.0001219907779
311289	9.301535638e-05
311290	1.593906634e-05
311291	3.635140094e-05
311292	0.0003838221805
311293	0.0003199531188
311294	0.0002071555739
311295	0.0009961366947
311296	0.0005812757921
311297	0.0006740426388
311298	5.066801407e-05
311299	6.57352819e-05
311300	1.032088658e-05
311301	3.75387722e-05
311302	0.0004538278867
311303	7.931773084e-05
311304	0.0002656027694
311305	4.49571415e-05
311306	0.0007351731101
311307	5.207085653e-05
311308	9.246638095e-05
311309	0.0003811685993
311310	2.507981748e-05
311311	0.0005168720456
311312	0.0001975023919
311313	0.0001971182836
311314	5.462340373e-05
311315	0.0001773118795
311316	0.0003009996649
311317	0.0002416058713
311318	4.637963442e-05
311319	8.105433569e-05
311320	3.540616518e-05
311321	4.340785791e-05
311322	0.0002051836098
311323	0.000340607505
311324	0.0002025705532
311325	4.737141617e-05
311326	0.0005640057775
311327	0.0005046813417
311328	0.0002162216287
311329	0.0001564611036
311330	0.0001040559306
311331	1.265490863e-05
311332	0.0003366438014
311333	0.0004322445671
311334	0.0002403396555
311335	0.0002149627114
311336	9.942763133e-06
311337	0.0002017861524
311338	4.662378191e-05
311339	0.0004758367257
311340	0.0001489949845
311341	0.000211753363
311342	0.0002278061011
311343	0.0001367337382
311344	0.0001177851992
311345	0.0002210306409
311346	0.0001625909754
311347	5.757642332e-05
311348	0.0001164256507
311349	7.035053501e-05
311350	8.49013999e-05
311351	0.0002764073649
311352	0.0002109891603
311353	0.0002192720315
311354	0.0008830151127
311355	0.001231261739
311356	0.0005607776789
311357	5.034024647e-05
311358	4.95985348e-05
311359	0.0003609540405
311360	0.0006691950719
311361	0.0004443293067
311362	0.000412831027
311363	0.000380232586
311364	0.0007775280186
311365	0.0002801053334
311366	8.69929924e-05
311367	7.093439248e-05
311368	1.209999979e-05
311369	7.992187617e-05
311370	7.617910037e-05
311371	0.0001528418042
311372	0.0001934608448
311373	0.0004408305052
311374	0.0002478000513
311375	0.0002693412904
311376	0.0003451038611
311377	0.0002825433122
311378	9.226437954e-05
311379	0.0003053002205
311380	0.0004668533923
311381	0.0006041058285
311382	2.772541928e-07
311383	1.737635668e-05
311384	0.0003156578622
311385	0.0005030046164
311386	2.537937249e-05
311387	0.0003353919788
311388	0.0001102504788
311389	0.0003191497362
311390	0.0002490805232
311391	0.0007991522777
311392	0.001026546605
311393	0.0001051329824
311394	2.873036908e-05
311395	0.0004686254443
311396	0.002172009345
311397	0.002202414616
311398	0.002270238912
311399	0.0005089604417
311400	0.0013331287
311401	0.001351931116
311402	0.002208379203
311403	0.00209331133
311404	0.002132581315
311405	0.001657341818
311406	0.003414134907
311407	0.001995544855
311408	0.002600252213
311409	0.002445134773
311410	0.0001315658721
311411	0.001226875594
311412	0.002048211314
311413	0.001282166193
311414	0.001221581089
311415	0.000462991392
311416	0.001352040911
311417	0.001620777561
311418	0.001369054735
311419	0.0003259188686
311420	0.001210049257
311421	0.0004855613865
311422	0.001143577999
311423	0.0001526322916
311424	0.0008829722345
311425	0.002163037271
311426	0.002740013008
311427	0.002552774651
311428	0.0002440819021
311429	0.001182039522
311430	0.003924867168
311431	0.003425709788
311432	0.002309725995
311433	0.00420466109
311434	0.003408683602
311435	0.0002551317703
311436	0.000168139041
311437	0.0009894856263
311438	0.002664357079
311439	0.00125951011
311440	0.0004038076436
311441	0.0001764358691
311442	0.001136301307
311443	0.0008540578108
311444	0.00354745524
311445	0.0002026761997
311446	0.000238366113
311447	0.0008551855199
311448	0.000269792508
311449	0.001229440813
311450	0.001655683718
311451	0.001598717431
311452	0.001339031679
311453	0.0002868185071
311454	6.404444815e-05
311455	0.0009015696944
311456	0.0001762576886
311457	0.0001849479043
311458	0.0001497399513
311459	0.01255666007
311460	0.0008574915541
311461	0.002851744064
311462	0.003894369651
311463	0.001911889101
311464	0.002759325797
311465	0.001148193078
311466	0.002916630082
311467	0.003941755606
311468	0.005507374629
311469	0.003441249658
311470	0.008121856045
311471	0.0003908951076
311472	0.0001628031607
311473	0.0007108459878
311474	0.0001220708167
311475	0.001181422367
311476	0.0003920035582
311477	0.000346733105
311478	0.001642735302
311479	0.003516185622
311480	0.0003496596453
311481	6.554160258e-05
311482	0.0002245317519
311483	0.0004364829645
311484	0.001161501543
311485	0.000966892813
311486	0.0001096434078
311487	0.0007198110813
311488	0.004818354368
311489	0.005603641827
311490	0.005755498906
311491	1.197222599e-05
311492	0.0004212451303
311493	0.0007856356664
311494	0.001047769259
311495	0.0002493673574
311496	0.0002400375555
311497	0.0003160041901
311498	0.0007680118803
311499	0.001896793458
311500	0.003499252958
311501	0.008056093564
311502	0.000655404483
311503	0.001117551557
311504	0.0001540786713
311505	0.003855709955
311506	0.002688272551
311507	0.001011334517
311508	0.003389371702
311509	0.0001395971691
311510	0.0009396663355
311511	0.0002210541411
311512	0.001433839444
311513	0.001820602911
311514	0.002083719954
311515	1.846803797e-05
311516	1.326477252e-05
311517	4.271088181e-05
311518	3.659123681e-05
311519	3.456692431e-05
311520	0.0001721874632
311521	7.00858339e-06
311522	1.089438044e-05
311523	5.980890697e-05
311524	0.005651465596
311525	0.0004264733931
311526	1.947808084e-05
311527	7.046362436e-05
311528	3.918756435e-05
311529	0.0003266581232
311530	0.0006713661823
311531	2.64538141e-06
311532	0.0001307735092
311533	0.001188357208
311534	0.001317580913
311535	6.720475723e-05
311536	3.855702418e-05
311537	0.0005448033627
311538	0.0004814033124
311539	0.001921239122
311540	0.001105862848
311541	0.000834076061
311542	0.002853962924
311543	0.001930611831
311544	0.002229453551
311545	0.001953817848
311546	0.002733889183
311547	0.002346775801
311548	0.001486776206
311549	0.002211468765
311550	0.001028165681
311551	0.002530638003
311552	0.0007727450511
311553	0.000883712134
311554	0.002813542212
311555	0.00184686536
311556	4.557786727e-05
311557	0.001237662088
311558	0.006251598546
311559	0.002246617021
311560	0.001106050553
311561	0.001143619783
311562	0.001814340113
311563	0.002254484979
311564	0.002758817648
311565	0.002557156946
311566	0.0006501222579
311567	0.00707801027
311568	5.757758707e-05
311569	0.002573937215
311570	0.0004169601798
311571	0.0001925945828
311572	0.000916698227
311573	0.001753817313
311574	0.0005896947655
311575	0.003911470152
311576	0.002532187214
311577	0.0001864785849
311578	0.002160595546
311579	0.002605587283
311580	0.0009392975182
311581	0.003309106447
311582	0.0006942698791
311583	0.00298805563
311584	0.004165974444
311585	0.001459352111
311586	0.001199337054
311587	0.001598697006
311588	0.002480024865
311589	0.0002602341954
311590	0.0004637890969
311591	0.003135635693
311592	0.0004133834207
311593	0.001094475052
311594	0.0004781060441
311595	0.001659567795
311596	0.0002944172339
311597	0.005134419296
311598	0.0001193481162
311599	0.003319531221
311600	0.002835912896
311601	0.004464356912
311602	0.001161947458
311603	0.001320610436
311604	0.002657200173
311605	0.006865941786
311606	0.001993932085
311607	0.004342649961
311608	0.0009571277634
311609	0.002298989762
311610	0.002127130404
311611	0.002636308029
311612	0.002591341895
311613	0.002052941521
311614	0.002697342264
311615	0.001391826101
311616	0.001117000821
311617	0.001270710355
311618	0.004002979546
311619	0.005352916252
311620	0.003362650705
311621	0.002545906966
311622	0.001975088439
311623	0.002043854048
311624	0.002465936245
311625	0.002328575801
311626	0.001229423275
311627	0.002996386078
311628	6.89879283e-05
311629	0.002636148923
311630	0.0007128036457
311631	0.002495389186
311632	0.001993199442
311633	0.001783387313
311634	0.001041177274
311635	0.003014015074
311636	0.001398741177
311637	0.0005720266204
311638	0.002589344948
311639	0.002308145151
311640	0.001228105805
311641	0.0029670412
311642	0.002372452585
311643	0.001579277038
311644	0.0006855524709
311645	0.00337678577
311646	0.002325675065
311647	0.0003483860519
311648	0.00133785324
311649	0.001902363498
311650	0.002254298142
311651	0.002690023708
311652	0.0005454279875
311653	0.0007643370494
311654	0.000857721654
311655	0.0009351954097
311656	0.0008973368414
311657	0.0004376684772
311658	0.0003850521579
311659	0.0007067891846
311660	0.0004923779785
311661	0.0006315873198
311662	0.000761292977
311663	0.001031255219
311664	0.0009396904513
311665	0.0003445439937
311666	0.0007848525524
311667	0.0006735030471
311668	0.0002909937181
311669	0.0006749495447
311670	0.0006235549242
311671	0.0005930307589
311672	0.0004738114562
311673	0.0005126612486
311674	0.0003576656214
311675	0.000430825687
311676	0.0001938409227
311677	0.0006331042061
311678	0.0006726821736
311679	0.0009589594635
311680	0.0006200188404
311681	0.0007682274056
311682	0.0007760965994
311683	0.0006019892559
311684	0.0005749616551
311685	0.0004837334562
311686	0.0006785926021
311687	0.000863294332
311688	0.0006911955546
311689	0.001026011502
311690	0.000219295683
311691	0.0007825508294
311692	0.0007324572695
311693	0.0006229511041
311694	0.001287966842
311695	0.0006886329587
311696	0.000303923152
311697	0.001297531569
311698	0.0008132686063
311699	0.000748061844
311700	0.000646707181
311701	0.001652007254
311702	0.0004391615927
311703	0.0006118577563
311704	0.0004640584163
311705	0.000751626058
311706	0.002701465833
311707	0.0001570502275
311708	0.0007764669884
311709	0.0007986234356
311710	0.0004085725021
311711	0.001165857734
311712	0.0008837067372
311713	0.0005624971698
311714	0.0002054959657
311715	0.0009468178442
311716	0.0008441881208
311717	0.0005714927624
311718	0.000946443746
311719	0.0007084835948
311720	0.001238267959
311721	0.001203510286
311722	0.001001166864
311723	0.000909433988
311724	0.0003020577802
311725	0.0007964068263
311726	0.0007671381742
311727	0.0001565317715
311728	0.0002454379591
311729	0.0004910691373
311730	0.000803308744
311731	5.807479043e-05
311732	0.0002405926124
311733	3.744049605e-05
311734	0.0009682670191
311735	0.0004611874503
311736	0.0008786931191
311737	0.0009287447812
311738	2.690108297e-05
311739	0.0001246170977
311740	6.06654698e-05
311741	0.0005765088503
311742	0.0006513334671
311743	0.0002327311746
311744	6.088489736e-05
311745	9.742233079e-05
311746	0.0006162554554
311747	0.0001206853332
311748	0.0006510652393
311749	0.0002464143623
311750	0.0001257751529
311751	0.001296725684
311752	0.0003973240983
311753	0.0001703685486
311754	9.351058644e-05
311755	0.001011335849
311756	0.0003793026124
311757	0.0001266988245
311758	0.0002198983849
311759	0.001000168851
311760	0.001040263836
311761	0.0002141892674
311762	3.466368949e-05
311763	0.0003595242666
311764	0.0001706585698
311765	0.0002001827148
311766	4.461063427e-05
311767	0.001270282235
311768	0.002276966989
311769	0.0001405362585
311770	0.0007946626705
311771	0.0002783820519
311772	0.0009723423092
311773	0.0003862005113
311774	8.935654584e-06
311775	0.0002676665524
311776	3.808018309e-05
311777	1.167271078e-05
311778	0.0001322652924
311779	0.0005681829411
311780	0.000640110383
311781	0.0009631510146
311782	9.258666234e-05
311783	0.0001551918344
311784	0.001393482773
311785	0.001006248623
311786	0.0001808884205
311787	0.001068986695
311788	0.0003395049469
311789	2.822152167e-05
311790	0.001114609851
311791	0.00052119167
311792	0.0002032459461
311793	0.0004316801069
311794	0.0004982322081
311795	1.286414653e-05
311796	0.001883133543
311797	3.04305154e-05
311798	0.000610961585
311799	0.0007147930306
311800	1.969743593e-05
311801	0.0003787761858
311802	5.356537923e-05
311803	4.469944391e-05
311804	4.764293519e-05
311805	0.0003727320985
311806	0.000987876144
311807	0.0001607544984
311808	0.0005216315079
311809	7.431314838e-05
311810	0.0004145448385
311811	0.0007561769723
311812	0.0001595473624
311813	0.0004344415114
311814	0.0002032193406
311815	0.0003368446188
311816	0.0008803735702
311817	0.001359704234
311818	0.00030994161
311819	9.084220954e-05
311820	0.0004842416294
311821	0.0008401686991
311822	0.000255706551
311823	0.0006878444514
311824	0.0002670867016
311825	0.001210737537
311826	8.074907601e-05
311827	0.0003800071429
311828	0.0005247744239
311829	0.0003417183696
311830	0.0001642382733
311831	0.0001839325962
311832	0.0001358680023
311833	0.0006116570747
311834	0.0005937145858
311835	0.001395096327
311836	0.001120407478
311837	0.0002718621533
311838	0.001455853109
311839	0.0003417171577
311840	0.0003323045423
311841	0.0005096970432
311842	0.0001228097836
311843	0.0006481014505
311844	0.0006985447675
311845	0.0003647380611
311846	2.331817758e-05
311847	0.0001030903408
311848	3.718130956e-06
311849	0.0009053915037
311850	0.0007751770719
311851	5.487646735e-06
311852	0.0006682345343
311853	0.0008390035652
311854	0.0007123847463
311855	0.0005783653193
311856	0.0005618383634
311857	0.001284535736
311858	0.0006013203587
311859	3.032772853e-05
311860	0.000716900131
311861	0.0002481149764
311862	5.263367501e-05
311863	0.0001661364494
311864	8.632022021e-05
311865	0.0002220554952
311866	0.001111875782
311867	0.0006456950176
311868	8.330956142e-05
311869	0.0005765102297
311870	0.0001435310019
311871	8.534407318e-06
311872	0.0005948362887
311873	0.0001783622463
311874	0.0005129197222
311875	1.916760299e-05
311876	0.0001954950798
311877	0.0005852254933
311878	0.0004650808549
311879	0.0002137822578
311880	0.001362612185
311881	0.000841221686
311882	0.0002992091525
311883	1.400744148e-05
311884	0.001168639298
311885	0.0005018068091
311886	0.0004923856765
311887	0.0001292082285
311888	0.0005089795949
311889	0.0003123341989
311890	0.000432168096
311891	0.0002872791774
311892	0.0007217279827
311893	0.0005878994714
311894	0.0006885123767
311895	0.0007070224783
311896	0.0007373509624
311897	0.0008632416843
311898	0.0006760220246
311899	0.0008931548306
311900	0.0007577592452
311901	0.0007551440561
311902	0.0006595101479
311903	0.0006846484164
311904	0.0006537423382
311905	0.0001046078274
311906	0.001044288101
311907	0.0005768726271
311908	0.0008817190764
311909	0.0008572499612
311910	0.004535302148
311911	0.000324991105
311912	0.0002847376654
311913	0.005599743925
311914	0.002437891165
311915	0.004402997921
311916	0.00190027376
311917	0.001589369279
311918	0.003285649337
311919	0.00359409296
311920	0.0006234790326
311921	0.001015207277
311922	0.003481821549
311923	0.001257833553
311924	0.002442023583
311925	0.000163723089
311926	0.001326735136
311927	0.00187307527
311928	0.0006161774555
311929	0.0003568323807
311930	0.001395656163
311931	0.001397691622
311932	0.001323203104
311933	0.002487232822
311934	0.001861147606
311935	0.001924031566
311936	0.002195841232
311937	0.000195008218
311938	0.00146503781
311939	0.0008927855877
311940	0.000959004114
311941	0.001456530163
311942	0.001483124423
311943	0.0003750037346
311944	0.002761232401
311945	0.0007152656722
311946	0.0005365755047
311947	4.7431194e-05
311948	0.001328524896
311949	0.0003434166487
311950	0.003709575247
311951	0.002886076294
311952	0.001088559645
311953	0.002288686037
311954	0.0009195010632
311955	0.0006043952779
311956	0.0008952702809
311957	0.001254458803
311958	0.0004652666613
311959	0.0005942296594
311960	0.00248038893
311961	0.004223006124
311962	0.004621331681
311963	0.001465446129
311964	0.0003962414894
311965	0.0001891746422
311966	0.0001971132273
311967	0.0004667211612
311968	0.0001503356454
311969	0.0001399384374
311970	0.000301773066
311971	0.002401086112
311972	0.0005528691133
311973	0.0001286593305
311974	0.001350897693
311975	0.0005257398992
311976	0.000398998404
311977	0.001024996324
311978	0.00118536674
311979	0.002337660902
311980	0.001311964002
311981	0.0007272915079
311982	0.001627136848
311983	0.001762537198
311984	0.002483057782
311985	0.00293428806
311986	6.638621843e-05
311987	0.0004563213829
311988	0.0003397382531
311989	0.0001280741971
311990	0.001921293106
311991	0.001676803741
311992	0.0004754483988
311993	0.001913247284
311994	0.0009546274182
311995	0.002513597015
311996	0.005212258253
311997	0.0003240503832
311998	0.0003937049914
311999	0.0008391635312
312000	0.0008075497911
312001	0.005057859655
312002	0.001868716094
312003	0.002305521028
312004	0.000311249525
312005	0.001124785459
312006	0.001063223122
312007	0.0002269262736
312008	0.0006280682697
312009	0.001879450509
312010	0.001910037237
312011	0.001282122136
312012	0.001280818963
312013	0.002910127205
312014	0.00108029613
312015	0.001575179953
312016	0.001121311526
312017	0.0004609580151
312018	0.00184534083
312019	0.003232483447
312020	0.0006222930118
312021	0.0009198213021
312022	0.002319500316
312023	0.0004986582466
312024	0.0001884493442
312025	0.000987689354
312026	0.0004746376906
312027	0.0003471910082
312028	0.001266468054
312029	0.0004848910391
312030	0.0001366481591
312031	0.0001890162873
312032	0.0007816157714
312033	0.001180768358
312034	0.0007027013218
312035	0.001040716803
312036	0.0009167864898
312037	0.004138441776
312038	0.0005739592612
312039	2.847052465e-05
312040	0.0004448073525
312041	0.002485396588
312042	0.0003616386391
312043	0.000744816308
312044	0.006044292178
312045	0.001523754751
312046	0.001121333619
312047	0.001127705635
312048	0.002120683566
312049	0.0007343034529
312050	0.0001651996049
312051	0.003053847626
312052	0.002051871356
312053	0.003714086204
312054	0.001553771366
312055	0.0001430218802
312056	0.001799295704
312057	0.003342877115
312058	0.002091993905
312059	0.0008863842718
312060	0.001764151929
312061	0.0006541493846
312062	0.0001516753901
312063	0.0006884896865
312064	0.0006471774298
312065	0.0007680198347
312066	0.0004721360746
312067	0.0018382646
312068	0.001905215855
312069	8.996996224e-05
312070	0.000180384273
312071	0.0002423412678
312072	0.001192960444
312073	0.002015214676
312074	0.0002357453513
312075	0.002657959733
312076	0.001380628881
312077	0.0002533630732
312078	0.00524380952
312079	7.931078689e-05
312080	0.003719393374
312081	0.004331701697
312082	0.003142361351
312083	0.0001585191696
312084	0.002560900139
312085	0.0007272915079
312086	0.00163791707
312087	0.002787930614
312088	0.002294868404
312089	0.001274947639
312090	0.0004715496753
312091	0.001371711901
312092	0.0001750421693
312093	0.004590890071
312094	0.002199534834
312095	0.0001065925002
312096	0.0002386223242
312097	0.004238807886
312098	0.001683457962
312099	0.0004758405406
312100	0.002095174295
312101	0.000824603857
312102	0.0004968658033
312103	0.0007433987245
312104	0.0006998951842
312105	0.0004775999089
312106	0.0006076967877
312107	0.0004606674486
312108	0.0005830582406
312109	0.0008641923197
312110	0.0004716422469
312111	0.000633652551
312112	0.000588711043
312113	0.0008212665837
312114	0.0005617030261
312115	0.001151666441
312116	0.0006663489529
312117	0.0007409739756
312118	0.0005718935323
312119	0.0004556275926
312120	0.0005748886652
312121	0.0006970617766
312122	0.0006848465335
312123	0.0004290649741
312124	0.0008351379533
312125	0.000743775508
312126	0.0006878386361
312127	0.0005801624359
312128	0.0006290396315
312129	0.0004693721654
312130	0.0006116799315
312131	0.0007873579944
312132	0.001130513443
312133	0.0004856992921
312134	0.000826594448
312135	4.940083788e-05
312136	0.0002629156673
312137	0.0005286809228
312138	0.0009111548898
312139	0.0004051941362
312140	0.001068886409
312141	0.0008794546048
312142	0.0009488479157
312143	0.0007411625905
312144	0.0008226043871
312145	0.0005996802663
312146	0.00104177881
312147	0.0005649023818
312148	0.0004360172351
312149	0.0004151030619
312150	0.0004981528361
312151	0.0009935330649
312152	0.0006380776706
312153	0.0007337307564
312154	0.001384414755
312155	0.0009641883896
312156	0.00036598596
312157	0.0008932204897
312158	0.001219888526
312159	0.0006703594656
312160	0.0005413883315
312161	0.0009902026285
312162	0.0002194799734
312163	0.0008581651723
312164	0.0008743301713
312165	0.0009615455497
312166	0.0006406498393
312167	0.0008814116326
312168	0.0006362035224
312169	0.0008444389759
312170	0.0003679024798
312171	0.0006999059896
312172	0.0008036256316
312173	0.0009050057335
312174	0.0007809613732
312175	0.0007437547988
312176	0.0006923883487
312177	0.000757778071
312178	0.0004195095955
312179	0.0007730990317
312180	0.0008337695489
312181	0.0002656517953
312182	0.0005580786818
312183	0.0009767161758
312184	0.0003763335335
312185	0.0006888782757
312186	0.0007090723787
312187	0.0007351831933
312188	0.000921161213
312189	0.0008271715056
312190	0.0004906498472
312191	0.0006621490751
312192	0.0006805268306
312193	0.001005730442
312194	0.0005910718606
312195	0.0006578061196
312196	0.000493714278
312197	0.0006390401673
312198	0.0002551242078
312199	0.0007476182983
312200	0.0002385300458
312201	0.0009720733571
312202	0.0006608698336
312203	0.0008903292462
312204	0.0009688455077
312205	0.0008829612161
312206	0.0006166386423
312207	0.0003289552312
312208	0.0002140282943
312209	0.001032228985
312210	0.0005367632353
312211	0.0006059897907
312212	0.0004817670255
312213	0.0004778417692
312214	0.0006019726967
312215	0.0007358591002
312216	0.0004284765158
312217	0.0004433658883
312218	0.000660448419
312219	0.001101444668
312220	0.0004915549817
312221	0.000711091774
312222	0.0006339734281
312223	0.001245136182
312224	0.00040394873
312225	0.0006251971283
312226	0.001221544423
312227	0.0002244858456
312228	0.0007719095131
312229	0.0009710719488
312230	0.0002271059287
312231	0.0004865778538
312232	0.0002748370516
312233	0.0009245660591
312234	0.0008140997082
312235	0.0007747567406
312236	0.00113877472
312237	0.0007725054291
312238	0.0005325725083
312239	0.0005078332502
312240	0.001221008749
312241	0.00082068159
312242	0.0008806903858
312243	0.0007746642028
312244	0.001111610829
312245	0.0005604480818
312246	0.0009893431033
312247	0.0006335743373
312248	0.001412245552
312249	0.002804951209
312250	0.003724039964
312251	0.0009522833334
312252	0.0004984071249
312253	0.0008007283484
312254	0.0002231453199
312255	0.0006395059587
312256	0.002138309071
312257	0.0007130109945
312258	0.0005460079138
312259	0.0007272915079
312260	0.0008743390684
312261	0.0006493644199
312262	0.0008010856549
312263	0.002296531105
312264	0.0009115476503
312265	0.0006684840342
312266	0.0009752440175
312267	0.0007698679503
312268	0.0005308768706
312269	0.001079649046
312270	0.001020650323
312271	0.001628152671
312272	0.0004888010253
312273	0.0001812487921
312274	0.000756327289
312275	0.001097167798
312276	0.0007110750871
312277	0.0003120829288
312278	0.001148296615
312279	0.0007525657988
312280	0.0007449665984
312281	0.0006883709717
312282	0.0008066072677
312283	0.0006144223776
312284	0.0007048293253
312285	0.0007011445114
312286	0.0008661745709
312287	0.001152032542
312288	0.001002911587
312289	0.0009895659699
312290	0.001045760752
312291	0.0004803562768
312292	0.0001703722586
312293	0.0009940722364
312294	0.0007604405077
312295	0.0004237517934
312296	0.0005552442044
312297	0.0003741059949
312298	0.001282274903
312299	0.001034163552
312300	0.0005779101853
312301	0.001164472201
312302	0.0009349847501
312303	0.0008795229423
312304	0.0008673643498
312305	0.0007969847664
312306	0.0006877982246
312307	0.00113069431
312308	5.621140216e-05
312309	0.00109279
312310	0.0009383721201
312311	0.0008681291901
312312	0.0006183158501
312313	0.001060437783
312314	0.0008505233708
312315	0.0008290135789
312316	0.0008331918437
312317	0.001184819587
312318	0.0008424974485
312319	0.0009261325962
312320	0.0004980988509
312321	0.0007231518201
312322	0.0005896624471
312323	0.0006760710136
312324	0.0008151595925
312325	0.0008828415798
312326	0.000303713593
312327	5.256974014e-05
312328	0.003130437727
312329	0.00044627735
312330	0.0004608817786
312331	0.0008172005117
312332	0.0001545304581
312333	0.001062812007
312334	0.0007677256483
312335	0.001102555973
312336	0.0004452689208
312337	0.0008513253796
312338	0.0009398256408
312339	0.0005123829656
312340	0.0005468826512
312341	9.218015894e-05
312342	0.001107106058
312343	0.0005721260054
312344	0.0006582708237
312345	0.000553430718
312346	0.0007452140463
312347	0.001331174277
312348	0.0008041111868
312349	0.0006586183995
312350	0.0008484168028
312351	0.0003526392144
312352	0.001039034747
312353	0.001050966686
312354	0.0007785692358
312355	0.0009908860851
312356	0.0008598845999
312357	0.0004110149133
312358	0.0005847643895
312359	0.0008146141781
312360	0.0006914504623
312361	0.001180125573
312362	0.0004783709873
312363	0.0006638211671
312364	0.0008394159092
312365	0.0005867220439
312366	0.001301186626
312367	0.0009482602721
312368	0.0009650141869
312369	0.0005134265252
312370	0.0007414852542
312371	0.001050296513
312372	0.000970602171
312373	9.413619387e-05
312374	0.0009975045882
312375	0.0009838876511
312376	0.0003994728205
312377	7.462032806e-05
312378	0.0003159808293
312379	0.0008465286454
312380	0.0009331456432
312381	0.0005224800591
312382	0.0009263623243
312383	0.0009334858761
312384	0.0008295494774
312385	0.0008836111437
312386	0.0001843750949
312387	0.0006561035061
312388	0.0008562804754
312389	0.0003757962263
312390	0.0002919017074
312391	0.0006281696914
312392	0.0007453599614
312393	0.0005665538471
312394	0.0006687588901
312395	0.0007551534888
312396	0.0006368670071
312397	0.0007293278224
312398	0.0005193627414
312399	0.0003900174467
312400	0.000922264107
312401	0.0006572693245
312402	0.001112107123
312403	0.0009627061739
312404	0.0007689059633
312405	0.0007196912478
312406	0.002938221004
312407	1.942113911e-05
312408	0.001509094108
312409	0.001196820034
312410	0.0003376987608
312411	0.001925022673
312412	0.002086627857
312413	0.001796282179
312414	0.0004288792634
312415	0.0004141301451
312416	0.001869234603
312417	0.004070607376
312418	0.000703991358
312419	0.002100131162
312420	4.278481663e-05
312421	0.002379924304
312422	0.001340989187
312423	0.001167836028
312424	0.002474644155
312425	0.003420223074
312426	0.0007112899177
312427	0.0006540666777
312428	0.0009916070935
312429	0.001823416267
312430	0.006175406636
312431	0.0006856848617
312432	0.002501513187
312433	0.001906365683
312434	0.0002625388337
312435	0.002200024624
312436	0.002813796719
312437	0.002221476843
312438	0.002600396972
312439	0.001553394184
312440	0.001174965459
312441	0.002464248394
312442	0.0008051751787
312443	0.0004821650232
312444	0.0006154273386
312445	0.0006130310513
312446	0.0007359592253
312447	0.000756328481
312448	0.000336270817
312449	0.0007712670982
312450	0.0007860363803
312451	0.001265381683
312452	0.0004253116071
312453	0.0006960771858
312454	0.001171669515
312455	0.0003831788795
312456	0.000923087676
312457	0.0007654483516
312458	0.00104727556
312459	0.001291177842
312460	0.0005709576962
312461	0.001106509824
312462	0.000671086832
312463	0.000357418837
312464	0.0006213838736
312465	0.0007669009064
312466	0.0006993099408
312467	0.0004392349214
312468	0.0007875830725
312469	0.000593624586
312470	0.0007669800407
312471	0.0007573270714
312472	0.0008734003708
312473	0.0008018847837
312474	0.0007254602997
312475	0.0008189610673
312476	0.0007749652971
312477	0.001708031403
312478	0.0003988240169
312479	0.0006921101661
312480	0.0009612852795
312481	0.006090551826
312482	0.003121450451
312483	0.0004106557661
312484	0.002307341899
312485	0.0007272915079
312486	0.002973905736
312487	0.001364168677
312488	0.0002092725213
312489	0.002885016369
312490	0.001609534305
312491	0.001296584373
312492	0.000441808419
312493	0.0008138143945
312494	0.002122645606
312495	0.001272390452
312496	0.0003267805679
312497	0.000951757423
312498	0.0009136113673
312499	0.0008973790685
312500	0.0008500368968
312501	0.0007618761425
312502	0.0007057745418
312503	0.0005877288026
312504	9.045437359e-05
312505	0.00063907763
312506	0.0007542039338
312507	0.0009233335012
312508	0.0005097271462
312509	0.000344849393
312510	0.001457221681
312511	0.0003066756776
312512	0.0007251643348
312513	0.0007364640918
312514	0.0007943061919
312515	0.0005237358439
312516	0.0001862394544
312517	0.0005197966604
312518	0.0003878769572
312519	0.0003974383928
312520	0.0006031095401
312521	0.0005302434522
312522	0.0005477829718
312523	0.0009786196965
312524	0.0007405098373
312525	0.0003930020836
312526	0.0004407653627
312527	0.0006766102256
312528	0.0006643818286
312529	0.0005733525591
312530	0.0008867656733
312531	0.000912006254
312532	0.0009976332805
312533	0.0008159526151
312534	0.0007426951528
312535	0.0006761419913
312536	0.0006461053592
312537	0.0004013933767
312538	0.0006042439372
312539	0.001194486044
312540	0.0007721256988
312541	0.00018248971
312542	0.0005250621938
312543	0.0009499910643
312544	0.0005187607696
312545	0.0004217553268
312546	0.0004160816226
312547	0.0006010424234
312548	0.0009328398797
312549	0.0004150717445
312550	0.0008499211366
312551	0.0006672884881
312552	0.001008646048
312553	0.001240647154
312554	0.0009881042467
312555	0.003166015765
312556	0.002457982256
312557	0.0004400332216
312558	0.002390966056
312559	0.001509957141
312560	0.000743402862
312561	0.0006648706452
312562	0.0001696221237
312563	0.0009711339953
312564	0.001876673599
312565	0.0007760048903
312566	0.001437121002
312567	0.0009561562064
312568	0.002500280299
312569	0.004327389905
312570	0.002208389429
312571	0.00211745294
312572	0.001476638555
312573	0.001070367789
312574	0.00179874344
312575	0.001977126213
312576	0.0002902725673
312577	0.003613001821
312578	0.00119404418
312579	0.001559833328
312580	0.001325506428
312581	0.0006879759094
312582	0.001316779175
312583	0.001567984582
312584	0.003243326181
312585	0.0007067879434
312586	0.0009391285324
312587	0.00469388871
312588	0.000910567091
312589	0.001818559059
312590	0.0004312182955
312591	0.001891771605
312592	0.000499150907
312593	0.001472643708
312594	0.00330119691
312595	0.002128488543
312596	0.001146442265
312597	0.001059979661
312598	0.00145466918
312599	0.0005620636296
312600	0.0008412712207
312601	0.0006571621807
312602	0.0010162947
312603	0.001034503478
312604	0.0009650783159
312605	0.0005972418607
312606	0.001107022278
312607	0.0005438878039
312608	0.0005043415191
312609	0.0009659881664
312610	0.0003748195596
312611	0.0005121256857
312612	0.001052443088
312613	0.0006969811528
312614	0.0003522001959
312615	0.0008173190263
312616	0.0004302470408
312617	0.0009961024848
312618	0.0008914775118
312619	0.0004580776748
312620	0.0007031723742
312621	0.0006908511208
312622	0.0007242026515
312623	0.0009038485122
312624	0.0007626870906
312625	0.000651500787
312626	0.0005499744552
312627	0.000555232946
312628	0.0009034247784
312629	0.0009462804841
312630	0.0007593978153
312631	0.000540132882
312632	0.0007038425032
312633	0.0007210241721
312634	0.0008484347976
312635	0.001236912484
312636	0.0006895215639
312637	0.0007540455242
312638	0.0006098074153
312639	0.0003848966491
312640	0.000691255298
312641	0.000681729797
312642	0.0006891800418
312643	0.0007139256567
312644	0.001165568758
312645	0.000607876892
312646	0.0006204299654
312647	0.000755317108
312648	0.0007194625332
312649	0.0007561154441
312650	0.000520432086
312651	0.0006614794097
312652	0.0007627386413
312653	0.001127881838
312654	0.0008637790225
312655	0.000664862833
312656	0.0005264267425
312657	0.0009430488305
312658	0.0007285009342
312659	0.0005722492157
312660	0.0007392218092
312661	0.0007518641361
312662	0.0006295845042
312663	0.0009985570936
312664	0.0006851144442
312665	0.0006997262044
312666	0.000265912008
312667	0.0005160604246
312668	0.0007307101285
312669	0.0006865980738
312670	0.0009427296796
312671	0.0008056402799
312672	0.0009103754278
312673	0.0006874790687
312674	0.0009797964037
312675	0.001310559636
312676	0.0008576957583
312677	0.0005932845535
312678	0.0008609326281
312679	0.001039947716
312680	0.0004373377302
312681	0.0008598885922
312682	0.0005386718269
312683	0.0007683560447
312684	0.0007742979485
312685	0.000390698023
312686	0.0007281200074
312687	0.000879760583
312688	0.000821311454
312689	0.0005333145807
312690	0.0009466331475
312691	0.0007388569303
312692	0.0004445302385
312693	0.0008090228068
312694	0.0004301147752
312695	0.0006216995958
312696	0.0006040668384
312697	0.0006229900873
312698	0.0007529801668
312699	0.0005750021453
312700	0.0008287568807
312701	0.0006654338452
312702	0.0007711936892
312703	0.0005563387402
312704	0.0004049937461
312705	0.0007053605819
312706	0.0006575887208
312707	0.0005813331059
312708	0.0004304823284
312709	0.0003727802346
312710	0.0007486128108
312711	0.0007360135336
312712	0.0006059023949
312713	0.0004775603108
312714	0.0006372932101
312715	0.001115553157
312716	0.000684001254
312717	0.0004336897857
312718	0.0008406096023
312719	0.0008192195064
312720	0.0008528042948
312721	0.0006316885463
312722	0.0007633116876
312723	0.0006685587278
312724	0.0006295395291
312725	0.000673940886
312726	0.0008056961671
312727	0.0006796026969
312728	0.0006739546485
312729	0.0002098239414
312730	0.0009766373589
312731	0.0005993049663
312732	0.0003918321312
312733	0.001089583916
312734	0.0007788544628
312735	0.0004572134404
312736	0.001085167586
312737	0.0008868903659
312738	0.0006485531392
312739	0.0002177329892
312740	0.0007558681073
312741	0.0008982744939
312742	0.0004034019584
312743	0.0005997343214
312744	0.0007532192696
312745	0.0008468599895
312746	0.000524468615
312747	0.0005811075574
312748	0.0005207803301
312749	0.0008315875588
312750	0.0006217054138
312751	0.0009212370735
312752	0.0005312840938
312753	0.0007564857859
312754	0.0007448285145
312755	0.0007546012306
312756	0.000895160309
312757	0.001205780803
312758	0.0005493966061
312759	0.0006964884514
312760	0.001000829906
312761	0.0003315640226
312762	0.000388136325
312763	0.0009436280762
312764	0.0008711525542
312765	0.001041009835
312766	0.0003020723107
312767	0.0007428475859
312768	0.0003784077005
312769	0.0005208752415
312770	0.0005530049152
312771	0.0005418419058
312772	0.0009105998617
312773	0.000953308099
312774	0.0005902575486
312775	0.0005320937132
312776	0.0008243473058
312777	0.0008136833367
312778	0.0009924728596
312779	0.0008204305006
312780	0.0006919738091
312781	0.0007350581039
312782	0.0007650967601
312783	0.0009118001114
312784	0.0006891118816
312785	0.0009860383105
312786	0.0006551071136
312787	0.0007859197993
312788	0.0004934879159
312789	0.0004277641529
312790	0.0007720129102
312791	0.0007601480621
312792	0.0003493370416
312793	0.0007560225235
312794	0.0004306645161
312795	0.0003520598191
312796	0.0007681427182
312797	0.0005384273172
312798	0.0008662790871
312799	0.0006578932115
312800	0.0003295928643
312801	0.0007421645051
312802	0.000624647028
312803	0.0008387578977
312804	0.0006640272723
312805	0.0001786351811
312806	0.0007320237094
312807	0.0009300656091
312808	0.0006430009865
312809	0.0007614227417
312810	0.0007845681358
312811	0.0007466029916
312812	0.0007768096784
312813	0.0006658835619
312814	0.001061413633
312815	0.0006670766187
312816	0.000667065395
312817	0.0003902435964
312818	0.0008940078061
312819	0.0007332679816
312820	0.0008627989521
312821	0.001027202558
312822	0.0009712784501
312823	0.0006677881452
312824	0.0006136366253
312825	0.0007130553694
312826	0.0005412573842
312827	0.0007944578419
312828	0.001167218503
312829	0.001815868352
312830	0.0005137589502
312831	0.0005009699465
312832	0.0003786187791
312833	0.001221968436
312834	0.0001278095172
312835	0.001056982072
312836	0.00145468945
312837	0.002738647504
312838	0.002778328512
312839	0.003601670792
312840	0.002492610564
312841	0.004304127312
312842	0.001140435112
312843	0.0005917773407
312844	0.002112404996
312845	0.003709097358
312846	0.001638479285
312847	0.0006936510506
312848	0.001492564233
312849	0.0001477471573
312850	0.001788829801
312851	5.530585847e-06
312852	0.0007676819797
312853	0.0004505569576
312854	0.0004967050604
312855	0.001461378184
312856	0.0001473548118
312857	0.002554406702
312858	0.0006900778041
312859	0.001708261762
312860	0.001625912521
312861	0.00359720744
312862	4.449759801e-05
312863	0.0004987657936
312864	0.0001862043018
312865	0.001061404365
312866	0.001230933649
312867	0.000165672925
312868	0.001235349199
312869	0.001768526092
312870	0.002448533768
312871	0.0002434811357
312872	0.0002441182966
312873	0.0003917982626
312874	0.0008388419348
312875	0.0002025888384
312876	0.002044713435
312877	0.001436249683
312878	0.00374116729
312879	0.001472159968
312880	0.0001792373019
312881	0.002852959658
312882	0.004464892227
312883	0.002549868061
312884	0.001107770183
312885	0.001036983276
312886	0.0007515797653
312887	0.001262580796
312888	7.487760489e-05
312889	0.001714425722
312890	0.001767535036
312891	0.002193201447
312892	0.00539672733
312893	0.0006259820252
312894	0.003459982561
312895	7.387552117e-06
312896	0.001954958346
312897	0.003358933246
312898	0.003110252387
312899	0.002228129035
312900	0.002728083346
312901	0.0001410563676
312902	0.000621292383
312903	0.001237107447
312904	0.002352243541
312905	0.0003000148036
312906	0.0006094602049
312907	0.0008101387848
312908	0.0006193987592
312909	0.000396477398
312910	0.0006753278638
312911	0.0006989178777
312912	0.0008565714564
312913	0.0004254234263
312914	0.0006701638215
312915	0.000505952606
312916	0.0001758597346
312917	0.0007519151361
312918	0.0007654076446
312919	0.000785118795
312920	0.001280392052
312921	0.0002997566989
312922	0.0006926835957
312923	0.0007321246273
312924	0.0008324015388
312925	0.0003888864994
312926	0.0006719024486
312927	0.0006776167117
312928	0.0006546398753
312929	0.0005345244821
312930	0.0005854029079
312931	0.0002188699244
312932	0.0006369758231
312933	0.0001553028428
312934	0.0006515182334
312935	0.001258778371
312936	0.0007414127481
312937	0.0007622889417
312938	0.0008098488868
312939	0.0006503311835
312940	0.0005820844945
312941	0.0006395850441
312942	0.0004745268656
312943	0.0007775049773
312944	0.0007422995537
312945	0.0007640799228
312946	0.0006562441223
312947	0.0003319148688
312948	0.001299360591
312949	0.0006787798172
312950	0.001611805485
312951	0.0005467859427
312952	0.001274987193
312953	0.0005558887749
312954	0.0007759047864
312955	0.000569614715
312956	0.0005158075934
312957	0.0007997819525
312958	3.736917816e-05
312959	0.0006023518267
312960	0.0008302345291
312961	0.0007855557199
312962	0.001630967494
312963	0.001027043506
312964	0.0006708081583
312965	0.001392712133
312966	0.0005055890677
312967	0.0005427028906
312968	0.001106691285
312969	0.000872715431
312970	0.0005234627987
312971	0.002819612746
312972	0.000748798881
312973	0.000785033318
312974	0.0004661584157
312975	0.002432567848
312976	0.0004815211268
312977	0.0004797772421
312978	0.0006970206004
312979	0.0008449793807
312980	0.001062486901
312981	0.0004433395611
312982	0.000432829854
312983	0.001142078486
312984	0.0006726621676
312985	0.0003669624903
312986	0.0006028840456
312987	0.0007197829275
312988	0.0006400252134
312989	0.0005430218681
312990	0.0004705696234
312991	0.0006057291505
312992	0.0007174740235
312993	0.0007068948712
312994	0.0006132885534
312995	0.0006088459648
312996	0.0005645860834
312997	0.0007009577343
312998	0.0002784258407
312999	0.000640015322
313000	0.0006229100942
313001	0.0004181143879
313002	0.0007416561186
313003	0.0004635461614
313004	0.00120665918
313005	0.0006761991752
313006	0.0003004280475
313007	0.0002712549111
313008	0.0005035038771
313009	0.001212021139
313010	0.0005951138165
313011	0.0003741284404
313012	0.0001584128662
313013	0.0006336806917
313014	0.0008782946646
313015	0.0006756266195
313016	0.0006744322762
313017	0.00103399767
313018	0.0005224276848
313019	0.000761083029
313020	0.0006133175846
313021	0.001121158175
313022	0.0005669314787
313023	0.0003508724994
313024	0.0005726774733
313025	0.0006257592637
313026	0.0006288887153
313027	0.0004388100911
313028	0.0008235477297
313029	0.000443795784
313030	0.0007887742466
313031	0.0006814545837
313032	0.0003351918128
313033	0.0006640315849
313034	0.0008536566909
313035	0.0006870127087
313036	0.0005383659705
313037	0.0008263977956
313038	0.0007635451832
313039	0.0002757600248
313040	0.0004484802111
313041	0.0008090517832
313042	0.001000179804
313043	0.0009321866428
313044	0.0009294423918
313045	0.0009299732505
313046	0.0006670986464
313047	0.0003285955139
313048	0.0004428838242
313049	0.0004724896112
313050	0.0006141012469
313051	0.0009081657669
313052	0.001366832624
313053	0.000629654654
313054	0.0008058237763
313055	0.0006092517474
313056	0.0006437627608
313057	0.0008801278521
313058	0.0007194468447
313059	0.0006196314658
313060	0.0003569060248
313061	0.0008770796036
313062	0.001125176984
313063	0.001010130868
313064	0.0009468834205
313065	0.0006606421635
313066	0.0006929881422
313067	0.0005836436166
313068	0.0008692104536
313069	0.0009566792633
313070	0.0008855475105
313071	0.0009114804964
313072	0.0003527528418
313073	0.0005666757198
313074	0.0008647613692
313075	0.0007575864306
313076	0.0007640024239
313077	0.0007854131392
313078	0.00104188786
313079	0.000666143556
313080	0.0005913937901
313081	0.0004253390389
313082	0.0006808402392
313083	0.0006477826095
313084	0.0007143732004
313085	0.0007284268894
313086	0.0005539966569
313087	0.0007909291185
313088	0.0006652170832
313089	0.0008248049222
313090	0.001032789702
313091	0.001110750085
313092	0.0007905589133
313093	0.0008209465323
313094	0.001020439876
313095	0.0005927621147
313096	0.0006995957597
313097	0.0007823813149
313098	0.0007701411915
313099	0.000517798358
313100	0.001181711679
313101	0.0002761797302
313102	0.001007518009
313103	0.001055350544
313104	0.001191741936
313105	0.0006754704515
313106	0.0005900595227
313107	0.001081763554
313108	0.0007097646987
313109	0.0009531632176
313110	0.0006441387934
313111	0.0009772682554
313112	0.0007134019689
313113	0.0005382358391
313114	0.0007710062341
313115	0.001004508367
313116	0.0004157017707
313117	0.0006062390952
313118	0.0006244021003
313119	0.0006989962495
313120	0.0005880889191
313121	0.0009224624281
313122	0.0009453456721
313123	0.0004193638822
313124	0.0003925718116
313125	0.000573208283
313126	0.0009287833042
313127	0.0008055011595
313128	0.0004592630115
313129	0.0004768083245
313130	0.0006934681355
313131	0.0005085569497
313132	8.282372788e-06
313133	0.0008635779878
313134	0.0007129596035
313135	0.0004152120144
313136	0.0005188969467
313137	0.0007293596917
313138	0.0003672173416
313139	0.0007448580968
313140	0.0003546346535
313141	0.0009474439879
313142	0.0009388589974
313143	0.0007908444038
313144	0.0008897810541
313145	0.0006883752842
313146	0.001050004175
313147	0.001421620522
313148	0.001180616185
313149	0.001052202334
313150	0.001115942905
313151	0.001257561798
313152	0.0009329745335
313153	1.548555661e-05
313154	0.0007153911948
313155	0.0007720291374
313156	0.0009583349509
313157	0.0006001870577
313158	0.0006473946715
313159	0.0005101918419
313160	0.0004685554637
313161	0.0008727398958
313162	0.000252352176
313163	0.0005903469566
313164	0.0004766909545
313165	0.0002073329903
313166	0.001087054684
313167	0.0008411461643
313168	0.000730965779
313169	0.0007443913286
313170	0.0007790793437
313171	0.000571540119
313172	0.0008946836406
313173	0.0009903283483
313174	0.0008795899336
313175	0.0004957741584
313176	0.0005000453748
313177	0.0006890769733
313178	0.0004313251488
313179	0.0005317819991
313180	0.000710195063
313181	0.0003849328121
313182	0.0008609235443
313183	0.0007194162761
313184	0.001765387585
313185	0.001166782148
313186	0.001646298231
313187	0.0008817328795
313188	0.0009089746329
313189	0.001165069125
313190	0.0008898359245
313191	0.0009257030426
313192	0.000754526113
313193	0.0004201493387
313194	0.0004243698023
313195	0.0005068354312
313196	0.0003502288413
313197	0.0007714831867
313198	0.0008532014809
313199	0.0006468705173
313200	0.0004541374427
313201	0.0006299979623
313202	0.0006535261163
313203	0.0008845242959
313204	0.0004485738362
313205	0.0006080232316
313206	0.0008395534129
313207	0.0007017337886
313208	4.412488869e-05
313209	0.0005800028241
313210	0.00068289042
313211	0.000843205832
313212	0.00084037658
313213	0.000830867128
313214	0.0009085822405
313215	0.000875255659
313216	0.0006295124696
313217	0.0008541354563
313218	0.0006384859909
313219	0.0007151106224
313220	0.0009708952289
313221	0.0007545170517
313222	0.0002663185778
313223	0.0005617091574
313224	0.0006167457623
313225	0.0007865980645
313226	0.0004250249919
313227	0.0008012130149
313228	0.0004378948433
313229	0.0005769860787
313230	0.0003441476249
313231	0.001078734271
313232	0.0005674390022
313233	0.0007305768862
313234	0.0008725750328
313235	0.0003911468184
313236	0.0007468085148
313237	0.0006357402341
313238	0.0009190724567
313239	0.0007996532249
313240	0.0003541014877
313241	0.0009676410158
313242	0.0008050648514
313243	0.000593071971
313244	0.0003770882748
313245	0.0007619382568
313246	0.001040368183
313247	0.0005557028291
313248	0.0009155075972
313249	0.0006517666978
313250	0.0006326540087
313251	0.0005055281652
313252	0.0007503177261
313253	0.0005882788968
313254	0.0009274689275
313255	0.0006918179425
313256	0.0006401957226
313257	0.0007724153518
313258	0.0008678625933
313259	0.0007518022455
313260	0.0009858235545
313261	0.0006714838485
313262	0.0003118418306
313263	0.0005607473772
313264	0.0003433880288
313265	0.001070313518
313266	0.0003962254408
313267	0.001083487959
313268	0.0006076792264
313269	0.0006585238622
313270	0.000708104945
313271	0.000504579462
313272	0.0008410053403
313273	0.0009839556007
313274	0.0006875577128
313275	0.0008689779943
313276	0.0007450833399
313277	0.0009030499087
313278	0.0005390566627
313279	0.0008132175332
313280	0.0004050054118
313281	0.0007816301205
313282	0.0008796317833
313283	0.0006447718909
313284	0.000963051984
313285	0.0005000411591
313286	0.0008815685225
313287	0.0002879597945
313288	0.0006255469565
313289	0.0004811659271
313290	0.0008746890741
313291	0.0007614665597
313292	0.0007597224592
313293	0.001023035839
313294	0.0008342773161
313295	0.0005352209023
313296	0.0009751967195
313297	0.0007746003286
313298	0.0006661959828
313299	0.0009055069427
313300	0.0007956039021
313301	0.001383108128
313302	0.0005759513641
313303	0.0008393365105
313304	0.0001250125384
313305	0.0003664382612
313306	0.001081409746
313307	0.0002936849472
313308	0.0006785041274
313309	0.0009558590734
313310	0.0005620366396
313311	0.0006949161768
313312	0.0007191554841
313313	0.0007137264743
313314	0.0008620178985
313315	0.0007390684238
313316	0.0008110665579
313317	0.0007290027714
313318	0.0008095363438
313319	0.0008740485688
313320	0.0005256348892
313321	0.0007063461023
313322	0.0008821234916
313323	0.001545758705
313324	0.0004720890023
313325	0.0007428162649
313326	0.0007103287584
313327	0.0005670975829
313328	0.000637277709
313329	0.0007566590896
313330	0.0001542647667
313331	0.0006659460681
313332	0.0007522007964
313333	0.001262112371
313334	0.0009739800466
313335	0.0002353174634
313336	0.001303146049
313337	0.0005142741855
313338	0.0005087560355
313339	0.0005700049696
313340	0.001116138642
313341	0.0006708065474
313342	0.001355809708
313343	0.0009447451703
313344	0.0009732884329
313345	0.004600709303
313346	0.004981124698
313347	0.005114809944
313348	0.002133708897
313349	0.003692642942
313350	0.005024832413
313351	0.001611822964
313352	0.005268445387
313353	0.005200523044
313354	0.0049210149
313355	0.005737859268
313356	0.005085419212
313357	0.004939915811
313358	0.0009153577931
313359	0.002990995633
313360	0.004818601041
313361	0.001386433505
313362	0.0009698309197
313363	0.002775922972
313364	0.002053941269
313365	0.002636131704
313366	0.001780805137
313367	0.0004150715469
313368	0.001994223118
313369	0.001080810667
313370	0.002173345012
313371	0.002155165127
313372	0.002017715739
313373	0.001998914363
313374	0.002155784564
313375	0.001973228235
313376	0.001871781675
313377	0.002102250863
313378	0.001825280537
313379	0.001882284878
313380	0.00259453594
313381	0.001828356392
313382	0.002158296604
313383	0.001876766319
313384	0.001938659347
313385	0.00219289856
313386	0.00221638221
313387	0.001451975076
313388	0.001958486138
313389	0.001872917677
313390	0.001965722392
313391	0.002512341057
313392	0.00206471435
313393	0.002132576914
313394	0.002929942617
313395	0.002073077623
313396	0.00218308127
313397	0.00246983034
313398	0.002579589121
313399	0.002356239515
313400	0.001901396749
313401	0.002273511472
313402	0.002006889527
313403	0.001879852393
313404	0.002239770451
313405	0.002251304536
313406	0.001928870105
313407	0.002138731828
313408	0.001572031053
313409	0.0009984474317
313410	0.001569785462
313411	0.001968536274
313412	0.001893778909
313413	0.002458279085
313414	0.001918352087
313415	0.002232838193
313416	0.002683721461
313417	0.001878262345
313418	0.001648448731
313419	0.002032351113
313420	0.001332421509
313421	0.002285908352
313422	0.002213334428
313423	0.001792789947
313424	0.002570692815
313425	0.001756624624
313426	0.002152340153
313427	0.0002373865938
313428	0.0006916950326
313429	0.0001557376594
313430	0.0004392956789
313431	0.0003831134409
313432	0.0004412258094
313433	0.0003615216681
313434	3.762166639e-05
313435	0.0006650892875
313436	0.0001178252814
313437	1.057330174e-05
313438	4.446397595e-06
313439	0.0003237252852
313440	0.0006340514816
313441	0.000809399257
313442	0.000287564515
313443	0.001108639342
313444	0.000205696067
313445	5.055182201e-05
313446	0.001113503389
313447	0.0003225936123
313448	0.0003303197035
313449	0.0004451992973
313450	0.0004313196458
313451	4.828520543e-05
313452	0.0004581203259
313453	0.0003180893887
313454	2.295311241e-05
313455	0.0003812283989
313456	0.000567504132
313457	0.0004131524431
313458	0.0001603675568
313459	0.0002940910768
313460	0.000150484955
313461	0.0001422099823
313462	0.0004458649059
313463	0.0003556424313
313464	6.976549495e-05
313465	0.0002752380346
313466	0.0001177705613
313467	4.033519965e-05
313468	0.0002567697071
313469	1.994512972e-05
313470	0.0003282173824
313471	0.0002672432871
313472	0.0005341563897
313473	0.0001943978366
313474	3.004594858e-05
313475	0.0001146239706
313476	0.0002696143367
313477	0.0002700217771
313478	0.0005045160618
313479	0.0001109234565
313480	0.0004203900474
313481	0.0002530191796
313482	1.172043339e-05
313483	0.0001659849856
313484	0.0002666143858
313485	0.000240508333
313486	0.002646932165
313487	0.005518664997
313488	0.0009134794308
313489	0.003250198321
313490	0.001976721562
313491	0.0006082370204
313492	0.002756080584
313493	0.002045550363
313494	0.0001503534826
313495	0.002388727449
313496	0.001578064705
313497	0.001642270082
313498	0.005539302621
313499	0.001242438902
313500	0.006831354362
313501	0.007038652314
313502	0.001962878912
313503	0.001187862356
313504	0.0008436808013
313505	0.002357032084
313506	0.002948089795
313507	0.0009909376526
313508	0.003977859782
313509	0.0008964492341
313510	0.0002022098048
313511	0.001742548593
313512	0.0001423564984
313513	0.0007006771457
313514	0.000850707983
313515	0.0006318761055
313516	0.0003726531059
313517	0.0001193309857
313518	0.0003649457534
313519	0.0003981901281
313520	8.238849286e-05
313521	0.0004487435188
313522	0.0001334391899
313523	0.0009752386877
313524	9.2360121e-05
313525	0.0003972641574
313526	0.0002058725026
313527	3.160927614e-05
313528	0.0004996445695
313529	0.0002878039747
313530	0.0001983018559
313531	0.0002612604292
313532	0.0003973170459
313533	0.0001935435631
313534	0.0006238300937
313535	0.0002205142448
313536	0.0002543365541
313537	7.374522001e-05
313538	3.955052767e-05
313539	0.001569359206
313540	0.002130190705
313541	0.002300553939
313542	0.002195770297
313543	0.002020672901
313544	0.002523529456
313545	0.001976110549
313546	0.001955952799
313547	0.002469569243
313548	0.00241277188
313549	0.002413287312
313550	0.00208392882
313551	0.002417540271
313552	0.001901630568
313553	0.002128829304
313554	0.002398321026
313555	0.002039337983
313556	0.00255808393
313557	0.002348644855
313558	0.002061124451
313559	0.002092500953
313560	0.002272403023
313561	0.002312889112
313562	0.002076221424
313563	0.00221337124
313564	0.002273005881
313565	0.002126031629
313566	0.003287034033
313567	0.002050424433
313568	0.00214223281
313569	0.002097852101
313570	0.002030715638
313571	0.001608511188
313572	0.002038882178
313573	0.003286438351
313574	0.001576692322
313575	0.001933282088
313576	0.001735765429
313577	0.001962176275
313578	0.001111391644
313579	0.002208562138
313580	0.001068280418
313581	0.002790148167
313582	0.0005530372333
313583	0.001691998292
313584	0.0007625241739
313585	0.0008408471647
313586	0.0001658239921
313587	0.0002580273749
313588	0.0002888248774
313589	0.0008873858879
313590	0.002102107415
313591	0.002122560401
313592	0.002425557119
313593	2.207076785e-05
313594	0.004564832833
313595	0.0007118357345
313596	0.00733734991
313597	0.0002676156207
313598	0.005619220065
313599	0.006262498745
313600	0.0009065306198
313601	0.001638539989
313602	0.001066058987
313603	0.005637195445
313604	0.0006657261734
313605	0.005598266948
313606	0.00213935977
313607	0.002750252998
313608	0.002574010504
313609	0.00493792343
313610	0.0001679291406
313611	0.0001973251042
313612	0.0006492991704
313613	0.00305843848
313614	0.0002687466926
313615	0.002273230952
313616	0.002257257007
313617	0.001905692754
313618	0.006402199017
313619	0.004899953015
313620	0.0001939266454
313621	0.001353970771
313622	0.002191045524
313623	0.0004413277812
313624	0.002821928496
313625	0.003652911372
313626	0.003986078015
313627	0.007569157875
313628	0.001753001585
313629	0.0006052463558
313630	0.002390214284
313631	0.0001165827835
313632	0.002404266399
313633	0.001001288184
313634	0.002179170377
313635	0.00199872655
313636	0.004984385453
313637	0.004365705788
313638	0.0006589250241
313639	0.002067210614
313640	0.003749903668
313641	0.009000852627
313642	0.002674902168
313643	7.761587127e-05
313644	0.002345881199
313645	0.002089220033
313646	0.0005319043397
313647	0.002414264851
313648	0.002894950476
313649	0.0006233185993
313650	0.0002627634731
313651	0.006217540729
313652	0.003029849553
313653	0.004229932028
313654	0.0009393573913
313655	0.00315174966
313656	0.001104277932
313657	0.0005524906019
313658	0.001800105781
313659	0.002376927039
313660	0.005953116995
313661	0.001577506972
313662	0.0005416476444
313663	0.002221722056
313664	0.004289028974
313665	0.005336889936
313666	0.0001349704179
313667	0.004774129878
313668	0.002232210492
313669	1.496447714e-05
313670	0.0009203889825
313671	0.004544475477
313672	0.0002908675008
313673	0.003347461366
313674	0.002295781884
313675	0.001445502049
313676	0.0003919563571
313677	0.0004858567673
313678	0.0001492396946
313679	0.00957300814
313680	0.003439577192
313681	0.003635155619
313682	0.001375918645
313683	0.003212582573
313684	0.003288008075
313685	0.0004857529016
313686	0.00167265612
313687	0.004783127265
313688	0.003018134572
313689	0.001514611717
313690	4.684063315e-05
313691	0.000231130445
313692	0.0002483531308
313693	5.86135791e-05
313694	0.0003535300855
313695	0.0001010784886
313696	0.0001373773155
313697	4.093394877e-08
313698	6.376466626e-05
313699	0.0003682705655
313700	0.000403377549
313701	0.0002401772068
313702	0.0006840061631
313703	1.008802553e-07
313704	0.0008455817797
313705	0.001452544727
313706	0.001452243096
313707	0.00045003897
313708	0.00118208764
313709	0.002162813701
313710	0.0003788680432
313711	0.002472077756
313712	0.001102469955
313713	0.00556453468
313714	0.0009790791328
313715	0.0005492525086
313716	0.002095174625
313717	0.003681531762
313718	0.001115715676
313719	0.002304145431
313720	0.0005338426424
313721	0.003139663712
313722	3.876689532e-05
313723	0.0001960524773
313724	0.001784692215
313725	2.55637372e-05
313726	0.0009457937898
313727	0.0005719462907
313728	0.003933563519
313729	0.0027850331
313730	0.002611888202
313731	0.0006232402955
313732	0.001230504747
313733	6.448380588e-05
313734	0.002454835178
313735	0.000235646223
313736	0.002418474938
313737	0.0003602547533
313738	0.0002832179692
313739	0.001698666577
313740	9.393218932e-05
313741	0.0001324540964
313742	0.0004632555909
313743	0.001499589285
313744	0.0002449642708
313745	0.002755598839
313746	0.001304815527
313747	0.000854930226
313748	0.002190963179
313749	0.0003779393324
313750	0.000837660966
313751	0.0009363030132
313752	0.001402338095
313753	0.001180353154
313754	0.002842469846
313755	0.0009360338695
313756	0.001938415629
313757	0.001853624297
313758	0.004518989785
313759	0.001101147952
313760	0.001700713855
313761	0.006592031405
313762	0.0004169496222
313763	0.0006736959332
313764	4.028682112e-05
313765	0.005698902602
313766	0.0003717292689
313767	0.005916175285
313768	0.000424060407
313769	0.001592998794
313770	1.72782053e-05
313771	0.0006195507122
313772	0.001191355686
313773	0.0005279137171
313774	0.001138361896
313775	0.004607989411
313776	0.0006959346144
313777	0.005862772816
313778	0.0006015598384
313779	0.000476651704
313780	0.002297791425
313781	0.002601605444
313782	0.002253961631
313783	0.004315323881
313784	0.00292625919
313785	0.003583491924
313786	0.004513689665
313787	0.001529490322
313788	0.003145606676
313789	0.001968245956
313790	0.001095518659
313791	0.00028331887
313792	0.002957047431
313793	0.001536961194
313794	0.0007037134442
313795	0.0006493708298
313796	0.002926427724
313797	7.891500311e-05
313798	0.001789943782
313799	0.0007493609863
313800	0.001086276324
313801	0.00165490985
313802	0.0001723316136
313803	0.0009743367771
313804	0.001532282555
313805	0.0006744491908
313806	0.0003761808893
313807	0.000395433366
313808	0.0002399423571
313809	0.002519700438
313810	0.001300303124
313811	0.003666262974
313812	0.000165284872
313813	0.005128578955
313814	0.002770640364
313815	0.0001238773355
313816	0.001793607271
313817	0.0008001652601
313818	0.001110856234
313819	0.0008502004127
313820	0.007833522302
313821	8.647736229e-05
313822	0.0007732214159
313823	0.001227473693
313824	0.00165717065
313825	0.001675796236
313826	0.0005005340691
313827	0.006155452892
313828	0.002836655645
313829	0.0009851544916
313830	0.005323032066
313831	0.0002377701412
313832	0.002500703022
313833	0.004498146773
313834	0.000522446579
313835	0.002259572231
313836	0.001977879668
313837	0.001608509991
313838	0.002100336841
313839	0.003063743748
313840	0.002357183264
313841	0.003032242736
313842	0.001021248399
313843	0.0004133066204
313844	0.00495715274
313845	0.002166411665
313846	0.001350271658
313847	0.00032014336
313848	0.0007930537453
313849	0.003669692897
313850	0.0006999964819
313851	0.002990674964
313852	0.001667188555
313853	0.003643282035
313854	0.004651903206
313855	0.0001014456851
313856	0.001357069674
313857	0.004959030818
313858	0.001329221465
313859	0.00341159978
313860	7.130191373e-06
313861	0.000353763319
313862	2.572982957e-05
313863	0.002779263213
313864	0.001535565177
313865	0.003344351896
313866	0.002645229466
313867	0.002072009081
313868	0.003077392247
313869	0.001351793637
313870	0.001924911299
313871	0.0006816538872
313872	0.001811372934
313873	0.002156875401
313874	0.001113394908
313875	0.001924227797
313876	0.00176741395
313877	0.000387464055
313878	0.003953602633
313879	0.002433526813
313880	0.002264426574
313881	0.0009729292827
313882	0.003883027873
313883	0.004772171555
313884	0.005015881844
313885	0.002363111698
313886	0.001846448181
313887	0.00384697711
313888	0.0006047548175
313889	0.004184530396
313890	0.00310024265
313891	0.001353133462
313892	0.004275184505
313893	0.001532326245
313894	0.003753797983
313895	0.002807937964
313896	0.0003823476629
313897	0.0002613926907
313898	0.005742830835
313899	4.960344241e-05
313900	0.006965927068
313901	0.002284209489
313902	0.001388797153
313903	0.002869610541
313904	0.0003692078568
313905	0.003102645606
313906	0.005160667362
313907	0.0003772355239
313908	0.002725698774
313909	0.002740486541
313910	0.0004843867797
313911	0.0002489814456
313912	0.00164373275
313913	0.0008386543001
313914	0.002716974811
313915	0.004326439743
313916	0.002531020998
313917	1.538208574e-05
313918	0.003248936659
313919	0.002264013866
313920	0.0002965899008
313921	0.0009215294335
313922	0.00188042859
313923	0.0002083111638
313924	0.0003517591146
313925	0.002270766262
313926	0.0005316922888
313927	0.001351944833
313928	0.005448229564
313929	0.0009274550813
313930	0.003674073593
313931	0.003961478032
313932	0.004917957737
313933	0.002707722916
313934	0.0001920509695
313935	0.001125744378
313936	0.001040085098
313937	0.001108609451
313938	0.001094958847
313939	0.0005681510658
313940	0.002105551406
313941	0.003627782729
313942	0.001229176662
313943	0.0003766060886
313944	0.0008981480184
313945	0.001197555097
313946	0.001411679755
313947	0.003504032935
313948	0.001870171986
313949	0.001363933449
313950	0.005918803475
313951	0.001779202368
313952	0.00110771336
313953	0.004169867445
313954	0.002774254906
313955	0.001927142113
313956	0.003759920924
313957	0.005239858309
313958	0.0009842037905
313959	0.001654867692
313960	0.003706403872
313961	0.003687032248
313962	0.006228136369
313963	0.002648959893
313964	0.002999307784
313965	0.0002261974298
313966	0.005741957867
313967	0.0007887181008
313968	0.001360480056
313969	0.003822930612
313970	0.003710001296
313971	0.004766015813
313972	0.0007184373701
313973	0.00353233363
313974	0.005349688843
313975	0.001229050703
313976	0.003010652335
313977	0.0005085237847
313978	0.002165932221
313979	0.003786030589
313980	0.0001230944347
313981	0.0001189700653
313982	0.003359893141
313983	0.001186083409
313984	0.001755114437
313985	0.00314273438
313986	0.007855066742
313987	0.000274810451
313988	0.0005147124656
313989	0.001046536069
313990	0.003631462981
313991	0.003417921916
313992	0.00575099112
313993	0.0004877504843
313994	1.606273664e-05
313995	0.0005934483167
313996	0.001177588566
313997	0.00147231635
313998	0.001323226489
313999	0.003107194
314000	0.00104674312
314001	0.003119106116
314002	0.0009597144739
314003	0.003574223947
314004	0.001603292093
314005	0.003787390826
314006	0.007064585262
314007	0.002494666291
314008	0.006335162756
314009	0.006446978331
314010	0.001942437952
314011	9.376862868e-05
314012	0.0005000067552
314013	0.001471180807
314014	0.003740569548
314015	0.003028766878
314016	0.002979817479
314017	0.0006264674436
314018	0.001640110396
314019	0.0006401305507
314020	0.000876222754
314021	0.003694470116
314022	0.000909296207
314023	0.0003090720325
314024	0.0004150416199
314025	0.001753271156
314026	0.003050804753
314027	0.0001447606425
314028	0.000963427377
314029	0.0005632903605
314030	0.0001421512068
314031	0.002789039003
314032	0.0001893793586
314033	0.004259707163
314034	0.002364268809
314035	0.001428803916
314036	0.001061553562
314037	0.001947653574
314038	0.001167954303
314039	0.004676873009
314040	0.002515671027
314041	0.006320321743
314042	0.008029064293
314043	0.002831276245
314044	0.001833731948
314045	0.00201412398
314046	0.00100072313
314047	0.002145012336
314048	0.008195180964
314049	0.002976050992
314050	0.003774651024
314051	0.0008976376678
314052	0.001175138226
314053	0.0002074051869
314054	0.0004246295667
314055	0.004296887793
314056	0.005080311505
314057	0.0004327802075
314058	0.0008669670877
314059	0.0008050654543
314060	0.001482952203
314061	0.001353450354
314062	0.001047674623
314063	0.003066722323
314064	0.0006050976629
314065	0.006700164277
314066	0.00514722589
314067	0.0004080530816
314068	0.004807326384
314069	0.003904785842
314070	0.0007472645481
314071	0.001018880246
314072	0.000806846084
314073	0.002726318668
314074	0.001849081569
314075	0.001613421599
314076	0.002528473203
314077	0.0009676794029
314078	0.0008637123414
314079	0.003649572902
314080	0.001865533344
314081	7.186587802e-05
314082	0.003346465356
314083	0.003819434618
314084	0.004880028953
314085	0.004900852995
314086	0.0003913542761
314087	0.004385832923
314088	0.003253415118
314089	0.0001717421169
314090	0.001098190283
314091	0.0002809976433
314092	0.002115002537
314093	0.005464847645
314094	0.002008852477
314095	0.006702255208
314096	0.0009310160753
314097	0.003555643378
314098	0.001321159017
314099	0.0009115155757
314100	0.005068794576
314101	0.0002505224657
314102	0.0006414459629
314103	0.001833602017
314104	0.0007361826634
314105	6.249740474e-05
314106	0.006093407172
314107	0.002584867067
314108	0.001816225351
314109	0.004213616402
314110	0.003002978821
314111	0.0006660474911
314112	0.002680338228
314113	0.000164288244
314114	0.002652302698
314115	4.476723106e-05
314116	0.0003919817312
314117	0.001529200758
314118	0.001269657774
314119	0.001387470519
314120	0.0004916035973
314121	0.0004917755936
314122	0.0003306844181
314123	0.0008086377865
314124	0.00233701669
314125	0.0007416733384
314126	0.000951936613
314127	0.001089245871
314128	0.002803059475
314129	0.0006375128808
314130	0.000945135026
314131	0.001074903815
314132	0.002350781094
314133	0.0009943473498
314134	0.001020063496
314135	0.001345326752
314136	0.001073450774
314137	0.0003903458485
314138	0.0002539262127
314139	0.001127827902
314140	0.0001577050538
314141	0.0007641866875
314142	0.0004666323596
314143	0.001196066806
314144	0.001704777174
314145	0.001233112333
314146	0.001133266244
314147	0.004142013538
314148	6.408526467e-07
314149	0.0009664859646
314150	0.001001132379
314151	0.0002806200542
314152	0.0001373499672
314153	0.0004728015355
314154	0.000554165624
314155	4.896723647e-07
314156	8.238132667e-06
314157	9.4604204e-07
314158	7.597048526e-07
314159	3.455687826e-06
314160	4.430208202e-06
314161	1.264303492e-06
314162	1.228120808e-06
314163	3.64263902e-06
314164	8.014428631e-07
314165	1.576351755e-06
314166	1.102146549e-07
314167	3.66680467e-06
314168	1.026765248e-05
314169	1.399268568e-06
314170	7.314458141e-07
314171	5.61526052e-08
314172	1.069560231e-06
314173	4.073819696e-06
314174	4.876095856e-06
314175	1.356784955e-06
314176	2.536150502e-07
314177	8.08524436e-06
314178	2.713189894e-07
314179	8.224653696e-07
314180	0.0007509271496
314181	0.0004351477142
314182	0.0001333937252
314183	0.0004837619034
314184	0.0005917304876
314185	0.0004473599287
314186	0.000324868532
314187	3.711928277e-05
314188	0.0001358110038
314189	0.0001648746231
314190	0.0006042343187
314191	0.0001433664469
314192	0.0004283561488
314193	0.0001030041416
314194	0.0003561279055
314195	0.0006540358891
314196	5.1469166e-05
314197	0.0007766818632
314198	0.0008769533944
314199	0.001187838638
314200	0.0004977997942
314201	0.0005644597496
314202	0.0007435565571
314203	0.0005152580973
314204	0.0002867345912
314205	9.566186764e-05
314206	0.001131829539
314207	0.000602491101
314208	0.0009393887717
314209	0.0003024093599
314210	0.0005343318324
314211	0.000100649908
314212	0.0004300487786
314213	0.001432714938
314214	0.000154879117
314215	0.0007549931483
314216	0.0005194326461
314217	0.0006918606807
314218	0.0004972023437
314219	0
314220	0.001012724382
314221	0.0001696139023
314222	0.0005284994901
314223	0.0002659214991
314224	0.0009169055379
314225	0.0009646989249
314226	0.0001473293134
314227	2.327626035e-06
314228	1.452234175e-06
314229	1.381520778e-07
314230	0.0009031673531
314231	0.0001721761858
314232	0.0003188915777
314233	0.001039227584
314234	0.0005369237049
314235	9.413021257e-05
314236	0.00059732881
314237	0.0005266007888
314238	0.0001917654935
314239	0.001661308901
314240	0.0003363215055
314241	4.105172423e-05
314242	0.0001698151912
314243	5.001809876e-05
314244	0.0005832259608
314245	0.0001924612847
314246	0.0003982324457
314247	0.0004762483505
314248	0.0003894092275
314249	0.0004161549255
314250	4.800233651e-05
314251	0.001038907808
314252	0.0002134140524
314253	0.0007675768351
314254	8.54229337e-05
314255	9.71011952e-05
314256	0.0002676265039
314257	0.0007401841275
314258	0.001076296311
314259	7.685624153e-05
314260	0.0007266371456
314261	0.0002811521479
314262	9.885548678e-07
314263	1.788301896e-06
314264	0.001013922418
314265	0.0009183408147
314266	0.001075713319
314267	0.0003118325654
314268	0.001978840166
314269	0.0007318587165
314270	0.00166237297
314271	0.0005542606808
314272	0.0007144145724
314273	0.0004644925675
314274	0.00028358092
314275	0.001491636469
314276	0.0003830776459
314277	0.0009266663844
314278	0.000274760228
314279	3.255886665e-05
314280	0.003851631866
314281	0.001947439589
314282	0.001847666159
314283	1.176195375e-05
314284	0.002256293751
314285	0.001506325091
314286	0.003650349442
314287	0.0002686955668
314288	0.0005275200967
314289	0.0001940339768
314290	0.003467885294
314291	0.0005740865855
314292	0.002611269492
314293	0.005266235696
314294	0.0003596479778
314295	6.817548433e-05
314296	0.002913873591
314297	0.0002223339134
314298	0.003756786544
314299	0.003046124707
314300	0.001812793553
314301	0.001115908578
314302	4.78940578e-06
314303	0.001011803003
314304	0.002691397639
314305	0.002349371869
314306	0.0008978787109
314307	0.0009272945051
314308	0.001059602342
314309	0.001758587102
314310	0.0008164722807
314311	0.001216736442
314312	0.0004276935779
314313	0.003989907262
314314	0.0007040725916
314315	3.161272203e-05
314316	0.002037746383
314317	0.002119380671
314318	0.002392022649
314319	0.001098941357
314320	0.001319780657
314321	0.001088511116
314322	3.79034575e-05
314323	0.001086665399
314324	0.00123081785
314325	0.001042719865
314326	0.003367787754
314327	0.002013534913
314328	0.001308176787
314329	0.001101904589
314330	0.001606203273
314331	0.001514754385
314332	0.0008044381886
314333	0.0002661058751
314334	0.00174208615
314335	0.0006836669987
314336	0.001922714954
314337	0.0003212739016
314338	0.0008256510001
314339	0.0006007448498
314340	7.580644863e-05
314341	0.00245836403
314342	0.0007105719779
314343	0.002062376121
314344	0.002430144407
314345	0.0001599991081
314346	0.002082151336
314347	0.000158020833
314348	0.0005622603479
314349	0.0002416277608
314350	0.001841295662
314351	0.0009187944714
314352	0.0004426715061
314353	0.001861122098
314354	0.001352092281
314355	0.0007616870605
314356	0.0007154621086
314357	0.002099991859
314358	0.001057939324
314359	0.0009097690166
314360	0.00104076058
314361	6.137674495e-05
314362	0.002799401544
314363	0.003351026325
314364	0.001548366612
314365	0.002280991615
314366	0.002226719632
314367	0.001638548866
314368	0.002085240617
314369	0.002084555164
314370	0.001844926217
314371	0.0002103472523
314372	0.001057344724
314373	0.002016146192
314374	0.001331663277
314375	0.001726258872
314376	0.003474568722
314377	0.003782321093
314378	0.002475335316
314379	0.0009222867183
314380	0.0006281254988
314381	0.002466982413
314382	0.001052671079
314383	0.0003322959553
314384	0.005186784937
314385	0.001129681386
314386	0.001159191569
314387	2.114321029e-05
314388	0.0003218684483
314389	0.0002132997509
314390	0.001267534866
314391	0.0005499569576
314392	0.000801194604
314393	0.002754496016
314394	0.002275411198
314395	0.004916504867
314396	0.000336561809
314397	0.002321627898
314398	0.0002411284355
314399	0.0002014201764
314400	0.005529543533
314401	6.030283153e-05
314402	0.0004139275674
314403	0.003805426175
314404	0.0007049810962
314405	0.00135978843
314406	0.002796156485
314407	0.0003889371093
314408	0.0001537262541
314409	0.001413229431
314410	0.0003403469398
314411	0.001227681193
314412	0.001377279693
314413	3.378729104e-05
314414	0.0004832412667
314415	0.002565334168
314416	0.001067178618
314417	0.00277875521
314418	0.002100175813
314419	0.0001697254951
314420	0.0001206043465
314421	0.000433380004
314422	0.0002277525954
314423	0.0008120131368
314424	0.0002365277049
314425	0.003745496551
314426	0.003892616034
314427	0.003015864055
314428	0.004235148507
314429	0.001640564672
314430	0.0009397810715
314431	0.003856520799
314432	0.0041112086
314433	7.023207845e-05
314434	0.001385336093
314435	3.774768977e-05
314436	0.000807767994
314437	0.001925021463
314438	0.0005076646017
314439	0.0002124191882
314440	0.001038541297
314441	0.0008649620161
314442	0.002461873814
314443	0.002325404855
314444	0.004024926457
314445	0.0005978910138
314446	0.0005422986044
314447	2.426765398e-05
314448	0.0001027100696
314449	9.13083722e-05
314450	0.0006867582048
314451	0.0006061391236
314452	0.0001315913328
314453	0.0004562221864
314454	0.0008472664077
314455	0.003639944188
314456	2.113555774e-05
314457	0.0007877388052
314458	0.001576270928
314459	0.0005186022514
314460	0.001895458991
314461	0.0001825145143
314462	0.00191759118
314463	0.0003928158755
314464	0.000320369417
314465	0.00043413372
314466	0.001371365688
314467	0.001628051251
314468	0.0005811144364
314469	0.0007633218559
314470	0.0006334458907
314471	0.0004846544706
314472	0.0001781609018
314473	0.0001927129532
314474	0.0001761581719
314475	0.005961319898
314476	0.000518846821
314477	0.0008230066009
314478	0.002605928011
314479	0.0002335640252
314480	0.0004785017185
314481	0.0002125737148
314482	0.001133035126
314483	0.0003552664805
314484	0.0007096959006
314485	0.0003209041799
314486	0.0007442875661
314487	0.0002506640156
314488	0.0001821028155
314489	0.0001388224057
314490	0.0003292546597
314491	0.0001485838402
314492	0.0003443502201
314493	0.0004605823643
314494	0.0003315358115
314495	0.000569189868
314496	0.0005355209719
314497	0.0002465483221
314498	0.0003460912759
314499	0.000201417964
314500	0.0004254020952
314501	0.0004879304356
314502	0.0001864879412
314503	0.0006245501679
314504	0.0009405080902
314505	0.0002150800617
314506	0.0002054579949
314507	0.0007966651716
314508	0.0002357638868
314509	0.0004204923317
314510	7.388608591e-05
314511	0.0001411875816
314512	7.661736271e-05
314513	0.002285114313
314514	0.0010310409
314515	0.0005307325655
314516	0.0006023815311
314517	0.0008844268116
314518	0.0001558154336
314519	0.001058108924
314520	0.0001705137723
314521	0.003465675295
314522	0.0006573715704
314523	0.0006441206692
314524	0.002862367583
314525	0.00349758518
314526	0.0003319461653
314527	0.0004566177147
314528	0.0006608872394
314529	0.0007446233836
314530	0.001046457799
314531	0.001952929249
314532	6.600266202e-05
314533	0.0003744803717
314534	0.0006316768552
314535	0.0003537644845
314536	0.0001454681005
314537	7.303617988e-06
314538	0.0009798846026
314539	0.001116567232
314540	0.0006219356047
314541	0.0001684830009
314542	0.0009803730176
314543	0.0003802747793
314544	0.0004424673294
314545	0.0002683220316
314546	0.0003415488781
314547	0.0004240015716
314548	0.0003142829303
314549	0.001099454819
314550	0.0003524362394
314551	0.001595870983
314552	0.0004322589007
314553	0.0003363249431
314554	0.0001407782502
314555	0.0007959736772
314556	0.0009442770532
314557	0.0002596035135
314558	7.80267182e-05
314559	0.0001560938589
314560	0.00335846965
314561	0.0005331474853
314562	6.961001978e-06
314563	0.001066601495
314564	6.580951592e-06
314565	3.681603309e-05
314566	0.0008582244277
314567	0.0001957877297
314568	0.0004277417994
314569	2.898806193e-05
314570	0.0005929867395
314571	2.787329217e-05
314572	2.823695929e-05
314573	0.0002604496793
314574	0.001381109656
314575	0.002022640152
314576	0.0004893465763
314577	0.001386340966
314578	0.001011787625
314579	0.008533725412
314580	0.002959851485
314581	0.001043036998
314582	0.0006936706669
314583	0.000663720893
314584	0.000988586095
314585	0.000599741795
314586	0.0006423265789
314587	0.0002515879362
314588	0.000238357058
314589	0.0001537424927
314590	0.0002185242832
314591	0.001171983029
314592	0.0003385958804
314593	0.001016872329
314594	0.007486763958
314595	0.00467801799
314596	0.002139077235
314597	0.0008622577258
314598	0.004590815473
314599	8.319950187e-05
314600	0.003528561924
314601	0.001236795542
314602	0.002472999746
314603	0.001875004246
314604	0.0005131170266
314605	0.006172389077
314606	0.002923979083
314607	0.004889698527
314608	0.0001703041353
314609	9.996123255e-05
314610	0.002204602606
314611	5.796803218e-05
314612	0.0006335546779
314613	0.0002560960061
314614	0.004101464749
314615	0.001157931131
314616	0.0007907342887
314617	0.0007693534615
314618	0.0004256379613
314619	0.00131874121
314620	0.004532899461
314621	0.002745025151
314622	0.003600139978
314623	0.0001240252883
314624	0.005417433567
314625	0.0001493591765
314626	0.003356152629
314627	0.002481176844
314628	0.001114108355
314629	0.000788212967
314630	0.002460147729
314631	0.003833858315
314632	0.00040014775
314633	0.001448873681
314634	0.00439102887
314635	0.00251580054
314636	0.0009680214046
314637	0.0005073838542
314638	0.0002847920372
314639	0.001346693073
314640	0.0002824023776
314641	0.001322676116
314642	0.0004728254373
314643	0.000506186717
314644	0.0001659645707
314645	0.0002868470222
314646	0.0001623803418
314647	0.001033206059
314648	0.00356262671
314649	0.00502344785
314650	0.0003976862559
314651	0.004066441117
314652	0.0004422505339
314653	0.0003992779006
314654	0.0003187613483
314655	0.0003172758671
314656	0.0003836212155
314657	8.629929189e-05
314658	9.463676841e-06
314659	0.0003710179058
314660	0.0001804102807
314661	0.000653841905
314662	0.0009283182354
314663	3.662415154e-05
314664	0.0008667571634
314665	0.0002003585463
314666	0.0003707360501
314667	9.894713944e-05
314668	0.0001994741743
314669	0.0006834052253
314670	3.201878382e-05
314671	0.0001668652285
314672	0.004724538719
314673	0.001612656471
314674	0.0006635490019
314675	0.0009541951639
314676	0.0003064639061
314677	0.000430734918
314678	0.00104198877
314679	0.0001197860607
314680	0.002815473827
314681	0.0007721222698
314682	0.001967345652
314683	0.001748763252
314684	0.0007719192686
314685	0.001166323329
314686	0.002178039114
314687	0.004942896253
314688	0.002294100763
314689	0
314690	0.004083871357
314691	0.00419747996
314692	0.0004893147422
314693	0.0006266186779
314694	0.0005641234971
314695	0.0005974236202
314696	0.0001180569275
314697	0.0007100211529
314698	0.0004624776128
314699	0.0005614305462
314700	0.00131851968
314701	0.001694710876
314702	0.005812539738
314703	0.0008075189536
314704	0.00211937777
314705	0.002833973495
314706	0.001440442343
314707	0.001458438976
314708	0.001313109125
314709	0.000519087997
314710	0.00114013614
314711	0.0001141148724
314712	0.001178201137
314713	0.001936799962
314714	0.002744489044
314715	0.0009650560095
314716	0.002245211073
314717	0.001774048923
314718	9.408434341e-05
314719	0.0006324944134
314720	0.001193103596
314721	0.001673447561
314722	0.001601586129
314723	0.001318158084
314724	0.0001950026665
314725	6.869573208e-05
314726	0.0008214323782
314727	0.0002816352479
314728	5.316839714e-05
314729	8.929211704e-06
314730	4.710224856e-05
314731	3.126464086e-05
314732	1.958035092e-05
314733	0.0002633310892
314734	0.0007362796248
314735	1.76046158e-05
314736	1.839732661e-05
314737	3.060175297e-05
314738	2.720999962e-05
314739	1.610384969e-05
314740	2.108417503e-05
314741	0.000388920026
314742	7.920207439e-05
314743	0.0002439781509
314744	4.871438566e-05
314745	4.323446457e-05
314746	7.058311041e-06
314747	7.97502658e-05
314748	1.745806154e-05
314749	8.211957121e-07
314750	0.0001164476394
314751	1.003880611e-05
314752	0.000168523369
314753	9.272589269e-05
314754	0.0005902750718
314755	4.955459836e-05
314756	0.0002272090603
314757	0.0004466453019
314758	0.0001470227545
314759	5.879544437e-05
314760	0.0003645632359
314761	3.217299576e-06
314762	0.003459550688
314763	0.001657590219
314764	0.001175343098
314765	0.0007290043198
314766	0.0006529236452
314767	0.003146021882
314768	0.005083885876
314769	0.001323751279
314770	0.001696995454
314771	0.0009273644801
314772	0.0006431867828
314773	0.0006513028372
314774	1.001135571e-05
314775	4.059774505e-05
314776	0.001063426768
314777	3.498423673e-06
314778	5.701322615e-05
314779	5.304693416e-05
314780	0.0001407381455
314781	0.0009412255189
314782	1.924622508e-05
314783	8.693894969e-05
314784	0.0005021302405
314785	0.001148209072
314786	1.243257849e-05
314787	0.0002456071401
314788	9.78588338e-05
314789	3.127786552e-05
314790	6.940710922e-05
314791	2.224776681e-05
314792	4.042347809e-05
314793	8.752267381e-05
314794	0.0001453087774
314795	1.525379211e-05
314796	3.239747436e-06
314797	9.704390038e-05
314798	0.0003977319462
314799	0.0008959250431
314800	0.0003279833995
314801	0.001250694539
314802	0.001354947172
314803	0.001390677078
314804	0.0002383854429
314805	0.001432323514
314806	0.001717275869
314807	0.0002799740832
314808	0.002058575681
314809	0.001044842761
314810	0.0009712133646
314811	0.001818453549
314812	0.0005084279243
314813	0.001527419328
314814	0.002203103336
314815	0.002303268525
314816	0.0002944469761
314817	0.002003498691
314818	0.001865169469
314819	9.580087271e-05
314820	0.00153231036
314821	0.0003168225491
314822	0.0009454061502
314823	0.00109210701
314824	0.001319051003
314825	0.001847230166
314826	8.347825679e-05
314827	0.002289697188
314828	0.0003890128621
314829	0.0004779392324
314830	0.0005926294708
314831	0.0003942408311
314832	0.001171503229
314833	0.001776383243
314834	0.002799616305
314835	0.0003770247529
314836	0.001788619457
314837	0.001786821203
314838	0.002136181517
314839	0.0002909595535
314840	0.001057431275
314841	0.0009334695935
314842	0.0005325250744
314843	0.004563137541
314844	0.002329650543
314845	0.0004890930981
314846	0.000747952427
314847	0.0004168871901
314848	0.001751015384
314849	0.001362768056
314850	0.003353580892
314851	0.00202565183
314852	0.0001459845375
314853	0.0006556555921
314854	0.002623965992
314855	0.0001311728134
314856	0.001023234239
314857	0.0007092927553
314858	0.001614862661
314859	0.001658195377
314860	0.001440806595
314861	0.001602254117
314862	7.079111888e-06
314863	0.0003053611911
314864	0.001397919634
314865	0.004979654621
314866	0.002355084784
314867	0.000974319053
314868	0.002944770071
314869	0.003749542652
314870	0.003634376182
314871	0.001200433618
314872	0.003322525009
314873	0.003345082274
314874	0.001883716398
314875	0.001860236977
314876	0.0001076373867
314877	0.001525804256
314878	0.004255465995
314879	0.0001023907522
314880	0.002901129916
314881	0.0006079849581
314882	0.0002964014256
314883	0.002042816346
314884	0.001143481371
314885	0.001099431675
314886	0.003089709891
314887	0.0004602080594
314888	0.001057147004
314889	0.003878783373
314890	0.0008452927875
314891	0.001221129995
314892	0.0007040754566
314893	0.001385697367
314894	0.002433511416
314895	0.0003118424642
314896	0.004409864591
314897	0.0004623847892
314898	0.00129534941
314899	0.001789384432
314900	0.001936986724
314901	0.0003413280111
314902	9.472494878e-06
314903	0.0009949201923
314904	0.001456309955
314905	0.003897011434
314906	0.0004477072726
314907	0.001663209594
314908	0.004567684713
314909	0.002674415488
314910	0.001526301158
314911	0.004393848121
314912	0.004822253818
314913	0.0008621685608
314914	0.0007644988676
314915	0.001429832133
314916	0.00231472371
314917	0.003672639574
314918	0.0008855704008
314919	0.002172068892
314920	0.002652116186
314921	0.0004378195451
314922	0.0003110923974
314923	0.001107266448
314924	0.001324559536
314925	0.0009176308192
314926	0.001794981672
314927	0.001595364584
314928	0.003993518557
314929	0.002063864754
314930	0.001925927907
314931	0.001772663305
314932	0.0003149091561
314933	0.0007528911707
314934	0.001003928167
314935	0.003229562501
314936	0.000462611505
314937	0.002363279325
314938	0.003249407622
314939	0.000733387107
314940	7.256011088e-05
314941	0.001259172319
314942	0.000362874686
314943	0.002553382848
314944	0.002691289179
314945	0.0004827205072
314946	0.001475735915
314947	0.002346608838
314948	0.0009535201954
314949	0.001476650776
314950	0.00139627819
314951	0.0006418856938
314952	0.0007651949372
314953	0.001031983724
314954	0.0007036900161
314955	0.0009518087277
314956	0.001930815739
314957	0.001731272549
314958	0.0004564219768
314959	0.001566973639
314960	0.0002156265834
314961	0.002185113116
314962	0.002435636168
314963	0.001785556432
314964	0.001230891597
314965	0.0001949311063
314966	0.001114167974
314967	0.0001095277624
314968	0.002131671552
314969	0.001191404244
314970	0.000895408999
314971	0.002404403169
314972	0.00102139568
314973	0.000179353837
314974	0.001136040549
314975	0.0004872706435
314976	0.0002716716313
314977	0.0005924407983
314978	0.0003027636635
314979	0.001073218364
314980	0.0002680069018
314981	0.0001922283767
314982	0.001402805748
314983	0.0009441801021
314984	0.001481527338
314985	0.0003549206189
314986	0.003236335316
314987	0.0007774519018
314988	0.001143812883
314989	0.001850003628
314990	0.0007706958188
314991	0.001240819521
314992	0.004463632922
314993	0.0005790899985
314994	3.658503835e-05
314995	0.001993664224
314996	0.0001058777026
314997	0.0006035479369
314998	0.002752324153
314999	0.0003012334099
315000	0.0003099844249
315001	0.0003686980067
315002	0.001077854107
315003	0.001288751673
315004	0.003672151447
315005	0.001769366433
315006	0.001431569577
315007	0.0009430888453
315008	0.001382588125
315009	0.0005695547723
315010	0.002005154162
315011	0.0004568218744
315012	0.0004659307267
315013	0.002109907517
315014	0.0003909468289
315015	0.0009735056378
315016	0.004041928675
315017	7.768110759e-05
315018	0.004317163772
315019	0.0001689169643
315020	0.0005502767447
315021	0.005995926171
315022	0.004851336748
315023	0.001924311332
315024	0.003276341511
315025	0.0002392306591
315026	0.0007980040088
315027	0.001229000846
315028	0.0051676505
315029	0.0001943812103
315030	0.002655319142
315031	0.002390605845
315032	0.0005833272257
315033	0.00125420894
315034	1.396329506e-05
315035	0.001232548323
315036	0.0002246775849
315037	0.0001351303368
315038	0.001555986485
315039	0.001042349917
315040	0.002603523111
315041	0.000961174444
315042	0.0007386678305
315043	0.0004049992138
315044	0.001479658982
315045	0.0002565282223
315046	5.236493438e-05
315047	8.318373767e-05
315048	0.001314103802
315049	0.001338610869
315050	0.0004039490532
315051	0.0006377853232
315052	0.0006784639781
315053	0.0007793871556
315054	0.006962785016
315055	0.0006669297474
315056	0.0003905921043
315057	0.0005242484027
315058	0.0007528537064
315059	0.0002621523658
315060	0.0007596536193
315061	0.0007671502496
315062	0.0005673649469
315063	0.0005901191151
315064	0.00116143927
315065	0.0005988630101
315066	0.0006489771854
315067	0.0006716068128
315068	0.0008489316021
315069	0.0008812617174
315070	0.0003045781213
315071	0.001054652756
315072	0.0005763251987
315073	0.0004658393797
315074	0.0005076271131
315075	0.001195623373
315076	0.001911942642
315077	0.0004199679867
315078	0.0007397007988
315079	0.0007245065449
315080	0.0002243759963
315081	0.000782738922
315082	0.002491832906
315083	0.0001193181737
315084	0.005894663213
315085	0.0003009567451
315086	0.000297992629
315087	0.00290535397
315088	0.002041238499
315089	0.001171419302
315090	0.00194323515
315091	0.002036804099
315092	0.002309527252
315093	0.002301158647
315094	0.002146516156
315095	0.002129442051
315096	0.002135469851
315097	0.001986383802
315098	0.002116689896
315099	0.002358116497
315100	0.002318104176
315101	0.002178028117
315102	0.00205438532
315103	0.001955218594
315104	0.001402756398
315105	0.002190556487
315106	0.003764414182
315107	0.002044171364
315108	0.001549928265
315109	0.001786115676
315110	0.002224684967
315111	0.002282897887
315112	0.001842919653
315113	0.002151749337
315114	0.001890642483
315115	0.002203048921
315116	0.002955692904
315117	0.002001397116
315118	0.001623510469
315119	0.001610864372
315120	0.002312173877
315121	0.002469248942
315122	3.199424384e-05
315123	0.00174155756
315124	0.001821360491
315125	0.002244770701
315126	0.002070352125
315127	0.00355425373
315128	0.002058262725
315129	0.003990639801
315130	0.003474206478
315131	0.0002322480917
315132	0.0002048675887
315133	0.004227778263
315134	0.0003669645724
315135	0.0003601454531
315136	0.00251460831
315137	0.001098230042
315138	0.0009913405707
315139	0.002759400283
315140	0.002422904641
315141	0.0006890190898
315142	0.002907375787
315143	0.003398472738
315144	0.0001100381156
315145	0.005199013574
315146	0.002829609428
315147	0.0002849653325
315148	0.002866735657
315149	0.005819152914
315150	0.006323267635
315151	0.001110062525
315152	0.00179554009
315153	0.002159376523
315154	0.002338234556
315155	0.001026821878
315156	0.000749361228
315157	0.0009625027623
315158	0.0002142567238
315159	0.003734639503
315160	0.003801553688
315161	0.002802851737
315162	0.001126193657
315163	0.001893948437
315164	0.001065217811
315165	0.001761586476
315166	0.0007404549099
315167	0.001453520221
315168	0.001115053957
315169	0.002510318069
315170	0.004920759132
315171	0.003257206731
315172	0.002711442017
315173	0.0005157794035
315174	0.002196055177
315175	0.0002344573077
315176	0.00214015139
315177	0.0005925603667
315178	0.002828096951
315179	0.001134700511
315180	0.0009245224288
315181	0.0002826851222
315182	0.002286776893
315183	2.280422662e-05
315184	0.001432422185
315185	0.000721887772
315186	0.0004208804106
315187	0.0008088345157
315188	0.0002124361649
315189	0.0002908721687
315190	0.0003355607536
315191	0.004678675053
315192	0.002107516495
315193	0.001259499556
315194	0.00167689372
315195	0.0006503913932
315196	0.000953023433
315197	0.0007526221146
315198	0.001307848255
315199	0.004324987221
315200	0.0003117369207
315201	0.0004964337251
315202	0.0007160110814
315203	0.0005610472235
315204	0.0003336056353
315205	0.0002490449324
315206	0.0005152757748
315207	0.0008205713103
315208	0.0002596764407
315209	0.001451245454
315210	0.0009580232653
315211	0.001072283324
315212	0.002476706385
315213	0.000215024728
315214	0.0009605961755
315215	0.0001841767028
315216	0.00384619832
315217	0.002352639217
315218	0.001310536354
315219	0.0001210154721
315220	0.0002412833505
315221	0.0001598070172
315222	0.000265223969
315223	0.0002802148382
315224	0.0005829758681
315225	0.001083009614
315226	0.0003294923352
315227	0.0002474773154
315228	0.001907252164
315229	0.0001177630724
315230	0.0004041064174
315231	0.001690161631
315232	0.002513665014
315233	0.002420933552
315234	0.0003108618746
315235	0.0002453550183
315236	0.0002665987852
315237	0.0005297784668
315238	0.000933089792
315239	0.001185035667
315240	0.001179635848
315241	0.001016483677
315242	0.0004995081047
315243	0.0005271082596
315244	0.001303083118
315245	0.0008378929743
315246	0.0002160729418
315247	0.005197218601
315248	0.0008035318954
315249	0.00175982359
315250	0.001600389752
315251	0.0006128631468
315252	0.000983159361
315253	0.001530882697
315254	0.0001630790151
315255	0.0001700302075
315256	0.001642944091
315257	0
315258	0.003338942376
315259	0.00147439668
315260	0.0001703803837
315261	0.001624824214
315262	0.001934772497
315263	0.0002480869771
315264	0.0002744543924
315265	0.0001576082103
315266	0.001146235934
315267	0.002729008805
315268	0.0004731746124
315269	0.0003770348696
315270	0.001313514202
315271	0.005003094359
315272	0.0007536171868
315273	0.0007501735968
315274	0.002774003601
315275	0.001276074566
315276	0.002196033622
315277	0.001219151003
315278	0.0005117325935
315279	0.001276839107
315280	0.001226949992
315281	0.0005026530086
315282	0.0005980894564
315283	0.003322248964
315284	0.001036316178
315285	0.0005149805401
315286	0.003709175706
315287	0.0001781832933
315288	0.0003882023767
315289	0.0004288337996
315290	0.0003222584564
315291	0.0007126861644
315292	0.0007979089341
315293	0
315294	0.001681413852
315295	0.0004908740318
315296	0.0004449403816
315297	0.002370524002
315298	0.001649558874
315299	0.001125582151
315300	0.0005138559551
315301	0.0007496143037
315302	0.0008430723004
315303	0.001324001372
315304	0.001950564337
315305	0.0003872423962
315306	0.00535395932
315307	0.001750962428
315308	0.0007492345852
315309	6.733268234e-05
315310	0.001937976722
315311	0.0007548660317
315312	0.001027474714
315313	0.0002607899894
315314	0.0005269854096
315315	0.001772249342
315316	0.001817732482
315317	0.001162891798
315318	0.0002197916864
315319	0.001181629146
315320	0.0006474023934
315321	0.00175558289
315322	0.0005094910976
315323	0.0008389244897
315324	0.0006681136323
315325	0.001909620654
315326	0.001362495958
315327	0.001607081567
315328	0.001243078975
315329	0.0001693489055
315330	0.0002356134174
315331	0.0006710322552
315332	0.0005142569656
315333	0.0007201229887
315334	0.002129765581
315335	0.000794028472
315336	0.001123223926
315337	0.001554141385
315338	0.002069223054
315339	0.001605479007
315340	0.002653574432
315341	0.002790624225
315342	0.001560152621
315343	0.001117618727
315344	0.000274748277
315345	0.001646802871
315346	0.002288677803
315347	0.002957972491
315348	0.0007576721457
315349	0.0002006660984
315350	0.0001416246438
315351	0.001854996484
315352	0.002445280861
315353	0.0005063395882
315354	0.00159355713
315355	0.001524515153
315356	0.00101081837
315357	0.001313020336
315358	0.0001531742293
315359	0.001836338494
315360	0.0001660422231
315361	0.0009463322391
315362	0.001275744805
315363	0.001081829287
315364	0.0009432249397
315365	0.0004797990568
315366	0.001416862174
315367	0.0009748621222
315368	0.001950337908
315369	0.001605322437
315370	0.001714283259
315371	0.00216165836
315372	0.002134356455
315373	0.001283797509
315374	0.0005071810565
315375	0.001143088763
315376	0.001299099257
315377	0.002496758254
315378	0.0001029753799
315379	0.001178825053
315380	0.0009326135331
315381	0.001217761587
315382	0.002645165031
315383	0.0007631553407
315384	0.0006416903681
315385	0.001354850346
315386	0.001605945655
315387	0.001187210581
315388	0.0001571665529
315389	0.0005164013738
315390	0.001926440312
315391	0.003153806817
315392	0.002271552848
315393	0.0009825859068
315394	0.002508170371
315395	0.001334412701
315396	0.001818335136
315397	0.0004080079453
315398	0.0002248153888
315399	0.0008039872129
315400	0.002144862199
315401	0.0009257130575
315402	0.002685341774
315403	0.001406223682
315404	0.002087418973
315405	0.001096241969
315406	0.0001420932254
315407	0.0007421322504
315408	0.0009323234703
315409	0.001271607962
315410	0.001338029772
315411	0.002198541258
315412	0.003620253149
315413	0.001703457122
315414	0.0002855126677
315415	0.00154578525
315416	0.005453461421
315417	0.004445725605
315418	0.001021472488
315419	0.007154796673
315420	0.0005150375153
315421	0.0001589698133
315422	0.0001522535791
315423	0.005487541895
315424	0.005722826665
315425	0.000247724844
315426	0.005118943085
315427	0.00515799991
315428	0.005709219735
315429	0.001820486129
315430	0.0001730047976
315431	0.00028828474
315432	1.380639044e-05
315433	0.004648919221
315434	0.002535545485
315435	0.003113382932
315436	0.004744810893
315437	0.0006950682686
315438	0.003825073048
315439	0.004565067263
315440	0.003109166658
315441	0.0006571867851
315442	0.005306755119
315443	0.001712922916
315444	0.001237354922
315445	0.004622885754
315446	0.005216034249
315447	0.005979154234
315448	0.001180240281
315449	0.0003369181953
315450	0.001468477619
315451	0.0004489144157
315452	0.00398458644
315453	0.003252528015
315454	0.002584318317
315455	0.001870700392
315456	0.004098708071
315457	0.005617212875
315458	0.001356386492
315459	0.0009672068706
315460	0.002695396252
315461	0.006867872425
315462	0.005796853554
315463	0.00378274071
315464	0.001507273722
315465	0.005737455571
315466	0.00579840132
315467	0.002611072256
315468	0.005340271565
315469	0.00083296247
315470	0.0007866736708
315471	0.0003130317872
315472	0.005636368835
315473	0.001483471216
315474	0.0007173240668
315475	0.003417098348
315476	0.004149295562
315477	0.0008137951723
315478	0.003598898311
315479	0.005132074918
315480	0.007132944363
315481	0.001347603158
315482	0.002185252058
315483	1.135470129e-05
315484	0.001048681671
315485	0.002316720468
315486	0.004803619851
315487	0
315488	0.003158897521
315489	0.003587739969
315490	0.002362715794
315491	0.001042644268
315492	0.002988116136
315493	0.0006932899501
315494	0.001680950795
315495	0.005442395904
315496	0.001891762094
315497	0.005095954365
315498	0.004816054074
315499	0.002015486822
315500	3.770553652e-05
315501	0.002673017191
315502	0.007730474024
315503	0.0002791113954
315504	0.002463852521
315505	0.002816976774
315506	0.0001779408708
315507	0.006700007611
315508	0.004556631645
315509	0.006287274039
315510	0.0006239518245
315511	0.003086379782
315512	0.007871861609
315513	0.004664946714
315514	0.009696606315
315515	0.0003319561212
315516	0.002834449284
315517	0.0003470743692
315518	0.003968815046
315519	0.00455616671
315520	0.004684617538
315521	0.003150444618
315522	0.002006800853
315523	0.0005248190969
315524	0.002421662284
315525	0.002055083139
315526	0.0003394864917
315527	0.004870729413
315528	0.005186560958
315529	0.001493382872
315530	0.001534207576
315531	0.003305034192
315532	0.001577068731
315533	0.005384108369
315534	0.001703833219
315535	0.001174687101
315536	1.029892688e-05
315537	0.0046795105
315538	0.005835218811
315539	0.0003492055024
315540	0.0006795326015
315541	0.004353456483
315542	0.001950532276
315543	0.002682245358
315544	0.0006054218496
315545	0.0005436375591
315546	0.006203636564
315547	0.004265925109
315548	0.003146950596
315549	0.0007087281585
315550	0.004240877179
315551	0.004586017858
315552	0.000660405567
315553	0.007236388205
315554	0.007025177072
315555	0.0011690389
315556	0.005337044627
315557	0.001764939451
315558	0.005124351354
315559	0.00379301615
315560	0.000371759123
315561	0.000878802952
315562	0.001989715138
315563	0.0004967533787
315564	0
315565	0.0001462588198
315566	0.001019788059
315567	0.003693788959
315568	0.0006469233978
315569	0.0021171956
315570	0.0004073891349
315571	0.0006564971634
315572	0.0008442981847
315573	0.003236998087
315574	0.0003144804478
315575	0.0008502260503
315576	0.001155999758
315577	0.005406341866
315578	0.0009151058801
315579	0.004343320385
315580	0.002893301435
315581	0.004338835996
315582	0.0009652702188
315583	0.0003120001584
315584	0.002422858093
315585	0.003309703057
315586	0.00386692759
315587	0.002373223944
315588	0.001028526745
315589	0.001797983865
315590	0.001770562619
315591	0.002326862166
315592	0.003043446867
315593	7.934624245e-05
315594	0.001160929658
315595	0.001592389323
315596	0.0007174224456
315597	0.004354539882
315598	0.001396941643
315599	0.005576318485
315600	0.004109072725
315601	0.004242488868
315602	0.004985661758
315603	0.001666408958
315604	0.001894545641
315605	0.001196849416
315606	0.005267271239
315607	0.00372018601
315608	0.00286679371
315609	0.0001768662866
315610	6.177056025e-06
315611	0.001200656444
315612	0.000677027335
315613	0.001174717717
315614	0.0001689394965
315615	0.001212417712
315616	0.001869859264
315617	0.000174439747
315618	0.003386846943
315619	0.0006917288671
315620	0.002562316661
315621	0.00050613807
315622	0.002707799798
315623	0.003216450164
315624	0.003052566435
315625	0.003028378746
315626	0.002544249961
315627	0.002896009696
315628	0.002041122628
315629	0.002710355414
315630	0.001372647681
315631	0.002198260482
315632	0.004737746071
315633	0.001860081742
315634	0.0003374609014
315635	0.003898874272
315636	0.001868053437
315637	0.0006658055132
315638	0.002043579084
315639	0.003564916298
315640	0.001373623647
315641	0.001872294738
315642	0.001025147957
315643	0.005582665142
315644	0.002202950818
315645	0.001860900142
315646	0.003547785261
315647	0.001345382057
315648	0.002869124175
315649	0.004245634164
315650	0.002373496941
315651	0.004385901626
315652	0.001873931474
315653	0
315654	0.0008404961167
315655	0.0009997138278
315656	0.001689456909
315657	0.001011364192
315658	0.002196923425
315659	0.003555291078
315660	0.003384758947
315661	0.002715896382
315662	0.0001868983342
315663	0.001019496692
315664	0.00118311229
315665	0.0001636722035
315666	0.002720274019
315667	0.002031741773
315668	0.003215282584
315669	0.0003359005526
315670	0.002869957537
315671	0.003053770315
315672	0.003206729118
315673	0.0003332558077
315674	0.002723035542
315675	0.0003325663689
315676	0.0006783149262
315677	0.001191619178
315678	0.002183760086
315679	0.001687739974
315680	0.00119600124
315681	0.0005070002293
315682	0.0001727931497
315683	0.002719222676
315684	0.0001636390214
315685	0.00118976589
315686	0.001347561658
315687	0.0008512265041
315688	0.00306145155
315689	7.337410355e-07
315690	0.004384614263
315691	0.0003487482286
315692	0.0006803441492
315693	0.002051857484
315694	0.002863832857
315695	0.003559006323
315696	0.000148233908
315697	0.0003416657696
315698	0.0001671177805
315699	0.0003502732845
315700	0.001177107412
315701	0.0005063046882
315702	0.0001669263296
315703	0.001011504234
315704	0.0003446972042
315705	0.0006776545488
315706	0.0006765467185
315707	1.842027682e-08
315708	0.0005034065421
315709	0.0006696421681
315710	2.71187412e-07
315711	2.589072274e-07
315712	0.001171267731
315713	0.0006820457388
315714	0.001533001146
315715	0.0001579444004
315716	0.000346276056
315717	0.0006768570233
315718	0.00132997255
315719	0.0008449926749
315720	0.00397550468
315721	0.0006735557274
315722	0.0008488910555
315723	0.001013248215
315724	0.001007137957
315725	0.0005132984137
315726	0.0008491714535
315727	0.001362811424
315728	0.0005084503809
315729	0.0005104736912
315730	1.010010651e-05
315731	0.0005016378818
315732	1.116661374e-06
315733	0.0005032425825
315734	0.0006370731025
315735	3.438451714e-07
315736	7.000400761e-06
315737	0.000848132754
315738	0.0003355788388
315739	0.00134695373
315740	0.0001691806128
315741	0.0008428931376
315742	0.0003226481596
315743	0.0006858384721
315744	0.0001690545575
315745	0.003428576948
315746	0.001399683675
315747	0.001156624962
315748	5.015568707e-05
315749	0.002739304435
315750	0.001821297183
315751	0.005346922111
315752	0.001284062215
315753	0.003276555198
315754	0.002403458961
315755	0.001120020947
315756	0.00304534847
315757	0.002577780086
315758	0.0003335134768
315759	0.0009422408603
315760	0.003606884703
315761	0.003542930142
315762	0.005763818191
315763	0.001048596417
315764	0.001818770409
315765	0.00221353074
315766	0.0008665386168
315767	0.004320251419
315768	0.0008020095836
315769	0.003319390784
315770	0.0002177096784
315771	0.002015559889
315772	0.002860427536
315773	0.0006263973086
315774	0.0008880414011
315775	0.0007836015659
315776	0.002358036999
315777	0.001583863185
315778	0.004720026681
315779	2.524536627e-05
315780	0.0005682871206
315781	0.002077040624
315782	0.00122346873
315783	0.0008263409711
315784	0.004371621772
315785	0.001991705637
315786	0.002182164332
315787	0.001681634564
315788	0.001479789314
315789	0.0009999029845
315790	0.0008020095836
315791	0.002365249218
315792	0.001229858518
315793	0.004317728754
315794	0.006815610949
315795	0.0006038943378
315796	0.0001279406095
315797	0.001392678759
315798	0.003193200666
315799	0.005827706556
315800	0.001412185204
315801	0.0008804561766
315802	0.00590165068
315803	0.006053817823
315804	0.0001819985051
315805	0.002045361176
315806	6.922049764e-05
315807	8.753491945e-05
315808	0.0006863490861
315809	0.006083177971
315810	0.00498079037
315811	0.004325161434
315812	0.000863357845
315813	0.00343869772
315814	0.0047047869
315815	0.001936307516
315816	0.0001196117192
315817	0.001152073919
315818	0.003775756909
315819	0.00273057385
315820	0.008508475202
315821	0.002439375878
315822	0.0004301327801
315823	0.003923482553
315824	0.0014476197
315825	0.0004082561062
315826	0.004637158239
315827	0.001067369585
315828	0.001204908052
315829	0.004018567065
315830	0.0007097187781
315831	0.002033581031
315832	0.0001845430854
315833	0.00301858586
315834	0.0001158730599
315835	0.003097073925
315836	0.0005658260304
315837	0.001173356524
315838	0.001403795532
315839	0.007261302634
315840	0.004795733846
315841	2.581066057e-05
315842	0.006310784893
315843	0.0005361287635
315844	0.003287068037
315845	5.57783077e-05
315846	0.002845094372
315847	0.003016173725
315848	0.002379158322
315849	0.002416499162
315850	0.0007624081407
315851	0.001641250183
315852	8.088216992e-05
315853	0.001549699166
315854	0.0001704805705
315855	5.823474722e-05
315856	5.581611285e-05
315857	5.582174128e-05
315858	0.0001298464224
315859	0.0002491087468
315860	2.046697406e-09
315861	5.833087702e-08
315862	5.751078936e-05
315863	0.0001258685568
315864	0.0001861250999
315865	0.0004684207209
315866	0.001297061651
315867	8.882194976e-05
315868	0.0005849721068
315869	1.688525395e-07
315870	2.549819625e-05
315871	3.157969427e-05
315872	0.0005870492041
315873	0.0007440055803
315874	0.001788794686
315875	0.0005596552135
315876	0.0003344116842
315877	0.0002317630636
315878	0.001081043283
315879	0.0001407348934
315880	0.0005447601492
315881	0.0002944649824
315882	0.0003210168413
315883	0.001053514693
315884	0.0006939781792
315885	0.004313569962
315886	0.002240026047
315887	0.0004733722957
315888	0.004585672641
315889	0.00365298413
315890	0.002065368323
315891	0.003024688191
315892	0.001086105089
315893	0.0008041113077
315894	0.001562907659
315895	0.001718555793
315896	0.002244930541
315897	0.0003067245008
315898	0.004706960025
315899	0.0008051015629
315900	1.842027704e-07
315901	0.000373369503
315902	0.00100636833
315903	0.0004161698361
315904	0.0001964164343
315905	0.000211707764
315906	0.001226271213
315907	0.000446772155
315908	0.000941113794
315909	0.0004496716266
315910	9.246112244e-05
315911	0.0008853063996
315912	0.0002953643469
315913	0.001463274207
315914	0.000468751114
315915	4.145973718e-05
315916	0.000327494115
315917	0.0005890779516
315918	0.001008065676
315919	0.0005079093923
315920	0.0005486015916
315921	0.00409660878
315922	0.001233089756
315923	0.001211312585
315924	0.0007335242947
315925	0.0004045711824
315926	0.0005971547822
315927	0.001633136864
315928	0.0007634187699
315929	0.000309052965
315930	0.000162801442
315931	0.002446194255
315932	0.0004396660009
315933	0.002493761873
315934	0.0001289629969
315935	0.001425501254
315936	0.0002377422359
315937	0.001277464724
315938	0.0002075919105
315939	0.001852705613
315940	0.00174892936
315941	0.0001036985133
315942	0.001397385442
315943	9.523894949e-05
315944	0.001103006288
315945	0.001067521942
315946	0.0001494072481
315947	0.0007894826424
315948	0.001165761821
315949	0.0006204588403
315950	0.002780869843
315951	0.001672013515
315952	0.001806989614
315953	0.00286624513
315954	0.001023004411
315955	0.001833293528
315956	0.0002100003891
315957	0.0008758887637
315958	0.0001214812647
315959	0.0008294557445
315960	0.001750971987
315961	0.0001384080989
315962	0.0001554164696
315963	0.0009756943667
315964	0.001243526037
315965	0.0005697605006
315966	6.055234967e-05
315967	0.001820771554
315968	0.0009545627845
315969	0.0003537790024
315970	0.0004149623466
315971	0.0009660307919
315972	1.76916974e-05
315973	0.0004741468606
315974	0.0005925594051
315975	0.001222352822
315976	0.001410153926
315977	0.0001437493143
315978	0.0002333720636
315979	0.001369681623
315980	0.0006363566512
315981	0.002042642348
315982	0.003593181816
315983	0.0009626877325
315984	0.00145638603
315985	0.0001295586496
315986	0.0002585783954
315987	0.002742249461
315988	0.001561954202
315989	0.0003425155601
315990	0.003029354956
315991	0.000282238139
315992	0.001411886601
315993	0.0001002743888
315994	0.00141558403
315995	2.389251178e-05
315996	0.0007210224788
315997	3.580938684e-05
315998	0.0011217612
315999	0.0001718344995
316000	0.0003295657792
316001	0.0004696256378
316002	0.0001399659284
316003	0.0008786090225
316004	0.0003415162848
316005	0.002389347004
316006	0.001155869482
316007	0.0004596013599
316008	0.0008016712095
316009	0.003297937196
316010	0.001825208955
316011	9.746311413e-05
316012	0.0008732018392
316013	0.003583816951
316014	0.002802905212
316015	0.0001161721835
316016	0.002617976528
316017	0.0006848779831
316018	0.0002062321546
316019	0.0002902487066
316020	0.0003003396711
316021	0.0005067434972
316022	0.002077742827
316023	0.0005868868006
316024	0.0001043513742
316025	0.000125993851
316026	0.001500027105
316027	0.001426939827
316028	0.001340005487
316029	3.47206432e-05
316030	0.001863959977
316031	0.001224609859
316032	0.001849825691
316033	0.001737238001
316034	0.0009399255728
316035	0.0004109539029
316036	0.0003145777013
316037	0.0007981246198
316038	0.0001742859578
316039	0.0001467273119
316040	0.0001210183595
316041	0.0009536882564
316042	0.0007201476006
316043	0.0002143099868
316044	0.0009045905178
316045	0.0006720487097
316046	0.0007566851066
316047	0.001438279084
316048	0.00043084197
316049	0.0005283056794
316050	0.001385848983
316051	0.0004196181692
316052	0.001531735497
316053	0.0006224660942
316054	0.001150871984
316055	0.0001507655844
316056	0.0006730647925
316057	0.00102322631
316058	0.001189220952
316059	0.001254921154
316060	0.001355997969
316061	0.000317848992
316062	0.0005502967871
316063	0.0009363143871
316064	0.001305402619
316065	0.0005577853796
316066	0.0007682340703
316067	0.0002163794306
316068	0.001287756832
316069	0.0002408768761
316070	0.001105550203
316071	0.0003021823387
316072	0.00130980326
316073	0.0004752272895
316074	0.001899400977
316075	0.0001708013159
316076	0.001358995383
316077	0.001138857486
316078	0.001132613913
316079	0.0006843628837
316080	0.001543427433
316081	0.0003276236484
316082	8.835056239e-05
316083	0.0008142233502
316084	0.000406419599
316085	0.0008072259871
316086	0.0006508766242
316087	0.002095946465
316088	2.961533316e-05
316089	0.001077420585
316090	0.001026869929
316091	0.0001197149738
316092	0.001392193794
316093	0.0003011427342
316094	0.0008946080982
316095	0.001047365032
316096	0.001426466002
316097	0.001304185451
316098	0.0002522133332
316099	0.0003419687689
316100	0.0001110162603
316101	0.0002082214669
316102	0.0001463475408
316103	0.001339988905
316104	0.001262443905
316105	0.0006339420781
316106	0.0005857072896
316107	0.001471412252
316108	0.006708503192
316109	6.938371081e-05
316110	0.0004103821907
316111	0.001157574486
316112	0.0008201009673
316113	0.001581831496
316114	0.002174618832
316115	0.001704284282
316116	0.001168319179
316117	0.0004382985511
316118	0.005084163825
316119	0.001193889832
316120	0.003437386273
316121	0.0001367728418
316122	0.0001063730493
316123	0.001189265408
316124	0.0001849375488
316125	0.001194229374
316126	6.478162911e-07
316127	3.637941135e-05
316128	0.00141815059
316129	0.0008655815697
316130	0.0005300157023
316131	5.211841956e-06
316132	4.008237669e-06
316133	1.650354488e-06
316134	7.469715658e-08
316135	1.027924558e-06
316136	5.293154323e-06
316137	1.404341455e-06
316138	1.497371176e-06
316139	3.052473814e-06
316140	4.440726762e-06
316141	2.444224569e-06
316142	1.658892144e-06
316143	6.347773657e-06
316144	5.802950106e-06
316145	6.15558877e-06
316146	3.203330037e-06
316147	4.544808639e-06
316148	8.626098704e-08
316149	5.050445243e-06
316150	6.442747731e-06
316151	1.042587684e-06
316152	6.248669648e-06
316153	5.511200697e-06
316154	5.915467334e-07
316155	2.203182087e-06
316156	7.425915398e-06
316157	4.489708621e-06
316158	1.249033669e-06
316159	8.742519324e-06
316160	9.193362907e-06
316161	1.062345624e-06
316162	1.924619254e-06
316163	7.116293949e-07
316164	5.46580056e-06
316165	3.263802637e-06
316166	4.486404664e-06
316167	5.015943773e-06
316168	1.542705479e-06
316169	4.746598392e-06
316170	4.710547275e-07
316171	7.50538575e-07
316172	1.574677848e-06
316173	6.292987915e-06
316174	5.444229838e-06
316175	4.627283241e-06
316176	8.376840137e-08
316177	1.559583492e-07
316178	3.01917844e-06
316179	9.581541055e-07
316180	1.216834729e-07
316181	3.285409915e-06
316182	1.399846054e-06
316183	7.789211511e-06
316184	3.366634559e-06
316185	4.587672328e-07
316186	1.629375839e-06
316187	1.202866016e-06
316188	4.656185525e-06
316189	1.558340823e-06
316190	3.851884608e-07
316191	9.528122206e-06
316192	3.12340631e-07
316193	3.779082467e-09
316194	9.037704222e-07
316195	5.699270269e-06
316196	7.217685859e-06
316197	1.77458171e-06
316198	1.001997281e-06
316199	2.869616514e-07
316200	1.094965592e-05
316201	3.849728259e-06
316202	2.026961489e-08
316203	1.718326771e-06
316204	1.11545738e-06
316205	7.946361319e-06
316206	2.302439609e-06
316207	4.315980549e-06
316208	3.346131017e-07
316209	8.135914742e-06
316210	6.142431444e-07
316211	8.563923036e-06
316212	3.019463493e-07
316213	2.716369535e-06
316214	8.336198713e-07
316215	1.639463131e-06
316216	1.994981789e-06
316217	0.000916290014
316218	2.057347284e-05
316219	0.0007829178317
316220	0.0003258177633
316221	8.755509999e-05
316222	2.498786735e-05
316223	0.0003757796903
316224	0.0003619079148
316225	0.0001861931066
316226	0.0005969390778
316227	0.0001958770592
316228	3.119166913e-07
316229	0.0007594453011
316230	0.0004359556312
316231	0.0005524578359
316232	8.754651674e-05
316233	0.0004436713448
316234	0.0003438594534
316235	0.0005067576803
316236	0.0003952675194
316237	5.203113843e-05
316238	0.00081192245
316239	8.305287293e-05
316240	0.0002345556031
316241	0.000133627081
316242	4.528403391e-05
316243	0.003969693462
316244	0.005301994633
316245	9.593987245e-05
316246	0.0007775222558
316247	0.000384188456
316248	0.001342296826
316249	9.656426701e-05
316250	0.0005286745135
316251	0.001041508284
316252	0.001273529595
316253	0.002008422443
316254	0.002700265761
316255	6.119506135e-05
316256	0.003648652333
316257	0.001949950822
316258	0.003408250098
316259	0.004924857439
316260	0.005904135978
316261	0.002747041596
316262	0.001840263616
316263	0.0006654217124
316264	0.0003019571598
316265	0.0001962135118
316266	0.0003218297228
316267	0.0007485116092
316268	0.00510938199
316269	0.001969186891
316270	0.0001956765011
316271	0.0003067577398
316272	0.002465663331
316273	0.002000642619
316274	0.0001884395684
316275	0.001247650365
316276	0.001577296809
316277	0.0006125498793
316278	0.003315406827
316279	0.003452958651
316280	0.00316156889
316281	0.001424064507
316282	0.0008072001264
316283	0.00395328826
316284	0.0009342955025
316285	0.004911065292
316286	0.003229105719
316287	0.006741436162
316288	9.639953729e-05
316289	0.0003026960687
316290	0.001237093234
316291	0.002060236931
316292	0.0006759627963
316293	0.006594590348
316294	0.001716106612
316295	0.004446317631
316296	0.003036650962
316297	0.003320239967
316298	2.972047e-06
316299	0.001539289092
316300	0.002931193656
316301	7.965836246e-05
316302	0.001632279078
316303	0.0007749424526
316304	0.001043717914
316305	0.001197307647
316306	0.003621521118
316307	0.003028245039
316308	5.627449933e-05
316309	0.0004788047463
316310	0.000733213565
316311	0.001759534266
316312	0.001302214191
316313	0.002338292126
316314	0.000673653513
316315	0.00181975938
316316	0.0006361407559
316317	0.002459819132
316318	0.005333865384
316319	0.000789925888
316320	0.0007320738767
316321	0.003279805947
316322	3.251015233e-05
316323	0.00186492387
316324	0.002065979989
316325	0.0008503999107
316326	0.001272444485
316327	0.00139823455
316328	0.003154986097
316329	0.001651808921
316330	0.006242157375
316331	0.003596164451
316332	0.0005677832518
316333	0.002188578717
316334	0.004232161023
316335	0.001343424441
316336	0.001670249876
316337	0.0001915401952
316338	0.003754353321
316339	0.001111256116
316340	0.001868502876
316341	8.993752956e-06
316342	0.0003621424966
316343	0.005494168162
316344	0.002919482625
316345	0.001587968398
316346	0.0008458420991
316347	0.002453174683
316348	0.0001618994535
316349	0.005168839066
316350	0.00211245091
316351	0.002970961785
316352	0.001138188304
316353	0.00270968969
316354	0.002069679126
316355	0.0002067977228
316356	0.000169000315
316357	0.002193206937
316358	0.002347969123
316359	0.001003061745
316360	0.003687621154
316361	0.002047683651
316362	0.005199886596
316363	0.002376033374
316364	0.003847237117
316365	0.005286204595
316366	0.0005145241707
316367	0.0002450424712
316368	0.0001701260394
316369	0.0009402001023
316370	0.001434894306
316371	0.0001938853004
316372	0.0001294422589
316373	0.0001638107434
316374	0.0003043986994
316375	0.0001387095617
316376	0.0006359560486
316377	0.0005998440234
316378	0.0001803882141
316379	0.001352425894
316380	0.0003813020474
316381	0.0002727047457
316382	0.0004033492165
316383	0.0006174043768
316384	6.110795956e-06
316385	0.0001331104987
316386	0.0008648639989
316387	1.402503106e-05
316388	4.677434542e-05
316389	0.0002361545725
316390	0.001527603443
316391	0.000109912831
316392	0.0005390282411
316393	0.001034121541
316394	0.0004376744199
316395	0.0003050159215
316396	0.0003429844953
316397	0.000113595715
316398	0.0008490212375
316399	0.0001902344589
316400	0.002452935617
316401	0.001604877148
316402	0.0007288741011
316403	0.002363503385
316404	0.006662692627
316405	0.0004467824032
316406	0.000239211334
316407	0.004153641746
316408	0.0004730709119
316409	0.003701108782
316410	0.004628346225
316411	0.003532010188
316412	0.001210279161
316413	0.0008237111615
316414	0.01131829867
316415	0.002223723844
316416	0.0002561332762
316417	0.0004933335083
316418	7.036346008e-05
316419	0.000588286333
316420	7.702919822e-05
316421	0.0003831056255
316422	0.0006194644488
316423	0.0001771238858
316424	1.221961983e-05
316425	0.0005093210934
316426	0.0002432969434
316427	9.554562439e-05
316428	2.404456072e-06
316429	0.0007153460724
316430	0.0001537448067
316431	0.0006855955787
316432	0.0006833015965
316433	0.0007189578919
316434	0.0004653933515
316435	8.286332189e-05
316436	0.0002588041778
316437	0.0004027539992
316438	0.0007838063388
316439	0.0006130770878
316440	0.0002222506471
316441	0.00522847301
316442	0.001141973569
316443	0.0003098272659
316444	0.0006412519112
316445	0.0002342956214
316446	0.0004379745433
316447	0.0007525906731
316448	0.000101858133
316449	0.0005516952374
316450	0.0004591326449
316451	0.0001641902234
316452	0.0002919447663
316453	0.0002616481067
316454	0.0001212000032
316455	0.002920220065
316456	0.0001160474574
316457	0.0004605108411
316458	0.0004974362851
316459	0.001176684532
316460	0.00090827865
316461	0.0001016178322
316462	0.0001027569895
316463	0.0001528376709
316464	0.003148981845
316465	0.001315618952
316466	0.002342148978
316467	0.006543773159
316468	0.000184182213
316469	0.0004857280777
316470	0.00191904026
316471	0.0003138383553
316472	0.0002586442798
316473	0.003979160185
316474	0.002306389611
316475	0.004364997388
316476	0.006109866712
316477	0.010643365
316478	0.001636275468
316479	0.00177925675
316480	0.01121281196
316481	0.002393545661
316482	0.001942198479
316483	1.654354855e-05
316484	0.001098621463
316485	0.002329346531
316486	0.003371029196
316487	0.0007749625789
316488	0.003212453863
316489	0.002074114741
316490	0.003246082494
316491	0.0001518126409
316492	0.0001401268653
316493	0.0008122949328
316494	0.002225047538
316495	0.002957776547
316496	0.00332221693
316497	0.0001864359825
316498	0.0008302978755
316499	0.0001660604377
316500	0.000272863509
316501	0.001804001697
316502	0.0007521101855
316503	0.0002129585003
316504	0.0003602777964
316505	0.0001989732109
316506	0.001057498817
316507	0.00201677568
316508	0.001796187933
316509	0.001785908633
316510	0.001070908913
316511	0.003818236575
316512	0.0009952096817
316513	0.001794464975
316514	0.002108315636
316515	0.000425649901
316516	0.002015020403
316517	0.002651792709
316518	0.0006554636687
316519	0.002850330156
316520	5.597719178e-05
316521	0.0002972560141
316522	0.000422114805
316523	0.0004416495771
316524	0.0002055360906
316525	0.002041719173
316526	0.002487474551
316527	0.0008059662693
316528	0.001624205371
316529	0.0008753856534
316530	0.0003399321232
316531	0.0002895464534
316532	0.00129924994
316533	4.675410667e-05
316534	0.0004002091328
316535	4.625668205e-05
316536	0.002920380881
316537	0.0002838870576
316538	0.000178295113
316539	0.0002699186292
316540	0.0001009329518
316541	0.0006736158406
316542	0.0005789801425
316543	0.000117848484
316544	0.0001572130339
316545	0.0003303841941
316546	0.006027409721
316547	0.002966074802
316548	0.0003891238099
316549	0.003927864628
316550	0.0006799197606
316551	0.001885759718
316552	0.00240979866
316553	0.0007088464609
316554	0.0003079352033
316555	0.007503880704
316556	0.001193238312
316557	0.0008127832766
316558	0.0002699905499
316559	0.000850031699
316560	0.0006742504828
316561	0.0005863685291
316562	0.0001598533465
316563	0.0009570228246
316564	0.0008488762678
316565	0.0008066240515
316566	0.001068483316
316567	0.0005402804381
316568	0.001190635471
316569	0.001345355857
316570	0.001095212621
316571	0.00121119555
316572	0.001834355905
316573	0.0001493989344
316574	0.0003567238365
316575	0.0002373213054
316576	0.000190084782
316577	0.002011851128
316578	9.866075479e-05
316579	0.0006834229674
316580	2.689772296e-05
316581	0.0006365836653
316582	0.0008575633754
316583	0.0005967699169
316584	0.0004100174132
316585	0.001164485776
316586	6.404977205e-06
316587	0.001190199346
316588	0.001328523808
316589	9.870538921e-05
316590	0.0003427691297
316591	0.0007684847709
316592	0.000321727328
316593	8.085256668e-05
316594	0.001238407469
316595	0.0007679168962
316596	0.00429341987
316597	0.0001036460895
316598	0.0008170158346
316599	8.489875438e-05
316600	0.0003892721967
316601	0.0003791648975
316602	0.0004793005072
316603	0.0002944826048
316604	0.000152225024
316605	0.001320398963
316606	0.001687829552
316607	0.0004607419394
316608	0.0004413179148
316609	0.001580030759
316610	0.003665822281
316611	2.700967077e-05
316612	0.001255804914
316613	0.002031189842
316614	0.0004655243639
316615	0.0001536236107
316616	0.001054985207
316617	0.0006126830792
316618	0.003974105611
316619	0.003675776728
316620	0.0004511142464
316621	0.001497911902
316622	0.001426978628
316623	0.0008612961338
316624	0.003276212103
316625	0.00248849602
316626	0.000100086515
316627	6.542402377e-05
316628	0.0001246161162
316629	0.0006676471538
316630	0.0004698033268
316631	0.0009575790406
316632	0.0003828834483
316633	0.0005118549539
316634	0.001559178466
316635	0.0003302963827
316636	0.0005046371089
316637	0.0003278430963
316638	0.002564448824
316639	0.0004433023142
316640	0.0005877107847
316641	0.0001812580729
316642	0.0005949762345
316643	0.0006173747782
316644	0.0001790105639
316645	0.0001881028466
316646	9.175992894e-05
316647	0.0001538020153
316648	0.000146803331
316649	0.0003313284077
316650	5.749087049e-05
316651	0.002325298663
316652	0.002322323455
316653	0.002462942127
316654	0.00129686302
316655	0.0005863111631
316656	0.0002717270587
316657	0.0002700052801
316658	0.001054498132
316659	0.003731824498
316660	0.0008026022227
316661	0.0004401071363
316662	0.0008861870916
316663	0.002100086417
316664	0.0005577256455
316665	0.0001186402452
316666	0.0006101879108
316667	0.00047665327
316668	0.0001391034905
316669	0.002221948784
316670	0.001078034668
316671	0.001301234873
316672	0.001001222922
316673	0.0001323120523
316674	0.0002515765442
316675	1.130813519e-05
316676	9.637175184e-05
316677	9.620717738e-05
316678	0.0004474928647
316679	0.0007859086756
316680	0.0009415297892
316681	0.0001610675789
316682	0.0008312388289
316683	0.000736016501
316684	2.410210003e-05
316685	0.0002476570227
316686	0.0002178243458
316687	0.0002042258898
316688	0.002018377826
316689	0.003144388375
316690	6.822436044e-05
316691	0.0003044889248
316692	0.008190881495
316693	7.398223692e-05
316694	0.0002288464023
316695	0.004569854017
316696	0.0007930244408
316697	1.190367648e-05
316698	0.0006131305136
316699	0.001224012518
316700	0.0001927107851
316701	0.0002101803905
316702	0.000880083083
316703	0.0003749621461
316704	0.005143432056
316705	0.0002746222401
316706	0.0006596974033
316707	0.001557283866
316708	0.002747009767
316709	0.0002041380192
316710	0.0006327719616
316711	0.001268634783
316712	0.0004125224095
316713	0.001471640631
316714	0.0003208802188
316715	0.0003388145851
316716	0.0004847783252
316717	0.002621680625
316718	0.005765799004
316719	0.007043599028
316720	0.0004752881268
316721	0.0002403383896
316722	0.001987160669
316723	0.002778899231
316724	5.075568838e-05
316725	2.554613476e-07
316726	0.001204531001
316727	0.001688276448
316728	0.0005202178485
316729	0.0002402038756
316730	0.003440584969
316731	0.0006844919758
316732	0.004440504919
316733	0.0009420295665
316734	0.00758795309
316735	0.001853409248
316736	0.0004215184672
316737	0.003412921335
316738	0.00234801145
316739	0.001607986214
316740	0.0008836306972
316741	4.443110375e-06
316742	0.001705718572
316743	0.002959054425
316744	0.0001743432454
316745	0.0009072658759
316746	0.0001631099745
316747	0.001054676286
316748	0.0008617106375
316749	0.002232980047
316750	0.002372093765
316751	0.0005606895477
316752	0.001046661281
316753	0.001308796626
316754	0.0005258637653
316755	0.001747908165
316756	0.0004698987045
316757	0.002241870765
316758	0.0001832487937
316759	0.0001151804594
316760	0.0002137268034
316761	1.701999622e-05
316762	4.011196046e-05
316763	6.613750744e-05
316764	0.0005768304815
316765	0.001710338903
316766	0.0001839823276
316767	0.001498422567
316768	0.001376564576
316769	0.0001999772544
316770	0.0003583443721
316771	0.001601282167
316772	0.000895697971
316773	0.0004388646255
316774	0.0001963078636
316775	0.003304043069
316776	0.001136334946
316777	0.003463790016
316778	0.003257186751
316779	0.0006944945973
316780	0.002247672354
316781	0.002228000474
316782	0.001130568323
316783	1.374111029e-05
316784	0.0005480606042
316785	0.0003907468555
316786	0.001435816098
316787	0.001581982951
316788	0.001513051569
316789	8.949541699e-05
316790	0.002215941703
316791	0.002236502909
316792	0.001651752273
316793	0.0009138696685
316794	0.0009445318199
316795	0.00331820569
316796	0.0005396190989
316797	0.0006496175883
316798	0.002313727793
316799	0.000868586252
316800	0.0005128473232
316801	0.000886460406
316802	9.846223549e-05
316803	0.00224074409
316804	0.0006880023634
316805	0.0005411510932
316806	0.0008373095273
316807	0.00188567296
316808	0.0007496901297
316809	0.0005215100501
316810	0.001289446032
316811	0.001706558805
316812	0.0008580496927
316813	0.0007554351707
316814	0.0008816844026
316815	0.0001199753342
316816	0.0009046844143
316817	0.001166935008
316818	0.002037874903
316819	0.0007564007354
316820	0.001365269974
316821	9.222624689e-05
316822	0.0004953435456
316823	0.0001583917925
316824	0.00178118559
316825	9.77844884e-05
316826	0.001509136656
316827	0.0001246992214
316828	0.00126141718
316829	0.0002882205764
316830	0.00224764559
316831	0.0001344284293
316832	0.00232178559
316833	0.0003125762899
316834	0.000464492231
316835	0.002779875843
316836	0.000932536826
316837	0.0008529503059
316838	0.0006328345324
316839	0.0004787064551
316840	0.001314216258
316841	0.001671388439
316842	0.0004893370816
316843	0.0006757595463
316844	0.0008081808282
316845	0.001693904024
316846	0.001311128455
316847	0.002604902616
316848	0.0023747034
316849	0.001971527197
316850	0.0008466689778
316851	0.001160093748
316852	0.001739208519
316853	0.0008800544862
316854	0.0008498746005
316855	0.0001977953314
316856	0.001329884117
316857	0.0009929318033
316858	0.0008569208109
316859	0.0007651953711
316860	0.0009570095152
316861	0.002686340289
316862	0.0001782494515
316863	0.0002531506554
316864	0.001420170263
316865	0.0001112738332
316866	0.003330243749
316867	0.0002741194512
316868	0.001976803771
316869	0.0005433122197
316870	0.002435672851
316871	0.002883363097
316872	0.0006398197005
316873	0.003398589033
316874	0.002819615294
316875	0.0004368717841
316876	0.001048037427
316877	0.0009229228855
316878	0.0003598136185
316879	0.000842258215
316880	0.0004199809898
316881	0.0007641284149
316882	0.001688104247
316883	0.0001003298349
316884	0.001543600225
316885	0.001973716474
316886	0.00253399458
316887	0.001993416332
316888	0.000457076606
316889	0
316890	0.001500095803
316891	0.004061099731
316892	0.002897771928
316893	0.0007226567966
316894	0.0008100029655
316895	0.001669790402
316896	0.001852925828
316897	0.000698264393
316898	0.001401324399
316899	0.0001355284806
316900	0.004383488587
316901	0.0005840059115
316902	0.001464701747
316903	0.0005893447559
316904	0.001437271904
316905	0.001329380044
316906	0.001421850968
316907	0.002621354296
316908	0.0005826342569
316909	3.758598245e-06
316910	1.787507274e-05
316911	0.000883707836
316912	0.001075295772
316913	0.0006648139393
316914	0.00172898627
316915	0.0007745046569
316916	0.0001213943899
316917	8.307121116e-05
316918	0.001054031398
316919	0.0006939854531
316920	0.0003002248149
316921	0.004513390075
316922	0.00111879819
316923	0.001022707916
316924	0.0003937623802
316925	0.0008431508767
316926	0.0008667526808
316927	0.00126788441
316928	0.0008363670658
316929	0.002486008795
316930	0.0003765699403
316931	0.0003333251073
316932	0.0002237416705
316933	0.0006303813243
316934	0.001246482434
316935	0.001141293811
316936	0.002425656978
316937	0.0009319326811
316938	0.000461829941
316939	0.000409482587
316940	0.001027557456
316941	0.0002001402173
316942	5.964217447e-06
316943	0.0006050042038
316944	0.001240671488
316945	0.001627155032
316946	0.001526791193
316947	0.003025552486
316948	0.0007337686389
316949	0.004968734454
316950	0.001489941048
316951	0.0002638299208
316952	0.0004647893637
316953	0.0008536690443
316954	9.806004123e-05
316955	0.0001603550107
316956	0.0008915890455
316957	0.000553965806
316958	0.0003739822592
316959	0.0005238727487
316960	0.002628429712
316961	0.0006230358031
316962	0.0007801434442
316963	0.001337939459
316964	0.001547274305
316965	0.001355601609
316966	0.0009646165997
316967	0.002306996481
316968	0.0003710598883
316969	0.0005565238832
316970	0.0009345760619
316971	0.002813990155
316972	0.0008903879976
316973	0.002357292292
316974	0.001212905802
316975	0.0005836088356
316976	0.001906327361
316977	0.0004475759948
316978	6.45571744e-05
316979	0.001507500645
316980	0.003433150556
316981	0.0007742361508
316982	3.328853499e-05
316983	0.0004057233097
316984	0.003505629276
316985	0.003295765432
316986	0.0002372042986
316987	0.0008206623929
316988	0.002994176588
316989	0.002827481623
316990	0.0001389582811
316991	0.001428451292
316992	0.002886684665
316993	0.0005787159207
316994	0.0009790816049
316995	0.0004095862509
316996	0.0006332571097
316997	0.001425525508
316998	0.001695228643
316999	0.0001346694213
317000	0.0001366831965
317001	0.0007834178002
317002	0.0005081571582
317003	0.002379097472
317004	0.001000557149
317005	0.001135440734
317006	0.0003606106245
317007	0.001055894693
317008	0.0004005706986
317009	0.002057106747
317010	0.0004139817583
317011	0.0007686782166
317012	0.002963846136
317013	4.510091799e-05
317014	0.0006778045295
317015	0.001218827386
317016	0.001462311925
317017	8.663852956e-05
317018	0.0002909171396
317019	0.001723899718
317020	3.383032454e-05
317021	0.001022885927
317022	0.003434177824
317023	0.001863455948
317024	0.0001687830346
317025	0.001780656359
317026	0.001379759098
317027	0.002852893177
317028	0.0009143333254
317029	0.001865452701
317030	0.0002837584982
317031	0.001467062938
317032	0.0003668470341
317033	0.003835224893
317034	1.289783898e-05
317035	0.001670376968
317036	0.002140565969
317037	0.001699120066
317038	0.0002468391643
317039	0.001386174977
317040	0.001158592278
317041	0.002259914142
317042	0.001726456711
317043	0.002362256106
317044	0.001190692468
317045	0.004254364346
317046	0.001173092094
317047	0.002101546029
317048	0.0004866751115
317049	0.001242795347
317050	0.001211245145
317051	0.003211288668
317052	0.0006656406212
317053	0.000241304864
317054	0.001419978144
317055	0.001044160963
317056	0.001262619048
317057	0.001293183145
317058	2.694700515e-05
317059	0.001271463719
317060	0.001257115763
317061	0.0001608060654
317062	0.002497965919
317063	0.0003207661746
317064	0.001167389892
317065	0.001202748538
317066	0.002244729304
317067	0.003777088915
317068	0.0003832293895
317069	0.002096497115
317070	0.0006074957148
317071	0.0002179401162
317072	0.001354400017
317073	0.001294923874
317074	0.001710802523
317075	0.0005537156364
317076	0.003181596799
317077	0.0003903907037
317078	0.002214589955
317079	0.001542378513
317080	0.002615080738
317081	0.001319243765
317082	0.0008350193687
317083	0.004246684689
317084	0.003591615349
317085	0.00113288818
317086	0.001858419623
317087	0.0001404534466
317088	0.001331096822
317089	0.00277132102
317090	0.000100308302
317091	0.002493073096
317092	0.002019402495
317093	0.001979431737
317094	4.13267853e-05
317095	0.001302464294
317096	0.002788528236
317097	0.004218614347
317098	0.0002597020204
317099	0.003233645359
317100	0.003822716643
317101	0.001125605192
317102	0.002012590826
317103	0.001076134985
317104	0.001115980312
317105	0.001158748308
317106	0.0007675081583
317107	0.0003179028506
317108	0.0006371258873
317109	0.001646466301
317110	0.001732054289
317111	0.003229167446
317112	0.002073425398
317113	0.001625542929
317114	0.0002232171266
317115	0.0006274297824
317116	0.0005466219447
317117	0.001647288336
317118	0.001485409985
317119	0.0009622485823
317120	0.0007757257599
317121	6.396758952e-05
317122	0.000770243547
317123	0.0006606965844
317124	0.004146155292
317125	0.001156484318
317126	0.001538946651
317127	0.0008001686809
317128	0.001371681282
317129	0.001094165208
317130	0.001514335504
317131	0.002101116782
317132	0.0004522268496
317133	3.823600364e-05
317134	0.001876921917
317135	0.0007120343763
317136	0.0003816494207
317137	0.0001612039033
317138	8.778951496e-05
317139	3.990293282e-05
317140	0.0002060446936
317141	0.000649983508
317142	0.001582116173
317143	0.001381494913
317144	0.00246071874
317145	0.001528432474
317146	0.002436279246
317147	0.002503653582
317148	0.001184747526
317149	0.0007993098401
317150	0.0009012016003
317151	0.001828494167
317152	0.001229884253
317153	0.0003729963675
317154	0.001328453595
317155	0.001327688278
317156	0.0009371833564
317157	0.0002206989891
317158	0.003153552726
317159	0.0007570512984
317160	0.003455551744
317161	9.012556389e-05
317162	0.004558835361
317163	0.00139109492
317164	8.826504502e-05
317165	0.0006253334891
317166	0.001205306781
317167	0.003313754012
317168	0.0001008837538
317169	2.853026226e-05
317170	0.0006321448219
317171	0.001150493622
317172	1.15842301e-05
317173	0.0003583263016
317174	0.002674915991
317175	0.0022612781
317176	0.002385443776
317177	0.0009777005248
317178	0.00144902193
317179	0.00241428624
317180	0.000654487775
317181	0.0001765409296
317182	0.0005632478291
317183	0.000926753634
317184	0.001013321605
317185	0.0006004432722
317186	0.001269025442
317187	0.0007902556553
317188	0.0003247346322
317189	0.0008558033281
317190	0.0002367159706
317191	0.002230107854
317192	0.001457041109
317193	0.00257332764
317194	5.056314839e-05
317195	0.0003940511607
317196	0.001855617897
317197	0.002349782211
317198	0.0007014796057
317199	0.001343874024
317200	0.0004390463157
317201	0.0008068649942
317202	0.0007924050193
317203	0.003561640975
317204	0.001094698236
317205	0.0002147444878
317206	0.001226138498
317207	0.001038116586
317208	0.001104195595
317209	0.0003273194228
317210	0.0005503172125
317211	0.0001062024027
317212	0.000551227753
317213	0.003208108507
317214	0.0006755979654
317215	0.0006157443715
317216	0.0003749357284
317217	0.0004977403734
317218	0.0004929975705
317219	0.0008649305604
317220	0.0003215961609
317221	8.190841454e-05
317222	0.0008099813465
317223	0.00133147049
317224	5.908810705e-05
317225	0.002529923601
317226	0.003756595851
317227	0.0009786241019
317228	0.0007003134324
317229	0.001227948625
317230	0.001174738406
317231	0.0007199294908
317232	0.0006899977271
317233	0.001570915776
317234	0.0007966596618
317235	0.002433609215
317236	0.0002860704885
317237	0.000369241133
317238	0.0009569991181
317239	0.0004237173104
317240	0.001735813213
317241	0.0007957562431
317242	0.002093391572
317243	0.000628510441
317244	0.00137572723
317245	0.0004164406034
317246	0.001159711051
317247	0.001838604781
317248	0.0009498384051
317249	0.001085033926
317250	0.0004176468908
317251	0.0004185189383
317252	0.0009669009802
317253	0.0001814276761
317254	0.001425531189
317255	0.001267821947
317256	0.002400644735
317257	0.0009766972955
317258	0.003325514495
317259	0.001016097012
317260	0.002996480256
317261	0.001201559547
317262	0.001373988332
317263	0.0007432522851
317264	0.0003468096584
317265	0.001117328258
317266	0.000684021043
317267	0.002158072917
317268	0.000641310959
317269	0.001147881875
317270	0.0008915834879
317271	0.0009256592013
317272	0.0004817501002
317273	0.0008775159647
317274	8.647496651e-05
317275	0.0006844732271
317276	0.000768531447
317277	0.0001163427587
317278	0.0002805190079
317279	0.0003719887983
317280	0.0008014598795
317281	0.0006390403119
317282	0.0003090265278
317283	0.001270172067
317284	0.0002834257237
317285	0.0003223739362
317286	0.0004466336816
317287	0.001321221389
317288	0.0004757974732
317289	0.0004123121361
317290	0.00115431641
317291	0.0001728990438
317292	0.0009532908446
317293	0.001803864547
317294	0.0005025745664
317295	0.0002904565734
317296	0.0003440267855
317297	0.0002722489954
317298	0.0001441159358
317299	0.001065570565
317300	0.0001086324515
317301	0.001116411102
317302	0.0001528649423
317303	0.0009768611376
317304	0.001176311036
317305	0.0005799362909
317306	0.0001641441861
317307	0.0002700076041
317308	0.0008464170021
317309	0.0006705536651
317310	0.001291985107
317311	0.0001476495676
317312	0.0001134170885
317313	0.0004689016547
317314	7.363459419e-05
317315	0.002378855056
317316	0.002840636498
317317	0.0003008280016
317318	0.001575315714
317319	0.004025697096
317320	0.002290568201
317321	0.00150649715
317322	0.00156948498
317323	0.001068730109
317324	8.728568814e-05
317325	0.001232588685
317326	0.001127613009
317327	0.0007827578323
317328	0.0004403285779
317329	0.0009159947474
317330	0.0002138512216
317331	0.002408062742
317332	0.0002865886148
317333	0.001982325905
317334	0.002676529992
317335	0.002147109134
317336	0.00190503141
317337	0.0009077156931
317338	0.0009094824325
317339	0.0009512829817
317340	0.0006003438626
317341	0.00229179869
317342	0.001372357147
317343	0.002228515156
317344	8.838602599e-05
317345	0.001283542001
317346	0.0004620285787
317347	0.001330659983
317348	0.001607453379
317349	0.0004201414128
317350	0.0003226862421
317351	0.001240930334
317352	0.0006222546301
317353	0.0005791554824
317354	0.004983899941
317355	1.693395979e-05
317356	0.0002240887103
317357	0.002576651994
317358	0.001212220827
317359	0.001022897047
317360	0.0008531277292
317361	5.818796646e-05
317362	0.0005039974576
317363	0.0001633420124
317364	0.001916284124
317365	0.002740461656
317366	0.002569100675
317367	0.003258022675
317368	0.0004390505723
317369	0.0009210908018
317370	0.005363235732
317371	0.0007180826548
317372	0.001210074018
317373	0.0003415582696
317374	0.00196826027
317375	0.002720560406
317376	0.003206403645
317377	0.00201723596
317378	0.0003590812784
317379	0.001179691508
317380	0.0006864296001
317381	0.0002648985917
317382	0.0001127926738
317383	0.0009753879091
317384	0.001866729741
317385	0.0001819316397
317386	0.0007722273702
317387	0.0005294799175
317388	0.006176110312
317389	0.000497024072
317390	0.002557920445
317391	0.0006177580345
317392	0.003367572258
317393	0.001723068225
317394	5.838777214e-05
317395	0.003199564697
317396	0.0003344773562
317397	0.0004324342214
317398	8.996932311e-05
317399	0.001961488555
317400	9.553592258e-05
317401	0.003907286818
317402	0.001051914841
317403	0.003544678746
317404	0.001130363996
317405	4.226217847e-05
317406	0.0006239634259
317407	0.002850841367
317408	0.0006743881537
317409	5.267731914e-05
317410	0.002732530678
317411	0.00334395284
317412	0.0003343719296
317413	0.0002551814579
317414	0.002990115995
317415	0.001295449328
317416	0.001669490441
317417	0.0004130824538
317418	0.0005163639311
317419	0.002276013265
317420	0.001186265704
317421	0.0007469084051
317422	0.0001190989858
317423	0.0003084943565
317424	8.590618507e-05
317425	0.004828505599
317426	0.001408723121
317427	0.002362175041
317428	0.0008110913009
317429	2.910426526e-05
317430	0.002647711282
317431	0.001852483965
317432	0.0003124927164
317433	0.002909751067
317434	0.001340143944
317435	0.006759975682
317436	0.001945595055
317437	0.0021140443
317438	0.002438729071
317439	0.001095452594
317440	0.0003703850764
317441	0.004718367408
317442	0.0003260248531
317443	0.002247487258
317444	0.0008982876381
317445	0.00069000175
317446	0.0002438798764
317447	0.0005670559699
317448	0.0003670123583
317449	0.00185164837
317450	0.0004213001647
317451	0.002137219563
317452	0.0007002259558
317453	0.0001835930692
317454	0.0009861428003
317455	1.694132888e-05
317456	0.0005625007389
317457	0.001749512221
317458	0.001073536387
317459	0.001466325333
317460	0.0007627927578
317461	0.003248689178
317462	0.00211995964
317463	0.001549522041
317464	0.0002518876928
317465	0.001788486597
317466	0.001884926628
317467	0.0008373514562
317468	0.000510197937
317469	0.001032679809
317470	0.001432018206
317471	0.0008026719913
317472	0.0009086352694
317473	0.002084883135
317474	0.003368885944
317475	0.0007382906386
317476	0.0009721609101
317477	0.0007338390413
317478	0.003434598159
317479	0.002105791073
317480	0.00124507753
317481	0.004128319774
317482	0.00149773588
317483	0.0008814341302
317484	0.00285114773
317485	0.0006795800595
317486	0.001559841929
317487	0.005182619433
317488	9.761204144e-05
317489	0.0004971955069
317490	0.001747605683
317491	0.0002213738774
317492	0.0009974532163
317493	0.003048609833
317494	0.000319621114
317495	6.978334101e-05
317496	7.010882968e-05
317497	0.002220659542
317498	0.003622523924
317499	0.002889344623
317500	0.0002108656361
317501	0.0008363660279
317502	0.0002771024171
317503	0.004309337375
317504	0.001262917627
317505	0.0005556093294
317506	0.0007517523942
317507	0.002945398894
317508	0.0001932544365
317509	0.0003491543722
317510	0.0004839382108
317511	0.003206030401
317512	0.000319261335
317513	0.0002683031249
317514	0.0003495756158
317515	0.006446440613
317516	0.001090602887
317517	0.000423523713
317518	0.001304667758
317519	0.002836590896
317520	0.001122912557
317521	0.0002848210829
317522	0.0008444052527
317523	0.003039405414
317524	0.000275167458
317525	0.002871623096
317526	0.0007457447809
317527	0.0005362121394
317528	0.003988433071
317529	0.00116532756
317530	1.915950116e-06
317531	0.0003372296913
317532	0.001663069433
317533	0.001919535366
317534	0.003983524461
317535	0.003058040727
317536	0.0002973086057
317537	0.0002805731864
317538	0.0003459845078
317539	0.000267961571
317540	0.001330928992
317541	0.0004777453381
317542	0.0002368641994
317543	0.0003127603627
317544	0.0009305208854
317545	0.0007865852799
317546	0.0003903800625
317547	0.0004621989834
317548	0.005012001668
317549	0.001119814038
317550	0.001464921375
317551	0.0007688406852
317552	0.00036450439
317553	0.001378303046
317554	0.0001943816515
317555	0.003586114938
317556	0.00170045453
317557	0.001054804545
317558	0.003312530705
317559	0.0002383608824
317560	0.0004837807943
317561	0.001664336223
317562	0.0005121256442
317563	0.000159288222
317564	0.004767634523
317565	0.000624744577
317566	0.0004940897807
317567	0.001361309486
317568	0.001771571538
317569	0.004333854949
317570	0.000642291178
317571	1.295908928e-05
317572	0.0002196316278
317573	0.001284140292
317574	0.001320190401
317575	6.691588086e-05
317576	0.002145404767
317577	0.0004718316654
317578	0.002124831967
317579	0.001060070458
317580	0.001223366361
317581	0.001572015307
317582	0.0005733286622
317583	0.0008220585568
317584	1.366475224e-05
317585	9.751102708e-05
317586	0.006024798899
317587	0.002096241546
317588	0.0004161335965
317589	0.0004240478133
317590	0.001637963305
317591	0.0006515025922
317592	0.0002666776543
317593	0.0008382201002
317594	0.002328157684
317595	0.0007971522682
317596	1.512155842e-05
317597	7.544169986e-05
317598	0.0009497144533
317599	0.002709730953
317600	0.001508333429
317601	0.002529356763
317602	0.0005477975679
317603	0.0004919750962
317604	0.00090047337
317605	0.001742283381
317606	0.001393044611
317607	0.0009627930206
317608	0.001716805546
317609	0.002369062818
317610	0.003140565299
317611	0.004246084655
317612	0.0007079019072
317613	0.001236683185
317614	0.002502905275
317615	0.0005552876018
317616	0.0004055924601
317617	0.0005259700281
317618	0.0004856528558
317619	0.0007849690508
317620	0.001203050569
317621	0.0009566146258
317622	0.0001465612154
317623	0.0003443784148
317624	0.00334449593
317625	0.0001696485452
317626	0.001521340598
317627	0.001269919021
317628	0.0005232934346
317629	0.0002859323883
317630	0.004340214228
317631	0.0006527795153
317632	0.0003225621613
317633	0.0001667245182
317634	0.001591360383
317635	0.0008011744017
317636	0.002376648949
317637	0.00165960477
317638	0.001147463811
317639	0.003428508638
317640	0.002408117043
317641	0.002702503146
317642	0.003640830323
317643	0.001321912481
317644	0.00463556797
317645	0.00347257189
317646	0.0004652206614
317647	0.000804076423
317648	0.000782376615
317649	0.001042673278
317650	0.002940736416
317651	0.002706051039
317652	0.0002796905675
317653	0.0008603277689
317654	0.001082189859
317655	0.0002699979835
317656	0.001896607876
317657	0.0003302907402
317658	0.0005301869508
317659	0.001678910252
317660	0.0008713101642
317661	0.001139264668
317662	0.0006052038541
317663	0.004585945577
317664	0.0007477749106
317665	0.001451675175
317666	0.002314274713
317667	0.002974761572
317668	0.0003313719425
317669	0.001416753083
317670	0.0003333640414
317671	0.002521570294
317672	0.001192619615
317673	0.0001972962992
317674	0.0003578275231
317675	0.000369210847
317676	0.0001531071467
317677	0.0005312979484
317678	3.466175526e-07
317679	0.004634405828
317680	0.002986528252
317681	0.001381143426
317682	0.001340611604
317683	0.000227131286
317684	0.001082990344
317685	0.002081582288
317686	0.001961390371
317687	0.0007536641617
317688	0.001002611503
317689	0.0002881054948
317690	0.001800566809
317691	0.0008268718157
317692	0.002594070648
317693	0.000443473126
317694	0.00253206436
317695	0.00295116496
317696	0.002466722984
317697	0.0002616403755
317698	0.00190016965
317699	0.000397191348
317700	0.001418830209
317701	0.0009999030287
317702	0.000672782952
317703	5.598172612e-05
317704	0.003366680218
317705	0.00142560681
317706	0.002887877714
317707	0.0002302335679
317708	0.0006410778756
317709	0.0008120414449
317710	0.0005047640842
317711	0.002347136768
317712	0.003133439583
317713	0.0007452913351
317714	0.0003700994421
317715	0.000925196842
317716	0.0001324957005
317717	0.002613390234
317718	2.357336558e-05
317719	0.003528138361
317720	0.0007991791001
317721	0.0004231980955
317722	0.001871470222
317723	0.000402823464
317724	0.001738354365
317725	0.003179575902
317726	0.003179985485
317727	9.81592491e-05
317728	0.0003482576248
317729	0.002886932082
317730	0.0009085576247
317731	0.0004220933891
317732	0.00381079384
317733	0.0006538789821
317734	0.0002880788147
317735	0.002134277415
317736	0.004207247886
317737	0.0004348145766
317738	0.001020001216
317739	0.0001224709443
317740	0.001467084709
317741	0.001804510721
317742	2.284961267e-05
317743	0.0003424297233
317744	0.0001252678395
317745	0.004184868469
317746	0.0004206132404
317747	0.001924045809
317748	0.00134091507
317749	0.002021320062
317750	0.0007163314653
317751	0.001078811533
317752	0.001734767521
317753	0.0001430946042
317754	0.0002080513015
317755	0.001344963388
317756	0.000631675966
317757	0.001518878718
317758	0.0007866540574
317759	0.000904221648
317760	0.001287759446
317761	0.00121608211
317762	0.0002035084737
317763	0.0001199722305
317764	0.002711686942
317765	7.905495366e-05
317766	0.0005753335188
317767	0.002233779114
317768	0.001970835562
317769	0.003611482334
317770	0.0008031050725
317771	0.001661118982
317772	1.176237262e-05
317773	0.0009039804792
317774	0.0006991585931
317775	0.0007620433564
317776	0.0005916103798
317777	0.004523956278
317778	0.0006399843903
317779	0.0004632268674
317780	0.0001299592943
317781	0.002570606194
317782	0.0001438964469
317783	2.408131335e-05
317784	0.0008448306672
317785	0.0007399646317
317786	0.0002347384127
317787	0.0008599138083
317788	0.0002234059008
317789	0.002306245549
317790	0.0002624642596
317791	0.0002297079935
317792	0.002456966531
317793	0.0007811034603
317794	2.878571943e-05
317795	6.244818591e-05
317796	0.002985444885
317797	0.000694683722
317798	0.0009056523246
317799	0.0001914240874
317800	0.0008285372209
317801	0.0001132521226
317802	1.064151053e-05
317803	0.0001559048398
317804	0.0006314381384
317805	0.001444357671
317806	2.531665814e-05
317807	6.571550087e-05
317808	0.002632350876
317809	0.001070579738
317810	0.004179016561
317811	0.0001212349946
317812	0.000148475304
317813	0.0002077779574
317814	0.0006749067514
317815	0.002681655569
317816	0.003539809435
317817	0.002625864052
317818	0.001003232257
317819	0.001951273476
317820	0.001039847315
317821	0.0007101392837
317822	0.002015011544
317823	0.002638755769
317824	0.0003147281057
317825	0.0005704576456
317826	0.0007284433286
317827	0.001094746839
317828	0.000372293349
317829	0.0003934604258
317830	0.001811346128
317831	0.001148762159
317832	0.0004597625884
317833	0.0001765328712
317834	0.000330416025
317835	9.582091578e-05
317836	0.001087371351
317837	0.003516686349
317838	0.0002341150772
317839	0.001228151018
317840	0.001520689996
317841	0.0009336597891
317842	0.001563408444
317843	0.002765714111
317844	0.005588014209
317845	0.0004202923671
317846	0.001904569126
317847	0.0004004061996
317848	0.0003292374677
317849	0.0004651802037
317850	0.0005969859319
317851	0.001368798822
317852	0.0001093254297
317853	9.603524308e-06
317854	9.872679806e-06
317855	0.000287684192
317856	0.0003918314368
317857	0.00308306798
317858	0.0001205025147
317859	0.001859016411
317860	0.0004198999895
317861	0.0006774993857
317862	0.0006444790977
317863	0.0005693987308
317864	0.0009234716354
317865	0.000618654778
317866	0.001602613408
317867	0.001356799148
317868	0.003936616578
317869	0.0008976330214
317870	0.002326082192
317871	0.000971322152
317872	0.0009449870531
317873	0.001859373069
317874	0.002852431814
317875	0.001589548256
317876	0.00263901053
317877	0.004703288033
317878	0.0005767018417
317879	0.001022180506
317880	0.0002448302675
317881	0.001858879447
317882	0.0003199578486
317883	0.0003496569631
317884	0.00103838168
317885	0.0001772485948
317886	0.00350575191
317887	0.005081732187
317888	0.004172135566
317889	0.003644855795
317890	0.0002008249653
317891	8.956380469e-05
317892	0.001920921958
317893	0.002587312585
317894	7.217355097e-05
317895	0.0007617985868
317896	0.0007616308543
317897	0.0005496629757
317898	0.002183616816
317899	0.0003851515118
317900	0.0005771916159
317901	0.002261434333
317902	0.002961062599
317903	0.002591658573
317904	0.0005951046274
317905	0.001107285693
317906	3.461051243e-05
317907	0.001449810821
317908	0.0002685487549
317909	0.001104362241
317910	0.000118330269
317911	0.002358696336
317912	0.0002877954273
317913	0.001970948894
317914	0.0015399343
317915	0.0007840252697
317916	0.0003735544171
317917	0.002886038141
317918	0.002489962742
317919	0.0008764508043
317920	0.002863758902
317921	0.001242696637
317922	0.003305912542
317923	0.003755909789
317924	0.0007899167423
317925	0.0002966096569
317926	0.00133402259
317927	0.001425368578
317928	0.001942856735
317929	0.0006351269103
317930	0.0006698378392
317931	0.004548434517
317932	0.0008558941122
317933	0.001433631175
317934	0.0005539449691
317935	0.001661790781
317936	0.0007732639992
317937	0.002295661585
317938	0.001714088633
317939	0.002232023086
317940	5.799833208e-05
317941	0.0003771187261
317942	0.001485824313
317943	0.0003971414226
317944	0.00135124726
317945	0.001660396479
317946	0.002095965472
317947	0.001016134728
317948	0.0007146642769
317949	0.001624560512
317950	0.002125941063
317951	0.0006247305838
317952	0.001232451213
317953	0.001272260138
317954	0.002535306598
317955	0.001652246288
317956	0.001883808422
317957	0.0004286381888
317958	0.0004249101401
317959	0.00151366147
317960	0.0008031972838
317961	0.0001105430767
317962	0.001289613602
317963	0.0007942522013
317964	0.00052761036
317965	0.001996886405
317966	0.0008015914934
317967	0.003772954871
317968	0.003302837499
317969	0.001394711139
317970	0.002044050822
317971	0.0005194363734
317972	0.0007883283123
317973	0.002478074642
317974	0.0004363579019
317975	0.002556405546
317976	0.0002788296694
317977	0.003531087598
317978	0.0007837243904
317979	0.0002418301218
317980	0.0008727103143
317981	0.0005174543405
317982	0.001696715377
317983	0.0004606341974
317984	0.0007497415626
317985	0.003099647085
317986	0.001778283583
317987	0.00130158834
317988	0.0001656421491
317989	0.002246373354
317990	0.0009841224784
317991	0.00335206137
317992	0.000124538034
317993	0.0001714903702
317994	0.000799070863
317995	0.002491516386
317996	0.003507337667
317997	0.0006864402611
317998	0.002951711187
317999	0.0003977580772
318000	0.002473492879
318001	0.0009027836527
318002	0.0008234595166
318003	0.001816288643
318004	8.360995026e-05
318005	0.001167257981
318006	0.001260597996
318007	0.0005423652837
318008	0.001836934074
318009	0.001310032149
318010	0.001749709679
318011	0.0009595335585
318012	0.001807417604
318013	0.004459730242
318014	3.319778086e-07
318015	0.001884729494
318016	0.0005235325774
318017	0.0003114250782
318018	0.0007979110933
318019	0.001410239937
318020	0.0007225092993
318021	0.0001077588632
318022	0.00175813133
318023	0.002013614846
318024	0.001117346584
318025	0.001570438972
318026	0.0009779903049
318027	9.541647418e-05
318028	0.001908350968
318029	0.0004184967622
318030	0.001271203005
318031	5.706332178e-05
318032	0.0001635898651
318033	0.001435412071
318034	0.002328987015
318035	0.004838678725
318036	0.002356908482
318037	0.004633321351
318038	0.001914095875
318039	0.003921768195
318040	0.001794472814
318041	0.00202847025
318042	0.001531194522
318043	0.0006373354002
318044	0.0007885794162
318045	0.0006038489068
318046	0.0008950025251
318047	0.0008857470363
318048	0.0005130428532
318049	0.003787819608
318050	0.003027535395
318051	0.0005682417311
318052	0.001404381525
318053	4.50439301e-05
318054	0.003502128811
318055	0.001562869984
318056	0.001230745381
318057	0.00125740858
318058	0.002865009446
318059	0.0004599836792
318060	0.0009988355934
318061	0.0004193999637
318062	0.002091589221
318063	0.002130437471
318064	0.00290386725
318065	0.002175559554
318066	0.002545479125
318067	0.00190543194
318068	0.001866645538
318069	0.0005020988306
318070	0.003257913475
318071	0.001703529609
318072	0.002064538508
318073	0.001413907041
318074	0.001916337468
318075	0.001661422088
318076	0.001999685903
318077	0.001736858987
318078	0.003525553766
318079	0.001595656569
318080	0.001965817835
318081	0.00203421726
318082	0.00191740572
318083	0.001653249324
318084	0.001163598531
318085	0.001691306914
318086	0.001883182568
318087	0.002381941436
318088	0.003124684118
318089	0.001007642293
318090	0.0009822124172
318091	0.001217396393
318092	0.0001253991181
318093	0.001811646558
318094	0.002963324921
318095	0.001621897934
318096	0.001196991913
318097	0.00233081812
318098	5.526083112e-08
318099	0.002414212427
318100	0.002577530309
318101	0.002643523838
318102	0.001495556905
318103	0.0007839075328
318104	0.002641976127
318105	0.0003289125691
318106	0.0006397789618
318107	0.002490219429
318108	0.001203926101
318109	0.000734911389
318110	4.806586869e-05
318111	0.0001306519086
318112	0.0002668938962
318113	0.001024455345
318114	0.00147570587
318115	0.0002851285568
318116	0.00146882593
318117	0.0008740936049
318118	0.0001458887284
318119	0.0006725467151
318120	0.0003074457845
318121	0.0002813902215
318122	0.0003805271712
318123	1.847144448e-07
318124	0.001384644194
318125	0.0004370797582
318126	0.0005971341424
318127	7.595702555e-05
318128	0.0006667715201
318129	0.0008039081036
318130	1.202434751e-07
318131	3.307581972e-05
318132	0.001336949292
318133	0.0006046872517
318134	6.616198063e-06
318135	0.0006016037653
318136	0.0007452714812
318137	0.0003104679183
318138	0.0004159905371
318139	2.769428484e-17
318140	0.0003099529209
318141	0.003019476433
318142	0.0004474888296
318143	4.250990601e-07
318144	0.0007288411451
318145	0.001990287453
318146	0.001127669755
318147	0.0001479601649
318148	0.001488443749
318149	0.0005388422395
318150	0.001821534574
318151	0.001454947668
318152	0.0008495020231
318153	0.0004505291995
318154	0.0003048800331
318155	0.0009946419817
318156	0.001477656204
318157	0.0007494359265
318158	0.000891415689
318159	0.0002804490849
318160	0.0005652978863
318161	0.0002780330358
318162	0.0007273858477
318163	0.0005630678068
318164	0.001161846158
318165	0.0004181808743
318166	0.002153706367
318167	0.0007463626443
318168	0.0009097292277
318169	0.001619982669
318170	0.0001548054804
318171	0.001304252628
318172	0.002188758957
318173	0.0005642072194
318174	0.0008526935821
318175	0.0008763564691
318176	0.000146866289
318177	0.0002949226989
318178	0.0008819922956
318179	0.0007372695038
318180	0.0004416156063
318181	0.0002918856782
318182	0.0005885389822
318183	0.0004392681537
318184	0.0008799639738
318185	0.0004408313615
318186	5.523516463e-06
318187	0.0007424049391
318188	0.0004455018672
318189	0.001174708396
318190	0.0007379685562
318191	7.559208754e-06
318192	0.001472566299
318193	1.077279202e-06
318194	0.0005843769797
318195	0.0002970275814
318196	1.39521542e-06
318197	0.00132147688
318198	0.0004407552592
318199	0.0005859835223
318200	0.0004406918848
318201	0.00028625037
318202	0.000880361803
318203	0.0007319670014
318204	0.00102813858
318205	0.001323173139
318206	0.001023313516
318207	0.0001494653194
318208	0.0002970721191
318209	0.0005841935986
318210	0.000271347075
318211	1.855297201e-05
318212	0.00029596639
318213	0.0004343877708
318214	0.001615577366
318215	0.000596157938
318216	0.0004372851227
318217	0.0005893964072
318218	0.00014780966
318219	0.0001446186003
318220	1.817665983e-06
318221	2.68731375e-07
318222	0.0002993612268
318223	0.0002962763316
318224	0.001026217064
318225	0.001168998211
318226	0.002884110747
318227	0.001707003423
318228	0.007978397628
318229	0.0002042712575
318230	0.003268118159
318231	0.0004990381601
318232	0.004989986343
318233	0.003047395497
318234	0.001539658632
318235	0.002266455011
318236	0.003409787254
318237	0.001687105911
318238	0.000629469051
318239	0.00357269508
318240	0.0007974745059
318241	0.0005577444557
318242	0.0007271410671
318243	0.000291983949
318244	0.003196181726
318245	0.004956889047
318246	0.00223910933
318247	0.0001459269483
318248	0.004733131746
318249	0.009687050926
318250	0.000296508824
318251	0.002541066721
318252	0.002458357083
318253	0.001150154121
318254	0.001860307758
318255	0.0001967430626
318256	0.0001982856207
318257	0.0008313577433
318258	5.308306659e-05
318259	7.572780523e-08
318260	0.0003266084113
318261	0.0002230973895
318262	0.0002232015987
318263	8.332350105e-05
318264	0.0002784356636
318265	0.000223371316
318266	0.001594968193
318267	0.003077160442
318268	0.001179133433
318269	0.0006978627757
318270	0.00519586939
318271	0.002067891644
318272	0.003139761613
318273	0.001298988558
318274	0.003186813726
318275	0.002258329355
318276	0.001506962559
318277	6.381314423e-05
318278	9.707853726e-05
318279	0.002069291979
318280	0.0002905635541
318281	5.710602632e-07
318282	0.0003527184391
318283	0.0006221956004
318284	0.0006626979596
318285	0.0003194623646
318286	4.540866312e-07
318287	4.687007818e-06
318288	1.847812059e-06
318289	6.022650875e-08
318290	1.675221862e-06
318291	6.207633341e-07
318292	5.969704811e-07
318293	3.67401685e-07
318294	3.139858048e-06
318295	3.418425753e-06
318296	7.485812972e-06
318297	3.767402284e-06
318298	5.159200413e-06
318299	1.658234272e-06
318300	2.268968789e-06
318301	4.586726956e-06
318302	3.277859058e-06
318303	3.179527432e-06
318304	6.037197072e-06
318305	2.799913783e-06
318306	7.184979826e-07
318307	5.153769351e-06
318308	2.514942841e-06
318309	4.372561995e-06
318310	1.372101099e-06
318311	0.0004607006582
318312	0.0003291053999
318313	2.337447552e-05
318314	0.0002901028017
318315	0.0002901422613
318316	0.0003721599552
318317	0.0003547599801
318318	0.0003238952309
318319	0.0002475887252
318320	0.0004798843088
318321	0.0003084768198
318322	0.0004327981559
318323	0.0001492014103
318324	0.0002556155328
318325	0.0002449533329
318326	0.0002201132902
318327	0.0001027781182
318328	6.887924187e-05
318329	1.430119639e-06
318330	0.0001560152411
318331	0.000105377335
318332	0.0004911397296
318333	0.0001236745274
318334	0.0004011267848
318335	5.328171871e-05
318336	0.0004054627239
318337	0.000814255342
318338	0.0007646888356
318339	0.0005240304822
318340	0.0007890731039
318341	0.000284284992
318342	0.0006305676811
318343	0.0009842119693
318344	0.0005522898446
318345	0.0002863575339
318346	2.517556295e-05
318347	5.992245511e-05
318348	3.165729279e-06
318349	0.0005233811473
318350	0.0005471138936
318351	0.000825931686
318352	9.192419965e-06
318353	0.0004273649029
318354	0.0001055310356
318355	0.000853418658
318356	7.489691742e-05
318357	3.709618018e-05
318358	0.0006898247117
318359	9.079969401e-05
318360	3.304878e-05
318361	2.622936849e-05
318362	1.373231654e-06
318363	0.000299674996
318364	0.0003673853196
318365	2.072998187e-05
318366	0.0002045901015
318367	0.0002743816364
318368	7.218848927e-05
318369	0.0006078765662
318370	0.0002626262278
318371	0.0001301068654
318372	0.0002070720463
318373	0.0001776801819
318374	0.0008522295328
318375	0.0003522543218
318376	0.0008551601538
318377	0.0006020365737
318378	0.0001659016271
318379	6.496700249e-05
318380	1.023067113e-05
318381	6.139180474e-05
318382	7.759414228e-06
318383	0.00036235875
318384	6.956984314e-05
318385	0.000366247586
318386	0.0001962339646
318387	0.000457931248
318388	3.949929354e-06
318389	0.0007521281165
318390	0.0002072617206
318391	0.0004701715776
318392	0.0006620572598
318393	2.854273602e-05
318394	4.886490159e-07
318395	0.0002123936452
318396	7.556627206e-05
318397	0.0003369932666
318398	0.001999497619
318399	0.001272712638
318400	0.001669214074
318401	0.001723590899
318402	0.001155140022
318403	0.001035263893
318404	0.0009277509027
318405	0.00119263415
318406	0.001077413785
318407	0.00106530488
318408	0.0002265306212
318409	0.002860148112
318410	0.002108096217
318411	0.001699913927
318412	0.000179596816
318413	0.002501075613
318414	0.002471500558
318415	0.001732904
318416	0.0006424475213
318417	0.002248510097
318418	0.0003778270954
318419	0.002885442524
318420	0.0002288889563
318421	0.001191379313
318422	0.002404072136
318423	0.0004441513553
318424	0.0004970409693
318425	0.00179466541
318426	0.003647553402
318427	0.0002407925229
318428	0.0001353212929
318429	0.002028803804
318430	0.001154623166
318431	0.0004702981214
318432	0.002798524026
318433	0.000489625731
318434	0.001473071471
318435	0.003849017571
318436	0.001971552302
318437	0.003964706047
318438	0.0001940668657
318439	0.0005918683402
318440	0.002673875022
318441	0.0005553018447
318442	0.002954282405
318443	0.0004675123195
318444	6.044075973e-05
318445	0.002321308878
318446	0.004266570382
318447	0.003770356529
318448	0.002953279323
318449	0.001057390132
318450	0.001065684664
318451	0.0009122646763
318452	0.003297329626
318453	0.001325946912
318454	0.0004192667748
318455	0.004504942154
318456	0.001672069347
318457	0.006479317118
318458	0.0003004948253
318459	0.004335789862
318460	0.002920983142
318461	0.0001054840065
318462	0.0007965949133
318463	0.003674465545
318464	0.00102861263
318465	0.003847079854
318466	0.001055688693
318467	0.002962614967
318468	0.002645306324
318469	0.005807166984
318470	0.004561553854
318471	0.0001936678192
318472	0.0007127506961
318473	0.0006670255202
318474	0.003161239861
318475	0.001655508179
318476	8.828130236e-05
318477	0.0006074529295
318478	0.0002617308661
318479	0.000666043545
318480	0.001566381347
318481	0.0006988133262
318482	0.0007664592748
318483	1.719225854e-07
318484	0.0001525439692
318485	7.34390284e-05
318486	8.415341996e-05
318487	0.0007660770781
318488	0.0006866984685
318489	3.945743342e-05
318490	0.0006221758372
318491	0.0001915271582
318492	0.0006883455741
318493	0.001982857152
318494	0.0005492531454
318495	0.000451242047
318496	0.00115303888
318497	0.001220014835
318498	0.0007249881663
318499	2.507885609e-05
318500	0.0001627466276
318501	6.326076021e-05
318502	0.001290656041
318503	3.942121024e-05
318504	7.371888488e-05
318505	0.001088163871
318506	0.001306908038
318507	0.004944215284
318508	0.0004656718546
318509	0.001073213855
318510	0.00189794542
318511	0.003707173836
318512	0.0001019511311
318513	0.001005498396
318514	0.0007781585555
318515	0.0006765760966
318516	0.002866006619
318517	0.001709302057
318518	0.0005323911365
318519	0.001156068617
318520	0.0006529527843
318521	0.0002861478087
318522	0.0006879230142
318523	0.001730849061
318524	0.0005495188673
318525	0.0008093953495
318526	0.0005068950536
318527	0.0003499687788
318528	0.001644028866
318529	0.00107712475
318530	0.002493216833
318531	0.001165950472
318532	4.87236672e-06
318533	0.001936705122
318534	0.0003305742775
318535	0.001120018036
318536	0.002708830748
318537	6.941783399e-05
318538	0.001543326879
318539	9.434026622e-05
318540	0.001449748698
318541	0.004123408697
318542	4.046424378e-05
318543	0.001240626753
318544	0.0006823341468
318545	0.005283265735
318546	0.0002862533288
318547	0.002819107857
318548	0.0008554033833
318549	0.001352989566
318550	0.001263966721
318551	6.874209487e-05
318552	0.004803719458
318553	0.002065204761
318554	0.0006578385015
318555	0.0001350033433
318556	0.000586423341
318557	0.002115824921
318558	0.000102408062
318559	0.001816879876
318560	0.0004039831864
318561	0.000327199687
318562	0.000981732024
318563	0.0001895585124
318564	0.001049657553
318565	0.00332875015
318566	0.0008237745158
318567	0.0002787092865
318568	0.0008445928979
318569	0.003567342748
318570	0.001459805743
318571	0.000561714724
318572	0.0004284362733
318573	0.00149924331
318574	0.002866907205
318575	0.001685484258
318576	6.545649308e-05
318577	0.00209022433
318578	0.0007029667492
318579	0.001504527821
318580	0.001278579651
318581	0.0009448864511
318582	0.0009814806951
318583	0.001653756783
318584	0.002947740361
318585	0.000680696042
318586	1.78981354e-05
318587	0.0001575725063
318588	0.002316489659
318589	0.0004645131146
318590	0.003570251007
318591	0.0008760134131
318592	0.001918150388
318593	8.032870182e-05
318594	0.001441395345
318595	0.0006314197169
318596	0.0003891770109
318597	0.002622759532
318598	0.000419639405
318599	0.0005610313993
318600	0.001869716339
318601	0.002630445702
318602	0.0006961232111
318603	0.001314916684
318604	0.0006541962853
318605	0.0002875129857
318606	0.0009970960488
318607	0.001199259979
318608	0.001738136791
318609	0.00134878724
318610	0.001306422594
318611	0.0004009278387
318612	0.0005632581327
318613	0.0006165811644
318614	0.000763218264
318615	0.0005638819552
318616	0.0008779313691
318617	0.003352505237
318618	0.0002671768628
318619	0.0008440245829
318620	0.0007825045874
318621	0.002242185447
318622	0.002146849465
318623	0.002921790857
318624	0.00242694771
318625	0.00345680082
318626	0.00277774821
318627	0.000162902935
318628	0.001944702717
318629	0.002173555425
318630	0.0006765048315
318631	7.008402646e-05
318632	0.004117111917
318633	0.000849412106
318634	0.002437279274
318635	0.002510792371
318636	9.381247173e-05
318637	0.001540068481
318638	0.002774366806
318639	0.0003877415989
318640	3.105157815e-05
318641	0.001159800002
318642	0.002930163345
318643	0.002202673037
318644	0.002983566692
318645	0.0008270880072
318646	0.001155448933
318647	0.001284131261
318648	0.001381701301
318649	0.004158837632
318650	0.001399901381
318651	0.00135362253
318652	0.001692854143
318653	0.000436659594
318654	0.002221226724
318655	0.002485563457
318656	0.003292554364
318657	0.001785082308
318658	0.003448527161
318659	0.0004521462023
318660	0.002296704013
318661	0.0004028297699
318662	0.001191656446
318663	0.002463644938
318664	0.0005308361964
318665	0.0007384947333
318666	7.40049493e-05
318667	0.002340213267
318668	0.001465398359
318669	0.003344383995
318670	0.001264485658
318671	0.002750341018
318672	0.005237188287
318673	0.0001903077712
318674	0.001858806494
318675	0.002164102495
318676	0.001680087788
318677	0.001296718502
318678	0.001605633851
318679	0.002250606579
318680	0.00230814351
318681	0.001536588331
318682	0.003780544433
318683	0.003341997748
318684	0.002375043682
318685	0.002574973902
318686	0.003691230524
318687	0.001278019711
318688	0.0007518280562
318689	0.0004776309206
318690	0.001392928681
318691	0.002558609383
318692	0.0004880273859
318693	2.781677518e-05
318694	0.00120462862
318695	0.002596147031
318696	8.9791264e-05
318697	0.004185842091
318698	0.0007193881971
318699	0.0002476034626
318700	0.000287760746
318701	0.0002119743291
318702	0.000305541699
318703	0.0001758144204
318704	0.000690527547
318705	0.0007316039784
318706	0.0002608909262
318707	0.002972264973
318708	7.877055967e-05
318709	0.001314557587
318710	0.0004864804181
318711	0.000307339378
318712	4.549334686e-05
318713	0.00318808893
318714	0.000128911265
318715	0.002469471819
318716	0.003928587862
318717	0.0009245130274
318718	0.0006861469485
318719	0.002119313903
318720	0.003081624279
318721	0.001165762951
318722	0.0007787001257
318723	0.001225045263
318724	0.002397684083
318725	0.0009530114062
318726	0.004566064845
318727	0.0001151081656
318728	0.001337119989
318729	0.009123455617
318730	0.002628424922
318731	0.001244485826
318732	3.108610943e-05
318733	0.001832220743
318734	0.002010510674
318735	0.002260639903
318736	0.00211089592
318737	0.002142658819
318738	0.0009694821935
318739	0.003584477389
318740	0.0003629142149
318741	0.004435169903
318742	0.0002664336746
318743	0.002414950123
318744	0.0006334660112
318745	0.004691097467
318746	0.00174712178
318747	0.0005903359681
318748	0.004413021889
318749	0.005094917632
318750	0.0008514370521
318751	0.002621657991
318752	0.004175557284
318753	0.0009359534642
318754	0.003277784617
318755	0.001559250542
318756	0.0003990391143
318757	0.002874842876
318758	0.003964846843
318759	0.003913771043
318760	0.0006497081861
318761	0.0002661322445
318762	0.0007465105307
318763	0.002648714266
318764	0.0004561723316
318765	0.0007580469335
318766	0.0008869270514
318767	0.002035725866
318768	0.001684307744
318769	0.001193068747
318770	0.0004427195604
318771	0.001512886948
318772	0.0006964051043
318773	0.002335947771
318774	0.0009073062902
318775	0.0009491903292
318776	0.0004847445728
318777	0.000255969088
318778	0.0007883362223
318779	0.000674210375
318780	0.0001307656855
318781	0.0005056649067
318782	0.0009675889112
318783	0.001923769528
318784	0.0002926394637
318785	0.00138926125
318786	0.0004710326926
318787	0.0003854726534
318788	0.001136700472
318789	0.00151936995
318790	0.001456637855
318791	0.001015750328
318792	0.001034523194
318793	0.003358249166
318794	0.0003505316911
318795	0.0005900907597
318796	0.0008929290653
318797	0.000688531956
318798	0.00291674672
318799	0.001653404556
318800	0.003070589334
318801	0.0001524289566
318802	0.001351840685
318803	0.002919695668
318804	0.0003241108161
318805	0.0004995995898
318806	0.001109370418
318807	0.0003157280429
318808	0.001463163389
318809	0.0009632956226
318810	0.0004428401197
318811	1.773007698e-05
318812	0.001734710434
318813	0.0007331878912
318814	1.984140652e-05
318815	0.0003854463419
318816	0.0005638026912
318817	0.0009916311609
318818	0.003232625441
318819	0.0002875351687
318820	0.001700805233
318821	0.0008480609284
318822	0.001826038865
318823	0.0003879297305
318824	0.002059515819
318825	0.0002151977458
318826	0.002216351372
318827	0.0003067819867
318828	0.0005859256799
318829	0.000287597313
318830	0.002197029694
318831	0.0003452672797
318832	0.0002876445292
318833	0.002698424718
318834	0.001361196986
318835	0.001479073871
318836	0.0009063829752
318837	0.001313243798
318838	0.001812187982
318839	0.0004429781335
318840	0.0006889524148
318841	0.0009935353284
318842	0.0003896514152
318843	0.0001668569493
318844	0.001887306533
318845	0.0001177838115
318846	0.001058223773
318847	0.001563419423
318848	0.0005438443461
318849	4.093291985e-05
318850	0.0008207583733
318851	0.0002920435397
318852	0.0002352884033
318853	0.002629647204
318854	0.002055736722
318855	0.0004489151506
318856	0.002133545669
318857	0.0004405859629
318858	0.0009551210294
318859	0.00021452017
318860	0.002870879149
318861	0.002038128371
318862	0.002333538226
318863	0.001765934206
318864	0.001091472078
318865	0.00120126971
318866	0.003514548941
318867	0.0008901591594
318868	0.0002678799401
318869	0.002264247675
318870	0.001178202676
318871	0.0002692707975
318872	0.001106381342
318873	0.00153477389
318874	0.0007486648274
318875	0.003228872307
318876	0.0007214402744
318877	0.0006948278067
318878	0.0008712562022
318879	0.003147723015
318880	0.0036261555
318881	0.0008929714703
318882	0.002721380283
318883	0.002557430089
318884	0.0001736256695
318885	0.001096675208
318886	0.003894751806
318887	0.0005191295639
318888	0.0005044114746
318889	0.000115524789
318890	0.0006149902319
318891	0.0006948825627
318892	0.002422330519
318893	0.00254094687
318894	0.0009233391595
318895	0.001581795056
318896	0.0006249740374
318897	0.001883067148
318898	0.0006877774398
318899	0.001394562626
318900	0.001461555276
318901	0.001177391024
318902	0.002178074865
318903	0.0007680731507
318904	0.000360833081
318905	0.0004908561431
318906	0.001515277549
318907	0.00266454782
318908	0.0006107758346
318909	0.0004267511415
318910	0.000772707792
318911	0.0007795548351
318912	0.0005595495625
318913	0.002109419212
318914	0.001027057877
318915	0.001144525155
318916	0.001221839777
318917	0.0006036210622
318918	0.0003004180983
318919	0.002658181223
318920	0.001881390528
318921	0.001899066194
318922	0.0006655795686
318923	0.0001598828862
318924	0.0002467274144
318925	0.0003940157428
318926	0.0005288328788
318927	0.001366330574
318928	0.0003977287425
318929	0.0004096142337
318930	0.0008047448238
318931	0.001603891627
318932	0.001345229191
318933	0.0008462827942
318934	0.00123629076
318935	0.000128514505
318936	0.0002627112934
318937	0.0008779637109
318938	0.0007706169778
318939	0.0005657777726
318940	0.0006814096509
318941	0.0001253014805
318942	0.001364425458
318943	0.002661450487
318944	0.001870774675
318945	0.001278085441
318946	0.002086953165
318947	0.002811576467
318948	0.00141090701
318949	0.0002786883487
318950	0.004816442715
318951	0.0001056167863
318952	0.001862283578
318953	0.0002646029691
318954	8.097415865e-05
318955	0.0004437903027
318956	0.0005675133178
318957	0.0002332516454
318958	0.0003163832736
318959	0.0002003255524
318960	0.0005333335987
318961	0.0002615519905
318962	0.0002193099203
318963	0.001666410722
318964	0.0001619949029
318965	6.100769024e-05
318966	0.001506497747
318967	0.0005171440321
318968	0.000137430679
318969	0.0004024756408
318970	6.826768325e-05
318971	0.0005140766257
318972	0.001919615631
318973	1.799649652e-05
318974	1.258333901e-05
318975	0.000815792574
318976	0.003007133984
318977	0.0002090584804
318978	0.0003557838265
318979	0.0001794272276
318980	0.0005928528499
318981	0.001929298618
318982	0.001895005281
318983	0.000808618281
318984	0.00109906013
318985	0.0006586417016
318986	0.001457826445
318987	0.00284898035
318988	0.003659224831
318989	0.002455106308
318990	0.0006318374626
318991	0.002320063573
318992	0.00354155125
318993	0.002217506773
318994	0.0006010989595
318995	0.002290464973
318996	0.003100569385
318997	0.0005775519047
318998	0.003224246602
318999	0.001295294114
319000	0.0002227222078
319001	0.0009350172944
319002	0.002763551034
319003	0.0003112753871
319004	0.0004994086577
319005	0.001239866494
319006	0.0005780488982
319007	0.002363088938
319008	0.0001627494028
319009	0.001894460593
319010	0.002396290058
319011	0.0002229925736
319012	0.001069696109
319013	0.0003901189867
319014	0.0004332774214
319015	0.004163940653
319016	0.003432932609
319017	0.0009268879802
319018	0.0009987493526
319019	0.002540534678
319020	4.067389493e-05
319021	0.001084350759
319022	0.001364613832
319023	0.001983285473
319024	0.001073278326
319025	0.001581548484
319026	0.001753018345
319027	0.0004244326136
319028	0.000150809678
319029	0.0004248888513
319030	0.003121251489
319031	0.0003502493665
319032	0.0007747317022
319033	0.0003854002521
319034	0.002041272288
319035	0.0001727376239
319036	0.001979559534
319037	0.001716286978
319038	7.032071272e-05
319039	0.001673641666
319040	0.0001019093349
319041	0.002702901257
319042	0.001012801194
319043	4.190583848e-05
319044	0.0005605692939
319045	0.0005934868567
319046	0.0007502318749
319047	0.001016437542
319048	0.0007240017701
319049	0.00107949346
319050	0.001650939129
319051	0.001448091956
319052	0.0002022659556
319053	0.002246714865
319054	0.0002994697458
319055	0.001023554707
319056	0.0008775785834
319057	0.0008827310285
319058	0.0001286643492
319059	0.002612957478
319060	0.0006933303324
319061	0.001480017504
319062	0.00087713954
319063	0.0003003313141
319064	0.002672711584
319065	0.001696905265
319066	0.00325106527
319067	0.0001514529597
319068	0.0001595837197
319069	0.0004147575208
319070	0.0009632757233
319071	0.0007333942306
319072	0.0002756958364
319073	0.001980536604
319074	0.0004205575143
319075	0.0001708733434
319076	0.001358025321
319077	0.0002439961053
319078	0.001163979883
319079	0.000508561082
319080	0.0001563970475
319081	0.001972136019
319082	0.0006116294943
319083	0.001962175401
319084	0.002922742519
319085	0.001870877312
319086	0.000505836454
319087	0.002492291504
319088	0.0004784050531
319089	0.001428579597
319090	0.0008966461464
319091	0.0009338762198
319092	0.001395180225
319093	0.0002006703244
319094	0.001220883848
319095	0.0001767697219
319096	0.001961571416
319097	7.702270775e-05
319098	0.001611252534
319099	0.0009376615645
319100	0.00225873867
319101	0.0003405991741
319102	0.001426521075
319103	0.001373052088
319104	0.0003216080824
319105	0.0003645467183
319106	0.0006281992108
319107	0.0005285441357
319108	0.0007455951424
319109	0.000781673075
319110	0.003231246866
319111	0.0007927736389
319112	0.003427893787
319113	0.002561330042
319114	0.0003946678389
319115	0.001078416606
319116	0.000909832263
319117	0.002332646426
319118	0.001844282893
319119	3.712842453e-05
319120	0.001668897075
319121	0.00214144052
319122	0.003251397986
319123	0.002247995603
319124	0.001230995611
319125	0.001536850028
319126	0.003131715933
319127	0.0001320598113
319128	0.001533688428
319129	0.0007487467614
319130	0.0009900828002
319131	0.0008255034627
319132	0.0003957590363
319133	0.0002777814537
319134	0.0001646017389
319135	0.0001026295953
319136	6.75170542e-05
319137	0.0006633372721
319138	0.0001477949363
319139	0.0005063129178
319140	0.001366926218
319141	0.001046768529
319142	0.0001117034194
319143	0.0003739257197
319144	0.0008139300165
319145	0.0001050709679
319146	0.00162882928
319147	0.0004109804856
319148	0.0003664058172
319149	0.0006708803203
319150	0.001017650844
319151	0.0009910579714
319152	0.0003986457199
319153	9.404662626e-05
319154	0.000157813617
319155	0.0003760476925
319156	0.0001260817253
319157	0.001002155018
319158	0.0002778872908
319159	0.001798184916
319160	0.002121652217
319161	8.763877906e-05
319162	0.0002704454155
319163	3.030338794e-05
319164	0.001693477421
319165	0.0003299675614
319166	0.0008200578237
319167	0.002399216889
319168	0.002252832893
319169	0.001429914507
319170	0.0001220791767
319171	0.001598300939
319172	0.0005840952908
319173	0.001542033016
319174	0.0005051389445
319175	0.0018144968
319176	0.0001724917944
319177	0.001409767901
319178	0.004106155443
319179	0.0003209077607
319180	0.000497290236
319181	0.002567551291
319182	0.001657765872
319183	0.00159563656
319184	0.0005694616677
319185	0.0004096887358
319186	0.001881038858
319187	0.00146063947
319188	0.000218418031
319189	0.0006587944731
319190	0.003021368115
319191	0.003391525127
319192	0.002544158748
319193	0.0034118343
319194	0.0001826653331
319195	0.002487827345
319196	0.001138977059
319197	0.0002660541921
319198	0.0006925279156
319199	0.001147660643
319200	0.00101126935
319201	0.002602331735
319202	0.0006181336786
319203	0.001400570376
319204	0.0005408834857
319205	0.0002703702045
319206	0.002673648282
319207	0.001139734027
319208	0.002628272841
319209	0.0008725348142
319210	0.00044412288
319211	0.0008724938406
319212	0.0003262561891
319213	0.0004328410876
319214	0.00111855849
319215	0.004427787071
319216	0.0001798077244
319217	0.001058683911
319218	0.00309315901
319219	0.004040960934
319220	0.001294505582
319221	0.002389705797
319222	0.002429521451
319223	0.0001226773477
319224	0.0007478976618
319225	0.0008063333026
319226	0.001405204981
319227	0.001329034614
319228	0.0008932198013
319229	0.002333520909
319230	0.0001598117964
319231	0.002130863259
319232	0.002107064068
319233	0.003063083778
319234	0.000991665729
319235	0.001617785005
319236	0.002875260238
319237	0.002401526485
319238	0.003256848375
319239	0.0003855215384
319240	0.002228457893
319241	0.0009969535516
319242	0.001780931375
319243	0.0008989933805
319244	3.184187694e-05
319245	0.0008949944827
319246	0.001293223542
319247	0.001682218611
319248	0.0006849047836
319249	0.0002597856451
319250	0.0005896384262
319251	0.002187261279
319252	0.0006957470897
319253	0.0001003442618
319254	0.0004551206243
319255	0.0006577602858
319256	0.001860368467
319257	0.0001099700876
319258	0.0005145644351
319259	0.001192566882
319260	0.002395471489
319261	0.001115991407
319262	0.0001604852783
319263	0.00051118801
319264	9.551176324e-05
319265	0.003480555927
319266	0.001660492182
319267	0.0003193110311
319268	0.001827330145
319269	0.001909800074
319270	0.001304375866
319271	0.0001074150242
319272	0.001749008341
319273	0.002147384251
319274	0.001087955928
319275	0.001503256988
319276	0.0001235237766
319277	0.000349177098
319278	0.0004905774982
319279	0.0001799289403
319280	0.0003808959837
319281	0.001073814188
319282	0.00175731315
319283	0.001132807257
319284	0.004955355041
319285	0.00169920575
319286	0.005715179444
319287	0.0008260685684
319288	6.351902946e-05
319289	0.0003890109362
319290	0.000544393561
319291	0.00317323402
319292	0.0001231620983
319293	0.0002497690882
319294	0.0003450993731
319295	0.0001644163079
319296	0.00068338528
319297	0.0006202419829
319298	0.002321024985
319299	0.002989772972
319300	0.003052662631
319301	0.0008075038569
319302	0.0007174026214
319303	4.831586517e-05
319304	0.0004892395149
319305	0.0002017033541
319306	0.000688042141
319307	0.0006600641225
319308	0.000615395797
319309	0.0006433256816
319310	0.0006891813393
319311	0.002048736351
319312	0.0001136667995
319313	0.0008394514884
319314	0.0006682673196
319315	0.000152370568
319316	0.00166441667
319317	0.0008958386101
319318	0.0006936360124
319319	0.0009970650841
319320	0.0005228779996
319321	0.003792215779
319322	0.006065140331
319323	0.001140077004
319324	0.001969584468
319325	0.002469427924
319326	0.002147061723
319327	0.002241318797
319328	0.00187495291
319329	0.0006159422766
319330	0.002575748154
319331	0.0009821121347
319332	0.002006526031
319333	0.001917281813
319334	0.001928126088
319335	0.001942636804
319336	0.002526957116
319337	0.001478349215
319338	0.001965201662
319339	0.001490710603
319340	0.002023605091
319341	0.001963116078
319342	0.000554525599
319343	0.0001573234422
319344	0.001041769745
319345	0.001211598786
319346	0.0002009931818
319347	0.000943684931
319348	0.0006501669822
319349	0.0001764294557
319350	0.0002541533915
319351	0.0008800213954
319352	0.001011964392
319353	0.0009839482712
319354	0.0002651953726
319355	0.001016464022
319356	0.0003903909018
319357	0.00163102251
319358	0.005041494155
319359	0.004136694951
319360	0.005589076852
319361	0.0007194052379
319362	0.002169588117
319363	0.002261490744
319364	0.002180555623
319365	0.0001284281784
319366	0.002963740606
319367	0.003087061561
319368	0.0009263316376
319369	0.003641631259
319370	0.001289856699
319371	6.066249478e-05
319372	1.488972392e-07
319373	0.0009488750984
319374	0.0006799316242
319375	8.329839326e-07
319376	0.0001717321774
319377	0.001270007767
319378	0.0004448503551
319379	0.0007186960387
319380	4.901060733e-07
319381	2.438664389e-06
319382	4.648313053e-06
319383	2.294835135e-07
319384	3.072604542e-06
319385	6.873156022e-06
319386	4.396647203e-07
319387	1.252091542e-07
319388	3.201034806e-07
319389	5.541282275e-06
319390	8.977911457e-06
319391	3.783057084e-06
319392	9.762746825e-08
319393	1.832671379e-07
319394	4.592686745e-06
319395	9.107316334e-06
319396	2.532749111e-06
319397	1.255687865e-06
319398	2.3067742e-07
319399	2.096227525e-06
319400	4.546431378e-06
319401	3.795161799e-07
319402	3.566691933e-06
319403	4.462341356e-06
319404	1.351492805e-06
319405	2.749635689e-06
319406	2.728418257e-06
319407	6.559411924e-06
319408	1.058727382e-06
319409	2.016084705e-06
319410	4.047519632e-06
319411	1.75002382e-07
319412	2.733491146e-06
319413	2.314716866e-05
319414	1.585781184e-06
319415	1.144162369e-06
319416	9.713236239e-07
319417	3.560040163e-06
319418	6.838571705e-06
319419	7.632851135e-06
319420	9.19478829e-07
319421	1.38852828e-06
319422	7.623704543e-07
319423	1.773351259e-06
319424	1.096445053e-07
319425	1.172016925e-06
319426	2.775604378e-06
319427	3.168185318e-06
319428	2.460101133e-06
319429	9.778642846e-06
319430	7.915348988e-06
319431	1.41434101e-06
319432	9.133241163e-07
319433	5.434561622e-06
319434	8.69830335e-06
319435	6.326025061e-06
319436	3.891517436e-06
319437	3.783432313e-06
319438	2.571134436e-06
319439	8.125681261e-07
319440	1.823943677e-06
319441	4.220882265e-06
319442	2.194049923e-06
319443	7.029791727e-06
319444	4.672381243e-06
319445	1.439814133e-05
319446	6.782282661e-06
319447	1.761319602e-06
319448	1.948923788e-06
319449	5.192408082e-06
319450	1.625306807e-06
319451	1.841735314e-06
319452	1.603830973e-07
319453	6.42663e-07
319454	1.970838116e-06
319455	2.078187353e-06
319456	3.618127384e-06
319457	7.012058556e-06
319458	7.167729348e-07
319459	8.160718799e-07
319460	1.192254873e-06
319461	3.007626769e-06
319462	1.105178612e-05
319463	5.83087535e-06
319464	2.000295897e-06
319465	5.67905913e-06
319466	0.0001437916155
319467	0.0004112110651
319468	0.0003441716957
319469	0.0002887016578
319470	0.000438101872
319471	0.0001430631011
319472	0.0001381009118
319473	0.000481776346
319474	1.911062977e-05
319475	1.165078861e-05
319476	0.0003592818794
319477	1.670043524e-05
319478	5.806260382e-05
319479	0.0001337432072
319480	0.0006146100982
319481	0.0001397976662
319482	0.0009343793255
319483	0.000466920776
319484	0.000214751348
319485	0.0004828018969
319486	0.0004239349773
319487	0.0002918240311
319488	0.0007801174616
319489	0.0003261442212
319490	6.488507676e-05
319491	0.0009324421769
319492	3.02855597e-07
319493	0.0007044655263
319494	0.0006133562219
319495	0.0008891864852
319496	1.121861621e-05
319497	0.000414278589
319498	8.998861799e-05
319499	0.0003196006327
319500	0.0002525669024
319501	1.027747942e-05
319502	0.003789334821
319503	0.0005085280938
319504	4.616011473e-05
319505	1.719225855e-07
319506	6.754101564e-08
319507	1.96482955e-07
319508	2.609539243e-07
319509	0.0006891010433
319510	0.0004450110142
319511	7.877524425e-05
319512	0.003113226737
319513	0.002791612286
319514	0.002577962121
319515	0.0002533426063
319516	0.001694274728
319517	0.003222989773
319518	0.0002653123542
319519	0.001185113031
319520	0.001560876769
319521	0.0005909707766
319522	0.0002020908941
319523	0.0009370593581
319524	0.001112779063
319525	0.001221355245
319526	0.0004189951144
319527	0.000317226001
319528	0.0002941194382
319529	0.003458400998
319530	0.001091644073
319531	0.001600572375
319532	0.0001671774721
319533	0.0002281212185
319534	0.0002338213378
319535	0.0008973405567
319536	0.000552612907
319537	0.001104197075
319538	0.0007648337899
319539	0.000680309985
319540	0.001008942395
319541	0.0005855178027
319542	2.077338208e-05
319543	0.0004981636881
319544	0.0003812179646
319545	0.0009650449305
319546	0.0008725888227
319547	0.0005082200849
319548	0.0005402913042
319549	0.0008526766195
319550	0.004743553467
319551	3.868945121e-05
319552	0.0003763297963
319553	0.0008051401561
319554	0.0008955307239
319555	0.0001219018957
319556	7.427000373e-05
319557	0.0007309454966
319558	0.0006032426185
319559	0.0003036670277
319560	0.00118384298
319561	0.0007097362466
319562	0.000534606092
319563	0.0005734927814
319564	0.0007913596473
319565	0.0007897449963
319566	0.002505679097
319567	0.0007836739365
319568	0.000824334258
319569	0.0006799284506
319570	0.0006847871578
319571	0.0008057816919
319572	0.001002723576
319573	0.0007814837914
319574	0.0008804737315
319575	0.0006407352503
319576	0.0005666417077
319577	0.0007886374856
319578	0.001600426531
319579	0.00080853603
319580	0.0004432899842
319581	6.766588523e-06
319582	0.001221133334
319583	0.000615159246
319584	0.0006095790225
319585	0.0005625927117
319586	0.000499062108
319587	0.000935186525
319588	0.001833299872
319589	0.0006026758596
319590	0.001768780065
319591	0.001316430699
319592	0.001730636169
319593	0.001467497602
319594	0.001767279788
319595	0.000645936466
319596	0.0006670678188
319597	0.001334199085
319598	0.004121694297
319599	0.002146676537
319600	0.0002329251782
319601	0.001005578955
319602	0.002426354563
319603	0.002704458146
319604	0.000422251212
319605	0.00103086426
319606	0.00113532043
319607	0.0002054830853
319608	0.0007456304222
319609	0.001230590844
319610	0.002489283367
319611	0.0009313606918
319612	0.0005462385162
319613	0.001078127881
319614	0.0006667409083
319615	0.0006309374223
319616	0.0008271668215
319617	0.0006273150259
319618	0.0006806766193
319619	0.0004063845103
319620	0.000768463555
319621	5.120384843e-05
319622	0.0005788051512
319623	0.0007979022917
319624	0.003251811213
319625	0.0002886189024
319626	0.0002041239813
319627	0.0004491198373
319628	0.001422781679
319629	0.002512108627
319630	0.003792661958
319631	0.0004703830504
319632	0.001760396378
319633	0.0009920857583
319634	0.0007788835473
319635	0.003177573793
319636	0.00264165214
319637	0.0004656258832
319638	0.001841075842
319639	0.003019801289
319640	0.001178714521
319641	0.001306397581
319642	0.002554163388
319643	0.0002425318255
319644	0.002666033602
319645	0.00260561409
319646	0.0002795307733
319647	0.001394716382
319648	0.002221730434
319649	0.002952948064
319650	0.001688333443
319651	0.0007114958696
319652	0.002477493918
319653	1.880631395e-05
319654	0.001964295821
319655	0.003640762847
319656	0.0003122127746
319657	0.0005309976975
319658	0.002504754629
319659	0.001725996203
319660	0.000210663617
319661	0.0003044525658
319662	0.001957811121
319663	0.0005019297187
319664	0.00358262149
319665	0.003347239678
319666	0.005009830829
319667	0.002274334651
319668	0.003418048935
319669	0.0006149636234
319670	0.003222467059
319671	0.001079628769
319672	0.001359009687
319673	0.0001514739841
319674	0.002629304423
319675	0.002117618064
319676	0.002016142944
319677	0.0003013060445
319678	0.003606667905
319679	0.001585969785
319680	0.003162543713
319681	0.003859334467
319682	0.00212533121
319683	0.002769307045
319684	0.001392356694
319685	0.0004568919666
319686	0.001670975014
319687	0.003211450986
319688	0.002867850723
319689	0.0001129424126
319690	0.001652772719
319691	0.001324917076
319692	0.001284494982
319693	0.001051109335
319694	0.002451075149
319695	0.001503792357
319696	0.004004079558
319697	0.002307833391
319698	0.002887478607
319699	0.0002559597547
319700	0.0004355349482
319701	0.003157429845
319702	0.00210349561
319703	0.001647224258
319704	0.0009537745197
319705	0.002999828643
319706	0.0005583643452
319707	0.0007371172424
319708	0.001210051101
319709	0.003489042616
319710	0.0006408145279
319711	0.001488180018
319712	0.002360439876
319713	0.0004788525778
319714	0.0006639941799
319715	0.001058995812
319716	0.002177896851
319717	0.001164413975
319718	0.00285574309
319719	0.002764775792
319720	0.003287348183
319721	0.0002619791213
319722	0.0007592880399
319723	0.002511610061
319724	0.003501860636
319725	0.0001336915419
319726	0.002526181414
319727	0.00316120087
319728	0.0006169749241
319729	0.00142957921
319730	0.0007975613297
319731	0.0007076039391
319732	0.004225053584
319733	0.001027135406
319734	0.0007096660471
319735	0.00326596066
319736	0.0002311346391
319737	0.002161148397
319738	0.001328577068
319739	0.000703320612
319740	0.001640459803
319741	0.00242726428
319742	0.002687898007
319743	0.003036218438
319744	0.002176000821
319745	0.00293476215
319746	0.003806757195
319747	0.00269055142
319748	0.0004579758498
319749	0.002542031376
319750	0.001506423867
319751	0.00190279616
319752	0.0002276448178
319753	0.0007260551263
319754	0.003550246215
319755	0.001484767264
319756	0.003680338064
319757	0.001109532221
319758	0.002876363626
319759	0.0004997087899
319760	0.0007527811754
319761	0.003451690988
319762	0.002174542308
319763	0.002149902972
319764	0.002640704505
319765	0.0008478979261
319766	0.0005024142425
319767	0.002505326783
319768	0.002367632683
319769	0.0003150633502
319770	0.003584381828
319771	0.00231615477
319772	7.65407565e-05
319773	0.001582265592
319774	0.0003220306795
319775	0.0009384654338
319776	0.0009495411666
319777	0.0009848639756
319778	0.003205833008
319779	0.0003177700554
319780	0.00110431129
319781	0.002418075899
319782	0.0002052175314
319783	0.0002231219406
319784	0.001333688916
319785	0.0001295554012
319786	0.002153884161
319787	0.0033409077
319788	0.003916388487
319789	0.00310018711
319790	0.00244641612
319791	0.001768456792
319792	9.989958757e-05
319793	0.0002508607026
319794	0.0003739360457
319795	0.002714505217
319796	0.001448029702
319797	0.0008140331144
319798	0.001346334197
319799	0.001974789732
319800	0.002144944155
319801	8.173449494e-06
319802	0.0001450269558
319803	0.002835399639
319804	0.0008347629576
319805	0.003855100484
319806	0.001012722909
319807	0.000840726596
319808	0.0001871391632
319809	0.003576724498
319810	0.001768599157
319811	0.002704626366
319812	0.000536429549
319813	0.0001859187346
319814	0.003682599459
319815	0.002493908097
319816	0.0006350505895
319817	0.0001956923569
319818	0.001899662649
319819	0.002956064629
319820	0.003740462948
319821	0.0007334989966
319822	0.001693926056
319823	0.002962660491
319824	0
319825	0.0002873843961
319826	0.001600036311
319827	0.001976669781
319828	0.001516998652
319829	0.0023175917
319830	0.000370763814
319831	0.001458597624
319832	0.003233683092
319833	0.0001788232359
319834	0.00217361378
319835	0.000408478115
319836	0.001856510996
319837	0.0005015838396
319838	0.0001226726205
319839	0.002072156291
319840	0.0007994714973
319841	0.003110115554
319842	0.00263125058
319843	0.003434499114
319844	0.0004967768817
319845	0.001744465224
319846	0.0002090210895
319847	0.001165774937
319848	0.003401692428
319849	0.0002134528597
319850	0.000835091962
319851	0.001898509139
319852	0.001088609062
319853	0.004066433755
319854	0.002383069862
319855	0.002681549725
319856	0.003902752699
319857	0.003402921535
319858	0.002351395464
319859	0.002212886204
319860	0.0005088592059
319861	6.546352772e-06
319862	0.0009370439575
319863	0.001197328817
319864	0.0008687440687
319865	0.000834574514
319866	0.0001540749816
319867	0.001595280059
319868	0.0002131736493
319869	0.0004552096031
319870	0.001950991069
319871	0.001605606986
319872	0.002513891078
319873	0.002744885071
319874	0.0001416099384
319875	0.0009856369621
319876	0.002475015077
319877	0.001402034892
319878	0.0001968071383
319879	0.003033987107
319880	0.001284539645
319881	0.004234688929
319882	0.0003440872815
319883	0.001057409959
319884	0.002543293198
319885	0.001344847805
319886	0.001295838438
319887	0.001226193248
319888	0.002693257661
319889	0.0005139406083
319890	0.0005475216981
319891	3.0605389e-05
319892	0.0002928390419
319893	0.003092197927
319894	0.002570412109
319895	0.000788738301
319896	0.001931458308
319897	0.002154542774
319898	0.0004989801919
319899	0.001851564271
319900	0.002649715565
319901	0.0004890993701
319902	0.0006616365367
319903	0.003404682725
319904	0.0005178808408
319905	0.003818253612
319906	0
319907	0.001877112167
319908	0.003560533498
319909	0.0008508820442
319910	0.000657459896
319911	0.002425597145
319912	0.00286184879
319913	0.001790635581
319914	0.001212663915
319915	0.001328523881
319916	0.003105138348
319917	0.0006691809227
319918	0.000159006925
319919	0.001967965444
319920	0.00363733197
319921	0.0002703067359
319922	0.001319887657
319923	0.0004562970998
319924	0.003027583153
319925	0.0002621315264
319926	0
319927	0.001903237092
319928	0.001577170726
319929	0.001047763137
319930	0.003109787919
319931	0.004774170194
319932	0.0003419506909
319933	0.0003057326173
319934	0.004576308104
319935	0.0001960891388
319936	0.004094636442
319937	0.001527166568
319938	0.001986405273
319939	0.003706367595
319940	0.003204739436
319941	0.002474062572
319942	0.0001485798399
319943	0.0004830977819
319944	0.0003007666947
319945	0.002320653758
319946	0.003090122595
319947	0.001121363088
319948	0.0006021109257
319949	0.0005609054116
319950	0.001630584045
319951	0.002150869099
319952	0.0002306785655
319953	0.003494268122
319954	0.003345347435
319955	0.001458464462
319956	0.003103395529
319957	0.002711530649
319958	0.003122517885
319959	0.002693736014
319960	0.002858890278
319961	0.0001592005408
319962	0.0001511363223
319963	0.001403407028
319964	0.002970683168
319965	0.002689491733
319966	0.001747444463
319967	0.003310319102
319968	0.004444372351
319969	0.001771486161
319970	0.003513995336
319971	0.00344471433
319972	0.004773734144
319973	0.00293385739
319974	0.002982825324
319975	0.0003111688826
319976	0.003490919831
319977	0.002101040459
319978	0.003987789856
319979	0.0004644552196
319980	0.003415306923
319981	0.002381036091
319982	0.0001237285086
319983	0.0002756453231
319984	0.001403269125
319985	0.002531297666
319986	0.0004198503314
319987	0.0009318582382
319988	0.002849930318
319989	0.0009141990716
319990	0.003031338922
319991	0.002692911856
319992	0.003215423313
319993	0.003413436332
319994	0.001656552088
319995	0.000479646863
319996	0.002616203579
319997	0.001005796789
319998	0.002575791027
319999	0.003294665193
320000	0.0003709516315
320001	0.001505807243
320002	0.002750421681
320003	0.002457004952
320004	0.003782388903
320005	0.002316101969
320006	0.002096061194
320007	0.0005421546788
320008	0.003442015871
320009	0.001086158166
320010	0.002334220524
320011	0.003011433718
320012	0.0003024249195
320013	0.003252053075
320014	3.254248944e-06
320015	0.003957097545
320016	0.0009079242573
320017	0.0002835721414
320018	0.002997325017
320019	9.457888968e-05
320020	3.132517235e-05
320021	0.001537505901
320022	0.000743608578
320023	0.0003774537635
320024	0.000259686878
320025	0.003440672743
320026	0.0002411120373
320027	0.0007675624214
320028	0.001598509084
320029	0.001013053311
320030	0.0007888887465
320031	0.001915404116
320032	7.71382444e-05
320033	0.0008917684619
320034	0.001823264092
320035	0.002213758167
320036	0.0008807256398
320037	0.0001465898798
320038	0.0004245872187
320039	0.002396010041
320040	0.002665491642
320041	0.003491293893
320042	0.00354746178
320043	0.001337734717
320044	0.00149607976
320045	0.00154241587
320046	0.001624929614
320047	0.0008958139024
320048	0.00313500545
320049	0.002823232489
320050	0.0003161241343
320051	3.229688575e-06
320052	0.001354478075
320053	0.003289994349
320054	0.002275841071
320055	0.002475428837
320056	1.343063557e-05
320057	0.001188633074
320058	0.000696839737
320059	0.0001391690687
320060	0.0003401375906
320061	0.003453164944
320062	0.0004471312167
320063	0.0001926418305
320064	0.001338156978
320065	0.0007205855968
320066	0.00208586957
320067	0.003734135259
320068	0.001855646247
320069	2.945036652e-05
320070	0.0002719884334
320071	0.001881753933
320072	0.001821324447
320073	0.0004660914802
320074	0.002589479264
320075	0.001547479153
320076	0.002291458394
320077	0.0009146855891
320078	0.0006612902494
320079	0.0009882686464
320080	0.0002142353229
320081	0.0007705598269
320082	0.003323550345
320083	0.00076734877
320084	0.001506181205
320085	0.001132888698
320086	3.916086354e-06
320087	0.001404381902
320088	0.0005955630325
320089	0.0001777347432
320090	0.0007286869234
320091	0.0009495706959
320092	0.002235113509
320093	0.000720263637
320094	0.0004750830236
320095	0.00117141585
320096	0.002293546328
320097	0.003182925757
320098	0.0003189446793
320099	0.002801322997
320100	0.0009080859518
320101	0.0002664695512
320102	0.0008412791779
320103	0.001866589493
320104	0.002171667653
320105	0.0008919718367
320106	0.001064448823
320107	0.003935262694
320108	0.002114607755
320109	0.0008720285436
320110	0.001482689757
320111	0.0008589557604
320112	0.002808414061
320113	0.001080160136
320114	0.002424855755
320115	0.001798700661
320116	0.001126114761
320117	0.00224504005
320118	0.002197806391
320119	0.001595361732
320120	0.003138066166
320121	0.001668741324
320122	0.00224802811
320123	6.659628402e-05
320124	9.765458495e-05
320125	0.002868382586
320126	0.001895137959
320127	0.001365172385
320128	0.002618658986
320129	0.0001085902864
320130	0.0004610710616
320131	0.004100302873
320132	0.0003156484337
320133	0.002319920211
320134	0.001677580274
320135	0.00263521564
320136	0.002140191917
320137	0.0008216255734
320138	0.00118566033
320139	0.0005767295694
320140	0.002107123596
320141	0.0006538758249
320142	0.002494122625
320143	0.000313070265
320144	0.0002425348801
320145	0.001656959175
320146	0.001975858824
320147	0.003025637215
320148	0.003348268421
320149	0.0002438041943
320150	0.0009295973441
320151	0.004075812047
320152	0.001053893385
320153	0.0009345122449
320154	0.002671977879
320155	0.00201526172
320156	0.0008707033666
320157	0.002475219986
320158	0.0006189002922
320159	9.187672678e-05
320160	0.003150184568
320161	0.003858286023
320162	0.0007451367041
320163	0.0007470784464
320164	0.005178897142
320165	0.001096476666
320166	0.001527782721
320167	0.0002025104155
320168	0.003257597886
320169	0.002535409993
320170	0.002818131387
320171	0.00141568259
320172	0.003208377324
320173	0.00211302655
320174	0.00196401955
320175	0.002227134719
320176	0.001908424003
320177	0.0008968072159
320178	0.00194040161
320179	0.001274501788
320180	0.0003091640112
320181	0.002014697969
320182	0.0007413063867
320183	0.0003855663107
320184	0.00203605229
320185	0.005680647267
320186	0.0001215667732
320187	0.0045395724
320188	0.004153383319
320189	0.004813007369
320190	0.001966207677
320191	0.002402901064
320192	0.0005279293892
320193	0.0004628813723
320194	0.0007227481065
320195	0.001700766698
320196	0.0001222041802
320197	0.001489406122
320198	0.0008309023673
320199	3.415633555e-07
320200	3.510086145e-08
320201	0.001743295064
320202	0.0005822440057
320203	0.0004167346895
320204	0.001603860594
320205	0.0003453519062
320206	4.210346601e-06
320207	1.959815147e-06
320208	2.614953693e-06
320209	1.671101221e-06
320210	5.962264903e-06
320211	8.991381193e-08
320212	3.754008611e-07
320213	3.784869877e-06
320214	4.630672948e-07
320215	3.950740085e-06
320216	1.314001695e-06
320217	8.710159563e-07
320218	4.48212122e-07
320219	5.729021804e-06
320220	2.879621797e-06
320221	7.631511471e-06
320222	2.228888737e-06
320223	6.876353216e-06
320224	2.576037204e-06
320225	5.686200638e-06
320226	7.584037833e-07
320227	2.421965629e-06
320228	2.114546575e-06
320229	0
320230	3.638941721e-07
320231	0.0002600879463
320232	3.666883477e-05
320233	0.0001248322262
320234	0.0002770823117
320235	6.634370284e-05
320236	0.000128539056
320237	1.820983269e-06
320238	0.0004006982884
320239	0.0003352831855
320240	0.0002632834776
320241	0.000149853411
320242	0.0001375018306
320243	0.0003142341618
320244	2.069393862e-06
320245	0.0001338203985
320246	0.0002065084148
320247	0.0005457351105
320248	0.0003595447562
320249	0.000413173238
320250	0.0001241891609
320251	0.0007339569102
320252	0.0002586498246
320253	5.750342978e-05
320254	0.0002644787847
320255	0.0003472913013
320256	0.0002032644992
320257	7.199943885e-05
320258	6.87772935e-05
320259	0.0006028547148
320260	0.000132884457
320261	0.0001671366127
320262	6.7124124e-05
320263	0.0004081655372
320264	0.0003328445789
320265	0.0002621468464
320266	0.0005927137501
320267	0.0002707256642
320268	0.0001274005271
320269	5.646487895e-05
320270	0.0002592697008
320271	8.538174541e-05
320272	0.0003595613901
320273	0.0003987129233
320274	0.0001391033491
320275	1.859132247e-06
320276	0.0001459954764
320277	0.0001207746465
320278	7.876715557e-05
320279	0.0001517070537
320280	6.152670323e-05
320281	0.0002650172465
320282	0.0003344452177
320283	0.0002704312228
320284	0.0004021658742
320285	0.0003264218183
320286	0.0004001832691
320287	0.0001343400019
320288	0.0002651474788
320289	0.0004006387004
320290	0.0003329801151
320291	6.990606007e-05
320292	8.577903928e-06
320293	0.0003155175441
320294	0.000683248235
320295	0.000518767034
320296	0.0001997387055
320297	0.000335702402
320298	7.232853805e-05
320299	0.0005193986507
320300	0.0002714832389
320301	0.0001349878651
320302	0.000264458309
320303	0.0002074489571
320304	0.0005178755165
320305	0.0001381149006
320306	0.0002507111189
320307	0.0002859437677
320308	6.569952461e-05
320309	0.0001985090733
320310	0.0003198839342
320311	0.0004030769973
320312	0.0003420317251
320313	0.0002153855846
320314	0.0003093303136
320315	1.994604529e-06
320316	7.197617759e-05
320317	0.001237521922
320318	5.906817707e-05
320319	0.0006720841399
320320	0.0002732614147
320321	4.570766063e-05
320322	0.0009459415244
320323	0.0001145232159
320324	3.435927768e-05
320325	1.813261973e-05
320326	0.0002227329697
320327	0.001419834592
320328	0.0006253826376
320329	0.0001308908022
320330	0.0009801037795
320331	0.0003916144899
320332	0.001588368318
320333	0.004314289835
320334	0.0004136631724
320335	7.064496512e-05
320336	0.0001734177844
320337	0.000677798723
320338	0.0001266109903
320339	0.000322549928
320340	7.589833149e-05
320341	0.0007717343905
320342	0.003666899831
320343	0.0003820738126
320344	8.428791446e-05
320345	0.003510162603
320346	0.0001956204522
320347	0.001738155789
320348	0.001087690588
320349	0.0005400939762
320350	0.0002224611516
320351	0.0003394603704
320352	0.0006920631687
320353	0.0001198758207
320354	0.001178123001
320355	0.0001316716636
320356	0.0004604672235
320357	0.001416597517
320358	0.0008000024997
320359	0.0008664187221
320360	0.0008463270084
320361	0.001007832598
320362	0.0002625028146
320363	0.0007482670075
320364	3.94034304e-05
320365	0.0004546140338
320366	0.0003620439209
320367	0.0001874335566
320368	0.0001322875453
320369	0.00215417559
320370	7.583493752e-05
320371	0.0002696549307
320372	0.000856524607
320373	8.329847955e-05
320374	2.851671889e-05
320375	0.0004813975192
320376	0.0004838013543
320377	0.001043817783
320378	0.001441917602
320379	0.001070358218
320380	0.001387701062
320381	0.002028158979
320382	0.00326002107
320383	0.0003216031125
320384	0.001161160463
320385	0.003111222494
320386	0.002559377477
320387	0.004690735567
320388	0.0002105523555
320389	0.0001596370951
320390	0.00424175448
320391	0.004628263447
320392	0.003064957657
320393	0.004211998517
320394	0.00346080988
320395	0.001236276766
320396	0.001149113351
320397	0.0003211585403
320398	0.00390746399
320399	0.004639010028
320400	0.002534192715
320401	0.002814999508
320402	0.0005651945066
320403	0.004465028716
320404	0.001958639556
320405	0.006513689382
320406	0.004073937422
320407	0.0003142469921
320408	0.001901222787
320409	0.001062228762
320410	0.0002022239874
320411	0.001496374602
320412	0.001821170118
320413	0.003520364732
320414	0.003140735886
320415	0.0044256778
320416	0.003036307698
320417	0.002876802117
320418	0.003728661961
320419	0.0005445706673
320420	0.003453673189
320421	0.004755215624
320422	0.0005250570689
320423	7.321219749e-05
320424	0.002102584932
320425	0.00442732219
320426	0.00201520098
320427	0.0009314242231
320428	0.0003742477036
320429	0.003142024576
320430	0.0007749081163
320431	0.002307093757
320432	0.0007984743768
320433	0.002555379258
320434	0.001888936837
320435	0.001558377163
320436	0.004010824609
320437	0.003974581132
320438	0.001916928685
320439	0.002314065215
320440	0.003915726378
320441	0.002892751139
320442	0.001711176161
320443	0.0002964643513
320444	0.001467754787
320445	0.005011700396
320446	0.0009491531489
320447	0.004262680386
320448	0.001076850092
320449	0.00069813168
320450	0.002747170237
320451	0.002712193967
320452	0.002700251818
320453	0.004446144845
320454	0.0001832611712
320455	0.001713477594
320456	0.001011158402
320457	0.0003483264012
320458	0.00100814602
320459	0.001204598372
320460	0.002966979544
320461	0.0006154133658
320462	0.003784120329
320463	0.004437487679
320464	0.0002966541591
320465	0.004131221942
320466	0.00410237955
320467	0.002850139996
320468	0.001804665773
320469	0.001728691494
320470	0.004868316706
320471	0.00473996777
320472	0.004715546512
320473	0.003012813531
320474	0.002305800578
320475	0.0004344417752
320476	0.004162328607
320477	0.002291891065
320478	4.972053381e-05
320479	0.004032597147
320480	0.004259502978
320481	0.0003767440773
320482	0.003131145705
320483	6.968183601e-05
320484	0.0003208155063
320485	0.002570984911
320486	0.000290890393
320487	0.0002192915937
320488	0.0007613356032
320489	0.001908932479
320490	0.001238160852
320491	0.004317516927
320492	0.004312275071
320493	0.00144933115
320494	0.000176364397
320495	0.001714453718
320496	5.432185638e-05
320497	0.003384433404
320498	0.0001667235022
320499	0.00294488597
320500	0.004317169903
320501	0.002122076106
320502	0.005128335434
320503	0.002247161478
320504	0.00425385118
320505	0.003209923125
320506	0.002417455647
320507	0.004739239834
320508	0.002847757441
320509	0.005098847273
320510	0.0007495403328
320511	0.003465863194
320512	0.004320669092
320513	0.0003180980453
320514	0.004171931065
320515	0.003277115031
320516	0.00203422865
320517	0.00420591229
320518	0.0008667323903
320519	0.005506151351
320520	0.002052977415
320521	0.000976064707
320522	0.00293673271
320523	0.003809569885
320524	0.00420802834
320525	0.004472018461
320526	0.000447209652
320527	0.001589343842
320528	0.000940393743
320529	0.004536619107
320530	0.002852060378
320531	0.000781519228
320532	0.002753195307
320533	3.103950147e-05
320534	0.005181896574
320535	0.002959377659
320536	0.0001525659217
320537	0.00315161527
320538	0.001078521686
320539	0.004025086261
320540	0.003429303072
320541	0.002187495153
320542	3.005581424e-05
320543	0.002558458627
320544	0.0009855684512
320545	0.001175493922
320546	0.00124206924
320547	0.00339503399
320548	0.001572692118
320549	0.001681625252
320550	0.0009319919617
320551	0.002586518194
320552	0.001112288245
320553	0.004007019775
320554	0.001336865546
320555	0.00133859154
320556	0.00376138892
320557	0.004548149103
320558	0.004228015032
320559	0.003429880881
320560	9.245282719e-05
320561	0.003997382261
320562	0.0002203742989
320563	0.001824173335
320564	0.001498812546
320565	0.003579387151
320566	0.00191412848
320567	0.003239190215
320568	0.002680764239
320569	0.0003045030112
320570	0.001559924648
320571	0.004327727862
320572	0.00417656713
320573	0.003299143434
320574	0.003087357948
320575	0.002928483991
320576	0.001947470344
320577	0.0006954975726
320578	0.002099389531
320579	0.001717147812
320580	0.001938983919
320581	0.002231914445
320582	0.004544901729
320583	0.004304663878
320584	0.0008479756206
320585	0.00278623856
320586	0.003065202117
320587	0.0006688606822
320588	0.003705215948
320589	0.003238446903
320590	0.001576084193
320591	0.001083324824
320592	0.00623426136
320593	0.0006871782035
320594	0.0003426254085
320595	0.000173513291
320596	0.002249813883
320597	2.871280421e-05
320598	0.0001296451723
320599	0.002659945449
320600	0.0004328711579
320601	0.004898737537
320602	0.000947197908
320603	0.001482297196
320604	0.001182781127
320605	0.001300839998
320606	0.0009929311846
320607	0.0007115465455
320608	0.0004971013316
320609	0.001187466472
320610	0.003028095635
320611	0.001408983286
320612	0.0007966349013
320613	0.0006274231401
320614	0.002482248239
320615	0.001415880711
320616	0.0004878619342
320617	0.004335320167
320618	0.003365456603
320619	0.001795509032
320620	0.0009284159472
320621	0.001729075001
320622	0.00135976361
320623	0.000340955417
320624	0.0005350118493
320625	0.001412731499
320626	0.003199567416
320627	0.002117559726
320628	0.002056818121
320629	0.0001053320536
320630	0.005471884927
320631	0.001276835935
320632	0.003059940885
320633	0.0001141304779
320634	0.002169338192
320635	0.0003764375402
320636	0.0006129729031
320637	0.002109066515
320638	0.0006113582583
320639	0.001425212864
320640	0.002846245486
320641	0.0005651357111
320642	0.0002328317112
320643	0.00119703922
320644	0.002055882483
320645	0.001293723367
320646	0.001422606731
320647	0.0003735136959
320648	0.002193442077
320649	0.000434393643
320650	0.002538820365
320651	0.00403473246
320652	0.00190928299
320653	0.0007620112588
320654	0.002117883303
320655	0.004352820269
320656	0.003146886848
320657	0.001814822608
320658	0.002037386227
320659	0.002163464013
320660	0.004035367166
320661	0.0004291183362
320662	0.0001472845481
320663	0.001026519518
320664	0.003853084533
320665	0.00300743776
320666	0.003342990569
320667	0.00370203633
320668	0.001340467352
320669	0.005855578336
320670	0.001242732722
320671	0.001514048167
320672	0.001386979489
320673	0.003737857235
320674	0.005918912949
320675	0.003822604616
320676	0.0002316855252
320677	4.487881461e-06
320678	0.004533256058
320679	0.003229394812
320680	0.0009709479501
320681	0.0003568905823
320682	0.004362109865
320683	0.00458584495
320684	0.002813266976
320685	0.002239661323
320686	0.00306094263
320687	0.00195153744
320688	0.004773127343
320689	0.002325650728
320690	0.003036675395
320691	0.001817206008
320692	0.00355732324
320693	0.0005542515409
320694	0.005888927629
320695	0.002580602624
320696	0.004218974517
320697	0.001954229496
320698	0.002222670009
320699	0.003188709821
320700	0.00423891699
320701	0.002422012573
320702	0.0007598393888
320703	0.0004271234216
320704	0.003539781349
320705	0.001064536745
320706	0.003053150727
320707	0.003123417697
320708	0.003322920526
320709	0.002437350638
320710	0.0007634522766
320711	0.001682573964
320712	0.0008606922441
320713	0.005087334407
320714	0.0001552584513
320715	9.12356984e-05
320716	0.00197680232
320717	0.002259652513
320718	0.003102787006
320719	0.00169442192
320720	0.0002983818013
320721	0.003829010392
320722	0.003386461578
320723	0.001073495082
320724	0.00341099362
320725	0.0008747489308
320726	0.006167453324
320727	0.002942406337
320728	0.0001221901084
320729	0.001233571951
320730	0.002793815689
320731	0.004414464173
320732	0.002950692078
320733	0.004315815979
320734	0.001746091682
320735	0.004127674053
320736	0.003939641426
320737	0.0007602648985
320738	0.000662029987
320739	0.002126369785
320740	0.003431385741
320741	0.002788362216
320742	0.002130660392
320743	0.001065689328
320744	0.000473035327
320745	0.0002204778686
320746	0.002028046148
320747	0.0003568201163
320748	0.003505618054
320749	0.001570927959
320750	0.001690322447
320751	0.002959223037
320752	0.001656238507
320753	0.000184303592
320754	0.003927792514
320755	0.004321245717
320756	0.001639752812
320757	0.003991252176
320758	0.002390634177
320759	0.001474736965
320760	0.001719977412
320761	2.496948711e-05
320762	0.001785198936
320763	0.001925599275
320764	0.001347946464
320765	0.0001751257417
320766	0.002082399489
320767	0.002797873031
320768	0.001430387032
320769	0.004754150722
320770	0.00383864358
320771	0.0004944393044
320772	0.001228676282
320773	0.002531813794
320774	0
320775	0.001388179206
320776	0.004311891748
320777	0.0008332980951
320778	0.003664927313
320779	0.0001849623602
320780	0.004680324148
320781	0.0006209487853
320782	0.00355229093
320783	0.003514673727
320784	0.0003356095342
320785	0.001007724901
320786	0.004075351133
320787	0.0005463463782
320788	0.0003728667346
320789	0.004191330313
320790	0.004408238293
320791	0.002302819049
320792	0.00487692759
320793	0.004042305111
320794	0.002206740901
320795	0.001617380286
320796	0.004741180073
320797	0.001385589164
320798	0.001269932473
320799	0.005887598321
320800	0.006350663557
320801	0.0001145895754
320802	0.002592947781
320803	0.002576893221
320804	0.004613649527
320805	0.00181853718
320806	0.002417016396
320807	0.0009841047894
320808	0.003186898725
320809	0.0004456477736
320810	0.003080590943
320811	0.002935426658
320812	0.00383341896
320813	0.00117719389
320814	0.001890957758
320815	0.003158433919
320816	0.004106149232
320817	0.004649356252
320818	0.00372479201
320819	1.345318599e-05
320820	0.003805883853
320821	0.0005177516401
320822	0.001370834221
320823	0.0003231555514
320824	0.0001728668922
320825	0.001071813543
320826	0.002494406409
320827	0.0009628956489
320828	0.002319920956
320829	0.0002969813403
320830	0.002685567291
320831	0.000148211924
320832	0.0005983522069
320833	0.001845166989
320834	0.002699879239
320835	0.0009372451036
320836	0.002681477145
320837	0.0009080548921
320838	0.0006034006629
320839	0.005327794548
320840	0.003071214437
320841	0.004534413547
320842	0.004123584637
320843	0.005054694476
320844	0.003650701506
320845	0.00305956389
320846	0.0007713262365
320847	0.0001609589689
320848	0.0002053320929
320849	0.0003930023164
320850	0.00218952853
320851	0.005310011122
320852	0.0009488008173
320853	0.004655686217
320854	0.0009683264687
320855	0.0041600068
320856	0.0008568159286
320857	0.001385868003
320858	0.004361474579
320859	0.00532736893
320860	0.001108131441
320861	0.0003132962048
320862	0.002176489673
320863	0.002746586327
320864	0.0007911845888
320865	0.0005632485055
320866	0.00181549082
320867	1.916988435e-05
320868	0.002116539193
320869	0.001085036539
320870	0.004443694941
320871	0.005286633156
320872	0.0009767480964
320873	0.001912673662
320874	0.001927721623
320875	0.002643131714
320876	0.003297535796
320877	0.0001062816544
320878	0.003566401866
320879	0.00414984783
320880	0.002499992952
320881	0.000619924059
320882	0.005450882108
320883	0.004357512882
320884	6.684948213e-05
320885	0.0001057535086
320886	0.003085157023
320887	0.004123548734
320888	0.001250557467
320889	0.001336631439
320890	0.0005443823198
320891	0.0008140596779
320892	0.005777574978
320893	0.001007548854
320894	0.003035006599
320895	0.0001088482841
320896	0.0007295664559
320897	0.0008686170846
320898	0.0003624752012
320899	0.004856774669
320900	0.001817143322
320901	0.002391021704
320902	0.004598657884
320903	0.003844403205
320904	0.003545684974
320905	0.0003268805848
320906	0.000849062003
320907	0.002447276985
320908	0.003497085518
320909	0
320910	0.004185250476
320911	0.001401366775
320912	0.0003305566825
320913	0.001613373042
320914	0.001228620864
320915	0.003421045785
320916	0.00163755197
320917	0.0007280076205
320918	0.002720929551
320919	0.004321245717
320920	0.003691142689
320921	0.002465220008
320922	0.002496655501
320923	0.003740896427
320924	0.003294386195
320925	0.001357324427
320926	0.001678207442
320927	0.001963327904
320928	0.005779773837
320929	0.002852955738
320930	0.0003536712128
320931	0.0001471477533
320932	0.002672346725
320933	0.001160636074
320934	0.001645910682
320935	0.002120793658
320936	0.003563227458
320937	0.004057968474
320938	0.001539168132
320939	0.005231191845
320940	0.003123605897
320941	0.003249928524
320942	0.002229487973
320943	0.000817664948
320944	0.001990698222
320945	0.0001001777208
320946	0.00453189494
320947	0.0001463774771
320948	0.00261434239
320949	0.003734289292
320950	0.001752658807
320951	0.000855160964
320952	0.0002294625858
320953	0.004014499867
320954	0.0002576788091
320955	0.0002366732013
320956	0.000388727759
320957	0.001437352135
320958	0.004421839231
320959	0.001441324081
320960	0.005501974497
320961	0.003739642152
320962	0.001345686571
320963	0.001629508468
320964	0.004842480869
320965	0.002055110009
320966	0.005037984987
320967	0.002260342303
320968	0.001189455248
320969	0.00498833057
320970	0.004108307762
320971	0.001725292328
320972	0.004101181905
320973	0.001456514126
320974	0.002706695015
320975	0.001388992623
320976	0.0006016218205
320977	0.0006006912589
320978	0.003249499061
320979	0.002380409597
320980	0.002013556552
320981	0.0009947713993
320982	0.003968523571
320983	0.0008802612557
320984	0.003441508353
320985	0.004469197644
320986	0.001333111755
320987	0.0001222644202
320988	0.001541665724
320989	0.001442170984
320990	0.003009823456
320991	0.001579752275
320992	0.005685422363
320993	0.004353925021
320994	0.00386268167
320995	0.003113777948
320996	0.004235984183
320997	0.003148117752
320998	0.003869069435
320999	0.003668856834
321000	0.001945321463
321001	0.001092408733
321002	0.000901175655
321003	0.003261735501
321004	0.003978630277
321005	0.002331963902
321006	0.003648388458
321007	0.004234564417
321008	0.001074492143
321009	0.003718996549
321010	0.0007410767174
321011	0.003796691707
321012	0.004894304204
321013	0.002459260917
321014	0.001712317953
321015	0.003387572502
321016	0.003655599406
321017	0.001737501931
321018	0.005027155192
321019	0.003614492253
321020	0.004403156222
321021	0.00125974015
321022	0.0001126610638
321023	0.001394178748
321024	0.002595395867
321025	0.001795370432
321026	0.004608948275
321027	0.002373303851
321028	0.001380831326
321029	0.001489799822
321030	0.001494023751
321031	0.001291434338
321032	0.002385823076
321033	0.001088864016
321034	0.000126504061
321035	0.001640941155
321036	0.003187698455
321037	0.00227715748
321038	0.0008334736806
321039	0.0006522730081
321040	0.003928105388
321041	0.001072073867
321042	0.001111976081
321043	0.003105509613
321044	0.002243291761
321045	2.793153365e-05
321046	0.003494900224
321047	0.00569039535
321048	0.004851428145
321049	0.003009305756
321050	0.0004569464329
321051	0.002124406997
321052	0.003401508711
321053	0.000612426238
321054	0.004036485783
321055	0.006142163781
321056	0.001425233875
321057	0.002192277618
321058	0.003058778495
321059	0.002995801392
321060	0.002542248934
321061	0.000504268652
321062	0.00472076784
321063	0.001189419504
321064	0.001369584105
321065	0.00206469144
321066	0.002521432901
321067	0.001056276793
321068	0.0001172996422
321069	0.002037188598
321070	0.001901075246
321071	0.003704191962
321072	0.001975134785
321073	0.002030235535
321074	0.001623144157
321075	0.0005037113198
321076	0.002150942012
321077	0.0001847744714
321078	0.004516496566
321079	0.004898965562
321080	0.004475809082
321081	0.002763108803
321082	0.001678141552
321083	0.001944000664
321084	0.005190464481
321085	0.002687434606
321086	1.991721482e-05
321087	0.001121850443
321088	0.0008796698706
321089	0.000538662606
321090	0.004633852103
321091	0.0009925427622
321092	0.003715961012
321093	0.004103914867
321094	0.003764108554
321095	0.001481550811
321096	0.00135870649
321097	0.004394924696
321098	0.002075374155
321099	0.004515184935
321100	0.004279840452
321101	0.003819692226
321102	0.001120123801
321103	0.001601192726
321104	0.001448451506
321105	0.003138502575
321106	0.006408314016
321107	0.001842844776
321108	0.001697836794
321109	0.001053896371
321110	0.0007844852225
321111	0.004067830497
321112	0.002164163022
321113	0.002741050651
321114	0.001950703508
321115	0.003288771118
321116	0.001572076703
321117	0.001400657242
321118	0.0008849433222
321119	0.0007961316144
321120	0.002243066248
321121	0.001469895413
321122	0.002691386836
321123	0.0003009046739
321124	0.003992360519
321125	0.004010640626
321126	0.002028985627
321127	0.001865213211
321128	0.001579535581
321129	0.001844967931
321130	0.000105153087
321131	0.002324035239
321132	0.0007883172168
321133	0.0006135953769
321134	0.003578997432
321135	0.001386596777
321136	0.003952272012
321137	0.004426789032
321138	0.0051218896
321139	0.0003424281877
321140	0.0007667742038
321141	0.003145226145
321142	0.002831912883
321143	0.00473810024
321144	0.002076314823
321145	0.0005532398493
321146	0.000905690379
321147	0.002528471692
321148	0.001570368405
321149	0.0005539390697
321150	0.0002325594268
321151	0.0002192924283
321152	0.0005408384622
321153	0.004380096294
321154	0.004215045911
321155	0.0009327554942
321156	0.002686577726
321157	0.0008417455364
321158	0.003284390819
321159	0.002174295918
321160	0.002525280466
321161	0.00242989362
321162	0.001800631673
321163	0.003487402206
321164	0.002635128852
321165	0.001803020982
321166	0.001437017802
321167	0.0006939255571
321168	0.001787246947
321169	0.003141324407
321170	0.00140383811
321171	0.002504463693
321172	0.003886988064
321173	0.003819902839
321174	0.002604073007
321175	0.004321245717
321176	0.002440142509
321177	0.00135984913
321178	0.00439137143
321179	0.001581371866
321180	0.0003795037599
321181	0.001769792606
321182	0.0002282476293
321183	0.001554288927
321184	0.0020277896
321185	3.384629516e-06
321186	0.001014262589
321187	0.002103796363
321188	0.004237219332
321189	0.001333221867
321190	0.001641663508
321191	0.0001685462567
321192	0.004455316417
321193	0.001637109362
321194	0.004471998755
321195	0.003860287905
321196	0.002948792213
321197	0.003825285725
321198	0.0004872984707
321199	0.001123999931
321200	0.001988523512
321201	0.001738029777
321202	0.007220955718
321203	0.0007971315774
321204	0.004602030346
321205	0.004234296753
321206	0.002638424499
321207	0.001546029283
321208	0.001205040241
321209	0.003504965578
321210	0.001616400828
321211	0.003141004788
321212	0.001443634205
321213	0.004103289
321214	0.004408163891
321215	0.003424955271
321216	0.0002509732821
321217	0.004321245717
321218	0.004034760012
321219	8.007135151e-05
321220	0.0005910528875
321221	0.0001252322707
321222	0.0006828494477
321223	0.0003713423619
321224	0.001221167851
321225	0.005049551097
321226	0.0007423521312
321227	0.001943940871
321228	0.001702049716
321229	0.001316642809
321230	0.003774095169
321231	0.001816177847
321232	0.002882302982
321233	0.0006965742466
321234	0.0007724375033
321235	0.0008375365965
321236	0.002597591832
321237	0.000101796041
321238	0.001358095349
321239	0.002484290423
321240	0.0002066688089
321241	0.004307616924
321242	0.00383200488
321243	0.0002761521916
321244	0.003368531775
321245	0.003584476143
321246	0.0028951358
321247	0.0006014760234
321248	0.0002777917003
321249	0.005063966546
321250	0.0008678943643
321251	0.0009699624886
321252	0.003184319034
321253	0.0003158631952
321254	0.002363245135
321255	0.0007065032575
321256	0.00364625572
321257	0.003097414468
321258	0.001090497509
321259	0.003180817768
321260	0.001217148379
321261	0.0009622943156
321262	0.0007158691487
321263	0.001028197659
321264	0.001788969556
321265	0.001217224485
321266	0.004123569569
321267	0.001163138327
321268	0
321269	0.001452500947
321270	0.0005083386593
321271	0.004862752977
321272	0.0005195481101
321273	0.003123552102
321274	0.001875908093
321275	0.001165211254
321276	0.0001634057623
321277	0.004325042663
321278	0.003321977002
321279	0.003259238431
321280	0.0004959526893
321281	0.001018161921
321282	0.0001198104882
321283	0.001297093294
321284	0.004302259933
321285	0.004839347162
321286	0.003769237466
321287	0.001299291374
321288	0.003502678735
321289	0.0005631012891
321290	0.000984646458
321291	0.0005897946971
321292	0.001305737854
321293	0.001717866911
321294	0.000141986059
321295	0.001361810828
321296	0.0003085200202
321297	0.0009314650661
321298	0.0008870534267
321299	0.002029566522
321300	0.0008182337986
321301	0.001926101698
321302	0.001755431078
321303	0.001872740717
321304	0.001085301351
321305	0.0003219076978
321306	0.001420643847
321307	0.0006094815476
321308	0.003316593955
321309	0.001036358117
321310	0.0007933702339
321311	0.00080486496
321312	0.0001096989313
321313	0.001765989887
321314	0.001186219182
321315	0.0004895199674
321316	0.001083807717
321317	0.002214636334
321318	0.001449753566
321319	0.001939800972
321320	0.0008848006196
321321	0.001313508601
321322	0.0002087153538
321323	0.001140850168
321324	0.001813891654
321325	0.002532196593
321326	0.001335757951
321327	0.0001409582414
321328	0.0006774520633
321329	0.0003619255235
321330	0.0005963420867
321331	0.001854021753
321332	0.0002174515179
321333	0.001375605507
321334	0.0002618455887
321335	0.0003981611487
321336	0.0003068453227
321337	0.0005046038922
321338	0.002158720511
321339	0.001034925562
321340	0.0001226630199
321341	0.0002945699036
321342	0.0001754368241
321343	0.001209511559
321344	0.0007181951225
321345	0.0009098014187
321346	0.001017034834
321347	0.001113675304
321348	0.0005272510029
321349	0.002456024132
321350	0.000704038022
321351	0.000415983795
321352	0.0004101430961
321353	0.002253788767
321354	0.0007880038563
321355	2.155172414e-06
321356	0.0004643686098
321357	0.004039650861
321358	0.001469645902
321359	0.0006137842777
321360	0.003881306091
321361	0.001434839235
321362	0.001860480788
321363	0.001882621914
321364	0.0004540709592
321365	0.0003019447429
321366	0.0004089233928
321367	0.0003879087026
321368	1.199704156e-06
321369	0.0007816517397
321370	0.002594208009
321371	0.0003991057426
321372	0.001071459722
321373	0.0003516366003
321374	0.001027787287
321375	0.0008552093381
321376	0.0008231815719
321377	0.0004983408828
321378	0.004665823175
321379	0.00240376648
321380	0.0003021538175
321381	0.001260144718
321382	0.0007118676491
321383	0.0003839699671
321384	0.0005777912265
321385	0.000269090493
321386	0.0006059619138
321387	0.001266967344
321388	0.0001077335529
321389	0.0001906215356
321390	9.634923603e-05
321391	0.0009306573428
321392	0.001304999422
321393	0.00221344851
321394	0.001919305813
321395	0.001720791871
321396	0.001093711928
321397	0.001649207448
321398	0.0007170583455
321399	1.728026359e-06
321400	0.0003113550002
321401	0.00226358468
321402	6.384031524e-05
321403	0.001658592108
321404	0.001566886358
321405	6.061461823e-05
321406	0.001849740413
321407	3.967469275e-05
321408	0.001341750971
321409	8.876063163e-05
321410	0.0004771181498
321411	0.001657771439
321412	0.0008265061401
321413	0.0005629846409
321414	0.002533387623
321415	0.0001964531256
321416	0.0007466860289
321417	0.0007052918883
321418	0.001640629966
321419	0.002970284422
321420	0.0002391252691
321421	0.0007898929891
321422	0.0007986244886
321423	0.001781776098
321424	0.0003610032614
321425	0.001434597354
321426	0.00061400369
321427	9.81790315e-06
321428	0.0008989891245
321429	0.0002864569396
321430	0.001724109535
321431	0.0009163626825
321432	0.002201089967
321433	0.001570825406
321434	0.00177204271
321435	0.0006871119715
321436	0.001485704236
321437	0.002269631207
321438	0.0008297129746
321439	0.000363876317
321440	0.001220313483
321441	2.447229463e-06
321442	0.001655220504
321443	5.380248953e-05
321444	0.000327023836
321445	5.729319285e-05
321446	0.0006032659331
321447	6.719940573e-05
321448	0.0001084699481
321449	0.004763786552
321450	2.893679058e-05
321451	0.002612005703
321452	0.0001501277106
321453	0.001621789741
321454	0.0002089807265
321455	0.002193585318
321456	0.000314939293
321457	0.0004309642213
321458	0.001466413382
321459	0.002202262725
321460	0.002823808753
321461	0.001561536438
321462	0.001680160765
321463	0.001520584
321464	0.0007074957484
321465	0.0007156134937
321466	0.001843551153
321467	0.0008125771734
321468	0.001547833986
321469	0.001018022025
321470	0.001327319143
321471	0.0009361062444
321472	0.0003419756355
321473	0.0005856152342
321474	0.00116128611
321475	0.0003644449186
321476	0.001606591564
321477	0.001673329875
321478	0.0008386122985
321479	0.0001018168338
321480	0.001514939867
321481	0.0007332828629
321482	0.000759683925
321483	0.000981662196
321484	0.0009897972149
321485	0.0005112378901
321486	0.003112217986
321487	0.0002891291705
321488	0.001777057267
321489	0.001058242344
321490	0.001551970298
321491	0.0005328667198
321492	3.855171285e-05
321493	1.221878377e-06
321494	0.0003045209767
321495	0.001535279193
321496	0.000480912381
321497	0.0002007571064
321498	0.0001066946778
321499	0.0001539761775
321500	3.352013084e-05
321501	0.0007921044202
321502	0.001034282012
321503	0.0004333417053
321504	0.001452087402
321505	0.001879332618
321506	0.001460547544
321507	0.0007010418607
321508	0.00240624781
321509	0.0005338686353
321510	0.0008760332069
321511	0.0007127684645
321512	0.000519259169
321513	0.0001303002374
321514	0.0002648662906
321515	0.0006397385799
321516	0.0002418020592
321517	0.001117164035
321518	0.0003809813118
321519	0.0001051229825
321520	0.001957572527
321521	0.002131758292
321522	0.001023947284
321523	0.001156167359
321524	0.002508082089
321525	0.00123355871
321526	0.0001548180715
321527	0.0003017282179
321528	0.001673711506
321529	0.0006189672465
321530	8.526344157e-05
321531	0.0003115717847
321532	0.0007802314963
321533	0.0009525856054
321534	0.001037368641
321535	0.0002681746552
321536	0.0001635968304
321537	0.0009995608027
321538	0.002348813246
321539	0.001355776118
321540	0.0009305221069
321541	0.00139974963
321542	0.001084288532
321543	0.002046870512
321544	0.001162749301
321545	0.002966297074
321546	0.001824669385
321547	0.001647575506
321548	6.057765456e-05
321549	0.001462889256
321550	0.0009111243548
321551	0.002122984064
321552	0.001038607758
321553	0.0008437606782
321554	0.001174165037
321555	0.003027416924
321556	0.001066458208
321557	0.0004228099789
321558	0.001656813496
321559	0.0009412143789
321560	0.0008086559101
321561	0.001547240241
321562	0.0008774488884
321563	0.0008330357013
321564	0.001443512138
321565	0.0004731425481
321566	0.0008331916946
321567	0.001675984569
321568	0.000912252461
321569	0.001406355216
321570	5.976587886e-05
321571	0.001478375274
321572	0.0007103982082
321573	0.001475136913
321574	0.001054995665
321575	0.001515413505
321576	8.355159411e-05
321577	0.003530966743
321578	0.0009133902862
321579	0.003643808207
321580	0.0008164058257
321581	0.0005436014241
321582	0.001092547234
321583	2.261226907e-05
321584	0.0012192284
321585	0.0005018982921
321586	0.001109170364
321587	0.0002995165035
321588	0.0008464856589
321589	0.0002001350493
321590	0.002561949052
321591	0.001752792458
321592	0.001221866547
321593	0.001335295453
321594	0.002266354532
321595	0.002180850226
321596	0.001652878054
321597	0.001113776891
321598	0.0008367903081
321599	0.0002163477857
321600	0.0001322387051
321601	0.001332968805
321602	0.00197317643
321603	0.0002231895756
321604	1.515019257e-05
321605	0.001391384139
321606	0.001891634988
321607	0.001184428831
321608	0.002010423294
321609	0.001979984075
321610	0.001514610213
321611	0.001348284736
321612	0.002077369039
321613	0.000515174742
321614	0.003238769184
321615	0.001435077788
321616	0.001801442042
321617	0.001352772129
321618	0.0006555693936
321619	0.0007710576677
321620	0.002309469504
321621	0.0008647084437
321622	0.0008072509811
321623	0.001253130138
321624	0.001805015833
321625	0.0007358337222
321626	0.001588864279
321627	0.002751441626
321628	0.000110002838
321629	0.001867371276
321630	0.0001134794919
321631	0.0004991136383
321632	0.001715217478
321633	0.001613608233
321634	0.0001030137482
321635	0.0005221819757
321636	0.0002985335346
321637	0.0006170023064
321638	0.0001729353092
321639	0.0002517541728
321640	0.001548707171
321641	0.002862619054
321642	0.000804909387
321643	0.002360730374
321644	0.002505927497
321645	0.0009401157322
321646	0.0007195794349
321647	0.001654087654
321648	0.001325300806
321649	0
321650	0.001042119947
321651	0.003065030257
321652	0.001429215153
321653	0.0002230681596
321654	0.002614368431
321655	0.001307140405
321656	0.001226566136
321657	0.0002048763855
321658	0.0006350434227
321659	0.0009232956031
321660	0.0004067123282
321661	0.0002742920011
321662	0.001808911533
321663	0.001384604745
321664	0.001132588198
321665	0.000754182112
321666	0.0004489937023
321667	0.0003455040012
321668	0.0002140376862
321669	0.000629920671
321670	0.0002055478929
321671	0.0005170916309
321672	0.0009429918766
321673	0.001926743818
321674	0.0003526992207
321675	0.002783950958
321676	0.0005932925056
321677	0.001445559593
321678	0.001655220504
321679	0.0001015795562
321680	0.001741721387
321681	0.002011331692
321682	0.001679994658
321683	0.001270282529
321684	0.0006594853341
321685	0.002281142121
321686	0.001446819878
321687	0.0003225638076
321688	0.001089012567
321689	0.0005551993747
321690	0.0002786697714
321691	0.0006890444083
321692	0.0003139755078
321693	9.746678893e-05
321694	0.0008049855345
321695	0.002614487986
321696	0.002904400328
321697	0.0006702845243
321698	0.0007715887235
321699	0.0008066900375
321700	0.0003271680234
321701	0.001731303392
321702	0.001734682997
321703	0.001095881402
321704	0.0003739557879
321705	0.001569793005
321706	0.0009071430463
321707	3.591919911e-06
321708	0.0002209748735
321709	0.001861388023
321710	0.001221402358
321711	0.0009399571037
321712	0.001512978762
321713	0.0006008969973
321714	0.001332040851
321715	0.001225717668
321716	0.0004187592768
321717	0.0002347087014
321718	0.0008509862573
321719	0.001433844922
321720	0.0007022929867
321721	0.001346605159
321722	0.0006526730079
321723	0.000786989648
321724	0.00229241773
321725	0.001654081514
321726	0.0009427615919
321727	0.0006430836816
321728	0.002577154523
321729	0.0001835957681
321730	0.001781321224
321731	0.0001646285145
321732	0.0005129832913
321733	0.0005182196364
321734	7.275163679e-05
321735	0.001034085486
321736	0.001085442249
321737	0.001284928603
321738	0.0009017603433
321739	0.002068523379
321740	0.000710139778
321741	0.001766458382
321742	0.001111021872
321743	0.000973449768
321744	0.0002796331496
321745	0.002015153543
321746	0.001719511468
321747	0.0008659983157
321748	5.467801178e-05
321749	0.001067615042
321750	0.0001090666811
321751	0.001018485974
321752	3.248839696e-05
321753	0.0001024499018
321754	0.001340712386
321755	0.0003195512669
321756	0.001129504367
321757	9.213117536e-05
321758	0.001486869163
321759	0.004781798075
321760	0.002554804871
321761	0.00319144518
321762	0.002492669031
321763	0.002286383124
321764	0.00120348105
321765	0.001675114275
321766	0.001625062713
321767	0.000768969573
321768	0.001561422789
321769	0.0005804035885
321770	0.001130476615
321771	0.0001081187512
321772	0.001579800075
321773	0.001542774924
321774	0.000873273504
321775	0.0001396319229
321776	0.001121599976
321777	0.0010791803
321778	5.631572339e-06
321779	0.001004070001
321780	0.0007481905725
321781	0.0005903417303
321782	0.0004288092864
321783	0.001902317784
321784	0.0003350024707
321785	0.0002485884163
321786	0.001018629478
321787	0.002279958587
321788	0.002819316934
321789	0.001940840082
321790	0.001943958242
321791	0.00045112703
321792	0.001019600322
321793	7.887812731e-05
321794	0.001274596884
321795	0.0007788152059
321796	0.001735248633
321797	0.0009874609876
321798	6.68766531e-05
321799	0.001036127722
321800	0.002028380717
321801	0.00259668017
321802	0.001068556703
321803	0.001148388687
321804	0.0004585375739
321805	0.001455081974
321806	0.002146943632
321807	0.0001103153681
321808	8.238345942e-06
321809	0.001075379317
321810	0.0003492917862
321811	0.002301743613
321812	0.001097819153
321813	0.001991642703
321814	0.001581683444
321815	0.001643942654
321816	0.001263526578
321817	0.001527434122
321818	0.0008325179845
321819	0.001114323439
321820	0.002435400835
321821	0.0008575199952
321822	0.0005505493801
321823	0.002133849088
321824	0.001655220504
321825	0.0009134936543
321826	0.001038301121
321827	6.44047789e-05
321828	0.001077202481
321829	0.001135247839
321830	0.0008978319989
321831	0.0002819722419
321832	7.271111243e-05
321833	0.0008538694535
321834	0.0008108229626
321835	0.0006796162012
321836	0.001165125801
321837	0.0004126501456
321838	0.0001908488481
321839	0.001376260893
321840	0.001232889823
321841	0.001062294318
321842	0.0008560190455
321843	0.0002836858562
321844	0.0008484781485
321845	0.0002108052226
321846	9.486224564e-05
321847	0.0009625331311
321848	0.00149089883
321849	0.000305074202
321850	0.001976392516
321851	0.001655220504
321852	0.001348411064
321853	0.001696069581
321854	0.001419750986
321855	0.0004541162082
321856	0.001452812188
321857	0.003991230621
321858	0.0003671581339
321859	0.001307877396
321860	2.336305138e-06
321861	0.0004960481773
321862	0.001525825901
321863	0.001021846688
321864	0.003473657202
321865	0.001670226671
321866	0.000613288888
321867	0.0001525774961
321868	0.001138043112
321869	0.0006926514854
321870	0.000109560964
321871	0.001405082001
321872	0.001639347878
321873	0.0009796398155
321874	4.236931821e-05
321875	0.001551548563
321876	0.001029629796
321877	0.001521603699
321878	0.001399173617
321879	0.001229620972
321880	0.0001742130499
321881	0.0004369880975
321882	0.001528321214
321883	0.001189227311
321884	0.002273798507
321885	0.002225389622
321886	0.0001058929401
321887	0.001455494251
321888	0.0001437458811
321889	0.001916571035
321890	0.001760138364
321891	0.0002802247632
321892	9.624396444e-05
321893	0.001113735501
321894	0.00150455838
321895	0.000803943708
321896	0.001237805397
321897	0.001737946977
321898	0.0005189244392
321899	0.001557332386
321900	0.001302004863
321901	6.295281489e-05
321902	0.000597611681
321903	0.0007764383224
321904	0.0003443024244
321905	0.0004138898072
321906	0.0002605843061
321907	0.0008611317671
321908	0.002443661832
321909	0.000201496138
321910	0.0001729916244
321911	0.00306466958
321912	0.00390237364
321913	0.001653435728
321914	0.0003387218763
321915	0.0008499735087
321916	0.003267974181
321917	0.0004877657646
321918	0.0008573206872
321919	0.001262656498
321920	0.0002211184429
321921	0.001119890846
321922	9.769383494e-05
321923	0.0001122431911
321924	0.002797605886
321925	0.0007461207774
321926	0.001335240136
321927	0.0003316150809
321928	0.003846329241
321929	0.001818657326
321930	0.000383002359
321931	0.003960274038
321932	0.0004048631943
321933	0.000259378483
321934	0.001052319509
321935	0.001570936098
321936	0.002050688899
321937	0.0003078451968
321938	0.002871956483
321939	0.001943441057
321940	0.001453967527
321941	0.001615193198
321942	0.00125035151
321943	0.001132440933
321944	0.0006013969243
321945	0.000364548229
321946	0.002016392314
321947	0.0006418619941
321948	0.0003904404856
321949	0.001537423549
321950	0.002975032337
321951	0.0008389118101
321952	0.0003627595243
321953	0.001454428028
321954	0.0001484436055
321955	0.001048189685
321956	0.0004552205267
321957	2.437616662e-06
321958	0.0008319559513
321959	0.0007239430957
321960	0.0001257603809
321961	0.0002098158677
321962	6.485846546e-05
321963	0.0005205504724
321964	0.001216970817
321965	0.001413642231
321966	0.0006001833266
321967	0.001697058731
321968	0.001004106481
321969	0.001938408888
321970	0.0002100088196
321971	0.0009168001197
321972	0.0003130341185
321973	0.001983368943
321974	0.0008938214302
321975	0.0003923176649
321976	0.0007316807382
321977	0.0002681554709
321978	0.0005142925164
321979	0.003266405569
321980	0.0007628752708
321981	0.001567157102
321982	0.002115767256
321983	0.001969734214
321984	0.0003489724812
321985	0.0004701552594
321986	0.0004751104674
321987	0.0005591145289
321988	0.00178230968
321989	0.0005687431069
321990	0.0003998186851
321991	0.0002879075743
321992	0.001306443089
321993	0.001899930409
321994	0.002065151571
321995	0.0006371548811
321996	0.0003546266434
321997	0.001839727578
321998	0.001265610613
321999	0.0005754964371
322000	0.000907594571
322001	0.001934565965
322002	0.002021823421
322003	0.002239755078
322004	0
322005	0.001094017507
322006	0.002174572568
322007	0.0001049067166
322008	0.0002792766742
322009	0.0006023138319
322010	0.001230677252
322011	0.001234238853
322012	0.000412672191
322013	0.001123980188
322014	0.0002851329317
322015	3.416961391e-06
322016	0.0005813493247
322017	0.00205202109
322018	0.0009192757121
322019	0.0006431987247
322020	0.001961329791
322021	0.00258756981
322022	0.0004449754889
322023	0.0009197641931
322024	0.001756522726
322025	0.0007885778965
322026	0.00143901543
322027	0.001005147947
322028	0.001048997684
322029	0.001143284286
322030	0.0006119355791
322031	0.001138758181
322032	1.582795522e-06
322033	0.0002075520819
322034	0.0003904386207
322035	0.000473727648
322036	0.001970913075
322037	0.001959004963
322038	0.001446189563
322039	0.001119677743
322040	0.0004185335385
322041	0.001156757656
322042	0.0006059803371
322043	0.000396095713
322044	0.0004335426907
322045	0.001878923921
322046	0.0009025147545
322047	0.001127654618
322048	0.001628050043
322049	0.0007195557163
322050	0.0007957152399
322051	0.002472971787
322052	0.0003594119883
322053	0.002439458484
322054	2.724927807e-06
322055	0.004712713963
322056	0.0009355701494
322057	0.0004158002165
322058	0.003861066585
322059	0.002532719051
322060	0.006326063096
322061	0.005015194195
322062	0.003031479353
322063	0.001997402375
322064	0.002519796358
322065	0.0008898382602
322066	0.002627074963
322067	0.001232546855
322068	0.001105438083
322069	0.003747918151
322070	0.003933790176
322071	0.00315874
322072	0.000473415481
322073	0.001618609708
322074	0.0017565317
322075	0
322076	0.002535042413
322077	0.000966476587
322078	0.004278470319
322079	0.002586900882
322080	0.0008076191471
322081	0.0002452873134
322082	0.0005618834131
322083	8.48586477e-05
322084	0.002885039549
322085	0.004500584644
322086	0.00031096173
322087	0.004665195644
322088	0.004620473796
322089	0.004384844474
322090	0.002518473201
322091	0.001577792929
322092	0.0005075940151
322093	0.002918869964
322094	0.0009374514808
322095	0.001168666829
322096	0.004869274322
322097	0.0005416213555
322098	0.0005154061144
322099	0.003939657718
322100	0.003216246561
322101	0.002665890235
322102	0.000297070194
322103	0.001444995728
322104	0.002929821866
322105	0.002208997644
322106	0.006240799524
322107	0.0006023849076
322108	0.005252216619
322109	0.001102061093
322110	0.003819050866
322111	0.0005246218249
322112	0.00317516626
322113	0.003856365042
322114	0.0005731072502
322115	0.002281567962
322116	0.0001375929234
322117	0.0001436805121
322118	0.001365367447
322119	0.00171923281
322120	0.004458899134
322121	0.001207240271
322122	0.001448052657
322123	0.003148605454
322124	0.002690181319
322125	0.002230288321
322126	0.003536479575
322127	0.0003152403017
322128	0.001059477635
322129	0.001043238184
322130	0.002830046999
322131	0.00394134263
322132	0.00106452098
322133	0.0003919127704
322134	0.0002380720983
322135	0.001645112321
322136	0.0001757369842
322137	0.001336924806
322138	0.004649102506
322139	0.00454655255
322140	0.003550964853
322141	0.0001261667629
322142	0.002420135185
322143	0.002167786513
322144	0.002731430867
322145	0.002757389593
322146	0.0006558612002
322147	0.0058763452
322148	0.002661177799
322149	0.0008156949655
322150	0.0007313670117
322151	0.001282642186
322152	0.0001235612412
322153	0.002138684926
322154	0.001422177685
322155	0.0006465968384
322156	0.003839637414
322157	0.006252703716
322158	0.001652641229
322159	0.0009551309865
322160	0.002018479263
322161	0.0005270888766
322162	0.0003237474974
322163	0.0003253972573
322164	0.002692237168
322165	0.0003315799875
322166	0.004874195199
322167	0.002661145339
322168	0.002243026709
322169	0.0005837453821
322170	0.003671307298
322171	0.003285118768
322172	0.003540510586
322173	0.002434408901
322174	0.004754762408
322175	0.004834421623
322176	0.0005834894462
322177	0.0007231330919
322178	0.00190278886
322179	0.001186075788
322180	0.001076894911
322181	0.0001731497497
322182	0.003747918151
322183	0.003083075296
322184	0.0007918568282
322185	0.003886745182
322186	0.00233894171
322187	0.002019668178
322188	0.002951579711
322189	0.003339179848
322190	0.002966952833
322191	0.001049905392
322192	0.0009131461012
322193	0.002372454049
322194	0.003159353845
322195	0.0001752061467
322196	0.00413483619
322197	0.001528345556
322198	0.0001790039712
322199	0.004359854161
322200	0.001799463622
322201	0.003610216861
322202	0.0005203148687
322203	0.0001998410368
322204	0.0005439064929
322205	0.002282225555
322206	0.001593332567
322207	0.003074846385
322208	0.003022823551
322209	0.003086593206
322210	0.002324853811
322211	0.0008078124842
322212	0.0005053207512
322213	0.004505748963
322214	0.0004635428122
322215	3.973883305e-05
322216	0.0002710315559
322217	0.001044090678
322218	0.002718368079
322219	0.001880317118
322220	0.005139349706
322221	2.024223925e-05
322222	0.00396819504
322223	0.0008309308912
322224	0.0009736728116
322225	0.004573973614
322226	0.0001600810408
322227	0.004268480301
322228	0.0001660862346
322229	0.001065678382
322230	0.004431357384
322231	0.003454971409
322232	0.001642993837
322233	0.004513023438
322234	0.000898891597
322235	0.004886255871
322236	0.001435572238
322237	0.001712269106
322238	0.004061747797
322239	0.003557233258
322240	0.0006063401002
322241	0.002710931025
322242	0.004109255309
322243	0.0001790261689
322244	0.002735743889
322245	0.0004951157431
322246	0.0008895661694
322247	0.0002399936034
322248	0.002656144329
322249	0.00374888295
322250	0.002505968804
322251	0.002191565189
322252	0.004816658629
322253	0.002116322595
322254	0.0003396070647
322255	0.001941285408
322256	0.001126932993
322257	0.001191658864
322258	0.001374172947
322259	0.002450870255
322260	0.004038621106
322261	0.004457864476
322262	0.000771956576
322263	0.002291576805
322264	0.003854059733
322265	0.002689912607
322266	0.002893773804
322267	0.005502577104
322268	0.0008700300798
322269	0.002586403001
322270	0.0001011949506
322271	0.003126268628
322272	0.002275350628
322273	0.0002222132461
322274	0.001380857252
322275	0.001122884447
322276	0.001784276552
322277	0.002563008186
322278	0.003371272289
322279	0.00107213794
322280	0.002905369201
322281	0.0003532416203
322282	9.560547439e-05
322283	0.002784792097
322284	0.0004666054033
322285	1.887669535e-05
322286	0.003045339038
322287	0.004507390668
322288	0.003837503743
322289	0.001700104541
322290	0.003808300633
322291	0.005149044396
322292	0.003075088318
322293	0.001349743512
322294	0.004371678999
322295	0.002248354142
322296	0.002934902914
322297	0.0004002040236
322298	0.000532733333
322299	0.001440034167
322300	0.001967038279
322301	0.0004791954601
322302	0.002281603821
322303	0.00174173629
322304	0.001507432945
322305	0.003276188626
322306	0.001705658044
322307	0.002773940241
322308	0.002100863947
322309	0.002666402363
322310	0.0003054632598
322311	0.001613364155
322312	0.0002160429185
322313	0.0009398015064
322314	0.0007159580748
322315	0.00265044875
322316	0.003399593207
322317	0.000287894644
322318	0.001256220331
322319	0.001785133853
322320	0.002261182549
322321	0.002829277534
322322	0.0009717926228
322323	0.004604030177
322324	0.0001026000975
322325	0.001561158452
322326	2.267995845e-05
322327	0.002088749966
322328	0.00345696833
322329	0.002632291899
322330	0.0002071818837
322331	0.005947277816
322332	0.001789363266
322333	0.002545696867
322334	0.001854190997
322335	9.93213239e-05
322336	0.002895235869
322337	0.002866462533
322338	0.00498896793
322339	0.003889660671
322340	0.002455185067
322341	0.003673966642
322342	0.0001447765155
322343	0.004479623902
322344	0.001111475557
322345	0.002159642565
322346	0.004434513482
322347	0.004166768797
322348	0.0001785268814
322349	0.002244044775
322350	0.0003181090999
322351	0.001675023835
322352	0.00260283189
322353	0.001756363198
322354	0.001214240766
322355	0.002220185969
322356	0.000236878279
322357	2.706591553e-06
322358	0.0008504009465
322359	0.002715709176
322360	0.0005382765181
322361	0.0001561375915
322362	0.003009318317
322363	0.0005419429344
322364	0.00345929097
322365	0.001981664075
322366	0.0007644606505
322367	0.001048467674
322368	0.004046290461
322369	0.002209213332
322370	0.003578303433
322371	0.0005911351648
322372	0.001027537816
322373	0.003446956434
322374	0.0007622115852
322375	0.003773996785
322376	0.002216183031
322377	0.001891433679
322378	0.002137068454
322379	0.003684686423
322380	0.003723119134
322381	0.002470221374
322382	0.0009730806517
322383	0.0003152542768
322384	0.0009804157497
322385	0.0002609912155
322386	0.001729401575
322387	0.0003110145577
322388	0.003258692623
322389	0.003634695811
322390	0.001022775716
322391	0.001931517173
322392	0.0007458160237
322393	0.003488449386
322394	0.0006886017757
322395	0.003731389643
322396	0.00125786314
322397	0.000440462515
322398	0.00446815171
322399	6.964256767e-05
322400	0.005387607205
322401	7.497526207e-05
322402	0.0001561399384
322403	0.001085159467
322404	0.0007760434435
322405	0.002224146291
322406	0.005540998031
322407	0.002632528979
322408	0.000843181005
322409	0.0007929984803
322410	0.005571280612
322411	0.0004239599075
322412	0.0006368002345
322413	0.002620062986
322414	0.0007779520154
322415	0.002578856607
322416	0.0009228434427
322417	0.001265933053
322418	0.001361120718
322419	0.002434265348
322420	0.00357848779
322421	0.00121767248
322422	0.0003624336196
322423	0.0001503624175
322424	0.004185276991
322425	0.0008552540848
322426	0.004308492576
322427	0.0001059741068
322428	0.002449632067
322429	0.001306636164
322430	0.003534893436
322431	0.0003458116881
322432	0.0004012370854
322433	0.004906332907
322434	0.0001930889584
322435	0.001417601914
322436	6.613906215e-05
322437	0.001884637267
322438	0.002269548742
322439	0.0001171930653
322440	0.003881818987
322441	0.004294181761
322442	0.004157238187
322443	0.004380957437
322444	0.0009320114565
322445	0.003773508373
322446	0.001202192152
322447	0.0002087851096
322448	0.0001929789639
322449	0.003036767606
322450	0.002796555715
322451	0.004376318193
322452	0.00202662142
322453	0.002542039649
322454	0.00478754619
322455	0.001801301804
322456	0.000308104207
322457	0.00349595428
322458	0.003949242089
322459	0.002956827399
322460	3.588109156e-06
322461	0.003717259818
322462	0.0026076951
322463	0.0002194045474
322464	0.001961282156
322465	0.001452267844
322466	0.001833331288
322467	0.002236759925
322468	0.004788204813
322469	0.0002452651311
322470	0.0023591461
322471	0.0007583690948
322472	0.0006894623328
322473	0.0008915917321
322474	0.00326036637
322475	0.0002128214135
322476	0.0007720264821
322477	0.003739067351
322478	0.002300805171
322479	0.001093653005
322480	0.004930278787
322481	0.002269723943
322482	0.004367238064
322483	0.00305417745
322484	0.001157474455
322485	0.0002746988008
322486	0.0005337196885
322487	0.003339991911
322488	0.0006946102859
322489	0.003867597639
322490	0.002449987325
322491	0.0005429187341
322492	0.003760221708
322493	0.0006952649473
322494	0.001860467382
322495	0.0003812168404
322496	0.002147464616
322497	0.004381189483
322498	0.001327857397
322499	0.002283448602
322500	0.004040122516
322501	0.006252590321
322502	0.005130499971
322503	0.0009409188857
322504	0.001593490016
322505	0.0004565429596
322506	0.001588151006
322507	0.003659530895
322508	0.0005025680511
322509	0.004506711904
322510	0.0005173265168
322511	0.002246112942
322512	0.003219381353
322513	0.004020444909
322514	0.003237111302
322515	0.001352356579
322516	0.000843640498
322517	0.002228636024
322518	0.00188199346
322519	0.005374836872
322520	0.0009518191887
322521	0.0009994913138
322522	0.004004330878
322523	0.004592691883
322524	0.003207394842
322525	0.0008481969612
322526	0.002287457571
322527	0.001286719548
322528	0.0005028304754
322529	0.002022343812
322530	0.00107631707
322531	0.0001050913186
322532	0.002651312172
322533	0.00381511404
322534	0.002383379447
322535	0.002188534329
322536	0.00402362038
322537	0.000385031511
322538	0.00093179549
322539	9.089221136e-05
322540	0.003558892272
322541	0.0007893626805
322542	0.001191212862
322543	0.0003704918023
322544	0.002097605598
322545	0.001172920266
322546	0.003345118663
322547	0.004921277962
322548	0.005276133237
322549	0.001337577392
322550	0.002816392918
322551	0.001486484205
322552	0.0001006647709
322553	0.003440422544
322554	0.004513600555
322555	0.003296191393
322556	0.001543692209
322557	0.00322055276
322558	0.0005995792753
322559	0.001588527553
322560	0.0008905240578
322561	0.003175406164
322562	0.005543375717
322563	0.0002104769143
322564	0.002390030173
322565	0.003069891376
322566	0.003405984127
322567	0.0001643063941
322568	0.0001840132275
322569	0.002266113854
322570	0.004266062217
322571	0.001730218074
322572	0.004351479598
322573	0.003960176112
322574	0.001200911659
322575	0.00251917829
322576	0.00200915631
322577	0.0003136136862
322578	0.00132503081
322579	0.002949812492
322580	0.001876175241
322581	0.0008656470351
322582	0.0005244993157
322583	0.002107828369
322584	0.002551619675
322585	0.001625180946
322586	0.0009297448374
322587	0.002941561469
322588	0.001360413493
322589	0.001522949383
322590	0.002581415207
322591	0.001452219299
322592	0.001055931202
322593	0.0001100546393
322594	0.001767393441
322595	0.001702534012
322596	0.002006808131
322597	0.001815408646
322598	9.285767732e-05
322599	0.001915655902
322600	0.001995300452
322601	0.0007006830956
322602	0.0009921695773
322603	0.000873995601
322604	0.001399466325
322605	0.0003688560877
322606	0.001478288296
322607	0.002063081842
322608	0.0001082133989
322609	0.001525873228
322610	0.002736832677
322611	0.002554811275
322612	0.0007549881812
322613	0.00268757889
322614	0.001447141828
322615	0.002138871853
322616	0.0003050035722
322617	0.0005393411229
322618	0.0005546796511
322619	0.001914272448
322620	0.0006573379274
322621	0.001127641099
322622	1.586399635e-05
322623	0.00172790195
322624	8.935289511e-05
322625	0.001490324821
322626	0.001226790325
322627	0.0003942557325
322628	0.000171495001
322629	0.001053448484
322630	0.0006066476489
322631	0.003342168843
322632	0.0007205515438
322633	0.002147335073
322634	0.001158706164
322635	0.001713176525
322636	0.00167335047
322637	0.00145160134
322638	0.0007958843962
322639	0.0008634600321
322640	0.0005977106484
322641	0.002245324422
322642	0.0006993954867
322643	0.002215251089
322644	0.003066399396
322645	4.411230154e-05
322646	0.0003021757615
322647	0.001920095252
322648	0.001683545395
322649	0.001216821106
322650	0.002567218168
322651	0.001047804118
322652	0.001250819396
322653	0.002565362777
322654	0.0006980076145
322655	0.0005196323931
322656	0.001093745243
322657	0.001838274738
322658	0.0005082415148
322659	0.001549580447
322660	0.001843957703
322661	0.001491810458
322662	0.0003999770231
322663	0.001619842778
322664	0.001622884133
322665	0.0003985789039
322666	0.00194093058
322667	0.002940044979
322668	0.0004361690719
322669	0.0002087162196
322670	0.003382544838
322671	0.002039460375
322672	0.001387367833
322673	0.002843717767
322674	0.002519117676
322675	0.002002475963
322676	0.001879584354
322677	4.230523627e-06
322678	0.002896462284
322679	0.002255907291
322680	0.001059620526
322681	0.001442490782
322682	0.001485132454
322683	0.002339454465
322684	0.001244342751
322685	0.002518701493
322686	0.002037483861
322687	0.001039205454
322688	0.002236281829
322689	0.001257063265
322690	0.0006043002322
322691	0.002081035481
322692	0.00230860361
322693	0.001222638489
322694	0.00078470731
322695	0.0001605367936
322696	0.003251223369
322697	0.002004134884
322698	0.0002331157078
322699	0.001180429403
322700	0.00324556494
322701	0.0008041358248
322702	0.0003953754225
322703	0.0003977028949
322704	0.0003939100084
322705	0.0005799527183
322706	0.001512451342
322707	8.8877389e-05
322708	0.002211810949
322709	0.001503586515
322710	0.0006958637198
322711	0.0002274410689
322712	0.001503318985
322713	0.001118221794
322714	0.001167281926
322715	0.001423407735
322716	0.001579336281
322717	0.00178140029
322718	0.0001946653678
322719	0.0005301984713
322720	0.0007135446199
322721	0.001063008483
322722	3.816367397e-05
322723	0.0003556649288
322724	0.001795196421
322725	0.001831066678
322726	0.0003599179588
322727	0.0004252861473
322728	0.0009337008947
322729	0.0008123183727
322730	0.0007872521796
322731	0.0001237307311
322732	0.001518433702
322733	0.002930276459
322734	7.656313777e-06
322735	0.0004377454202
322736	0.0004053730805
322737	0.0003145152098
322738	0.000385733871
322739	0.002306507589
322740	0.000490946537
322741	0.0007456531326
322742	0.0002609231529
322743	0.0005886030527
322744	0.0006138936688
322745	0.0001342328944
322746	0.001765140537
322747	0.001204450985
322748	0.002095476114
322749	0.001967235054
322750	0.0001474734019
322751	0.00197274485
322752	0.001559868081
322753	0.001344923744
322754	0.001676455553
322755	0.0003120221373
322756	0.001716296209
322757	0.002711389383
322758	0.002021989069
322759	0.0003431827439
322760	0.001109432348
322761	0.000717877328
322762	0.00175800308
322763	0.0001356111671
322764	0.000752102636
322765	0.002754118568
322766	0.0005579971216
322767	0.002274588326
322768	0.001370414518
322769	0.00185532692
322770	0.0008138150545
322771	0.0002179232872
322772	0.0007937841295
322773	0.002725408821
322774	0.001931748602
322775	0.0001975510517
322776	0.001532147331
322777	0.0007943531745
322778	0.002178185898
322779	0.0004594827927
322780	0.0005122083393
322781	0.0004689368895
322782	0.0009800965132
322783	0.0008320602927
322784	0.002319846285
322785	0.002656249194
322786	0.0006083169585
322787	0.001988606292
322788	0.0009455865936
322789	0.0002111951228
322790	0.0007176712245
322791	0.0001687773386
322792	0.0004126097605
322793	0.001269841636
322794	0.0006211574816
322795	0.002066754245
322796	0.0001463742623
322797	0.002595830227
322798	0.0001122661709
322799	0.001510716617
322800	0.001064550891
322801	0.001980523863
322802	0.0007063680761
322803	0.0005092321265
322804	0.0007040304122
322805	0.0006929959356
322806	0.0002306849635
322807	0.002465855244
322808	0.0003263313947
322809	0.000195470456
322810	0.001149748899
322811	0.0007909642324
322812	0.001454651565
322813	0.0001117908069
322814	0.0001671106287
322815	0.001945219544
322816	7.239856379e-05
322817	0.0009415860534
322818	0.001036216721
322819	0.001793349774
322820	0.0001049676457
322821	0.001866504903
322822	0.0001409502237
322823	0.00258712832
322824	0.002546436742
322825	8.289124668e-07
322826	8.791866547e-05
322827	0.001912419318
322828	0.001903943284
322829	0.002694111725
322830	0.002000629991
322831	0.001680791194
322832	0.0008800985147
322833	0.0003201761929
322834	0.0004556568227
322835	0.002023889578
322836	0.001600590044
322837	6.615074183e-05
322838	0.002015094729
322839	0.0009146046804
322840	0.0002165174232
322841	0.0002091862044
322842	0.0006143846299
322843	0.002196103088
322844	0.002277391575
322845	0.001583337633
322846	0.0008382985769
322847	0.0003294647511
322848	2.603399155e-06
322849	0.0005677961936
322850	0.001479298013
322851	0.0002441183466
322852	0.002289624575
322853	0.001691542931
322854	0.0005337803112
322855	0.001392273042
322856	0.002436802637
322857	0.0008132848614
322858	0.001101387818
322859	0.001800914543
322860	0.001671630243
322861	0.0003716279956
322862	9.301058921e-06
322863	0.002014107543
322864	0.0003031155335
322865	0.0002928523984
322866	0.001680640573
322867	0.001596476518
322868	0.0004096585245
322869	0.001474687142
322870	0.001923198198
322871	0.002880677683
322872	0.001048478889
322873	0.001004343807
322874	0.002795062135
322875	0.001745794323
322876	0.001936785164
322877	0.001809261287
322878	0.0002784249609
322879	0.0001954972556
322880	0.001066152251
322881	0.001203800886
322882	0.0009503977839
322883	0.001376443824
322884	0.0005873887168
322885	0.0002461127661
322886	0.0002736843339
322887	0.001793218001
322888	0.001012395444
322889	0.0002935183123
322890	0.0001911155963
322891	0.001113864494
322892	0.0009618822893
322893	0.001666144549
322894	0.003141761304
322895	0.001243270665
322896	0.0001843006215
322897	0.003079591825
322898	0.0009693202026
322899	0.001552773746
322900	0.0006362795813
322901	0.001120270548
322902	0.001943897471
322903	0.001137606202
322904	0.002314080396
322905	0.001030576114
322906	0.0007955126084
322907	0.001564095652
322908	0.0001867216315
322909	0.002264430279
322910	0.001052553501
322911	0.002124853958
322912	0.002549878383
322913	0.0005327118734
322914	0.000252292041
322915	0.00221258153
322916	0.001208537453
322917	0.0002441540831
322918	0.0004436778406
322919	0.001185622669
322920	0.0002494365157
322921	0.002711024994
322922	9.426407707e-05
322923	0.001762221233
322924	0.001080138997
322925	0.002440027533
322926	0.003795685532
322927	0.0002963087216
322928	0.0002238330027
322929	0.0005821220324
322930	0.001319902004
322931	0.002353231245
322932	0.0005628448159
322933	0.001376078642
322934	0.0007823176513
322935	0.001773761676
322936	0.000587420121
322937	0.001179586626
322938	0.002070779559
322939	0.0001005118082
322940	0.0001977490332
322941	0.002099467478
322942	0.00223465847
322943	0.00039391692
322944	0.0007122164476
322945	0.003106855112
322946	0.001769491785
322947	0.001186669265
322948	0.001410516337
322949	0.002201479768
322950	0.001924436992
322951	0.001575573818
322952	0.002864149195
322953	0.001438947793
322954	0.002210128563
322955	0.0006909889318
322956	0.0008209233851
322957	0.001928799477
322958	0.001352608337
322959	0.002656578665
322960	0.0003580681526
322961	0.0001067184139
322962	0.0008436795398
322963	0.0007432492143
322964	0.002034571037
322965	0.000332640742
322966	0.002779083848
322967	0.0002056787106
322968	8.88358612e-05
322969	0.001398677298
322970	0.000733763089
322971	0.001599398902
322972	0.000874241824
322973	0.002407331525
322974	0.0001605368558
322975	0.001148630479
322976	0.0006055059154
322977	0.0008463720024
322978	0.002077728003
322979	0.0001836482238
322980	0.002108866253
322981	0.002908413668
322982	0.0004054436437
322983	0.003272151896
322984	0.0004161026928
322985	8.836179815e-05
322986	7.853466228e-05
322987	0.002402839058
322988	0.002681873284
322989	0.0004529707001
322990	0.0001009200527
322991	0.0004945649914
322992	0.002218776914
322993	0.001455337627
322994	0.002104826033
322995	0.0006507310354
322996	0.001400311765
322997	0.00178766658
322998	0.0002122998631
322999	0.001171138589
323000	0.0003178362295
323001	0.00132853776
323002	0.0003113310894
323003	0.001605427059
323004	0.002102226392
323005	0.0007743844032
323006	0.001541987979
323007	0.0009734752363
323008	0.001178557966
323009	0.001290138868
323010	0.002308153441
323011	0.0001655654681
323012	0.0003992307333
323013	6.870763336e-06
323014	0.0003951241182
323015	0.002300851494
323016	0.001577477951
323017	0.0004637633264
323018	0.001026434797
323019	0.002425020178
323020	0.000788431904
323021	0.001295964902
323022	0.004126568715
323023	0.001687770336
323024	0.0008224155349
323025	0.0009066794358
323026	0.0006098121265
323027	0.001120914659
323028	0.001912542707
323029	0.0004308741395
323030	0.0006249442956
323031	0.00206202088
323032	0.000308385361
323033	0.00231407964
323034	0.001102372311
323035	2.757520976e-05
323036	0.001540681037
323037	0.000493351802
323038	4.765445489e-05
323039	0.001022141701
323040	0.001853256473
323041	0.00117530685
323042	0.0004790743574
323043	0.001726108877
323044	1.398306974e-05
323045	8.62682975e-07
323046	0.0004581938183
323047	0.0017076465
323048	0.002204702479
323049	0.002431606176
323050	0.002802283078
323051	0.002647242763
323052	0.0005988923929
323053	0.002209284301
323054	0.001781064105
323055	0.0001975956557
323056	0.0008199347873
323057	0.001179518906
323058	0.0004747621683
323059	0.0001722416565
323060	0.002050091311
323061	0.001941288805
323062	0.0001859970191
323063	0.0002991471376
323064	0.003160649754
323065	0.0002415778413
323066	0.0004102256248
323067	0.0004948481655
323068	0.0001898773695
323069	9.05869396e-06
323070	0.0008436246125
323071	0.00169882386
323072	0.000845720911
323073	9.761871491e-05
323074	0.002899010088
323075	0.0009952621798
323076	0.001445328119
323077	0.0008348475867
323078	0.002259597465
323079	0.001198126833
323080	0.001510281492
323081	0.000725601713
323082	0.001578618645
323083	0.0009060768557
323084	0.0009219151638
323085	0.0007172671353
323086	0.002000975579
323087	0.0006957216671
323088	0.001827332758
323089	0.002131242074
323090	0.002210905285
323091	0.0008201309231
323092	0.002549672856
323093	0.0007013442116
323094	0.00270353118
323095	0.001364669774
323096	0.0007201827231
323097	0.001101184973
323098	0.000186266954
323099	0.002108611094
323100	0.0001446513144
323101	0.002239268114
323102	0.0002846546154
323103	0.003279741433
323104	0.0008385625733
323105	0.0003040897534
323106	0.0006287612733
323107	0.000287425202
323108	0.002669329405
323109	0.0003200480372
323110	0.002203432793
323111	0.0009763969789
323112	0.001449446962
323113	0.002039304158
323114	0.001106406643
323115	0.001668101465
323116	9.505871608e-05
323117	0.002207081542
323118	0.0007594542189
323119	0.001212376171
323120	0.001310232275
323121	0.0009926334215
323122	0.00100190961
323123	0.002656777304
323124	0.002055964895
323125	0.002355984052
323126	0.00201980807
323127	0.001202562561
323128	0.002147717531
323129	0.002398798807
323130	0.0006102837228
323131	0.001529868146
323132	0.002024790729
323133	0.0008467816518
323134	0.001446246894
323135	0.0007305428509
323136	0.003538836432
323137	0.001110551571
323138	0.001859097482
323139	0.0014691368
323140	0.001015650022
323141	0.001580317183
323142	0.001975343146
323143	0.0002485150542
323144	0.0002588074335
323145	9.235156335e-05
323146	0.001287117554
323147	0.001161960164
323148	0.0008401115674
323149	0.001059671104
323150	0.00294289861
323151	0.002607429104
323152	0.001491074338
323153	0.000331291711
323154	0.0004527193764
323155	0.0003923904079
323156	0.0002354083901
323157	0.0003331829797
323158	0.0003928041045
323159	4.465798396e-05
323160	0.000830688336
323161	0.001043715426
323162	1.674574195e-05
323163	0.001974066462
323164	0.002148654093
323165	0.001655072784
323166	0.000544227238
323167	0.0005543147974
323168	0.0006530272011
323169	0.001918808659
323170	0.001415796291
323171	0.003092264338
323172	0.0005373747223
323173	0.0003395121775
323174	0.0005330713921
323175	0.0005400451237
323176	0.0009777818971
323177	0.0003030726292
323178	0.0009136443609
323179	0.0002211472736
323180	0.0009704511739
323181	0.002827759554
323182	0.001672730863
323183	4.049236484e-06
323184	0.002320361556
323185	3.834895267e-05
323186	0.0005949149379
323187	2.966753598e-05
323188	0.001613457004
323189	0.002287952985
323190	0.001814670058
323191	0.001163847715
323192	0.001423245868
323193	0.001424957819
323194	0.0002094419633
323195	0.002960243067
323196	0.002407683867
323197	0.0005159717367
323198	0.002446280183
323199	0.001765538068
323200	0.0002381256986
323201	0.0006843370672
323202	0.001548518319
323203	0.002005642634
323204	0.001319235959
323205	0.002123613059
323206	0.003161306119
323207	0.0004995499028
323208	0.001366359048
323209	0.001128467269
323210	0.0001569694329
323211	0.002157039883
323212	0.0001949802554
323213	0.0002071227304
323214	0.002300814654
323215	0.0006805293605
323216	0.0004123686143
323217	0.001660988247
323218	0.001673633873
323219	0.0003735806164
323220	0.001653376319
323221	0.001466341222
323222	0.0003363573643
323223	0.0008954550864
323224	0.0008693722665
323225	3.032218045e-05
323226	0.0008239273677
323227	0.001808766747
323228	0.0007057700601
323229	0.001667833105
323230	0.002515604996
323231	0.0004910737726
323232	0.0001858042652
323233	0.001325669439
323234	0.001608902538
323235	0.0001124997157
323236	0.0009649511066
323237	0.0004033988426
323238	0.003593803704
323239	0.001383867802
323240	0.0003149239943
323241	0.0005299685006
323242	0.001415192658
323243	0.001067276008
323244	0.0008366199432
323245	0.0002494879173
323246	0.002785942908
323247	0.001828518205
323248	0.004055749597
323249	0.001252349727
323250	0.0006225963254
323251	0.001515981518
323252	0.001117554685
323253	8.25466928e-05
323254	0.0007282548843
323255	0.0006279670758
323256	0.0002374676696
323257	0.0002999720978
323258	0.0001313804338
323259	0.001597235204
323260	0.0001191762312
323261	0.001250938957
323262	0.001735323168
323263	0.0004122743766
323264	0.001115567623
323265	0.001133033361
323266	0.0007141918242
323267	0.002331946648
323268	0.002206655957
323269	0.0007526122911
323270	0.0009823632017
323271	0.001767568009
323272	0.001558439116
323273	0.0001068320949
323274	0.002189540273
323275	0.0008830596396
323276	0.001447699335
323277	0.0003156516876
323278	0.001518229795
323279	0.001634040758
323280	0.0005456374335
323281	0.001117670408
323282	3.972993367e-05
323283	1.880197766e-05
323284	3.295579607e-05
323285	0.002288968285
323286	0.003113407837
323287	0.002454500262
323288	0.0003955697414
323289	0.001300715121
323290	0.001942864469
323291	0.002717124324
323292	0.0003507928185
323293	0.002187908477
323294	0.0002587364165
323295	0.001102719339
323296	7.181391567e-05
323297	0.00122717407
323298	0.001722500274
323299	0.00064794619
323300	0.0006090566367
323301	1.057276875e-05
323302	0.00031491291
323303	0.0004102306208
323304	0.0005086753766
323305	0.0003761562804
323306	0.0009556838536
323307	0.002564926109
323308	0.001844981239
323309	0.0007825162672
323310	0.0003002153647
323311	0.001218158079
323312	0.001611989567
323313	0.0006875958291
323314	0.001220922801
323315	0.0003283796676
323316	0.001482762486
323317	0.004405391325
323318	0.0002232007176
323319	0.0008082298046
323320	0.0007762255735
323321	0.002460769972
323322	0.002366395887
323323	0.001064210313
323324	0.002247065882
323325	0.001266011507
323326	0.0009419757211
323327	0.00049932111
323328	0.001276713808
323329	0.0001065803758
323330	0.001805200904
323331	0.00254853021
323332	0.001002871292
323333	0.002123791867
323334	0.001982370965
323335	0.002473444311
323336	0.001232028569
323337	0.002181517367
323338	0.0003693595618
323339	0.0006873227206
323340	0.001289437104
323341	0.0004564245936
323342	0.0001299205462
323343	0.002111355684
323344	0.002608586966
323345	0.002443106755
323346	0.0020331676
323347	0.0007471974425
323348	0.001361154427
323349	0.00139094975
323350	0.002980900997
323351	0.003008582217
323352	0.0008898421048
323353	0.003372627807
323354	0.001551804305
323355	0.001325015967
323356	0.0002363820526
323357	0.001960439369
323358	0.001418783435
323359	0.001872944224
323360	0.000350369911
323361	0.002230591866
323362	0.001014952352
323363	0.002882653211
323364	0.002141137378
323365	0.001365662929
323366	0.0001658867757
323367	0.0008626967823
323368	0.001887103279
323369	0.001293120543
323370	0.001510926477
323371	0.004208176414
323372	0.0006058277693
323373	0.001149246341
323374	0.0002703936575
323375	0.001528082509
323376	0.001096964423
323377	0.0008702217047
323378	0.0008775589254
323379	0.002392524173
323380	0.002112015068
323381	1.297635907e-05
323382	0.001273755793
323383	0.00150546637
323384	0.001292956101
323385	0.002422699735
323386	0.001157309767
323387	0.0005426053402
323388	3.478063307e-05
323389	0.0002579813798
323390	0.0002741202957
323391	0.0006518546339
323392	0.002502332716
323393	0.001002294514
323394	0.001111656663
323395	0.001458008308
323396	0.003314281764
323397	0.002875842772
323398	0.0009268997754
323399	0.000290007271
323400	0.00153173976
323401	0.001497445998
323402	0.0004184486076
323403	0.001267266961
323404	0.001538557466
323405	1.570097037e-06
323406	0.002227245053
323407	0.004984203163
323408	0.00136965142
323409	0.0009618051234
323410	0.0008758672803
323411	0.001812184573
323412	0.003606485587
323413	0.001993732595
323414	0.003578288552
323415	0.001074380304
323416	0.000576309851
323417	0.0009830724457
323418	0.0009066652773
323419	0.0009822108587
323420	0.001569220151
323421	0.005960914867
323422	0.001602356759
323423	0.0005105892109
323424	0.0004221054014
323425	0.003825471894
323426	0.00209018232
323427	0.002065487485
323428	0.001077682044
323429	0.001294410491
323430	0.0002805144176
323431	0.001309464621
323432	0.001087950359
323433	0.0005496546779
323434	0.001967427152
323435	0.001244632539
323436	0.0005478776966
323437	0.002868562387
323438	0.0006104973216
323439	0.0006588969055
323440	0.001288735571
323441	0.0002709073431
323442	0.001879614135
323443	0.0003096419994
323444	0.00180943518
323445	0.000628290743
323446	0.001487264483
323447	0.00187210577
323448	0.0008066392401
323449	0.002947810567
323450	0.001728720206
323451	0.002960116271
323452	0.0004400149246
323453	0.0009869236987
323454	0.0007252521622
323455	0.002785314531
323456	0.0009433043715
323457	0.001803249072
323458	0.0004774509615
323459	0.0005700242015
323460	0.0004478690004
323461	0.002145659122
323462	0.0009447058964
323463	0.0007967643283
323464	0.001218001184
323465	0.0004469821717
323466	0.004587990126
323467	0.0009852350652
323468	0.002670376432
323469	0.004891835559
323470	0.002213227375
323471	0.001534764621
323472	0.001258458211
323473	0.0004813203575
323474	0.00584390502
323475	0.001769722138
323476	0.001156567295
323477	0.0003445872664
323478	0.000194243195
323479	0.001886128735
323480	0.0009176550956
323481	0.0002798868382
323482	0.001020183776
323483	0.00015351574
323484	0.0007824216778
323485	0.0005919699182
323486	0.001598129079
323487	0.0007230622926
323488	8.089272488e-05
323489	0.001007279488
323490	0.000806151929
323491	0.001478408277
323492	0.0002113662517
323493	0.00201122509
323494	0.002543975806
323495	0.002209257858
323496	0.00260412995
323497	0.001171264268
323498	0.003763515724
323499	0.00018992638
323500	0.002447123821
323501	0.002679399521
323502	0.001550796168
323503	0.001592751448
323504	0.001712568392
323505	0.003909173893
323506	0.002014189365
323507	0.002193269842
323508	0.002170937049
323509	0.003032233441
323510	0.002189234882
323511	0.0004266703278
323512	0.001733554626
323513	0.0006705089217
323514	0.0003627901938
323515	0.001179787546
323516	0.0003998107033
323517	0.001190096972
323518	0.001920788313
323519	0.001193723759
323520	0.0009190545488
323521	0.002782446694
323522	3.060864005e-05
323523	0.002343023634
323524	0.0009924513282
323525	0.0007848818369
323526	0.0008230708458
323527	0.0002243314707
323528	0.0002088670918
323529	0.0007088297521
323530	0.002403940384
323531	0.001095466288
323532	0.0005763045199
323533	0.003088052135
323534	0.002614436034
323535	0.0002398410099
323536	0.0003979564544
323537	0.001686266138
323538	0.002558882587
323539	0.0003037166661
323540	0.002985444479
323541	4.831072799e-05
323542	0.001263870711
323543	0.002078901592
323544	0.002000316122
323545	0.0002937412669
323546	0.001322794427
323547	0.0001411130408
323548	0.001331781719
323549	0.0008027287272
323550	0.0008671223057
323551	0.002304887251
323552	0.000553740786
323553	0.002603720189
323554	0.0001331191337
323555	0.001952150416
323556	0.0009438010685
323557	0.0007331623485
323558	0.001711919366
323559	0.0008027687766
323560	0.0008559389162
323561	0.002877687788
323562	0.0008327746277
323563	0.0005892535126
323564	0.001406766944
323565	0.0002555021848
323566	0.001589113352
323567	4.947785002e-05
323568	0.001076532975
323569	0.0009996488933
323570	0.0009084728057
323571	0.0006447251046
323572	0.0004585813384
323573	0.0007284357777
323574	0.0007121083631
323575	0.002390069448
323576	0.0003621497252
323577	0.001477067933
323578	7.174185621e-05
323579	0.001305823982
323580	0.001356648717
323581	0.0009650014312
323582	1.844419717e-05
323583	0.001974642377
323584	0.001944001441
323585	0.000290814624
323586	0.0007116729826
323587	0.0007054643093
323588	0.0002542199513
323589	0.0001381468533
323590	0.001179997373
323591	0.001185950816
323592	0.002405810008
323593	0.0006426545208
323594	0.0006735796067
323595	0.001865545955
323596	0.001865722334
323597	0.001465683862
323598	0.0006661569618
323599	0.001097651016
323600	0.001334178808
323601	0.0002084351537
323602	0.0004557910643
323603	0.0006253300268
323604	0.0009064285635
323605	0.00128340373
323606	4.437410062e-05
323607	0.002338804024
323608	0.0004398829148
323609	3.54731409e-06
323610	0.005274093263
323611	0.000315059027
323612	0.002647616766
323613	0.002371741222
323614	0.002202945795
323615	0.002677869403
323616	0.0009690712073
323617	0.0003824510137
323618	2.414978019e-05
323619	0.002572911255
323620	0.0007045490836
323621	0.003611274207
323622	0.001595359647
323623	0.002140640836
323624	0.002170199315
323625	0.0008412725768
323626	0.0008059920748
323627	0.0006967983331
323628	1.194814506e-05
323629	0.001364531035
323630	0.003523354982
323631	0.0007050109246
323632	0.005869264171
323633	0.002562899358
323634	0.000405591757
323635	0.001261106841
323636	0.0004780138528
323637	0.0007058623757
323638	0.0007282685123
323639	0.002077367817
323640	0.001698017899
323641	0.0001376367841
323642	0.001457228003
323643	0.002551320637
323644	0.0006453623076
323645	0.0005674118277
323646	0.001459813102
323647	0.001495321527
323648	0.001897643483
323649	0.0004874506885
323650	1.440357482e-05
323651	0.002806021309
323652	0.0005257030326
323653	0.0001253019604
323654	0.0003996415015
323655	5.27335037e-05
323656	0.001117391906
323657	0.0005186169807
323658	0.0005592943753
323659	0.0005064939618
323660	0.000881921309
323661	0.002409278225
323662	0.001363172036
323663	0
323664	0.002817842441
323665	0.001550900745
323666	0.001399218727
323667	0.001745408704
323668	0.00101253238
323669	0.001130748185
323670	0.001986298798
323671	0.000756498244
323672	0.001620168323
323673	0.0008501273026
323674	0.001091399344
323675	0.001541365596
323676	0.0002490691068
323677	0.00235214387
323678	0.001718237931
323679	0.0004530946146
323680	0.0003299000378
323681	0.001617374347
323682	0.002150242503
323683	0.0005366971643
323684	0.0007203064475
323685	0.0009767522632
323686	0.0008539295159
323687	0.0004842580878
323688	9.881816875e-05
323689	0.0009316279901
323690	0.003278979721
323691	0.00140004952
323692	0.00200614208
323693	0.002061126025
323694	4.001613543e-05
323695	0.0004081648888
323696	0.0005725107184
323697	0.0003064909041
323698	0.000246165396
323699	0.0001833113896
323700	0.001700589253
323701	0.00250665974
323702	0.001394822022
323703	0.002934063727
323704	0.0007985456415
323705	7.558281337e-05
323706	0.0001803506495
323707	0.002631185815
323708	0.0003001733675
323709	0.002115118404
323710	0.003063950804
323711	0.003076048674
323712	0.002127903476
323713	0.0002913610753
323714	0.0002796962585
323715	0.002868752523
323716	0.002707667692
323717	0.0009885909465
323718	0.002761915632
323719	0.000813774747
323720	0.002009817604
323721	0.0002006266519
323722	0.001732089149
323723	0.0002438211072
323724	0.0006156648015
323725	0.0007548989954
323726	2.630022968e-05
323727	0.0009660250401
323728	0.0014310224
323729	0.0005540256973
323730	0.001168881463
323731	0.000700266547
323732	0.0006268166013
323733	0.0009773626057
323734	0.002555546247
323735	0.001377749257
323736	5.120858718e-05
323737	0.001240796263
323738	0.001287602515
323739	0.001409944018
323740	0.002729950532
323741	0.001478892307
323742	0.0007985271081
323743	0.0001706938322
323744	0.002255033056
323745	0.002152726572
323746	0.001491402593
323747	0.001598164384
323748	0.001066209573
323749	0.000178999883
323750	0.001160349214
323751	0.0004248845181
323752	0.001126692521
323753	0.003693180725
323754	0.0008200102818
323755	0.001474392641
323756	0.001876040036
323757	0.0001757653808
323758	2.859203598e-05
323759	0.001061853342
323760	0.0004497527278
323761	0.0008887897431
323762	0.0009568394645
323763	0.001115107861
323764	0.001214282299
323765	0.0002623428347
323766	0.00256350719
323767	0.003033268658
323768	0.0007787257105
323769	0.0006329430819
323770	9.060294119e-05
323771	8.914943489e-05
323772	0.001886112041
323773	0.0006453206961
323774	0.0009777140235
323775	0.0004638300509
323776	0.0003058270665
323777	0.001052689528
323778	0.0006894037203
323779	0.0003069839231
323780	0.0001869958108
323781	0.002671097683
323782	0.0009426948485
323783	0.0006036118109
323784	0.002174704736
323785	0.002281947929
323786	0.001979747821
323787	0.0002877266909
323788	0.0002844118569
323789	1.124808108e-05
323790	0.0004588528762
323791	9.370813509e-06
323792	7.892188774e-05
323793	0.0006277951435
323794	0.00087637252
323795	0.003918585424
323796	0.003423169365
323797	0.003399474611
323798	0.0005775014265
323799	0.001097326835
323800	5.409700842e-05
323801	0.001508486572
323802	0.001418742378
323803	0.003879360065
323804	0.0004221838374
323805	4.426229782e-07
323806	5.679585379e-08
323807	0.001566531709
323808	3.330783948e-05
323809	0.0001544023716
323810	0.0002590887019
323811	0.000956338026
323812	3.924732409e-06
323813	6.378912705e-06
323814	5.270245928e-07
323815	6.2935947e-07
323816	4.187396781e-07
323817	3.5792645e-06
323818	3.019156504e-06
323819	7.752465978e-06
323820	3.815336468e-07
323821	9.039824523e-08
323822	1.276919924e-06
323823	2.69012065e-06
323824	3.321884983e-06
323825	3.047839505e-06
323826	3.147835294e-06
323827	5.113673555e-07
323828	9.665309411e-07
323829	3.033790352e-07
323830	1.225343143e-06
323831	3.993611084e-06
323832	2.342079747e-06
323833	4.990360055e-06
323834	5.805311103e-07
323835	4.917724221e-06
323836	7.120767431e-06
323837	5.205058622e-06
323838	4.543668336e-07
323839	7.508528898e-07
323840	4.093418548e-10
323841	3.333858166e-06
323842	4.480220691e-07
323843	3.152454987e-06
323844	8.770975755e-07
323845	1.396454356e-06
323846	4.41446325e-06
323847	6.42662999e-07
323848	1.185344829e-06
323849	1.78915712e-06
323850	2.535858169e-07
323851	1.084749605e-07
323852	1.592549943e-07
323853	4.499664361e-07
323854	4.743440652e-07
323855	3.390865997e-06
323856	3.361481267e-07
323857	6.095869109e-07
323858	1.606394348e-06
323859	1.858401261e-07
323860	1.953499614e-06
323861	1.970531088e-07
323862	6.33166323e-06
323863	2.393415306e-06
323864	1.928573768e-06
323865	5.229165817e-07
323866	9.85455582e-07
323867	3.213314991e-06
323868	2.266308085e-06
323869	2.67605691e-06
323870	4.878084067e-07
323871	1.459397615e-06
323872	4.758571536e-07
323873	3.528901118e-06
323874	4.543763358e-06
323875	4.158684546e-06
323876	3.052473813e-06
323877	8.931933899e-07
323878	3.292507569e-06
323879	3.369741198e-07
323880	2.558927348e-06
323881	5.474184663e-08
323882	1.148102239e-06
323883	1.300471559e-06
323884	3.158492746e-06
323885	2.354798473e-07
323886	1.08198661e-06
323887	4.101581692e-06
323888	3.081390729e-06
323889	1.455713561e-06
323890	2.320545571e-06
323891	1.195410198e-06
323892	2.294040831e-06
323893	8.80679298e-07
323894	2.995144355e-06
323895	2.067515281e-06
323896	2.814428303e-07
323897	2.656510953e-06
323898	6.603999363e-06
323899	4.129796886e-07
323900	4.505461988e-06
323901	2.329424339e-06
323902	4.699715745e-07
323903	1.771906388e-06
323904	4.146767405e-06
323905	3.71186967e-06
323906	7.38803068e-06
323907	7.561823422e-06
323908	6.848466518e-06
323909	1.848884141e-06
323910	3.96101854e-06
323911	8.87243344e-07
323912	2.994622941e-06
323913	3.8610593e-06
323914	6.525317351e-06
323915	4.785363813e-06
323916	6.298223693e-08
323917	4.35940222e-06
323918	3.936784672e-06
323919	5.79938412e-06
323920	4.191561946e-06
323921	5.17544485e-06
323922	4.18439364e-06
323923	0.001004661048
323924	0.007108100756
323925	0.00194031195
323926	0.0003164471466
323927	0.001169090444
323928	0.003440576372
323929	0.0007691530572
323930	0.0009911996527
323931	0.0007292802322
323932	0.0001478906399
323933	0.0008861502475
323934	0.0003824913162
323935	0.0007227165262
323936	0.0005637515811
323937	0.003094595566
323938	0.001863467166
323939	0.001182612875
323940	0.0001409247695
323941	0.001260245285
323942	0.002896050049
323943	0.004429201111
323944	0.0001469781605
323945	0.00350924177
323946	0.002906372262
323947	0.00356538412
323948	0.000332329653
323949	0.0008010299027
323950	8.894046334e-05
323951	0.00025687894
323952	4.418968867e-05
323953	0.000445296717
323954	0.001495349248
323955	0.0007971960365
323956	0.0001790241736
323957	8.710964052e-05
323958	0.001668624976
323959	0.003029036029
323960	5.413268791e-05
323961	0.0008490868762
323962	0.001447281673
323963	0.002516349018
323964	0.001496324691
323965	0.0007394166623
323966	0.0003725590006
323967	0.0007006268908
323968	0.0008871302179
323969	0.0008974244132
323970	0.000550772731
323971	0.0005710460466
323972	0.0006535730467
323973	0.0003017075144
323974	0.001559484109
323975	0.0002499720502
323976	0.001438528509
323977	0.0005740933884
323978	7.030928804e-05
323979	0.0007851298531
323980	0.0002287286453
323981	0.0005967451185
323982	3.225712986e-05
323983	3.997478856e-05
323984	0.0002575383892
323985	5.247970053e-05
323986	0.000776531634
323987	0.0004256417762
323988	0.0001522304556
323989	7.894532293e-05
323990	0.001031803544
323991	0.000257732701
323992	0.00671953564
323993	7.383850652e-05
323994	0.0005337138227
323995	0.003466209499
323996	0.00074688227
323997	0.002570382846
323998	0.002134635044
323999	0.0003111249621
324000	0.0005047610494
324001	0.0003688485076
324002	0.002870254209
324003	0.002523092888
324004	0.0004704541609
324005	0.0001372897642
324006	9.050922329e-05
324007	0.004731992815
324008	0.0005620670223
324009	0.005467123165
324010	0.00345284267
324011	0.001014727368
324012	0.001337120872
324013	0.001818707074
324014	0.0018675888
324015	0.001987535863
324016	0.002317870003
324017	0.001873189229
324018	0.001472006606
324019	0.002279125651
324020	0.0006328918874
324021	0.0001766590627
324022	0.001125002655
324023	0.0003439556402
324024	0.0004137035782
324025	0.001281237413
324026	0.001514722319
324027	0.001447326434
324028	0.0009702396657
324029	0.001890543769
324030	0.001455446797
324031	0.0001438668278
324032	0.008316358067
324033	0.0001985851774
324034	3.675773373e-07
324035	1.688525431e-08
324036	0.001997294323
324037	0.0003185146725
324038	0.0001950931947
324039	0.0001619059063
324040	6.013248275e-06
324041	4.796435472e-07
324042	1.229487703e-06
324043	8.493648218e-07
324044	2.445723049e-06
324045	5.153496459e-06
324046	1.422008843e-06
324047	1.10180302e-06
324048	2.94691539e-06
324049	2.811650654e-07
324050	6.488418323e-06
324051	8.428643647e-06
324052	1.771051174e-07
324053	2.497000126e-06
324054	5.020702341e-06
324055	3.112398191e-06
324056	1.596372844e-06
324057	2.789465879e-06
324058	1.73406441e-07
324059	3.981922983e-07
324060	9.445552537e-06
324061	2.454260702e-06
324062	1.907331975e-06
324063	1.825654121e-06
324064	2.722027201e-06
324065	2.763860235e-06
324066	3.926554277e-06
324067	3.982095311e-06
324068	3.314097125e-06
324069	4.244689693e-06
324070	3.022255789e-06
324071	1.748537488e-06
324072	2.982772244e-06
324073	1.636880399e-06
324074	6.402508197e-07
324075	4.707404135e-08
324076	2.759174758e-06
324077	6.083030246e-06
324078	2.49414627e-06
324079	4.127410831e-06
324080	3.294404971e-06
324081	3.739561666e-06
324082	6.191259782e-07
324083	9.7113353e-08
324084	1.705067093e-06
324085	8.186789792e-07
324086	4.276615075e-06
324087	5.428639029e-07
324088	1.874852833e-06
324089	1.621763412e-06
324090	3.449905911e-06
324091	3.294404971e-06
324092	3.433934356e-06
324093	4.434444686e-06
324094	4.510654926e-06
324095	4.821117663e-07
324096	5.10334923e-07
324097	1.633147609e-06
324098	6.802735023e-07
324099	4.459479087e-07
324100	1.643995109e-06
324101	1.707457347e-06
324102	4.508379196e-06
324103	5.971970772e-07
324104	1.151471985e-06
324105	3.443904706e-06
324106	2.603781694e-06
324107	2.441424976e-06
324108	5.223347318e-06
324109	4.120981456e-06
324110	2.144662928e-06
324111	3.942485072e-06
324112	1.053066592e-06
324113	1.076562858e-06
324114	5.465235941e-07
324115	1.296012683e-06
324116	3.425393611e-06
324117	1.699558731e-06
324118	2.10893167e-06
324119	6.039311323e-06
324120	1.318034833e-06
324121	2.79722074e-06
324122	2.224705858e-06
324123	1.497644053e-06
324124	3.605649176e-06
324125	1.005600931e-06
324126	3.178883523e-06
324127	1.893348642e-06
324128	3.57159603e-06
324129	1.526980054e-06
324130	1.354548233e-06
324131	4.230483977e-06
324132	2.39169511e-06
324133	3.419987584e-06
324134	6.851319703e-07
324135	1.637720337e-06
324136	3.610325564e-06
324137	3.93037057e-06
324138	8.626652574e-07
324139	2.844989865e-06
324140	2.412032943e-06
324141	1.371045412e-06
324142	9.831895971e-07
324143	2.663599533e-07
324144	3.790103579e-06
324145	8.261228005e-06
324146	2.836250635e-06
324147	3.577702677e-06
324148	1.418946103e-06
324149	3.752960933e-07
324150	4.335173266e-07
324151	0.0006951183792
324152	0.008921077801
324153	0.0009596863993
324154	0.000501691353
324155	0.0003847035081
324156	0.009574600199
324157	0.0002165609528
324158	0.0004126066925
324159	0.0004962151005
324160	0.0003265246913
324161	0.0002850854467
324162	0.004757812956
324163	0.001149638112
324164	0.0005051909038
324165	0.00744698798
324166	0.0006053398115
324167	0.001256638834
324168	0.005642179933
324169	7.811576312e-05
324170	0.006392823747
324171	0.001212647171
324172	0.001524953239
324173	0.001878938645
324174	0.002176634965
324175	0.002613210221
324176	0.001048299948
324177	0.0001703014729
324178	0.0009781939602
324179	0.000654454524
324180	7.388929552e-05
324181	0.003181345354
324182	8.289077893e-06
324183	0.0009382233714
324184	0.0008184656697
324185	0.0001202187649
324186	0.0002080184169
324187	0.000102500641
324188	0.0002545802573
324189	0.003791703363
324190	0.0001632370833
324191	0.0004756553361
324192	1.803290838e-05
324193	0.0001572700765
324194	0.0002749683928
324195	0.001941980459
324196	0.005982795731
324197	5.255622004e-05
324198	0.002032348125
324199	0.001329988487
324200	0.004299900499
324201	0.004188950056
324202	0.002552999529
324203	4.0531552e-05
324204	0.002308334567
324205	0.002229276215
324206	0.003048904449
324207	0.0009482939952
324208	0.0004555775589
324209	0.0002150620741
324210	0.0007553680519
324211	0.0003087133746
324212	0.0002693672123
324213	0.0006804760697
324214	0.0008173635187
324215	0.004974046828
324216	0.001542870712
324217	0.0005545988601
324218	0.0003527183201
324219	0.0006958131838
324220	0.00183850664
324221	0.000713096937
324222	0.001182672996
324223	9.861470882e-05
324224	0.000428513351
324225	0.001361850427
324226	9.472304574e-05
324227	0.005167839648
324228	0.00727215822
324229	0.0007796463863
324230	0.0007644211644
324231	0.001137210831
324232	0.002316930893
324233	0.003352347113
324234	0.003642355763
324235	0.003320386679
324236	0.0003916686643
324237	0.000599838088
324238	0.0002837098886
324239	0.00132246447
324240	0.0008270017793
324241	0.000109301223
324242	0.001368064014
324243	0.002555279453
324244	0.001982514017
324245	0.0001753573036
324246	0.002196972072
324247	0.0001639837337
324248	0.0002433634306
324249	0.001881302678
324250	0.001782343824
324251	0.001811269561
324252	0.0001580302648
324253	0.003704453288
324254	0.001257877013
324255	1.770411e-06
324256	0.00644868373
324257	0.003000889058
324258	1.171783018e-07
324259	7.102040152e-08
324260	0.001213006695
324261	4.156403944e-07
324262	1.37625784e-07
324263	1.31528307e-05
324264	1.863503412e-06
324265	2.882985341e-06
324266	1.305248405e-05
324267	8.352718914e-08
324268	3.785959016e-06
324269	2.528314592e-06
324270	1.805296791e-06
324271	8.669664167e-07
324272	1.003205567e-05
324273	4.653312853e-07
324274	2.933940793e-07
324275	1.212160219e-05
324276	1.705958872e-06
324277	9.821633245e-06
324278	7.448531404e-06
324279	7.880077546e-07
324280	1.577774941e-05
324281	9.998533688e-06
324282	2.529191753e-06
324283	6.37188814e-06
324284	7.005604147e-06
324285	3.027372529e-06
324286	4.849108697e-06
324287	4.602152714e-06
324288	5.412864194e-06
324289	5.464192444e-06
324290	2.415256496e-06
324291	7.715691214e-06
324292	2.69131943e-06
324293	6.458573106e-07
324294	7.481410118e-08
324295	1.833943253e-06
324296	5.572872078e-06
324297	3.226581982e-06
324298	1.700790956e-06
324299	2.37517046e-06
324300	3.771186255e-07
324301	5.811721669e-06
324302	3.041260839e-06
324303	8.40701444e-06
324304	6.812140071e-06
324305	3.205946885e-06
324306	1.223323491e-05
324307	1.177406566e-06
324308	4.405830573e-06
324309	3.959782104e-06
324310	5.736074272e-06
324311	3.124290966e-06
324312	8.591421879e-06
324313	3.217920068e-07
324314	8.959542347e-06
324315	3.130548009e-06
324316	3.492813456e-06
324317	2.923892306e-10
324318	5.904393202e-06
324319	6.20909529e-07
324320	5.115011237e-06
324321	1.438302008e-06
324322	1.651807642e-05
324323	4.892213601e-06
324324	5.252907477e-06
324325	2.516568019e-06
324326	4.829964758e-06
324327	2.086885815e-06
324328	1.282989839e-05
324329	8.97204182e-06
324330	5.301114515e-06
324331	6.706486624e-06
324332	1.930459657e-06
324333	3.807734406e-06
324334	6.145530713e-06
324335	1.434976126e-06
324336	1.360145947e-05
324337	3.487937935e-06
324338	5.655302821e-06
324339	7.388650884e-07
324340	1.732785228e-06
324341	3.195428321e-06
324342	1.330828468e-06
324343	5.678196593e-06
324344	1.115240323e-05
324345	5.672575477e-06
324346	8.023638775e-07
324347	2.425692209e-06
324348	5.685433128e-07
324349	9.279635394e-07
324350	1.413732566e-06
324351	1.7546953e-07
324352	4.725447405e-06
324353	1.744878466e-06
324354	9.247667967e-07
324355	1.375700542e-06
324356	4.998839227e-07
324357	2.662460993e-06
324358	2.280307811e-06
324359	1.713381246e-06
324360	1.429861823e-06
324361	1.850004951e-06
324362	3.821954745e-06
324363	9.278118092e-08
324364	4.812809083e-07
324365	1.462552277e-06
324366	1.506369322e-07
324367	1.879621136e-06
324368	2.361269973e-06
324369	7.467619301e-07
324370	5.966123064e-07
324371	4.353715321e-07
324372	0.0006603075964
324373	0.0003696282345
324374	0.0006995254912
324375	0.0004126937584
324376	0.003593513122
324377	0.002769609537
324378	0.003896938909
324379	0.003464939418
324380	0.001066566746
324381	0.001051197493
324382	0.004522562891
324383	0.002233675528
324384	0.000883271474
324385	0.0001583139336
324386	0.002770952417
324387	0.004913297154
324388	0.004495670794
324389	0.0004494340622
324390	0.0001192370462
324391	0.0001879810044
324392	0.0004394730273
324393	7.248806892e-05
324394	0.001001142661
324395	0.0004510686667
324396	0.001998559742
324397	2.281756669e-06
324398	0.0004840054008
324399	0.002215374269
324400	0.0004418282385
324401	0.004786168216
324402	0.002341868147
324403	0.001109808723
324404	0.0003146675219
324405	0.0001867146895
324406	0.000464971399
324407	4.39653799e-05
324408	0.0002766529096
324409	0.00179723988
324410	0.0001406572006
324411	0.0004135875807
324412	0.0004241688546
324413	0.001741028272
324414	0.001218810235
324415	0.0003216150557
324416	0.00121986251
324417	0.0002706638536
324418	0.0002602984869
324419	6.23047946e-05
324420	0.0002391457618
324421	0.007053899
324422	0.003445170551
324423	0.002977079012
324424	0.006280365429
324425	0.001025884291
324426	0.001640618261
324427	0.002595027732
324428	0.001175202842
324429	0.005358059343
324430	0.001884136816
324431	0.0009885309613
324432	0.004443245377
324433	0.0057090574
324434	0.004441693518
324435	0.002173130035
324436	0.0004107306304
324437	0.005465641661
324438	0.00273519329
324439	0.002600125435
324440	0.001135587603
324441	0.000705536536
324442	0.001274307732
324443	0.001053896444
324444	0.002081478536
324445	0.006594375133
324446	0.0004275327311
324447	0.001360107333
324448	0.001996877732
324449	0.001065227926
324450	0.0002360331908
324451	0.001656549911
324452	0.0001532367502
324453	8.027962978e-05
324454	9.570578972e-05
324455	5.874873789e-05
324456	0.002442062976
324457	0.00108853847
324458	0.001636720588
324459	0.001044569618
324460	9.99944436e-05
324461	0.001416414216
324462	0.003069419643
324463	1.570426076e-07
324464	4.882835346e-08
324465	6.568188355e-06
324466	5.991078158e-06
324467	6.132373372e-06
324468	4.059551291e-06
324469	1.557253145e-05
324470	2.447660098e-06
324471	7.000655528e-06
324472	1.111697346e-05
324473	5.904751376e-06
324474	1.12002302e-05
324475	1.339602952e-05
324476	1.407097187e-05
324477	3.973019849e-06
324478	7.888702927e-06
324479	1.247903602e-05
324480	1.235452367e-05
324481	3.313749345e-07
324482	4.575245958e-07
324483	4.345255641e-06
324484	7.940352802e-06
324485	1.066156867e-05
324486	6.903949074e-06
324487	1.519874604e-05
324488	4.148538779e-06
324489	3.872439293e-06
324490	2.414074765e-06
324491	3.352797427e-06
324492	3.841863096e-06
324493	2.78311625e-06
324494	2.274044112e-06
324495	1.764789239e-06
324496	1.843160698e-06
324497	1.334446739e-07
324498	3.910700348e-06
324499	8.644411853e-06
324500	2.521195014e-06
324501	1.098369929e-06
324502	4.134557879e-06
324503	7.683112177e-06
324504	2.596820438e-07
324505	1.763458889e-06
324506	2.71242965e-06
324507	1.709708714e-06
324508	6.245716533e-07
324509	1.521573361e-06
324510	5.967511934e-07
324511	1.862109702e-06
324512	6.780952301e-07
324513	1.191596999e-06
324514	1.786913061e-06
324515	9.994462234e-07
324516	2.659912374e-06
324517	1.369825367e-06
324518	1.346595348e-06
324519	8.346286024e-07
324520	1.825649254e-06
324521	5.658606788e-07
324522	4.563038894e-07
324523	2.417544408e-06
324524	3.498246959e-06
324525	3.678110242e-06
324526	1.229799582e-06
324527	1.932569703e-06
324528	1.034052462e-06
324529	5.138550683e-07
324530	4.523610698e-06
324531	5.567041422e-07
324532	1.738949682e-06
324533	6.011179642e-06
324534	1.794273863e-06
324535	3.581837489e-06
324536	2.789480499e-06
324537	3.141112865e-06
324538	3.427633453e-07
324539	1.448606155e-06
324540	1.416850674e-06
324541	2.524922929e-06
324542	4.561308922e-06
324543	2.251264855e-06
324544	2.970181959e-06
324545	1.118432437e-06
324546	7.538670471e-09
324547	2.719768523e-07
324548	2.013009785e-06
324549	1.38489539e-06
324550	1.261028045e-05
324551	6.613084159e-06
324552	1.62355737e-06
324553	3.10013506e-06
324554	9.938933358e-07
324555	9.024619997e-07
324556	8.661404279e-07
324557	8.150534002e-07
324558	4.369991395e-07
324559	2.05586373e-06
324560	1.66280279e-06
324561	7.711663597e-07
324562	8.095187906e-06
324563	1.035548506e-06
324564	3.014103062e-07
324565	2.219212114e-06
324566	3.765360463e-06
324567	1.158452686e-06
324568	1.415167027e-06
324569	5.929453067e-06
324570	2.186547795e-06
324571	8.839971363e-06
324572	5.048274283e-06
324573	6.117615218e-06
324574	1.987879266e-06
324575	7.102454346e-07
324576	0.0006139276316
324577	0.0001885147146
324578	0.00013631856
324579	0.00193957298
324580	0.004894337876
324581	0.002535123888
324582	0.003888599458
324583	0.003755006745
324584	0.0004010349929
324585	0.005658720156
324586	0.0001799066729
324587	0.00418484765
324588	0.003063457429
324589	0.001532576218
324590	0.003370435433
324591	0.0009323573103
324592	0.005720200768
324593	0.004056568365
324594	0.002504747137
324595	0.004301381587
324596	0.0002186135439
324597	0.002981120029
324598	0.003006605316
324599	0.001631314212
324600	0.001795596049
324601	9.625714203e-05
324602	0.00489168062
324603	0.001362639883
324604	0.001635366274
324605	0.0006131533674
324606	0.004221133696
324607	0.0001518495096
324608	0.0007358688645
324609	0.0002797424343
324610	0.0003571131471
324611	0.0006485290377
324612	0.001025255159
324613	0.000335565108
324614	0.001031606227
324615	8.440843883e-05
324616	0.0004122447292
324617	0.0008909869814
324618	0.002851572329
324619	9.06884786e-05
324620	0.000994150737
324621	0.0008664796574
324622	0.000141689637
324623	0.0005700562148
324624	0.0005732132217
324625	0.0009396230528
324626	0.0009538566729
324627	0.0007741580552
324628	0.0003254701006
324629	0.001457290969
324630	0.0005559725853
324631	0.0002954671252
324632	0.003995739973
324633	0.001838717752
324634	0.0002767242866
324635	0.002327154036
324636	0.001797568999
324637	0.003118084339
324638	0.0007374467858
324639	0.0006866759697
324640	0.0004334468594
324641	0.000262274348
324642	9.516145097e-05
324643	0.0006025209164
324644	7.766646055e-05
324645	0.0006991011683
324646	0.0003530966903
324647	0.0001824936072
324648	1.926023063e-06
324649	0.002310775677
324650	0.000114060047
324651	1.379638383e-05
324652	0.002033409368
324653	0.0003402532912
324654	0.0001364045436
324655	0.0007583348719
324656	0.003650608721
324657	0.0005429507688
324658	0.000482069758
324659	0.003204538508
324660	0.000605938301
324661	0.0004184381248
324662	0.001458238956
324663	0.0003695813317
324664	0.002190582935
324665	0.0005139042689
324666	0.0005600184146
324667	0.0001399561303
324668	0.0002630736814
324669	0.000204627196
324670	0.001181294802
324671	0.001895842697
324672	0.0002837827933
324673	0.000578693335
324674	0.0002670612008
324675	0.001840638686
324676	7.321741866e-05
324677	0.0008881739026
324678	0.004323084601
324679	0.0004610985757
324680	0.002680894887
324681	0.002044179717
324682	0.001175686479
324683	0.001893925848
324684	2.762061572e-06
324685	0.001303524126
324686	0.0001442929217
324687	0.003250186065
324688	0.0009688092566
324689	0.000417262324
324690	5.08288645e-06
324691	0.0003055212291
324692	0.000102430776
324693	0.000183908529
324694	0.001874686339
324695	0.001324673231
324696	0.0001233534531
324697	0.001522299179
324698	0.0005731349492
324699	0.001272226838
324700	0.002383702557
324701	0.003348105344
324702	0.002040975131
324703	0.0001876035604
324704	0.0007283388526
324705	0.004800452331
324706	0.007547118341
324707	0.0007019444122
324708	0.001286999886
324709	7.532627636e-05
324710	0.0002374134004
324711	0.0002525228213
324712	0.0002473710141
324713	0.0001856246006
324714	0.000618539923
324715	0.002478463637
324716	0.0003938617216
324717	4.714681814e-05
324718	0.0006828149572
324719	0.0004805290351
324720	0.0002890058833
324721	0.002032202055
324722	0.0008620114501
324723	0.0003028546952
324724	0.0002460558998
324725	0.0001713341115
324726	0.0002728793394
324727	0.0009944429002
324728	0.0002792407769
324729	0.0003726990632
324730	0.0001041210892
324731	0.0006102525171
324732	0.0002423827208
324733	0.0002452752078
324734	8.84918034e-05
324735	0.00189722347
324736	0.0003403765264
324737	0.0007688435591
324738	7.595985303e-05
324739	0.0005131944461
324740	6.677190576e-05
324741	0.001720784443
324742	0.0002711440874
324743	0.001203181692
324744	0.0008051285529
324745	0.0003081600314
324746	0.001775805589
324747	0.0002902388113
324748	0.0002045599339
324749	0.0001893272516
324750	0.001227720426
324751	0.002350892826
324752	0.001337650063
324753	0.0009494337813
324754	0.0002427580534
324755	0.0001614784058
324756	0.00109687885
324757	0.0006578784174
324758	0.003310053662
324759	0.0002451298663
324760	3.620326177e-05
324761	0.0003438581386
324762	6.482184117e-05
324763	0.0002749528147
324764	0.001796284251
324765	0.0002498975867
324766	0.0001066659493
324767	0.0008569774311
324768	2.593269835e-06
324769	0.0002402594964
324770	0.0001258580446
324771	0.0004432412874
324772	0.0007236320156
324773	0.0002094712103
324774	0.003120597266
324775	0.0003663478634
324776	0.001044409406
324777	0.0005827877905
324778	0.0005722245054
324779	0.00113049267
324780	0.001129002039
324781	0.001325691757
324782	3.971553159e-05
324783	0.0009508609042
324784	0.002110071514
324785	0.0004742490309
324786	0.001772509263
324787	0.0008886773401
324788	0.0001493705681
324789	0.001724069362
324790	0.001506505381
324791	0.0002805500047
324792	0.003324992075
324793	0.0008010218978
324794	0.001102095898
324795	0.001057757393
324796	0.001265669882
324797	0.0005708628977
324798	0.002131583311
324799	0.001886495879
324800	6.023138221e-09
324801	3.428949193e-07
324802	7.543008659e-05
324803	6.961149252e-05
324804	0.002033696984
324805	2.903812451e-05
324806	0.0001590990238
324807	1.790787172e-07
324808	5.433981688e-08
324809	5.274646334e-06
324810	2.752807834e-08
324811	1.85099662e-06
324812	2.087529061e-06
324813	5.549174238e-06
324814	1.413902418e-07
324815	2.698365902e-06
324816	5.78673003e-06
324817	6.676838751e-06
324818	2.272923301e-06
324819	6.953347579e-06
324820	2.524908304e-06
324821	8.49686446e-07
324822	2.313279792e-06
324823	1.76701624e-06
324824	3.172929245e-06
324825	1.422690097e-05
324826	2.63143891e-06
324827	5.526558287e-06
324828	1.277503959e-05
324829	1.202471299e-06
324830	2.331086056e-06
324831	1.785743527e-06
324832	4.374611132e-06
324833	2.056214591e-06
324834	7.106133541e-06
324835	2.35247405e-06
324836	7.268948326e-06
324837	6.501027446e-06
324838	1.089727512e-06
324839	3.945009337e-07
324840	8.525072341e-06
324841	3.147784126e-06
324842	1.254113859e-06
324843	1.654959559e-06
324844	8.325965224e-06
324845	5.074683988e-06
324846	1.163431277e-05
324847	8.190641983e-06
324848	1.07912123e-05
324849	2.089020176e-07
324850	7.286104014e-06
324851	4.155651047e-06
324852	8.974424793e-06
324853	5.690089319e-06
324854	3.724923569e-06
324855	6.525010336e-06
324856	1.071278723e-05
324857	8.244470121e-06
324858	5.602834296e-07
324859	5.520286569e-06
324860	1.118172213e-05
324861	5.331712619e-06
324862	1.485763463e-06
324863	5.493811108e-06
324864	9.925868616e-06
324865	5.425590265e-06
324866	9.765984981e-06
324867	6.409598928e-07
324868	1.146252902e-06
324869	1.822385987e-05
324870	8.801888185e-06
324871	1.167053932e-05
324872	3.63602381e-06
324873	1.97433646e-05
324874	2.801249016e-06
324875	5.781613284e-06
324876	7.362241176e-06
324877	7.133318097e-06
324878	1.378143726e-06
324879	4.83327604e-07
324880	3.610235406e-06
324881	1.180095048e-05
324882	8.436143333e-06
324883	1.026650486e-05
324884	1.217621246e-05
324885	9.656589021e-06
324886	7.254884578e-07
324887	1.134590386e-05
324888	7.376056437e-06
324889	9.04323034e-06
324890	5.058887909e-06
324891	1.025013128e-05
324892	2.782214722e-06
324893	3.511314145e-06
324894	4.320644105e-06
324895	3.953123026e-07
324896	4.849189098e-06
324897	4.724684105e-06
324898	7.228467571e-06
324899	3.343791956e-06
324900	1.475084126e-07
324901	3.414922e-06
324902	3.915785419e-06
324903	4.621654816e-06
324904	2.297556769e-06
324905	7.104057609e-06
324906	4.694188318e-06
324907	3.116053004e-06
324908	8.540378707e-06
324909	8.085478272e-07
324910	5.768251286e-07
324911	4.731262775e-06
324912	8.643744242e-06
324913	3.242568148e-06
324914	1.305792242e-05
324915	2.615021452e-06
324916	3.636842479e-06
324917	3.322001936e-06
324918	4.099089098e-06
324919	3.295913856e-06
324920	0.0008783537009
324921	0.0004084188071
324922	0.0005222033941
324923	0.0002669695316
324924	0.001031927869
324925	9.841305001e-05
324926	0.0002699431233
324927	0.0002012414688
324928	0.0001432809874
324929	0.002004254346
324930	0.0002105549883
324931	0.0003192340587
324932	0.0008342232252
324933	7.315799435e-05
324934	0.000366647659
324935	2.309701625e-05
324936	0.000315940211
324937	0.0001757998846
324938	9.152937635e-05
324939	0.0001535642998
324940	0.001107386308
324941	0.001862071592
324942	0.0001388803167
324943	0.003659249542
324944	0.0002739895583
324945	0.0003806044291
324946	0.0001014359125
324947	0.0002259592565
324948	0.0002069238983
324949	0.0008290767955
324950	0.002549157395
324951	2.28893871e-07
324952	1.327185804e-08
324953	5.648519478e-06
324954	3.428627562e-06
324955	2.423596786e-06
324956	4.773678148e-06
324957	4.71880718e-07
324958	9.169989142e-06
324959	1.063768076e-05
324960	1.133209108e-05
324961	4.224646678e-06
324962	5.097402328e-06
324963	2.445686501e-06
324964	3.79253038e-07
324965	3.19456822e-06
324966	4.76605174e-06
324967	1.156477622e-05
324968	1.321207041e-05
324969	6.983312227e-06
324970	5.804750721e-06
324971	1.251740699e-06
324972	6.590775125e-06
324973	7.559735339e-06
324974	1.31602646e-06
324975	6.905245318e-06
324976	1.086226194e-06
324977	4.836170643e-06
324978	1.24316403e-06
324979	1.148562754e-06
324980	6.352934257e-06
324981	4.218068007e-06
324982	2.963208568e-06
324983	7.224140274e-06
324984	5.001002883e-06
324985	3.393687513e-06
324986	3.521342915e-07
324987	4.165745657e-06
324988	4.773190817e-07
324989	4.586225028e-06
324990	6.068282502e-06
324991	5.707508251e-07
324992	3.061274614e-06
324993	3.67779836e-06
324994	2.258632968e-06
324995	1.037339363e-06
324996	1.526660863e-06
324997	2.123887221e-07
324998	8.794366549e-07
324999	7.198234924e-07
325000	8.268657702e-08
325001	2.009169793e-06
325002	1.947461865e-06
325003	7.005553026e-07
325004	9.006726032e-06
325005	7.887664968e-06
325006	4.875803475e-06
325007	1.323803911e-06
325008	3.514179523e-06
325009	1.048754087e-05
325010	7.931069564e-06
325011	4.40943422e-06
325012	4.677712401e-06
325013	1.906557154e-06
325014	3.285943517e-06
325015	3.048731286e-06
325016	2.377750759e-06
325017	5.409041253e-06
325018	3.784826019e-06
325019	7.580894253e-06
325020	8.322427356e-06
325021	3.411508406e-06
325022	3.829648688e-06
325023	8.377322713e-06
325024	1.383669812e-06
325025	2.827249382e-06
325026	4.983722907e-06
325027	1.128826742e-06
325028	5.540044509e-06
325029	9.111370752e-06
325030	2.321832019e-07
325031	4.299058756e-06
325032	3.290797138e-07
325033	1.005527837e-05
325034	1.483519403e-06
325035	4.973474801e-07
325036	1.473373586e-06
325037	1.72248595e-06
325038	2.184820291e-06
325039	2.054372516e-06
325040	2.323001561e-08
325041	1.768609741e-06
325042	4.470221142e-06
325043	3.127616848e-06
325044	8.342996674e-06
325045	2.51889979e-06
325046	7.376838524e-06
325047	3.549923628e-06
325048	8.611084798e-06
325049	2.348351419e-06
325050	6.361018714e-06
325051	1.517933163e-06
325052	5.61833092e-07
325053	5.149066827e-06
325054	2.817337514e-06
325055	1.620194938e-06
325056	4.179210421e-07
325057	4.573491639e-06
325058	7.475562466e-07
325059	1.185140159e-06
325060	4.345401827e-06
325061	2.956469083e-06
325062	3.43792546e-06
325063	1.754926142e-06
325064	0.001496975157
325065	0.00126022124
325066	0.0001722577871
325067	8.589851531e-05
325068	0.001223217493
325069	0.0007492541765
325070	0.0002523800638
325071	0.0004507699815
325072	0.002100639199
325073	0.001091987327
325074	0.001298378128
325075	0.001011374488
325076	0.001845656126
325077	1.460989276e-07
325078	0.0002530353578
325079	0.003485652487
325080	3.814020694e-07
325081	2.516706893e-08
325082	5.408295676e-06
325083	2.60971468e-06
325084	9.550394664e-06
325085	9.079230338e-06
325086	6.266914695e-07
325087	7.446828295e-06
325088	3.645138918e-06
325089	3.461272391e-06
325090	8.193368462e-06
325091	1.412871797e-06
325092	8.512799492e-08
325093	3.541393291e-06
325094	5.418412207e-06
325095	2.174389438e-06
325096	3.456462651e-06
325097	4.173106439e-06
325098	4.737366322e-06
325099	1.278326292e-05
325100	2.47023956e-06
325101	4.601282871e-06
325102	6.806138862e-06
325103	5.588733933e-06
325104	6.073574678e-07
325105	6.061316425e-06
325106	8.045333762e-06
325107	7.629313267e-06
325108	3.511569985e-06
325109	5.179664955e-06
325110	1.007998493e-07
325111	3.199295117e-06
325112	2.743495596e-06
325113	3.197708923e-06
325114	4.407760289e-06
325115	6.160661654e-06
325116	7.701152345e-06
325117	7.297477801e-06
325118	1.974595225e-06
325119	1.440083371e-05
325120	6.90979681e-07
325121	1.096615377e-05
325122	1.93816401e-06
325123	8.484291885e-07
325124	1.208263452e-05
325125	2.21772095e-06
325126	2.62298899e-07
325127	6.722523962e-06
325128	8.256245932e-06
325129	1.023606024e-05
325130	8.012827854e-06
325131	1.023258816e-05
325132	3.365457708e-06
325133	2.266403116e-06
325134	3.821315709e-06
325135	6.026369063e-06
325136	1.1664714e-07
325137	5.937461999e-06
325138	5.846362025e-06
325139	8.808298712e-06
325140	2.42405729e-06
325141	8.545977891e-06
325142	4.451274569e-07
325143	2.809954752e-06
325144	3.330897763e-06
325145	8.189370092e-06
325146	1.039057129e-06
325147	5.87223082e-06
325148	6.222778881e-06
325149	8.762321123e-06
325150	1.764662545e-06
325151	3.832886851e-06
325152	7.396881531e-06
325153	1.557117185e-05
325154	4.884509221e-06
325155	1.109748593e-07
325156	1.235803267e-06
325157	7.103136569e-07
325158	8.065888482e-07
325159	8.887783672e-07
325160	2.244715462e-07
325161	9.148810732e-07
325162	3.395938885e-06
325163	5.614902459e-06
325164	2.393590739e-06
325165	1.305588303e-06
325166	1.159227522e-06
325167	7.017401898e-06
325168	1.751870683e-06
325169	2.828477392e-06
325170	1.252681173e-06
325171	5.886448061e-07
325172	1.238456623e-06
325173	3.485569615e-06
325174	4.581166755e-06
325175	1.78007125e-06
325176	1.828066308e-06
325177	1.86470219e-06
325178	3.228445939e-06
325179	3.074139566e-06
325180	3.067999476e-07
325181	7.792274248e-06
325182	1.402382468e-06
325183	1.180491235e-06
325184	3.622289008e-06
325185	1.713597439e-06
325186	6.472110535e-06
325187	2.366493926e-06
325188	3.047108566e-06
325189	6.911258668e-07
325190	1.397382687e-06
325191	7.29749976e-07
325192	2.280737299e-06
325193	0.001301219694
325194	0.0006819247086
325195	0.0001022419697
325196	0.001824179771
325197	0.002129512199
325198	0.002311132593
325199	0.00195611866
325200	1.005625901e-10
325201	0.0002923299116
325202	0.002417056824
325203	3.603941823e-07
325204	3.062227062e-08
325205	1.441576728e-06
325206	7.06795533e-06
325207	1.361068421e-06
325208	4.435069112e-06
325209	1.978228113e-06
325210	1.182065726e-05
325211	8.493209643e-07
325212	3.386480191e-07
325213	3.683032061e-06
325214	3.297916698e-06
325215	4.218608876e-07
325216	1.575401505e-06
325217	1.06401953e-06
325218	2.793727396e-06
325219	2.193504129e-06
325220	1.054619333e-06
325221	3.212569417e-06
325222	3.372621149e-06
325223	6.065534081e-07
325224	2.567399212e-06
325225	2.59401358e-06
325226	5.176258665e-06
325227	4.641602807e-06
325228	5.931299973e-06
325229	3.97282249e-06
325230	5.41113181e-06
325231	3.765923756e-08
325232	1.015468939e-05
325233	4.446669494e-06
325234	2.590095604e-07
325235	8.22722669e-06
325236	7.438575647e-07
325237	1.000254668e-05
325238	3.520304991e-06
325239	2.278164315e-06
325240	1.237111658e-06
325241	2.409255287e-06
325242	2.801928812e-07
325243	6.202940582e-06
325244	3.473011665e-06
325245	5.724905146e-06
325246	1.32811658e-06
325247	1.464426647e-06
325248	1.707457347e-06
325249	7.057202832e-06
325250	3.197116851e-06
325251	4.392402778e-06
325252	1.084530359e-06
325253	1.088828421e-06
325254	2.911924174e-06
325255	4.735180975e-07
325256	7.264591788e-06
325257	2.964626669e-06
325258	1.4048005e-05
325259	7.062012593e-06
325260	2.396916618e-06
325261	7.76587184e-06
325262	3.783510281e-06
325263	3.838581069e-07
325264	0
325265	9.068624014e-07
325266	4.499839771e-06
325267	2.704929972e-06
325268	3.515685301e-06
325269	1.168488811e-06
325270	3.07004617e-06
325271	2.007079231e-06
325272	3.903651406e-06
325273	3.85523241e-06
325274	4.812487427e-06
325275	2.312855804e-06
325276	1.954186727e-06
325277	9.844760923e-07
325278	3.489765327e-07
325279	8.628289143e-08
325280	1.787804838e-06
325281	3.280636768e-06
325282	5.479842368e-06
325283	1.375146745e-06
325284	3.089270468e-06
325285	1.463300958e-06
325286	8.649533468e-06
325287	1.412645199e-06
325288	8.517097528e-06
325289	1.420495734e-06
325290	1.410072208e-06
325291	8.498735732e-06
325292	2.944276616e-06
325293	2.265591742e-06
325294	5.779157252e-06
325295	2.93426242e-06
325296	7.159947071e-06
325297	1.014287702e-05
325298	1.867713758e-06
325299	1.920898657e-06
325300	4.958738576e-06
325301	1.273681751e-05
325302	3.877906891e-06
325303	8.610529263e-06
325304	1.478154136e-06
325305	2.082631605e-06
325306	5.629295098e-07
325307	8.977443638e-06
325308	8.020174009e-06
325309	1.596935685e-06
325310	1.358290763e-06
325311	4.011132276e-06
325312	7.934943675e-06
325313	6.074071734e-06
325314	4.399668549e-07
325315	8.297896181e-07
325316	0.001337722354
325317	0.0003980202326
325318	0.006651756651
325319	0.002906254771
325320	0.001683807064
325321	0.002338762478
325322	1.649376773e-07
325323	0.001220060901
325324	0.002720765204
325325	5.162063357e-07
325326	6.122305612e-08
325327	4.018281104e-06
325328	9.066087565e-06
325329	2.438844675e-06
325330	3.873813489e-07
325331	8.433855448e-07
325332	4.688881517e-06
325333	5.138365521e-06
325334	3.008484439e-06
325335	6.837212079e-07
325336	8.901598904e-07
325337	1.482547229e-06
325338	2.213707956e-06
325339	3.432596701e-06
325340	6.723079491e-06
325341	5.07709617e-06
325342	3.658902962e-06
325343	3.583942667e-06
325344	7.241391003e-06
325345	7.32303961e-06
325346	7.839070552e-07
325347	1.518591032e-06
325348	2.121577342e-06
325349	2.738430016e-06
325350	2.604868392e-06
325351	8.786910724e-07
325352	2.399789304e-06
325353	5.207529254e-07
325354	4.166213471e-06
325355	3.043029769e-06
325356	6.455356811e-07
325357	2.344930247e-08
325358	6.567705925e-06
325359	1.773434103e-06
325360	1.730709296e-06
325361	1.788301895e-06
325362	1.780656016e-06
325363	1.179657936e-06
325364	2.228071387e-06
325365	1.57861774e-06
325366	5.424369561e-06
325367	5.369072162e-07
325368	2.502562757e-06
325369	2.326707589e-06
325370	2.228868141e-06
325371	5.719861503e-06
325372	1.617212611e-06
325373	6.089202681e-06
325374	8.479175118e-08
325375	3.541042427e-06
325376	8.733908576e-06
325377	2.01555841e-06
325378	4.013829537e-06
325379	2.526428714e-07
325380	3.153229802e-07
325381	2.678542166e-07
325382	4.484467616e-06
325383	3.738936137e-06
325384	3.153390617e-06
325385	1.164234602e-06
325386	1.886996567e-06
325387	3.744272176e-06
325388	2.259371246e-06
325389	6.33759865e-06
325390	8.088182837e-07
325391	5.517370029e-06
325392	3.315006622e-06
325393	7.202913092e-07
325394	7.08303511e-08
325395	9.853386043e-08
325396	5.043749621e-06
325397	4.270002959e-06
325398	1.050737925e-06
325399	4.174458721e-07
325400	7.868382193e-07
325401	4.222504962e-06
325402	2.463792456e-06
325403	4.887374627e-06
325404	3.269043641e-06
325405	9.671010949e-07
325406	5.173685665e-07
325407	1.48218174e-06
325408	2.713789242e-06
325409	3.794357795e-07
325410	1.105304338e-06
325411	1.540242162e-06
325412	4.133824485e-06
325413	2.799129216e-06
325414	5.313840585e-06
325415	5.577981512e-07
325416	2.188489724e-06
325417	1.478687743e-06
325418	3.04860702e-06
325419	4.096845045e-06
325420	7.352248882e-07
325421	2.224248455e-06
325422	5.788213887e-06
325423	1.353714931e-06
325424	1.619376261e-07
325425	8.159934203e-06
325426	2.609626968e-06
325427	3.597173102e-06
325428	8.362893496e-06
325429	1.318723714e-06
325430	2.1386526e-07
325431	2.558079429e-07
325432	9.742389498e-06
325433	8.387446522e-06
325434	3.717021824e-07
325435	2.547604723e-06
325436	3.673653803e-06
325437	1.091854612e-05
325438	0.0007662203336
325439	0.00487916851
325440	0.003135167303
325441	0.002617558581
325442	0.002918997208
325443	2.630294002e-07
325444	0.00127912171
325445	0.001154011363
325446	7.044269677e-07
325447	7.355684488e-08
325448	3.204711556e-06
325449	7.718388462e-07
325450	4.774323831e-06
325451	2.738722407e-06
325452	3.141636724e-06
325453	7.556874802e-06
325454	4.914998224e-08
325455	4.961413904e-06
325456	7.302638426e-06
325457	1.932696401e-06
325458	5.231139392e-07
325459	3.674742935e-06
325460	5.249515805e-06
325461	1.69458508e-06
325462	1.105267059e-05
325463	3.766449602e-06
325464	1.929626355e-06
325465	2.545082897e-06
325466	9.233748637e-07
325467	6.694981268e-06
325468	7.051866823e-06
325469	6.698774969e-06
325470	4.765245266e-06
325471	5.381951756e-06
325472	7.368958737e-06
325473	3.126461929e-06
325474	1.695396448e-06
325475	2.753400149e-06
325476	4.557929434e-06
325477	2.397530628e-06
325478	1.767162435e-06
325479	5.28230685e-07
325480	3.46246386e-06
325481	1.550914227e-06
325482	7.352906815e-07
325483	7.163126754e-06
325484	5.576570757e-06
325485	2.182510447e-07
325486	1.184270314e-06
325487	3.382708449e-06
325488	8.664108879e-06
325489	1.385307164e-06
325490	3.491928997e-06
325491	3.507030697e-06
325492	9.862749926e-06
325493	4.064638799e-06
325494	7.251156673e-06
325495	4.360708199e-06
325496	1.238224911e-05
325497	1.323950105e-06
325498	3.863784679e-06
325499	7.248956473e-06
325500	1.58585428e-06
325501	2.413034365e-06
325502	2.45028426e-06
325503	3.081303006e-06
325504	4.767021501e-06
325505	6.608128162e-07
325506	1.142488445e-06
325507	5.689051392e-06
325508	1.391140256e-06
325509	6.16124643e-06
325510	1.783550567e-08
325511	4.810016766e-06
325512	6.32760638e-06
325513	1.762608537e-06
325514	9.877208391e-06
325515	2.037509237e-06
325516	8.563915732e-06
325517	1.218759356e-05
325518	3.966338844e-06
325519	5.800881484e-06
325520	2.662548716e-06
325521	1.354782135e-06
325522	1.276108552e-06
325523	3.754951546e-06
325524	2.750059651e-06
325525	4.856228228e-07
325526	3.264211973e-06
325527	7.324633113e-06
325528	1.206455011e-07
325529	3.047459406e-06
325530	4.509079154e-06
325531	3.879573487e-06
325532	4.583330409e-06
325533	4.408754424e-06
325534	0.0007494766707
325535	0.006121051206
325536	0.001046692466
325537	5.838328218e-05
325538	1.499493671e-07
325539	0.0007701786189
325540	0.001907059461
325541	4.33397931e-07
325542	1.499620095e-07
325543	1.053025838e-07
325544	5.964865807e-06
325545	3.93434458e-06
325546	1.776964654e-06
325547	5.746980232e-07
325548	2.911785294e-06
325549	2.424327749e-06
325550	3.096748263e-06
325551	3.082136303e-06
325552	1.3986838e-06
325553	3.562868987e-06
325554	3.533608527e-06
325555	1.970582235e-06
325556	2.621578212e-06
325557	3.158931294e-07
325558	3.236844709e-06
325559	2.417156997e-06
325560	2.49859363e-06
325561	4.434762103e-06
325562	1.093535827e-06
325563	6.071674014e-07
325564	1.624609957e-06
325565	1.745014241e-06
325566	2.586075326e-06
325567	2.392172673e-06
325568	0.001037333066
325569	0.002831390782
325570	0.002620384499
325571	0.0064266035
325572	1.169047959e-07
325573	0.002683419395
325574	0.0008839480807
325575	1.024640092e-07
325576	5.524530344e-05
325577	2.38003137e-06
325578	1.982986682e-06
325579	4.219266791e-06
325580	7.176159823e-07
325581	2.293616876e-07
325582	6.530646075e-06
325583	7.480679172e-07
325584	6.496510127e-07
325585	7.879785174e-07
325586	1.657123209e-06
325587	1.814368045e-06
325588	4.421027301e-06
325589	5.852092798e-08
325590	8.734719907e-07
325591	8.873456827e-07
325592	1.490843665e-06
325593	4.072343201e-07
325594	1.345016462e-06
325595	1.535023087e-06
325596	4.50975166e-07
325597	1.449091032e-06
325598	1.535227761e-06
325599	3.096653241e-07
325600	8.911028317e-07
325601	5.054026951e-07
325602	4.552746904e-06
325603	3.294671221e-06
325604	1.052022956e-05
325605	1.666932738e-06
325606	1.529014565e-06
325607	1.640574248e-07
325608	7.971009412e-06
325609	2.543913353e-06
325610	2.426652221e-07
325611	2.439911884e-06
325612	1.495624161e-06
325613	1.543370687e-06
325614	7.061106171e-08
325615	9.257212564e-07
325616	1.032836631e-06
325617	1.110289506e-06
325618	2.583312285e-06
325619	5.404743169e-07
325620	5.242688608e-06
325621	1.099968308e-06
325622	1.029942016e-06
325623	5.014408785e-08
325624	2.499485406e-06
325625	1.090334212e-06
325626	3.146183321e-06
325627	2.179440412e-07
325628	1.778316934e-06
325629	2.484105936e-06
325630	2.137702394e-06
325631	7.520005011e-07
325632	3.038483174e-06
325633	6.026208251e-07
325634	3.205508302e-06
325635	7.058328536e-07
325636	1.882932416e-06
325637	5.92226533e-08
325638	1.17747966e-06
325639	2.165274328e-06
325640	4.674949324e-07
325641	1.57009471e-06
325642	1.084749648e-06
325643	1.882771602e-06
325644	1.195227455e-06
325645	2.7225608e-06
325646	6.9602333e-07
325647	4.983635193e-06
325648	2.234584273e-06
325649	4.557936739e-06
325650	1.928822296e-06
325651	1.917580081e-06
325652	2.462045458e-06
325653	1.433258366e-06
325654	2.942683117e-06
325655	1.939684412e-07
325656	3.00137947e-06
325657	4.160248807e-06
325658	3.135496635e-06
325659	1.68663951e-06
325660	3.820453172e-07
325661	1.311436013e-06
325662	3.742386286e-06
325663	0.0001884626534
325664	0.001417933648
325665	0.001683217661
325666	0.00151998368
325667	0.001303445514
325668	0.0007734389767
325669	0.000703137895
325670	4.967758721e-05
325671	0.0001843274373
325672	1.357453235e-05
325673	0.002416640215
325674	0.001315029878
325675	0.0009759169614
325676	0.009159239766
325677	0.0009672277749
325678	0.0005810236146
325679	0.004974569055
325680	0.001058942878
325681	0.000194514565
325682	0.001514582456
325683	0.003377782692
325684	0.001105436473
325685	0.004375050574
325686	0.001705331845
325687	0.000136115511
325688	0.002609889088
325689	0.0009662920964
325690	0.0006827128866
325691	0.005861244287
325692	0.0005100535111
325693	0.002145015114
325694	0.001022917932
325695	0.002161689141
325696	0.0009473444644
325697	0.008447980577
325698	0.000284615225
325699	0.006152084598
325700	7.036513982e-05
325701	0.004716554631
325702	0.0003947815666
325703	0.003001677353
325704	0.0004224522308
325705	0.00223726636
325706	0.0004493516256
325707	0.001743375737
325708	0.0002818004637
325709	0.001517138782
325710	0.0009379257886
325711	0.0006996740701
325712	0.005827053605
325713	0.0001569626596
325714	0.0006906389156
325715	0.0005447670606
325716	0.0005859833324
325717	0.0008510990407
325718	0.0002399886173
325719	0.002068195619
325720	0.004230533744
325721	0.001378143417
325722	0.001803144548
325723	0.001845483164
325724	0.002306262153
325725	0.0002569654551
325726	0.0001000207425
325727	0.0008314343488
325728	0.001742590619